"JH378105","4325252","4325404","chr4","20966419","20966571","24","16641167"
"JH378105","5111706","5112001","chr5","139981614","139981913","27","134869908"
"JH378105","37355437","37355744","chr12","50465551","50465858","29","13110114"
"JH378105","45481734","45482040","chr11","106665968","106666260","39","61184234"
"JH378105","47054683","47054990","chr11","108267965","108268273","32","61213282"
"JH378105","48365456","48365645","chr7","55214764","55214948","39","6849308"
"JH378105","69074846","69075155","chrX","11623333","11623644","28","57451513"
"JH378105","36197","36502","chr5","145406501","145406803","17","145370304"
"JH378105","59240","59433","chr1","146132409","146132601","34","146073169"
"JH378105","106763","107030","chr10","128483118","128483369","54","128376355"
"JH378105","123818","124094","chr5","145319955","145320239","28","145196137"
"JH378105","158808","159096","chr5","145285884","145286170","12","145127076"
"JH378105","167135","167437","chr5","145279412","145279715","22","145112277"
"JH378105","211204","211480","chr11","20322648","20322923","42","20111444"
"JH378105","237569","237874","chr5","145193485","145193768","48","144955916"
"JH378105","251656","251949","chr5","145177911","145178203","21","144926255"
"JH378105","274650","274934","chr5","145152333","145152636","36","144877683"
"JH378105","277427","277720","chr5","145149579","145149858","29","144872152"
"JH378105","279256","279545","chr5","145147766","145148062","21","144868510"
"JH378105","302200","302481","chr5","145123546","145123831","22","144821346"
"JH378105","340080","340394","chr5","145087133","145087435","27","144747053"
"JH378105","341084","341383","chr5","145085821","145086117","26","144744737"
"JH378105","351137","351435","chr5","145069285","145069569","38","144718148"
"JH378105","400186","400511","chr5","145011359","145011653","49","144611173"
"JH378105","404745","405075","chr6","105561199","105561535","56","105156454"
"JH378105","428125","428430","chr5","144983701","144983991","36","144555576"
"JH378105","471165","471456","chr22","3045534","3045822","40","2574369"
"JH378105","484482","484786","chr5","144923173","144923463","37","144438691"
"JH378105","485711","485808","chr9","86703474","86703568","15","86217763"
"JH378105","503289","503454","chr22","35662024","35662183","29","35158735"
"JH378105","509005","509298","chr5","144903573","144903861","20","144394568"
"JH378105","543911","544263","chr1","194421013","194421359","68","193877102"
"JH378105","577391","577696","chr2","78732405","78732702","50","78155014"
"JH378105","603462","603589","chr14","45596516","45596646","18","44993054"
"JH378105","603646","603821","chr14","97161132","97161304","30","96557486"
"JH378105","616906","617213","chr5","144790816","144791092","46","144173910"
"JH378105","665999","666259","chr5","144734175","144734434","15","144068176"
"JH378105","667776","668074","chr5","144732361","144732653","28","144064585"
"JH378105","676346","676651","chr5","144725254","144725553","30","144048908"
"JH378105","707044","707330","chr5","144685313","144685604","21","143978269"
"JH378105","708122","708427","chr2","146666305","146666613","45","145958183"
"JH378105","796238","796550","chr5","144591708","144592003","39","143795470"
"JH378105","808137","808444","chr5","144579897","144580194","23","143771760"
"JH378105","809484","809795","chr5","144578601","144578914","27","143769117"
"JH378105","911005","911155","chr5","12866096","12866252","29","11955091"
"JH378105","947717","948025","chr16","93706754","93707060","40","92759037"
"JH378105","972526","972825","chr5","144402172","144402473","25","143429646"
"JH378105","1021595","1021908","chr18","10906825","10907136","42","9885230"
"JH378105","1069570","1069877","chr5","144305682","144305981","31","143236112"
"JH378105","1095173","1095389","chr5","144279186","144279404","14","143184013"
"JH378105","1102217","1102401","chr5","144271387","144271573","22","143169170"
"JH378105","1102711","1102847","chr5","144270969","144271097","12","143168258"
"JH378105","1221422","1221713","chr5","144147445","144147739","24","142926023"
"JH378105","1320484","1320787","chr1","167621063","167621369","60","166300579"
"JH378105","1327914","1328253","chr5","144027023","144027343","62","142699109"
"JH378105","1330904","1331190","chr5","144024377","144024652","28","142693473"
"JH378105","1397151","1397478","chr8","124190451","124190778","51","122793300"
"JH378105","1400239","1400534","chr5","143954478","143954769","22","142554239"
"JH378105","1426005","1426129","chr8","107103370","107103493","19","105677365"
"JH378105","1426155","1426330","chr7","47346729","47346898","28","45920574"
"JH378105","1430297","1430542","chr12","55150721","55150964","43","53720424"
"JH378105","1439438","1439567","chr1","194772737","194772864","7","193333299"
"JH378105","1449974","1450081","chr4","127610177","127610284","9","126160203"
"JH378105","1451154","1451283","chr6","26027720","26027849","8","24576566"
"JH378105","1475369","1475485","chr5","143882347","143882463","9","142406978"
"JH378105","1479209","1479513","chr22","6475349","6475647","39","4996140"
"JH378105","1480441","1480565","chr7","12628160","12628282","23","11147719"
"JH378105","1480587","1480751","chr1","206535827","206535988","25","205055240"
"JH378105","1481963","1482246","chr2","186340875","186341151","49","184858912"
"JH378105","1495025","1495220","chr5","6387319","6387511","33","4892294"
"JH378105","1529804","1530097","chr5","143824515","143824818","34","142294711"
"JH378105","1539630","1539940","chr5","143814736","143815048","19","142275106"
"JH378105","1558525","1558821","chr5","143796608","143796902","25","142238083"
"JH378105","1561662","1561944","chr7","149093581","149093862","59","147531919"
"JH378105","1613430","1613726","chr5","143744588","143744868","36","142131158"
"JH378105","1617808","1618114","chr5","143740550","143740857","36","142122742"
"JH378105","1626665","1626965","chr1","66305054","66305352","48","64678389"
"JH378105","1638194","1638494","chr5","143720289","143720591","19","142082095"
"JH378105","1658157","1658470","chr5","143699954","143700262","27","142041797"
"JH378105","1678403","1678538","chr12","10966484","10966618","24","9288081"
"JH378105","1678560","1678714","chr2","31556924","31557077","28","29878364"
"JH378105","1704535","1704668","chr5","143648989","143649122","7","141944454"
"JH378105","1704950","1705129","chr5","143648542","143648714","24","141943592"
"JH378105","1728708","1729016","chr5","143625574","143625876","16","141896866"
"JH378105","1746175","1746480","chr11","123172530","123172830","42","121426355"
"JH378105","1754512","1754752","chr5","143607793","143608033","11","141853281"
"JH378105","1777879","1778183","chr5","143583712","143584025","22","141805833"
"JH378105","1785665","1785799","chr14","79788142","79788277","18","78002477"
"JH378105","1786691","1786813","chr5","143575187","143575308","10","141788496"
"JH378105","1792437","1792767","chr8","94690274","94690595","53","92897837"
"JH378105","1813818","1813952","chr1","202786438","202786569","17","200972620"
"JH378105","1813960","1814264","chr20","12333419","12333726","44","10519459"
"JH378105","1834296","1834610","chr5","60671568","60671876","55","58837272"
"JH378105","1835565","1835841","chr6","85285114","85285395","45","83449549"
"JH378105","1838237","1838369","chr10","98498803","98498934","13","96660566"
"JH378105","1838398","1838524","chr5","143522268","143522393","9","141683870"
"JH378105","1838830","1839010","chr5","143521777","143521962","13","141682947"
"JH378105","1841781","1842068","chr5","143518965","143519260","27","141677184"
"JH378105","1889745","1890056","chr5","143468875","143469210","51","141579130"
"JH378105","1891811","1892113","chr5","143466988","143467282","37","141575177"
"JH378105","1897350","1897640","chr2","14510189","14510482","48","12612839"
"JH378105","1907140","1907437","chr11","129854718","129855014","39","127947578"
"JH378105","1908988","1909276","chr5","143447940","143448229","33","141538952"
"JH378105","1911064","1911355","chr5","143445879","143446175","36","141534815"
"JH378105","1912985","1913077","chr22","28723713","28723806","22","26810728"
"JH378105","1913078","1913398","chrX","45652456","45652781","59","43739378"
"JH378105","1913399","1913546","chr5","143443694","143443832","20","141530295"
"JH378105","1967680","1967691","chr2","9649890","9649902","2","7682210"
"JH378105","1968257","1968356","chr1","204449952","204450054","8","202481695"
"JH378105","1995897","1995933","chr2","13595897","13595924","10","11600000"
"JH378105","2006143","2006155","chrX","1340110","1340122","0","666033"
"JH378105","2006185","2006467","chr5","143343990","143344272","9","141337805"
"JH378105","2066003","2066310","chr5","143277249","143277555","39","141211246"
"JH378105","2083124","2083434","chr5","143260222","143260522","32","141177098"
"JH378105","2083819","2084041","chr3","52482516","52482751","50","50398697"
"JH378105","2107589","2107887","chr5","143235223","143235521","39","141127634"
"JH378105","2130838","2131130","chr5","143210772","143211072","24","141079934"
"JH378105","2147217","2147321","chr3","33472986","33473091","17","31325769"
"JH378105","2159431","2159735","chr5","143179674","143179980","49","141020243"
"JH378105","2162019","2162313","chr3","174483820","174484116","40","172321801"
"JH378105","2208278","2208592","chr2","7018451","7018767","40","4810173"
"JH378105","2215476","2215741","chr5","143117229","143117494","43","140901753"
"JH378105","2263477","2263704","chr5","128207505","128207720","58","125944028"
"JH378105","2263984","2264118","chr20","38296032","38296166","12","36032048"
"JH378105","2273520","2273817","chr5","143043907","143044210","41","140770387"
"JH378105","2274768","2274868","chr1","199937313","199937411","16","197662545"
"JH378105","2284985","2285227","chr5","143032894","143033132","22","140747909"
"JH378105","2302331","2302623","chr5","143017574","143017881","41","140715243"
"JH378105","2345038","2345316","chr5","127086572","127086842","30","124741534"
"JH378105","2359473","2359766","chr5","127101276","127101575","34","124741803"
"JH378105","2433498","2433769","chr17","38439522","38439808","50","36006024"
"JH378105","2546833","2547156","chr5","142787854","142788169","31","140241021"
"JH378105","2559752","2560078","chr5","142772024","142772314","51","140212272"
"JH378105","2622188","2622494","chr5","142685638","142685946","26","140063450"
"JH378105","2623212","2623501","chr12","80151638","80151927","40","77528426"
"JH378105","2644073","2644299","chr3","110782207","110782433","40","108138134"
"JH378105","2676189","2676489","chr5","142635268","142635565","19","139959079"
"JH378105","2681355","2681651","chr5","142630293","142630593","22","139948938"
"JH378105","2691287","2691392","chr15","23682024","23682128","12","20990737"
"JH378105","2764763","2765011","chr1","198773730","198773976","39","196008967"
"JH378105","2787769","2788050","chr5","142520183","142520472","28","139732414"
"JH378105","2838431","2838737","chr2","31059426","31059736","39","28220995"
"JH378105","2856302","2856548","chr5","142451416","142451660","14","139595114"
"JH378105","2860107","2860418","chr5","142447556","142447861","30","139587449"
"JH378105","2891222","2891269","chr7","89003778","89003825","9","86112556"
"JH378105","2946494","2946796","chr5","142361361","142361642","41","139414867"
"JH378105","2956692","2956988","chr5","142349780","142350076","25","139393088"
"JH378105","2974315","2974455","chr5","52373947","52374085","22","49399632"
"JH378105","2992272","2992577","chr5","142301703","142302006","24","139309431"
"JH378105","3017719","3018013","chr5","142272185","142272475","21","139254466"
"JH378105","3124492","3124749","chr5","142126553","142126810","12","139002061"
"JH378105","3129724","3129919","chr5","142121073","142121263","23","138991349"
"JH378105","3149324","3149611","chr5","142101057","142101345","40","138951733"
"JH378105","3188995","3189290","chr5","134398370","134398666","45","131209375"
"JH378105","3295582","3295893","chr1","180167773","180168077","50","176872191"
"JH378105","3306533","3306843","chr5","141912264","141912571","49","138605731"
"JH378105","3385655","3385758","chr17","51275049","51275152","18","47889394"
"JH378105","3385787","3385913","chrX","51813195","51813318","15","48427408"
"JH378105","3387641","3387930","chr5","141816717","141817022","35","138429076"
"JH378105","3400434","3400687","chr11","63032660","63032930","52","59632226"
"JH378105","3413472","3413747","chr5","141789911","141790209","54","138376439"
"JH378105","3446173","3446299","chr22","32112802","32112931","22","28666629"
"JH378105","3479692","3479984","chr5","141719793","141720085","39","138240101"
"JH378105","3504021","3504165","chr16","46505880","46506016","21","43001859"
"JH378105","3515498","3515774","chr5","141675787","141676075","37","138160289"
"JH378105","3523179","3523328","chr5","141657645","141657802","24","138134466"
"JH378105","3543323","3543641","chr5","141637850","141638158","52","138094527"
"JH378105","3545570","3545862","chr5","141635612","141635921","38","138090042"
"JH378105","3547852","3548156","chr5","141633346","141633651","14","138085494"
"JH378105","3553155","3553280","chr1","75993202","75993326","15","72440047"
"JH378105","3553330","3553486","chrX","87055924","87056089","26","83502594"
"JH378105","3576010","3576310","chr5","141605044","141605360","34","138029034"
"JH378105","3587052","3587332","chr5","141592675","141592956","24","138005623"
"JH378105","3587474","3587780","chr5","141592255","141592533","67","138004781"
"JH378105","3597393","3597700","chr5","141582753","141583059","20","137985360"
"JH378105","3598114","3598416","chr5","141582037","141582335","22","137983923"
"JH378105","3630813","3630939","chrUn_GL286467","6620","6731","26","3624193"
"JH378105","3676692","3676863","chr5","141503828","141503987","20","137827136"
"JH378105","3677157","3677302","chr5","141503389","141503523","23","137826232"
"JH378105","3688796","3689102","chr5","141492129","141492436","30","137803333"
"JH378105","3728529","3728834","chr7","28684516","28684818","41","24955987"
"JH378105","3737133","3737444","chr5","141442633","141442940","20","137705500"
"JH378105","3791038","3791319","chr5","141390000","141390301","39","137598962"
"JH378105","3803391","3803633","chr5","141377850","141378092","16","137574459"
"JH378105","3814343","3814636","chr5","141366876","141367173","26","137552533"
"JH378105","3820526","3820838","chr5","141360701","141361006","31","137540175"
"JH378105","3861385","3861659","chr5","141317923","141318199","42","137456538"
"JH378105","3871994","3872284","chr5","141308094","141308384","28","137436100"
"JH378105","3893974","3894266","chr2","18546623","18546917","43","14652649"
"JH378105","3906445","3906549","chr10","92667903","92668006","16","88761458"
"JH378105","3920609","3920907","chr5","141270849","141271146","32","137350240"
"JH378105","3949224","3949499","chr4","32618054","32618320","57","28668830"
"JH378105","3955747","3956056","chr5","141236263","141236573","25","137280516"
"JH378105","3971387","3971706","chrX","63113956","63114285","61","59142569"
"JH378105","4007899","4008198","chr21","36453439","36453739","46","32445540"
"JH378105","4012002","4012122","chr5","141183954","141184071","16","137171952"
"JH378105","4012153","4012330","chr5","141183752","141183926","14","137171599"
"JH378105","4021578","4021883","chr5","141174718","141175004","36","137153140"
"JH378105","4022092","4022377","chr5","141174192","141174499","32","137152100"
"JH378105","4048518","4048813","chrUn_GL286465","65101","65389","45","3983417"
"JH378105","4056421","4056698","chr3","14318850","14319121","47","10262429"
"JH378105","4059355","4059654","chr12","11034950","11035252","52","6975595"
"JH378105","4063910","4064039","chr1","194772737","194772864","5","190708827"
"JH378105","4075764","4076062","chr5","141120691","141120983","23","137044927"
"JH378105","4082564","4082685","chr3","65659884","65660007","18","61577320"
"JH378105","4082715","4082876","chr8","14842907","14843060","31","10760192"
"JH378105","4086267","4086407","chr5","141109941","141110082","7","137023674"
"JH378105","4086408","4086698","chr7","150520087","150520379","43","146433679"
"JH378105","4086699","4086830","chr5","141109525","141109651","14","137022826"
"JH378105","4103657","4103953","chr5","141093909","141094196","32","136990252"
"JH378105","4103965","4104083","chr4","35097377","35097496","18","30993412"
"JH378105","4104113","4104236","chrX","111839401","111839530","35","107735288"
"JH378105","4109661","4109919","chrX","1340169","1340430","44","2769492"
"JH378105","4113667","4113968","chr5","108579775","108580074","41","104466108"
"JH378105","4132519","4132811","chr11","77863588","77863874","52","73731069"
"JH378105","4144646","4144867","chr5","141043084","141043305","18","136898438"
"JH378105","4147320","4147615","chr2","145437197","145437492","46","141289877"
"JH378105","4150472","4150649","chr5","141035884","141036043","27","136885412"
"JH378105","4150935","4151075","chr7","70456547","70456688","24","66305612"
"JH378105","4172054","4172362","chr5","141015541","141015816","51","136843487"
"JH378105","4174163","4174294","chr2","47383613","47383743","11","43209450"
"JH378105","4174370","4174385","chr3","47468026","47468040","2","43293656"
"JH378105","4174414","4174529","chr1","137960220","137960334","6","133785806"
"JH378105","4178484","4178599","chr11","64887460","64887576","5","60708976"
"JH378105","4188467","4188706","chr5","10453557","10453801","33","6265090"
"JH378105","4190752","4191029","chr5","140996972","140997265","36","136806220"
"JH378105","4205732","4205850","chr10","15068852","15068967","21","10863120"
"JH378105","4238677","4238831","chr9","112445423","112445579","30","108206746"
"JH378105","4268416","4268571","chr5","140920939","140921092","14","136652523"
"JH378105","4278353","4278635","chr18","32070306","32070585","41","27791953"
"JH378105","4279628","4279782","chr7","56871369","56871523","26","52591741"
"JH378105","4279820","4279861","chr12","27608567","27608610","5","23328747"
"JH378105","4288414","4288630","chr5","140898731","140898951","21","136610317"
"JH378105","4301509","4301683","chr14","42797338","42797511","27","38495829"
"JH378105","4312808","4313110","chr8","94331822","94332118","50","90019014"
"JH378105","4316257","4316385","chr5","64780813","64780943","18","60464556"
"JH378105","4316412","4316583","chr16","7110467","7110640","23","2794055"
"JH378105","4325702","4325838","chr1","177939643","177939778","12","173613941"
"JH378105","4329221","4329504","chr5","140850223","140850506","20","136521002"
"JH378105","4356479","4356772","chr5","140821630","140821928","32","136465151"
"JH378105","4365175","4365309","chr1","141401408","141401540","16","137036233"
"JH378105","4365606","4365780","chr1","61060975","61061143","27","56695369"
"JH378105","4397071","4397341","chr5","77002388","77002661","42","72605317"
"JH378105","4444287","4444386","chr5","140731972","140732066","13","136287685"
"JH378105","4451395","4451514","chr12","68126302","68126421","12","63674907"
"JH378105","4475873","4476182","chr5","140697436","140697746","29","136221563"
"JH378105","4478777","4479076","chr3","182067196","182067499","48","177588419"
"JH378105","4503846","4504021","chr7","44470069","44470240","30","39966223"
"JH378105","4504318","4504451","chr5","92250999","92251132","15","87746681"
"JH378105","4507645","4507959","chr5","140663532","140663841","42","136155887"
"JH378105","4592829","4593120","chr5","140579188","140579471","32","135986359"
"JH378105","4628891","4629197","chr1","74311880","74312186","47","69682989"
"JH378105","4689112","4689404","chr5","140473843","140474134","30","135784731"
"JH378105","4722397","4722473","chr14","75553802","75553869","21","70831405"
"JH378105","4739356","4739422","chr1","75313370","75313430","21","70574014"
"JH378105","4747219","4747535","chr15","42248925","42249230","45","37501706"
"JH378105","4748034","4748341","chr9","108690798","108691100","54","103942764"
"JH378105","4749806","4749883","chr9","72079162","72079237","16","67329356"
"JH378105","4754439","4754742","chr5","140404732","140405016","45","135650293"
"JH378105","4756233","4756328","chr7","48841012","48841112","19","44084779"
"JH378105","4761013","4761307","chr5","140398124","140398424","29","135637111"
"JH378105","4764062","4764196","chr5","140394561","140394695","5","135630499"
"JH378105","4764508","4764690","chr8","27654962","27655146","35","22890454"
"JH378105","4786773","4787002","chr5","140371474","140371702","18","135584701"
"JH378105","4796428","4796731","chr5","140361882","140362180","21","135565454"
"JH378105","4813665","4813837","chr7","4357423","4357597","26","456242"
"JH378105","4826569","4826819","chr5","140329489","140329747","32","135502920"
"JH378105","4829113","4829426","chr5","140325742","140326060","24","135496629"
"JH378105","4852009","4852249","chr5","140302537","140302773","30","135450528"
"JH378105","4859913","4860223","chr5","140294866","140295177","21","135434953"
"JH378105","4864138","4864415","chr5","140286313","140286583","36","135422175"
"JH378105","4885710","4885897","chr5","9161595","9161782","28","4275885"
"JH378105","4891032","4891182","chr4","34304770","34304921","26","29413738"
"JH378105","4891480","4891599","chr7","71898216","71898339","25","67006736"
"JH378105","4933763","4934052","chr5","140169514","140169803","16","135235751"
"JH378105","4943306","4943475","chr5","140153690","140153859","9","135210384"
"JH378105","4943781","4943949","chr5","140153250","140153390","37","135209469"
"JH378105","4944283","4944399","chr5","62067665","62067782","8","57123382"
"JH378105","4951045","4951173","chr5","140144793","140144921","8","135193748"
"JH378105","4953912","4954217","chr1","198787322","198787622","46","193833410"
"JH378105","4958488","4958766","chr1","169181822","169182099","50","164223334"
"JH378105","4959435","4959715","chr5","140137117","140137395","18","135177682"
"JH378105","4965979","4966273","chr5","140131135","140131433","20","135165156"
"JH378105","4967347","4967663","chr5","140129811","140130108","36","135162464"
"JH378105","4970128","4970370","chr5","140127072","140127316","26","135156944"
"JH378105","5003269","5003601","chr9","11742635","11742945","69","6739366"
"JH378105","5005330","5005638","chr5","140090099","140090400","28","135084769"
"JH378105","5024292","5024407","chr14","82732874","82732988","13","77708582"
"JH378105","5047432","5047741","chr5","60671568","60671876","51","55624136"
"JH378105","5060449","5060750","chr10","87681273","87681568","46","82620824"
"JH378105","5099658","5099958","chr5","139993345","139993648","20","134893687"
"JH378105","5100637","5100945","chr5","139992386","139992663","54","134891749"
"JH378105","5117307","5117626","chr5","139976017","139976315","46","134858710"
"JH378105","5121215","5121379","chr5","139971958","139972123","10","134850743"
"JH378105","5124745","5125043","chr5","139967390","139967689","34","134842645"
"JH378105","5146229","5146522","chr10","129957723","129958014","41","124811494"
"JH378105","5157012","5157184","chr5","139925886","139926060","11","134768874"
"JH378105","5157758","5157890","chr1","206288179","206288308","15","201130421"
"JH378105","5191470","5191686","chr5","139886549","139886764","16","134695079"
"JH378105","5206724","5206965","chr6","112654602","112654836","44","107447878"
"JH378105","5239372","5239660","chr5","95163972","95164259","47","89924600"
"JH378105","5284606","5284640","chr9","1961024","1961056","8","3323582"
"JH378105","5284661","5284819","chr10","103445177","103445327","28","98160516"
"JH378105","5299000","5299313","chr5","139751109","139751424","36","134452109"
"JH378105","5301550","5301846","chr5","139748551","139748847","26","134447001"
"JH378105","5317145","5317452","chr5","139733479","139733771","33","134416334"
"JH378105","5329371","5329647","chr5","139721998","139722274","29","134392627"
"JH378105","5335584","5335866","chr5","139716179","139716461","17","134380595"
"JH378105","5382096","5382388","chr5","139669148","139669447","27","134287052"
"JH378105","5416439","5416569","chr18","26832068","26832186","25","21415629"
"JH378105","5448168","5448405","chr5","139602504","139602732","25","134154336"
"JH378105","5452273","5452480","chr12","49238382","49238588","35","43786109"
"JH378105","5513014","5513218","chr5","139535285","139535509","33","134022271"
"JH378105","5518227","5518504","chr5","139530033","139530323","35","134011806"
"JH378105","5538471","5538769","chr6","141443049","141443352","59","135904578"
"JH378105","5545423","5545510","chr5","139504407","139504497","14","133958984"
"JH378105","5545680","5545854","chr4","44802033","44802200","32","39256353"
"JH378105","5586884","5587178","chr5","139462881","139463171","27","133875997"
"JH378105","5588412","5588526","chr8","46940133","46940245","13","41351721"
"JH378105","5590394","5590699","chr5","139458339","139458648","32","133867945"
"JH378105","5603832","5604153","chr2","1798406","1798716","61","3805426"
"JH378105","5619789","5620099","chr5","139419390","139419680","43","133799601"
"JH378105","5634731","5634880","chr22","3879396","3879545","28","1755335"
"JH378105","5637296","5637573","chr5","139404060","139404335","13","133766764"
"JH378105","5686038","5686348","chr11","113726933","113727244","37","108040895"
"JH378105","5698043","5698200","chr5","139329025","139329180","13","133630982"
"JH378105","5698495","5698637","chr5","139328593","139328733","11","133630098"
"JH378105","5706503","5706785","chr5","139320668","139320951","13","133614165"
"JH378105","5725973","5726265","chr5","139300059","139300344","24","133574086"
"JH378105","5734178","5734462","chr5","139291540","139291840","42","133557362"
"JH378105","5750837","5751057","chr3","165313982","165314192","53","159563145"
"JH378105","5810854","5811154","chr5","139210550","139210848","24","133399696"
"JH378105","5812072","5812350","chr1","138979641","138979915","47","133167569"
"JH378105","5828783","5829071","chr5","139190068","139190363","39","133361285"
"JH378105","5847058","5847233","chr12","2068337","2068512","25","3778721"
"JH378105","5847279","5847405","chr14","53200698","53200821","24","47353419"
"JH378105","5854715","5854996","chr20","11462707","11462983","49","5607992"
"JH378105","5856994","5857286","chr5","139159898","139160177","29","133302904"
"JH378105","5868974","5869090","chrX","10730420","10730536","5","4861446"
"JH378105","5901454","5901710","chr22","16590794","16591055","34","10689340"
"JH378105","5915132","5915374","chr5","139089782","139090050","44","133174650"
"JH378105","5926831","5927087","chrX","139222381","139222643","35","133295550"
"JH378105","5943526","5943755","chr5","139060703","139060923","23","133117177"
"JH378105","5951014","5951323","chr5","139052054","139052363","18","133101040"
"JH378105","5960616","5960750","chrX","124497853","124497985","9","118537237"
"JH378105","5961769","5961901","chr1","206288179","206288308","14","200326410"
"JH378105","5961908","5962200","chr7","148842330","148842613","62","142880422"
"JH378105","5974655","5974953","chr10","55292667","55292963","45","49318012"
"JH378105","5984743","5984895","chr10","98315073","98315230","26","92330330"
"JH378105","5984939","5985060","chr13","97774517","97774636","12","91789578"
"JH378105","5990742","5991028","chr12","110247573","110247859","47","104256831"
"JH378105","6013800","6014101","chr5","138993255","138993557","22","132979455"
"JH378105","6075415","6075665","chr12","22171198","22171465","44","16095783"
"JH378105","6087516","6087811","chr5","138918789","138919085","19","132831273"
"JH378105","6089741","6089880","chr5","138916713","138916852","11","132826972"
"JH378105","6164317","6164612","chr5","138842302","138842609","37","132677985"
"JH378105","6190993","6191290","chr5","138813860","138814162","32","132622867"
"JH378105","6237987","6238268","chr5","138759281","138759542","30","132521294"
"JH378105","6240426","6240778","chr11","82191329","82191664","61","75950903"
"JH378105","6250460","6250738","chr6","85152193","85152469","44","78901733"
"JH378105","6262121","6262295","chr12","11239371","11239548","27","4977250"
"JH378105","6262331","6262452","chr3","115803586","115803707","13","109541255"
"JH378105","6346695","6346820","chr5","138653651","138653776","7","132306956"
"JH378105","6347134","6347299","chr5","138653185","138653349","30","132306051"
"JH378105","6348546","6348632","chr19","17864539","17864623","19","11515993"
"JH378105","6380589","6380904","chr5","138623312","138623622","30","132242723"
"JH378105","6390646","6390745","chr7","50220137","50220236","14","43829491"
"JH378105","6419395","6419681","chr5","138583378","138583668","19","132163983"
"JH378105","6489130","6489412","chr3","1531335","1531617","40","4957795"
"JH378105","6517214","6517520","chr10","107068924","107069229","49","100551710"
"JH378105","6530923","6530997","chr16","32472389","32472466","12","25941466"
"JH378105","6546033","6546165","chr1","194609880","194610010","20","188063847"
"JH378105","6550913","6551204","chr5","138444019","138444310","19","131893106"
"JH378105","6560701","6560984","chr5","138435291","138435574","20","131874590"
"JH378105","6574542","6574559","chr2","179869417","179869433","3","173294875"
"JH378105","6574580","6574855","chr1","107363866","107364150","50","100789286"
"JH378105","6615567","6615864","chr2","145437197","145437492","48","138821630"
"JH378105","6634112","6634408","chr5","138358205","138358510","29","131724093"
"JH378105","6646433","6646562","chr5","138345840","138345970","8","131699407"
"JH378105","6671388","6671647","chr5","138324920","138325212","47","131653532"
"JH378105","6672312","6672547","chr5","138324130","138324366","31","131651818"
"JH378105","6681609","6681912","chr5","138315058","138315362","29","131633449"
"JH378105","6717239","6717324","chr9","77340917","77340996","18","70623678"
"JH378105","6717358","6717502","chrX","136834658","136834813","30","130117300"
"JH378105","6783148","6783450","chr5","138212825","138213118","38","131429677"
"JH378105","6792442","6792756","chr13","117065283","117065594","44","110272841"
"JH378105","6809809","6810086","chr5","138186724","138187016","36","131376915"
"JH378105","6814393","6814554","chr12","111765550","111765705","33","104951157"
"JH378105","6814582","6814702","chr22","19731159","19731276","18","12916577"
"JH378105","6817248","6817536","chr5","138177749","138178043","28","131360501"
"JH378105","6832841","6833128","chr5","138162252","138162529","29","131329411"
"JH378105","6919765","6919972","chr5","138073169","138073376","16","131153404"
"JH378105","6937263","6937579","chrX","43636348","43636661","51","36699085"
"JH378105","6941218","6941511","chr5","138058215","138058511","27","131116997"
"JH378105","6943460","6943594","chr5","10604182","10604313","10","3660722"
"JH378105","6951885","6951901","chr1","55937517","55937531","2","48985632"
"JH378105","6951932","6952209","chr2","14016467","14016744","41","7064535"
"JH378105","6988056","6988360","chrX","46919415","46919716","40","39931359"
"JH378105","7004057","7004336","chr5","137996792","137997077","27","130992735"
"JH378105","7066345","7066648","chr11","66948139","66948438","48","59881794"
"JH378105","7072193","7072299","chr16","48319967","48320074","14","41247774"
"JH378105","7072301","7072585","chr5","137932399","137932704","40","130860098"
"JH378105","7116971","7117272","chr1","131604353","131604650","46","124487382"
"JH378105","7133474","7133608","chr5","137877635","137877770","12","130744161"
"JH378105","7135986","7136285","chr5","137874957","137875254","34","130738971"
"JH378105","7138041","7138169","chr11","16002438","16002566","20","8864397"
"JH378105","7166048","7166337","chr5","137848126","137848386","48","130682078"
"JH378105","7170517","7170823","chr9","42156347","42156652","54","34985830"
"JH378105","7217522","7217669","chr13","28622336","28622475","28","21404814"
"JH378105","7222202","7222415","chr5","137792246","137792460","34","130570044"
"JH378105","7224549","7224840","chr7","54157888","54158182","43","46933339"
"JH378105","7227343","7227652","chr5","137788729","137789025","37","130561386"
"JH378105","7232502","7232807","chr14","16009052","16009354","40","8776550"
"JH378105","7313703","7314002","chr5","61783060","61783361","50","54469357"
"JH378105","7330176","7330392","chr5","137658520","137658732","19","130328344"
"JH378105","7352772","7353075","chr5","137630517","137630813","34","130277745"
"JH378105","7366054","7366346","chr5","137617524","137617810","36","130251470"
"JH378105","7383199","7383331","chr1","197885955","197886086","9","190502756"
"JH378105","7467793","7468086","chr8","76274324","76274616","31","68806531"
"JH378105","7522319","7522604","chr2","150555729","150556021","58","143033410"
"JH378105","7527566","7527848","chr11","115576595","115576866","46","108049029"
"JH378105","7566521","7566831","chr5","141066383","141066683","30","133499862"
"JH378105","7582353","7582445","chr5","137499235","137499326","7","129916882"
"JH378105","7588235","7588520","chr5","46117964","46118244","59","38529729"
"JH378105","7591047","7591338","chr3","99240266","99240557","55","91649219"
"JH378105","7626024","7626339","chr5","137458229","137458532","36","129832205"
"JH378105","7639018","7639333","chr5","137444877","137445209","41","129805859"
"JH378105","7639368","7639652","chr22","15974675","15974957","62","8335307"
"JH378105","7688581","7688600","chr1","118717949","118717967","2","111029368"
"JH378105","7688621","7688905","chr12","9373723","9374003","40","1685102"
"JH378105","7702960","7703092","chr5","137382411","137382542","11","129679451"
"JH378105","7711582","7711878","chr5","137373594","137373887","23","129662012"
"JH378105","7780276","7780594","chr5","137320137","137320418","54","129539861"
"JH378105","7786448","7786622","chr5","137313691","137313864","17","129527243"
"JH378105","7791760","7791957","chr5","137307411","137307607","17","129515651"
"JH378105","7820107","7820409","chr10","81672870","81673171","53","73852763"
"JH378105","7840248","7840536","chr10","102642129","102642422","52","94801881"
"JH378105","7913233","7913543","chr5","137187443","137187746","27","129274210"
"JH378105","7925318","7925432","chr5","97368686","97368799","7","89443368"
"JH378105","7960602","7960691","chr22","47479167","47479253","15","39518565"
"JH378105","7961026","7961329","chr5","137141763","137142057","29","129180737"
"JH378105","7980445","7980642","chr4","36439513","36439713","38","28459068"
"JH378105","8006201","8006451","chr5","137101987","137102231","25","129095786"
"JH378105","8028339","8028637","chr5","137079465","137079754","41","129051126"
"JH378105","8032111","8032403","chr5","137075556","137075850","18","129043445"
"JH378105","8071182","8071477","chr5","137035655","137035950","31","128964473"
"JH378105","8077691","8078002","chr5","137029292","137029588","32","128951601"
"JH378105","8128116","8128186","chr9","10776324","10776389","14","2648208"
"JH378105","8133569","8133845","chr19","18362531","18362799","50","10228962"
"JH378105","8136575","8136874","chr5","136955345","136955626","43","128818770"
"JH378105","8136904","8137211","chr5","136955018","136955315","26","128818114"
"JH378105","8145546","8145666","chr5","65601029","65601148","23","57455483"
"JH378105","8145692","8145830","chr2","31577378","31577520","31","23431686"
"JH378105","8203889","8204178","chr5","136886346","136886626","34","128682457"
"JH378105","8284273","8284416","chr10","102728603","102728743","21","94444330"
"JH378105","8291349","8291656","chr5","136783906","136784211","24","128492557"
"JH378105","8303551","8303851","chr5","136771335","136771631","30","128467784"
"JH378105","8318260","8318373","chr20","13925472","13925586","10","5607212"
"JH378105","8334394","8334696","chr5","136719509","136719805","28","128385115"
"JH378105","8361444","8361746","chr5","136696521","136696827","23","128335077"
"JH378105","8380749","8380877","chr4","147039916","147040045","20","138659167"
"JH378105","8380898","8381040","chr6","16648953","16649094","26","8268055"
"JH378105","8409148","8409450","chr16","46471725","46472022","54","38062577"
"JH378105","8420389","8420666","chr2","189606593","189606871","44","181186204"
"JH378105","8427945","8428246","chr8","29251377","29251683","49","20823432"
"JH378105","8430689","8430926","chr5","136625320","136625557","17","128194631"
"JH378105","8435349","8435615","chr5","136620596","136620867","27","128185247"
"JH378105","8436707","8436822","chr5","43965813","43965934","20","35529106"
"JH378105","8437118","8437275","chr12","111765550","111765705","23","103328432"
"JH378105","8457560","8457855","chr5","136597454","136597748","19","128139894"
"JH378105","8459369","8459655","chr5","136595765","136596058","31","128136396"
"JH378105","8461734","8462042","chr5","136593597","136593896","36","128131863"
"JH378105","8509051","8509354","chr5","136537153","136537439","41","128028102"
"JH378105","8533119","8533426","chr5","136512115","136512421","27","127978996"
"JH378105","8547089","8547171","chr17","51974732","51974814","4","43427643"
"JH378105","8625978","8626285","chr5","136418071","136418375","22","127792093"
"JH378105","8641905","8642187","chr6","17865182","17865467","50","9223277"
"JH378105","8676337","8676457","chr2","144820852","144820967","17","136144515"
"JH378105","8676853","8677039","chr9","20180531","20180714","30","11503678"
"JH378105","8679095","8679216","chr10","79622012","79622137","20","70942917"
"JH378105","8679246","8679485","chr7","72366281","72366505","64","63687035"
"JH378105","8689798","8689841","chr1","76939672","76939716","10","68249874"
"JH378105","8689883","8690050","chr16","25382349","25382514","23","16692466"
"JH378105","8698715","8699013","chr10","89255651","89255949","45","80556936"
"JH378105","8711946","8712254","chr13","62032629","62032938","51","53320683"
"JH378105","8715687","8715988","chr5","136259191","136259500","30","127543504"
"JH378105","8731482","8731774","chr5","136244472","136244766","24","127512990"
"JH378105","8767688","8767889","chr5","69687615","69687826","48","60919927"
"JH378105","8811744","8812040","chr1","66305054","66305352","46","57493310"
"JH378105","8827160","8827460","chr5","136109808","136110111","28","127282648"
"JH378105","8953474","8953799","chr9","107238834","107239159","62","98285360"
"JH378105","9007588","9007711","chr1","146581964","146582086","15","137574376"
"JH378105","9007771","9007945","chr5","112692034","112692203","27","103684263"
"JH378105","9019047","9019321","chr5","135894367","135894643","43","126875320"
"JH378105","9073307","9073617","chr5","135839051","135839362","26","126765744"
"JH378105","9074218","9074509","chr5","135838185","135838465","32","126763967"
"JH378105","9203142","9203249","chr20","30641482","30641591","17","21438340"
"JH378105","9204273","9204569","chr5","135709822","135710119","22","126505549"
"JH378105","9215742","9215894","chr5","135696953","135697101","22","126481211"
"JH378105","9290822","9291132","chr1","167143048","167143357","52","157852226"
"JH378105","9293589","9293867","chr5","135614377","135614633","47","126320788"
"JH378105","9334215","9334333","chr9","108576603","108576720","22","99242388"
"JH378105","9367703","9368008","chr5","135527127","135527439","26","126159424"
"JH378105","9370868","9371175","chr5","135523611","135523920","23","126152743"
"JH378105","9388315","9388617","chr2","16018347","16018645","59","6630032"
"JH378105","9426940","9427250","chr5","135467613","135467918","20","126040673"
"JH378105","9496323","9496575","chr4","61715872","61716129","46","52219549"
"JH378105","9565470","9565552","chr5","122189118","122189199","6","112623648"
"JH378105","9606746","9606896","chr4","11992784","11992936","23","2386038"
"JH378105","9639600","9639907","chr12","90640982","90641292","42","81001382"
"JH378105","9639912","9640212","chr14","83027663","83027956","44","73387751"
"JH378105","9737736","9738015","chr5","135121457","135121727","41","125383721"
"JH378105","9772978","9773276","chr5","75412959","75413261","21","65639981"
"JH378105","9820373","9820665","chr5","135022315","135022605","25","125201942"
"JH378105","9832228","9832535","chr5","135012316","135012623","28","125180088"
"JH378105","9839905","9840216","chr7","87007315","87007626","39","77167410"
"JH378105","9896471","9896745","chr20","39326884","39327153","41","29430413"
"JH378105","9910858","9911153","chr5","134930167","134930460","27","125019309"
"JH378105","10000612","10000874","chr9","121982208","121982480","56","111981596"
"JH378105","10007640","10007759","chr6","116417606","116417722","18","106409966"
"JH378105","10029910","10030248","chr7","26713502","26713825","80","16683592"
"JH378105","10040528","10040811","chr5","134801654","134801924","32","124761126"
"JH378105","10050321","10050607","chr5","100347547","100347824","55","90297226"
"JH378105","10065037","10065208","chr22","17905603","17905781","28","7840566"
"JH378105","10109892","10110080","chr5","134737335","134737519","15","124627443"
"JH378105","10119386","10119656","chr5","134727906","134728175","16","124608520"
"JH378105","10126365","10126515","chr2","6953943","6954093","21","3172422"
"JH378105","10131269","10131398","chr7","14615273","14615398","19","4484004"
"JH378105","10142679","10142885","chr16","62250363","62250554","62","52107684"
"JH378105","10143121","10143399","chr5","134695759","134696037","30","124552638"
"JH378105","10144938","10145107","chr1","81519763","81519931","28","71374825"
"JH378105","10145153","10145250","chr5","78804243","78804339","14","68659090"
"JH378105","10152247","10152532","chr7","45989418","45989698","47","35837171"
"JH378105","10157123","10157416","chr22","39647957","39648253","52","29490834"
"JH378105","10164876","10165086","chr22","9909192","9909406","32","255684"
"JH378105","10166744","10167040","chr5","134663662","134663968","24","124496918"
"JH378105","10173631","10173758","chr15","23869365","23869492","14","13695734"
"JH378105","10174830","10174961","chr4","148615049","148615180","5","138440219"
"JH378105","10180734","10180862","chr12","40038501","40038629","6","29857767"
"JH378105","10182575","10182790","chr5","134641998","134642207","23","124459423"
"JH378105","10183333","10183509","chr6","131485798","131485971","36","121302465"
"JH378105","10185662","10185965","chr5","134639138","134639430","35","124453476"
"JH378105","10190104","10190346","chr6","150718060","150718310","43","140527956"
"JH378105","10228703","10228829","chr4","122892651","122892774","17","112663948"
"JH378105","10229957","10230229","chr5","134576884","134577169","33","124346927"
"JH378105","10232800","10233106","chr5","63565675","63565978","48","53332875"
"JH378105","10269799","10269905","chr1","96359900","96360006","7","86090101"
"JH378105","10270749","10271054","chr7","55261753","55262053","50","44991004"
"JH378105","10280765","10281055","chr5","134513723","134513996","30","124232958"
"JH378105","10286008","10286123","chr6","35455567","35455682","10","25169559"
"JH378105","10290056","10290347","chr5","134504245","134504543","27","124214189"
"JH378105","10290600","10290699","chr1","64914240","64914339","10","54623640"
"JH378105","10293211","10293253","chr8","55699836","55699878","3","45406625"
"JH378105","10296928","10297179","chr5","134496422","134496696","39","124199494"
"JH378105","10305209","10305513","chr5","134487303","134487599","43","124182094"
"JH378105","10317863","10318137","chr5","86802660","86802939","58","76484797"
"JH378105","10327912","10328220","chr5","134463773","134464069","29","124135861"
"JH378105","10331239","10331528","chr5","134460857","134461135","31","124129618"
"JH378105","10339616","10339923","chr5","134449647","134449945","38","124110031"
"JH378105","10343855","10344175","chr5","134445157","134445468","38","124101302"
"JH378105","10344587","10344892","chr5","134444456","134444753","46","124099869"
"JH378105","10350985","10351248","chr7","6455199","6455450","51","3895786"
"JH378105","10352628","10352765","chr14","53764663","53764793","23","43412035"
"JH378105","10357044","10357325","chr5","134436792","134437076","21","124079748"
"JH378105","10359607","10359846","chr16","37550212","37550445","41","27190605"
"JH378105","10372489","10372774","chr5","134419938","134420217","25","124047449"
"JH378105","10380845","10381135","chr6","47918642","47918931","59","37537797"
"JH378105","10393181","10393463","chr5","134402480","134402771","35","124009299"
"JH378105","10401462","10401742","chrX","60758641","60758923","63","50357179"
"JH378105","10445081","10445359","chr12","109561775","109562051","37","99116694"
"JH378105","10447556","10447788","chr5","136625320","136625557","46","126177764"
"JH378105","10458908","10459202","chr5","134338267","134338536","45","123879359"
"JH378105","10471436","10471754","chr5","134325035","134325342","37","123853599"
"JH378105","10483720","10483854","chr5","134313497","134313632","10","123829777"
"JH378105","10484159","10484331","chr5","134313036","134313197","18","123828877"
"JH378105","10489377","10489635","chr5","122078276","122078537","41","111588899"
"JH378105","10490000","10490289","chr5","134306340","134306629","16","123816340"
"JH378105","10492579","10492698","chr9","103274126","103274245","13","92781547"
"JH378105","10503691","10503818","chr20","21283221","21283348","9","10779530"
"JH378105","10516903","10517192","chr11","69724920","69725211","16","59208017"
"JH378105","10521255","10521471","chr14","45209948","45210137","48","34688693"
"JH378105","10531918","10532217","chr12","20539936","20540241","48","10008018"
"JH378105","10545070","10545196","chr6","30995094","30995221","8","20450024"
"JH378105","10558754","10559046","chr20","28705690","28705991","50","18146936"
"JH378105","10559491","10559534","chr1","184139922","184139963","7","173580431"
"JH378105","10566500","10566772","chr1","28012394","28012662","50","17445894"
"JH378105","10572549","10572850","chr11","69783366","69783677","33","59210817"
"JH378105","10582542","10582709","chr1","152392743","152392901","33","141810201"
"JH378105","10584478","10584782","chr11","69796787","69797092","29","59212309"
"JH378105","10611163","10611473","chr5","60671568","60671876","46","50060405"
"JH378105","10662881","10663181","chr11","69876236","69876537","23","59213355"
"JH378105","10701130","10701413","chr11","69920168","69920457","23","59219038"
"JH378105","10733050","10733356","chr11","69955392","69955694","17","59222342"
"JH378105","10792098","10792280","chr12","102277173","102277349","43","91485075"
"JH378105","10792705","10792760","chr5","4740550","4740606","15","6052155"
"JH378105","10838399","10838702","chr11","70070901","70071195","23","59232502"
"JH378105","10944791","10944917","chr4","44224540","44224661","23","33279749"
"JH378105","10984504","10984795","chr11","70209093","70209378","28","59224589"
"JH378105","11001262","11001395","chr9","91533783","91533913","19","80532521"
"JH378105","11001707","11001881","chr3","188375983","188376160","38","177374276"
"JH378105","11008354","11008514","chr6","17427408","17427571","32","6419054"
"JH378105","11008542","11008649","chr11","70266755","70266861","12","59258213"
"JH378105","11060896","11061198","chr1","182581004","182581305","44","171520108"
"JH378105","11120968","11121085","chr11","70382281","70382391","16","59261313"
"JH378105","11205201","11205495","chr11","70472103","70472388","39","59266902"
"JH378105","11305421","11305711","chr11","70604404","70604695","20","59298983"
"JH378105","11315748","11316041","chr2","10599809","10600106","49","715939"
"JH378105","11327797","11328090","chr11","70634400","70634692","26","59306603"
"JH378105","11356120","11356419","chr11","70670583","70670875","29","59314463"
"JH378105","11368991","11369073","chr6","36565975","36566057","15","25196984"
"JH378105","11369632","11369880","chr9","53553106","53553354","51","42183474"
"JH378105","11403619","11403912","chr11","70716256","70716570","44","59312637"
"JH378105","11613858","11614023","chr22","10181407","10181573","24","1432451"
"JH378105","11614093","11614228","chr4","157155331","157155478","29","145541238"
"JH378105","11635919","11636134","chr13","95336428","95336643","50","83700509"
"JH378105","11655258","11655564","chr11","70948365","70948675","28","59293107"
"JH378105","11733823","11734086","chr9","102794992","102795257","38","91061169"
"JH378105","11993589","11993869","chr11","71285578","71285860","22","59291989"
"JH378105","12069049","12069205","chr10","129532810","129532970","32","117463761"
"JH378105","12069513","12069648","chrX","46953806","46953940","18","34884293"
"JH378105","12089876","12090122","chr11","71380898","71381158","29","59291022"
"JH378105","12174798","12175069","chr11","71461175","71461446","19","59286377"
"JH378105","12212582","12212890","chr11","71498632","71498936","20","59286050"
"JH378105","12235420","12235669","chr3","20536378","20536625","46","8300958"
"JH378105","12250842","12250930","chr4","129332287","129332368","20","117081445"
"JH378105","12253225","12253496","chr1","13386213","13386483","49","1132988"
"JH378105","12258375","12258663","chr11","71546180","71546441","39","59287805"
"JH378105","12261271","12261401","chr22","47765092","47765222","5","35503821"
"JH378105","12278257","12278553","chr11","71567715","71568013","22","59289458"
"JH378105","12330360","12330662","chr11","71629218","71629521","53","59298858"
"JH378105","12370988","12371289","chr11","71670465","71670765","31","59299477"
"JH378105","12392595","12392755","chr6","16991325","16991483","25","4598730"
"JH378105","12393065","12393200","chr1","173325000","173325132","24","160931935"
"JH378105","12411367","12411674","chr11","71712521","71712817","31","59301154"
"JH378105","12457344","12457623","chr4","148485141","148485423","36","136027797"
"JH378105","12600117","12600406","chr1","64994882","64995177","44","52394765"
"JH378105","12619258","12619479","chr12","49845704","49845907","51","37226446"
"JH378105","12690376","12690586","chr11","72021901","72022115","11","59331525"
"JH378105","12703322","12703607","chr11","72037245","72037535","30","59333923"
"JH378105","12712653","12712956","chr11","72046579","72046871","33","59333926"
"JH378105","12730334","12730408","chr8","116690693","116690766","6","103960359"
"JH378105","12747036","12747339","chr11","72084282","72084584","25","59337246"
"JH378105","12771565","12771877","chr11","72109993","72110305","27","59338428"
"JH378105","12773292","12773583","chr11","72111723","72112013","23","59338431"
"JH378105","12784225","12784398","chr9","42544487","42544654","34","29760262"
"JH378105","12813092","12813256","chr12","4722222","4722385","22","8090870"
"JH378105","12813578","12813711","chr11","72155168","72155302","6","59341590"
"JH378105","12838998","12839313","chr2","131566064","131566373","52","118727066"
"JH378105","12840067","12840387","chr5","109040574","109040890","58","96200507"
"JH378105","12842363","12842655","chr11","72184768","72185064","24","59342405"
"JH378105","12842662","12842827","chr3","30113644","30113819","22","17270982"
"JH378105","12876521","12876797","chr1","79778825","79779100","51","66902304"
"JH378105","12890194","12890317","chrX","17092539","17092661","9","4202345"
"JH378105","12897842","12898127","chr11","72238173","72238457","13","59340331"
"JH378105","12903806","12904105","chr8","86840497","86840790","53","73936691"
"JH378105","12927546","12927848","chr22","17118653","17118950","51","4191107"
"JH378105","12947136","12947356","chr11","72289048","72289284","29","59341912"
"JH378105","12991790","12991910","chr2","31105962","31106081","17","18114172"
"JH378105","12991952","12992116","chrUn_GL286220","32094","32258","24","12959858"
"JH378105","13001770","13002072","chr11","72350693","72350989","28","59348923"
"JH378105","13028420","13028634","chr11","122718986","122719196","37","109690566"
"JH378105","13043895","13044189","chr11","72391429","72391711","37","59347534"
"JH378105","13060784","13061073","chr2","6979361","6979635","60","6081423"
"JH378105","13075638","13075919","chr5","123854562","123854843","47","110778924"
"JH378105","13112016","13112343","chr11","72467369","72467683","25","59355353"
"JH378105","13130346","13130559","chr11","72486345","72486560","11","59355999"
"JH378105","13154654","13154948","chr11","72511641","72511935","17","59356987"
"JH378105","13174712","13175009","chr14","13219338","13219636","41","44626"
"JH378105","13191095","13191248","chr3","66202121","66202275","25","53011026"
"JH378105","13202674","13202728","chr4","139312011","139312064","9","126109337"
"JH378105","13207890","13208064","chr11","72572688","72572857","16","59364798"
"JH378105","13208349","13208484","chr11","72573133","72573272","12","59364784"
"JH378105","13216764","13217061","chr11","72581587","72581884","17","59364823"
"JH378105","13225509","13225639","chr11","72591164","72591290","14","59365655"
"JH378105","13225933","13226181","chr15","5128373","5128615","60","8097560"
"JH378105","13268934","13269196","chr1","171986710","171986974","59","158717776"
"JH378105","13269733","13270005","chr11","72633005","72633280","22","59363272"
"JH378105","13276031","13276337","chr11","72638705","72639008","25","59362674"
"JH378105","13301890","13302180","chr11","72662456","72662745","17","59360566"
"JH378105","13306508","13306791","chr4","43326497","43326775","46","30019989"
"JH378105","13306813","13306828","chr5","115317203","115317215","3","102010390"
"JH378105","13315941","13316240","chr1","172870680","172870974","45","159554739"
"JH378105","13321293","13321429","chr5","109608202","109608335","16","96286909"
"JH378105","13324634","13324814","chr9","44850944","44851118","30","31526310"
"JH378105","13331653","13331785","chr11","72691444","72691576","13","59359791"
"JH378105","13337671","13337806","chr3","140813847","140813982","16","127476176"
"JH378105","13338107","13338270","chr11","72697857","72698026","22","59359750"
"JH378105","13338272","13338381","chr7","20526408","20526520","5","7188136"
"JH378105","13347697","13347787","chr4","35102776","35102865","7","21755079"
"JH378105","13348818","13348993","chr10","10780000","10780174","30","2568818"
"JH378105","13349269","13349438","chr3","20685653","20685818","46","7336384"
"JH378105","13358759","13359034","chr9","121982208","121982480","62","108623449"
"JH378105","13361068","13361282","chr22","36820981","36821188","56","23459913"
"JH378105","13361585","13361677","chr5","1679922","1680011","8","11681663"
"JH378105","13361679","13361799","chr12","89205297","89205420","22","75843618"
"JH378105","13363507","13363621","chr11","72723088","72723196","13","59359581"
"JH378105","13364728","13364926","chr22","18049718","18049914","28","4684990"
"JH378105","13370726","13371021","chr11","72729340","72729639","25","59358614"
"JH378105","13376304","13376470","chr18","9594205","9594369","35","3782099"
"JH378105","13376504","13376691","chr22","41635917","41636098","38","28259413"
"JH378105","13381195","13381495","chr11","72736445","72736729","49","59355250"
"JH378105","13381714","13381844","chr18","14786052","14786180","8","1404338"
"JH378105","13384510","13384802","chr11","72743561","72743849","36","59359051"
"JH378105","13389292","13389593","chr11","72748867","72749168","28","59359575"
"JH378105","13401617","13401813","chr11","27093135","27093338","21","13691518"
"JH378105","13405101","13405223","chr10","29599620","29599742","8","16194519"
"JH378105","13409193","13409328","chr11","72772026","72772162","9","59362833"
"JH378105","13409644","13409811","chr11","72772475","72772646","31","59362831"
"JH378105","13412680","13412975","chr11","72776049","72776333","28","59363369"
"JH378105","13428596","13428746","chr11","72791667","72791804","18","59363071"
"JH378105","13436390","13436677","chr11","72795473","72795758","20","59359083"
"JH378105","13448253","13448545","chr11","72807192","72807489","22","59358939"
"JH378105","13449876","13450173","chr1","180777180","180777476","56","167327304"
"JH378105","13457828","13458103","chr11","72820010","72820304","33","59362182"
"JH378105","13467869","13467972","chr3","54403074","54403176","7","40935205"
"JH378105","13469470","13469599","chr8","107774576","107774707","7","94305106"
"JH378105","13472359","13472530","chr11","72836756","72836927","22","59364397"
"JH378105","13477747","13477912","chr1","99543338","99543503","22","86065591"
"JH378105","13478220","13478308","chr10","14807581","14807670","17","1329361"
"JH378105","13478688","13479013","chr7","60659181","60659508","54","47180493"
"JH378105","13492107","13492362","chr1","28590294","28590552","45","15098187"
"JH378105","13495396","13495515","chrX","111709115","111709234","10","98213719"
"JH378105","13497228","13497335","chr1","64914240","64914339","16","51417012"
"JH378105","13498220","13498346","chr11","72862586","72862712","10","59364366"
"JH378105","13499243","13499346","chr3","30171059","30171163","12","16671816"
"JH378105","13501624","13501730","chr11","72865830","72865935","10","59364206"
"JH378105","13503650","13503767","chr1","138307633","138307749","9","124803983"
"JH378105","13516476","13516778","chr11","72878046","72878342","31","59361570"
"JH378105","13525372","13525540","chr8","105695529","105695689","40","92170157"
"JH378105","13525833","13525960","chr20","26444927","26445057","28","12919094"
"JH378105","13538548","13538851","chr14","776129","776432","45","12762419"
"JH378105","13555388","13555684","chr11","72911199","72911495","16","59355811"
"JH378105","13562475","13562607","chr22","2642798","2642927","22","10919677"
"JH378105","13567634","13567896","chr2","6272445","6272706","48","7295189"
"JH378105","13570212","13570391","chr11","72924843","72925025","16","59354631"
"JH378105","13570392","13570689","chr11","72925026","72925324","23","59354634"
"JH378105","13570690","13570824","chr11","72925325","72925459","10","59354635"
"JH378105","13572915","13573220","chr11","72927237","72927521","37","59354322"
"JH378105","13584485","13584779","chr11","72937918","72938208","30","59353433"
"JH378105","13585563","13585861","chr6","31309933","31310228","49","17724370"
"JH378105","13605355","13605487","chr22","17431826","17431958","14","3826471"
"JH378105","13617455","13617581","chr6","134472676","134472802","7","120855221"
"JH378105","13617890","13618071","chr2","150656000","150656176","36","137038110"
"JH378105","13624874","13625152","chr11","72969665","72969942","17","59344791"
"JH378105","13628415","13628705","chr11","72972546","72972834","27","59344131"
"JH378105","13648504","13648620","chr3","4220409","4220525","12","9428095"
"JH378105","13653907","13654198","chr11","73012811","73013110","28","59358904"
"JH378105","13659645","13659909","chr1","135976726","135977002","41","122317081"
"JH378105","13660207","13660295","chr3","139327363","139327445","22","125667156"
"JH378105","13670115","13670239","chr12","4645667","4645791","12","9024448"
"JH378105","13678599","13678887","chr9","37500042","37500329","35","23821443"
"JH378105","13690127","13690250","chr11","3588163","3588287","9","10101964"
"JH378105","13692029","13692210","chr11","73047001","73047176","16","59354972"
"JH378105","13692512","13692524","chr3","63011105","63011118","2","49318593"
"JH378105","13692837","13692976","chr11","73047492","73047631","9","59354655"
"JH378105","13693339","13693622","chr16","93880331","93880621","45","80186992"
"JH378105","13717153","13717309","chr5","125742880","125743026","24","112025727"
"JH378105","13728827","13729117","chr12","3391017","3391315","53","10337810"
"JH378105","13729281","13729580","chr17","26482397","26482693","40","12753116"
"JH378105","13742328","13742592","chr11","73105187","73105443","26","59362859"
"JH378105","13752097","13752399","chr11","73115106","73115409","34","59363009"
"JH378105","13756095","13756287","chr8","8265257","8265448","32","5490838"
"JH378105","13760177","13760480","chr11","73122564","73122866","21","59362387"
"JH378105","13761802","13761905","chr4","104434978","104435080","15","90673176"
"JH378105","13763485","13763597","chr6","44535214","44535327","8","30771729"
"JH378105","13773512","13773596","chr1","119524729","119524815","9","105751217"
"JH378105","13785139","13785302","chr6","43959711","43959855","45","30174572"
"JH378105","13789485","13789789","chr11","73146008","73146307","23","59356523"
"JH378105","13789818","13790045","chr11","73146310","73146567","48","59356492"
"JH378105","13810792","13811069","chr4","69570360","69570636","63","55759568"
"JH378105","13812351","13812633","chr11","73180309","73180602","33","59367958"
"JH378105","13828103","13828291","chr9","5926687","5926875","31","7901416"
"JH378105","13828318","13828436","chr8","87659506","87659623","13","73831188"
"JH378105","13843528","13843655","chr2","107501875","107502002","9","93658347"
"JH378105","13863912","13864208","chr11","73232726","73233022","21","59368814"
"JH378105","13877853","13878145","chr6","117498241","117498535","39","103620388"
"JH378105","13902274","13902407","chr4","148615049","148615180","8","134712775"
"JH378105","13909910","13910036","chr5","60236128","60236255","20","46326218"
"JH378105","13910060","13910225","chr3","6897696","6897858","28","7012364"
"JH378105","13921847","13922128","chrX","107565678","107565955","41","93643831"
"JH378105","14087491","14087787","chr11","73454800","73455111","31","59367309"
"JH378105","14092900","14093205","chr7","86664902","86665204","49","72572002"
"JH378105","14100062","14100082","chr1","81428226","81428243","4","67328164"
"JH378105","14100103","14100290","chr3","52154240","52154424","45","38054137"
"JH378105","14137551","14137855","chr11","73504789","73505094","19","59367238"
"JH378105","14197714","14197828","chr2","163914760","163914873","7","149717046"
"JH378105","14291251","14291542","chr8","687744","688032","34","13603507"
"JH378105","14327409","14327699","chr11","73699758","73700038","31","59372349"
"JH378105","14328776","14329083","chr11","73701105","73701394","38","59372329"
"JH378105","14409199","14409489","chr11","73779529","73779819","18","59370330"
"JH378105","14419998","14420295","chr11","73795160","73795470","36","59375162"
"JH378105","14460101","14460279","chr11","73840317","73840510","25","59380216"
"JH378105","14468616","14468897","chr4","9068824","9069106","46","5399792"
"JH378105","14480395","14480723","chr11","73849696","73850021","21","59369301"
"JH378105","14511050","14511342","chr11","73881058","73881353","23","59370008"
"JH378105","14547507","14547795","chr16","25703885","25704165","55","11156378"
"JH378105","14548555","14548846","chr9","85222743","85223036","24","70674188"
"JH378105","14621694","14621997","chr11","73984070","73984376","24","59362376"
"JH378105","14693916","14694024","chr11","74053738","74053846","7","59359822"
"JH378105","14796649","14796938","chr2","150555729","150556021","44","135759080"
"JH378105","14800765","14801076","chr4","150462871","150463169","76","135662106"
"JH378105","14806583","14806752","chr11","74176310","74176474","14","59369727"
"JH378105","14807944","14808249","chr11","74177719","74178011","35","59369775"
"JH378105","14844588","14844878","chr11","74212553","74212851","27","59367965"
"JH378105","14845193","14845491","chr11","74213160","74213465","41","59367967"
"JH378105","14895984","14896292","chr9","42156347","42156652","49","27260363"
"JH378105","14899630","14899923","chr11","74270782","74271072","26","59371152"
"JH378105","14913543","14913849","chr11","74288515","74288812","30","59374972"
"JH378105","14927487","14927789","chr11","74302952","74303255","25","59375465"
"JH378105","14933124","14933437","chr11","74308770","74309077","28","59375646"
"JH378105","15078683","15078956","chr12","19574170","19574448","50","4495487"
"JH378105","15296051","15296351","chr11","74700008","74700305","26","59403957"
"JH378105","15326830","15327105","chr7","55977700","55977973","43","40650870"
"JH378105","15342555","15342880","chr11","74748892","74749191","39","59406337"
"JH378105","15371717","15372027","chr11","74779744","74780051","16","59408027"
"JH378105","15427739","15427957","chr7","111160667","111160887","23","95732928"
"JH378105","15549682","15549996","chr6","147890862","147891178","50","132341180"
"JH378105","15585375","15585685","chr11","74992236","74992528","36","59406861"
"JH378105","15640303","15640423","chr5","23862725","23862839","23","8222422"
"JH378105","15640722","15640889","chr6","67209062","67209228","21","51568340"
"JH378105","15733480","15733589","chr13","96966464","96966566","17","81232984"
"JH378105","15736008","15736240","chr11","75148896","75149128","25","59412888"
"JH378105","15755078","15755381","chr11","75168107","75168390","36","59413029"
"JH378105","15757002","15757156","chr11","75169980","75170131","19","59412978"
"JH378105","15858533","15858828","chr5","24311139","24311438","42","8452606"
"JH378105","15859093","15859375","chr11","75280243","75280534","34","59421150"
"JH378105","15877685","15877821","chr21","46926692","46926827","17","31049007"
"JH378105","15878174","15878357","chr4","34189071","34189253","28","18310897"
"JH378105","15907898","15908213","chr11","75329677","75329970","43","59421779"
"JH378105","15920466","15920772","chr11","75342116","75342416","27","59421650"
"JH378105","15927580","15927892","chr11","75350276","75350563","43","59422696"
"JH378105","15956822","15957124","chr5","3974076","3974375","47","11982746"
"JH378105","15996310","15996605","chr11","75421140","75421435","32","59424830"
"JH378105","16068732","16069045","chr11","75495449","75495752","42","59426717"
"JH378105","16118857","16119154","chr11","75551751","75552047","25","59432894"
"JH378105","16137072","16137278","chr4","15439312","15439512","40","697760"
"JH378105","16157314","16157595","chr11","75591085","75591386","32","59433771"
"JH378105","16163830","16163983","chr4","13895839","13895987","42","2267991"
"JH378105","16164019","16164111","chr3","110948031","110948119","22","94784012"
"JH378105","16174897","16175204","chr11","75609285","75609580","32","59434388"
"JH378105","16181043","16181352","chr9","86531298","86531609","47","70350255"
"JH378105","16291470","16291593","chr2","171471789","171471913","10","155180319"
"JH378105","16371084","16371384","chr11","75810434","75810722","30","59439350"
"JH378105","16390841","16390897","chr2","151488430","151488485","8","135097589"
"JH378105","16419998","16420308","chr11","75868867","75869163","35","59448869"
"JH378105","16425703","16425989","chr11","75874355","75874630","41","59448652"
"JH378105","16432257","16432410","chr11","75880842","75880994","10","59448585"
"JH378105","16558702","16558866","chr11","76007940","76008102","28","59449238"
"JH378105","16563371","16563676","chr11","76013144","76013430","44","59449773"
"JH378105","16571759","16572056","chr11","76021467","76021763","14","59449708"
"JH378105","16667122","16667423","chr11","76121076","76121380","25","59453954"
"JH378105","16674555","16674668","chr22","8151872","8151985","13","8522683"
"JH378105","16697064","16697165","chr1","186116212","186116312","16","169419148"
"JH378105","16697471","16697576","chr22","17188404","17188505","18","490933"
"JH378105","16699158","16699422","chr11","76152897","76153166","17","59453739"
"JH378105","16718633","16718652","chr20","33054586","33054607","2","16335953"
"JH378105","16718697","16718988","chrX","11630627","11630921","50","5088070"
"JH378105","16730435","16730564","chr9","91624888","91625018","9","74894453"
"JH378105","16743319","16743450","chr11","76203356","76203486","14","59460037"
"JH378105","16928759","16929033","chr17","42858575","42858828","66","25929816"
"JH378105","16930816","16930962","chr1","184960347","184960490","27","168029531"
"JH378105","16935068","16935342","chr11","76396174","76396447","18","59461106"
"JH378105","16988023","16988328","chr9","111354658","111354956","52","94366635"
"JH378105","17093526","17093826","chr11","76577315","76577613","36","59483789"
"JH378105","17112334","17112434","chr15","73645319","73645423","25","56532985"
"JH378105","17112464","17112636","chr4","21358150","21358314","29","4245686"
"JH378105","17127308","17127578","chr7","44309589","44309870","50","27182281"
"JH378105","17154955","17155246","chr3","107112993","107113288","44","89958038"
"JH378105","17215612","17215624","chr3","12241109","12241120","2","4974503"
"JH378105","17215645","17215760","chr7","45679716","45679831","10","28464071"
"JH378105","17266650","17266946","chr11","76760893","76761171","51","59494243"
"JH378105","17316635","17316924","chr11","76808929","76809198","39","59492294"
"JH378105","17359764","17359879","chr11","76849467","76849582","9","59489703"
"JH378105","17452392","17452671","chr11","76949064","76949353","24","59496672"
"JH378105","17533903","17534161","chr11","77030101","77030361","13","59496198"
"JH378105","17541866","17541999","chr11","77037897","77038030","7","59496031"
"JH378105","17542281","17542439","chr11","77038310","77038476","18","59496029"
"JH378105","17580806","17581124","chr11","77077434","77077744","47","59496628"
"JH378105","17677082","17677386","chr11","77143279","77143570","35","59466197"
"JH378105","17704091","17704387","chr12","57959113","57959418","46","40255022"
"JH378105","17757496","17757793","chr11","77259987","77260280","23","59502491"
"JH378105","17771762","17772058","chr11","77273394","77273688","20","59501632"
"JH378105","17903342","17903515","chr3","136784242","136784416","28","118880900"
"JH378105","17921060","17921375","chr11","77410808","77411128","24","59489748"
"JH378105","17921932","17921990","chr11","77411688","77411746","5","59489756"
"JH378105","18209905","18210185","chr11","77715088","77715361","15","59505183"
"JH378105","18230424","18230736","chr11","77735728","77736042","21","59505304"
"JH378105","18310799","18311102","chr11","77807079","77807376","29","59496280"
"JH378105","18314880","18315161","chr11","77811346","77811634","21","59496466"
"JH378105","18343705","18343978","chr9","98904858","98905132","39","80561153"
"JH378105","18353440","18353736","chr11","77873306","77873579","40","59519866"
"JH378105","18362591","18362887","chr11","77883484","77883777","25","59520893"
"JH378105","18365031","18365127","chr11","77885886","77885982","5","59520855"
"JH378105","18377789","18378056","chr5","86425032","86425299","40","68047243"
"JH378105","18413116","18413412","chr11","77934070","77934364","15","59520954"
"JH378105","18414239","18414550","chr3","2060027","2060338","41","16354212"
"JH378105","18418098","18418232","chr7","60449858","60449993","15","42031760"
"JH378105","18418537","18418695","chr3","182862792","182862952","23","164444255"
"JH378105","18421440","18421729","chr17","73443200","73443491","46","55021760"
"JH378105","18460383","18460615","chrX","116158285","116158500","46","97697902"
"JH378105","18460989","18461271","chr4","148485141","148485423","43","130024152"
"JH378105","18472064","18472374","chr11","77995155","77995458","33","59523091"
"JH378105","18476091","18476392","chr11","77999489","77999780","34","59523398"
"JH378105","18506280","18506443","chr11","78030988","78031155","15","59524708"
"JH378105","18507242","18507376","chr2","7304543","7304678","17","11202699"
"JH378105","18510395","18510670","chr11","78036852","78037131","26","59526457"
"JH378105","18522171","18522474","chr11","78045374","78045676","29","59523203"
"JH378105","18526866","18526993","chr18","7686238","7686365","3","10840628"
"JH378105","18529617","18529929","chr11","78053533","78053846","33","59523916"
"JH378105","18531895","18532030","chrX","43756114","43756250","19","25224219"
"JH378105","18532031","18532337","chr11","78056011","78056325","32","59523980"
"JH378105","18532338","18532434","chr4","35110569","35110659","22","16578231"
"JH378105","18536755","18537053","chr11","78060152","78060447","22","59523397"
"JH378105","18537442","18537735","chr2","18747203","18747498","45","209761"
"JH378105","18548720","18549007","chr2","152305174","152305468","56","133756454"
"JH378105","18557525","18557816","chrX","63392231","63392524","51","44834706"
"JH378105","18566986","18567103","chr12","22624965","22625082","8","4057979"
"JH378105","18584788","18584966","chr1","181422524","181422717","32","162837736"
"JH378105","18588913","18589224","chr11","78111617","78111915","34","59522704"
"JH378105","18599390","18599679","chr17","37700193","37700472","38","19100803"
"JH378105","18606179","18606309","chr5","89177117","89177248","9","70570938"
"JH378105","18639319","18639629","chr11","78175528","78175835","37","59536209"
"JH378105","18656973","18657269","chr11","78189954","78190246","22","59532981"
"JH378105","18726523","18726824","chr11","78261868","78262163","24","59535345"
"JH378105","18805390","18805687","chr11","78351421","78351709","24","59546031"
"JH378105","18827442","18827716","chr11","78375184","78375481","40","59547742"
"JH378105","18844407","18844525","chr11","78394294","78394412","9","59549887"
"JH378105","18968409","18968685","chr11","78506404","78506675","21","59537995"
"JH378105","18978986","18979299","chr11","78516922","78517227","28","59537936"
"JH378105","19014180","19014435","chr11","78575879","78576125","24","59561699"
"JH378105","19064731","19065042","chr11","78649232","78649530","33","59584501"
"JH378105","19222805","19223083","chr6","44412851","44413124","48","25190046"
"JH378105","19240443","19240692","chr10","21681054","21681291","67","2440611"
"JH378105","19343486","19343794","chr14","81012135","81012444","45","61668649"
"JH378105","19390502","19390815","chr11","78988686","78988983","31","59598184"
"JH378105","19399406","19399534","chr2","91128749","91128876","19","71729343"
"JH378105","19399569","19399703","chr7","87155290","87155425","21","67755721"
"JH378105","19591309","19591607","chr11","79193761","79194059","15","59602452"
"JH378105","19611206","19611262","chr8","3377234","3377294","15","16233972"
"JH378105","19643151","19643464","chr11","79245669","79245966","38","59602518"
"JH378105","19721186","19721484","chr11","79328088","79328391","18","59606902"
"JH378105","19772439","19772635","chr11","79378790","79378983","16","59606351"
"JH378105","19795210","19795516","chr11","79401807","79402113","21","59606597"
"JH378105","19877953","19878249","chr11","79495157","79495451","18","59617204"
"JH378105","19949267","19949467","chr7","45992015","45992205","40","26042748"
"JH378105","20198936","20199079","chr9","3692809","3692955","22","16506127"
"JH378105","20236772","20237060","chr11","79873614","79873897","18","59636842"
"JH378105","20255444","20255659","chr11","79895636","79895846","20","59640192"
"JH378105","20352303","20352602","chr11","79994109","79994405","30","59641806"
"JH378105","20571184","20571320","chr11","80210258","80210394","7","59639074"
"JH378105","20590091","20590372","chr5","123854562","123854843","38","103264471"
"JH378105","20618679","20618985","chr12","26506444","26506755","46","5887765"
"JH378105","20631844","20632132","chr19","41641489","41641777","44","21009645"
"JH378105","20652302","20652603","chr1","41419470","41419770","40","20767168"
"JH378105","20711749","20712022","chrX","17267252","17267530","60","3444497"
"JH378105","20715210","20715324","chr6","135682474","135682578","28","114967264"
"JH378105","20743364","20743431","chr11","80279651","80279711","10","59536287"
"JH378105","20772555","20772670","chr1","137960220","137960334","12","117187665"
"JH378105","20789545","20789843","chr11","80326220","80326510","24","59536675"
"JH378105","20851397","20851650","chr11","80386420","80386679","28","59535023"
"JH378105","20855836","20856119","chr8","85524034","85524314","50","64668198"
"JH378105","20856187","20856208","chr1","118717949","118717967","3","97861762"
"JH378105","20861419","20861444","chr3","125686978","125687003","5","104825559"
"JH378105","20861484","20861753","chr1","158036681","158036957","45","137175197"
"JH378105","20870658","20870856","chr1","181422524","181422717","30","160551866"
"JH378105","20904191","20904489","chr11","80440990","80441280","27","59536799"
"JH378105","20908032","20908187","chr11","80444899","80445054","7","59536867"
"JH378105","20935133","20935437","chr11","80475481","80475774","31","59540348"
"JH378105","20945431","20945696","chr11","80485499","80485762","21","59540068"
"JH378105","20958262","20958419","chr7","120382646","120382811","29","99424384"
"JH378105","20962102","20962415","chr11","80512901","80513202","32","59550799"
"JH378105","20966817","20967120","chr11","80519958","80520258","37","59553141"
"JH378105","20980045","20980327","chr11","80531731","80532027","40","59551686"
"JH378105","21029952","21030053","chr11","102764055","102764156","20","81734103"
"JH378105","21030078","21030187","chr13","8775188","8775293","11","12254890"
"JH378105","21035972","21036263","chr11","80591247","80591539","18","59555275"
"JH378105","21040581","21040714","chr7","129094650","129094782","9","108054069"
"JH378105","21041185","21041362","chr12","15165356","15165528","31","5875829"
"JH378105","21053859","21053991","chr10","98618903","98619034","12","77565044"
"JH378105","21063688","21063992","chr11","80616696","80616999","21","59553008"
"JH378105","21070871","21071165","chr11","80623392","80623691","26","59552521"
"JH378105","21074340","21074624","chr7","60941528","60941820","42","39867188"
"JH378105","21081979","21082094","chr8","80410186","80410302","9","59328207"
"JH378105","21082289","21082424","chr11","80632872","80633007","10","59550583"
"JH378105","21082425","21082746","chr3","110736067","110736391","62","89653642"
"JH378105","21082747","21082862","chr11","80633329","80633430","18","59550582"
"JH378105","21094368","21094676","chr11","80644814","80645119","28","59550446"
"JH378105","21098766","21099064","chr11","80648894","80649196","33","59550128"
"JH378105","21099909","21100025","chr11","80650010","80650126","7","59550101"
"JH378105","21100110","21100401","chr9","107838794","107839089","48","86738684"
"JH378105","21102110","21102412","chr7","87007315","87007626","59","65905205"
"JH378105","21111734","21111903","chr9","42544487","42544654","31","21432753"
"JH378105","21112217","21112327","chr1","186116212","186116312","25","165003995"
"JH378105","21115865","21116171","chr11","80666137","80666441","22","59550272"
"JH378105","21116553","21116715","chr11","80666821","80666983","7","59550268"
"JH378105","21118384","21118518","chr5","5828025","5828159","15","15290359"
"JH378105","21134975","21135262","chr11","80684593","80684890","23","59549618"
"JH378105","21143303","21143608","chr11","80692755","80693060","35","59549452"
"JH378105","21145350","21145495","chr18","12568619","12568765","26","8576731"
"JH378105","21147184","21147485","chr5","39724027","39724325","45","18576843"
"JH378105","21189638","21189945","chr11","80736702","80737002","24","59547064"
"JH378105","21195751","21196000","chr11","80742996","80743228","35","59547245"
"JH378105","21202880","21203173","chr11","80751065","80751352","21","59548185"
"JH378105","21205330","21205613","chr11","80753901","80754199","39","59548571"
"JH378105","21208475","21208757","chr11","80756520","80756795","26","59548045"
"JH378105","21224715","21224892","chr7","60351827","60351991","33","39127112"
"JH378105","21224893","21224909","chr2","7782036","7782050","2","13442857"
"JH378105","21224939","21225225","chr11","80773678","80773962","20","59548739"
"JH378105","21225226","21225361","chr5","35666368","35666500","11","14441142"
"JH378105","21232797","21233107","chr11","80781256","80781555","22","59548459"
"JH378105","21236463","21236767","chr11","80784560","80784847","40","59548097"
"JH378105","21239427","21239670","chr11","80787310","80787568","48","59547883"
"JH378105","21239672","21239983","chr11","80787579","80787883","27","59547907"
"JH378105","21244853","21245083","chr7","34032004","34032232","36","12787151"
"JH378105","21246053","21246369","chr14","21669691","21669998","54","423638"
"JH378105","21246567","21246607","chr11","80794892","80794932","2","59548325"
"JH378105","21250373","21250479","chr3","116724074","116724176","16","95473701"
"JH378105","21251962","21252237","chr11","116165676","116165945","44","94913714"
"JH378105","21254647","21254784","chr11","80804210","80804346","8","59549563"
"JH378105","21255088","21255247","chr11","80804650","80804808","15","59549562"
"JH378105","21267410","21267488","chr1","98982263","98982345","15","77714853"
"JH378105","21287918","21288223","chr11","80836482","80836793","36","59548564"
"JH378105","21290366","21290647","chr11","80839378","80839658","30","59549012"
"JH378105","21297506","21297785","chr11","80846537","80846834","32","59549031"
"JH378105","21300745","21301053","chr11","80850035","80850338","19","59549290"
"JH378105","21318956","21319192","chr18","7648254","7648500","47","13670702"
"JH378105","21330672","21330972","chr7","146571355","146571661","42","125240683"
"JH378105","21331176","21331487","chr11","80887601","80887890","43","59556425"
"JH378105","21334951","21335264","chr11","80891207","80891504","31","59556256"
"JH378105","21335267","21335562","chr11","80891510","80891805","13","59556243"
"JH378105","21341261","21341344","chr10","17999327","17999410","10","3341934"
"JH378105","21342722","21342860","chr5","110081175","110081312","25","88738453"
"JH378105","21357206","21357526","chr7","4438839","4439151","60","16918367"
"JH378105","21389067","21389362","chr11","80948373","80948699","47","59559306"
"JH378105","21404645","21404951","chr11","80967956","80968253","27","59563311"
"JH378105","21436522","21436800","chr1","201805879","201806153","47","180369357"
"JH378105","21439525","21439836","chr11","81003534","81003839","25","59564009"
"JH378105","21440908","21441208","chr3","123792965","123793269","50","102352057"
"JH378105","21460491","21460798","chr11","81024565","81024869","31","59564074"
"JH378105","21477978","21478281","chr5","129663335","129663627","44","108185357"
"JH378105","21508759","21509054","chr11","81071394","81071688","14","59562635"
"JH378105","21527851","21528162","chr11","81090504","81090817","25","59562653"
"JH378105","21617477","21617769","chr11","81181102","81181393","18","59563625"
"JH378105","21675603","21675907","chr11","81253893","81254190","33","59578290"
"JH378105","21676818","21677129","chr4","73636561","73636860","70","51959743"
"JH378105","21678699","21679009","chr11","81256974","81257286","36","59578275"
"JH378105","21693939","21694241","chr11","81274202","81274519","34","59580263"
"JH378105","21708047","21708344","chr11","81287955","81288248","40","59579908"
"JH378105","21762324","21762418","chr11","81344164","81344259","11","59581840"
"JH378105","21762443","21762606","chr2","11639149","11639313","25","10123294"
"JH378105","21762607","21762780","chr11","81344921","81345082","25","59582314"
"JH378105","21810737","21811062","chr11","81393658","81393986","23","59582921"
"JH378105","21847622","21847923","chr11","81432158","81432438","45","59584536"
"JH378105","21962606","21962903","chr13","58693733","58694023","46","36731127"
"JH378105","21966947","21967245","chr11","119090584","119090882","44","97123637"
"JH378105","21980606","21980759","chr19","35927245","35927407","29","13946639"
"JH378105","21980784","21980906","chr2","61369495","61369612","18","39388711"
"JH378105","22009228","22009555","chr6","44175012","44175321","65","22165784"
"JH378105","22020905","22021142","chr11","81617859","81618097","53","59596954"
"JH378105","22035646","22035934","chr1","200232672","200232963","44","178197026"
"JH378105","22048253","22048549","chr11","81644104","81644378","39","59595851"
"JH378105","22070017","22070315","chr11","81665889","81666190","27","59595872"
"JH378105","22078111","22078403","chr11","81673577","81673859","26","59595466"
"JH378105","22079761","22080052","chr11","16241655","16241942","42","5838106"
"JH378105","22110243","22110357","chr22","39268184","39268300","13","17157941"
"JH378105","22111401","22111696","chr3","118798318","118798611","39","96686917"
"JH378105","22198092","22198403","chr5","50659779","50660089","42","28461687"
"JH378105","22209178","22209302","chr1","104732482","104732603","13","82523304"
"JH378105","22216020","22216247","chr10","94847970","94848191","41","72631950"
"JH378105","22216248","22216372","chr12","4170136","4170256","22","18046112"
"JH378105","22219890","22220179","chr11","81816524","81816826","29","59596634"
"JH378105","22221378","22221495","chr2","38822610","38822727","6","16601232"
"JH378105","22242358","22242650","chr12","80151638","80151927","44","57909280"
"JH378105","22250382","22250688","chr1","139413757","139414057","48","117163375"
"JH378105","22253873","22253992","chr12","112775797","112775920","17","90521924"
"JH378105","22254056","22254222","chr7","66945741","66945904","31","44691685"
"JH378105","22256695","22256985","chr11","81855655","81855930","37","59598960"
"JH378105","22259845","22260149","chr11","81858450","81858759","22","59598605"
"JH378105","22264498","22264778","chr11","81868250","81868538","32","59603752"
"JH378105","22266276","22266551","chr11","81869723","81869998","27","59603447"
"JH378105","22267201","22267495","chr11","81870647","81870943","22","59603446"
"JH378105","22269624","22269782","chr9","46193559","46193718","19","23923935"
"JH378105","22283126","22283426","chr11","81882563","81882863","20","59599437"
"JH378105","22290894","22291194","chrX","46919415","46919716","37","24628521"
"JH378105","22296433","22296443","chr5","75702375","75702386","1","53405942"
"JH378105","22296470","22296745","chr15","56917113","56917386","41","34620643"
"JH378105","22299271","22299551","chr11","81898729","81899010","20","59599458"
"JH378105","22313260","22313387","chr11","121206185","121206312","12","98892925"
"JH378105","22314307","22314392","chr11","81915554","81915639","5","59601247"
"JH378105","22321610","22321760","chr11","81923643","81923801","16","59602033"
"JH378105","22324400","22324709","chr14","16009052","16009354","48","6315348"
"JH378105","22324710","22324846","chr11","81926861","81926993","16","59602151"
"JH378105","22325111","22325282","chr11","81927190","81927377","25","59602079"
"JH378105","22343021","22343149","chr2","29875920","29876049","7","7532899"
"JH378105","22345080","22345369","chr11","81946641","81946922","28","59601561"
"JH378105","22346480","22346776","chr11","81947723","81948017","31","59601243"
"JH378105","22357825","22358135","chr11","81957408","81957709","33","59599583"
"JH378105","22358389","22358666","chr11","81957951","81958237","28","59599562"
"JH378105","22374323","22374423","chr11","81971652","81971752","8","59597329"
"JH378105","22387553","22387848","chr11","81986324","81986607","34","59598771"
"JH378105","22394190","22394502","chr11","82000171","82000472","34","59605981"
"JH378105","22395300","22395448","chr11","82001261","82001409","9","59605961"
"JH378105","22396046","22396215","chr11","82001697","82001864","11","59605651"
"JH378105","22400734","22401024","chr11","82007548","82007837","24","59606814"
"JH378105","22441207","22441501","chr3","106663978","106664270","39","84222771"
"JH378105","22441502","22441633","chr6","155180689","155180824","14","132739187"
"JH378105","22443891","22444174","chr2","57087119","57087409","47","34643228"
"JH378105","22463642","22463941","chr11","82050006","82050290","32","59586364"
"JH378105","22488082","22488390","chr11","82076706","82077026","30","59588624"
"JH378105","22499939","22499993","chr9","45519391","45519447","13","23019452"
"JH378105","22501353","22501363","chr8","5721402","5721413","2","16779951"
"JH378105","22501364","22501657","chr10","81196256","81196554","49","58694892"
"JH378105","22501658","22501834","chr11","82085700","82085875","27","59584042"
"JH378105","22506376","22506558","chr12","116432849","116433030","29","93926473"
"JH378105","22513337","22513627","chr11","82096970","82097260","29","59583633"
"JH378105","22530557","22530847","chr11","82118539","82118845","37","59587982"
"JH378105","22536181","22536314","chr22","34239044","34239178","19","11702863"
"JH378105","22536612","22536785","chr10","60436935","60437106","28","37900323"
"JH378105","22538296","22538591","chr11","82125959","82126246","34","59587663"
"JH378105","22551033","22551336","chr4","38053211","38053510","44","15502178"
"JH378105","22551337","22551561","chr15","34420644","34420855","35","11869307"
"JH378105","22552137","22552408","chr7","57876722","57876993","48","35324585"
"JH378105","22552438","22552474","chr5","96526175","96526208","11","73973737"
"JH378105","22558433","22558539","chr5","140152795","140152906","13","117594362"
"JH378105","22561334","22561414","chr1","174971147","174971229","19","152409813"
"JH378105","22563923","22564231","chr11","82150098","82150409","33","59586175"
"JH378105","22572027","22572122","chr9","86703474","86703568","16","64131447"
"JH378105","22572420","22572602","chr10","47077695","47077887","40","24505275"
"JH378105","22572756","22573049","chr6","132899086","132899368","56","110326330"
"JH378105","22580898","22580965","chr5","5758192","5758253","13","16822706"
"JH378105","22586844","22587145","chr7","63486586","63486882","45","40899742"
"JH378105","22590754","22591036","chr11","82172479","82172761","18","59581725"
"JH378105","22592520","22592826","chr11","82174359","82174664","14","59581839"
"JH378105","22598844","22599153","chr16","91545694","91546004","51","68946850"
"JH378105","22599963","22600268","chr7","25928953","25929253","50","3328990"
"JH378105","22603879","22604167","chr7","37031164","37031453","45","14427285"
"JH378105","22609069","22609348","chr10","25402959","25403240","41","2793890"
"JH378105","22613457","22613752","chr11","82200067","82200363","17","59586610"
"JH378105","22616131","22616417","chr19","14314187","14314476","39","8301944"
"JH378105","22621136","22621443","chr11","82207641","82207934","32","59586505"
"JH378105","22622196","22622497","chr11","82208556","82208839","34","59586360"
"JH378105","22674191","22674491","chr11","82274113","82274411","22","59599922"
"JH378105","22683600","22683898","chr11","82283522","82283821","17","59599922"
"JH378105","22711327","22711624","chr13","61627046","61627346","42","38915719"
"JH378105","22750678","22750962","chr11","82350760","82351051","19","59600082"
"JH378105","22833484","22833614","chr4","167165859","167165992","17","144332375"
"JH378105","22859448","22859701","chr11","82467723","82467996","29","59608275"
"JH378105","22866784","22867091","chr11","82475379","82475679","26","59608595"
"JH378105","22915968","22916136","chr15","74457380","74457547","23","51541412"
"JH378105","23004060","23004349","chrX","64480750","64481035","44","41476690"
"JH378105","23006756","23007055","chr11","82620828","82621135","30","59614072"
"JH378105","23159954","23160258","chr11","82794777","82795075","25","59634823"
"JH378105","23228879","23229028","chrX","38515003","38515150","26","15286124"
"JH378105","23229058","23229178","chr1","179586986","179587106","10","156357928"
"JH378105","23346073","23346376","chr1","180167773","180168077","45","156821700"
"JH378105","23396091","23396380","chr11","83034357","83034646","26","59638266"
"JH378105","23412783","23413094","chr11","83050627","83050938","20","59637844"
"JH378105","23477529","23477808","chr11","83116961","83117257","36","59639432"
"JH378105","23482020","23482129","chr9","112263796","112263912","24","88781776"
"JH378105","23482167","23482336","chr10","17302293","17302468","19","6179874"
"JH378105","23593671","23593951","chr5","62474627","62474905","51","38880956"
"JH378105","23645665","23645787","chr5","154294069","154294191","15","130648404"
"JH378105","23645835","23646019","chr11","124437838","124438015","38","100792003"
"JH378105","23671581","23671690","chr4","36780520","36780633","11","13108939"
"JH378105","23684700","23684987","chr11","83326023","83326310","16","59641323"
"JH378105","23698224","23698554","chr11","83339373","83339675","44","59641149"
"JH378105","23699025","23699320","chr10","12706921","12707215","43","10992104"
"JH378105","23703345","23703632","chr9","52445691","52445972","27","28742346"
"JH378105","23703741","23704036","chr11","83343947","83344245","20","59640206"
"JH378105","23706316","23706499","chrX","137222383","137222560","27","113516067"
"JH378105","23721586","23721865","chr11","83361118","83361392","18","59639532"
"JH378105","23727079","23727379","chr11","83368342","83368635","32","59641263"
"JH378105","23729303","23729606","chr11","83370553","83370847","28","59641250"
"JH378105","23731373","23731698","chr14","88566987","88567307","60","64835614"
"JH378105","23824994","23825287","chr11","83475324","83475617","27","59650330"
"JH378105","23846303","23846591","chr9","39368972","39369252","49","15522669"
"JH378105","23849287","23849592","chr14","71407237","71407543","48","47557950"
"JH378105","23853298","23853358","chr6","57679481","57679539","11","33826183"
"JH378105","23864885","23865145","chr5","66230054","66230316","42","42365169"
"JH378105","23907771","23908070","chr11","83563405","83563694","36","59655634"
"JH378105","23916286","23916502","chr7","50678291","50678504","37","26762005"
"JH378105","23982295","23982427","chr9","89091272","89091404","16","65108977"
"JH378105","24008388","24008694","chr1","66305054","66305352","42","42296666"
"JH378105","24067073","24067366","chr11","83748943","83749227","37","59681870"
"JH378105","24070759","24071038","chr11","83752620","83752930","43","59681861"
"JH378105","24080580","24080893","chr11","83762662","83762975","18","59682082"
"JH378105","24141740","24142018","chr11","83821974","83822262","32","59680234"
"JH378105","24160746","24160912","chr5","72046153","72046316","21","47885407"
"JH378105","24175896","24176197","chr11","83857059","83857362","24","59681163"
"JH378105","24208428","24208588","chrX","117832335","117832494","23","93623907"
"JH378105","24237303","24237622","chr11","83917619","83917936","36","59680316"
"JH378105","24247658","24247963","chr11","83928013","83928318","16","59680355"
"JH378105","24260757","24261062","chr11","83939250","83939559","23","59678493"
"JH378105","24354999","24355266","chr19","18362531","18362799","39","5992468"
"JH378105","24394420","24394708","chr1","10595235","10595530","51","13799185"
"JH378105","24435592","24435877","chrX","47489488","47489770","41","23053896"
"JH378105","24436905","24437214","chr11","84121500","84121799","26","59684595"
"JH378105","24471697","24472033","chr9","95556382","95556715","58","71084685"
"JH378105","24485747","24485996","chr11","84168382","84168631","18","59682635"
"JH378105","24507293","24507502","chr11","84222912","84223141","32","59715619"
"JH378105","24594457","24594748","chr11","84310924","84311219","27","59716467"
"JH378105","24718833","24719130","chr11","84467269","84467560","23","59748436"
"JH378105","24730000","24730290","chr11","84485908","84486198","19","59755908"
"JH378105","24743290","24743460","chr11","84503455","84503635","21","59760165"
"JH378105","24743497","24743623","chr11","84503676","84503800","11","59760179"
"JH378105","24832915","24833236","chr22","3232436","3232747","63","21600479"
"JH378105","24913650","24913949","chr11","84677928","84678223","29","59764278"
"JH378105","24943661","24944000","chr7","27345420","27345752","62","2401759"
"JH378105","25237333","25237637","chr11","84996746","84997051","23","59759413"
"JH378105","25253888","25254021","chr7","4195915","4196046","9","21057973"
"JH378105","25597914","25598209","chr11","85367028","85367326","31","59769114"
"JH378105","25639879","25640195","chr20","1018260","1018569","51","24621619"
"JH378105","25682298","25682434","chr2","151509721","151509855","19","125827423"
"JH378105","25683808","25683973","chr1","170058771","170058932","32","144374963"
"JH378105","25698656","25698955","chr11","85479503","85479802","25","59780847"
"JH378105","25714636","25714878","chr6","148059108","148059342","43","122344472"
"JH378105","25724052","25724300","chr11","85504951","85505196","26","59780899"
"JH378105","25773522","25773685","chr5","84727963","84728119","41","58954441"
"JH378105","25773721","25773840","chr4","127556202","127556319","21","101782481"
"JH378105","25933073","25933372","chr11","85730664","85730954","30","59797591"
"JH378105","26012208","26012492","chr14","14161587","14161864","45","11850621"
"JH378105","26225007","26225317","chr11","86054732","86055043","29","59829725"
"JH378105","26296371","26296668","chr1","185090785","185091086","45","158794414"
"JH378105","26389151","26389454","chr11","86227097","86227393","35","59837946"
"JH378105","26416021","26416135","chrX","106994313","106994429","17","80578292"
"JH378105","26486426","26486704","chr11","86347322","86347601","22","59860896"
"JH378105","26489682","26489927","chr7","62617566","62617813","44","36127884"
"JH378105","26530217","26530501","chr11","86385534","86385830","35","59855317"
"JH378105","26597066","26597181","chr10","15068852","15068967","16","11528214"
"JH378105","26597594","26597682","chr1","187980072","187980159","13","161382478"
"JH378105","26746015","26746263","chr2","100040773","100041024","43","73294758"
"JH378105","26811399","26811709","chr11","86700446","86700756","31","59889047"
"JH378105","26880762","26881069","chr11","86804047","86804365","27","59923285"
"JH378105","26891670","26891976","chr11","86815580","86815884","26","59923910"
"JH378105","26927275","26927402","chr11","86846935","86847057","12","59919660"
"JH378105","27039512","27039706","chr11","86990876","86991075","26","59951364"
"JH378105","27202164","27202279","chr4","36909845","36909959","20","9707681"
"JH378105","27202311","27202465","chr13","36345076","36345231","30","9142765"
"JH378105","27335704","27335836","chr5","125230311","125230443","11","97894607"
"JH378105","27418675","27419013","chr11","87381684","87381994","53","59963009"
"JH378105","27617843","27618164","chr5","72953809","72954129","78","45335966"
"JH378105","27662167","27662375","chr11","87643843","87644043","18","59981676"
"JH378105","27696239","27696514","chr11","50463403","50463688","62","22767164"
"JH378105","27753046","27753339","chr11","87746732","87747006","50","59993686"
"JH378105","27797873","27798200","chr18","5704717","5705026","52","22093156"
"JH378105","27905986","27906292","chrX","45579634","45579937","49","17673648"
"JH378105","27936326","27936456","chr11","87943352","87943466","22","60007026"
"JH378105","27936460","27936740","chr8","91069416","91069677","62","63132956"
"JH378105","27956348","27956675","chr13","60820877","60821192","55","32864529"
"JH378105","27983915","27984179","chr11","87974099","87974384","38","59990184"
"JH378105","27987391","27987691","chr11","87970628","87970941","37","59983237"
"JH378105","28033180","28033496","chr4","155528137","155528448","54","127494957"
"JH378105","28043278","28043566","chr11","88052614","88052899","22","60009336"
"JH378105","28044600","28044899","chr11","88053940","88054239","22","60009340"
"JH378105","28067866","28068175","chr11","88076746","88077044","27","60008880"
"JH378105","28082055","28082265","chr11","118058674","118058884","41","89976619"
"JH378105","28082621","28082732","chr11","28161951","28162062","14","79330"
"JH378105","28184604","28184915","chr9","90174215","90174526","51","61989611"
"JH378105","28259841","28260101","chr7","128908388","128908657","48","100648547"
"JH378105","28275355","28275492","chr4","42629652","42629784","23","14354297"
"JH378105","28377098","28377241","chr11","88422428","88422559","25","60045330"
"JH378105","28377535","28377545","chr11","88422853","88422863","0","60045318"
"JH378105","28576309","28576444","chr3","187803727","187803864","24","159227418"
"JH378105","28793441","28793613","chr11","88962969","88963131","28","60169528"
"JH378105","28795930","28796255","chr11","88964658","88964976","37","60168728"
"JH378105","28821217","28821349","chr3","99737913","99738045","10","70916696"
"JH378105","28832163","28832462","chr11","89008844","89009145","47","60176681"
"JH378105","28858337","28858451","chr3","33903659","33903773","5","5045322"
"JH378105","28883428","28883556","chr15","67828910","67829037","20","38945482"
"JH378105","28884511","28884775","chr11","89063162","89063426","24","60178651"
"JH378105","28909229","28909410","chr12","94866460","94866638","36","65957231"
"JH378105","28935144","28935420","chr4","36532139","36532398","58","7596995"
"JH378105","29010744","29011040","chr11","89209217","89209501","27","60198473"
"JH378105","29039794","29040095","chr21","45452034","45452332","52","16412240"
"JH378105","29060457","29060578","chr2","72597203","72597328","19","43536746"
"JH378105","29071552","29071844","chr1","167894155","167894451","63","138822603"
"JH378105","29120985","29121162","chr11","89332670","89332847","17","60211685"
"JH378105","29121838","29121977","chr10","102728603","102728743","25","73606765"
"JH378105","29270482","29270743","chr22","8661472","8661731","44","20609010"
"JH378105","29326416","29326537","chr2","61369495","61369612","13","32043079"
"JH378105","29326583","29326890","chr11","89540012","89540313","34","60213429"
"JH378105","29326891","29327051","chr1","10436469","10436632","28","18890422"
"JH378105","29333479","29333783","chr11","89546890","89547192","24","60213411"
"JH378105","29337308","29337447","chr20","21255446","21255580","17","8081862"
"JH378105","29452914","29453207","chr11","89671405","89671703","58","60218491"
"JH378105","29619979","29620207","chr11","89851588","89851815","13","60231609"
"JH378105","29671499","29671793","chr11","89915088","89915380","35","60243589"
"JH378105","29743639","29743925","chr22","3045534","3045822","49","26698105"
"JH378105","29760349","29760644","chr5","147004305","147004601","46","117243956"
"JH378105","29811600","29811910","chr2","131566064","131566373","44","101754464"
"JH378105","29887108","29887212","chr10","45461249","45461353","14","15574141"
"JH378105","30004634","30004922","chr11","90287426","90287724","25","60282792"
"JH378105","30015203","30015458","chr3","107290537","107290803","43","77275334"
"JH378105","30041699","30041993","chr11","90327822","90328117","17","60286123"
"JH378105","30090605","30090951","chr3","90704388","90704726","70","60613783"
"JH378105","30297253","30297559","chr4","59547638","59547947","35","29250385"
"JH378105","30306421","30306611","chr19","23841757","23841934","39","6464664"
"JH378105","30306885","30307055","chr10","17673051","17673210","45","12633834"
"JH378105","30404738","30405019","chr7","100879943","100880222","44","70475205"
"JH378105","30504619","30504728","chr5","141013606","141013718","12","110508987"
"JH378105","30567056","30567345","chr11","90838929","90839222","18","60271873"
"JH378105","30576599","30576894","chr11","90849063","90849362","21","60272464"
"JH378105","30621659","30621772","chr1","43724758","43724871","6","13103099"
"JH378105","30642563","30642862","chr11","90917430","90917733","23","60274867"
"JH378105","30901541","30901662","chr11","91183876","91183989","16","60282335"
"JH378105","30901973","30902180","chr11","91184279","91184470","37","60282306"
"JH378105","30902333","30902633","chr11","91184620","91184926","28","60282287"
"JH378105","30947757","30948067","chr11","91229626","91229937","24","60281869"
"JH378105","30984279","30984408","chr12","79184103","79184232","9","48199824"
"JH378105","31227297","31227582","chr11","91542051","91542338","20","60314754"
"JH378105","31246097","31246406","chr9","28950862","28951169","49","2295235"
"JH378105","31267602","31267771","chr10","129593642","129593807","33","98326040"
"JH378105","31267927","31268020","chr1","182020397","182020493","18","150752470"
"JH378105","31514289","31514588","chr11","91831123","91831406","29","60316834"
"JH378105","31569994","31570240","chr22","5293898","5294155","49","26276096"
"JH378105","31597628","31597930","chr11","91905095","91905378","39","60307467"
"JH378105","31662063","31662265","chr11","91972043","91972227","33","60309980"
"JH378105","31662620","31662733","chr11","91972581","91972694","10","60309961"
"JH378105","31849795","31850059","chr19","11935591","11935860","50","19914204"
"JH378105","31910622","31910913","chr11","92227489","92227794","38","60316867"
"JH378105","31922194","31922412","chr9","58010568","58010777","45","26088374"
"JH378105","32005218","32005366","chr8","87338373","87338514","23","55333155"
"JH378105","32012864","32013116","chr11","92338647","92338895","40","60325783"
"JH378105","32024024","32024259","chr18","1256124","1256361","51","30767900"
"JH378105","32099140","32099418","chrUn_GL289005","4155","4439","50","32094985"
"JH378105","32247703","32248005","chr11","92579398","92579707","32","60331695"
"JH378105","32319322","32319590","chr12","9414501","9414775","44","22904821"
"JH378105","32476541","32476719","chr19","24002997","24003163","41","8473544"
"JH378105","32476753","32476875","chr9","86411569","86411688","16","53934816"
"JH378105","32675013","32675296","chr11","93011707","93011995","23","60336694"
"JH378105","32947297","32947584","chr4","49412367","49412651","58","16465070"
"JH378105","33141472","33141737","chr11","93508681","93508963","38","60367209"
"JH378105","33160132","33160390","chr11","93527437","93527709","33","60367305"
"JH378105","33174488","33174783","chr11","93541145","93541439","24","60366657"
"JH378105","33245575","33245869","chr11","93613866","93614161","27","60368291"
"JH378105","33247996","33248293","chr11","93616295","93616592","13","60368299"
"JH378105","33276468","33276765","chr11","93643395","93643692","14","60366927"
"JH378105","33383035","33383125","chr11","93747457","93747545","7","60364422"
"JH378105","33422375","33422481","chr11","93799366","93799473","5","60376991"
"JH378105","33518345","33518665","chr11","93893202","93893523","26","60374857"
"JH378105","33596702","33596866","chr3","188924708","188924871","28","155328006"
"JH378105","33646388","33646676","chr11","94026086","94026385","28","60379698"
"JH378105","33659070","33659372","chr10","59551672","59551968","59","25892602"
"JH378105","33713677","33713976","chr12","27150421","27150727","47","6563256"
"JH378105","33737101","33737185","chr1","66338291","66338373","12","32601190"
"JH378105","33897384","33897691","chr11","94292713","94293009","33","60395329"
"JH378105","33965195","33965506","chr11","94380699","94381006","21","60415504"
"JH378105","33979839","33980123","chr11","94397697","94397979","23","60417858"
"JH378105","34087712","34087994","chr14","9974775","9975056","38","24112937"
"JH378105","34088030","34088040","chr3","6837769","6837779","1","27250261"
"JH378105","34088812","34088981","chr4","81170151","81170329","17","47081339"
"JH378105","34089010","34089128","chr2","133691626","133691745","9","99602616"
"JH378105","34118256","34118413","chr5","1584865","1585028","24","32533391"
"JH378105","34118721","34118856","chr7","81189251","81189387","12","47070530"
"JH378105","34160960","34161284","chr11","94589096","94589398","37","60428136"
"JH378105","34170607","34170923","chr19","46819491","46819803","52","12648884"
"JH378105","34179596","34179891","chr11","94607159","94607453","18","60427563"
"JH378105","34181797","34181910","chr6","44535214","44535327","5","10353417"
"JH378105","34183978","34184151","chrUn_GL286670","1","168","40","34183977"
"JH378105","34249744","34250026","chr11","94677079","94677366","33","60427335"
"JH378105","34260321","34260608","chr11","94689808","94690094","22","60429487"
"JH378105","34292743","34293040","chr11","94727890","94728196","40","60435147"
"JH378105","34293374","34293631","chr11","94728530","94728786","18","60435156"
"JH378105","34350354","34350617","chr1","167095284","167095565","58","132744930"
"JH378105","34381836","34382147","chr11","94826666","94826969","39","60444830"
"JH378105","34393103","34393397","chr11","94838566","94838850","31","60445463"
"JH378105","34437277","34437438","chr6","122034614","122034776","24","87597337"
"JH378105","34437463","34437583","chr3","115803586","115803707","16","81366123"
"JH378105","34451897","34452193","chr11","94903541","94903833","29","60451644"
"JH378105","34574013","34574307","chr11","95026923","95027214","22","60452910"
"JH378105","34631611","34631897","chr5","72139665","72139949","44","37508054"
"JH378105","34631956","34631970","chrX","79337791","79337805","0","44705835"
"JH378105","34645304","34645629","chr8","7783296","7783602","55","26862008"
"JH378105","34729491","34729794","chr11","95186942","95187244","21","60457451"
"JH378105","34780352","34780646","chr11","95240740","95241039","24","60460388"
"JH378105","34795852","34796154","chr11","95255879","95256181","18","60460027"
"JH378105","34875082","34875355","chr11","95339194","95339467","14","60464112"
"JH378105","34894699","34895021","chr2","15209081","15209394","48","19685618"
"JH378105","34901904","34902155","chr11","95369969","95370220","19","60468065"
"JH378105","34905612","34905842","chr22","19793510","19793737","41","15112102"
"JH378105","34947287","34947583","chr11","95414622","95414911","27","60467335"
"JH378105","34983838","34984146","chr7","4681870","4682177","50","30301968"
"JH378105","34999136","34999439","chr11","95467269","95467574","16","60468133"
"JH378105","35002361","35002502","chr20","21064445","21064581","15","13937916"
"JH378105","35003146","35003313","chr11","95471110","95471284","21","60467964"
"JH378105","35013619","35013880","chr11","95481666","95481925","18","60468047"
"JH378105","35015013","35015285","chr1","192134072","192134344","48","157119059"
"JH378105","35043642","35043776","chr11","95511681","95511815","8","60468039"
"JH378105","35044059","35044225","chr1","99543338","99543503","26","64499279"
"JH378105","35052626","35052920","chr12","3996669","3996960","45","31055957"
"JH378105","35056034","35056188","chr11","95525366","95525520","12","60469332"
"JH378105","35062878","35063011","chr19","15588126","15588263","16","19474752"
"JH378105","35065351","35065647","chr11","95537301","95537593","29","60471950"
"JH378105","35071309","35071591","chr11","95542978","95543275","40","60471669"
"JH378105","35079723","35079978","chr11","95551413","95551652","38","60471690"
"JH378105","35089586","35089863","chr5","2012948","2013229","46","33076638"
"JH378105","35092594","35092896","chr11","95564418","95564722","20","60471824"
"JH378105","35095699","35096007","chr11","95567528","95567835","16","60471829"
"JH378105","35097851","35098143","chr11","95569648","95569938","31","60471797"
"JH378105","35124357","35124665","chr12","97981256","97981551","58","62856899"
"JH378105","35149453","35149744","chr11","95622555","95622847","18","60473102"
"JH378105","35150501","35150807","chr11","95623591","95623897","22","60473090"
"JH378105","35166512","35166817","chr11","95639657","95639947","30","60473145"
"JH378105","35190064","35190358","chr11","95665278","95665563","24","60475214"
"JH378105","35194674","35194984","chr11","95669804","95670120","28","60475130"
"JH378105","35205285","35205572","chr11","95679561","95679862","30","60474276"
"JH378105","35210825","35210948","chr21","40634824","40634948","15","5423999"
"JH378105","35218945","35219231","chr11","95694570","95694848","32","60475625"
"JH378105","35224895","35225225","chr11","95700295","95700602","42","60475400"
"JH378105","35242921","35243178","chr9","105110547","105110804","33","69867626"
"JH378105","35244737","35245043","chr11","95720606","95720898","24","60475869"
"JH378105","35275162","35275374","chr12","11534095","11534305","33","23741067"
"JH378105","35279376","35279678","chr1","174175874","174176177","45","138896498"
"JH378105","35317607","35317915","chr11","95795109","95795408","30","60477502"
"JH378105","35334107","35334402","chr5","46109808","46110087","62","10775701"
"JH378105","35335533","35335815","chr5","123854562","123854843","43","88519029"
"JH378105","35341029","35341309","chr2","14725677","14725958","48","20615352"
"JH378105","35362488","35362796","chr11","113317153","113317462","50","77954665"
"JH378105","35416593","35416894","chr11","95924962","95925275","33","60508369"
"JH378105","35425087","35425398","chr11","95933796","95934092","34","60508709"
"JH378105","35465835","35466134","chr11","95983459","95983751","23","60517624"
"JH378105","35474258","35474558","chr11","95992484","95992780","29","60518226"
"JH378105","35474964","35475261","chr11","95993186","95993486","18","60518222"
"JH378105","35475313","35475510","chr4","8113022","8113211","40","27362291"
"JH378105","35494637","35494926","chr11","96013890","96014185","21","60519253"
"JH378105","35502174","35502446","chr4","123652924","123653192","49","88150750"
"JH378105","35510422","35510544","chr11","96027349","96027478","13","60516927"
"JH378105","35542335","35542506","chr11","96065538","96065718","16","60523203"
"JH378105","35546045","35546348","chr5","41472016","41472333","74","5925971"
"JH378105","35565326","35565418","chr12","79263969","79264058","6","43698643"
"JH378105","35591701","35591954","chr11","96119094","96119354","21","60527393"
"JH378105","35614630","35614912","chr11","96141987","96142270","19","60527357"
"JH378105","35627359","35627551","chr1","50061532","50061718","26","14434173"
"JH378105","35627861","35627995","chr22","10370486","10370620","6","25257375"
"JH378105","35653439","35653567","chr11","96172742","96172870","4","60519303"
"JH378105","35653858","35654050","chr11","96173169","96173357","18","60519311"
"JH378105","35655562","35655866","chr11","96174861","96175164","26","60519299"
"JH378105","35656376","35656672","chr11","96175672","96175969","16","60519296"
"JH378105","35657476","35657760","chr11","96176763","96177056","28","60519287"
"JH378105","35659169","35659399","chr11","96178426","96178656","22","60519257"
"JH378105","35702135","35702412","chr11","96223556","96223812","47","60521421"
"JH378105","35702984","35703145","chr3","111819841","111819997","29","76116857"
"JH378105","35703500","35703617","chr22","44766618","44766733","13","9063118"
"JH378105","35710670","35710913","chrX","141076164","141076397","51","105365494"
"JH378105","35715361","35715563","chr3","127094636","127094835","29","91379275"
"JH378105","35715834","35715953","chr22","13586122","13586233","24","22129712"
"JH378105","35724608","35724884","chr11","96248381","96248654","20","60523773"
"JH378105","35725274","35725475","chr7","154661353","154661552","34","118936079"
"JH378105","35725474","35725690","chr6","149585040","149585231","54","113859566"
"JH378105","35728812","35729091","chr4","148485141","148485423","46","112756329"
"JH378105","35729343","35729438","chr11","96252815","96252908","6","60523472"
"JH378105","35730927","35731238","chr11","96254371","96254671","22","60523444"
"JH378105","35732829","35732913","chr11","96256264","96256345","8","60523435"
"JH378105","35742432","35742577","chr6","95794496","95794640","23","60052064"
"JH378105","35742578","35742874","chr8","115174703","115175001","47","79432125"
"JH378105","35742875","35742994","chr5","64752899","64753016","17","29010024"
"JH378105","35744790","35745072","chr11","96268231","96268517","23","60523441"
"JH378105","35746831","35747124","chr22","38404242","38404535","38","2657411"
"JH378105","35791927","35792062","chr1","108329134","108329268","16","72537207"
"JH378105","35792374","35792547","chr7","81467105","81467276","30","45674731"
"JH378105","35818826","35819052","chr3","137437773","137437998","45","101618947"
"JH378105","35829949","35830078","chr1","135416410","135416540","13","99586461"
"JH378105","35842663","35842982","chr11","96370894","96371215","27","60528231"
"JH378105","35846069","35846198","chr11","96374867","96374996","6","60528798"
"JH378105","35860846","35860998","chr3","107779120","107779274","28","71918274"
"JH378105","35860999","35861015","chr5","74419103","74419118","2","38558104"
"JH378105","35861039","35861310","chr1","188805096","188805378","46","152944057"
"JH378105","35861311","35861447","chr11","96399196","96399331","11","60537885"
"JH378105","35871391","35871674","chr11","96412423","96412706","18","60541032"
"JH378105","35874296","35874415","chr1","96769895","96770014","21","60895599"
"JH378105","35874442","35874621","chr2","68194826","68195000","28","32320384"
"JH378105","35877433","35877738","chr11","96417812","96418122","30","60540379"
"JH378105","35878283","35878593","chr11","96418347","96418647","39","60540064"
"JH378105","35885299","35885608","chr11","96426194","96426494","28","60540895"
"JH378105","35898361","35898643","chr11","96438670","96438951","28","60540309"
"JH378105","35903166","35903302","chr14","76826778","76826913","15","40923612"
"JH378105","35903613","35903783","chr1","185782736","185782908","40","149879123"
"JH378105","35903843","35904080","chr14","33128316","33128543","54","2775527"
"JH378105","35904117","35904411","chr6","153989320","153989617","42","118085203"
"JH378105","35917933","35918219","chr11","96456785","96457079","31","60538852"
"JH378105","35927167","35927237","chr2","185995588","185995657","10","150068421"
"JH378105","35928088","35928389","chr7","148641898","148642198","42","112713810"
"JH378105","35931462","35931590","chr11","96471563","96471693","13","60540101"
"JH378105","35934423","35934729","chr11","96474518","96474809","40","60540095"
"JH378105","35942512","35942785","chr7","73559695","73559970","41","37617183"
"JH378105","35942951","35943255","chr11","96482602","96482896","43","60539651"
"JH378105","35946870","35947177","chr11","96489453","96489760","25","60542583"
"JH378105","35955204","35955335","chr10","1576634","1576765","6","34378570"
"JH378105","35974313","35974434","chr6","48991188","48991309","26","13016875"
"JH378105","35974727","35974863","chrX","119209849","119209983","20","83235122"
"JH378105","35977204","35977498","chr22","6475349","6475647","49","29501855"
"JH378105","36012260","36012554","chr12","10315533","10315817","64","25696727"
"JH378105","36013519","36013811","chr3","118798318","118798611","38","82784799"
"JH378105","36028820","36029120","chr10","81196256","81196554","41","45167436"
"JH378105","36029643","36029790","chr7","120528185","120528335","29","84498542"
"JH378105","36030096","36030219","chr21","47426023","47426144","13","11395927"
"JH378105","36037078","36037375","chr11","96583388","96583682","32","60546310"
"JH378105","36057328","36057630","chr11","96604656","96604962","31","60547328"
"JH378105","36057806","36058116","chr11","96605123","96605427","27","60547317"
"JH378105","36070538","36070850","chr11","96618553","96618851","34","60548015"
"JH378105","36113572","36113801","chr12","2953782","2954014","38","33159790"
"JH378105","36130860","36131169","chr11","96683951","96684245","36","60553091"
"JH378105","36163640","36163927","chr6","14097218","14097506","41","22066422"
"JH378105","36254013","36254026","chr4","38148885","38148896","2","1894872"
"JH378105","36254063","36254343","chr5","5507200","5507480","45","30746863"
"JH378105","36288171","36288313","chr6","8292587","8292729","22","27995584"
"JH378105","36301482","36301784","chr2","48696731","48697025","45","12395249"
"JH378105","36387621","36387921","chr11","96946004","96946302","29","60558383"
"JH378105","36412417","36412722","chr11","96969380","96969677","35","60556963"
"JH378105","36418980","36419084","chr17","63478548","63478651","8","27059568"
"JH378105","36419669","36419829","chr1","127108787","127108939","24","90689118"
"JH378105","36454012","36454311","chr11","97010918","97011215","21","60556906"
"JH378105","36458502","36458695","chr1","181422524","181422717","35","144964022"
"JH378105","36478942","36479250","chr1","173583879","173584187","38","137104937"
"JH378105","36495772","36496052","chr2","200657405","200657685","44","164161633"
"JH378105","36497771","36498079","chr11","97059092","97059401","21","60561321"
"JH378105","36510774","36511059","chr11","97071640","97071906","34","60560866"
"JH378105","36535495","36535788","chr11","97095280","97095576","16","60559785"
"JH378105","36554816","36555122","chr11","97114424","97114727","23","60559608"
"JH378105","36560127","36560413","chr9","2889431","2889717","47","33670696"
"JH378105","36561102","36561216","chr11","97120070","97120183","6","60558968"
"JH378105","36566030","36566329","chr11","97124995","97125291","24","60558965"
"JH378105","36568609","36568741","chr11","97127559","97127688","12","60558950"
"JH378105","36588192","36588498","chr11","97147004","97147299","45","60558812"
"JH378105","36611935","36612217","chr11","97183392","97183675","17","60571457"
"JH378105","36613730","36614021","chr11","97185477","97185773","23","60571747"
"JH378105","36616527","36616779","chr11","80626379","80626609","53","44009852"
"JH378105","36617099","36617172","chr5","41435478","41435550","12","4818379"
"JH378105","36631898","36632201","chr5","3465485","3465781","42","33166413"
"JH378105","36638016","36638190","chr11","97207272","97207446","12","60569256"
"JH378105","36638475","36638612","chr11","97207811","97207944","17","60569336"
"JH378105","36657318","36657600","chr7","22678352","22678637","39","13978966"
"JH378105","36658897","36659204","chr4","18308696","18309003","49","18350201"
"JH378105","36666276","36666552","chr2","170649064","170649341","45","133982788"
"JH378105","36687206","36687502","chr11","97258746","97259040","43","60571540"
"JH378105","36691055","36691115","chr12","60475791","60475852","8","23784736"
"JH378105","36698182","36698277","chr2","175283829","175283924","23","138585647"
"JH378105","36712592","36712767","chr11","97285289","97285455","33","60572697"
"JH378105","36729829","36730128","chr11","97301331","97301626","26","60571502"
"JH378105","36731826","36732105","chr11","97303310","97303590","20","60571484"
"JH378105","36732509","36732784","chr11","97303981","97304251","25","60571472"
"JH378105","36732849","36733038","chr4","139254527","139254693","44","102521678"
"JH378105","36733338","36733464","chr11","97304784","97304910","8","60571446"
"JH378105","36741349","36741668","chr11","97312576","97312878","41","60571227"
"JH378105","36742278","36742473","chr11","97313483","97313689","22","60571205"
"JH378105","36766762","36766851","chr8","105062106","105062193","13","68295344"
"JH378105","36768033","36768340","chr5","74118946","74119252","43","37350913"
"JH378105","36769562","36769747","chr11","97343454","97343640","17","60573892"
"JH378105","36770062","36770198","chr11","97343945","97344079","13","60573883"
"JH378105","36785990","36786280","chr11","97359356","97359642","24","60573366"
"JH378105","36789221","36789517","chr11","97362234","97362534","17","60573013"
"JH378105","36797916","36798267","chr4","88185796","88186131","94","51387880"
"JH378105","36826341","36826536","chr22","10509786","10509988","43","26316555"
"JH378105","36829846","36830146","chr11","97401633","97401934","32","60571787"
"JH378105","36870941","36871069","chr1","94035003","94035128","10","57164062"
"JH378105","36873436","36873593","chr11","97446031","97446202","26","60572595"
"JH378105","36873902","36874032","chr2","12851278","12851412","20","24022624"
"JH378105","36877264","36877559","chr4","32431985","32432272","47","4445279"
"JH378105","36881597","36881709","chr13","117234517","117234615","25","80352920"
"JH378105","36882286","36882331","chr4","20725448","20725490","10","16156838"
"JH378105","36886218","36886517","chr11","97459912","97460214","30","60573694"
"JH378105","36892872","36893145","chr3","178658344","178658627","44","141765472"
"JH378105","36893219","36893248","chr3","125686978","125687003","5","88793759"
"JH378105","36903563","36903584","chr3","173570736","173570757","3","136667173"
"JH378105","36903635","36903897","chr11","97476998","97477260","20","60573363"
"JH378105","36935936","36936025","chr11","8409069","8409159","13","28526867"
"JH378105","36953019","36953183","chr11","97525169","97525332","12","60572150"
"JH378105","36965503","36965812","chr11","97537107","97537403","39","60571604"
"JH378105","36971579","36971884","chr11","97542595","97542904","29","60571016"
"JH378105","36978358","36978661","chr12","31140814","31141112","61","5837544"
"JH378105","36980357","36980647","chr11","97551374","97551658","24","60571017"
"JH378105","36980648","36980732","chr11","97551659","97551743","5","60571011"
"JH378105","36997647","36997930","chr11","97568690","97568973","17","60571043"
"JH378105","37021472","37021756","chr14","14644473","14644756","47","22376999"
"JH378105","37025040","37025327","chr5","139340930","139341218","44","102315890"
"JH378105","37026482","37026778","chr11","97599080","97599382","14","60572598"
"JH378105","37039882","37040187","chr11","97605849","97606148","27","60565967"
"JH378105","37041495","37041833","chr7","6577072","6577412","25","30464423"
"JH378105","37045245","37045496","chr1","180106764","180107013","48","143061519"
"JH378105","37063518","37063792","chr11","97624352","97624627","21","60560834"
"JH378105","37066012","37066315","chr4","15512620","15512919","42","21553392"
"JH378105","37118282","37118589","chr11","97687143","97687441","26","60568861"
"JH378105","37167638","37167915","chr6","134568051","134568330","38","97400413"
"JH378105","37167954","37167975","chr3","159873760","159873783","4","122705806"
"JH378105","37176139","37176453","chr9","83311871","83312180","51","46135732"
"JH378105","37186016","37186028","chr3","167902457","167902470","1","130716441"
"JH378105","37186062","37186146","chr7","43468703","43468789","14","6282641"
"JH378105","37217314","37217610","chr11","97794631","97794921","26","60577317"
"JH378105","37219392","37219693","chr11","97796692","97796994","18","60577300"
"JH378105","37251668","37251956","chr11","97828912","97829198","21","60577244"
"JH378105","37254809","37255073","chr11","97832995","97833283","41","60578186"
"JH378105","37286134","37286418","chr11","97863703","97863996","30","60577569"
"JH378105","37387397","37387627","chr11","97966084","97966295","34","60578687"
"JH378105","37411543","37411859","chr7","29766728","29767040","70","7644815"
"JH378105","37512538","37512803","chr4","44081557","44081822","47","6569019"
"JH378105","37553967","37554233","chr11","98141311","98141594","38","60587344"
"JH378105","37616057","37616157","chrX","108879291","108879392","12","71263234"
"JH378105","37643633","37643765","chr11","98247676","98247808","4","60604043"
"JH378105","37740594","37740931","chr11","98348938","98349277","33","60608344"
"JH378105","37754001","37754299","chr11","98363676","98363968","20","60609675"
"JH378105","37778877","37779000","chr12","112775797","112775920","10","74996920"
"JH378105","37803276","37803556","chr1","173662782","173663063","61","135859506"
"JH378105","37895098","37895410","chr11","98508048","98508360","18","60612950"
"JH378105","37947627","37947920","chrX","45579634","45579937","47","7632007"
"JH378105","37963159","37963457","chr11","98576718","98577008","27","60613559"
"JH378105","38024615","38024923","chr11","98633606","98633898","29","60608991"
"JH378105","38042796","38043082","chr2","63522061","63522338","45","25479265"
"JH378105","38228192","38228270","chr10","58941044","58941120","19","20712852"
"JH378105","38228296","38228458","chr13","41162794","41162955","28","2934498"
"JH378105","38253479","38253802","chr11","74933423","74933734","60","36679944"
"JH378105","38271359","38271647","chr11","98893617","98893907","26","60622258"
"JH378105","38288157","38288231","chr11","98907843","98907914","8","60619686"
"JH378105","38292640","38292779","chr7","92219005","92219133","30","53926365"
"JH378105","38292807","38292937","chr6","99841128","99841257","21","61548321"
"JH378105","38297182","38297440","chr7","50941895","50942155","36","12644713"
"JH378105","38308539","38308667","chr11","98935077","98935219","24","60626538"
"JH378105","38376523","38376752","chr11","99013114","99013350","18","60636591"
"JH378105","38403748","38404044","chr11","99042020","99042319","23","60638272"
"JH378105","38460426","38460719","chr14","61926403","61926692","47","23465977"
"JH378105","38460746","38460757","chr18","3930737","3930748","1","34530009"
"JH378105","38487492","38487604","chr5","62067665","62067782","14","23580173"
"JH378105","38491114","38491408","chr11","99133570","99133869","28","60642456"
"JH378105","38515643","38515750","chr3","189619021","189619128","9","151103378"
"JH378105","38516956","38517247","chrX","22234795","22235080","56","16282161"
"JH378105","38517265","38517359","chr1","64733926","64734022","17","26216661"
"JH378105","38522013","38522298","chr11","99163088","99163375","22","60641075"
"JH378105","38533437","38533708","chr11","99174553","99174798","44","60641116"
"JH378105","38560690","38561008","chr1","76911777","76912093","49","38351087"
"JH378105","38570020","38570317","chr22","10201984","10202283","47","28368036"
"JH378105","38587684","38587950","chr11","99226594","99226871","38","60638910"
"JH378105","38730358","38730656","chr11","99380221","99380511","37","60649863"
"JH378105","38733506","38733778","chr11","99383352","99383625","15","60649846"
"JH378105","38759744","38759873","chr22","1613057","1613186","6","37146687"
"JH378105","38961281","38961363","chr3","170061843","170061926","13","131100562"
"JH378105","38961718","38961935","chr4","134614534","134614749","39","95652816"
"JH378105","38977138","38977433","chr11","99638235","99638540","45","60661097"
"JH378105","38981450","38981726","chr11","99642490","99642766","19","60661040"
"JH378105","38988009","38988299","chr11","99649491","99649784","27","60661482"
"JH378105","38994077","38994355","chr11","99656189","99656469","32","60662112"
"JH378105","39024551","39024872","chr10","15990624","15990923","64","23033927"
"JH378105","39041371","39041537","chr9","45147640","45147805","19","6106269"
"JH378105","39041561","39041673","chr10","92330863","92330977","19","53289302"
"JH378105","39054272","39054586","chr11","99717254","99717554","29","60662982"
"JH378105","39141056","39141298","chr11","99807168","99807416","43","60666112"
"JH378105","39155358","39155629","chr12","20988716","20988979","47","18166642"
"JH378105","39211375","39211667","chr11","99888304","99888595","15","60676929"
"JH378105","39327692","39327784","chr2","67158964","67159057","13","27831272"
"JH378105","39328086","39328290","chr11","100017176","100017396","38","60689090"
"JH378105","39358469","39358772","chr11","100046594","100046894","25","60688125"
"JH378105","39471453","39471760","chr11","100171955","100172263","17","60700502"
"JH378105","39476561","39476694","chrX","46953806","46953940","10","7477245"
"JH378105","39521312","39521630","chrX","43636348","43636661","52","4115036"
"JH378105","39637878","39638182","chr11","100345415","100345716","20","60707537"
"JH378105","39714443","39714609","chr2","179990990","179991137","34","140276547"
"JH378105","39804365","39804662","chr11","100523312","100523609","40","60718947"
"JH378105","39962776","39963052","chrX","117807953","117808233","52","77845177"
"JH378105","40016674","40016972","chr11","100779635","100779930","22","60762961"
"JH378105","40032099","40032374","chr11","100805186","100805454","33","60773087"
"JH378105","40051705","40051719","chr1","185738245","185738259","2","145686540"
"JH378105","40051758","40052050","chr2","166993715","166994012","46","126941957"
"JH378105","40090383","40090669","chr11","100877809","100878090","26","60787426"
"JH378105","40110737","40111023","chr11","100897336","100897643","38","60786599"
"JH378105","40115069","40115388","chr11","100901176","100901478","59","60786107"
"JH378105","40117835","40118147","chr11","100903267","100903560","62","60785432"
"JH378105","40176158","40176338","chr16","28301285","28301460","35","11874873"
"JH378105","40181303","40181387","chr11","111638285","111638371","12","71456982"
"JH378105","40200298","40200603","chr11","100984894","100985186","30","60784596"
"JH378105","40302540","40302773","chr3","12629060","12629293","42","27673480"
"JH378105","40434918","40435085","chr11","101229668","101229826","18","60794750"
"JH378105","40437144","40437465","chr6","90819784","90820106","51","50382640"
"JH378105","40491510","40491684","chr11","101290818","101290992","17","60799308"
"JH378105","40527356","40527453","chr5","61768059","61768139","34","21240703"
"JH378105","40529259","40529566","chr11","101349412","101349721","33","60820153"
"JH378105","40735269","40735432","chr11","101589044","101589183","32","60853775"
"JH378105","40765272","40765437","chr11","101614318","101614487","25","60849046"
"JH378105","40766162","40766301","chr11","101615503","101615643","12","60849341"
"JH378105","40831327","40831620","chr12","23244188","23244485","55","17587139"
"JH378105","40834916","40835190","chr11","101679824","101680113","35","60844908"
"JH378105","40907880","40908176","chr11","101814863","101815170","35","60906983"
"JH378105","40959486","40959766","chr11","101879926","101880226","50","60920440"
"JH378105","40966846","40967134","chr10","75012596","75012889","50","34045750"
"JH378105","41025049","41025301","chr11","101953929","101954194","32","60928880"
"JH378105","41126076","41126212","chrX","543762","543896","15","40582314"
"JH378105","41196169","41196482","chr11","102154840","102155120","64","60958671"
"JH378105","41209719","41209897","chr22","41704833","41705001","32","495114"
"JH378105","41233004","41233313","chr7","87007315","87007626","52","45774311"
"JH378105","41344869","41345154","chr8","107426995","107427282","54","66082126"
"JH378105","41363998","41364289","chr11","102338570","102338857","28","60974572"
"JH378105","41419708","41419841","chr14","79788142","79788277","18","38368434"
"JH378105","41534001","41534292","chr11","102516964","102517264","27","60982963"
"JH378105","41602343","41602635","chr11","102595049","102595342","22","60992706"
"JH378105","41607359","41607538","chrUn_GL288548","14774","14946","35","41592585"
"JH378105","41658814","41659098","chr11","102650923","102651222","37","60992109"
"JH378105","41661051","41661202","chr11","102653170","102653335","26","60992119"
"JH378105","41667327","41667610","chr11","102659386","102659669","27","60992059"
"JH378105","41680583","41680712","chr2","38360250","38360380","8","3320333"
"JH378105","41756720","41757030","chr11","102749791","102750095","26","60993071"
"JH378105","41918074","41918338","chr22","10890229","10890493","53","31027845"
"JH378105","42141649","42141950","chr11","103190065","103190376","31","61048416"
"JH378105","42188833","42189131","chr11","103237552","103237851","38","61048719"
"JH378105","42197333","42197422","chr3","95478032","95478120","10","53280699"
"JH378105","42239458","42239743","chr11","103288066","103288350","23","61048608"
"JH378105","42268263","42268583","chr11","103316753","103317053","45","61048490"
"JH378105","42290322","42290615","chr11","103339306","103339592","36","61048984"
"JH378105","42313218","42313444","chr11","103362607","103362833","23","61049389"
"JH378105","42320038","42320156","chr9","46369410","46369521","19","4049372"
"JH378105","42479483","42479753","chr12","87604274","87604544","41","45124791"
"JH378105","42519504","42519783","chr11","103570936","103571219","24","61051432"
"JH378105","42582036","42582217","chr11","103626077","103626233","34","61044041"
"JH378105","42582471","42582632","chr11","103626529","103626684","20","61044058"
"JH378105","42658865","42659158","chr11","103701027","103701295","48","61042162"
"JH378105","42683957","42684065","chr11","103726922","103727030","7","61042965"
"JH378105","42724909","42725194","chr2","48696731","48697025","58","5971822"
"JH378105","42751298","42751576","chr10","122158420","122158703","53","79407122"
"JH378105","42827938","42828100","chr11","103867538","103867700","18","61039600"
"JH378105","42828269","42828416","chr12","116094164","116094311","26","73265895"
"JH378105","42828444","42828598","chr3","136725213","136725358","29","93896769"
"JH378105","42891889","42892173","chr11","103941439","103941716","25","61049550"
"JH378105","42969172","42969466","chr11","104022287","104022583","30","61053115"
"JH378105","42983653","42983940","chr17","74066448","74066740","49","31082795"
"JH378105","43034432","43034727","chr11","104094849","104095138","26","61060417"
"JH378105","43088773","43089051","chr11","104157600","104157878","22","61068827"
"JH378105","43181665","43181940","chr11","104245048","104245342","41","61063383"
"JH378105","43375420","43375592","chr9","41770883","41771059","31","1604537"
"JH378105","43380351","43380587","chr11","104453574","104453810","26","61073223"
"JH378105","43414062","43414129","chr22","6494374","6494439","7","36919688"
"JH378105","43414231","43414394","chr5","65413997","65414160","29","21999766"
"JH378105","43519496","43519730","chr14","84983942","84984170","33","41464446"
"JH378105","43644952","43645263","chr1","198602165","198602471","58","154957213"
"JH378105","43652954","43653085","chr4","148615049","148615180","8","104962095"
"JH378105","43733689","43733809","chr4","54404826","54404948","13","10671137"
"JH378105","43807710","43808015","chr11","104922215","104922515","29","61114505"
"JH378105","43809869","43810171","chr11","104924347","104924646","20","61114478"
"JH378105","43908473","43908814","chr11","105017828","105018126","63","61109355"
"JH378105","43929695","43929869","chr10","59648871","59649036","29","15719176"
"JH378105","43929916","43930042","chr19","6500212","6500337","18","37429704"
"JH378105","44003497","44003777","chr11","105110166","105110447","33","61106669"
"JH378105","44056527","44056653","chr1","10464344","10464465","22","33592183"
"JH378105","44153205","44153414","chr7","57763028","57763230","42","13609823"
"JH378105","44153420","44153526","chr1","75483834","75483939","21","31330414"
"JH378105","44204664","44204971","chr11","105345092","105345408","24","61140428"
"JH378105","44245046","44245340","chr15","1287450","1287744","46","42957596"
"JH378105","44258538","44258840","chr11","105401924","105402222","33","61143386"
"JH378105","44354132","44354417","chr11","105500757","105501036","31","61146625"
"JH378105","44354884","44355133","chr11","105501505","105501756","25","61146621"
"JH378105","44357094","44357254","chr22","38548000","38548166","24","5809094"
"JH378105","44380624","44380922","chr11","105526711","105526985","42","61146087"
"JH378105","44398525","44398613","chrUn_GL286265","59063","59153","18","44339462"
"JH378105","44400469","44400669","chr3","151423799","151423997","41","107023330"
"JH378105","44528939","44529198","chr11","105682004","105682268","26","61153065"
"JH378105","44538339","44538637","chr11","105692590","105692890","23","61154251"
"JH378105","44633776","44634063","chr11","105782602","105782909","43","61148826"
"JH378105","44750331","44750342","chr10","88574921","88574932","1","43824590"
"JH378105","44750369","44750657","chr4","151571659","151571948","51","106821290"
"JH378105","44860570","44860869","chr16","74641306","74641603","42","29780736"
"JH378105","44930075","44930189","chr11","106109122","106109236","12","61179047"
"JH378105","44930487","44930679","chr22","13107287","13107480","32","31823200"
"JH378105","45009532","45009822","chr1","100304612","100304887","56","55295080"
"JH378105","45226005","45226292","chr11","106413024","106413318","28","61187019"
"JH378105","45259740","45260036","chr11","106443887","106444178","31","61184147"
"JH378105","45288529","45288828","chr11","106479652","106479941","24","61191123"
"JH378105","45302169","45302297","chr3","26364754","26364885","9","18937415"
"JH378105","45302934","45303243","chr11","106490051","106490347","41","61187117"
"JH378105","45341673","45341828","chr12","102615784","102615936","31","57274111"
"JH378105","45348032","45348336","chr9","108690798","108691100","42","63342766"
"JH378105","45358439","45358743","chr11","106545449","106545755","27","61187010"
"JH378105","45394884","45395171","chr11","106584305","106584592","29","61189421"
"JH378105","45402167","45402469","chr11","106591178","106591475","28","61189011"
"JH378105","45423247","45423549","chr11","106606968","106607267","23","61183721"
"JH378105","45445367","45445644","chr11","106629196","106629486","44","61183829"
"JH378105","45454569","45454877","chr11","106638319","106638611","45","61183750"
"JH378105","45469125","45469421","chr11","106652349","106652642","25","61183224"
"JH378105","45488855","45489160","chr14","83064413","83064717","46","37575558"
"JH378105","45577710","45577991","chr11","106765114","106765394","22","61187404"
"JH378105","45597086","45597380","chr11","106783245","106783540","29","61186159"
"JH378105","45614756","45615060","chr11","106800972","106801285","25","61186216"
"JH378105","45618340","45618642","chr11","106804468","106804753","28","61186128"
"JH378105","45626924","45627222","chr11","106812967","106813262","23","61186043"
"JH378105","45629780","45630102","chr3","20674935","20675261","56","24954845"
"JH378105","45635907","45636199","chr11","106822548","106822834","27","61186641"
"JH378105","45672385","45672501","chr5","95902861","95902977","5","50230476"
"JH378105","45688034","45688168","chr10","120436252","120436387","29","74748218"
"JH378105","45688480","45688508","chr2","110278406","110278430","8","64589926"
"JH378105","45697039","45697173","chr10","120436252","120436387","29","74739213"
"JH378105","45697485","45697513","chr2","110278406","110278430","8","64580921"
"JH378105","45702746","45703046","chr11","106881789","106882088","18","61179043"
"JH378105","45713375","45713669","chr11","106894781","106895061","41","61181406"
"JH378105","45745564","45745687","chr11","106924588","106924715","18","61179024"
"JH378105","45759173","45759288","chr1","40814256","40814372","7","4944917"
"JH378105","45759863","45760175","chr11","106939503","106939810","24","61179640"
"JH378105","45762491","45762792","chr11","106942382","106942682","17","61179891"
"JH378105","45763004","45763295","chr11","106943307","106943603","33","61180303"
"JH378105","45777044","45777341","chr11","106957139","106957435","15","61180095"
"JH378105","45808600","45808721","chr2","1841106","1841229","7","43967494"
"JH378105","45842546","45842840","chr11","107019745","107020010","62","61177199"
"JH378105","45847469","45847630","chr4","87480274","87480434","24","41632805"
"JH378105","45847938","45848075","chr10","7243021","7243156","21","38604917"
"JH378105","45860516","45860783","chr15","25028428","25028690","38","20832088"
"JH378105","45869985","45870139","chr1","135167472","135167629","17","89297487"
"JH378105","45870422","45870593","chr22","44368775","44368938","43","1501647"
"JH378105","45873404","45873702","chr11","107048428","107048731","28","61175024"
"JH378105","45901850","45901950","chr4","36689050","36689153","24","9212800"
"JH378105","45937552","45937772","chr5","65004993","65005212","37","19067441"
"JH378105","45942300","45942600","chr11","107121652","107121954","22","61179352"
"JH378105","45954258","45954546","chr11","107133510","107133778","43","61179252"
"JH378105","45959992","45960283","chr11","107139499","107139782","38","61179507"
"JH378105","45975936","45976221","chr11","107156554","107156855","40","61180618"
"JH378105","45985159","45985484","chrX","138108883","138109206","51","92123724"
"JH378105","45987431","45987600","chr1","61060975","61061143","17","15073544"
"JH378105","45987906","45988040","chr11","107168745","107168879","13","61180839"
"JH378105","45991025","45991201","chr8","65316107","65316280","25","19325082"
"JH378105","45998763","45999067","chr11","107183674","107183982","36","61184911"
"JH378105","46009295","46009420","chr11","107193921","107194049","16","61184626"
"JH378105","46032133","46032468","chr14","44902307","44902640","58","1129826"
"JH378105","46037760","46037906","chr11","107221097","107221256","22","61183337"
"JH378105","46038147","46038299","chr11","107221486","107221640","10","61183339"
"JH378105","46046468","46046748","chr1","79722015","79722293","39","33675547"
"JH378105","46063055","46063342","chr1","68353965","68354257","40","22290910"
"JH378105","46068310","46068605","chr11","107251993","107252286","27","61183683"
"JH378105","46072396","46072517","chr21","35722705","35722825","21","10349691"
"JH378105","46083754","46084044","chr11","107266517","107266810","29","61182763"
"JH378105","46120359","46120661","chr11","107303918","107304228","25","61183559"
"JH378105","46131755","46132035","chr11","107313405","107313698","27","61181650"
"JH378105","46135472","46135599","chr21","486483","486610","7","45648989"
"JH378105","46255278","46255569","chr11","107440742","107441019","28","61185464"
"JH378105","46269311","46269605","chr11","107454957","107455253","20","61185646"
"JH378105","46327329","46327343","chr1","76939634","76939648","2","30612305"
"JH378105","46327379","46327650","chr11","107515013","107515290","40","61187634"
"JH378105","46334224","46334514","chr11","107521943","107522224","51","61187719"
"JH378105","46376319","46376465","chr11","107570689","107570838","14","61194370"
"JH378105","46376487","46376600","chr9","21057586","21057699","19","25318901"
"JH378105","46419503","46419654","chr11","107615125","107615276","9","61195622"
"JH378105","46419755","46419908","chr11","107615379","107615530","14","61195624"
"JH378105","46426600","46426862","chr11","107622278","107622538","29","61195678"
"JH378105","46462598","46462910","chr11","107659401","107659711","31","61196803"
"JH378105","46463815","46463973","chr11","41501043","41501202","26","4962772"
"JH378105","46464012","46464141","chr5","92650584","92650716","22","46186572"
"JH378105","46537761","46538043","chr11","107737749","107738044","37","61199988"
"JH378105","46572523","46572817","chr11","107771321","107771613","22","61198798"
"JH378105","46603946","46604043","chr1","186116212","186116312","18","139512266"
"JH378105","46604357","46604515","chr7","47747520","47747686","25","1143163"
"JH378105","46623333","46623615","chrX","118032361","118032643","46","71409028"
"JH378105","46633201","46633516","chr11","107831950","107832265","35","61198749"
"JH378105","46640055","46640319","chr11","107839478","107839726","32","61199423"
"JH378105","46652892","46653211","chr1","167783462","167783773","59","121130570"
"JH378105","46674088","46674374","chr11","107871969","107872249","31","61197881"
"JH378105","46683223","46683484","chr19","15804791","15805061","47","30878432"
"JH378105","46683672","46683966","chr11","107881800","107882102","33","61198128"
"JH378105","46691156","46691472","chr11","107889202","107889498","39","61198046"
"JH378105","46788263","46788562","chr11","107991855","107992169","44","61203592"
"JH378105","46790100","46790287","chr11","107993697","107993875","30","61203597"
"JH378105","46838512","46838608","chr12","62444582","62444677","19","15606070"
"JH378105","46838714","46838829","chr14","108713647","108713762","13","61874933"
"JH378105","46854525","46854813","chr11","108060185","108060479","34","61205660"
"JH378105","46859427","46859736","chr11","108068346","108068656","26","61208919"
"JH378105","46908781","46909008","chr2","39239990","39240217","43","7668791"
"JH378105","46911223","46911508","chr11","108121253","108121545","29","61210030"
"JH378105","46951078","46951387","chr5","62467478","62467789","45","15516400"
"JH378105","46954430","46954745","chr8","7783296","7783602","50","39171134"
"JH378105","46957086","46957169","chr11","108167718","108167802","4","61210632"
"JH378105","46957170","46957472","chr3","106662426","106662719","43","59705256"
"JH378105","46957473","46957651","chr4","81170151","81170329","30","34212678"
"JH378105","46975858","46976080","chr1","71856381","71856612","41","24880523"
"JH378105","46992914","46993196","chr11","108205995","108206277","11","61213081"
"JH378105","47041074","47041387","chr11","108256166","108256448","49","61215092"
"JH378105","47260087","47260373","chr12","113159290","113159578","53","65899203"
"JH378105","47308403","47308701","chr11","108527658","108527948","31","61219255"
"JH378105","47329486","47329781","chr11","108548435","108548733","16","61218949"
"JH378105","47443825","47444078","chr11","108667449","108667706","22","61223624"
"JH378105","47480624","47480930","chr5","143824515","143824818","49","96343891"
"JH378105","47511165","47511478","chr11","108732400","108732709","30","61221235"
"JH378105","47529322","47529448","chr15","98367926","98368053","15","50838604"
"JH378105","47621398","47621719","chr11","108842851","108843132","57","61221453"
"JH378105","47691728","47692031","chr11","108916919","108917219","22","61225191"
"JH378105","47701661","47701880","chr11","108927642","108927858","14","61225981"
"JH378105","47730149","47730457","chr11","108956168","108956464","30","61226019"
"JH378105","47735333","47735631","chr11","108961035","108961316","38","61225702"
"JH378105","47754438","47754734","chr11","108979131","108979425","24","61224693"
"JH378105","47757984","47758282","chr11","108982804","108983096","32","61224820"
"JH378105","47763482","47763780","chr11","108990524","108990823","32","61227042"
"JH378105","47778467","47778765","chr5","4379233","4379531","41","43399234"
"JH378105","47778986","47779285","chr11","109006906","109007206","18","61227920"
"JH378105","47783639","47783885","chr11","109011552","109011798","25","61227913"
"JH378105","47792819","47792941","chr2","29856372","29856491","12","17936447"
"JH378105","47801435","47801739","chr11","109027843","109028135","27","61226408"
"JH378105","47806057","47806372","chr4","155528137","155528448","50","107722080"
"JH378105","47809561","47809869","chr11","109037118","109037426","46","61227557"
"JH378105","47813917","47814227","chr11","109043238","109043541","50","61229321"
"JH378105","47821289","47821469","chrX","137222383","137222560","28","89401094"
"JH378105","47821498","47821626","chr2","7889798","7889926","14","39931700"
"JH378105","47837176","47837346","chr11","109066484","109066652","14","61229308"
"JH378105","47848740","47848950","chr10","86905351","86905567","26","39056611"
"JH378105","47892549","47892883","chr11","109123884","109124194","39","61231335"
"JH378105","47918507","47918807","chr11","109152443","109152754","38","61233936"
"JH378105","47937359","47937487","chr4","148615049","148615180","8","100677690"
"JH378105","47943834","47944140","chr11","109177117","109177410","41","61233283"
"JH378105","47948963","47949088","chr1","118755026","118755151","7","70806063"
"JH378105","47970121","47970317","chr21","573381","573578","34","47396740"
"JH378105","47989659","47989791","chr7","61169078","61169214","21","13179419"
"JH378105","47990099","47990276","chr5","134311911","134312087","32","86321812"
"JH378105","47995973","47996248","chrUn_GL286397","65817","66103","54","47930156"
"JH378105","48002606","48002869","chr11","109233982","109234245","15","61231376"
"JH378105","48010526","48010829","chr11","109241851","109242134","35","61231325"
"JH378105","48018205","48018494","chr11","109250175","109250460","15","61231970"
"JH378105","48030590","48030887","chr11","109261332","109261632","13","61230742"
"JH378105","48058492","48058780","chr11","109288158","109288449","30","61229666"
"JH378105","48061926","48062057","chr4","73903209","73903330","34","25841283"
"JH378105","48121943","48122245","chr5","140398124","140398424","44","92276181"
"JH378105","48125165","48125396","chr14","84508790","84509014","42","36383625"
"JH378105","48125667","48125761","chr11","64182798","64182901","22","16057131"
"JH378105","48129510","48129769","chr1","134673843","134674101","38","86544333"
"JH378105","48132243","48132353","chr1","121166312","121166422","18","73034069"
"JH378105","48136302","48136613","chr11","109364155","109364439","43","61227853"
"JH378105","48159841","48160009","chr7","50423118","50423276","36","2263277"
"JH378105","48167910","48168215","chr11","109391484","109391776","36","61223574"
"JH378105","48189999","48190305","chr11","109414027","109414332","33","61224028"
"JH378105","48209160","48209442","chr11","109433455","109433742","40","61224295"
"JH378105","48212221","48212517","chr11","109436484","109436778","36","61224263"
"JH378105","48212520","48212777","chr11","109436781","109437037","31","61224261"
"JH378105","48216371","48216665","chr11","109439549","109439847","28","61223178"
"JH378105","48217407","48217736","chr11","120874463","120874786","66","72657056"
"JH378105","48234597","48234680","chr13","55262695","55262776","5","7028098"
"JH378105","48240277","48240571","chr11","109460792","109461088","22","61220515"
"JH378105","48256994","48257307","chr11","109474660","109474975","28","61217666"
"JH378105","48291457","48291683","chr2","39197049","39197271","46","9094408"
"JH378105","48306399","48306525","chr7","136583025","136583162","34","88276626"
"JH378105","48320709","48320918","chr7","135887244","135887466","45","87566535"
"JH378105","48330427","48330618","chr7","45157399","45157586","42","3173028"
"JH378105","48337044","48337257","chr10","2021782","2021990","36","46315262"
"JH378105","48352347","48352448","chr14","80998334","80998433","11","32645987"
"JH378105","48361510","48361814","chr22","39647957","39648253","42","8713553"
"JH378105","48365950","48366084","chr11","109593092","109593226","15","61227142"
"JH378105","48380164","48380248","chr5","145577636","145577724","30","97197472"
"JH378105","48391890","48392189","chr11","109624471","109624761","29","61232581"
"JH378105","48394813","48394953","chr9","88737199","88737340","14","40342386"
"JH378105","48395532","48395711","chr2","57434072","57434255","33","9038540"
"JH378105","48410197","48410308","chr16","8735656","8735766","10","39674541"
"JH378105","48420482","48420646","chr20","3863824","3863991","20","44556658"
"JH378105","48420951","48421082","chr14","82967956","82968087","16","34547005"
"JH378105","48435663","48435961","chr11","109667770","109668071","22","61232107"
"JH378105","48445172","48445351","chr22","40658271","40658455","58","7786901"
"JH378105","48445650","48445805","chr11","109676373","109676535","14","61230723"
"JH378105","48445996","48446129","chr1","138536695","138536826","11","90090699"
"JH378105","48452443","48452747","chr11","109685225","109685512","37","61232782"
"JH378105","48453786","48454094","chr11","109686575","109686863","39","61232789"
"JH378105","48460366","48460661","chr11","109694807","109695101","29","61234441"
"JH378105","48472230","48472353","chr11","109707692","109707815","11","61235462"
"JH378105","48472754","48472900","chr9","100297386","100297529","26","51824632"
"JH378105","48480347","48480490","chr2","86342124","86342264","29","37861777"
"JH378105","48486318","48486567","chr1","53378014","53378272","43","4891696"
"JH378105","48507532","48507836","chr11","109739295","109739596","27","61231763"
"JH378105","48527180","48527486","chr11","109757530","109757828","23","61230350"
"JH378105","48536287","48536431","chr5","1449501","1449645","25","47086786"
"JH378105","48537036","48537190","chr4","150286736","150286890","28","101749700"
"JH378105","48543136","48543272","chr12","98610152","98610290","21","50067016"
"JH378105","48543576","48543733","chr2","10690617","10690777","31","37852959"
"JH378105","48558637","48558931","chr11","109795724","109796004","26","61237087"
"JH378105","48574689","48574776","chr4","168211136","168211224","18","119636447"
"JH378105","48574823","48574914","chr1","135040170","135040258","22","86465347"
"JH378105","48581867","48581990","chr2","1841106","1841229","8","46740761"
"JH378105","48583169","48583476","chr11","109816856","109817129","66","61233687"
"JH378105","48597852","48597985","chr2","78922918","78923053","16","30325066"
"JH378105","48602043","48602177","chr14","45605594","45605729","19","2996449"
"JH378105","48602478","48602636","chrUn_GL287824","28600","28757","23","48573878"
"JH378105","48610263","48610390","chr9","111113018","111113147","9","62502755"
"JH378105","48620935","48621128","chr5","133136629","133136822","32","84515694"
"JH378105","48622813","48623018","chr6","83472421","83472626","34","34849608"
"JH378105","48650316","48650626","chr22","40234379","40234679","42","8415937"
"JH378105","48657819","48657997","chr3","82483744","82483929","42","33825925"
"JH378105","48664208","48664431","chr5","65413746","65413967","43","16749538"
"JH378105","48672805","48673116","chr7","27254330","27254634","49","21418475"
"JH378105","48711554","48711855","chr11","109957453","109957744","28","61245899"
"JH378105","48713422","48713564","chr11","109959635","109959769","21","61246213"
"JH378105","48728382","48728554","chr1","75535085","75535261","35","26806703"
"JH378105","48728866","48728997","chr20","20107644","20107775","11","28621222"
"JH378105","48734474","48734760","chr8","80612393","80612669","58","31877919"
"JH378105","48735452","48735642","chr11","109979037","109979221","27","61243585"
"JH378105","48735949","48736069","chr11","109979517","109979637","10","61243568"
"JH378105","48739808","48739835","chr3","5178589","5178614","4","43561219"
"JH378105","48740352","48740616","chr11","109987472","109987733","38","61247120"
"JH378105","48754084","48754383","chr4","151633544","151633846","41","102879460"
"JH378105","48754797","48755099","chr11","110003067","110003365","29","61248270"
"JH378105","48757812","48758097","chr5","6379289","6379573","36","42378523"
"JH378105","48762947","48763250","chr4","151633544","151633846","48","102870597"
"JH378105","48765801","48766014","chr11","110014110","110014324","12","61248309"
"JH378105","48773235","48773365","chr1","155876948","155877079","9","107103713"
"JH378105","48773723","48774005","chr11","110021051","110021339","25","61247328"
"JH378105","48774937","48775202","chr11","110022614","110022889","30","61247677"
"JH378105","48782920","48783051","chr1","138015404","138015535","7","89232484"
"JH378105","48794661","48794964","chr11","110041273","110041575","31","61246612"
"JH378105","48796861","48797160","chr11","110046048","110046350","13","61249187"
"JH378105","48802979","48803121","chr11","110051865","110052003","14","61248886"
"JH378105","48803419","48803566","chr11","110052298","110052443","12","61248879"
"JH378105","48828655","48828786","chr20","20107644","20107775","14","28721011"
"JH378105","48839244","48839546","chr11","110086664","110086969","24","61247420"
"JH378105","48845401","48845705","chr11","110092748","110093046","16","61247347"
"JH378105","48846895","48847196","chr1","180167773","180168077","43","131320878"
"JH378105","48847473","48847558","chrX","78168115","78168198","10","29320642"
"JH378105","48849836","48849909","chr21","7161334","7161406","11","41688502"
"JH378105","48857595","48857885","chr11","110104182","110104473","26","61246587"
"JH378105","48943127","48943289","chr22","10181407","10181573","22","38761720"
"JH378105","48943595","48943726","chr1","187283250","187283382","17","138339655"
"JH378105","48964144","48964430","chr5","37257799","37258095","60","11706345"
"JH378105","48965128","48965445","chr12","26718056","26718372","61","22247072"
"JH378105","48990469","48990767","chr11","110213841","110214137","20","61223372"
"JH378105","49011515","49011761","chr8","51544734","51544973","36","2533219"
"JH378105","49019911","49020054","chr20","23081215","23081362","15","25938696"
"JH378105","49052975","49053284","chr6","90819784","90820106","59","41766809"
"JH378105","49128932","49129154","chr1","176973542","176973756","35","127844610"
"JH378105","49140018","49140292","chr11","110370593","110370851","31","61230575"
"JH378105","49141664","49141963","chr11","110372099","110372393","25","61230435"
"JH378105","49152192","49152321","chr11","96496209","96496337","7","47344017"
"JH378105","49154943","49155064","chrX","17092539","17092661","3","32062404"
"JH378105","49162081","49162180","chr5","23166001","23166091","15","25996080"
"JH378105","49162491","49162695","chr7","109887921","109888132","40","60725430"
"JH378105","49163840","49164144","chr11","110393224","110393517","31","61229384"
"JH378105","49166388","49166650","chr7","50941895","50942155","40","1775507"
"JH378105","49167261","49167342","chr8","2844805","2844884","17","46322456"
"JH378105","49175835","49176032","chr1","69557581","69557765","40","20381746"
"JH378105","49176076","49176204","chr13","94433192","94433313","19","45257116"
"JH378105","49189225","49189386","chr11","110417017","110417177","11","61227792"
"JH378105","49191036","49191311","chr7","74450395","74450682","45","25259359"
"JH378105","49198673","49198989","chr11","110427872","110428168","39","61229199"
"JH378105","49199188","49199319","chr12","87129622","87129751","12","37930434"
"JH378105","49230715","49230961","chr11","110459842","110460088","22","61229127"
"JH378105","49235336","49235449","chr10","129837337","129837450","12","80602001"
"JH378105","49237038","49237340","chr11","110465868","110466156","40","61228830"
"JH378105","49238260","49238368","chr5","75545367","75545470","13","26307107"
"JH378105","49262150","49262272","chr5","71268215","71268323","23","22006065"
"JH378105","49262371","49262536","chr11","110489540","110489706","11","61227169"
"JH378105","49262836","49262972","chr11","110490012","110490147","10","61227176"
"JH378105","49265870","49265977","chr1","204449952","204450054","13","155184082"
"JH378105","49267382","49267496","chr6","134523511","134523624","7","85256129"
"JH378105","49273547","49273641","chr11","110498406","110498510","15","61224859"
"JH378105","49280358","49280617","chr20","22419015","22419286","45","26861343"
"JH378105","49289175","49289466","chr6","41147586","41147881","41","8141589"
"JH378105","49292154","49292463","chr11","110519697","110519994","34","61227543"
"JH378105","49292783","49293082","chr11","110520317","110520610","23","61227534"
"JH378105","49293085","49293380","chr7","19407034","19407328","38","29886051"
"JH378105","49298444","49298707","chr11","110527208","110527479","25","61228764"
"JH378105","49310145","49310444","chr11","110538449","110538737","27","61228304"
"JH378105","49314657","49314725","chrX","186256","186325","10","49128401"
"JH378105","49317313","49317605","chr11","110544303","110544582","30","61226990"
"JH378105","49323982","49324289","chr5","74118946","74119252","46","24794964"
"JH378105","49325954","49326251","chr11","110552334","110552630","24","61226380"
"JH378105","49331836","49332129","chr5","912542","912830","56","48419294"
"JH378105","49335546","49335699","chr11","110562758","110562893","26","61227212"
"JH378105","49336153","49336186","chr2","73736870","73736902","10","24400717"
"JH378105","49336765","49336908","chr11","110563515","110563658","13","61226750"
"JH378105","49345491","49345800","chr11","110573151","110573447","34","61227660"
"JH378105","49354963","49355200","chrUn_GL286251","22680","22912","43","49332283"
"JH378105","49355617","49355743","chrX","93867920","93868046","5","44512303"
"JH378105","49370552","49370647","chr1","64914240","64914339","10","15543688"
"JH378105","49371947","49372139","chr8","32570196","32570391","30","16801751"
"JH378105","49374398","49374526","chr7","15342644","15342773","21","34031754"
"JH378105","49385388","49385692","chr11","110608073","110608370","36","61222685"
"JH378105","49395594","49395819","chr11","110618128","110618361","29","61222534"
"JH378105","49406274","49406405","chr11","110628594","110628725","8","61222320"
"JH378105","49406694","49406785","chr9","85164007","85164080","29","35757313"
"JH378105","49412937","49413241","chr11","110635324","110635627","34","61222387"
"JH378105","49421686","49421954","chr11","110643802","110644047","42","61222116"
"JH378105","49425125","49425392","chr20","22277411","22277678","48","27147714"
"JH378105","49428121","49428436","chr11","110649824","110650132","30","61221703"
"JH378105","49445600","49445695","chr9","53291501","53291597","12","3845901"
"JH378105","49461617","49461969","chr4","125115107","125115449","74","75653490"
"JH378105","49472615","49472919","chr11","110691744","110692048","21","61219129"
"JH378105","49492948","49493129","chr15","25148787","25148965","35","24344161"
"JH378105","49497465","49497751","chr11","110722708","110722998","22","61225243"
"JH378105","49501824","49501953","chr3","142409967","142410098","13","92908143"
"JH378105","49503522","49503688","chr12","88580979","88581146","31","39077457"
"JH378105","49517795","49518076","chr5","131786061","131786335","50","82268266"
"JH378105","49520476","49520773","chr11","110744558","110744850","21","61224082"
"JH378105","49523580","49523708","chr11","110748861","110748990","12","61225281"
"JH378105","49548099","49548377","chr11","110771957","110772235","17","61223858"
"JH378105","49553354","49553598","chrX","90284262","90284505","39","40730908"
"JH378105","49554548","49554662","chr7","121315857","121315971","16","71761309"
"JH378105","49563424","49563694","chr6","115265318","115265586","47","65701894"
"JH378105","49574999","49575148","chr1","140153804","140153952","24","90578805"
"JH378105","49583025","49583333","chr20","1946850","1947158","52","47636175"
"JH378105","49584846","49584958","chr4","64396318","64396432","8","14811472"
"JH378105","49586112","49586277","chr11","110806221","110806387","12","61220109"
"JH378105","49594533","49594811","chr3","17789071","17789354","56","31805462"
"JH378105","49594837","49594847","chr1","164178444","164178454","1","114583607"
"JH378105","49596871","49596949","chr3","26351387","26351465","12","23245484"
"JH378105","49598126","49598261","chr11","110817386","110817523","15","61219260"
"JH378105","49598544","49598710","chr11","110817799","110817959","15","61219255"
"JH378105","49601631","49601916","chr6","23146952","23147234","52","26454679"
"JH378105","49602802","49603096","chr11","110822623","110822917","11","61219821"
"JH378105","49604982","49605267","chr11","110824763","110825059","28","61219781"
"JH378105","49614820","49614890","chr4","32326139","32326213","25","17288681"
"JH378105","49615188","49615329","chr11","110836868","110837016","17","61221680"
"JH378105","49618542","49618798","chr1","62217691","62217946","53","12599149"
"JH378105","49618811","49619103","chr9","54224422","54224716","48","4605611"
"JH378105","49626836","49627165","chr11","110844715","110845022","51","61217879"
"JH378105","49638848","49638974","chr9","6035694","6035818","17","43603154"
"JH378105","49639268","49639431","chr22","39354457","39354618","25","10284811"
"JH378105","49641079","49641378","chr11","110861275","110861571","25","61220196"
"JH378105","49646485","49646773","chr11","110866407","110866689","20","61219922"
"JH378105","49647598","49647904","chr9","108690798","108691100","43","59043200"
"JH378105","49647907","49648086","chr11","122110544","122110718","28","72462637"
"JH378105","49648172","49648308","chrX","43517891","43518026","15","6130281"
"JH378105","49649509","49649579","chr5","81435361","81435435","14","31785852"
"JH378105","49670476","49670788","chr11","110889023","110889328","37","61218547"
"JH378105","49675194","49675379","chr2","37180345","37180531","30","12494849"
"JH378105","49683989","49684304","chr11","110900539","110900821","44","61216550"
"JH378105","49687074","49687362","chr11","110906845","110907143","28","61219771"
"JH378105","49688623","49688665","chr8","14806987","14807028","6","34881636"
"JH378105","49689036","49689202","chr7","120382646","120382811","30","70693610"
"JH378105","49695825","49696090","chr10","115441442","115441709","42","65745617"
"JH378105","49699215","49699334","chr4","169669927","169670045","16","119970712"
"JH378105","49703312","49703609","chr9","111354658","111354956","41","61651346"
"JH378105","49722390","49722558","chr2","175806","175971","34","49546584"
"JH378105","49722851","49723008","chr22","32583082","32583243","19","17139769"
"JH378105","49730173","49730462","chr8","687744","688032","40","49042429"
"JH378105","49734198","49734498","chr11","110953230","110953529","15","61219032"
"JH378105","49739584","49739881","chr4","18656528","18656831","49","31083056"
"JH378105","49746324","49746445","chr2","59253571","59253689","32","9507247"
"JH378105","49746752","49746807","chr5","131106275","131106321","15","81359523"
"JH378105","49748003","49748134","chrX","39112247","39112374","12","10635756"
"JH378105","49748687","49748953","chr5","133469283","133469549","43","83720596"
"JH378105","49754755","49754922","chr11","110973913","110974092","21","61219158"
"JH378105","49760304","49760357","chr1","179754992","179755045","9","129994688"
"JH378105","49762077","49762195","chr1","69465556","69465667","23","19703479"
"JH378105","49763110","49763408","chr2","193258365","193258660","41","143495255"
"JH378105","49771817","49772093","chr11","110992239","110992515","13","61220422"
"JH378105","49772779","49773046","chr17","27565452","27565699","62","22207327"
"JH378105","49777965","49778098","chr11","110997477","110997610","9","61219512"
"JH378105","49778418","49778599","chr11","110997917","110998092","20","61219499"
"JH378105","49782025","49782138","chr14","26572013","26572126","16","23210012"
"JH378105","49782453","49782615","chr22","39354457","39354618","19","10427996"
"JH378105","49790179","49790289","chr11","111015381","111015494","14","61225202"
"JH378105","49790577","49790621","chr10","27540620","27540666","12","22249957"
"JH378105","49790693","49790989","chr22","16771385","16771681","45","33019308"
"JH378105","49796120","49796243","chr11","111020571","111020694","13","61224451"
"JH378105","49798057","49798210","chr5","123351604","123351753","26","73553547"
"JH378105","49810844","49811193","chr11","111039881","111040239","40","61229037"
"JH378105","49814493","49814778","chr11","111043189","111043477","21","61228696"
"JH378105","49818175","49818452","chr6","85152193","85152469","43","35334018"
"JH378105","49849525","49849579","chr5","55240335","55240388","9","5390810"
"JH378105","49850067","49850118","chrX","45857957","45858010","5","3992110"
"JH378105","49861892","49862187","chr11","111095420","111095715","13","61233528"
"JH378105","49864334","49864525","chr2","43392270","43392461","18","6472064"
"JH378105","49866946","49867242","chr11","111100585","111100880","22","61233639"
"JH378105","49867518","49867653","chr10","7243021","7243156","14","42624497"
"JH378105","49871700","49871831","chr5","64475810","64475946","15","14604110"
"JH378105","49876441","49876723","chr11","111110794","111111078","19","61234353"
"JH378105","49879266","49879494","chr12","56212455","56212689","65","6333189"
"JH378105","49889530","49889674","chr7","131721552","131721683","35","81832022"
"JH378105","49889983","49890187","chr4","15439312","15439512","45","34450671"
"JH378105","49893120","49893307","chr3","82483744","82483929","38","32590624"
"JH378105","49904495","49904626","chr5","138345840","138345970","18","88441345"
"JH378105","49911655","49911955","chr11","111138472","111138763","29","61226817"
"JH378105","49914920","49915198","chr11","111141274","111141554","22","61226354"
"JH378105","49947853","49947958","chr7","148854098","148854199","19","98906245"
"JH378105","49952930","49953228","chr13","20718490","20718793","52","29234440"
"JH378105","49958014","49958137","chr1","84318400","84318523","20","34360386"
"JH378105","49963806","49964084","chr11","111185162","111185437","22","61221356"
"JH378105","49971915","49972100","chr22","43715114","43715307","36","6256801"
"JH378105","49973150","49973397","chr13","40974178","40974423","33","8998972"
"JH378105","49978048","49978337","chr1","204130745","204131033","39","154152697"
"JH378105","49981691","49981821","chr4","42730014","42730142","13","7251677"
"JH378105","49995795","49996097","chr11","111221290","111221595","20","61225495"
"JH378105","49998471","49998779","chr16","91545694","91546004","42","41547223"
"JH378105","50003119","50003251","chr5","76618950","76619083","14","26615831"
"JH378105","50006281","50006570","chr2","7734683","7734973","44","42271598"
"JH378105","50009339","50009639","chr11","111232328","111232628","31","61222989"
"JH378105","50019508","50019810","chr11","111244688","111244988","19","61225180"
"JH378105","50020479","50020610","chr9","38260691","38260821","9","11759788"
"JH378105","50020740","50020874","chr11","111245739","111245871","10","61224999"
"JH378105","50021167","50021346","chr1","176336500","176336675","42","126315333"
"JH378105","50031913","50032108","chrX","137946650","137946840","47","87914737"
"JH378105","50035615","50035864","chr15","67826295","67826542","49","17790680"
"JH378105","50045118","50045422","chr11","111268234","111268544","26","61223116"
"JH378105","50054041","50054345","chr11","111277274","111277583","25","61223233"
"JH378105","50056292","50056592","chr7","78742007","78742304","38","28685715"
"JH378105","50059447","50059609","chr7","120382646","120382811","21","70323199"
"JH378105","50060380","50060503","chr19","45171421","45171545","15","4888959"
"JH378105","50062628","50062934","chr9","90174215","90174526","54","40111587"
"JH378105","50065192","50065497","chr11","111288038","111288334","35","61222846"
"JH378105","50071666","50071968","chr11","111295303","111295602","21","61223637"
"JH378105","50081258","50081565","chr11","111305780","111306078","28","61224522"
"JH378105","50082493","50082793","chr11","111306984","111307284","19","61224491"
"JH378105","50087125","50087412","chr2","12495546","12495834","41","37591579"
"JH378105","50104106","50104343","chr11","111331776","111332019","23","61227670"
"JH378105","50119839","50120126","chr11","111348064","111348357","22","61228225"
"JH378105","50122567","50122687","chr11","111350790","111350914","13","61228223"
"JH378105","50122710","50122894","chr7","131234766","131234940","29","81112056"
"JH378105","50133626","50133762","chr5","73507023","73507155","11","23373397"
"JH378105","50133763","50134063","chr11","111361872","111362177","23","61228109"
"JH378105","50134064","50134208","chr7","71893460","71893604","17","21759396"
"JH378105","50136092","50136398","chr11","111363807","111364116","23","61227715"
"JH378105","50139681","50139976","chr11","111367387","111367673","39","61227706"
"JH378105","50157220","50157510","chr22","6475349","6475647","42","43681871"
"JH378105","50165290","50165576","chr11","111393164","111393458","26","61227874"
"JH378105","50167529","50167817","chr11","111395718","111396014","27","61228189"
"JH378105","50169850","50170163","chr11","111398324","111398617","41","61228474"
"JH378105","50180172","50180480","chr22","3232436","3232747","48","46947736"
"JH378105","50188263","50188555","chr11","111414614","111414904","35","61226351"
"JH378105","50189587","50189879","chr11","111415935","111416227","19","61226348"
"JH378105","50208964","50209258","chr2","9772912","9773212","48","40436052"
"JH378105","50210905","50211216","chr10","61269855","61270167","43","11058950"
"JH378105","50223238","50223508","chr7","45574871","45575138","57","4648367"
"JH378105","50233744","50234022","chr11","111460864","111461132","32","61227120"
"JH378105","50234286","50234579","chr11","111461396","111461700","27","61227110"
"JH378105","50241291","50241578","chr11","111468752","111469049","40","61227461"
"JH378105","50243351","50243654","chr16","45697232","45697534","43","4546119"
"JH378105","50248454","50248589","chr11","111475743","111475862","27","61227289"
"JH378105","50264496","50264790","chr13","37673132","37673420","32","12591364"
"JH378105","50276998","50277119","chr11","111483166","111483287","10","61206168"
"JH378105","50288173","50288483","chr14","21669691","21669998","50","28618482"
"JH378105","50300841","50300970","chr22","37632816","37632946","11","12668025"
"JH378105","50359224","50359523","chr11","111578677","111578977","25","61219453"
"JH378105","50439198","50439280","chr22","44139388","44139470","7","6299810"
"JH378105","50469980","50470262","chr11","111758470","111758758","29","61288490"
"JH378105","50494977","50495247","chr11","111758470","111758758","36","61263493"
"JH378105","50574422","50574708","chr11","111823374","111823656","24","61248952"
"JH378105","50600216","50600283","chr11","111877901","111877970","9","61277685"
"JH378105","50647554","50647837","chr11","111927737","111928026","30","61280183"
"JH378105","50680156","50680326","chr11","112019965","112020136","16","61339809"
"JH378105","50769291","50769599","chr5","140398124","140398424","47","89628833"
"JH378105","50788711","50788981","chr11","112367081","112367352","18","61578370"
"JH378105","50798490","50798796","chrX","107414120","107414425","51","56615630"
"JH378105","50932487","50932784","chr11","112430412","112430699","31","61497925"
"JH378105","51016459","51016517","chr11","112721588","112721644","6","61705129"
"JH378105","51039570","51039730","chr20","35387954","35388111","12","15651616"
"JH378105","51143106","51143398","chr11","112881575","112881875","27","61738469"
"JH378105","51144318","51144447","chr2","153675368","153675500","15","102531050"
"JH378105","51194885","51195195","chr18","547232","547545","45","50647653"
"JH378105","51334797","51335097","chr1","202772056","202772343","68","151437259"
"JH378105","51375517","51375807","chr11","113127225","113127515","25","61751708"
"JH378105","51444433","51444751","chrUn_GL286236","2207","2539","68","51442226"
"JH378105","51466985","51467279","chr11","113224191","113224486","30","61757206"
"JH378105","51478055","51478363","chr11","113234370","113234667","34","61756315"
"JH378105","51500381","51500692","chr11","113257179","113257478","29","61756798"
"JH378105","51510547","51510840","chr11","113267221","113267516","13","61756674"
"JH378105","51522294","51522418","chr1","146581964","146582086","15","95059670"
"JH378105","51522480","51522660","chr11","125606259","125606437","24","74083779"
"JH378105","51538861","51539164","chr11","113292721","113293024","26","61753860"
"JH378105","51563711","51564002","chr10","129957723","129958014","37","78394012"
"JH378105","51578417","51578557","chr2","152654518","152654660","10","101076101"
"JH378105","51583295","51583441","chr19","39265766","39265917","20","12317529"
"JH378105","51587748","51588043","chr11","113339978","113340275","27","61752230"
"JH378105","51592701","51593002","chr16","70523165","70523458","49","18930464"
"JH378105","51600577","51600868","chr2","145437197","145437492","45","93836620"
"JH378105","51616272","51616433","chr11","113366768","113366923","21","61750496"
"JH378105","51616744","51616878","chr11","113367207","113367341","10","61750463"
"JH378105","51625959","51626012","chr15","23724804","23724860","13","27901155"
"JH378105","51635303","51635607","chr11","113385806","113386107","24","61750503"
"JH378105","51639184","51639502","chr12","13952807","13953119","40","37686377"
"JH378105","51644983","51645231","chr1","14885766","14886012","37","36759217"
"JH378105","51658496","51658615","chr2","113377054","113377178","19","61718558"
"JH378105","51685972","51686271","chr1","52625636","52625940","56","939664"
"JH378105","51692647","51692941","chr11","113453159","113453456","24","61760512"
"JH378105","51694907","51695222","chr11","113455426","113455724","40","61760519"
"JH378105","51711507","51711820","chr11","113474049","113474361","24","61762542"
"JH378105","51720206","51720490","chr11","113481472","113481757","35","61761266"
"JH378105","51739063","51739355","chr11","113497659","113497942","31","61758596"
"JH378105","51740805","51740910","chr10","4488468","4488573","9","47252337"
"JH378105","51749695","51749914","chr11","113511468","113511693","31","61761773"
"JH378105","51760632","51760941","chr11","113522487","113522783","32","61761855"
"JH378105","51766397","51766670","chr11","113528208","113528480","16","61761811"
"JH378105","51786612","51786913","chr11","113548370","113548672","22","61761758"
"JH378105","51793095","51793229","chr9","60164377","60164514","13","8371282"
"JH378105","51793532","51793705","chr5","35406738","35406906","33","16386794"
"JH378105","51803912","51804101","chr11","113564638","113564825","18","61760726"
"JH378105","51804233","51804536","chr11","113564962","113565244","29","61760729"
"JH378105","51809111","51809390","chr11","113569340","113569634","31","61760229"
"JH378105","51822470","51822534","chr4","37573354","37573417","6","14249116"
"JH378105","51823206","51823313","chrX","8860296","8860407","10","42962910"
"JH378105","51827704","51827835","chr12","110492","110622","5","51717212"
"JH378105","51842831","51843099","chr22","16590794","16591055","46","35252037"
"JH378105","51852917","51853148","chr12","88547415","88547616","51","36694498"
"JH378105","51867036","51867169","chr4","86952441","86952572","13","35085405"
"JH378105","51870722","51871007","chr11","113625154","113625444","16","61754432"
"JH378105","51892121","51892418","chr14","45033227","45033526","45","6858894"
"JH378105","51894465","51894769","chr11","113649253","113649536","36","61754788"
"JH378105","51899388","51899664","chr9","112073946","112074229","56","60174558"
"JH378105","51903088","51903421","chr11","113659108","113659439","32","61756020"
"JH378105","51905133","51905424","chr11","113661134","113661432","23","61756001"
"JH378105","51909283","51909402","chr18","39741992","39742108","24","12167291"
"JH378105","51919184","51919468","chr11","113677622","113677906","17","61758438"
"JH378105","51921885","51922191","chr7","49440720","49441027","53","2481165"
"JH378105","51922271","51922551","chr11","113680672","113680966","36","61758401"
"JH378105","51922601","51922754","chr7","61551277","61551425","21","9628676"
"JH378105","51924092","51924172","chr11","113682752","113682828","10","61758660"
"JH378105","51925594","51925900","chr11","113684259","113684562","25","61758665"
"JH378105","51934412","51934663","chr11","113698895","113699135","32","61764483"
"JH378105","51935459","51935510","chr9","37950896","37950947","3","13984563"
"JH378105","51992586","51992705","chr2","59558901","59559020","7","7566315"
"JH378105","51993295","51993592","chr11","113773218","113773509","13","61779923"
"JH378105","51995957","51996175","chr5","99096799","99097008","47","47100842"
"JH378105","52000715","52001012","chr11","113781822","113782134","40","61781107"
"JH378105","52016807","52017097","chr4","150916339","150916624","43","98899532"
"JH378105","52032697","52032788","chr3","189219693","189219778","14","137186996"
"JH378105","52063675","52063965","chr11","113839550","113839841","31","61775875"
"JH378105","52100295","52100580","chr11","113878818","113879103","21","61778523"
"JH378105","52134210","52134460","chr11","113907375","113907640","35","61773165"
"JH378105","52185004","52185015","chr2","148386820","148386831","0","96201816"
"JH378105","52185043","52185329","chr11","113957540","113957825","24","61772497"
"JH378105","52306673","52306967","chr11","114083638","114083933","19","61776965"
"JH378105","52319121","52319416","chr11","114103845","114104146","25","61784724"
"JH378105","52502097","52502394","chr11","114320684","114320975","24","61818587"
"JH378105","52536090","52536176","chr11","114356082","114356166","10","61819992"
"JH378105","52553853","52554133","chr11","114373280","114373560","16","61819427"
"JH378105","52611765","52612024","chr11","114441641","114441901","17","61829876"
"JH378105","52677337","52677450","chr15","43026107","43026227","18","9651230"
"JH378105","52677476","52677615","chr11","60998328","60998467","36","8320852"
"JH378105","52950187","52950319","chr14","69461194","69461327","11","16511007"
"JH378105","52950631","52950786","chr1","170556854","170557002","34","117606223"
"JH378105","53002902","53003193","chr11","114872508","114872768","47","61869606"
"JH378105","53026229","53026386","chr11","114894955","114895108","15","61868726"
"JH378105","53053987","53054303","chr9","97480544","97480851","67","44426557"
"JH378105","53063149","53063438","chr11","114979613","114979897","21","61916464"
"JH378105","53168793","53169076","chr8","26379818","26380103","41","26788975"
"JH378105","53175421","53175735","chr8","52087798","52088102","64","1087623"
"JH378105","53199957","53200263","chr11","115026523","115026832","25","61826566"
"JH378105","53219626","53219907","chr11","115043992","115044267","34","61824366"
"JH378105","53221551","53221861","chr11","115045909","115046223","21","61824358"
"JH378105","53226110","53226288","chr4","162161723","162161897","33","108935613"
"JH378105","53234098","53234361","chr9","37649727","37650002","57","15584371"
"JH378105","53240955","53241099","chr11","115066915","115067052","17","61825960"
"JH378105","53241404","53241581","chr11","115067358","115067541","16","61825954"
"JH378105","53242413","53242704","chr11","115068797","115069089","28","61826384"
"JH378105","53248105","53248219","chr11","115074893","115075013","15","61826788"
"JH378105","53248253","53248370","chr3","140814285","140814404","16","87566032"
"JH378105","53248683","53248986","chr11","115075838","115076124","43","61827155"
"JH378105","53252672","53252956","chr8","117104599","117104881","49","63851927"
"JH378105","53252981","53253010","chr2","193382778","193382805","6","140129797"
"JH378105","53255368","53255694","chr11","115082146","115082470","27","61826778"
"JH378105","53264327","53264596","chr11","115091584","115091870","37","61827257"
"JH378105","53273786","53274068","chr11","115100708","115100971","28","61826922"
"JH378105","53278399","53278475","chr9","20274682","20274755","16","33003717"
"JH378105","53278779","53278909","chr10","20606649","20606783","13","32672130"
"JH378105","53283268","53283621","chr1","179777216","179777554","68","126493948"
"JH378105","53287136","53287442","chr3","151929421","151929723","58","98642285"
"JH378105","53299963","53300112","chr11","115125709","115125858","7","61825746"
"JH378105","53300113","53300410","chr11","115125859","115126144","34","61825746"
"JH378105","53300411","53300562","chr11","115126145","115126306","21","61825734"
"JH378105","53301115","53301384","chr10","34307679","34307946","47","18993436"
"JH378105","53332694","53332882","chr7","4400117","4400306","27","48932577"
"JH378105","53348501","53348578","chr7","87535961","87536040","12","34187460"
"JH378105","53395089","53395316","chr1","194647125","194647350","38","141252036"
"JH378105","53397176","53397378","chr11","115228041","115228243","10","61830865"
"JH378105","53398419","53398521","chr11","115229267","115229374","12","61830848"
"JH378105","53403279","53403571","chr7","54705898","54706197","49","1302619"
"JH378105","53413416","53413704","chr11","115244994","115245275","22","61831578"
"JH378105","53419781","53420020","chr9","115931691","115931930","32","62511910"
"JH378105","53421792","53421937","chr7","102713415","102713560","21","49291623"
"JH378105","53425898","53426170","chr1","82782958","82783233","50","29357060"
"JH378105","53436620","53436786","chr6","61128316","61128486","28","7691696"
"JH378105","53436909","53437223","chr6","67290967","67291278","45","13854058"
"JH378105","53438883","53439183","chr11","115270127","115270425","22","61831244"
"JH378105","53454043","53454164","chr3","115803586","115803707","15","62349543"
"JH378105","53454207","53454380","chrX","137222383","137222560","27","83768176"
"JH378105","53461292","53461424","chr11","115294047","115294177","11","61832755"
"JH378105","53463652","53463945","chr11","115296383","115296692","35","61832731"
"JH378105","53471140","53471429","chr11","115304727","115305012","29","61833587"
"JH378105","53481468","53481702","chr12","29267456","29267696","50","24214012"
"JH378105","53541846","53542028","chr11","115422608","115422790","7","61880762"
"JH378105","53543983","53544128","chr11","115424713","115424857","10","61880730"
"JH378105","53552356","53552627","chr14","656130","656403","56","52896226"
"JH378105","53641895","53642199","chr11","115518651","115518961","22","61876756"
"JH378105","53643890","53644177","chr1","75545916","75546205","45","21902026"
"JH378105","53648143","53648426","chr11","115525315","115525596","18","61877172"
"JH378105","53669218","53669337","chr7","106091235","106091351","16","52422017"
"JH378105","53669383","53669533","chrUn_GL287824","28600","28757","26","53640783"
"JH378105","53672263","53672574","chr11","115551669","115551980","22","61879406"
"JH378105","53674614","53674913","chr3","124003561","124003859","41","70328947"
"JH378105","53757312","53757615","chr8","117609496","117609797","40","63852184"
"JH378105","53760606","53760895","chr5","110147312","110147612","25","56386706"
"JH378105","53834689","53834990","chr11","115702349","115702647","32","61867660"
"JH378105","53890176","53890497","chr11","115770728","115771036","46","61880552"
"JH378105","53899137","53899434","chr11","115779795","115780095","28","61880658"
"JH378105","53934071","53934368","chr11","115814824","115815115","23","61880753"
"JH378105","53939436","53939532","chr7","144857509","144857591","23","90918073"
"JH378105","53954770","53955042","chr11","115829722","115829996","17","61874952"
"JH378105","53959219","53959343","chr11","115834162","115834286","6","61874943"
"JH378105","53964024","53964333","chr11","115839480","115839776","42","61875456"
"JH378105","54157398","54157710","chr11","115955376","115955675","33","61797978"
"JH378105","54198067","54198235","chr9","43244509","43244677","33","10953558"
"JH378105","54214292","54214578","chr11","116019592","116019861","34","61805300"
"JH378105","54227301","54227595","chr11","116032892","116033193","33","61805591"
"JH378105","54262020","54262316","chr6","140303771","140304064","56","86041751"
"JH378105","54267731","54267852","chr11","96534994","96535114","13","42267263"
"JH378105","54267896","54268059","chr14","4964839","4965002","24","49303057"
"JH378105","54282222","54282511","chr8","111082445","111082743","47","56800223"
"JH378105","54288624","54288733","chr8","115445949","115446067","22","61157325"
"JH378105","54304823","54305124","chr11","116111974","116112275","27","61807151"
"JH378105","54326431","54326733","chr11","116137986","116138275","27","61811555"
"JH378105","54350977","54351269","chr11","116165676","116165945","38","61814699"
"JH378105","54358427","54358577","chr11","116177862","116178006","21","61819435"
"JH378105","54426260","54426556","chr11","116252622","116252909","26","61826362"
"JH378105","54457591","54457887","chr11","116283629","116283923","23","61826038"
"JH378105","54474442","54474666","chr5","139535285","139535509","47","85060843"
"JH378105","54495127","54495440","chr11","116329459","116329772","22","61834332"
"JH378105","54531441","54531737","chr4","48908710","48909004","43","5622731"
"JH378105","54533181","54533316","chr11","116367439","116367576","10","61834258"
"JH378105","54533606","54533782","chr11","116367870","116368035","26","61834264"
"JH378105","54537402","54537709","chr3","183462362","183462671","40","128924960"
"JH378105","54552884","54553190","chr2","1798406","1798716","50","52754478"
"JH378105","54562715","54563015","chr11","116397720","116398019","17","61835005"
"JH378105","54570944","54571243","chr11","80967956","80968253","48","26397012"
"JH378105","54576898","54577198","chr7","54157888","54158182","47","419010"
"JH378105","54593342","54593653","chr11","116429199","116429495","34","61835857"
"JH378105","54635942","54636254","chr11","116467753","116468059","28","61831811"
"JH378105","54657214","54657371","chr7","69693352","69693501","32","15036138"
"JH378105","54677893","54677992","chr8","14435441","14435540","14","40242452"
"JH378105","54688442","54688702","chr11","116525555","116525821","31","61837113"
"JH378105","54716080","54716261","chr19","45112849","45113030","32","9603231"
"JH378105","54716572","54716687","chr8","55272661","55272774","14","556089"
"JH378105","54722202","54722413","chr11","116562379","116562593","19","61840177"
"JH378105","54724863","54725079","chr7","50678291","50678504","35","4046572"
"JH378105","54726830","54727109","chr5","122990844","122991115","52","68264014"
"JH378105","54728059","54728369","chr11","116567967","116568267","34","61839908"
"JH378105","54729568","54729886","chr11","116569451","116569766","25","61839883"
"JH378105","54748616","54748704","chr5","63501390","63501478","9","8752774"
"JH378105","54749368","54749674","chr12","109211035","109211336","42","54461667"
"JH378105","54769222","54769343","chr5","74119729","74119848","14","19350507"
"JH378105","54769693","54769858","chr12","18223476","18223638","28","36546217"
"JH378105","54777459","54777552","chr11","116629806","116629899","12","61852347"
"JH378105","54777553","54777847","chr11","116629900","116630194","12","61852347"
"JH378105","54777848","54777933","chr7","103861382","103861458","24","49083534"
"JH378105","54778243","54778379","chr1","170422175","170422310","17","115643932"
"JH378105","54792901","54793185","chr11","116643541","116643832","25","61850640"
"JH378105","54822857","54823016","chr11","116673932","116674091","12","61851075"
"JH378105","54823319","54823498","chr5","109102942","109103116","27","54279623"
"JH378105","54824131","54824420","chr11","116675213","116675502","20","61851082"
"JH378105","54828813","54829122","chr11","116679329","116679640","21","61850516"
"JH378105","54830371","54830492","chr2","137104825","137104946","11","82274454"
"JH378105","54839083","54839357","chr3","181664144","181664404","48","126825061"
"JH378105","54846886","54847173","chr11","116699147","116699451","29","61852261"
"JH378105","54856530","54856818","chr7","45989418","45989698","52","8867112"
"JH378105","54893118","54893387","chr11","116745016","116745281","24","61851898"
"JH378105","54899308","54899578","chr11","116752295","116752559","29","61852987"
"JH378105","54900834","54901123","chr11","116753642","116753929","22","61852808"
"JH378105","54920704","54920774","chr13","100936569","100936639","6","46015865"
"JH378105","54932698","54932975","chr11","116790467","116790746","21","61857769"
"JH378105","54937843","54938144","chr11","116795247","116795538","33","61857404"
"JH378105","54942590","54942888","chr11","116801153","116801447","31","61858563"
"JH378105","54980185","54980489","chr11","116845486","116845792","27","61865301"
"JH378105","54987548","54987823","chr11","116852854","116853127","17","61865306"
"JH378105","55028308","55028602","chr1","10401072","10401357","66","44627236"
"JH378105","55054015","55054325","chr11","116921010","116921330","38","61866995"
"JH378105","55059492","55059755","chrX","97887458","97887726","51","42827966"
"JH378105","55063419","55063720","chr11","116931546","116931840","33","61868127"
"JH378105","55072451","55072756","chr11","116939540","116939834","31","61867089"
"JH378105","55075497","55075518","chr7","9612575","9612596","4","45462922"
"JH378105","55075566","55075849","chr2","14615579","14615863","39","40459987"
"JH378105","55084329","55084433","chr15","67852818","67852915","17","12768489"
"JH378105","55084730","55084903","chr11","116952918","116953091","10","61868188"
"JH378105","55101639","55101909","chr11","116972312","116972585","18","61870673"
"JH378105","55108451","55108620","chr11","116979324","116979493","5","61870873"
"JH378105","55110888","55111015","chr11","116981743","116981876","19","61870855"
"JH378105","55111713","55111974","chr5","11497765","11498037","63","43613948"
"JH378105","55119005","55119300","chr11","116990160","116990468","29","61871155"
"JH378105","55123395","55123504","chr2","47890092","47890200","9","7233303"
"JH378105","55124076","55124189","chr2","110045511","110045620","18","54921435"
"JH378105","55125879","55126187","chr11","116996610","116996917","26","61870731"
"JH378105","55129811","55130094","chr14","3775707","3775984","46","51354104"
"JH378105","55135874","55136199","chr16","43019128","43019438","58","12116746"
"JH378105","55139954","55140251","chr11","117008673","117008964","25","61868719"
"JH378105","55146326","55146511","chr1","207072003","207072185","29","151925677"
"JH378105","55146702","55146842","chr10","102728603","102728743","17","47581901"
"JH378105","55148130","55148423","chr11","117016648","117016945","29","61868518"
"JH378105","55152220","55152423","chr11","117022082","117022281","24","61869862"
"JH378105","55159874","55160160","chr11","117030476","117030748","39","61870602"
"JH378105","55185873","55186151","chr11","117058508","117058779","24","61872635"
"JH378105","55220982","55221137","chr5","121024142","121024296","32","65803160"
"JH378105","55228593","55228768","chr2","131485160","131485330","31","76256567"
"JH378105","55229050","55229185","chr18","4152101","4152236","15","51076949"
"JH378105","55240877","55241144","chr12","9434390","9434662","38","45806487"
"JH378105","55241358","55241508","chr7","122425192","122425341","18","67183834"
"JH378105","55255705","55256006","chr11","117130724","117131034","30","61875019"
"JH378105","55272153","55272433","chr11","117147956","117148258","43","61875803"
"JH378105","55291119","55291172","chr2","3186346","3186399","8","52104773"
"JH378105","55322093","55322283","chr11","117193981","117194170","13","61871888"
"JH378105","55324568","55324870","chr22","5011292","5011590","56","50313276"
"JH378105","55346315","55346588","chr1","192557440","192557711","48","137211125"
"JH378105","55369351","55369650","chr7","64453546","64453849","52","9084195"
"JH378105","55375430","55375446","chr7","22508421","22508438","3","32867009"
"JH378105","55375740","55375881","chr2","170741511","170741650","24","115365771"
"JH378105","55378734","55379028","chr11","117251581","117251879","24","61872847"
"JH378105","55379338","55379469","chr20","11865196","11865328","11","43514142"
"JH378105","55381766","55382035","chr19","12464336","12464610","52","42917430"
"JH378105","55389553","55389718","chr11","117262419","117262571","23","61872866"
"JH378105","55395938","55396068","chr1","136760229","136760359","12","81364291"
"JH378105","55408231","55408528","chr11","21267146","21267442","42","34141085"
"JH378105","55429968","55430241","chr9","52445691","52445972","50","2984277"
"JH378105","55437443","55437684","chr11","117310817","117311059","33","61873374"
"JH378105","55437828","55437909","chrX","124628511","124628593","13","69190683"
"JH378105","55486079","55486387","chr22","6475349","6475647","41","49010730"
"JH378105","55493067","55493191","chr11","117369743","117369868","5","61876676"
"JH378105","55493243","55493424","chr11","117370064","117370238","15","61876821"
"JH378105","55506916","55507045","chr4","71635760","71635889","8","16128844"
"JH378105","55518023","55518341","chr11","117396918","117397226","34","61878895"
"JH378105","55520262","55520444","chr9","113737018","113737184","51","58216756"
"JH378105","55569011","55569293","chr11","117448213","117448471","43","61879202"
"JH378105","55570006","55570129","chr22","34797369","34797492","6","20772637"
"JH378105","55574207","55574327","chr10","114059461","114059579","20","58485254"
"JH378105","55590184","55590303","chr4","111347498","111347614","16","55757314"
"JH378105","55597362","55597523","chr15","63655212","63655379","30","8057850"
"JH378105","55602542","55602835","chr11","117479778","117480070","21","61877236"
"JH378105","55603998","55604288","chr7","43837732","43838021","46","11766266"
"JH378105","55606265","55606370","chr20","38937854","38937956","21","16668411"
"JH378105","55613945","55614191","chr6","21875655","21875896","40","33738290"
"JH378105","55621270","55621420","chr2","87442570","87442725","16","31821300"
"JH378105","55624536","55624667","chr11","117507894","117508024","14","61883358"
"JH378105","55632577","55632776","chr22","20577163","20577361","24","35055414"
"JH378105","55634046","55634338","chr2","138625843","138626132","54","82991797"
"JH378105","55635228","55635502","chr11","117517793","117518101","46","61882565"
"JH378105","55642088","55642271","chr16","28301285","28301460","31","27340803"
"JH378105","55643010","55643316","chr11","117525358","117525662","22","61882348"
"JH378105","55643545","55643854","chr8","107462323","107462621","51","51818778"
"JH378105","55645116","55645278","chr1","99543338","99543503","26","43898222"
"JH378105","55645588","55645692","chr1","139543924","139544027","21","83898336"
"JH378105","55650204","55650503","chr11","117535210","117535496","42","61885006"
"JH378105","55651952","55652031","chr11","117536624","117536703","5","61884672"
"JH378105","55652716","55653007","chr16","70523165","70523458","51","14870449"
"JH378105","55656727","55657029","chr11","117540452","117540745","29","61883725"
"JH378105","55664707","55664831","chr14","69139076","69139200","14","13474369"
"JH378105","55707542","55707862","chr3","20674935","20675261","57","35032607"
"JH378105","55709624","55709909","chr11","117598125","117598411","26","61888501"
"JH378105","55722868","55723155","chr11","117611804","117612114","46","61888936"
"JH378105","55742457","55742737","chr11","117646040","117646327","28","61903583"
"JH378105","55748981","55749275","chr11","117639616","117639907","28","61890635"
"JH378105","55752478","55752743","chr4","149248941","149249202","41","93496463"
"JH378105","55864820","55864927","chr12","11569305","11569413","19","44295515"
"JH378105","55959612","55959885","chrX","127752480","127752753","38","71792868"
"JH378105","55965837","55966126","chr11","117821498","117821789","21","61855661"
"JH378105","55994044","55994309","chr11","117850511","117850774","22","61856467"
"JH378105","55994775","55994890","chr11","117851219","117851335","10","61856444"
"JH378105","56035861","56035898","chr1","172619322","172619355","10","116583461"
"JH378105","56035943","56036211","chr5","133469283","133469549","41","77433340"
"JH378105","56036926","56036971","chr11","117891467","117891512","2","61854541"
"JH378105","56083546","56083775","chr11","117962986","117963199","35","61879440"
"JH378105","56086218","56086520","chr11","117965284","117965587","45","61879066"
"JH378105","56107827","56107925","chr4","22336366","22336460","15","33771461"
"JH378105","56151090","56151309","chr11","118004824","118005041","9","61853734"
"JH378105","56151806","56152095","chr11","28010800","28011092","37","28141006"
"JH378105","56155188","56155421","chr11","118003528","118003757","21","61848340"
"JH378105","56155454","56155468","chr2","9649890","9649902","2","46505564"
"JH378105","56164089","56164385","chr11","118039175","118039472","12","61875086"
"JH378105","56196270","56196389","chrX","31974577","31974701","17","24221693"
"JH378105","56197717","56197848","chr3","83247012","83247141","15","27049295"
"JH378105","56204794","56205069","chr11","118086916","118087214","37","61882122"
"JH378105","56224332","56224640","chr1","107779146","107779446","54","51554814"
"JH378105","56227613","56227777","chr11","118109508","118109673","17","61881895"
"JH378105","56240278","56240586","chr12","28726730","28727036","48","27513548"
"JH378105","56247039","56247102","chr13","69313261","69313323","6","13066222"
"JH378105","56249795","56249911","chr1","200825704","200825821","15","144575909"
"JH378105","56251308","56251594","chr4","148485141","148485423","42","92233833"
"JH378105","56252597","56252813","chr11","118135628","118135838","24","61883031"
"JH378105","56253818","56254115","chr11","118136829","118137123","17","61883011"
"JH378105","56258412","56258681","chr11","118142141","118142412","20","61883729"
"JH378105","56262185","56262498","chr11","118145483","118145800","14","61883298"
"JH378105","56267254","56267562","chr22","6475349","6475647","58","49791905"
"JH378105","56271295","56271556","chr15","25028428","25028690","33","31242867"
"JH378105","56273872","56274167","chr6","22330320","22330613","52","33943552"
"JH378105","56275351","56275638","chr11","118155677","118155970","23","61880326"
"JH378105","56280153","56280451","chr11","118162638","118162936","25","61882485"
"JH378105","56282515","56282792","chr11","118165013","118165291","26","61882498"
"JH378105","56286409","56286701","chr11","118168406","118168701","24","61881997"
"JH378105","56286748","56287047","chr11","118168748","118169046","17","61882000"
"JH378105","56288635","56288962","chr11","118170632","118170939","36","61881997"
"JH378105","56295790","56295961","chr11","118176478","118176649","11","61880688"
"JH378105","56304311","56304606","chr11","118184439","118184726","29","61880128"
"JH378105","56327926","56328186","chr11","118203476","118203731","19","61875550"
"JH378105","56344168","56344293","chr2","29865526","29865652","8","26478642"
"JH378105","56344872","56345194","chr11","118222225","118222546","32","61877353"
"JH378105","56374509","56374675","chr11","118252490","118252650","13","61877981"
"JH378105","56374961","56375118","chr11","118252941","118253084","22","61877980"
"JH378105","56376192","56376486","chr10","74825648","74825943","37","18449456"
"JH378105","56376494","56376671","chr11","118254459","118254632","17","61877965"
"JH378105","56376973","56377098","chr11","118255249","118255374","14","61878276"
"JH378105","56377122","56377280","chr11","118255398","118255557","10","61878276"
"JH378105","56377605","56377677","chrUn_GL286888","1770","1841","10","56375835"
"JH378105","56380209","56380397","chr11","118260809","118261016","40","61880600"
"JH378105","56380539","56380636","chr11","118260572","118260667","8","61880033"
"JH378105","56382950","56383237","chr5","77002388","77002661","43","20619438"
"JH378105","56402371","56402438","chr9","5786883","5786957","14","50615488"
"JH378105","56402473","56402694","chr11","118280725","118280947","20","61878252"
"JH378105","56406490","56406628","chr11","118284410","118284546","11","61877920"
"JH378105","56413782","56413973","chr12","26796919","26797115","36","29616863"
"JH378105","56414880","56415195","chr19","46819491","46819803","50","9595389"
"JH378105","56421729","56422014","chr1","209606923","209607213","42","153185194"
"JH378105","56426439","56426745","chr11","118303518","118303825","29","61877079"
"JH378105","56433779","56434080","chr11","118311686","118311979","37","61877907"
"JH378105","56434098","56434224","chr4","15016054","15016178","24","41418044"
"JH378105","56455090","56455400","chr11","118334760","118335052","47","61879670"
"JH378105","56463938","56464042","chr11","118343907","118344016","17","61879969"
"JH378105","56472096","56472377","chr11","118350900","118351162","46","61878804"
"JH378105","56473449","56473761","chr1","29464991","29465291","51","27008458"
"JH378105","56479740","56479896","chr11","118359037","118359205","23","61879297"
"JH378105","56480477","56480612","chr11","118359802","118359925","19","61879325"
"JH378105","56491164","56491340","chr14","45424103","45424275","17","11067061"
"JH378105","56493271","56493401","chr9","91747778","91747907","10","35254507"
"JH378105","56506655","56506946","chr5","44547672","44547962","41","11958983"
"JH378105","56508413","56508672","chr16","77779662","77779919","39","21271249"
"JH378105","56513194","56513497","chr2","10784169","10784471","44","45729025"
"JH378105","56527746","56528065","chr11","118403116","118403423","43","61875370"
"JH378105","56528455","56528756","chr11","118403829","118404132","27","61875374"
"JH378105","56528935","56529235","chr11","118404316","118404622","29","61875381"
"JH378105","56553845","56553978","chr2","151509721","151509855","20","94955876"
"JH378105","56565554","56565892","chr11","118438732","118439033","56","61873178"
"JH378105","56574145","56574449","chr5","79478782","79479093","52","22904637"
"JH378105","56579730","56579925","chr1","204889084","204889267","51","148309354"
"JH378105","56580228","56580313","chr11","118459457","118459546","9","61879229"
"JH378105","56588977","56589023","chr9","43384886","43384934","10","13204091"
"JH378105","56589311","56589480","chr16","8809545","8809717","28","47779766"
"JH378105","56595229","56595326","chr11","118473189","118473284","16","61877960"
"JH378105","56595411","56595652","chr4","17207546","17207792","49","39387865"
"JH378105","56596199","56596261","chr8","96275474","96275537","14","39679275"
"JH378105","56600720","56601018","chr11","118479326","118479631","29","61878606"
"JH378105","56613570","56613706","chr11","118493230","118493365","7","61879660"
"JH378105","56614010","56614169","chr11","118493669","118493841","23","61879659"
"JH378105","56614897","56615070","chr11","118494567","118494746","19","61879670"
"JH378105","56615071","56615206","chr12","28164233","28164369","16","28450838"
"JH378105","56615524","56615698","chr12","1318015","1318184","25","55297509"
"JH378105","56615699","56615862","chr11","118495051","118495221","23","61879352"
"JH378105","56615867","56616171","chr11","118495231","118495534","19","61879364"
"JH378105","56633778","56633950","chr5","4790251","4790424","27","51843527"
"JH378105","56634301","56634362","chr2","10369178","10369236","16","46265123"
"JH378105","56643976","56644106","chrUn_GL286215","44997","45128","10","56598979"
"JH378105","56645214","56645377","chr10","18513839","18514003","27","38131375"
"JH378105","56648811","56649086","chr19","18362531","18362799","47","38286280"
"JH378105","56659196","56659488","chr11","118537379","118537689","35","61878183"
"JH378105","56664657","56664788","chr7","87964128","87964249","22","31299471"
"JH378105","56669030","56669093","chr2","9401346","9401408","7","47267684"
"JH378105","56669376","56669526","chr5","9343741","9343891","23","47325635"
"JH378105","56671557","56671674","chr5","76436313","76436437","18","19764756"
"JH378105","56679310","56679611","chr11","118554983","118555281","27","61875673"
"JH378105","56708802","56708992","chr7","122992093","122992274","44","66283291"
"JH378105","56709220","56709359","chr1","135818465","135818609","21","79109245"
"JH378105","56713434","56713695","chr11","14678989","14679255","52","42034445"
"JH378105","56721970","56722057","chr11","118600590","118600677","4","61878620"
"JH378105","56745470","56745661","chr7","117615988","117616180","29","60870518"
"JH378105","56762093","56762217","chr11","118639658","118639783","7","61877565"
"JH378105","56776851","56777008","chr19","35927245","35927407","31","20849606"
"JH378105","56780702","56780881","chr11","118653771","118653942","19","61873069"
"JH378105","56781158","56781304","chr12","56079738","56079887","25","701420"
"JH378105","56781859","56781979","chr22","42279221","42279338","22","14502638"
"JH378105","56782106","56782397","chr22","16771385","16771681","44","40010721"
"JH378105","56787791","56788074","chr11","118657931","118658222","18","61870140"
"JH378105","56799517","56799779","chr11","118668894","118669156","14","61869377"
"JH378105","56805049","56805350","chr8","107771114","107771421","51","50966065"
"JH378105","56812129","56812387","chr11","118680737","118680993","18","61868608"
"JH378105","56825092","56825400","chr11","118693307","118693621","30","61868215"
"JH378105","56852744","56853056","chr11","118725660","118725968","19","61872916"
"JH378105","56868157","56868458","chr11","118740989","118741277","33","61872832"
"JH378105","56901618","56901670","chr9","45519391","45519447","9","11382227"
"JH378105","56906366","56906672","chr11","118797287","118797597","29","61890921"
"JH378105","57007782","57007938","chr11","80444899","80445054","37","23437117"
"JH378105","57060124","57060426","chr4","151633544","151633846","50","94573420"
"JH378105","57061519","57061804","chr5","72139665","72139949","52","15078146"
"JH378105","57129698","57130006","chr2","1798406","1798716","42","55331292"
"JH378105","57134458","57134758","chr11","118923140","118923440","21","61788682"
"JH378105","57174469","57174762","chr3","75194975","75195274","55","18020506"
"JH378105","57234721","57235009","chr11","119020831","119021122","31","61786110"
"JH378105","57267141","57267443","chr11","119065475","119065788","38","61798334"
"JH378105","57272389","57272571","chr5","43696953","43697128","28","13575436"
"JH378105","57273092","57273214","chr12","4571827","4571949","18","52701265"
"JH378105","57280047","57280145","chr7","134025962","134026060","15","76745915"
"JH378105","57289256","57289369","chr5","25490508","25490624","21","31798748"
"JH378105","57290400","57290701","chr11","119090584","119090882","25","61800184"
"JH378105","57295429","57295579","chr11","119095160","119095312","18","61799731"
"JH378105","57296126","57296433","chr11","119095851","119096146","24","61799725"
"JH378105","57308991","57309163","chr19","17398756","17398926","36","39910235"
"JH378105","57309462","57309593","chr5","111591169","111591302","14","54281707"
"JH378105","57315098","57315392","chr7","67304282","67304580","51","9989184"
"JH378105","57317088","57317376","chr6","70548578","70548865","39","13231490"
"JH378105","57319276","57319555","chr11","119118649","119118912","36","61799373"
"JH378105","57321190","57321334","chr11","119120537","119120681","9","61799347"
"JH378105","57321635","57321657","chr5","38485977","38485999","3","18835658"
"JH378105","57332579","57332879","chr1","170645675","170645973","45","113313096"
"JH378105","57335335","57335643","chrUn_GL287115","3458","3762","29","57331877"
"JH378105","57344039","57344334","chr12","105071047","105071331","60","47727008"
"JH378105","57345709","57345839","chr11","119143066","119143182","19","61797357"
"JH378105","57348957","57349268","chr11","119146700","119146994","35","61797743"
"JH378105","57352803","57352919","chr1","40814256","40814372","3","16538547"
"JH378105","57352946","57353127","chr19","3852340","3852519","31","53500606"
"JH378105","57354007","57354296","chr11","119151414","119151712","23","61797407"
"JH378105","57365009","57365231","chr12","31425164","31425387","55","25939845"
"JH378105","57369742","57369996","chr11","119167597","119167851","17","61797855"
"JH378105","57376696","57376997","chr11","119170011","119170311","22","61793315"
"JH378105","57377239","57377502","chr4","11898200","11898460","47","45479039"
"JH378105","57382192","57382500","chr11","119212390","119212692","26","61830198"
"JH378105","57392397","57392552","chr11","119222118","119222273","16","61829721"
"JH378105","57398898","57399231","chr11","119228727","119229018","64","61829829"
"JH378105","57400244","57400558","chr3","75273489","75273776","76","17873245"
"JH378105","57414087","57414379","chr11","119242914","119243189","48","61828827"
"JH378105","57415071","57415144","chrX","125004003","125004071","19","67588932"
"JH378105","57433519","57433696","chr19","13567337","13567519","38","43866182"
"JH378105","57433935","57434054","chr5","45540885","45541005","14","11893050"
"JH378105","57435874","57436171","chr20","28705690","28705991","45","28730184"
"JH378105","57445206","57445513","chr5","61783060","61783361","43","4337854"
"JH378105","57445586","57445602","chrUn_GL287442","10261","10279","6","57435325"
"JH378105","57445632","57445725","chr14","82910681","82910768","12","25465049"
"JH378105","57445859","57445978","chr8","94204963","94205083","13","36759104"
"JH378105","57466785","57466859","chr7","58029827","58029904","16","563042"
"JH378105","57469842","57469931","chr12","5101889","5101972","17","52367953"
"JH378105","57485138","57485436","chr7","54705898","54706197","64","2779240"
"JH378105","57501209","57501427","chr5","73162169","73162376","49","15660960"
"JH378105","57502951","57503216","chr13","75764849","75765112","64","18261898"
"JH378105","57510953","57511037","chr3","65590006","65590092","13","8079053"
"JH378105","57513235","57513465","chr3","173093229","173093460","51","115579994"
"JH378105","57513952","57514075","chr20","29454776","29454895","27","28059176"
"JH378105","57514179","57514321","chr7","26768766","26768909","30","30745413"
"JH378105","57514783","57514921","chr19","36468454","36468591","38","21046329"
"JH378105","57521882","57522061","chr6","105898099","105898269","41","48376217"
"JH378105","57522627","57522951","chr2","65251525","65251827","80","7728898"
"JH378105","57527352","57527535","chrUn_GL286373","636547","636723","38","56890805"
"JH378105","57527603","57527705","chr1","171558383","171558486","19","114030780"
"JH378105","57534342","57534452","chr4","20033906","20034014","26","37500436"
"JH378105","57550170","57550298","chr12","4043122","4043249","19","53507048"
"JH378105","57552796","57552854","chr10","127563878","127563936","9","70011082"
"JH378105","57570988","57571113","chr9","46072269","46072392","13","11498719"
"JH378105","57577580","57577640","chr8","15524136","15524196","9","42053444"
"JH378105","57578266","57578547","chr5","31280905","31281187","55","26297361"
"JH378105","57599658","57599781","chr5","11403117","11403242","24","46196541"
"JH378105","57606333","57606455","chr18","4096202","4096325","13","53510131"
"JH378105","57632213","57632413","chr8","116620394","116620598","55","58988181"
"JH378105","57634194","57634495","chr5","64497379","64497676","45","6863185"
"JH378105","57634919","57635074","chr1","210097630","210097787","30","152462711"
"JH378105","57636878","57637011","chr4","35000001","35000134","27","22636877"
"JH378105","57639479","57639632","chr5","63485797","63485949","35","5846318"
"JH378105","57639693","57639827","chr22","43823276","43823409","25","13816417"
"JH378105","57640139","57640281","chr20","1975532","1975675","34","55664607"
"JH378105","57646386","57646449","chr2","21164890","21164952","11","36481496"
"JH378105","57647275","57647402","chr7","60569570","60569698","14","2922295"
"JH378105","57647426","57647590","chr5","4517007","4517167","37","53130419"
"JH378105","57651217","57651412","chr9","37530365","37530539","53","20120852"
"JH378105","57653657","57653910","chr2","16175513","16175772","52","41478144"
"JH378105","57662518","57662635","chr10","76883835","76883952","13","19221317"
"JH378105","57663594","57663719","chr1","141083342","141083462","25","83419748"
"JH378105","57665221","57665515","chrUn_GL286285","40891","41200","53","57624330"
"JH378105","57669216","57669523","chr6","44528144","44528447","48","13141072"
"JH378105","57670652","57670753","chrUn_GL286400","1091157","1091253","15","56579495"
"JH378105","57671609","57671670","chr4","58370862","58370921","8","699253"
"JH378105","57671705","57671816","chr7","77521583","77521694","41","19849878"
"JH378105","57671919","57671980","chr4","58370862","58370921","8","698943"
"JH378105","57678161","57678275","chr4","10988852","10988965","19","46689309"
"JH378105","57678424","57678639","chr5","134714405","134714620","40","77035981"
"JH378105","57678784","57679071","chr1","167095284","167095565","45","109416500"
"JH378105","57679515","57679675","chr9","69550956","69551115","28","11871441"
"JH378105","57679987","57680122","chr22","2803275","2803408","18","54876712"
"JH378105","57682235","57682407","chrUn_GL286285","18873","19043","37","57663362"
"JH378105","57687925","57688055","chr1","185614679","185614809","9","127926754"
"JH378105","57688694","57688812","chr6","51219258","51219378","13","6469436"
"JH378105","57692201","57692276","chr9","85103641","85103712","13","27411440"
"JH378105","57698575","57698809","chr16","1338428","1338664","33","56360147"
"JH378105","57699977","57700287","chr22","3232436","3232747","39","54467541"
"JH378105","57717755","57717843","chr16","41704796","41704887","15","16012959"
"JH378105","57725693","57725944","chr11","104493983","104494230","51","46768290"
"JH378105","57727354","57727433","chr10","64475698","64475777","13","6748344"
"JH378105","57728545","57728765","chr13","36379090","36379307","49","21349455"
"JH378105","57729960","57730167","chr22","2349835","2350042","56","55380125"
"JH378105","57730844","57730979","chr4","167165859","167165992","19","109435015"
"JH378105","57731280","57731432","chr8","93969331","93969490","23","36238051"
"JH378105","57733498","57733708","chrX","292436","292638","31","57441062"
"JH378105","57734763","57734947","chr22","29989470","29989647","37","27745293"
"JH378105","57736956","57737040","chr12","18641739","18641819","18","39095217"
"JH378105","57743188","57743315","chrX","69153363","69153491","13","11410175"
"JH378105","57746503","57746799","chr9","54224422","54224716","58","3522081"
"JH378105","57746810","57747100","chr7","149093581","149093862","58","91346771"
"JH378105","57747160","57747445","chr10","9973936","9974222","39","47773224"
"JH378105","57750802","57750882","chr3","46763430","46763512","18","10987372"
"JH378105","57751010","57751033","chr15","61748860","61748879","7","3997850"
"JH378105","57756886","57757172","chr22","45741752","45742043","43","12015134"
"JH378105","57761254","57761550","chr5","61783060","61783361","54","4021806"
"JH378105","57761560","57761694","chr7","66082412","66082547","20","8320852"
"JH378105","57762006","57762186","chr13","45078362","45078536","36","12683644"
"JH378105","57766038","57766165","chr4","15016054","15016178","30","42749984"
"JH378105","57769644","57769793","chr8","115081176","115081320","30","57311532"
"JH378105","57771631","57771929","chr2","46898239","46898537","63","10873392"
"JH378105","57773841","57774135","chr1","173418390","173418682","61","115644549"
"JH378105","57780488","57780797","chr2","8721239","8721546","54","49059249"
"JH378105","57791597","57791908","chr5","61783060","61783361","50","3991463"
"JH378105","57794014","57794181","chr12","113936646","113936813","26","56142632"
"JH378105","57803029","57803300","chr3","6450354","6450618","46","51352675"
"JH378105","57803301","57803597","chr18","41596986","41597284","40","16206315"
"JH378105","57809746","57810046","chrX","16675222","16675519","45","41134524"
"JH378105","57813375","57813665","chr7","43837732","43838021","37","13975643"
"JH378105","57818447","57818736","chr10","46944915","46945206","63","10873532"
"JH378105","57827185","57827320","chr1","177939643","177939778","23","120112458"
"JH378105","57828562","57828846","chr1","182326018","182326301","49","124497456"
"JH378105","57831469","57831770","chr13","97042479","97042788","47","39211010"
"JH378105","57840311","57840505","chr6","142670316","142670515","49","84830005"
"JH378105","57840987","57841290","chrY","1124175","1124478","45","56716812"
"JH378105","57844176","57844341","chr15","14904203","14904371","33","42939973"
"JH378105","57860823","57861126","chr5","60671568","60671876","61","2810745"
"JH378105","57868634","57868698","chr11","6081234","6081298","8","51787400"
"JH378105","57874357","57874668","chr22","34941694","34941995","50","22932663"
"JH378105","57877896","57878031","chr1","177939643","177939778","18","120061747"
"JH378105","57893624","57893799","chr5","73868840","73869032","43","15975216"
"JH378105","57901844","57901979","chr22","2803275","2803408","17","55098569"
"JH378105","57905363","57905644","chrX","140833918","140834193","46","82928555"
"JH378105","57906479","57906767","chr1","171493883","171494175","50","113587404"
"JH378105","57908287","57908577","chrX","559947","560227","43","57348340"
"JH378105","57909044","57909315","chrX","557525","557791","51","57351519"
"JH378105","57911124","57911166","chrX","555121","555163","4","57356003"
"JH378105","57911480","57911667","chrX","554641","554823","13","57356839"
"JH378105","57913130","57913210","chr1","174341090","174341172","15","116427960"
"JH378105","57917625","57917769","chrX","543909","544050","24","57373716"
"JH378105","57926687","57926968","chrX","140833918","140834193","46","82907231"
"JH378105","57928492","57928633","chr7","66090554","66090688","24","8162062"
"JH378105","57939944","57940087","chrX","521997","522134","28","57417947"
"JH378105","57947024","57947141","chrX","513249","513361","16","57433775"
"JH378105","57950427","57950548","chrX","508220","508326","25","57442207"
"JH378105","57961585","57961698","chr2","158230432","158230546","20","100268847"
"JH378105","57961734","57961958","chr3","105252586","105252812","38","47290852"
"JH378105","57969603","57969917","chrX","490520","490816","50","57479083"
"JH378105","57973426","57973748","chrX","487172","487476","52","57486254"
"JH378105","57990865","57991033","chr14","42797338","42797511","26","15193527"
"JH378105","57994176","57994326","chr3","85031965","85032112","34","27037789"
"JH378105","57995393","57995512","chr6","42309074","42309191","18","15686319"
"JH378105","58012139","58012433","chrX","427525","427826","32","57584614"
"JH378105","58013250","58013536","chr1","206197299","206197585","43","148184049"
"JH378105","58014721","58014991","chrX","430144","430415","25","57584577"
"JH378105","58015279","58015352","chr2","15120393","15120466","15","42894886"
"JH378105","58019206","58019508","chr7","12512273","12512566","49","45506933"
"JH378105","58019846","58020121","chr10","41798284","41798559","50","16221562"
"JH378105","58039555","58039693","chr10","75924493","75924630","17","17884938"
"JH378105","58039980","58040064","chr3","84777607","84777689","15","26737627"
"JH378105","58040094","58040212","chr5","62067665","62067782","17","4027571"
"JH378105","58041403","58041632","chr2","160257166","160257396","33","102215763"
"JH378105","58044424","58044731","chr12","20539936","20540241","45","37504488"
"JH378105","58044746","58045048","chr2","13714143","13714444","51","44330603"
"JH378105","58047181","58047455","chr5","145149579","145149858","49","87102398"
"JH378105","58066808","58067138","chr5","47599114","47599428","65","10467694"
"JH378105","58067144","58067264","chrX","43836903","43837024","19","14230241"
"JH378105","58095626","58095797","chr2","12619885","12620047","38","45475741"
"JH378105","58113946","58114131","chr3","188375983","188376160","38","130262037"
"JH378105","58122065","58122223","chr12","119414581","119414735","26","61292516"
"JH378105","58123392","58123537","chr2","2103830","2103973","19","56019562"
"JH378105","58124980","58125246","chr1","135976726","135977002","43","77851746"
"JH378105","58125810","58126106","chrUn_GL286300","37524","37821","62","58088286"
"JH378105","58132675","58132954","chr4","159367016","159367298","41","101234341"
"JH378105","58134139","58134439","chr1","93648607","93648915","56","35514468"
"JH378105","58151506","58151802","chr6","25913669","25913982","59","32237837"
"JH378105","58161135","58161232","chr5","78804243","78804339","17","20643108"
"JH378105","58167680","58167844","chr14","60735845","60736005","31","2568165"
"JH378105","58167873","58167987","chr8","70500879","70500997","20","12333006"
"JH378105","58188594","58188639","chr13","4278569","4278615","4","53910025"
"JH378105","58197898","58198192","chr22","39442384","39442684","44","18755514"
"JH378105","58198831","58198923","chr11","129776479","129776573","11","71577648"
"JH378105","58199332","58199637","chr9","97764610","97764910","46","39565278"
"JH378105","58206015","58206148","chr7","69554096","69554223","19","11348081"
"JH378105","58206627","58206940","chr6","147890862","147891178","47","89684235"
"JH378105","58210603","58210903","chr5","39724027","39724325","54","18486576"
"JH378105","58229216","58229300","chr5","109987505","109987582","14","51758289"
"JH378105","58229840","58230146","chr3","64388735","64389040","29","6158895"
"JH378105","58240874","58240982","chr3","64378250","64378356","12","6137376"
"JH378105","58242247","58242556","chr5","131073639","131073953","48","72831392"
"JH378105","58265888","58266228","chrX","583420","583768","39","57682468"
"JH378105","58267788","58267908","chr4","169170680","169170798","19","110902892"
"JH378105","58270578","58270872","chrX","587010","587309","33","57683568"
"JH378105","58276466","58276593","chr1","75993202","75993326","13","17716736"
"JH378105","58281239","58281535","chrX","597979","598273","20","57683260"
"JH378105","58286996","58287159","chr14","19741196","19741362","22","38545800"
"JH378105","58296292","58296382","chr1","74691331","74691417","17","16395039"
"JH378105","58297783","58298091","chrX","610618","610908","49","57687165"
"JH378105","58298094","58298227","chrX","610909","611044","12","57687185"
"JH378105","58299965","58300063","chr22","27693135","27693227","16","30606830"
"JH378105","58300174","58300224","chr9","37950896","37950947","5","20349278"
"JH378105","58300599","58300869","chr8","115489773","115490031","52","57189174"
"JH378105","58300870","58301001","chr12","90205672","90205805","20","31904802"
"JH378105","58310734","58311028","chrX","622707","622989","30","57688027"
"JH378105","58311969","58312250","chr2","151947486","151947776","52","93635517"
"JH378105","58318167","58318483","chrX","636477","636794","30","57681690"
"JH378105","58335931","58336248","chrX","654916","655226","26","57681015"
"JH378105","58343616","58343929","chrX","663084","663367","51","57680532"
"JH378105","58349186","58349481","chrX","670812","671117","29","57678374"
"JH378105","58361202","58361405","chrUn_GL286812","1548","1752","18","58359654"
"JH378105","58363137","58363428","chrUn_GL286812","4120","4411","24","58359017"
"JH378105","58364753","58365038","chr4","10310588","10310873","51","48054165"
"JH378105","58379338","58379661","chr4","134429085","134429413","54","76049747"
"JH378105","58383526","58383691","chr1","96164135","96164297","28","37780609"
"JH378105","58402006","58402229","chr9","101082375","101082594","38","42680369"
"JH378105","58416922","58417060","chr22","1859082","1859215","20","56557840"
"JH378105","58420331","58420626","chrX","676189","676470","38","57744142"
"JH378105","58426256","58426448","chrX","683217","683409","8","57743039"
"JH378105","58438765","58438939","chr4","139658960","139659139","30","81220195"
"JH378105","58438940","58439107","chr5","111611703","111611861","27","53172763"
"JH378105","58439138","58439257","chr5","61301504","61301624","19","2862366"
"JH378105","58439258","58439406","chr3","80879509","80879644","33","22440251"
"JH378105","58463418","58463588","chr5","31370007","31370173","23","27093411"
"JH378105","58466344","58466627","chrX","40369624","40369900","30","18096720"
"JH378105","58486403","58486567","chrX","695363","695512","25","57791040"
"JH378105","58486981","58487271","chrX","695902","696182","28","57791079"
"JH378105","58487464","58487557","chr15","32853282","32853380","11","25634182"
"JH378105","58494267","58494558","chr8","687744","688032","45","57806523"
"JH378105","58497844","58497963","chr5","131666597","131666716","22","73168753"
"JH378105","58505154","58505446","chrX","716665","716960","21","57788489"
"JH378105","58505659","58505907","chrX","717162","717415","18","57788497"
"JH378105","58510366","58510665","chrX","722516","722801","32","57787850"
"JH378105","58517048","58517297","chrX","732166","732400","29","57784882"
"JH378105","58520691","58520999","chrX","915858","916164","30","57604833"
"JH378105","58527194","58527486","chr8","93571351","93571633","52","35044157"
"JH378105","58534872","58535175","chrUn_GL286640","3223","3510","48","58531649"
"JH378105","58542841","58542917","chr18","1125355","1125432","8","57417486"
"JH378105","58568211","58568455","chr22","31610868","31611110","38","26957343"
"JH378105","58592334","58592636","chrX","784204","784493","28","57808130"
"JH378105","58612892","58613189","chrX","804336","804636","37","57808556"
"JH378105","58614623","58614797","chrX","806047","806218","12","57808576"
"JH378105","58640554","58640824","chr20","37714725","37714970","65","20925829"
"JH378105","58641962","58642298","chr15","31497672","31498008","58","27144290"
"JH378105","58644322","58644592","chr22","34236631","34236904","43","24407691"
"JH378105","58648902","58649149","chrX","855316","855560","21","57793586"
"JH378105","58649425","58649725","chr2","59542168","59542462","50","892743"
"JH378105","58655439","58655759","chr3","20674935","20675261","55","37980504"
"JH378105","58660456","58660604","chrX","868026","868161","21","57792430"
"JH378105","58681903","58682188","chrX","891640","891928","23","57790263"
"JH378105","58692237","58692540","chrX","893912","894199","35","57798325"
"JH378105","58700033","58700162","chrX","902458","902585","13","57797575"
"JH378105","58707513","58707803","chrX","910196","910484","16","57797317"
"JH378105","58718723","58718887","chr7","11114969","11115131","19","47603754"
"JH378105","58725583","58725870","chrX","964942","965232","21","57760641"
"JH378105","58760661","58760957","chrX","1008307","1008608","26","57752354"
"JH378105","58765646","58765847","chrX","46360820","46361023","28","12404826"
"JH378105","58769982","58770264","chr13","115049240","115049520","52","56279258"
"JH378105","58772685","58772979","chr11","113657814","113658112","41","54885129"
"JH378105","58795509","58795682","chr22","41326299","41326472","24","17469210"
"JH378105","58795713","58795962","chr11","110459842","110460088","39","51664129"
"JH378105","58798907","58799026","chrX","1069141","1069260","7","57729766"
"JH378105","58804915","58805201","chrX","1075345","1075631","23","57729570"
"JH378105","58806170","58806472","chrX","1076823","1077120","20","57729347"
"JH378105","58811776","58812017","chr19","36361148","36361391","56","22450628"
"JH378105","58817446","58817543","chr7","25794206","25794301","18","33023240"
"JH378105","58887659","58887791","chr4","37934558","37934696","24","20953101"
"JH378105","58889920","58890030","chr6","144805870","144805983","21","85915950"
"JH378105","58890052","58890232","chr22","38428110","38428289","28","20461942"
"JH378105","58898086","58898378","chrX","1183114","1183390","34","57714972"
"JH378105","58933899","58934121","chrX","1217652","1217874","12","57716247"
"JH378105","58941080","58941377","chrX","1222723","1223037","34","57718357"
"JH378105","59058150","59058444","chrX","1360687","1360980","14","57697463"
"JH378105","59080633","59080918","chrX","1386754","1387041","25","57693879"
"JH378105","59130869","59131080","chr7","18266854","18267051","46","40864015"
"JH378105","59182667","59182787","chr4","83703135","83703254","7","24520468"
"JH378105","59195421","59195546","chr4","83712956","83713080","6","24517535"
"JH378105","59213749","59214045","chr4","83731330","83731622","18","24517581"
"JH378105","59263156","59263469","chrX","1486725","1487020","37","57776431"
"JH378105","59265144","59265339","chr1","151429312","151429503","36","92164168"
"JH378105","59300337","59300623","chrX","1521409","1521689","27","57778928"
"JH378105","59304742","59305034","chr7","59240119","59240411","43","64623"
"JH378105","59316808","59317101","chrX","1538356","1538655","23","57778452"
"JH378105","59327431","59327581","chrX","1550259","1550408","13","57777172"
"JH378105","59344648","59344952","chr6","30949549","30949848","34","28395099"
"JH378105","59372281","59372579","chrX","1591504","1591798","22","57780777"
"JH378105","59373073","59373201","chrX","1592292","1592417","12","57780781"
"JH378105","59380106","59380392","chr22","5666725","5667016","42","53713381"
"JH378105","59407373","59407575","chrX","1632094","1632296","10","57775279"
"JH378105","59419618","59419906","chrX","1644226","1644515","31","57775392"
"JH378105","59426018","59426337","chrX","1651535","1651846","25","57774483"
"JH378105","59427650","59427925","chrX","1653152","1653426","21","57774498"
"JH378105","59427927","59428022","chr1","170618123","170618223","15","111190196"
"JH378105","59437315","59437610","chrX","1662479","1662780","22","57774836"
"JH378105","59443981","59444117","chr5","156383306","156383438","24","96939325"
"JH378105","59451421","59451731","chrX","1679771","1680079","21","57771650"
"JH378105","59454709","59454943","chrX","1683362","1683596","28","57771347"
"JH378105","59467979","59468266","chrX","1691832","1692131","21","57776147"
"JH378105","59474742","59474856","chr22","8878271","8878385","8","50596471"
"JH378105","59479404","59479708","chrX","1703865","1704155","30","57775539"
"JH378105","59489641","59489978","chr5","138546248","138546576","65","79056607"
"JH378105","59529194","59529468","chrX","1790754","1791018","24","57738440"
"JH378105","59537185","59537464","chr12","109561775","109562051","40","50024590"
"JH378105","59577865","59578083","chr1","138498884","138499103","38","78921019"
"JH378105","59579315","59579599","chrX","1821873","1822162","44","57757442"
"JH378105","59698102","59698386","chrX","1934705","1934989","23","57763397"
"JH378105","59710486","59710736","chr1","198773730","198773976","38","139063244"
"JH378105","59741596","59741889","chrX","1978251","1978534","31","57763345"
"JH378105","59742221","59742495","chrX","1978833","1979113","21","57763388"
"JH378105","59762737","59762867","chr12","64646306","64646438","13","4883569"
"JH378105","60035744","60035927","chr2","14169871","14170037","49","45865873"
"JH378105","60056729","60056802","chr2","7590289","7590362","17","52466440"
"JH378105","60057105","60057238","chr5","35666368","35666500","20","24390737"
"JH378105","60076824","60077124","chrX","2311425","2311719","17","57765399"
"JH378105","60111880","60112174","chrX","2353730","2354025","21","57758150"
"JH378105","60123993","60124288","chrX","2365501","2365794","29","57758492"
"JH378105","60131208","60131467","chr9","18656607","18656868","44","41474601"
"JH378105","60206203","60206510","chrX","2456323","2456629","19","57749880"
"JH378105","60213529","60213782","chrX","2463613","2463876","36","57749916"
"JH378105","60223264","60223419","chr9","12436195","12436344","22","47787069"
"JH378105","60249758","60249887","chr16","26378248","26378374","17","33871510"
"JH378105","60268122","60268424","chr1","10158822","10159116","43","50109300"
"JH378105","60297521","60297816","chrX","2550194","2550485","21","57747327"
"JH378105","60300773","60300908","chrX","2553440","2553570","15","57747333"
"JH378105","60301185","60301233","chr3","105849858","105849904","12","45548673"
"JH378105","60301822","60302130","chrX","2554601","2554917","43","57747221"
"JH378105","60314922","60315199","chrX","2567825","2568114","22","57747097"
"JH378105","60329611","60329732","chrX","2582464","2582585","7","57747147"
"JH378105","60329757","60329898","chrX","2582607","2582750","9","57747150"
"JH378105","60388164","60388441","chr19","45152036","45152322","55","15236128"
"JH378105","60391265","60391586","chr1","61625962","61626270","68","1234697"
"JH378105","60400992","60401290","chrUn_GL286420","800793","801091","46","59600199"
"JH378105","60403707","60404022","chrX","2654965","2655248","46","57748742"
"JH378105","60477797","60478096","chrX","2727645","2727937","28","57750152"
"JH378105","60482021","60482329","chrX","2732016","2732319","27","57750005"
"JH378105","60507104","60507410","chrX","2756902","2757197","38","57750202"
"JH378105","60527346","60527631","chr2","16210070","16210360","55","44317276"
"JH378105","60560909","60561225","chrX","2821950","2822253","31","57738959"
"JH378105","60639424","60639723","chrX","2901264","2901563","24","57738160"
"JH378105","60690860","60690953","chrX","2959552","2959653","16","57731308"
"JH378105","60697239","60697331","chr14","41332984","41333077","20","19364255"
"JH378105","60738541","60738837","chrX","3037551","3037847","34","57700990"
"JH378105","60739167","60739445","chrX","3038140","3038417","22","57701027"
"JH378105","60799582","60799890","chrX","3098980","3099275","31","57700602"
"JH378105","60803174","60803460","chrX","3101872","3102168","27","57701302"
"JH378105","60827646","60827939","chrX","3132244","3132533","25","57695402"
"JH378105","60842339","60842637","chrX","3146504","3146796","27","57695835"
"JH378105","60871324","60871539","chrX","3173941","3174153","21","57697383"
"JH378105","60937117","60937413","chrX","3253796","3254085","31","57683321"
"JH378105","60970823","60971129","chrX","3291465","3291765","24","57679358"
"JH378105","61167976","61168128","chr6","48803675","48803822","26","12364301"
"JH378105","61221423","61221557","chrX","3546158","3546293","12","57675265"
"JH378105","61260133","61260368","chr9","37118098","37118331","43","24142035"
"JH378105","61313128","61313389","chr7","46518013","46518277","39","14795115"
"JH378105","61315391","61315712","chr1","205242108","205242418","60","143926717"
"JH378105","61352738","61352859","chr1","179586986","179587106","18","118234248"
"JH378105","61352894","61353063","chr1","72333160","72333325","32","10980266"
"JH378105","61368107","61368361","chr22","43156196","43156433","84","18211911"
"JH378105","61368507","61368559","chr1","95314765","95314811","17","33946258"
"JH378105","61375166","61375475","chrX","3694544","3694862","35","57680622"
"JH378105","61460735","61460839","chr1","194840112","194840216","21","133379377"
"JH378105","61460864","61461031","chr16","65206597","65206760","29","3745733"
"JH378105","61529887","61530192","chrX","3848376","3848670","28","57681511"
"JH378105","61600859","61601179","chrX","3917595","3917901","41","57683264"
"JH378105","61609499","61609812","chrX","3925423","3925728","21","57684076"
"JH378105","61717068","61717360","chrX","4035189","4035481","18","57681879"
"JH378105","61718215","61718519","chr18","28610986","28611297","50","33107229"
"JH378105","61810556","61810832","chrX","4127262","4127530","40","57683294"
"JH378105","61811592","61811624","chr2","55570623","55570657","6","6240969"
"JH378105","61811659","61811789","chrX","122016207","122016342","15","60204548"
"JH378105","61883042","61883350","chrX","4193450","4193763","32","57689592"
"JH378105","61885782","61885863","chr7","55226631","55226713","23","6659151"
"JH378105","61903725","61904019","chr1","114742231","114742523","53","52838506"
"JH378105","61912672","61912800","chr10","121241369","121241496","13","59328697"
"JH378105","61923202","61923482","chrX","4236755","4237056","40","57686447"
"JH378105","61940892","61941186","chrX","4256596","4256884","22","57684296"
"JH378105","61949375","61949680","chrX","4265033","4265338","14","57684342"
"JH378105","61975978","61976280","chrX","4302538","4302836","19","57673440"
"JH378105","61982369","61982666","chrX","4308312","4308611","14","57674057"
"JH378105","62272412","62272522","chrX","4590544","4590654","12","57681868"
"JH378105","62406681","62406911","chrX","4718398","4718613","24","57688283"
"JH378105","62430786","62431090","chr4","159527942","159528245","58","97097156"
"JH378105","62561168","62561271","chrX","4876092","4876194","10","57685076"
"JH378105","62561530","62561683","chrX","4876454","4876609","10","57685076"
"JH378105","62566873","62567173","chrX","4881800","4882089","29","57685073"
"JH378105","62569566","62569863","chrX","4884764","4885062","18","57684802"
"JH378105","62572518","62572806","chr12","90154597","90154888","40","27582079"
"JH378105","62574842","62575003","chrX","4890886","4891041","10","57683956"
"JH378105","62679977","62680281","chr17","47213147","47213452","50","15466830"
"JH378105","62757363","62757578","chrX","5080470","5080685","13","57676893"
"JH378105","62761667","62761889","chrX","5086497","5086732","27","57675170"
"JH378105","62763361","62763642","chrX","5088644","5088923","28","57674717"
"JH378105","62808171","62808488","chrX","5140842","5141156","27","57667329"
"JH378105","62876028","62876335","chr4","43754189","43754491","46","19121839"
"JH378105","62931274","62931448","chrX","137222383","137222560","26","74291109"
"JH378105","62931521","62931642","chr6","123143068","123143189","17","60211547"
"JH378105","62972898","62973196","chr17","26482397","26482693","44","36490501"
"JH378105","62991311","62991444","chrX","5329682","5329815","8","57661629"
"JH378105","63023860","63024158","chrX","5368826","5369120","45","57655034"
"JH378105","63031159","63031448","chrX","5375743","5376023","47","57655416"
"JH378105","63077453","63077744","chrX","5414979","5415269","20","57662474"
"JH378105","63100002","63100298","chr12","79264265","79264561","50","16164263"
"JH378105","63156147","63156431","chrX","5511436","5511722","24","57644711"
"JH378105","63263105","63263413","chrX","5621763","5622053","39","57641342"
"JH378105","63284809","63285096","chrX","5640601","5640888","28","57644208"
"JH378105","63285480","63285753","chrX","5641150","5641423","16","57644330"
"JH378105","63318506","63318787","chrX","5669310","5669579","37","57649196"
"JH378105","63423488","63423608","chr1","134646041","134646158","14","71222553"
"JH378105","63423632","63423811","chr15","46998314","46998492","26","16425318"
"JH378105","63460253","63460382","chr2","72501108","72501234","10","9040855"
"JH378105","63494577","63494876","chrX","5841542","5841834","19","57653035"
"JH378105","63517768","63518069","chrX","5867289","5867585","29","57650479"
"JH378105","63545456","63545768","chrX","5897720","5898032","20","57647736"
"JH378105","63589551","63589850","chrX","5935599","5935901","40","57653952"
"JH378105","63630809","63631108","chr4","21245247","21245548","51","42385562"
"JH378105","63636573","63636864","chrX","5986005","5986295","28","57650568"
"JH378105","63679616","63679857","chr8","47079381","47079618","53","16600235"
"JH378105","63700662","63700740","chr5","101849443","101849523","13","38148781"
"JH378105","63717668","63717952","chr3","118798318","118798611","50","55080650"
"JH378105","63732884","63733022","chr11","110386349","110386480","11","46653465"
"JH378105","63777620","63777917","chrX","6153141","6153436","22","57624479"
"JH378105","63783183","63783315","chrX","6159280","6159412","6","57623903"
"JH378105","63783614","63783923","chrX","6159708","6160024","29","57623906"
"JH378105","63799516","63799799","chrX","6182814","6183084","31","57616702"
"JH378105","63912359","63912663","chrX","6622006","6622299","27","57290353"
"JH378105","64005948","64006231","chrX","6414847","6415117","25","57591101"
"JH378105","64063079","64063211","chr4","73983878","73984010","9","9920799"
"JH378105","64122977","64123268","chrX","6530052","6530337","26","57592925"
"JH378105","64128712","64129013","chr5","38033571","38033873","44","26095141"
"JH378105","64155905","64156172","chrX","6563758","6564025","12","57592147"
"JH378105","64271791","64272021","chr17","64209371","64209593","51","62420"
"JH378105","64272313","64272411","chr9","88680444","88680543","22","24408131"
"JH378105","64551283","64551583","chrX","6992336","6992624","25","57558947"
"JH378105","64615863","64616002","chrX","7059638","7059771","13","57556225"
"JH378105","64642618","64642929","chrX","7084100","7084411","22","57558518"
"JH378105","64644952","64645243","chrX","7086414","7086704","6","57558538"
"JH378105","64647065","64647378","chr18","33661931","33662249","42","30985134"
"JH378105","64716097","64716347","chr9","97773446","97773703","62","33057349"
"JH378105","64741614","64741894","chrX","7183599","7183847","55","57558015"
"JH378105","64755045","64755318","chrX","7197233","7197512","41","57557812"
"JH378105","64785416","64785693","chrX","7229864","7230143","22","57555552"
"JH378105","64791029","64791321","chrX","7235558","7235849","17","57555471"
"JH378105","64792735","64793023","chr13","10296196","10296485","40","54496539"
"JH378105","64794409","64794731","chrX","7239071","7239368","38","57555338"
"JH378105","64802666","64802956","chr3","20118400","20118693","55","44684266"
"JH378105","64814028","64814327","chr6","157134600","157134896","44","92320572"
"JH378105","64821142","64821287","chr4","103122022","103122164","29","38300880"
"JH378105","64821395","64821690","chrX","7266598","7266893","16","57554797"
"JH378105","64827549","64827765","chr14","45510187","45510412","39","19317362"
"JH378105","64837414","64837701","chr15","97058487","97058779","55","32221073"
"JH378105","64838055","64838189","chr3","140813847","140813982","16","75975792"
"JH378105","64838494","64838682","chr19","21543807","21543983","40","43294687"
"JH378105","64855111","64855447","chrX","7307176","7307489","47","57547935"
"JH378105","64861342","64861659","chrX","7312312","7312602","50","57549030"
"JH378105","64914240","64914382","chr20","7454693","7454835","24","57459547"
"JH378105","64915534","64915688","chrX","7356045","7356198","12","57559489"
"JH378105","64926068","64926330","chrX","7366684","7366938","24","57559384"
"JH378105","64927652","64927917","chrX","7368236","7368492","26","57559416"
"JH378105","64933764","64933963","chrX","7374389","7374588","4","57559375"
"JH378105","64937782","64938091","chrX","7378212","7378522","15","57559570"
"JH378105","64943437","64943693","chrX","122337652","122337905","39","57394215"
"JH378105","64944508","64944810","chrX","7385389","7385679","25","57559119"
"JH378105","64984624","64984894","chr3","4978064","4978336","42","60006560"
"JH378105","65082278","65082585","chrX","7532198","7532506","21","57550080"
"JH378105","65087168","65087463","chr6","117498241","117498535","49","52411073"
"JH378105","65097822","65098096","chr2","128990463","128990737","42","63892641"
"JH378105","65156690","65156719","chr9","37146466","37146496","3","28010224"
"JH378105","65156747","65157024","chr15","24357414","24357691","43","40799333"
"JH378105","65159261","65159566","chr1","82047742","82048054","53","16888481"
"JH378105","65204935","65205026","chrX","7656684","7656775","6","57548251"
"JH378105","65211392","65211678","chrX","7662471","7662758","20","57548921"
"JH378105","65231334","65231442","chr11","28161951","28162062","25","37069383"
"JH378105","65231496","65231757","chr22","4050735","4050985","48","61180761"
"JH378105","65236095","65236392","chrX","7689891","7690184","18","57546204"
"JH378105","65236688","65236958","chrX","7690472","7690748","25","57546216"
"JH378105","65238486","65238795","chr3","2060027","2060338","39","63178459"
"JH378105","65289622","65289933","chrX","7745500","7745809","23","57544122"
"JH378105","65290838","65291088","chrX","7746984","7747230","14","57543854"
"JH378105","65328352","65328682","chrX","7786927","7787250","26","57541425"
"JH378105","65335742","65335882","chrX","7793931","7794071","10","57541811"
"JH378105","65336199","65336381","chr4","81170151","81170329","28","15833952"
"JH378105","65350767","65350892","chr10","60388047","60388171","18","4962720"
"JH378105","65350937","65351104","chr2","175806","175971","29","65175131"
"JH378105","65371815","65372119","chrX","7827340","7827642","19","57544475"
"JH378105","65377343","65377637","chrX","7833030","7833317","25","57544313"
"JH378105","65412543","65412851","chrX","7863647","7863956","13","57548896"
"JH378105","65435651","65435819","chrX","7897350","7897527","18","57538301"
"JH378105","65447848","65448135","chrX","7908339","7908626","18","57539509"
"JH378105","65448585","65448793","chr13","95641304","95641508","32","30192719"
"JH378105","65452917","65453049","chr12","18627973","18628107","17","46824944"
"JH378105","65453360","65453489","chr2","11791625","11791754","19","53661735"
"JH378105","65473960","65474254","chr4","145216601","145216894","38","79742641"
"JH378105","65481927","65482080","chrX","7943039","7943192","6","57538888"
"JH378105","65486440","65486729","chrX","7947867","7948159","26","57538573"
"JH378105","65500064","65500220","chrX","7960486","7960646","12","57539578"
"JH378105","65500526","65500660","chrX","7960938","7961068","17","57539588"
"JH378105","65514236","65514542","chrX","7975039","7975346","22","57539197"
"JH378105","65578896","65579185","chrX","8043409","8043701","36","57535487"
"JH378105","65582433","65582737","chr12","113379145","113379447","48","47796712"
"JH378105","65588091","65588375","chrX","8052786","8053067","24","57535305"
"JH378105","65592668","65592912","chr12","46126105","46126355","44","19466563"
"JH378105","65601269","65601551","chr8","687744","688032","41","64913525"
"JH378105","65618533","65618834","chr5","60671568","60671876","42","4946965"
"JH378105","65625522","65625833","chrX","8090588","8090892","24","57534934"
"JH378105","65653369","65653659","chr13","114490230","114490514","52","48836861"
"JH378105","65660949","65661285","chr5","36941188","36941528","54","28719761"
"JH378105","65729752","65729974","chrX","8191449","8191664","23","57538303"
"JH378105","65774086","65774368","chrX","8236100","8236403","34","57537986"
"JH378105","65788624","65788897","chrX","8256092","8256364","46","57532532"
"JH378105","65795726","65795847","chrX","8263096","8263217","1","57532630"
"JH378105","65795909","65796079","chrX","8263259","8263442","31","57532650"
"JH378105","65811672","65811968","chrX","8278865","8279153","35","57532807"
"JH378105","65822120","65822240","chr5","147980805","147980924","16","82158685"
"JH378105","65865563","65865861","chrX","8339144","8339437","33","57526419"
"JH378105","65888881","65889174","chrX","8362284","8362575","23","57526597"
"JH378105","65997958","65998248","chr1","166188876","166189175","62","100190918"
"JH378105","65998250","65998423","chr4","15891636","15891806","27","50106614"
"JH378105","66001515","66001826","chrX","8476547","8476851","22","57524968"
"JH378105","66011559","66011697","chr10","75924493","75924630","26","9912934"
"JH378105","66214009","66214145","chrX","8684174","8684305","16","57529835"
"JH378105","66214193","66214318","chrX","8684357","8684482","5","57529836"
"JH378105","66225012","66225327","chrX","8694413","8694732","18","57530599"
"JH378105","66327743","66327915","chr7","24423693","24423871","28","41904050"
"JH378105","66509225","66509342","chr14","75740119","75740236","5","9230894"
"JH378105","66516477","66516631","chr7","4398182","4398339","24","62118295"
"JH378105","66516659","66516779","chr13","64433355","64433478","14","2083304"
"JH378105","66556995","66557293","chr1","168066521","168066816","44","101509526"
"JH378105","66561515","66561793","chr2","14016467","14016744","38","52545048"
"JH378105","66622209","66622422","chrX","9126070","9126282","5","57496139"
"JH378105","66651869","66652178","chrX","9154357","9154663","30","57497512"
"JH378105","66974119","66974418","chrX","9482353","9482652","15","57491766"
"JH378105","67026689","67026987","chrX","9528485","9528768","38","57498204"
"JH378105","67139227","67139533","chr7","87007315","87007626","42","19868088"
"JH378105","67163540","67163844","chrX","9671787","9672096","31","57491753"
"JH378105","67185260","67185360","chr1","170618123","170618223","13","103432863"
"JH378105","67193876","67194180","chrX","9707737","9708041","24","57486139"
"JH378105","67247594","67247755","chr7","11114969","11115131","26","56132625"
"JH378105","67248761","67248916","chr2","168807452","168807601","22","101558691"
"JH378105","67373453","67373757","chrX","9889784","9890088","15","57483669"
"JH378105","67381189","67381485","chrX","9897479","9897781","21","57483710"
"JH378105","67387477","67387783","chrX","9904388","9904704","28","57483089"
"JH378105","67409060","67409191","chr20","11865196","11865328","11","55543864"
"JH378105","67447980","67448069","chr1","87286001","87286092","18","19838021"
"JH378105","67472139","67472429","chr5","44547672","44547962","52","22924467"
"JH378105","67700426","67700738","chrX","10234532","10234845","23","57465894"
"JH378105","67728016","67728130","chr10","47640305","47640418","6","20087711"
"JH378105","67796838","67797147","chrX","10333741","10334039","37","57463097"
"JH378105","67841927","67842190","chrX","10378454","10378726","30","57463473"
"JH378105","67923295","67923637","chrX","10465715","10466050","22","57457580"
"JH378105","67977040","67977351","chrX","10523800","10524107","30","57453240"
"JH378105","68151814","68152095","chr7","155820694","155820974","45","87668880"
"JH378105","68196415","68196546","chr15","71630464","71630603","30","3434049"
"JH378105","68220891","68221148","chr2","81338434","81338690","39","13117543"
"JH378105","68238467","68238769","chrX","10754675","10754982","30","57483792"
"JH378105","68239775","68240088","chrX","10755665","10755975","16","57484110"
"JH378105","68255782","68256094","chr2","154478092","154478404","47","86222310"
"JH378105","68283833","68284134","chrX","10802724","10803020","28","57481109"
"JH378105","68306237","68306496","chrX","10825970","10826230","9","57480267"
"JH378105","68322455","68322758","chrX","10843581","10843872","42","57478874"
"JH378105","68335354","68335645","chr2","7399899","7400190","40","60935455"
"JH378105","68352236","68352515","chrX","10874922","10875211","28","57477314"
"JH378105","68354357","68354660","chr9","35365483","35365792","49","32988874"
"JH378105","68393514","68393795","chr7","145032032","145032314","35","76638518"
"JH378105","68404590","68404877","chrX","10928249","10928525","27","57476341"
"JH378105","68413453","68413625","chr7","4802508","4802683","28","63610945"
"JH378105","68413650","68413769","chr6","124077018","124077137","13","55663368"
"JH378105","68436793","68437100","chr4","151633544","151633846","41","83196751"
"JH378105","68493802","68494096","chrX","11016024","11016342","49","57477778"
"JH378105","68498216","68498520","chrX","11020449","11020750","25","57477767"
"JH378105","68558503","68558780","chr13","18168238","18168518","47","50390265"
"JH378105","68615238","68615362","chr13","101924542","101924665","16","33309304"
"JH378105","68615400","68615546","chr7","150608029","150608178","22","81992629"
"JH378105","68619484","68619558","chrX","11148567","11148636","11","57470917"
"JH378105","68678205","68678512","chrX","11207410","11207706","33","57470795"
"JH378105","68684618","68684871","chr22","36878544","36878797","35","31806074"
"JH378105","68724280","68724405","chr3","146507321","146507445","5","77783041"
"JH378105","68808328","68808626","chrX","11340764","11341059","14","57467564"
"JH378105","68822150","68822447","chr5","74315290","74315586","53","5493140"
"JH378105","68838164","68838456","chrX","11378841","11379132","17","57459323"
"JH378105","68842057","68842350","chr12","23226499","23226794","39","45615558"
"JH378105","68879111","68879281","chrX","11419242","11419395","24","57459869"
"JH378105","68891186","68891398","chr6","143776511","143776727","36","74885325"
"JH378105","68916302","68916586","chrX","11459285","11459549","35","57457017"
"JH378105","68930001","68930312","chrX","11473301","11473613","18","57456700"
"JH378105","68956611","68956883","chr4","86903933","86904211","46","17947322"
"JH378105","69042791","69043112","chrX","11592381","11592702","24","57450410"
"JH378105","69053048","69053337","chrX","11602308","11602579","29","57450740"
"JH378105","69062324","69062624","chrX","11611636","11611930","43","57450688"
"JH378105","69075771","69075887","chr5","63499764","63499886","23","5576007"
"JH378105","69088058","69088358","chrX","11639247","11639543","24","57448811"
"JH378105","69089516","69089812","chrX","11640714","11641005","32","57448802"
"JH378105","69108241","69108522","chrX","11659647","11659931","22","57448594"
"JH378105","69119193","69119509","chrX","11670871","11671166","41","57448322"
"JH378105","69129693","69129989","chrX","11680945","11681248","31","57448748"
"JH378105","69159559","69159792","chr10","17794421","17794656","46","51365138"
"JH378105","69167442","69167732","chr8","86840497","86840790","40","17673055"
"JH378105","69194396","69194723","chrX","11756171","11756477","42","57438225"
"JH378105","69223915","69224128","chrX","11785629","11785845","14","57438286"
"JH378105","69238750","69239049","chrX","11799040","11799339","12","57439710"
"JH378105","69252658","69252796","chr6","112833306","112833442","16","43580648"
"JH378105","69253129","69253289","chr2","112164582","112164736","32","42911453"
"JH378105","69265559","69265867","chrX","11822853","11823165","17","57442706"
"JH378105","69288917","69289165","chrX","11846441","11846689","14","57442476"
"JH378105","69293202","69293489","chrX","11850695","11850982","13","57442507"
"JH378105","69338558","69338835","chrX","11893218","11893495","21","57445340"
"JH378105","69372430","69372719","chrX","11928877","11929175","51","57443553"
"JH378105","69429473","69429770","chr2","13476597","13476896","45","55952876"
"JH378105","69432743","69433022","chrX","12005313","12005576","32","57427430"
"JH378105","69436901","69437189","chrX","12008845","12009130","18","57428056"
"JH378105","69453820","69454119","chrX","12025756","12026057","23","57428064"
"JH378105","69467233","69467500","chrX","12039789","12040051","29","57427444"
"JH378105","69772092","69772392","chrX","12391202","12391503","16","57380890"
"JH378105","69982114","69982392","chrX","12609679","12609956","18","57372435"
"JH378105","69986167","69986468","chr4","164552266","164552566","47","94566099"
"JH378105","70002965","70003101","chr2","83268699","83268833","22","13265734"
"JH378105","70119145","70119448","chrX","12746773","12747047","43","57372372"
"JH378105","70245827","70246130","chrX","12885629","12885928","31","57360198"
"JH378105","70307296","70307314","chrX","12950056","12950074","0","57357240"
"JH378105","70307353","70307591","chrX","12950097","12950333","13","57357256"
"JH378105","70332130","70332430","chrX","12975504","12975804","19","57356626"
"JH378105","70344361","70344489","chr5","3867237","3867363","7","66477124"
"JH378105","70350447","70350747","chr9","26302358","26302649","41","44048089"
"JH378105","70353513","70353818","chrX","12996821","12997122","35","57356692"
"JH378105","70374967","70375243","chrX","13018479","13018752","23","57356488"
"JH378105","70393554","70393722","chrX","13036367","13036533","16","57357187"
"JH378105","70407722","70407901","chr3","30113644","30113819","42","40294078"
"JH378105","70422965","70423264","chrX","13069520","13069813","53","57353445"
"JH378105","70479080","70479196","chrX","108634550","108634666","16","38155470"
"JH378105","70480363","70480552","chr6","85988645","85988834","38","15508282"
"JH378105","70550550","70550861","chrX","13218516","13218823","20","57332034"
"JH378105","70582108","70582384","chrX","13257055","13257332","15","57325053"
"JH378105","70610391","70610693","chrX","13291368","13291665","29","57319023"
"JH378105","70681651","70681952","chr2","196649088","196649385","46","125967437"
"JH378105","70693206","70693514","chrX","13371020","13371320","21","57322186"
"JH378105","70696630","70696911","chrX","13374346","13374629","25","57322284"
"JH378105","70706904","70707076","chrX","13385727","13385874","33","57321177"
"JH378105","70707370","70707505","chrX","13386164","13386301","8","57321206"
"JH378105","70710398","70710683","chr12","80151638","80151927","48","9441240"
"JH378105","70712931","70713010","chr10","114843046","114843127","17","44130115"
"JH378105","70726802","70726890","chrX","13402601","13402689","7","57324201"
"JH378105","70727186","70727354","chrX","13402983","13403162","19","57324203"
"JH378105","70730776","70730911","chrX","13407271","13407406","10","57323505"
"JH378105","70731221","70731371","chrX","13407710","13407863","22","57323511"
"JH378105","70755696","70755825","chr19","12576887","12577019","13","58178809"
"JH378105","70756133","70756295","chr20","39479931","39480092","25","31276202"
"JH378105","70760901","70761199","chr21","43418064","43418363","42","27342837"
"JH378105","70780236","70780539","chrX","13460068","13460376","27","57320168"
"JH378105","70781005","70781303","chrX","13460834","13461124","27","57320171"
"JH378105","70832616","70832690","chrX","13514186","13514260","5","57318430"
"JH378105","70845622","70845737","chr4","37626435","37626552","8","33219187"
"JH378105","70853793","70853930","chrX","13536006","13536147","16","57317787"
"JH378105","70864265","70864560","chrX","13551276","13551572","22","57312989"
"JH378105","71067122","71067369","chr19","34708095","34708344","40","36359027"
"JH378105","71086150","71086450","chrX","13783177","13783466","31","57302973"
"JH378105","71138591","71138877","chrX","13837976","13838262","16","57300615"
"JH378105","71160504","71160693","chr10","98308229","98308417","46","27147725"
"JH378105","71163635","71163943","chrX","13859899","13860208","27","57303736"
"JH378105","71167956","71168264","chrX","13863877","13864187","23","57304079"
"JH378105","71177764","71178055","chrX","13874150","13874444","27","57303614"
"JH378105","71183190","71183492","chr12","109962209","109962512","51","38779019"
"JH378105","71185691","71185986","chr6","38604349","38604637","49","32581342"
"JH378105","71207186","71207498","chrX","13914323","13914643","29","57292863"
"JH378105","71222037","71222335","chr7","113675377","113675675","42","42453340"
"JH378105","71225650","71225947","chrX","13933169","13933463","24","57292481"
"JH378105","71246205","71246375","chr1","134045509","134045683","18","62799304"
"JH378105","71252515","71252753","chr5","136807522","136807753","38","65555007"
"JH378105","71256893","71257002","chr7","44041507","44041614","18","27215386"
"JH378105","71257316","71257627","chrX","13964749","13965059","20","57292567"
"JH378105","71257795","71258096","chr2","48696731","48697025","43","22561064"
"JH378105","71334877","71335142","chr5","133469283","133469549","42","62134406"
"JH378105","71355662","71355969","chrX","14062534","14062841","23","57293128"
"JH378105","71369284","71369454","chrX","14080395","14080561","17","57288889"
"JH378105","71388190","71388494","chrX","14098731","14099035","20","57289459"
"JH378105","71482964","71483043","chr5","23331728","23331804","11","48151236"
"JH378105","71500001","71500106","chr17","1389165","1389270","10","70110836"
"JH378105","71522873","71523001","chr3","159070563","159070692","12","87547690"
"JH378105","71529974","71530106","chr11","75368605","75368736","14","3838631"
"JH378105","71539012","71539142","chr6","28753849","28753978","12","42785163"
"JH378105","71549767","71549959","chr7","22358436","22358607","43","49191331"
"JH378105","71570987","71571273","chrX","14304868","14305149","21","57266119"
"JH378105","71577273","71577573","chrX","14312565","14312857","42","57264708"
"JH378105","71724010","71724317","chrX","14457885","14458185","28","57266125"
"JH378105","71790217","71790311","chrX","14527805","14527893","10","57262412"
"JH378105","71804610","71804907","chr8","687744","688032","55","71116866"
"JH378105","71823391","71823716","chrX","14567159","14567452","48","57256232"
"JH378105","71831395","71831656","chr4","150240009","150240273","45","78408614"
"JH378105","71872828","71872969","chr12","16534163","16534311","23","55338665"
"JH378105","71902363","71902661","chr9","103694498","103694799","39","31792135"
"JH378105","71908459","71908759","chrX","14646529","14646821","33","57261930"
"JH378105","71913438","71913748","chrX","14651435","14651741","24","57262003"
"JH378105","71917953","71918245","chrX","14657401","14657686","32","57260552"
"JH378105","71974193","71974486","chr10","58785670","58785962","42","13188523"
"JH378105","72008562","72008871","chrX","14764257","14764560","21","57244305"
"JH378105","72018266","72018552","chrX","14774606","14774892","17","57243660"
"JH378105","72040573","72040892","chr8","22326150","22326465","48","49714423"
"JH378105","72054284","72054584","chrX","14806746","14807056","31","57247538"
"JH378105","72059788","72060011","chrX","14811930","14812170","32","57247858"
"JH378105","72081944","72082242","chrX","14833269","14833567","22","57248675"
"JH378105","72087818","72088096","chr7","47360622","47360900","36","24727196"
"JH378105","72093850","72094143","chrX","14844843","14845131","26","57249007"
"JH378105","72096617","72096916","chr2","131393870","131394174","43","59297253"
"JH378105","72102978","72103273","chrX","14853391","14853689","22","57249587"
"JH378105","72106520","72106809","chr17","27775406","27775694","57","44331114"
"JH378105","72117682","72117982","chrX","14866758","14867055","30","57250924"
"JH378105","72119938","72120234","chrX","14869002","14869302","31","57250936"
"JH378105","72128726","72128933","chr8","97382159","97382370","45","25253433"
"JH378105","72138469","72138535","chr15","15289809","15289875","6","56848660"
"JH378105","72148611","72148765","chr12","37643764","37643918","22","34504847"
"JH378106","6815548","6815845","chr6","31145140","31145443","47","24329592"
"JH378106","20184960","20185262","chr2","85575498","85575793","45","65390538"
"JH378106","223129","223445","chr2","37933371","37933690","25","37710242"
"JH378106","232404","232706","chr2","37941998","37942306","27","37709594"
"JH378106","239283","239518","chr2","37948131","37948360","20","37708848"
"JH378106","246847","246976","chr4","148615049","148615180","6","148368202"
"JH378106","272886","273208","chr4","144358040","144358351","50","144085154"
"JH378106","275053","275349","chr2","37983472","37983801","52","37708419"
"JH378106","278643","278913","chr2","37987027","37987302","22","37708384"
"JH378106","292337","292485","chr22","15888910","15889060","22","15596573"
"JH378106","294187","294497","chr2","38007591","38007901","21","37713404"
"JH378106","303792","303906","chr6","47064146","47064260","8","46760354"
"JH378106","303946","304258","chr2","38017042","38017349","27","37713096"
"JH378106","304917","305225","chr2","38017999","38018290","33","37713082"
"JH378106","352670","352975","chr2","38075431","38075749","28","37722761"
"JH378106","484524","484820","chr2","38209822","38210119","23","37725298"
"JH378106","491238","491551","chr2","38216612","38216916","25","37725374"
"JH378106","500541","500784","chr13","43734827","43735065","45","43234286"
"JH378106","547726","547851","chr4","133131666","133131792","19","132583940"
"JH378106","552596","552897","chr1","27964692","27964990","54","27412096"
"JH378106","630533","630656","chr11","65534787","65534910","9","64904254"
"JH378106","644175","644349","chrX","137222383","137222560","27","136578208"
"JH378106","644382","644492","chr12","31097873","31097981","19","30453491"
"JH378106","693599","693761","chr2","38420163","38420308","27","37726564"
"JH378106","694070","694210","chr2","38420600","38420737","15","37726530"
"JH378106","694316","694627","chr8","17923276","17923585","44","17228960"
"JH378106","704346","704655","chr6","49399852","49400150","57","48695506"
"JH378106","715371","715505","chr2","38440791","38440925","9","37725420"
"JH378106","715794","715976","chr2","38441215","38441407","17","37725421"
"JH378106","730830","731107","chr6","134568051","134568330","41","133837221"
"JH378106","733076","733349","chr2","27804395","27804664","40","27071319"
"JH378106","745614","745704","chr7","136499907","136499998","17","135754293"
"JH378106","754026","754322","chr2","38482571","38482869","21","37728545"
"JH378106","776176","776479","chr2","38505840","38506126","33","37729664"
"JH378106","813205","813455","chr2","38547222","38547467","23","37734017"
"JH378106","830028","830157","chr8","32541529","32541658","6","31711501"
"JH378106","839704","839969","chr2","38572838","38573102","28","37733134"
"JH378106","868342","868647","chr20","12333419","12333726","40","11465077"
"JH378106","870188","870492","chr2","38602375","38602673","18","37732187"
"JH378106","879179","879462","chr2","38611768","38612060","21","37732589"
"JH378106","890362","890638","chr7","57608086","57608363","43","56717724"
"JH378106","915625","915938","chr2","38649265","38649579","27","37733640"
"JH378106","916977","917280","chr2","38650449","38650747","29","37733472"
"JH378106","934005","934290","chr2","38663442","38663736","26","37729437"
"JH378106","943253","943367","chr3","65059227","65059341","22","64115974"
"JH378106","1024647","1024921","chr6","22078144","22078425","53","21053497"
"JH378106","1025958","1026056","chr2","60064626","60064727","21","59038668"
"JH378106","1042700","1042831","chr14","82668163","82668295","14","81625463"
"JH378106","1051971","1052274","chr2","38779267","38779559","28","37727296"
"JH378106","1072471","1072775","chr5","61783060","61783361","43","60710589"
"JH378106","1085551","1085802","chr3","118106018","118106269","37","117020467"
"JH378106","1088142","1088462","chr2","38814441","38814744","31","37726299"
"JH378106","1099634","1099936","chr2","38826346","38826643","23","37726712"
"JH378106","1159014","1159100","chr2","38885275","38885361","8","37726261"
"JH378106","1166918","1167199","chr1","79778825","79779100","55","78611907"
"JH378106","1172264","1172495","chr14","20634631","20634860","32","19462367"
"JH378106","1191697","1191999","chr2","38916824","38917131","23","37725127"
"JH378106","1195624","1195781","chr2","38920414","38920571","13","37724790"
"JH378106","1241717","1241999","chr2","38969395","38969680","15","37727678"
"JH378106","1269122","1269418","chr2","38995890","38996197","35","37726768"
"JH378106","1286812","1286933","chr11","109643453","109643572","7","108356641"
"JH378106","1296289","1296601","chr2","39025643","39025930","44","37729354"
"JH378106","1303860","1304142","chr2","39033217","39033500","29","37729357"
"JH378106","1310212","1310525","chr2","39041759","39042071","22","37731547"
"JH378106","1312526","1312815","chr2","39044388","39044678","21","37731862"
"JH378106","1314430","1314567","chr2","39046260","39046390","15","37731830"
"JH378106","1330175","1330437","chr2","39062925","39063189","20","37732750"
"JH378106","1333973","1334261","chr2","39066436","39066736","30","37732463"
"JH378106","1358968","1359265","chr2","39089785","39090082","22","37730817"
"JH378106","1363579","1363890","chr2","39094372","39094669","31","37730793"
"JH378106","1363967","1364275","chr20","28541171","28541474","49","27177204"
"JH378106","1373048","1373201","chr2","39103833","39103984","14","37730785"
"JH378106","1397562","1397872","chr2","39127883","39128187","30","37730321"
"JH378106","1398196","1398215","chr7","80698278","80698294","4","79300082"
"JH378106","1398276","1398561","chr7","45989418","45989698","46","44591142"
"JH378106","1399623","1399912","chr22","29777569","29777857","46","28377946"
"JH378106","1411522","1411826","chr2","39141127","39141428","22","37729605"
"JH378106","1413064","1413191","chr2","21211619","21211748","12","19798555"
"JH378106","1413480","1413605","chr1","199852761","199852888","27","198439281"
"JH378106","1418043","1418352","chrX","46630632","46630934","42","45212589"
"JH378106","1421744","1422036","chr2","39150747","39151030","26","37729003"
"JH378106","1428771","1429044","chr2","39158624","39158908","29","37729853"
"JH378106","1435140","1435438","chr2","39164678","39164980","21","37729538"
"JH378106","1444634","1444764","chr4","121529945","121530074","12","120085311"
"JH378106","1460609","1460780","chr9","43280226","43280398","27","41819617"
"JH378106","1460804","1460931","chr2","46993037","46993159","28","45532233"
"JH378106","1466672","1466894","chr2","39197049","39197271","14","37730377"
"JH378106","1477767","1478062","chr2","39207264","39207550","25","37729497"
"JH378106","1481118","1481399","chr1","90049578","90049860","44","88568460"
"JH378106","1486078","1486323","chr2","39215607","39215835","35","37729529"
"JH378106","1504075","1504383","chr2","39233202","39233494","40","37729127"
"JH378106","1507679","1507963","chr7","149093581","149093862","46","147585902"
"JH378106","1508635","1508912","chr10","28180732","28181012","44","26672097"
"JH378106","1514053","1514182","chr1","206288179","206288308","16","204774126"
"JH378106","1521358","1521653","chr2","39254769","39255074","32","37733411"
"JH378106","1523272","1523580","chr19","46819491","46819803","48","45296219"
"JH378106","1527704","1527934","chr5","142972660","142972886","41","141444956"
"JH378106","1528081","1528158","chr2","83380307","83380385","12","81852226"
"JH378106","1553136","1553434","chr2","39286656","39286954","37","37733520"
"JH378106","1560604","1560743","chr2","39294217","39294358","8","37733613"
"JH378106","1562182","1562488","chr2","39298329","39298608","49","37736147"
"JH378106","1564645","1564767","chrX","51263799","51263923","17","49699154"
"JH378106","1567059","1567201","chr2","39302896","39303048","16","37735837"
"JH378106","1606320","1606555","chr15","18408786","18409014","32","16802466"
"JH378106","1617789","1617959","chr7","58082597","58082772","40","56464808"
"JH378106","1635391","1635699","chr10","47302125","47302433","47","45666734"
"JH378106","1638035","1638225","chr6","88349808","88350000","45","86711773"
"JH378106","1670547","1670635","chr3","12098501","12098591","11","10427954"
"JH378106","1685736","1686034","chr2","39415502","39415801","27","37729766"
"JH378106","1688958","1689256","chr2","39418699","39418980","36","37729741"
"JH378106","1713017","1713328","chr2","39444796","39445104","30","37731779"
"JH378106","1723535","1723823","chr2","39455806","39456087","37","37732271"
"JH378106","1742890","1743177","chr2","39473405","39473700","35","37730515"
"JH378106","1753749","1754028","chr5","98766825","98767106","44","97013076"
"JH378106","1759460","1759761","chr2","39489239","39489541","34","37729779"
"JH378106","1765981","1766264","chr2","39495862","39496145","14","37729881"
"JH378106","1788169","1788496","chr13","96088857","96089187","63","94300688"
"JH378106","1793692","1793812","chr19","36117098","36117221","12","34323406"
"JH378106","1801438","1801724","chr5","39168417","39168700","40","37366979"
"JH378106","1838522","1838808","chr2","39572389","39572675","33","37733867"
"JH378106","1840426","1840528","chr2","39574522","39574621","10","37734096"
"JH378106","1848134","1848280","chr1","179573988","179574133","16","177725854"
"JH378106","1860650","1860797","chr13","57383046","57383198","28","55522396"
"JH378106","1881848","1882150","chr2","39610913","39611216","30","37729065"
"JH378106","1893608","1893918","chr2","39624238","39624533","35","37730630"
"JH378106","1907558","1907874","chr2","39638958","39639270","50","37731400"
"JH378106","2010534","2010675","chrX","26048882","26049025","17","24038348"
"JH378106","2046037","2046326","chr2","39785415","39785713","27","37739378"
"JH378106","2059166","2059449","chr2","39798350","39798652","46","37739184"
"JH378106","2126094","2126297","chr2","39867833","39868040","20","37741739"
"JH378106","2133470","2133750","chr2","39875012","39875291","26","37741542"
"JH378106","2155042","2155348","chr2","39897473","39897759","39","37742431"
"JH378106","2179656","2179784","chr2","39919057","39919187","13","37739401"
"JH378106","2203812","2204125","chrX","23299987","23300293","43","21096175"
"JH378106","2280448","2280744","chr2","40016184","40016491","36","37735736"
"JH378106","2338045","2338180","chr5","134531890","134532024","17","132193845"
"JH378106","2338486","2338642","chr2","40074669","40074825","16","37736183"
"JH378106","2363179","2363482","chr2","40099008","40099319","40","37735829"
"JH378106","2364343","2364638","chrUn_GL286468","171008","171307","49","2193335"
"JH378106","2392606","2392831","chr3","173842850","173843070","48","171450244"
"JH378106","2392855","2392871","chr3","188962761","188962778","3","186569906"
"JH378106","2407703","2408001","chr2","40146461","40146761","20","37738758"
"JH378106","2429347","2429596","chr2","40168421","40168670","18","37739074"
"JH378106","2452612","2452903","chr10","58785670","58785962","43","56333058"
"JH378106","2455086","2455351","chr2","40195068","40195361","46","37739982"
"JH378106","2485478","2485798","chr7","54705898","54706197","58","52220420"
"JH378106","2529697","2529992","chr1","70542734","70543028","52","68013037"
"JH378106","2530778","2531040","chr2","40270604","40270854","31","37739826"
"JH378106","2666064","2666367","chr2","40400505","40400814","25","37734441"
"JH378106","2737608","2737912","chr2","40470036","40470340","21","37732428"
"JH378106","2769517","2769797","chr2","40501564","40501842","13","37732047"
"JH378106","2806471","2806747","chr2","40541225","40541507","30","37734754"
"JH378106","2816439","2816728","chr2","40551510","40551795","16","37735071"
"JH378106","2832908","2833180","chr12","21401964","21402236","41","18569056"
"JH378106","2844513","2844685","chr1","194930623","194930787","36","192086110"
"JH378106","2844992","2845104","chr19","32713938","32714050","7","29868946"
"JH378106","2845528","2845763","chr19","32713367","32713605","17","29867839"
"JH378106","2964760","2965066","chr2","40691944","40692257","38","37727184"
"JH378106","3022055","3022227","chr2","40759423","40759591","15","37737368"
"JH378106","3022279","3022404","chr2","40759629","40759754","6","37737350"
"JH378106","3029330","3029639","chr2","40766693","40766996","34","37737363"
"JH378106","3038617","3038749","chr4","71658623","71658755","9","68620006"
"JH378106","3076643","3076932","chr2","40822743","40823031","16","37746100"
"JH378106","3087992","3088306","chr7","42684277","42684585","48","39596285"
"JH378106","3141722","3141995","chr2","138059547","138059823","44","134917825"
"JH378106","3244808","3245154","chr2","41003993","41004336","31","37759185"
"JH378106","3251816","3252109","chr2","41011279","41011575","23","37759463"
"JH378106","3279483","3279785","chr4","110301983","110302277","58","107022500"
"JH378106","3328112","3328386","chr2","41081191","41081476","29","37753079"
"JH378106","3383728","3383985","chr2","41160947","41161205","21","37777219"
"JH378106","3506773","3507068","chr2","41288154","41288444","33","37781381"
"JH378106","3535345","3535659","chr2","41315775","41316071","40","37780430"
"JH378106","3570744","3570860","chr8","71670077","71670201","18","68099333"
"JH378106","3646038","3646325","chr2","41427720","41428015","27","37781682"
"JH378106","3762289","3762620","chr2","41547275","41547583","42","37784986"
"JH378106","3763084","3763375","chr2","41548039","41548331","15","37784955"
"JH378106","3799999","3800198","chr7","153026345","153026542","33","149226346"
"JH378106","3805445","3805754","chr2","41588466","41588756","39","37783021"
"JH378106","3853386","3853670","chr2","41643520","41643832","55","37790134"
"JH378106","3855644","3855671","chr15","71370382","71370407","4","67514738"
"JH378106","3855713","3856022","chr6","85152193","85152469","82","81296480"
"JH378106","3863586","3863747","chr5","73358641","73358803","25","69495055"
"JH378106","3867396","3867565","chr10","103011146","103011294","37","99143750"
"JH378106","3879350","3879642","chr2","41691210","41691504","32","37811860"
"JH378106","3920509","3920878","chr22","40501404","40501760","104","36580895"
"JH378106","3950507","3950831","chr10","27448709","27449020","57","23498202"
"JH378106","3991895","3992191","chr2","41822000","41822294","27","37830105"
"JH378106","4091001","4091276","chr2","41938372","41938655","23","37847371"
"JH378106","4139314","4139583","chr10","99647655","99647924","45","95508341"
"JH378106","4246293","4246428","chr1","77291790","77291925","6","73045497"
"JH378106","4246734","4246923","chr1","77292233","77292415","16","73045499"
"JH378106","4388626","4388939","chr2","42274251","42274564","21","37885625"
"JH378106","4391702","4392034","chr2","42277947","42278282","24","37886245"
"JH378106","4415036","4415305","chr1","118827764","118828049","45","114412728"
"JH378106","4437327","4437622","chr2","42331071","42331373","31","37893744"
"JH378106","4438493","4438784","chr2","42332228","42332521","23","37893735"
"JH378106","4510773","4511060","chr2","42403848","42404144","28","37893075"
"JH378106","4513169","4513424","chr16","74284201","74284445","45","69771032"
"JH378106","4554376","4554517","chr16","24774846","24774981","26","20220470"
"JH378106","4696922","4697078","chr10","27999530","27999683","29","23302608"
"JH378106","4697108","4697237","chr5","67620677","67620804","15","62923569"
"JH378106","4910686","4910869","chr2","42872418","42872608","22","37961732"
"JH378106","4910887","4911177","chrX","47629409","47629702","45","42718522"
"JH378106","4927235","4927473","chr19","23701576","23701811","43","18774341"
"JH378106","4984103","4984415","chr12","12612287","12612599","49","7628184"
"JH378106","5026479","5026787","chr2","42989568","42989886","46","37963089"
"JH378106","5043972","5044287","chr2","43010794","43011096","46","37966822"
"JH378106","5091816","5092127","chr2","43056889","43057198","23","37965073"
"JH378106","5138968","5139272","chr2","43118266","43118552","35","37979298"
"JH378106","5139579","5139869","chr2","43118859","43119152","26","37979280"
"JH378106","5230033","5230326","chr2","43211024","43211310","32","37980991"
"JH378106","5245695","5245811","chrX","90575531","90575648","6","85329836"
"JH378106","5247472","5247580","chr5","141001927","141002036","9","135754455"
"JH378106","5261064","5261369","chr2","43247028","43247330","27","37985964"
"JH378106","5262442","5262565","chr11","64839664","64839788","15","59577222"
"JH378106","5264718","5264853","chr22","32358008","32358144","8","27093290"
"JH378106","5265160","5265342","chr22","32357512","32357698","15","27092352"
"JH378106","5266472","5266757","chrX","7266598","7266893","44","2000126"
"JH378106","5268156","5268315","chr8","21932725","21932874","26","16664569"
"JH378106","5269825","5270118","chr7","144850569","144850863","42","139580744"
"JH378106","5270163","5270292","chr4","107425527","107425641","31","102155364"
"JH378106","5277540","5277839","chr16","95611238","95611541","40","90333698"
"JH378106","5278110","5278414","chr22","4261515","4261812","43","1016595"
"JH378106","5286796","5287088","chr16","45697232","45697534","57","40410436"
"JH378106","5302940","5302977","chrUn_GL288599","19305","19342","0","5283635"
"JH378106","5306325","5306598","chrUn_GL286715","4557","4835","23","5301768"
"JH378106","5326245","5326549","chr5","87779224","87779524","64","82452979"
"JH378106","5335305","5335479","chr1","71271300","71271465","21","65935995"
"JH378106","5375092","5375350","chr2","32681064","32681322","13","27305972"
"JH378106","5389226","5389254","chr10","125566642","125566670","7","120177416"
"JH378106","5389284","5389556","chr5","71716901","71717180","50","66327617"
"JH378106","5469637","5469937","chr17","63697480","63697778","39","58227843"
"JH378106","5471354","5471661","chr2","32583857","32584168","20","27112503"
"JH378106","5507772","5508077","chr2","32540875","32541179","19","27033103"
"JH378106","5613570","5613582","chr9","109735782","109735793","1","104122212"
"JH378106","5613612","5613893","chr7","150221001","150221283","41","144607389"
"JH378106","5656504","5656820","chr3","45194274","45194605","37","39537770"
"JH378106","5659010","5659318","chr2","32371532","32371835","28","26712522"
"JH378106","5669782","5670059","chr2","32360071","32360324","40","26690289"
"JH378106","5682705","5682991","chr2","32346003","32346300","33","26663298"
"JH378106","5702072","5702187","chr9","116692845","116692960","18","110990773"
"JH378106","5808241","5808369","chrUn_GL286426","222945","223062","26","5585296"
"JH378106","5808405","5808574","chr12","110234329","110234498","35","104425924"
"JH378106","5977773","5977976","chr2","32040266","32040468","8","26062493"
"JH378106","5978148","5978239","chr2","32040004","32040091","7","26061856"
"JH378106","5993974","5994206","chr3","52482516","52482751","37","46488542"
"JH378106","6123700","6123812","chr9","35345341","35345443","21","29221641"
"JH378106","6124117","6124293","chr12","87017646","87017821","24","80893529"
"JH378106","6151901","6152172","chr2","31862665","31862937","16","25710764"
"JH378106","6227154","6227266","chr1","182290071","182290186","16","176062917"
"JH378106","6260667","6260954","chr1","167894155","167894451","47","161633488"
"JH378106","6275436","6275652","chr1","102231931","102232162","44","95956495"
"JH378106","6304446","6304753","chr8","49403482","49403786","48","43099036"
"JH378106","6329934","6330187","chr3","150455444","150455703","51","144125510"
"JH378106","6344884","6345029","chr2","31663077","31663220","17","25318193"
"JH378106","6345711","6346016","chr2","31662102","31662415","38","25316391"
"JH378106","6346791","6347016","chr13","45149678","45149909","47","38802887"
"JH378106","6378025","6378137","chrX","2502832","2502936","27","3875193"
"JH378106","6380230","6380356","chr2","31628153","31628279","19","25247923"
"JH378106","6391125","6391412","chr2","31616480","31616768","24","25225355"
"JH378106","6393327","6393610","chr2","13532790","13533076","44","7139463"
"JH378106","6395307","6395449","chr2","31612329","31612474","14","25217022"
"JH378106","6399071","6399355","chr2","31609535","31609831","25","25210464"
"JH378106","6400793","6400929","chr4","88542207","88542343","18","82141414"
"JH378106","6401232","6401418","chr21","22213056","22213239","42","15811824"
"JH378106","6412940","6413236","chr2","31596188","31596484","27","25183248"
"JH378106","6424247","6424339","chr2","66996440","66996534","28","60572193"
"JH378106","6433557","6433867","chr5","46629255","46629560","47","40195698"
"JH378106","6436740","6436947","chr2","31580303","31580502","23","25143563"
"JH378106","6438452","6438737","chrX","47489488","47489770","63","41051036"
"JH378106","6439424","6439668","chr2","6815865","6816111","39","376441"
"JH378106","6454149","6454283","chr2","31562611","31562745","11","25108462"
"JH378106","6454578","6454635","chr7","81037591","81037646","10","74583013"
"JH378106","6455277","6455568","chr1","65847853","65848141","46","59392576"
"JH378106","6456890","6457012","chr14","59758049","59758171","12","53301159"
"JH378106","6476199","6476514","chr6","157751832","157752133","53","151275633"
"JH378106","6476677","6476839","chr2","31538952","31539112","35","25062275"
"JH378106","6477158","6477289","chr2","31538493","31538624","9","25061335"
"JH378106","6488722","6488856","chr4","148615049","148615180","7","142126327"
"JH378106","6500938","6501229","chr2","31514012","31514307","19","25013074"
"JH378106","6501258","6501407","chr13","37330737","37330889","22","30829479"
"JH378106","6501741","6501884","chr5","32248114","32248255","30","25746373"
"JH378106","6502298","6502430","chr3","42474439","42474570","13","35972141"
"JH378106","6502734","6502868","chr2","31512549","31512680","12","25009815"
"JH378106","6506746","6506906","chr22","39354457","39354618","21","32847711"
"JH378106","6536131","6536421","chr2","31476497","31476795","35","24940366"
"JH378106","6539557","6539847","chr2","31473090","31473377","21","24933533"
"JH378106","6543159","6543327","chr1","165788370","165788542","39","159245211"
"JH378106","6543375","6543500","chr2","31468148","31468276","10","24924773"
"JH378106","6545762","6545893","chr2","31466058","31466189","12","24920296"
"JH378106","6550593","6550759","chr2","31458106","31458277","12","24907513"
"JH378106","6551048","6551183","chr2","31457676","31457811","6","24906628"
"JH378106","6563046","6563323","chr2","31446047","31446323","18","24883001"
"JH378106","6566104","6566243","chr2","31443138","31443276","19","24877034"
"JH378106","6572436","6572733","chrX","16592042","16592336","44","10019606"
"JH378106","6579843","6579972","chr3","80953948","80954079","19","74374105"
"JH378106","6579977","6580092","chr2","37276080","37276196","15","30696103"
"JH378106","6580119","6580280","chr13","81814662","81814827","39","75234543"
"JH378106","6580679","6580972","chr6","30949549","30949848","54","24368870"
"JH378106","6587855","6587971","chr4","92739565","92739682","13","86151710"
"JH378106","6588267","6588464","chr4","92739069","92739272","20","86150802"
"JH378106","6589683","6589976","chr2","171409466","171409757","52","164819783"
"JH378106","6598127","6598242","chr1","50061782","50061896","12","43463655"
"JH378106","6598243","6598575","chr9","35478799","35479114","69","28880556"
"JH378106","6598576","6598748","chr4","92727391","92727551","22","86128815"
"JH378106","6610367","6610687","chrX","47883290","47883604","49","41272923"
"JH378106","6617950","6618252","chr7","54705898","54706197","50","48087948"
"JH378106","6620861","6621149","chr1","170645675","170645973","61","164024814"
"JH378106","6628723","6629028","chr2","31405543","31405848","22","24776820"
"JH378106","6630864","6630999","chr11","119729004","119729137","31","113098140"
"JH378106","6631028","6631144","chr17","58304462","58304580","10","51673434"
"JH378106","6634196","6634408","chr2","31400445","31400657","11","24766249"
"JH378106","6635265","6635429","chr2","31399404","31399564","17","24764139"
"JH378106","6635723","6635738","chr2","31399092","31399107","2","24763369"
"JH378106","6636041","6636208","chr2","31398632","31398795","14","24762591"
"JH378106","6637621","6637914","chr9","28930694","28930991","48","22293073"
"JH378106","6641005","6641317","chr2","31394491","31394788","30","24753486"
"JH378106","6642068","6642371","chr2","31393448","31393742","27","24751380"
"JH378106","6646967","6647265","chr5","4379233","4379531","44","2267734"
"JH378106","6662780","6662863","chr2","31369413","31369496","7","24706633"
"JH378106","6671113","6671413","chr5","133265157","133265453","46","126594044"
"JH378106","6708715","6708851","chr5","75727948","75728079","11","69019233"
"JH378106","6714236","6714550","chr7","87007315","87007626","47","80293079"
"JH378106","6723794","6724029","chr10","21579071","21579305","33","14855277"
"JH378106","6739504","6739813","chr2","31292599","31292911","17","24553095"
"JH378106","6742789","6743120","chr20","1226418","1226741","67","5516371"
"JH378106","6746123","6746436","chr10","44866031","44866337","53","38119908"
"JH378106","6756891","6757034","chr12","11642057","11642194","23","4885166"
"JH378106","6762242","6762559","chr2","46894213","46894521","62","40131971"
"JH378106","6763130","6763443","chrX","66493558","66493873","57","59730428"
"JH378106","6771963","6772237","chr2","31259365","31259667","45","24487402"
"JH378106","6780104","6780239","chr6","134804253","134804387","16","128024149"
"JH378106","6782761","6782915","chr1","200932294","200932448","23","194149533"
"JH378106","6793381","6793685","chr5","4379233","4379531","43","2414148"
"JH378106","6803154","6803435","chr2","31229443","31229720","26","24426289"
"JH378106","6815368","6815547","chr1","185859100","185859275","23","179043732"
"JH378106","6815904","6816027","chr21","43377980","43378093","27","36562076"
"JH378106","6819890","6820023","chr10","121766291","121766421","13","114946401"
"JH378106","6821694","6821977","chr2","31214013","31214299","20","24392319"
"JH378106","6826106","6826418","chr2","31210605","31210889","43","24384499"
"JH378106","6840918","6841095","chr19","16516838","16517002","40","9675920"
"JH378106","6849611","6849855","chr16","96534021","96534266","47","89684410"
"JH378106","6851279","6851392","chr12","608648","608761","11","6242631"
"JH378106","6851659","6851967","chr2","31169962","31170255","33","24318303"
"JH378106","6851968","6852125","chr2","31169794","31169961","17","24317826"
"JH378106","6869060","6869211","chr7","61551277","61551425","26","54682217"
"JH378106","6873279","6873378","chr6","151448062","151448169","13","144574783"
"JH378106","6875100","6875208","chr5","110722551","110722660","12","103847451"
"JH378106","6884419","6884553","chr8","95782453","95782588","12","88898034"
"JH378106","6884849","6885023","chrUn_GL286658","10366","10534","29","6874483"
"JH378106","6890681","6890976","chr2","31129110","31129410","18","24238429"
"JH378106","6901915","6902217","chr2","31119226","31119522","22","24217311"
"JH378106","6904128","6904267","chr2","31117230","31117371","20","24213102"
"JH378106","6904268","6904557","chr2","31116925","31117229","28","24212657"
"JH378106","6904558","6904709","chr2","31116763","31116924","15","24212205"
"JH378106","6906210","6906509","chr2","31112266","31112558","20","24206056"
"JH378106","6910778","6911069","chr2","31107765","31108062","21","24196987"
"JH378106","6919607","6919910","chr2","31097171","31097470","17","24177564"
"JH378106","6923286","6923455","chr12","12293733","12293938","58","5370447"
"JH378106","6923739","6923873","chr2","31092577","31092711","11","24168838"
"JH378106","6935651","6935819","chr2","31079479","31079646","7","24143828"
"JH378106","6937479","6937792","chr2","31077383","31077695","18","24139904"
"JH378106","6949457","6949770","chr22","2175606","2175916","35","4773851"
"JH378106","6951230","6951477","chr1","135035688","135035937","51","128084458"
"JH378106","6952802","6953116","chr2","31062010","31062317","29","24109208"
"JH378106","6955377","6955683","chr2","31059426","31059736","21","24104049"
"JH378106","6966098","6966209","chr22","20035396","20035509","7","13069298"
"JH378106","6970170","6970427","chr2","31046204","31046453","24","24076034"
"JH378106","6971431","6971724","chr2","71031403","71031703","24","64059972"
"JH378106","6972961","6973091","chr11","96072379","96072504","19","89099418"
"JH378106","6991266","6991554","chr2","31023366","31023654","18","24032100"
"JH378106","6994255","6994578","chr17","39467798","39468119","71","32473543"
"JH378106","6997361","6997491","chr2","203900482","203900610","12","196903121"
"JH378106","7001304","7001438","chr2","31014393","31014527","8","24013089"
"JH378106","7001742","7001910","chr2","31013915","31014085","12","24012173"
"JH378106","7011962","7012257","chr2","71079249","71079563","35","64067287"
"JH378106","7051338","7051606","chr10","118177562","118177837","48","111126224"
"JH378106","7062477","7062784","chr5","78435972","78436267","52","71373495"
"JH378106","7097165","7097480","chr2","71170000","71170289","46","64072835"
"JH378106","7156075","7156360","chr2","71225752","71226028","29","64069677"
"JH378106","7163815","7164137","chr2","71234940","71235265","26","64071125"
"JH378106","7168011","7168324","chr2","71239622","71239922","43","64071611"
"JH378106","7174080","7174353","chr7","128908388","128908657","58","121734308"
"JH378106","7177711","7177842","chr2","71251866","71251995","13","64074155"
"JH378106","7178477","7178598","chr13","87473073","87473193","19","80294596"
"JH378106","7178634","7178796","chr12","28436579","28436739","37","21257945"
"JH378106","7192305","7192436","chr2","71268102","71268232","19","64075797"
"JH378106","7192736","7192911","chr2","71268535","71268697","23","64075799"
"JH378106","7203413","7203571","chr22","41041987","41042142","34","33838574"
"JH378106","7203880","7203950","chrX","186256","186325","10","7017624"
"JH378106","7214866","7214990","chr2","71285923","71286047","6","64071057"
"JH378106","7230372","7230676","chr1","54425184","54425495","52","47194812"
"JH378106","7231075","7231207","chr2","71295456","71295588","7","64064381"
"JH378106","7237987","7238272","chr1","27907499","27907797","46","20669512"
"JH378106","7263419","7263721","chr12","90815441","90815738","51","83552022"
"JH378106","7275663","7275813","chr2","24658563","24658715","22","17382900"
"JH378106","7276121","7276251","chr5","109608202","109608335","14","102332081"
"JH378106","7277364","7277626","chr7","67842723","67842993","60","60565359"
"JH378106","7303075","7303250","chr2","71367247","71367414","21","64064172"
"JH378106","7303545","7303680","chr2","71367708","71367843","7","64064163"
"JH378106","7330625","7330913","chr2","71396976","71397264","21","64066351"
"JH378106","7337824","7337978","chr7","104624101","104624255","22","97286277"
"JH378106","7338419","7338513","chr1","155272710","155272802","17","147934291"
"JH378106","7343684","7343815","chr2","13254780","13254910","21","5911096"
"JH378106","7377562","7377865","chr1","96683155","96683454","43","89305593"
"JH378106","7496300","7496312","chr2","173934591","173934603","1","166438291"
"JH378106","7496333","7496589","chr2","71582960","71583228","39","64086627"
"JH378106","7706622","7706920","chr2","71809630","71809927","23","64103008"
"JH378106","7739083","7739335","chr2","71841783","71842003","43","64102700"
"JH378106","7796718","7797025","chr2","71900060","71900369","16","64103342"
"JH378106","7804623","7804927","chr7","62686014","62686322","39","54881391"
"JH378106","7949406","7949506","chr17","1389165","1389270","18","6560241"
"JH378106","7980676","7980759","chr17","69700809","69700892","8","61720133"
"JH378106","7997717","7998021","chr15","63512420","63512735","66","55514703"
"JH378106","8072959","8073083","chr14","81099844","81099968","5","73026885"
"JH378106","8103421","8103708","chr2","72214948","72215234","15","64111527"
"JH378106","8107468","8107766","chr2","72219014","72219307","19","64111546"
"JH378106","8111444","8111734","chr8","106169889","106170179","50","98058445"
"JH378106","8152705","8153014","chr2","72273118","72273415","27","64120413"
"JH378106","8170860","8171033","chr22","32787137","32787306","23","24616277"
"JH378106","8171073","8171178","chr1","90330668","90330770","20","82159595"
"JH378106","8193669","8194004","chr2","72322480","72322774","66","64128811"
"JH378106","8218848","8219158","chr2","72354484","72354788","23","64135636"
"JH378106","8236024","8236313","chr7","148842330","148842613","67","140606306"
"JH378106","8249029","8249329","chr7","89951395","89951694","48","81702366"
"JH378106","8254029","8254216","chr9","85363647","85363834","37","77109618"
"JH378106","8256946","8257035","chr5","50499909","50500000","7","42242963"
"JH378106","8258372","8258600","chr17","4337654","4337885","38","3920718"
"JH378106","8260915","8261048","chr2","72392738","72392871","7","64131823"
"JH378106","8261363","8261531","chr2","72393166","72393331","19","64131803"
"JH378106","8277154","8277470","chr2","72419267","72419563","37","64142113"
"JH378106","8281205","8281496","chr11","20424057","20424350","17","12142852"
"JH378106","8281532","8281561","chr1","196134413","196134439","6","187852881"
"JH378106","8284278","8284453","chr2","72420242","72420416","12","64135964"
"JH378106","8284454","8284753","chr2","72420417","72420716","24","64135963"
"JH378106","8284754","8284897","chr2","72420717","72420863","10","64135963"
"JH378106","8290133","8290268","chr5","43255563","43255698","17","34965430"
"JH378106","8290578","8290745","chr2","72424113","72424286","11","64133535"
"JH378106","8309636","8309747","chr4","111347498","111347614","20","103037862"
"JH378106","8311489","8311781","chr2","18747203","18747498","47","10435714"
"JH378106","8315966","8316195","chr13","83888123","83888352","38","75572157"
"JH378106","8342142","8342449","chr8","7716993","7717302","49","625149"
"JH378106","8342956","8343108","chr2","72476827","72476982","19","64133871"
"JH378106","8350767","8351078","chr5","79478782","79479093","41","71128015"
"JH378106","8358152","8358331","chr2","72497798","72497977","8","64139646"
"JH378106","8362385","8362691","chr2","131566064","131566373","51","123203679"
"JH378106","8366665","8366798","chr2","72505215","72505336","15","64138550"
"JH378106","8366830","8366844","chr2","198531533","198531546","3","190164703"
"JH378106","8379669","8379860","chr20","35234591","35234782","44","26854922"
"JH378106","8381860","8382018","chr2","72519395","72519549","12","64137535"
"JH378106","8382301","8382445","chr2","72519832","72519976","12","64137531"
"JH378106","8383938","8384088","chrUn_GL286264","54297","54447","18","8329641"
"JH378106","8388011","8388136","chr22","46197478","46197607","20","37809467"
"JH378106","8395864","8396136","chr2","72532602","72532873","10","64136738"
"JH378106","8403361","8403504","chr1","179573988","179574133","23","171170627"
"JH378106","8407140","8407246","chr2","72544576","72544683","12","64137436"
"JH378106","8412338","8412601","chrX","107865590","107865853","40","99453252"
"JH378106","8420368","8420666","chr7","70677711","70678012","53","62257343"
"JH378106","8436612","8436743","chr6","26027720","26027849","12","17591108"
"JH378106","8439535","8439805","chr2","72590031","72590299","29","64150496"
"JH378106","8446709","8446830","chr2","72597203","72597328","8","64150494"
"JH378106","8458575","8458879","chr13","39766715","39767019","49","31308140"
"JH378106","8477093","8477213","chr5","106479892","106480009","17","98002799"
"JH378106","8499795","8500000","chr6","116688212","116688419","44","108188417"
"JH378106","8500248","8500547","chr2","73136291","73136596","47","64636043"
"JH378106","8507700","8507726","chr1","198804513","198804537","5","190296813"
"JH378106","8507769","8508041","chrX","17267252","17267530","54","8759483"
"JH378106","8521380","8521502","chr2","137104825","137104946","10","128583445"
"JH378106","8522208","8522376","chr2","72674711","72674877","23","64152503"
"JH378106","8524129","8524440","chr2","72678996","72679289","39","64154867"
"JH378106","8531769","8532061","chr2","72686187","72686481","28","64154418"
"JH378106","8547147","8547412","chr2","72701033","72701296","17","64153886"
"JH378106","8569209","8569439","chr14","21384326","21384554","47","12815117"
"JH378106","8573529","8573835","chr2","72728458","72728752","38","64154929"
"JH378106","8587752","8588035","chr18","34745740","34746024","38","26157988"
"JH378106","8591900","8592080","chr9","100991730","100991895","25","92399830"
"JH378106","8592368","8592502","chr9","100992192","100992316","15","92399824"
"JH378106","8648895","8649201","chr2","72799287","72799589","24","64150392"
"JH378106","8682578","8682886","chr3","45039982","45040280","43","36357404"
"JH378106","8696356","8696650","chr2","72846650","72846949","21","64150294"
"JH378106","8715475","8715784","chr4","160182652","160182961","48","151467177"
"JH378106","8727622","8727936","chr10","46944915","46945206","67","38217293"
"JH378106","8764926","8765220","chr2","72883462","72883760","32","64118536"
"JH378106","8780428","8780599","chr2","72898205","72898380","14","64117777"
"JH378106","8805665","8805959","chr2","72923406","72923695","20","64117741"
"JH378106","8807529","8807829","chr13","2464270","2464570","50","6343259"
"JH378106","8808099","8808197","chr7","22518475","22518572","11","13710376"
"JH378106","8840703","8840837","chr4","167165859","167165992","10","158325156"
"JH378106","8841148","8841352","chr9","112138186","112138380","47","103297038"
"JH378106","8852540","8852708","chr9","19789803","19789970","26","10937263"
"JH378106","8891591","8891767","chr3","53771454","53771632","27","44879863"
"JH378106","8892067","8892202","chr8","95782453","95782588","12","86890386"
"JH378106","8901806","8901931","chr10","16815821","16815947","5","7914015"
"JH378106","8914341","8914651","chr2","73045103","73045407","22","64130762"
"JH378106","8931158","8931441","chr2","73062339","73062637","45","64131181"
"JH378106","8961906","8962236","chr13","83885318","83885636","63","74923412"
"JH378106","8977977","8978108","chr7","128813529","128813660","12","119835552"
"JH378106","9006669","9006983","chr2","73132497","73132795","31","64125828"
"JH378106","9010738","9011039","chr2","73136291","73136596","22","64125553"
"JH378106","9012617","9012706","chr8","113163012","113163104","12","104150395"
"JH378106","9020434","9020607","chr8","94170538","94170707","25","85150104"
"JH378106","9020905","9021041","chr2","36378719","36378853","14","27357814"
"JH378106","9129529","9129817","chr7","54157888","54158182","54","45028359"
"JH378106","9161797","9161905","chr2","73293662","73293771","9","64131865"
"JH378106","9170136","9170449","chr2","73302444","73302741","40","64132308"
"JH378106","9205820","9206116","chr10","59836947","59837241","47","50631127"
"JH378106","9227068","9227362","chr2","73374496","73374804","38","64147428"
"JH378106","9261127","9261419","chr1","181034433","181034726","48","171773306"
"JH378106","9285402","9285714","chr2","73424725","73425011","42","64139323"
"JH378106","9344002","9344306","chr2","73513280","73513581","18","64169278"
"JH378106","9395613","9395921","chr1","170645675","170645973","46","161250062"
"JH378106","9397682","9397978","chr2","73641201","73641492","28","64243519"
"JH378106","9417402","9417707","chr2","73673606","73673911","17","64256204"
"JH378106","9421523","9421811","chr2","73678398","73678690","21","64256875"
"JH378106","9433636","9433967","chr7","27345420","27345752","61","17911784"
"JH378106","9438102","9438401","chrX","121417812","121418111","52","111979710"
"JH378106","9471837","9472134","chr19","11102218","11102510","64","1630381"
"JH378106","9484474","9484770","chr11","66290535","66290827","43","56806061"
"JH378106","9513333","9513662","chr2","73769161","73769471","35","64255828"
"JH378106","9519348","9519456","chr2","73778192","73778300","13","64258844"
"JH378106","9541031","9541176","chr2","73805643","73805790","9","64264612"
"JH378106","9547233","9547531","chr2","73819488","73819787","16","64272255"
"JH378106","9619792","9620087","chr2","73892969","73893264","23","64273177"
"JH378106","9638961","9639234","chr2","73927149","73927421","15","64288188"
"JH378106","9651844","9652136","chr2","73940252","73940560","33","64288408"
"JH378106","9665274","9665452","chr18","38526425","38526603","32","28861151"
"JH378106","9665756","9665886","chr20","23719259","23719391","21","14053503"
"JH378106","9672431","9672560","chr18","12565386","12565514","7","2892955"
"JH378106","9677422","9677543","chr1","78012666","78012787","14","68335244"
"JH378106","9694242","9694484","chr4","39118883","39119137","60","29424641"
"JH378106","9744404","9744698","chr2","74051347","74051643","16","64306943"
"JH378106","9768682","9768900","chr2","74075111","74075311","28","64306429"
"JH378106","9773866","9774151","chr2","74080228","74080506","31","64306362"
"JH378106","9781122","9781409","chr2","150555729","150556021","47","140774607"
"JH378106","9798440","9798609","chr2","74104210","74104369","23","64305770"
"JH378106","9798650","9798730","chr2","74104390","74104472","8","64305740"
"JH378106","9814948","9815240","chr2","74120736","74121016","29","64305788"
"JH378106","9817216","9817501","chr2","74123284","74123573","23","64306068"
"JH378106","9860131","9860461","chr14","45094041","45094363","55","35233910"
"JH378106","9862808","9862898","chr2","74185415","74185504","4","64322607"
"JH378106","9863196","9863358","chr2","74185789","74185962","22","64322593"
"JH378106","9883272","9883593","chr2","74206264","74206585","33","64322992"
"JH378106","9889258","9889553","chr2","74212638","74212934","23","64323380"
"JH378106","9902473","9902704","chr13","100821918","100822151","36","90919445"
"JH378106","9923072","9923198","chr16","595077","595203","17","9327995"
"JH378106","9923391","9923592","chr1","15658899","15659099","46","5735508"
"JH378106","9935467","9935762","chr2","74260005","74260307","32","64324538"
"JH378106","9945555","9945821","chr5","39842916","39843184","59","29897361"
"JH378106","9946321","9946449","chr3","159463237","159463361","18","149516916"
"JH378106","9968560","9968727","chr5","85746358","85746522","32","75777798"
"JH378106","9975919","9976234","chr1","97097177","97097476","66","87121258"
"JH378106","9979846","9980079","chr2","74302938","74303165","23","64323092"
"JH378106","9996239","9996523","chrX","63432784","63433066","47","53436545"
"JH378106","9999472","9999763","chr8","10981639","10981933","41","982167"
"JH378106","10010938","10011237","chr2","74333846","74334138","24","64322908"
"JH378106","10011875","10012167","chr2","74334776","74335055","37","64322901"
"JH378106","10013894","10014042","chrX","13407710","13407863","22","3393816"
"JH378106","10014346","10014480","chr5","43867299","43867432","16","33852953"
"JH378106","10015891","10015979","chr2","74337692","74337778","9","64321801"
"JH378106","10016524","10016715","chr2","74338301","74338492","16","64321777"
"JH378106","10022761","10023000","chr2","16175513","16175772","47","6152752"
"JH378106","10038349","10038623","chr2","74359478","74359752","45","64321129"
"JH378106","10043215","10043508","chr2","74363703","74363996","17","64320488"
"JH378106","10057417","10057703","chr10","47244347","47244626","53","37186930"
"JH378106","10063232","10063542","chr2","74391925","74392215","46","64328693"
"JH378106","10070208","10070333","chr1","202613914","202614037","11","192543706"
"JH378106","10074255","10074401","chr2","74412244","74412390","10","64337989"
"JH378106","10087451","10087752","chr2","74428393","74428692","23","64340942"
"JH378106","10089233","10089539","chr2","74429797","74430093","32","64340564"
"JH378106","10100121","10100391","chr2","74438619","74438908","44","64338498"
"JH378106","10117597","10117875","chr2","74453461","74453733","19","64335864"
"JH378106","10122225","10122352","chr10","6700066","6700195","19","3422159"
"JH378106","10149553","10149826","chr2","74487146","74487410","21","64337593"
"JH378106","10158240","10158556","chr5","24311139","24311438","58","14152899"
"JH378106","10166934","10167103","chr2","74497378","74497567","29","64330444"
"JH378106","10167141","10167260","chr2","74497591","74497714","13","64330450"
"JH378106","10201458","10201720","chr22","3457806","3458070","42","6743652"
"JH378106","10239023","10239313","chr2","74597034","74597329","25","64358011"
"JH378106","10301418","10301702","chr2","74704630","74704925","24","64403212"
"JH378106","10314515","10314804","chr2","74734393","74734680","19","64419878"
"JH378106","10392659","10392795","chr5","74022983","74023124","39","63630324"
"JH378106","10393086","10393153","chr2","74880446","74880514","5","64487360"
"JH378106","10789802","10789919","chr8","32683184","32683300","7","21893382"
"JH378106","10818421","10818710","chr12","90154597","90154888","41","79336176"
"JH378106","10821606","10821910","chr2","75515953","75516258","30","64694347"
"JH378106","10962053","10962369","chr2","75665953","75666270","28","64703900"
"JH378106","11110629","11110912","chr2","75860382","75860691","43","64749753"
"JH378106","11116094","11116207","chr3","83270922","83271035","7","72154828"
"JH378106","11125213","11125296","chr1","153489430","153489512","6","142364217"
"JH378106","11167895","11168192","chr2","75919278","75919562","36","64751383"
"JH378106","11206645","11206938","chr9","26302358","26302649","40","15095713"
"JH378106","11222756","11223006","chr2","75993901","75994138","30","64771145"
"JH378106","11331713","11332003","chr2","76093754","76094042","19","64762041"
"JH378106","11399922","11400221","chr2","76162819","76163122","22","64762897"
"JH378106","11451120","11451407","chr16","74641306","74641603","43","63190186"
"JH378106","11502509","11502799","chr2","76273511","76273796","24","64771002"
"JH378106","11522111","11522159","chr9","55836512","55836560","13","44314401"
"JH378106","11590621","11590797","chr2","76360605","76360778","14","64769984"
"JH378106","11590843","11590964","chrX","43836903","43837024","20","32246060"
"JH378106","11654408","11654703","chr2","76425674","76425974","35","64771266"
"JH378106","11658708","11659002","chr8","117609496","117609797","39","105950788"
"JH378106","11695807","11696103","chr2","76475964","76476259","21","64780157"
"JH378106","11730049","11730243","chr2","76542160","76542349","22","64812111"
"JH378106","12019928","12020222","chr2","76932679","76932970","25","64912751"
"JH378106","12123782","12123874","chr5","50499909","50500000","17","38376127"
"JH378106","12321961","12322102","chr4","38088751","38088892","25","25766790"
"JH378106","12339773","12340042","chr2","77284926","77285189","48","64945153"
"JH378106","12431517","12431654","chr2","77379866","77380001","10","64948349"
"JH378106","12431940","12432101","chr8","10984829","10984993","24","1447111"
"JH378106","12440180","12440490","chr2","77388931","77389225","40","64948751"
"JH378106","12465025","12465298","chr2","77413429","77413708","26","64948404"
"JH378106","12492418","12492511","chr14","90857969","90858066","26","78365551"
"JH378106","12508182","12508492","chr2","77459887","77460190","21","64951705"
"JH378106","12622290","12622601","chr2","154478092","154478404","41","141855802"
"JH378106","12650233","12650372","chr22","2350043","2350180","26","10300190"
"JH378106","12650415","12650574","chr16","25382349","25382514","29","12731934"
"JH378106","12651616","12651930","chr2","77616819","77617122","44","64965203"
"JH378106","12666549","12666837","chr2","77631990","77632275","22","64965441"
"JH378106","12715130","12715427","chr2","77679084","77679384","26","64963954"
"JH378106","12766472","12766702","chr2","77730309","77730539","19","64963837"
"JH378106","12839378","12839501","chr8","12558697","12558820","8","280681"
"JH378106","12841054","12841337","chr10","83502493","83502774","40","70661439"
"JH378106","12890476","12890778","chr2","77857652","77857945","19","64967176"
"JH378106","12946857","12947154","chr2","77915799","77916099","18","64968942"
"JH378106","12985531","12985545","chr1","185738245","185738259","0","172752714"
"JH378106","12985566","12985849","chr1","182326018","182326301","16","169340452"
"JH378106","13037527","13037819","chr2","78020077","78020373","21","64982550"
"JH378106","13108501","13108602","chr7","14930787","14930889","12","1822286"
"JH378106","13121989","13122175","chr6","39849095","39849272","34","26727106"
"JH378106","13153113","13153396","chr2","78144699","78144986","31","64991586"
"JH378106","13243403","13243469","chr7","4717415","4717478","11","8525988"
"JH378106","13261175","13261277","chr2","78262336","78262436","11","65001161"
"JH378106","13330815","13331111","chr4","130635033","130635327","50","117304218"
"JH378106","13417956","13418031","chr2","78437919","78437994","3","65019963"
"JH378106","13420378","13420423","chr2","78440686","78440731","4","65020308"
"JH378106","13461955","13462180","chr2","78481230","78481455","14","65019275"
"JH378106","13466947","13467075","chr22","6608159","6608288","7","6858788"
"JH378106","13571164","13571415","chr2","78578830","78579093","33","65007666"
"JH378106","13582805","13583112","chr2","78590441","78590732","32","65007636"
"JH378106","13604287","13604587","chr1","135542904","135543195","51","121938617"
"JH378106","13647886","13647912","chrX","71526078","71526103","2","57878192"
"JH378106","13647943","13648224","chr7","155820694","155820974","17","142172751"
"JH378106","13654438","13654720","chr5","6379289","6379573","46","7275149"
"JH378106","13654750","13654760","chr13","57539216","57539226","1","43884466"
"JH378106","13694733","13695057","chr2","78705361","78705678","33","65010628"
"JH378106","13701831","13702131","chr2","78712139","78712436","39","65010308"
"JH378106","13722449","13722754","chr2","78732405","78732702","35","65009956"
"JH378106","13738622","13738912","chr5","9929151","9929448","55","3809471"
"JH378106","13762061","13762195","chr19","16484646","16484783","29","2722585"
"JH378106","13780908","13780937","chr1","52681258","52681288","2","38900350"
"JH378106","13780966","13781245","chr2","78808470","78808765","31","65027504"
"JH378106","13822162","13822458","chr8","117609496","117609797","50","103787334"
"JH378106","13878424","13878559","chr2","78922918","78923053","8","65044494"
"JH378106","13878843","13879016","chr2","78923347","78923515","13","65044504"
"JH378106","13924582","13924893","chr2","78967139","78967450","23","65042557"
"JH378106","13942665","13942901","chr7","45370349","45370581","42","31427684"
"JH378106","14023462","14023769","chr2","79071086","79071397","25","65047624"
"JH378106","14041142","14041475","chr14","44902307","44902640","54","30861165"
"JH378106","14046619","14046768","chrX","45713820","45713969","31","31667201"
"JH378106","14077060","14077190","chr2","79130958","79131085","8","65053898"
"JH378106","14090870","14091174","chr2","79142748","79143051","30","65051878"
"JH378106","14099400","14099687","chr2","79153171","79153443","27","65053771"
"JH378106","14104467","14104775","chr12","20539936","20540241","48","6435469"
"JH378106","14118181","14118327","chr2","79172379","79172524","16","65054198"
"JH378106","14130160","14130207","chr5","61442705","61442753","8","47312545"
"JH378106","14138024","14138204","chr2","79192761","79192929","19","65054737"
"JH378106","14153800","14153837","chr19","11884102","11884139","4","2269698"
"JH378106","14154158","14154320","chr9","45351874","45352035","27","31197716"
"JH378106","14161625","14161947","chr2","79212957","79213266","36","65051332"
"JH378106","14163731","14163845","chr9","7285897","7286011","24","6877834"
"JH378106","14170201","14170347","chr2","79225048","79225200","22","65054847"
"JH378106","14170619","14170704","chr2","79225468","79225551","8","65054849"
"JH378106","14171977","14172209","chr2","79226837","79227069","22","65054860"
"JH378106","14173613","14173921","chr12","106803586","106803897","57","92629973"
"JH378106","14180434","14180534","chr8","105688896","105689005","19","91508462"
"JH378106","14182761","14182932","chr1","135350377","135350529","46","121167616"
"JH378106","14184227","14184509","chr6","70548578","70548865","46","56364351"
"JH378106","14197311","14197571","chr4","140544378","140544626","41","126347067"
"JH378106","14202090","14202395","chr14","21669691","21669998","41","7467601"
"JH378106","14211220","14211509","chr2","79275427","79275722","20","65064207"
"JH378106","14221126","14221436","chr3","110652603","110652910","61","96431477"
"JH378106","14224737","14224787","chr2","79286242","79286292","1","65061505"
"JH378106","14225116","14225299","chr6","73714666","73714844","39","59489550"
"JH378106","14226922","14227045","chr16","51399865","51399990","20","37172943"
"JH378106","14227671","14227949","chr2","35477672","35477953","41","21250001"
"JH378106","14229674","14229973","chr2","79290189","79290490","50","65060515"
"JH378106","14230227","14230352","chr5","8651458","8651583","16","5578769"
"JH378106","14230379","14230535","chr4","14472893","14473045","27","242514"
"JH378106","14232309","14232423","chr7","73402159","73402270","13","59169850"
"JH378106","14245981","14246096","chr16","26395360","26395474","18","12149379"
"JH378106","14248887","14248944","chr2","79308082","79308141","5","65059195"
"JH378106","14251012","14251311","chr2","79310514","79310806","35","65059502"
"JH378106","14255636","14255976","chr5","47447270","47447599","65","33191634"
"JH378106","14260956","14261198","chr4","135999195","135999443","48","121738239"
"JH378106","14263943","14264213","chr9","83349413","83349683","42","69085470"
"JH378106","14268738","14269037","chr4","159367016","159367298","52","145098278"
"JH378106","14274958","14275135","chr22","3658067","3658244","39","10616891"
"JH378106","14283260","14283313","chr6","117938804","117938853","8","103655544"
"JH378106","14283595","14283722","chr7","59335811","59335942","19","45052216"
"JH378106","14284728","14285024","chr2","79344547","79344845","18","65059819"
"JH378106","14287796","14287930","chr1","209899487","209899620","22","195611691"
"JH378106","14288205","14288346","chr9","113341932","113342070","25","99053727"
"JH378106","14293296","14293594","chr11","129616467","129616764","50","115323171"
"JH378106","14293817","14294122","chr2","79352290","79352581","32","65058473"
"JH378106","14294156","14294325","chr2","79352616","79352775","23","65058460"
"JH378106","14294740","14295020","chr2","79353176","79353454","25","65058436"
"JH378106","14319422","14319719","chr2","31097171","31097470","40","16777749"
"JH378106","14322099","14322393","chr18","3047133","3047426","37","11274966"
"JH378106","14326748","14327024","chr4","38417104","38417381","48","24090356"
"JH378106","14336039","14336334","chr2","79397576","79397873","30","65061537"
"JH378106","14355603","14355872","chr5","127816944","127817217","62","113461341"
"JH378106","14368367","14368652","chr7","43837732","43838021","47","29469365"
"JH378106","14381324","14381555","chr7","63480423","63480655","34","49099099"
"JH378106","14382912","14383201","chr2","79421395","79421693","29","65038483"
"JH378106","14409092","14409223","chr3","142409967","142410098","11","128000875"
"JH378106","14419270","14419553","chr2","79456419","79456718","43","65037149"
"JH378106","14428770","14429046","chr12","25858636","25858918","44","11429866"
"JH378106","14429619","14429812","chr11","118467916","118468116","37","104038297"
"JH378106","14432799","14433054","chr2","79468446","79468709","16","65035647"
"JH378106","14491485","14491763","chr2","79550807","79551065","36","65059322"
"JH378106","14529807","14530103","chr2","79583698","79583992","21","65053891"
"JH378106","14629491","14629703","chr2","63554821","63555029","42","48925330"
"JH378106","14630055","14630152","chr6","119457478","119457578","21","104827423"
"JH378106","14642329","14642621","chr2","79714187","79714463","38","65071858"
"JH378106","14688093","14688399","chr7","62686014","62686322","35","47997921"
"JH378106","14798050","14798166","chr2","79884915","79885034","9","65086865"
"JH378106","14828763","14829073","chr2","79912824","79913134","25","65084061"
"JH378106","14841003","14841312","chr2","79925296","79925583","42","65084293"
"JH378106","14841314","14841633","chr2","79925585","79925911","28","65084271"
"JH378106","15332357","15332434","chr6","41051851","41051920","15","25719494"
"JH378106","15332562","15332850","chr6","70548578","70548865","39","55216016"
"JH378106","15430396","15430700","chr2","80534089","80534393","23","65103693"
"JH378106","15519022","15519306","chr2","80624578","80624862","25","65105556"
"JH378106","15569416","15569715","chr1","198787322","198787622","43","183217906"
"JH378106","15600052","15600179","chr3","130233776","130233905","7","114633724"
"JH378106","15750170","15750463","chrX","16323059","16323362","51","572889"
"JH378106","15810160","15810290","chr4","37319794","37319925","18","21509634"
"JH378106","15848500","15848616","chr5","110092661","110092776","11","94244161"
"JH378106","15856156","15856464","chr2","80971337","80971638","24","65115181"
"JH378106","15906471","15906615","chr3","12054939","12055085","27","3851532"
"JH378106","15906657","15906778","chr11","124438039","124438159","21","108531382"
"JH378106","15923782","15923916","chr1","171672023","171672158","16","155748241"
"JH378106","15924217","15924398","chr7","62712716","62712891","34","46788499"
"JH378106","15931749","15932041","chr2","81049770","81050062","19","65118021"
"JH378106","15953429","15953708","chr2","81070972","81071251","22","65117543"
"JH378106","16060357","16060638","chr2","81177328","81177608","22","65116971"
"JH378106","16067459","16067769","chr11","66006071","66006377","50","49938612"
"JH378106","16080605","16080907","chr2","81198070","81198363","26","65117465"
"JH378106","16085124","16085357","chr1","62756909","62757135","46","46671785"
"JH378106","16093504","16093673","chr8","114655714","114655885","34","98562210"
"JH378106","16096971","16097083","chr10","46831957","46832070","9","30734986"
"JH378106","16142813","16143108","chrX","107493315","107493606","46","91350502"
"JH378106","16150800","16150875","chr1","154964394","154964470","12","138813594"
"JH378106","16168212","16168510","chrX","45579634","45579937","48","29411422"
"JH378106","16171947","16172214","chr9","91685321","91685593","43","75513374"
"JH378106","16180264","16180391","chr18","3073795","3073923","8","13106469"
"JH378106","16192802","16193108","chr2","81306349","81306650","32","65113547"
"JH378106","16201717","16202010","chr2","81315175","81315471","23","65113458"
"JH378106","16217700","16217987","chr2","81330874","81331161","24","65113174"
"JH378106","16220653","16220952","chr2","81334135","81334432","26","65113482"
"JH378106","16222958","16223128","chr2","81336413","81336583","17","65113455"
"JH378106","16225043","16225299","chr2","81338434","81338690","11","65113391"
"JH378106","16226412","16226573","chr2","81339799","81339960","8","65113387"
"JH378106","16245085","16245241","chr5","158621111","158621273","29","142376026"
"JH378106","16245550","16245687","chr14","71721684","71721817","17","55476134"
"JH378106","16298479","16298771","chr2","81411366","81411658","26","65112887"
"JH378106","16334247","16334547","chr2","81447124","81447432","32","65112877"
"JH378106","16356101","16356397","chr2","81469016","81469313","32","65112915"
"JH378106","16371059","16371348","chr2","81483714","81483991","33","65112655"
"JH378106","16401639","16401953","chr2","81514111","81514422","44","65112472"
"JH378106","16530615","16530803","chr2","81676652","81676831","21","65146037"
"JH378106","16547345","16547481","chrX","46953806","46953940","13","30406461"
"JH378106","16547791","16547953","chr1","206535827","206535988","21","189988036"
"JH378106","16563516","16563731","chr2","81709816","81710030","17","65146300"
"JH378106","16591736","16591890","chr5","116675268","116675421","23","100083532"
"JH378106","16592192","16592337","chr5","30665113","30665249","26","14072921"
"JH378106","16723789","16724027","chr2","81876568","81876812","20","65152779"
"JH378106","16755641","16755769","chr11","107254470","107254600","6","90498829"
"JH378106","16900668","16900792","chr5","78104689","78104815","14","61204021"
"JH378106","16900847","16900939","chr4","35102776","35102865","19","18201929"
"JH378106","16926934","16927183","chr13","60857938","60858194","53","43931004"
"JH378106","16944288","16944414","chr21","486483","486610","8","16457805"
"JH378106","16971051","16971063","chr6","13185653","13185665","1","3785398"
"JH378106","16971088","16971358","chr12","19218702","19218983","48","2247614"
"JH378106","16987200","16987341","chr2","82175913","82176054","11","65188713"
"JH378106","16998887","16999021","chr9","39167271","39167402","10","22168384"
"JH378106","17092096","17092378","chr3","39216961","39217244","44","22124865"
"JH378106","17143453","17143551","chr1","16161241","16161340","13","982212"
"JH378106","17189217","17189510","chr3","106662426","106662719","37","89473209"
"JH378106","17200238","17200421","chr1","180257905","180258078","41","163057667"
"JH378106","17249297","17249600","chr6","157751832","157752133","48","140502535"
"JH378106","17260150","17260389","chr6","148059108","148059342","45","130798958"
"JH378106","17317987","17318074","chr1","103003526","103003600","17","85685539"
"JH378106","17337137","17337283","chr1","155087954","155088097","24","137750817"
"JH378106","17378075","17378318","chr2","82594631","82594893","49","65216556"
"JH378106","17393527","17393827","chr2","82609107","82609408","25","65215580"
"JH378106","17405672","17405938","chr2","82622124","82622390","19","65216452"
"JH378106","17411098","17411222","chr3","146507321","146507445","5","129096223"
"JH378106","17414602","17414922","chr5","62467478","62467789","55","45052876"
"JH378106","17425613","17425956","chr2","82640279","82640623","21","65214666"
"JH378106","17427913","17428138","chr5","84972762","84972986","37","67544849"
"JH378106","17566548","17566840","chr2","82790143","82790424","23","65223595"
"JH378106","17593359","17593681","chr8","97036674","97036999","60","79443315"
"JH378106","17634578","17634880","chr2","82864458","82864750","40","65229880"
"JH378106","17649501","17649773","chr16","25703885","25704165","60","8054384"
"JH378106","17668488","17668603","chr2","82899573","82899688","10","65231085"
"JH378106","17668851","17669050","chr2","82899935","82900138","20","65231084"
"JH378106","17673187","17673455","chr2","82904270","82904515","38","65231083"
"JH378106","17745732","17746039","chr2","82976666","82976970","27","65230934"
"JH378106","17792603","17792738","chr5","153172214","153172346","29","135379611"
"JH378106","17792763","17792940","chrX","22646293","22646471","32","4853530"
"JH378106","17793619","17793906","chr8","687744","688032","37","17105875"
"JH378106","17806571","17806864","chr2","83036007","83036300","13","65229436"
"JH378106","17883724","17883849","chr17","64360952","64361076","15","46477228"
"JH378106","17883873","17884035","chr3","107779120","107779274","32","89895247"
"JH378106","17913166","17913436","chr2","83133860","83134113","36","65220694"
"JH378106","17970783","17971083","chr2","83187733","83188038","28","65216950"
"JH378106","17987122","17987225","chr7","144547278","144547379","18","126560156"
"JH378106","18019865","18020072","chr21","20097876","20098079","32","2078011"
"JH378106","18043068","18043226","chr1","193837103","193837257","36","175794035"
"JH378106","18043854","18044021","chr2","2972557","2972715","28","15071297"
"JH378106","18048811","18049114","chr12","84822164","84822461","55","66773353"
"JH378106","18053186","18053483","chr1","198787322","198787622","49","180734136"
"JH378106","18055540","18055829","chr5","78287398","78287690","42","60231858"
"JH378106","18064122","18064425","chr2","83268381","83268688","27","65204259"
"JH378106","18085048","18085187","chrX","63238789","63238930","28","45153741"
"JH378106","18102137","18102414","chr2","83306360","83306639","29","65204223"
"JH378106","18127827","18128136","chr4","15087695","15087993","59","3040132"
"JH378106","18130213","18130527","chr8","22659024","22659339","50","4528811"
"JH378106","18148219","18148373","chr2","83351021","83351183","19","65202802"
"JH378106","18164473","18164649","chr2","83369521","83369695","14","65205048"
"JH378106","18184144","18184452","chr1","135508221","135508526","36","117324077"
"JH378106","18228473","18228556","chr3","189219693","189219778","10","170991220"
"JH378106","18232270","18232578","chr8","11562039","11562338","47","6670231"
"JH378106","18247444","18247736","chr2","83453192","83453488","29","65205748"
"JH378106","18297355","18297578","chr2","83508660","83508876","17","65211305"
"JH378106","18325101","18325217","chr8","14311756","14311870","28","4013345"
"JH378106","18328899","18328938","chr2","11780330","11780365","9","6548569"
"JH378106","18374793","18375137","chr12","84778125","84778458","59","66403332"
"JH378106","18379940","18380236","chr5","84704926","84705221","56","66324986"
"JH378106","18404998","18405300","chr2","83617700","83617995","22","65212702"
"JH378106","18498321","18498631","chr5","60671568","60671876","51","42173247"
"JH378106","18513113","18513362","chr2","83718192","83718423","48","65205079"
"JH378106","18527221","18527540","chr2","83732294","83732605","35","65205073"
"JH378106","18547131","18547254","chr6","117860032","117860151","17","99312901"
"JH378106","18585642","18585758","chr4","116380863","116380979","5","97795221"
"JH378106","18587459","18587736","chr2","83789301","83789581","29","65201842"
"JH378106","18660595","18660845","chr9","106990884","106991143","40","88330289"
"JH378106","18695407","18695700","chr2","83900877","83901171","20","65205470"
"JH378106","18712348","18712661","chr13","39413074","39413378","31","20700726"
"JH378106","18815162","18815355","chr2","84018985","84019179","16","65203823"
"JH378106","18969875","18970024","chr2","84192285","84192430","13","65222410"
"JH378106","19044215","19044505","chr2","84285151","84285443","33","65240936"
"JH378106","19255829","19256131","chr2","84493603","84493905","31","65237774"
"JH378106","19310368","19310652","chr2","84545804","84546076","33","65235436"
"JH378106","19419199","19419495","chr2","84650803","84651094","33","65231604"
"JH378106","19480750","19480863","chrX","135761714","135761827","5","116280964"
"JH378106","19576818","19577117","chr2","84802826","84803124","23","65226008"
"JH378106","19623470","19623769","chr2","84852399","84852691","31","65228929"
"JH378106","19756683","19756884","chr2","84990469","84990672","15","65233786"
"JH378106","19776134","19776253","chr6","134990658","134990777","8","115214524"
"JH378106","20010245","20010555","chr2","85362080","85362388","25","65351835"
"JH378106","20037182","20037492","chr2","85399489","85399798","29","65362307"
"JH378106","20044265","20044511","chr2","85406592","85406836","18","65362327"
"JH378106","20044841","20044925","chr13","101983176","101983263","18","81938335"
"JH378106","20072961","20073250","chr2","85437880","85438169","19","65364919"
"JH378106","20084220","20084513","chr2","85449553","85449847","26","65365333"
"JH378106","20100528","20100724","chr19","26225184","26225381","32","6124656"
"JH378106","20319960","20320253","chr2","85768986","85769272","34","65449026"
"JH378106","20460194","20460477","chr2","85910480","85910768","31","65450286"
"JH378106","20651612","20651887","chr2","86155509","86155775","43","65503897"
"JH378106","20706569","20706874","chr2","86202741","86203032","31","65496172"
"JH378106","20717033","20717314","chr2","86212859","86213160","41","65495826"
"JH378106","20791739","20792042","chr2","86303325","86303628","15","65511586"
"JH378106","20820216","20820524","chr2","86331135","86331424","40","65510919"
"JH378106","20916599","20916835","chr2","154219554","154219789","42","133302955"
"JH378106","21263846","21264139","chr2","86816404","86816697","17","65552558"
"JH378106","21311931","21312248","chr2","86873696","86873999","25","65561765"
"JH378106","21453008","21453313","chr2","87049749","87050052","30","65596741"
"JH378106","21466176","21466473","chr2","87062664","87062964","29","65596488"
"JH378106","21468754","21469048","chr2","87065573","87065868","18","65596819"
"JH378106","21493354","21493658","chr2","87083207","87083510","32","65589853"
"JH378106","21496880","21497157","chr2","87086589","87086880","41","65589709"
"JH378106","21511695","21511949","chr2","87095952","87096237","49","65584257"
"JH378106","21621874","21622156","chr2","87219250","87219532","22","65597376"
"JH378106","21644644","21644936","chrUn_GL286451","460414","460703","38","21184230"
"JH378106","21671104","21671399","chrX","47489488","47489770","48","25818384"
"JH378106","21678151","21678452","chr7","89951395","89951694","54","68273244"
"JH378106","21679380","21679633","chr2","8392577","8392828","46","13286803"
"JH378106","21700823","21701110","chr2","87314316","87314605","24","65613493"
"JH378106","21762375","21762513","chrX","22394345","22394491","23","631970"
"JH378106","21762564","21762670","chr1","171558383","171558486","19","149795819"
"JH378106","21800219","21800354","chr2","87430183","87430318","7","65629964"
"JH378106","21800647","21800828","chr2","87430612","87430779","28","65629965"
"JH378106","21808270","21808404","chr3","158784313","158784443","15","136976043"
"JH378106","21808837","21808947","chr22","40865336","40865445","10","19056499"
"JH378106","21820517","21820657","chr7","68161692","68161829","23","46341175"
"JH378106","21821071","21821246","chr10","17850777","17850955","29","3970294"
"JH378106","21821924","21822183","chr14","54604395","54604658","44","32782471"
"JH378106","21825951","21826153","chr2","87464594","87464782","20","65638643"
"JH378106","21833463","21833750","chr12","151602","151887","47","21681861"
"JH378106","21836848","21836975","chr16","68965992","68966114","18","47129144"
"JH378106","21843572","21843766","chr12","12293733","12293938","37","9549839"
"JH378106","21844003","21844138","chr5","100080028","100080163","17","78236025"
"JH378106","21858413","21858541","chr12","79184103","79184232","13","57325690"
"JH378106","21874435","21874734","chr2","87514978","87515277","17","65640543"
"JH378106","21891725","21892029","chr2","87531708","87531986","48","65639983"
"JH378106","21901986","21902106","chr3","39210041","39210162","19","17308055"
"JH378106","21960841","21960962","chr14","74667667","74667789","7","52706826"
"JH378106","21970616","21970914","chr2","87609961","87610286","57","65639345"
"JH378106","21997378","21997658","chr2","87639913","87640195","27","65642535"
"JH378106","22001549","22001842","chr2","87644287","87644580","19","65642738"
"JH378106","22027434","22027641","chr4","159392820","159393025","46","137365386"
"JH378106","22044660","22044952","chr2","87680683","87680973","26","65636023"
"JH378106","22123562","22123856","chr2","87775040","87775337","33","65651478"
"JH378106","22192608","22192717","chr3","94430461","94430570","19","72237853"
"JH378106","22196664","22196948","chr2","87854720","87855004","26","65658056"
"JH378106","22508736","22509028","chr2","88197956","88198239","27","65689220"
"JH378106","22560159","22560463","chr3","16418533","16418839","45","6141626"
"JH378106","22628085","22628373","chr15","49520983","49521271","44","26892898"
"JH378106","22671321","22671619","chr2","88341379","88341670","43","65670058"
"JH378106","22916030","22916344","chr15","76801186","76801505","54","53885156"
"JH378106","22982028","22982298","chr2","88649642","88649920","28","65667614"
"JH378106","23050482","23050792","chr2","88725970","88726280","24","65675488"
"JH378106","23134655","23134937","chr2","88805294","88805559","50","65670639"
"JH378106","23143514","23143731","chr3","21184197","21184411","35","1959317"
"JH378106","23178821","23179106","chr2","88850973","88851247","35","65672152"
"JH378106","23201703","23201981","chr2","88873674","88873948","19","65671971"
"JH378106","23284661","23284966","chr3","136640590","136640885","48","113355929"
"JH378106","23305604","23305757","chr2","88977426","88977577","19","65671822"
"JH378106","23416350","23416487","chr2","153178979","153179113","25","129762629"
"JH378106","23421136","23421369","chr5","136807522","136807753","39","113386386"
"JH378106","23437377","23437662","chr2","89116229","89116528","36","65678852"
"JH378106","23542698","23543029","chr14","44902307","44902640","59","21359609"
"JH378106","23568669","23568910","chr4","42175691","42175929","48","18607022"
"JH378106","23694077","23694343","chr2","89375849","89376111","39","65681772"
"JH378106","23782364","23782620","chr2","89448707","89448952","24","65666343"
"JH378106","23816631","23816955","chr2","89489221","89489525","35","65672590"
"JH378106","23817927","23818072","chr15","4459962","4460109","26","19357965"
"JH378106","24040841","24041142","chr14","40009778","40010079","55","15968937"
"JH378106","24045353","24045405","chr10","4689520","4689572","5","19355833"
"JH378106","24045817","24046002","chr8","97096079","97096265","40","73050262"
"JH378106","24075774","24076037","chr2","89786114","89786416","58","65710340"
"JH378106","24092300","24092442","chr6","14617370","14617510","30","9474930"
"JH378106","24092467","24092559","chr7","1908889","1908983","15","22183578"
"JH378106","24116333","24116626","chr10","434399","434687","47","23681934"
"JH378106","24131717","24132037","chr2","89845860","89846171","34","65714143"
"JH378106","24145068","24145365","chr2","89858529","89858814","47","65713461"
"JH378106","24150300","24150593","chr2","89863813","89864120","34","65713513"
"JH378106","24172367","24172483","chr4","36780520","36780633","14","12608153"
"JH378106","24188375","24188556","chr2","89900629","89900803","23","65712254"
"JH378106","24189798","24190093","chr2","89902031","89902325","19","65712233"
"JH378106","24199669","24199776","chr4","127610177","127610284","13","103410508"
"JH378106","24202012","24202305","chr10","99330155","99330445","49","75128143"
"JH378106","24216214","24216338","chr2","127820046","127820173","12","103603832"
"JH378106","24221751","24221868","chrUn_GL286815","4735","4851","16","24217016"
"JH378106","24278321","24278626","chr2","89985290","89985588","28","65706969"
"JH378106","24289308","24289566","chr6","32009330","32009588","51","7720022"
"JH378106","24293283","24293591","chr2","89998951","89999247","33","65705668"
"JH378106","24294588","24294849","chr9","114386915","114387097","93","90092327"
"JH378106","24295141","24295189","chr13","62240844","62240885","14","37945703"
"JH378106","24302014","24302139","chr22","49027232","49027360","12","24725218"
"JH378106","24304255","24304358","chr6","74950204","74950310","5","50645949"
"JH378106","24343803","24344094","chr6","37827218","37827508","43","13483415"
"JH378106","24380802","24381080","chr21","37324579","37324852","39","12943777"
"JH378106","24512132","24512248","chr2","90219030","90219145","12","65706898"
"JH378106","24530245","24530436","chr22","45339800","45339993","39","20809555"
"JH378106","24530460","24530580","chr1","179586986","179587106","14","155056526"
"JH378106","24561680","24561981","chr7","100378958","100379259","52","75817278"
"JH378106","24588228","24588535","chr7","87007315","87007626","42","62419087"
"JH378106","24674444","24674730","chr2","90397896","90398186","37","65723452"
"JH378106","24725365","24725586","chr2","90453386","90453617","30","65728021"
"JH378106","25026634","25026921","chr2","90779804","90780099","27","65753170"
"JH378106","25031499","25031581","chr1","103003526","103003600","9","77972027"
"JH378106","25042788","25042923","chr2","90794283","90794407","17","65751495"
"JH378106","25091214","25091505","chr2","90843551","90843855","28","65752337"
"JH378106","25121613","25121780","chr8","1004215","1004387","36","24117398"
"JH378106","25122077","25122140","chr16","96783832","96783893","13","71661755"
"JH378106","25136588","25136853","chr2","90895972","90896259","39","65759384"
"JH378106","25141530","25141726","chr2","90905563","90905739","29","65764033"
"JH378106","25142021","25142157","chr2","90906045","90906178","10","65764024"
"JH378106","25158401","25158705","chr2","90922988","90923284","25","65764587"
"JH378106","25183672","25183689","chr5","73662709","73662726","2","48479037"
"JH378106","25183722","25184010","chr7","8451213","8451494","53","16732509"
"JH378106","25197107","25197391","chr2","90963968","90964246","35","65766861"
"JH378106","25231614","25231803","chr20","38647235","38647416","39","13415621"
"JH378106","25232100","25232180","chr7","73825954","73826034","15","48593854"
"JH378106","25239155","25239456","chr2","91004745","91005044","15","65765590"
"JH378106","25308448","25308752","chr2","91067698","91068003","20","65759250"
"JH378106","25365448","25365674","chr22","5509581","5509817","36","19855867"
"JH378106","25369517","25369824","chr7","128146445","128146751","43","102776928"
"JH378106","25372000","25372294","chr2","91132956","91133255","32","65760956"
"JH378106","25372950","25373249","chr7","99177451","99177747","37","73804501"
"JH378106","25374146","25374443","chr2","91135108","91135415","26","65760962"
"JH378106","25375943","25376210","chr2","91137133","91137400","23","65761190"
"JH378106","25385080","25385353","chr4","43326497","43326775","51","17941417"
"JH378106","25388132","25388442","chr2","91145944","91146254","26","65757812"
"JH378106","25388867","25389170","chrUn_GL287890","20046","20341","35","25368821"
"JH378106","25390514","25390677","chr2","91148368","91148535","24","65757854"
"JH378106","25391398","25391695","chr2","91149270","91149575","33","65757872"
"JH378106","25399077","25399371","chr2","91159752","91160040","32","65760675"
"JH378106","25407549","25407855","chr8","7716993","7717302","59","17690556"
"JH378106","25418831","25419119","chr9","107721396","107721684","59","82302565"
"JH378106","25427393","25427696","chr9","58225844","58226146","44","32798451"
"JH378106","25436943","25437252","chr9","58215112","58215422","43","32778169"
"JH378106","25443219","25443445","chr6","18349570","18349794","31","7093649"
"JH378106","25443880","25444170","chrUn_GL286397","418251","418538","43","25025629"
"JH378106","25452530","25452680","chr7","4406184","4406340","28","21046346"
"JH378106","25460742","25460910","chr17","6842516","6842677","18","18618226"
"JH378106","25465241","25465546","chr9","58194112","58194405","55","32728871"
"JH378106","25466198","25466421","chr1","62756909","62757135","46","37290711"
"JH378106","25560303","25560445","chr13","47694559","47694698","34","22134256"
"JH378106","25560488","25560589","chr12","88176297","88176390","29","62615809"
"JH378106","25697205","25697506","chr2","91392196","91392505","29","65694991"
"JH378106","25720751","25721038","chr2","91422757","91423019","38","65702006"
"JH378106","25821389","25821522","chr2","91528248","91528381","9","65706859"
"JH378106","25821824","25821978","chr2","91528696","91528854","24","65706872"
"JH378106","25860955","25861087","chr2","91567624","91567756","14","65706669"
"JH378106","25861396","25861564","chr2","91568068","91568234","17","65706672"
"JH378106","25862698","25862997","chr2","91569415","91569714","25","65706717"
"JH378106","25969079","25969378","chr2","91676132","91676431","16","65707053"
"JH378106","25969910","25970071","chr2","91676963","91677125","12","65707053"
"JH378106","26002904","26003173","chr2","91710241","91710521","24","65707337"
"JH378106","26085281","26085553","chr2","91787464","91787736","17","65702183"
"JH378106","26127426","26127741","chr22","45586828","45587152","55","19459402"
"JH378106","26359127","26359239","chr1","193783664","193783776","13","167424537"
"JH378106","26406757","26407058","chr2","92115114","92115426","28","65708357"
"JH378106","26564022","26564153","chr6","112875606","112875740","18","86311584"
"JH378106","26607116","26607410","chr2","56130845","56131140","46","29523729"
"JH378106","26615547","26615784","chr2","92348133","92348370","11","65732586"
"JH378106","26628522","26628669","chr2","92361421","92361566","8","65732899"
"JH378106","26661569","26661854","chr8","110372859","110373147","44","83711290"
"JH378106","26686586","26686885","chr2","92419725","92420022","22","65733139"
"JH378106","26761541","26761832","chr2","92494783","92495074","21","65733242"
"JH378106","26770207","26770510","chr2","92502934","92503245","32","65732727"
"JH378106","26774409","26774697","chr2","92507233","92507512","36","65732824"
"JH378106","26815077","26815366","chr7","71002638","71002902","61","44187561"
"JH378106","26819924","26820088","chr5","1651189","1651352","25","25168735"
"JH378106","26820132","26820249","chr5","19299287","19299408","20","7520845"
"JH378106","26835074","26835370","chr2","92568302","92568592","36","65733228"
"JH378106","26890063","26890367","chr2","92634490","92634796","21","65744427"
"JH378106","26948218","26948522","chr2","92692056","92692354","26","65743838"
"JH378106","26987764","26987884","chr10","58973168","58973283","21","31985404"
"JH378106","26987910","26988088","chr10","113668395","113668576","32","86680485"
"JH378106","27040500","27040796","chrX","75495262","75495552","40","48454762"
"JH378106","27069389","27069689","chr2","92830437","92830728","26","65761048"
"JH378106","27116063","27116192","chr2","92875331","92875463","10","65759268"
"JH378106","27192799","27193108","chr2","92960744","92961043","26","65767945"
"JH378106","27201321","27201630","chr2","92972692","92973001","21","65771371"
"JH378106","27220022","27220330","chr3","124003561","124003859","47","96783539"
"JH378106","27274688","27275009","chr2","93057680","93057987","29","65782992"
"JH378106","27294905","27295209","chr2","93085133","93085433","39","65790228"
"JH378106","27428553","27428763","chr2","93226216","93226426","16","65797663"
"JH378106","27489485","27489699","chrX","23828234","23828439","36","3661251"
"JH378106","27489721","27489741","chr15","33507981","33508002","1","6018260"
"JH378106","27528795","27529028","chr2","93361352","93361597","25","65832557"
"JH378106","27643242","27643398","chr9","101763885","101764039","46","74120643"
"JH378106","27643420","27643539","chr1","179586986","179587106","17","151943566"
"JH378106","27728668","27728981","chr2","93566843","93567150","40","65838175"
"JH378106","27739553","27739790","chr2","61474231","61474460","50","33734678"
"JH378106","27768238","27768532","chr5","98719568","98719863","42","70951330"
"JH378106","27775400","27775683","chr2","93618714","93618996","23","65843314"
"JH378106","27780124","27780284","chr10","74040566","74040729","23","46260442"
"JH378106","27780535","27780655","chr3","115803586","115803707","15","88023051"
"JH378106","27812594","27812729","chr1","206288179","206288308","20","178475585"
"JH378106","27885066","27885337","chr2","93725852","93726128","26","65840786"
"JH378106","27885717","27886015","chr2","93726518","93726823","22","65840801"
"JH378106","27950028","27950214","chr6","39849095","39849272","33","11899067"
"JH378106","27950243","27950365","chr3","115803586","115803707","15","87853343"
"JH378106","27976911","27976923","chr2","173934591","173934603","1","145957680"
"JH378106","27976961","27977245","chr2","93830641","93830905","49","65853680"
"JH378106","27977841","27978074","chr2","93831508","93831749","33","65853667"
"JH378106","27982207","27982512","chr6","157751832","157752133","35","129769625"
"JH378106","28045465","28045758","chr2","93904064","93904366","38","65858599"
"JH378106","28064351","28064659","chr2","93922689","93922993","20","65858338"
"JH378106","28085658","28085816","chr2","93940782","93940940","8","65855124"
"JH378106","28105719","28106004","chr15","20169178","20169465","56","7936541"
"JH378106","28132164","28132477","chr2","93991668","93991987","27","65859504"
"JH378106","28133681","28133893","chr1","198539853","198540070","37","170406172"
"JH378106","28136090","28136444","chr15","18310015","18310345","80","9826075"
"JH378106","28173262","28173555","chr2","94025640","94025935","22","65852378"
"JH378106","28174543","28174852","chr3","3652366","3652677","48","24522177"
"JH378106","28186532","28186642","chr9","122900579","122900689","8","94714047"
"JH378106","28201420","28201728","chr2","94055480","94055792","30","65854060"
"JH378106","28220386","28220689","chr5","129599940","129600235","46","101379554"
"JH378106","28239148","28239462","chr12","3593162","3593497","56","24645986"
"JH378106","28255553","28255855","chr2","94121966","94122263","25","65866413"
"JH378106","28285651","28285902","chr2","94149205","94149455","19","65863554"
"JH378106","28303394","28303697","chr2","94166844","94167150","23","65863450"
"JH378106","28366374","28366647","chr2","94243314","94243585","14","65876940"
"JH378106","28374625","28374914","chr2","94248842","94249128","24","65874217"
"JH378106","28401282","28401471","chr9","45017572","45017759","31","16616290"
"JH378106","28401773","28401907","chr2","153675368","153675500","15","125273595"
"JH378106","28422675","28422977","chr2","94296152","94296445","31","65873477"
"JH378106","28508512","28508819","chr2","94392210","94392517","21","65883698"
"JH378106","28555185","28555364","chr1","152110816","152110992","32","123555631"
"JH378106","28587975","28588296","chr10","16491513","16491837","50","12096462"
"JH378106","28588303","28588596","chr2","94481158","94481446","20","65892855"
"JH378106","28621439","28621562","chr18","39639504","39639627","6","11018065"
"JH378106","28678307","28678604","chr2","94583809","94584106","18","65905502"
"JH378106","28713595","28713842","chr2","94619527","94619776","28","65905932"
"JH378106","28766859","28766968","chr13","54782737","54782842","18","26015878"
"JH378106","28780583","28780864","chr2","94686253","94686527","21","65905670"
"JH378106","28806181","28806464","chr2","94711763","94712044","27","65905582"
"JH378106","28829142","28829451","chr3","75194975","75195274","60","46365833"
"JH378106","28837209","28837531","chr4","54738393","54738701","60","25901184"
"JH378106","28837545","28837842","chr2","94751032","94751332","22","65913487"
"JH378106","28887071","28887215","chr2","94800952","94801091","14","65913881"
"JH378106","28912583","28912839","chr2","94825293","94825551","31","65912710"
"JH378106","28912972","28913255","chr4","145216601","145216894","54","116303629"
"JH378106","28974654","28974920","chr2","94888375","94888640","24","65913721"
"JH378106","29077839","29078146","chr2","95005054","95005342","47","65927215"
"JH378106","29091905","29092220","chr2","95022459","95022761","36","65930554"
"JH378106","29504738","29504866","chrX","63071514","63071642","6","33566776"
"JH378106","29511215","29511547","chr11","107117015","107117324","59","77605800"
"JH378106","29522134","29522419","chr4","43326497","43326775","44","13804363"
"JH378106","29589883","29590116","chr2","95539097","95539331","21","65949214"
"JH378106","29600046","29600366","chr9","101562819","101563125","58","71962773"
"JH378106","29634153","29634436","chr2","95599723","95600016","24","65965570"
"JH378106","29640271","29640489","chr2","95606188","95606416","23","65965917"
"JH378106","29645553","29645853","chr2","95611733","95612007","42","65966180"
"JH378106","29687973","29688083","chr2","95654944","95655052","13","65966971"
"JH378106","29731240","29731529","chr2","95694307","95694603","28","65963067"
"JH378106","29781128","29781461","chr2","95748260","95748559","51","65967132"
"JH378106","29838612","29838917","chr2","95817768","95818059","26","65979156"
"JH378106","29854213","29854328","chr19","7228201","7228317","5","22626012"
"JH378106","29871465","29871587","chrX","82612678","82612801","12","52741213"
"JH378106","29892566","29892890","chr2","95886506","95886791","59","65993940"
"JH378106","29893243","29893528","chr2","95887144","95887423","25","65993901"
"JH378106","29944449","29944745","chr2","95939102","95939375","47","65994653"
"JH378106","29998836","29999141","chr13","84510834","84511144","62","54511998"
"JH378106","30050781","30050940","chr2","96080029","96080194","24","66029248"
"JH378106","30099462","30099766","chr2","96124613","96124916","21","66025151"
"JH378106","30118359","30118650","chr22","42156410","42156688","60","12038051"
"JH378106","30293798","30294076","chr2","96319365","96319639","28","66025567"
"JH378106","30441611","30441913","chr2","96466207","96466510","32","66024596"
"JH378106","30616487","30616790","chr2","96625549","96625860","42","66009062"
"JH378106","30643625","30643961","chr2","96655639","96655954","40","66012014"
"JH378106","30745794","30745979","chr4","122683354","122683537","29","91937560"
"JH378106","30746441","30746539","chr7","154068415","154068520","21","123321974"
"JH378106","30838414","30838667","chr2","96869912","96870171","21","66031498"
"JH378106","30913040","30913336","chr2","96955580","96955876","20","66042540"
"JH378106","30971176","30971462","chr2","97017705","97018013","39","66046529"
"JH378106","31119042","31119335","chr5","144903573","144903861","53","113784531"
"JH378106","31192834","31193131","chr2","97240057","97240367","44","66047223"
"JH378106","31209817","31210169","chr1","202987959","202988312","74","171778142"
"JH378106","31219381","31219693","chr4","25699197","25699513","53","5520184"
"JH378106","31244653","31244738","chr7","80576149","80576233","10","49331496"
"JH378106","31288221","31288514","chr2","97336436","97336724","19","66048215"
"JH378106","31307732","31308011","chr2","97355986","97356270","22","66048254"
"JH378106","31383472","31383762","chr2","97437544","97437832","21","66054072"
"JH378106","31408113","31408382","chr2","97462660","97462918","31","66054547"
"JH378106","31434248","31434397","chrX","52423765","52423914","24","20989517"
"JH378106","31461633","31461918","chr2","97533065","97533347","29","66071432"
"JH378106","31534108","31534225","chr4","78091371","78091488","14","46557263"
"JH378106","31537547","31537794","chr2","97619985","97620225","25","66082438"
"JH378106","31548009","31548175","chr2","97631003","97631169","10","66082994"
"JH378106","31558358","31558658","chr2","97640947","97641253","28","66082589"
"JH378106","31568441","31568736","chr7","78742007","78742304","46","47173566"
"JH378106","31571961","31572278","chr14","21669691","21669998","53","9902270"
"JH378106","31572762","31573053","chr2","97655206","97655497","28","66082444"
"JH378106","31590270","31590449","chr2","97673763","97673941","7","66083493"
"JH378106","31652557","31652838","chr2","97737144","97737428","24","66084587"
"JH378106","31658369","31658662","chr2","97742665","97742945","24","66084296"
"JH378106","31793101","31793397","chr2","97876150","97876445","16","66083049"
"JH378106","31860910","31861027","chr2","34813843","34813962","18","2952933"
"JH378106","31861053","31861223","chr22","4425110","4425281","26","27435943"
"JH378106","32019037","32019337","chr6","141148433","141148729","53","109129396"
"JH378106","32060627","32060736","chr16","38012326","38012435","9","5951699"
"JH378106","32063829","32063935","chr7","10003549","10003659","27","22060280"
"JH378106","32148730","32148897","chr5","103723122","103723285","38","71574392"
"JH378106","32150638","32150776","chr9","39190567","39190698","20","7039929"
"JH378106","32180802","32181103","chr3","39623016","39623317","47","7442214"
"JH378106","32233930","32234227","chr17","26482397","26482693","46","5751533"
"JH378106","32261651","32261780","chr8","32541529","32541658","6","279878"
"JH378106","32270139","32270421","chr2","98365019","98365306","29","66094880"
"JH378106","32327297","32327587","chr2","98423203","98423502","34","66095906"
"JH378106","32433126","32433436","chr2","98535595","98535892","28","66102469"
"JH378106","32440958","32441114","chrX","117832335","117832494","26","85391377"
"JH378106","32447159","32447183","chr14","102731166","102731185","5","70284007"
"JH378106","32447234","32447501","chrX","100523624","100523903","38","68076390"
"JH378106","32589326","32589582","chr7","50982706","50982963","37","18393380"
"JH378106","32742591","32742697","chr2","98865958","98866064","7","66123367"
"JH378106","32779066","32779213","chr2","98903384","98903535","25","66124318"
"JH378106","32779499","32779669","chr2","98903834","98904018","22","66124335"
"JH378106","32781304","32781585","chr2","98905611","98905892","15","66124307"
"JH378106","32800640","32800901","chr2","98925201","98925478","39","66124561"
"JH378106","32940307","32940418","chr7","73402159","73402270","15","40461852"
"JH378106","32947083","32947394","chr2","99084313","99084615","31","66137230"
"JH378106","32957824","32957986","chr4","20872082","20872235","39","12085742"
"JH378106","33023531","33023813","chr1","70542734","70543028","61","37519203"
"JH378106","33216376","33216448","chr12","13001773","13001845","8","20214603"
"JH378106","33225247","33225555","chr2","99373774","99374080","41","66148527"
"JH378106","33291588","33291867","chr2","99444699","99444979","17","66153111"
"JH378106","33315965","33316247","chr2","99471672","99471963","33","66155707"
"JH378106","33455659","33455904","chr2","99618882","99619122","20","66163223"
"JH378106","33532789","33533078","chr2","99695682","99695975","19","66162893"
"JH378106","33536927","33537227","chr12","8346217","8346515","22","25190710"
"JH378106","33563593","33563843","chr18","1542119","1542367","49","32021474"
"JH378106","33646562","33646680","chr1","119558768","119558881","9","85912206"
"JH378106","33703913","33704177","chr7","69019107","69019365","63","35315194"
"JH378106","33787593","33787918","chr2","99952627","99952920","55","66165034"
"JH378106","33796345","33796653","chr2","99960370","99960656","44","66164025"
"JH378106","33878544","33878793","chr2","100040773","100041024","18","66162229"
"JH378106","33923752","33923874","chr1","179586986","179587106","11","145663234"
"JH378106","33950049","33950356","chr2","49345072","49345376","48","15395023"
"JH378106","33961612","33961888","chr2","100129620","100129915","38","66168008"
"JH378106","34040737","34041026","chr7","100687150","100687440","40","66646413"
"JH378106","34161400","34161687","chr2","100345222","100345515","30","66183822"
"JH378106","34186964","34187244","chr2","14016467","14016744","48","20170497"
"JH378106","34187276","34187286","chr10","119643532","119643542","0","85456256"
"JH378106","34440447","34440752","chr2","100620547","100620850","26","66180100"
"JH378106","34443041","34443322","chr2","100622837","100623119","15","66179796"
"JH378106","34469908","34470198","chr2","100649619","100649908","38","66179711"
"JH378106","34493119","34493383","chr10","129791920","129792180","50","95298801"
"JH378106","34601615","34601908","chr2","100789196","100789488","19","66187581"
"JH378106","34644813","34644888","chr2","100839712","100839788","9","66194899"
"JH378106","34680507","34680817","chr2","100880506","100880812","35","66199999"
"JH378106","34718043","34718299","chr2","100927993","100928254","20","66209950"
"JH378106","34868699","34868960","chr2","101079362","101079647","51","66210663"
"JH378106","34909056","34909342","chr2","101113106","101113391","17","66204050"
"JH378106","34934238","34934541","chr2","101148277","101148565","29","66214039"
"JH378106","34951473","34951586","chr16","54226592","54226702","25","19275119"
"JH378106","34951609","34951761","chr18","28029704","28029858","31","6921905"
"JH378106","34960808","34960952","chr5","125648855","125649000","31","90688047"
"JH378106","34961004","34961123","chr2","101175415","101175536","5","66214411"
"JH378106","35095228","35095334","chr10","98319620","98319722","15","63224392"
"JH378106","35096682","35096841","chr2","81339799","81339960","25","46243117"
"JH378106","35427915","35428215","chr2","101721204","101721498","28","66293289"
"JH378106","35441717","35441993","chr2","101737086","101737371","33","66295369"
"JH378106","35489613","35489900","chr2","101794595","101794897","29","66304982"
"JH378106","35498666","35498926","chr21","16483171","16483425","47","19015495"
"JH378106","35748648","35748839","chr12","71537479","71537676","38","35788831"
"JH378106","35856263","35856568","chr2","102169221","102169515","44","66312958"
"JH378106","35956862","35957157","chr11","108536241","108536531","47","72579379"
"JH378106","36036542","36036647","chr2","102353018","102353126","9","66316476"
"JH378106","36047301","36047448","chr2","162618087","162618235","25","126570786"
"JH378106","36052248","36052416","chr12","21026292","21026462","25","15025956"
"JH378106","36408044","36408166","chr1","135868055","135868175","18","99460011"
"JH378106","36416010","36416124","chr2","102766733","102766845","16","66350723"
"JH378106","36464950","36465016","chr10","17772615","17772680","12","18692335"
"JH378106","36521358","36521647","chr2","102880301","102880602","41","66358943"
"JH378106","36585129","36585433","chr2","102957297","102957594","34","66372168"
"JH378106","36681073","36681366","chr2","103094283","103094581","27","66413210"
"JH378106","36739836","36740119","chr2","103153737","103154021","21","66413901"
"JH378106","36741972","36742259","chr2","103155869","103156156","21","66413897"
"JH378106","36867022","36867321","chr2","103284497","103284790","30","66417475"
"JH378106","36889663","36889968","chr2","103312911","103313209","36","66423248"
"JH378106","36950635","36950784","chr1","81588842","81588991","29","44638207"
"JH378106","36950830","36950955","chr2","15901142","15901265","22","21049688"
"JH378106","36964394","36964694","chr2","103394888","103395183","25","66430494"
"JH378106","37069310","37069626","chr2","103494984","103495295","31","66425674"
"JH378106","37129578","37129872","chr2","103563959","103564253","20","66434381"
"JH378106","37153947","37154238","chr2","103588716","103589005","23","66434769"
"JH378106","37258053","37258370","chr2","103704811","103705135","23","66446758"
"JH378106","37475517","37475800","chr2","103918495","103918781","25","66442978"
"JH378106","37555751","37555854","chr9","2064529","2064637","24","35491222"
"JH378106","37777661","37777960","chr2","104227922","104228220","25","66450261"
"JH378106","37898989","37899142","chr14","21919971","21920124","18","15979018"
"JH378106","38010541","38010830","chr2","104470328","104470626","34","66459787"
"JH378106","38106684","38106983","chr2","104571440","104571737","22","66464756"
"JH378106","38216689","38216950","chr2","104685235","104685486","22","66468546"
"JH378106","38258119","38258379","chr12","64215133","64215403","47","25957014"
"JH378106","38368924","38369236","chr2","104858125","104858421","36","66489201"
"JH378106","38376477","38376739","chr1","25029638","25029904","40","13346839"
"JH378106","38480328","38480457","chr13","69655503","69655632","11","31175175"
"JH378106","38576714","38576987","chr2","105126246","105126519","15","66549532"
"JH378106","38599327","38599619","chr1","88954570","88954863","56","50355243"
"JH378106","38610888","38611191","chr1","202327031","202327336","51","163716143"
"JH378106","38676117","38676403","chr2","105231557","105231842","25","66555440"
"JH378106","38743187","38743318","chr12","89861248","89861380","20","51118061"
"JH378106","38966206","38966420","chr10","103224032","103224246","42","64257826"
"JH378106","39081584","39081697","chr1","155730854","155730967","6","116649270"
"JH378106","39262510","39262843","chr2","105920422","105920740","51","66657912"
"JH378106","39263291","39263597","chr7","89951395","89951694","50","50688104"
"JH378106","39278407","39278706","chr2","105940157","105940459","29","66661750"
"JH378106","39633049","39633222","chr6","105898099","105898269","42","66265050"
"JH378106","39669454","39669757","chr2","106488839","106489134","33","66819385"
"JH378106","39747332","39747560","chr2","171538876","171539101","36","131791544"
"JH378106","39871209","39871490","chr2","106705929","106706209","29","66834720"
"JH378106","40021967","40022178","chr2","106925735","106925961","32","66903768"
"JH378106","40035073","40035379","chr2","106938687","106938994","32","66903614"
"JH378106","40041750","40041991","chr2","106945554","106945801","25","66903804"
"JH378106","40090393","40090687","chr22","40756564","40756854","52","666171"
"JH378106","40105100","40105383","chr2","107062035","107062318","17","66956935"
"JH378106","40267220","40267404","chr1","40518496","40518686","55","251276"
"JH378106","40347496","40347576","chr8","94637344","94637425","6","54289848"
"JH378106","40350284","40350592","chr2","107356142","107356453","25","67005858"
"JH378106","40390057","40390368","chr4","43468048","43468364","60","3077991"
"JH378106","40463856","40464041","chrX","92792017","92792206","33","52328161"
"JH378106","40637775","40638038","chr2","107709770","107710052","36","67071995"
"JH378106","40670252","40670352","chr4","110414161","110414272","30","69743909"
"JH378106","40683462","40683699","chr2","107745597","107745837","20","67062135"
"JH378106","40729856","40729985","chr4","153973323","153973449","15","113243467"
"JH378106","40730018","40730175","chr1","105283276","105283434","28","64553258"
"JH378106","40941966","40942276","chr5","60671568","60671876","53","19729602"
"JH378106","40947587","40947897","chr2","108081392","108081698","30","67133805"
"JH378106","40995835","40996014","chr16","65064180","65064368","40","24068345"
"JH378106","41063356","41063654","chr2","108205926","108206219","47","67142570"
"JH378106","41122109","41122390","chr2","108281543","108281824","22","67159434"
"JH378106","41150253","41150548","chr2","108344730","108345025","32","67194477"
"JH378106","41228834","41229156","chr2","108441718","108442042","21","67212884"
"JH378106","41428998","41429273","chr2","108726409","108726682","15","67297411"
"JH378106","41440336","41440538","chr15","91246898","91247085","33","49806562"
"JH378106","41442395","41442511","chr2","157862059","157862191","19","116419664"
"JH378106","41444180","41444477","chr2","108743081","108743376","14","67298901"
"JH378106","41454968","41455283","chr2","108753561","108753872","25","67298593"
"JH378106","41458699","41459008","chr2","108757020","108757328","31","67298321"
"JH378106","41469578","41469859","chr2","108767351","108767636","24","67297773"
"JH378106","41473898","41474036","chr20","21064445","21064581","18","20409453"
"JH378106","41474348","41474533","chr5","23662964","23663146","31","17811384"
"JH378106","41481690","41481945","chr2","6749463","6749712","43","34732227"
"JH378106","41482257","41482320","chr7","24761607","24761672","7","16720650"
"JH378106","41485861","41486092","chr7","4969121","4969352","35","36516740"
"JH378106","41490851","41491150","chr2","108791546","108791844","16","67300695"
"JH378106","41492362","41492672","chr2","108790064","108790359","33","67297702"
"JH378106","41513720","41514018","chr2","108813959","108814258","21","67300239"
"JH378106","41550608","41550907","chr2","108858416","108858702","31","67307808"
"JH378106","41560830","41561137","chr2","108867599","108867903","26","67306769"
"JH378106","41582216","41582507","chr7","31904267","31904557","65","9677949"
"JH378106","41589482","41589776","chr8","3071049","3071342","50","38518433"
"JH378106","41594850","41595015","chr4","106151800","106151966","31","64556950"
"JH378106","41601326","41601620","chr2","108906074","108906356","28","67304748"
"JH378106","41615069","41615123","chr8","51410715","51410770","10","9795646"
"JH378106","41708388","41708680","chr2","109025951","109026239","23","67317563"
"JH378106","41722207","41722508","chr22","5011292","5011590","52","36710915"
"JH378106","41773422","41773513","chr2","109109194","109109282","9","67335772"
"JH378106","41817617","41817909","chr13","111862085","111862380","47","70044468"
"JH378106","41903762","41904054","chr5","2933632","2933919","54","38970130"
"JH378106","41972555","41972853","chr8","53533493","53533790","43","11560938"
"JH378106","42292899","42293191","chr2","109672727","109673038","32","67379828"
"JH378106","42300090","42300380","chr2","109681028","109681312","27","67380938"
"JH378106","42302257","42302563","chr2","109684739","109685043","24","67382482"
"JH378106","42435103","42435419","chr2","109849793","109850093","29","67414690"
"JH378106","42600103","42600214","chr2","110045511","110045620","8","67445408"
"JH378106","42656722","42656997","chr2","110104407","110104666","37","67447685"
"JH378106","42713629","42713907","chr2","110161282","110161562","16","67447653"
"JH378106","42736600","42736906","chr22","35779523","35779824","58","6957077"
"JH378106","42761415","42761698","chr2","110203925","110204210","31","67442510"
"JH378106","42907831","42907950","chr8","70500879","70500997","18","27593048"
"JH378106","42907973","42908151","chr2","10657098","10657276","32","32250875"
"JH378106","43063641","43063921","chr2","110521046","110521325","24","67457405"
"JH378106","43064854","43065150","chr2","110522260","110522546","30","67457406"
"JH378106","43076177","43076495","chr14","82264652","82264955","55","39188475"
"JH378106","43244785","43245093","chr2","110719616","110719915","31","67474831"
"JH378106","43256807","43257117","chr2","110731368","110731671","26","67474561"
"JH378106","43293126","43293406","chr10","20299232","20299515","48","22993894"
"JH378106","43300719","43300919","chr9","114386915","114387097","66","71086196"
"JH378106","43300961","43301113","chr2","110774704","110774870","22","67473743"
"JH378106","43328144","43328432","chr1","162007369","162007656","39","118679225"
"JH378106","43343372","43343663","chr2","110819933","110820212","26","67476561"
"JH378106","43397169","43397465","chr2","110879859","110880167","36","67482690"
"JH378106","43404830","43405137","chr2","110887563","110887857","31","67482733"
"JH378106","43419551","43419843","chr2","110951796","110952088","20","67532245"
"JH378106","43492088","43492391","chr2","111021830","111022129","21","67529742"
"JH378106","43496798","43497106","chr2","111035242","111035550","24","67538444"
"JH378106","43514199","43514510","chr2","111055365","111055679","23","67541166"
"JH378106","43527123","43527416","chr2","111068306","111068600","15","67541183"
"JH378106","43557822","43557954","chr2","111098319","111098451","4","67540497"
"JH378106","43569753","43570052","chr2","111109784","111110075","21","67540031"
"JH378106","43633856","43634150","chr17","74066448","74066740","44","30432592"
"JH378106","43672341","43672634","chr2","111208941","111209234","33","67536600"
"JH378106","43678889","43679142","chr9","8754092","8754345","53","34924797"
"JH378106","43896899","43897054","chr12","55760344","55760495","12","11863445"
"JH378106","44023129","44023433","chr2","111563579","111563883","23","67540450"
"JH378106","44311307","44311590","chr2","111847652","111847931","15","67536345"
"JH378106","44397705","44397991","chr2","111941513","111941796","27","67543808"
"JH378106","44414103","44414366","chr2","111956783","111957050","29","67542680"
"JH378106","44427440","44427732","chr2","111969978","111970268","32","67542538"
"JH378106","44442958","44443278","chr2","111985673","111985987","25","67542715"
"JH378106","44485879","44486102","chr2","112024706","112024930","17","67538827"
"JH378106","44488700","44488986","chr7","149093581","149093862","40","104604881"
"JH378106","44570989","44571148","chr1","84367033","84367185","22","39796044"
"JH378106","44575915","44576175","chr2","112108600","112108865","19","67532685"
"JH378106","44596996","44597306","chr2","112130071","112130363","35","67533075"
"JH378106","44702530","44702809","chr5","120368105","120368383","36","75665575"
"JH378106","44790871","44791164","chr7","45363549","45363844","39","572678"
"JH378106","44803069","44803359","chr2","112349982","112350271","20","67546913"
"JH378106","44814320","44814615","chr8","105063954","105064247","42","60249634"
"JH378106","44862689","44862976","chr2","112408179","112408467","21","67545490"
"JH378106","44908519","44908649","chr2","14147383","14147513","18","30761136"
"JH378106","44986765","44987008","chr2","112541071","112541326","30","67554306"
"JH378106","45002836","45003128","chr2","112555134","112555428","20","67552298"
"JH378106","45023804","45024125","chr2","112571183","112571500","32","67547379"
"JH378106","45061946","45062231","chr2","112605062","112605348","21","67543116"
"JH378106","45076759","45076872","chr14","63254682","63254789","18","18177923"
"JH378106","45165853","45166137","chr2","112716922","112717215","34","67551069"
"JH378106","45321012","45321312","chr2","112869219","112869515","25","67548207"
"JH378106","45364449","45364736","chr2","112912524","112912817","27","67548075"
"JH378106","45390593","45390870","chr6","150843126","150843403","42","105452533"
"JH378106","45460802","45461087","chr2","113010499","113010785","38","67549697"
"JH378106","45473728","45474026","chr2","113023322","113023626","32","67549594"
"JH378106","45533322","45533613","chr2","113082725","113083012","39","67549403"
"JH378106","45551702","45552000","chr5","120926196","120926492","43","75374494"
"JH378106","45595524","45595839","chr5","70813387","70813695","61","25217863"
"JH378106","45600104","45600277","chr5","65873972","65874142","14","20273868"
"JH378106","45600304","45600427","chr7","2317518","2317641","8","43282786"
"JH378106","45610876","45611187","chr2","113179405","113179713","22","67568529"
"JH378106","45611786","45611916","chr2","113180319","113180445","11","67568533"
"JH378106","45632739","45632877","chr1","21381253","21381383","21","24251486"
"JH378106","45661027","45661335","chr2","113233541","113233837","25","67572514"
"JH378106","45696917","45697228","chr1","173583879","173584187","44","127886962"
"JH378106","45718917","45719215","chr2","113290186","113290484","20","67571269"
"JH378106","45740357","45740663","chr10","107068924","107069229","47","61328567"
"JH378106","45823635","45823960","chr15","56950309","56950628","25","11126674"
"JH378106","45882733","45883020","chr11","60682405","60682691","53","14799672"
"JH378106","45883296","45883604","chr11","96365037","96365346","55","50481741"
"JH378106","45887772","45888082","chr13","117065283","117065594","46","71177511"
"JH378106","45948619","45948775","chr2","113516114","113516266","13","67567495"
"JH378106","45949067","45949207","chr2","113516566","113516701","9","67567499"
"JH378106","45954715","45954894","chr1","185859100","185859275","27","139904385"
"JH378106","45954940","45955065","chr11","16573807","16573930","17","29381133"
"JH378106","46034048","46034342","chr2","113598915","113599211","27","67564867"
"JH378106","46047311","46047577","chr2","113611763","113612034","28","67564452"
"JH378106","46050004","46050294","chr2","113614552","113614835","29","67564548"
"JH378106","46144269","46144404","chr2","113714664","113714801","13","67570395"
"JH378106","46151235","46151390","chr2","113722579","113722735","14","67571344"
"JH378106","46152033","46152324","chr2","18747203","18747498","48","27404830"
"JH378106","46161845","46162097","chr2","113733114","113733381","27","67571269"
"JH378106","46388818","46389114","chr2","113963769","113964070","24","67574951"
"JH378106","46573297","46573418","chr7","69466074","69466193","7","22892777"
"JH378106","46574525","46574696","chr11","7674858","7675023","30","38899667"
"JH378106","46591374","46591714","chr15","31497672","31498008","55","15093702"
"JH378106","46709189","46709481","chr2","114317641","114317912","46","67608452"
"JH378106","46771677","46771967","chr2","114393553","114393813","61","67621876"
"JH378106","46783835","46783994","chr5","78192420","78192573","33","31408585"
"JH378106","46816974","46817090","chr2","163914760","163914873","9","117097786"
"JH378106","46937394","46937681","chr2","114577069","114577309","62","67639675"
"JH378106","46998164","46998437","chr2","114643803","114644098","42","67645639"
"JH378106","47199106","47199338","chr1","71856381","71856612","36","24657275"
"JH378106","47238874","47239154","chr2","114885193","114885478","47","67646319"
"JH378106","47293524","47293820","chr2","114948383","114948679","23","67654859"
"JH378106","47367343","47367566","chr2","115021632","115021851","15","67654289"
"JH378106","47557373","47557502","chr2","115234972","115235101","6","67677599"
"JH378106","47656156","47656470","chr10","101736167","101736478","52","54080011"
"JH378106","47663065","47663344","chr2","115343273","115343539","34","67680208"
"JH378106","47760822","47761119","chr2","115446036","115446328","33","67685214"
"JH378106","47989237","47989371","chr2","115685179","115685313","12","67695942"
"JH378106","47991754","47992050","chr2","115687701","115687991","39","67695947"
"JH378106","48001759","48002042","chr2","115698228","115698510","24","67696469"
"JH378106","48014681","48014863","chr2","115711476","115711668","26","67696795"
"JH378106","48120367","48120663","chr2","115815920","115816218","16","67695553"
"JH378106","48217446","48217707","chr2","115915991","115916253","18","67698545"
"JH378106","48232375","48232443","chr2","115931767","115931835","6","67699392"
"JH378106","48311137","48311349","chr14","6013419","6013624","34","42297718"
"JH378106","48327610","48327909","chr2","116029150","116029447","32","67701540"
"JH378106","48344640","48344922","chr2","116046725","116047011","22","67702085"
"JH378106","48353693","48353949","chr2","116057552","116057802","20","67703859"
"JH378106","48416190","48416485","chr2","116121433","116121728","22","67705243"
"JH378106","48475930","48476039","chr1","184688473","184688588","15","136212543"
"JH378106","48529954","48530087","chr12","79450195","79450325","6","30920241"
"JH378106","48590065","48590297","chr4","155912346","155912580","49","107322281"
"JH378106","48597140","48597399","chr2","116301793","116302053","26","67704653"
"JH378106","48681828","48682101","chr2","116397818","116398098","26","67715990"
"JH378106","48719320","48719611","chr9","40685327","40685620","44","8033993"
"JH378106","48732243","48732537","chr7","54157888","54158182","38","5425645"
"JH378106","48794067","48794352","chr2","116500010","116500289","27","67705943"
"JH378106","48806896","48807018","chr2","116517559","116517681","5","67710663"
"JH378106","48807307","48807460","chr2","31556924","31557077","35","17250383"
"JH378106","48808278","48808415","chr1","202981060","202981197","11","154172782"
"JH378106","48808728","48808913","chr22","20085808","20085983","40","28722920"
"JH378106","48828544","48828810","chr2","116537795","116538079","41","67709251"
"JH378106","48830739","48831023","chr2","116539532","116539815","28","67708793"
"JH378106","48837359","48837515","chr2","116549826","116549980","18","67712467"
"JH378106","48837800","48837934","chr2","116550296","116550431","9","67712496"
"JH378106","48852699","48853008","chr2","116572414","116572726","16","67719715"
"JH378106","48857855","48858164","chr2","116572414","116572726","16","67714559"
"JH378106","48860561","48860751","chr2","7860370","7860555","30","41000191"
"JH378106","48864639","48864756","chr4","28429070","28429186","16","20435569"
"JH378106","48866064","48866182","chr1","190035109","190035234","21","141169045"
"JH378106","48869421","48869582","chr2","116581847","116582013","18","67712426"
"JH378106","48872260","48872444","chr18","10786607","10786780","42","38085653"
"JH378106","48872725","48872736","chr10","8195548","8195558","3","40677177"
"JH378106","48872766","48872781","chr10","35269220","35269236","6","13603546"
"JH378106","48876147","48876476","chr2","116587740","116588076","33","67711593"
"JH378106","48882882","48883165","chr8","117104599","117104881","50","68221717"
"JH378106","48888431","48888729","chr2","116598894","116599194","23","67710463"
"JH378106","48890225","48890541","chr2","116600653","116600959","41","67710428"
"JH378106","48890832","48890892","chrX","47729132","47729190","12","1161700"
"JH378106","48901879","48902182","chr2","116609127","116609419","29","67707248"
"JH378106","48909479","48909756","chr2","116615035","116615321","19","67705556"
"JH378106","48931431","48931552","chr7","132799091","132799215","22","83867660"
"JH378106","48932327","48932635","chr2","116638513","116638813","45","67706186"
"JH378106","48934941","48935217","chr2","116640816","116641077","30","67705875"
"JH378106","48945740","48946027","chr2","116653977","116654264","16","67708237"
"JH378106","48975220","48975476","chr2","116683262","116683519","19","67708042"
"JH378106","48986215","48986526","chr2","116694286","116694583","36","67708071"
"JH378106","48995462","48995770","chr2","116703518","116703822","30","67708056"
"JH378106","49000746","49001050","chr19","10208538","10208840","48","38792208"
"JH378106","49007051","49007157","chr12","86469049","86469156","16","37461998"
"JH378106","49029516","49029813","chr2","116735932","116736222","34","67706416"
"JH378106","49039160","49039461","chr2","116745528","116745825","21","67706368"
"JH378106","49073744","49073921","chr2","116785411","116785566","26","67711667"
"JH378106","49107410","49107490","chr13","1499918","1500000","13","47607492"
"JH378106","49123471","49123769","chr13","12604230","12604521","55","36519241"
"JH378106","49388411","49388708","chr2","117113131","117113431","18","67724720"
"JH378106","49392820","49393121","chr2","117117599","117117906","20","67724779"
"JH378106","49417060","49417358","chr1","158451717","158452011","44","109034657"
"JH378106","49512682","49512954","chr2","117238192","117238461","20","67725510"
"JH378106","49573303","49573611","chr2","117292562","117292867","19","67719259"
"JH378106","49646749","49647033","chr2","117393508","117393813","34","67746759"
"JH378106","49660093","49660379","chr2","117406683","117406977","33","67746590"
"JH378106","49662657","49662940","chr2","117408915","117409208","26","67746258"
"JH378106","49693379","49693653","chr2","117439375","117439653","20","67745996"
"JH378106","49715145","49715452","chr2","117461454","117461753","39","67746309"
"JH378106","49725496","49725524","chr2","47824112","47824141","4","1901384"
"JH378106","49725551","49725825","chr11","80773678","80773962","50","31048127"
"JH378106","49745820","49746112","chr2","117503986","117504286","30","67758166"
"JH378106","49777256","49777556","chr2","117534088","117534380","27","67756832"
"JH378106","49780809","49781072","chr22","4392024","4392284","47","45388785"
"JH378106","49898772","49899077","chr2","117655965","117656258","42","67757193"
"JH378106","50086536","50086819","chr2","117842570","117842853","23","67756034"
"JH378106","50160378","50160687","chr7","88203082","88203389","35","38042704"
"JH378106","50204085","50204320","chr2","117970287","117970522","27","67766202"
"JH378106","50205298","50205358","chr2","117971319","117971381","6","67766021"
"JH378106","50211353","50211659","chr5","60671568","60671876","57","10460215"
"JH378106","50475952","50476250","chr2","118259702","118259978","52","67783750"
"JH378106","50489193","50489519","chr8","32940193","32940502","67","17549000"
"JH378106","50560721","50561032","chr2","118340490","118340801","26","67779769"
"JH378106","50586223","50586529","chr2","118365394","118365697","33","67779171"
"JH378106","50661689","50661998","chr2","118440808","118441112","31","67779119"
"JH378106","50666791","50667092","chr15","30231479","30231782","61","20435312"
"JH378106","50818074","50818262","chr5","65422144","65422322","32","14604070"
"JH378106","50851660","50851781","chr7","93852644","93852765","19","43000984"
"JH378106","51010620","51010731","chr22","18857252","18857374","24","32153368"
"JH378106","51010732","51011070","chr7","6577072","6577412","38","44433660"
"JH378106","51020809","51020938","chr2","118802203","118802331","14","67781394"
"JH378106","51020959","51021128","chr8","94170538","94170707","25","43149579"
"JH378106","51022485","51022583","chrX","77474764","77474855","23","26452279"
"JH378106","51022605","51022706","chr11","80633329","80633430","34","29610724"
"JH378106","51075993","51076109","chr18","34701214","34701328","5","16374779"
"JH378106","51157721","51157988","chr2","118932378","118932669","51","67774657"
"JH378106","51186197","51186495","chrX","122396110","122396412","48","71209913"
"JH378106","51215254","51215548","chr2","118990565","118990865","32","67775311"
"JH378106","51256581","51256853","chr2","119032450","119032722","22","67775869"
"JH378106","51363935","51364240","chr2","119136535","119136841","34","67772600"
"JH378106","51369952","51370250","chr20","28705690","28705991","41","22664262"
"JH378106","51440753","51441044","chr2","63358285","63358578","44","11917532"
"JH378106","51454578","51454854","chr2","119224953","119225242","29","67770375"
"JH378106","51600720","51601027","chr2","119389243","119389533","38","67788523"
"JH378106","51690278","51690594","chr12","102353597","102353903","60","50663319"
"JH378106","51809198","51809534","chr7","6577072","6577412","59","45232126"
"JH378106","51815395","51815700","chr2","119612933","119613224","30","67797538"
"JH378106","51879804","51880090","chr5","97965344","97965632","51","46085540"
"JH378106","51886601","51886897","chr1","170419917","170420218","56","118533316"
"JH378106","51890387","51890671","chr9","66225386","66225668","65","14334999"
"JH378106","51907012","51907310","chr2","119708496","119708793","29","67801484"
"JH378106","51921100","51921211","chr2","119722461","119722577","9","67801361"
"JH378106","51923301","51923442","chr4","162203136","162203279","18","110279835"
"JH378106","51953033","51953341","chr2","119761061","119761356","46","67808028"
"JH378106","51953709","51953840","chr9","89091272","89091404","10","37137563"
"JH378106","52027543","52027784","chr2","119838590","119838820","19","67811047"
"JH378106","52285299","52285430","chr18","4811072","4811202","5","47474227"
"JH378106","52388729","52389010","chr2","120215077","120215357","18","67826348"
"JH378106","52482738","52482882","chr9","112071921","112072064","25","59589183"
"JH378106","52482910","52483033","chr7","47010139","47010258","20","5472771"
"JH378106","52636140","52636366","chr2","120496238","120496465","22","67860098"
"JH378106","52664041","52664345","chr2","120518899","120519199","21","67854858"
"JH378106","52667969","52668277","chr3","39388809","39389113","65","13279160"
"JH378106","52671213","52671525","chr2","120524873","120525185","29","67853660"
"JH378106","52697242","52697533","chr2","766420","766715","52","51930822"
"JH378106","52892443","52892748","chr3","138971282","138971584","54","86078839"
"JH378106","52914607","52914896","chr2","120795816","120796117","35","67881209"
"JH378106","52929443","52929747","chr2","120811125","120811409","32","67881682"
"JH378106","52933401","52933708","chr2","35198075","35198364","49","17735326"
"JH378106","52972103","52972409","chr2","120850731","120851031","28","67878628"
"JH378106","52973233","52973510","chr2","120851865","120852142","18","67878632"
"JH378106","52990154","52990455","chr7","89951395","89951694","45","36961241"
"JH378106","53041687","53041972","chr2","120923626","120923926","30","67881939"
"JH378106","53055389","53055662","chr4","89109737","89110013","51","36054348"
"JH378106","53063760","53064051","chr2","120946242","120946532","18","67882482"
"JH378106","53212325","53212616","chr2","121112992","121113285","34","67900667"
"JH378106","53250901","53251017","chr20","11162215","11162321","15","42088686"
"JH378106","53259650","53259930","chr2","121168200","121168479","26","67908550"
"JH378106","53278972","53279155","chr7","11546083","11546272","31","41732889"
"JH378106","53279179","53279201","chr6","117950301","117950325","6","64671122"
"JH378106","53322567","53322863","chr2","121230590","121230891","19","67908023"
"JH378106","53472506","53472770","chr7","46518013","46518277","37","6954493"
"JH378106","53603229","53603515","chr2","121503734","121504035","41","67900505"
"JH378106","53683960","53684308","chr2","121597133","121597481","29","67913173"
"JH378106","53772076","53772383","chr2","121686429","121686727","31","67914353"
"JH378106","53798483","53798628","chr10","65640836","65640980","18","11842353"
"JH378106","53842030","53842353","chr5","157082303","157082618","20","103240273"
"JH378106","53876646","53876753","chr1","79573674","79573782","10","25697028"
"JH378106","53945308","53945573","chr2","121858163","121858426","49","67912855"
"JH378106","53949397","53949525","chr12","48898833","48898959","10","5050564"
"JH378106","53961370","53961494","chr2","121877752","121877881","20","67916382"
"JH378106","53976519","53976796","chr2","121903474","121903758","37","67926955"
"JH378106","54070936","54071226","chr2","122004688","122004980","27","67933752"
"JH378106","54203529","54203824","chr8","65310293","65310602","64","11106764"
"JH378106","54320124","54320434","chr2","122313748","122314057","26","67993624"
"JH378106","54343068","54343350","chr1","188805096","188805378","45","134462028"
"JH378106","54432645","54432777","chr2","122425671","122425801","16","67993026"
"JH378106","54451565","54451843","chr2","122455379","122455661","25","68003814"
"JH378106","54563496","54563780","chr2","122610861","122611161","37","68047365"
"JH378106","54563830","54563855","chr2","6431235","6431260","5","48132595"
"JH378106","54626903","54627047","chr2","121712512","121712635","38","67085609"
"JH378106","54668383","54668634","chr2","122715512","122715774","30","68047129"
"JH378106","54760788","54761108","chr1","141307778","141308091","59","86546990"
"JH378106","54810542","54810663","chr2","122855877","122855999","10","68045335"
"JH378106","54810705","54810866","chr2","122856040","122856207","15","68045335"
"JH378106","54820746","54821032","chr4","148485141","148485423","42","93664395"
"JH378106","54832548","54832699","chr4","21343836","21343989","27","33488712"
"JH378106","54832730","54832781","chr8","99479569","99479619","8","44646839"
"JH378106","54958368","54958669","chr2","123016453","123016749","44","68058085"
"JH378106","55131870","55131895","chr3","8710972","8710996","5","46420898"
"JH378106","55131918","55132196","chr5","99626199","99626471","49","44494281"
"JH378106","55174928","55174959","chr3","81020049","81020079","6","25845121"
"JH378106","55175031","55175324","chr3","14318850","14319121","68","40856181"
"JH378106","55204894","55205193","chr2","123272998","123273298","29","68068104"
"JH378106","55213893","55214188","chr2","123282314","123282609","24","68068421"
"JH378106","55407119","55407417","chr2","123487333","123487635","37","68080214"
"JH378106","55441323","55441422","chr6","154841961","154842062","23","99400638"
"JH378106","55441427","55441557","chr22","16317738","16317871","15","39123689"
"JH378106","55477967","55477979","chr6","135545637","135545648","1","80067670"
"JH378106","55478018","55478301","chr5","72139665","72139949","42","16661647"
"JH378106","55484583","55484892","chr2","123565884","123566186","47","68081301"
"JH378106","55607244","55607532","chr5","821553","821840","38","54785691"
"JH378106","55757302","55757578","chr2","123837426","123837695","30","68080124"
"JH378106","55762428","55762738","chr2","123842575","123842864","35","68080147"
"JH378106","55921291","55921586","chr8","28410141","28410435","42","27511150"
"JH378106","56040021","56040346","chr16","7036188","7036506","56","49003833"
"JH378106","56054440","56054797","chr7","6577072","6577412","59","49477368"
"JH378106","56159159","56159469","chr2","124183498","124183806","24","68024339"
"JH378106","56187302","56187580","chr2","124212783","124213061","13","68025481"
"JH378106","56195116","56195397","chr2","124220251","124220533","18","68025135"
"JH378106","56196400","56196682","chr13","57153852","57154136","39","957452"
"JH378106","56229271","56229452","chrX","137222383","137222560","33","80993112"
"JH378106","56249405","56249515","chr14","76452263","76452375","17","20202858"
"JH378106","56296830","56297141","chr2","124346099","124346397","40","68049269"
"JH378106","56303105","56303367","chr2","124352894","124353140","34","68049789"
"JH378106","56355956","56356239","chr2","124414287","124414562","40","68058331"
"JH378106","56372240","56372530","chr2","124430226","124430510","25","68057986"
"JH378106","56383606","56383892","chr2","124441332","124441618","33","68057726"
"JH378106","56393850","56394131","chr2","124454157","124454444","28","68060307"
"JH378106","56405877","56406186","chr3","84173060","84173366","52","27767183"
"JH378106","56453318","56453355","chr4","20283205","20283243","5","36170113"
"JH378106","56457554","56457832","chr2","124526361","124526640","24","68068807"
"JH378106","56498890","56498989","chr2","124570502","124570602","9","68071612"
"JH378106","56545460","56545624","chr7","2317329","2317496","23","54228131"
"JH378106","56545660","56545717","chr5","57823988","57824047","12","1278328"
"JH378106","56546020","56546334","chr2","124618935","124619246","27","68072915"
"JH378106","56575486","56575780","chr2","124648725","124649015","31","68073239"
"JH378106","56689003","56689091","chr13","26889999","26890087","17","29799004"
"JH378106","56689139","56689345","chr7","79638498","79638698","38","22949359"
"JH378106","56705685","56705863","chr2","124770522","124770685","28","68064837"
"JH378106","56734560","56734840","chr2","124804157","124804425","35","68069597"
"JH378106","56776447","56776760","chr2","124840180","124840496","28","68063733"
"JH378106","56814864","56815165","chrX","137833011","137833319","43","81018147"
"JH378106","56832212","56832503","chr2","62118560","62118855","49","5286348"
"JH378106","56862021","56862319","chr2","124924485","124924745","67","68062464"
"JH378106","56934221","56934515","chr14","36540994","36541290","49","20393227"
"JH378106","57038494","57038789","chr5","60671568","60671876","60","3633074"
"JH378106","57087577","57087782","chr2","125175376","125175576","25","68087799"
"JH378106","57150800","57150917","chrX","40207307","40207424","5","16943493"
"JH378106","57165609","57165726","chr5","6162233","6162351","5","51003376"
"JH378106","57235007","57235311","chr2","125328530","125328828","54","68093523"
"JH378106","57272670","57273031","chr2","125370228","125370520","90","68097558"
"JH378106","57285721","57286017","chr2","125384773","125385078","34","68099052"
"JH378106","57302500","57302647","chr2","125401848","125401998","20","68099348"
"JH378106","57421159","57421274","chr2","36917314","36917432","20","20503845"
"JH378106","57506186","57506399","chr7","62231552","62231766","50","4725366"
"JH378106","57531202","57531326","chrX","106772558","106772679","17","49241356"
"JH378106","57569425","57569733","chr2","125717428","125717733","44","68148003"
"JH378106","57586904","57587214","chr2","125734657","125734975","34","68147753"
"JH378106","57648601","57648896","chr5","108579775","108580074","42","50931174"
"JH378106","57690239","57690526","chr2","125847768","125848056","20","68157529"
"JH378106","57690697","57690823","chr11","54766033","54766160","9","2924664"
"JH378106","57717782","57718099","chr2","125874514","125874821","36","68156732"
"JH378106","57719889","57720035","chr5","77003472","77003621","28","19283583"
"JH378106","57720067","57720190","chr2","171471789","171471913","16","113751722"
"JH378106","57781177","57781463","chr2","125944601","125944882","28","68163424"
"JH378106","57844330","57844632","chr1","185705601","185705900","48","127861271"
"JH378106","57899181","57899482","chr2","126071185","126071464","35","68172004"
"JH378106","57913449","57913728","chr2","126085525","126085802","17","68172076"
"JH378106","57918671","57918976","chr3","151929421","151929723","47","94010750"
"JH378106","58003951","58004254","chr4","25763084","25763381","63","32240867"
"JH378106","58009735","58009867","chr7","149876194","149876324","10","91866459"
"JH378106","58015390","58015503","chr2","126177635","126177748","8","68162245"
"JH378106","58033345","58033635","chr2","126208943","126209238","25","68175598"
"JH378106","58035915","58036065","chr2","126211513","126211663","14","68175598"
"JH378106","58040704","58040996","chr2","126216030","126216329","26","68175326"
"JH378106","58041007","58041294","chr2","126216343","126216632","21","68175336"
"JH378106","58069879","58070177","chr2","126246642","126246941","38","68176763"
"JH378106","58071028","58071333","chr2","126247635","126247946","25","68176607"
"JH378106","58078483","58078796","chr2","126255035","126255334","34","68176552"
"JH378106","58097983","58098270","chr8","112072040","112072325","46","53974057"
"JH378106","58122342","58122643","chr2","126298318","126298619","24","68175976"
"JH378106","58172003","58172262","chr2","126346827","126347084","21","68174824"
"JH378106","58177595","58177921","chr1","97512541","97512863","54","39334946"
"JH378106","58182153","58182448","chr7","11122338","11122635","47","47059815"
"JH378106","58215489","58215791","chr2","126390255","126390549","33","68174766"
"JH378106","58239167","58239492","chr2","126414304","126414623","27","68175137"
"JH378106","58255136","58255379","chr2","126431163","126431408","18","68176027"
"JH378106","58389695","58389982","chr2","126573276","126573563","38","68183581"
"JH378106","58486741","58487008","chr7","74488713","74488975","40","16001972"
"JH378106","58491477","58491768","chr2","126661024","126661310","31","68169547"
"JH378106","58521670","58521782","chr10","22315434","22315547","6","36206236"
"JH378106","58554274","58554573","chr2","126722266","126722567","22","68167992"
"JH378106","58583274","58583391","chr2","126750561","126750688","16","68167287"
"JH378106","58602138","58602439","chr2","126769542","126769839","29","68167404"
"JH378106","58610024","58610304","chr16","52788969","52789255","40","5821055"
"JH378106","58622086","58622328","chr10","96442436","96442672","42","37820350"
"JH378106","58622645","58622726","chr20","13593363","13593445","12","45029282"
"JH378106","58632461","58632759","chr2","126808271","126808568","22","68175810"
"JH378106","58642423","58642690","chr2","126819998","126820268","26","68177575"
"JH378106","58656466","58656775","chr5","60671568","60671876","44","2015102"
"JH378106","58658960","58659259","chr1","185090785","185091086","43","126431825"
"JH378106","58676204","58676481","chr2","126859001","126859305","49","68182797"
"JH378106","58696747","58697060","chr2","126880367","126880676","27","68183620"
"JH378106","58765816","58766096","chr14","82090080","82090381","50","23324264"
"JH378106","58837192","58837492","chr2","127017953","127018238","39","68180761"
"JH378106","58849768","58850051","chr2","127030265","127030542","26","68180497"
"JH378106","58853523","58853833","chr2","127033958","127034268","24","68180435"
"JH378106","58856605","58856909","chr2","127037032","127037318","43","68180427"
"JH378106","58942767","58942937","chr22","28593917","28594087","30","30348850"
"JH378106","58943240","58943376","chr5","70854574","70854711","16","11911334"
"JH378106","58997169","58997409","chr2","127170935","127171175","11","68173766"
"JH378106","59014633","59014702","chr22","2086638","2086708","8","56927995"
"JH378106","59017045","59017187","chr16","37968020","37968161","15","21049025"
"JH378106","59043933","59044109","chr3","139401898","139402072","30","80357965"
"JH378106","59044413","59044547","chr22","42183161","42183295","15","16861252"
"JH378106","59056467","59056714","chr5","131082882","131083138","39","72026415"
"JH378106","59060367","59060615","chr2","74129105","74129359","39","15068738"
"JH378106","59065662","59065951","chr2","127247130","127247421","22","68181468"
"JH378106","59082189","59082336","chr11","73045840","73045981","26","13963651"
"JH378106","59082412","59082710","chr1","129044706","129044988","71","69962294"
"JH378106","59085110","59085400","chr11","97039589","97039878","35","37954479"
"JH378106","59091873","59092050","chr7","44470069","44470240","35","14621804"
"JH378106","59120097","59120387","chr2","127299937","127300222","19","68179840"
"JH378106","59122891","59123232","chr2","127302399","127302716","39","68179508"
"JH378106","59162942","59163236","chr2","127335193","127335485","19","68172251"
"JH378106","59179678","59179802","chr12","90663068","90663193","7","31483390"
"JH378106","59210104","59210322","chr6","149013470","149013693","32","89803366"
"JH378106","59211130","59211260","chr14","78868363","78868493","20","19657233"
"JH378106","59218583","59218852","chr2","127397901","127398175","25","68179318"
"JH378106","59345775","59346063","chr8","106640627","106640911","38","47294852"
"JH378106","59380279","59380449","chr5","124792040","124792209","38","65411761"
"JH378106","59380450","59380673","chr8","57508105","57508330","40","1872345"
"JH378106","59380948","59381089","chr2","29476773","29476906","20","29904175"
"JH378106","59404321","59404610","chr2","127618331","127618624","25","68214010"
"JH378106","59419083","59419332","chr3","112158602","112158865","59","52739519"
"JH378106","59424570","59424868","chr2","127636845","127637140","27","68212275"
"JH378106","59454816","59455114","chr2","127667765","127668053","33","68212949"
"JH378106","59458491","59458802","chr2","127670779","127671087","26","68212288"
"JH378106","59464026","59464253","chr6","95385254","95385484","45","35921228"
"JH378106","59464874","59465211","chr19","13609984","13610313","56","45854890"
"JH378106","59467894","59468136","chr14","33128316","33128543","53","26339578"
"JH378106","59468146","59468261","chrX","51881635","51881754","22","7586511"
"JH378106","59471041","59471211","chr2","3071047","3071215","26","56399994"
"JH378106","59492927","59493218","chr2","127699200","127699493","17","68206273"
"JH378106","59526058","59526274","chr14","19197559","19197759","42","40328499"
"JH378106","59532004","59532279","chr4","159249183","159249470","53","99717179"
"JH378106","59544441","59544738","chr2","127768108","127768406","16","68223667"
"JH378106","59552684","59552849","chr22","8986672","8986834","25","50566012"
"JH378106","59553158","59553294","chr2","127776388","127776524","10","68223230"
"JH378106","59560996","59561304","chr1","84092652","84092958","16","24531656"
"JH378106","59596225","59596338","chr2","163914760","163914873","3","104318535"
"JH378106","59596576","59596876","chr5","116483589","116483888","51","56887013"
"JH378106","59617662","59617958","chr2","127838658","127838957","21","68220996"
"JH378106","59625760","59626006","chr2","7707461","7707716","45","51918299"
"JH378106","59631428","59631721","chr2","127856519","127856806","39","68225091"
"JH378106","59639568","59639858","chr2","127865594","127865890","42","68226026"
"JH378106","59680084","59680166","chr2","127895317","127895399","5","68215233"
"JH378106","59680533","59680727","chr5","21887757","21887953","27","37792776"
"JH378106","59688885","59689062","chr5","8690711","8690889","27","50998174"
"JH378106","59708189","59708495","chr2","127929765","127930065","24","68221576"
"JH378106","59710935","59711208","chr9","99532055","99532336","42","39821120"
"JH378106","59711763","59712043","chr2","127933635","127933917","18","68221872"
"JH378106","59720361","59720564","chr5","111106983","111107181","43","51386622"
"JH378106","59735822","59736122","chr10","101796031","101796329","47","42060209"
"JH378106","59741616","59741829","chr9","124198391","124198602","50","64456775"
"JH378106","59749800","59749882","chr1","174341090","174341172","7","114591290"
"JH378106","59750192","59750368","chr5","134311911","134312087","29","74561719"
"JH378106","59750369","59750673","chr13","28594105","28594402","42","31156264"
"JH378106","59750674","59750775","chr1","139543924","139544027","20","79793250"
"JH378106","59777075","59777368","chr2","127988721","127989020","27","68211646"
"JH378106","59810591","59810895","chr2","128032403","128032675","51","68221812"
"JH378106","59818986","59819277","chr2","128041943","128042232","21","68222957"
"JH378106","59859668","59859838","chr14","42797338","42797511","22","17062330"
"JH378106","59868936","59869228","chr2","128093442","128093735","21","68224506"
"JH378106","59882126","59882399","chr2","128104863","128105136","10","68222737"
"JH378106","59884938","59885052","chr14","76254271","76254385","7","16369333"
"JH378106","59889069","59889162","chr8","750585","750679","17","59138484"
"JH378106","59889192","59889350","chrUn_GL287824","28600","28757","29","59860592"
"JH378106","59895039","59895342","chr5","60671568","60671876","43","776529"
"JH378106","59898139","59898409","chr2","128119628","128119936","60","68221489"
"JH378106","59904232","59904511","chr2","128125688","128125976","25","68221456"
"JH378106","60048576","60048873","chr15","21119248","21119542","33","38929328"
"JH378106","60055610","60055921","chr2","1798406","1798716","49","58257204"
"JH378106","60091216","60091533","chr8","107237047","107237353","55","47145831"
"JH378106","60136961","60137103","chrX","122016207","122016342","18","61879246"
"JH378106","60190923","60191239","chr9","42156347","42156652","49","18034576"
"JH378106","60287698","60288006","chr2","128509623","128509908","49","68221925"
"JH378106","60335313","60335419","chr5","77905712","77905823","11","17570399"
"JH378106","60335440","60335454","chr5","8398866","8398880","1","51936574"
"JH378106","60350119","60350412","chr2","128575523","128575818","21","68225404"
"JH378106","60352052","60352362","chr3","152923013","152923319","56","92570961"
"JH378106","60374834","60374922","chr2","128600141","128600235","12","68225307"
"JH378106","60387923","60388114","chr2","7610898","7611088","34","52777025"
"JH378106","60388425","60388505","chr22","27462930","27463011","7","32925495"
"JH378106","60388569","60388694","chr5","89017481","89017605","4","28628912"
"JH378106","60391070","60391377","chr2","128615756","128616050","20","68224686"
"JH378106","60396145","60396472","chr2","128621246","128621546","41","68225101"
"JH378106","60407455","60407773","chr2","128632055","128632339","55","68224600"
"JH378106","60414954","60415120","chr9","41770883","41771059","29","18644071"
"JH378106","60416746","60416812","chr16","91896610","91896677","15","31479864"
"JH378106","60423895","60424145","chr8","94279670","94279917","44","33855775"
"JH378106","60472505","60472803","chr2","128695176","128695450","39","68222671"
"JH378106","60521747","60521763","chr3","59306894","59306909","3","1214853"
"JH378106","60521796","60522053","chr2","128742919","128743173","16","68221123"
"JH378106","60551193","60551491","chr2","128772228","128772533","33","68221035"
"JH378106","60596080","60596364","chr2","128826574","128826841","28","68230494"
"JH378106","60610163","60610466","chr12","20539936","20540241","60","40070227"
"JH378106","60612543","60612856","chr2","1798406","1798716","49","58814137"
"JH378106","60620652","60620949","chr2","128851605","128851884","33","68230953"
"JH378106","60628355","60628569","chr18","2960861","2961075","46","57667494"
"JH378106","60649845","60649973","chr2","128893264","128893392","6","68243419"
"JH378106","60650269","60650442","chr2","128893703","128893854","31","68243434"
"JH378106","60657963","60658266","chr2","128900993","128901289","35","68243030"
"JH378106","60658778","60659083","chr2","128901798","128902097","30","68243020"
"JH378106","60670673","60670790","chrX","9020776","9020893","15","51649897"
"JH378106","60670973","60671018","chr1","52681258","52681288","18","7989715"
"JH378106","60671082","60671198","chr9","45114814","45114937","27","15556268"
"JH378106","60675739","60676028","chr2","128918679","128918968","14","68242940"
"JH378106","60704482","60704794","chr2","128952459","128952758","32","68247977"
"JH378106","60710445","60710723","chr2","128959104","128959372","27","68248659"
"JH378106","60713928","60714019","chr9","53995159","53995245","13","6718769"
"JH378106","60718437","60718735","chr10","99028785","99029088","54","38310348"
"JH378106","60720983","60721102","chr10","8234371","8234487","10","52486612"
"JH378106","60723530","60723750","chr8","100614860","100615073","50","39891330"
"JH378106","60738447","60738583","chr2","128982884","128983008","21","68244437"
"JH378106","60740302","60740594","chr12","90154597","90154888","43","29414295"
"JH378106","60745394","60745675","chr2","128990463","128990737","22","68245069"
"JH378106","60748823","60748940","chr2","128993749","128993880","22","68244926"
"JH378106","60750604","60750733","chr9","113322070","113322200","28","52571466"
"JH378106","60763080","60763360","chr2","129008524","129008805","29","68245444"
"JH378106","60763756","60763886","chr4","35761341","35761471","12","25002415"
"JH378106","60768649","60768885","chr2","129014896","129015164","53","68246247"
"JH378106","60769032","60769328","chr2","129015293","129015591","23","68246261"
"JH378106","60775071","60775379","chr14","65323042","65323355","35","4547971"
"JH378106","60789538","60789855","chr9","103844843","103845151","50","43055305"
"JH378106","60791071","60791199","chr2","129037282","129037414","14","68246211"
"JH378106","60791492","60791604","chr14","71318123","71318237","13","10526631"
"JH378106","60792480","60792595","chr7","45679716","45679831","7","15112764"
"JH378106","60802178","60802489","chr2","129048447","129048745","37","68246269"
"JH378106","60804020","60804329","chr11","44063431","44063728","59","16740589"
"JH378106","60808798","60808930","chr22","47765092","47765222","9","13043706"
"JH378106","60811093","60811340","chr12","78878106","78878325","72","18067013"
"JH378106","60811363","60811452","chr18","1456493","1456585","9","59354870"
"JH378106","60812341","60812477","chr1","189836575","189836703","18","129024234"
"JH378106","60814718","60815024","chr14","75671856","75672158","45","14857138"
"JH378106","60815060","60815269","chr10","98331217","98331424","37","37516157"
"JH378106","60815499","60815795","chr2","129058283","129058586","39","68242784"
"JH378106","60819896","60820191","chr2","129062066","129062360","21","68242170"
"JH378106","60834689","60834750","chr7","129280368","129280428","13","68445679"
"JH378106","60835314","60835550","chr5","126834706","126834947","41","65999392"
"JH378106","60839213","60839505","chr12","52233651","52233949","44","8605562"
"JH378106","60839535","60839847","chr2","39798350","39798652","50","21041185"
"JH378106","60844344","60844462","chr3","39210041","39210162","18","21634303"
"JH378106","60866416","60866732","chr18","9516827","9517141","58","51349589"
"JH378106","60889190","60889495","chr4","37610360","37610659","59","23278830"
"JH378106","60892673","60892972","chr2","129131004","129131315","34","68238331"
"JH378106","60896327","60896627","chr2","129135296","129135598","43","68238969"
"JH378106","60902538","60902829","chr2","129140950","129141252","37","68238412"
"JH378106","60916816","60917010","chr9","113890762","113890949","45","52973946"
"JH378106","60917304","60917384","chr9","14528043","14528122","17","46389261"
"JH378106","60942513","60942524","chr2","148386820","148386831","0","87444307"
"JH378106","60942561","60942831","chr6","85152193","85152469","42","24209632"
"JH378106","60968997","60969294","chr2","129217316","129217623","27","68248319"
"JH378106","60984200","60984513","chr1","173583879","173584187","52","112599679"
"JH378106","61005126","61005428","chr2","129263231","129263531","26","68258105"
"JH378106","61010865","61011058","chr7","153026345","153026542","26","92015480"
"JH378106","61021101","61021409","chr2","129283216","129283511","35","68262115"
"JH378106","61031360","61031649","chr2","129293319","129293608","23","68261959"
"JH378106","61065741","61066026","chr2","129325634","129325929","26","68259893"
"JH378106","61073532","61073838","chr2","129333334","129333623","35","68259802"
"JH378106","61082128","61082442","chr2","129340908","129341220","25","68258780"
"JH378106","61113766","61114028","chr2","129373089","129373356","27","68259323"
"JH378106","61187401","61187414","chr1","172459283","172459296","1","111271882"
"JH378106","61187710","61187797","chr20","28829790","28829877","7","32357920"
"JH378106","61219032","61219129","chr8","105844857","105844951","14","44625825"
"JH378106","61222185","61222218","chr7","89714949","89714981","7","28492764"
"JH378106","61241946","61242209","chr2","129522619","129522887","19","68280673"
"JH378106","61281051","61281229","chr21","22213056","22213239","34","39067995"
"JH378106","61281275","61281396","chr7","51415439","51415563","11","9865836"
"JH378106","61281678","61281972","chr2","129560908","129561196","29","68279230"
"JH378106","61292200","61292501","chrX","605542","605896","93","60686658"
"JH378106","61306959","61307268","chr2","129595231","129595539","27","68288272"
"JH378106","61316697","61316991","chr2","129604430","129604736","35","68287733"
"JH378106","61325113","61325415","chr2","129612502","129612807","22","68287389"
"JH378106","61339149","61339439","chr2","129627269","129627545","39","68288120"
"JH378106","61349950","61350209","chr6","115787002","115787262","47","54437052"
"JH378106","61379145","61379403","chr2","129671149","129671434","47","68292004"
"JH378106","61386116","61386403","chr2","129677781","129678060","28","68291665"
"JH378106","61395398","61395691","chr14","34676760","34677051","42","26718638"
"JH378106","61483077","61483392","chr2","129781330","129781615","44","68298253"
"JH378106","61540039","61540174","chr2","129847907","129848042","13","68307868"
"JH378106","61616608","61616760","chr6","16648953","16649094","25","44967655"
"JH378106","61617066","61617082","chrX","56814464","56814478","4","4802602"
"JH378106","61620589","61620871","chr2","129922971","129923260","30","68302382"
"JH378106","61621438","61621685","chr14","99330340","99330588","45","37708902"
"JH378106","61649470","61649776","chr1","180167773","180168077","46","118518303"
"JH378106","61649778","61649879","chr2","10691080","10691180","20","50958698"
"JH378106","61696428","61696711","chr2","130002810","130003093","21","68306382"
"JH378106","61708049","61708195","chr5","75424758","75424901","31","13716709"
"JH378106","61708243","61708364","chr11","113189297","113189418","15","51481054"
"JH378106","61730142","61730187","chr4","3632820","3632869","8","58097322"
"JH378106","61731077","61731222","chr12","14627181","14627325","29","47103896"
"JH378106","61768881","61769058","chr16","25382349","25382514","31","36386532"
"JH378106","61769104","61769205","chr11","110193476","110193576","17","48424372"
"JH378106","61782817","61783092","chr2","130116303","130116597","36","68333486"
"JH378106","61783144","61783442","chr2","130116615","130116909","20","68333471"
"JH378106","61807265","61807444","chr14","26406926","26407105","14","35400339"
"JH378106","61807748","61807767","chr12","4560191","4560209","3","57247557"
"JH378106","61820427","61820725","chr2","130158395","130158696","30","68337968"
"JH378106","61827834","61827968","chr1","197860432","197860563","11","136032598"
"JH378106","61828794","61828937","chr2","130165773","130165915","8","68336979"
"JH378106","61859394","61859687","chr2","130197393","130197674","34","68337999"
"JH378106","61862485","61862781","chr10","92464076","92464370","62","30601591"
"JH378106","61963545","61963676","chr6","32137800","32137932","7","29825745"
"JH378106","62030368","62030621","chr2","130370449","130370698","15","68340081"
"JH378106","62044578","62044882","chr2","130384347","130384653","32","68339769"
"JH378106","62053429","62053456","chr3","3827813","3827840","3","58225616"
"JH378106","62058497","62058800","chr2","130398149","130398446","21","68339652"
"JH378106","62062040","62062340","chr2","130401323","130401608","30","68339283"
"JH378106","62073319","62073454","chr4","159908751","159908904","46","97835432"
"JH378106","62109043","62109329","chr2","130450998","130451283","22","68341955"
"JH378106","62183978","62184140","chr2","130520191","130520353","8","68336213"
"JH378106","62190944","62191243","chr2","130526361","130526630","46","68335417"
"JH378106","62199330","62199619","chr2","130546031","130546317","19","68346701"
"JH378106","62214594","62214741","chr2","130561242","130561395","26","68346648"
"JH378106","62251541","62251834","chr2","130599355","130599662","24","68347814"
"JH378106","62257977","62258210","chr2","10179778","10180014","37","52078199"
"JH378106","62261709","62262013","chr2","130609787","130610089","27","68348078"
"JH378106","62292047","62292204","chr2","130643999","130644160","16","68351952"
"JH378106","62302088","62302347","chr7","46518013","46518277","41","15784075"
"JH378106","62365985","62366119","chr19","6920633","6920768","13","55445352"
"JH378106","62366425","62366599","chr5","133088817","133088986","25","70722392"
"JH378106","62404543","62404848","chr2","130756414","130756718","19","68351871"
"JH378106","62413636","62413840","chr2","14649848","14650058","33","47763788"
"JH378106","62462265","62462563","chr2","130826156","130826449","29","68363891"
"JH378106","62474439","62474744","chr2","130837284","130837588","24","68362845"
"JH378106","62546142","62546433","chr2","130915431","130915714","21","68369289"
"JH378106","62577012","62577322","chr2","130950662","130950951","48","68373650"
"JH378106","62593989","62594268","chr2","130967586","130967860","30","68373597"
"JH378106","62625330","62625643","chr2","130996112","130996425","23","68370782"
"JH378106","62792567","62792870","chr2","131163982","131164275","29","68371415"
"JH378106","62863684","62863815","chr1","197885955","197886086","5","135022271"
"JH378106","62900535","62900658","chr2","131264462","131264589","13","68363927"
"JH378106","62900702","62900842","chr2","131264624","131264761","14","68363922"
"JH378106","62906178","62906293","chr7","12499421","12499534","16","50406757"
"JH378106","62906314","62906481","chr16","25382349","25382514","27","37523965"
"JH378106","62945818","62946131","chr2","131313554","131313863","26","68367736"
"JH378106","62958330","62958622","chr2","131326655","131326945","17","68368325"
"JH378106","62977041","62977172","chr4","148615049","148615180","8","85638008"
"JH378106","62977668","62977782","chr11","118364727","118364841","6","55387059"
"JH378106","63022136","63022446","chr10","98691343","98691652","41","35669207"
"JH378106","63037050","63037348","chr2","131393870","131394174","29","68356820"
"JH378106","63044223","63044467","chr6","150718060","150718310","45","87673837"
"JH378106","63072669","63072902","chr13","15253906","15254141","38","47818763"
"JH378106","63111619","63111921","chr9","122962946","122963248","46","59851327"
"JH378106","63124639","63124930","chr17","47162612","47162913","54","15962027"
"JH378106","63129630","63129934","chr14","776129","776432","38","62353501"
"JH378106","63130983","63131262","chr13","93621467","93621737","51","30490484"
"JH378106","63135437","63135737","chr19","10208538","10208840","47","52926899"
"JH378106","63141233","63141380","chr2","131472093","131472240","8","68330860"
"JH378106","63141704","63141833","chr2","131472560","131472698","14","68330856"
"JH378106","63147316","63147601","chr2","131479917","131480200","28","68332601"
"JH378106","63170412","63170552","chr2","9070852","9070993","28","54099560"
"JH378106","63183765","63184084","chr7","56202100","56202408","52","6981665"
"JH378106","63186252","63186595","chr15","31497672","31498008","26","31688580"
"JH378106","63187791","63188087","chr5","10620959","10621259","44","52566832"
"JH378106","63190487","63190783","chr2","131522852","131523151","23","68332365"
"JH378106","63193195","63193489","chr2","131525258","131525537","40","68332063"
"JH378106","63208123","63208255","chr12","90087807","90087940","19","26879684"
"JH378106","63208568","63208748","chr7","44470734","44470910","25","18737834"
"JH378106","63209495","63209776","chr7","11389327","11389606","44","51820168"
"JH378106","63215236","63215507","chr2","131544921","131545185","26","68329685"
"JH378106","63222567","63222697","chr2","131551571","131551701","4","68329004"
"JH378106","63235016","63235322","chr2","131566064","131566373","19","68331048"
"JH378106","63235811","63236127","chr2","131566873","131567172","31","68331062"
"JH378106","63255116","63255301","chr7","140673818","140673994","52","77418702"
"JH378106","63267465","63267623","chr1","179621367","179621526","23","116353902"
"JH378106","63269199","63269504","chr1","180167773","180168077","37","116898574"
"JH378106","63269631","63269783","chr2","14379894","14380054","42","48889737"
"JH378106","63295430","63295734","chr1","135302787","135303072","77","72007357"
"JH378106","63301725","63301920","chr2","131633479","131633672","13","68331754"
"JH378106","63311171","63311479","chr2","131643250","131643558","17","68332079"
"JH378106","63311911","63312037","chr11","54880192","54880309","22","8431719"
"JH378106","63332528","63332829","chr2","132678172","132678486","60","69345644"
"JH378106","63334022","63334330","chr2","131665493","131665788","30","68331471"
"JH378106","63357453","63357746","chr2","131688651","131688933","28","68331198"
"JH378106","63396575","63396874","chr2","131732211","131732503","26","68335636"
"JH378106","63400288","63400453","chr8","68823421","68823588","26","5423133"
"JH378106","63400748","63400891","chr2","131735895","131736034","9","68335147"
"JH378106","63405418","63405570","chr2","131738806","131738960","12","68333388"
"JH378106","63424159","63424465","chr2","131760108","131760419","25","68335949"
"JH378106","63438010","63438285","chr2","131774596","131774870","32","68336586"
"JH378106","63439156","63439467","chr2","131775742","131776037","33","68336586"
"JH378106","63489955","63490273","chr2","131827014","131827299","52","68337059"
"JH378106","63519586","63519899","chr2","131855890","131856206","29","68336304"
"JH378106","63545369","63545498","chr2","131881829","131881957","18","68336460"
"JH378106","63555113","63555382","chr2","131892053","131892322","19","68336940"
"JH378106","63565893","63566069","chr2","131901830","131902005","8","68335937"
"JH378106","63566371","63566507","chr2","131902308","131902444","3","68335937"
"JH378106","63570947","63571237","chr2","131906756","131907049","29","68335809"
"JH378106","63580342","63580387","chr3","124370570","124370612","10","60790228"
"JH378106","63600068","63600261","chr2","131935807","131936001","24","68335739"
"JH378106","63600546","63600688","chr2","131936282","131936420","21","68335736"
"JH378106","63615095","63615394","chr2","135282207","135282504","44","71667112"
"JH378106","63622847","63623140","chr2","131960625","131960920","39","68337778"
"JH378106","63637917","63638051","chr7","60449858","60449993","22","3188059"
"JH378106","63638155","63638429","chr5","99626199","99626471","47","35988044"
"JH378106","63640983","63641097","chr10","8058094","8058208","7","55582889"
"JH378106","63646386","63646544","chr6","117956429","117956590","36","54310043"
"JH378106","63652854","63653168","chr2","131990455","131990757","25","68337601"
"JH378106","63655056","63655361","chr6","133013516","133013816","47","69358460"
"JH378106","63663424","63663742","chr11","113726933","113727244","52","50063509"
"JH378106","63670052","63670329","chr2","132011386","132011665","22","68341334"
"JH378106","63687154","63687286","chr2","132029081","132029210","14","68341927"
"JH378106","63699935","63700087","chr18","4191722","4191872","19","59508213"
"JH378106","63716249","63716557","chr2","132084555","132084855","21","68368306"
"JH378106","63738479","63738654","chr2","132062163","132062338","11","68323684"
"JH378106","63767712","63767867","chr2","132112517","132112681","22","68344805"
"JH378106","63820067","63820365","chr2","132171506","132171794","29","68351439"
"JH378106","63863441","63863453","chr2","173075281","173075292","1","109211840"
"JH378106","63863493","63863783","chr4","32431985","32432272","48","31431508"
"JH378106","63865681","63865981","chr2","132213856","132214153","18","68348175"
"JH378106","63993767","63993909","chrUn_GL286420","357212","357354","20","63636555"
"JH378106","64158816","64158937","chr2","29856372","29856491","21","34302444"
"JH378106","64242012","64242289","chr2","132641886","132642181","32","68399874"
"JH378106","64243903","64244203","chr2","132644715","132645007","29","68400812"
"JH378106","64246456","64246767","chr2","132647262","132647574","35","68400806"
"JH378106","64359114","64359423","chr2","132764411","132764721","26","68405297"
"JH378106","64367880","64368172","chr1","200159194","200159489","48","135791314"
"JH378106","64392953","64393230","chr2","132797374","132797643","39","68404421"
"JH378106","64423242","64423539","chr2","132826644","132826937","26","68403402"
"JH378106","64426886","64427185","chr12","113935044","113935347","47","49508158"
"JH378106","64433097","64433389","chr2","132836181","132836471","19","68403084"
"JH378106","64438609","64438914","chr2","132840841","132841128","53","68402232"
"JH378106","64485626","64485740","chr22","8878271","8878385","5","55607355"
"JH378106","64499551","64499858","chr9","35365483","35365792","62","29134068"
"JH378106","64521883","64521949","chr20","44361414","44361480","9","20160469"
"JH378106","64559396","64559510","chr22","8878271","8878385","5","55681125"
"JH378106","64612796","64613095","chr2","133008481","133008770","37","68395685"
"JH378106","64618702","64618901","chr2","133014681","133014886","16","68395979"
"JH378106","64651689","64651824","chr2","133047558","133047694","5","68395869"
"JH378106","64653252","64653556","chrX","51940004","51940313","54","12713248"
"JH378106","64655757","64655881","chrX","51321845","51321964","13","13333912"
"JH378106","64663249","64663557","chr5","60671568","60671876","42","3991681"
"JH378106","64697168","64697444","chr12","21401964","21402236","39","43295204"
"JH378106","64700291","64700590","chr2","133102517","133102812","43","68402226"
"JH378106","64702083","64702337","chr3","189057782","189058033","46","124355699"
"JH378106","64705998","64706294","chr5","76888728","76889030","50","12182730"
"JH378106","64749175","64749470","chr2","133155775","133156074","28","68406600"
"JH378106","64750660","64750782","chr5","92450978","92451101","7","27700318"
"JH378106","64828963","64829221","chr2","133238802","133239045","32","68409839"
"JH378106","64872759","64872778","chr1","118717949","118717967","3","53845190"
"JH378106","64872812","64872964","chr2","9422960","9423103","27","55449852"
"JH378106","64876944","64877079","chr2","133282504","133282639","6","68405560"
"JH378106","64913481","64913585","chr16","13122476","13122578","21","51791005"
"JH378106","64933705","64934025","chr2","133336892","133337210","22","68403187"
"JH378106","64946608","64946781","chr18","1180830","1181003","27","63765778"
"JH378106","64962985","64963130","chr14","27726942","27727087","20","37236043"
"JH378106","64970262","64970394","chr22","39664111","39664241","13","25306151"
"JH378106","64976324","64976441","chr3","159463237","159463361","17","94486913"
"JH378106","64981892","64982199","chr2","34504274","34504583","47","30477618"
"JH378106","65007646","65007952","chr2","133413685","133413992","24","68406039"
"JH378106","65020134","65020432","chr14","75425590","75425887","58","10405456"
"JH378106","65047027","65047315","chr4","73437793","73438074","39","8390766"
"JH378106","65048146","65048452","chr2","133456315","133456621","14","68408169"
"JH378106","65070071","65070242","chr15","20871231","20871404","27","44198840"
"JH378106","65070537","65070671","chr1","203124827","203124960","15","138054290"
"JH378106","65072118","65072295","chr2","133478138","133478306","25","68406020"
"JH378106","65077073","65077357","chr2","133480717","133481001","12","68403644"
"JH378106","65082920","65083083","chr20","20385740","20385905","30","44697180"
"JH378106","65089217","65089497","chr10","10495550","10495823","39","54593667"
"JH378106","65091905","65092069","chr1","202422478","202422643","28","137330573"
"JH378106","65127946","65128251","chr2","133559801","133560107","22","68431855"
"JH378106","65139098","65139418","chr2","133569624","133569950","29","68430526"
"JH378106","65140631","65140931","chr5","123744430","123744735","44","58603799"
"JH378106","65146935","65147243","chr2","133577474","133577778","37","68430539"
"JH378106","65155019","65155168","chr2","133585165","133585298","24","68430146"
"JH378106","65155924","65156220","chr2","133586054","133586343","20","68430130"
"JH378106","65162459","65162758","chr1","171926162","171926455","56","106763703"
"JH378106","65196762","65196853","chr10","1202695","1202786","14","63994067"
"JH378106","65200492","65200633","chr2","133626784","133626922","14","68426292"
"JH378106","65229327","65229460","chr5","19280368","19280499","13","45948959"
"JH378106","65263948","65264230","chrX","63432784","63433066","49","1831164"
"JH378106","65266131","65266425","chr16","74641306","74641603","45","9375175"
"JH378106","65278423","65278731","chr2","133719268","133719581","37","68440845"
"JH378106","65304439","65304743","chr2","133748733","133749023","41","68444294"
"JH378106","65347537","65347865","chr2","133795172","133795484","46","68447635"
"JH378106","65356059","65356295","chr2","133805364","133805600","23","68449305"
"JH378106","65361168","65361473","chr2","133810029","133810329","24","68448861"
"JH378106","65379362","65379453","chr7","66845231","66845322","8","1465869"
"JH378106","65385518","65385830","chr2","133834489","133834792","30","68448971"
"JH378106","65422833","65423130","chr2","133879397","133879694","28","68456564"
"JH378106","65440461","65440766","chr2","133897104","133897410","17","68456643"
"JH378106","65473827","65474128","chr2","133930791","133931100","27","68456964"
"JH378106","65481168","65481440","chr2","133938192","133938464","15","68457024"
"JH378106","65527503","65527828","chr2","133981199","133981497","46","68453696"
"JH378106","65530772","65530858","chr2","133984412","133984498","4","68453640"
"JH378106","65571519","65571811","chr2","134029041","134029336","24","68457522"
"JH378106","65578544","65578662","chr15","75287585","75287702","16","9709041"
"JH378106","65578686","65578698","chr1","25177127","25177138","2","40401559"
"JH378106","65591647","65591942","chr17","74066448","74066740","45","8474801"
"JH378106","65593569","65593695","chr12","2096170","2096300","20","63497399"
"JH378106","65644641","65644939","chr2","134103290","134103584","19","68458649"
"JH378106","65668123","65668399","chr2","134125424","134125703","16","68457301"
"JH378106","65682618","65682889","chr1","94541609","94541874","35","28858991"
"JH378106","65708047","65708340","chr1","94515956","94516250","34","28807909"
"JH378106","65732971","65733218","chr1","94490942","94491189","12","28757971"
"JH378106","65791672","65791941","chr4","32618054","32618320","39","33173618"
"JH378106","65796990","65797292","chr1","94423616","94423939","38","28626626"
"JH378106","65845567","65845873","chr1","155492401","155492698","38","89646834"
"JH378106","65862066","65862354","chr1","94354494","94354786","28","28492428"
"JH378106","65870949","65871236","chr14","399383","399671","46","65471566"
"JH378106","65878453","65878758","chr1","94338079","94338378","23","28459626"
"JH378106","65883573","65883709","chr4","80973109","80973242","8","15089536"
"JH378106","65897370","65897658","chr1","94318068","94318354","18","28420698"
"JH378106","65901747","65902041","chr1","94314031","94314329","32","28412284"
"JH378106","65902137","65902413","chrX","47070973","47071246","48","18831164"
"JH378106","65902442","65902462","chr1","7110645","7110667","4","58791797"
"JH378106","65902671","65902973","chr1","94313131","94313435","35","28410460"
"JH378106","65933849","65934021","chr2","175806","175971","23","65758043"
"JH378106","65968053","65968145","chr2","11765453","11765550","14","54202600"
"JH378106","65968146","65968392","chr1","121050599","121050844","22","55082453"
"JH378106","65972907","65973211","chr1","121047803","121048113","26","55074896"
"JH378106","65974480","65974676","chr1","121046044","121046233","15","55071564"
"JH378106","65986621","65986926","chr1","94245342","94245639","39","28258721"
"JH378106","65992585","65992830","chr22","32850106","32850353","46","33142479"
"JH378106","66004089","66004219","chr5","109663844","109663974","18","43659755"
"JH378106","66016496","66016651","chr1","94208845","94209003","15","28192349"
"JH378106","66016724","66016837","chr1","94208646","94208759","5","28191922"
"JH378106","66018356","66018655","chr1","94206839","94207128","32","28188483"
"JH378106","66019140","66019441","chr19","19081542","19081846","58","46937598"
"JH378106","66019789","66020074","chr1","94204748","94205057","42","28184959"
"JH378106","66032106","66032220","chr13","90135818","90135932","7","24103712"
"JH378106","66040381","66040508","chr10","29599620","29599742","11","36440761"
"JH378106","66047346","66047465","chr8","12125728","12125847","23","53921618"
"JH378106","66049947","66050073","chr5","38174077","38174203","12","27875870"
"JH378106","66050923","66051193","chr1","94171794","94172068","20","28120871"
"JH378106","66055035","66055342","chr3","116724375","116724684","54","50669340"
"JH378106","66057201","66057508","chr1","94179682","94179984","28","28122481"
"JH378106","66057826","66057956","chr5","51754116","51754245","6","14303710"
"JH378106","66058837","66058891","chr3","50239196","50239251","10","15819641"
"JH378106","66074040","66074170","chrX","124497853","124497985","9","58423813"
"JH378106","66075112","66075245","chr1","94137690","94137824","12","28062578"
"JH378106","66077157","66077453","chr1","94135513","94135810","31","28058356"
"JH378106","66082257","66082580","chrX","45652456","45652781","62","20429801"
"JH378106","66085829","66086032","chr10","32896105","32896317","40","33189724"
"JH378106","66086572","66086731","chr1","94126226","94126388","15","28039654"
"JH378106","66100442","66100532","chr12","18641739","18641819","19","47458703"
"JH378106","66106933","66107064","chr1","94113338","94113469","14","28006405"
"JH378106","66131293","66131588","chr1","94084469","94084759","20","27953176"
"JH378106","66138293","66138420","chr2","171471789","171471913","19","105333496"
"JH378106","66139446","66139650","chr18","28854404","28854612","46","37285042"
"JH378106","66150911","66151208","chr1","107779146","107779446","39","41628235"
"JH378106","66152068","66152336","chr1","94065868","94066142","31","27913800"
"JH378106","66157452","66157714","chr1","94060823","94061085","17","27903371"
"JH378106","66158540","66158813","chr1","94059721","94060008","35","27901181"
"JH378106","66160422","66160629","chr1","137993907","137994116","38","71833485"
"JH378106","66171570","66171865","chr1","94044171","94044466","17","27872601"
"JH378106","66177377","66177410","chr6","124216537","124216569","14","58039160"
"JH378106","66177611","66177674","chr16","22179578","22179643","16","43998033"
"JH378106","66184349","66184643","chr1","93749445","93749736","33","27565096"
"JH378106","66188523","66188810","chr1","93745306","93745591","20","27556783"
"JH378106","66200848","66201166","chr1","93732386","93732694","33","27531538"
"JH378106","66209127","66209445","chr18","28465845","28466165","64","37743282"
"JH378106","66218664","66218779","chr7","214544","214655","23","66004120"
"JH378106","66218804","66218985","chrX","137222383","137222560","27","71003579"
"JH378106","66267002","66267328","chr1","93665022","93665327","54","27398020"
"JH378106","66273837","66274127","chr6","123466787","123467071","55","57192950"
"JH378106","66282624","66282898","chr1","181526555","181526831","47","115243931"
"JH378106","66292986","66293193","chr1","93637671","93637872","21","27344685"
"JH378106","66304289","66304603","chr1","93626808","93627106","33","27322519"
"JH378106","66375174","66375349","chr3","169712606","169712786","36","103337432"
"JH378106","66389942","66389956","chr1","76939634","76939648","1","10549692"
"JH378106","66389979","66390097","chr1","155730854","155730967","8","89340875"
"JH378106","66683589","66683881","chr1","93164527","93164818","20","26480938"
"JH378106","66717468","66717740","chr1","93128184","93128452","19","26410716"
"JH378106","66835978","66836226","chr1","92999389","92999640","33","26163411"
"JH378106","66962098","66962243","chr7","42680150","42680293","36","24281948"
"JH378106","66968833","66969002","chr15","29183832","29184004","33","37785001"
"JH378106","66971658","66971963","chr1","92844053","92844339","39","25872395"
"JH378106","66997331","66997624","chr1","92818906","92819201","22","25821575"
"JH378106","67008293","67008627","chr3","110652603","110652910","78","43644310"
"JH378106","67008922","67009213","chr1","92802970","92803261","23","25794048"
"JH378106","67057733","67058042","chr1","92755128","92755437","31","25697395"
"JH378106","67065542","67065860","chr5","153214311","153214626","47","86148769"
"JH378106","67098106","67098219","chr1","155730854","155730967","5","88632748"
"JH378106","67133910","67134202","chr1","92679469","92679765","34","25545559"
"JH378106","67166782","67167074","chr1","92647242","92647532","24","25480460"
"JH378106","67198748","67199045","chr1","92614718","92615016","47","25415970"
"JH378106","67216661","67216851","chr8","27654962","27655146","33","39561699"
"JH378106","67216874","67216887","chr4","6960310","6960323","3","60256564"
"JH378106","67262742","67263023","chr6","44591104","44591395","46","22671638"
"JH378106","67271111","67271377","chr4","42606923","42607194","56","24664188"
"JH378106","67316550","67316853","chr1","92494496","92494805","34","25177946"
"JH378106","67318034","67318331","chr1","92493010","92493317","28","25174976"
"JH378106","67342255","67342552","chrUn_GL288364","9038","9330","30","67333217"
"JH378106","67375421","67375751","chr5","72130971","72131293","55","4755550"
"JH378106","67376936","67377219","chrUn_GL286327","18592","18874","26","67358344"
"JH378106","67392268","67392561","chrUn_GL286327","1734","2032","34","67390534"
"JH378106","67394831","67395057","chr1","108351170","108351390","44","40956339"
"JH378106","67399372","67399501","chr1","194772737","194772864","9","127373365"
"JH378106","67404229","67404525","chr11","111348064","111348357","44","43943835"
"JH378106","67406318","67406627","chr1","92439181","92439480","34","25032863"
"JH378106","67410608","67410788","chr4","139658960","139659139","28","72248352"
"JH378106","67410812","67410939","chr5","59673929","59674055","16","7736883"
"JH378106","67431686","67431844","chr4","44371291","44371450","23","23060395"
"JH378106","67431874","67432005","chr5","16056075","16056210","18","51375799"
"JH378106","67433611","67433769","chr15","47460672","47460828","35","19972939"
"JH378106","67434064","67434077","chr4","48590486","48590498","3","18843578"
"JH378106","67434479","67434592","chr1","92386772","92386877","12","24952293"
"JH378106","67443771","67444063","chrUn_GL287709","10361","10658","22","67433410"
"JH378106","67480390","67480677","chr1","100616939","100617229","45","33136549"
"JH378106","67511411","67511720","chr14","41541861","41542165","47","25969550"
"JH378106","67525254","67525546","chr1","92375908","92376200","26","24850654"
"JH378106","67530029","67530303","chr1","92371265","92371534","24","24841236"
"JH378106","67545415","67545717","chr9","99457290","99457596","51","31911875"
"JH378106","67546866","67547004","chrX","62912511","62912639","37","4634355"
"JH378106","67548577","67548878","chr2","154074724","154075018","42","86526147"
"JH378106","67559859","67559991","chrX","69153363","69153491","15","1593504"
"JH378106","67561524","67561813","chr21","38003587","38003879","49","29557937"
"JH378106","67578975","67579280","chr1","92318772","92319065","47","24739797"
"JH378106","67587063","67587287","chr22","33706434","33706655","38","33880629"
"JH378106","67587590","67587668","chr5","72905482","72905559","13","5317892"
"JH378106","67589467","67589755","chr1","92308335","92308602","41","24718868"
"JH378106","67596482","67596742","chr1","9971647","9971904","51","57624835"
"JH378106","67601797","67602081","chr13","30397414","30397691","44","37204383"
"JH378106","67637577","67637857","chr1","92254823","92255103","14","24617246"
"JH378106","67647140","67647469","chr5","9656902","9657226","59","57990238"
"JH378106","67705675","67705977","chr1","92187371","92187675","22","24481696"
"JH378106","67715468","67715748","chr1","92184193","92184488","32","24468725"
"JH378106","67767957","67768261","chr1","92132212","92132511","24","24364255"
"JH378106","67797971","67798251","chr1","92102661","92102953","33","24304690"
"JH378106","67801707","67802019","chr1","173583879","173584187","47","105782172"
"JH378106","67847115","67847409","chr1","92052039","92052340","29","24204924"
"JH378106","67879544","67879841","chr1","92016063","92016364","27","24136519"
"JH378106","67906115","67906422","chr1","91985900","91986189","45","24079785"
"JH378106","68028770","68029065","chr1","91858806","91859101","29","23830036"
"JH378106","68033082","68033400","chr5","143518965","143519260","64","75485883"
"JH378106","68045263","68045473","chr17","74388139","74388349","27","6342876"
"JH378106","68095422","68095609","chr1","91751793","91751988","17","23656371"
"JH378106","68103591","68103694","chr1","1337611","1337715","11","66765980"
"JH378106","68103881","68104094","chr16","75711253","75711463","34","7607372"
"JH378106","68110748","68110966","chr1","91726834","91727053","17","23616086"
"JH378106","68118434","68118564","chr2","29875920","29876049","8","38242514"
"JH378106","68124238","68124529","chr12","151602","151887","40","67972636"
"JH378106","68131044","68131181","chr7","87155290","87155425","22","19024246"
"JH378106","68131486","68131613","chr13","46874949","46875075","16","21256537"
"JH378106","68139116","68139417","chr1","91701669","91701969","30","23562553"
"JH378106","68143027","68143335","chr1","91697374","91697684","27","23554347"
"JH378106","68177761","68178074","chr1","91656398","91656706","32","23478637"
"JH378106","68181413","68181690","chr1","91652769","91653046","16","23471356"
"JH378106","68184459","68184763","chr7","41963488","41963793","50","26220971"
"JH378106","68199804","68200100","chr16","18039903","18040192","47","50159901"
"JH378106","68203432","68203718","chr5","73837879","73838158","53","5634447"
"JH378106","68207584","68207689","chr1","91626595","91626700","8","23419011"
"JH378106","68238704","68239012","chr16","93706754","93707060","54","25468050"
"JH378106","68240177","68240277","chr1","91303904","91304011","12","23063727"
"JH378106","68248291","68248306","chr3","25492288","25492302","2","42756003"
"JH378106","68248333","68248607","chr1","91295285","91295542","36","23046952"
"JH378106","68254730","68254836","chr1","91289088","91289184","19","23034358"
"JH378106","68277177","68277489","chrUn_GL288513","14705","15006","33","68262472"
"JH378106","68282759","68283054","chr1","82161668","82161959","18","13878909"
"JH378106","68340826","68340974","chr1","91199178","91199324","8","22858352"
"JH378106","68372180","68372497","chr1","91163478","91163775","56","22791298"
"JH378106","68373545","68373676","chr4","148615049","148615180","4","80241504"
"JH378106","68458411","68458541","chr11","107254470","107254600","8","38796059"
"JH378106","68467600","68467911","chr1","91056510","91056798","45","22588910"
"JH378106","68472825","68473108","chr1","91051198","91051488","34","22578373"
"JH378106","68498019","68498294","chr3","33194798","33195069","69","35303221"
"JH378106","68510549","68510643","chr13","9946489","9946582","16","58564060"
"JH378106","68510849","68510959","chr1","90996293","90996403","7","22485444"
"JH378106","68511825","68512108","chr1","90995449","90995754","45","22483624"
"JH378106","68516379","68516654","chr1","90990926","90991184","33","22474547"
"JH378106","68516759","68517052","chr1","90990501","90990789","21","22473742"
"JH378106","68528427","68528740","chr1","90976835","90977145","29","22448408"
"JH378106","68538709","68538831","chr8","27045264","27045384","16","41493445"
"JH378106","68539993","68540282","chr1","90958588","90958878","14","22418595"
"JH378106","68552557","68552736","chr11","109960562","109960731","36","41408005"
"JH378106","68555543","68555787","chr1","90944615","90944861","20","22389072"
"JH378106","68569177","68569355","chr16","93477537","93477712","30","24908360"
"JH378106","68569394","68569510","chr2","61369495","61369612","21","7199899"
"JH378106","68573273","68573379","chr22","39547864","39547972","25","29025409"
"JH378106","68576778","68577067","chr1","90918975","90919267","34","22342197"
"JH378106","68608364","68608655","chr1","90891536","90891831","23","22283172"
"JH378106","68671209","68671520","chr8","108008905","108009212","51","39337696"
"JH378106","68700936","68701223","chr1","90791136","90791428","22","22090200"
"JH378106","68769897","68770021","chr12","112762107","112762231","11","43992210"
"JH378106","68860812","68861104","chr1","90628144","90628431","26","21767332"
"JH378106","68861406","68861715","chr1","90627568","90627847","45","21766162"
"JH378106","68863640","68863927","chr1","90625329","90625613","22","21761689"
"JH378106","68904561","68904840","chr4","111433110","111433384","47","42528549"
"JH378106","68939155","68939400","chr1","90543875","90544121","18","21604720"
"JH378106","68963928","68964211","chr1","90519568","90519851","22","21555640"
"JH378106","68992627","68992877","chr1","90491149","90491399","18","21498522"
"JH378106","69018629","69018852","chr1","90468142","90468366","22","21449513"
"JH378106","69033562","69033692","chr1","194772737","194772864","7","125739175"
"JH378106","69071314","69071387","chr5","81435361","81435435","13","12364047"
"JH378106","69071394","69071461","chr1","120993285","120993358","16","51921891"
"JH378106","69076640","69076940","chr1","90413024","90413323","21","21336384"
"JH378106","69108068","69108336","chr1","90380272","90380537","29","21272204"
"JH378106","69108509","69108808","chr1","90379807","90380100","35","21271298"
"JH378106","69111527","69111827","chr1","90376794","90377085","27","21265267"
"JH378106","69143417","69143712","chr1","90345056","90345350","34","21201639"
"JH378106","69146813","69147119","chr5","112145604","112145912","63","42998791"
"JH378106","69148007","69148315","chr1","90340795","90341095","32","21192788"
"JH378106","69152200","69152394","chr8","27654962","27655146","39","41497238"
"JH378106","69152703","69152837","chr12","55724621","55724756","17","13428082"
"JH378106","69160673","69160980","chr16","6116381","6116687","48","63044292"
"JH378106","69190913","69191222","chr1","90302179","90302475","33","21111266"
"JH378106","69192293","69192450","chr1","90300975","90301135","14","21108682"
"JH378106","69241866","69242161","chr4","42921852","42922147","40","26320014"
"JH378106","69255770","69256058","chr1","90241207","90241495","25","20985437"
"JH378106","69285412","69285695","chr1","90212405","90212696","28","20926993"
"JH378106","69290864","69290969","chr4","127610177","127610284","13","58319313"
"JH378106","69295046","69295211","chr5","92766094","92766256","27","23471048"
"JH378106","69313818","69314054","chr1","90129568","90129794","26","20815750"
"JH378106","69343062","69343285","chr3","55903923","55904152","44","13439139"
"JH378106","69357402","69357708","chr5","32889563","32889863","45","36467839"
"JH378106","69364643","69364779","chr5","100080028","100080163","15","30715385"
"JH378106","69365058","69365134","chr6","146309985","146310061","8","76944927"
"JH378106","69369526","69369660","chr1","174162235","174162369","10","104792709"
"JH378106","69369972","69370165","chr1","174162641","174162821","27","104792669"
"JH378106","69371428","69371710","chr1","174163795","174164078","27","104792367"
"JH378106","69382852","69383152","chr1","174175874","174176177","40","104793022"
"JH378106","69383912","69384062","chr1","174176981","174177131","9","104793069"
"JH378106","69384368","69384503","chr1","174177423","174177558","11","104793055"
"JH378106","69410446","69410753","chr1","174204813","174205120","27","104794367"
"JH378106","69417249","69417550","chr1","174211968","174212285","35","104794719"
"JH378106","69420627","69420925","chr19","12890156","12890454","43","56530471"
"JH378106","69443275","69443564","chr8","76607363","76607651","39","7164088"
"JH378106","69443587","69443609","chr12","22208277","22208296","4","47235310"
"JH378106","69459198","69459532","chr4","13876438","13876777","58","55582760"
"JH378106","69466133","69466430","chr5","88515106","88515399","47","19048973"
"JH378106","69468162","69468468","chr1","174347387","174347689","24","104879225"
"JH378106","69469822","69470111","chr1","174349141","174349448","35","104879319"
"JH378106","69483340","69483636","chr1","174368079","174368372","42","104884739"
"JH378106","69483890","69484191","chr1","174368625","174368923","21","104884735"
"JH378106","69509806","69510091","chr1","174394947","174395235","25","104885141"
"JH378106","69532922","69533235","chr1","174414805","174415117","17","104881883"
"JH378106","69571246","69571379","chr12","50856832","50856963","7","18714414"
"JH378106","69578227","69578523","chr1","174456571","174456864","26","104878344"
"JH378106","69591094","69591402","chr1","174470537","174470834","37","104879443"
"JH378106","69595595","69595905","chr1","174475455","174475750","38","104879860"
"JH378106","69603691","69604000","chr1","174483674","174483981","32","104879983"
"JH378106","69627728","69627883","chr1","174507099","174507253","10","104879371"
"JH378106","69627891","69628195","chr4","9495814","9496129","53","60132077"
"JH378106","69628196","69628298","chr1","174507550","174507659","15","104879354"
"JH378106","69634469","69634780","chr1","174514889","174515185","32","104880420"
"JH378106","69709397","69709695","chr1","174610179","174610473","17","104900782"
"JH378106","69712403","69712483","chr4","166861951","166862033","9","97149548"
"JH378106","69712568","69712858","chr1","167894155","167894451","40","98181587"
"JH378106","69712864","69713131","chr4","150240009","150240273","47","80527145"
"JH378106","69754076","69754370","chr1","174652671","174652948","35","104898595"
"JH378106","69755075","69755254","chr1","174653821","174654003","24","104898746"
"JH378106","69755563","69755574","chr2","193480975","193480986","3","123725412"
"JH378106","69756601","69756773","chr7","86186786","86186936","54","16430185"
"JH378106","69757097","69757214","chr1","174656136","174656248","14","104899039"
"JH378106","69762016","69762255","chr17","4337654","4337885","41","65424362"
"JH378106","69763879","69764047","chr6","151712623","151712786","33","81948744"
"JH378106","69771551","69771599","chr10","46118820","46118872","12","23652731"
"JH378106","69773024","69773230","chr7","148844738","148844943","30","79071714"
"JH378106","69777759","69778066","chr1","174676763","174677069","10","104899004"
"JH378106","69785199","69785317","chr14","19222235","19222358","21","50562964"
"JH378106","69793213","69793343","chr4","43423668","43423797","7","26369545"
"JH378106","69793560","69793860","chr1","174689783","174690073","31","104896223"
"JH378106","69794281","69794465","chr1","174690493","174690679","15","104896212"
"JH378106","69796330","69796590","chr1","174692551","174692811","23","104896221"
"JH378106","69798272","69798559","chr1","174694479","174694756","27","104896207"
"JH378106","69798799","69798889","chr4","18101456","18101546","14","51697343"
"JH378106","69808458","69808526","chr1","174704152","174704220","2","104895694"
"JH378106","69845055","69845188","chr1","174743793","174743927","12","104898738"
"JH378106","69865976","69866146","chr9","45918453","45918620","23","23947523"
"JH378106","69866147","69866392","chr22","40760733","40760974","48","29105414"
"JH378106","69866393","69866507","chr1","168912074","168912192","31","99045681"
"JH378106","69871286","69871586","chr10","114097005","114097307","39","44225719"
"JH378106","69883696","69883716","chr1","118717949","118717967","4","48834253"
"JH378106","69883742","69883870","chr11","1819502","1819621","19","68064240"
"JH378106","69892309","69892587","chr1","174789540","174789844","50","104897231"
"JH378106","69898571","69898699","chr12","40038501","40038629","6","29860070"
"JH378106","69899167","69899477","chr4","61814946","61815259","52","8084221"
"JH378106","69906226","69906357","chr7","62241902","62242033","11","7664324"
"JH378106","69906439","69906739","chr18","8779203","8779503","32","61127236"
"JH378106","69908934","69909034","chrUn_GL286343","18641","18743","8","69890293"
"JH378106","69916452","69916761","chr10","20322141","20322440","49","49594311"
"JH378106","69923748","69924041","chr1","174823576","174823872","32","104899828"
"JH378106","69924210","69924478","chr1","174824039","174824310","38","104899829"
"JH378106","69924855","69924952","chr3","9594282","9594384","19","60330573"
"JH378106","69925342","69925564","chr1","174825046","174825265","10","104899704"
"JH378106","69932781","69933060","chr12","2954857","2955145","48","66977924"
"JH378106","69938535","69938652","chr13","20100809","20100922","27","49837726"
"JH378106","69940765","69940893","chrX","47177498","47177626","9","22763267"
"JH378106","69955580","69955877","chr1","174856202","174856488","37","104900622"
"JH378106","69960285","69960585","chr1","174861364","174861681","41","104901079"
"JH378106","69980656","69980815","chr9","45519720","45519885","29","24460936"
"JH378106","69980840","69980962","chr22","16515982","16516103","12","53464858"
"JH378106","69988143","69988449","chr1","174899313","174899623","27","104911170"
"JH378106","70005829","70006114","chr1","174919380","174919677","35","104913551"
"JH378106","70008707","70009010","chr1","174922275","174922574","29","104913568"
"JH378106","70012921","70013223","chr1","174928015","174928328","29","104915094"
"JH378106","70026448","70026597","chr1","174941858","174942005","10","104915410"
"JH378106","70031091","70031380","chr1","174946591","174946890","33","104915500"
"JH378106","70044169","70044481","chr10","92800174","92800483","46","22756005"
"JH378106","70053561","70053726","chr1","174972323","174972481","16","104918762"
"JH378106","70054028","70054148","chr1","174972791","174972911","10","104918763"
"JH378106","70054824","70055125","chr1","174973595","174973892","24","104918771"
"JH378106","70059878","70060051","chr7","69372480","69372648","32","687398"
"JH378106","70060347","70060480","chr1","148201213","148201347","23","78140866"
"JH378106","70079558","70079734","chr22","37812024","37812189","25","32267534"
"JH378106","70079759","70079900","chr1","158461001","158461121","35","88381242"
"JH378106","70085430","70085668","chr1","175005055","175005311","34","104919625"
"JH378106","70114810","70115097","chr1","175036362","175036649","20","104921552"
"JH378106","70122435","70122744","chr1","175045593","175045894","36","104923158"
"JH378106","70126914","70127227","chr7","87007315","87007626","38","16880401"
"JH378106","70131197","70131509","chr1","175054356","175054670","38","104923159"
"JH378106","70148326","70148615","chr1","175072143","175072411","36","104923817"
"JH378106","70180098","70180383","chr1","175101156","175101441","17","104921058"
"JH378106","70199561","70199853","chr1","175120681","175120989","38","104921120"
"JH378106","70208933","70209233","chr1","175130708","175131018","36","104921775"
"JH378106","70254824","70255091","chr7","27364191","27364461","40","42890633"
"JH378106","70259976","70260277","chr1","175189957","175190247","37","104929981"
"JH378106","70271355","70271652","chr1","175200823","175201119","41","104929468"
"JH378106","70273765","70274038","chr1","175203269","175203537","28","104929504"
"JH378106","70278385","70278530","chr10","96050671","96050820","37","25772286"
"JH378106","70280336","70280625","chr1","175209849","175210142","22","104929513"
"JH378106","70284497","70284788","chr6","139072765","139073060","27","68788268"
"JH378106","70284789","70284954","chr6","139073061","139073222","10","68788272"
"JH378106","70288247","70288558","chr6","139076511","139076822","14","68788264"
"JH378106","70289829","70290135","chr6","139078090","139078385","25","68788261"
"JH378106","70302039","70302338","chr2","28861145","28861452","56","41440894"
"JH378106","70304834","70304968","chr1","175224157","175224295","10","104919323"
"JH378106","70305277","70305402","chr5","18494910","18495041","23","51810367"
"JH378106","70308990","70309126","chr6","32045585","32045719","17","38263405"
"JH378106","70309425","70309570","chr12","16534163","16534311","26","53775262"
"JH378106","70311211","70311459","chr12","29267456","29267696","49","41043755"
"JH378106","70313809","70313893","chr1","98625294","98625379","15","28311485"
"JH378106","70313904","70313937","chr1","175233493","175233526","2","104919589"
"JH378106","70335662","70335915","chr1","175254466","175254720","22","104918804"
"JH378106","70347401","70347634","chr1","175265504","175265722","25","104918103"
"JH378106","70351589","70351779","chr1","175269744","175269938","14","104918155"
"JH378106","70352130","70352416","chr5","78480999","78481282","51","8128869"
"JH378106","70368018","70368319","chr1","175286235","175286524","30","104918217"
"JH378106","70380252","70380559","chr7","148751139","148751451","56","78370887"
"JH378106","70384254","70384396","chr2","171294655","171294791","19","100910401"
"JH378106","70384700","70384861","chr9","46621116","46621276","24","23763584"
"JH378106","70399965","70400258","chr1","175321548","175321840","22","104921583"
"JH378106","70435068","70435356","chr1","175357045","175357336","24","104921977"
"JH378106","70436995","70437031","chr7","62533469","62533507","3","7903526"
"JH378106","70439138","70439430","chr7","89951395","89951694","45","19512257"
"JH378106","70443126","70443435","chr1","175363546","175363850","32","104920420"
"JH378106","70456312","70456570","chr6","117792303","117792571","54","47335991"
"JH378106","70457162","70457320","chr16","25382349","25382514","21","45074813"
"JH378106","70457321","70457614","chr2","116634898","116635186","44","46177577"
"JH378106","70457615","70457753","chr3","187730976","187731111","16","117273361"
"JH378106","70459559","70459836","chr1","175380257","175380525","45","104920698"
"JH378106","70460224","70460526","chr1","175380903","175381212","51","104920679"
"JH378106","70463658","70463959","chr1","175384378","175384684","34","104920720"
"JH378106","70485738","70486028","chr1","96870308","96870590","48","26384570"
"JH378106","70487904","70488028","chr2","92875331","92875463","23","22387427"
"JH378106","70494309","70494615","chr1","175415252","175415547","41","104920943"
"JH378106","70496281","70496589","chr5","79478782","79479093","44","8982501"
"JH378106","70500344","70500630","chr12","19365394","19365686","58","51134950"
"JH378106","70505381","70505544","chr1","175428354","175428515","12","104922973"
"JH378106","70506216","70506510","chr1","175429179","175429461","31","104922963"
"JH378106","70509047","70509244","chrX","38515909","38516109","28","31993138"
"JH378106","70513528","70513831","chr1","175435649","175435962","32","104922121"
"JH378106","70515092","70515385","chr1","201446623","201446917","42","130931531"
"JH378106","70517560","70517695","chr7","66082412","66082547","22","4435148"
"JH378106","70520086","70520267","chr7","122958663","122958837","38","52438577"
"JH378106","70521645","70521806","chr5","23745483","23745648","25","46776162"
"JH378106","70522118","70522235","chr7","60103320","60103437","13","10418798"
"JH378106","70533767","70533911","chr1","175451862","175452004","18","104918095"
"JH378106","70534364","70534657","chr6","7944620","7944912","41","62589744"
"JH378106","70541982","70542147","chr3","116725392","116725562","32","46183410"
"JH378106","70561393","70561491","chr6","18060507","18060604","15","52500886"
"JH378106","70565628","70565928","chr1","175480431","175480737","28","104914803"
"JH378106","70569589","70569892","chr1","175484362","175484666","37","104914773"
"JH378106","70573441","70573573","chr1","175491356","175491488","11","104917915"
"JH378106","70579824","70580077","chr1","175497627","175497878","29","104917803"
"JH378106","70582964","70583252","chr1","36941108","36941397","43","33641856"
"JH378106","70583531","70583660","chr9","112580279","112580404","18","41996748"
"JH378106","70583661","70583993","chr7","120834204","120834534","27","50250543"
"JH378106","70583994","70584158","chr7","79406422","79406585","29","8822428"
"JH378106","70589163","70589271","chr4","126000002","126000102","21","55410839"
"JH378106","70593111","70593404","chr5","2132945","2133238","56","68460166"
"JH378106","70593695","70593859","chr1","175510591","175510746","17","104916896"
"JH378106","70595646","70595932","chr5","120819505","120819796","52","50223859"
"JH378106","70601161","70601460","chr1","175518215","175518513","18","104917054"
"JH378106","70629040","70629345","chr1","175550308","175550605","38","104921268"
"JH378106","70637837","70637988","chr4","21343836","21343989","23","49294001"
"JH378106","70638298","70638314","chr1","172249632","172249649","3","101611334"
"JH378106","70676500","70676795","chr3","20642128","20642432","50","50034372"
"JH378106","70680546","70680834","chr3","110633562","110633846","50","39953016"
"JH378106","70702853","70703150","chr1","175627591","175627884","25","104924738"
"JH378106","70703960","70704266","chr1","175628695","175628981","29","104924735"
"JH378106","70712858","70712988","chr13","8949651","8949779","16","61763207"
"JH378106","70716465","70716584","chr1","175642775","175642884","14","104926310"
"JH378106","70732648","70732966","chr2","1798406","1798716","46","68934242"
"JH378106","70733194","70733314","chr5","6588366","6588487","15","64144828"
"JH378106","70733345","70733505","chr9","60873404","60873567","38","9859941"
"JH378106","70750863","70751174","chr2","13996238","13996553","47","56754625"
"JH378106","70766859","70767149","chr1","175692280","175692582","34","104925421"
"JH378106","70777810","70777990","chr1","101724489","101724672","37","30946679"
"JH378106","70778192","70778525","chr1","175703338","175703659","56","104925146"
"JH378106","70787880","70788178","chr1","175712822","175713121","15","104924942"
"JH378106","70800027","70800207","chr16","93477537","93477712","27","22677510"
"JH378106","70800253","70800378","chr2","171471789","171471913","12","100671536"
"JH378106","70821553","70821672","chr21","8688664","8688782","12","62132889"
"JH378106","70821693","70821862","chr8","32880872","32881044","24","37940821"
"JH378106","70844812","70845110","chr1","175767411","175767717","27","104922599"
"JH378106","70865075","70865382","chr1","175787581","175787890","29","104922506"
"JH378106","70867510","70867829","chr4","25699197","25699513","53","45168313"
"JH378106","70890544","70890633","chr2","137261075","137261160","16","66370531"
"JH378106","70890634","70890891","chr12","101387822","101388077","39","30497188"
"JH378106","70900965","70901269","chr1","175825101","175825401","23","104924136"
"JH378106","70909609","70909895","chr17","74066448","74066740","50","3156839"
"JH378106","70921294","70921601","chr1","175846659","175846956","33","104925365"
"JH378106","70938217","70938524","chr14","45033227","45033526","52","25904990"
"JH378106","70958590","70958884","chr1","175887391","175887687","23","104928801"
"JH378106","70965401","70965714","chr1","175894600","175894901","34","104929199"
"JH378106","70979333","70979636","chr1","175916239","175916540","33","104936906"
"JH378106","70996138","70996242","chr1","175937853","175937974","23","104941715"
"JH378106","71024331","71024638","chr12","2233414","2233716","39","68790917"
"JH378106","71077059","71077227","chr1","180840508","180840681","28","109763449"
"JH378106","71117386","71117619","chr1","176058004","176058257","34","104940618"
"JH378106","71158153","71158456","chr14","19521885","19522178","52","51636268"
"JH378106","71206564","71206866","chr1","176147240","176147535","42","104940676"
"JH378106","71228942","71229231","chr1","176167128","176167429","38","104938186"
"JH378106","71233274","71233570","chr1","176171272","176171563","33","104937998"
"JH378106","71242528","71242831","chr22","34941694","34941995","43","36300834"
"JH378106","71243774","71244025","chr1","176181800","176182045","23","104938026"
"JH378106","71246499","71246629","chr11","119722011","119722144","17","48475512"
"JH378106","71246945","71247018","chr2","7590289","7590362","22","63656656"
"JH378106","71247019","71247083","chr18","21955770","21955833","13","49291249"
"JH378106","71249756","71249912","chrX","45327605","45327757","23","25922151"
"JH378107","393108","393229","chr3","83193653","83193776","17","82800545"
"JH378107","21757800","21758014","chr8","82660255","82660456","34","60902455"
"JH378107","31850315","31850602","chr5","133594662","133594956","44","101744347"
"JH378107","49545191","49545495","chr8","52458946","52459237","33","2913755"
"JH378107","20284","20501","chr8","109949636","109949850","20","109929352"
"JH378107","121738","122039","chr8","32940193","32940502","61","32818455"
"JH378107","207515","207827","chr8","110148432","110148736","24","109940917"
"JH378107","209394","209509","chr8","110150145","110150260","10","109940751"
"JH378107","210781","211050","chr10","129008906","129009167","43","128798125"
"JH378107","240632","240744","chr16","14845433","14845549","11","14604801"
"JH378107","253059","253342","chr8","110209611","110209899","25","109956552"
"JH378107","286866","287173","chr8","110246729","110247034","31","109959863"
"JH378107","288017","288315","chr15","97058487","97058779","36","96770470"
"JH378107","369917","370219","chr8","110330860","110331165","24","109960943"
"JH378107","389981","390261","chr7","128810769","128811057","50","128420788"
"JH378107","390442","390463","chr4","151771908","151771928","2","151381466"
"JH378107","391474","391759","chr8","110350472","110350749","21","109958998"
"JH378107","393504","393618","chr1","176375263","176375392","33","175981759"
"JH378107","393990","394276","chr8","112254884","112255174","50","111860894"
"JH378107","407424","407703","chr12","56439004","56439278","54","56031580"
"JH378107","410021","410328","chr8","110372859","110373147","33","109962838"
"JH378107","424936","425220","chr8","110387439","110387734","38","109962503"
"JH378107","463405","463710","chr22","8351573","8351877","44","7888168"
"JH378107","480354","480643","chr8","110449906","110450195","19","109969552"
"JH378107","504483","504610","chr4","42761546","42761674","30","42257063"
"JH378107","504648","504850","chr8","110473814","110474018","16","109969166"
"JH378107","527825","527967","chr8","110496988","110497132","13","109969163"
"JH378107","527968","528271","chr8","110497133","110497429","28","109969165"
"JH378107","528272","528442","chr8","110497430","110497598","16","109969158"
"JH378107","555003","555304","chr8","110526947","110527242","30","109971944"
"JH378107","560085","560207","chr3","80903591","80903715","18","80343506"
"JH378107","562357","562506","chr6","16648953","16649094","27","16086596"
"JH378107","573126","573427","chr5","108579775","108580074","43","108006649"
"JH378107","577697","578006","chr8","110547815","110548118","26","109970118"
"JH378107","588160","588295","chr5","125049185","125049317","15","124461025"
"JH378107","588601","588756","chr1","60100934","60101091","28","59512333"
"JH378107","608049","608139","chr8","110577022","110577110","8","109968973"
"JH378107","633494","633655","chr15","23146089","23146254","29","22512595"
"JH378107","633962","634097","chr10","129787959","129788093","19","129153997"
"JH378107","636194","636488","chr8","110606763","110607046","28","109970569"
"JH378107","643028","643180","chrX","90239878","90240016","37","89596850"
"JH378107","651041","651226","chr22","10515032","10515211","22","9863991"
"JH378107","652357","652625","chr10","128606175","128606442","47","127953818"
"JH378107","652629","652762","chr4","80973109","80973242","6","80320480"
"JH378107","654787","654918","chr8","110622636","110622767","6","109967849"
"JH378107","657424","657724","chr8","110625278","110625592","36","109967854"
"JH378107","666102","666377","chr2","63257166","63257440","51","62591064"
"JH378107","667996","668317","chr8","110635052","110635357","31","109967056"
"JH378107","672329","672542","chr8","110639960","110640174","9","109967631"
"JH378107","707343","707637","chr8","110675672","110675970","36","109968329"
"JH378107","713440","713710","chr10","35669417","35669684","39","34955977"
"JH378107","733882","734014","chr4","148615049","148615180","3","147881167"
"JH378107","747361","747552","chr5","111106983","111107181","43","110359622"
"JH378107","752459","752716","chr8","110719107","110719355","19","109966648"
"JH378107","757410","757702","chr8","110723395","110723689","27","109965985"
"JH378107","843609","843914","chr6","155781752","155782057","48","154938143"
"JH378107","857808","858091","chr8","110818823","110819099","36","109961015"
"JH378107","873232","873535","chr1","171233285","171233579","52","170360053"
"JH378107","893611","893768","chr21","35597938","35598101","26","34704327"
"JH378107","893926","894048","chr2","171471789","171471913","19","170577863"
"JH378107","929429","929723","chr8","110894166","110894463","26","109964737"
"JH378107","947296","947590","chrX","17119564","17119856","47","16172268"
"JH378107","962845","963141","chr8","110926142","110926446","28","109963297"
"JH378107","970208","970455","chr8","110933853","110934094","21","109963645"
"JH378107","990007","990172","chr14","4076436","4076606","33","3086429"
"JH378107","1017397","1017703","chr8","110982246","110982546","29","109964849"
"JH378107","1115296","1115586","chr8","111082445","111082743","25","109967149"
"JH378107","1142539","1142789","chr16","96534021","96534266","43","95391482"
"JH378107","1161656","1161972","chr8","111134368","111134690","30","109972712"
"JH378107","1166992","1167296","chr8","111139043","111139347","60","109972051"
"JH378107","1168059","1168368","chr8","111140082","111140381","34","109972023"
"JH378107","1183023","1183298","chr8","111155630","111155906","20","109972607"
"JH378107","1183814","1183946","chr8","111156415","111156554","15","109972601"
"JH378107","1192208","1192509","chr8","111165064","111165364","19","109972856"
"JH378107","1247046","1247356","chr13","50054381","50054692","40","48807335"
"JH378107","1248411","1248698","chr6","70548578","70548865","37","69300167"
"JH378107","1297772","1298102","chr1","52704082","52704412","53","51406310"
"JH378107","1303596","1303888","chr8","111275026","111275317","13","109971430"
"JH378107","1317694","1317946","chr7","43242665","43242920","51","41924971"
"JH378107","1318851","1319026","chr8","111289950","111290114","20","109971099"
"JH378107","1319027","1319325","chr8","111290115","111290407","29","109971088"
"JH378107","1319326","1319441","chr8","111290408","111290529","9","109971082"
"JH378107","1330214","1330417","chr13","44503282","44503488","34","43173068"
"JH378107","1330456","1330536","chr13","15039660","15039738","9","13709204"
"JH378107","1342390","1342681","chr8","1911439","1911734","46","569049"
"JH378107","1343649","1343780","chr9","39300503","39300634","13","37956854"
"JH378107","1344936","1345198","chr7","4899167","4899427","43","3554231"
"JH378107","1404483","1404761","chr8","111373053","111373335","34","109968570"
"JH378107","1409427","1409726","chr1","15228295","15228598","39","13818868"
"JH378107","1428338","1428458","chr1","40814256","40814372","11","39385918"
"JH378107","1442058","1442316","chr7","50982706","50982963","39","49540648"
"JH378107","1444620","1444916","chr8","111415347","111415645","35","109970727"
"JH378107","1485948","1486138","chr22","21250924","21251110","29","19764976"
"JH378107","1540244","1540539","chr7","89951395","89951694","47","88411151"
"JH378107","1565147","1565272","chr8","111534601","111534733","15","109969454"
"JH378107","1565521","1565827","chr8","111534982","111535274","35","109969461"
"JH378107","1566015","1566173","chrX","40176254","40176406","28","38610239"
"JH378107","1617469","1617615","chr4","162203136","162203279","15","160585667"
"JH378107","1638891","1639097","chr8","111618254","111618442","31","109979363"
"JH378107","1647699","1647990","chr2","138272583","138272876","42","136624884"
"JH378107","1663113","1663244","chr9","38691179","38691309","21","37028066"
"JH378107","1670928","1671216","chrX","5511436","5511722","42","3840508"
"JH378107","1684048","1684360","chr8","111666114","111666404","38","109982066"
"JH378107","1686957","1687236","chr8","111669008","111669312","44","109982051"
"JH378107","1720184","1720452","chr8","111700066","111700352","40","109979882"
"JH378107","1748603","1748794","chr8","111729326","111729513","21","109980723"
"JH378107","1786001","1786129","chr7","55912229","55912356","8","54126228"
"JH378107","1808323","1808447","chr1","202499865","202499999","25","200691542"
"JH378107","1810320","1810613","chr5","97181134","97181423","45","95370814"
"JH378107","1848181","1848463","chr8","111835102","111835391","23","109986921"
"JH378107","1861609","1861620","chr15","14364610","14364621","0","12503001"
"JH378107","1861657","1861937","chr22","6475349","6475647","52","4613692"
"JH378107","1896034","1896335","chr8","111887016","111887314","26","109990982"
"JH378107","1901384","1901693","chr8","111892638","111892936","32","109991254"
"JH378107","1930255","1930517","chr8","111930808","111931074","29","110000553"
"JH378107","2046496","2046629","chr7","62118068","62118196","16","60071572"
"JH378107","2053364","2053651","chr8","112072040","112072325","28","110018676"
"JH378107","2124507","2124690","chr7","27516218","27516394","34","25391711"
"JH378107","2166722","2167028","chr8","112190659","112190965","21","110023937"
"JH378107","2227921","2228199","chr8","112254884","112255174","28","110026963"
"JH378107","2241199","2241499","chr8","112266685","112266984","19","110025486"
"JH378107","2266913","2267052","chr8","112295659","112295799","15","110028746"
"JH378107","2267317","2267495","chr9","82765158","82765336","23","80497841"
"JH378107","2270901","2271232","chr9","86531298","86531609","56","84260397"
"JH378107","2271248","2271581","chr8","112300506","112300821","50","110029258"
"JH378107","2327362","2327673","chr8","112360795","112361099","29","110033433"
"JH378107","2474335","2474615","chr8","112516977","112517258","43","110042642"
"JH378107","2519324","2519609","chr2","811333","811617","48","1707991"
"JH378107","2539923","2540207","chr8","112581025","112581311","20","110041102"
"JH378107","2554113","2554394","chr8","112594674","112594965","37","110040561"
"JH378107","2612444","2612744","chr8","112657408","112657706","14","110044964"
"JH378107","2632281","2632534","chr8","112677603","112677865","45","110045322"
"JH378107","2637592","2637896","chr8","112682517","112682820","26","110044925"
"JH378107","2790031","2790333","chr8","112844956","112845264","56","110054925"
"JH378107","2820350","2820655","chr8","112878271","112878587","34","110057921"
"JH378107","2832934","2833233","chr8","112889292","112889591","14","110056358"
"JH378107","2857982","2858289","chr8","112914957","112915263","20","110056975"
"JH378107","2871456","2871597","chr3","111507392","111507542","35","108635936"
"JH378107","2871628","2871745","chrX","106772558","106772679","12","103900930"
"JH378107","2872407","2872694","chr8","112929031","112929328","24","110056624"
"JH378107","2901386","2901562","chr8","112965141","112965311","22","110063755"
"JH378107","2901864","2901993","chr8","112965615","112965745","7","110063751"
"JH378107","2934213","2934486","chr8","112998038","112998327","29","110063825"
"JH378107","2943102","2943419","chr8","113006759","113007091","29","110063657"
"JH378107","2962345","2962651","chr8","113028802","113029110","20","110066457"
"JH378107","2965149","2965284","chr18","6504620","6504754","18","3539471"
"JH378107","2967984","2968272","chr8","113035471","113035757","19","110067487"
"JH378107","2984883","2985182","chr1","65002308","65002604","58","62017425"
"JH378107","2990878","2991191","chr8","113054991","113055303","24","110064113"
"JH378107","2999943","3000000","chr1","199106412","199106473","10","196106469"
"JH378107","3008135","3008430","chr1","172934422","172934713","48","169926287"
"JH378107","3014086","3014352","chr8","113079835","113080100","13","110065749"
"JH378107","3062423","3062727","chr8","113128496","113128807","24","110066073"
"JH378107","3068253","3068562","chr8","113135327","113135623","31","110067074"
"JH378107","3080819","3081116","chr8","113148705","113149006","32","110067886"
"JH378107","3091935","3092241","chr5","153981884","153982194","46","150889949"
"JH378107","3095135","3095223","chr8","113163012","113163104","6","110067877"
"JH378107","3097733","3098031","chr8","113165557","113165844","36","110067824"
"JH378107","3100614","3100894","chr8","113168389","113168686","36","110067775"
"JH378107","3121650","3121938","chr8","113192121","113192409","11","110070471"
"JH378107","3163641","3163942","chr7","49440720","49441027","47","46277079"
"JH378107","3176176","3176459","chr8","113246632","113246915","20","110070456"
"JH378107","3189102","3189398","chr8","113259737","113260039","35","110070635"
"JH378107","3231817","3231966","chr16","89722602","89722754","41","86490785"
"JH378107","3250250","3250496","chr8","113321055","113321308","15","110070805"
"JH378107","3261156","3261278","chr2","11411710","11411831","18","8150554"
"JH378107","3271530","3271653","chr5","129887148","129887265","19","126615618"
"JH378107","3271677","3271847","chr7","46691039","46691205","33","43419362"
"JH378107","3320304","3320399","chr3","187838782","187838874","15","184518478"
"JH378107","3342283","3342508","chr16","92570779","92571012","40","89228496"
"JH378107","3370867","3371156","chrX","44649146","44649430","53","41278279"
"JH378107","3383975","3384282","chr8","113466529","113466828","37","110082554"
"JH378107","3467927","3468224","chr8","113553883","113554172","27","110085956"
"JH378107","3604733","3604844","chr6","123987163","123987279","32","120382430"
"JH378107","3648849","3649016","chr10","35291003","35291172","35","31642154"
"JH378107","3649064","3649185","chr3","178217976","178218098","20","174568912"
"JH378107","3652142","3652456","chr8","113740659","113740967","38","110088517"
"JH378107","3663808","3664144","chr8","113752969","113753268","57","110089161"
"JH378107","3671000","3671285","chr12","105071047","105071331","49","101400047"
"JH378107","3697106","3697414","chr20","12351004","12351300","64","8653898"
"JH378107","3758593","3758899","chr8","113848681","113848984","21","110090088"
"JH378107","3815499","3815788","chr8","113900039","113900331","27","110084540"
"JH378107","3821098","3821384","chr8","113905167","113905455","17","110084069"
"JH378107","3823399","3823708","chr8","113907489","113907782","25","110084090"
"JH378107","4016768","4017049","chr8","114107720","114108008","38","110090952"
"JH378107","4103328","4103533","chr4","160711819","160712013","43","156608491"
"JH378107","4239442","4239737","chr8","114332592","114332880","19","110093150"
"JH378107","4259763","4260072","chr8","114352299","114352597","25","110092536"
"JH378107","4262789","4263073","chr8","114355296","114355579","16","110092507"
"JH378107","4287952","4288263","chr7","87007315","87007626","48","82719363"
"JH378107","4298012","4298317","chr8","114387162","114387464","26","110089150"
"JH378107","4353611","4353904","chr8","114445210","114445502","20","110091599"
"JH378107","4416244","4416346","chr2","171606288","171606391","12","167190044"
"JH378107","4455235","4455410","chr4","159594406","159594581","29","155139171"
"JH378107","4455886","4455989","chr4","78064904","78065009","21","73609018"
"JH378107","4461242","4461373","chr14","58625504","58625634","4","54164262"
"JH378107","4478195","4478331","chr21","40634824","40634948","24","36156629"
"JH378107","4483614","4483731","chr3","33903659","33903773","15","29420045"
"JH378107","4489732","4489849","chr22","2171972","2172084","26","2317760"
"JH378107","4490339","4490455","chr8","55648595","55648711","6","51158256"
"JH378107","4494436","4494759","chr8","114580241","114580551","55","110085805"
"JH378107","4511909","4512105","chr9","20354318","20354508","42","15842409"
"JH378107","4519778","4520090","chr8","114604363","114604671","36","110084585"
"JH378107","4531292","4531572","chr9","107658384","107658669","57","103127092"
"JH378107","4531577","4531700","chr8","114618642","114618766","11","110087065"
"JH378107","4546018","4546153","chr5","125049185","125049317","15","120503167"
"JH378107","4547750","4547765","chr1","168912483","168912495","4","164364733"
"JH378107","4548065","4548167","chr6","17486618","17486721","15","12938553"
"JH378107","4553342","4553582","chr8","114633034","114633286","32","110079692"
"JH378107","4555062","4555189","chr1","193488814","193488942","10","188933752"
"JH378107","4577344","4577550","chr13","39828907","39829120","42","35251563"
"JH378107","4586318","4586609","chr8","114662405","114662706","30","110076087"
"JH378107","4586809","4587129","chr22","44350093","44350412","40","39763284"
"JH378107","4615316","4615414","chr2","99364425","99364520","12","94749109"
"JH378107","4626673","4626951","chr4","30931875","30932154","48","26305202"
"JH378107","4632695","4632882","chr11","123127303","123127493","29","118494608"
"JH378107","4636982","4637225","chr19","36245022","36245278","57","31608040"
"JH378107","4639940","4640019","chr8","114717770","114717844","10","110077830"
"JH378107","4678444","4678529","chr8","114755454","114755539","4","110077010"
"JH378107","4694852","4695147","chr8","114773312","114773607","25","110078460"
"JH378107","4732601","4732696","chr18","13910678","13910767","21","9178077"
"JH378107","4733016","4733179","chr3","41610818","41610980","27","36877802"
"JH378107","4748182","4748468","chr7","51503118","51503405","42","46754936"
"JH378107","4781228","4781345","chr11","80650010","80650126","7","75868782"
"JH378107","4845771","4846063","chr8","114918590","114918885","35","110072819"
"JH378107","4856216","4856500","chr8","114932452","114932741","26","110076236"
"JH378107","4865932","4866057","chr14","41641813","41641937","13","36775881"
"JH378107","4892732","4893017","chr13","28271661","28271943","39","23378929"
"JH378107","4900064","4900373","chr8","114979247","114979545","33","110079183"
"JH378107","4917529","4917655","chr15","98367926","98368053","16","93450397"
"JH378107","4917689","4917864","chr18","9429234","9429410","27","4511545"
"JH378107","4921354","4921649","chr10","99609508","99609804","36","94688154"
"JH378107","4927569","4927881","chr1","148791785","148792096","48","143864216"
"JH378107","4928839","4929120","chr22","36559579","36559864","47","31630740"
"JH378107","4933422","4933713","chr8","115013284","115013583","27","110079862"
"JH378107","4962136","4962470","chrX","7285140","7285484","84","2323004"
"JH378107","4962501","4962520","chr5","73662709","73662726","3","68700208"
"JH378107","4967037","4967357","chr8","115047181","115047518","44","110080144"
"JH378107","4967444","4967566","chr11","59584766","59584885","13","54617322"
"JH378107","4967590","4967755","chr2","127833266","127833433","28","122865676"
"JH378107","4979189","4979337","chr12","70633863","70634012","26","65654674"
"JH378107","4983342","4983643","chr8","115061670","115061974","21","110078328"
"JH378107","4984402","4984702","chr1","94284877","94285175","47","89300475"
"JH378107","4987627","4987953","chr8","115065931","115066241","39","110078304"
"JH378107","4988778","4989064","chr8","115067072","115067354","22","110078294"
"JH378107","5002575","5002719","chr8","115081176","115081320","3","110078601"
"JH378107","5043264","5043367","chr8","115123518","115123621","9","110080254"
"JH378107","5048225","5048511","chr8","115128470","115128752","19","110080245"
"JH378107","5090424","5090719","chr8","115174703","115175001","27","110084279"
"JH378107","5105000","5105313","chr22","35779523","35779824","55","30674523"
"JH378107","5147683","5147978","chr1","125336201","125336499","47","120188518"
"JH378107","5151802","5152103","chr8","115240887","115241194","36","110089085"
"JH378107","5191469","5191750","chr2","39875012","39875291","47","34683543"
"JH378107","5202816","5203164","chr5","41472016","41472333","82","36269200"
"JH378107","5204811","5205110","chr8","115290225","115290525","24","110085414"
"JH378107","5206865","5207171","chr8","115292252","115292557","21","110085387"
"JH378107","5244028","5244333","chr8","115334784","115335090","29","110090756"
"JH378107","5268122","5268416","chr12","60701079","60701376","41","55432957"
"JH378107","5289507","5289784","chr8","115381388","115381667","27","110091881"
"JH378107","5291568","5291862","chr7","69754523","69754817","44","64462955"
"JH378107","5294654","5294894","chr5","130534957","130535191","44","125240303"
"JH378107","5306513","5306805","chr11","1922961","1923253","50","3383552"
"JH378107","5310322","5310627","chr8","115403034","115403335","30","110092712"
"JH378107","5352177","5352357","chr21","35037957","35038156","41","29685780"
"JH378107","5361753","5362068","chr8","115454479","115454779","41","110092726"
"JH378107","5391215","5391477","chr8","115489773","115490031","19","110098558"
"JH378107","5399050","5399359","chr7","49605506","49605818","45","44206456"
"JH378107","5438790","5439019","chr8","115534752","115534981","13","110095962"
"JH378107","5439228","5439541","chr5","83020752","83021071","57","77581524"
"JH378107","5481362","5481450","chr8","105062106","105062193","12","99580744"
"JH378107","5497203","5497492","chr7","113890644","113890931","37","108393441"
"JH378107","5499869","5500000","chr22","13792911","13793044","24","8293042"
"JH378107","5532842","5533000","chr7","62494884","62495041","27","56962042"
"JH378107","5605625","5605935","chr8","115705566","115705882","34","110099941"
"JH378107","5624817","5625094","chrX","45891853","45892123","49","40267036"
"JH378107","5660168","5660473","chr4","32622619","32622922","52","26962451"
"JH378107","5681041","5681345","chr8","115756903","115757196","24","110075862"
"JH378107","5710453","5710740","chr15","97058487","97058779","43","91348034"
"JH378107","5712260","5712562","chr8","115787185","115787486","21","110074925"
"JH378107","5722503","5722662","chr8","115797670","115797829","13","110075167"
"JH378107","5729656","5729964","chr8","115805099","115805399","24","110075443"
"JH378107","5733380","5733677","chr8","115809095","115809383","42","110075715"
"JH378107","5762042","5762314","chr12","90355539","90355804","44","84593497"
"JH378107","5772327","5772455","chr7","4329780","4329908","3","1442547"
"JH378107","5835852","5835955","chr3","165508512","165508612","11","159672660"
"JH378107","5850650","5850966","chr5","94146126","94146421","54","88295476"
"JH378107","5877591","5877887","chr8","115954387","115954682","25","110076796"
"JH378107","5879410","5879660","chr8","14427545","14427788","41","8548135"
"JH378107","5903191","5903481","chr8","115982646","115982939","20","110079455"
"JH378107","5951217","5951343","chr8","42362425","42362548","13","36411208"
"JH378107","5962341","5962636","chr8","116041597","116041883","32","110079256"
"JH378107","5977770","5977956","chr8","89371222","89371395","34","83393452"
"JH378107","5977992","5978120","chr5","64161580","64161704","14","58183588"
"JH378107","5985200","5985485","chr4","54901467","54901744","60","48916267"
"JH378107","5993710","5993877","chr8","116072172","116072347","14","110078462"
"JH378107","5994173","5994305","chr8","116072642","116072774","7","110078469"
"JH378107","6009417","6009609","chr2","7486003","7486191","32","1476586"
"JH378107","6009659","6009826","chr2","3588784","3588946","29","2420875"
"JH378107","6017531","6017821","chr13","15819983","15820284","44","9802452"
"JH378107","6020155","6020453","chr6","30949549","30949848","43","24929394"
"JH378107","6023049","6023362","chr8","116100844","116101167","21","110077795"
"JH378107","6024569","6024862","chr22","6408308","6408598","44","383739"
"JH378107","6057326","6057464","chr8","116143121","116143270","37","110085795"
"JH378107","6057465","6057629","chr8","116143271","116143437","21","110085806"
"JH378107","6057630","6057929","chr8","116143438","116143734","41","110085808"
"JH378107","6057930","6058063","chr8","116143735","116143868","9","110085805"
"JH378107","6058064","6058096","chr2","13595897","13595924","10","7537833"
"JH378107","6074629","6074740","chr19","34109274","34109381","6","28034645"
"JH378107","6077190","6077334","chr14","82451955","82452099","22","76374765"
"JH378107","6085836","6086135","chr8","116166398","116166703","30","110080562"
"JH378107","6094656","6094771","chr8","116176096","116176211","11","110081440"
"JH378107","6102452","6102743","chr9","26302358","26302649","42","20199906"
"JH378107","6123573","6123844","chr2","39201617","39201887","45","33078044"
"JH378107","6125450","6125703","chr8","116211633","116211888","24","110086183"
"JH378107","6126614","6126881","chr8","116212763","116213013","28","110086149"
"JH378107","6143021","6143168","chr9","103821224","103821368","27","97678203"
"JH378107","6144135","6144297","chr9","42544487","42544654","31","36400352"
"JH378107","6158773","6159060","chr9","111354658","111354956","48","105195885"
"JH378107","6160539","6160809","chr8","116245516","116245814","50","110084977"
"JH378107","6163101","6163410","chr1","199232878","199233180","50","193069777"
"JH378107","6166732","6166870","chr8","116252147","116252287","15","110085415"
"JH378107","6167176","6167323","chr1","170556854","170557002","37","164389678"
"JH378107","6169585","6169900","chr8","116254345","116254652","37","110084760"
"JH378107","6171479","6171570","chr21","29779409","29779500","6","23607930"
"JH378107","6173268","6173467","chr9","113314654","113314850","28","107141386"
"JH378107","6180353","6180518","chr8","116266399","116266570","13","110086046"
"JH378107","6180826","6180959","chr8","116266906","116267039","14","110086080"
"JH378107","6184280","6184412","chr4","35000001","35000134","18","28815721"
"JH378107","6186019","6186202","chr8","32570196","32570391","37","26384177"
"JH378107","6190656","6190774","chr2","36917314","36917432","16","30726658"
"JH378107","6193177","6193367","chr8","116280091","116280263","22","110086914"
"JH378107","6193395","6193543","chr8","116280291","116280437","19","110086896"
"JH378107","6194309","6194441","chr8","116287606","116287739","7","110093297"
"JH378107","6196381","6196613","chr9","37118098","37118331","36","30921717"
"JH378107","6201780","6201935","chr2","31116763","31116924","45","24914983"
"JH378107","6202229","6202388","chr7","81495719","81495888","26","75293490"
"JH378107","6206547","6206847","chr2","154478092","154478404","43","148271545"
"JH378107","6209101","6209389","chr8","116306926","116307214","19","110097825"
"JH378107","6218436","6218574","chr10","29534700","29534833","11","23316264"
"JH378107","6219364","6219543","chr2","69016963","69017139","40","62797599"
"JH378107","6224247","6224337","chr8","116320951","116321036","10","110096704"
"JH378107","6229275","6229563","chr8","116326179","116326467","28","110096904"
"JH378107","6233879","6234101","chr8","116330308","116330525","33","110096429"
"JH378107","6251879","6252082","chr9","53032977","53033182","41","46781098"
"JH378107","6254998","6255312","chr6","47454551","47454838","76","41199553"
"JH378107","6262510","6262795","chr8","116355949","116356226","28","110093439"
"JH378107","6268481","6268777","chr8","116361652","116361942","37","110093171"
"JH378107","6273427","6273711","chr9","111354658","111354956","54","105081231"
"JH378107","6275341","6275649","chr8","116368108","116368416","24","110092767"
"JH378107","6284841","6285004","chr8","116376752","116376924","22","110091911"
"JH378107","6292047","6292337","chr1","167894155","167894451","50","161602108"
"JH378107","6305394","6305677","chr8","116397208","116397493","26","110091814"
"JH378107","6312816","6312953","chr11","124431890","124432023","11","118119074"
"JH378107","6320584","6320893","chr8","116410432","116410727","35","110089848"
"JH378107","6332732","6332992","chrUn_GL286210","8070","8329","38","6324662"
"JH378107","6342683","6342977","chr8","116432008","116432289","29","110089325"
"JH378107","6343258","6343552","chr8","116432593","116432885","18","110089335"
"JH378107","6352195","6352473","chr5","120368105","120368383","39","114015910"
"JH378107","6353486","6353618","chr22","19703071","19703203","13","13349585"
"JH378107","6357345","6357645","chr12","20539936","20540241","45","14182591"
"JH378107","6381376","6381685","chr4","44817074","44817390","55","38435698"
"JH378107","6400819","6400841","chr17","66340964","66340986","3","59940145"
"JH378107","6400889","6401168","chr19","29892244","29892525","54","23491355"
"JH378107","6436599","6436913","chr5","130746297","130746604","54","124309698"
"JH378107","6437772","6437905","chr1","116982946","116983076","27","110545174"
"JH378107","6438001","6438168","chr1","99543338","99543503","28","93105337"
"JH378107","6439478","6439753","chr8","116541627","116541902","11","110102149"
"JH378107","6451569","6451861","chr8","116553810","116554100","21","110102241"
"JH378107","6464831","6465114","chr8","116569226","116569511","25","110104395"
"JH378107","6473108","6473392","chr8","116577563","116577850","13","110104455"
"JH378107","6478710","6478976","chr8","116583146","116583406","31","110104436"
"JH378107","6482416","6482687","chr2","37265837","37266114","49","30783421"
"JH378107","6490503","6490791","chr6","119028023","119028311","40","112537520"
"JH378107","6498218","6498519","chr8","116609516","116609828","34","110111298"
"JH378107","6511542","6511814","chr1","153365173","153365438","54","146853631"
"JH378107","6515440","6515747","chr8","116624206","116624517","27","110108766"
"JH378107","6527422","6527715","chr8","116634704","116635003","21","110107282"
"JH378107","6527876","6527930","chr5","75808815","75808869","6","69280939"
"JH378107","6528313","6528540","chr8","116635253","116635479","10","110106940"
"JH378107","6532019","6532323","chr8","116638332","116638635","24","110106313"
"JH378107","6545509","6545593","chr20","21565526","21565610","13","15020017"
"JH378107","6553199","6553508","chr8","116659901","116660206","26","110106702"
"JH378107","6562174","6562454","chr8","116669104","116669406","35","110106930"
"JH378107","6567108","6567446","chr2","7414127","7414461","65","847019"
"JH378107","6567890","6568179","chr8","116673722","116673998","34","110105832"
"JH378107","6569749","6569923","chr5","134311911","134312087","30","127742162"
"JH378107","6569949","6570068","chr3","88539591","88539710","12","81969642"
"JH378107","6573970","6574264","chr12","11011554","11011837","56","4437584"
"JH378107","6584014","6584320","chr8","116690377","116690692","28","110106363"
"JH378107","6584321","6584422","chr2","189379228","189379327","16","182794907"
"JH378107","6586740","6586903","chr8","116693593","116693764","18","110106853"
"JH378107","6589340","6589474","chr5","134531890","134532024","18","127942550"
"JH378107","6608915","6609213","chr8","116718637","116718936","40","110109722"
"JH378107","6610016","6610200","chr8","116719731","116719909","17","110109715"
"JH378107","6610498","6610619","chr8","116720203","116720318","14","110109705"
"JH378107","6614733","6615020","chr8","116724293","116724598","42","110109560"
"JH378107","6616133","6616443","chr8","116727387","116727687","24","110111254"
"JH378107","6622310","6622605","chr8","116736303","116736599","22","110113993"
"JH378107","6626376","6626675","chr8","7783296","7783602","47","1156920"
"JH378107","6635879","6635938","chr22","15114218","15114274","7","8478339"
"JH378107","6635940","6636065","chr10","58513745","58513870","7","51877805"
"JH378107","6653182","6653497","chr2","198462013","198462326","51","191808831"
"JH378107","6662423","6662720","chr1","69307492","69307788","44","62645069"
"JH378107","6664428","6664736","chr8","116775948","116776253","23","110111520"
"JH378107","6683929","6684233","chr4","151633544","151633846","49","144949615"
"JH378107","6689409","6689717","chr8","116802130","116802434","18","110112721"
"JH378107","6738485","6738824","chr7","27345420","27345752","53","20606935"
"JH378107","6747254","6747391","chr3","179724129","179724272","29","172976875"
"JH378107","6762930","6763222","chr8","116871161","116871467","34","110108231"
"JH378107","6768101","6768404","chr8","116876343","116876647","35","110108242"
"JH378107","6768651","6768848","chr8","116876893","116877081","17","110108242"
"JH378107","6786240","6786526","chr8","116893871","116894162","22","110107631"
"JH378107","6798665","6798980","chr8","116905886","116906191","31","110107221"
"JH378107","6803946","6804121","chr8","116911470","116911649","14","110107524"
"JH378107","6831096","6831392","chr4","29016850","29017146","54","22185754"
"JH378107","6841697","6841980","chr8","116953345","116953618","19","110111648"
"JH378107","6843285","6843577","chr8","116954881","116955172","15","110111596"
"JH378107","6871372","6871662","chr8","116982297","116982597","42","110110925"
"JH378107","6924333","6924419","chr7","120575058","120575141","7","113650725"
"JH378107","6962138","6962427","chr8","117070059","117070344","17","110107921"
"JH378107","6982195","6982492","chr8","117091600","117091899","19","110109405"
"JH378107","6982803","6983096","chrX","123693487","123693778","37","116710684"
"JH378107","6991570","6991877","chr8","117101439","117101741","33","110109869"
"JH378107","6992559","6992854","chr8","117102258","117102565","24","110109699"
"JH378107","6994923","6994994","chrX","39922994","39923067","11","32928071"
"JH378107","7012810","7013158","chrY","2761470","2761809","71","4251340"
"JH378107","7031557","7031866","chr15","5636045","5636353","44","1395512"
"JH378107","7051951","7052252","chr12","25101868","25102166","50","18049917"
"JH378107","7057368","7057645","chr5","134727906","134728175","52","127670538"
"JH378107","7064623","7064977","chr1","152673124","152673450","84","145608501"
"JH378107","7072737","7072906","chrX","29267746","29267894","43","22195009"
"JH378107","7073207","7073365","chr8","117181113","117181275","14","110107906"
"JH378107","7074896","7075186","chr4","20806115","20806408","33","13731219"
"JH378107","7093153","7093376","chr8","117215663","117215888","23","110122510"
"JH378107","7094409","7094532","chr8","117216615","117216733","17","110122206"
"JH378107","7097427","7097549","chr5","8648310","8648434","8","1550883"
"JH378107","7132041","7132340","chr8","117251345","117251646","25","110119304"
"JH378107","7163803","7164098","chr8","117281341","117281632","22","110117538"
"JH378107","7164191","7164447","chr5","44693831","44694095","49","37529640"
"JH378107","7218341","7218622","chr8","117335757","117335982","67","110117416"
"JH378107","7226866","7226963","chr2","17916468","17916564","17","10689602"
"JH378107","7280505","7280673","chrX","89754331","89754493","28","82473826"
"JH378107","7348453","7348763","chr8","117462014","117462315","32","110113561"
"JH378107","7362083","7362294","chr8","117474922","117475140","22","110112839"
"JH378107","7371026","7371331","chr8","117485061","117485361","48","110114035"
"JH378107","7378890","7379190","chr8","117492040","117492338","28","110113150"
"JH378107","7382009","7382298","chr1","167082568","167082868","58","159700559"
"JH378107","7382739","7382850","chr1","79573674","79573782","8","72190935"
"JH378107","7395275","7395575","chr8","117508836","117509134","15","110113561"
"JH378107","7410899","7411194","chr10","81196256","81196554","37","73785357"
"JH378107","7420880","7421142","chr8","117532907","117533160","35","110112027"
"JH378107","7431740","7431892","chr13","88944423","88944572","24","81512683"
"JH378107","7447132","7447441","chr5","50659779","50660089","44","43212647"
"JH378107","7449718","7449853","chr13","45089632","45089766","12","37639914"
"JH378107","7450174","7450356","chr16","7087201","7087382","30","362973"
"JH378107","7457506","7457775","chr12","87604274","87604544","41","80146768"
"JH378107","7464343","7464654","chr8","117576663","117576943","44","110112320"
"JH378107","7466126","7466431","chr8","117578895","117579185","43","110112769"
"JH378107","7484018","7484153","chr8","117595152","117595289","6","110111134"
"JH378107","7484452","7484617","chr8","117595595","117595747","23","110111143"
"JH378107","7484651","7484661","chr9","17585313","17585323","1","10100662"
"JH378107","7486614","7486712","chr15","32853282","32853380","12","25366668"
"JH378107","7487094","7487200","chr1","64914240","64914339","14","57427146"
"JH378107","7491070","7491378","chr5","41472016","41472333","72","33980946"
"JH378107","7491401","7491430","chr1","52681258","52681288","2","45189857"
"JH378107","7493623","7493979","chr22","40501404","40501760","68","33007781"
"JH378107","7495889","7496225","chr13","83885318","83885636","54","76389429"
"JH378107","7500001","7500093","chr11","129776479","129776573","13","122276478"
"JH378107","7501642","7501790","chr1","127108787","127108939","19","119607145"
"JH378107","7503103","7503310","chr9","113314654","113314850","38","105811551"
"JH378107","7509051","7509226","chr8","117625332","117625506","17","110116281"
"JH378107","7513310","7513586","chr8","117629298","117629572","22","110115988"
"JH378107","7516290","7516426","chr8","117633644","117633778","12","110117354"
"JH378107","7516733","7516907","chr5","134311911","134312087","27","126795178"
"JH378107","7532670","7532973","chr8","117648963","117649259","23","110116293"
"JH378107","7549039","7549340","chr8","117663778","117664068","28","110114739"
"JH378107","7592775","7592921","chr1","13269656","13269794","40","5676881"
"JH378107","7593487","7593781","chr8","117710019","117710308","29","110116532"
"JH378107","7593783","7593847","chr8","117710310","117710374","5","110116527"
"JH378107","7594135","7594236","chr17","7111943","7112048","14","482192"
"JH378107","7598206","7598504","chr8","117712292","117712594","38","110114086"
"JH378107","7598526","7598653","chr12","48898833","48898959","9","41300307"
"JH378107","7599423","7599784","chr6","33479873","33480204","120","25880450"
"JH378107","7614028","7614319","chr8","117728053","117728347","21","110114025"
"JH378107","7622006","7622303","chr4","43938729","43939026","59","36316723"
"JH378107","7622590","7622895","chr8","117737320","117737628","26","110114730"
"JH378107","7631200","7631504","chr8","117745477","117745776","29","110114277"
"JH378107","7660789","7661023","chr17","4337654","4337885","38","3323135"
"JH378107","7674214","7674511","chr19","10393268","10393563","40","2719054"
"JH378107","7681151","7681374","chr10","15788195","15788425","39","8107044"
"JH378107","7688075","7688236","chr8","117804748","117804899","22","110116673"
"JH378107","7707466","7707750","chr11","129985362","129985649","43","122277896"
"JH378107","7711674","7711971","chr2","150555729","150556021","50","142844055"
"JH378107","7723511","7723619","chr10","75727203","75727309","12","68003692"
"JH378107","7726487","7726770","chr8","26379818","26380103","40","18653331"
"JH378107","7781858","7782139","chr11","121950217","121950499","39","114168359"
"JH378107","7822601","7822909","chr8","117936594","117936887","39","110113993"
"JH378107","7825515","7825773","chr20","26158219","26158484","42","18332704"
"JH378107","7826360","7826539","chr8","117940730","117940910","13","110114370"
"JH378107","7826582","7826699","chr8","117940942","117941060","9","110114360"
"JH378107","7836470","7836780","chr8","117950960","117951257","27","110114490"
"JH378107","7850402","7850695","chr8","117964712","117964988","31","110114310"
"JH378107","7983528","7983734","chr8","118101578","118101792","22","110118050"
"JH378107","8033172","8033452","chrX","64480750","64481035","53","56447578"
"JH378107","8087631","8087952","chr22","11576361","11576667","61","3488730"
"JH378107","8102768","8102778","chr1","164178444","164178454","2","156075676"
"JH378107","8102826","8103107","chr2","33553798","33554078","42","25450972"
"JH378107","8103110","8103397","chr8","118222590","118222873","24","110119480"
"JH378107","8106977","8107291","chr9","119844063","119844371","59","111737086"
"JH378107","8144039","8144337","chr8","118264041","118264335","30","110120002"
"JH378107","8184948","8185247","chr8","118304908","118305215","34","110119960"
"JH378107","8223639","8223949","chr8","118345253","118345555","29","110121614"
"JH378107","8269088","8269374","chr8","118392440","118392728","22","110123352"
"JH378107","8285529","8285811","chr8","118411908","118412206","34","110126379"
"JH378107","8287453","8287758","chr8","118413831","118414123","26","110126378"
"JH378107","8289717","8289910","chr8","118416136","118416321","21","110126419"
"JH378107","8291398","8291659","chr4","36513889","36514142","41","28222491"
"JH378107","8293039","8293333","chr8","118419674","118419980","30","110126635"
"JH378107","8296095","8296413","chr8","118422704","118423028","36","110126609"
"JH378107","8304135","8304395","chrX","12039789","12040051","52","3735654"
"JH378107","8305493","8305725","chr8","118435201","118435422","21","110129708"
"JH378107","8315457","8315748","chr8","118443039","118443327","21","110127582"
"JH378107","8323463","8323754","chr8","118450340","118450625","17","110126877"
"JH378107","8365974","8366317","chr5","83952139","83952481","58","75586165"
"JH378107","8428430","8428716","chr8","118589639","118589929","28","110161209"
"JH378107","8477317","8477631","chr8","118633953","118634278","35","110156636"
"JH378107","8647526","8647838","chr1","100427165","100427473","48","91779639"
"JH378107","8774096","8774403","chrX","7266598","7266893","59","1507498"
"JH378107","8872578","8872873","chr1","115280663","115280952","46","106408085"
"JH378107","8911321","8911487","chr2","171012698","171012863","23","162101377"
"JH378107","8919970","8920280","chr10","116623836","116624142","44","107703866"
"JH378107","9069211","9069335","chr8","76046448","76046570","21","66977237"
"JH378107","9069379","9069525","chr7","61551277","61551425","23","52481898"
"JH378107","9069682","9069859","chr5","31526765","31526928","33","22457083"
"JH378107","9293827","9293994","chr8","119472303","119472476","23","110178476"
"JH378107","9294024","9294146","chr8","119472503","119472628","9","110178479"
"JH378107","9384527","9384830","chr12","5017011","5017321","59","4367516"
"JH378107","9408353","9408417","chr8","119595588","119595656","8","110187235"
"JH378107","9681433","9681682","chr8","119890026","119890279","15","110208593"
"JH378107","9814710","9815001","chr8","120029597","120029878","30","110214887"
"JH378107","9830906","9830988","chr8","120051924","120052009","9","110221018"
"JH378107","9834747","9834932","chr8","27654962","27655146","31","17820215"
"JH378107","9835241","9835360","chr6","114631301","114631420","12","104796060"
"JH378107","9948919","9949196","chr8","120204106","120204401","38","110255187"
"JH378107","9963650","9963941","chr7","4910587","4910875","46","5053063"
"JH378107","10056853","10056999","chr8","120313278","120313416","22","110256425"
"JH378107","10123846","10123964","chr5","19332804","19332922","18","9208958"
"JH378107","10124002","10124160","chr10","126060226","126060381","36","115936224"
"JH378107","10143148","10143277","chr8","120431074","120431204","12","110287926"
"JH378107","10233156","10233467","chr8","120521598","120521918","41","110288442"
"JH378107","10301699","10301992","chr8","120595093","120595389","28","110293394"
"JH378107","10306463","10306792","chr10","17004087","17004410","55","6697624"
"JH378107","10582843","10583154","chr8","120932323","120932626","28","110349480"
"JH378107","10626305","10626433","chr22","10221659","10221794","16","404646"
"JH378107","10626457","10626642","chr9","8945688","8945866","39","1680769"
"JH378107","10808860","10809157","chr9","9407247","9407546","43","1401613"
"JH378107","10842636","10842930","chr8","121225236","121225534","24","110382600"
"JH378107","10845111","10845426","chr8","121227593","121227903","32","110382482"
"JH378107","11006925","11007211","chr5","62375838","62376124","52","51368913"
"JH378107","11109692","11109929","chr8","105704371","105704601","49","94594679"
"JH378107","11290147","11290277","chr11","119707419","119707550","23","108417272"
"JH378107","11315887","11316195","chr15","76289454","76289752","46","64973567"
"JH378107","11329478","11329786","chr7","56202100","56202408","46","44872622"
"JH378107","11350902","11351033","chr8","121803324","121803455","10","110452422"
"JH378107","11418996","11419306","chr8","121869827","121870137","28","110450831"
"JH378107","11438053","11438357","chr8","121887146","121887443","17","110449093"
"JH378107","11510270","11510420","chr2","68970961","68971106","18","57460691"
"JH378107","11550870","11551033","chr12","46825165","46825331","11","35274295"
"JH378107","11551069","11551191","chr2","133691626","133691745","11","122140557"
"JH378107","11566098","11566378","chr8","122006278","122006553","24","110440180"
"JH378107","11570959","11571043","chr8","122012073","122012157","4","110441114"
"JH378107","11571120","11571262","chr8","122012234","122012374","11","110441114"
"JH378107","11683206","11683507","chr8","122135495","122135793","26","110452289"
"JH378107","11744158","11744462","chr8","122197295","122197603","36","110453137"
"JH378107","11818798","11818922","chr5","8648310","8648434","10","3170488"
"JH378107","11832989","11833291","chr8","122300561","122300836","54","110467572"
"JH378107","11936554","11936640","chr8","122404603","122404703","18","110468049"
"JH378107","11936698","11936840","chr22","43110380","43110523","36","31173682"
"JH378107","11994083","11994374","chr11","110516780","110517046","72","98522697"
"JH378107","12135514","12135702","chr11","126513476","126513663","33","114377962"
"JH378107","12209683","12209983","chr22","30647957","30648251","54","18438274"
"JH378107","12308524","12308816","chr8","122808851","122809141","28","110500327"
"JH378107","12469320","12469500","chr4","23433361","23433542","30","10964041"
"JH378107","12743012","12743107","chr12","36832686","36832788","21","24089674"
"JH378107","12763441","12763708","chr8","123304787","123305069","31","110541346"
"JH378107","12842772","12843058","chr8","123405560","123405846","19","110562788"
"JH378107","12861051","12861350","chr5","79104062","79104360","50","66243011"
"JH378107","12960709","12961024","chr14","21115771","21116089","53","8155062"
"JH378107","13001717","13002027","chr8","123573848","123574157","56","110572131"
"JH378107","13008714","13008979","chr8","123580819","123581087","25","110572105"
"JH378107","13013228","13013462","chr3","150265383","150265612","41","137252155"
"JH378107","13043506","13043631","chr1","75993202","75993326","14","62949696"
"JH378107","13043653","13043803","chr7","131719663","131719818","27","118676010"
"JH378107","13055255","13055548","chr8","123621245","123621546","25","110565990"
"JH378107","13073271","13073569","chr8","123639633","123639930","16","110566362"
"JH378107","13118530","13118823","chr8","123681977","123682276","36","110563447"
"JH378107","13175076","13175381","chr9","100060012","100060317","47","86884936"
"JH378107","13219306","13219611","chr8","123782254","123782558","19","110562948"
"JH378107","13219697","13219885","chr9","18845637","18845826","30","5625940"
"JH378107","13230697","13230931","chr4","36513889","36514142","57","23283192"
"JH378107","13245450","13245733","chr8","123808752","123809035","10","110563302"
"JH378107","13277534","13277709","chr2","67382788","67382956","33","54105254"
"JH378107","13295837","13296018","chr8","123860986","123861167","15","110565149"
"JH378107","13362817","13363137","chr2","12703157","12703474","60","659660"
"JH378107","13381432","13381746","chr8","123984165","123984473","23","110602733"
"JH378107","13384379","13384614","chr8","123987117","123987348","18","110602738"
"JH378107","13398357","13398644","chr8","124001421","124001705","24","110603064"
"JH378107","13474449","13474753","chr8","124081862","124082171","27","110607413"
"JH378107","13477336","13477588","chr8","124084754","124085039","58","110607418"
"JH378107","13541659","13541918","chr8","124163256","124163532","32","110621597"
"JH378107","13568270","13568593","chr8","124190451","124190778","23","110622181"
"JH378107","13678876","13679173","chr8","124324448","124324747","21","110645572"
"JH378107","13683893","13684194","chr12","20539936","20540241","44","6856043"
"JH378107","13687153","13687454","chr8","124332823","124333121","22","110645670"
"JH378107","13732149","13732455","chr8","124372331","124372633","25","110640182"
"JH378107","13742408","13742525","chr12","84811186","84811303","7","71068778"
"JH378107","13814019","13814322","chr4","35319485","35319787","45","21505466"
"JH378107","13826802","13827103","chr8","124460369","124460665","25","110633567"
"JH378107","13830162","13830290","chr19","37972915","37973040","24","24142753"
"JH378107","13830320","13830484","chr5","112198481","112198643","30","98368161"
"JH378107","13831442","13831643","chr8","124464975","124465175","19","110633533"
"JH378107","13850882","13850898","chr1","174976269","174976283","2","161125387"
"JH378107","13850942","13851214","chr1","143699539","143699814","53","129848597"
"JH378107","13879330","13879499","chr2","70169911","70170081","37","56290581"
"JH378107","13894157","13894464","chr8","124502450","124502746","43","110608293"
"JH378107","14151565","14151861","chr8","124808353","124808649","27","110656788"
"JH378107","14167731","14167855","chr2","164219629","164219752","16","150051898"
"JH378107","14167901","14168080","chr3","105914370","105914544","36","91746469"
"JH378107","14208457","14208765","chr8","124867527","124867825","34","110659070"
"JH378107","14236656","14236955","chr8","124901499","124901795","25","110664843"
"JH378107","14269511","14269665","chr4","21358150","21358314","38","7088639"
"JH378107","14270058","14270175","chr22","8151872","8151985","16","6118186"
"JH378107","14281502","14281792","chr8","124944211","124944499","38","110662709"
"JH378107","14299600","14299936","chrX","62419453","62419768","71","48119853"
"JH378107","14385508","14385825","chr8","125039777","125040079","33","110654269"
"JH378107","14415616","14415790","chr17","63401169","63401338","27","48985553"
"JH378107","14429553","14429849","chr8","125085280","125085594","51","110655727"
"JH378107","14488223","14488322","chr14","58330474","58330567","18","43842251"
"JH378107","14488619","14488771","chrUn_GL287824","28600","28757","24","14460019"
"JH378107","14505823","14506016","chr8","125159852","125160045","16","110654029"
"JH378107","14521949","14522078","chr1","116982946","116983076","9","102460997"
"JH378107","14533857","14534136","chr8","125191308","125191611","41","110657451"
"JH378107","14579010","14579346","chr22","45586828","45587152","65","31007818"
"JH378107","14628301","14628539","chr8","125290208","125290447","18","110661907"
"JH378107","14649032","14649200","chr4","81754463","81754620","37","67105431"
"JH378107","14840939","14841217","chr22","6614596","6614880","47","8226343"
"JH378107","14858114","14858395","chr8","125528047","125528339","35","110669933"
"JH378107","14944067","14944377","chrX","63440175","63440478","42","48496108"
"JH378107","14953767","14953945","chrX","137222383","137222560","36","122268616"
"JH378107","14953974","14954092","chr9","761867","761984","20","14192107"
"JH378107","15009989","15010222","chr8","125679461","125679693","22","110669472"
"JH378107","15034572","15034878","chr8","125703702","125703989","42","110669130"
"JH378107","15099395","15099688","chr8","125765325","125765618","27","110665930"
"JH378107","15100151","15100454","chr8","125766079","125766380","26","110665928"
"JH378107","15133935","15134145","chr8","125803502","125803723","26","110669567"
"JH378107","15187449","15187745","chr8","125861366","125861660","25","110673917"
"JH378107","15281558","15281636","chr16","32472389","32472466","12","17190831"
"JH378107","15310814","15310934","chr3","150869456","150869574","20","135558642"
"JH378107","15310988","15311188","chr6","135735832","135736026","46","120424844"
"JH378107","15373500","15373780","chr9","111347946","111348207","58","95974446"
"JH378107","15388132","15388433","chr8","126067777","126068087","31","110679645"
"JH378107","15400876","15401173","chr8","126080771","126081069","42","110679895"
"JH378107","15658303","15658514","chr16","11318727","11318947","52","4339576"
"JH378107","15861377","15861662","chr8","126589723","126590006","28","110728346"
"JH378107","15873713","15873844","chr11","90524134","90524263","9","74650421"
"JH378107","15905897","15906193","chrX","23052051","23052353","50","7146154"
"JH378107","15939510","15939825","chr8","126675280","126675584","53","110735770"
"JH378107","15999073","15999211","chr5","60539689","60539832","18","44540616"
"JH378107","16055232","16055524","chr9","84212621","84212916","55","68157389"
"JH378107","16101450","16101638","chr18","19884054","19884244","40","3782604"
"JH378107","16216238","16216459","chr2","55541316","55541535","39","39325078"
"JH378107","16240993","16241304","chr18","3047133","3047426","60","13193860"
"JH378107","16311774","16312077","chr8","127075129","127075439","41","110763355"
"JH378107","16384870","16385158","chr8","127157240","127157527","29","110772370"
"JH378107","16395477","16395764","chr7","97062760","97063033","63","80667283"
"JH378107","16765964","16766243","chr8","127574202","127574474","30","110808238"
"JH378107","17099652","17099889","chr8","127932316","127932553","26","110832664"
"JH378107","17371995","17372220","chr8","87224941","87225193","44","69852946"
"JH378107","17451652","17451950","chr8","87136743","87137039","30","69685091"
"JH378107","17460303","17460578","chr8","87126318","87126609","33","69666015"
"JH378107","17576697","17576996","chr8","86994704","86995018","34","69418007"
"JH378107","17687283","17687575","chr8","86883112","86883404","17","69195829"
"JH378107","17696980","17697095","chr7","97805625","97805740","11","80108645"
"JH378107","17703071","17703333","chr1","134673843","134674101","51","116970772"
"JH378107","17705680","17705750","chr18","9161107","9161175","13","8544573"
"JH378107","17722980","17723112","chr8","86841868","86842000","9","69118888"
"JH378107","17724188","17724484","chr8","86840497","86840790","26","69116309"
"JH378107","17739953","17740246","chr8","86823541","86823837","23","69083588"
"JH378107","17790961","17791269","chr8","86771161","86771455","30","68980200"
"JH378107","17813132","17813427","chr8","86750734","86751023","33","68937602"
"JH378107","18011679","18011981","chr8","86542773","86543072","19","68531094"
"JH378107","18075683","18075979","chr7","41596316","41596616","46","23520633"
"JH378107","18083514","18083676","chr8","86472369","86472531","10","68388855"
"JH378107","18083729","18083847","chr8","86472200","86472318","8","68388471"
"JH378107","18111584","18111893","chr19","46819491","46819803","55","28707907"
"JH378107","18171762","18172055","chr7","13053140","13053435","54","5118622"
"JH378107","18355890","18356022","chr4","138047675","138047809","16","119691785"
"JH378107","18356321","18356488","chr22","45892465","45892629","30","27536144"
"JH378107","18383792","18384106","chr8","86156890","86157187","36","67773098"
"JH378107","18386271","18386559","chr8","86153633","86153915","14","67767362"
"JH378107","18462493","18462804","chr8","86077109","86077407","30","67614616"
"JH378107","18471346","18471487","chr13","12112630","12112757","32","6358716"
"JH378107","18524335","18524463","chr8","85998309","85998437","7","67473974"
"JH378107","18535495","18535791","chr8","85986491","85986784","17","67450996"
"JH378107","18584539","18584825","chr8","85937814","85938095","20","67353275"
"JH378107","18621051","18621172","chr2","61369495","61369612","18","42748444"
"JH378107","18621221","18621404","chr8","85907075","85907258","13","67285854"
"JH378107","18631899","18632202","chr8","85896955","85897256","17","67265056"
"JH378107","18665390","18665684","chr2","18747203","18747498","44","81813"
"JH378107","18675795","18676079","chr8","85848294","85848578","20","67172499"
"JH378107","18697938","18698222","chr6","135239831","135240112","51","116541893"
"JH378107","18699472","18699598","chr1","194772737","194772864","7","176073265"
"JH378107","18701265","18701577","chr4","160182652","160182961","52","141481387"
"JH378107","18709090","18709394","chr3","75194975","75195274","49","56485885"
"JH378107","18716052","18716339","chr2","146424979","146425266","48","127708927"
"JH378107","18716891","18717201","chrUn_GL288073","1312","1622","47","18715579"
"JH378107","18775729","18776036","chr8","85755147","85755449","18","66979418"
"JH378107","18783044","18783332","chr8","85748182","85748471","56","66965138"
"JH378107","18784876","18785071","chr8","85746637","85746835","16","66961761"
"JH378107","18815288","18815572","chr8","85721010","85721310","28","66905722"
"JH378107","18816801","18817142","chr8","85719445","85719785","18","66902644"
"JH378107","18825901","18826204","chr8","85710333","85710661","50","66884432"
"JH378107","18874606","18874795","chr12","90156907","90157087","37","71282301"
"JH378107","18875100","18875233","chr7","66082412","66082547","17","47207312"
"JH378107","18892027","18892161","chr22","10181870","10182003","12","8710157"
"JH378107","18892474","18892639","chr4","81754463","81754620","29","62861989"
"JH378107","18952866","18953151","chr2","138009367","138009662","58","119056501"
"JH378107","18957986","18958110","chr1","75993202","75993326","9","57035216"
"JH378107","18979186","18979484","chr8","85556412","85556688","40","66577226"
"JH378107","19012642","19012939","chr8","85524034","85524314","38","66511392"
"JH378107","19057453","19057734","chrX","63224512","63224791","40","44167059"
"JH378107","19108878","19109061","chrX","137222383","137222560","29","118113505"
"JH378107","19109124","19109241","chrX","20362760","20362881","20","1253636"
"JH378107","19120285","19120572","chr1","152818911","152819165","72","133698626"
"JH378107","19181196","19181363","chr8","85339500","85339668","23","66158304"
"JH378107","19213441","19213738","chr8","85309462","85309754","30","66096021"
"JH378107","19223304","19223590","chr8","85298869","85299156","15","66075565"
"JH378107","19226075","19226377","chr8","85296054","85296346","24","66069979"
"JH378107","19387515","19387715","chr8","85118402","85118579","33","65730887"
"JH378107","19475459","19475763","chr8","85031775","85032076","44","65556316"
"JH378107","19516526","19516583","chr8","84990811","84990864","8","65474285"
"JH378107","19516729","19516869","chr8","84990660","84990805","19","65473931"
"JH378107","19608386","19608469","chr5","78933744","78933829","16","59325358"
"JH378107","19647051","19647356","chr8","84848780","84849057","49","65201729"
"JH378107","19702552","19702819","chr22","27215615","27215897","52","7513063"
"JH378107","19722709","19722992","chr8","26379818","26380103","40","6657109"
"JH378107","19731537","19731835","chr8","84757026","84757317","22","65025489"
"JH378107","19756593","19756719","chr2","193143299","193143421","25","173386706"
"JH378107","19761893","19762205","chr8","84726829","84727139","28","64964936"
"JH378107","19762461","19762757","chr8","84726260","84726565","27","64963799"
"JH378107","19779152","19779405","chr2","49328941","49329201","39","29549789"
"JH378107","19818043","19818326","chr8","84663744","84664042","31","64845701"
"JH378107","19845565","19845865","chr6","30949549","30949848","49","11103984"
"JH378107","19913510","19913801","chr1","62131487","62131780","47","42217977"
"JH378107","19951244","19951399","chr8","84529808","84529964","21","64578564"
"JH378107","19985012","19985312","chr8","84495883","84496189","32","64510871"
"JH378107","20031314","20031598","chr8","84437962","84438248","29","64406648"
"JH378107","20066194","20066504","chr8","84402471","84402777","23","64336277"
"JH378107","20105587","20105893","chr8","84362560","84362867","31","64256973"
"JH378107","20120043","20120197","chr8","84347700","84347866","25","64227657"
"JH378107","20194662","20194973","chr8","84265819","84266130","31","64071157"
"JH378107","20223551","20223817","chr8","84231396","84231681","38","64007845"
"JH378107","20247636","20247737","chr16","46113605","46113706","14","25865969"
"JH378107","20507651","20507989","chrUn_GL286236","2207","2539","67","20505444"
"JH378107","20572133","20572435","chr8","83845168","83845477","41","63273035"
"JH378107","20601751","20602047","chr8","83814635","83814937","26","63212884"
"JH378107","20727495","20727830","chr8","83689761","83690074","42","62962266"
"JH378107","20821859","20822026","chr8","83591063","83591232","14","62769204"
"JH378107","20829130","20829402","chr8","83584004","83584285","36","62754874"
"JH378107","20872962","20873181","chr1","108293727","108293943","46","87420765"
"JH378107","20912374","20912680","chr8","83516921","83517217","27","62604547"
"JH378107","20939789","20939871","chr8","83490054","83490137","2","62550265"
"JH378107","20940921","20941223","chr8","83488714","83489008","32","62547793"
"JH378107","20944385","20944685","chr8","83485274","83485582","25","62540889"
"JH378107","21003412","21003551","chr8","83426926","83427067","12","62423514"
"JH378107","21020693","21020981","chr8","83412041","83412338","34","62391348"
"JH378107","21045339","21045579","chr12","87592777","87593014","65","66547438"
"JH378107","21071282","21071584","chr8","83361507","83361794","32","62290225"
"JH378107","21083886","21084197","chr1","173583879","173584187","57","152499993"
"JH378107","21086861","21087133","chr7","57608086","57608363","52","36521225"
"JH378107","21087154","21087193","chr9","98611541","98611575","10","77524387"
"JH378107","21128145","21128398","chr5","123607016","123607263","43","102478871"
"JH378107","21148264","21148557","chr15","61726278","61726566","49","40578014"
"JH378107","21177223","21177534","chr12","5102239","5102554","51","16074984"
"JH378107","21229330","21229614","chr8","83204106","83204397","31","61974776"
"JH378107","21341112","21341409","chr8","83093076","83093383","30","61751964"
"JH378107","21356894","21357189","chr8","83077420","83077716","23","61720526"
"JH378107","21371439","21371742","chr8","83064367","83064655","27","61692928"
"JH378107","21498997","21499141","chr22","39076965","39077100","30","17577968"
"JH378107","21499188","21499359","chr7","120382646","120382811","28","98883458"
"JH378107","21564037","21564323","chr2","99318467","99318749","48","77754430"
"JH378107","21588695","21588888","chr9","101429600","101429789","33","79840905"
"JH378107","21589259","21589272","chr9","84599021","84599033","1","63009762"
"JH378107","21589318","21589594","chrX","64480750","64481035","53","42891432"
"JH378107","21589651","21589768","chr8","82846742","82846859","10","61257091"
"JH378107","21599574","21599900","chrUn_GL286236","2207","2539","59","21597367"
"JH378107","21707887","21708159","chr8","82710080","82710347","22","61002193"
"JH378107","21974266","21974554","chr8","82407344","82407632","21","60433078"
"JH378107","22204349","22204372","chr2","123269817","123269841","3","101065468"
"JH378107","22204460","22204744","chr4","159367016","159367298","42","137162556"
"JH378107","22285194","22285463","chr10","68271682","68271950","23","45986488"
"JH378107","22417998","22418287","chr10","114709849","114710140","49","92291851"
"JH378107","22478163","22478298","chr8","81807747","81807879","10","59329584"
"JH378107","22523119","22523327","chr8","81753513","81753720","19","59230394"
"JH378107","22555443","22555628","chr8","81720965","81721151","13","59165522"
"JH378107","22558467","22558643","chr8","81717975","81718150","9","59159508"
"JH378107","22652129","22652266","chr14","79788142","79788277","10","57136013"
"JH378107","22727650","22727944","chr10","87681273","87681568","43","64953623"
"JH378107","22745038","22745197","chr8","81505094","81505254","9","58760056"
"JH378107","22916436","22916728","chr8","81329028","81329316","27","58412592"
"JH378107","22919290","22919589","chr5","108579775","108580074","36","85660485"
"JH378107","22958159","22958374","chr14","82931849","82932077","39","59973690"
"JH378107","22971889","22972188","chr8","81267531","81267827","26","58295642"
"JH378107","22974874","22974989","chr2","153375596","153375710","8","130400722"
"JH378107","23011366","23011649","chr8","81228786","81229073","24","58217420"
"JH378107","23048759","23048946","chr2","10657098","10657276","33","12391661"
"JH378107","23049245","23049370","chr6","16081820","16081954","23","6967425"
"JH378107","23059149","23059455","chr8","81175602","81175907","27","58116453"
"JH378107","23112716","23113021","chr8","81114499","81114800","26","58001783"
"JH378107","23189855","23190149","chr8","81047148","81047450","33","57857293"
"JH378107","23190208","23190491","chr8","81046801","81047088","27","57856593"
"JH378107","23208805","23209071","chr8","81027259","81027528","26","57818454"
"JH378107","23215134","23215258","chr8","81021567","81021691","8","57806433"
"JH378107","23448584","23448941","chr9","11920341","11920683","73","11528243"
"JH378107","23495319","23495606","chr8","80724801","80725103","41","57229482"
"JH378107","23497187","23497454","chr8","80722943","80723234","41","57225756"
"JH378107","23500477","23500783","chr8","80719668","80719971","23","57219191"
"JH378107","23502087","23502378","chr8","80718067","80718357","24","57215980"
"JH378107","23505736","23505885","chr8","80714587","80714732","16","57208851"
"JH378107","23545570","23545880","chrX","118386251","118386549","47","94840681"
"JH378107","23589891","23590191","chr8","80618451","80618745","27","57028560"
"JH378107","23592264","23592500","chr8","80616168","80616404","9","57023904"
"JH378107","23595856","23596124","chr8","80612393","80612669","26","57016537"
"JH378107","23612335","23612607","chr8","80595106","80595381","19","56982771"
"JH378107","23629172","23629274","chr9","35345341","35345443","19","11716169"
"JH378107","23629577","23629747","chr13","50314476","50314637","38","26684899"
"JH378107","23635071","23635157","chr13","95671311","95671395","13","72036240"
"JH378107","23641441","23641738","chr8","80565296","80565591","17","56923855"
"JH378107","23681956","23682249","chr8","80520429","80520720","25","56838473"
"JH378107","23728895","23729189","chr10","107068924","107069229","45","83340029"
"JH378107","23737190","23737466","chr8","80465849","80466125","23","56728659"
"JH378107","23737490","23737504","chr9","75453954","75453967","2","51716464"
"JH378107","23763707","23763955","chr8","80434704","80434951","18","56670997"
"JH378107","23766606","23766904","chr8","80431772","80432064","32","56665166"
"JH378107","23783243","23783514","chr8","80413283","80413554","18","56630040"
"JH378107","23814226","23814335","chr16","38012326","38012435","7","14198100"
"JH378107","23836814","23837104","chr8","80358863","80359162","39","56522049"
"JH378107","23838971","23839254","chr8","80357020","80357295","35","56518049"
"JH378107","23842323","23842441","chr12","36766169","36766278","17","12923846"
"JH378107","23844658","23844790","chr5","125049185","125049317","14","101204527"
"JH378107","23848448","23848754","chr8","80344867","80345163","29","56496419"
"JH378107","23871239","23871537","chr8","80323984","80324287","26","56452745"
"JH378107","23873865","23874160","chr8","80321348","80321639","22","56447483"
"JH378107","23878659","23878893","chr8","80316616","80316864","32","56437957"
"JH378107","23882604","23882718","chr1","155730854","155730967","5","131848250"
"JH378107","23919074","23919340","chr8","80272483","80272750","26","56353409"
"JH378107","24001093","24001386","chr8","80182621","80182906","39","56181528"
"JH378107","24014543","24014811","chr3","14318850","14319121","44","9695693"
"JH378107","24110781","24111092","chr7","87007315","87007626","44","62896534"
"JH378107","24132703","24132818","chr3","190152975","190153101","27","166020272"
"JH378107","24267166","24267459","chr18","3047133","3047426","44","21220033"
"JH378107","24295504","24295796","chr8","79889695","79889988","22","55594191"
"JH378107","24304576","24304867","chr8","79880625","79880914","22","55576049"
"JH378107","24308254","24308557","chr8","79876944","79877254","28","55568690"
"JH378107","24340229","24340496","chr8","79844909","79845157","36","55504680"
"JH378107","24385593","24385893","chr8","79797623","79797923","33","55412030"
"JH378107","24396585","24396763","chr3","134835441","134835598","40","110438856"
"JH378107","24396788","24396916","chr1","121683295","121683422","16","97286507"
"JH378107","24705121","24705206","chr7","103845511","103845594","14","79140390"
"JH378107","24786096","24786359","chr8","79379416","79379679","28","54593320"
"JH378107","24922025","24922216","chr7","55214764","55214948","35","30292739"
"JH378107","24954387","24954512","chr8","79212943","79213067","8","54258556"
"JH378107","24954574","24954644","chr12","106875816","106875887","8","81921242"
"JH378107","25029618","25029789","chr12","49241681","49241851","14","24212063"
"JH378107","25045675","25045972","chr8","79114413","79114703","37","54068738"
"JH378107","25072758","25073073","chr8","79080766","79081067","27","54008008"
"JH378107","25178735","25178987","chr8","78966746","78966967","44","53788011"
"JH378107","25227562","25227722","chr9","68634693","68634854","36","43407131"
"JH378107","25227758","25227880","chr15","65377782","65377901","16","40150024"
"JH378107","25273730","25274018","chr8","78870731","78871018","31","53597001"
"JH378107","25283246","25283531","chr8","78859195","78859469","36","53575949"
"JH378107","25396983","25397115","chr4","80973109","80973242","13","55576126"
"JH378107","25412562","25412742","chr22","13380393","13380567","27","12032169"
"JH378107","25436552","25436821","chr11","2286578","2286836","59","23149974"
"JH378107","25457315","25457611","chr8","78666995","78667289","27","53209680"
"JH378107","25517753","25518058","chr8","78597919","78598216","30","53080166"
"JH378107","25520649","25520926","chr5","72139665","72139949","50","46619016"
"JH378107","25600765","25600875","chr8","78499683","78499811","26","52898918"
"JH378107","25662307","25662589","chr8","78423838","78424120","22","52761531"
"JH378107","25872088","25872365","chr8","78208074","78208362","30","52335986"
"JH378107","26053901","26054193","chr8","78022947","78023243","31","51969046"
"JH378107","26166637","26166912","chr8","77891851","77892123","34","51725214"
"JH378107","26433803","26433917","chr6","71461835","71461950","24","45028032"
"JH378107","26446050","26446345","chr8","77591924","77592208","20","51145874"
"JH378107","26488414","26488714","chr8","77551750","77552055","35","51063336"
"JH378107","26495244","26495536","chr8","77547795","77548087","17","51052551"
"JH378107","26504551","26504797","chr8","77539699","77539945","21","51035148"
"JH378107","26534600","26534898","chr4","106620280","106620571","45","80085680"
"JH378107","26553990","26554254","chr8","77483739","77484023","36","50929749"
"JH378107","26647682","26647798","chr18","33219970","33220083","20","6572288"
"JH378107","26727656","26727943","chr8","77317528","77317819","20","50589872"
"JH378107","26781464","26781753","chr9","53555756","53556043","43","26774292"
"JH378107","26803172","26803398","chr13","1774037","1774272","56","25029135"
"JH378107","26820981","26821159","chr16","32727773","32727962","53","5906792"
"JH378107","26822030","26822339","chr8","77225181","77225492","41","50403151"
"JH378107","26822945","26823098","chr8","77224422","77224574","12","50401477"
"JH378107","26823099","26823392","chr8","77224127","77224421","13","50401028"
"JH378107","26823393","26823528","chr8","77223993","77224126","9","50400600"
"JH378107","26844234","26844464","chr17","4337654","4337885","36","22506580"
"JH378107","26871576","26871842","chr3","150029108","150029374","55","123157532"
"JH378107","26873176","26873308","chr8","77175478","77175609","16","50302302"
"JH378107","26873610","26873762","chr8","77175027","77175179","9","50301417"
"JH378107","26881739","26881865","chr8","77167749","77167872","10","50286010"
"JH378107","26884603","26884915","chr1","173583879","173584187","49","146699276"
"JH378107","26906764","26907046","chr8","77143542","77143824","26","50236778"
"JH378107","26911264","26911572","chr8","77138119","77138406","45","50226855"
"JH378107","26918816","26918972","chr22","35662024","35662183","27","8743208"
"JH378107","26950143","26950438","chr8","77095583","77095879","32","50145440"
"JH378107","26998397","26998688","chr4","4000264","4000540","58","22998133"
"JH378107","27051734","27051907","chr8","76985712","76985877","21","49933978"
"JH378107","27058353","27058663","chr8","76978924","76979232","21","49920571"
"JH378107","27069428","27069733","chr8","76968322","76968635","31","49898894"
"JH378107","27073599","27073906","chr8","76964199","76964509","37","49890600"
"JH378107","27252134","27252406","chr8","76789087","76789356","20","49536953"
"JH378107","27256180","27256489","chr8","76784747","76785048","30","49528567"
"JH378107","27278191","27278489","chr5","26968234","26968539","48","309957"
"JH378107","27300453","27300756","chr7","89951395","89951694","52","62650942"
"JH378107","27327750","27328040","chr8","76714635","76714928","22","49386885"
"JH378107","27345695","27345920","chr8","8244782","8245008","43","19100913"
"JH378107","27349179","27349325","chr5","45962731","45962871","23","18613552"
"JH378107","27349622","27349784","chr5","108637957","108638119","24","81288335"
"JH378107","27353891","27354172","chr8","76676737","76677018","18","49322846"
"JH378107","27386456","27386758","chr8","76646745","76647050","29","49260289"
"JH378107","27392899","27393054","chr8","76640474","76640622","15","49247575"
"JH378107","27423060","27423377","chr22","36935341","36935653","47","9512281"
"JH378107","27424211","27424298","chr8","76607652","76607740","6","49183441"
"JH378107","27487461","27487580","chr10","74152125","74152241","22","46664664"
"JH378107","27496531","27496644","chr1","155730854","155730967","4","128234323"
"JH378107","27563172","27563307","chr8","76465559","76465694","7","48902387"
"JH378107","27563308","27563609","chr8","76465257","76465558","16","48901949"
"JH378107","27566466","27566505","chr5","79005690","79005726","11","51439224"
"JH378107","27570470","27570647","chr8","76458567","76458744","9","48888097"
"JH378107","27570956","27571021","chr6","47338265","47338325","10","19767309"
"JH378107","27599658","27599957","chr8","76429118","76429418","23","48829460"
"JH378107","27619180","27619303","chr6","114287453","114287576","6","86668273"
"JH378107","27656804","27656926","chr1","202775478","202775601","9","175118674"
"JH378107","27662957","27663070","chr16","36973442","36973554","4","9310485"
"JH378107","27711367","27711396","chr3","26887078","26887111","13","824289"
"JH378107","27714892","27715195","chr17","6803727","6804028","46","20911165"
"JH378107","27722957","27723118","chr13","83672227","83672392","28","55949270"
"JH378107","27723748","27723988","chr12","28972041","28972263","57","1248293"
"JH378107","27754943","27755072","chr5","79131768","79131894","7","51376825"
"JH378107","27827122","27827431","chr8","76130120","76130413","24","48302998"
"JH378107","27840199","27840355","chr8","76106526","76106664","26","48266327"
"JH378107","27840658","27840784","chr8","76106087","76106221","21","48265429"
"JH378107","27935394","27935678","chr8","76008321","76008602","23","48072927"
"JH378107","27958190","27958470","chr2","99318467","99318749","47","71360277"
"JH378107","27961152","27961348","chr8","75981944","75982134","24","48020792"
"JH378107","27961649","27961767","chr5","11352868","11352986","14","16608781"
"JH378107","27963880","27964143","chr8","75976441","75976700","21","48012561"
"JH378107","27981881","27982177","chrX","234531","234822","47","27747350"
"JH378107","28062244","28062545","chr8","75895146","75895446","27","47832902"
"JH378107","28080828","28081124","chr8","75871410","75871698","25","47790582"
"JH378107","28083925","28084218","chr8","75867983","75868300","44","47784058"
"JH378107","28086437","28086733","chr8","75865511","75865797","25","47779074"
"JH378107","28088223","28088509","chr8","75863781","75864058","34","47775558"
"JH378107","28096830","28096988","chr8","75855507","75855658","18","47758677"
"JH378107","28138672","28138848","chr14","36531004","36531180","43","8392332"
"JH378107","28138884","28139005","chr6","319931","320050","16","27818953"
"JH378107","28157594","28157723","chr14","88312241","88312370","6","60154647"
"JH378107","28185136","28185269","chr7","62905967","62906099","16","34720831"
"JH378107","28187287","28187543","chr8","75768604","75768858","13","47581317"
"JH378107","28214396","28214671","chr8","75737487","75737772","31","47523091"
"JH378107","28267747","28268063","chr7","2960819","2961126","67","25306928"
"JH378107","28281798","28282066","chr8","75662501","75662761","30","47380703"
"JH378107","28290146","28290450","chr7","64708393","64708695","61","36418247"
"JH378107","28295965","28296255","chr8","75647728","75648018","22","47351763"
"JH378107","28309494","28309777","chr8","75633847","75634116","31","47324353"
"JH378107","28310113","28310229","chr8","55648595","55648711","4","27338482"
"JH378107","28317476","28317621","chr2","8862451","8862599","25","19455025"
"JH378107","28355892","28356070","chr2","202885790","202885971","34","174529898"
"JH378107","28356226","28356345","chr8","80360619","80360739","19","52004393"
"JH378107","28375319","28375443","chr8","75570923","75571046","6","47195604"
"JH378107","28387099","28387389","chr14","34676760","34677051","41","6289661"
"JH378107","28391716","28392006","chr2","150555729","150556021","49","122164013"
"JH378107","28399342","28399485","chr6","123815675","123815820","22","95416333"
"JH378107","28403078","28403388","chr22","3232436","3232747","40","25170642"
"JH378107","28421507","28421808","chr5","152243726","152244023","51","123822219"
"JH378107","28429204","28429509","chr12","15222221","15222522","49","13206983"
"JH378107","28432594","28432884","chr8","75513298","75513587","16","47080704"
"JH378107","28445880","28446179","chr8","75494043","75494350","28","47048163"
"JH378107","28536381","28536670","chr8","75395296","75395585","27","46858915"
"JH378107","28561317","28561544","chr8","75358719","75358947","27","46797402"
"JH378107","28679695","28679861","chr17","8473963","8474126","23","20205732"
"JH378107","28679886","28680004","chr3","61178234","61178354","15","32498348"
"JH378107","28716789","28716904","chr11","64887460","64887576","6","36170671"
"JH378107","28767820","28768125","chr8","75090363","75090674","28","46322543"
"JH378107","28797216","28797428","chr8","75059017","75059238","38","46261801"
"JH378107","28797485","28797512","chr22","18092407","18092430","8","10705078"
"JH378107","28802346","28802648","chr2","12662416","12662722","52","16139930"
"JH378107","28883957","28884236","chr8","74940488","74940764","12","46056531"
"JH378107","28934082","28934373","chr8","74889229","74889522","22","45955147"
"JH378107","28983046","28983168","chr17","48679102","48679224","5","19696056"
"JH378107","29018656","29018769","chr14","27581295","27581393","26","1437361"
"JH378107","29070075","29070398","chr8","74738921","74739213","43","45668846"
"JH378107","29142525","29142718","chr2","37180345","37180531","31","8037820"
"JH378107","29143505","29143812","chr8","74644068","74644377","26","45500563"
"JH378107","29153124","29153375","chr10","9938843","9939104","57","19214281"
"JH378107","29156892","29157058","chr6","157705837","157705999","28","128548945"
"JH378107","29157645","29157914","chr1","176845402","176845669","50","147687757"
"JH378107","29173427","29173740","chr8","74617765","74618082","27","45444338"
"JH378107","29180270","29180574","chr8","74610001","74610306","18","45429731"
"JH378107","29180680","29180943","chr8","74609636","74609895","29","45428956"
"JH378107","29184302","29184557","chr8","74606014","74606254","31","45421712"
"JH378107","29195889","29195982","chr9","100000001","100000094","11","70804112"
"JH378107","29242947","29243245","chr1","180025158","180025453","37","150782211"
"JH378107","29330782","29330940","chr2","44790495","44790652","21","15459713"
"JH378107","29379330","29379596","chr8","74396380","74396636","29","45017050"
"JH378107","29385671","29385979","chr8","74390443","74390741","21","45004772"
"JH378107","29391957","29392253","chr7","49453815","49454106","45","20061858"
"JH378107","29403086","29403389","chr8","74357554","74357830","54","44954468"
"JH378107","29408341","29408462","chrX","106772558","106772679","10","77364217"
"JH378107","29408513","29408675","chr12","1555877","1556043","40","27852636"
"JH378107","29462240","29462455","chr8","74296581","74296792","15","44834341"
"JH378107","29465284","29465574","chr6","112642208","112642499","38","83176924"
"JH378107","29517581","29517869","chr8","74238496","74238786","22","44720915"
"JH378107","29522687","29522949","chr8","74233445","74233695","29","44710758"
"JH378107","29568973","29569274","chr8","74184782","74185070","29","44615809"
"JH378107","29572848","29573147","chr8","74176720","74177014","40","44603872"
"JH378107","29577088","29577369","chr8","74173954","74174236","42","44596866"
"JH378107","29592829","29593117","chr8","74156438","74156734","31","44563609"
"JH378107","29597200","29597495","chr6","51872832","51873127","43","22275632"
"JH378107","29597980","29598268","chr8","74149699","74149993","45","44551719"
"JH378107","29632845","29633148","chr8","74112071","74112359","25","44479226"
"JH378107","29641881","29642170","chr11","108060185","108060479","59","78418304"
"JH378107","29662814","29663115","chr8","74082629","74082924","25","44419815"
"JH378107","29672800","29673065","chr14","81165537","81165800","44","51492737"
"JH378107","29681783","29682056","chr8","74064831","74065099","22","44383048"
"JH378107","29689586","29689873","chr8","74056060","74056349","28","44366474"
"JH378107","29697269","29697581","chr8","74048322","74048630","29","44351053"
"JH378107","29698029","29698306","chr8","74047625","74047903","14","44349596"
"JH378107","29701515","29701809","chr8","74044094","74044390","15","44342579"
"JH378107","29708783","29709076","chr8","74037837","74038129","16","44329054"
"JH378107","29723923","29724058","chr8","74022693","74022827","11","44298770"
"JH378107","29724161","29724349","chr10","100143619","100143805","47","70419458"
"JH378107","29733719","29733950","chr6","6853580","6853817","43","22880139"
"JH378107","29737184","29737477","chr8","74004518","74004811","14","44267334"
"JH378107","29738930","29739234","chr7","89951395","89951694","42","60212465"
"JH378107","29740771","29741050","chr7","76942724","76943010","43","47201953"
"JH378107","29746864","29747170","chr8","73996905","73997215","25","44250041"
"JH378107","29761525","29761695","chr5","134311911","134312087","26","104550386"
"JH378107","29786238","29786532","chr8","73960488","73960780","27","44174250"
"JH378107","29793035","29793146","chr8","73951147","73951258","4","44158112"
"JH378107","29809208","29809308","chr8","73935417","73935517","9","44126209"
"JH378107","29816314","29816432","chr8","73928171","73928289","5","44111857"
"JH378107","29816433","29816727","chr8","73927880","73928170","22","44111447"
"JH378107","29816749","29816931","chr10","101787754","101787933","27","71971005"
"JH378107","29823466","29823725","chrUn_GL286532","40019","40291","52","29783447"
"JH378107","29825880","29825962","chr1","74434065","74434149","10","44608185"
"JH378107","29832182","29832296","chr14","26572013","26572126","22","3260169"
"JH378107","29832572","29832746","chr8","73910633","73910799","15","44078061"
"JH378107","29833196","29833527","chr8","73909891","73910202","54","44076695"
"JH378107","29833817","29834122","chr8","73909303","73909600","39","44075486"
"JH378107","29834205","29834287","chr8","73909140","73909222","5","44074935"
"JH378107","29846127","29846431","chr8","73896016","73896319","29","44049889"
"JH378107","29850211","29850493","chr8","73893269","73893558","35","44043058"
"JH378107","29851000","29851304","chr2","6420415","6420717","59","23430585"
"JH378107","29856846","29857144","chr8","73888010","73888305","23","44031164"
"JH378107","29865429","29865561","chr11","20778758","20778888","9","9086671"
"JH378107","29870053","29870225","chr1","172383491","172383665","26","142513438"
"JH378107","29873936","29874227","chr8","73874314","73874598","26","44000378"
"JH378107","29875813","29876117","chr8","73872571","73872882","21","43996758"
"JH378107","29879137","29879439","chr8","73869889","73870176","40","43990752"
"JH378107","29894077","29894370","chr8","73841629","73841916","29","43947552"
"JH378107","29894371","29894487","chr2","72597203","72597328","28","42702832"
"JH378107","29898492","29898793","chr8","73837019","73837319","21","43938527"
"JH378107","29901262","29901389","chr8","73834843","73834967","5","43933581"
"JH378107","29901691","29901878","chr7","150417649","150417834","34","120515958"
"JH378107","29915034","29915074","chr4","8449758","8449796","11","21465276"
"JH378107","29915368","29915575","chr8","73816955","73817176","35","43901587"
"JH378107","29920129","29920396","chr22","16590794","16591055","38","13329335"
"JH378107","29920443","29920735","chrUn_GL286451","460414","460703","52","29460029"
"JH378107","29934371","29934662","chr8","73802439","73802734","26","43868068"
"JH378107","29935064","29935185","chr8","73801943","73802064","10","43866879"
"JH378107","29936337","29936641","chr8","73800481","73800787","21","43864144"
"JH378107","29940804","29941068","chr1","199962981","199963238","48","170022177"
"JH378107","29942877","29943154","chr1","194793053","194793341","66","164850176"
"JH378107","29954633","29954779","chr1","203116394","203116541","16","173161761"
"JH378107","29958116","29958237","chr20","20107644","20107775","26","9850472"
"JH378107","29958431","29958543","chr9","83771103","83771214","13","53812672"
"JH378107","29958819","29958923","chr7","148854098","148854199","15","118895279"
"JH378107","29961954","29962225","chr8","73769198","73769462","28","43807244"
"JH378107","29963699","29963822","chr11","107315908","107316031","8","77352209"
"JH378107","29968490","29968797","chr6","68277710","68278015","52","38309220"
"JH378107","29973049","29973352","chr8","73757868","73758161","27","43784819"
"JH378107","29992072","29992359","chrX","22851134","22851420","47","7140938"
"JH378107","29993806","29994053","chr1","194435632","194435876","63","164441826"
"JH378107","29994991","29995283","chr8","73737213","73737504","36","43742222"
"JH378107","30005903","30006202","chr1","10557462","10557760","52","19448441"
"JH378107","30021528","30021825","chr8","73711405","73711702","13","43689877"
"JH378107","30027003","30027325","chr8","73705220","73705550","29","43678217"
"JH378107","30036923","30037222","chr8","73695436","73695719","41","43658513"
"JH378107","30037883","30038113","chr8","73694543","73694775","20","43656660"
"JH378107","30055321","30055617","chr8","73674803","73675087","26","43619482"
"JH378107","30056392","30056519","chr3","188358174","188358303","7","158301782"
"JH378107","30112243","30112533","chr8","73608852","73609144","19","43496609"
"JH378107","30120871","30121179","chr11","107117015","107117324","54","76996144"
"JH378107","30125722","30126069","chr12","10959071","10959404","62","19166651"
"JH378107","30134864","30135201","chr14","15058735","15059044","81","15076129"
"JH378107","30178005","30178307","chr8","73544609","73544904","29","43366604"
"JH378107","30195166","30195301","chr4","25896449","25896581","15","4298717"
"JH378107","30195614","30195790","chrUn_GL286658","10366","10534","25","30185248"
"JH378107","30212732","30212851","chrX","10730420","10730536","8","19482312"
"JH378107","30217095","30217380","chr8","73501651","73501954","44","43284556"
"JH378107","30244363","30244677","chr8","73469550","73469843","52","43225187"
"JH378107","30245665","30245977","chr8","73468245","73468554","22","43222580"
"JH378107","30246602","30246868","chr8","73467358","73467625","11","43220756"
"JH378107","30253939","30254239","chr8","73460270","73460557","27","43206331"
"JH378107","30268033","30268333","chr10","129957723","129958014","50","99689690"
"JH378107","30271605","30271742","chr8","73442510","73442649","16","43170905"
"JH378107","30272050","30272171","chr8","73442088","73442209","8","43170038"
"JH378107","30301966","30302257","chr8","73411824","73412112","33","43109858"
"JH378107","30308212","30308509","chr6","49163033","49163332","45","18854821"
"JH378107","30308739","30309033","chr8","73405548","73405841","22","43096809"
"JH378107","30335760","30336079","chr8","73379030","73379333","49","43043270"
"JH378107","30356208","30356509","chr8","73360845","73361141","24","43004637"
"JH378107","30366144","30366421","chr8","73348973","73349250","15","42982829"
"JH378107","30371939","30372068","chr5","150164917","150165048","9","119792978"
"JH378107","30372089","30372387","chr8","73335050","73335348","15","42962961"
"JH378107","30376719","30377060","chr3","151859181","151859509","72","121482462"
"JH378107","30386712","30387019","chr8","73321764","73322066","43","42935052"
"JH378107","30396326","30396630","chr7","98568155","98568451","50","68171829"
"JH378107","30416896","30417209","chr8","73293125","73293428","33","42876229"
"JH378107","30421370","30421676","chr8","73288627","73288928","30","42867257"
"JH378107","30425476","30425781","chr8","73284084","73284387","36","42858608"
"JH378107","30425959","30426031","chr7","149334165","149334237","17","118908206"
"JH378107","30427976","30428277","chr8","73282012","73282325","37","42854036"
"JH378107","30429615","30429750","chr8","73280533","73280668","13","42850918"
"JH378107","30430043","30430247","chr22","33665774","33665972","42","3235731"
"JH378107","30598046","30598201","chr22","15888910","15889060","26","14709136"
"JH378107","30616616","30616895","chr8","73055212","73055499","40","42438596"
"JH378107","30813962","30814216","chr8","72895545","72895799","10","42081583"
"JH378107","30817548","30817844","chr8","72891892","72892172","33","42074344"
"JH378107","30849510","30849819","chr8","72859992","72860295","27","42010482"
"JH378107","30890677","30890960","chr8","72815435","72815709","23","41924758"
"JH378107","30932319","30932604","chr1","192314689","192314976","45","161382370"
"JH378107","30932605","30932730","chrX","40374023","40374149","15","9441418"
"JH378107","30964495","30964807","chr8","72741541","72741847","32","41777046"
"JH378107","31128853","31129173","chr8","72569934","72570233","46","41441081"
"JH378107","31144127","31144412","chr8","72548753","72549038","19","41404626"
"JH378107","31146467","31146757","chr8","72546167","72546456","19","41399700"
"JH378107","31149607","31149898","chr8","72543024","72543314","25","41393417"
"JH378107","31158063","31158374","chr8","72533950","72534255","27","41375887"
"JH378107","31209406","31209704","chr5","60776029","60776332","44","29566623"
"JH378107","31244677","31244970","chr8","72445848","72446141","27","41201171"
"JH378107","31297768","31298056","chr8","72399822","72400114","19","41102054"
"JH378107","31318952","31319075","chr8","72379223","72379346","9","41060271"
"JH378107","31363658","31363715","chr2","12753612","12753668","9","18610046"
"JH378107","31425231","31425487","chr4","17627105","17627365","50","13798126"
"JH378107","31428766","31428933","chr18","5509412","5509581","26","25919354"
"JH378107","31428954","31429067","chr4","39453939","39454050","24","8024985"
"JH378107","31440409","31440678","chr8","72249847","72250114","23","40809438"
"JH378107","31453164","31453469","chr14","82090080","82090381","47","50636916"
"JH378107","31504460","31504750","chr9","100111729","100112018","43","68607269"
"JH378107","31665420","31665650","chr7","4969121","4969352","37","26696299"
"JH378107","31669032","31669339","chr8","71981047","71981348","31","40312015"
"JH378107","31678634","31678921","chr8","71973337","71973622","24","40294703"
"JH378107","31720449","31720714","chr8","71927727","71927995","16","40207278"
"JH378107","31755675","31755983","chrX","121613066","121613370","49","89857391"
"JH378107","31764538","31764805","chr8","71888055","71888316","27","40123517"
"JH378107","31771147","31771449","chr9","115761632","115761933","34","83990485"
"JH378107","31797532","31797830","chr8","71853574","71853860","50","40056042"
"JH378107","31838009","31838307","chr8","71806052","71806345","34","39968043"
"JH378107","31838785","31839093","chr20","35319112","35319419","45","3480327"
"JH378107","31869403","31869715","chr21","40928423","40928736","47","9059020"
"JH378107","31878418","31878705","chr8","71764323","71764619","25","39885905"
"JH378107","31886528","31886643","chrX","90575531","90575648","9","58689003"
"JH378107","31886675","31886787","chr4","153838335","153838445","14","121951660"
"JH378107","31891001","31891137","chr8","71753022","71753158","9","39862021"
"JH378107","31891441","31891606","chr8","71752558","71752719","22","39861117"
"JH378107","31916413","31916538","chr3","185080899","185081024","14","153164486"
"JH378107","31938171","31938299","chr9","91533783","91533913","19","59595612"
"JH378107","31938579","31938761","chr8","71705407","71705562","40","39766828"
"JH378107","31940384","31940517","chr11","110719315","110719447","8","78778931"
"JH378107","31951208","31951507","chr8","71691961","71692264","23","39740753"
"JH378107","31970602","31970717","chr10","27777099","27777216","25","4193503"
"JH378107","31970752","31970903","chr7","54679434","54679590","38","22708682"
"JH378107","31983194","31983491","chr8","71660494","71660784","23","39677300"
"JH378107","31992045","31992366","chr2","46872808","46873113","63","14880763"
"JH378107","32013566","32013870","chr8","71634129","71634428","39","39620563"
"JH378107","32014683","32014827","chr8","71633012","71633156","14","39618329"
"JH378107","32015120","32015276","chr8","71632549","71632703","12","39617429"
"JH378107","32033682","32033772","chr2","138039558","138039644","10","106005876"
"JH378107","32035300","32035586","chr8","71600895","71601188","24","39565595"
"JH378107","32045095","32045353","chr8","71591872","71592139","22","39546777"
"JH378107","32053504","32053798","chr8","71584668","71584957","33","39531164"
"JH378107","32058139","32058442","chr8","71580594","71580876","43","39522455"
"JH378107","32074285","32074456","chr10","35063978","35064153","32","2989693"
"JH378107","32074512","32074635","chr10","123206065","123206190","18","91131553"
"JH378107","32124215","32124514","chr8","71494127","71494421","31","39369912"
"JH378107","32134950","32135233","chr8","71483171","71483464","29","39348221"
"JH378107","32141976","32142261","chrUn_GL288994","3218","3502","52","32138758"
"JH378107","32151863","32152151","chr8","71463370","71463665","23","39311507"
"JH378107","32203347","32203544","chr8","71387283","71387464","29","39183936"
"JH378107","32203851","32203959","chr8","71386863","71386971","5","39183012"
"JH378107","32206105","32206232","chr8","71384909","71385035","9","39178804"
"JH378107","32242623","32242912","chr8","71336721","71336998","41","39094098"
"JH378107","32271279","32271554","chr8","71294689","71294978","37","39023410"
"JH378107","32292102","32292402","chr8","71272029","71272340","34","38979927"
"JH378107","32293313","32293608","chr2","153350531","153350819","48","121057218"
"JH378107","32300586","32300876","chr8","71265295","71265589","26","38964709"
"JH378107","32338169","32338321","chr5","43629416","43629567","20","11291247"
"JH378107","32338350","32338471","chr2","15901142","15901265","16","16437208"
"JH378107","32340295","32340602","chr7","47311535","47311830","46","14971240"
"JH378107","32358338","32358612","chr8","71186692","71186989","39","38828354"
"JH378107","32359790","32360097","chr12","34146412","34146714","48","1786622"
"JH378107","32403575","32403860","chr8","71115133","71115428","45","38711558"
"JH378107","32404017","32404307","chr2","35255482","35255752","60","2851465"
"JH378107","32425707","32425981","chr8","71088422","71088714","35","38662715"
"JH378107","32446359","32446641","chr8","71067331","71067608","29","38620972"
"JH378107","32466853","32467141","chr5","115434976","115435275","57","82968123"
"JH378107","32505331","32505612","chr8","70988580","70988862","30","38483249"
"JH378107","32517296","32517589","chr7","54157888","54158182","41","21640592"
"JH378107","32554031","32554342","chr14","65323042","65323355","41","32769011"
"JH378107","32579689","32579988","chr8","70901332","70901627","31","38321643"
"JH378107","32580276","32580583","chr8","70900729","70901038","24","38320453"
"JH378107","32590527","32590817","chr8","70890433","70890729","32","38299906"
"JH378107","32594011","32594197","chr18","26719342","26719522","57","5874669"
"JH378107","32605326","32605606","chr8","70871571","70871856","40","38266245"
"JH378107","32611888","32612187","chr7","89951395","89951694","37","57339507"
"JH378107","32616476","32616778","chr2","8555573","8555858","55","24060903"
"JH378107","32624278","32624582","chr5","59606464","59606766","33","26982186"
"JH378107","32631964","32632256","chr8","70827631","70827924","28","38195667"
"JH378107","32638196","32638472","chr7","79824792","79825073","52","47186596"
"JH378107","32640270","32640572","chr8","70822998","70823303","27","38182728"
"JH378107","32640600","32640885","chr8","70822682","70822969","12","38182082"
"JH378107","32642007","32642300","chr8","70821304","70821586","33","38179297"
"JH378107","32658198","32658490","chr4","164815220","164815492","62","132157022"
"JH378107","32663381","32663692","chr8","70800372","70800679","28","38136991"
"JH378107","32665341","32665515","chr10","20847176","20847342","36","11818165"
"JH378107","32672692","32672912","chr8","70792220","70792439","20","38119528"
"JH378107","32703218","32703519","chr8","70759565","70759863","36","38056347"
"JH378107","32714534","32714788","chr8","70735431","70735681","22","38020897"
"JH378107","32717171","32717281","chr1","64914240","64914339","19","32197069"
"JH378107","32735652","32735933","chr8","70715147","70715428","20","37979495"
"JH378107","32741137","32741368","chr8","70709768","70709971","43","37968631"
"JH378107","32742557","32742843","chr8","70708177","70708463","17","37965620"
"JH378107","32743408","32743723","chr8","70707312","70707614","29","37963904"
"JH378107","32759236","32759525","chr8","70688311","70688595","37","37929075"
"JH378107","32772633","32772938","chr8","70666302","70666609","39","37893669"
"JH378107","32777045","32777213","chr8","70661998","70662156","20","37884953"
"JH378107","32800037","32800285","chr8","70637451","70637702","18","37837414"
"JH378107","32805978","32806149","chr12","3949936","3950119","55","28856042"
"JH378107","32817701","32817870","chr9","42544487","42544654","39","9726786"
"JH378107","32818240","32818373","chr8","70617722","70617857","12","37799482"
"JH378107","32832886","32833176","chr7","58494212","58494501","46","25661326"
"JH378107","32836011","32836315","chr22","6475349","6475647","38","26360662"
"JH378107","32846817","32846951","chr1","202048335","202048470","15","169201518"
"JH378107","32847254","32847413","chr8","70587566","70587724","17","37740312"
"JH378107","32864216","32864516","chr8","70568902","70569194","31","37704686"
"JH378107","32884289","32884572","chr7","43837732","43838021","49","10953443"
"JH378107","32914645","32914934","chr8","70524139","70524428","13","37609494"
"JH378107","32917980","32918094","chr7","50072521","50072637","18","17154541"
"JH378107","32925771","32926059","chr8","70511142","70511435","32","37585371"
"JH378107","32933136","32933271","chr1","171672023","171672158","15","138738887"
"JH378107","32942760","32943038","chr8","70493749","70494031","23","37550989"
"JH378107","32945362","32945658","chr8","70492137","70492430","25","37546775"
"JH378107","32955992","32956145","chr8","70481464","70481621","15","37525472"
"JH378107","32956237","32956490","chr8","70481112","70481366","19","37524875"
"JH378107","32960870","32960939","chr13","69313261","69313323","12","36352391"
"JH378107","32962007","32962304","chr8","70475071","70475363","32","37513064"
"JH378107","32963128","32963428","chr8","70473960","70474262","24","37510832"
"JH378107","32990488","32990775","chr8","70454744","70455021","26","37464256"
"JH378107","33013170","33013447","chr8","70432180","70432458","21","37419010"
"JH378107","33019738","33020046","chr8","70425475","70425758","39","37405737"
"JH378107","33022345","33022614","chr8","70422938","70423228","40","37400593"
"JH378107","33027484","33027777","chr10","95931802","95932100","43","62904318"
"JH378107","33035773","33035972","chr8","70411000","70411198","12","37375227"
"JH378107","33036703","33036927","chr11","109851534","109851752","44","76814831"
"JH378107","33037478","33037559","chr9","14528043","14528122","15","18509435"
"JH378107","33059341","33059488","chr8","70379636","70379783","12","37320295"
"JH378107","33077483","33077778","chr8","70349093","70349383","19","37271610"
"JH378107","33077809","33078105","chr7","128193956","128194255","32","95116147"
"JH378107","33081912","33082212","chr8","70343523","70343822","12","37261611"
"JH378107","33083008","33083300","chrUn_GL286420","335749","336048","35","32747259"
"JH378107","33084754","33084997","chr17","74369168","74369412","42","41284414"
"JH378107","33085025","33085083","chr5","33081873","33081932","16","3152"
"JH378107","33086908","33087192","chr8","70338522","70338808","23","37251614"
"JH378107","33169823","33169936","chr6","157765274","157765387","4","124595451"
"JH378107","33179315","33179406","chr2","1573525","1573616","12","31605790"
"JH378107","33219037","33219134","chr2","93047666","93047767","12","59828629"
"JH378107","33242354","33242537","chr8","70178198","70178385","17","36935844"
"JH378107","33252187","33252481","chr8","70168365","70168655","36","36916178"
"JH378107","33254958","33255251","chr8","70165623","70165902","32","36910665"
"JH378107","33264385","33264669","chr8","70156277","70156568","30","36891892"
"JH378107","33277805","33278038","chr8","70142265","70142498","19","36864460"
"JH378107","33320732","33321028","chr8","70100209","70100512","21","36779477"
"JH378107","33348344","33348644","chr8","70015938","70016233","25","36667594"
"JH378107","33386826","33387111","chr8","69979952","69980236","25","36593126"
"JH378107","33387391","33387703","chr8","69979371","69979671","30","36591980"
"JH378107","33454702","33455004","chr8","69910976","69911278","29","36456274"
"JH378107","33518820","33519062","chr8","69847126","69847347","36","36328306"
"JH378107","33522873","33523176","chr8","69842946","69843255","22","36320073"
"JH378107","33608146","33608259","chr5","38664714","38664825","17","5056568"
"JH378107","33621697","33621965","chr8","69737909","69738190","33","36116212"
"JH378107","33691922","33692209","chr8","69659064","69659350","14","35967142"
"JH378107","33716045","33716343","chr5","75384149","75384449","49","41668104"
"JH378107","33842081","33842197","chr22","20156302","20156415","8","13685779"
"JH378107","33842236","33842363","chrUn_GL286426","527008","527128","16","33315228"
"JH378107","33892903","33892953","chr2","144924810","144924858","17","111031907"
"JH378107","33944862","33945168","chr8","69378928","69379232","27","35434066"
"JH378107","33982558","33982855","chr10","25810130","25810409","59","8172428"
"JH378107","33990735","33991007","chr7","149093581","149093862","41","115102846"
"JH378107","34023455","34023548","chr8","69304808","69304904","12","35281353"
"JH378107","34078808","34079125","chr8","69248861","69249162","61","35170053"
"JH378107","34246953","34247237","chr8","69066739","69067023","28","34819786"
"JH378107","34266881","34267171","chr5","92056074","92056360","49","57789193"
"JH378107","34347128","34347461","chr8","68945437","68945745","46","34598309"
"JH378107","34371983","34372285","chr8","68910190","68910507","56","34538207"
"JH378107","34391503","34391811","chr8","68890625","68890937","24","34499122"
"JH378107","34426927","34427233","chr6","147283054","147283362","46","112856127"
"JH378107","34464646","34464749","chr8","68801397","68801502","11","34336751"
"JH378107","34483232","34483515","chr8","68786454","68786739","24","34303222"
"JH378107","34588956","34589242","chr8","32329312","32329589","60","2259644"
"JH378107","34589265","34589287","chr2","12145433","12145455","0","22443832"
"JH378107","34601985","34602119","chr8","68658244","68658381","12","34056259"
"JH378107","34604696","34605006","chr8","33890059","33890367","55","714637"
"JH378107","34609932","34610230","chr9","45478435","45478737","79","10868503"
"JH378107","34710110","34710407","chr8","68540438","68540748","31","33830328"
"JH378107","34744769","34744838","chr11","97758853","97758921","10","63014084"
"JH378107","34808122","34808297","chr8","68432340","68432501","26","33624218"
"JH378107","34860956","34861217","chr19","18362531","18362799","48","16498425"
"JH378107","34976075","34976372","chr8","68263844","68264143","34","33287769"
"JH378107","34981217","34981512","chr8","68258785","68259065","40","33277568"
"JH378107","35047012","35047313","chr1","194919486","194919781","50","159872474"
"JH378107","35076902","35076983","chr8","68132614","68132695","7","33055712"
"JH378107","35077044","35077234","chr8","68132369","68132553","18","33055325"
"JH378107","35127916","35128196","chr8","68049881","68050158","24","32921965"
"JH378107","35151905","35152195","chr8","68023888","68024177","11","32871983"
"JH378107","35289508","35289522","chr7","85913014","85913028","2","50623506"
"JH378107","35289550","35289813","chr4","91747030","91747309","54","56457480"
"JH378107","35298111","35298273","chr2","14233043","14233202","30","21065068"
"JH378107","35298586","35298719","chr13","100577358","100577492","18","65278772"
"JH378107","35333844","35334120","chr1","152464969","152465236","48","117131125"
"JH378107","35338390","35338685","chr8","67860898","67861194","26","32522508"
"JH378107","35362492","35362779","chr8","67835019","67835303","23","32472527"
"JH378107","35400437","35400619","chr5","94572231","94572404","28","59171794"
"JH378107","35400918","35401053","chr7","66082412","66082547","16","30681494"
"JH378107","35457919","35458207","chr8","67740671","67740962","26","32282752"
"JH378107","35511337","35511641","chr8","67686391","67686699","34","32175054"
"JH378107","35580106","35580372","chr8","67614763","67615029","20","32034657"
"JH378107","35649683","35649757","chr16","91896610","91896677","13","56246927"
"JH378107","35699134","35699409","chr8","67497218","67497517","41","31798084"
"JH378107","35739883","35740195","chr8","67457183","67457478","42","31717300"
"JH378107","35850227","35850396","chr8","67357019","67357195","25","31506792"
"JH378107","35898878","35899202","chr8","67310508","67310831","26","31411630"
"JH378107","35942039","35942124","chr15","54093615","54093698","5","18151576"
"JH378107","35974032","35974317","chr12","18218659","18218949","40","17755373"
"JH378107","36030671","36030912","chr15","7154234","7154483","40","28876437"
"JH378107","36038444","36038773","chr12","56427066","56427381","56","20388622"
"JH378107","36105732","36106037","chr8","67084973","67085268","35","30979241"
"JH378107","36137507","36137643","chr22","39076965","39077100","18","2939458"
"JH378107","36138221","36138397","chr1","185859100","185859275","32","149720879"
"JH378107","36145028","36145328","chr2","16018347","16018645","47","20126681"
"JH378107","36161296","36161523","chr8","67040653","67040880","18","30879357"
"JH378107","36169890","36170200","chr8","67031538","67031842","35","30861648"
"JH378107","36174376","36174708","chr8","67026863","67027170","41","30852487"
"JH378107","36297952","36298253","chr8","66897597","66897888","39","30599645"
"JH378107","36301017","36301328","chr14","82090080","82090381","51","45789063"
"JH378107","36341737","36342039","chr8","66854234","66854525","35","30512497"
"JH378107","36345925","36346219","chr8","66850112","66850400","29","30504187"
"JH378107","36346937","36347231","chr8","66849086","66849380","21","30502149"
"JH378107","36353362","36353668","chr12","107350475","107350767","60","70997113"
"JH378107","36392798","36393091","chr8","66795521","66795812","39","30402723"
"JH378107","36535410","36535566","chr17","42081510","42081653","33","5546100"
"JH378107","36622630","36622745","chr4","32420920","32421034","22","4201710"
"JH378107","36622774","36622937","chr10","95578231","95578395","32","58955457"
"JH378107","36631774","36632077","chr8","66556120","66556417","32","29924346"
"JH378107","36756076","36756322","chr8","66418031","66418278","22","29661955"
"JH378107","36813058","36813370","chr8","66347290","66347586","34","29534232"
"JH378107","36847435","36847757","chr1","199232878","199233180","58","162385443"
"JH378107","36903543","36903659","chr9","103274126","103274245","17","66370583"
"JH378107","36904073","36904250","chr4","40288797","40288974","27","3384724"
"JH378107","36956665","36956944","chr8","66183643","66183918","29","29226978"
"JH378107","36978689","36978990","chr1","141936400","141936701","51","104957711"
"JH378107","37020490","37020742","chr8","66118938","66119190","15","29098448"
"JH378107","37083128","37083429","chr22","34941694","34941995","50","2141434"
"JH378107","37122025","37122181","chr8","66011532","66011685","14","28889507"
"JH378107","37192404","37192686","chr8","65943924","65944207","22","28751520"
"JH378107","37241686","37241958","chr8","65889293","65889558","18","28647607"
"JH378107","37295247","37295511","chr8","65835548","65835808","27","28540301"
"JH378107","37361000","37361307","chr2","32540875","32541179","42","4820125"
"JH378107","37379539","37379836","chr8","65744084","65744383","31","28364545"
"JH378107","37426175","37426497","chr2","13996238","13996553","52","23429937"
"JH378107","37499888","37500000","chr1","175642775","175642884","15","138142887"
"JH378107","37500003","37500190","chr18","39730416","39730609","31","2230413"
"JH378107","37522355","37522642","chr8","65599048","65599361","50","28076693"
"JH378107","37558256","37558563","chr8","65564111","65564420","29","28005855"
"JH378107","37606035","37606170","chr8","65515653","65515778","19","27909618"
"JH378107","37701879","37702179","chr8","65413964","65414265","30","27712085"
"JH378107","37755636","37755927","chr8","65358274","65358570","23","27602638"
"JH378107","37766711","37767017","chr8","65340736","65341035","30","27574025"
"JH378107","37783079","37783364","chr11","80773678","80773962","36","42990599"
"JH378107","37783389","37783418","chr1","52681258","52681288","2","14897869"
"JH378107","37793190","37793312","chr2","134726507","134726625","22","96933317"
"JH378107","37914462","37914773","chr12","20539936","20540241","48","17374526"
"JH378107","38091885","38092169","chr8","64964555","64964838","12","26872670"
"JH378107","38123007","38123125","chr8","64931219","64931337","4","26808212"
"JH378107","38182693","38182968","chr1","77096499","77096771","59","38913806"
"JH378107","38283775","38284083","chr13","6913439","6913742","57","31370336"
"JH378107","38325958","38326242","chr8","64729709","64729993","26","26403751"
"JH378107","38365441","38365570","chr8","64688933","64689051","21","26323492"
"JH378107","38377777","38377925","chr5","125742880","125743026","20","87365103"
"JH378107","38381987","38382290","chr8","64671467","64671748","41","26289480"
"JH378107","38493130","38493249","chr5","8648310","8648434","23","29844820"
"JH378107","38540905","38540998","chr2","1573525","1573616","17","36967380"
"JH378107","38551663","38551944","chr7","79267394","79267682","58","40715731"
"JH378107","38697486","38697694","chr8","64403388","64403596","16","25705902"
"JH378107","38700358","38700661","chr8","64400438","64400738","26","25700080"
"JH378107","38706893","38707176","chr11","110296616","110296892","61","71589723"
"JH378107","38743124","38743413","chr8","64361536","64361828","28","25618412"
"JH378107","38768354","38768670","chr8","64337048","64337361","32","25568694"
"JH378107","38791126","38791310","chr1","125578318","125578504","34","86787192"
"JH378107","38809631","38809938","chr8","64295489","64295789","32","25485858"
"JH378107","38890269","38890480","chr8","64210701","64210912","18","25320432"
"JH378107","38904855","38904973","chr8","64190430","64190546","13","25285575"
"JH378107","38905217","38905383","chr8","64190026","64190187","15","25284809"
"JH378107","38918242","38918376","chr7","81189251","81189387","17","42271009"
"JH378107","38918686","38918856","chr5","93988979","93989153","37","55070293"
"JH378107","38952356","38952627","chr8","64132781","64133056","21","25180425"
"JH378107","39013619","39013726","chr6","47182897","47182988","29","8169278"
"JH378107","39027224","39027359","chr10","89104325","89104460","15","50077101"
"JH378107","39295937","39296181","chr8","63759721","63759966","22","24463784"
"JH378107","39296472","39296555","chr8","63759349","63759432","8","24462877"
"JH378107","39303400","39303488","chr1","174341090","174341172","12","135037690"
"JH378107","39317183","39317492","chr3","65967624","65967923","61","26650441"
"JH378107","39325366","39325678","chr8","63729612","63729908","32","24404246"
"JH378107","39349223","39349528","chr8","63711374","63711682","35","24362151"
"JH378107","39429428","39429719","chr8","63626744","63627038","43","24197316"
"JH378107","39444368","39444672","chr8","63614216","63614491","43","24169848"
"JH378107","39892388","39892467","chr2","135688425","135688503","15","95796037"
"JH378107","39922832","39923055","chr8","63090035","63090257","18","23167203"
"JH378107","40051587","40051804","chr13","95336428","95336643","37","55284841"
"JH378107","40136650","40136948","chr7","50718855","50719155","43","10582205"
"JH378107","40197688","40197854","chr8","62806288","62806454","16","22608600"
"JH378107","40198142","40198263","chr8","62805880","62806001","10","22607738"
"JH378107","40258812","40259114","chr6","153989320","153989617","49","113730508"
"JH378107","40270955","40271026","chr22","17539455","17539527","7","22731500"
"JH378107","40457541","40457628","chr8","62506524","62506611","9","22048983"
"JH378107","40553133","40553423","chr6","70548578","70548865","47","29995445"
"JH378107","40724656","40724941","chr8","62277782","62278088","44","21553126"
"JH378107","40732048","40732352","chr8","62270633","62270933","25","21538585"
"JH378107","40771389","40771591","chr8","62224968","62225174","17","21453579"
"JH378107","40924546","40924846","chr5","75166649","75166948","46","34242103"
"JH378107","41034528","41034828","chr8","61939221","61939523","28","20904693"
"JH378107","41058674","41058974","chr8","61920062","61920369","28","20861388"
"JH378107","41096692","41096736","chr1","175510919","175510965","8","134414227"
"JH378107","41241779","41242055","chr8","61724237","61724514","31","20482458"
"JH378107","41279379","41279682","chr8","61687868","61688173","32","20408489"
"JH378107","41349206","41349509","chr8","61616749","61617053","23","20267543"
"JH378107","41550178","41550454","chr8","61409290","61409544","42","19859112"
"JH378107","41651928","41652227","chr8","61303539","61303854","43","19651611"
"JH378107","41675975","41676272","chr17","34497887","34498174","66","7178088"
"JH378107","41835932","41836226","chr8","61117559","61117847","32","19281627"
"JH378107","41864178","41864453","chr8","61088656","61088944","24","19224478"
"JH378107","41949990","41950296","chr8","60989424","60989729","15","19039434"
"JH378107","41976633","41976782","chr1","118016922","118017064","27","76040289"
"JH378107","42012328","42012624","chr8","60917274","60917570","28","18904946"
"JH378107","42036278","42036379","chrUn_GL286400","1091157","1091253","12","40945121"
"JH378107","42084202","42084351","chr3","12400234","12400374","28","29683968"
"JH378107","42084411","42084561","chr6","128039325","128039475","21","85954914"
"JH378107","42165795","42165988","chr8","60756725","60756942","32","18590930"
"JH378107","42240331","42240622","chr8","60674251","60674534","44","18433920"
"JH378107","42254709","42255015","chr9","119658161","119658464","51","77403452"
"JH378107","42415972","42416149","chrX","137222383","137222560","28","94806411"
"JH378107","42431535","42431597","chr2","164458086","164458150","11","122026551"
"JH378107","42436201","42436468","chr8","60444925","60445208","54","18008724"
"JH378107","42493716","42494024","chr6","105761349","105761655","51","63267633"
"JH378107","42515948","42516249","chr8","60347681","60347976","23","17831733"
"JH378107","42523231","42523379","chr2","46811588","46811731","23","4288357"
"JH378107","42593462","42593779","chr8","60253641","60253966","26","17660179"
"JH378107","42596380","42596665","chr15","97216593","97216880","39","54620213"
"JH378107","42600885","42601130","chr8","60246165","60246418","34","17645280"
"JH378107","42641631","42641744","chr7","88146989","88147094","26","45505358"
"JH378107","42701204","42701474","chr8","60140082","60140352","14","17438878"
"JH378107","42750150","42750451","chr8","60067077","60067371","25","17316927"
"JH378107","42756983","42757063","chr18","10048632","10048714","9","32708351"
"JH378107","42866462","42866562","chr1","189503029","189503130","21","146636567"
"JH378107","42934003","42934201","chr3","140026416","140026622","42","97092413"
"JH378107","42948368","42948657","chr8","59869608","59869890","28","16921240"
"JH378107","42954422","42954723","chr1","194756028","194756329","51","151801606"
"JH378107","42955036","42955367","chr13","84558443","84558755","73","41603407"
"JH378107","42955813","42956099","chr8","59863219","59863483","43","16907406"
"JH378107","42956314","42956496","chr11","84503455","84503635","40","41547141"
"JH378107","42981280","42981581","chr8","59827603","59827900","18","16846323"
"JH378107","43020364","43020644","chr8","59776427","59776699","21","16756063"
"JH378107","43029100","43029382","chr8","59768034","59768323","31","16738934"
"JH378107","43077280","43077578","chr8","59703935","59704236","21","16626655"
"JH378107","43130040","43130307","chr8","59625612","59625876","19","16495572"
"JH378107","43134372","43134669","chr8","59621493","59621790","23","16487121"
"JH378107","43207562","43207889","chr3","98213554","98213881","50","55005992"
"JH378107","43226464","43226753","chr8","59513072","59513376","42","16286608"
"JH378107","43228020","43228277","chr22","5293898","5294155","39","37934122"
"JH378107","43229992","43230154","chr8","59510038","59510202","15","16280046"
"JH378107","43310259","43310500","chr14","44575927","44576155","45","1265668"
"JH378107","43327455","43327746","chr8","59393163","59393459","28","16065708"
"JH378107","43347171","43347465","chr8","59378603","59378886","28","16031432"
"JH378107","43500803","43501094","chr8","59211346","59211633","20","15710543"
"JH378107","43502648","43502960","chr8","59209558","59209850","43","15706910"
"JH378107","43507589","43507844","chrX","46309876","46310131","42","2802287"
"JH378107","43626340","43626661","chr5","157082303","157082618","26","113455963"
"JH378107","43887073","43887363","chr8","58761680","58761968","13","14874607"
"JH378107","44007731","44008036","chr8","58615215","58615512","28","14607484"
"JH378107","44058809","44059070","chr2","9535098","9535352","50","34523711"
"JH378107","44067052","44067193","chr8","58549303","58549451","15","14482251"
"JH378107","44117083","44117271","chr6","131737001","131737188","42","87619918"
"JH378107","44158947","44159259","chr8","58447555","58447866","35","14288608"
"JH378107","44194122","44194399","chr12","9373723","9374003","39","34820399"
"JH378107","44297062","44297367","chr8","58300589","58300871","51","14003527"
"JH378107","44301660","44301960","chr8","58297765","58298056","43","13996105"
"JH378107","44345467","44345781","chr8","58254106","58254418","19","13908639"
"JH378107","44354528","44354837","chr22","45586828","45587152","56","1232300"
"JH378107","44482018","44482284","chr8","58122753","58123034","31","13640735"
"JH378107","44540100","44540211","chr2","12783841","12783957","19","31756259"
"JH378107","44540257","44540351","chr1","194809628","194809720","10","150269371"
"JH378107","44639255","44639513","chr19","22040392","22040654","57","22598863"
"JH378107","44708379","44708437","chr4","128443624","128443680","10","83735245"
"JH378107","44708484","44708637","chr1","135440215","135440370","21","90731731"
"JH378107","44716721","44716996","chr8","57819315","57819587","27","13102594"
"JH378107","44846042","44846386","chr8","57662277","57662582","61","12816235"
"JH378107","44866590","44866905","chr8","57642380","57642677","42","12775790"
"JH378107","44981811","44982035","chr8","57508105","57508330","27","12526294"
"JH378107","45042247","45042381","chr5","108387753","108387886","19","63345506"
"JH378107","45042686","45042865","chr1","192383682","192383858","33","147340996"
"JH378107","45145918","45146044","chr4","137685098","137685222","4","92539180"
"JH378107","45165990","45166277","chr10","17475667","17475952","38","27690323"
"JH378107","45166319","45166341","chr1","118002121","118002145","5","72835802"
"JH378107","45201657","45201776","chr8","57247283","57247402","4","12045626"
"JH378107","45221238","45221536","chr8","57222178","57222482","38","12000940"
"JH378107","45227072","45227280","chr7","13371440","13371649","36","31855632"
"JH378107","45227307","45227330","chr2","12145433","12145455","3","33081874"
"JH378107","45235185","45235477","chr8","57208918","57209220","29","11973733"
"JH378107","45261472","45261778","chr8","57171819","57172107","37","11910347"
"JH378107","45262878","45263168","chr8","57163380","57163646","48","11900502"
"JH378107","45271741","45272069","chr7","120834204","120834534","31","75562463"
"JH378107","45299931","45300231","chr8","57126327","57126625","27","11826396"
"JH378107","45335555","45335828","chr5","8372903","8373186","51","36962652"
"JH378107","45336416","45336563","chr3","12054939","12055085","33","33281477"
"JH378107","45336599","45336720","chr7","87964128","87964249","15","42627529"
"JH378107","45366272","45366581","chr8","12033547","12033856","49","33332725"
"JH378107","45383756","45384060","chr2","13714143","13714444","63","31669613"
"JH378107","45420755","45421052","chr8","57033157","57033433","41","11612402"
"JH378107","45424627","45424934","chr8","57030294","57030571","45","11605667"
"JH378107","45427426","45427550","chr1","206052253","206052375","16","160624827"
"JH378107","45437534","45437842","chr12","20539936","20540241","45","24897598"
"JH378107","45450692","45450804","chr5","158544394","158544507","7","113093702"
"JH378107","45454664","45454779","chr11","52279530","52279645","10","6824866"
"JH378107","45463287","45463414","chr9","40037114","40037241","9","5426173"
"JH378107","45535177","45535466","chr8","56887464","56887749","24","11352287"
"JH378107","45594532","45594836","chr12","15222221","15222522","36","30372311"
"JH378107","45609202","45609459","chr8","56812989","56813254","27","11203787"
"JH378107","45622007","45622310","chr8","56801203","56801503","22","11179196"
"JH378107","45655210","45655496","chr8","56766732","56767022","27","11111522"
"JH378107","45744244","45744531","chr8","56658550","56658840","23","10914306"
"JH378107","45792895","45793195","chr8","56612383","56612681","15","10819488"
"JH378107","45800739","45800992","chr8","56604868","56605120","16","10804129"
"JH378107","45825996","45826305","chr11","120579257","120579561","64","74753261"
"JH378107","45923638","45923931","chr8","56473488","56473789","31","10549850"
"JH378107","45994723","45994980","chr8","56398778","56399030","23","10404055"
"JH378107","46009917","46010248","chr3","167596669","167596990","61","121586752"
"JH378107","46054409","46054726","chr8","56336975","56337283","29","10282566"
"JH378107","46054738","46055035","chr8","56336666","56336960","22","10281928"
"JH378107","46184754","46185052","chr8","56182560","56182857","23","9997806"
"JH378107","46203912","46203996","chr8","56163605","56163693","9","9959693"
"JH378107","46303538","46303659","chr7","40510958","40511081","34","5792580"
"JH378107","46303689","46303817","chr1","202487184","202487309","19","156183495"
"JH378107","46332894","46332993","chr14","61636607","61636706","21","15303713"
"JH378107","46342367","46342489","chr3","150448741","150448861","22","104106374"
"JH378107","46515397","46515701","chr1","74996002","74996309","54","28480605"
"JH378107","46586902","46587015","chr1","155730854","155730967","7","109143952"
"JH378107","46606764","46607064","chr9","100677487","100677787","46","54070723"
"JH378107","46611813","46612097","chr7","10337579","10337872","46","36274234"
"JH378107","46642683","46642972","chr8","55616595","55616894","28","8973912"
"JH378107","46654086","46654379","chr8","55605327","55605641","35","8951241"
"JH378107","46686489","46686736","chr8","55570660","55570940","47","8884171"
"JH378107","46693964","46694274","chr8","55563847","55564163","28","8869883"
"JH378107","46695898","46696197","chr8","55561925","55562221","22","8866027"
"JH378107","46700039","46700313","chr13","84364469","84364734","45","37664430"
"JH378107","46702113","46702396","chr8","55556211","55556493","23","8854098"
"JH378107","46712708","46712992","chr8","55545798","55546088","32","8833090"
"JH378107","46713044","46713058","chr4","106368732","106368744","2","59655688"
"JH378107","46726764","46726859","chr8","115115905","115116001","6","68389141"
"JH378107","46730807","46731049","chr8","55529426","55529660","22","8798619"
"JH378107","46783519","46783851","chr2","36321000","36321310","56","10462519"
"JH378107","46817868","46818176","chr4","155528137","155528448","49","108710269"
"JH378107","46820601","46820767","chr1","155558659","155558822","27","108738058"
"JH378107","46821072","46821206","chr12","79460338","79460473","16","32639266"
"JH378107","46837591","46837715","chr16","9933217","9933339","15","36904374"
"JH378107","46837757","46837883","chr10","83088262","83088380","25","36250505"
"JH378107","46841239","46841369","chr9","113432002","113432132","8","66590763"
"JH378107","46841603","46841900","chr1","167894155","167894451","41","121052552"
"JH378107","46851994","46852285","chr8","55410863","55411154","31","8558869"
"JH378107","46852945","46853069","chr5","39978298","39978424","13","6874647"
"JH378107","46870728","46870860","chr5","19280368","19280499","9","27590360"
"JH378107","46874002","46874131","chr1","194422123","194422252","10","147548121"
"JH378107","46884000","46884305","chr8","55385867","55386176","32","8501867"
"JH378107","46887062","46887349","chr8","55383149","55383434","20","8496087"
"JH378107","46887674","46887824","chr13","50167701","50167849","29","3280027"
"JH378107","46888122","46888213","chr7","36002131","36002219","23","10885991"
"JH378107","46888956","46889164","chr8","32570196","32570391","41","14318760"
"JH378107","46890652","46890782","chr10","22364242","22364373","9","24526410"
"JH378107","46894366","46894660","chr8","55370757","55371047","29","8476391"
"JH378107","46910182","46910299","chr9","39177276","39177392","10","7732906"
"JH378107","46915419","46915692","chr8","55348341","55348613","34","8432922"
"JH378107","46928332","46928569","chr8","55335951","55336188","16","8407619"
"JH378107","46951602","46951907","chr8","55312118","55312422","22","8360516"
"JH378107","46988334","46988639","chr8","55284142","55284452","25","8295808"
"JH378107","46995292","46995588","chrX","16675222","16675519","47","30320070"
"JH378107","47000062","47000185","chr10","36079816","36079940","8","10920246"
"JH378107","47002596","47002895","chr8","55269945","55270256","36","8267349"
"JH378107","47034788","47035046","chr6","43941684","43941936","38","3093104"
"JH378107","47048824","47049139","chr15","5636045","5636353","52","41412779"
"JH378107","47055344","47055641","chr8","55218750","55219039","24","8163406"
"JH378107","47120698","47120911","chr7","27446226","27446443","32","19674472"
"JH378107","47135926","47136259","chr8","55140296","55140603","62","8004370"
"JH378107","47150763","47150894","chrUn_GL286215","44997","45128","12","47105766"
"JH378107","47164485","47164708","chr22","21802083","21802339","45","25362402"
"JH378107","47192793","47192910","chr14","78724259","78724379","23","31531466"
"JH378107","47195995","47196242","chr16","49663113","49663359","49","2467118"
"JH378107","47240990","47241278","chr8","55031686","55031969","27","7790696"
"JH378107","47276257","47276554","chr5","108579775","108580074","45","61303518"
"JH378107","47280128","47280433","chr1","197841748","197842043","45","150561620"
"JH378107","47292594","47292908","chr8","54982924","54983246","30","7690330"
"JH378107","47294965","47295154","chr8","8265257","8265448","28","39029708"
"JH378107","47342135","47342431","chr8","54930409","54930701","18","7588274"
"JH378107","47380245","47380560","chr10","129810821","129811124","67","82430576"
"JH378107","47409465","47409717","chr8","54850497","54850750","14","7441032"
"JH378107","47511194","47511507","chr9","114051243","114051557","22","66540049"
"JH378107","47579590","47579714","chr8","54677458","54677581","6","7097868"
"JH378107","47579750","47579924","chr8","54677246","54677419","15","7097496"
"JH378107","47580787","47581091","chr8","54676305","54676612","21","7095518"
"JH378107","47668955","47669241","chr8","54583454","54583747","18","6914499"
"JH378107","47687308","47687446","chr8","54549199","54549342","9","6861891"
"JH378107","47773995","47774299","chr7","89951395","89951694","49","42177400"
"JH378107","48036313","48036441","chr9","120134638","120134765","19","72098325"
"JH378107","48147661","48147962","chr16","95611238","95611541","40","47463577"
"JH378107","48202829","48203102","chr8","53904072","53904364","43","5701243"
"JH378107","48354608","48354903","chr8","53752402","53752685","29","5397794"
"JH378107","48412759","48413002","chr8","53687051","53687296","16","5274292"
"JH378107","48440158","48440298","chr8","53660717","53660857","6","5220559"
"JH378107","48524187","48524229","chr8","53573322","53573364","2","5049135"
"JH378107","48566119","48566411","chr8","53533493","53533790","31","4967374"
"JH378107","48572891","48573202","chr8","53526747","53527050","26","4953856"
"JH378107","48644438","48644732","chr8","53434464","53434758","32","4790026"
"JH378107","48668245","48668507","chr8","53409662","53409932","24","4741417"
"JH378107","48697607","48697916","chr8","53377883","53378181","37","4680276"
"JH378107","48727237","48727350","chr10","47640305","47640418","4","1086932"
"JH378107","48777063","48777198","chr4","80973109","80973242","8","32196046"
"JH378107","48860720","48861013","chr8","53202046","53202334","23","4341326"
"JH378107","48941344","48941430","chr2","153779386","153779472","12","104838042"
"JH378107","48943656","48943858","chr5","80094167","80094371","36","31150511"
"JH378107","48977192","48977485","chr8","53089898","53090184","31","4112706"
"JH378107","49003276","49003588","chr8","53064750","53065053","44","4061474"
"JH378107","49010327","49010516","chr22","34532976","34533167","25","14477351"
"JH378107","49011610","49011700","chrUn_GL286477","34475","34567","13","48977135"
"JH378107","49011702","49011800","chr4","129359868","129359962","20","80348166"
"JH378107","49042294","49042488","chr9","101429600","101429789","42","52387306"
"JH378107","49042784","49042919","chr1","202981060","202981197","17","153938276"
"JH378107","49089720","49090016","chr19","48390722","48391019","55","698998"
"JH378107","49107550","49107852","chr20","5584196","5584506","44","43523354"
"JH378107","49118093","49118400","chr8","52931001","52931301","25","3812908"
"JH378107","49123124","49123435","chr8","52924732","52925040","25","3801608"
"JH378107","49138496","49138765","chr1","177170745","177171012","43","128032249"
"JH378107","49158693","49158998","chr3","111615854","111616154","49","62457161"
"JH378107","49191489","49191791","chr8","52846796","52847095","25","3655307"
"JH378107","49292020","49292319","chr7","15739134","15739432","21","33552886"
"JH378107","49292343","49292355","chr3","124026609","124026621","1","74734266"
"JH378107","49338005","49338317","chr8","52688254","52688560","24","3350249"
"JH378107","49343235","49343529","chr8","52683395","52683699","26","3340160"
"JH378107","49349942","49350226","chr8","52675825","52676106","38","3325883"
"JH378107","49369664","49369830","chr22","16594490","16594652","30","32775174"
"JH378107","49369925","49370058","chr20","43296318","43296451","19","6073607"
"JH378107","49474074","49474366","chr8","52530362","52530631","42","3056288"
"JH378107","49475342","49475646","chr8","52529103","52529393","37","3053761"
"JH378107","49493166","49493477","chr8","52511063","52511338","50","3017897"
"JH378107","49551734","49551855","chr3","159143988","159144099","26","109592254"
"JH378107","49551894","49552015","chr8","52452234","52452355","8","2900340"
"JH378107","49575433","49575715","chr8","52427200","52427495","34","2851767"
"JH378107","49672540","49672819","chr12","9373723","9374003","49","40298817"
"JH378107","49729355","49729641","chr8","52244232","52244534","40","2514877"
"JH378107","49738275","49738588","chr5","50659779","50660089","53","921504"
"JH378107","49782123","49782400","chr8","52196798","52197072","27","2414675"
"JH378107","49783945","49784240","chr8","52195020","52195302","27","2411075"
"JH378107","49915468","49915767","chr10","59292213","59292509","40","9376745"
"JH378107","49985503","49985630","chr10","59025687","59025814","9","9040184"
"JH378107","50039018","50039249","chr2","69872563","69872794","33","19833545"
"JH378107","50141718","50141888","chr3","65450407","65450578","23","15308689"
"JH378107","50141930","50142055","chr13","60541485","60541610","17","10399555"
"JH378107","50184885","50185191","chr12","54722592","54722901","48","4537707"
"JH378107","50221739","50222019","chr8","51694046","51694327","23","1472307"
"JH378107","50274647","50274954","chr3","116724375","116724684","50","66449728"
"JH378107","50280474","50280627","chr5","84727963","84728119","28","34447489"
"JH378107","50280683","50280954","chr11","122652939","122653213","39","72372256"
"JH378107","50300856","50301166","chr8","51615575","51615871","36","1314719"
"JH378107","50347886","50348081","chr5","12352819","12353001","40","37995067"
"JH378107","50379235","50379538","chr5","136839806","136840107","53","86460571"
"JH378107","50447890","50448050","chr6","43952039","43952199","27","6495851"
"JH378107","50448240","50448349","chr13","21842239","21842347","13","28606001"
"JH378107","50494811","50494992","chr7","2738394","2738576","27","47756417"
"JH378107","50496686","50496863","chr8","51410802","51410966","24","914116"
"JH378107","50496888","50497007","chr1","185031737","185031854","16","134534849"
"JH378107","50524388","50524540","chr8","51387124","51387269","16","862736"
"JH378107","50624642","50624930","chr4","15442189","15442481","48","35182453"
"JH378107","50644470","50644790","chr8","51262667","51262989","21","618197"
"JH378107","50688516","50688814","chr8","51220037","51220331","27","531521"
"JH378107","50708768","50709048","chr8","51195987","51196243","41","487219"
"JH378107","50740638","50740930","chr8","51148265","51148569","24","407627"
"JH378107","50751825","50752113","chr8","51136367","51136655","27","384542"
"JH378107","50770642","50770934","chr8","51117422","51117713","28","346780"
"JH378107","50773461","50773761","chr8","51103925","51104219","36","330464"
"JH378107","50795374","50795624","chr6","150718060","150718310","43","99922686"
"JH378107","50881652","50881930","chr8","50996136","50996413","26","114484"
"JH378107","50980132","50980255","chr1","61803651","61803774","4","10823519"
"JH378107","51019629","51019940","chr8","50829820","50830124","23","189809"
"JH378107","51065194","51065507","chr8","50785233","50785541","32","279961"
"JH378107","51183671","51184011","chr8","50646260","50646597","25","537411"
"JH378107","51187812","51187925","chrX","107770894","107771007","3","56583082"
"JH378107","51219454","51219759","chr8","50605173","50605452","35","614281"
"JH378107","51326946","51327239","chr1","22189975","22190273","55","29136971"
"JH378107","51486384","51486686","chr14","21610172","21610476","40","29876212"
"JH378107","51502727","51503001","chr8","50283519","50283811","42","1219208"
"JH378107","51545418","51545719","chr8","50231891","50232190","25","1313527"
"JH378107","51552423","51552702","chr2","13532790","13533076","49","38019633"
"JH378107","51570638","51570933","chr8","50214652","50214946","25","1355986"
"JH378107","51592514","51592801","chr8","50179548","50179842","34","1412966"
"JH378107","51606100","51606229","chrUn_GL286373","2009231","2009364","27","49596869"
"JH378107","51606522","51606619","chr18","10112979","10113074","13","41493543"
"JH378107","51612478","51612784","chr8","50147804","50148105","31","1464674"
"JH378107","51635674","51635882","chr8","50124111","50124304","28","1511563"
"JH378107","51638160","51638471","chr8","50121529","50121840","21","1516631"
"JH378107","51646522","51646817","chr8","50099687","50099980","35","1546835"
"JH378107","51722202","51722487","chr22","11421383","11421670","55","40300819"
"JH378107","51733610","51733934","chr2","72606491","72606816","28","20872881"
"JH378107","51824036","51824329","chr8","49912046","49912339","19","1911990"
"JH378107","51837702","51838000","chr8","49890289","49890586","26","1947413"
"JH378107","51839798","51840103","chr8","49888214","49888503","38","1951584"
"JH378107","51869702","51869781","chr1","154964394","154964470","18","103094692"
"JH378107","51906557","51906869","chr8","49816107","49816411","37","2090450"
"JH378107","51923016","51923314","chr8","49800395","49800685","33","2122621"
"JH378107","52031617","52031905","chr8","49700682","49700959","26","2330935"
"JH378107","52060292","52060583","chr8","49683159","49683449","28","2377133"
"JH378107","52067433","52067505","chr8","49676339","49676411","6","2391094"
"JH378107","52076378","52076690","chr8","49666271","49666580","22","2410107"
"JH378107","52079284","52079574","chr8","49663432","49663723","16","2415852"
"JH378107","52086056","52086344","chr5","95152856","95153154","52","43066800"
"JH378107","52089575","52089600","chr9","101469986","101470011","8","49380411"
"JH378107","52089913","52090005","chr8","1089795","1089881","18","51000118"
"JH378107","52129112","52129237","chr11","111072682","111072809","12","58943570"
"JH378107","52163014","52163089","chr7","86587247","86587322","11","34424233"
"JH378107","52178867","52178992","chr3","21273037","21273163","15","30905830"
"JH378107","52190820","52191119","chr8","49550358","49550655","23","2640462"
"JH378107","52197250","52197587","chr14","28184052","28184390","61","24013198"
"JH378107","52237122","52237254","chr16","93901105","93901236","10","41663983"
"JH378107","52317701","52318002","chr8","49403482","49403786","27","2914219"
"JH378107","52330564","52330802","chr8","49389479","49389717","14","2941085"
"JH378107","52400716","52401019","chr1","141936400","141936701","45","89535684"
"JH378107","52456615","52456914","chr8","49218716","49219011","27","3237899"
"JH378107","52492890","52493179","chr8","49179637","49179925","24","3313253"
"JH378107","52541465","52541741","chr8","49125774","49126035","30","3415691"
"JH378107","52542357","52542555","chr8","49124955","49125152","16","3417402"
"JH378107","52562435","52562609","chr19","25317660","25317834","30","27244775"
"JH378107","52562647","52562946","chr8","49104653","49104954","38","3457994"
"JH378107","52563654","52563954","chr3","75194975","75195274","37","22631321"
"JH378107","52619428","52619724","chr8","49045639","49045918","31","3573789"
"JH378107","52641797","52641926","chr5","78231704","78231828","21","25589907"
"JH378107","52641980","52642273","chr18","4964999","4965292","45","47676981"
"JH378107","52678648","52678912","chr4","129126969","129127241","45","76448321"
"JH378107","52739263","52739440","chr5","8690711","8690889","29","44048552"
"JH378107","52739467","52739587","chr1","96769895","96770014","18","44030428"
"JH378107","52801597","52801887","chr8","48867065","48867346","25","3934532"
"JH378107","52844392","52844686","chr8","48817416","48817719","32","4026976"
"JH378107","52852200","52852366","chr1","141078915","141079075","38","88226715"
"JH378107","52852666","52852807","chr11","118422402","118422545","23","65569736"
"JH378107","52879582","52879853","chr8","48773444","48773721","28","4106138"
"JH378107","52936904","52937040","chr7","136583025","136583162","29","83646121"
"JH378107","52959588","52959895","chr8","48680931","48681234","30","4278657"
"JH378107","52964137","52964447","chr8","48676367","48676679","17","4287770"
"JH378107","52967212","52967512","chr2","15903874","15904185","45","37063338"
"JH378107","53055764","53056048","chr8","48585854","48586126","22","4469910"
"JH378107","53278109","53278401","chr8","48373135","48373437","25","4904974"
"JH378107","53278402","53278529","chr1","41581737","41581864","3","11696665"
"JH378107","53388302","53388486","chr7","144683417","144683608","31","91295115"
"JH378107","53426153","53426467","chr8","48224927","48225256","33","5201226"
"JH378107","53430697","53430992","chr8","48218242","48218538","24","5212455"
"JH378107","53528937","53529236","chr11","123769141","123769440","54","70240204"
"JH378107","53767991","53768298","chr8","47855392","47855691","32","5912599"
"JH378107","53872980","53873073","chr8","47747550","47747638","10","6125430"
"JH378107","53958565","53958860","chr8","47651489","47651787","27","6307076"
"JH378107","54008629","54008918","chr6","132944695","132944987","64","78936066"
"JH378107","54016826","54017116","chr8","47567410","47567710","32","6449416"
"JH378107","54228661","54228879","chr8","47323939","47324157","11","6904722"
"JH378107","54240807","54240822","chr1","55937517","55937531","1","1696710"
"JH378107","54240860","54241121","chr8","47311827","47312093","41","6929033"
"JH378107","54272992","54273288","chr8","47281742","47282037","31","6991250"
"JH378107","54339020","54339235","chr5","11522920","11523137","41","42816100"
"JH378107","54429898","54430124","chr8","47122332","47122592","55","7307566"
"JH378107","54451191","54451460","chr8","47103004","47103288","41","7348187"
"JH378107","54517493","54517725","chr8","47034106","47034341","22","7483387"
"JH378107","54524627","54524900","chr8","47026883","47027173","50","7497744"
"JH378107","54540122","54540200","chr8","79464267","79464341","18","24924145"
"JH378107","54566977","54567262","chr8","46985722","46986004","35","7581255"
"JH378107","54644622","54644827","chr13","58724637","58724851","38","4080015"
"JH378107","54744956","54745250","chr8","46778066","46778376","33","7966890"
"JH378107","54855000","54855260","chrX","46309876","46310131","42","8545124"
"JH378107","55020851","55021152","chr8","46486253","46486548","33","8534598"
"JH378107","55082310","55082607","chr8","46413858","46414149","30","8668452"
"JH378107","55215700","55215819","chr8","19219677","19219796","21","35996023"
"JH378107","55215868","55216046","chr17","64026943","64027117","31","8811075"
"JH378107","55279067","55279167","chr19","21917783","21917889","16","33361284"
"JH378107","55487874","55488202","chr8","46004043","46004351","50","9483831"
"JH378107","55739083","55739350","chr8","45707873","45708126","29","10031210"
"JH378107","55806812","55807072","chr8","45639438","45639702","30","10167374"
"JH378107","55867754","55867889","chr22","47884932","47885061","12","7982822"
"JH378107","55869762","55870056","chr8","45562050","45562352","29","10307712"
"JH378107","55879206","55879478","chr8","45552935","45553206","18","10326271"
"JH378107","55880347","55880648","chr15","15728506","15728801","53","40151841"
"JH378107","55888866","55889187","chr8","45542188","45542499","40","10346678"
"JH378107","55893808","55893921","chr1","135577647","135577761","25","79683839"
"JH378107","55920328","55920451","chr1","194186587","194186710","5","138266259"
"JH378107","55920579","55920883","chr8","45497661","45497965","41","10422918"
"JH378107","55966095","55966406","chr8","45442034","45442333","34","10524061"
"JH378107","56004482","56004662","chr8","45402865","45403043","32","10601617"
"JH378107","56004958","56005089","chr13","2916243","2916373","21","53088715"
"JH378107","56006111","56006420","chr9","35365483","35365792","47","20640628"
"JH378107","56007481","56007772","chr8","45399762","45400042","31","10607719"
"JH378107","56035420","56035724","chr8","45369901","45370186","52","10665519"
"JH378107","56038014","56038174","chr7","11114969","11115131","28","44923045"
"JH378107","56056215","56056308","chr1","64914240","64914339","8","8858025"
"JH378107","56056698","56056936","chr7","70591735","70591975","23","14535037"
"JH378107","56069559","56069902","chrX","62687197","62687508","77","6617638"
"JH378107","56121962","56122331","chr14","69517117","69517474","92","13395155"
"JH378107","56169535","56169815","chr1","203038562","203038843","52","146869027"
"JH378107","56197626","56197727","chr11","102764055","102764156","17","46566429"
"JH378107","56197752","56197877","chr14","36398081","36398206","15","19799671"
"JH378107","56309552","56309853","chr18","8400018","8400318","45","47909534"
"JH378107","56498563","56498849","chr9","52445691","52445972","44","4052872"
"JH378107","56516515","56516803","chr4","32301249","32301534","50","24215266"
"JH378107","56600924","56601057","chr8","44777692","44777825","8","11823232"
"JH378107","56605178","56605465","chr8","44773260","44773546","18","11831918"
"JH378107","56716032","56716196","chr2","14571403","14571568","27","42144629"
"JH378107","56717168","56717322","chr10","8176125","8176284","24","48541043"
"JH378107","56717334","56717458","chr11","64839664","64839788","21","8122330"
"JH378107","56745103","56745415","chr14","65451260","65451567","46","8706157"
"JH378107","56784966","56785253","chr15","37906850","37907137","24","18878116"
"JH378107","56796227","56796352","chr7","69532999","69533122","21","12736772"
"JH378107","56796398","56796573","chr7","79796764","79796941","27","23000366"
"JH378107","56808005","56808144","chr13","30457810","30457946","20","26350195"
"JH378107","56808665","56808974","chr15","37931085","37931374","44","18877580"
"JH378107","56841100","56841404","chr15","37960997","37961273","43","18880103"
"JH378107","56860669","56860801","chr9","92026800","92026932","4","35166131"
"JH378107","56880454","56880696","chr2","49328941","49329201","46","7551513"
"JH378107","56946724","56947007","chr15","38069519","38069818","39","18877205"
"JH378107","56948200","56948478","chr15","38070990","38071265","37","18877210"
"JH378107","56967039","56967271","chr17","4337654","4337885","40","52629385"
"JH378107","56994279","56994628","chr7","6577072","6577412","64","50417207"
"JH378107","56999347","56999649","chr15","38122382","38122672","34","18876965"
"JH378107","57073273","57073568","chr5","4379233","4379531","47","52694040"
"JH378107","57112655","57112880","chr7","87868418","87868630","45","30755763"
"JH378107","57114599","57114871","chr7","60815437","60815718","27","3700838"
"JH378107","57119330","57119386","chr2","52789864","52789923","13","4329466"
"JH378107","57122711","57122877","chr7","60822176","60822330","25","3699465"
"JH378107","57123182","57123300","chr7","60822653","60822767","13","3699471"
"JH378107","57131321","57131457","chr7","60829926","60830062","5","3698605"
"JH378107","57131458","57131741","chr7","60830063","60830350","32","3698605"
"JH378107","57131742","57131901","chr7","60830351","60830510","11","3698609"
"JH378107","57151286","57151464","chr7","60852292","60852460","22","3701006"
"JH378107","57151761","57151871","chr7","60852754","60852863","9","3700993"
"JH378107","57204922","57205073","chr6","20587139","20587285","22","36617783"
"JH378107","57212825","57212946","chr10","875375","875496","21","56337450"
"JH378107","57213105","57213133","chr4","158011587","158011614","3","100798482"
"JH378107","57213134","57213435","chr3","45039982","45040280","40","12173152"
"JH378107","57213436","57213558","chr5","129465089","129465212","26","72251653"
"JH378107","57218001","57218048","chr3","3505689","3505737","7","53712312"
"JH378107","57233594","57233901","chr7","60930417","60930710","28","3696823"
"JH378107","57238884","57239096","chr14","41841892","41842104","31","15396992"
"JH378107","57256016","57256146","chr5","155883691","155883820","13","98627675"
"JH378107","57258168","57258448","chr11","120569097","120569381","51","63310929"
"JH378107","57264955","57264994","chr1","172619322","172619355","10","115354367"
"JH378107","57265277","57265449","chr7","60967721","60967890","15","3702444"
"JH378107","57266907","57267026","chr7","60962612","60962728","11","3695705"
"JH378107","57271858","57271999","chr7","60967292","60967432","10","3695434"
"JH378107","57272282","57272454","chr7","60967721","60967890","15","3695439"
"JH378107","57277051","57277231","chr5","78973927","78974106","28","21696876"
"JH378107","57277538","57277674","chr22","29183568","29183703","20","28093970"
"JH378107","57293498","57293784","chr7","60991145","60991428","25","3697647"
"JH378107","57297071","57297310","chr7","60994044","60994292","22","3696973"
"JH378107","57323849","57323972","chr2","46993037","46993159","17","10330812"
"JH378107","57325832","57325934","chr2","117879377","117879480","23","60553545"
"JH378107","57326514","57326712","chr1","173643134","173643338","33","116316620"
"JH378107","57350935","57351231","chr7","61041901","61042192","23","3690966"
"JH378107","57364036","57364347","chr7","61053878","61054183","25","3689842"
"JH378107","57377071","57377377","chr7","61065038","61065341","25","3687967"
"JH378107","57379897","57380187","chr7","42233845","42234134","42","15146052"
"JH378107","57395466","57395746","chr7","61083922","61084210","24","3688456"
"JH378107","57399416","57399613","chr17","34789891","34790073","36","22609525"
"JH378107","57399925","57400057","chrX","86228157","86228288","20","28828232"
"JH378107","57402367","57402635","chr2","62945963","62946233","52","5543596"
"JH378107","57411018","57411280","chr7","61100461","61100721","16","3689443"
"JH378107","57433816","57434091","chr7","61123044","61123322","30","3689228"
"JH378107","57455352","57455655","chr7","61146102","61146401","20","3690750"
"JH378107","57474219","57474469","chr7","61165708","61165962","21","3691489"
"JH378107","57479204","57479346","chr7","61170973","61171117","13","3691769"
"JH378107","57508670","57508769","chr11","16210561","16210662","10","41298109"
"JH378107","57510329","57510466","chr20","21255446","21255580","23","36254883"
"JH378107","57510992","57511288","chr7","61203926","61204223","25","3692934"
"JH378107","57517391","57517689","chr5","44547672","44547962","44","12969719"
"JH378107","57518137","57518439","chr7","61211370","61211667","45","3693233"
"JH378107","57526998","57527263","chr7","61218908","61219183","38","3691910"
"JH378107","57530795","57531097","chr7","61222425","61222731","29","3691630"
"JH378107","57537225","57537338","chr18","10430244","10430358","15","47106981"
"JH378107","57537648","57537799","chr7","61229275","61229429","15","3691627"
"JH378107","57538905","57539195","chr6","30949549","30949848","39","26589356"
"JH378107","57541785","57541993","chr5","115375925","115376136","39","57834140"
"JH378107","57554435","57554740","chr7","61244256","61244542","45","3689821"
"JH378107","57560250","57560391","chrUn_GL286215","44997","45128","19","57515253"
"JH378107","57564610","57564935","chr12","28726730","28727036","64","28837880"
"JH378107","57566694","57566828","chr7","61257507","61257639","11","3690813"
"JH378107","57567150","57567291","chr7","61257959","61258102","10","3690809"
"JH378107","57578143","57578457","chr7","61268434","61268749","22","3690291"
"JH378107","57584087","57584168","chr7","51028139","51028219","5","6555948"
"JH378107","57589084","57589266","chr7","61283599","61283788","26","3694515"
"JH378107","57589578","57589712","chr7","61284068","61284202","8","3694490"
"JH378107","57590449","57590627","chr10","17850777","17850955","24","39739672"
"JH378107","57598970","57599097","chr21","486483","486610","7","57112487"
"JH378107","57599544","57599838","chr7","61317841","61318122","31","3718297"
"JH378107","57601160","57601335","chr2","37590308","37590480","38","20010852"
"JH378107","57608290","57608578","chr7","61326901","61327194","45","3718611"
"JH378107","57627727","57627902","chr12","49241681","49241851","20","8386046"
"JH378107","57634391","57634497","chr3","30094109","30094216","26","27540282"
"JH378107","57634531","57634637","chr7","62664606","62664709","14","5030075"
"JH378107","57637437","57637739","chr1","172630885","172631188","39","114993448"
"JH378107","57642676","57642939","chr22","13970378","13970641","42","43672298"
"JH378107","57645013","57645108","chr1","204449952","204450054","11","146804939"
"JH378107","57649676","57649704","chr11","110847536","110847563","8","53197860"
"JH378107","57649943","57650212","chr1","182934202","182934481","50","125284259"
"JH378107","57656466","57656765","chr7","61368737","61369033","22","3712271"
"JH378107","57663121","57663235","chr10","91966353","91966465","5","34303232"
"JH378107","57667931","57668234","chr7","61379684","61379991","26","3711753"
"JH378107","57674755","57675092","chr7","61385191","61385514","35","3710436"
"JH378107","57676064","57676376","chr7","61386491","61386804","40","3710427"
"JH378107","57677734","57677896","chr22","39354457","39354618","15","18323277"
"JH378107","57678194","57678326","chr3","187730976","187731111","16","130052782"
"JH378107","57682010","57682322","chr7","61391790","61392101","30","3709780"
"JH378107","57712296","57712609","chr13","87411594","87411907","51","29699298"
"JH378107","57713318","57713613","chr7","61423930","61424219","29","3710612"
"JH378107","57713879","57714175","chr9","114505734","114506026","43","56791855"
"JH378107","57715344","57715502","chr7","61426752","61426914","13","3711408"
"JH378107","57731061","57731365","chr7","61441819","61442130","32","3710758"
"JH378107","57737386","57737687","chr7","61447864","61448169","40","3710478"
"JH378107","57743265","57743572","chr7","61453787","61454076","42","3710522"
"JH378107","57745092","57745233","chr7","61456060","61456200","12","3710968"
"JH378107","57745527","57745670","chr12","12284566","12284703","33","45460961"
"JH378107","57755288","57755362","chr6","89897100","89897173","15","32141812"
"JH378107","57757070","57757260","chr4","44080657","44080846","31","13676413"
"JH378107","57766748","57767046","chr5","25526476","25526780","53","32240272"
"JH378107","57767873","57768042","chr4","139254527","139254693","24","81486654"
"JH378107","57768043","57768367","chr4","159256888","159257213","27","101488845"
"JH378107","57768368","57768502","chr4","32159835","32159968","21","25608533"
"JH378107","57771212","57771511","chr7","61480797","61481091","22","3709585"
"JH378107","57772434","57772741","chr7","61481993","61482301","20","3709559"
"JH378107","57778977","57779125","chr7","61488853","61489000","7","3709876"
"JH378107","57779423","57779567","chr7","61489308","61489451","16","3709885"
"JH378107","57802571","57802645","chr5","87444672","87444745","13","29642101"
"JH378107","57802666","57802695","chr3","8925180","8925207","6","48877486"
"JH378107","57845526","57845666","chr2","14586160","14586296","13","43259366"
"JH378107","57845962","57846082","chr7","61558064","61558184","3","3712102"
"JH378107","57859853","57859951","chr7","96345222","96345317","16","38485369"
"JH378107","57894529","57894766","chr13","80568154","80568394","45","22673625"
"JH378107","57895577","57895884","chr1","54425184","54425495","48","3470393"
"JH378107","57910923","57911213","chr21","37408445","37408735","40","20502478"
"JH378107","57914336","57914615","chr7","61622931","61623209","19","3708595"
"JH378107","57931042","57931190","chr5","9343741","9343891","21","48587301"
"JH378107","57933974","57934264","chr7","61643918","61644218","42","3709944"
"JH378107","57934689","57934821","chr8","44777692","44777825","18","13156997"
"JH378107","57935127","57935305","chr6","67193140","67193308","31","9258013"
"JH378107","57938683","57938820","chr2","157862059","157862191","16","99923376"
"JH378107","57943270","57943414","chr8","5234173","5234312","16","52709097"
"JH378107","57945558","57945729","chr12","110234329","110234498","28","52288771"
"JH378107","57962333","57962460","chr7","61668641","61668768","4","3706308"
"JH378107","57962893","57963059","chr1","96164135","96164297","27","38201242"
"JH378107","57963356","57963510","chr6","4623876","4624026","25","53339480"
"JH378107","57964676","57964859","chr12","86856499","86856674","36","28891823"
"JH378107","57987004","57987306","chr10","81672870","81673171","44","23685866"
"JH378107","58013093","58013398","chr7","61723097","61723402","21","3710004"
"JH378107","58016219","58016515","chr7","61725217","61725517","17","3708998"
"JH378107","58020691","58020867","chr7","61729276","61729452","9","3708585"
"JH378107","58070826","58070899","chr15","23992268","23992338","15","34078558"
"JH378107","58071208","58071294","chr3","65590006","65590092","10","7518798"
"JH378107","58091876","58092169","chr7","61800487","61800783","19","3708611"
"JH378107","58096995","58097271","chr3","111433795","111434071","40","53336800"
"JH378107","58101858","58102151","chr1","171693875","171694176","46","113592017"
"JH378107","58105537","58105800","chr7","61814192","61814453","28","3708655"
"JH378107","58107349","58107548","chr7","61815945","61816131","24","3708596"
"JH378107","58111471","58111770","chr7","61821023","61821321","15","3709552"
"JH378107","58116246","58116569","chr7","61826264","61826577","47","3710018"
"JH378107","58139336","58139634","chr7","61844551","61844856","29","3705215"
"JH378107","58148407","58148561","chr1","175510591","175510746","21","117362184"
"JH378107","58155692","58155753","chr12","11742960","11743020","7","46412732"
"JH378107","58163330","58163448","chr7","61877594","61877712","5","3714264"
"JH378107","58165926","58166024","chr1","135610696","135610794","10","77444770"
"JH378107","58196804","58196993","chr7","61916342","61916522","20","3719538"
"JH378107","58203830","58204110","chr7","61924869","61925166","30","3721039"
"JH378107","58211945","58212016","chr5","108168922","108168993","7","49956977"
"JH378107","58212931","58213216","chr7","61934751","61935022","28","3721820"
"JH378107","58214064","58214430","chr7","61935846","61936213","20","3721782"
"JH378107","58221238","58221529","chr7","61942473","61942761","27","3721235"
"JH378107","58241928","58242084","chr16","4623407","4623567","29","53618521"
"JH378107","58253501","58253629","chr17","763462","763591","14","57490039"
"JH378107","58253927","58254101","chr7","61971356","61971533","14","3717429"
"JH378107","58254225","58254365","chr18","5006316","5006456","16","53247909"
"JH378107","58254651","58254827","chr5","134311911","134312087","23","76057260"
"JH378107","58258781","58259078","chr8","117648963","117649259","53","59390182"
"JH378107","58264062","58264310","chr7","61983865","61984146","47","3719803"
"JH378107","58266993","58267131","chr4","35761341","35761471","19","22505652"
"JH378107","58278663","58278970","chr7","61995046","61995330","34","3716383"
"JH378107","58281644","58281762","chr17","71251405","71251524","13","12969761"
"JH378108","23985998","23986179","chrY","2149480","2149662","32","21836518"
"JH378108","44564471","44564761","chr6","17141181","17141483","32","27423290"
"JH378108","37603","37944","chr7","122430523","122430832","55","122392920"
"JH378108","42072","42224","chr7","122425192","122425341","18","122383120"
"JH378108","91964","92249","chr7","122382707","122382992","14","122290743"
"JH378108","133599","133891","chr7","122332809","122333085","43","122199210"
"JH378108","160042","160301","chr7","6455199","6455450","52","6295157"
"JH378108","285556","285882","chr5","42336835","42337155","52","42051279"
"JH378108","292344","292618","chr7","122140178","122140462","36","121847834"
"JH378108","365294","365428","chr2","11129587","11129722","15","10764293"
"JH378108","365744","365906","chrUn_GL286373","2053187","2053352","29","1687443"
"JH378108","414167","414482","chr5","88679023","88679339","65","88264856"
"JH378108","593393","593677","chr14","42145798","42146079","35","41552405"
"JH378108","607672","608029","chr12","44164158","44164487","81","43556486"
"JH378108","628718","629025","chr7","121799767","121800056","40","121171049"
"JH378108","645141","645444","chr4","39781279","39781584","53","39136138"
"JH378108","659234","659496","chr7","121769744","121770015","26","121110510"
"JH378108","670656","670939","chr7","121755465","121755750","25","121084809"
"JH378108","716682","716970","chr7","121708969","121709273","40","120992287"
"JH378108","763354","763418","chr1","83892307","83892372","12","83128953"
"JH378108","767164","767452","chr7","121656373","121656665","24","120889209"
"JH378108","776049","776352","chr7","121653319","121653584","62","120877270"
"JH378108","783119","783416","chr7","121645842","121646134","34","120862723"
"JH378108","808723","809016","chr7","121620175","121620483","34","120811452"
"JH378108","815369","815492","chr7","121614162","121614285","8","120798793"
"JH378108","836465","836687","chr7","121593736","121593945","25","120757271"
"JH378108","836688","836968","chr7","121593462","121593720","47","120756774"
"JH378108","869578","869848","chr7","121567299","121567573","21","120697721"
"JH378108","894634","894644","chr4","37500722","37500732","0","36606088"
"JH378108","894686","894962","chr5","72139665","72139949","44","71244979"
"JH378108","929469","929765","chrX","107626673","107626971","43","106697204"
"JH378108","994629","994913","chr10","11065616","11065897","62","10070987"
"JH378108","1000001","1000223","chr6","143776511","143776727","37","142776510"
"JH378108","1033700","1033830","chr5","126270551","126270680","8","125236851"
"JH378108","1041879","1042179","chr7","121400225","121400526","14","120358346"
"JH378108","1043683","1043989","chr7","121398402","121398710","19","120354719"
"JH378108","1128808","1128936","chr6","132424504","132424632","20","131295696"
"JH378108","1128957","1129135","chr8","117625332","117625506","24","116496375"
"JH378108","1191648","1191937","chrX","95302134","95302425","52","94110486"
"JH378108","1270574","1270862","chrX","51958310","51958596","44","50687736"
"JH378108","1270903","1271066","chr7","121185576","121185739","10","119914673"
"JH378108","1281872","1282196","chr7","121174759","121175079","24","119892887"
"JH378108","1286623","1286825","chr12","28666499","28666714","51","27379876"
"JH378108","1289299","1289431","chr17","42084808","42084940","5","40795509"
"JH378108","1336634","1336730","chr1","152610644","152610741","26","151274010"
"JH378108","1368219","1368512","chr7","121085460","121085725","44","119717241"
"JH378108","1375016","1375293","chr9","37780497","37780776","58","36405481"
"JH378108","1382681","1382932","chr7","121072647","121072922","45","119689966"
"JH378108","1400910","1400965","chrX","108041875","108041929","7","106640965"
"JH378108","1401138","1401281","chr22","3928021","3928156","25","2526883"
"JH378108","1406606","1406904","chr7","121047420","121047708","38","119640814"
"JH378108","1408715","1408860","chr7","121045222","121045367","12","119636507"
"JH378108","1411061","1411189","chr7","121041760","121041888","11","119630699"
"JH378108","1434458","1434773","chr7","121021264","121021573","35","119586806"
"JH378108","1440982","1441258","chr7","121014891","121015171","20","119573909"
"JH378108","1448556","1448663","chr7","85978347","85978456","8","84529791"
"JH378108","1518541","1518828","chr7","120928011","120928303","29","119409470"
"JH378108","1581551","1581860","chr7","120861688","120861997","22","119280137"
"JH378108","1623909","1624210","chr7","120816946","120817251","26","119193037"
"JH378108","1675497","1675799","chr7","120761683","120761980","42","119086186"
"JH378108","1682585","1682885","chr9","83982336","83982633","40","82299751"
"JH378108","1686236","1686463","chr1","62756909","62757135","36","61070673"
"JH378108","1753713","1753776","chr10","6256783","6256842","10","4503070"
"JH378108","1754490","1754780","chr7","120726701","120727005","34","118972211"
"JH378108","1826127","1826348","chr21","41673322","41673549","54","39847195"
"JH378108","1892035","1892232","chrX","122062787","122062970","47","120170752"
"JH378108","1898372","1898666","chr17","26482397","26482693","39","24584025"
"JH378108","1949524","1949661","chr7","120528185","120528335","16","118578661"
"JH378108","1949665","1949814","chr15","26408391","26408533","23","24458726"
"JH378108","1949886","1950016","chr4","71793974","71794101","21","69844088"
"JH378108","2014828","2015121","chr7","120455319","120455613","20","118440491"
"JH378108","2016224","2016533","chr11","116990160","116990468","52","114973936"
"JH378108","2020294","2020591","chr7","120449758","120450055","17","118429464"
"JH378108","2040070","2040385","chr7","120430863","120431167","32","118390793"
"JH378108","2064812","2065106","chr7","120406849","120407142","23","118342037"
"JH378108","2071741","2071957","chr7","120399872","120400087","18","118328131"
"JH378108","2071958","2072024","chr7","4717415","4717478","15","2645457"
"JH378108","2088135","2088297","chr7","120382646","120382811","14","118294511"
"JH378108","2236382","2236408","chr7","120237796","120237819","4","118001414"
"JH378108","2236432","2236710","chr6","7574421","7574672","71","5337989"
"JH378108","2258528","2258691","chr11","126286445","126286607","28","124027917"
"JH378108","2276324","2276617","chr7","120195126","120195423","34","117918802"
"JH378108","2291577","2291870","chr7","120174251","120174543","38","117882674"
"JH378108","2291942","2291952","chr1","81037685","81037695","1","78745743"
"JH378108","2410056","2410354","chr12","55815595","55815888","61","53405539"
"JH378108","2449254","2449385","chr7","119997153","119997289","15","117547899"
"JH378108","2449442","2449610","chr7","119996955","119997132","22","117547513"
"JH378108","2450204","2450508","chr7","119996075","119996366","37","117545871"
"JH378108","2465841","2466000","chr7","119977921","119978083","13","117512080"
"JH378108","2466003","2466272","chr7","119977639","119977917","28","117511636"
"JH378108","2536196","2536491","chr7","119897783","119898080","26","117361587"
"JH378108","2548343","2548635","chr7","119884896","119885175","31","117336553"
"JH378108","2620877","2621189","chr12","53550727","53551045","53","50929850"
"JH378108","2760569","2760751","chr15","26476140","26476322","30","23715571"
"JH378108","2949155","2949448","chr7","119442244","119442527","28","116493089"
"JH378108","2952166","2952272","chr1","16161241","16161340","23","13209075"
"JH378108","2952341","2952518","chr12","4635376","4635544","35","1683035"
"JH378108","2968776","2968908","chr1","136760229","136760359","9","133791453"
"JH378108","2970306","2970607","chr7","119420824","119421103","43","116450518"
"JH378108","3043656","3043957","chr7","119336868","119337157","45","116293212"
"JH378108","3068217","3068282","chr7","119312679","119312744","2","116244462"
"JH378108","3102759","3103035","chr7","119277779","119278059","40","116175020"
"JH378108","3359511","3359606","chr20","10183994","10184088","16","6824483"
"JH378108","3419522","3419788","chr5","53247192","53247454","55","49827670"
"JH378108","3527388","3527719","chr7","120834204","120834534","21","117306816"
"JH378108","3579921","3580017","chr8","70250081","70250177","14","66670160"
"JH378108","3724033","3724339","chr11","17382616","17382923","43","13658583"
"JH378108","3833549","3833649","chr7","118520650","118520751","7","114687101"
"JH378108","4002853","4003140","chr7","118345303","118345592","23","114342450"
"JH378108","4089001","4089165","chr7","118268898","118269063","14","114179897"
"JH378108","4135732","4136021","chr7","118213191","118213480","12","114077459"
"JH378108","4140182","4140492","chr7","118207704","118208002","26","114067522"
"JH378108","4163029","4163321","chr7","118184597","118184891","27","114021568"
"JH378108","4193052","4193335","chr7","118154846","118155128","29","113961794"
"JH378108","4211537","4211574","chr5","1398574","1398608","7","2812963"
"JH378108","4211614","4211891","chr16","54898413","54898692","35","50686799"
"JH378108","4355584","4355887","chr7","117988997","117989281","39","113633413"
"JH378108","4369646","4369910","chr7","69404520","69404802","84","65034874"
"JH378108","4447131","4447421","chr7","117892844","117893140","29","113445713"
"JH378108","4459667","4459929","chr19","36245022","36245278","55","31785355"
"JH378108","4463153","4463415","chr19","36245022","36245278","55","31781869"
"JH378108","4476395","4476672","chr7","117867658","117867925","34","113391263"
"JH378108","4540729","4541023","chr14","62723383","62723677","43","58182654"
"JH378108","4562391","4562685","chr7","117778243","117778528","31","113215852"
"JH378108","4646782","4647073","chr7","117695087","117695380","26","113048305"
"JH378108","4682529","4682829","chr7","117658733","117659025","48","112976204"
"JH378108","4687141","4687438","chr7","117654462","117654750","29","112967321"
"JH378108","4706941","4707077","chr7","117636166","117636301","13","112929225"
"JH378108","4707373","4707562","chr7","117635683","117635869","33","112928310"
"JH378108","4727777","4727976","chr7","117615988","117616180","16","112888211"
"JH378108","4786559","4786854","chr1","155492401","155492698","46","150705842"
"JH378108","4814089","4814389","chr7","117530998","117531300","17","112716909"
"JH378108","4818445","4818749","chr12","31140814","31141112","46","26322369"
"JH378108","4822734","4823024","chr7","117522040","117522353","33","112699306"
"JH378108","4841465","4841765","chr7","117502902","117503186","40","112661437"
"JH378108","4873643","4873772","chr7","117470375","117470505","10","112596732"
"JH378108","4904308","4904385","chr7","117438175","117438254","11","112533867"
"JH378108","4904467","4904678","chr7","117437893","117438098","26","112533426"
"JH378108","4905042","4905322","chr5","123854562","123854843","51","118949520"
"JH378108","4941190","4941400","chr6","83472421","83472626","35","78531231"
"JH378108","4942555","4942843","chr20","10539404","10539691","44","5596849"
"JH378108","4982684","4982982","chr7","117359962","117360255","27","112377278"
"JH378108","4983860","4984132","chr7","117358817","117359091","14","112374957"
"JH378108","4991439","4991619","chr11","25265080","25265264","26","20273641"
"JH378108","4991679","4991802","chr10","102600841","102600965","18","97609162"
"JH378108","5023055","5023361","chr7","117309970","117310266","39","112286915"
"JH378108","5058146","5058421","chr22","2004031","2004304","38","3054115"
"JH378108","5067638","5067859","chr7","117263426","117263647","19","112195788"
"JH378108","5121688","5121964","chr7","117210322","117210601","25","112088634"
"JH378108","5130355","5130658","chr7","117201596","117201898","26","112071241"
"JH378108","5187688","5188008","chr12","46843905","46844218","60","41656217"
"JH378108","5205495","5205793","chr7","117123341","117123641","31","111917846"
"JH378108","5367969","5368289","chr16","46561162","46561465","59","41193193"
"JH378108","5408196","5408299","chr9","8717010","8717114","20","3308814"
"JH378108","5440821","5441113","chr7","116874136","116874439","39","111433315"
"JH378108","5483692","5483942","chr4","120684911","120685156","48","115201219"
"JH378108","5484069","5484256","chr8","32570196","32570391","35","27086127"
"JH378108","5542167","5542338","chr7","116773778","116773955","17","111231611"
"JH378108","5711608","5711731","chr6","134990658","134990777","12","129279050"
"JH378108","5898391","5898504","chr7","102754335","102754448","5","96855944"
"JH378108","5907558","5907691","chr7","116400832","116400965","13","110493274"
"JH378108","5907982","5908143","chr7","116400382","116400547","21","110492400"
"JH378108","5937938","5938247","chr7","116374560","116374876","34","110436622"
"JH378108","6018354","6018661","chr7","116290886","116291172","50","110272532"
"JH378108","6020515","6020826","chr7","151304816","151305127","54","145284301"
"JH378108","6026754","6027098","chr7","116283034","116283370","29","110256280"
"JH378108","6183145","6183235","chr7","116079387","116079477","6","109896242"
"JH378108","6281707","6282005","chr7","115966992","115967289","22","109685285"
"JH378108","6390143","6390404","chr7","115842483","115842741","35","109452340"
"JH378108","6496605","6496907","chr7","115719472","115719779","24","109222867"
"JH378108","6654474","6654760","chr7","115552112","115552419","40","108897638"
"JH378108","6692135","6692430","chr1","164645124","164645420","46","157952989"
"JH378108","6751245","6751369","chr22","10637034","10637154","17","3885789"
"JH378108","6751849","6751985","chr13","8979275","8979411","20","2227426"
"JH378108","6769520","6769647","chr2","127820046","127820173","10","121050526"
"JH378108","6833531","6833843","chr7","74466621","74466926","53","67633090"
"JH378108","6850607","6850839","chr7","115342506","115342755","36","108491899"
"JH378108","6943014","6943179","chr5","34200911","34201075","33","27257897"
"JH378108","6943235","6943319","chr3","7117599","7117682","14","174364"
"JH378108","7010059","7010172","chr6","44535214","44535327","5","37525155"
"JH378108","7015749","7016083","chr11","82191329","82191664","60","75175580"
"JH378108","7041987","7042288","chr7","115106431","115106737","27","108064444"
"JH378108","7066033","7066147","chr7","115083110","115083225","11","108017077"
"JH378108","7100099","7100289","chr1","91558171","91558353","34","84458072"
"JH378108","7104020","7104190","chr7","115045424","115045593","17","107941404"
"JH378108","7104487","7104623","chr1","202981060","202981197","21","195876573"
"JH378108","7107400","7107777","chr7","62338459","62338802","87","55231059"
"JH378108","7210068","7210357","chr7","114928958","114929246","28","107718890"
"JH378108","7382514","7382864","chr11","117421975","117422316","68","110039461"
"JH378108","7473582","7473879","chr14","71508687","71508984","42","64035105"
"JH378108","7578896","7579209","chr4","155528137","155528448","54","147949241"
"JH378108","7648041","7648234","chr2","15836796","15836973","37","8188755"
"JH378108","7648298","7648420","chr17","41954456","41954575","13","34306158"
"JH378108","7656495","7656666","chr10","79039595","79039755","36","71383100"
"JH378108","7656981","7657115","chr5","110505794","110505928","16","102848813"
"JH378108","7759401","7759723","chr7","114282559","114282838","64","106523158"
"JH378108","7791478","7791764","chr2","140133545","140133829","55","132342067"
"JH378108","7793061","7793356","chr7","114245431","114245735","29","106452370"
"JH378108","7852592","7852805","chr7","50678291","50678504","36","42825699"
"JH378108","7865922","7866209","chr7","114159138","114159409","38","106293216"
"JH378108","8010644","8010971","chr22","36065050","36065361","59","28054406"
"JH378108","8016550","8016848","chr7","113993044","113993353","33","105976494"
"JH378108","8019653","8019961","chr7","113981648","113981959","40","105961995"
"JH378108","8048087","8048382","chr7","113956569","113956860","22","105908482"
"JH378108","8055078","8055273","chr7","113950155","113950335","29","105895077"
"JH378108","8115407","8115697","chr7","113890644","113890931","16","105775237"
"JH378108","8116200","8116310","chr3","83724263","83724371","25","75608063"
"JH378108","8138630","8138925","chr7","113861578","113861878","23","105722948"
"JH378108","8140504","8140712","chr7","113859839","113860037","19","105719335"
"JH378108","8150430","8150717","chr7","113847964","113848258","25","105697534"
"JH378108","8151162","8151466","chr7","113847214","113847515","22","105696052"
"JH378108","8156405","8156680","chr7","113842023","113842297","22","105685618"
"JH378108","8157560","8157690","chr7","113841002","113841132","10","105683442"
"JH378108","8171709","8171901","chr4","42728957","42729145","30","34557248"
"JH378108","8183397","8183525","chr10","28947761","28947889","10","20764364"
"JH378108","8199721","8199798","chr14","75553802","75553869","19","67354081"
"JH378108","8200075","8200273","chr16","74243542","74243731","43","66043467"
"JH378108","8204329","8204446","chr16","18984904","18985021","8","10780575"
"JH378108","8210173","8210349","chr14","97165393","97165567","30","88955220"
"JH378108","8213223","8213513","chr7","113781578","113781870","24","105568355"
"JH378108","8226509","8226813","chr2","9772912","9773212","46","1546403"
"JH378108","8227856","8227991","chr7","81189251","81189387","11","72961395"
"JH378108","8229001","8229132","chr4","44146401","44146537","25","35917400"
"JH378108","8229422","8229553","chr6","123835632","123835766","30","115606210"
"JH378108","8237627","8237903","chr7","113756818","113757086","30","105519191"
"JH378108","8237997","8238228","chr7","113756498","113756717","21","105518501"
"JH378108","8243936","8244192","chr20","38552437","38552697","59","30308501"
"JH378108","8260103","8260229","chr7","113733396","113733523","5","105473293"
"JH378108","8281487","8281764","chr7","113712936","113713213","22","105431449"
"JH378108","8288365","8288668","chr7","113706087","113706379","26","105417722"
"JH378108","8291437","8291685","chr1","203188762","203189002","46","194897325"
"JH378108","8310286","8310413","chr22","13044120","13044247","2","4733834"
"JH378108","8317163","8317285","chr4","126110445","126110567","9","117793282"
"JH378108","8317331","8317482","chr9","112580698","112580855","15","104263367"
"JH378108","8318964","8319275","chr7","113675377","113675675","27","105356413"
"JH378108","8322396","8322690","chr7","113670497","113670791","24","105348101"
"JH378108","8323207","8323342","chr7","113669567","113669703","9","105346360"
"JH378108","8326925","8327205","chr7","113665667","113665963","38","105338742"
"JH378108","8331854","8332154","chr4","39781279","39781584","39","31449425"
"JH378108","8343404","8343500","chr8","115115905","115116001","12","106772501"
"JH378108","8351940","8352247","chr7","113638773","113639070","28","105286833"
"JH378108","8353816","8353944","chr5","138345840","138345970","11","129992024"
"JH378108","8354915","8355200","chr7","113635808","113636068","41","105280893"
"JH378108","8369972","8370151","chr21","37430221","37430398","26","29060249"
"JH378108","8380362","8380659","chrX","23745801","23746094","48","15365439"
"JH378108","8381473","8381757","chr1","181526555","181526831","48","173145082"
"JH378108","8385303","8385583","chr7","113589242","113589528","37","105203939"
"JH378108","8403246","8403415","chr5","76991189","76991354","24","68587943"
"JH378108","8426540","8426638","chr21","36482939","36483036","18","28056399"
"JH378108","8427366","8427665","chr2","13476597","13476896","44","5049231"
"JH378108","8443329","8443630","chr7","113537228","113537510","32","105093899"
"JH378108","8462802","8463100","chr7","113514518","113514820","29","105051716"
"JH378108","8465851","8466155","chr7","113511328","113511633","29","105045477"
"JH378108","8483695","8483809","chr1","137960220","137960334","6","129476525"
"JH378108","8483810","8483875","chr7","113497044","113497110","5","105013234"
"JH378108","8484825","8484977","chr2","120895911","120896064","30","112411086"
"JH378108","8493506","8493635","chr16","14526958","14527087","6","6033452"
"JH378108","8500644","8500934","chr7","113481351","113481642","18","104980707"
"JH378108","8501832","8502121","chr1","62131487","62131780","48","53629655"
"JH378108","8508017","8508322","chr7","113474101","113474405","26","104966084"
"JH378108","8516695","8516993","chr7","113466201","113466499","17","104949506"
"JH378108","8528450","8528736","chr3","112914299","112914584","46","104385849"
"JH378108","8534638","8534936","chr2","61458822","61459117","54","52924184"
"JH378108","8536400","8536680","chr7","113447774","113448049","45","104911374"
"JH378108","8541398","8541660","chr7","113441971","113442233","20","104900573"
"JH378108","8563256","8563565","chr7","113423657","113423961","21","104860401"
"JH378108","8609159","8609397","chr15","25641758","25642009","51","17032599"
"JH378108","8616184","8616495","chr7","113363731","113364035","29","104747547"
"JH378108","8629563","8629764","chr1","198922830","198923027","26","190293267"
"JH378108","8648470","8648744","chr7","113331990","113332257","26","104683520"
"JH378108","8668839","8669137","chr7","113312789","113313080","29","104643950"
"JH378108","8674542","8674833","chr7","113305273","113305560","34","104630731"
"JH378108","8675719","8676024","chr3","142637344","142637643","47","133961625"
"JH378108","8678856","8679168","chr7","113300951","113301260","29","104622095"
"JH378108","8706197","8706482","chr7","113273489","113273766","30","104567292"
"JH378108","8712057","8712324","chr1","23419097","23419386","63","14707040"
"JH378108","8800724","8801036","chr4","110923799","110924106","49","102123075"
"JH378108","8860060","8860338","chr7","113120866","113121150","41","104260806"
"JH378108","8886621","8886938","chr7","113094559","113094871","38","104207938"
"JH378108","9000205","9000512","chr5","94502099","94502406","46","85501894"
"JH378108","9047968","9048096","chr10","74483167","74483295","5","65435199"
"JH378108","9061732","9062047","chr7","112900830","112901141","34","103839098"
"JH378108","9141097","9141226","chr22","43818330","43818457","5","34677233"
"JH378108","9197085","9197368","chr7","112759041","112759335","29","103561956"
"JH378108","9232878","9233066","chr1","60325288","60325473","31","51092410"
"JH378108","9410466","9410599","chr7","112544873","112545005","14","103134407"
"JH378108","9531735","9532019","chr5","61919079","61919369","57","52387344"
"JH378108","9597969","9598267","chr7","112360536","112360836","26","102762567"
"JH378108","9740964","9741276","chr7","112215687","112215996","41","102474723"
"JH378108","9827922","9828213","chr7","112126821","112127112","18","102298899"
"JH378108","9860012","9860321","chr7","112094021","112094328","29","102234009"
"JH378108","9948488","9948798","chr7","112008615","112008923","31","102060127"
"JH378108","9958206","9958493","chr3","52227097","52227378","44","42268891"
"JH378108","9964974","9965281","chr17","74021189","74021493","49","64056215"
"JH378108","10022474","10022757","chr19","48295738","48296021","44","38273264"
"JH378108","10074504","10074795","chr7","111879797","111880084","23","101805293"
"JH378108","10138430","10138723","chr7","111812491","111812786","20","101674061"
"JH378108","10146143","10146440","chr7","111805064","111805361","26","101658921"
"JH378108","10195555","10195862","chr7","111757624","111757917","35","101562069"
"JH378108","10199116","10199419","chr7","111754025","111754326","22","101554909"
"JH378108","10238119","10238398","chr7","111716257","111716507","41","101478138"
"JH378108","10262902","10263093","chr7","111678237","111678428","13","101415335"
"JH378108","10263781","10263914","chr7","111677390","111677523","14","101413609"
"JH378108","10290201","10290498","chr7","111642086","111642382","27","101351885"
"JH378108","10325425","10325546","chr16","63117904","63118024","29","52792479"
"JH378108","10339979","10340083","chr2","32800178","32800280","18","22460199"
"JH378108","10368566","10368689","chr1","6247078","6247201","13","4121488"
"JH378108","10373800","10374042","chr7","111562392","111562625","26","101188592"
"JH378108","10407908","10408208","chr7","111522488","111522762","55","101114580"
"JH378108","10429450","10429688","chr9","57789732","57789967","43","47360282"
"JH378108","10433810","10434109","chr7","111498437","111498723","29","101064627"
"JH378108","10461393","10461689","chr7","111473948","111474243","24","101012555"
"JH378108","10463375","10463499","chr9","108820032","108820159","11","98356657"
"JH378108","10488399","10488687","chr7","111445999","111446289","39","100957600"
"JH378108","10492035","10492336","chr7","111442341","111442644","20","100950306"
"JH378108","10530294","10530458","chrX","23402641","23402795","28","12872347"
"JH378108","10530508","10530650","chr9","90553373","90553509","22","80022865"
"JH378108","10550324","10550624","chr7","111389258","111389556","21","100838934"
"JH378108","10593675","10593981","chr7","111347717","111348025","30","100754042"
"JH378108","10604153","10604461","chr7","111336654","111336971","23","100732501"
"JH378108","10655175","10655314","chr22","34239044","34239178","22","23583869"
"JH378108","10655782","10655951","chr1","85740799","85740966","29","75085017"
"JH378108","10665675","10665970","chr16","59672531","59672825","18","49006856"
"JH378108","10782811","10782982","chr9","42544487","42544654","26","31761676"
"JH378108","10793937","10794227","chr5","121044209","121044497","39","110250272"
"JH378108","10806954","10807087","chr4","148615049","148615180","7","137808095"
"JH378108","10839126","10839190","chr7","111095353","111095417","3","100256227"
"JH378108","10856625","10856720","chr7","111077338","111077432","4","100220713"
"JH378108","10912285","10912557","chr22","763054","763324","33","10149231"
"JH378108","10958306","10958610","chr5","60671568","60671876","55","49713262"
"JH378108","11092377","11092689","chr7","110762284","110762595","17","99669907"
"JH378108","11094221","11094334","chr6","47064146","47064260","10","35969925"
"JH378108","11124000","11124296","chr7","110728451","110728749","29","99604451"
"JH378108","11168733","11169000","chr7","110683479","110683774","47","99514746"
"JH378108","11211265","11211564","chr7","110642324","110642622","22","99431059"
"JH378108","11225143","11225428","chr7","110628167","110628455","17","99403024"
"JH378108","11252456","11252756","chr7","110595786","110596083","24","99343330"
"JH378108","11306453","11306618","chr7","110547149","110547310","16","99240696"
"JH378108","11331701","11331978","chr7","110521613","110521894","29","99189912"
"JH378108","11422339","11422642","chr7","110428440","110428733","45","99006101"
"JH378108","11488631","11488932","chr14","81273041","81273345","47","69784410"
"JH378108","11490226","11490396","chr4","21358150","21358314","29","9867924"
"JH378108","11628532","11628661","chr7","110215942","110216073","9","98587410"
"JH378108","11651498","11651711","chr11","60138329","60138541","34","48486831"
"JH378108","11652762","11652850","chr9","43509130","43509225","18","31856368"
"JH378108","11732642","11732919","chr7","110105716","110105993","18","98373074"
"JH378108","11886344","11886524","chr4","23147884","23148064","32","11261540"
"JH378108","11929832","11930128","chr7","54157888","54158182","46","42228056"
"JH378108","11932486","11932595","chr9","84414000","84414109","5","72481514"
"JH378108","11951752","11952052","chr16","91545694","91546004","54","79593942"
"JH378108","12015703","12016002","chr7","109822238","109822537","22","97806535"
"JH378108","12134207","12134523","chr7","109698140","109698442","37","97563933"
"JH378108","12172614","12172909","chr7","109659900","109660195","24","97487286"
"JH378108","12318932","12319233","chr7","109504595","109504895","25","97185663"
"JH378108","12588805","12589104","chr7","109189004","109189303","17","96600199"
"JH378108","12726820","12727093","chr7","109044411","109044702","40","96317591"
"JH378108","12738058","12738349","chr7","109023438","109023736","35","96285380"
"JH378108","12911297","12911410","chr12","18570636","18570750","22","5659339"
"JH378108","12992528","12992615","chr1","166765269","166765357","15","153772741"
"JH378108","13011901","13012174","chr7","108724243","108724517","17","95712342"
"JH378108","13019944","13020246","chr7","108716359","108716667","22","95696415"
"JH378108","13145940","13146063","chr7","108597294","108597417","4","95451354"
"JH378108","13146085","13146258","chr7","108597093","108597266","13","95451008"
"JH378108","13187129","13187360","chr7","108543797","108544034","25","95356668"
"JH378108","13197829","13197990","chr13","50314476","50314637","29","37116647"
"JH378108","13231272","13231584","chr7","108489838","108490134","48","95258566"
"JH378108","13271460","13271746","chr7","108447152","108447442","32","95175692"
"JH378108","13291771","13291858","chr7","108424087","108424170","14","95132316"
"JH378108","13343769","13344073","chr7","108360581","108360876","22","95016812"
"JH378108","13363145","13363430","chr7","108346372","108346677","39","94983227"
"JH378108","13408537","13408623","chr7","108292095","108292186","14","94883558"
"JH378108","13408624","13408745","chr5","122517903","122518024","18","109109279"
"JH378108","13408767","13408919","chr7","61551277","61551425","25","48142510"
"JH378108","13408952","13409118","chr7","108291600","108291777","27","94882648"
"JH378108","13422680","13422986","chr5","60671568","60671876","44","47248888"
"JH378108","13554353","13554487","chr7","108128480","108128617","5","94574127"
"JH378108","13554547","13554569","chr11","23807943","23807963","9","10253396"
"JH378108","13614637","13614920","chr7","108070855","108071129","27","94456218"
"JH378108","13698746","13699038","chr7","107983045","107983325","29","94284299"
"JH378108","13729769","13730064","chr1","13768320","13768613","29","38551"
"JH378108","13895697","13896015","chr7","107792953","107793260","46","93897256"
"JH378108","13926420","13926529","chr7","107763619","107763728","9","93837199"
"JH378108","13926531","13926659","chr7","107763489","107763617","8","93836958"
"JH378108","14047845","14048166","chr7","107639529","107639829","56","93591684"
"JH378108","14109463","14109748","chr7","107579246","107579556","43","93469783"
"JH378108","14112659","14112854","chr8","25878627","25878824","42","11765968"
"JH378108","14425282","14425405","chr9","51059248","51059371","15","36633966"
"JH378108","14425455","14425664","chr5","48871703","48871920","48","34446248"
"JH378108","14441496","14441772","chr7","107251207","107251490","55","92809711"
"JH378108","14502493","14502608","chr9","46369410","46369521","18","31866917"
"JH378108","14519050","14519282","chr1","90129568","90129794","47","75610518"
"JH378108","14564510","14564806","chr7","107109602","107109904","24","92545092"
"JH378108","14597729","14597776","chr7","85696185","85696231","7","71098456"
"JH378108","14598076","14598251","chr7","107078444","107078618","15","92480368"
"JH378108","14606268","14606518","chr7","107070234","107070483","44","92463966"
"JH378108","14726307","14726614","chr7","106932981","106933289","23","92206674"
"JH378108","14818015","14818147","chr7","106838950","106839086","15","92020935"
"JH378108","14869714","14870008","chr7","106785619","106785928","34","91915905"
"JH378108","14896067","14896355","chrUn_GL286599","11370","11651","24","14884697"
"JH378108","14934661","14934951","chr7","106724315","106724612","22","91789654"
"JH378108","14992873","14992968","chr7","62655794","62655891","14","47662921"
"JH378108","15134261","15134536","chr7","106456306","106456579","23","91322045"
"JH378108","15198968","15199261","chr7","106364026","106364312","33","91165058"
"JH378108","15228450","15228736","chr7","106321081","106321349","42","91092631"
"JH378108","15230798","15231077","chr7","106318743","106319018","29","91087945"
"JH378108","15258601","15258771","chr11","67119151","67119318","29","51860550"
"JH378108","15264411","15264536","chr7","106267404","106267534","13","91002993"
"JH378108","15266303","15266430","chr1","209885832","209885957","30","194619529"
"JH378108","15266485","15266607","chr10","30378388","30378511","20","15111903"
"JH378108","15269586","15269708","chr7","106262597","106262720","16","90993011"
"JH378108","15269795","15269963","chr7","106262372","106262549","26","90992577"
"JH378108","15270471","15270772","chr7","106261599","106261898","24","90991128"
"JH378108","15273581","15273731","chr4","162203136","162203279","23","146929555"
"JH378108","15295150","15295436","chr7","106237977","106238262","30","90942827"
"JH378108","15315003","15315140","chr9","51552607","51552740","12","36237604"
"JH378108","15343555","15343680","chr8","73834843","73834967","17","58491288"
"JH378108","15353845","15354021","chr3","152524395","152524572","27","137170550"
"JH378108","15354063","15354186","chr11","124438039","124438159","21","109083976"
"JH378108","15355849","15356164","chr7","106164586","106164911","32","90808737"
"JH378108","15367501","15367627","chr1","194772737","194772864","11","179405236"
"JH378108","15373158","15373460","chr1","203083799","203084102","49","187710641"
"JH378108","15374058","15374193","chr7","106147374","106147509","13","90773316"
"JH378108","15374495","15374655","chr7","106146920","106147076","19","90772425"
"JH378108","15377119","15377265","chr5","7910704","7910847","24","7466415"
"JH378108","15386334","15386442","chr10","98694232","98694339","18","83307898"
"JH378108","15396961","15397270","chr7","106124478","106124779","38","90727517"
"JH378108","15401093","15401207","chr5","95902861","95902977","5","80501768"
"JH378108","15401238","15401299","chr9","37950896","37950947","18","22549658"
"JH378108","15407542","15407829","chr7","106106653","106106933","27","90699111"
"JH378108","15409053","15409363","chr7","106104778","106105096","38","90695725"
"JH378108","15409653","15409947","chr7","106104208","106104496","27","90694555"
"JH378108","15417142","15417286","chr7","106095723","106095860","15","90678581"
"JH378108","15417585","15417720","chr7","106095295","106095430","10","90677710"
"JH378108","15419623","15419932","chr2","34504274","34504583","47","19084651"
"JH378108","15421694","15421811","chr7","106091235","106091351","4","90669541"
"JH378108","15426879","15427041","chr15","61437396","61437567","33","46010517"
"JH378108","15427246","15427528","chr7","106086245","106086562","62","90658999"
"JH378108","15431202","15431505","chr7","106082569","106082849","41","90651367"
"JH378108","15440604","15440907","chr7","106074166","106074460","41","90633562"
"JH378108","15444104","15444238","chr7","51347263","51347395","20","35903159"
"JH378108","15449285","15449594","chr7","106052954","106053255","30","90603669"
"JH378108","15451734","15451796","chr7","119312679","119312744","7","103860945"
"JH378108","15456965","15457299","chr4","105595945","105596255","73","90138980"
"JH378108","15458579","15458888","chr7","106044447","106044736","41","90585868"
"JH378108","15459217","15459463","chr7","106043842","106044087","18","90584625"
"JH378108","15472412","15472541","chr2","37053422","37053556","16","21581010"
"JH378108","15502332","15502608","chr4","99695343","99695620","48","84193011"
"JH378108","15511439","15511727","chr7","105984195","105984484","20","90472756"
"JH378108","15512734","15513044","chr7","105983268","105983571","25","90470534"
"JH378108","15550311","15550443","chr9","92026800","92026932","11","76476489"
"JH378108","15558596","15558904","chr2","135823994","135824290","54","120265398"
"JH378108","15580638","15580943","chr7","105921545","105921850","16","90340907"
"JH378108","15582469","15582745","chr7","105919744","105920005","38","90337275"
"JH378108","15584490","15584779","chr7","105917711","105918000","13","90333221"
"JH378108","15629750","15630061","chr7","105872853","105873159","38","90243103"
"JH378108","15672851","15673153","chr7","105831847","105832150","24","90158996"
"JH378108","15824176","15824441","chr7","105683965","105684230","18","89859789"
"JH378108","15828582","15828836","chr5","86425032","86425299","50","70596450"
"JH378108","15854791","15855089","chr7","105642260","105642557","17","89787469"
"JH378108","16074532","16074632","chr7","105403271","105403373","15","89328739"
"JH378108","16267149","16267376","chr7","105190275","105190493","27","88923126"
"JH378108","16295877","16296183","chr7","105157925","105158229","38","88862048"
"JH378108","16298740","16299031","chr7","105155095","105155363","47","88856355"
"JH378108","16302711","16302845","chr7","105152060","105152188","11","88849349"
"JH378108","16302961","16303113","chr7","105151782","105151929","13","88848821"
"JH378108","16431270","16431601","chr7","105010407","105010709","46","88579137"
"JH378108","16484895","16485198","chr5","55453487","55453789","50","38968592"
"JH378108","16506556","16506842","chr7","104914027","104914313","21","88407471"
"JH378108","16637127","16637436","chr7","104781062","104781368","33","88143935"
"JH378108","16674173","16674458","chr7","65132652","65132935","42","48458479"
"JH378108","16688799","16689092","chr7","104729062","104729364","26","88040263"
"JH378108","16902620","16902932","chr7","104525747","104526052","31","87623127"
"JH378108","16917428","16917621","chr9","113314654","113314850","36","96397226"
"JH378108","17135365","17135647","chrX","90446320","90446603","47","73310955"
"JH378108","17150532","17150741","chr7","104228001","104228211","15","87077469"
"JH378108","17155670","17155948","chr7","104222785","104223069","18","87067115"
"JH378108","17162973","17163276","chr7","104215473","104215761","48","87052500"
"JH378108","17410655","17410926","chr7","103944218","103944499","26","86533563"
"JH378108","17414953","17415083","chr22","7329432","7329562","15","10085521"
"JH378108","17452317","17452627","chr7","103899901","103900204","30","86447584"
"JH378108","17489633","17489911","chr7","103863667","103863953","44","86374034"
"JH378108","17538302","17538589","chr7","103812268","103812558","20","86273966"
"JH378108","17547790","17547943","chr7","103802976","103803126","23","86255186"
"JH378108","17565368","17565623","chr7","103781202","103781454","22","86215834"
"JH378108","17615633","17615741","chrUn_GL286397","898534","898648","26","16717099"
"JH378108","17710687","17710786","chr7","103623714","103623813","8","85913027"
"JH378108","17783149","17783445","chr14","45033227","45033526","38","27250078"
"JH378108","17796999","17797161","chr5","38799667","38799820","28","21002668"
"JH378108","17967041","17967237","chrX","129132988","129133187","33","111165947"
"JH378108","17967395","17967458","chr1","119055439","119055507","14","101088044"
"JH378108","17979858","17980159","chr7","103349939","103350245","24","85370081"
"JH378108","17998760","17999078","chr19","36649666","36649976","51","18650906"
"JH378108","18001838","18001975","chr2","7522702","7522845","38","10479136"
"JH378108","18016541","18016832","chr7","103314271","103314554","29","85297730"
"JH378108","18054676","18054959","chr7","103275223","103275519","34","85220547"
"JH378108","18091645","18091757","chr9","44528748","44528858","18","26437103"
"JH378108","18092056","18092236","chr1","148201642","148201821","28","130109586"
"JH378108","18113517","18113815","chr7","103210744","103211045","19","85097227"
"JH378108","18123209","18123506","chr4","35611504","35611805","49","17488295"
"JH378108","18147263","18147576","chr7","103177166","103177480","21","85029903"
"JH378108","18157370","18157499","chr15","23869365","23869492","13","5711995"
"JH378108","18157737","18157906","chr14","105947038","105947210","25","87789301"
"JH378108","18167161","18167462","chr2","111082210","111082511","43","92915049"
"JH378108","18188711","18188863","chr9","44809607","44809762","23","26620896"
"JH378108","18198591","18198892","chr7","103123639","103123931","33","84925048"
"JH378108","18206737","18206851","chr1","155730854","155730967","7","137524117"
"JH378108","18208266","18208572","chr12","82692461","82692757","53","64484195"
"JH378108","18210957","18211233","chr7","103111614","103111889","15","84900657"
"JH378108","18229654","18229817","chr7","103092174","103092348","25","84862520"
"JH378108","18230117","18230262","chr7","103091739","103091880","9","84861622"
"JH378108","18231761","18232054","chr7","103090285","103090567","35","84858524"
"JH378108","18256077","18256385","chr7","103066520","103066815","29","84810443"
"JH378108","18261088","18261363","chr7","103061633","103061906","22","84800545"
"JH378108","18261510","18261689","chr7","103061304","103061485","20","84799794"
"JH378108","18261711","18261829","chr2","86197357","86197473","9","67935646"
"JH378108","18264557","18264867","chr7","103058217","103058507","42","84793660"
"JH378108","18267653","18267948","chr7","103055156","103055444","16","84787503"
"JH378108","18268507","18268819","chr7","103054282","103054586","28","84785775"
"JH378108","18285265","18285394","chr2","56986506","56986637","11","38701241"
"JH378108","18286164","18286449","chr7","103038569","103038859","26","84752405"
"JH378108","18303460","18303771","chr5","96904740","96905032","59","78601280"
"JH378108","18310856","18311148","chr8","117648963","117649259","41","99338107"
"JH378108","18323774","18324032","chr6","117538846","117539097","42","99215072"
"JH378108","18329603","18329776","chr7","102995690","102995856","20","84666087"
"JH378108","18336544","18336705","chr12","18223476","18223638","23","113068"
"JH378108","18346402","18346746","chr1","194421013","194421359","56","176074611"
"JH378108","18353479","18353770","chr7","102973525","102973816","16","84620046"
"JH378108","18369982","18370285","chr7","102952106","102952397","39","84582124"
"JH378108","18382743","18382977","chr2","138690883","138691104","48","120308140"
"JH378108","18400066","18400359","chr7","37031164","37031453","41","18631098"
"JH378108","18408892","18409203","chr9","9281443","9281753","55","9127449"
"JH378108","18410403","18410527","chr7","102912264","102912388","8","84501861"
"JH378108","18427601","18427898","chr7","102888603","102888879","42","84461002"
"JH378108","18438110","18438420","chr7","102866823","102867133","16","84428713"
"JH378108","18448554","18448631","chr7","102857376","102857453","6","84408822"
"JH378108","18469758","18470077","chr7","102838953","102839270","22","84369195"
"JH378108","18492137","18492417","chr11","67180371","67180649","39","48688234"
"JH378108","18517362","18517673","chr7","102789095","102789397","27","84271733"
"JH378108","18519963","18520068","chr7","102786867","102786977","15","84266904"
"JH378108","18532967","18533131","chr5","73796058","73796223","24","55263091"
"JH378108","18533431","18533567","chr1","185370477","185370613","13","166837046"
"JH378108","18538538","18538847","chr7","102770595","102770898","23","84232057"
"JH378108","18575616","18575846","chr6","44522211","44522427","50","25946595"
"JH378108","18583245","18583389","chr7","102720641","102720787","11","84137396"
"JH378108","18583680","18583858","chr15","67789240","67789416","33","49205560"
"JH378108","18586867","18587176","chr3","75194975","75195274","43","56608108"
"JH378108","18592946","18593222","chr7","102707668","102707961","34","84114722"
"JH378108","18666527","18666827","chr7","102647053","102647345","44","83980526"
"JH378108","18795002","18795269","chr7","128908388","128908657","66","110113386"
"JH378108","18799283","18799577","chr7","102505988","102506295","42","83706705"
"JH378108","18832273","18832551","chr7","102470002","102470294","36","83637729"
"JH378108","18952834","18953055","chr5","122443587","122443813","37","103490753"
"JH378108","18953064","18953191","chr12","50096765","50096893","5","31143701"
"JH378108","18953612","18953897","chr7","102344901","102345185","20","83391289"
"JH378108","18990498","18990795","chr7","102307525","102307823","28","83317027"
"JH378108","19047057","19047345","chr7","79267394","79267682","46","60220337"
"JH378108","19052309","19052437","chr2","126750561","126750688","22","107698252"
"JH378108","19113925","19114080","chr10","118767990","118768140","32","99654065"
"JH378108","19125574","19125693","chr6","134990658","134990777","7","115865084"
"JH378108","19273678","19273980","chr7","102026411","102026714","24","82752733"
"JH378108","19440340","19440493","chr7","101866763","101866905","21","82426423"
"JH378108","19458612","19458868","chr7","101848431","101848690","21","82389819"
"JH378108","19617779","19617892","chr11","122874417","122874531","5","103256638"
"JH378108","19679287","19679582","chr2","12040623","12040917","49","7638664"
"JH378108","19695380","19695671","chr7","101608543","101608832","29","81913163"
"JH378108","19766328","19766617","chr7","101536534","101536823","23","81770206"
"JH378108","19834950","19835222","chr3","183727395","183727637","67","163892445"
"JH378108","19837720","19838029","chr7","70677711","70678012","49","50839991"
"JH378108","19866721","19866977","chr7","101427363","101427619","14","81560642"
"JH378108","19913115","19913241","chr7","60569570","60569698","23","40656455"
"JH378108","19913272","19913434","chr9","95788965","95789131","34","75875693"
"JH378108","19974983","19975099","chr7","101302388","101302504","7","81327405"
"JH378108","19982421","19982581","chr7","50658844","50659011","29","30676423"
"JH378108","20074323","20074440","chr8","71696737","71696854","17","51622414"
"JH378108","20074466","20074597","chr1","185821999","185822135","30","165747533"
"JH378108","20159371","20159668","chr5","68812709","68813009","49","48653338"
"JH378108","20173172","20173286","chr2","157862059","157862191","24","137688887"
"JH378108","20180010","20180182","chr2","45415557","45415720","33","25235547"
"JH378108","20180482","20180495","chr20","28463463","28463478","4","8282981"
"JH378108","20229781","20230111","chr9","40811659","40811989","46","20581878"
"JH378108","20234505","20234641","chr5","78974411","78974546","17","58739906"
"JH378108","20234939","20235094","chr2","44790495","44790652","21","24555556"
"JH378108","20258214","20258391","chr7","100990867","100991041","9","80732653"
"JH378108","20273734","20274041","chr7","100974556","100974838","52","80700822"
"JH378108","20366036","20366322","chr7","100879943","100880222","16","80513907"
"JH378108","20366349","20366366","chr7","72370937","72370952","3","52004588"
"JH378108","20369402","20369524","chr5","8648310","8648434","10","11721092"
"JH378108","20373612","20373739","chr9","114978963","114979090","4","94605351"
"JH378108","20381683","20382007","chr12","90640982","90641292","48","70259299"
"JH378108","20393130","20393410","chr7","100855763","100856051","44","80462633"
"JH378108","20427232","20427367","chr2","151682082","151682220","31","131254850"
"JH378108","20447263","20447551","chr7","100784731","100785016","28","80337468"
"JH378108","20452062","20452074","chr7","100780007","100780019","1","80327945"
"JH378108","20452358","20452527","chr7","100779568","100779741","9","80327210"
"JH378108","20455010","20455290","chr7","100777011","100777291","25","80322001"
"JH378108","20459618","20459924","chr7","100772292","100772591","25","80312674"
"JH378108","20498160","20498362","chr7","100731995","100732212","36","80233835"
"JH378108","20500912","20501082","chr7","100728983","100729148","12","80228071"
"JH378108","20501092","20501281","chr7","100728787","100728979","20","80227695"
"JH378108","20501589","20501723","chr7","100728368","100728502","7","80226779"
"JH378108","20504749","20505077","chr14","107207634","107207962","56","86702885"
"JH378108","20519963","20520250","chr2","199109861","199110158","54","178589898"
"JH378108","20550288","20550577","chr7","100687150","100687440","14","80136862"
"JH378108","20553805","20554093","chr5","129599940","129600235","42","109046135"
"JH378108","20575242","20575260","chr15","11563692","11563710","2","9011550"
"JH378108","20575281","20575569","chr7","100662682","100662969","30","80087401"
"JH378108","20579942","20580050","chr7","100658213","100658328","15","80078271"
"JH378108","20600426","20600723","chr7","100638130","100638430","20","80037704"
"JH378108","20622215","20622514","chr7","100617057","100617352","19","79994842"
"JH378108","20628368","20628644","chr12","105041882","105042169","55","84413514"
"JH378108","20636113","20636218","chr11","64182798","64182901","14","43546685"
"JH378108","20638073","20638383","chr7","100602101","100602385","46","79964028"
"JH378108","20655239","20655530","chr7","100580599","100580887","29","79925360"
"JH378108","20666174","20666463","chr11","6064500","6064799","52","14601674"
"JH378108","20672767","20672987","chr7","100557535","100557754","13","79884768"
"JH378108","20687329","20687623","chr7","100543313","100543627","40","79855984"
"JH378108","20692824","20693051","chr7","100537893","100538127","17","79845069"
"JH378108","20693058","20693361","chr2","47816942","47817237","49","27123884"
"JH378108","20724109","20724415","chr7","100506585","100506891","9","79782476"
"JH378108","20803391","20803697","chr7","100429440","100429740","31","79626049"
"JH378108","20853458","20853747","chr7","100378958","100379259","24","79525500"
"JH378108","20888301","20888590","chr7","100332598","100332896","22","79444297"
"JH378108","20899754","20900064","chr3","110652603","110652910","46","89752849"
"JH378108","20974142","20974248","chr7","82542946","82543051","12","61568804"
"JH378108","20974298","20974450","chr7","100251276","100251428","10","79276978"
"JH378108","20976830","20976981","chr7","100248741","100248889","15","79271911"
"JH378108","20994490","20994618","chr7","100228831","100228959","12","79234341"
"JH378108","20997897","20998076","chr7","100218678","100218858","12","79220781"
"JH378108","21031355","21031642","chr1","166771860","166772151","51","145740505"
"JH378108","21047471","21047750","chr7","100167770","100168068","27","79120299"
"JH378108","21055857","21056180","chr19","21951624","21951947","48","895767"
"JH378108","21067832","21068106","chr2","17339463","17339736","45","3728369"
"JH378108","21072895","21072918","chr2","115431709","115431730","4","94358814"
"JH378108","21072955","21073234","chr7","100141962","100142241","25","79069007"
"JH378108","21102127","21102222","chr1","202958534","202958633","17","181856407"
"JH378108","21105951","21106270","chr7","100107036","100107353","21","79001085"
"JH378108","21157192","21157416","chr7","100056851","100057075","7","78899659"
"JH378108","21186434","21186716","chr17","8399758","8400042","42","12786676"
"JH378108","21222850","21223152","chr7","99988969","99989266","22","78766119"
"JH378108","21227983","21228268","chr7","99983566","99983853","15","78755583"
"JH378108","21229357","21229490","chr5","150164917","150165048","9","128935560"
"JH378108","21230445","21230481","chr7","99982057","99982093","3","78751612"
"JH378108","21251339","21251620","chrX","52421869","52422146","41","31170530"
"JH378108","21264398","21264505","chr5","2089161","2089269","12","19175237"
"JH378108","21290382","21290683","chr7","99909835","99910133","20","78619453"
"JH378108","21385480","21385774","chr7","99803033","99803315","29","78417553"
"JH378108","21469521","21469790","chr7","99707650","99707914","23","78238129"
"JH378108","21563858","21564054","chr2","7486003","7486191","41","14077855"
"JH378108","21564314","21564426","chr6","135629522","135629634","9","114065208"
"JH378108","21723228","21723348","chr7","99455325","99455443","9","77732097"
"JH378108","21855368","21855699","chr7","99320770","99321097","48","77465402"
"JH378108","21928757","21928985","chr1","71856381","71856612","34","49927624"
"JH378108","21952647","21952892","chr7","99222937","99223181","22","77270290"
"JH378108","21998171","21998468","chr7","99177451","99177747","19","77179280"
"JH378108","22004758","22005063","chr7","99170847","99171160","36","77166089"
"JH378108","22007844","22008159","chr1","137258444","137258739","77","115250600"
"JH378108","22013488","22013789","chr7","99147760","99148046","35","77134272"
"JH378108","22013927","22014049","chr7","99147495","99147621","5","77133568"
"JH378108","22065502","22065636","chr6","54530992","54531125","16","32465490"
"JH378108","22065685","22065842","chr7","99092842","99092997","14","77027157"
"JH378108","22077679","22077990","chr7","99080640","99080955","30","77002961"
"JH378108","22087879","22088194","chr6","82090643","82090948","53","60002764"
"JH378108","22121702","22122017","chr7","99017430","99017733","29","76895728"
"JH378108","22176190","22176479","chr7","98966322","98966612","29","76790132"
"JH378108","22179708","22180012","chr7","98962942","98963246","23","76783234"
"JH378108","22202662","22202971","chr7","98940558","98940858","34","76737896"
"JH378108","22203720","22204015","chr7","98939526","98939820","20","76735806"
"JH378108","22224269","22224566","chr7","98907723","98908017","15","76683454"
"JH378108","22309816","22310089","chr10","99709988","99710259","40","77400172"
"JH378108","22330986","22331276","chr7","98797960","98798266","35","76466974"
"JH378108","22343233","22343404","chr7","98780084","98780249","23","76436851"
"JH378108","22343751","22343883","chr7","98779605","98779740","14","76435854"
"JH378108","22355896","22356193","chr7","98766286","98766586","19","76410390"
"JH378108","22386083","22386376","chr7","98727850","98728132","36","76341767"
"JH378108","22407295","22407376","chr8","2844805","2844884","10","19562490"
"JH378108","22407658","22407902","chr8","2844440","2844688","30","19563218"
"JH378108","22409789","22409908","chr4","122947443","122947562","9","100537654"
"JH378108","22411334","22411594","chrX","95825119","95825378","51","73413785"
"JH378108","22412497","22412628","chr1","197885955","197886086","7","175473458"
"JH378108","22414143","22414328","chr7","98701884","98702052","31","76287741"
"JH378108","22439187","22439355","chr6","7639459","7639626","32","14799728"
"JH378108","22480003","22480129","chr11","111480344","111480470","11","89000341"
"JH378108","22518174","22518451","chr7","98595011","98595287","16","76076837"
"JH378108","22545539","22545843","chr7","98568155","98568451","24","76022616"
"JH378108","22620113","22620315","chr7","98492289","98492469","36","75872176"
"JH378108","22638069","22638378","chr7","98479464","98479765","33","75841395"
"JH378108","22692660","22692935","chr7","98417235","98417510","22","75724575"
"JH378108","22699077","22699380","chr5","32889563","32889863","43","10190486"
"JH378108","22721865","22722172","chr7","98386269","98386556","50","75664404"
"JH378108","22746591","22746833","chr7","98362327","98362544","41","75615736"
"JH378108","22760918","22761229","chr7","98347908","98348209","29","75586990"
"JH378108","22778479","22778641","chr6","144805688","144805846","22","122027209"
"JH378108","22778689","22778840","chr9","115744313","115744465","28","92965624"
"JH378108","22795636","22795933","chr7","98314379","98314675","25","75518743"
"JH378108","22801842","22802124","chr7","98308408","98308707","42","75506566"
"JH378108","22836428","22836712","chr7","98274419","98274698","18","75437991"
"JH378108","22854910","22855076","chr4","159786004","159786170","22","136931094"
"JH378108","22880539","22880823","chr7","98219915","98220197","20","75339376"
"JH378108","22881935","22882236","chr7","98218231","98218532","18","75336296"
"JH378108","22886007","22886247","chr1","123817634","123817884","47","100931627"
"JH378108","22928439","22928553","chr3","190425903","190426016","10","167497464"
"JH378108","22935194","22935494","chr7","98166901","98167201","25","75231707"
"JH378108","22936196","22936509","chr7","98165903","98166200","25","75229707"
"JH378108","22978892","22979188","chr7","98115067","98115356","34","75136175"
"JH378108","22984810","22985115","chr7","98109894","98110200","31","75125084"
"JH378108","22985155","22985173","chr2","13992359","13992376","3","8992796"
"JH378108","23014088","23014204","chr11","36864842","36864957","4","13850754"
"JH378108","23053522","23053826","chr7","98013091","98013403","37","74959569"
"JH378108","23055946","23056069","chr7","98010101","98010214","16","74954155"
"JH378108","23056091","23056232","chr19","16484646","16484783","26","6571445"
"JH378108","23062611","23062917","chr7","98001677","98001990","29","74939066"
"JH378108","23065078","23065128","chr22","44157314","44157364","8","21092236"
"JH378108","23070395","23070690","chr7","97995676","97995971","18","74925281"
"JH378108","23085681","23085973","chr7","97982138","97982430","22","74896457"
"JH378108","23090644","23090770","chr5","121799121","121799249","7","98708477"
"JH378108","23114567","23114850","chr7","87667006","87667289","45","64552439"
"JH378108","23119122","23119422","chr7","97951369","97951659","27","74832247"
"JH378108","23146590","23146799","chr22","36820981","36821188","36","13674391"
"JH378108","23164630","23164767","chr7","97900439","97900574","8","74735809"
"JH378108","23164795","23164957","chr5","126151744","126151909","29","102986949"
"JH378108","23167677","23167939","chr19","45165648","45165909","45","21997971"
"JH378108","23168347","23168470","chr7","54921669","54921793","3","31753322"
"JH378108","23195714","23196014","chr7","97863043","97863356","42","74667329"
"JH378108","23205927","23206062","chr7","97852464","97852600","9","74646537"
"JH378108","23249961","23250026","chr11","109708844","109708911","15","86458883"
"JH378108","23250072","23250193","chr2","89927466","89927582","10","66677394"
"JH378108","23250467","23250766","chr8","70343523","70343822","43","47093056"
"JH378108","23281329","23281599","chr7","97776386","97776662","20","74495057"
"JH378108","23318928","23319207","chr7","73559695","73559970","40","50240767"
"JH378108","23325515","23325757","chr19","45165648","45165909","50","21840133"
"JH378108","23328472","23328764","chr16","54345428","54345722","47","31016956"
"JH378108","23379025","23379148","chr7","97655666","97655788","16","74276641"
"JH378108","23379187","23379358","chr6","22032848","22033022","25","1346339"
"JH378108","23391090","23391333","chr7","97634425","97634668","13","74243335"
"JH378108","23392569","23392829","chr7","97632939","97633201","23","74240370"
"JH378108","23396024","23396310","chr7","97629631","97629927","43","74233607"
"JH378108","23396491","23396607","chr17","54570604","54570723","18","31174113"
"JH378108","23396660","23396671","chr1","201879603","201879613","3","178482943"
"JH378108","23404830","23405134","chr7","97621379","97621676","18","74216549"
"JH378108","23420822","23421113","chr7","97606201","97606467","47","74185379"
"JH378108","23430029","23430335","chr7","97594529","97594822","38","74164500"
"JH378108","23434527","23434651","chr10","102600841","102600965","14","79166314"
"JH378108","23434685","23434845","chr1","77408408","77408566","23","53973723"
"JH378108","23438374","23438680","chr1","106464936","106465241","44","83026562"
"JH378108","23448280","23448569","chr7","97577273","97577573","34","74128993"
"JH378108","23462628","23462762","chr7","97562863","97562997","6","74100235"
"JH378108","23463059","23463227","chr5","84871982","84872140","31","61408923"
"JH378108","23469669","23469962","chr5","134398370","134398666","43","110928701"
"JH378108","23476271","23476587","chr7","97540659","97540955","33","74064388"
"JH378108","23478798","23478925","chr14","5482597","5482726","12","17996201"
"JH378108","23481499","23481672","chr2","171413897","171414069","33","147932398"
"JH378108","23481973","23482104","chr7","97535146","97535276","7","74053173"
"JH378108","23495749","23495876","chr12","48898833","48898959","8","25403084"
"JH378108","23500588","23500897","chr16","93706754","93707060","45","70206166"
"JH378108","23507502","23507744","chr9","98888859","98889091","48","75381357"
"JH378108","23537570","23537703","chr3","41613042","41613174","9","18075472"
"JH378108","23538460","23538761","chr7","97461267","97461561","33","73922807"
"JH378108","23540946","23541240","chr7","97458494","97458788","13","73917548"
"JH378108","23549772","23550045","chr7","97450234","97450531","40","73900462"
"JH378108","23555442","23555576","chr7","97444658","97444792","3","73889216"
"JH378108","23555879","23556052","chr8","89394121","89394295","26","65838242"
"JH378108","23567330","23567514","chr7","97433174","97433354","15","73865844"
"JH378108","23579487","23579552","chr5","37609248","37609313","14","14029761"
"JH378108","23579830","23579957","chr2","193143299","193143421","21","169563469"
"JH378108","23581470","23581597","chr5","106416511","106416638","9","82835041"
"JH378108","23581795","23582077","chr6","119185292","119185578","38","95603497"
"JH378108","23594506","23594629","chr5","9360787","9360910","3","14233719"
"JH378108","23597664","23597932","chr4","167141213","167141456","58","143543549"
"JH378108","23601046","23601346","chr7","97396158","97396458","20","73795112"
"JH378108","23611020","23611308","chr2","49404863","49405154","43","25793843"
"JH378108","23618195","23618492","chr7","97377399","97377686","24","73759204"
"JH378108","23623941","23624231","chr7","97370215","97370504","29","73746274"
"JH378108","23648830","23649116","chr13","110864865","110865156","51","87216035"
"JH378108","23671819","23672005","chr7","97321899","97322080","18","73650080"
"JH378108","23673013","23673268","chr7","97320956","97321216","39","73647943"
"JH378108","23691634","23691687","chrX","108041875","108041929","12","84350241"
"JH378108","23691778","23692016","chr7","97302892","97303130","12","73611114"
"JH378108","23692640","23692759","chr5","62739575","62739692","18","39046935"
"JH378108","23695290","23695432","chr11","118510033","118510182","24","94814743"
"JH378108","23696895","23697194","chr7","97296110","97296396","47","73599215"
"JH378108","23709831","23710139","chr7","97284115","97284424","20","73574284"
"JH378108","23733509","23733791","chr2","14016467","14016744","44","9717042"
"JH378108","23763939","23764245","chr7","97236997","97237292","37","73473058"
"JH378108","23778654","23778763","chr1","181468558","181468666","9","157689904"
"JH378108","23786857","23787152","chr7","97215897","97216188","29","73429040"
"JH378108","23788180","23788487","chr7","97207722","97208041","38","73419542"
"JH378108","23790304","23790599","chr7","97205783","97206079","29","73415479"
"JH378108","23814657","23814942","chr7","97185309","97185601","31","73370652"
"JH378108","23826291","23826605","chr1","29509366","29509686","69","5683075"
"JH378108","23828625","23828935","chr7","97171176","97171483","36","73342551"
"JH378108","23847544","23847824","chr7","97152828","97153092","33","73305284"
"JH378108","23851086","23851385","chr7","97149249","97149550","23","73298163"
"JH378108","23852804","23853080","chr7","97147632","97147908","21","73294828"
"JH378108","23893874","23894174","chr7","97104680","97104983","27","73210806"
"JH378108","23913779","23914069","chr7","97085675","97085967","18","73171896"
"JH378108","23914707","23914993","chr9","106635358","106635643","47","82720651"
"JH378108","23916832","23917066","chr5","139598416","139598650","36","115681584"
"JH378108","23937878","23938153","chr7","97062760","97063033","37","73124882"
"JH378108","23949976","23950277","chr14","71508687","71508984","45","47558711"
"JH378108","23960443","23960564","chr1","200825704","200825821","17","176865261"
"JH378108","23960812","23961102","chr7","97045963","97046254","22","73085151"
"JH378108","23971987","23972119","chr9","45454991","45455125","12","21483004"
"JH378108","23986488","23986567","chr7","73825954","73826034","12","49839466"
"JH378108","24014233","24014395","chr8","95322941","95323099","28","71308708"
"JH378108","24021291","24021575","chr5","140850223","140850506","43","116828932"
"JH378108","24032752","24032865","chr6","44535214","44535327","5","20502462"
"JH378108","24033013","24033307","chr11","14570166","14570461","44","9462847"
"JH378108","24036112","24036426","chr7","97024538","97024856","35","72988426"
"JH378108","24054935","24055048","chr6","49094749","49094864","10","25039814"
"JH378108","24055049","24055348","chr1","159818670","159818976","41","135763621"
"JH378108","24077125","24077189","chr8","104140060","104140122","10","80062935"
"JH378108","24108325","24108626","chr7","96947848","96948154","40","72839523"
"JH378108","24126746","24126879","chr14","69461194","69461327","20","45334448"
"JH378108","24127173","24127330","chr1","139544339","139544496","21","115417166"
"JH378108","24199044","24199340","chr7","96837379","96837672","28","72638335"
"JH378108","24227804","24228022","chr10","10222286","10222491","47","14005518"
"JH378108","24228144","24228261","chr3","17256997","17257114","31","6971147"
"JH378108","24308567","24308864","chr3","163640693","163640990","48","139332126"
"JH378108","24323824","24324130","chr7","96705938","96706251","35","72382114"
"JH378108","24346976","24347220","chr7","96683078","96683315","26","72336102"
"JH378108","24351893","24352114","chr7","96677976","96678191","16","72326083"
"JH378108","24360272","24360592","chr7","96669412","96669709","35","72309140"
"JH378108","24397575","24397883","chrX","23299987","23300293","42","1097588"
"JH378108","24435594","24435939","chr7","96594367","96594683","49","72158773"
"JH378108","24453555","24453848","chr8","33794142","33794426","43","9340587"
"JH378108","24529790","24530093","chr7","96500107","96500419","33","71970317"
"JH378108","24548700","24548974","chrX","140833918","140834193","49","116285218"
"JH378108","24556267","24556550","chr8","12679410","12679694","54","11876857"
"JH378108","24569677","24569921","chr12","50443386","50443625","51","25873709"
"JH378108","24576322","24576588","chr7","96452997","96453262","14","71876675"
"JH378108","24632883","24632967","chr6","23077534","23077620","19","1555349"
"JH378108","24653079","24653224","chr1","91208425","91208572","20","66555346"
"JH378108","24656778","24657043","chr7","96369076","96369342","17","71712298"
"JH378108","24667094","24667397","chr7","96358548","96358854","24","71691454"
"JH378108","24676818","24676899","chr6","122152558","122152636","11","97475740"
"JH378108","24831256","24831556","chr7","96186986","96187287","22","71355730"
"JH378108","24922798","24923081","chr7","96100156","96100432","30","71177358"
"JH378108","24934638","24934939","chr7","96086622","96086918","31","71151984"
"JH378108","24935142","24935263","chr3","39210041","39210162","7","14274899"
"JH378108","25064471","25064761","chr21","35615903","35616196","34","10551432"
"JH378108","25112679","25112758","chr6","41363715","41363791","10","16251036"
"JH378108","25199209","25199490","chr22","17150912","17151186","46","8048297"
"JH378108","25253699","25254004","chr7","95733160","95733464","25","70479461"
"JH378108","25271452","25271746","chr7","95714609","95714906","25","70443157"
"JH378108","25694572","25694675","chr8","96661165","96661271","12","70966593"
"JH378108","25697620","25697717","chr6","129220700","129220792","23","103523080"
"JH378108","25747950","25748082","chr6","151342682","151342814","14","125594732"
"JH378108","25753999","25754270","chr7","95178748","95179030","45","69424749"
"JH378108","25780754","25780978","chr10","121698858","121699081","33","95918104"
"JH378108","25784408","25784666","chr5","154080034","154080290","49","128295626"
"JH378108","25816185","25816321","chr10","131396054","131396189","17","105579869"
"JH378108","25816654","25816831","chr7","95115741","95115916","21","69299087"
"JH378108","25863597","25863903","chrX","45579634","45579937","51","19716037"
"JH378108","25868953","25869283","chr8","124190451","124190778","54","98321498"
"JH378108","25901622","25901737","chr6","117860032","117860151","21","91958410"
"JH378108","25946525","25946804","chr6","112538039","112538314","53","86591514"
"JH378108","26018010","26018314","chr7","94905268","94905570","37","68887258"
"JH378108","26070963","26071245","chr7","94848108","94848403","37","68777145"
"JH378108","26206744","26206914","chr6","50299516","50299682","27","24092772"
"JH378108","26323826","26323932","chr12","36766169","36766278","10","10442343"
"JH378108","26362526","26362825","chr6","116583807","116584103","42","90221281"
"JH378108","26446636","26446946","chr10","7125483","7125795","37","19321153"
"JH378108","26481060","26481327","chr7","94436964","94437232","18","67955904"
"JH378108","26526136","26526420","chr4","148485141","148485423","39","121959005"
"JH378108","26538768","26539072","chr7","94370037","94370328","34","67831269"
"JH378108","26540323","26540623","chr5","129323686","129323988","51","102783363"
"JH378108","26613009","26613328","chr7","94296819","94297138","21","67683810"
"JH378108","26626655","26626961","chr7","94282917","94283212","38","67656262"
"JH378108","26647538","26647848","chr7","94262615","94262924","21","67615077"
"JH378108","26733437","26733717","chr6","85152193","85152469","42","58418756"
"JH378108","26776088","26776304","chr3","7924913","7925132","39","18851175"
"JH378108","26776661","26776749","chr7","43468703","43468789","12","16692042"
"JH378108","26789525","26789796","chr9","108581602","108581877","51","81792077"
"JH378108","26887660","26887829","chr1","200263926","200264085","23","173376266"
"JH378108","26890091","26890417","chr10","103070290","103070612","57","76180199"
"JH378108","26893912","26894035","chr15","8747923","8748044","15","18145989"
"JH378108","26915005","26915173","chr13","86805759","86805925","19","59890754"
"JH378108","26915207","26915320","chr2","127817597","127817710","19","100902390"
"JH378108","26919576","26919692","chr22","44378184","44378298","10","17458608"
"JH378108","26928949","26929171","chr2","56739535","56739754","38","29810586"
"JH378108","26930622","26930754","chr4","1244266","1244395","17","25686356"
"JH378108","26935659","26935969","chr7","93971432","93971725","32","67035773"
"JH378108","26980117","26980396","chr7","93925253","93925531","28","66945136"
"JH378108","26986097","26986174","chr19","46101827","46101900","13","19115730"
"JH378108","27006182","27006458","chr20","12663977","12664255","50","14342205"
"JH378108","27032733","27032897","chr3","111507810","111507974","22","84475077"
"JH378108","27049217","27049385","chr4","54337226","54337396","33","27288009"
"JH378108","27049414","27049539","chr4","17471693","17471821","22","9577721"
"JH378108","27060531","27060681","chr7","93836892","93837050","22","66776361"
"JH378108","27060819","27061125","chr3","54052341","54052646","44","26991522"
"JH378108","27065399","27065653","chr7","93830639","93830896","26","66765240"
"JH378108","27100956","27101241","chr7","93795106","93795384","30","66694150"
"JH378108","27206442","27206609","chr2","14495080","14495239","30","12711362"
"JH378108","27206684","27206805","chr2","170801376","170801494","22","143594692"
"JH378108","27238726","27238963","chr7","93654709","93654941","23","66415983"
"JH378108","27264302","27264596","chr15","56869263","56869556","39","29604961"
"JH378108","27331582","27331869","chr7","93563521","93563826","44","66231939"
"JH378108","27401902","27402039","chr7","93486633","93486766","15","66084731"
"JH378108","27440361","27440496","chr1","197885955","197886086","14","170445594"
"JH378108","27551915","27552195","chr7","93328420","93328700","13","65776505"
"JH378108","27568056","27568140","chr10","86452143","86452228","10","58884087"
"JH378108","27603072","27603363","chr7","93268851","93269165","46","65665779"
"JH378108","27605221","27605507","chr7","93266673","93266962","27","65661452"
"JH378108","27617313","27617535","chr4","33888403","33888629","37","6271090"
"JH378108","27633274","27633398","chr8","108121115","108121229","30","80487841"
"JH378108","27752451","27752750","chr7","93117829","93118125","34","65365378"
"JH378108","27837912","27838203","chr7","93027087","93027385","34","65189175"
"JH378108","27876168","27876465","chr7","92989343","92989638","23","65113175"
"JH378108","27881622","27881927","chr7","92983906","92984194","42","65102284"
"JH378108","27943665","27943967","chr7","92922507","92922811","28","64978842"
"JH378108","28126246","28126559","chr7","86461288","86461586","61","58335042"
"JH378108","28166863","28167164","chr7","92696150","92696451","15","64529287"
"JH378108","28204619","28204737","chr6","22488166","22488280","18","5716453"
"JH378108","28331845","28332050","chr1","137993907","137994116","43","109662062"
"JH378108","28412993","28413296","chr18","41596986","41597284","42","13183993"
"JH378108","28491051","28491360","chr7","92366546","92366860","17","63875495"
"JH378108","28497991","28498307","chr4","108660750","108661052","53","80162759"
"JH378108","28566712","28566872","chr7","92291422","92291583","9","63724710"
"JH378108","28569060","28569364","chr7","92288910","92289195","40","63719850"
"JH378108","28586631","28586895","chr8","828909","829165","48","27757722"
"JH378108","28634708","28635017","chr2","1798406","1798716","49","26836302"
"JH378108","28637253","28637381","chr7","92219005","92219133","8","63581752"
"JH378108","28683818","28684123","chr7","92174562","92174848","37","63490744"
"JH378108","28700157","28700471","chr7","92157582","92157895","20","63457425"
"JH378108","28821402","28821532","chrX","68935498","68935625","10","40114096"
"JH378108","28908580","28908620","chr2","58818595","58818634","6","29910015"
"JH378108","28933903","28934067","chr7","91926226","91926398","27","62992323"
"JH378108","28943421","28943699","chr7","91915679","91915957","30","62972258"
"JH378108","28965686","28965991","chr7","91893354","91893657","23","62927668"
"JH378108","28986695","28986817","chr9","39583964","39584089","13","10597269"
"JH378108","28996587","28996896","chr5","50659779","50660089","44","21663192"
"JH378108","29003641","29003770","chr3","110645601","110645732","16","81641960"
"JH378108","29022553","29022888","chr14","46462684","46462993","60","17440131"
"JH378108","29052842","29053132","chr7","91797149","91797440","22","62744307"
"JH378108","29105446","29105605","chr11","122120025","122120183","26","93014579"
"JH378108","29105606","29105637","chr1","196073409","196073437","6","166967803"
"JH378108","29105714","29105953","chr9","114497766","114498001","44","85392052"
"JH378108","29105954","29106082","chrUn_GL286238","19998","20124","13","29085956"
"JH378108","29106084","29106216","chr17","74530253","74530387","13","45424169"
"JH378108","29114619","29114896","chr7","91735343","91735620","13","62620724"
"JH378108","29138233","29138486","chr7","91711743","91711994","20","62573510"
"JH378108","29141491","29141775","chr22","39647957","39648253","49","10506466"
"JH378108","29209828","29210145","chr9","1534121","1534439","51","27675707"
"JH378108","29257321","29257475","chr7","91590700","91590857","21","62333379"
"JH378108","29267886","29268031","chrX","14891074","14891213","26","14376812"
"JH378108","29366720","29366997","chr7","91462413","91462687","36","62095693"
"JH378108","29467060","29467243","chr7","91357878","91358052","29","61890818"
"JH378108","29520444","29520724","chr7","91299209","91299490","26","61778765"
"JH378108","29570553","29570921","chr7","127430341","127430675","82","97859788"
"JH378108","29619331","29619634","chr7","91197379","91197681","27","61578048"
"JH378108","29754844","29755115","chr9","40295385","40295662","50","10540541"
"JH378108","30126017","30126306","chr7","90685200","90685476","41","60559183"
"JH378108","30249596","30249902","chr7","90562948","90563244","23","60313352"
"JH378108","30263641","30263928","chr7","90548870","90549154","40","60285229"
"JH378108","30302972","30303234","chr13","61686844","61687106","42","31383872"
"JH378108","30324026","30324331","chr7","90493167","90493469","19","60169141"
"JH378108","30332270","30332441","chr2","15185534","15185703","24","15146736"
"JH378108","30340044","30340165","chrX","106772558","106772679","14","76432514"
"JH378108","30340498","30340665","chr5","74249655","74249816","33","43909157"
"JH378108","30348415","30348577","chr21","36481241","36481406","30","6132826"
"JH378108","30435560","30435858","chr7","90386341","90386587","69","59950781"
"JH378108","30489271","30489553","chr7","90333465","90333720","42","59844194"
"JH378108","30533078","30533372","chr7","90288472","90288763","27","59755394"
"JH378108","30550902","30551038","chr5","92720183","92720318","15","62169281"
"JH378108","30551355","30551518","chr13","63735571","63735733","29","33184216"
"JH378108","30552119","30552233","chr7","90268394","90268508","3","59716275"
"JH378108","30552254","30552428","chr7","90268212","90268373","27","59715958"
"JH378108","30574817","30575116","chr2","6420415","6420717","39","24154402"
"JH378108","30588041","30588320","chr4","43326497","43326775","41","12738456"
"JH378108","30634500","30634804","chr7","90183830","90184135","33","59549330"
"JH378108","30638603","30638835","chr7","90179635","90179851","24","59541032"
"JH378108","30668569","30668874","chrX","17267252","17267530","72","13401317"
"JH378108","30689642","30689948","chr10","125779831","125780129","49","95090189"
"JH378108","30699986","30700291","chr7","90114377","90114683","19","59414391"
"JH378108","30701212","30701522","chr7","90113419","90113729","16","59412207"
"JH378108","30709794","30710008","chr8","107432920","107433133","32","76723126"
"JH378108","30727223","30727512","chr7","90088545","90088828","20","59361322"
"JH378108","30730011","30730299","chr7","90085767","90086054","23","59355756"
"JH378108","30731130","30731232","chr7","90084819","90084922","9","59353689"
"JH378108","30755500","30755510","chr5","126455101","126455111","0","95699601"
"JH378108","30755531","30755750","chr7","90059669","90059907","38","59304138"
"JH378108","30777168","30777465","chr12","23308550","23308848","48","7468618"
"JH378108","30779520","30779789","chr7","90035526","90035783","40","59256006"
"JH378108","30784539","30784663","chr2","121277378","121277503","18","90492839"
"JH378108","30784693","30784836","chr5","125648855","125649000","29","94864162"
"JH378108","30793617","30793921","chr8","71739809","71740110","46","40946192"
"JH378108","30827712","30828022","chr16","93706754","93707060","52","62879042"
"JH378108","30845928","30846213","chr7","89972008","89972281","27","59126080"
"JH378108","30851900","30852196","chr7","89966241","89966527","28","59114341"
"JH378108","30854051","30854349","chr7","45363549","45363844","37","14509498"
"JH378108","30857561","30857817","chr7","89960969","89961225","10","59103408"
"JH378108","30859107","30859398","chr5","4379233","4379531","48","26479874"
"JH378108","30866890","30867193","chr7","89951395","89951694","19","59084505"
"JH378108","30873250","30873567","chr7","89945095","89945395","45","59071845"
"JH378108","30882493","30882675","chr10","17850777","17850955","27","13031716"
"JH378108","30884452","30884616","chr17","40465781","40465944","31","9581329"
"JH378108","30885196","30885296","chr17","40318660","40318760","8","9433464"
"JH378108","30885655","30885955","chr7","89930418","89930705","33","59044763"
"JH378108","30889845","30890151","chr1","159818670","159818976","44","128928825"
"JH378108","30891470","30891764","chr7","89923145","89923437","22","59031675"
"JH378108","30897956","30898252","chr10","59292213","59292509","37","28394257"
"JH378108","30907889","30908023","chr12","51369491","51369628","21","20461602"
"JH378108","30908331","30908483","chr7","89905667","89905824","18","58997336"
"JH378108","30912707","30913018","chr7","89900719","89901021","27","58988012"
"JH378108","30918884","30919152","chr2","9133385","9133652","40","21785499"
"JH378108","30919660","30919953","chr13","40960230","40960508","54","10040570"
"JH378108","30923655","30923887","chr5","6056940","6057160","55","24866715"
"JH378108","30931593","30931859","chr7","89880497","89880765","21","58948904"
"JH378108","30939739","30940011","chr7","89872028","89872298","17","58932289"
"JH378108","30966804","30966878","chr7","89846818","89846892","5","58880014"
"JH378108","30970889","30971190","chr7","89841190","89841490","16","58870301"
"JH378108","30974033","30974276","chr7","89838159","89838402","14","58864126"
"JH378108","30977664","30977944","chr1","176454612","176454901","36","145476948"
"JH378108","30986095","30986393","chr7","89827332","89827629","27","58841237"
"JH378108","31001349","31001632","chr7","89812359","89812646","38","58811010"
"JH378108","31003287","31003584","chr7","89810262","89810559","16","58806975"
"JH378108","31010650","31010832","chr7","89803723","89803905","10","58793073"
"JH378108","31013494","31013707","chr3","26402341","26402562","27","4611153"
"JH378108","31013730","31013753","chr8","71203483","71203505","3","40189753"
"JH378108","31015671","31015956","chr9","28460724","28461006","38","2554947"
"JH378108","31029129","31029236","chr12","28772402","28772508","20","2256727"
"JH378108","31029924","31030062","chr7","89784792","89784928","15","58754868"
"JH378108","31057039","31057164","chr11","109707692","109707815","10","78650653"
"JH378108","31058033","31058188","chr6","48803675","48803822","30","17745642"
"JH378108","31070130","31070281","chr2","6953943","6954093","23","24116187"
"JH378108","31086530","31086793","chr4","32618054","32618320","39","1531524"
"JH378108","31092108","31092243","chr7","89727820","89727942","20","58635712"
"JH378108","31092292","31092561","chr7","89727471","89727748","27","58635179"
"JH378108","31098219","31098462","chr22","17126351","17126589","50","13971868"
"JH378108","31098527","31098627","chr2","58784537","58784634","23","27686010"
"JH378108","31104632","31104729","chr1","64914240","64914339","10","33809608"
"JH378108","31105836","31106007","chr7","45887467","45887646","39","14781631"
"JH378108","31127044","31127327","chr20","20830969","20831263","41","10296075"
"JH378108","31128029","31128327","chr7","89690684","89690986","23","58562655"
"JH378108","31155752","31155885","chr7","89663838","89663970","11","58508086"
"JH378108","31158547","31158853","chr8","73284084","73284387","53","42125537"
"JH378108","31168025","31168158","chr14","48741191","48741323","16","17573166"
"JH378108","31168198","31168333","chr16","884328","884453","29","30283870"
"JH378108","31198012","31198194","chr2","72898205","72898380","59","41700193"
"JH378108","31198476","31198749","chr11","28236372","28236640","49","2962104"
"JH378108","31198750","31198885","chr9","41770450","41770586","21","10571700"
"JH378108","31207128","31207264","chr7","89622134","89622263","15","58415006"
"JH378108","31237410","31237538","chr15","8328725","8328856","10","22908685"
"JH378108","31241916","31242082","chr8","73920682","73920863","41","42678766"
"JH378108","31272697","31272994","chr7","89550475","89550771","24","58277778"
"JH378108","31288940","31289228","chr7","89533913","89534190","34","58244973"
"JH378108","31342094","31342390","chr7","89480585","89480882","11","58138491"
"JH378108","31345332","31345478","chr7","89477184","89477324","15","58131852"
"JH378108","31351048","31351289","chr7","89471414","89471633","36","58120366"
"JH378108","31372965","31373250","chr7","89447998","89448283","30","58075033"
"JH378108","31390828","31391159","chr21","38734772","38735108","62","7343944"
"JH378108","31392676","31392840","chr7","89428294","89428456","20","58035618"
"JH378108","31398648","31398947","chr7","89419499","89419800","21","58020851"
"JH378108","31408325","31408559","chr7","89410391","89410613","25","58002066"
"JH378108","31465519","31465840","chr12","102353597","102353903","69","70888078"
"JH378108","31506898","31507186","chr7","89311879","89312157","27","57804981"
"JH378108","31518448","31518753","chr7","89300871","89301174","19","57782423"
"JH378108","31535753","31536054","chr5","27214366","27214669","44","4321387"
"JH378108","31543821","31543872","chr7","89276368","89276421","2","57732547"
"JH378108","31554507","31554653","chr7","87155290","87155425","25","55600783"
"JH378108","31554960","31555094","chr5","79324003","79324137","17","47769043"
"JH378108","31580293","31580591","chr5","38753679","38753979","42","7173386"
"JH378108","31586676","31586964","chr7","89201294","89201581","14","57614618"
"JH378108","31615701","31615931","chr5","126834706","126834947","55","95219005"
"JH378108","31641690","31641951","chr2","139022010","139022265","43","107380320"
"JH378108","31652684","31652969","chr7","89135988","89136273","21","57483304"
"JH378108","31661061","31661361","chr7","89125463","89125736","42","57464402"
"JH378108","31676530","31676744","chr7","89111633","89111848","16","57435103"
"JH378108","31695441","31695555","chr1","69465556","69465667","23","37770115"
"JH378108","31716734","31717033","chr7","89065684","89065983","18","57348950"
"JH378108","31734116","31734377","chr7","89049385","89049660","31","57315269"
"JH378108","31749059","31749344","chr7","89034200","89034495","24","57285141"
"JH378108","31750850","31751051","chr14","83047177","83047376","31","51296327"
"JH378108","31755045","31755092","chrX","140553035","140553084","7","108797990"
"JH378108","31758759","31759048","chr7","89024697","89024987","16","57265938"
"JH378108","31778397","31778703","chr5","60671568","60671876","42","28893171"
"JH378108","31809416","31809722","chr7","88969022","88969320","29","57159606"
"JH378108","31811521","31811812","chr7","88965116","88965412","32","57153595"
"JH378108","31831686","31831993","chr11","107117015","107117324","52","75285329"
"JH378108","31883792","31884092","chr7","88894088","88894387","26","57010296"
"JH378108","31904159","31904474","chr7","88872413","88872727","40","56968254"
"JH378108","31917766","31918085","chr7","88857633","88857935","41","56939867"
"JH378108","31920710","31921003","chr21","40314480","40314769","37","8393770"
"JH378108","31936680","31936963","chr7","88837337","88837617","21","56900657"
"JH378108","32043235","32043540","chr14","32770292","32770592","56","727057"
"JH378108","32096229","32096513","chr5","129631424","129631712","51","97535195"
"JH378108","32096529","32096843","chr7","88671183","88671497","16","56574654"
"JH378108","32159534","32159825","chr7","88610152","88610445","29","56450618"
"JH378108","32198448","32198752","chr7","88569597","88569897","17","56371149"
"JH378108","32298801","32299101","chr7","88462977","88463276","19","56164176"
"JH378108","32304040","32304339","chr7","88457693","88457968","45","56153653"
"JH378108","32356283","32356515","chr7","88406854","88407064","34","56050571"
"JH378108","32356654","32356948","chr7","88406400","88406693","19","56049746"
"JH378108","32382104","32382396","chr7","88384171","88384477","32","56002067"
"JH378108","32423741","32424049","chr5","50659779","50660089","39","18236038"
"JH378108","32466923","32467082","chr12","27119662","27119823","28","5347261"
"JH378108","32467101","32467199","chr7","88295702","88295808","13","55828601"
"JH378108","32467513","32467756","chr2","160257166","160257396","59","127789653"
"JH378108","32515432","32515600","chr11","44065661","44065830","37","11550229"
"JH378108","32525238","32525365","chr2","153248143","153248270","10","120722905"
"JH378108","32530773","32530868","chr7","88221867","88221958","7","55691094"
"JH378108","32535193","32535479","chr7","88217008","88217292","21","55681815"
"JH378108","32536024","32536284","chr7","88216196","88216457","19","55680172"
"JH378108","32543413","32543726","chr7","88206866","88207168","41","55663453"
"JH378108","32587208","32587508","chr7","88149247","88149538","29","55562039"
"JH378108","32591872","32592147","chr7","88144603","88144880","15","55552731"
"JH378108","32644908","32645166","chr2","74129105","74129359","44","41484197"
"JH378108","32651916","32652207","chrX","7266598","7266893","37","25385318"
"JH378108","32662808","32662953","chr6","134804253","134804387","27","102141445"
"JH378108","32663053","32663253","chr4","15439312","15439512","51","17223741"
"JH378108","32667905","32668037","chr9","111113018","111113147","11","78445113"
"JH378108","32674580","32674693","chr5","130136691","130136802","27","97462111"
"JH378108","32685515","32685624","chr7","88040221","88040332","13","55354706"
"JH378108","32694235","32694270","chr15","23166040","23166074","8","9528195"
"JH378108","32694570","32694707","chr12","28658492","28658628","20","4036078"
"JH378108","32694852","32694895","chr1","76939672","76939716","3","44244820"
"JH378108","32694896","32695106","chr10","98331217","98331424","29","65636321"
"JH378108","32711977","32712180","chr10","100737492","100737686","35","68025515"
"JH378108","32717860","32718078","chr14","14346127","14346343","40","18371733"
"JH378108","32718081","32718338","chr7","87219203","87219462","20","54501122"
"JH378108","32724266","32724376","chrUn_GL286373","765834","765947","6","31958432"
"JH378108","32724981","32725104","chrX","80634054","80634177","21","47909073"
"JH378108","32725130","32725311","chr17","8857127","8857303","29","23868003"
"JH378108","32726728","32727052","chr15","73136350","73136660","57","40409622"
"JH378108","32729387","32729669","chr5","99443130","99443416","48","66713743"
"JH378108","32730361","32730510","chr7","87244124","87244273","12","54513763"
"JH378108","32730814","32730868","chr7","87244586","87244640","2","54513772"
"JH378108","32734554","32734597","chr9","46315980","46316019","4","13581426"
"JH378108","32734598","32734810","chr12","4032145","4032353","32","28702453"
"JH378108","32757061","32757366","chr7","87269934","87270243","28","54512873"
"JH378108","32772673","32772978","chr1","194342230","194342535","49","161569557"
"JH378108","32775887","32776126","chr7","87289216","87289451","15","54513329"
"JH378108","32777078","32777216","chr7","87290398","87290541","16","54513320"
"JH378108","32777503","32777659","chr7","87290838","87290996","17","54513335"
"JH378108","32783512","32783779","chr7","87296502","87296796","47","54512990"
"JH378108","32787917","32788207","chr7","87299203","87299501","27","54511286"
"JH378108","32788742","32789058","chr5","65150335","65150640","58","32361593"
"JH378108","32790015","32790259","chr7","87301607","87301850","17","54511592"
"JH378108","32790734","32791025","chr7","87302333","87302622","23","54511599"
"JH378108","32793161","32793460","chr7","87304533","87304845","32","54511372"
"JH378108","32809158","32809394","chr7","87289216","87289451","44","54480058"
"JH378108","32809846","32810043","chr13","57566628","57566823","32","24756782"
"JH378108","32832078","32832408","chrUn_GL286236","2207","2539","52","32829871"
"JH378108","32840892","32840902","chr7","14995661","14995671","0","17845231"
"JH378108","32841213","32841386","chr14","35298056","35298221","38","2456843"
"JH378108","32841401","32841694","chrUn_GL286504","753","1057","58","32840648"
"JH378108","32847524","32847821","chr7","87358030","87358313","32","54510506"
"JH378108","32855234","32855378","chr12","97967414","97967555","20","65112180"
"JH378108","32867639","32867954","chr7","87377235","87377548","28","54509596"
"JH378108","32915053","32915343","chr7","87428613","87428917","34","54513560"
"JH378108","32916592","32916871","chr7","87430147","87430426","16","54513555"
"JH378108","32917390","32917695","chr7","87430958","87431251","33","54513568"
"JH378108","32946877","32947189","chr4","144358040","144358351","46","111411163"
"JH378108","32950984","32951246","chr7","87465829","87466092","18","54514845"
"JH378108","32953833","32954146","chr12","84794527","84794827","46","51840694"
"JH378108","32959317","32959612","chr7","87474134","87474429","21","54514817"
"JH378108","32966422","32966719","chr7","87480675","87480971","14","54514253"
"JH378108","32971720","32971903","chr16","49512659","49512844","62","16540939"
"JH378108","32972212","32972389","chr8","94170538","94170707","35","61198326"
"JH378108","32974380","32974700","chr14","41541861","41542165","58","8567481"
"JH378108","32981893","32982094","chr3","70567429","70567634","26","37585536"
"JH378108","32985184","32985283","chr6","119457478","119457578","13","86472294"
"JH378108","32986179","32986314","chr7","87499198","87499334","9","54513019"
"JH378108","32986626","32986795","chr7","87499646","87499814","8","54513020"
"JH378108","32993990","32994275","chr2","8711627","8711911","45","24282363"
"JH378108","32994296","32994312","chr7","91410397","91410413","2","58416101"
"JH378108","33008647","33008770","chr4","137685098","137685222","5","104676451"
"JH378108","33016490","33016652","chr2","5510189","5510353","26","27506301"
"JH378108","33016956","33016994","chr22","24503001","24503038","4","8513955"
"JH378108","33024672","33024755","chr7","87535961","87536040","8","54511289"
"JH378108","33032775","33032845","chr15","33885886","33885959","13","853111"
"JH378108","33033138","33033281","chr7","87543039","87543177","17","54509901"
"JH378108","33034503","33034794","chr9","107718589","107718880","44","74684086"
"JH378108","33038687","33038817","chr7","87548510","87548644","8","54509823"
"JH378108","33052567","33052858","chr7","87559482","87559763","29","54506915"
"JH378108","33055106","33055306","chr7","87561696","87561885","27","54506590"
"JH378108","33058841","33058966","chr5","141109248","141109371","19","108050407"
"JH378108","33066216","33066496","chr7","87572543","87572835","29","54506327"
"JH378108","33085129","33085418","chr7","87594630","87594903","33","54509501"
"JH378108","33095410","33095563","chr1","153719176","153719312","21","120623766"
"JH378108","33116240","33116543","chr2","9772912","9773212","42","23343328"
"JH378108","33120897","33121160","chr7","87628171","87628454","39","54507274"
"JH378108","33133943","33134234","chr7","87638725","87639018","34","54504782"
"JH378108","33139676","33139986","chr10","14208168","14208484","50","18931508"
"JH378108","33146967","33147255","chr7","87651515","87651807","28","54504548"
"JH378108","33159033","33159316","chr7","87663109","87663388","20","54504076"
"JH378108","33162779","33162960","chr7","87666826","87667005","22","54504047"
"JH378108","33162961","33163245","chr7","87667006","87667289","19","54504045"
"JH378108","33163246","33163377","chr7","87667290","87667421","7","54504044"
"JH378108","33164729","33165020","chr7","87668798","87669099","38","54504069"
"JH378108","33195372","33195601","chr7","87703140","87703366","19","54507768"
"JH378108","33196825","33197122","chr7","87704907","87705205","19","54508082"
"JH378108","33198396","33198526","chr3","190153902","190154043","22","156955506"
"JH378108","33202643","33202703","chr7","87710684","87710743","7","54508041"
"JH378108","33202834","33203041","chr7","87710872","87711091","25","54508038"
"JH378108","33204188","33204498","chr7","87711944","87712244","26","54507756"
"JH378108","33206459","33206758","chr10","88237958","88238260","60","55031499"
"JH378108","33210699","33210997","chr4","42465320","42465617","34","9254621"
"JH378108","33230324","33230392","chr6","149585232","149585298","14","116354908"
"JH378108","33230437","33230666","chr7","74831303","74831530","40","41600866"
"JH378108","33233361","33233675","chr1","170645675","170645973","52","137412314"
"JH378108","33234095","33234348","chr7","87745661","87745915","14","54511566"
"JH378108","33236901","33237004","chr19","34109274","34109381","9","872373"
"JH378108","33238459","33238669","chr5","108303964","108304172","33","75065505"
"JH378108","33244606","33244740","chr5","70854574","70854711","17","37609968"
"JH378108","33245049","33245210","chrUn_GL286373","419402","419560","30","32825647"
"JH378108","33251945","33252125","chr10","17302293","17302468","25","15949652"
"JH378108","33252430","33252555","chr2","24658138","24658259","23","8594292"
"JH378108","33256083","33256255","chr7","87767327","87767517","29","54511244"
"JH378108","33256562","33256684","chr7","87768038","87768153","13","54511476"
"JH378108","33257803","33258092","chr7","87769690","87769980","22","54511887"
"JH378108","33263762","33264058","chr1","41419470","41419770","41","8155708"
"JH378108","33264436","33264742","chr7","87774341","87774642","25","54509905"
"JH378108","33264950","33265256","chr7","87774836","87775125","37","54509886"
"JH378108","33276114","33276229","chr5","38504186","38504300","6","5228072"
"JH378108","33276232","33276511","chr7","87784289","87784578","28","54508057"
"JH378108","33276624","33276909","chr7","87784683","87784959","33","54508059"
"JH378108","33295678","33295960","chr7","87802056","87802342","27","54506378"
"JH378108","33324229","33324533","chr7","87828321","87828620","23","54504092"
"JH378108","33324859","33324955","chr1","64914240","64914339","5","31589381"
"JH378108","33326040","33326121","chr13","95671311","95671395","8","62345271"
"JH378108","33338336","33338553","chr4","144779246","144779458","34","111440910"
"JH378108","33362975","33363191","chr7","87868418","87868630","19","54505443"
"JH378108","33368418","33368717","chr1","199933242","199933541","40","166564824"
"JH378108","33371040","33371329","chr2","7249485","7249773","41","26121555"
"JH378108","33385184","33385351","chr7","87888424","87888611","27","54503240"
"JH378108","33386059","33386194","chr1","194422123","194422252","15","161036064"
"JH378108","33388272","33388405","chrX","52404221","52404352","11","19015949"
"JH378108","33403260","33403394","chr7","87904435","87904569","10","54501175"
"JH378108","33403698","33403872","chr7","87904874","87905042","13","54501176"
"JH378108","33409454","33409758","chr7","87910309","87910620","24","54500855"
"JH378108","33410330","33410423","chr1","91713809","91713903","10","58303479"
"JH378108","33410741","33410979","chr18","1256124","1256361","26","32154617"
"JH378108","33427220","33427339","chr14","92221182","92221301","15","58793962"
"JH378108","33427651","33427845","chrX","62975337","62975525","29","29547686"
"JH378108","33431586","33431877","chr7","87929365","87929660","16","54497779"
"JH378108","33454931","33455026","chr5","74752315","74752415","21","41297384"
"JH378108","33457782","33457908","chr7","87964465","87964600","12","54506683"
"JH378108","33458240","33458385","chr7","87964910","87965058","13","54506670"
"JH378108","33461272","33461580","chr7","87967916","87968215","28","54506644"
"JH378108","33470334","33470444","chr5","73671160","73671274","22","40200826"
"JH378108","33479803","33479918","chr1","40814256","40814372","8","7334453"
"JH378108","33482157","33482358","chr7","88006855","88007068","24","54524698"
"JH378108","33483019","33483199","chr8","27654962","27655146","37","5828057"
"JH378108","33483356","33483659","chr7","88015577","88015877","22","54532221"
"JH378108","33488620","33488707","chr12","26797186","26797276","15","6691434"
"JH378108","33503051","33503330","chr7","87172087","87172377","26","53669036"
"JH378108","33508458","33508641","chr17","63051222","63051402","34","29542764"
"JH378108","33512298","33512586","chr7","87163802","87164096","25","53651504"
"JH378108","33515949","33516225","chr22","34763662","34763944","51","1247713"
"JH378108","33516385","33516672","chr19","45152036","45152322","38","11635651"
"JH378108","33516850","33517142","chr7","87159392","87159682","23","53642542"
"JH378108","33520359","33520501","chr4","35342190","35342329","28","1821831"
"JH378108","33520812","33521036","chr12","33258395","33258604","55","262417"
"JH378108","33537878","33538006","chr3","159070563","159070692","13","125532685"
"JH378108","33540897","33541203","chr3","151929421","151929723","52","118388524"
"JH378108","33560630","33560921","chr7","87116393","87116690","29","53555763"
"JH378108","33560922","33561056","chr2","52664905","52665039","14","19103983"
"JH378108","33571364","33571567","chr1","200266141","200266325","48","166694777"
"JH378108","33571661","33571790","chr1","201319240","201319371","19","167747579"
"JH378108","33571925","33572064","chr7","81189251","81189387","22","47617326"
"JH378108","33572367","33572545","chrX","137222383","137222560","26","103650016"
"JH378108","33573793","33573893","chr7","87104521","87104615","12","53530728"
"JH378108","33582410","33582448","chr14","45568029","45568068","4","11985619"
"JH378108","33582501","33582807","chr7","87096328","87096648","53","53513827"
"JH378108","33585106","33585164","chr4","58370862","58370921","12","24785756"
"JH378108","33606896","33607195","chr10","9966033","9966333","53","23640863"
"JH378108","33624890","33625201","chr7","87051824","87052124","29","53426934"
"JH378108","33639322","33639619","chr7","87023988","87024279","36","53384666"
"JH378108","33657424","33657735","chr7","87007315","87007626","21","53349891"
"JH378108","33692609","33692895","chr5","155995645","155995933","42","122303036"
"JH378108","33698954","33699042","chr10","90252733","90252816","14","56553779"
"JH378108","33699889","33700028","chr7","86949716","86949851","11","53249827"
"JH378108","33701219","33701413","chr22","24440355","24440544","35","9260864"
"JH378108","33709710","33710023","chr7","86940757","86941054","38","53231047"
"JH378108","33721425","33721577","chr1","139544339","139544496","26","105822914"
"JH378108","33721598","33721726","chr5","106226194","106226322","17","72504596"
"JH378108","33745413","33745524","chr7","86905172","86905290","12","53159759"
"JH378108","33754273","33754563","chr7","86901996","86902284","21","53147723"
"JH378108","33755610","33755692","chr3","7117599","7117682","11","26638011"
"JH378108","33756004","33756180","chr12","19408521","19408698","26","14347483"
"JH378108","33757597","33757872","chr10","130906301","130906571","50","97148704"
"JH378108","33757923","33758179","chrX","89840633","89840890","45","56082710"
"JH378108","33758197","33758433","chr6","30928457","30928704","45","2829740"
"JH378108","33792079","33792213","chr7","86875112","86875245","8","53083033"
"JH378108","33792516","33792659","chr7","86874659","86874802","9","53082143"
"JH378108","33793072","33793356","chr7","86873970","86874250","18","53080898"
"JH378108","33813682","33813839","chr7","86853709","86853871","12","53040027"
"JH378108","33847524","33847787","chr7","86817687","86817965","35","52970163"
"JH378108","33862139","33862351","chr1","149931054","149931269","43","116068915"
"JH378108","33882577","33882865","chr7","86782232","86782540","36","52899655"
"JH378108","33904061","33904074","chr1","166779394","166779407","2","132875333"
"JH378108","33904343","33904522","chr4","81170151","81170329","16","47265808"
"JH378108","33917550","33917683","chr12","38268430","38268565","23","4350880"
"JH378108","33923402","33923713","chr7","86739292","86739600","26","52815890"
"JH378108","33951012","33951182","chr7","86713796","86713966","18","52762784"
"JH378108","33960289","33960432","chr22","358510","358666","37","33601779"
"JH378108","33962317","33962619","chr7","86701457","86701742","42","52739140"
"JH378108","33963400","33963559","chr7","86700210","86700367","7","52736810"
"JH378108","33963851","33963986","chr7","86699790","86699924","10","52735939"
"JH378108","33986817","33987123","chr7","86664902","86665204","19","52678085"
"JH378108","33991652","33991970","chr7","86660665","86660981","22","52669013"
"JH378108","33997419","33997516","chr11","16663394","16663489","10","17334025"
"JH378108","34001249","34001403","chr8","53660717","53660857","30","19659468"
"JH378108","34004321","34004602","chr7","86649037","86649325","24","52644716"
"JH378108","34005323","34005534","chr7","86648105","86648321","13","52642782"
"JH378108","34005607","34005703","chr7","86647919","86648030","15","52642312"
"JH378108","34017502","34017793","chr7","86635962","86636268","35","52618460"
"JH378108","34025608","34025909","chr12","4294662","4294961","44","29730946"
"JH378108","34028209","34028328","chr1","169022394","169022511","17","134994185"
"JH378108","34028359","34028523","chr10","103431491","103431658","30","69403132"
"JH378108","34037492","34037801","chr7","86607599","86607890","44","52570107"
"JH378108","34053308","34053418","chr6","28741171","28741285","11","5312137"
"JH378108","34056050","34056144","chr20","10183994","10184088","13","23872056"
"JH378108","34061189","34061500","chr7","86581661","86581959","33","52520472"
"JH378108","34071578","34071837","chr12","81483487","81483739","64","47411909"
"JH378108","34071865","34072146","chr7","86571009","86571292","15","52499144"
"JH378108","34086444","34086546","chr7","86557503","86557600","9","52471059"
"JH378108","34086832","34087003","chr7","86557046","86557215","28","52470214"
"JH378108","34092998","34093160","chr7","86550380","86550540","17","52457382"
"JH378108","34107000","34107285","chr7","80909040","80909328","53","46802040"
"JH378108","34111270","34111559","chr7","86532035","86532326","21","52420765"
"JH378108","34112563","34112868","chr7","86530714","86531023","22","52418151"
"JH378108","34120809","34120930","chr1","75993202","75993326","17","41872393"
"JH378108","34120958","34121094","chr18","14966804","14966935","33","19154154"
"JH378108","34153816","34154126","chr7","86486351","86486645","46","52332535"
"JH378108","34160210","34160387","chr16","22350325","22350491","36","11809885"
"JH378108","34161928","34162143","chr7","86478746","86478965","38","52316818"
"JH378108","34162441","34162571","chr5","154741630","154741759","19","120579189"
"JH378108","34167710","34167823","chr7","102754335","102754448","14","68586625"
"JH378108","34168616","34168693","chr7","86472424","86472490","17","52303808"
"JH378108","34179787","34180089","chr7","86461288","86461586","22","52281501"
"JH378108","34185591","34185906","chr7","86455162","86455471","24","52269571"
"JH378108","34211132","34211417","chr7","86428818","86429104","41","52217686"
"JH378108","34211492","34211797","chr7","86428443","86428749","25","52216951"
"JH378108","34215252","34215544","chr7","86424754","86425048","23","52209502"
"JH378108","34217015","34217301","chr7","86422714","86422996","23","52205699"
"JH378108","34222469","34222594","chr7","86418208","86418333","10","52195739"
"JH378108","34250146","34250229","chr8","34453867","34453952","13","203721"
"JH378108","34284522","34284827","chr7","86348660","86348964","38","52064138"
"JH378108","34284830","34285112","chr7","86348374","86348656","20","52063544"
"JH378108","34287726","34288023","chr7","86345518","86345811","19","52057792"
"JH378108","34330865","34331164","chr15","64675136","64675437","48","30344271"
"JH378108","34338461","34338768","chr7","86285116","86285425","26","51946655"
"JH378108","34363743","34363898","chr12","16534163","16534311","31","17829580"
"JH378108","34363902","34364281","chr7","103855066","103855409","104","69491164"
"JH378108","34386599","34386897","chr12","52233651","52233949","51","17847052"
"JH378108","34392373","34392628","chrX","54496932","54497192","55","20104559"
"JH378108","34392952","34393044","chr3","26062475","26062552","34","8330477"
"JH378108","34393050","34393269","chr10","103224032","103224246","51","68830982"
"JH378108","34393349","34393455","chr22","13232790","13232896","16","21160559"
"JH378108","34398313","34398603","chr7","86221812","86222088","33","51823499"
"JH378108","34406982","34407281","chr7","86214478","86214788","31","51807496"
"JH378108","34409574","34409858","chr7","86211607","86211894","35","51802033"
"JH378108","34411036","34411209","chr4","38127653","38127831","54","3716617"
"JH378108","34411413","34411698","chr6","17758627","17758908","51","16652786"
"JH378108","34426017","34426271","chr7","72431947","72432200","49","38005930"
"JH378108","34429840","34430125","chrX","86451301","86451583","54","52021461"
"JH378108","34436553","34436870","chr11","107117015","107117324","57","72680462"
"JH378108","34436872","34437007","chr3","151314457","151314594","22","116877585"
"JH378108","34438129","34438406","chr7","86183473","86183746","22","51745344"
"JH378108","34440572","34440882","chr7","86180972","86181256","35","51740400"
"JH378108","34441870","34442035","chr14","76091787","76091954","28","41649917"
"JH378108","34442372","34442492","chr6","114631301","114631420","12","80188929"
"JH378108","34443210","34443399","chr1","148566209","148566398","36","114122999"
"JH378108","34443695","34443828","chr4","4136050","4136182","15","30307645"
"JH378108","34451446","34451729","chr7","86171946","86172244","31","51720500"
"JH378108","34462111","34462230","chr22","10487628","10487742","38","23974483"
"JH378108","34464943","34465082","chr12","84803808","84803944","27","50338865"
"JH378108","34488065","34488359","chr22","17118653","17118950","40","17369412"
"JH378108","34494849","34495064","chr10","101265732","101265945","32","66770883"
"JH378108","34495202","34495488","chr7","92288910","92289195","58","57793708"
"JH378108","34507254","34507560","chr1","199610411","199610723","44","165103157"
"JH378108","34511356","34511655","chr7","86103748","86104040","23","51592392"
"JH378108","34513641","34513819","chr4","81170151","81170329","25","46656510"
"JH378108","34514131","34514266","chr2","131902308","131902444","20","97388177"
"JH378108","34522076","34522375","chr7","86094421","86094723","17","51572345"
"JH378108","34551731","34552030","chr7","86043788","86044075","28","51492057"
"JH378108","34581577","34581731","chr7","86010735","86010911","25","51429158"
"JH378108","34582032","34582154","chr7","86010322","86010446","11","51428290"
"JH378108","34601015","34601286","chr1","172377533","172377802","50","137776518"
"JH378108","34611083","34611204","chr13","63796405","63796527","10","29185322"
"JH378108","34620462","34620581","chr7","73843483","73843604","15","39223021"
"JH378108","34620618","34620775","chr22","6340665","6340816","32","28279953"
"JH378108","34621989","34622290","chrX","85785425","85785727","43","51163436"
"JH378108","34627309","34627425","chr1","200825704","200825821","17","166198395"
"JH378108","34627464","34627631","chr22","39354457","39354618","25","4726993"
"JH378108","34696085","34696213","chr5","10604182","10604313","20","24091903"
"JH378108","34719342","34719644","chr7","85860242","85860552","27","51140900"
"JH378108","34721582","34721709","chr2","127820046","127820173","9","93098464"
"JH378108","34740834","34741020","chr5","124287533","124287723","41","89546699"
"JH378108","34761253","34761552","chr7","85800094","85800384","21","51038841"
"JH378108","34775308","34775421","chr7","85791984","85792097","14","51016676"
"JH378108","34803327","34803519","chr10","72672372","72672561","26","37869045"
"JH378108","34840267","34840551","chr7","85715490","85715782","32","50875223"
"JH378108","34860911","34861169","chr7","85689550","85689803","20","50828639"
"JH378108","34868116","34868433","chr7","85682357","85682668","20","50814241"
"JH378108","34869823","34870120","chr7","85680692","85680988","26","50810869"
"JH378108","34881046","34881111","chr2","63277981","63278044","11","28396935"
"JH378108","34891969","34892156","chr3","94887980","94888165","30","59996011"
"JH378108","34892259","34892365","chr5","130302790","130302899","16","95410531"
"JH378108","34894830","34895086","chr9","102794992","102795257","38","67900162"
"JH378108","34899941","34900239","chr6","6391573","6391871","43","28508368"
"JH378108","34904922","34905030","chr16","48319967","48320074","12","13415045"
"JH378108","34925014","34925262","chr1","198773730","198773976","42","163848716"
"JH378108","34925607","34925919","chr7","85633032","85633322","44","50707425"
"JH378108","34927395","34927685","chr7","85631295","85631579","22","50703900"
"JH378108","34931799","34932076","chr7","85621619","85621893","26","50689820"
"JH378108","34934590","34934852","chr7","49777365","49777625","41","14842775"
"JH378108","34939801","34939970","chr7","85612353","85612522","13","50672552"
"JH378108","34940196","34940308","chr7","85612008","85612120","6","50671812"
"JH378108","34940309","34940403","chr7","85611913","85612007","1","50671604"
"JH378108","34948449","34948539","chr7","85604604","85604693","8","50656155"
"JH378108","34957800","34957936","chr7","85594435","85594570","12","50636635"
"JH378108","34964209","34964531","chr12","27471858","27472182","46","7492351"
"JH378108","34964537","34964707","chr7","85587481","85587651","9","50622944"
"JH378108","34965001","34965141","chr7","44371160","44371293","24","9406159"
"JH378108","34972523","34972617","chr8","105062106","105062193","17","70089583"
"JH378108","34976230","34976547","chr3","20674935","20675261","59","14301295"
"JH378108","34976708","34976840","chr12","22204028","22204160","15","12772680"
"JH378108","34979371","34979499","chr7","85573979","85574111","19","50594608"
"JH378108","34979814","34979931","chr7","85573569","85573686","10","50593755"
"JH378108","34983687","34983989","chr7","85569517","85569814","26","50585830"
"JH378108","34988743","34988878","chr5","106860664","106860796","11","71871921"
"JH378108","35004029","35004323","chr18","9035061","9035357","44","25968968"
"JH378108","35006902","35007203","chr7","85543183","85543489","23","50536281"
"JH378108","35026910","35027211","chr5","70399369","70399671","42","35372459"
"JH378108","35028635","35028914","chr7","85514622","85514902","18","50485987"
"JH378108","35049858","35050139","chr7","85494255","85494539","30","50444397"
"JH378108","35079469","35079698","chr7","85464482","85464704","25","50385013"
"JH378108","35082755","35083062","chr7","85462209","85462516","20","50379454"
"JH378108","35088735","35089001","chrX","1790754","1791018","44","33297981"
"JH378108","35110901","35111199","chr2","153350531","153350819","44","118239630"
"JH378108","35111225","35111241","chrX","17110974","17110989","1","18000251"
"JH378108","35124153","35124474","chr7","85420706","85421015","35","50296553"
"JH378108","35194076","35194387","chr2","55591561","55591873","38","20397485"
"JH378108","35224372","35224546","chr14","17298102","17298270","39","17926270"
"JH378108","35224572","35224681","chr1","139543924","139544027","37","104319352"
"JH378108","35224734","35225055","chr7","85301821","85302133","29","50077087"
"JH378108","35241627","35241926","chrX","23069440","23069739","39","12172187"
"JH378108","35255197","35255339","chr7","85277073","85277216","11","50021876"
"JH378108","35427438","35427730","chr5","84506398","84506689","40","49078960"
"JH378108","35439343","35439518","chr12","15084787","15084965","22","20354556"
"JH378108","35439821","35439949","chr22","29183568","29183703","18","6256253"
"JH378108","35441415","35441536","chr1","179586986","179587106","18","144145571"
"JH378108","35441580","35441751","chr6","119091286","119091457","30","83649706"
"JH378108","35613124","35613321","chr7","84896240","84896430","13","49283116"
"JH378108","35658639","35658847","chr6","6218100","6218314","38","29440539"
"JH378108","35795424","35795731","chr2","6197107","6197416","48","29598317"
"JH378108","35905117","35905274","chr3","65389484","65389644","22","29484367"
"JH378108","36010548","36010855","chr7","84500725","84501025","18","48490177"
"JH378108","36113825","36114118","chr7","84356742","84357035","18","48242917"
"JH378108","36214433","36214722","chr7","84250339","84250629","18","48035906"
"JH378108","36215477","36215788","chr7","84249293","84249596","30","48033816"
"JH378108","36242242","36242565","chr7","84222326","84222640","35","47980084"
"JH378108","36310021","36310144","chr22","36997387","36997513","14","687366"
"JH378108","36310182","36310351","chr20","158971","159140","22","36151211"
"JH378108","36336600","36336886","chr5","109335351","109335644","51","72998751"
"JH378108","36409166","36409466","chr7","84010194","84010501","47","47601028"
"JH378108","36478758","36479040","chr7","83922494","83922765","27","47443736"
"JH378108","36571597","36571887","chr7","83827276","83827571","23","47255679"
"JH378108","36830335","36830439","chr7","83554492","83554595","9","46724157"
"JH378108","36888343","36888657","chr7","87007315","87007626","46","50118972"
"JH378108","36916794","36916991","chr2","7860370","7860555","42","29056424"
"JH378108","36917014","36917127","chr11","78091694","78091809","17","41174680"
"JH378108","37030381","37030503","chr18","39639504","39639627","9","2609123"
"JH378108","37036690","37036817","chr7","36834431","36834558","6","202259"
"JH378108","37071595","37071903","chr7","83288424","83288715","45","46216829"
"JH378108","37076442","37076726","chr7","83283915","83284224","44","46207473"
"JH378108","37084561","37084841","chr10","5476497","5476776","42","31608064"
"JH378108","37155494","37155676","chr19","21543807","21543983","35","15611687"
"JH378108","37370695","37370997","chr3","53097955","53098260","47","15727260"
"JH378108","37574743","37575076","chr7","82806829","82807125","57","45232086"
"JH378108","37800776","37801035","chr3","141834300","141834560","38","104033524"
"JH378108","37823945","37824253","chr2","8721239","8721546","49","29102706"
"JH378108","37890928","37891194","chr6","120742617","120742873","25","82851689"
"JH378108","37908665","37908964","chr7","82455654","82455958","25","44546989"
"JH378108","37922823","37922922","chr5","97198060","97198156","17","59275237"
"JH378108","37926210","37926491","chrX","118032361","118032643","41","80106151"
"JH378108","38000837","38001126","chr7","82360920","82361215","42","44360083"
"JH378108","38008306","38008601","chr7","82352920","82353205","23","44344614"
"JH378108","38029492","38029656","chr9","57982160","57982326","26","19952668"
"JH378108","38042230","38042522","chr7","82318761","82319062","28","44276531"
"JH378108","38069828","38070092","chr7","82292107","82292373","17","44222279"
"JH378108","38075480","38075631","chr7","82285677","82285825","20","44210197"
"JH378108","38080038","38080321","chr7","82280469","82280771","40","44200431"
"JH378108","38083479","38083727","chr2","35566947","35567199","42","2516532"
"JH378108","38104447","38104749","chr7","89951395","89951694","45","51846948"
"JH378108","38104853","38105141","chr7","82258957","82259255","36","44154104"
"JH378108","38108420","38108709","chr7","82255597","82255875","23","44147177"
"JH378108","38114167","38114404","chr19","23141696","23141932","35","14972471"
"JH378108","38120101","38120409","chr7","82246981","82247288","34","44126880"
"JH378108","38120824","38121123","chr7","82245973","82246272","23","44125149"
"JH378108","38123471","38123674","chrUn_GL286451","464181","464379","46","37659290"
"JH378108","38125276","38125538","chr4","164922253","164922494","61","126796977"
"JH378108","38134799","38135067","chr7","82231503","82231778","25","44096704"
"JH378108","38139752","38140009","chr6","12592745","12593008","49","25547007"
"JH378108","38140459","38140769","chr1","193260513","193260822","46","155120054"
"JH378108","38150328","38150635","chr7","82218089","82218399","33","44067761"
"JH378108","38151980","38152170","chr15","23190671","23190863","36","14961309"
"JH378108","38152440","38152546","chr7","73402159","73402270","21","35249719"
"JH378108","38155938","38156225","chr7","82212374","82212680","34","44056436"
"JH378108","38159086","38159256","chr7","82209369","82209521","27","44050283"
"JH378108","38159555","38159672","chr7","82208939","82209057","9","44049384"
"JH378108","38165716","38166020","chr12","54722592","54722901","58","16556876"
"JH378108","38166067","38166421","chr2","62948692","62949050","85","24782625"
"JH378108","38170046","38170343","chr7","82195344","82195638","38","44025298"
"JH378108","38178199","38178327","chrX","68662211","68662336","26","30484012"
"JH378108","38178813","38179091","chr7","82186120","82186396","26","44007307"
"JH378108","38180061","38180189","chr7","82185030","82185158","11","44004969"
"JH378108","38184018","38184232","chr5","115327482","115327689","35","77143464"
"JH378108","38186676","38186969","chr7","82178785","82179077","30","43992109"
"JH378108","38194749","38194924","chr7","82172248","82172423","13","43977499"
"JH378108","38195222","38195351","chr7","82171821","82171949","4","43976599"
"JH378108","38195606","38195730","chr7","76231658","76231785","23","38036052"
"JH378108","38201032","38201209","chr7","82166152","82166314","28","43965120"
"JH378108","38201516","38201652","chr7","82165723","82165852","12","43964207"
"JH378108","38208014","38208142","chr21","47622183","47622311","7","9414169"
"JH378108","38214860","38215137","chr7","82150788","82151041","42","43935928"
"JH378108","38215650","38215990","chr7","82149975","82150283","56","43934325"
"JH378108","38222429","38222724","chr18","4820886","4821182","43","33401543"
"JH378108","38223301","38223528","chr10","9424828","9425052","35","28798473"
"JH378108","38226872","38227169","chr7","82137997","82138297","26","43911125"
"JH378108","38227170","38227338","chr7","82137831","82137996","15","43910661"
"JH378108","38257839","38257999","chr17","24226657","24226821","21","14031182"
"JH378108","38259355","38259663","chr7","82097494","82097804","26","43838139"
"JH378108","38287052","38287353","chr7","82067842","82068139","26","43780790"
"JH378108","38294264","38294410","chr4","162203136","162203279","22","123908872"
"JH378108","38301380","38301661","chr6","9976344","9976629","41","28325036"
"JH378108","38338281","38338581","chr17","40085696","40085990","44","1747415"
"JH378108","38430572","38430864","chr6","10103441","10103733","18","28327131"
"JH378108","38525341","38525636","chr6","10220042","10220324","36","28305299"
"JH378108","38530869","38531159","chr13","25713171","25713461","43","12817698"
"JH378108","38576435","38576534","chr6","10270352","10270449","7","28306083"
"JH378108","38618598","38618871","chr6","10304241","10304518","24","28314357"
"JH378108","38704286","38704572","chr6","10395252","10395530","26","28309034"
"JH378108","38890088","38890239","chr6","10583991","10584147","23","28306097"
"JH378108","38950320","38950588","chr4","43326497","43326775","53","4376177"
"JH378108","38964680","38964953","chr19","21499182","21499453","38","17465498"
"JH378108","39015279","39015559","chr6","10711765","10712036","38","28303514"
"JH378108","39054698","39055005","chr6","10748032","10748327","40","28306666"
"JH378108","39073951","39074238","chr6","10768288","10768563","27","28305663"
"JH378108","39126172","39126483","chr6","10824031","10824329","35","28302141"
"JH378108","39157063","39157358","chr6","10859937","10860231","21","28297126"
"JH378108","39231645","39231946","chr5","72278102","72278400","55","33046457"
"JH378108","39287112","39287429","chr5","116700045","116700355","61","77412933"
"JH378108","39306549","39306881","chr6","132418982","132419297","60","93112433"
"JH378108","39366990","39367203","chr6","11070304","11070522","18","28296686"
"JH378108","39396200","39396523","chr6","11102347","11102656","36","28293853"
"JH378108","39416040","39416162","chr6","11122374","11122498","10","28293666"
"JH378108","39416210","39416411","chr6","11122554","11122746","33","28293656"
"JH378108","39430995","39431265","chr6","11137229","11137522","36","28293766"
"JH378108","39530255","39530435","chr2","169647932","169648096","56","130117677"
"JH378108","39530722","39530831","chr17","53337691","53337800","20","13806969"
"JH378108","39540070","39540353","chr7","145033446","145033725","45","105493376"
"JH378108","39550422","39550709","chr6","11253756","11254044","19","28296666"
"JH378108","39572476","39572785","chr6","11275483","11275782","34","28296993"
"JH378108","39603145","39603450","chrX","23299987","23300293","47","16303158"
"JH378108","39728971","39729271","chr6","11435514","11435812","28","28293457"
"JH378108","39802837","39803132","chr6","11519131","11519415","38","28283706"
"JH378108","39830967","39831100","chr4","42730014","42730142","19","2899047"
"JH378108","39853196","39853504","chr6","11571249","11571558","13","28281947"
"JH378108","40007756","40008056","chr6","11723029","11723334","34","28284727"
"JH378108","40043666","40043993","chr6","11758831","11759130","49","28284835"
"JH378108","40050971","40051086","chr4","91058265","91058380","12","51007294"
"JH378108","40051566","40051698","chr20","20107644","20107775","14","19943922"
"JH378108","40086343","40086498","chr5","99527993","99528149","26","59441650"
"JH378108","40163199","40163500","chr6","11879165","11879465","23","28284034"
"JH378108","40170890","40171182","chr6","11886845","11887138","20","28284045"
"JH378108","40197872","40197971","chr6","11913925","11914024","6","28283947"
"JH378108","40268019","40268330","chr6","11988002","11988313","16","28280017"
"JH378108","40279595","40279899","chrX","16675222","16675519","46","23604373"
"JH378108","40288847","40289128","chr6","12023827","12024120","44","28265020"
"JH378108","40293291","40293588","chr6","12028132","12028426","14","28265159"
"JH378108","40302484","40302672","chr16","3179272","3179460","33","37123212"
"JH378108","40369753","40370053","chr6","12105933","12106223","27","28263820"
"JH378108","40397076","40397181","chr4","20033906","20034014","20","20363170"
"JH378108","40413772","40413868","chr6","12146726","12146822","9","28267046"
"JH378108","40509103","40509329","chr6","12237894","12238120","18","28271209"
"JH378108","40638048","40638295","chr6","12380450","12380696","21","28257598"
"JH378108","40713767","40714069","chr6","12455426","12455727","29","28258341"
"JH378108","40783187","40783495","chr6","12532162","12532452","38","28251025"
"JH378108","40822287","40822553","chr12","51149576","51149848","54","10327289"
"JH378108","40825201","40825300","chr5","43570523","43570620","19","2745322"
"JH378108","40834595","40834947","chr14","44902307","44902640","65","4067712"
"JH378108","40841279","40841542","chr6","12592745","12593008","32","28248534"
"JH378108","40858776","40858899","chr11","64839664","64839788","9","23980888"
"JH378108","40920767","40920889","chr1","135868055","135868175","18","94947288"
"JH378108","40922326","40922620","chr6","12668182","12668473","17","28254144"
"JH378108","40978667","40978972","chr6","12727300","12727598","34","28251367"
"JH378108","41064633","41064753","chr9","112044070","112044194","12","70979437"
"JH378108","41077967","41078277","chr6","12830171","12830468","40","28247796"
"JH378108","41083989","41084274","chr19","36963938","36964217","48","4120051"
"JH378108","41153378","41153678","chr6","12906186","12906484","22","28247192"
"JH378108","41166834","41167123","chr6","12920525","12920818","30","28246309"
"JH378108","41176364","41176684","chr6","12930280","12930583","41","28246084"
"JH378108","41219802","41220095","chr6","12975022","12975321","27","28244780"
"JH378108","41220448","41220741","chrX","23826538","23826832","42","17393910"
"JH378108","41233447","41233563","chr6","12988983","12989099","7","28244464"
"JH378108","41285050","41285311","chr11","122652939","122653213","49","81367889"
"JH378108","41290742","41291025","chr10","63746317","63746607","40","22455575"
"JH378108","41310617","41310831","chr6","13065521","13065734","18","28245096"
"JH378108","41323660","41323741","chr1","172866391","172866471","16","131542731"
"JH378108","41374659","41374941","chr6","13132186","13132486","42","28242473"
"JH378108","41406396","41406671","chr6","13304991","13305266","19","28101405"
"JH378108","41454882","41455174","chr6","13360675","13360967","25","28094207"
"JH378108","41499031","41499302","chr6","13411791","13412089","45","28087240"
"JH378108","41601870","41602175","chr6","13514388","13514664","50","28087482"
"JH378108","41672812","41673103","chr6","13588901","13589196","25","28083911"
"JH378108","41683170","41683478","chr6","13599710","13600023","29","28083460"
"JH378108","41724364","41724654","chr6","13642224","13642515","20","28082140"
"JH378108","41787934","41788179","chr6","13708446","13708682","27","28079488"
"JH378108","41797353","41797649","chr6","13721126","13721430","30","28076227"
"JH378108","41807818","41807952","chr6","13732264","13732399","9","28075554"
"JH378108","41808147","41808336","chr6","13732596","13732784","12","28075551"
"JH378108","41842899","41843210","chr6","13767333","13767643","24","28075566"
"JH378108","41902713","41903021","chr6","13836740","13837042","30","28065973"
"JH378108","41960122","41960369","chr6","13896000","13896241","25","28064122"
"JH378108","41995610","41995934","chr6","13937624","13937917","49","28057986"
"JH378108","42019843","42020164","chrX","46919415","46919716","62","4899572"
"JH378108","42068477","42068774","chr6","14023467","14023775","24","28045010"
"JH378108","42075256","42075479","chrX","108206715","108206943","55","66131459"
"JH378108","42077313","42077519","chr7","42053246","42053449","43","24067"
"JH378108","42084492","42084743","chr6","14039162","14039413","17","28045330"
"JH378108","42130261","42130552","chr4","18269131","18269421","42","23861130"
"JH378108","42146941","42147241","chr6","14097218","14097506","34","28049723"
"JH378108","42191120","42191419","chr11","129230563","129230864","36","87039443"
"JH378108","42192648","42192877","chr10","103224032","103224246","45","61031384"
"JH378108","42200582","42200705","chr16","9933217","9933339","12","32267365"
"JH378108","42203525","42203675","chr6","14157308","14157454","13","28046217"
"JH378108","42203977","42204153","chr6","14157727","14157899","15","28046250"
"JH378108","42213340","42213629","chr6","14168548","14168836","27","28044792"
"JH378108","42215101","42215399","chr22","16771385","16771681","38","25443716"
"JH378108","42297844","42298154","chr9","35365483","35365792","43","6932361"
"JH378108","42305935","42306051","chr4","91058265","91058380","10","48752330"
"JH378108","42329287","42329591","chr6","14297164","14297458","24","28032123"
"JH378108","42329833","42330135","chr6","14297700","14297998","26","28032133"
"JH378108","42340296","42340599","chr14","41541861","41542165","38","798435"
"JH378108","42344543","42344846","chr6","14320452","14320754","23","28024091"
"JH378108","42356598","42356895","chr6","14342649","14342945","17","28013949"
"JH378108","42366390","42366686","chr6","14354752","14355040","25","28011638"
"JH378108","42367949","42368256","chr6","14356577","14356880","25","28011372"
"JH378108","42376735","42377012","chr6","14365805","14366094","29","28010930"
"JH378108","42400646","42400759","chr2","1509426","1509538","18","40891220"
"JH378108","42401067","42401200","chr2","129037282","129037414","35","86636215"
"JH378108","42416156","42416447","chr6","14410334","14410623","16","28005822"
"JH378108","42423772","42423863","chrX","52424959","52425048","15","10001187"
"JH378108","42448159","42448297","chr6","14443842","14443980","9","28004317"
"JH378108","42448298","42448431","chr6","14443981","14444114","7","28004317"
"JH378108","42448737","42448941","chr12","39464","39655","40","42409273"
"JH378108","42448942","42449112","chr5","897375","897550","30","41551567"
"JH378108","42472943","42473257","chr6","14471836","14472147","36","28001107"
"JH378108","42476843","42477154","chr6","14476155","14476457","27","28000688"
"JH378108","42483561","42483835","chr6","14482909","14483185","18","28000652"
"JH378108","42514789","42514871","chr6","14514658","14514739","6","28000131"
"JH378108","42517427","42517581","chr1","177128523","177128682","30","134611096"
"JH378108","42518816","42519123","chr6","14519018","14519318","47","27999798"
"JH378108","42522215","42522349","chrX","42672571","42672709","21","150356"
"JH378108","42535562","42535690","chr18","14786052","14786180","4","27749510"
"JH378108","42565382","42565514","chr6","14568193","14568325","3","27997189"
"JH378108","42589785","42590079","chr6","51872832","51873127","50","9283047"
"JH378108","42592155","42592438","chrX","64480750","64481035","44","21888595"
"JH378108","42593829","42594137","chr6","14596941","14597242","28","27996888"
"JH378108","42607825","42607968","chr6","14610553","14610696","16","27997272"
"JH378108","42607969","42608221","chr6","14610697","14610918","49","27997272"
"JH378108","42610598","42610718","chr11","44701511","44701631","13","2090913"
"JH378108","42619789","42620083","chr3","5576266","5576560","46","37043523"
"JH378108","42632821","42633118","chr9","45128940","45129242","52","2496119"
"JH378108","42634310","42634599","chr6","14645389","14645664","31","27988921"
"JH378108","42634608","42634912","chr1","199232878","199233180","43","156598270"
"JH378108","42635828","42636116","chr5","95334085","95334376","54","52698257"
"JH378108","42636197","42636425","chr6","14647278","14647505","16","27988919"
"JH378108","42645089","42645221","chr6","14655827","14655963","11","27989262"
"JH378108","42647857","42648090","chr6","14658830","14659054","28","27989027"
"JH378108","42661065","42661377","chr6","14671429","14671740","37","27989636"
"JH378108","42662996","42663276","chr6","14674063","14674353","46","27988933"
"JH378108","42681667","42681966","chrX","107626673","107626971","50","64945006"
"JH378108","42685621","42685927","chr6","14699003","14699305","22","27986618"
"JH378108","42694294","42694469","chr6","14706425","14706593","22","27987869"
"JH378108","42699428","42699593","chr6","14710114","14710286","14","27989314"
"JH378108","42707400","42707691","chr6","14718090","14718377","17","27989310"
"JH378108","42708353","42708649","chr20","14395122","14395421","61","28313231"
"JH378108","42709416","42709716","chr6","14720277","14720569","27","27989139"
"JH378108","42714448","42714571","chr6","14725489","14725611","10","27988959"
"JH378108","42718118","42718150","chr5","75542040","75542066","11","32823922"
"JH378108","42738017","42738308","chr7","54157888","54158182","45","11419871"
"JH378108","42749865","42750146","chr6","14757758","14758040","23","27992107"
"JH378108","42754441","42754775","chr6","147070331","147070634","72","104315890"
"JH378108","42755297","42755593","chr22","39647957","39648253","37","3107340"
"JH378108","42790500","42790806","chr6","14791346","14791656","22","27999154"
"JH378108","42792662","42792971","chr6","14793484","14793780","40","27999178"
"JH378108","42816742","42817014","chr6","14822275","14822570","47","27994467"
"JH378108","42911707","42912004","chr6","14917082","14917388","31","27994625"
"JH378108","43007049","43007361","chr6","15004988","15005306","24","28002061"
"JH378108","43016914","43017217","chr18","27996746","27997041","47","15020168"
"JH378108","43042313","43042624","chr6","15038700","15039005","22","28003613"
"JH378108","43050336","43050628","chr6","15046835","15047138","21","28003501"
"JH378108","43115818","43116092","chr6","15114795","15115069","23","28001023"
"JH378108","43159427","43159738","chr19","10208538","10208840","39","32950889"
"JH378108","43168389","43168665","chr6","15163739","15164034","37","28004650"
"JH378108","43170500","43170724","chr12","114870910","114871164","66","71700410"
"JH378108","43195755","43196048","chr6","15195490","15195787","29","28000265"
"JH378108","43218006","43218298","chr6","15219184","15219475","15","27998822"
"JH378108","43279503","43279795","chr6","15281738","15282030","18","27997765"
"JH378108","43347004","43347318","chr7","97589732","97590046","51","54242728"
"JH378108","43369327","43369622","chr6","15374516","15374809","18","27994811"
"JH378108","43376708","43377006","chr6","15381687","15381973","28","27995021"
"JH378108","43381452","43381728","chr6","15386282","15386546","39","27995170"
"JH378108","43415071","43415372","chr6","15420699","15420995","27","27994372"
"JH378108","43472731","43472988","chr6","15481321","15481596","44","27991410"
"JH378108","43476210","43476506","chr6","15485144","15485430","33","27991066"
"JH378108","43483423","43483727","chr6","15492426","15492731","26","27990997"
"JH378108","43489258","43489515","chr4","10043595","10043852","42","33445663"
"JH378108","43513973","43514248","chr6","15524840","15525125","39","27989133"
"JH378108","43514967","43515275","chr6","15525794","15526096","33","27989173"
"JH378108","43524493","43524733","chr15","5128373","5128615","43","38396120"
"JH378108","43539333","43539650","chr6","15551347","15551660","24","27987986"
"JH378108","43549235","43549534","chr5","153959754","153960056","47","110410519"
"JH378108","43566911","43567200","chr6","15580348","15580640","26","27986563"
"JH378108","43568982","43569293","chr7","53587042","53587349","55","10018060"
"JH378108","43582487","43582791","chr6","15598434","15598736","28","27984053"
"JH378108","43619202","43619325","chr12","112775797","112775920","19","69156595"
"JH378108","43619353","43619525","chrX","39075981","39076148","26","4543372"
"JH378108","43672176","43672461","chr6","15703380","15703650","30","27968796"
"JH378108","43675040","43675171","chr6","15706719","15706850","3","27968321"
"JH378108","43708985","43709288","chr5","140595813","140596112","43","96886828"
"JH378108","43796337","43796630","chr6","15839632","15839907","49","27956705"
"JH378108","43823926","43824227","chr6","15868612","15868904","34","27955314"
"JH378108","43842369","43842531","chr9","11884698","11884863","28","31957671"
"JH378108","43986448","43986746","chrUn_GL286397","533611","533912","26","43452837"
"JH378108","44043037","44043322","chr1","166598224","166598510","21","122555187"
"JH378108","44056490","44056771","chr6","16110401","16110682","21","27946089"
"JH378108","44058624","44058910","chrUn_GL288940","8727","9021","33","44049897"
"JH378108","44110299","44110486","chr5","50678488","50678674","35","6568189"
"JH378108","44110508","44110633","chr22","1395019","1395142","13","42715489"
"JH378108","44191334","44191622","chr6","16228255","16228550","19","27963079"
"JH378108","44224371","44224679","chr6","16260961","16261285","31","27963410"
"JH378108","44231719","44231971","chr6","16270854","16271106","20","27960865"
"JH378108","44235367","44235617","chr6","16274459","16274717","18","27960908"
"JH378108","44247391","44247669","chr6","64312401","64312680","39","20065010"
"JH378108","44266994","44267296","chr8","94114669","94114974","43","49847675"
"JH378108","44305273","44305379","chr12","88652874","88652979","16","44347601"
"JH378108","44333606","44333722","chr6","16386748","16386863","6","27946858"
"JH378108","44341479","44341611","chr4","37319794","37319925","22","7021685"
"JH378108","44341747","44341909","chr6","16397636","16397798","12","27944111"
"JH378108","44364472","44364749","chrUn_GL286426","168757","169036","52","44195715"
"JH378108","44365434","44365623","chrX","41221285","41221485","43","3144149"
"JH378108","44373679","44373856","chrUn_GL286477","34146","34319","38","44339533"
"JH378108","44374176","44374484","chrUn_GL286477","34943","35227","45","44339233"
"JH378108","44375137","44375333","chr6","17337570","17337771","21","27037567"
"JH378108","44375831","44376120","chr6","17336803","17337091","20","27039028"
"JH378108","44376362","44376670","chr7","87007315","87007626","47","42630953"
"JH378108","44379281","44379393","chrUn_GL286477","39747","39856","11","44339534"
"JH378108","44387720","44387849","chr4","148615049","148615180","10","104227329"
"JH378108","44397423","44397555","chr6","17317396","17317528","8","27080027"
"JH378108","44404976","44405220","chrUn_GL286280","48693","48938","17","44356283"
"JH378108","44405355","44405659","chrUn_GL286280","48264","48560","23","44357091"
"JH378108","44410169","44410348","chr6","17309242","17309421","8","27100927"
"JH378108","44410642","44410719","chr1","29498733","29498810","16","14911909"
"JH378108","44415811","44415917","chr12","28772402","28772508","12","15643409"
"JH378108","44419646","44419939","chr6","154406999","154407296","55","109987353"
"JH378108","44423921","44424182","chr2","15939864","15940130","39","28484057"
"JH378108","44432540","44432845","chrUn_GL286478","25627","25922","26","44406913"
"JH378108","44446659","44446789","chr1","84772989","84773121","11","40326330"
"JH378108","44449682","44449823","chr1","186139419","186139547","24","141689737"
"JH378108","44471285","44471482","chrX","38515909","38516109","27","5955376"
"JH378108","44480754","44481052","chr6","17236648","17236945","14","27244106"
"JH378108","44485583","44485773","chr1","97334933","97335119","36","52849350"
"JH378108","44516078","44516252","chr6","17196864","17197038","8","27319214"
"JH378108","44516253","44516550","chr6","17196578","17196863","28","27319675"
"JH378108","44516551","44516686","chr6","17196443","17196577","8","27320108"
"JH378108","44522477","44522780","chr6","17190462","17190765","22","27332015"
"JH378108","44527570","44527865","chr6","17185747","17186045","24","27341823"
"JH378108","44545137","44545235","chr17","34646137","34646234","10","9899000"
"JH378108","44545608","44545779","chr1","185782736","185782908","30","141237128"
"JH378108","44550893","44550955","chr15","25205533","25205596","14","19345360"
"JH378108","44556064","44556216","chr6","17148307","17148460","17","27407757"
"JH378108","44570596","44570894","chr7","99177451","99177747","36","54606855"
"JH378108","44577675","44577949","chr6","17128950","17129218","17","27448725"
"JH378108","44585263","44585351","chr1","166765269","166765357","13","122180006"
"JH378108","44596500","44596787","chr6","17106323","17106618","24","27490177"
"JH378108","44608493","44608777","chr6","17095833","17096116","15","27512660"
"JH378108","44612373","44612666","chr6","17090498","17090787","38","27521875"
"JH378108","44613363","44613670","chr6","17089300","17089595","24","27524063"
"JH378108","44621232","44621541","chr6","17081600","17081906","34","27539632"
"JH378108","44646129","44646430","chr5","3450623","3450925","37","41195506"
"JH378108","44653232","44653528","chr6","17048875","17049173","24","27604357"
"JH378108","44675415","44675719","chr10","28971271","28971572","49","15704144"
"JH378108","44677144","44677447","chr6","17026793","17027088","27","27650351"
"JH378108","44702124","44702440","chr6","17000741","17001045","27","27701383"
"JH378108","44721083","44721219","chr6","16991776","16991912","10","27729307"
"JH378108","44721510","44721658","chr6","16991325","16991483","22","27730185"
"JH378108","44724959","44725263","chr6","16986895","16987196","27","27738064"
"JH378108","44725697","44725841","chr12","16534163","16534311","26","28191534"
"JH378108","44725878","44726050","chr6","16984392","16984580","28","27741486"
"JH378108","44728435","44728728","chr6","16982052","16982355","23","27746383"
"JH378108","44745168","44745460","chr6","16966076","16966369","27","27779092"
"JH378108","44751532","44751820","chr6","16958865","16959131","40","27792667"
"JH378108","44755323","44755616","chr8","26379818","26380103","49","18375505"
"JH378108","44759131","44759253","chr13","49236866","49236989","13","4477735"
"JH378108","44783374","44783488","chrX","39664420","39664533","14","5118954"
"JH378108","44797409","44797702","chr6","16914360","16914655","31","27883049"
"JH378108","44799865","44800159","chr6","16911932","16912223","21","27887933"
"JH378108","44800335","44800629","chr6","16911068","16911331","38","27889267"
"JH378108","44805700","44805864","chr6","7639459","7639626","22","37166241"
"JH378108","44813384","44813615","chr2","25222323","25222572","59","19591061"
"JH378108","44843497","44843709","chr14","51719101","51719288","61","6875604"
"JH378108","44853009","44853312","chr6","16827079","16827376","45","28025930"
"JH378108","44854302","44854486","chr4","34330950","34331129","29","10523352"
"JH378108","44856334","44856431","chr6","16825116","16825213","7","28031218"
"JH378108","44857311","44857601","chr6","16823933","16824229","36","28033378"
"JH378108","44858916","44859208","chr6","16820311","16820595","34","28038605"
"JH378108","44860158","44860469","chr18","28640581","28640887","42","16219577"
"JH378108","44861741","44861875","chr6","16818599","16818733","5","28043142"
"JH378108","44862168","44862346","chr6","16818122","16818290","21","28044046"
"JH378108","44870028","44870331","chr6","16810042","16810337","29","28059986"
"JH378108","44909095","44909270","chr2","3071047","3071215","27","41838048"
"JH378108","44909593","44909724","chr5","57837113","57837247","24","12927520"
"JH378108","44910880","44910960","chr1","95662821","95662896","16","50751941"
"JH378108","44917174","44917294","chr1","200825704","200825821","22","155908530"
"JH378108","44917607","44917794","chr18","4460059","4460241","44","40457548"
"JH378108","44920164","44920386","chr15","25707695","25707914","41","19212469"
"JH378108","44929209","44929518","chr6","16754244","16754515","54","28174965"
"JH378108","44942517","44942813","chr6","16740892","16741187","15","28201625"
"JH378108","44943851","44944058","chr6","16739659","16739866","12","28204192"
"JH378108","44945278","44945372","chr2","197356566","197356657","15","152411288"
"JH378108","44945396","44945410","chr5","73671047","73671061","2","28725651"
"JH378108","44970918","44971048","chr22","1613057","1613186","18","43357861"
"JH378108","44995370","44995456","chr6","149403163","149403253","16","104407793"
"JH378108","44995452","44995565","chr2","68459447","68459559","21","23463995"
"JH378108","45003438","45003724","chr7","97776386","97776662","53","52772948"
"JH378108","45003726","45003745","chr6","16681722","16681741","1","28322004"
"JH378108","45003769","45004052","chr6","16681410","16681692","21","28322359"
"JH378108","45009062","45009382","chr6","16665006","16665307","47","28344056"
"JH378108","45010597","45010653","chr19","1001531","1001586","10","44009066"
"JH378108","45011187","45011319","chr10","7550828","7550960","15","37460359"
"JH378108","45011797","45012100","chr6","16662712","16663009","35","28349085"
"JH378108","45012714","45013000","chr6","16661810","16662096","31","28350904"
"JH378108","45015881","45016198","chr20","8200476","8200790","59","36815405"
"JH378108","45021279","45021545","chr2","15939864","15940130","36","29081415"
"JH378108","45024762","45024890","chr14","19591456","19591583","6","25433306"
"JH378108","45026521","45026616","chr12","75302277","75302371","12","30275756"
"JH378108","45033279","45033441","chrX","22597479","22597635","30","22435800"
"JH378108","45038725","45038861","chr10","29534700","29534833","13","15504025"
"JH378108","45038914","45038966","chr1","171721557","171721611","8","126682643"
"JH378108","45041428","45041595","chr3","75230360","75230525","23","30188932"
"JH378108","45041619","45041757","chr8","71633012","71633156","28","26591393"
"JH378108","45047293","45047429","chr6","16616129","16616265","10","28431164"
"JH378108","45048763","45049049","chr6","16613759","16614039","32","28435004"
"JH378108","45061946","45062078","chr6","16081820","16081954","20","28980126"
"JH378108","45062374","45062541","chrX","70139102","70139273","30","25076728"
"JH378108","45064118","45064245","chr6","16598065","16598197","17","28466053"
"JH378108","45064535","45064680","chr1","135569205","135569353","32","90504670"
"JH378108","45084894","45085198","chr2","154478092","154478404","43","109393198"
"JH378108","45107175","45107473","chr6","16553135","16553439","29","28554040"
"JH378108","45109995","45110151","chr16","6828240","6828394","35","38281755"
"JH378108","45110376","45110509","chr6","148799239","148799368","21","103688863"
"JH378108","45115255","45115475","chr12","89739069","89739290","39","44623814"
"JH378108","45115860","45116160","chr14","68766198","68766489","44","23650338"
"JH378108","45130450","45130580","chr4","43423668","43423797","8","1706782"
"JH378108","45143223","45143559","chr6","16520960","16521292","28","28622263"
"JH378108","45148846","45149043","chr4","72621235","72621435","29","27472389"
"JH378108","45150523","45150814","chr1","87097176","87097472","46","41946653"
"JH378108","45153006","45153101","chr7","134025962","134026060","21","88872956"
"JH378108","45153566","45153770","chr22","9306527","9306731","29","35847039"
"JH378108","45156379","45156564","chr1","60325288","60325473","36","15168909"
"JH378108","45162995","45163132","chr18","4105825","4105958","13","41057170"
"JH378108","45166449","45166533","chrX","430697","430779","17","44735752"
"JH378108","45171362","45171612","chr3","189057782","189058033","35","143886420"
"JH378108","45175458","45175773","chr6","16502006","16502326","33","28673452"
"JH378108","45180105","45180413","chr6","16497696","16497991","34","28682409"
"JH378108","45182468","45182527","chr22","15114218","15114274","11","30068250"
"JH378108","45183657","45183756","chr2","128600141","128600235","34","83416484"
"JH378108","45184777","45184977","chrX","38515909","38516109","33","6668868"
"JH378108","45192151","45192246","chr1","185335374","185335463","15","140143223"
"JH378108","45193265","45193529","chr6","16493990","16494254","17","28699275"
"JH378108","45207848","45208016","chrX","93058516","93058678","31","47850668"
"JH378108","45208297","45208617","chr6","16488911","16489206","42","28719386"
"JH378108","45213634","45213940","chr6","16480559","16480860","30","28733075"
"JH378108","45224186","45224350","chrUn_GL286373","1380216","1380378","29","43843970"
"JH378108","45224371","45224500","chr1","118129733","118129861","16","72905362"
"JH378108","45253788","45254056","chr6","16440252","16440511","27","28813536"
"JH378108","45264246","45264511","chr6","16427698","16427983","39","28836548"
"JH378108","45277663","45277986","chr9","84863396","84863722","56","39585733"
"JH378108","45280135","45280444","chr5","60671568","60671876","44","15391433"
"JH378108","45280640","45280772","chr10","18454348","18454479","10","26826292"
"JH378108","45286354","45286562","chr1","137993907","137994116","29","92707553"
"JH378108","45290194","45290329","chr6","17366841","17366976","9","27923353"
"JH378108","45290568","45290762","chr2","13771126","13771328","41","31519442"
"JH378108","45298434","45298736","chr6","17375506","17375820","36","27922928"
"JH378108","45301945","45302234","chr8","687744","688032","43","44614201"
"JH378108","45302237","45302480","chr2","63096625","63096877","44","17794388"
"JH378108","45303565","45303871","chr6","17380899","17381200","16","27922666"
"JH378108","45311627","45311759","chr14","58625504","58625634","7","13313877"
"JH378108","45312103","45312394","chr6","17389353","17389646","30","27922750"
"JH378108","45313851","45313981","chr16","32435395","32435531","21","12878456"
"JH378108","45327724","45327837","chr9","112455413","112455527","17","67127689"
"JH378108","45328135","45328292","chr6","17406257","17406404","20","27921878"
"JH378108","45331024","45331150","chr2","157862059","157862191","19","112531035"
"JH378108","45332059","45332367","chr9","39368972","39369252","70","5963087"
"JH378108","45332402","45332547","chr1","118586068","118586222","25","73253666"
"JH378108","45334403","45334669","chr5","128523504","128523773","47","83189101"
"JH378108","45340514","45340833","chr6","17420526","17420833","35","27919988"
"JH378108","45342632","45342879","chr7","66501106","66501341","50","21158474"
"JH378108","45344222","45344382","chr9","46193559","46193718","34","849337"
"JH378108","45345352","45345640","chr15","68848250","68848533","47","23502898"
"JH378108","45360153","45360283","chr6","122129401","122129529","15","76769248"
"JH378108","45362983","45363146","chr6","17441933","17442096","12","27921050"
"JH378108","45374660","45374965","chr6","17452464","17452765","24","27922196"
"JH378108","45379627","45379931","chr6","17456909","17457219","34","27922718"
"JH378108","45438212","45438411","chr6","17522362","17522568","15","27915850"
"JH378108","45448150","45448465","chr5","74315290","74315586","60","28867140"
"JH378108","45457458","45457745","chr6","17542706","17542989","23","27914752"
"JH378108","45461919","45462214","chr6","17547246","17547543","28","27914673"
"JH378108","45469532","45469709","chr6","17554177","17554352","18","27915355"
"JH378108","45470014","45470150","chr6","17554673","17554804","13","27915341"
"JH378108","45479158","45479479","chr5","78660273","78660595","55","33181115"
"JH378108","45497791","45497964","chr12","21026292","21026462","32","24471499"
"JH378108","45498271","45498406","chr10","95881642","95881777","18","50383371"
"JH378108","45502940","45503244","chr6","17584669","17584974","36","27918271"
"JH378108","45506371","45506494","chrX","141155322","141155443","18","95648951"
"JH378108","45530885","45531205","chr6","17609986","17610294","36","27920899"
"JH378108","45534340","45534481","chr6","17613405","17613542","10","27920935"
"JH378108","45565194","45565336","chr4","162203136","162203279","24","116637942"
"JH378108","45566451","45566573","chr6","17646694","17646812","10","27919757"
"JH378108","45580715","45580931","chr10","101265732","101265945","41","55685017"
"JH378108","45614566","45614599","chr6","17695061","17695093","6","27919505"
"JH378108","45614641","45614924","chr6","17695136","17695419","15","27919505"
"JH378108","45632292","45632586","chr6","17713671","17713962","20","27918621"
"JH378108","45636354","45636654","chr6","17717097","17717394","32","27919257"
"JH378108","45680641","45680936","chr6","17758627","17758908","24","27922014"
"JH378108","45681311","45681463","chr12","88454842","88454999","20","42773531"
"JH378108","45681754","45681877","chr2","7654100","7654224","15","38027654"
"JH378108","45724003","45724301","chr7","75140938","75141226","51","29416935"
"JH378108","45724992","45725221","chr5","111262407","111262633","40","65537415"
"JH378108","45744566","45744867","chr5","38753679","38753979","43","6990887"
"JH378108","45746421","45746718","chr3","118798318","118798611","47","73051897"
"JH378108","45757253","45757561","chr10","99028785","99029088","48","53271532"
"JH378108","45770910","45771205","chr5","134398370","134398666","40","88627460"
"JH378108","45798916","45799207","chr6","17875285","17875577","23","27923631"
"JH378108","45804794","45804952","chr2","170504247","170504398","24","124699453"
"JH378108","45811746","45811882","chr6","17889142","17889278","12","27922604"
"JH378108","45816942","45817229","chr6","17894322","17894615","26","27922620"
"JH378108","45819789","45820087","chr6","17896745","17897017","51","27923044"
"JH378108","45840322","45840476","chr6","17918257","17918410","14","27922065"
"JH378108","45867139","45867239","chr4","14932835","14932933","15","30934304"
"JH378108","45959679","45959994","chr6","18068985","18069304","31","27890694"
"JH378108","45965800","45965935","chr6","18074588","18074723","9","27891212"
"JH378108","45966245","45966414","chr6","18075034","18075203","14","27891211"
"JH378108","45966916","45967190","chr6","18075709","18075988","30","27891207"
"JH378108","46003865","46004155","chr6","18113748","18114044","23","27890117"
"JH378108","46005715","46005744","chr6","18115610","18115640","2","27890105"
"JH378108","46006039","46006202","chr6","18115932","18116093","17","27890107"
"JH378108","46011852","46012140","chr6","18121891","18122184","44","27889961"
"JH378108","46021350","46021641","chr19","227084","227371","49","45794266"
"JH378108","46036442","46036584","chr6","18144546","18144692","9","27891896"
"JH378108","46036881","46037037","chr6","18144992","18145149","12","27891889"
"JH378108","46037291","46037307","chr6","18145425","18145441","1","27891866"
"JH378108","46037612","46037784","chr6","18145735","18145908","18","27891877"
"JH378108","46046457","46046708","chr1","136775049","136775291","47","90728592"
"JH378108","46051604","46051788","chr6","18159312","18159496","17","27892292"
"JH378108","46056685","46056974","chr9","106471159","106471443","49","60414474"
"JH378108","46066727","46066858","chr11","90524134","90524263","5","44457407"
"JH378108","46123236","46123538","chr6","18238428","18238726","28","27884808"
"JH378108","46125710","46125979","chr3","149342700","149342971","58","103216990"
"JH378108","46133374","46133490","chr22","42279221","42279338","21","3854153"
"JH378108","46133830","46134122","chr5","44900249","44900530","53","1233581"
"JH378108","46174721","46174889","chr9","115952650","115952822","12","69777929"
"JH378108","46174917","46175037","chr2","133691626","133691745","3","87516709"
"JH378108","46175067","46175388","chr19","41567675","41567995","57","4607392"
"JH378108","46183847","46184143","chr6","18294273","18294581","34","27889574"
"JH378108","46191135","46191413","chr6","18318822","18319118","39","27872313"
"JH378108","46204742","46205016","chr6","18309982","18310265","26","27894760"
"JH378108","46268548","46268608","chr14","75224987","75225044","14","28956439"
"JH378108","46269554","46269681","chr6","16682990","16683117","8","29586564"
"JH378108","46291878","46292177","chr15","83309992","83310288","33","37018114"
"JH378108","46296754","46297046","chrUn_GL286478","94034","94327","19","46202720"
"JH378108","46300469","46300620","chrUn_GL286545","1692","1843","14","46298777"
"JH378108","46315271","46315580","chr5","60671568","60671876","46","14356297"
"JH378108","46315993","46316217","chr6","18349570","18349794","11","27966423"
"JH378108","46324316","46324503","chrUn_GL286397","421664","421843","28","45902652"
"JH378108","46328081","46328396","chr9","58215112","58215422","37","11887031"
"JH378108","46335987","46336127","chr13","7021048","7021192","15","39314939"
"JH378108","46336434","46336604","chr10","8367018","8367183","27","37969416"
"JH378108","46338503","46338793","chr5","88923436","88923715","29","42584933"
"JH378108","46344943","46345240","chr5","79104062","79104360","44","32759119"
"JH378108","46356342","46356655","chrUn_GL287863","18683","18990","37","46337659"
"JH378108","46358536","46358825","chr5","88904438","88904727","28","42545902"
"JH378108","46359331","46359458","chr5","88903835","88903962","13","42544504"
"JH378108","46359749","46359930","chrUn_GL286478","58312","58485","21","46301437"
"JH378108","46366233","46366537","chr15","88103488","88103792","30","41737255"
"JH378108","46368612","46368900","chrUn_GL287890","7113","7399","19","46361499"
"JH378108","46375177","46375482","chr15","88125415","88125720","25","41750238"
"JH378108","46377419","46377693","chr12","104428877","104429142","54","58051458"
"JH378108","46418998","46419131","chr9","5392721","5392854","24","41026277"
"JH378108","46425690","46425861","chr1","10918941","10919108","22","35506749"
"JH378108","46440361","46440678","chr21","40928423","40928736","54","5511938"
"JH378108","46440951","46441126","chr8","89371222","89371395","30","42930271"
"JH378108","46441426","46441564","chr4","30136171","30136302","19","16305255"
"JH378108","46445889","46445984","chr12","28291008","28291101","11","18154881"
"JH378108","46446891","46447035","chr8","5234173","5234312","21","41212718"
"JH378108","46447824","46448111","chr6","18486074","18486362","15","27961750"
"JH378108","46454030","46454326","chr6","18493903","18494194","34","27960127"
"JH378108","46454612","46454847","chr18","1256124","1256361","30","45198488"
"JH378108","46482335","46482484","chr2","170504247","170504398","22","124021912"
"JH378108","46484068","46484358","chr22","6475349","6475647","49","40008719"
"JH378108","46525355","46525657","chr13","39766715","39767019","43","6758640"
"JH378108","46545063","46545363","chr6","18588518","18588817","28","27956545"
"JH378108","46562666","46562974","chr6","18606630","18606923","38","27956036"
"JH378108","46589102","46589399","chr6","18632391","18632693","31","27956711"
"JH378108","46600977","46601259","chr4","3901740","3902008","48","42699237"
"JH378108","46603962","46604081","chr3","115803586","115803707","17","69199624"
"JH378108","46604108","46604284","chr5","65422144","65422322","29","18818036"
"JH378108","46629624","46630003","chr22","40501404","40501760","84","6128220"
"JH378108","46664411","46664712","chr5","4325606","4325897","53","42338805"
"JH378108","46672188","46672456","chr5","155219033","155219303","38","108546845"
"JH378108","46675926","46676045","chr6","18722780","18722899","8","27953146"
"JH378108","46690228","46690489","chr6","18740329","18740609","28","27949899"
"JH378108","46705876","46706013","chr1","171672023","171672158","18","124966147"
"JH378108","46706319","46706480","chr22","6031259","6031419","26","40675060"
"JH378108","46707123","46707429","chr6","18757235","18757529","30","27949888"
"JH378108","46765271","46765437","chr1","61060975","61061143","26","14295704"
"JH378108","46765461","46765496","chr15","53285663","53285696","3","6520202"
"JH378108","46769216","46769484","chr3","14318850","14319121","50","32450366"
"JH378108","46874414","46874714","chr8","11562039","11562338","50","35312375"
"JH378108","46891300","46891585","chr6","18961917","18962202","26","27929383"
"JH378108","46930505","46930809","chr7","89951395","89951694","34","43020890"
"JH378108","46959346","46959642","chr6","19031521","19031811","28","27927825"
"JH378108","46967678","46967983","chr6","19041201","19041500","30","27926477"
"JH378108","46980246","46980378","chr8","107774576","107774707","6","60794330"
"JH378108","47079252","47079427","chr10","17302293","17302468","25","29776959"
"JH378108","47079733","47079834","chr11","17107048","17107142","16","29972685"
"JH378108","47083405","47083713","chr6","19163705","19164013","28","27919700"
"JH378108","47105574","47105768","chr5","12352819","12353001","47","34752755"
"JH378108","47181954","47182080","chr1","194186587","194186710","13","147004633"
"JH378108","47184716","47185008","chr6","19263838","19264124","35","27920878"
"JH378108","47216382","47216676","chr6","19295601","19295899","24","27920781"
"JH378108","47237081","47237284","chr6","19315331","19315549","35","27921750"
"JH378108","47237589","47237693","chr6","19315838","19315941","15","27921751"
"JH378108","47261110","47261372","chr1","153991191","153991458","47","106730081"
"JH378108","47300145","47300439","chr6","19381390","19381686","29","27918755"
"JH378108","47344536","47344852","chr6","19435580","19435892","34","27908956"
"JH378108","47349378","47349683","chr6","19440524","19440825","36","27908854"
"JH378108","47397822","47398013","chr6","19490492","19490682","15","27907330"
"JH378108","47446766","47447073","chr12","24164783","24165092","46","23281983"
"JH378108","47460857","47461160","chr14","83488574","83488879","47","36027717"
"JH378108","47470584","47470888","chr19","18159624","18159922","45","29310960"
"JH378108","47483388","47483404","chrX","51894023","51894039","3","4410635"
"JH378108","47483706","47483884","chr7","90484466","90484653","23","43000760"
"JH378108","47504110","47504237","chr6","59467480","59467607","6","11963370"
"JH378108","47513659","47513785","chr21","35100251","35100376","19","12413408"
"JH378108","47522715","47522913","chr6","19616424","19616621","23","27906291"
"JH378108","47533765","47533929","chr5","124389199","124389361","29","76855434"
"JH378108","47533951","47534076","chr3","107779304","107779429","21","60245353"
"JH378108","47549639","47549911","chr6","19643477","19643757","40","27906162"
"JH378108","47624885","47625013","chr14","21071876","21072006","11","26553009"
"JH378108","47626780","47627082","chr6","19717196","19717486","38","27909584"
"JH378108","47641310","47641596","chr6","19736520","19736804","32","27904790"
"JH378108","47645524","47645817","chr6","19741279","19741573","27","27904245"
"JH378108","47663237","47663518","chr6","19757320","19757592","31","27905917"
"JH378108","47731714","47732008","chr6","19830989","19831282","26","27900725"
"JH378108","47812136","47812252","chr5","95902861","95902977","7","48090725"
"JH378108","47885688","47885987","chr6","19988805","19989100","24","27896883"
"JH378108","47969773","47970052","chr6","20087431","20087725","39","27882342"
"JH378108","47981184","47981404","chrX","38282532","38282757","47","9698652"
"JH378108","47986479","47986780","chr6","20100868","20101164","20","27885611"
"JH378108","48039849","48040160","chr6","20155475","20155781","36","27884374"
"JH378108","48077627","48077935","chr2","34504274","34504583","47","13573353"
"JH378108","48093513","48093812","chr9","100983539","100983850","51","52890026"
"JH378108","48109896","48110179","chr6","20234792","20235079","38","27875104"
"JH378108","48240368","48240666","chr6","20362507","20362796","38","27877861"
"JH378108","48283790","48284004","chr9","82707758","82707969","40","34423968"
"JH378108","48332685","48332957","chr6","20458075","20458351","23","27874610"
"JH378108","48395067","48395382","chr6","20519074","20519384","45","27875993"
"JH378108","48397998","48398288","chr6","20522025","20522339","38","27875973"
"JH378108","48445109","48445436","chr6","20573706","20574005","60","27871403"
"JH378108","48458317","48458471","chr6","20587139","20587285","20","27871178"
"JH378108","48469464","48469598","chr6","20600111","20600245","13","27869353"
"JH378108","48523051","48523345","chr6","20659261","20659560","21","27863790"
"JH378108","48526389","48526701","chr6","20662272","20662578","28","27864117"
"JH378108","48543003","48543173","chr6","20678549","20678708","17","27864454"
"JH378108","48543210","48543337","chr6","20678730","20678857","10","27864480"
"JH378108","48557885","48558178","chr6","20693822","20694111","15","27864063"
"JH378108","48722873","48723179","chr6","20866002","20866286","46","27856871"
"JH378108","48766454","48766604","chr4","34304770","34304921","19","14461684"
"JH378108","48881100","48881400","chr22","6475349","6475647","40","42405751"
"JH378108","48886776","48886892","chr7","44851085","44851201","12","4035691"
"JH378108","48926580","48926884","chr6","21076428","21076740","44","27850152"
"JH378108","48929084","48929385","chr6","21078907","21079219","33","27850177"
"JH378108","48998124","48998423","chr5","134398370","134398666","39","85400246"
"JH378108","49018645","49018923","chr6","21169931","21170195","28","27848714"
"JH378108","49043386","49043683","chr6","21194866","21195164","25","27848520"
"JH378108","49058264","49058555","chr5","57313690","57313980","57","8255426"
"JH378108","49065969","49066260","chr6","21219716","21220025","45","27846253"
"JH378108","49095698","49095992","chr6","21250461","21250748","24","27845237"
"JH378108","49120700","49120999","chr6","149084007","149084306","53","99963307"
"JH378108","49213847","49214143","chr6","21358252","21358553","28","27855595"
"JH378108","49231001","49231171","chr7","36398918","36399088","23","12832083"
"JH378108","49255128","49255437","chr12","17847235","17847533","48","31407893"
"JH378108","49267484","49267800","chrX","90286206","90286506","55","41018722"
"JH378108","49274791","49274922","chr5","86417802","86417933","19","37143011"
"JH378108","49281927","49282233","chr5","106616849","106617160","46","57334922"
"JH378108","49291068","49291206","chr5","143546408","143546543","17","94255340"
"JH378108","49291505","49291659","chr11","122584384","122584542","40","73292879"
"JH378108","49297418","49297727","chr12","20539936","20540241","43","28757482"
"JH378108","49297929","49298144","chr7","50678291","50678504","32","1380362"
"JH378108","49300098","49300407","chr9","35365483","35365792","53","13934615"
"JH378108","49307318","49307460","chr4","162203136","162203279","25","112895818"
"JH378108","49315179","49315473","chr7","54705898","54706197","47","5390719"
"JH378108","49323850","49324134","chr6","21426923","21427219","33","27896927"
"JH378108","49334251","49334561","chr6","21439559","21439857","41","27894692"
"JH378108","49355844","49356103","chr12","97978525","97978788","39","48622681"
"JH378108","49357055","49357353","chrX","127593934","127594225","53","78236879"
"JH378108","49390679","49390995","chr6","21485313","21485614","40","27905366"
"JH378108","49406771","49407062","chr6","21500705","21500996","18","27906066"
"JH378108","49408870","49409171","chr6","21502801","21503098","21","27906069"
"JH378108","49414875","49415169","chr6","21509315","21509614","18","27905560"
"JH378108","49427869","49427999","chr4","148615049","148615180","10","99187180"
"JH378108","49440220","49440383","chr10","15134381","15134548","28","34305839"
"JH378108","49452109","49452419","chr6","21546448","21546743","36","27905661"
"JH378108","49454706","49454845","chr6","21548936","21549096","29","27905770"
"JH378108","49505341","49505611","chr19","18362531","18362799","52","31142810"
"JH378108","49516563","49516874","chr22","29591278","29591579","55","19925285"
"JH378108","49533464","49533767","chrUn_GL286467","71922","72225","19","49461542"
"JH378108","49550835","49551080","chr6","21663089","21663349","30","27887746"
"JH378108","49564087","49564390","chr6","21676727","21677047","55","27887360"
"JH378108","49564414","49564432","chr12","22208277","22208296","2","27356137"
"JH378108","49639754","49639888","chr5","100456391","100456524","18","50816637"
"JH378108","49640195","49640367","chr1","182623678","182623854","36","132983483"
"JH378108","49661478","49661764","chr7","100687150","100687440","45","51025672"
"JH378108","49668188","49668303","chr5","95902861","95902977","8","46234673"
"JH378108","49668320","49668533","chrUn_GL286397","210555","210780","43","49457765"
"JH378108","49687915","49688217","chr10","18189531","18189831","34","31498384"
"JH378108","49711977","49712317","chr5","110773052","110773399","61","61061075"
"JH378108","49721775","49722086","chr7","87007315","87007626","37","37285540"
"JH378108","49728158","49728360","chr13","52352890","52353087","34","2624732"
"JH378108","49728656","49728765","chr2","68459447","68459559","15","18730791"
"JH378108","49731295","49731536","chrUn_GL286420","864308","864544","43","48866987"
"JH378108","49745390","49745687","chr10","18236864","18237155","31","31508526"
"JH378108","49757486","49757607","chrX","17092539","17092661","15","32664947"
"JH378108","49771053","49771187","chr1","102431868","102432006","23","52660815"
"JH378108","49771489","49771623","chr7","57419664","57419798","13","7648175"
"JH378108","49774566","49774860","chr10","18272134","18272440","37","31502432"
"JH378108","49778560","49778848","chr10","18276142","18276430","16","31502418"
"JH378108","49847205","49847522","chr2","127961943","127962258","60","78114738"
"JH378108","49848433","49848561","chr6","22224410","22224542","19","27624023"
"JH378108","49855070","49855381","chr6","22216673","22216977","24","27638397"
"JH378108","49861625","49861731","chr1","139543924","139544027","24","89682299"
"JH378108","49866012","49866312","chr6","22206383","22206672","28","27659629"
"JH378108","49871117","49871446","chr6","115074963","115075300","73","65203846"
"JH378108","49889383","49889556","chr6","22182336","22182508","18","27707047"
"JH378108","49889818","49889949","chr3","164766614","164766743","15","114876796"
"JH378108","49914567","49914863","chr1","23419097","23419386","57","26495470"
"JH378108","49914875","49915162","chr6","22157847","22158152","41","27757028"
"JH378108","49919159","49919469","chr6","22153550","22153844","46","27765609"
"JH378108","49922876","49922987","chr6","22149605","22149703","16","27773271"
"JH378108","49923368","49923661","chr6","22148930","22149228","22","27774438"
"JH378108","49933518","49933607","chr6","22141477","22141566","7","27792041"
"JH378108","49936742","49937030","chr13","86869915","86870197","44","36933173"
"JH378108","49952927","49953056","chr4","6633493","6633619","15","43319434"
"JH378108","49954224","49954374","chr2","170504247","170504398","19","120550023"
"JH378108","49967362","49967514","chr5","6262264","6262413","19","43705098"
"JH378108","49980367","49980655","chr1","176280249","176280545","43","126299882"
"JH378108","49988569","49988873","chr6","22089084","22089393","31","27899485"
"JH378108","49989576","49989757","chr6","48160915","48161092","26","1828661"
"JH378108","49991405","49991726","chr6","22086259","22086563","32","27905146"
"JH378108","49997936","49998248","chr6","22078144","22078425","50","27919792"
"JH378108","50000377","50000628","chr6","22075733","22075979","18","27924644"
"JH378108","50006815","50007115","chr6","22069839","22070136","20","27936976"
"JH378108","50019744","50020027","chr7","113842023","113842297","55","63822279"
"JH378108","50021347","50021625","chr6","22050443","22050719","16","27970904"
"JH378108","50038349","50038518","chr6","22032848","22033022","18","28005501"
"JH378108","50038823","50038959","chr6","22032424","22032560","7","28006399"
"JH378108","50044052","50044344","chr6","22027418","22027709","18","28016634"
"JH378108","50061462","50061765","chr6","22010339","22010625","35","28051123"
"JH378108","50064372","50064641","chr6","22006774","22007053","26","28057598"
"JH378108","50151099","50151364","chr7","46518013","46518277","41","3633086"
"JH378108","50157531","50157827","chr9","107089712","107090008","48","56932181"
"JH378108","50162867","50162999","chr17","63438103","63438235","10","13275236"
"JH378108","50168567","50168684","chr9","39177276","39177392","7","10991291"
"JH378108","50174703","50174949","chr18","23444395","23444623","48","26730308"
"JH378108","50192696","50192977","chr22","23749006","23749291","42","26443690"
"JH378108","50195025","50195208","chr6","21873000","21873183","13","28322025"
"JH378108","50208197","50208493","chr9","62796984","62797284","60","12588787"
"JH378108","50233489","50233785","chr5","6908797","6909090","42","43324692"
"JH378108","50294991","50295277","chr19","12464336","12464610","52","37830655"
"JH378108","50297181","50297484","chr20","7071589","7071871","69","43225592"
"JH378108","50314897","50314972","chr5","155043285","155043360","7","104728388"
"JH378108","50319952","50320264","chr16","71214310","71214607","48","20894358"
"JH378108","50344812","50345117","chr7","89951395","89951694","51","39606583"
"JH378108","50398126","50398383","chrUn_GL286467","168674","168931","19","50229452"
"JH378108","50444614","50444741","chr1","194772737","194772864","9","144328123"
"JH378108","50460709","50460790","chr8","34453867","34453952","9","16006842"
"JH378108","50467358","50467661","chr6","22231273","22231569","33","28236085"
"JH378108","50469524","50469770","chr6","22233775","22234026","40","28235749"
"JH378108","50487810","50488104","chr9","32209411","32209703","41","18278399"
"JH378108","50506854","50507149","chr6","22276604","22276897","17","28230250"
"JH378108","50525528","50525820","chr6","22295804","22296099","25","28229724"
"JH378108","50528816","50529113","chr6","22298485","22298780","24","28230331"
"JH378108","50533002","50533323","chr17","47725563","47725891","48","2807439"
"JH378108","50535190","50535482","chr6","22300451","22300736","30","28234739"
"JH378108","50536579","50536880","chr6","22301790","22302108","43","28234789"
"JH378108","50548316","50548449","chr5","35666368","35666500","15","14881948"
"JH378108","50548749","50548909","chr22","48682029","48682187","24","1866720"
"JH378108","50591134","50591263","chr10","118771322","118771451","6","68180188"
"JH378108","50598760","50599068","chr6","22366722","22367030","14","28232038"
"JH378108","50611834","50611984","chrX","23402641","23402795","27","27209193"
"JH378108","50612010","50612128","chr6","22379821","22379941","15","28232189"
"JH378108","50619599","50619885","chr14","14644473","14644756","51","35975126"
"JH378108","50622172","50622376","chrX","107812618","107812815","34","57190446"
"JH378108","50624666","50624791","chr4","105508769","105508894","22","54884103"
"JH378108","50640632","50640755","chr6","22405258","22405389","16","28235374"
"JH378108","50648024","50648260","chr5","128058216","128058448","44","77410192"
"JH378108","50651265","50651529","chr6","22417818","22418096","34","28233447"
"JH378108","50657177","50657251","chr2","8363006","8363082","18","42294171"
"JH378108","50657504","50657644","chr6","22422915","22423051","23","28234589"
"JH378108","50660757","50660843","chr2","151654819","151654903","20","100994062"
"JH378108","50660844","50661151","chr6","22426710","22427007","31","28234134"
"JH378108","50679000","50679268","chr6","22441287","22441558","24","28237713"
"JH378108","50683081","50683233","chr1","162841319","162841470","24","112158238"
"JH378108","50683504","50683649","chr18","12568619","12568765","18","38114885"
"JH378108","50694400","50694665","chr1","54967948","54968213","51","4273548"
"JH378108","50703411","50703712","chr6","22465360","22465661","23","28238051"
"JH378108","50713816","50713932","chr3","64896727","64896850","24","14182911"
"JH378108","50745324","50745614","chr6","22503911","22504213","39","28241413"
"JH378108","50751538","50751820","chr6","22510198","22510482","35","28241340"
"JH378108","50764481","50764637","chr12","2705027","2705193","34","48059454"
"JH378108","50764661","50764791","chr7","62312608","62312738","15","11547947"
"JH378108","50786587","50786674","chr5","63501390","63501478","8","12714803"
"JH378108","50788755","50789055","chr6","22546570","22546872","32","28242185"
"JH378108","50793501","50793807","chr6","22551434","22551737","27","28242067"
"JH378108","50811105","50811224","chr5","47553312","47553432","12","3257793"
"JH378108","50811258","50811396","chr12","12256069","12256209","32","38555189"
"JH378108","50833978","50834278","chrX","18639620","18639921","45","32194358"
"JH378108","50844715","50844997","chr5","34976523","34976809","50","15868192"
"JH378108","50853781","50854086","chr6","22616123","22616416","28","28237658"
"JH378108","50862485","50862786","chr6","22624813","22625098","32","28237672"
"JH378108","50883856","50884153","chr6","22645719","22646016","11","28238137"
"JH378108","50888354","50888655","chr7","10365515","10365812","52","40522839"
"JH378108","50890958","50891232","chr17","35554236","35554519","49","15336722"
"JH378108","50902605","50902894","chr6","22662910","22663195","25","28239695"
"JH378108","50921967","50922236","chr6","22684443","22684727","32","28237524"
"JH378108","50924899","50925195","chr6","22687454","22687750","18","28237445"
"JH378108","50925715","50925836","chr6","123143068","123143189","19","72217353"
"JH378108","50925869","50926019","chr22","12976915","12977067","27","37948954"
"JH378108","50937822","50938087","chr6","22701853","22702092","44","28235969"
"JH378108","50950175","50950489","chr5","60671568","60671876","42","9721393"
"JH378108","50960264","50960574","chr6","22725599","22725909","22","28234665"
"JH378108","50965610","50965923","chr6","22731098","22731411","12","28234512"
"JH378108","50980202","50980494","chr6","22753157","22753459","30","28227045"
"JH378108","50982413","50982542","chr6","84368725","84368852","10","33386312"
"JH378108","50984183","50984316","chr9","14625707","14625839","17","36358476"
"JH378108","50984628","50984791","chr16","21939324","21939486","25","29045304"
"JH378108","50985155","50985454","chr6","22758562","22758859","38","28226593"
"JH378108","50993541","50993623","chr2","6330932","6331009","15","44662609"
"JH378108","50997159","50997445","chr6","22774942","22775201","41","28222217"
"JH378108","50999701","50999996","chr6","22777427","22777724","20","28222274"
"JH378108","51021259","51021522","chr10","89442350","89442603","56","38421091"
"JH378108","51023744","51023782","chrUn_GL286451","505167","505204","7","50518577"
"JH378108","51058353","51058628","chr6","22841312","22841588","28","28217041"
"JH378108","51069230","51069399","chr15","29142905","29143075","27","21926325"
"JH378108","51074796","51074968","chr6","22857348","22857519","16","28217448"
"JH378108","51075264","51075399","chr6","22857804","22857939","10","28217460"
"JH378108","51091946","51092256","chr6","22872394","22872706","20","28219552"
"JH378108","51092680","51092810","chr18","1993748","1993878","11","49098932"
"JH378108","51105923","51106203","chr7","73559695","73559970","53","22453772"
"JH378108","51133847","51134156","chr6","22917650","22917954","24","28216197"
"JH378108","51135190","51135351","chr6","22919022","22919176","26","28216168"
"JH378108","51135665","51135780","chr6","22919496","22919616","11","28216169"
"JH378108","51138196","51138464","chr21","36521904","36522171","46","14616292"
"JH378108","51175157","51175431","chr6","22961620","22961905","36","28213537"
"JH378108","51194425","51194734","chr6","22979827","22980121","31","28214598"
"JH378108","51215051","51215198","chr6","23000866","23001009","18","28214185"
"JH378108","51215515","51215650","chr6","23001320","23001457","11","28214195"
"JH378108","51259563","51259872","chr6","23048626","23048936","21","28210937"
"JH378108","51280968","51281125","chr6","23068624","23068786","11","28212344"
"JH378108","51286611","51286921","chr6","23074298","23074608","24","28212313"
"JH378108","51289957","51290028","chr9","66377404","66377479","13","15087447"
"JH378108","51293519","51293819","chr6","23081151","23081437","32","28212368"
"JH378108","51314164","51314388","chr6","23100424","23100648","11","28213740"
"JH378108","51344631","51344934","chr6","23131754","23132063","28","28212877"
"JH378108","51345176","51345259","chr1","201332888","201332972","13","149987712"
"JH378108","51358643","51358946","chr6","23145843","23146132","34","28212800"
"JH378108","51359754","51359984","chr14","80174330","80174554","33","28814576"
"JH378108","51378224","51378516","chr6","23165306","23165601","21","28212918"
"JH378108","51390712","51390992","chr6","23181666","23181944","19","28209046"
"JH378108","51417899","51418183","chr6","23223467","23223762","34","28194432"
"JH378108","51518511","51518800","chr6","23321674","23321975","36","28196837"
"JH378108","51608811","51609124","chr6","23440774","23441080","34","28168037"
"JH378108","51614046","51614240","chr6","23446955","23447147","14","28167091"
"JH378108","51628855","51629148","chr6","23477876","23478161","21","28150979"
"JH378108","51651750","51652033","chr6","23524599","23524889","31","28127151"
"JH378108","51676069","51676294","chr10","96528656","96528882","38","44852587"
"JH378108","51695442","51695747","chr6","23572669","23572972","23","28122773"
"JH378108","51734897","51735224","chr6","23627348","23627650","37","28107549"
"JH378108","51735961","51736272","chr6","23628442","23628721","45","28107519"
"JH378108","51765895","51766179","chr6","23665889","23666170","44","28100006"
"JH378108","51791514","51791808","chr2","145437197","145437492","49","93645683"
"JH378108","51811649","51811985","chr6","23720609","23720930","33","28091040"
"JH378108","51823307","51823593","chr6","23732170","23732456","20","28091137"
"JH378108","51829425","51829519","chr15","32853282","32853380","14","18976143"
"JH378108","51829557","51829723","chr6","67209062","67209228","26","15379505"
"JH378108","51910290","51910624","chr10","50819737","50820062","57","1090553"
"JH378108","51952907","51953220","chr6","23878189","23878485","34","28074718"
"JH378108","51956263","51956482","chr7","86648105","86648321","37","34691842"
"JH378108","51995667","51995979","chr6","23925046","23925353","27","28070621"
"JH378108","52007808","52008101","chr4","78929859","78930160","61","26922051"
"JH378108","52027329","52027463","chr7","60449858","60449993","22","8422529"
"JH378108","52027765","52027933","chr1","10918941","10919108","30","41108824"
"JH378108","52062539","52062663","chr2","160313308","160313431","8","108250769"
"JH378108","52064856","52064986","chr8","97661172","97661303","15","45596316"
"JH378108","52065294","52065465","chr2","68194826","68195000","32","16129532"
"JH378108","52071648","52071768","chr3","45186889","45187009","16","6884759"
"JH378108","52071793","52071980","chr5","116695686","116695858","47","64623893"
"JH378108","52084447","52084751","chr6","24028559","24028853","29","28055888"
"JH378108","52118550","52118663","chr6","24065858","24065974","9","28052692"
"JH378108","52146880","52147157","chr6","24101255","24101529","36","28045625"
"JH378108","52150846","52151141","chr6","24105310","24105608","47","28045536"
"JH378108","52153510","52153826","chr2","8721239","8721546","47","43432271"
"JH378108","52196124","52196405","chr6","24164956","24165236","23","28031168"
"JH378108","52207779","52208083","chr6","24177838","24178140","33","28029941"
"JH378108","52217335","52217507","chr9","45530059","45530236","36","6687276"
"JH378108","52217530","52217652","chrX","69249237","69249359","14","17031707"
"JH378108","52239424","52239735","chr1","173583879","173584187","54","121344455"
"JH378108","52277161","52277469","chr6","24278157","24278451","33","27999004"
"JH378108","52293386","52293683","chr6","24292265","24292561","31","28001121"
"JH378108","52320206","52320497","chr6","24319217","24319502","27","28000989"
"JH378108","52374848","52375147","chr6","24398944","24399243","24","27975904"
"JH378108","52488659","52488896","chr1","181127676","181127911","38","128639017"
"JH378108","52501951","52502250","chr6","24651775","24652069","22","27850176"
"JH378108","52539571","52539694","chr2","121277378","121277503","6","68737807"
"JH378108","52568536","52568854","chr6","24723193","24723518","28","27845343"
"JH378108","52713820","52713945","chr22","37376727","37376852","17","15337093"
"JH378108","52713979","52714142","chr1","185367947","185368110","22","132653968"
"JH378108","52831769","52831819","chr6","24963508","24963552","8","27868261"
"JH378108","52856361","52856494","chr5","59815270","59815403","21","6958909"
"JH378108","52924474","52924768","chr6","25061147","25061449","32","27863327"
"JH378108","52929171","52929287","chr4","134680970","134681085","6","81751799"
"JH378108","52937647","52937771","chr6","25075643","25075764","8","27862004"
"JH378108","52972063","52972358","chr6","25115610","25115897","28","27856453"
"JH378108","52994156","52994278","chr2","29856372","29856491","22","23137784"
"JH378108","53000993","53001270","chr6","25142053","25142330","29","27858940"
"JH378108","53029649","53029778","chr1","41581737","41581864","9","11447912"
"JH378108","53066982","53067272","chr19","15892757","15893062","55","37174225"
"JH378108","53118071","53118333","chr5","125057959","125058226","58","71939888"
"JH378108","53161052","53161368","chr5","157082303","157082618","21","103921251"
"JH378108","53195742","53195858","chr5","108703005","108703121","10","55507263"
"JH378108","53205860","53206109","chr22","36878544","36878797","32","16327316"
"JH378108","53212606","53212791","chr6","25363711","25363879","34","27848895"
"JH378108","53245573","53245849","chr16","49085374","49085652","62","4160199"
"JH378108","53304508","53304814","chr6","25457688","25457971","42","27846820"
"JH378108","53311125","53311441","chr6","25464005","25464316","34","27847120"
"JH378108","53320645","53320969","chr7","27345420","27345752","23","25975225"
"JH378108","53372303","53372606","chr6","25534285","25534585","28","27838018"
"JH378108","53378109","53378397","chr6","25539730","25540029","40","27838379"
"JH378108","53390165","53390219","chr2","9630524","9630574","9","43759641"
"JH378108","53405114","53405405","chr6","25565252","25565551","37","27839862"
"JH378108","53433905","53434214","chr6","25596915","25597229","26","27836990"
"JH378108","53482077","53482378","chr6","25645539","25645841","24","27836538"
"JH378108","53513317","53513605","chr6","25678244","25678558","48","27835073"
"JH378108","53646818","53647117","chr2","68131487","68131786","46","14484669"
"JH378108","53648897","53649204","chr6","25824284","25824571","39","27824613"
"JH378108","53688029","53688333","chr6","25864132","25864431","26","27823897"
"JH378108","53703828","53704114","chr8","26379818","26380103","45","27324010"
"JH378108","53711798","53711927","chr18","3833158","3833286","7","49878640"
"JH378108","53723287","53723579","chr6","25899579","25899873","29","27823708"
"JH378108","53734191","53734543","chr6","25913669","25913982","58","27820522"
"JH378108","53755020","53755307","chr6","25931198","25931487","27","27823822"
"JH378108","53760034","53760295","chr1","165205519","165205778","56","111445485"
"JH378108","53762525","53762826","chr7","97458494","97458788","47","43695969"
"JH378108","53765829","53766115","chr13","50491060","50491344","43","3274769"
"JH378108","53784749","53785036","chr6","25957906","25958201","24","27826843"
"JH378108","53785717","53785995","chr22","34966338","34966614","53","18819379"
"JH378108","53788183","53788452","chr7","149328964","149329222","60","95540781"
"JH378108","53800104","53800404","chr6","25972549","25972849","20","27827555"
"JH378108","53803254","53803543","chr6","25976673","25976965","24","27826581"
"JH378108","53805452","53805754","chr6","25978346","25978634","40","27827106"
"JH378108","53815940","53816233","chr6","25989356","25989649","22","27826584"
"JH378108","53835848","53835910","chr2","9401346","9401408","12","44434502"
"JH378108","53835912","53836031","chr6","26008735","26008830","28","27827177"
"JH378108","53851339","53851617","chr6","26022015","26022299","35","27829324"
"JH378108","53857591","53857713","chr5","8648310","8648434","9","45209281"
"JH378108","53860296","53860593","chr6","26029627","26029917","37","27830669"
"JH378108","53861012","53861315","chr6","26030334","26030650","32","27830678"
"JH378108","53870982","53871173","chr9","115970103","115970293","29","62099121"
"JH378108","53889405","53889713","chr12","20539936","20540241","45","33349469"
"JH378108","53892486","53892633","chr6","26061499","26061650","24","27830987"
"JH378108","53907589","53907875","chr6","26081548","26081823","33","27826041"
"JH378108","53961819","53962119","chr6","26135992","26136297","35","27825827"
"JH378108","53973686","53973962","chr6","26150547","26150824","30","27823139"
"JH378108","54079453","54079588","chr12","48830599","48830733","12","5248854"
"JH378108","54079895","54080088","chrX","2966329","2966514","32","51113566"
"JH378108","54164091","54164251","chr9","44809607","44809762","21","9354484"
"JH378108","54164299","54164378","chr2","147919652","147919733","16","93755353"
"JH378108","54169045","54169111","chr1","103003526","103003600","10","48834481"
"JH378108","54231344","54231654","chr17","42149125","42149432","45","12082219"
"JH378108","54238108","54238413","chr6","26457251","26457543","30","27780857"
"JH378108","54297253","54297551","chr6","26534687","26534986","26","27762566"
"JH378108","54327719","54327813","chr1","197148470","197148565","17","142820751"
"JH378108","54358186","54358498","chrX","23066483","23066786","55","31291703"
"JH378108","54409404","54409656","chr5","47663383","47663635","45","6746021"
"JH378108","54420890","54421195","chrX","18461330","18461636","41","35959560"
"JH378108","54453495","54453626","chr7","134645914","134646045","25","80192419"
"JH378108","54472236","54472518","chr7","145032032","145032314","48","90559796"
"JH378108","54515792","54516056","chr6","26895268","26895523","35","27620524"
"JH378108","54545361","54545520","chr11","118510033","118510182","38","63964672"
"JH378108","54545552","54545646","chr22","37812462","37812553","22","16733090"
"JH378108","54584193","54584497","chr6","26960721","26961023","27","27623472"
"JH378108","54664421","54664718","chr16","70338783","70339072","55","15674362"
"JH378108","54685257","54685554","chr10","18683033","18683329","19","36002224"
"JH378108","54726886","54727191","chr10","18636187","18636488","26","36090699"
"JH378108","54742587","54742887","chr10","18610339","18610638","21","36132248"
"JH378108","54744132","54744398","chr10","18609076","18609365","43","36135056"
"JH378108","54746330","54746505","chr8","81717975","81718150","31","26971645"
"JH378108","54774179","54774469","chr10","18581336","18581639","36","36192843"
"JH378108","54807290","54807341","chr10","18549384","18549428","11","36257906"
"JH378108","54807661","54807832","chr10","18548896","18549071","18","36258765"
"JH378108","54842892","54843165","chr10","18515707","18515993","46","36327185"
"JH378108","54848551","54848831","chrX","135576076","135576357","47","80727525"
"JH378108","54855759","54856044","chr7","43837732","43838021","49","11018027"
"JH378109","47185918","47186088","chr6","82409437","82409606","13","35223519"
"JH378109","29097887","29098200","chr7","87007315","87007626","47","57909428"
"JH378109","32243649","32243932","chr4","88719082","88719363","39","56475433"
"JH378109","22520","22629","chr1","77293020","77293129","11","77270500"
"JH378109","30961","31042","chr5","79301235","79301318","12","79270274"
"JH378109","63499","63762","chr15","18200731","18201001","34","18137232"
"JH378109","75282","75349","chr13","97774421","97774492","15","97699139"
"JH378109","75638","75766","chr6","146474480","146474605","22","146398842"
"JH378109","76492","76788","chr2","67453161","67453452","40","67376669"
"JH378109","83811","84104","chr20","44410990","44411288","34","44327179"
"JH378109","89441","89691","chr7","83095659","83095902","40","83006218"
"JH378109","97706","98014","chr20","44396898","44397194","25","44299192"
"JH378109","119824","120019","chr14","79679134","79679328","32","79559310"
"JH378109","122098","122174","chr2","7842475","7842556","16","7720377"
"JH378109","131668","131981","chr12","20539936","20540241","47","20408268"
"JH378109","135470","135766","chr2","166993715","166994012","44","166858245"
"JH378109","188996","189172","chr5","8690711","8690889","31","8501715"
"JH378109","189491","189626","chrY","2822113","2822245","6","2632622"
"JH378109","195936","196048","chr2","82336957","82337063","12","82141021"
"JH378109","204280","204588","chr22","18195509","18195809","54","17991229"
"JH378109","295013","295330","chr1","199232878","199233180","50","198937865"
"JH378109","298890","299020","chr1","84772989","84773121","7","84474099"
"JH378109","301098","301232","chr12","50856832","50856963","10","50555734"
"JH378109","308425","308475","chr4","106609576","106609623","12","106301151"
"JH378109","318365","318642","chr5","97183926","97184205","42","96865561"
"JH378109","348466","348577","chr5","38664714","38664825","15","38316248"
"JH378109","380725","380743","chr3","5385077","5385095","3","5004352"
"JH378109","380803","381006","chr9","53032977","53033182","46","52652174"
"JH378109","450196","450484","chr7","113890644","113890931","40","113440448"
"JH378109","537399","537554","chr5","92078012","92078161","27","91540613"
"JH378109","692705","693023","chrX","141753232","141753543","31","141060527"
"JH378109","1003666","1003773","chr4","28816983","28817089","20","27813317"
"JH378109","1008434","1008722","chr6","33074192","33074499","37","32065758"
"JH378109","1012250","1012427","chr6","33078103","33078282","16","32065853"
"JH378109","1081817","1082109","chr2","168794263","168794544","55","167712446"
"JH378109","1247991","1248290","chr6","33328682","33328977","23","32080691"
"JH378109","1255432","1255749","chr6","33336539","33336849","37","32081107"
"JH378109","1263184","1263332","chr1","91208425","91208572","22","89945241"
"JH378109","1363312","1363538","chr10","3039214","3039435","44","1675902"
"JH378109","1366816","1367107","chr6","33446949","33447241","32","32080133"
"JH378109","1391352","1391649","chr9","58225844","58226146","51","56834492"
"JH378109","1434522","1434806","chr5","61277206","61277483","55","59842684"
"JH378109","1575196","1575502","chr6","33660221","33660527","23","32085025"
"JH378109","1821144","1821372","chr22","209266","209492","36","1611878"
"JH378109","1822964","1823240","chr6","33938247","33938519","32","32115283"
"JH378109","1926721","1927018","chr9","40222002","40222305","58","38295281"
"JH378109","1993746","1993889","chr6","34129766","34129901","24","32136020"
"JH378109","2051880","2052184","chr6","34412270","34412560","40","32360390"
"JH378109","2096676","2096990","chr6","34364731","34365043","29","32268055"
"JH378109","2109084","2109392","chr6","34352295","34352600","39","32243211"
"JH378109","2189185","2189429","chr15","20638241","20638482","43","18449056"
"JH378109","2211052","2211063","chr2","99906488","99906498","1","97695436"
"JH378109","2211108","2211382","chr6","34230414","34230713","41","32019306"
"JH378109","2313022","2313303","chr6","34516320","34516605","26","32203298"
"JH378109","2368816","2368901","chr22","32422451","32422534","15","30053635"
"JH378109","2377970","2378254","chr6","34592803","34593085","29","32214833"
"JH378109","2516814","2517121","chr6","34751863","34752156","53","32235049"
"JH378109","2527069","2527374","chr7","74466621","74466926","56","71939552"
"JH378109","2656565","2656671","chr7","54975822","54975929","8","52319257"
"JH378109","2835920","2836084","chr8","59510038","59510202","29","56674118"
"JH378109","2859401","2859693","chr6","35139678","35139973","21","32280277"
"JH378109","2880436","2880674","chr6","35161858","35162084","28","32281422"
"JH378109","2915871","2915990","chr6","35214900","35215023","10","32299029"
"JH378109","3001962","3002274","chr17","43209294","43209603","47","40207332"
"JH378109","3021547","3021660","chr6","35321376","35321492","15","32299829"
"JH378109","3045722","3045951","chr18","32927203","32927430","46","29881481"
"JH378109","3068547","3068780","chr6","35369372","35369599","16","32300825"
"JH378109","3087607","3087734","chrX","435967","436093","15","2651640"
"JH378109","3105031","3105320","chr6","35404367","35404667","29","32299336"
"JH378109","3116562","3116669","chr14","4688098","4688208","15","1571536"
"JH378109","3125284","3125597","chr12","109922234","109922542","54","106796950"
"JH378109","3141429","3141602","chr6","35440149","35440314","15","32298720"
"JH378109","3152123","3152175","chr5","124261644","124261693","9","121109521"
"JH378109","3158183","3158284","chr6","35454876","35454979","6","32296693"
"JH378109","3158858","3158978","chr2","46993037","46993159","12","43834179"
"JH378109","3160842","3161150","chr6","35457541","35457839","38","32296699"
"JH378109","3182966","3183270","chr6","35479995","35480300","47","32297029"
"JH378109","3197462","3197758","chr7","31670800","31671092","49","28473338"
"JH378109","3199791","3200078","chr6","35496031","35496306","33","32296240"
"JH378109","3209591","3209875","chr6","35506493","35506782","26","32296902"
"JH378109","3226957","3227259","chr6","35523470","35523778","31","32296513"
"JH378109","3238708","3238911","chr6","35534582","35534782","19","32295874"
"JH378109","3286886","3287168","chr6","35584506","35584795","24","32297620"
"JH378109","3337694","3337997","chr6","35643759","35644046","38","32306065"
"JH378109","3347131","3347254","chr2","61616101","61616227","9","58268970"
"JH378109","3414059","3414355","chr6","35729528","35729824","21","32315469"
"JH378109","3445529","3445786","chr10","126954526","126954776","37","123508997"
"JH378109","3473321","3473556","chr2","67815762","67815994","33","64342441"
"JH378109","3499474","3499686","chr6","35816730","35816946","15","32317256"
"JH378109","3512611","3512930","chr6","35847681","35847995","33","32335070"
"JH378109","3543760","3544063","chr6","35880464","35880767","9","32336704"
"JH378109","3587137","3587276","chr5","134424085","134424225","23","130836948"
"JH378109","3588887","3589197","chr17","42149125","42149432","47","38560238"
"JH378109","3622831","3623074","chr12","46233769","46234020","45","42610938"
"JH378109","3626434","3626714","chr3","4978064","4978336","50","1351630"
"JH378109","3645068","3645345","chr9","113834703","113834987","65","110189635"
"JH378109","3825368","3825492","chr6","36183319","36183440","9","32357951"
"JH378109","3841599","3841888","chr4","39717501","39717796","50","35875902"
"JH378109","3910149","3910356","chr6","36289982","36290175","19","32379833"
"JH378109","3921115","3921367","chr6","36300601","36300881","57","32379486"
"JH378109","3988578","3988863","chr8","105846583","105846869","39","101858005"
"JH378109","4015727","4016030","chr6","36403147","36403449","34","32387420"
"JH378109","4065478","4065784","chr21","47789320","47789621","42","43723842"
"JH378109","4071187","4071452","chr6","36458058","36458326","31","32386871"
"JH378109","4095486","4095795","chr6","36483207","36483500","43","32387721"
"JH378109","4103827","4104136","chr6","36491650","36491922","57","32387823"
"JH378109","4127195","4127492","chr6","36512211","36512507","29","32385016"
"JH378109","4191521","4191832","chr15","33754008","33754318","47","29562487"
"JH378109","4219023","4219302","chr3","184015529","184015806","38","179796506"
"JH378109","4436891","4437185","chr6","36828190","36828485","23","32391299"
"JH378109","4441322","4441454","chr5","110877043","110877174","13","106435721"
"JH378109","4531502","4531810","chr11","18300769","18301078","53","13769267"
"JH378109","4541342","4541625","chr6","36933466","36933746","24","32392124"
"JH378109","4561728","4562006","chr6","36950167","36950442","19","32388439"
"JH378109","4581496","4581799","chr6","36971400","36971698","22","32389904"
"JH378109","4760382","4760566","chr15","1150636","1150808","38","3609746"
"JH378109","4760596","4760716","chr2","62631298","62631417","23","57870702"
"JH378109","4777013","4777296","chr7","25957236","25957530","49","21180223"
"JH378109","4859454","4859729","chr6","37218435","37218710","29","32358981"
"JH378109","4927796","4927891","chr9","35745097","35745187","13","30817301"
"JH378109","4953228","4953486","chr5","128887985","128888244","42","123934757"
"JH378109","5052754","5053001","chr6","37412763","37413040","50","32360009"
"JH378109","5070254","5070379","chr11","117371392","117371516","19","112301138"
"JH378109","5070408","5070558","chr11","118510033","118510182","26","113439625"
"JH378109","5070585","5070605","chr1","81428226","81428243","4","76357641"
"JH378109","5151435","5151571","chr6","37512465","37512600","11","32361030"
"JH378109","5151873","5152050","chr6","37512903","37513074","14","32361030"
"JH378109","5270961","5271052","chr4","44136255","44136348","18","38865294"
"JH378109","5326062","5326354","chr6","37686862","37687148","28","32360800"
"JH378109","5480353","5480660","chr6","37827218","37827508","29","32346865"
"JH378109","5551686","5551969","chr2","8755590","8755877","64","3203904"
"JH378109","5556868","5556926","chr5","44703266","44703323","16","39146398"
"JH378109","5560587","5560664","chr1","165215199","165215279","18","159654612"
"JH378109","5560665","5560725","chr5","67073538","67073593","12","61512873"
"JH378109","5630562","5630825","chr6","37992305","37992572","22","32361743"
"JH378109","5698707","5699015","chr18","35011602","35011894","65","29312895"
"JH378109","5817307","5817589","chr2","116609127","116609419","65","110791820"
"JH378109","5875617","5875920","chr6","38259219","38259530","32","32383602"
"JH378109","6010600","6010813","chr5","4703922","4704116","53","1306678"
"JH378109","6010838","6010955","chr1","146581964","146582086","19","140571126"
"JH378109","6085336","6085417","chr12","23258708","23258780","22","17173372"
"JH378109","6099257","6099410","chr2","171378051","171378195","28","165278794"
"JH378109","6099717","6099862","chr12","88643929","88644072","35","82544212"
"JH378109","6230966","6231267","chr6","38455661","38455960","21","32224695"
"JH378109","6296379","6296688","chr6","38558069","38558377","25","32261690"
"JH378109","6312595","6312656","chr2","9401346","9401408","12","3088751"
"JH378109","6313178","6313431","chr17","4337654","4337885","58","1975524"
"JH378109","6343160","6343451","chr6","38603658","38603937","36","32260498"
"JH378109","6343869","6344151","chr6","38604349","38604637","15","32260480"
"JH378109","6380860","6381097","chr6","153986124","153986351","53","147605264"
"JH378109","6413210","6413519","chr10","508996","509295","29","5904214"
"JH378109","6548409","6548698","chr6","38805817","38806112","20","32257408"
"JH378109","6581119","6581277","chr8","93976963","93977100","34","87395844"
"JH378109","6661052","6661352","chrX","16675222","16675519","50","10014170"
"JH378109","6714560","6714853","chr6","38973925","38974229","41","32259365"
"JH378109","6723210","6723380","chr1","59956762","59956933","41","53233552"
"JH378109","6723704","6723838","chr22","1859082","1859215","32","4864622"
"JH378109","6747287","6747591","chr6","39006208","39006519","36","32258921"
"JH378109","6776841","6777137","chr6","39033758","39034059","34","32256917"
"JH378109","6799388","6799543","chr6","39058961","39059111","15","32259573"
"JH378109","6858412","6858717","chr6","39118126","39118428","32","32259714"
"JH378109","6897516","6897796","chr2","43642322","43642606","48","36744806"
"JH378109","6913847","6913975","chr3","44352826","44352954","18","37438979"
"JH378109","6940274","6940575","chr7","43607972","43608270","54","36667698"
"JH378109","7022864","7023143","chr6","39277859","39278139","30","32254995"
"JH378109","7037168","7037461","chr6","39287477","39287765","22","32250309"
"JH378109","7059740","7060037","chr6","39309633","39309932","27","32249893"
"JH378109","7232304","7232407","chr13","10953971","10954065","17","3721667"
"JH378109","7234278","7234413","chr18","14878324","14878460","18","7644046"
"JH378109","7267290","7267512","chr6","39505772","39505993","12","32238482"
"JH378109","7494519","7494811","chr6","39734020","39734317","27","32239501"
"JH378109","7572111","7572395","chr6","39813503","39813785","26","32241392"
"JH378109","7573630","7573925","chr6","39815036","39815321","33","32241406"
"JH378109","7595363","7595634","chr6","39838621","39838901","31","32243258"
"JH378109","7603437","7603729","chr4","43623218","43623516","50","36019781"
"JH378109","7605265","7605451","chr2","10657098","10657276","32","3051833"
"JH378109","7605692","7605827","chr6","39849536","39849671","3","32243844"
"JH378109","7606273","7606575","chr6","39850128","39850423","48","32243855"
"JH378109","7621955","7622248","chr6","39864181","39864454","35","32242226"
"JH378109","7623679","7623849","chr22","34531973","34532143","28","26908294"
"JH378109","7624150","7624304","chr3","140813847","140813982","39","133189697"
"JH378109","7628890","7629163","chrX","45891853","45892123","56","38262963"
"JH378109","7632126","7632439","chr6","39871275","39871573","42","32239149"
"JH378109","7641069","7641346","chr6","39877002","39877311","46","32235933"
"JH378109","7651488","7651797","chr6","39887067","39887379","25","32235579"
"JH378109","7669033","7669350","chr10","103070290","103070612","45","95401257"
"JH378109","7685087","7685263","chr2","168246362","168246553","44","160561275"
"JH378109","7686288","7686423","chr1","99979757","99979891","21","92293469"
"JH378109","7780494","7780794","chr6","40018705","40019004","20","32238211"
"JH378109","7784327","7784343","chr12","81314762","81314777","3","73530435"
"JH378109","7784367","7784666","chr21","22106017","22106295","65","14321650"
"JH378109","7792961","7793233","chr8","97289710","97289988","53","89496749"
"JH378109","7822875","7823175","chr14","46554744","46555053","49","38731869"
"JH378109","7880828","7880862","chr9","44692288","44692323","8","36811460"
"JH378109","7893495","7893793","chr6","40134598","40134892","19","32241103"
"JH378109","7936918","7937203","chr3","39824925","39825216","48","31888007"
"JH378109","8000685","8000782","chr6","40584584","40584681","5","32583899"
"JH378109","8048022","8048295","chr6","40624135","40624403","26","32576113"
"JH378109","8051786","8052048","chr6","40627869","40628133","47","32576083"
"JH378109","8059502","8059626","chr2","171471789","171471913","12","163412287"
"JH378109","8116752","8117055","chr6","40702486","40702788","41","32585734"
"JH378109","8121218","8121466","chr6","40706533","40706781","26","32585315"
"JH378109","8242503","8242709","chrX","106472296","106472502","29","98229793"
"JH378109","8263123","8263436","chr6","40865670","40865976","25","32602547"
"JH378109","8263571","8263879","chr19","39764083","39764381","53","31500512"
"JH378109","8274522","8274639","chr12","26010847","26010968","23","17736325"
"JH378109","8387027","8387311","chr5","134293656","134293942","41","125906629"
"JH378109","8394714","8395022","chr6","40262404","40262712","19","31867690"
"JH378109","8397752","8398070","chr6","40265476","40265792","22","31867724"
"JH378109","8441380","8441648","chr6","40313982","40314243","27","31872602"
"JH378109","8477498","8477617","chr4","134680970","134681085","16","126203472"
"JH378109","8518004","8518292","chr6","40387992","40388276","27","31869988"
"JH378109","8545116","8545332","chr2","14649848","14650058","32","6104732"
"JH378109","8550462","8550779","chr6","40422817","40423138","29","31872355"
"JH378109","8600069","8600375","chr6","40473266","40473574","29","31873197"
"JH378109","8641127","8641446","chr7","7595019","7595328","72","1046108"
"JH378109","8645849","8646160","chr6","41002200","41002494","36","32356351"
"JH378109","8674006","8674180","chr14","97165393","97165567","21","88491387"
"JH378109","8674210","8674338","chr5","59673929","59674055","18","50999719"
"JH378109","8697857","8698168","chr6","41050694","41051009","24","32352837"
"JH378109","8723018","8723196","chr11","48563387","48563559","24","39840369"
"JH378109","8747763","8748054","chr2","12673635","12673926","49","3925872"
"JH378109","8751203","8751385","chr13","54151213","54151396","30","45400010"
"JH378109","8757026","8757313","chr15","20255751","20256039","37","11498725"
"JH378109","8761211","8761343","chr3","72164513","72164644","12","63403302"
"JH378109","8763056","8763170","chr4","139154139","139154253","23","130391083"
"JH378109","8776454","8776749","chr6","41111636","41111929","19","32335182"
"JH378109","8788543","8788671","chr12","87129622","87129751","12","78341079"
"JH378109","8814072","8814367","chr6","41147586","41147881","14","32333514"
"JH378109","8821397","8821712","chr6","41155075","41155386","27","32333678"
"JH378109","8830619","8830925","chr3","1498026","1498329","23","7332593"
"JH378109","8865068","8865152","chr5","57942769","57942846","22","49077701"
"JH378109","8872890","8873180","chr5","72375633","72375923","40","63502743"
"JH378109","8879470","8879752","chr6","41215236","41215519","23","32335766"
"JH378109","9040321","9040420","chr6","41382836","41382938","12","32342515"
"JH378109","9098869","9099160","chr6","41457452","41457731","30","32358583"
"JH378109","9123044","9123352","chr6","41492716","41493017","27","32369672"
"JH378109","9218530","9218832","chr6","41588452","41588745","28","32369922"
"JH378109","9228683","9228981","chr6","41598589","41598888","17","32369906"
"JH378109","9352643","9352802","chr3","75230360","75230525","25","65877717"
"JH378109","9352847","9352970","chr6","41722309","41722425","18","32369462"
"JH378109","9380419","9380730","chr6","41750333","41750625","28","32369914"
"JH378109","9476983","9477277","chr6","41851029","41851317","35","32374046"
"JH378109","9638440","9638526","chr5","144921748","144921832","14","135283308"
"JH378109","9643245","9643341","chr9","35745097","35745187","15","26101852"
"JH378109","9645195","9645490","chr6","42041338","42041633","9","32396143"
"JH378109","9661500","9661784","chr6","42059271","42059553","33","32397771"
"JH378109","9685964","9686223","chr6","42081378","42081661","45","32395414"
"JH378109","9693896","9694195","chrUn_GL286610","6609","6901","40","9687287"
"JH378109","9707129","9707248","chr7","97075878","97075997","10","87368749"
"JH378109","9709774","9710068","chr6","42107290","42107587","24","32397516"
"JH378109","9715203","9715529","chr6","42118095","42118405","28","32402892"
"JH378109","9716018","9716310","chr6","42118892","42119183","20","32402874"
"JH378109","9719180","9719478","chr4","42465320","42465617","48","32746140"
"JH378109","9740715","9741021","chr6","42144132","42144421","30","32403417"
"JH378109","9746634","9746913","chr5","23980430","23980707","48","14233796"
"JH378109","9885387","9885685","chr6","42302786","42303094","32","32417399"
"JH378109","9891308","9891605","chr17","26482397","26482693","36","16591089"
"JH378109","9912289","9912596","chr6","42332150","42332459","24","32419861"
"JH378109","9917345","9917522","chr6","42338425","42338584","28","32421080"
"JH378109","9917822","9917940","chr4","54404826","54404948","25","44487004"
"JH378109","9944458","9944724","chr6","42367818","42368073","32","32423360"
"JH378109","9945802","9946064","chr9","25183143","25183407","50","15237341"
"JH378109","9953790","9954083","chr6","42376900","42377189","17","32423110"
"JH378109","9963285","9963567","chr6","42386537","42386805","26","32423252"
"JH378109","9976036","9976321","chr2","43642322","43642606","56","33666286"
"JH378109","9999872","10000000","chr5","106226194","106226322","19","96226322"
"JH378109","10099160","10099279","chr6","42537056","42537184","17","32437896"
"JH378109","10308635","10308943","chr6","42772698","42772992","32","32464063"
"JH378109","10357170","10357462","chr2","145437197","145437492","35","135080027"
"JH378109","10432134","10432443","chr6","42917970","42918275","29","32485836"
"JH378109","10506346","10506404","chr2","151488430","151488485","12","140982084"
"JH378109","10506708","10506851","chr15","76891946","76892091","30","66385238"
"JH378109","10534137","10534415","chr4","31148656","31148934","43","20614519"
"JH378109","10572751","10573061","chr2","128127505","128127821","56","117554754"
"JH378109","10681922","10682145","chr6","43189790","43190013","8","32507868"
"JH378109","10689151","10689264","chr1","155730854","155730967","6","145041703"
"JH378109","10705475","10705787","chr6","43224404","43224687","49","32518929"
"JH378109","10760821","10761127","chr6","43276709","43277024","29","32515888"
"JH378109","10790343","10790629","chr3","112914299","112914584","42","102123956"
"JH378109","10794238","10794530","chr5","74109081","74109381","47","63314843"
"JH378109","10807650","10807898","chr2","17927585","17927826","44","7119935"
"JH378109","10813870","10814153","chr1","172190760","172191040","51","161376890"
"JH378109","10882671","10882769","chr10","17134689","17134790","7","6252018"
"JH378109","10912819","10913134","chr6","43417848","43418152","44","32505029"
"JH378109","10918180","10918482","chr6","43423841","43424121","45","32505661"
"JH378109","10933179","10933315","chr6","43438343","43438479","5","32505164"
"JH378109","10933603","10933777","chr6","43438774","43438940","13","32505171"
"JH378109","10934086","10934347","chr6","43439251","43439513","10","32505165"
"JH378109","10946834","10947115","chr6","43456641","43456923","28","32509807"
"JH378109","10955665","10955964","chr6","43466202","43466504","32","32510537"
"JH378109","10956478","10956518","chr8","14806987","14807028","9","3850509"
"JH378109","11034561","11034860","chr6","43554124","43554413","37","32519563"
"JH378109","11058672","11058977","chr6","43578188","43578492","28","32519516"
"JH378109","11132146","11132417","chr4","169865609","169865884","49","158733463"
"JH378109","11143703","11144001","chr22","6475349","6475647","33","4668354"
"JH378109","11157500","11157723","chr6","43680203","43680405","34","32522703"
"JH378109","11166476","11166779","chr6","43688908","43689198","24","32522432"
"JH378109","11201470","11201754","chr6","43729224","43729528","47","32527754"
"JH378109","11210840","11211105","chr6","43745488","43745778","44","32534648"
"JH378109","11212909","11213218","chr6","43747608","43747917","27","32534699"
"JH378109","11218009","11218282","chr6","43752774","43753049","15","32534765"
"JH378109","11273619","11273906","chrX","17119564","17119856","50","5845945"
"JH378109","11316354","11316671","chr12","102353597","102353903","55","91037243"
"JH378109","11326380","11326670","chr6","43863214","43863511","25","32536834"
"JH378109","11371404","11371675","chr6","43909591","43909867","18","32538187"
"JH378109","11387779","11388052","chr6","43926235","43926508","20","32538456"
"JH378109","11395523","11395829","chr6","43934237","43934535","31","32538714"
"JH378109","11401990","11402238","chr6","43941684","43941936","19","32539694"
"JH378109","11412453","11412529","chr1","103003526","103003600","16","91591073"
"JH378109","11417082","11417364","chr6","43956838","43957129","52","32539756"
"JH378109","11419430","11419602","chr6","43959711","43959855","35","32540281"
"JH378109","11419900","11420002","chr1","72175476","72175578","18","60755576"
"JH378109","11426766","11427024","chr6","43966910","43967174","20","32540144"
"JH378109","11456826","11456958","chr6","43996281","43996413","9","32539455"
"JH378109","11458894","11459018","chr6","32186566","32186690","17","20727672"
"JH378109","11459066","11459153","chr3","84839433","84839518","20","73380367"
"JH378109","11462255","11462421","chr6","44001770","44001936","6","32539515"
"JH378109","11472100","11472401","chr9","12920927","12921231","41","1448827"
"JH378109","11477113","11477405","chr6","44016222","44016508","27","32539109"
"JH378109","11511274","11511564","chr6","44059853","44060146","40","32548579"
"JH378109","11524716","11524998","chr14","21433680","21433963","42","9908964"
"JH378109","11561160","11561470","chr6","44107202","44107493","29","32546042"
"JH378109","11604116","11604409","chr6","44149552","44149861","40","32545436"
"JH378109","11619968","11620247","chr6","44177631","44177910","22","32557663"
"JH378109","11622732","11622896","chr2","14233043","14233202","28","2610311"
"JH378109","11623053","11623183","chr6","44180590","44180717","12","32557537"
"JH378109","11632669","11632927","chr5","138759281","138759542","60","127126612"
"JH378109","11635351","11635568","chr6","44190988","44191209","19","32555637"
"JH378109","11637644","11637917","chr6","44193293","44193574","33","32555649"
"JH378109","11647537","11647855","chr2","92634490","92634796","58","80986953"
"JH378109","11654588","11654868","chr6","44207155","44207449","28","32552567"
"JH378109","11705227","11705514","chr4","111959414","111959701","35","100254187"
"JH378109","11724998","11725274","chrX","129678397","129678668","68","117953399"
"JH378109","11750640","11750902","chr16","977991","978254","39","10772649"
"JH378109","11802379","11802689","chr6","44365001","44365300","31","32562622"
"JH378109","11865337","11865626","chr22","3045534","3045822","44","8819803"
"JH378109","11876723","11876968","chr6","21875655","21875896","39","9998932"
"JH378109","11897689","11897816","chr1","101837777","101837903","16","89940088"
"JH378109","11903816","11904136","chr2","34504274","34504583","51","22600458"
"JH378109","11922315","11922624","chr17","6803727","6804028","50","5118588"
"JH378109","11943692","11943843","chr6","44513908","44514058","20","32570216"
"JH378109","11944141","11944163","chr9","59866192","59866214","1","47922051"
"JH378109","11955143","11955261","chrUn_GL286426","527008","527128","15","11428135"
"JH378109","11955310","11955431","chr22","45892855","45892977","10","33937545"
"JH378109","11960253","11960540","chr2","36195087","36195361","48","24234834"
"JH378109","11963313","11963620","chr9","28950862","28951169","44","16987549"
"JH378109","11972915","11973066","chr20","10715587","10715736","26","1257328"
"JH378109","12013311","12013611","chr6","44579887","44580175","31","32566576"
"JH378109","12024310","12024624","chr6","44591104","44591395","33","32566794"
"JH378109","12046189","12046476","chr6","44615417","44615698","26","32569228"
"JH378109","12053862","12054140","chr6","44624228","44624508","35","32570366"
"JH378109","12092252","12092510","chr6","44672857","44673115","28","32580605"
"JH378109","12093963","12094254","chr2","171403005","171403303","41","159309042"
"JH378109","12136395","12136706","chr6","148758136","148758447","49","136621741"
"JH378109","12147843","12147992","chr22","8151717","8151871","21","3996126"
"JH378109","12254544","12254810","chr10","6235333","6235611","48","6019211"
"JH378109","12306070","12306364","chr6","44894737","44895009","43","32588667"
"JH378109","12347640","12347720","chr10","58540779","58540858","16","46193139"
"JH378109","12405135","12405274","chr6","44989357","44989492","13","32584222"
"JH378109","12501079","12501096","chr2","13992359","13992376","1","1491280"
"JH378109","12501221","12501504","chr1","98724189","98724474","18","86222968"
"JH378109","12512087","12512388","chr6","45100645","45100947","26","32588558"
"JH378109","12513167","12513478","chr6","45102102","45102415","21","32588935"
"JH378109","12522560","12522871","chr6","45111045","45111335","41","32588485"
"JH378109","12530914","12531206","chr6","45118644","45118946","30","32587730"
"JH378109","12548863","12549137","chr6","45136327","45136612","25","32587464"
"JH378109","12557037","12557307","chr5","127816944","127817217","44","115259907"
"JH378109","12567325","12567507","chr1","181422524","181422717","29","168855199"
"JH378109","12569607","12569887","chr6","45153782","45154072","24","32584175"
"JH378109","12571333","12571532","chrX","35654857","35655045","41","23083524"
"JH378109","12574452","12574554","chr22","8750507","8750609","17","3823945"
"JH378109","12582500","12582703","chr7","39059658","39059859","33","26477158"
"JH378109","12606149","12606233","chr3","170061843","170061926","10","157455694"
"JH378109","12611890","12612052","chr6","45196352","45196524","18","32584462"
"JH378109","12629109","12629394","chr6","45214563","45214857","44","32585454"
"JH378109","12631999","12632306","chr6","45219728","45220034","21","32587729"
"JH378109","12641163","12641445","chr6","45230000","45230298","45","32588837"
"JH378109","12650165","12650318","chr6","45238661","45238813","12","32588496"
"JH378109","12650621","12650757","chr6","45239118","45239253","6","32588497"
"JH378109","12663555","12663851","chr7","54157888","54158182","42","41494333"
"JH378109","12668952","12669242","chr6","45262485","45262790","30","32593533"
"JH378109","12732266","12732508","chr6","45337470","45337706","29","32605204"
"JH378109","12746017","12746321","chr6","45351784","45352079","32","32605767"
"JH378109","12765596","12765759","chr5","81166801","81166956","39","68401205"
"JH378109","12765809","12765961","chr1","118586068","118586222","32","105820259"
"JH378109","12770909","12771016","chr7","58212879","58212982","14","45441970"
"JH378109","12833157","12833425","chr16","96485917","96486155","40","83652760"
"JH378109","12868241","12868555","chr3","110736067","110736391","61","97867826"
"JH378109","12904101","12904396","chr6","45513948","45514235","28","32609847"
"JH378109","12907722","12908012","chr7","1718156","1718450","62","11189566"
"JH378109","13167250","13167528","chr6","45779779","45780057","17","32612529"
"JH378109","13184168","13184462","chr6","45798893","45799177","34","32614725"
"JH378109","13246172","13246453","chr2","168686891","168687174","44","155440719"
"JH378109","13260983","13261280","chr6","45876702","45877011","31","32615719"
"JH378109","13271691","13271854","chr6","45893735","45893896","12","32622044"
"JH378109","13272289","13272433","chr6","45894331","45894475","7","32622042"
"JH378109","13299626","13299906","chr6","45921363","45921643","23","32621737"
"JH378109","13318468","13318754","chr6","45938013","45938320","39","32619545"
"JH378109","13338886","13339172","chr6","45958252","45958534","28","32619366"
"JH378109","13370959","13371245","chr6","46006495","46006781","13","32635536"
"JH378109","13426998","13427144","chr12","53733228","53733373","32","40306230"
"JH378109","13443092","13443401","chr6","46093067","46093370","25","32649975"
"JH378109","13488165","13488267","chr1","86749229","86749333","32","73261064"
"JH378109","13505356","13505647","chr6","46157753","46158044","25","32652397"
"JH378109","13526105","13526379","chr6","46175110","46175384","17","32649005"
"JH378109","13527152","13527463","chr8","102872551","102872855","47","89345399"
"JH378109","13533677","13533794","chr6","46183263","46183382","6","32649586"
"JH378109","13533838","13534012","chr6","46183414","46183580","19","32649576"
"JH378109","13557622","13557841","chr6","46210411","46210630","11","32652789"
"JH378109","13569340","13569640","chr22","6475349","6475647","40","7093991"
"JH378109","13573205","13573446","chr6","46219263","46219526","44","32646058"
"JH378109","13581224","13581499","chr2","27804395","27804664","49","14223171"
"JH378109","13582276","13582570","chr6","46227702","46227987","28","32645426"
"JH378109","13597177","13597440","chr4","32618054","32618320","45","19020877"
"JH378109","13643847","13644127","chr10","5476497","5476776","44","8167350"
"JH378109","13644148","13644172","chr4","119958544","119958566","5","106314396"
"JH378109","13665496","13665788","chr6","46312592","46312882","25","32647096"
"JH378109","13677127","13677424","chr3","85002389","85002683","48","71325262"
"JH378109","13677972","13678113","chr6","46327480","46327618","18","32649508"
"JH378109","13678114","13678406","chr13","64185775","64186069","44","50507661"
"JH378109","13678407","13678562","chr6","46327907","46328060","13","32649500"
"JH378109","13678812","13679106","chr6","46328311","46328610","31","32649499"
"JH378109","13705618","13705723","chr5","96169732","96169837","14","82464114"
"JH378109","13707946","13708087","chr14","79788142","79788277","16","66080196"
"JH378109","13738793","13738927","chr3","190152975","190153101","22","176414182"
"JH378109","13750714","13750769","chr16","44704992","44705042","13","30954278"
"JH378109","13750771","13750922","chr7","49301505","49301655","22","35550734"
"JH378109","13757328","13757457","chr6","46419310","46419442","12","32661982"
"JH378109","13761132","13761219","chr17","7366189","7366276","12","6394943"
"JH378109","13761517","13761750","chr3","118683298","118683525","45","104921781"
"JH378109","13816802","13817113","chr6","46478198","46478502","40","32661396"
"JH378109","13828844","13829127","chr6","46489740","46490023","24","32660896"
"JH378109","13843787","13844095","chr6","46505025","46505315","53","32661238"
"JH378109","13877005","13877130","chr5","86776256","86776381","17","72899251"
"JH378109","13877427","13877599","chr6","46525875","46526047","10","32648448"
"JH378109","13898176","13898466","chr4","107899041","107899332","42","94000865"
"JH378109","13904271","13904551","chr6","46553304","46553591","19","32649033"
"JH378109","13906014","13906217","chr11","121000154","121000357","46","107094140"
"JH378109","13917821","13917962","chr6","46566515","46566651","14","32648694"
"JH378109","13917963","13918246","chr6","46566652","46566930","22","32648689"
"JH378109","13918247","13918430","chr6","46566931","46567112","23","32648684"
"JH378109","13925318","13925453","chr22","29183568","29183703","19","15258250"
"JH378109","13925745","13925896","chr2","1275160","1275312","36","12650585"
"JH378109","13926441","13926746","chr6","46575199","46575505","26","32648758"
"JH378109","13939853","13940134","chr6","46588877","46589150","18","32649024"
"JH378109","13948002","13948275","chr6","46598500","46598769","22","32650498"
"JH378109","13950343","13950530","chr7","10392903","10393092","30","3557440"
"JH378109","13959751","13960065","chr6","46613341","46613642","40","32653590"
"JH378109","13970265","13970344","chr3","76992780","76992860","9","63022515"
"JH378109","13980980","13981289","chr6","46636735","46637032","32","32655755"
"JH378109","13983045","13983355","chr16","32171795","32172106","42","18188750"
"JH378109","13986975","13987288","chr9","99457290","99457596","52","85470315"
"JH378109","14001324","14001623","chr7","145212090","145212391","43","131210766"
"JH378109","14012893","14013168","chr6","46666884","46667160","22","32653991"
"JH378109","14026091","14026175","chr3","173830116","173830200","18","159804025"
"JH378109","14029403","14029689","chr6","46682852","46683141","17","32653449"
"JH378109","14038421","14038702","chr13","7253515","7253796","42","6784906"
"JH378109","14051040","14051135","chr6","46697474","46697569","7","32646434"
"JH378109","14051441","14051668","chr6","46697863","46698069","32","32646422"
"JH378109","14052435","14052719","chr5","821553","821840","49","13230882"
"JH378109","14079724","14080007","chr6","46730926","46731211","23","32651202"
"JH378109","14099921","14100231","chr6","46750785","46751092","31","32650864"
"JH378109","14117969","14118265","chr6","46767547","46767838","34","32649578"
"JH378109","14138050","14138175","chr2","39183666","39183797","16","25045616"
"JH378109","14138204","14138384","chr8","116072172","116072347","36","101933968"
"JH378109","14155118","14155393","chr15","23714299","23714575","40","9559181"
"JH378109","14160239","14160525","chr6","46809965","46810262","30","32649726"
"JH378109","14182379","14182600","chr6","46832626","46832832","25","32650247"
"JH378109","14241691","14241964","chr6","46892819","46893092","14","32651128"
"JH378109","14242146","14242281","chr5","134531890","134532024","14","120289744"
"JH378109","14242703","14243001","chr6","46893811","46894109","21","32651108"
"JH378109","14264184","14264514","chr6","46911463","46911788","22","32647279"
"JH378109","14272209","14272273","chr6","46919176","46919234","11","32646967"
"JH378109","14272568","14272721","chr21","20247203","20247352","26","5974635"
"JH378109","14289659","14289960","chr6","46939042","46939335","35","32649383"
"JH378109","14306141","14306454","chr6","46955517","46955828","18","32649376"
"JH378109","14367761","14368052","chr6","47022627","47022964","60","32654866"
"JH378109","14371239","14371531","chr5","32889563","32889863","46","18518324"
"JH378109","14376900","14377193","chr1","200822506","200822810","60","186445606"
"JH378109","14406288","14406575","chr6","47063208","47063495","18","32656920"
"JH378109","14407216","14407347","chr11","90524134","90524263","10","76116918"
"JH378109","14412377","14412494","chr6","49063114","49063231","5","34650737"
"JH378109","14421532","14421794","chr13","61026732","61027004","49","46605200"
"JH378109","14442177","14442472","chr6","47103564","47103837","47","32661387"
"JH378109","14477360","14477664","chr18","38395721","38396021","48","23918361"
"JH378109","14516229","14516461","chr19","44284003","44284231","32","29767774"
"JH378109","14531441","14531557","chr1","175810177","175810293","7","161278736"
"JH378109","14536684","14536819","chr8","5234173","5234312","23","9302511"
"JH378109","14536843","14536924","chr6","47199458","47199539","10","32662615"
"JH378109","14537793","14538102","chr5","60659448","60659759","47","46121655"
"JH378109","14544541","14544825","chr6","47210378","47210673","23","32665837"
"JH378109","14550119","14550233","chrX","65183924","65184036","18","50633805"
"JH378109","14550334","14550394","chr6","14458591","14458651","12","91743"
"JH378109","14551416","14551441","chr2","11835547","11835574","3","2715869"
"JH378109","14553205","14553434","chr7","111160667","111160887","37","96607462"
"JH378109","14574291","14574490","chr10","17570888","17571087","29","2996597"
"JH378109","14577555","14577726","chr14","42797338","42797511","24","28219783"
"JH378109","14578904","14578990","chr5","127410521","127410603","17","112831617"
"JH378109","14578991","14579220","chr5","106438573","106438788","48","91859582"
"JH378109","14596093","14596372","chr6","47259591","47259883","33","32663498"
"JH378109","14619566","14619893","chr14","3131539","3131871","61","11488027"
"JH378109","14620042","14620321","chr6","47277908","47278187","18","32657866"
"JH378109","14637504","14637725","chr6","47300321","47300540","18","32662817"
"JH378109","14649105","14649333","chr11","84036599","84036824","54","69387494"
"JH378109","14649511","14649704","chr11","73840317","73840510","37","59190806"
"JH378109","14651104","14651234","chr8","121803324","121803455","17","107152220"
"JH378109","14663707","14664021","chr6","47335279","47335597","26","32671572"
"JH378109","14700236","14700372","chr6","47374331","47374466","8","32674095"
"JH378109","14708979","14709233","chr6","47382141","47382399","16","32673162"
"JH378109","14714780","14714910","chr13","111456137","111456268","9","96741357"
"JH378109","14715542","14715623","chr6","47387351","47387427","10","32671809"
"JH378109","14716616","14716747","chr6","47388421","47388553","7","32671805"
"JH378109","14719764","14719881","chr12","84811186","84811303","6","70091422"
"JH378109","14726449","14726492","chr10","27540620","27540666","9","12814171"
"JH378109","14726784","14726921","chr10","20606649","20606783","19","5879865"
"JH378109","14735179","14735189","chr12","26550757","26550767","1","11815578"
"JH378109","14735213","14735510","chr22","6475349","6475647","42","8259864"
"JH378109","14745320","14745599","chr6","47415005","47415299","31","32669685"
"JH378109","14759935","14760230","chr6","47429197","47429493","16","32669262"
"JH378109","14770229","14770530","chr6","47439345","47439621","46","32669116"
"JH378109","14772043","14772344","chr6","47441399","47441702","19","32669356"
"JH378109","14789158","14789451","chr6","47454551","47454838","22","32665393"
"JH378109","14874709","14874882","chr3","166488930","166489099","32","151614221"
"JH378109","14887626","14887922","chr6","47556616","47556912","18","32668990"
"JH378109","14898459","14898754","chr4","149850958","149851266","59","134952499"
"JH378109","14929244","14929531","chr6","47596758","47597045","25","32667514"
"JH378109","14936704","14936991","chr6","47603591","47603873","21","32666887"
"JH378109","14963728","14964031","chr6","47630604","47630891","35","32666876"
"JH378109","14964067","14964289","chr6","44522211","44522427","79","29558144"
"JH378109","15004327","15004616","chr6","47673804","47674091","25","32669477"
"JH378109","15009207","15009472","chr6","47678695","47678968","26","32669488"
"JH378109","15010061","15010376","chr6","47679547","47679854","21","32669486"
"JH378109","15052279","15052571","chr9","6862386","6862682","45","8189893"
"JH378109","15088534","15088827","chr6","47751536","47751829","31","32663002"
"JH378109","15089475","15089768","chr6","47752440","47752731","21","32662965"
"JH378109","15153615","15153829","chr6","47821897","47822110","18","32668282"
"JH378109","15154913","15155194","chr6","47823165","47823445","20","32668252"
"JH378109","15165491","15165661","chr6","47833759","47833923","23","32668268"
"JH378109","15191406","15191582","chr22","41704833","41705001","34","26513427"
"JH378109","15236723","15236919","chr6","47905290","47905490","16","32668567"
"JH378109","15250019","15250307","chr6","47918642","47918931","23","32668623"
"JH378109","15282340","15282639","chr6","47943089","47943410","43","32660749"
"JH378109","15297002","15297279","chr1","177547745","177548023","63","162250743"
"JH378109","15416628","15416921","chr6","48078358","48078644","27","32661730"
"JH378109","15418445","15418541","chr6","119457478","119457578","13","104039033"
"JH378109","15432367","15432662","chr6","48100685","48100983","20","32668318"
"JH378109","15439529","15439590","chr5","53042765","53042822","11","37603236"
"JH378109","15470432","15470714","chr6","48137408","48137688","18","32666976"
"JH378109","15498732","15499009","chr2","13596067","13596348","45","1902665"
"JH378109","15557161","15557465","chr3","182150138","182150437","48","166592977"
"JH378109","15590622","15590927","chr6","48254174","48254471","37","32663552"
"JH378109","15647691","15647997","chr7","37073916","37074218","49","21426225"
"JH378109","15678359","15678472","chr1","43724758","43724871","12","28046399"
"JH378109","15723749","15724038","chr6","48378199","48378482","19","32654450"
"JH378109","15726619","15726718","chr7","22000001","22000096","25","6273382"
"JH378109","15741255","15741563","chr1","193260513","193260822","46","177519258"
"JH378109","15750415","15750702","chr12","25486265","25486550","43","9735850"
"JH378109","15817184","15817466","chr15","20858357","20858635","49","5041173"
"JH378109","15817515","15817544","chr9","119543710","119543739","3","103726195"
"JH378109","15875243","15875519","chr2","155386504","155386780","21","139511261"
"JH378109","15879686","15879986","chr5","3450623","3450925","46","12429063"
"JH378109","15935072","15935293","chr14","65595161","65595383","39","49660089"
"JH378109","15955684","15955862","chr6","48623229","48623405","19","32667545"
"JH378109","15993613","15993739","chr10","59025687","59025814","9","43032074"
"JH378109","16007040","16007233","chr6","48674848","48675045","23","32667808"
"JH378109","16012360","16012642","chr6","48680078","48680352","29","32667718"
"JH378109","16015689","16015979","chr6","48682879","48683154","32","32667190"
"JH378109","16017781","16018084","chr6","48685128","48685438","17","32667347"
"JH378109","16030880","16031143","chr4","18268861","18269127","41","2237981"
"JH378109","16031144","16031191","chr4","3632820","3632869","9","12398324"
"JH378109","16032293","16032465","chr6","48699268","48699446","23","32666975"
"JH378109","16032777","16032909","chr7","79609359","79609492","14","63576582"
"JH378109","16042469","16042762","chr6","48709418","48709705","43","32666949"
"JH378109","16056386","16056555","chr1","81519763","81519931","33","65463377"
"JH378109","16070982","16071276","chr6","48750045","48750338","20","32679063"
"JH378109","16079356","16079634","chr8","687744","688032","51","15391612"
"JH378109","16089184","16089482","chr6","48768359","48768656","21","32679175"
"JH378109","16089906","16090203","chr6","48768984","48769275","30","32679078"
"JH378109","16091425","16091589","chr9","42544487","42544654","18","26453062"
"JH378109","16103045","16103328","chr19","23554844","23555108","71","7451799"
"JH378109","16110377","16110554","chr8","27654962","27655146","39","11544585"
"JH378109","16110865","16111002","chr7","79519774","79519908","18","63408909"
"JH378109","16117275","16117561","chr1","201446623","201446917","46","185329348"
"JH378109","16122340","16122417","chr6","48796896","48796971","5","32674556"
"JH378109","16123249","16123512","chr6","48797482","48797749","22","32674233"
"JH378109","16127489","16127793","chr6","48802030","48802330","21","32674541"
"JH378109","16129621","16129877","chr6","48803823","48804080","19","32674202"
"JH378109","16134109","16134361","chr6","48808319","48808560","25","32674210"
"JH378109","16138019","16138092","chr5","94649071","94649144","11","78511052"
"JH378109","16148886","16149019","chr6","48822356","48822484","13","32673470"
"JH378109","16173974","16174107","chrUn_GL286373","419862","419994","15","15754112"
"JH378109","16174398","16174468","chr13","97774421","97774492","12","81600023"
"JH378109","16234350","16234544","chr3","151228935","151229132","17","134994585"
"JH378109","16270663","16270948","chr6","48947370","48947654","23","32676707"
"JH378109","16278911","16279138","chr6","41978939","41979177","43","25700028"
"JH378109","16302208","16302367","chr6","48976156","48976305","22","32673948"
"JH378109","16302656","16302794","chr6","48976568","48976706","15","32673912"
"JH378109","16304886","16305160","chr6","48978454","48978750","48","32673568"
"JH378109","16311266","16311400","chr5","84227278","84227413","15","67916012"
"JH378109","16311688","16311829","chr7","88191849","88191991","24","71880161"
"JH378109","16313984","16314275","chr6","48986862","48987153","14","32672878"
"JH378109","16325366","16325485","chr2","59558901","59559020","8","43233535"
"JH378109","16329137","16329427","chr6","49001413","49001704","37","32672276"
"JH378109","16335160","16335290","chr14","14372536","14372666","16","1962624"
"JH378109","16340511","16340643","chr4","71635760","71635889","11","55295249"
"JH378109","16349471","16349609","chr6","49020900","49021033","12","32671429"
"JH378109","16349910","16350094","chr6","49021348","49021519","19","32671438"
"JH378109","16385437","16385729","chr6","49055485","49055783","24","32670048"
"JH378109","16387175","16387466","chr6","49057237","49057528","24","32670062"
"JH378109","16392086","16392213","chr12","48898833","48898959","6","32506747"
"JH378109","16422938","16423066","chr6","49089545","49089675","10","32666607"
"JH378109","16428104","16428232","chr1","64015511","64015638","5","47587407"
"JH378109","16442357","16442473","chr1","156806832","156806946","9","140364475"
"JH378109","16443457","16443587","chr6","49110834","49110961","9","32667377"
"JH378109","16474140","16474272","chr5","19280368","19280499","4","2806228"
"JH378109","16478575","16478672","chr18","10304347","10304441","21","6174228"
"JH378109","16503688","16503816","chr1","41581737","41581864","11","25078049"
"JH378109","16524299","16524415","chr4","18564696","18564812","9","2040397"
"JH378109","16527006","16527056","chr22","44157314","44157364","8","27630308"
"JH378109","16587178","16587490","chr15","27260330","27260633","52","10673152"
"JH378109","16622134","16622264","chr6","147142015","147142144","12","130519881"
"JH378109","16634320","16634419","chr9","102632094","102632193","7","85997774"
"JH378109","16701923","16702217","chr10","125540976","125541271","63","108839053"
"JH378109","16704073","16704206","chr6","49373061","49373195","11","32668988"
"JH378109","16732321","16732617","chr6","49399852","49400150","35","32667531"
"JH378109","16826943","16827247","chr11","107117015","107117324","53","90290072"
"JH378109","16828197","16828476","chr7","42233845","42234134","53","25405648"
"JH378109","16897095","16897215","chr3","115508324","115508445","8","98611229"
"JH378109","16991371","16991666","chr6","49711864","49712162","38","32720493"
"JH378109","17062612","17062902","chr6","49783109","49783413","35","32720497"
"JH378109","17139818","17140001","chr1","116196674","116196859","33","99056856"
"JH378109","17140208","17140457","chr12","11920576","11920831","50","5219632"
"JH378109","17184521","17184762","chr14","65285129","65285362","43","48100608"
"JH378109","17275824","17276121","chr15","71780391","71780692","54","54504567"
"JH378109","17302202","17302515","chr6","50039360","50039673","31","32737158"
"JH378109","17316658","17316933","chr6","50049343","50049643","41","32732685"
"JH378109","17331769","17332089","chr6","50064706","50065024","21","32732937"
"JH378109","17336935","17337236","chr6","50069513","50069798","40","32732578"
"JH378109","17348461","17348766","chr6","50080836","50081132","36","32732375"
"JH378109","17371943","17372167","chr6","50104553","50104772","34","32732610"
"JH378109","17375931","17376210","chr6","50108763","50109062","37","32732832"
"JH378109","17376243","17376281","chr5","96526175","96526208","7","79149932"
"JH378109","17406090","17406377","chr6","134469164","134469442","46","117063074"
"JH378109","17461812","17461939","chr5","147980805","147980924","30","130518993"
"JH378109","17557775","17558075","chr6","50319940","50320232","37","32762165"
"JH378109","17576497","17576769","chr16","33285460","33285748","48","15708963"
"JH378109","17596890","17597196","chr6","50357825","50358117","34","32760935"
"JH378109","17626282","17626574","chr6","50398724","50399019","18","32772442"
"JH378109","17649421","17649537","chr5","37702888","37703004","10","20053467"
"JH378109","17655523","17655665","chr15","57029135","57029271","20","39373612"
"JH378109","17655766","17655926","chr19","13442922","13443082","29","4212844"
"JH378109","17658356","17658469","chr6","50433307","50433420","8","32774951"
"JH378109","17698928","17699192","chrX","116216339","116216606","50","98517411"
"JH378109","17710723","17710903","chr1","101724489","101724672","29","84013766"
"JH378109","17711216","17711350","chr3","142409967","142410098","18","124698751"
"JH378109","17729357","17729648","chr6","50504557","50504847","19","32775200"
"JH378109","17739726","17740028","chr6","50514841","50515142","22","32775115"
"JH378109","18053608","18053891","chr6","50831788","50832077","23","32778180"
"JH378109","18062740","18063044","chr6","50840947","50841252","23","32778207"
"JH378109","18087066","18087359","chr6","50862415","50862706","17","32775349"
"JH378109","18102121","18102415","chr1","201007429","201007724","36","182905308"
"JH378109","18116065","18116338","chr6","70548578","70548865","54","52432513"
"JH378109","18181581","18181754","chr12","3379761","3379936","38","14801820"
"JH378109","18181775","18181899","chr16","85012980","85013105","15","66831205"
"JH378109","18190436","18190717","chr6","50961647","50961928","30","32771211"
"JH378109","18194996","18195308","chr6","50966514","50966823","30","32771518"
"JH378109","18203728","18204026","chr6","50973730","50974022","24","32770002"
"JH378109","18293611","18293905","chr6","51064691","51064989","23","32771080"
"JH378109","18367990","18368265","chr6","51134527","51134818","43","32766537"
"JH378109","18387627","18387784","chr10","118266594","118266742","37","99878967"
"JH378109","18387810","18387930","chr16","52525558","52525679","20","34137748"
"JH378109","18451000","18451286","chr3","39216961","39217244","51","20765961"
"JH378109","18469319","18469631","chr6","51218605","51218896","40","32749286"
"JH378109","18471023","18471331","chr6","51220361","51220669","16","32749338"
"JH378109","18505988","18506098","chr6","51260336","51260446","8","32754348"
"JH378109","18560334","18560639","chr3","20642128","20642432","50","2081794"
"JH378109","18567746","18568043","chr6","51326793","51327083","27","32759047"
"JH378109","18597925","18598232","chr6","51355586","51355894","19","32757661"
"JH378109","18603530","18603699","chr6","51361253","51361426","19","32757723"
"JH378109","18610628","18610916","chr6","51366962","51367249","23","32756334"
"JH378109","18721619","18721921","chr7","70677711","70678012","46","51956092"
"JH378109","18737269","18737563","chr6","51492666","51492981","44","32755397"
"JH378109","18757769","18758060","chr6","51513987","51514276","24","32756218"
"JH378109","18774961","18775263","chr6","51533936","51534234","17","32758975"
"JH378109","18896653","18896951","chr6","51662080","51662378","17","32765427"
"JH378109","18938957","18939033","chr6","51714888","51714960","11","32775931"
"JH378109","18939379","18939465","chr6","51715306","51715389","9","32775927"
"JH378109","18950281","18950455","chr16","69400251","69400426","26","50449970"
"JH378109","18950482","18950498","chr4","6960310","6960323","4","11990172"
"JH378109","19069635","19069928","chr6","51872832","51873127","36","32803197"
"JH378109","19088108","19088418","chr13","117065283","117065594","37","97977175"
"JH378109","19098779","19098956","chr6","51904049","51904226","10","32805270"
"JH378109","19274508","19274807","chr6","52113871","52114170","22","32839363"
"JH378109","19281658","19281774","chr9","73738927","73739041","6","54457269"
"JH378109","19312107","19312232","chr5","52412012","52412136","12","33099905"
"JH378109","19374227","19374527","chr6","52213811","52214122","44","32839584"
"JH378109","19492042","19492150","chr1","194840112","194840216","17","175348070"
"JH378109","19492285","19492557","chr6","52339229","52339500","21","32846944"
"JH378109","19525211","19525358","chr12","16534163","16534311","22","2991048"
"JH378109","19525389","19525525","chr1","118129733","118129861","22","98604344"
"JH378109","19536661","19536688","chr4","143950938","143950965","4","124414277"
"JH378109","19536722","19537002","chr7","89473485","89473763","51","69936763"
"JH378109","19588502","19588761","chr1","199962981","199963238","47","180374479"
"JH378109","19618110","19618230","chr4","6545333","6545453","23","13072777"
"JH378109","19618271","19618445","chr5","57950468","57950631","43","38332197"
"JH378109","19959862","19959999","chr4","18048609","18048751","26","1911253"
"JH378109","19960489","19960573","chr6","52842976","52843060","13","32882487"
"JH378109","20066058","20066340","chr6","52943834","52944121","25","32877776"
"JH378109","20069718","20070018","chr20","10976867","10977161","51","9092851"
"JH378109","20100757","20100871","chr5","141013606","141013718","30","120912849"
"JH378109","20100911","20100938","chr7","36289371","36289398","6","16188460"
"JH378109","20156289","20156567","chr6","53046669","53046959","36","32890380"
"JH378109","20167848","20168127","chr10","96419714","96419993","47","76251866"
"JH378109","20186420","20186747","chr6","53076474","53076769","45","32890054"
"JH378109","20211996","20212276","chr13","93587222","93587495","69","73375226"
"JH378109","20225857","20226145","chr6","53116280","53116568","20","32890423"
"JH378109","20249664","20249838","chr3","166500320","166500490","29","146250656"
"JH378109","20249866","20249989","chr14","79918726","79918849","21","59668860"
"JH378109","20265616","20265748","chr11","107254470","107254600","14","86988854"
"JH378109","20312780","20313077","chr6","53205338","53205628","33","32892558"
"JH378109","20324850","20324992","chr6","53217513","53217653","13","32892663"
"JH378109","20325310","20325485","chr2","68194826","68195000","30","47869516"
"JH378109","20465276","20465316","chr5","102370407","102370445","6","81905131"
"JH378109","20465374","20465641","chr5","131786061","131786335","47","111320687"
"JH378109","20499195","20499426","chr5","126834706","126834947","38","106335511"
"JH378109","20573407","20573731","chr6","53488207","53488497","57","32914800"
"JH378109","20593355","20593622","chr6","53508658","53508921","49","32915303"
"JH378109","20725294","20725590","chr8","117745477","117745776","59","97020183"
"JH378109","20780026","20780319","chr6","53710275","53710578","45","32930249"
"JH378109","20781766","20781875","chr6","53712006","53712115","8","32930240"
"JH378109","20804750","20804883","chr10","102836609","102836741","10","82031859"
"JH378109","20823840","20824132","chr6","53755169","53755461","17","32931329"
"JH378109","20832586","20832698","chr6","53773734","53773846","11","32941148"
"JH378109","20836435","20836747","chr6","53777553","53777868","27","32941118"
"JH378109","20945026","20945320","chr6","53885348","53885648","23","32940322"
"JH378109","21112116","21112420","chr6","54052268","54052579","24","32940152"
"JH378109","21117430","21117688","chr6","54057573","54057833","24","32940143"
"JH378109","21198439","21198756","chr6","54150231","54150544","45","32951792"
"JH378109","21232557","21232679","chr11","20394068","20394187","18","838489"
"JH378109","21232729","21232905","chr18","8145807","8145981","35","13086922"
"JH378109","21267550","21267864","chr3","39553848","39554169","65","18286298"
"JH378109","21396092","21396355","chr3","98936178","98936441","47","77540086"
"JH378109","21480682","21480949","chr6","54431609","54431876","16","32950927"
"JH378109","21541275","21541296","chr3","5385077","5385095","4","16156198"
"JH378109","21541702","21541920","chr5","83388265","83388483","45","61846563"
"JH378109","21571740","21571871","chr6","54530992","54531125","13","32959252"
"JH378109","21573521","21573808","chr6","54532766","54533053","14","32959245"
"JH378109","21689595","21689835","chr8","125290208","125290447","36","103600613"
"JH378109","21752386","21752695","chr6","54719503","54719807","28","32967117"
"JH378109","21755374","21755654","chr4","134641927","134642210","47","112886553"
"JH378109","21797945","21798101","chr6","54768183","54768345","22","32970238"
"JH378109","21798138","21798258","chr15","8747923","8748044","14","13050215"
"JH378109","21865732","21866037","chr6","54827112","54827406","35","32961380"
"JH378109","21878537","21878899","chr22","40501404","40501760","75","18622867"
"JH378109","21898535","21898566","chr3","3827813","3827840","6","18070722"
"JH378109","21898568","21898767","chr10","95914611","95914814","32","74016043"
"JH378109","21905359","21905479","chr6","143383398","143383519","17","121478039"
"JH378109","21905511","21905663","chr5","125648855","125649000","32","103743344"
"JH378109","21906288","21906393","chr6","138988712","138988813","21","117082424"
"JH378109","22101496","22101651","chr2","68950129","68950282","29","46848633"
"JH378109","22101677","22101793","chr5","141013606","141013718","16","118911929"
"JH378109","22179007","22179288","chr22","14116317","14116598","37","8062690"
"JH378109","22191918","22192215","chr6","55150940","55151236","18","32959022"
"JH378109","22194304","22194610","chr6","55153599","55153905","37","32959295"
"JH378109","22227495","22227619","chr17","5893467","5893591","10","16334028"
"JH378109","22254588","22254896","chr6","55215840","55216151","35","32961252"
"JH378109","22272056","22272359","chr6","55237933","55238237","32","32965877"
"JH378109","22312852","22313162","chr4","168941132","168941440","48","146628280"
"JH378109","22466378","22466659","chr6","55454073","55454355","22","32987695"
"JH378109","22793985","22794243","chr10","128483118","128483369","56","105689133"
"JH378109","22815659","22815983","chr12","5102239","5102554","66","17713420"
"JH378109","22992188","22992437","chr9","105110547","105110804","42","82118359"
"JH378109","23361262","23361387","chr14","19222235","19222358","31","4139027"
"JH378109","23392840","23393004","chr6","56489745","56489921","24","33096905"
"JH378109","23393294","23393600","chr6","56490207","56490484","50","33096913"
"JH378109","23408284","23408574","chr6","56503825","56504118","18","33095541"
"JH378109","23413502","23413862","chrUn_GL286236","2207","2539","81","23411295"
"JH378109","23570885","23571007","chr6","56665913","56666036","7","33095028"
"JH378109","23587112","23587236","chrX","46992027","46992150","9","23404915"
"JH378109","23621270","23621545","chr6","56715394","56715670","21","33094124"
"JH378109","23656937","23657058","chr15","8747923","8748044","18","14909014"
"JH378109","23692929","23693184","chr6","56794514","56794760","25","33101585"
"JH378109","23730706","23731004","chr5","8893116","8893420","53","14837590"
"JH378109","23758967","23759253","chr6","56864030","56864328","38","33105063"
"JH378109","23787663","23787874","chr6","56893877","56894098","29","33106214"
"JH378109","23827570","23827865","chr6","56935300","56935594","18","33107730"
"JH378109","23885494","23885516","chr2","36145647","36145666","5","12260153"
"JH378109","23885551","23885829","chr1","189260590","189260873","43","165375039"
"JH378109","23894496","23894619","chr1","96153990","96154117","21","72259494"
"JH378109","23955857","23956160","chr6","57061120","57061414","42","33105263"
"JH378109","24133528","24133813","chr6","57303283","57303568","24","33169755"
"JH378109","24144912","24145014","chr1","139543924","139544027","21","115399012"
"JH378109","24145035","24145178","chr2","62856192","62856337","28","38711157"
"JH378109","24214632","24214707","chr7","89846818","89846892","9","65632186"
"JH378109","24236049","24236260","chr6","143776511","143776727","43","119540462"
"JH378109","24319534","24319837","chr6","57564458","57564761","25","33244924"
"JH378109","24350348","24350649","chr4","32320410","32320714","52","7970062"
"JH378109","24364442","24364738","chr6","57610355","57610654","25","33245913"
"JH378109","24377710","24378012","chr6","57622031","57622333","20","33244321"
"JH378109","24384133","24384429","chr6","57628304","57628610","29","33244171"
"JH378109","24395963","24396216","chr19","38780554","38780802","45","14384591"
"JH378109","24414996","24415312","chr6","57652152","57652469","31","33237156"
"JH378109","24432869","24432981","chrUn_GL288572","935","1049","11","24431934"
"JH378109","24441995","24442053","chr6","57679481","57679539","2","33237486"
"JH378109","24442119","24442398","chr6","57679619","57679894","26","33237500"
"JH378109","24454639","24454750","chr6","57691911","57692022","8","33237272"
"JH378109","24480263","24480387","chr6","57720093","57720219","14","33239830"
"JH378109","24508239","24508339","chr11","68220097","68220195","12","43711858"
"JH378109","24512209","24512513","chr6","57750226","57750516","36","33238017"
"JH378109","24521761","24522037","chr6","57759699","57759979","24","33237938"
"JH378109","24567701","24567994","chr6","57819765","57820047","35","33252064"
"JH378109","24618829","24619080","chr7","50982706","50982963","49","26363877"
"JH378109","24748024","24748351","chr22","28579870","28580198","60","3831846"
"JH378109","24896072","24896327","chr5","131082882","131083138","43","106186810"
"JH378109","24974803","24975100","chr7","44434286","44434585","57","19459483"
"JH378109","24978750","24979046","chr6","58258798","58259091","26","33280048"
"JH378109","25031409","25031701","chr6","58331358","58331647","21","33299949"
"JH378109","25064097","25064209","chr9","40015001","40015115","8","14950904"
"JH378109","25080882","25081171","chr6","58381409","58381703","36","33300527"
"JH378109","25098241","25098526","chr4","155808475","155808757","52","130710234"
"JH378109","25139671","25139765","chr4","123951961","123952056","15","98812290"
"JH378109","25171914","25172078","chr6","58477874","58478030","22","33305960"
"JH378109","25229007","25229315","chr6","58541175","58541467","51","33312168"
"JH378109","25285652","25285927","chr6","58598364","58598639","22","33312712"
"JH378109","25306171","25306476","chr6","58619134","58619433","25","33312963"
"JH378109","25391682","25391992","chr6","58704613","58704915","31","33312931"
"JH378109","25444375","25444685","chr6","58757336","58757632","34","33312961"
"JH378109","25464506","25464799","chr6","58780685","58780978","19","33316179"
"JH378109","25495646","25495937","chr6","58810264","58810564","32","33314618"
"JH378109","25560484","25560775","chr6","58874289","58874581","39","33313805"
"JH378109","25671179","25671467","chr6","58997683","58997970","23","33326504"
"JH378109","25761657","25761916","chr6","59099788","59100024","36","33338131"
"JH378109","25809559","25809880","chr9","37800938","37801249","58","11991379"
"JH378109","25813891","25814168","chr19","44653831","44654114","52","18839940"
"JH378109","25842035","25842331","chr6","59205952","59206243","29","33363917"
"JH378109","25862873","25863181","chr6","59227529","59227832","29","33364656"
"JH378109","25864240","25864524","chr11","63312020","63312305","50","37447780"
"JH378109","25867746","25868061","chr6","59232333","59232645","17","33364587"
"JH378109","25906145","25906441","chr6","59271902","59272196","32","33365757"
"JH378109","25927850","25928165","chr5","60671568","60671876","43","34743718"
"JH378109","25935416","25935548","chr2","153387211","153387342","6","127451795"
"JH378109","25962520","25962668","chr22","37485598","37485748","21","11523078"
"JH378109","25963965","25964248","chr6","59334722","59335008","21","33370757"
"JH378109","25999144","25999296","chr6","59371840","59371984","18","33372696"
"JH378109","26057976","26058205","chr6","59434940","59435152","30","33376964"
"JH378109","26080447","26080719","chr15","56917113","56917386","42","30836666"
"JH378109","26103461","26103756","chr6","59469043","59469341","18","33365582"
"JH378109","26105214","26105493","chr6","59470781","59471059","18","33365567"
"JH378109","26114848","26115123","chr8","8047144","8047416","40","18067704"
"JH378109","26120115","26120424","chr6","59492250","59492562","21","33372135"
"JH378109","26132191","26132376","chr7","45157399","45157586","41","19025208"
"JH378109","26144373","26144680","chr6","59516714","59517003","41","33372341"
"JH378109","26210704","26210991","chr6","59589416","59589701","23","33378712"
"JH378109","26213264","26213566","chr6","59591985","59592279","28","33378721"
"JH378109","26238770","26238882","chr6","157765274","157765387","7","131526504"
"JH378109","26278389","26278687","chr6","59658231","59658535","37","33379842"
"JH378109","26361802","26362083","chr6","59742698","59742972","30","33380896"
"JH378109","26362676","26362790","chr1","184688473","184688588","7","158325797"
"JH378109","26380388","26380685","chr6","59788980","59789280","22","33408592"
"JH378109","26411293","26411579","chr6","59817678","59817967","35","33406385"
"JH378109","26431169","26431283","chr6","50433307","50433420","25","24002138"
"JH378109","26448918","26449197","chr3","149598142","149598423","66","123149224"
"JH378109","26449263","26449286","chr16","72827306","72827329","3","46378043"
"JH378109","26449515","26449806","chr6","59855694","59855980","27","33406179"
"JH378109","26457016","26457198","chr2","46889894","46890077","29","20432878"
"JH378109","26457248","26457534","chr6","59864957","59865240","25","33407709"
"JH378109","26457535","26457669","chr6","59865241","59865373","8","33407706"
"JH378109","26475511","26475809","chr6","59882314","59882609","25","33406803"
"JH378109","26485081","26485368","chr6","59891375","59891662","14","33406294"
"JH378109","26494938","26495247","chr6","59909036","59909331","28","33414098"
"JH378109","26500679","26500764","chr6","59913111","59913197","8","33412432"
"JH378109","26525951","26526255","chr3","153242186","153242476","58","126716235"
"JH378109","26606459","26606766","chr6","60015205","60015510","25","33408746"
"JH378109","26642841","26643138","chr6","60050884","60051184","22","33408043"
"JH378109","26647303","26647617","chr6","60055692","60055998","33","33408389"
"JH378109","26679655","26679959","chr6","60085868","60086175","22","33406213"
"JH378109","26693976","26694269","chr6","60100948","60101231","44","33406972"
"JH378109","26696136","26696418","chr6","60103332","60103610","28","33407196"
"JH378109","26754079","26754370","chr6","60170801","60171085","27","33416722"
"JH378109","26760073","26760219","chr14","14407505","14407654","23","12352568"
"JH378109","26773008","26773198","chr22","16590153","16590339","32","10182855"
"JH378109","26783185","26783463","chr9","37500042","37500329","44","10716857"
"JH378109","26784804","26785115","chr6","60196579","60196858","43","33411775"
"JH378109","26800310","26800624","chr6","60211470","60211779","29","33411160"
"JH378109","26830591","26830882","chr6","60248070","60248360","28","33417479"
"JH378109","26842207","26842315","chr10","55153734","55153840","9","28311527"
"JH378109","26866806","26867106","chr6","60284200","60284503","23","33417394"
"JH378109","26879749","26880053","chr6","60298938","60299240","33","33419189"
"JH378109","26905737","26906034","chr6","60325333","60325617","22","33419596"
"JH378109","26989157","26989454","chr6","60419226","60419517","22","33430069"
"JH378109","26991816","26992102","chr6","60421922","60422197","32","33430106"
"JH378109","27024793","27025103","chr5","32889563","32889863","49","5864770"
"JH378109","27065472","27065765","chr15","5482115","5482403","48","21583357"
"JH378109","27124720","27125011","chr6","60552503","60552789","20","33427783"
"JH378109","27283701","27283826","chr13","15748432","15748552","16","11535269"
"JH378109","27283873","27284029","chr5","127842425","127842579","34","100558552"
"JH378109","27347412","27347543","chr4","80973109","80973242","9","53625697"
"JH378109","27589724","27589887","chr6","61092007","61092169","11","33502283"
"JH378109","27591203","27591349","chr11","121518835","121518997","37","93927632"
"JH378109","27591426","27591558","chrX","60229328","60229461","28","32637902"
"JH378109","27599707","27600006","chr6","61101589","61101891","43","33501882"
"JH378109","27626373","27626683","chr9","99457290","99457596","43","71830917"
"JH378109","27631068","27631302","chr6","61132998","61133229","24","33501930"
"JH378109","27637267","27637506","chr6","61139163","61139434","48","33501896"
"JH378109","27653724","27654031","chr6","61157964","61158270","16","33504240"
"JH378109","27677185","27677359","chr6","61180017","61180182","20","33502832"
"JH378109","27677656","27677791","chr6","61180463","61180598","11","33502807"
"JH378109","27681099","27681424","chr6","61183844","61184144","45","33502745"
"JH378109","27681744","27682040","chr6","61184461","61184764","25","33502717"
"JH378109","27698020","27698317","chr6","61200337","61200636","36","33502317"
"JH378109","27749874","27750173","chr6","61253091","61253396","33","33503217"
"JH378109","27907505","27907614","chr7","58008327","58008436","11","30100822"
"JH378109","27907634","27907914","chr6","61410685","61410966","24","33503051"
"JH378109","27929617","27929916","chr6","61445725","61446018","28","33516108"
"JH378109","28068864","28069143","chr6","61638049","61638326","24","33569185"
"JH378109","28094308","28094612","chr6","61657728","61658029","25","33563420"
"JH378109","28164244","28164543","chr6","61740697","61741006","29","33576453"
"JH378109","28241948","28242075","chr6","61830435","61830549","19","33588487"
"JH378109","28243949","28244241","chr6","61832433","61832720","23","33588484"
"JH378109","28256579","28256879","chr2","14149533","14149833","46","14107046"
"JH378109","28287738","28287812","chr11","121249219","121249294","16","92961481"
"JH378109","28299853","28300158","chr6","61889064","61889364","24","33589211"
"JH378109","28396975","28397274","chr6","61991405","61991696","32","33594430"
"JH378109","28493757","28493915","chr22","37081064","37081225","18","8587307"
"JH378109","28561586","28561878","chr6","62174966","62175277","36","33613380"
"JH378109","28686862","28687148","chr6","62311633","62311922","31","33624771"
"JH378109","28696663","28696787","chr6","62320957","62321080","9","33624294"
"JH378109","28699101","28699391","chr5","72638264","72638561","39","43939163"
"JH378109","28749424","28749725","chr6","62369059","62369364","30","33619635"
"JH378109","28768162","28768463","chr6","62390635","62390911","48","33622473"
"JH378109","28813118","28813417","chr6","62459279","62459572","25","33646161"
"JH378109","28821594","28821895","chr6","62467979","62468270","28","33646385"
"JH378109","28875659","28875953","chr6","62520428","62520722","31","33644769"
"JH378109","28906891","28907184","chr7","115794988","115795274","38","86888097"
"JH378109","29003624","29003932","chr6","62664268","62664565","33","33660644"
"JH378109","29012131","29012263","chr18","4105825","4105958","8","24906306"
"JH378109","29034453","29034609","chr6","62694487","62694644","15","33660034"
"JH378109","29034688","29034841","chr6","62694721","62694867","13","33660033"
"JH378109","29075513","29075803","chr6","62735393","62735692","29","33659880"
"JH378109","29077787","29078088","chr7","73326598","73326887","54","44248811"
"JH378109","29082044","29082187","chr2","49273131","49273270","20","20191087"
"JH378109","29086197","29086374","chr5","134311911","134312087","22","105225714"
"JH378109","29086564","29086694","chr4","4136050","4136182","12","24950514"
"JH378109","29089741","29089901","chr6","62749487","62749660","27","33659746"
"JH378109","29110185","29110479","chr6","62781714","62782008","21","33671529"
"JH378109","29116206","29116500","chr2","48696731","48697025","44","19580525"
"JH378109","29117937","29118080","chr5","74022983","74023124","25","44905046"
"JH378109","29118387","29118526","chr1","182624143","182624282","23","153505756"
"JH378109","29120566","29120879","chr6","62796509","62796813","35","33675943"
"JH378109","29124110","29124412","chr6","62799938","62800234","22","33675828"
"JH378109","29128672","29128976","chr6","62804535","62804832","30","33675863"
"JH378109","29137780","29138064","chr12","101191882","101192166","50","72054102"
"JH378109","29139384","29139689","chr6","62809214","62809510","28","33669830"
"JH378109","29145004","29145106","chr3","165508512","165508612","11","136363508"
"JH378109","29155884","29155986","chr2","82336957","82337063","21","53181073"
"JH378109","29160049","29160334","chr5","30020775","30021059","39","860726"
"JH378109","29219001","29219299","chr6","62893960","62894245","32","33674959"
"JH378109","29238303","29238593","chr6","62919387","62919678","20","33681084"
"JH378109","29275595","29275886","chr8","86840497","86840790","45","57564902"
"JH378109","29283154","29283451","chr6","62968084","62968393","37","33684930"
"JH378109","29321365","29321658","chr6","63019299","63019595","24","33697934"
"JH378109","29361468","29361587","chr6","63061020","63061139","10","33699552"
"JH378109","29569058","29569342","chr4","107899041","107899332","45","78329983"
"JH378109","29619490","29619636","chr6","63354754","63354901","13","33735264"
"JH378109","29729643","29729926","chr6","63477595","63477882","29","33747952"
"JH378109","29853026","29853307","chr6","63605974","63606261","31","33752948"
"JH378109","30010367","30010668","chr6","63799913","63800214","28","33789546"
"JH378109","30033671","30033791","chr6","52914429","52914549","23","22880758"
"JH378109","30067017","30067272","chr15","9817245","9817503","69","20249772"
"JH378109","30128798","30128911","chr3","83270922","83271035","6","53142124"
"JH378109","30137909","30138221","chr6","63935756","63936068","35","33797847"
"JH378109","30177330","30177639","chr6","63980839","63981141","38","33803509"
"JH378109","30186005","30186299","chr15","32734658","32734955","49","2548653"
"JH378109","30188121","30188400","chr6","63988316","63988598","27","33800195"
"JH378109","30350838","30351079","chr6","150718060","150718310","49","120367222"
"JH378109","30479678","30479952","chr6","64312401","64312680","24","33832723"
"JH378109","30499637","30499856","chr6","64336178","64336395","29","33836541"
"JH378109","30555253","30555523","chr6","64402389","64402658","28","33847136"
"JH378109","30569296","30569572","chr3","1531335","1531617","49","29037961"
"JH378109","30582570","30582860","chr1","84913085","84913379","36","54330515"
"JH378109","30609545","30609764","chr6","64460466","64460694","26","33850921"
"JH378109","30660642","30660898","chr6","64513027","64513284","18","33852385"
"JH378109","30790569","30790869","chr6","64645644","64645954","36","33855075"
"JH378109","30796591","30796693","chr1","190868564","190868675","15","160071973"
"JH378109","30797786","30797901","chr10","102998573","102998688","6","72200787"
"JH378109","30808299","30808609","chr6","64662827","64663126","44","33854528"
"JH378109","30844853","30844995","chr6","64702936","64703084","22","33858083"
"JH378109","31012221","31012371","chr10","118566523","118566675","32","87554302"
"JH378109","31015078","31015229","chr19","25589488","25589642","33","5425590"
"JH378109","31092613","31092704","chr1","36204535","36204626","13","5111922"
"JH378109","31248508","31248711","chr3","127094636","127094835","38","95846128"
"JH378109","31249019","31249117","chr22","10135458","10135557","22","21113561"
"JH378109","31261063","31261371","chr6","123187006","123187311","40","91925943"
"JH378109","31278473","31278586","chr19","16384460","16384575","10","14894013"
"JH378109","31294260","31294546","chr6","65212925","65213188","37","33918665"
"JH378109","31437342","31437432","chr1","185335374","185335463","11","153898032"
"JH378109","31512838","31513077","chr6","65459597","65459836","14","33946759"
"JH378109","31652774","31653064","chr6","65593006","65593296","34","33940232"
"JH378109","31861097","31861400","chr6","65816607","65816916","36","33955510"
"JH378109","31879328","31879638","chr6","65835704","65836016","22","33956376"
"JH378109","31919706","31919841","chr7","77132017","77132148","20","45212311"
"JH378109","32116088","32116365","chr6","66085722","66086002","29","33969634"
"JH378109","32126673","32126957","chr6","66098979","66099276","37","33972306"
"JH378109","32251871","32252179","chr6","66257812","66258115","33","34005941"
"JH378109","32252471","32252759","chr6","66258382","66258659","22","34005911"
"JH378109","32330903","32330969","chr6","66345626","66345697","10","34014723"
"JH378109","32361836","32362178","chr22","40501404","40501760","86","8139568"
"JH378109","32366447","32366737","chr6","66377103","66377409","37","34010656"
"JH378109","32394160","32394455","chr6","66410246","66410530","35","34016086"
"JH378109","32420389","32420664","chr6","66440817","66441092","17","34020428"
"JH378109","32452885","32452987","chr15","28791587","28791685","14","3661298"
"JH378109","32453824","32454049","chr6","66481609","66481833","12","34027785"
"JH378109","32551122","32551406","chr6","66576443","66576725","16","34025321"
"JH378109","32602276","32602569","chr6","66640180","66640471","21","34037904"
"JH378109","32644636","32644923","chr6","66679844","66680132","23","34035208"
"JH378109","32673857","32674152","chr9","32209411","32209703","48","464446"
"JH378109","32682552","32682661","chr7","77769462","77769570","8","45086910"
"JH378109","32691731","32692039","chr5","63272390","63272697","43","30580659"
"JH378109","32704589","32704857","chr6","66739742","66740026","41","34035153"
"JH378109","32728577","32728869","chr6","66764675","66764956","36","34036098"
"JH378109","32763840","32764140","chr6","66803160","66803447","41","34039320"
"JH378109","32766714","32766944","chr6","66808580","66808810","17","34041866"
"JH378109","32809159","32809246","chr14","17348796","17348885","13","15460363"
"JH378109","32849006","32849318","chr6","66890894","66891201","39","34041888"
"JH378109","32861613","32861898","chr12","52199151","52199430","49","19337538"
"JH378109","32883661","32883946","chrX","64480750","64481035","57","31597089"
"JH378109","32949349","32949647","chr6","67044699","67044993","25","34095350"
"JH378109","32956671","32956958","chr6","67052286","67052574","16","34095615"
"JH378109","32990017","32990123","chr3","189619021","189619128","19","156629004"
"JH378109","32990324","32990595","chr6","67085343","67085621","24","34095019"
"JH378109","32992139","32992357","chr6","67087167","67087384","19","34095028"
"JH378109","32994225","32994310","chr6","26458585","26458676","20","6535640"
"JH378109","32995156","32995459","chr6","67088877","67089186","34","34093721"
"JH378109","32999319","32999620","chr6","67093323","67093624","18","34094004"
"JH378109","33000940","33001227","chr6","67095190","67095478","12","34094250"
"JH378109","33004233","33004524","chr6","67098319","67098617","36","34094086"
"JH378109","33012606","33012881","chr22","34966338","34966614","41","1953732"
"JH378109","33017919","33018207","chr6","67112034","67112296","37","34094115"
"JH378109","33031130","33031423","chr7","43837732","43838021","40","10806602"
"JH378109","33047811","33048127","chr6","67149683","67149982","42","34101872"
"JH378109","33062944","33063241","chr6","67165289","67165587","22","34102345"
"JH378109","33073625","33073924","chr5","123642876","123643180","53","90569251"
"JH378109","33079678","33079976","chr6","67191621","67191930","22","34111943"
"JH378109","33087629","33087755","chrX","63071514","63071642","9","29983885"
"JH378109","33093654","33093782","chr6","67208609","67208740","14","34114955"
"JH378109","33094107","33094281","chr6","67209062","67209228","19","34114955"
"JH378109","33096327","33096617","chr6","67211548","67211844","35","34115221"
"JH378109","33120043","33120210","chr6","67234054","67234205","25","34114011"
"JH378109","33120505","33120627","chr10","15304709","15304827","24","17815796"
"JH378109","33127398","33127682","chr6","67241945","67242215","32","34114547"
"JH378109","33131413","33131536","chr10","54758463","54758586","20","21627050"
"JH378109","33152385","33152675","chr6","67267406","67267696","15","34115021"
"JH378109","33154436","33154674","chr12","11920576","11920831","59","21233860"
"JH378109","33161768","33162033","chr5","116462469","116462723","51","83300701"
"JH378109","33181759","33182050","chr6","67302513","67302800","16","34120754"
"JH378109","33191733","33191893","chr8","113363004","113363167","19","80171271"
"JH378109","33192203","33192337","chr2","29476773","29476906","13","3715430"
"JH378109","33192389","33192664","chr1","176824425","176824705","45","143632036"
"JH378109","33197000","33197205","chr6","67319597","67319809","39","34122597"
"JH378109","33211548","33211722","chr9","34620600","34620773","33","1409052"
"JH378109","33212020","33212146","chr19","22114496","22114620","19","11097524"
"JH378109","33223452","33223765","chr10","5659303","5659607","50","27564149"
"JH378109","33255821","33256123","chr6","67379218","67379507","22","34123397"
"JH378109","33267233","33267521","chr9","34979431","34979727","48","1712198"
"JH378109","33284385","33284547","chr15","47460672","47460828","28","14176287"
"JH378109","33284852","33284997","chr13","39292226","39292368","20","6007374"
"JH378109","33296809","33297122","chr5","109040574","109040890","55","75743765"
"JH378109","33301911","33302206","chr6","67420082","67420374","29","34118171"
"JH378109","33342916","33343221","chr6","67457469","67457770","20","34114553"
"JH378109","33349505","33349815","chr6","67464029","67464336","25","34114524"
"JH378109","33352530","33352825","chr6","67467036","67467329","28","34114506"
"JH378109","33368516","33368818","chr6","67495055","67495371","54","34126539"
"JH378109","33432176","33432469","chr6","67577884","67578180","39","34145708"
"JH378109","33442450","33442716","chr6","67588002","67588268","18","34145552"
"JH378109","33485215","33485497","chr6","67635686","67635974","32","34150471"
"JH378109","33510026","33510098","chr6","67661059","67661132","4","34151033"
"JH378109","33583874","33584152","chr6","67739267","67739555","19","34155393"
"JH378109","33649917","33650160","chr5","124103463","124103703","47","90453546"
"JH378109","33696102","33696353","chr6","67857653","67857901","20","34161551"
"JH378109","33711065","33711367","chr6","67871876","67872181","26","34160811"
"JH378109","33712185","33712472","chr6","67873002","67873291","22","34160817"
"JH378109","33721186","33721455","chr6","67881489","67881763","21","34160303"
"JH378109","33743040","33743163","chr10","35308504","35308626","15","1565464"
"JH378109","33786418","33786537","chr18","5333408","5333527","8","28453010"
"JH378109","33789301","33789595","chr6","67947896","67948184","24","34158595"
"JH378109","33818248","33818535","chr7","150520087","150520379","49","116701839"
"JH378109","33821158","33821284","chr4","78579614","78579741","8","44758456"
"JH378109","33821482","33821777","chr6","67979787","67980082","29","34158305"
"JH378109","33822537","33822817","chr6","67980882","67981167","36","34158345"
"JH378109","33825051","33825331","chr6","67983704","67983991","25","34158653"
"JH378109","33827223","33827521","chr6","67985557","67985858","22","34158334"
"JH378109","33834128","33834250","chr10","1100179","1100302","16","32733949"
"JH378109","33855786","33856062","chr6","68013017","68013307","36","34157231"
"JH378109","33862701","33863034","chr2","154019496","154019811","66","120156795"
"JH378109","33865704","33866002","chr18","27996746","27997041","44","5868958"
"JH378109","33866020","33866308","chr6","68023066","68023339","37","34157046"
"JH378109","33878570","33878697","chr4","78579614","78579741","6","44701044"
"JH378109","33880127","33880414","chr6","68037918","68038193","25","34157791"
"JH378109","33889463","33889774","chr6","68045440","68045740","25","34155977"
"JH378109","33890270","33890396","chr1","118755026","118755151","6","84864756"
"JH378109","33893589","33893884","chr6","68049728","68050029","28","34156139"
"JH378109","33927342","33927640","chr6","68090398","68090703","35","34163056"
"JH378109","33929164","33929296","chr6","68091363","68091494","12","34162199"
"JH378109","33934441","33934720","chr6","68096615","68096895","20","34162174"
"JH378109","33939025","33939344","chr19","21951624","21951947","57","11987401"
"JH378109","33941735","33942036","chr6","68101240","68101543","23","34159505"
"JH378109","33960210","33960533","chr18","1205307","1205631","32","32754903"
"JH378109","33974701","33974865","chr3","142293365","142293530","27","108318664"
"JH378109","33975137","33975276","chr2","7889798","7889926","25","26085339"
"JH378109","34006471","34006772","chr6","68168637","68168934","25","34162166"
"JH378109","34007215","34007510","chr6","68169293","68169586","27","34162078"
"JH378109","34028966","34029261","chr6","68199201","68199493","23","34170235"
"JH378109","34034910","34035173","chr6","68205310","68205574","21","34170400"
"JH378109","34046807","34047104","chr6","68219907","68220209","23","34173100"
"JH378109","34087103","34087413","chr6","68265470","68265798","44","34178367"
"JH378109","34100563","34100867","chr6","68277710","68278015","21","34177147"
"JH378109","34107685","34107989","chr6","68284744","68285051","28","34177059"
"JH378109","34119667","34119834","chr2","127598948","127599118","22","93479281"
"JH378109","34141060","34141213","chr10","27999530","27999683","23","6141530"
"JH378109","34141509","34141651","chr11","6150806","6150944","24","27990703"
"JH378109","34184922","34185215","chr9","26302358","26302649","38","7882564"
"JH378109","34341331","34341619","chr6","68536793","68537088","20","34195462"
"JH378109","34352861","34353145","chr6","68547999","68548282","34","34195138"
"JH378109","34404916","34405261","chr6","68606335","68606644","61","34201419"
"JH378109","34431998","34432300","chr6","68640179","68640477","27","34208181"
"JH378109","34433568","34433872","chr6","68641743","68642048","24","34208175"
"JH378109","34476112","34476414","chr6","68684604","68684915","27","34208492"
"JH378109","34535798","34535927","chr6","68742517","68742646","6","34206719"
"JH378109","34536231","34536397","chr6","68742953","68743115","14","34206722"
"JH378109","34591200","34591510","chr6","68811999","68812305","29","34220799"
"JH378109","34665846","34666068","chr10","5770997","5771220","44","28894849"
"JH378109","34666392","34666506","chr11","69781814","69781931","11","35115422"
"JH378109","34750641","34750757","chr15","93967025","93967142","19","59216384"
"JH378109","34750778","34750794","chr2","172286409","172286425","1","137535631"
"JH378109","34808073","34808144","chr3","151354354","151354426","13","116546281"
"JH378109","34808419","34808502","chrX","44670790","44670887","22","9862371"
"JH378109","34834868","34835187","chr20","32637359","32637676","52","2197509"
"JH378109","34936305","34936610","chr6","69171403","69171679","47","34235098"
"JH378109","34936957","34937291","chr3","90704388","90704726","61","55767431"
"JH378109","34985159","34985444","chr6","69232415","69232703","25","34247256"
"JH378109","35047273","35047536","chr6","69291243","69291524","38","34243970"
"JH378109","35054175","35054457","chr1","162007369","162007656","55","126953194"
"JH378109","35133671","35134002","chr6","69378806","69379113","42","34245135"
"JH378109","35172728","35172830","chr21","6253741","6253842","8","28918987"
"JH378109","35197190","35197479","chr6","69445697","69445990","30","34248507"
"JH378109","35294364","35294699","chr6","69553041","69553394","56","34258677"
"JH378109","35399437","35399536","chr3","133473124","133473225","9","98073687"
"JH378109","35423196","35423496","chr7","27254330","27254634","47","8168866"
"JH378109","35451238","35451368","chr6","49035088","49035220","12","13583850"
"JH378109","35583687","35583867","chr1","209445666","209445844","32","173861979"
"JH378109","35583888","35584015","chrX","60321098","60321224","20","24737210"
"JH378109","35596835","35596951","chr11","20775327","20775447","22","14821508"
"JH378109","35622365","35622664","chr6","69918936","69919223","36","34296571"
"JH378109","35627590","35627844","chr1","177642213","177642462","43","142014623"
"JH378109","35715046","35715319","chr6","70024391","70024657","17","34309345"
"JH378109","35736413","35736543","chr6","70046795","70046916","14","34310382"
"JH378109","35773673","35773752","chr1","103003526","103003600","8","67229853"
"JH378109","35807719","35807998","chr6","70119435","70119707","34","34311716"
"JH378109","35876177","35876428","chr22","31610868","31611110","45","4265309"
"JH378109","35891899","35892205","chr6","70189909","70190205","35","34298010"
"JH378109","35921747","35922049","chr10","102800589","102800883","46","66878842"
"JH378109","35929731","35929852","chr2","34813843","34813962","17","1115888"
"JH378109","35929883","35930063","chr14","26406926","26407105","32","9522957"
"JH378109","35997407","35997710","chr6","70302895","70303196","26","34305488"
"JH378109","36011827","36012052","chr6","70321339","70321570","29","34309512"
"JH378109","36035997","36036163","chr8","87683844","87684016","34","51647847"
"JH378109","36106817","36107116","chr6","70426072","70426367","26","34319255"
"JH378109","36115011","36115314","chr7","2203154","2203457","52","33911857"
"JH378109","36153341","36153645","chr9","35365483","35365792","46","787858"
"JH378109","36227612","36227747","chr6","22055674","22055809","21","14171938"
"JH378109","36234910","36235196","chr6","70556708","70557019","39","34321798"
"JH378109","36246477","36246781","chr4","4000264","4000540","88","32246213"
"JH378109","36290893","36291212","chr3","183462362","183462671","49","147171469"
"JH378109","36308617","36308916","chr6","70630974","70631267","18","34322357"
"JH378109","36348255","36348548","chr6","70671313","70671609","20","34323058"
"JH378109","36378246","36378544","chr1","108431363","108431659","46","72053117"
"JH378109","36382089","36382382","chr6","70710767","70711053","32","34328678"
"JH378109","36408840","36409140","chr6","70740383","70740687","26","34331543"
"JH378109","36413134","36413429","chr6","70744696","70744986","31","34331562"
"JH378109","36425798","36426097","chr11","129854718","129855014","45","93428920"
"JH378109","36435188","36435472","chr3","125665284","125665571","57","89230096"
"JH378109","36453448","36453748","chr15","67749582","67749878","46","31296134"
"JH378109","36469972","36470046","chr10","128230884","128230955","13","91760912"
"JH378109","36582345","36582669","chr6","70913154","70913458","40","34330809"
"JH378109","36594633","36594936","chr15","66642530","66642834","44","30047897"
"JH378109","36600317","36600579","chr6","70940903","70941165","16","34340586"
"JH378109","36647697","36647831","chr6","71000843","71000983","13","34353146"
"JH378109","36648115","36648280","chr6","71001273","71001438","17","34353158"
"JH378109","36712220","36712542","chr6","71065954","71066246","54","34353734"
"JH378109","36749749","36750054","chr6","118749850","118750158","62","82000101"
"JH378109","36817614","36817793","chr6","71202946","71203116","26","34385332"
"JH378109","36827887","36828195","chr6","71212180","71212474","33","34384293"
"JH378109","36842470","36842736","chr6","71226719","71226998","30","34384249"
"JH378109","36958449","36958564","chr2","153375596","153375710","17","116417147"
"JH378109","36958865","36959087","chr20","27983615","27983818","60","8975250"
"JH378109","36964363","36964672","chr6","71343265","71343567","38","34378902"
"JH378109","36983433","36983706","chr10","73174139","73174409","55","36190706"
"JH378109","37009492","37009775","chr22","14116317","14116598","46","22893175"
"JH378109","37078088","37078396","chr6","71448952","71449254","31","34370864"
"JH378109","37092337","37092453","chr6","71461835","71461950","11","34369498"
"JH378109","37148534","37148795","chr6","71518347","71518609","24","34369813"
"JH378109","37206211","37206519","chr6","71583144","71583458","34","34376933"
"JH378109","37219352","37219619","chr2","161710893","161711159","49","124491541"
"JH378109","37235146","37235433","chr6","71610577","71610862","16","34375431"
"JH378109","37265577","37265863","chr6","71641129","71641416","18","34375552"
"JH378109","37291417","37291733","chr6","71667087","71667385","41","34375670"
"JH378109","37308889","37309153","chr6","71686338","71686617","39","34377449"
"JH378109","37309268","37309557","chr6","71686731","71687019","18","34377463"
"JH378109","37309637","37309885","chr6","71687089","71687344","35","34377452"
"JH378109","37343381","37343643","chr6","71721390","71721649","31","34378009"
"JH378109","37421769","37421880","chr6","71798443","71798554","1","34376674"
"JH378109","37438355","37438469","chr2","153375596","153375710","18","115937241"
"JH378109","37438500","37438658","chr11","76007940","76008102","41","38569440"
"JH378109","37483083","37483408","chr6","71858575","71858894","24","34375492"
"JH378109","37492001","37492298","chr6","71867666","71867961","21","34375665"
"JH378109","37494146","37494426","chr6","71869812","71870100","31","34375666"
"JH378109","37494974","37495282","chr6","71870645","71870952","24","34375671"
"JH378109","37570713","37570936","chr14","20634631","20634860","36","16936082"
"JH378109","37579826","37580133","chr6","71955542","71955852","38","34375716"
"JH378109","37774732","37775035","chr6","72149103","72149381","46","34374371"
"JH378109","37781647","37781746","chr6","72155593","72155678","27","34373946"
"JH378109","37892390","37892679","chr6","72275465","72275739","32","34383075"
"JH378109","37946960","37947082","chr1","179586986","179587106","14","141640026"
"JH378109","37947123","37947297","chr5","23746705","23746882","38","14200418"
"JH378109","38068549","38068824","chr6","72471664","72471920","41","34403115"
"JH378109","38125770","38126088","chr6","72529492","72529816","31","34403722"
"JH378109","38178501","38178787","chr1","139974627","139974918","52","101796126"
"JH378109","38237383","38237622","chr6","72633195","72633434","18","34395812"
"JH378109","38258894","38259172","chr6","72654025","72654284","42","34395131"
"JH378109","38357333","38357620","chr6","72753375","72753672","35","34396042"
"JH378109","38379488","38379777","chr6","72777646","72777937","31","34398158"
"JH378109","38467369","38467682","chr2","160278007","160278310","56","121810638"
"JH378109","38477867","38478176","chr5","60671568","60671876","50","22193701"
"JH378109","38529548","38529805","chr5","116462469","116462723","60","77932921"
"JH378109","38534562","38534851","chr6","72946831","72947112","35","34412269"
"JH378109","38552306","38552594","chr6","72964583","72964878","34","34412277"
"JH378109","38719808","38720109","chr7","50788223","50788519","47","12068415"
"JH378109","38743654","38743726","chr1","103003526","103003600","18","64259872"
"JH378109","38802082","38802388","chr12","28726730","28727036","49","10075352"
"JH378109","38802699","38802926","chr10","111699321","111699564","42","72896622"
"JH378109","38919159","38919439","chr6","73355068","73355355","26","34435909"
"JH378109","38948919","38949193","chr6","73385497","73385784","44","34436578"
"JH378109","38981888","38982219","chr6","73422257","73422567","44","34440369"
"JH378109","39082260","39082554","chr6","73530311","73530605","20","34448051"
"JH378109","39114398","39114689","chr6","73562671","73562947","44","34448273"
"JH378109","39196804","39196926","chr14","53728578","53728701","23","14531774"
"JH378109","39196948","39197116","chrX","47136463","47136624","25","7939515"
"JH378109","39199572","39199860","chr6","73649957","73650240","27","34450385"
"JH378109","39262178","39262511","chr3","20674935","20675261","63","18587243"
"JH378109","39346770","39347057","chr6","73795171","73795469","45","34448401"
"JH378109","39390249","39390514","chr6","73845443","73845698","26","34455194"
"JH378109","39438817","39439105","chr6","73891553","73891840","21","34452736"
"JH378109","39443902","39444198","chr6","73896622","73896913","25","34452720"
"JH378109","39544441","39544723","chr6","73998333","73998615","18","34453892"
"JH378109","39581769","39581932","chr17","74107809","74107971","26","34526040"
"JH378109","39581984","39582105","chr22","24494954","24495074","15","15087030"
"JH378109","39769321","39769613","chr6","74234674","74234957","46","34465353"
"JH378109","39793725","39794030","chr6","74266752","74267037","42","34473027"
"JH378109","39797504","39797786","chr6","74270494","74270809","53","34472990"
"JH378109","39821886","39822044","chr6","153793813","153793967","31","113971927"
"JH378109","39822071","39822199","chr5","77829210","77829338","20","38007139"
"JH378109","39841212","39841520","chr6","74313761","74314050","38","34472549"
"JH378109","40020815","40021108","chr6","74517053","74517346","15","34496238"
"JH378109","40073854","40073985","chr10","8143138","8143267","13","31930716"
"JH378109","40074071","40074246","chr12","10966927","10967103","28","29107144"
"JH378109","40269632","40269736","chr6","112977598","112977704","11","72707966"
"JH378109","40364631","40364788","chr8","33705576","33705734","29","6659055"
"JH378109","40364828","40364949","chr1","179586986","179587106","15","139222158"
"JH378109","40517717","40518037","chr6","75035907","75036217","35","34518190"
"JH378109","40564102","40564396","chr6","75082194","75082489","31","34518092"
"JH378109","40588271","40588584","chr6","75106317","75106617","32","34518046"
"JH378109","40650680","40650978","chr5","108579775","108580074","47","67929095"
"JH378109","40654856","40655162","chr6","75173400","75173688","42","34518544"
"JH378109","40671374","40671680","chr1","200822506","200822810","49","160151132"
"JH378109","40676895","40677205","chr5","144274121","144274431","43","103597226"
"JH378109","40698088","40698357","chr6","75217264","75217542","30","34519176"
"JH378109","40715399","40715701","chr6","75234593","75234879","38","34519194"
"JH378109","40754387","40754627","chr6","75274347","75274592","20","34519960"
"JH378109","40767029","40767334","chr6","75284991","75285301","24","34517962"
"JH378109","40774244","40774547","chr6","75304496","75304809","36","34530252"
"JH378109","40827406","40827538","chr5","63289525","63289654","16","22462119"
"JH378109","40836820","40837113","chr6","75365038","75365338","20","34528218"
"JH378109","40855949","40856243","chr6","75387448","75387735","27","34531499"
"JH378109","40867695","40867995","chr5","110321209","110321516","45","69453514"
"JH378109","40924140","40924477","chr3","90704388","90704726","64","49780248"
"JH378109","40973807","40974129","chr6","75504390","75504683","52","34530583"
"JH378109","40995136","40995431","chr6","75525678","75525958","34","34530542"
"JH378109","41052852","41053155","chr6","75587601","75587904","30","34534749"
"JH378109","41119926","41120218","chr19","48869989","48870276","58","7750063"
"JH378109","41161254","41161385","chr7","147587743","147587871","11","106426489"
"JH378109","41223787","41224061","chr6","75774181","75774457","25","34550394"
"JH378109","41262514","41262842","chr5","80055436","80055755","63","38792922"
"JH378109","41411714","41412006","chr6","75963135","75963450","41","34551421"
"JH378109","41527577","41527757","chr6","76096487","76096683","34","34568910"
"JH378109","41528067","41528198","chr6","76096971","76097102","12","34568904"
"JH378109","41548805","41549070","chr6","76117280","76117542","18","34568475"
"JH378109","41564893","41565190","chr7","25957236","25957530","43","15607657"
"JH378109","41656881","41657179","chr6","76228047","76228337","29","34571166"
"JH378109","41679076","41679243","chr10","127738620","127738787","24","86059544"
"JH378109","41689762","41690053","chr6","76260953","76261244","21","34571191"
"JH378109","41692945","41693242","chr6","76264033","76264320","31","34571088"
"JH378109","41766868","41767143","chr6","76337266","76337566","36","34570398"
"JH378109","41885228","41885554","chr6","76464148","76464445","47","34578920"
"JH378109","41955124","41955191","chr10","98660424","98660495","15","56705300"
"JH378109","41962419","41962707","chr9","41810433","41810727","60","151986"
"JH378109","42001629","42001929","chr6","76577531","76577834","26","34575902"
"JH378109","42068295","42068576","chr6","76652507","76652809","44","34584212"
"JH378109","42086630","42086767","chr5","124657419","124657554","18","82570789"
"JH378109","42130759","42131035","chr7","146315531","146315817","53","104184772"
"JH378109","42217488","42217781","chr6","76829232","76829525","27","34611744"
"JH378109","42232169","42232294","chr8","105826239","105826366","20","63594070"
"JH378109","42232332","42232475","chr9","36890593","36890735","28","5341739"
"JH378109","42271188","42271462","chr18","1442971","1443246","48","40828217"
"JH378109","42282243","42282519","chr21","47489176","47489448","50","5206933"
"JH378109","42373314","42373622","chr6","77017164","77017478","28","34643850"
"JH378109","42549163","42549475","chr6","77192717","77193008","45","34643554"
"JH378109","42591844","42591963","chr6","77235670","77235789","8","34643826"
"JH378109","42592008","42592159","chr6","77235818","77235971","18","34643810"
"JH378109","42623963","42624278","chr7","87007315","87007626","59","44383352"
"JH378109","42628722","42629013","chr19","18362531","18362799","58","24266191"
"JH378109","42629064","42629087","chr5","38485977","38485999","4","4143087"
"JH378109","42709135","42709430","chr6","77356943","77357234","18","34647808"
"JH378109","42732079","42732384","chr18","27996746","27997041","53","14735333"
"JH378109","42751768","42751997","chr2","47922708","47922943","55","5170940"
"JH378109","42779805","42780093","chr6","77440872","77441153","30","34661067"
"JH378109","42820365","42820665","chr6","77482776","77483056","37","34662411"
"JH378109","42821029","42821195","chr6","77483413","77483584","11","34662384"
"JH378109","42845512","42845814","chr7","97396158","97396458","55","54550646"
"JH378109","42928549","42928834","chr6","77593819","77594103","24","34665270"
"JH378109","42954964","42955063","chr6","77619646","77619745","6","34664682"
"JH378109","43129432","43129717","chr6","77806233","77806518","17","34676801"
"JH378109","43263845","43264148","chr6","77946070","77946373","24","34682225"
"JH378109","43280800","43280860","chr6","77956535","77956595","7","34675735"
"JH378109","43298073","43298206","chr15","5751703","5751837","19","37546370"
"JH378109","43298518","43298675","chr2","14665991","14666153","28","28632527"
"JH378109","43310502","43310799","chr7","144988702","144988997","56","101678200"
"JH378109","43351009","43351372","chr9","113154244","113154595","85","69803235"
"JH378109","43384859","43385165","chr6","78062337","78062661","39","34677478"
"JH378109","43394973","43395258","chr1","16798984","16799277","52","26595989"
"JH378109","43423054","43423367","chr6","78099112","78099421","25","34676058"
"JH378109","43452028","43452316","chr2","153350531","153350819","51","109898503"
"JH378109","43477936","43478238","chr4","24639493","24639792","51","18838443"
"JH378109","43649015","43649313","chr3","159628762","159629044","75","115979747"
"JH378109","43682424","43682706","chr8","106640627","106640911","53","62958203"
"JH378109","43761951","43762062","chr6","78470363","78470476","18","34708412"
"JH378109","43848832","43849114","chr6","78561830","78562110","22","34712998"
"JH378109","43928029","43928309","chr6","78647608","78647888","30","34719579"
"JH378109","43947685","43947985","chr13","61627046","61627346","50","17679361"
"JH378109","43963238","43963521","chr6","78679201","78679492","27","34715963"
"JH378109","43996341","43996634","chr6","78716793","78717079","27","34720452"
"JH378109","44012567","44012875","chr6","78737715","78738023","38","34725148"
"JH378109","44030693","44031010","chr6","78756538","78756824","58","34725845"
"JH378109","44082175","44082433","chr6","78809441","78809687","24","34727266"
"JH378109","44116049","44116338","chr6","78845556","78845853","27","34729507"
"JH378109","44315286","44315598","chr6","79064517","79064857","47","34749231"
"JH378109","44384720","44384996","chr6","79136340","79136609","29","34751620"
"JH378109","44409849","44410141","chr6","79159372","79159659","29","34749523"
"JH378109","44410267","44410570","chr6","79159792","79160097","35","34749525"
"JH378109","44435130","44435482","chr6","79187108","79187432","57","34751978"
"JH378109","44455455","44455723","chr6","79216153","79216424","25","34760698"
"JH378109","44462697","44463006","chr6","79224033","79224340","21","34761336"
"JH378109","44489366","44489389","chr2","12145433","12145455","4","32343933"
"JH378109","44489434","44489725","chr7","32886449","32886731","56","11602985"
"JH378109","44494935","44495229","chr6","79255452","79255713","47","34760517"
"JH378109","44501426","44501734","chr6","79261880","79262182","33","34760454"
"JH378109","44564750","44564909","chr22","33853211","33853372","27","10711539"
"JH378109","44564931","44565056","chr22","7140229","7140354","15","37424702"
"JH378109","44683358","44683655","chr6","79441960","79442251","26","34758602"
"JH378109","44702390","44702512","chr1","202613914","202614037","8","157911524"
"JH378109","44715930","44716052","chr9","112377177","112377300","16","67661247"
"JH378109","44716073","44716246","chr1","99543338","99543503","35","54827265"
"JH378109","44733098","44733395","chr6","79517294","79517590","32","34784196"
"JH378109","44798363","44798604","chr6","79587838","79588072","26","34789475"
"JH378109","44811054","44811353","chr6","79600542","79600824","35","34789488"
"JH378109","44849827","44850121","chr6","79644005","79644262","48","34794178"
"JH378109","44861513","44861792","chr6","79655292","79655572","53","34793779"
"JH378109","44883785","44884073","chr6","79671340","79671630","22","34787555"
"JH378109","44884631","44884908","chr6","79672184","79672464","25","34787553"
"JH378109","44899067","44899358","chr13","117065283","117065594","67","72166216"
"JH378109","44912797","44913096","chr6","79699531","79699809","36","34786734"
"JH378109","44927995","44928306","chr6","79714797","79715099","31","34786802"
"JH378109","44981807","44981920","chr9","29280530","29280643","7","15701277"
"JH378109","45006487","45006779","chr6","79802357","79802647","18","34795870"
"JH378109","45019192","45019483","chr6","79813970","79814267","35","34794778"
"JH378109","45034352","45034640","chr18","23128481","23128754","66","21905871"
"JH378109","45062250","45062553","chr6","79861090","79861389","18","34798840"
"JH378109","45092091","45092234","chr6","79893995","79894139","11","34801904"
"JH378109","45146106","45146380","chr6","79954308","79954597","36","34808202"
"JH378109","45150905","45151203","chr6","79959120","79959408","35","34808215"
"JH378109","45162572","45162894","chr8","109465987","109466309","25","64303415"
"JH378109","45252400","45252663","chr22","39991962","39992220","43","5260438"
"JH378109","45327516","45327822","chr9","42748402","42748702","53","2579114"
"JH378109","45341245","45341471","chr6","80178670","80178901","27","34837425"
"JH378109","45354339","45354604","chr6","80193108","80193373","15","34838769"
"JH378109","45426428","45426751","chr2","37317980","37318291","76","8108448"
"JH378109","45524587","45524788","chr6","80383179","80383380","15","34858592"
"JH378109","45542089","45542100","chr5","119923471","119923482","0","74381382"
"JH378109","45542275","45542404","chr8","105042090","105042220","20","59499815"
"JH378109","45579570","45579867","chr6","80444845","80445120","41","34865275"
"JH378109","45635563","45635837","chr14","16565620","16565893","40","29069943"
"JH378109","45679766","45680069","chr6","80547884","80548194","36","34868118"
"JH378109","45697625","45697898","chr7","66811553","66811823","51","21113928"
"JH378109","45768709","45768956","chr6","80652848","80653086","31","34884139"
"JH378109","45861353","45861566","chr6","80749548","80749745","36","34888195"
"JH378109","45874226","45874336","chr1","156806832","156806946","9","110932606"
"JH378109","45902814","45903093","chr4","43326497","43326775","41","2576317"
"JH378109","45932922","45932940","chr7","10984017","10984035","3","34948905"
"JH378109","45932992","45933278","chr1","98724189","98724474","14","52791197"
"JH378109","45967412","45967717","chr6","80872563","80872862","23","34905151"
"JH378109","46046888","46047048","chr1","90425167","90425322","29","44378279"
"JH378109","46049976","46050089","chr3","83270922","83271035","4","37220946"
"JH378109","46055774","46056061","chr6","80966846","80967135","21","34911072"
"JH378109","46089783","46090081","chr6","81000580","81000883","23","34910797"
"JH378109","46176596","46176898","chr6","81100999","81101283","37","34924403"
"JH378109","46221096","46221370","chr6","82082018","82082285","30","35860922"
"JH378109","46223093","46223358","chr6","81139124","81139381","27","34916031"
"JH378109","46227525","46227813","chr6","81142885","81143183","27","34915360"
"JH378109","46299781","46300060","chr6","81241960","81242234","34","34942179"
"JH378109","46330771","46330848","chr21","32015325","32015404","7","14315446"
"JH378109","46375334","46375597","chr7","45108191","45108459","41","1267143"
"JH378109","46384474","46384763","chr6","81327710","81328000","19","34943236"
"JH378109","46432466","46432751","chr6","81374294","81374555","50","34941828"
"JH378109","46458736","46459035","chr6","81399648","81399942","32","34940912"
"JH378109","46461589","46461716","chr13","49236866","49236989","23","2775277"
"JH378109","46502616","46502887","chr6","81447819","81448093","24","34945203"
"JH378109","46502934","46502958","chr6","81448123","81448147","0","34945189"
"JH378109","46594666","46595000","chr6","81546558","81546868","53","34951892"
"JH378109","46617837","46618118","chr6","81570357","81570656","39","34952520"
"JH378109","46663778","46664084","chr2","67982658","67982964","41","21318880"
"JH378109","46693201","46693479","chr6","81647767","81648051","29","34954566"
"JH378109","46751462","46751767","chr6","81706042","81706344","33","34954580"
"JH378109","46817590","46817894","chr6","82005978","82006275","22","35188388"
"JH378109","46885150","46885456","chr9","7196243","7196548","59","39688907"
"JH378109","46890529","46890817","chr6","82087543","82087847","32","35197014"
"JH378109","46905697","46905988","chr6","82113086","82113375","17","35207389"
"JH378109","47031440","47031754","chr7","130145755","130146063","51","83114315"
"JH378109","47095481","47095765","chr6","82308107","82308387","24","35212626"
"JH378109","47138532","47138766","chr6","82360179","82360413","15","35221647"
"JH378109","47207599","47207888","chr7","45363549","45363844","52","1844050"
"JH378109","47237379","47237673","chr6","82474100","82474390","25","35236721"
"JH378109","47630143","47630440","chr6","82882458","82882742","34","35252315"
"JH378109","47630455","47630765","chr3","152923013","152923319","54","105292558"
"JH378109","47709129","47709419","chr6","82960140","82960425","25","35251011"
"JH378109","47722560","47722635","chr5","155043285","155043360","7","107320725"
"JH378109","47754231","47754354","chr5","23821087","23821203","13","23933144"
"JH378109","47754965","47755273","chr6","82998804","82999101","22","35243839"
"JH378109","47848020","47848155","chr5","113544816","113544952","22","65696796"
"JH378109","47926588","47926887","chr6","83193977","83194281","21","35267389"
"JH378109","47949675","47949816","chr19","16484646","16484783","29","31465029"
"JH378109","47951614","47951915","chr6","83218887","83219184","23","35267273"
"JH378109","48066370","48066614","chr6","150718060","150718310","54","102651690"
"JH378109","48161624","48161916","chr6","83428895","83429183","34","35267271"
"JH378109","48193395","48193691","chr6","83461083","83461379","22","35267688"
"JH378109","48197035","48197320","chr6","83464712","83464998","20","35267677"
"JH378109","48203972","48204168","chr6","83472421","83472626","16","35268449"
"JH378109","48231061","48231349","chr6","83500452","83500743","27","35269391"
"JH378109","48263885","48264135","chr16","7323422","7323678","43","40940463"
"JH378109","48371042","48371163","chr6","83648031","83648162","17","35276989"
"JH378109","48377701","48377997","chr6","83654387","83654683","23","35276686"
"JH378109","48447354","48447629","chr6","83718607","83718873","27","35271253"
"JH378109","48461488","48461764","chr6","83733032","83733330","43","35271544"
"JH378109","48473535","48473829","chr6","83745489","83745790","32","35271954"
"JH378109","48524714","48525020","chr6","83796339","83796631","33","35271625"
"JH378109","48539572","48539707","chr6","83811329","83811464","8","35271757"
"JH378109","48539996","48540167","chr6","83811757","83811933","28","35271761"
"JH378109","48545119","48545421","chr6","83817020","83817330","28","35271901"
"JH378109","48554200","48554449","chr6","150718060","150718310","33","102163860"
"JH378109","48570123","48570429","chr2","1798406","1798716","51","46771717"
"JH378109","48624837","48625133","chr6","83896359","83896653","36","35271522"
"JH378109","48641148","48641377","chr6","83911211","83911438","23","35270063"
"JH378109","48644733","48644775","chr6","83914596","83914636","3","35269863"
"JH378109","48645059","48645167","chr6","83914922","83915030","6","35269863"
"JH378109","48661833","48661965","chr6","83930503","83930635","11","35268670"
"JH378109","48677583","48677788","chr15","90022650","90022858","43","41345067"
"JH378109","48677817","48678127","chr9","7279315","7279624","50","41398502"
"JH378109","48700742","48700994","chr6","83972013","83972283","40","35271271"
"JH378109","48704050","48704366","chr6","83975633","83975925","50","35271583"
"JH378109","48704653","48704957","chr6","83976220","83976530","29","35271567"
"JH378109","48711750","48711824","chr2","7516508","7516584","10","41195242"
"JH378109","48727229","48727544","chr6","83998481","83998783","36","35271252"
"JH378109","48804413","48804694","chr6","84097771","84098056","27","35293358"
"JH378109","48813223","48813396","chr9","45147640","45147805","31","3665583"
"JH378109","48813695","48813822","chr4","158076669","158076796","17","109262974"
"JH378109","48827196","48827282","chr6","84120556","84120639","8","35293360"
"JH378109","48834172","48834285","chr5","4586479","4586592","13","44247693"
"JH378109","48834356","48834367","chr2","99906488","99906498","2","51072132"
"JH378109","48835867","48835995","chrX","52222155","52222281","6","3386288"
"JH378109","48837872","48838033","chr1","115980705","115980866","24","67142833"
"JH378109","48838681","48838965","chr6","84132439","84132723","16","35293758"
"JH378109","48839705","48839939","chr6","84133897","84134128","25","35294192"
"JH378109","48848704","48848975","chr19","43984476","43984763","55","4864228"
"JH378109","48870599","48870889","chr6","30479617","30479908","47","18390982"
"JH378109","48889167","48889451","chr16","10212438","10212722","21","38676729"
"JH378109","48922847","48922979","chr12","50856832","50856963","10","1933985"
"JH378109","48940664","48940907","chrX","107792117","107792365","47","58851453"
"JH378109","48950470","48950749","chr6","84287542","84287821","18","35337072"
"JH378109","48955467","48955749","chr6","84291535","84291818","19","35336068"
"JH378109","48958269","48958542","chr19","18362531","18362799","47","30595738"
"JH378109","48967392","48967648","chr6","84304249","84304503","17","35336857"
"JH378109","48968331","48968635","chr6","84304885","84305180","32","35336554"
"JH378109","48969450","48969748","chr6","84306000","84306294","20","35336550"
"JH378109","48976740","48977026","chr6","84313775","84314054","27","35337035"
"JH378109","48979882","48980179","chr7","79495405","79495700","46","30515523"
"JH378109","48986240","48986367","chr21","486483","486610","7","48499757"
"JH378109","48989227","48989477","chr6","84328636","84328884","12","35339409"
"JH378109","49010531","49010652","chr6","84349859","84349979","9","35339328"
"JH378109","49011435","49011549","chr19","47058300","47058414","9","1953135"
"JH378109","49031586","49031714","chr6","59467480","59467607","9","10435894"
"JH378109","49039967","49040222","chr7","50982706","50982963","42","1942739"
"JH378109","49041919","49042050","chr15","8328725","8328856","6","40713194"
"JH378109","49058670","49058801","chr10","1755146","1755278","10","47303524"
"JH378109","49062577","49062861","chr6","84399341","84399624","17","35336764"
"JH378109","49068086","49068393","chr6","84404660","84404981","24","35336574"
"JH378109","49091886","49092000","chr1","66551631","66551755","22","17459745"
"JH378109","49092048","49092224","chr4","49637121","49637300","25","545073"
"JH378109","49100533","49100690","chr9","42544487","42544654","32","6556046"
"JH378109","49108113","49108244","chr18","4105825","4105958","9","45002288"
"JH378109","49112264","49112473","chr6","84453388","84453598","19","35341124"
"JH378109","49162989","49163277","chr6","84512166","84512455","32","35349177"
"JH378109","49170700","49170985","chr6","84521965","84522273","44","35351265"
"JH378109","49174550","49174843","chr6","84526101","84526386","32","35351551"
"JH378109","49181260","49181566","chr13","88278110","88278417","47","39096850"
"JH378109","49203116","49203419","chr6","84556651","84556953","28","35353535"
"JH378109","49217803","49217931","chr3","25953376","25953505","16","23264427"
"JH378109","49218187","49218485","chr6","84581150","84581436","27","35362963"
"JH378109","49231838","49232138","chr6","84594260","84594551","35","35362422"
"JH378109","49246187","49246287","chr3","116724074","116724176","18","67477887"
"JH378109","49246562","49246747","chr6","84611317","84611502","11","35364755"
"JH378109","49251870","49252206","chr5","42789727","42790035","73","6462143"
"JH378109","49258977","49259161","chr1","101724489","101724672","32","52465512"
"JH378109","49259473","49259606","chrX","51159105","51159239","18","1899632"
"JH378109","49265945","49266254","chr6","84628205","84628518","26","35362260"
"JH378109","49267670","49267826","chr6","84630114","84630272","17","35362444"
"JH378109","49267857","49267980","chr6","84630334","84630455","9","35362477"
"JH378109","49269752","49270051","chr6","84632524","84632803","42","35362772"
"JH378109","49280401","49280682","chr6","84645067","84645345","25","35364666"
"JH378109","49292934","49293240","chr6","84658577","84658880","36","35365643"
"JH378109","49304228","49304318","chr5","6971397","6971483","13","42332831"
"JH378109","49306665","49306788","chr7","54921669","54921793","6","5615004"
"JH378109","49308218","49308516","chr6","84676398","84676696","24","35368180"
"JH378109","49318578","49318701","chr6","114287453","114287576","5","64968875"
"JH378109","49328570","49328888","chr6","84703748","84704064","22","35375178"
"JH378109","49345417","49345716","chr6","84722427","84722728","27","35377010"
"JH378109","49357084","49357252","chr6","84734901","84735067","16","35377817"
"JH378109","49379809","49380087","chr5","154183479","154183764","46","104803670"
"JH378109","49392328","49392637","chr2","167247858","167248164","42","117855530"
"JH378109","49402017","49402235","chr6","84779681","84779899","11","35377664"
"JH378109","49402878","49403176","chr6","84780771","84781067","23","35377893"
"JH378109","49404180","49404477","chr6","84781766","84782039","44","35377586"
"JH378109","49407051","49407347","chr6","84785427","84785727","19","35378376"
"JH378109","49407355","49407474","chr16","32625480","32625599","7","16781875"
"JH378109","49424193","49424496","chr5","154183479","154183764","52","104759286"
"JH378109","49433067","49433233","chr4","106151800","106151966","23","56718733"
"JH378109","49433531","49433675","chr13","19609848","19609991","23","29823683"
"JH378109","49447882","49448177","chr6","84824949","84825238","26","35377067"
"JH378109","49464515","49464808","chr2","171409466","171409757","43","121944951"
"JH378109","49470848","49470979","chr5","98974762","98974893","11","49503914"
"JH378109","49473777","49474084","chr6","84848472","84848781","27","35374695"
"JH378109","49474205","49474330","chr6","84848905","84849030","4","35374700"
"JH378109","49481042","49481336","chr6","84854850","84855138","28","35373808"
"JH378109","49483474","49483769","chr1","209236489","209236783","44","159753015"
"JH378109","49495328","49495412","chr1","41892164","41892242","14","7603164"
"JH378109","49504357","49504641","chr6","30048860","30049133","42","19455497"
"JH378109","49511336","49511516","chr9","41770883","41771059","30","7740453"
"JH378109","49546999","49547255","chr7","65528006","65528258","59","15981007"
"JH378109","49595268","49595586","chr6","29931857","29932169","30","19663411"
"JH378109","49741383","49741696","chr6","29793215","29793515","45","19948168"
"JH378109","49816678","49816798","chr6","29686613","29686733","7","20130065"
"JH378109","49882342","49882522","chr4","105483924","105484099","26","55601582"
"JH378109","49882562","49882682","chr6","123143068","123143189","19","73260506"
"JH378109","49958086","49958377","chr6","29520815","29521108","33","20437271"
"JH378109","50011040","50011234","chr2","7486003","7486191","36","42525037"
"JH378109","50127341","50127551","chr6","29282166","29282356","31","20845175"
"JH378109","50127552","50127746","chr2","11525686","11525883","42","38601866"
"JH378109","50127778","50127897","chr3","115803586","115803707","16","65675808"
"JH378109","50127898","50128030","chr6","29281699","29281830","10","20846199"
"JH378109","50177543","50177805","chr13","47306858","47307103","54","2870685"
"JH378109","50184042","50184328","chr6","29182949","29183234","27","21001093"
"JH378109","50186410","50186707","chr6","29171988","29172290","30","21014422"
"JH378109","50252162","50252334","chr22","9749341","9749509","36","40502821"
"JH378109","50279303","50279582","chr6","29016914","29017211","40","21262389"
"JH378109","50283030","50283324","chr6","29013468","29013767","27","21269562"
"JH378109","50291828","50292118","chr11","22963821","22964110","50","27328007"
"JH378109","50292839","50293098","chr6","29005118","29005378","20","21287721"
"JH378109","50318260","50318429","chr10","17502221","17502387","19","32816039"
"JH378109","50319768","50320056","chr6","28974445","28974739","42","21345323"
"JH378109","50330678","50330757","chr12","18482144","18482220","17","31848534"
"JH378109","50330850","50331012","chr9","46689262","46689426","26","3641588"
"JH378109","50332731","50333036","chr5","32889563","32889863","49","17443168"
"JH378109","50334825","50335001","chr8","89371222","89371395","32","39036397"
"JH378109","50335293","50335429","chr6","28959897","28960030","9","21375396"
"JH378109","50340910","50341203","chr6","28950274","28950565","22","21390636"
"JH378109","50348084","50348386","chr6","28942226","28942535","27","21405858"
"JH378109","50361755","50362066","chr9","110182524","110182821","58","59820769"
"JH378109","50399324","50399623","chr6","28893415","28893687","37","21505909"
"JH378109","50402666","50402949","chr6","28890379","28890653","30","21512287"
"JH378109","50421204","50421486","chr6","28871107","28871404","40","21550097"
"JH378109","50421553","50421564","chr1","58387331","58387343","1","7965778"
"JH378109","50453862","50454171","chr1","118978308","118978619","47","68524446"
"JH378109","50526560","50526684","chr10","102600841","102600965","11","52074281"
"JH378109","50572164","50572294","chr10","75924493","75924630","26","25352329"
"JH378109","50589878","50590183","chr6","28689602","28689902","48","21900276"
"JH378109","50590262","50590566","chr6","28689258","28689553","36","21901004"
"JH378109","50594266","50594564","chr2","5114149","5114445","43","45480117"
"JH378109","50594884","50595188","chr6","28682961","28683260","39","21911923"
"JH378109","50616150","50616280","chr2","193143299","193143421","23","142527149"
"JH378109","50629728","50630030","chr6","28663492","28663792","24","21966236"
"JH378109","50658853","50659162","chr6","28618782","28619076","55","22040071"
"JH378109","50674905","50675201","chr6","28604921","28605220","32","22069984"
"JH378109","50695477","50695739","chr2","136432392","136432656","58","85736915"
"JH378109","50703329","50703622","chr17","58334919","58335210","39","7631590"
"JH378109","50726809","50727120","chr6","28558935","28559246","29","22167874"
"JH378109","50785639","50785930","chr1","70542734","70543028","43","19757095"
"JH378110","17039120","17039431","chr8","107237047","107237353","53","90197927"
"JH378110","18349966","18350272","chr12","102100160","102100455","36","83750194"
"JH378110","43515856","43515970","chr12","75443595","75443711","6","31927739"
"JH378110","85790","86069","chr12","121608387","121608658","29","121522597"
"JH378110","104003","104079","chr5","82508267","82508343","6","82404264"
"JH378110","113290","113432","chr12","121565406","121565554","18","121452116"
"JH378110","113997","114174","chr12","121564650","121564825","20","121450653"
"JH378110","116032","116159","chr20","20107644","20107775","13","19991612"
"JH378110","171401","171685","chr22","3385721","3386004","47","3214320"
"JH378110","174363","174651","chrX","7266598","7266893","44","7092235"
"JH378110","225791","225897","chr5","41269510","41269615","34","41043719"
"JH378110","239976","240153","chr9","114436049","114436227","24","114196073"
"JH378110","284462","284765","chr14","19074986","19075284","44","18790524"
"JH378110","324345","324654","chr1","192572142","192572436","57","192247797"
"JH378110","347723","348024","chr12","121325063","121325364","27","120977340"
"JH378110","453761","454004","chr12","121182294","121182541","29","120728533"
"JH378110","665236","665548","chr12","120921343","120921630","44","120256107"
"JH378110","665560","665869","chr12","120921025","120921328","27","120255465"
"JH378110","856021","856310","chr12","120702771","120703056","23","119846750"
"JH378110","862951","863229","chr12","120694811","120695088","23","119831860"
"JH378110","928985","929274","chr1","201446623","201446917","48","200517638"
"JH378110","929764","930002","chr12","29267456","29267696","38","28337692"
"JH378110","1070617","1070866","chr6","100919605","100919871","58","99848988"
"JH378110","1113592","1113722","chr11","119722011","119722144","22","118608419"
"JH378110","1117437","1117736","chr12","120422867","120423169","30","119305430"
"JH378110","1129530","1129839","chr12","120408976","120409282","26","119279446"
"JH378110","1161564","1161616","chr12","120362320","120362367","6","119200756"
"JH378110","1161762","1161893","chr12","120362028","120362159","5","119200266"
"JH378110","1229749","1230030","chr12","120286512","120286796","20","119056763"
"JH378110","1365148","1365257","chr7","66412586","66412694","6","65047438"
"JH378110","1396784","1396814","chr2","13595897","13595924","7","12199113"
"JH378110","1397104","1397212","chr3","65551178","65551292","20","64154074"
"JH378110","1401850","1402162","chr12","120115805","120116113","33","118713955"
"JH378110","1411033","1411345","chr12","120108922","120109215","38","118697889"
"JH378110","1413306","1413485","chr13","46874745","46874926","26","45461439"
"JH378110","1429060","1429360","chr12","120086088","120086398","28","118657028"
"JH378110","1448212","1448369","chr14","32151695","32151852","30","30703483"
"JH378110","1448684","1448782","chr1","198903501","198903599","20","197454817"
"JH378110","1465152","1465447","chr7","54157888","54158182","47","52692736"
"JH378110","1494532","1494847","chr12","120013785","120014089","38","118519253"
"JH378110","1508230","1508327","chr1","171468086","171468183","14","169959856"
"JH378110","1527611","1527859","chr10","2635649","2635894","50","1108038"
"JH378110","1542793","1543093","chr9","22054115","22054401","44","20511322"
"JH378110","1551628","1551917","chrUn_GL286335","18801","19085","33","1532827"
"JH378110","1655163","1655463","chr22","27426411","27426720","65","25771248"
"JH378110","1672443","1672744","chr12","119822024","119822331","35","118149581"
"JH378110","1681833","1682096","chr16","93739043","93739303","48","92057210"
"JH378110","1684088","1684197","chr12","119809091","119809197","15","118125003"
"JH378110","1753411","1753717","chr12","119719023","119719330","40","117965612"
"JH378110","1797094","1797211","chr1","200825704","200825821","19","199028610"
"JH378110","1797244","1797392","chr5","125648855","125649000","32","123851611"
"JH378110","1824577","1824877","chr12","119667119","119667405","36","117842542"
"JH378110","1990443","1990724","chr12","119490344","119490606","44","117499901"
"JH378110","2010001","2010276","chr12","119464307","119464585","28","117454306"
"JH378110","2072220","2072558","chr3","107006220","107006550","75","104934000"
"JH378110","2145753","2146034","chr12","119310872","119311139","45","117165119"
"JH378110","2176220","2176436","chr10","117775476","117775698","45","115599256"
"JH378110","2227153","2227450","chr9","100087805","100088097","46","97860652"
"JH378110","2306464","2306744","chr5","129631424","129631712","43","127324960"
"JH378110","2316074","2316374","chr2","9815001","9815302","60","7498927"
"JH378110","2326761","2327055","chr12","119093459","119093752","25","116766698"
"JH378110","2378229","2378359","chr11","72958979","72959109","14","70580750"
"JH378110","2378383","2378593","chr7","148865744","148865961","50","146487361"
"JH378110","2431392","2431502","chr1","121166312","121166422","13","118734920"
"JH378110","2480799","2481099","chr2","6420415","6420717","49","3939616"
"JH378110","2492272","2492578","chr12","118894558","118894871","30","116402286"
"JH378110","2526130","2526427","chr12","118859745","118860041","23","116333615"
"JH378110","2526750","2527064","chr7","62686014","62686322","55","60159264"
"JH378110","2600295","2600604","chr12","118770178","118770483","21","116169883"
"JH378110","2781544","2781667","chr5","52412012","52412136","12","49630468"
"JH378110","2817942","2818248","chr13","39766715","39767019","44","36948773"
"JH378110","2942791","2942937","chr19","1935361","1935495","35","1007430"
"JH378110","3014082","3014425","chr10","17659643","17659975","72","14645561"
"JH378110","3041906","3042210","chr12","118298705","118299003","30","115256799"
"JH378110","3042611","3042806","chr12","118298116","118298309","20","115255505"
"JH378110","3091433","3091723","chr12","118246032","118246320","21","115154599"
"JH378110","3099965","3100247","chr12","118235455","118235734","22","115135490"
"JH378110","3146260","3146482","chr7","97051554","97051786","46","93905294"
"JH378110","3149937","3150213","chr12","118185585","118185861","38","115035648"
"JH378110","3152634","3152769","chr6","154487575","154487710","12","151334941"
"JH378110","3153071","3153228","chr13","100576213","100576375","30","97423142"
"JH378110","3193685","3193968","chr1","202991654","202991938","49","199797969"
"JH378110","3194360","3194654","chr12","118139079","118139364","32","114944719"
"JH378110","3197116","3197393","chr12","118136720","118137017","38","114939604"
"JH378110","3205409","3205642","chr1","201997224","201997452","32","198791815"
"JH378110","3286450","3286530","chrUn_GL286420","868994","869074","10","2417456"
"JH378110","3349059","3349081","chr10","34852066","34852085","3","31503007"
"JH378110","3349213","3349431","chr9","38495811","38496030","40","35146598"
"JH378110","3349613","3349681","chr4","58304449","58304515","9","54954836"
"JH378110","3350408","3350699","chr12","117948837","117949127","26","114598429"
"JH378110","3356875","3357167","chr12","117941475","117941736","50","114584600"
"JH378110","3395670","3395800","chr3","164766614","164766743","22","161370944"
"JH378110","3414658","3414970","chr4","122413430","122413737","38","118998772"
"JH378110","3431315","3431613","chr12","117863538","117863830","21","114432223"
"JH378110","3469259","3469501","chr12","117825116","117825358","24","114355857"
"JH378110","3487470","3487780","chr12","117804240","117804546","19","114316770"
"JH378110","3597727","3597996","chr12","117686115","117686398","40","114088388"
"JH378110","3665309","3665583","chr12","117618804","117619082","38","113953495"
"JH378110","3700549","3700834","chr1","209215593","209215878","42","205515044"
"JH378110","3796938","3797235","chr12","117486262","117486564","21","113689324"
"JH378110","3852490","3852764","chr13","2052206","2052480","44","1800284"
"JH378110","3901762","3902069","chr12","117376848","117377143","52","113475086"
"JH378110","3910441","3910529","chr7","96261750","96261839","11","92351309"
"JH378110","4050277","4050570","chr2","56712393","56712688","41","52662116"
"JH378110","4057629","4057764","chr2","7685861","7685994","19","3628232"
"JH378110","4148311","4148578","chr12","117111662","117111926","18","112963351"
"JH378110","4414455","4414756","chr12","116839446","116839753","29","112424991"
"JH378110","4432972","4433289","chr12","116819558","116819871","26","112386586"
"JH378110","4467330","4467640","chr5","41472016","41472333","63","37004686"
"JH378110","4554337","4554613","chr12","116681867","116682143","23","112127530"
"JH378110","4606460","4606744","chr6","134958023","134958305","46","130351563"
"JH378110","4655786","4656080","chr12","116575650","116575931","32","111919864"
"JH378110","4789292","4789555","chr10","99709988","99710259","46","94920696"
"JH378110","4790503","4790694","chr6","149585040","149585231","30","144794537"
"JH378110","4934339","4934575","chr12","116280385","116280640","32","111346046"
"JH378110","5025957","5026217","chr12","116182195","116182465","34","111156238"
"JH378110","5028216","5028508","chr12","19172862","19173153","46","14144646"
"JH378110","5031409","5031626","chr5","57639311","57639528","37","52607902"
"JH378110","5032049","5032278","chr12","116175017","116175246","13","111142968"
"JH378110","5032425","5032477","chr12","116174819","116174871","1","111142394"
"JH378110","5061227","5061526","chr6","153988326","153988624","47","148927099"
"JH378110","5073955","5074261","chr3","5623651","5623963","65","549696"
"JH378110","5097596","5097889","chr22","39791314","39791602","51","34693718"
"JH378110","5102685","5102849","chr12","116109122","116109291","17","111006437"
"JH378110","5103153","5103291","chr12","116108385","116108519","7","111005232"
"JH378110","5104039","5104311","chr10","81604233","81604504","42","76500194"
"JH378110","5112082","5112391","chr12","116098411","116098720","24","110986329"
"JH378110","5140702","5140981","chr20","7081330","7081608","51","1940628"
"JH378110","5141147","5141448","chr15","23890728","23891019","29","18749581"
"JH378110","5194048","5194334","chr4","32431985","32432272","42","27237937"
"JH378110","5317663","5317970","chr7","63449699","63450000","48","58132036"
"JH378110","5368237","5368545","chr12","115837908","115838224","31","110469671"
"JH378110","5386603","5386723","chr12","115818324","115818443","14","110431721"
"JH378110","5469978","5470283","chr12","115712671","115712967","31","110242693"
"JH378110","5496782","5497067","chr12","115677524","115677813","26","110180742"
"JH378110","5572142","5572434","chr12","115585703","115586000","33","110013561"
"JH378110","5627673","5627975","chr12","115529198","115529485","32","109901525"
"JH378110","5722367","5722670","chr12","115426935","115427236","21","109704568"
"JH378110","5751188","5751435","chr12","115397783","115398037","21","109646595"
"JH378110","5754745","5755041","chr12","115394092","115394387","18","109639347"
"JH378110","5779485","5779777","chr12","115366742","115367035","20","109587257"
"JH378110","5817671","5817988","chr12","115328403","115328732","34","109510732"
"JH378110","5858472","5858674","chr22","41668416","41668620","33","35809944"
"JH378110","5871553","5871852","chr12","115278869","115279166","26","109407316"
"JH378110","5918151","5918461","chr12","115230587","115230891","31","109312436"
"JH378110","6104474","6104822","chrX","117669603","117669914","87","111565129"
"JH378110","6114140","6114401","chr12","115026359","115026650","41","108912219"
"JH378110","6140009","6140156","chrX","45327605","45327757","22","39187596"
"JH378110","6143115","6143398","chr5","47979111","47979385","53","41835996"
"JH378110","6144265","6144540","chr12","114996373","114996648","17","108852108"
"JH378110","6176117","6176424","chr12","114966230","114966522","34","108790113"
"JH378110","6178230","6178529","chr12","114964121","114964422","21","108785891"
"JH378110","6179321","6179445","chr4","19596531","19596655","15","13417210"
"JH378110","6179586","6179759","chr13","2475442","2475624","32","3704144"
"JH378110","6180345","6180641","chr12","114962075","114962371","21","108781730"
"JH378110","6191716","6191783","chr12","89999935","90000000","10","83808219"
"JH378110","6205675","6205810","chr11","60194498","60194630","14","53988823"
"JH378110","6206119","6206294","chr12","114936527","114936708","27","108730408"
"JH378110","6222851","6223024","chr12","114920731","114920894","20","108697880"
"JH378110","6223051","6223160","chr12","114920582","114920688","14","108697531"
"JH378110","6226145","6226223","chr12","114917516","114917594","6","108691371"
"JH378110","6269825","6270061","chr2","14809028","14809275","50","8539203"
"JH378110","6271228","6271473","chr12","114870910","114871164","30","108599682"
"JH378110","6273737","6273831","chr12","114868562","114868656","6","108594825"
"JH378110","6280486","6280810","chr12","114860301","114860599","52","108579815"
"JH378110","6333502","6333679","chr12","19408521","19408698","25","13075019"
"JH378110","6334393","6334516","chr8","106699373","106699496","22","100364980"
"JH378110","6400197","6400353","chr5","86588214","86588370","22","80188017"
"JH378110","6555305","6555605","chr12","114561000","114561294","32","108005695"
"JH378110","6592095","6592147","chr2","151488430","151488485","10","144896335"
"JH378110","6810137","6810277","chr12","114293829","114293951","24","107483692"
"JH378110","6918805","6919102","chr12","114175690","114175995","28","107256885"
"JH378110","6939890","6940158","chr12","114154641","114154911","29","107214751"
"JH378110","6955818","6956127","chr12","114139787","114140079","36","107183969"
"JH378110","7007937","7008070","chr5","106416511","106416638","11","99408574"
"JH378110","7009205","7009497","chr12","114083041","114083337","44","107073836"
"JH378110","7177835","7178127","chr12","151602","151887","35","7026233"
"JH378110","7216286","7216582","chr20","24516666","24516959","53","17300380"
"JH378110","7242365","7242533","chr1","192909450","192909614","33","185667085"
"JH378110","7247267","7247399","chrX","40487554","40487688","14","33240287"
"JH378110","7247716","7247880","chr7","62027751","62027914","26","54780035"
"JH378110","7256757","7256825","chr5","108168922","108168993","5","100912165"
"JH378110","7293560","7293758","chr9","79811867","79812064","36","72518307"
"JH378110","7294724","7295016","chr4","42465320","42465617","37","35170596"
"JH378110","7339008","7339062","chr7","81037591","81037646","8","73698583"
"JH378110","7339163","7339213","chr2","9630524","9630574","3","2291361"
"JH378110","7367854","7368149","chr12","113723867","113724157","24","106356013"
"JH378110","7399447","7399740","chr12","113687534","113687831","24","106288087"
"JH378110","7430328","7430612","chr12","113654307","113654606","36","106223979"
"JH378110","7437201","7437494","chr14","70974104","70974399","47","63536903"
"JH378110","7468034","7468338","chr12","113616284","113616594","26","106148250"
"JH378110","7469881","7470171","chr12","113614518","113614804","36","106144637"
"JH378110","7484488","7484784","chr12","113594910","113595211","23","106110422"
"JH378110","7573086","7573394","chr7","45462085","45462381","60","37888999"
"JH378110","7591297","7591588","chr12","113481779","113482080","25","105890482"
"JH378110","7603316","7603599","chr1","176454612","176454901","41","168851296"
"JH378110","7685094","7685359","chr12","113383948","113384218","25","105698854"
"JH378110","7746859","7747170","chr12","113308395","113308696","41","105561536"
"JH378110","7750307","7750573","chr12","113304674","113304943","19","105554367"
"JH378110","7802466","7802786","chr15","27496614","27496918","66","19694148"
"JH378110","7846601","7846883","chr1","77088245","77088528","45","69241644"
"JH378110","7880083","7880339","chr7","50982706","50982963","33","43102623"
"JH378110","7888580","7888869","chr12","113159290","113159578","8","105270710"
"JH378110","7900757","7901059","chr12","113146624","113146909","36","105245867"
"JH378110","7942370","7942659","chr5","39547367","39547650","50","31604997"
"JH378110","7944217","7944517","chr14","69485934","69486236","47","61541717"
"JH378110","7951226","7951527","chr1","180167773","180168077","50","172216547"
"JH378110","7969259","7969553","chr12","113074908","113075188","35","105105649"
"JH378110","7972231","7972495","chr12","113071548","113071833","44","105099317"
"JH378110","7996508","7996807","chr12","113047422","113047721","22","105050914"
"JH378110","8009737","8010043","chr9","6780547","6780851","47","1229190"
"JH378110","8046035","8046354","chr19","46819491","46819803","50","38773456"
"JH378110","8048140","8048216","chr11","9536196","9536273","13","1488056"
"JH378110","8060268","8060558","chr12","112982392","112982678","25","104922124"
"JH378110","8073449","8073742","chr12","112970842","112971129","24","104897393"
"JH378110","8079039","8079300","chr12","112965905","112966149","34","104886866"
"JH378110","8088849","8089096","chr12","112956543","112956777","26","104867694"
"JH378110","8126983","8127256","chr12","112918466","112918737","25","104791483"
"JH378110","8128699","8128937","chr15","16282195","16282429","48","8153496"
"JH378110","8148604","8148908","chrX","118386251","118386549","55","110237647"
"JH378110","8149473","8149692","chr8","107432920","107433133","31","99283447"
"JH378110","8151741","8152029","chr12","112894090","112894388","30","104742349"
"JH378110","8165319","8165607","chrX","40277594","40277892","55","32112275"
"JH378110","8199235","8199500","chr12","112848989","112849254","23","104649754"
"JH378110","8204821","8205118","chr12","112843125","112843419","29","104638304"
"JH378110","8209422","8209665","chr9","103261578","103261818","53","95052156"
"JH378110","8222282","8222563","chr2","7734683","7734973","47","487599"
"JH378110","8224183","8224461","chr2","14725677","14725958","42","6501494"
"JH378110","8226556","8226848","chr12","112822168","112822458","21","104595612"
"JH378110","8243892","8244023","chr2","111823406","111823536","18","103579514"
"JH378110","8244335","8244516","chr4","44989343","44989515","35","36745008"
"JH378110","8264886","8265165","chr7","49869118","49869394","54","41604232"
"JH378110","8267318","8267633","chr10","100307977","100308290","52","92040659"
"JH378110","8277572","8277871","chr12","112778775","112779082","28","104501203"
"JH378110","8280438","8280553","chr2","141235651","141235764","12","132955213"
"JH378110","8286715","8286942","chr12","112773096","112773304","25","104486381"
"JH378110","8289918","8290054","chr12","112769744","112769880","8","104479826"
"JH378110","8290055","8290358","chr9","111354658","111354956","38","103064603"
"JH378110","8290359","8290535","chr1","185859100","185859275","25","177568741"
"JH378110","8296194","8296374","chr3","12400404","12400573","29","4104210"
"JH378110","8299814","8300120","chr1","84092652","84092958","52","75792838"
"JH378110","8302148","8302400","chr12","16410541","16410789","46","8108393"
"JH378110","8306254","8306361","chr12","112751865","112751972","10","104445611"
"JH378110","8306727","8306833","chr12","112751394","112751499","6","104444667"
"JH378110","8328949","8329097","chr12","11162895","11163043","24","2833946"
"JH378110","8341144","8341446","chr12","112712887","112713188","17","104371743"
"JH378110","8363420","8363717","chr12","112690826","112691107","35","104327406"
"JH378110","8505303","8505428","chr13","9054065","9054194","17","548762"
"JH378110","8505516","8505543","chr5","112291687","112291712","6","103786171"
"JH378110","8507243","8507406","chr3","65459610","65459780","29","56952367"
"JH378110","8559473","8559781","chr12","112493249","112493543","36","103933776"
"JH378110","8563453","8563740","chr12","112488727","112489012","25","103925274"
"JH378110","8590346","8590428","chr4","36556980","36557062","6","27966634"
"JH378110","8599153","8599450","chr12","112454593","112454889","32","103855440"
"JH378110","8616576","8616895","chr12","112436132","112436429","42","103819556"
"JH378110","8618207","8618510","chr13","39766715","39767019","48","31148508"
"JH378110","8618519","8618828","chr12","112434139","112434450","28","103815620"
"JH378110","8628566","8628856","chr12","112423918","112424183","47","103795352"
"JH378110","8637741","8638034","chr12","112413420","112413717","34","103775679"
"JH378110","8649468","8649740","chr12","112401384","112401658","32","103751916"
"JH378110","8649741","8649918","chr12","112401201","112401356","29","103751460"
"JH378110","8649919","8650219","chr12","112400901","112401200","15","103750982"
"JH378110","8650220","8650355","chr12","112400767","112400900","14","103750547"
"JH378110","8652396","8652691","chr12","112398968","112399265","15","103746572"
"JH378110","8654645","8654703","chr12","112396800","112396858","5","103742155"
"JH378110","8655316","8655385","chr2","114160767","114160835","3","105505451"
"JH378110","8664144","8664409","chr6","132673758","132674022","38","124009614"
"JH378110","8664446","8664469","chr10","95246141","95246162","3","86581695"
"JH378110","8664496","8664759","chr12","112386925","112387201","40","103722429"
"JH378110","8672477","8672794","chr12","112379794","112380102","42","103707317"
"JH378110","8678278","8678585","chr14","80506722","80507031","45","71828444"
"JH378110","8679383","8679548","chr7","148739787","148739950","24","140060404"
"JH378110","8679580","8679695","chr9","761867","761984","11","7917713"
"JH378110","8701669","8701790","chr12","112350673","112350794","12","103649004"
"JH378110","8701832","8701996","chr12","112350469","112350625","19","103648637"
"JH378110","8702801","8702957","chr12","112349506","112349667","19","103646705"
"JH378110","8703246","8703366","chr12","112349086","112349205","13","103645840"
"JH378110","8738347","8738478","chr4","43208555","43208686","17","34470208"
"JH378110","8746997","8747214","chr20","22666516","22666736","41","13919519"
"JH378110","8765595","8765895","chr12","112278383","112278691","28","103512788"
"JH378110","8867995","8868280","chr12","112175050","112175332","28","103307055"
"JH378110","9036627","9036959","chr12","111993241","111993551","40","102956614"
"JH378110","9081246","9081502","chr10","126954526","126954776","40","117873280"
"JH378110","9106794","9107122","chr12","111922661","111922983","30","102815867"
"JH378110","9120194","9120482","chr12","111908890","111909181","25","102788696"
"JH378110","9191815","9192124","chr12","111832411","111832713","29","102640596"
"JH378110","9193731","9194034","chr12","111830489","111830796","27","102636758"
"JH378110","9211703","9211972","chr12","111811201","111811475","34","102599498"
"JH378110","9223408","9223614","chr12","111798669","111798844","33","102575261"
"JH378110","9253785","9254078","chrX","17440915","17441211","38","8187130"
"JH378110","9288996","9289271","chr12","111726471","111726732","37","102437475"
"JH378110","9331075","9331334","chr12","111679644","111679903","17","102348569"
"JH378110","9333681","9333977","chr12","111677017","111677315","26","102343336"
"JH378110","9391275","9391574","chr12","111612192","111612489","22","102220917"
"JH378110","9401818","9401909","chr7","43468703","43468789","12","34066885"
"JH378110","9478294","9478378","chr1","193846851","193846938","23","184368557"
"JH378110","9623294","9623570","chr2","13355494","13355773","50","3732200"
"JH378110","9623653","9623951","chr12","111374650","111374948","25","101750997"
"JH378110","9636628","9636910","chr9","100020119","100020403","43","90383491"
"JH378110","9644132","9644418","chr12","111350590","111350869","29","101706458"
"JH378110","9651634","9651950","chr4","17974155","17974461","56","8322521"
"JH378110","9710529","9710839","chr12","111276596","111276895","26","101566067"
"JH378110","9760744","9761054","chr12","111224443","111224737","33","101463699"
"JH378110","9925878","9926134","chr12","111051268","111051539","28","101125390"
"JH378110","9968509","9968773","chr12","111006032","111006312","35","101037523"
"JH378110","9989361","9989664","chr12","110983823","110984121","20","100994462"
"JH378110","10025980","10026277","chr17","72472874","72473163","54","62446894"
"JH378110","10068760","10069042","chr12","110915906","110916188","15","100847146"
"JH378110","10070389","10070477","chr12","110914476","110914563","10","100844087"
"JH378110","10110538","10110850","chr12","28726730","28727036","48","18616192"
"JH378110","10128825","10129111","chr22","5201556","5201845","59","4927269"
"JH378110","10145048","10145067","chr6","134568004","134568021","3","124422956"
"JH378110","10145133","10145428","chr2","131465773","131466064","42","121320640"
"JH378110","10363224","10363518","chr14","90597549","90597846","36","80234325"
"JH378110","10364262","10364565","chr12","110579532","110579828","31","100215270"
"JH378110","10564149","10564454","chr11","123409105","123409398","26","112844956"
"JH378110","10646901","10647210","chr7","11275712","11276011","46","628811"
"JH378110","10651119","10651283","chr5","1584865","1585028","22","9066254"
"JH378110","10651591","10651728","chr11","73764563","73764699","14","63112972"
"JH378110","10670222","10670319","chr12","110265616","110265708","10","99595394"
"JH378110","10671355","10671450","chr8","117057567","117057662","14","106386212"
"JH378110","10675566","10675685","chr4","44136832","44136952","18","33461266"
"JH378110","10675786","10675865","chr7","103861477","103861546","17","93185691"
"JH378110","10680595","10680890","chr9","20502579","20502873","43","9821984"
"JH378110","10680923","10680933","chr1","164890697","164890707","0","154209774"
"JH378110","10732752","10733062","chr12","110191846","110192154","26","99459094"
"JH378110","10809489","10809745","chr12","110105614","110105880","29","99296125"
"JH378110","10810262","10810479","chrX","62068889","62069107","54","51258627"
"JH378110","10817167","10817453","chr12","110098942","110099235","25","99281775"
"JH378110","10846051","10846365","chr19","46819491","46819803","48","35973440"
"JH378110","10878466","10878740","chr12","110038672","110038951","32","99160206"
"JH378110","10898781","10899084","chr12","110016114","110016423","27","99117333"
"JH378110","10921016","10921327","chr19","46819491","46819803","51","35898475"
"JH378110","10937705","10938011","chr3","183462362","183462671","44","172524657"
"JH378110","10959092","10959399","chr12","109959123","109959430","24","99000031"
"JH378110","10966034","10966325","chr12","109951910","109952206","27","98985876"
"JH378110","10969102","10969402","chr10","58818957","58819252","41","47849855"
"JH378110","10978880","10979092","chr12","109937560","109937772","16","98958680"
"JH378110","10983521","10983815","chr3","6477337","6477633","46","4506184"
"JH378110","10986563","10986722","chr12","109930018","109930177","8","98943455"
"JH378110","10990664","10990971","chr12","109922234","109922542","32","98931570"
"JH378110","11006563","11006868","chrX","7302146","7302455","44","3704417"
"JH378110","11015013","11015298","chr12","109894913","109895212","31","98879900"
"JH378110","11024700","11025032","chr12","109885451","109885752","56","98860751"
"JH378110","11033045","11033344","chr12","109867852","109868146","35","98834807"
"JH378110","11041313","11041613","chr12","109848509","109848812","20","98807196"
"JH378110","11053354","11053543","chr21","39968507","39968698","31","28915153"
"JH378110","11053854","11053946","chr12","109834509","109834600","7","98780655"
"JH378110","11059605","11059897","chr12","109827635","109827933","37","98768030"
"JH378110","11064045","11064345","chr12","109823048","109823345","33","98759003"
"JH378110","11118470","11118603","chr5","18494910","18495041","19","7376440"
"JH378110","11140443","11140734","chr8","86840497","86840790","48","75700054"
"JH378110","11159960","11160263","chr12","109727899","109728206","22","98567939"
"JH378110","11196490","11196779","chr12","109694634","109694915","43","98498144"
"JH378110","11241505","11241814","chr12","109652514","109652805","42","98411009"
"JH378110","11276146","11276457","chr12","109617220","109617527","31","98341074"
"JH378110","11285944","11286240","chr12","109607524","109607812","42","98321580"
"JH378110","11296776","11297078","chr12","109593098","109593392","28","98296322"
"JH378110","11309840","11310149","chr12","109579775","109580085","29","98269935"
"JH378110","11311401","11311712","chr12","109577761","109578072","28","98266360"
"JH378110","11314575","11314885","chr12","109574906","109575209","24","98260331"
"JH378110","11317206","11317486","chr5","71242810","71243093","42","59925604"
"JH378110","11336431","11336650","chr12","109549016","109549234","13","98212585"
"JH378110","11337626","11337921","chr12","109547805","109548099","31","98210179"
"JH378110","11341433","11341721","chr12","109543661","109543950","28","98202228"
"JH378110","11372516","11372831","chr12","109514546","109514858","31","98142030"
"JH378110","11374905","11375181","chr12","109511001","109511266","28","98136096"
"JH378110","11376621","11376925","chr12","109509234","109509541","23","98132613"
"JH378110","11382772","11382957","chr12","109503241","109503427","12","98120469"
"JH378110","11383238","11383372","chr12","109502829","109502962","6","98119591"
"JH378110","11410623","11410910","chr12","109476850","109477138","24","98066227"
"JH378110","11413520","11413801","chr12","109473944","109474230","19","98060424"
"JH378110","11435907","11436199","chr12","109448546","109448839","22","98012639"
"JH378110","11437131","11437361","chr5","122443587","122443813","36","111006456"
"JH378110","11445916","11446208","chr12","109438569","109438874","30","97992653"
"JH378110","11469504","11469639","chr12","109411616","109411742","13","97942112"
"JH378110","11470495","11470776","chr12","109410466","109410759","41","97939971"
"JH378110","11499369","11499665","chr12","109383587","109383882","17","97884218"
"JH378110","11543866","11544154","chr12","109338339","109338627","13","97794473"
"JH378110","11613842","11614126","chr12","109266847","109267147","33","97653005"
"JH378110","11614957","11615241","chr12","109265715","109266022","50","97650758"
"JH378110","11646765","11646997","chr12","109223427","109223673","38","97576662"
"JH378110","11705887","11705978","chr9","114217945","114218035","23","102512058"
"JH378110","11762944","11763190","chr1","202494344","202494591","37","190731400"
"JH378110","11771599","11771862","chr8","828909","829165","45","10942690"
"JH378110","11875020","11875324","chr12","108986112","108986415","29","97111092"
"JH378110","11884496","11884792","chr12","108975657","108975941","30","97091161"
"JH378110","11929463","11929691","chr1","101889454","101889678","42","89959991"
"JH378110","11938265","11938455","chr12","108908467","108908656","15","96970202"
"JH378110","11938589","11938704","chr12","108908231","108908334","14","96969642"
"JH378110","11961604","11961898","chr12","108884167","108884462","19","96922563"
"JH378110","11978578","11978822","chr18","28473054","28473300","35","16494476"
"JH378110","12084446","12084753","chr12","108776890","108777177","40","96692444"
"JH378110","12092749","12092874","chr15","22708676","22708801","13","10615927"
"JH378110","12092899","12093059","chr18","10034007","10034166","27","2058892"
"JH378110","12117915","12118221","chr12","108735764","108736068","16","96617849"
"JH378110","12220116","12220401","chr12","108624476","108624755","31","96404360"
"JH378110","12337105","12337204","chr8","92464316","92464418","21","80127211"
"JH378110","12337228","12337406","chrUn_GL288715","1613","1786","35","12335615"
"JH378110","12413671","12413931","chr8","74396380","74396636","47","61982709"
"JH378110","12471136","12471432","chr12","108340627","108340916","32","95869491"
"JH378110","12489275","12489583","chr12","108321867","108322162","38","95832592"
"JH378110","12522455","12522683","chr9","98888859","98889091","39","86366404"
"JH378110","12528173","12528463","chr12","108284030","108284312","24","95755857"
"JH378110","12551935","12552184","chr12","108260062","108260305","18","95708127"
"JH378110","12616051","12616349","chr4","32730716","32731013","43","20114665"
"JH378110","12640924","12641210","chr12","108152899","108153193","38","95511975"
"JH378110","12667157","12667432","chr12","108120226","108120520","37","95453069"
"JH378110","12689634","12689932","chr12","108089169","108089466","24","95399535"
"JH378110","12783269","12783584","chr3","151903645","151903955","45","139120376"
"JH378110","12892916","12893223","chr5","62009723","62010024","43","49116807"
"JH378110","12893224","12893508","chr10","75012596","75012889","38","62119372"
"JH378110","12896514","12896795","chr5","96660348","96660626","47","83763834"
"JH378110","12906167","12906233","chr12","107800739","107800808","6","94894572"
"JH378110","12906497","12906797","chr12","107800177","107800477","18","94893680"
"JH378110","12941750","12941859","chr12","107759988","107760093","14","94818238"
"JH378110","12970112","12970418","chr1","179900347","179900644","44","166930235"
"JH378110","12987554","12987681","chrX","52404221","52404352","10","39416667"
"JH378110","12989991","12990145","chr3","150367740","150367904","21","137377749"
"JH378110","13005735","13006038","chr12","107685168","107685458","31","94679433"
"JH378110","13006094","13006186","chr1","86749229","86749333","25","73743135"
"JH378110","13021706","13021819","chr10","91966353","91966465","5","78944647"
"JH378110","13064436","13064738","chr12","107628523","107628812","34","94564087"
"JH378110","13122541","13122855","chr12","107570557","107570867","25","94448016"
"JH378110","13124737","13125037","chr12","107568010","107568296","31","94443273"
"JH378110","13127616","13127743","chr4","38402541","38402673","24","25274925"
"JH378110","13127893","13128047","chr1","175510591","175510746","32","162382698"
"JH378110","13136483","13136615","chr12","107557424","107557557","11","94420941"
"JH378110","13136909","13137108","chr12","107556942","107557139","33","94420033"
"JH378110","13141644","13141746","chr10","126336782","126336877","21","113195138"
"JH378110","13147826","13148154","chr4","28953766","28954076","62","15805940"
"JH378110","13164511","13164798","chr5","62501406","62501694","42","49336895"
"JH378110","13165730","13165864","chr5","70854574","70854711","11","57688844"
"JH378110","13203203","13203509","chr20","12333419","12333726","43","869784"
"JH378110","13218605","13218773","chr1","198550954","198551121","23","185332349"
"JH378110","13219084","13219233","chr5","131961034","131961169","31","118741950"
"JH378110","13234631","13234930","chr12","107452963","107453254","33","94218332"
"JH378110","13244737","13245040","chr12","107441968","107442264","31","94197231"
"JH378110","13245593","13245935","chr12","107441134","107441437","57","94195541"
"JH378110","13250242","13250553","chr12","107436217","107436526","23","94185975"
"JH378110","13250554","13250834","chr12","107435926","107436216","35","94185372"
"JH378110","13254135","13254444","chr12","107432537","107432845","26","94178402"
"JH378110","13265220","13265511","chr12","107420969","107421259","26","94155749"
"JH378110","13272917","13273201","chr12","151602","151887","40","13121315"
"JH378110","13279553","13279658","chr22","15267211","15267324","20","1987658"
"JH378110","13280707","13280875","chr12","107403321","107403484","15","94122614"
"JH378110","13281171","13281305","chr2","131902308","131902444","11","118621137"
"JH378110","13281530","13281840","chr9","103394121","103394434","57","90112591"
"JH378110","13294634","13294766","chr10","1576634","1576765","9","11718000"
"JH378110","13318505","13318787","chr12","107350475","107350767","43","94031970"
"JH378110","13322451","13322743","chr12","107345779","107346069","30","94023328"
"JH378110","13325992","13326044","chr2","59688023","59688074","17","46362031"
"JH378110","13326390","13326603","chr12","107341303","107341516","8","94014913"
"JH378110","13353001","13353300","chr7","45109255","45109553","41","31756254"
"JH378110","13374741","13375018","chr12","107292292","107292561","20","93917551"
"JH378110","13378328","13378596","chr12","107288788","107289069","24","93910460"
"JH378110","13379003","13379349","chr5","42864178","42864529","78","29485175"
"JH378110","13386152","13386460","chr12","107280819","107281125","25","93894667"
"JH378110","13387096","13387392","chr5","64497379","64497676","40","51110283"
"JH378110","13391652","13391935","chr12","107276119","107276404","15","93884467"
"JH378110","13396760","13397066","chr12","107273242","107273555","29","93876482"
"JH378110","13401185","13401447","chr19","27286304","27286560","43","13885119"
"JH378110","13418928","13419230","chr12","107252153","107252454","29","93833225"
"JH378110","13419638","13419914","chr12","107251454","107251730","20","93831816"
"JH378110","13442152","13442307","chr12","107227462","107227632","25","93785310"
"JH378110","13444596","13444900","chr12","107224911","107225202","32","93780315"
"JH378110","13463681","13463987","chr12","107204089","107204392","40","93740408"
"JH378110","13468178","13468445","chr5","127816944","127817217","53","114348766"
"JH378110","13477615","13477923","chr9","35365483","35365792","48","21887868"
"JH378110","13566949","13567083","chr5","64699905","64700035","25","51132956"
"JH378110","13567387","13567520","chr19","17721543","17721678","18","4154156"
"JH378110","13610464","13610769","chr12","107060239","107060536","24","93449775"
"JH378110","13621968","13622276","chr12","107049214","107049521","22","93427246"
"JH378110","13627263","13627594","chr12","107043922","107044238","40","93416659"
"JH378110","13633637","13633941","chr12","107037836","107038121","47","93404199"
"JH378110","13638291","13638569","chr12","107033190","107033468","28","93394899"
"JH378110","13644546","13644758","chr12","107026819","107027029","21","93382273"
"JH378110","13656587","13656894","chr12","107014336","107014613","60","93357749"
"JH378110","13656939","13657242","chr12","107013986","107014294","32","93357047"
"JH378110","13662774","13663080","chr5","4056014","4056321","50","9606760"
"JH378110","13664040","13664346","chr12","107005314","107005611","30","93341274"
"JH378110","13675175","13675470","chr12","106993517","106993819","19","93318342"
"JH378110","13721414","13721718","chr12","106946799","106947104","20","93225385"
"JH378110","13732416","13732699","chr12","106935527","106935814","25","93203111"
"JH378110","13734471","13734771","chr5","89213387","89213684","45","75478916"
"JH378110","13742241","13742364","chrX","43836903","43837024","20","30094662"
"JH378110","13742365","13742682","chr8","107237047","107237353","52","93494682"
"JH378110","13742683","13742844","chr5","158359099","158359260","28","144616416"
"JH378110","13742923","13743010","chr3","65590006","65590092","12","51847083"
"JH378110","13743310","13743492","chr11","99687013","99687200","58","85943703"
"JH378110","13744818","13745115","chr12","106923746","106924043","13","93178928"
"JH378110","13752177","13752311","chr5","5560078","5560213","20","8192099"
"JH378110","13752600","13752752","chr12","4129562","4129710","36","9623038"
"JH378110","13766311","13766449","chr5","108249630","108249771","21","94483319"
"JH378110","13769871","13770070","chr12","106903391","106903539","57","93133520"
"JH378110","13777584","13777882","chr7","45462085","45462381","52","31684501"
"JH378110","13778502","13778717","chr4","160970504","160970723","45","147192002"
"JH378110","13781717","13782011","chr12","106882507","106882785","36","93100790"
"JH378110","13793965","13794088","chr17","71251405","71251524","10","57457440"
"JH378110","13797645","13797932","chr7","27108951","27109239","54","13311306"
"JH378110","13798306","13798418","chr1","82500494","82500607","6","68702188"
"JH378110","13806077","13806234","chr3","65368532","65368692","31","51562455"
"JH378110","13806533","13806669","chr1","190886584","190886721","26","177080051"
"JH378110","13807949","13808249","chr12","82692461","82692757","44","68884512"
"JH378110","13826411","13826427","chr1","109393889","109393904","1","95567478"
"JH378110","13826493","13826769","chrX","39488968","39489236","78","25662475"
"JH378110","13827171","13827312","chr12","106841683","106841814","16","93014512"
"JH378110","13830351","13830595","chr6","153781793","153782039","48","139951442"
"JH378110","13830959","13831259","chr4","152336137","152336444","53","138505178"
"JH378110","13839566","13839696","chr1","66424865","66424994","10","52585299"
"JH378110","13848621","13848921","chr12","106821825","106822119","30","92973204"
"JH378110","13851446","13851729","chr12","106818738","106819031","30","92967292"
"JH378110","13867803","13867949","chr10","58872513","58872657","23","45004710"
"JH378110","13869020","13869350","chr12","106803586","106803897","39","92934566"
"JH378110","13869365","13869672","chr2","1798406","1798716","38","12070959"
"JH378110","13873247","13873486","chr12","106799538","106799816","52","92926291"
"JH378110","13877600","13877773","chr22","16171501","16171667","23","2293901"
"JH378110","13888483","13888792","chr12","106787265","106787556","30","92898782"
"JH378110","13893056","13893183","chr9","42277778","42277906","7","28384722"
"JH378110","13896158","13896452","chr15","5246788","5247086","50","8649370"
"JH378110","13902145","13902416","chr4","164815220","164815492","56","150913075"
"JH378110","13938154","13938443","chrUn_GL286400","778891","779181","41","13159263"
"JH378110","13939577","13939887","chr12","106733858","106734170","26","92794281"
"JH378110","13995759","13995906","chr7","94851346","94851494","20","80855587"
"JH378110","14006904","14007207","chr12","106659668","106659967","23","92652764"
"JH378110","14020666","14020964","chr12","61307221","61307514","45","47286555"
"JH378110","14035042","14035325","chr9","41455381","41455658","51","27420339"
"JH378110","14061670","14061968","chr2","49376956","49377255","40","35315286"
"JH378110","14087239","14087281","chr8","14806987","14807028","4","719748"
"JH378110","14089326","14089457","chr4","71658623","71658755","16","57569297"
"JH378110","14104563","14104869","chr12","106574315","106574625","28","92469752"
"JH378110","14114447","14114621","chr3","151334981","151335156","32","137220534"
"JH378110","14118913","14119221","chr12","106558756","106559056","44","92439843"
"JH378110","14172304","14172620","chr12","106504833","106505146","28","92332529"
"JH378110","14236206","14236513","chr12","106425118","106425427","20","92188912"
"JH378110","14260827","14261124","chr12","106400685","106400985","30","92139858"
"JH378110","14292895","14292994","chr12","106368358","106368455","6","92075463"
"JH378110","14325558","14325863","chr12","106333430","106333741","30","92007872"
"JH378110","14327328","14327613","chr6","70548578","70548865","56","56221250"
"JH378110","14327664","14327695","chr15","12949731","12949763","5","1377933"
"JH378110","14403937","14404163","chr9","103359494","103359721","49","88955557"
"JH378110","14498652","14498832","chrX","40240842","40241017","33","25742190"
"JH378110","14499296","14499425","chr4","151660183","151660315","18","137160887"
"JH378110","14502271","14502557","chr12","106127692","106127973","23","91625421"
"JH378110","14617672","14617830","chr11","72464166","72464322","30","57846494"
"JH378110","14617852","14617975","chr9","51059248","51059371","17","36441396"
"JH378110","14621052","14621306","chr12","105991430","105991691","16","91370378"
"JH378110","14628933","14629265","chr7","46496630","46496961","63","31867697"
"JH378110","14687221","14687525","chr1","203083799","203084102","49","188396578"
"JH378110","14765436","14765741","chr12","105845678","105845982","23","91080242"
"JH378110","14776863","14777154","chr2","10029600","10029890","47","4747263"
"JH378110","14914148","14914455","chr12","105689810","105690084","47","90775662"
"JH378110","14948794","14949105","chr12","105659295","105659606","23","90710501"
"JH378110","15077802","15077978","chr3","117450252","117450433","34","102372450"
"JH378110","15135802","15136109","chr12","105452978","105453280","20","90317176"
"JH378110","15183320","15183596","chr12","105405046","105405335","34","90221726"
"JH378110","15198799","15199092","chr12","105388956","105389251","19","90190157"
"JH378110","15213205","15213497","chr12","105374081","105374371","20","90160876"
"JH378110","15235812","15236078","chr12","105352603","105352880","30","90116791"
"JH378110","15268145","15268441","chr12","105316422","105316712","26","90048277"
"JH378110","15284184","15284469","chr12","105300609","105300893","26","90016425"
"JH378110","15286564","15286871","chr12","105298268","105298571","23","90011704"
"JH378110","15377636","15377889","chr12","105206163","105206416","8","89828527"
"JH378110","15386501","15386765","chr6","153268365","153268637","48","137881864"
"JH378110","15410560","15410699","chr19","16484646","16484783","26","1074086"
"JH378110","15414164","15414442","chr12","105162149","105162415","26","89747985"
"JH378110","15418932","15419220","chr12","105157353","105157638","24","89738421"
"JH378110","15427400","15427697","chr12","105148829","105149116","29","89721429"
"JH378110","15432482","15432769","chr4","148485141","148485423","46","133052659"
"JH378110","15434413","15434697","chr12","105141841","105142153","43","89707428"
"JH378110","15449515","15449819","chr3","151158478","151158783","42","135708963"
"JH378110","15450907","15450995","chr7","81172706","81172795","20","65721799"
"JH378110","15451370","15451649","chr5","23702100","23702380","57","8250730"
"JH378110","15490523","15490834","chr19","46819491","46819803","44","31328968"
"JH378110","15501955","15502248","chr12","105052945","105053238","23","89550990"
"JH378110","15511979","15512269","chr12","105041882","105042169","27","89529903"
"JH378110","15549440","15549713","chr12","105014542","105014811","25","89465102"
"JH378110","15559743","15560059","chr4","155528137","155528448","48","139968394"
"JH378110","15561340","15561485","chr12","105002971","105003115","9","89441631"
"JH378110","15580292","15580596","chr12","104981764","104982061","17","89401472"
"JH378110","15583378","15583676","chrX","85455904","85456197","41","69872526"
"JH378110","15584223","15584521","chr12","104977347","104977658","28","89393124"
"JH378110","15594047","15594167","chr1","69161775","69161897","24","53567728"
"JH378110","15596356","15596684","chr19","38943682","38944015","53","23347326"
"JH378110","15597758","15598057","chrX","96737843","96738142","44","81140085"
"JH378110","15626725","15627030","chr12","104931570","104931877","29","89304845"
"JH378110","15627599","15627878","chr12","104930390","104930691","39","89302791"
"JH378110","15662220","15662487","chr4","32618054","32618320","40","16955834"
"JH378110","15690706","15690832","chr1","206288179","206288308","17","190597473"
"JH378110","15690857","15691031","chr20","21596348","21596515","30","5905491"
"JH378110","15722583","15722867","chr12","104837542","104837817","24","89114959"
"JH378110","15724041","15724221","chr12","104836162","104836343","17","89112121"
"JH378110","15724265","15724386","chr12","104835984","104836105","7","89111719"
"JH378110","15730998","15731281","chr12","104830442","104830725","18","89099444"
"JH378110","15733497","15733797","chr20","32646901","32647198","42","16913404"
"JH378110","15734544","15734810","chr2","150722707","150722974","49","134988163"
"JH378110","15741153","15741449","chr11","119090584","119090882","34","103349431"
"JH378110","15800429","15800708","chr12","151602","151887","51","15648827"
"JH378110","15870576","15870695","chr2","67124480","67124599","13","51253904"
"JH378110","15905368","15905569","chr12","104660184","104660381","16","88754816"
"JH378110","15908368","15908553","chr11","72841773","72841957","33","56933405"
"JH378110","15908841","15908972","chr4","40289273","40289404","16","24380432"
"JH378110","15948501","15948781","chr5","9733152","9733437","56","6215349"
"JH378110","15958904","15959203","chr12","104606943","104607242","14","88648039"
"JH378110","15959431","15959594","chr22","10007547","10007710","24","5951884"
"JH378110","15959630","15959754","chr5","99528180","99528299","14","83568550"
"JH378110","15961416","15961723","chr12","104604462","104604770","19","88643046"
"JH378110","15979232","15979542","chrY","736078","736389","52","15243154"
"JH378110","16009163","16009416","chr12","104555660","104555899","29","88546497"
"JH378110","16037045","16037336","chr12","104526845","104527136","21","88489800"
"JH378110","16095288","16095458","chr5","107253170","107253338","28","91157882"
"JH378110","16132963","16133236","chr12","104428877","104429142","25","88295914"
"JH378110","16161507","16161610","chr1","155095481","155095576","24","138933974"
"JH378110","16161727","16162021","chr12","104399024","104399314","23","88237297"
"JH378110","16246736","16247025","chr12","104305859","104306150","19","88059123"
"JH378110","16247379","16247666","chr12","104305231","104305505","32","88057852"
"JH378110","16335535","16335770","chr18","12637353","12637579","43","3698182"
"JH378110","16408020","16408136","chr12","104126899","104127009","13","87718879"
"JH378110","16456834","16457118","chr12","104071621","104071905","17","87614787"
"JH378110","16488344","16488583","chr12","104040142","104040391","24","87551798"
"JH378110","16494294","16494591","chr12","104033343","104033660","37","87539049"
"JH378110","16653264","16653567","chr4","17667882","17668185","41","1014618"
"JH378110","16673735","16673867","chr4","43208555","43208686","14","26534820"
"JH378110","16773445","16773604","chr10","19912502","19912658","30","3139057"
"JH378110","16773627","16773743","chr1","194823333","194823448","20","178049706"
"JH378110","17000001","17000123","chr1","38815749","38815861","22","21815748"
"JH378110","17029323","17029656","chr1","197937646","197937970","61","180908323"
"JH378110","17079847","17079966","chr9","103274126","103274245","14","86194279"
"JH378110","17080004","17080177","chr10","43568175","43568344","29","26488171"
"JH378110","17083562","17083863","chr12","103431066","103431369","29","86347504"
"JH378110","17254935","17255232","chr7","117526630","117526926","54","100271695"
"JH378110","17273390","17273526","chr1","202981060","202981197","16","185707670"
"JH378110","17347750","17347922","chr12","103160964","103161136","8","85813214"
"JH378110","17438517","17438801","chr12","103074802","103075068","45","85636285"
"JH378110","17452909","17453206","chr22","17185647","17185939","42","267262"
"JH378110","17552928","17553108","chr7","36398918","36399088","38","18845990"
"JH378110","17732612","17732888","chr5","123854562","123854843","45","106121950"
"JH378110","17739046","17739347","chr12","102722678","102722983","26","84983632"
"JH378110","17740472","17740764","chr12","102721259","102721556","41","84980787"
"JH378110","17749235","17749512","chr12","102711219","102711514","37","84961984"
"JH378110","17764778","17765029","chr2","12815683","12815932","44","4949095"
"JH378110","17771844","17772127","chr5","65891224","65891511","52","48119380"
"JH378110","17776162","17776458","chr12","102683134","102683430","18","84906972"
"JH378110","17786647","17786931","chr12","102672960","102673267","46","84886313"
"JH378110","17790325","17790458","chr1","187283250","187283382","16","169492925"
"JH378110","17790769","17790930","chr6","43952039","43952199","25","26161270"
"JH378110","17794263","17794516","chr12","102665711","102665964","20","84871448"
"JH378110","17801789","17801849","chr11","43690528","43690585","11","25888739"
"JH378110","17812324","17812456","chr12","102648192","102648323","8","84835868"
"JH378110","17813779","17813996","chr12","102646600","102646817","16","84832821"
"JH378110","17824891","17824994","chr1","16161241","16161340","14","1663650"
"JH378110","17825471","17825758","chr12","102631661","102631961","31","84806190"
"JH378110","17837247","17837374","chr6","84368725","84368852","7","66531478"
"JH378110","17871391","17871718","chr19","21951624","21951947","46","4080233"
"JH378110","17872467","17872777","chr4","139087590","139087903","45","121215123"
"JH378110","17884420","17884726","chr12","102562921","102563222","35","84678501"
"JH378110","17909810","17909823","chr4","113658196","113658208","2","95748386"
"JH378110","17909849","17910130","chr5","129021681","129021955","41","111111832"
"JH378110","17910159","17910462","chr1","158451717","158452011","46","140541558"
"JH378110","17914266","17914552","chr11","20870929","20871225","51","2956663"
"JH378110","17943341","17943473","chr12","102501644","102501777","12","84558303"
"JH378110","17959357","17959664","chr12","102484545","102484848","19","84525188"
"JH378110","17960584","17960765","chr12","102483450","102483628","13","84522866"
"JH378110","17984269","17984573","chr14","41541861","41542165","54","23557592"
"JH378110","18021509","18021819","chrX","64480750","64481035","58","46459241"
"JH378110","18093787","18094083","chr12","102353597","102353903","26","84259810"
"JH378110","18104218","18104498","chr12","102344751","102345038","22","84240533"
"JH378110","18126778","18127050","chr16","68086131","68086407","36","49959353"
"JH378110","18148955","18149250","chr12","102296831","102297122","25","84147876"
"JH378110","18168875","18169171","chr12","102277651","102277936","33","84108776"
"JH378110","18169449","18169639","chr12","102277173","102277349","24","84107724"
"JH378110","18175507","18175802","chr12","102271022","102271306","35","84095515"
"JH378110","18191750","18192039","chr12","102255710","102256003","25","84063960"
"JH378110","18205890","18206182","chr12","102242745","102243029","28","84036855"
"JH378110","18232439","18232630","chr8","8265257","8265448","25","9967182"
"JH378110","18252572","18252740","chr12","102196484","102196654","18","83943912"
"JH378110","18260988","18261269","chr12","102184944","102185240","34","83923956"
"JH378110","18303122","18303416","chr12","102144732","102145029","25","83841610"
"JH378110","18323153","18323434","chr18","14778473","14778758","47","3544680"
"JH378110","18420393","18420711","chr15","42248925","42249230","59","23828532"
"JH378110","18422828","18423194","chr12","102018005","102018348","44","83595177"
"JH378110","18439061","18439325","chr12","102003289","102003551","19","83564228"
"JH378110","18487255","18487572","chr12","101952773","101953058","53","83465518"
"JH378110","18511288","18511377","chr9","18358288","18358374","13","153000"
"JH378110","18511700","18511834","chr5","84580550","84580683","19","66068850"
"JH378110","18527929","18528222","chr12","101911299","101911593","16","83383370"
"JH378110","18537362","18537653","chr12","101901703","101901992","11","83364341"
"JH378110","18570653","18570785","chrX","51159105","51159239","17","32588452"
"JH378110","18571096","18571257","chr20","26782540","26782706","32","8211444"
"JH378110","18574913","18575214","chr12","101860049","101860356","50","83285136"
"JH378110","18583927","18584087","chr1","96164135","96164297","41","77580208"
"JH378110","18586233","18586538","chrX","14062534","14062841","47","4523699"
"JH378110","18629717","18630059","chr12","101804976","101805276","58","83175259"
"JH378110","18630779","18631050","chr12","101803692","101803946","33","83172913"
"JH378110","18639331","18639613","chrX","127752480","127752753","52","109113149"
"JH378110","18661777","18662082","chr12","101777576","101777887","19","83115799"
"JH378110","18681841","18681956","chr11","22666426","22666535","18","3984585"
"JH378110","18683016","18683298","chr9","18751672","18751953","45","68656"
"JH378110","18683336","18683348","chr1","58387331","58387343","1","39703995"
"JH378110","18684539","18684847","chr15","33754008","33754318","43","15069469"
"JH378110","18686515","18686824","chr12","101752943","101753232","41","83066428"
"JH378110","18798438","18798776","chr12","101629046","101629394","58","82830608"
"JH378110","18815514","18815795","chrX","47629409","47629702","50","28813895"
"JH378110","18844438","18844735","chr12","101577809","101578103","25","82733371"
"JH378110","18860598","18860910","chr4","152336137","152336444","48","133475539"
"JH378110","18943989","18944291","chr17","6803727","6804028","44","12140262"
"JH378110","18997482","18997795","chr12","101413085","101413387","37","82415603"
"JH378110","19018141","19018443","chr12","101392038","101392340","28","82373897"
"JH378110","19018752","19018924","chr12","101391576","101391730","25","82372824"
"JH378110","19022482","19022738","chr12","101387822","101388077","18","82365340"
"JH378110","19030902","19031001","chr7","40954277","40954385","23","21923375"
"JH378110","19031287","19031401","chr9","119790059","119790179","19","100758772"
"JH378110","19039821","19040119","chr12","101365923","101366218","34","82326102"
"JH378110","19041646","19041923","chr12","101364132","101364405","42","82322486"
"JH378110","19042717","19042908","chr3","125202647","125202829","36","106159930"
"JH378110","19132369","19132672","chr12","101272409","101272717","29","82140040"
"JH378110","19153192","19153480","chr12","101250673","101250961","17","82097481"
"JH378110","19208175","19208449","chr12","101191882","101192166","28","81983707"
"JH378110","19227643","19227951","chr12","101173050","101173348","34","81945407"
"JH378110","19270171","19270384","chr2","63554821","63555029","38","44284650"
"JH378110","19300865","19301153","chr12","101099184","101099476","27","81798319"
"JH378110","19474913","19475217","chr12","100921429","100921732","27","81446516"
"JH378110","19487105","19487407","chr12","100903770","100904062","32","81416665"
"JH378110","19505023","19505324","chr12","100884092","100884373","43","81379069"
"JH378110","19512413","19512718","chr12","100876484","100876795","26","81364071"
"JH378110","19513318","19513628","chr12","65396392","65396702","21","45883074"
"JH378110","19513766","19513854","chr20","1388100","1388186","15","18125666"
"JH378110","19513900","19514021","chr11","115074893","115075013","14","95560993"
"JH378110","19562829","19563118","chrX","64480750","64481035","48","44917921"
"JH378110","19567357","19567481","chr12","100816134","100816244","19","81248777"
"JH378110","19567764","19567975","chrX","1598876","1599091","42","17968888"
"JH378110","19636582","19636886","chr12","100744849","100745147","32","81108267"
"JH378110","19640321","19640610","chr12","100741122","100741415","36","81100801"
"JH378110","19658707","19659007","chr12","100722582","100722890","37","81063875"
"JH378110","19662436","19662711","chr12","100718685","100718946","41","81056249"
"JH378110","19681671","19681798","chr17","37166452","37166577","14","17484781"
"JH378110","19682099","19682198","chr1","194809628","194809720","19","175127529"
"JH378110","19705282","19705578","chr12","100674819","100675115","22","80969537"
"JH378110","19714154","19714407","chr12","100666124","100666377","21","80951970"
"JH378110","19715227","19715511","chr11","75609285","75609580","58","55894058"
"JH378110","19751949","19751974","chrX","71526078","71526103","1","51774129"
"JH378110","19751998","19752278","chr12","109399129","109399411","43","89647131"
"JH378110","19767543","19767846","chr12","100612845","100613150","18","80845302"
"JH378110","19800191","19800211","chr8","49278456","49278478","4","29478265"
"JH378110","19800551","19800798","chr9","40182960","40183206","65","20382409"
"JH378110","19802273","19802532","chr12","100575383","100575643","18","80773110"
"JH378110","19812703","19812835","chr5","125241464","125241595","16","105428761"
"JH378110","19824454","19824759","chr12","100556036","100556330","29","80731582"
"JH378110","19839766","19839888","chr2","113377054","113377178","15","93537288"
"JH378110","19839910","19840085","chrX","137222383","137222560","26","117382473"
"JH378110","19853029","19853309","chr5","128523504","128523773","42","108670475"
"JH378110","19929892","19930181","chrX","7266598","7266893","38","12663294"
"JH378110","19931685","19931994","chr12","100444651","100444953","29","80512966"
"JH378110","19944512","19944826","chr11","113726933","113727244","57","93782421"
"JH378110","19963583","19963835","chr12","100411843","100412096","19","80448260"
"JH378110","19993012","19993299","chr12","100381851","100382136","49","80388839"
"JH378110","19999878","20000000","chr3","64694584","64694704","22","44694706"
"JH378110","20102145","20102442","chr12","100265245","100265538","17","80163100"
"JH378110","20125687","20125992","chr12","100240851","100241161","37","80115164"
"JH378110","20173609","20173916","chr12","100190025","100190331","22","80016416"
"JH378110","20311334","20311654","chr12","100053009","100053307","37","79741675"
"JH378110","20317652","20317955","chrX","96737843","96738142","47","76420191"
"JH378110","20347984","20348155","chr7","131234766","131234940","30","110886782"
"JH378110","20348464","20348599","chr17","74530253","74530387","14","54181789"
"JH378110","20353019","20353319","chr12","4294662","4294961","40","16058357"
"JH378110","20362164","20362466","chr12","100001008","100001311","20","79638844"
"JH378110","20367678","20367992","chr12","99995496","99995793","36","79627818"
"JH378110","20380037","20380359","chr12","99983108","99983405","54","79603071"
"JH378110","20412912","20413183","chr12","99946654","99946914","33","79533742"
"JH378110","20470964","20471195","chr11","35180720","35180947","42","14709756"
"JH378110","20523132","20523253","chrX","106772558","106772679","19","86249426"
"JH378110","20523283","20523447","chr2","189613384","189613552","28","169090101"
"JH378110","20654967","20655274","chr12","99702080","99702387","28","79047113"
"JH378110","20690643","20690929","chr12","99662289","99662578","29","78971646"
"JH378110","20750026","20750220","chr12","99602548","99602742","20","78852522"
"JH378110","20771619","20771899","chr1","182326018","182326301","22","161554399"
"JH378110","20790589","20790876","chr12","99560254","99560539","19","78769665"
"JH378110","20962039","20962346","chr22","11576361","11576667","47","9385678"
"JH378110","21105460","21105782","chr5","82469412","82469726","59","61363952"
"JH378110","21251108","21251255","chr12","99047618","99047767","12","77796510"
"JH378110","21374361","21374484","chr12","98924863","98924988","12","77550502"
"JH378110","21374548","21374700","chr12","98924675","98924825","14","77550127"
"JH378110","21442587","21442895","chr12","98848882","98849186","34","77406295"
"JH378110","21551168","21551338","chr9","113818795","113818963","25","92267627"
"JH378110","21551361","21551487","chr13","31335623","31335747","20","9784262"
"JH378110","21690884","21691174","chr12","98553981","98554271","23","76863097"
"JH378110","21704679","21704822","chr1","91208425","91208572","20","69503746"
"JH378110","21732688","21732806","chr7","60103320","60103437","18","38370632"
"JH378110","21733113","21733295","chr5","8690711","8690889","29","13042402"
"JH378110","21754259","21754520","chr12","98490500","98490762","11","76736241"
"JH378110","21815603","21815717","chr6","84350740","84350852","12","62535137"
"JH378110","21836003","21836329","chr3","20674935","20675261","48","1161068"
"JH378110","21915757","21915894","chr12","98329972","98330105","12","76414215"
"JH378110","21916213","21916359","chr2","7522702","7522845","35","14393511"
"JH378110","21933068","21933285","chr13","36379090","36379307","31","14446022"
"JH378110","21943756","21944050","chr12","98300277","98300565","28","76356521"
"JH378110","21988485","21988706","chr12","98248537","98248757","16","76260052"
"JH378110","22008228","22008557","chr21","40928423","40928736","58","18920195"
"JH378110","22010844","22011150","chr12","98225662","98225955","49","76214818"
"JH378110","22031013","22031293","chr12","98205518","98205795","19","76174505"
"JH378110","22038429","22038736","chr5","3450623","3450925","52","18587806"
"JH378110","22061672","22061973","chr1","205971201","205971503","39","183909529"
"JH378110","22087442","22087507","chr1","83892307","83892372","7","61804865"
"JH378110","22100996","22101129","chr14","76103252","76103387","8","54002256"
"JH378110","22118124","22118252","chr6","59743542","59743670","8","37625418"
"JH378110","22137309","22137430","chr2","11411710","11411831","15","10725599"
"JH378110","22139621","22139766","chr2","87442570","87442725","18","65302949"
"JH378110","22140933","22141029","chr20","33335823","33335919","9","11194890"
"JH378110","22190536","22190667","chr9","53457178","53457309","4","31266642"
"JH378110","22222450","22222648","chr9","20354318","20354508","32","1868132"
"JH378110","22234168","22234443","chr2","18745077","18745351","53","3489091"
"JH378110","22241309","22241622","chr9","35365483","35365792","44","13124174"
"JH378110","22262241","22262523","chr15","82844691","82844971","45","60582450"
"JH378110","22262544","22262554","chr9","67642187","67642197","0","45379643"
"JH378110","22264832","22265136","chr12","97944147","97944451","21","75679315"
"JH378110","22276352","22276662","chr12","97933566","97933862","35","75657214"
"JH378110","22293211","22293505","chr12","97917873","97918175","27","75624662"
"JH378110","22323778","22324042","chr1","99917528","99917787","56","77593750"
"JH378110","22324076","22324132","chr5","51032011","51032070","13","28707935"
"JH378110","22334000","22334290","chr12","97877794","97878082","24","75543794"
"JH378110","22341047","22341354","chr12","97870735","97871037","28","75529688"
"JH378110","22366651","22366783","chr1","148638515","148638646","14","126271864"
"JH378110","22388012","22388320","chr12","97823599","97823908","15","75435587"
"JH378110","22424599","22424767","chr1","190608166","190608339","32","168183567"
"JH378110","22428888","22429187","chr12","97783386","97783679","21","75354498"
"JH378110","22464445","22464749","chr12","97747272","97747562","34","75282827"
"JH378110","22471246","22471543","chr12","97741164","97741453","30","75269918"
"JH378110","22481802","22482126","chr12","97730235","97730562","30","75248433"
"JH378110","22500094","22500404","chr12","97713547","97713842","34","75213453"
"JH378110","22506044","22506351","chr12","97707639","97707934","35","75201595"
"JH378110","22531277","22531577","chr5","79478782","79479093","43","56947505"
"JH378110","22582385","22582679","chr12","97632730","97633027","25","75050345"
"JH378110","22599714","22599885","chr1","99543338","99543503","32","76943624"
"JH378110","22605633","22605928","chr3","5696361","5696655","44","16909272"
"JH378110","22697178","22697462","chr12","97515547","97515842","27","74818369"
"JH378110","22713597","22713714","chr2","7297625","7297742","5","15415972"
"JH378110","22773145","22773427","chr12","97440638","97440922","22","74667493"
"JH378110","22798689","22798985","chr12","97414594","97414886","28","74615905"
"JH378110","22813461","22813716","chr12","97398065","97398329","23","74584604"
"JH378110","23029228","23029521","chr12","97163940","97164235","20","74134712"
"JH378110","23041556","23041838","chr12","97151448","97151733","38","74109892"
"JH378110","23118941","23119224","chr12","97081457","97081739","12","73962516"
"JH378110","23172698","23173002","chr12","97028095","97028390","30","73855397"
"JH378110","23177084","23177351","chr12","97022664","97022936","28","73845580"
"JH378110","23177381","23177625","chr12","97022386","97022629","21","73845005"
"JH378110","23209094","23209366","chr12","96990394","96990667","20","73781300"
"JH378110","23278433","23278740","chr3","116724375","116724684","47","93445942"
"JH378110","23332937","23333247","chr12","96865186","96865496","21","73532249"
"JH378110","23395965","23396253","chr12","96787868","96788155","15","73391903"
"JH378110","23565890","23566140","chr4","17930702","17930955","43","5635188"
"JH378110","23598263","23598612","chr4","134656967","134657290","71","111058704"
"JH378110","23598615","23598730","chr9","97876736","97876852","12","74278121"
"JH378110","23605468","23605767","chr12","96545193","96545491","26","72939725"
"JH378110","23615497","23615796","chr1","175169935","175170238","44","151554438"
"JH378110","23761905","23762147","chr5","127415464","127415704","32","103653559"
"JH378110","23801302","23801555","chr12","96336298","96336553","26","72534996"
"JH378110","23835993","23836106","chr1","155730854","155730967","4","131894861"
"JH378110","24016564","24016859","chr12","96119062","96119359","23","72102498"
"JH378110","24104886","24105181","chr12","96031085","96031376","29","71926199"
"JH378110","24251913","24252216","chr12","95877182","95877457","53","71625269"
"JH378110","24301422","24301631","chr5","115375925","115376136","41","91074503"
"JH378110","24337983","24338285","chr9","38642180","38642482","54","14304197"
"JH378110","24352580","24352715","chr6","119091753","119091888","18","94739173"
"JH378110","24353024","24353207","chr5","126809988","126810174","37","102456964"
"JH378110","24369851","24370131","chr5","99443130","99443416","51","75073279"
"JH378110","24487800","24488064","chr12","95614631","95614902","18","71126831"
"JH378110","24571371","24571520","chr5","125295245","125295388","25","100723874"
"JH378110","24623430","24623763","chr12","95483931","95484251","52","70860501"
"JH378110","24640321","24640422","chr3","116618175","116618268","21","91977854"
"JH378110","24712486","24712786","chr12","95395179","95395451","48","70682693"
"JH378110","24720624","24720904","chr12","95387134","95387409","39","70666510"
"JH378110","24745393","24745507","chr1","156806832","156806946","9","132061439"
"JH378110","24785148","24785461","chr11","70948365","70948675","52","46163217"
"JH378110","24796296","24796602","chr3","2060027","2060338","57","22736269"
"JH378110","24866604","24866679","chr3","41456489","41456558","18","16589885"
"JH378110","24866721","24866922","chr10","113796570","113796764","38","88929849"
"JH378110","24912584","24912899","chr12","95186544","95186859","20","70273960"
"JH378110","24928372","24928652","chr12","95170523","95170795","37","70242151"
"JH378110","25161406","25161709","chr12","94933987","94934304","47","69772581"
"JH378110","25225001","25225180","chrX","137222383","137222560","29","111997382"
"JH378110","25225205","25225320","chr16","71456821","71456932","19","46231616"
"JH378110","25226359","25226538","chr12","94866460","94866638","22","69640101"
"JH378110","25261993","25262026","chr7","89714949","89714981","6","64452956"
"JH378110","25262057","25262209","chr15","24926069","24926217","21","335988"
"JH378110","25273583","25273662","chr19","37791973","37792044","19","12518390"
"JH378110","25326392","25326678","chr14","3351225","3351501","56","21975167"
"JH378110","25328778","25329089","chr4","144358040","144358351","65","119029262"
"JH378110","25434361","25434644","chr12","94642586","94642861","26","69208225"
"JH378110","25459760","25459888","chr8","107774576","107774707","5","82314816"
"JH378110","25463873","25464175","chr12","94613912","94614218","22","69150039"
"JH378110","25489496","25489779","chrX","22694913","22695201","44","2794583"
"JH378110","25511073","25511373","chr12","94566154","94566456","28","69055081"
"JH378110","25513113","25513381","chr9","52445691","52445972","37","26932578"
"JH378110","25514220","25514530","chr5","60671568","60671876","47","35157348"
"JH378110","25536136","25536296","chr12","94543827","94543989","22","69007691"
"JH378110","25573910","25574210","chr12","94502451","94502749","22","68928541"
"JH378110","25577869","25578162","chr5","23069909","23070203","40","2507960"
"JH378110","25591125","25591441","chr12","94485071","94485386","43","68893946"
"JH378110","25616739","25617021","chr12","94457764","94458047","25","68841025"
"JH378110","25635677","25635850","chr9","84188187","84188365","25","58552510"
"JH378110","25653830","25654133","chr12","94415643","94415947","29","68761813"
"JH378110","25661367","25661489","chr12","94408060","94408182","3","68746693"
"JH378110","25696485","25696788","chr12","94370724","94371031","24","68674239"
"JH378110","25705422","25705593","chr4","162161723","162161897","24","136456301"
"JH378110","25712896","25713197","chr12","94353762","94354056","34","68640866"
"JH378110","25726807","25727094","chr12","94340588","94340878","32","68613781"
"JH378110","25735223","25735507","chr12","94332659","94332955","33","68597436"
"JH378110","25764502","25764817","chr12","94303075","94303381","33","68538573"
"JH378110","25769915","25770228","chr5","4379233","4379531","42","21390682"
"JH378110","25826178","25826468","chr12","94242781","94243061","37","68416603"
"JH378110","25847004","25847214","chr12","94222818","94223031","26","68375814"
"JH378110","25847526","25847633","chr12","94222398","94222515","21","68374872"
"JH378110","25850157","25850471","chr12","94219609","94219899","40","68369452"
"JH378110","25979900","25980157","chr8","35263563","35263828","48","9283663"
"JH378110","26005107","26005415","chrX","46919415","46919716","44","20914308"
"JH378110","26012960","26013094","chr5","84227278","84227413","13","58214318"
"JH378110","26051597","26051876","chr4","88719082","88719363","37","62667485"
"JH378110","26064594","26064852","chr9","40780213","40780482","68","14715619"
"JH378110","26085149","26085477","chr12","93983149","93983442","55","67898000"
"JH378110","26086108","26086411","chr12","93982197","93982497","30","67896089"
"JH378110","26103938","26104222","chr12","93963838","93964127","21","67859900"
"JH378110","26112479","26112683","chr12","93953801","93954010","22","67841322"
"JH378110","26112932","26113049","chr12","4456142","4456252","25","21656790"
"JH378110","26231384","26231660","chr12","93825935","93826210","17","67594551"
"JH378110","26315427","26315603","chr5","23662964","23663146","24","2652463"
"JH378110","26315636","26315897","chr12","93736465","93736726","33","67420829"
"JH378110","26319461","26319721","chr4","13937821","13938080","38","12381640"
"JH378110","26338273","26338406","chr4","80973109","80973242","7","54634836"
"JH378110","26427399","26427570","chr12","93625807","93625982","19","67198408"
"JH378110","26493277","26493580","chr12","93557816","93558106","40","67064539"
"JH378110","26559149","26559473","chr12","93488544","93488855","46","66929395"
"JH378110","26567473","26567600","chr22","13044120","13044247","8","13523353"
"JH378110","26586097","26586398","chr7","61156414","61156713","48","34570317"
"JH378110","26616491","26616677","chr20","7258491","7258669","40","19358000"
"JH378110","26616706","26616834","chr7","132709218","132709347","17","106092512"
"JH378110","26690877","26690999","chr3","39210041","39210162","13","12519164"
"JH378110","26791999","26792132","chr17","68310478","68310611","19","41518479"
"JH378110","26792440","26792594","chr12","111765550","111765705","25","84973110"
"JH378110","26809476","26809737","chr12","56439004","56439278","59","29629528"
"JH378110","26810085","26810355","chr12","93216203","93216478","20","66406118"
"JH378110","26976747","26977033","chr12","93042004","93042291","31","66065257"
"JH378110","27095531","27095824","chr12","92901842","92902129","26","65806311"
"JH378110","27188892","27189172","chr12","92807942","92808210","42","65619050"
"JH378110","27205007","27205317","chr12","92792491","92792799","22","65587484"
"JH378110","27205486","27205767","chr12","92792040","92792323","22","65586554"
"JH378110","27247806","27248108","chr1","205642532","205642831","56","178394726"
"JH378110","27284321","27284624","chr19","19081542","19081846","46","8202779"
"JH378110","27318953","27319209","chr16","49663113","49663359","53","22344160"
"JH378110","27333905","27334216","chr12","92663637","92663955","25","65329732"
"JH378110","27484881","27485197","chr12","92510060","92510363","37","65025179"
"JH378110","27503029","27503160","chr10","1576634","1576765","9","25926395"
"JH378110","27520301","27520631","chr5","84585008","84585328","51","57064707"
"JH378110","27556815","27557083","chr12","92439004","92439271","23","64882189"
"JH378110","27577651","27577933","chr12","92418209","92418489","29","64840558"
"JH378110","27626019","27626311","chr12","92370275","92370562","35","64744256"
"JH378110","27706726","27707023","chr7","15023739","15024028","48","12682987"
"JH378110","27824032","27824345","chr12","92174363","92174660","36","64350331"
"JH378110","27849266","27849574","chr12","92148342","92148622","45","64299076"
"JH378110","27906883","27906929","chr12","90075242","90075290","8","62168359"
"JH378110","27906930","27907130","chr6","83472421","83472626","25","55565491"
"JH378110","27915508","27915815","chr12","92066901","92067200","29","64151393"
"JH378110","27953064","27953355","chr12","92021918","92022209","16","64068854"
"JH378110","28104764","28104963","chr12","91849943","91850136","20","63745179"
"JH378110","28105722","28105837","chr12","91849064","91849179","5","63743342"
"JH378110","28123492","28123801","chr12","91829260","91829568","23","63705768"
"JH378110","28212850","28212977","chr1","194772737","194772864","8","166559887"
"JH378110","28220403","28220531","chrX","101515698","101515825","9","73295295"
"JH378110","28227691","28227908","chr5","120759378","120759591","33","92531687"
"JH378110","28232124","28232226","chr11","65030736","65030839","12","36798612"
"JH378110","28252588","28252878","chr12","91707957","91708243","21","63455369"
"JH378110","28268156","28268361","chr1","137993907","137994116","33","109725751"
"JH378110","28348096","28348222","chr6","114287453","114287576","10","85939357"
"JH378110","28408723","28408972","chr12","91549861","91550119","25","63141138"
"JH378110","28494848","28495155","chr12","91465317","91465630","31","62970469"
"JH378110","28496118","28496420","chr12","91464360","91464653","30","62968242"
"JH378110","28501404","28501509","chr2","47890092","47890200","16","19388688"
"JH378110","28502804","28502998","chr4","105796442","105796632","21","77293638"
"JH378110","28508039","28508171","chr14","53764663","53764793","11","25256624"
"JH378110","28549960","28550093","chr6","123835632","123835766","23","95285672"
"JH378110","28551518","28551821","chr12","91412123","91412416","35","62860605"
"JH378110","28578136","28578446","chr12","91379289","91379599","31","62801153"
"JH378110","28624975","28625281","chr12","91329638","91329934","27","62704663"
"JH378110","28663848","28664131","chr12","91294833","91295128","24","62630985"
"JH378110","28699303","28699586","chr12","91256843","91257128","12","62557540"
"JH378110","28753409","28753588","chr12","91207843","91208011","19","62454434"
"JH378110","28792716","28792749","chr5","73619062","73619089","9","44826346"
"JH378110","28792781","28793064","chr5","821553","821840","36","27971228"
"JH378110","28798909","28799210","chr12","91156692","91156994","28","62357783"
"JH378110","28810040","28810328","chr12","91146317","91146618","27","62336277"
"JH378110","28880873","28881173","chr12","91073524","91073809","32","62192651"
"JH378110","28974566","28974701","chr12","90964794","90964927","8","61990228"
"JH378110","28974994","28975167","chr12","90964332","90964504","9","61989338"
"JH378110","28976997","28977288","chr6","51892591","51892873","52","22915594"
"JH378110","28979028","28979317","chr12","90960253","90960533","25","61981225"
"JH378110","28987754","28987939","chr12","90952460","90952634","23","61964706"
"JH378110","28988250","28988377","chr12","90952015","90952148","18","61963765"
"JH378110","28988712","28989026","chr2","34504274","34504583","53","5515562"
"JH378110","28992825","28992835","chr7","14995661","14995671","0","13997164"
"JH378110","28993010","28993192","chr12","108536584","108536763","14","79543574"
"JH378110","28995513","28995817","chr12","90945203","90945513","27","61949690"
"JH378110","29020912","29021002","chr12","90921538","90921621","11","61900626"
"JH378110","29024381","29024693","chr12","90918080","90918375","34","61893699"
"JH378110","29033462","29033769","chr9","35365483","35365792","38","6332021"
"JH378110","29042595","29042893","chr12","90901083","90901381","17","61858488"
"JH378110","29045860","29046144","chr12","90890418","90890702","19","61844558"
"JH378110","29057236","29057354","chr11","64887460","64887576","10","35830224"
"JH378110","29057699","29057856","chr10","89360738","89360883","47","60303039"
"JH378110","29062535","29062758","chr12","90874856","90875078","16","61812321"
"JH378110","29063422","29063733","chr12","90873563","90873869","32","61810141"
"JH378110","29082909","29083083","chr8","32880872","32881044","32","3797963"
"JH378110","29083405","29083555","chr4","37598946","37599089","26","8515541"
"JH378110","29115869","29116172","chr12","90823717","90824014","23","61707848"
"JH378110","29117638","29117932","chr8","56934899","56935192","44","27817261"
"JH378110","29119001","29119184","chr13","88941103","88941290","30","59822102"
"JH378110","29122706","29122998","chr12","90816172","90816466","17","61693466"
"JH378110","29123425","29123733","chr12","90815441","90815738","35","61692016"
"JH378110","29127121","29127429","chr12","90811784","90812075","29","61684663"
"JH378110","29128781","29128873","chr3","110948031","110948119","12","81819250"
"JH378110","29128895","29128963","chr15","23855158","23855223","12","5273737"
"JH378110","29131704","29131827","chr9","94381169","94381292","19","65249465"
"JH378110","29141518","29141564","chr12","90796379","90796425","3","61654861"
"JH378110","29142509","29142795","chr12","90795136","90795420","17","61652627"
"JH378110","29153188","29153338","chr12","90785281","90785458","31","61632093"
"JH378110","29153388","29153522","chr15","22697122","22697254","19","6456266"
"JH378110","29168968","29169267","chr12","90764698","90765000","33","61595730"
"JH378110","29183348","29183630","chr12","90747352","90747629","24","61564004"
"JH378110","29185661","29185950","chr12","90745396","90745711","43","61559735"
"JH378110","29186650","29186860","chr2","9195103","9195306","36","19991547"
"JH378110","29189708","29189974","chr7","51691388","51691658","53","22501680"
"JH378110","29193897","29193994","chr1","64914240","64914339","6","35720343"
"JH378110","29197223","29197347","chr1","169332647","169332771","16","140135424"
"JH378110","29200789","29201092","chr12","90731704","90732010","28","61530915"
"JH378110","29209455","29209516","chr2","10936830","10936888","8","18272625"
"JH378110","29213273","29213404","chr12","90723519","90723648","17","61510246"
"JH378110","29215379","29215535","chr3","3405963","3406112","29","25809416"
"JH378110","29238996","29239139","chr8","112442710","112442852","18","83203714"
"JH378110","29249984","29250270","chr9","2205865","2206148","38","27044119"
"JH378110","29260891","29261202","chr12","90677288","90677584","27","61416397"
"JH378110","29262080","29262371","chr12","90676118","90676415","26","61414038"
"JH378110","29268501","29268648","chr8","99355241","99355385","25","70086740"
"JH378110","29272586","29272860","chr12","90652782","90653057","13","61380196"
"JH378110","29274125","29274291","chr6","5215586","5215754","26","24058539"
"JH378110","29283806","29284112","chr12","90642080","90642384","23","61358274"
"JH378110","29284816","29285123","chr12","90640982","90641292","31","61356166"
"JH378110","29293047","29293218","chr6","22088178","22088349","23","7204869"
"JH378110","29293363","29293408","chr17","1388264","1388308","7","27905099"
"JH378110","29314959","29315185","chr16","92628109","92628334","46","63313150"
"JH378110","29326083","29326374","chr12","90582952","90583248","29","61256869"
"JH378110","29331369","29331540","chr1","198550954","198551121","27","169219585"
"JH378110","29339812","29340114","chr1","170645675","170645973","33","141305863"
"JH378110","29442947","29443157","chr1","157577878","157578088","44","128134931"
"JH378110","29463750","29464050","chr9","32209411","32209703","44","2745661"
"JH378110","29464669","29464963","chr12","90447527","90447808","38","60982858"
"JH378110","29467014","29467306","chr12","90445500","90445797","31","60978486"
"JH378110","29476628","29476893","chr1","28012394","28012662","51","1464234"
"JH378110","29484612","29484843","chr15","33003237","33003458","40","3518625"
"JH378110","29506354","29506654","chr12","90407379","90407672","28","60901025"
"JH378110","29511704","29512014","chr12","90402259","90402563","37","60890555"
"JH378110","29513544","29513854","chr4","18308696","18309003","51","11204848"
"JH378110","29519738","29519879","chr12","90396032","90396179","16","60876294"
"JH378110","29526674","29526977","chr12","90388567","90388855","37","60861893"
"JH378110","29527110","29527396","chr5","92639070","92639358","41","63111960"
"JH378110","29539783","29540030","chr12","90375720","90375972","24","60835937"
"JH378110","29541041","29541166","chr9","42591250","42591375","14","13050209"
"JH378110","29541188","29541357","chr9","103695589","103695757","29","74154401"
"JH378110","29556671","29556864","chr7","153026345","153026542","30","123469674"
"JH378110","29557166","29557287","chr14","17282589","17282708","17","12274577"
"JH378110","29558291","29558426","chr20","23719259","23719391","16","5839032"
"JH378110","29558727","29558913","chr5","126809988","126810174","30","97251261"
"JH378110","29559755","29559842","chr21","43041074","43041161","11","13481319"
"JH378110","29568838","29569149","chr12","90341595","90341914","20","60772757"
"JH378110","29572224","29572525","chr12","90338281","90338575","26","60766057"
"JH378110","29583757","29583892","chr12","15084340","15084473","18","14499417"
"JH378110","29584203","29584367","chr10","45731197","45731369","36","16146994"
"JH378110","29598672","29598944","chr12","90313610","90313885","27","60714938"
"JH378110","29603561","29603854","chr1","135836472","135836766","44","106232911"
"JH378110","29605580","29605736","chr22","39354457","39354618","25","9748877"
"JH378110","29608006","29608301","chr12","90303558","90303849","23","60695552"
"JH378110","29613872","29614174","chr12","90298382","90298684","25","60684510"
"JH378110","29618316","29618620","chr12","90293923","90294230","20","60675607"
"JH378110","29620843","29621149","chrX","90294073","90294381","43","60673230"
"JH378110","29624468","29624710","chr6","106907752","106907985","40","77283284"
"JH378110","29625604","29625697","chr19","22310928","22311016","14","7314676"
"JH378110","29633915","29634225","chr12","90275284","90275594","21","60641369"
"JH378110","29640756","29641050","chr12","90269201","90269492","22","60628445"
"JH378110","29642666","29642985","chr12","90267069","90267397","58","60624403"
"JH378110","29654233","29654472","chr1","136775049","136775291","43","107120816"
"JH378110","29656376","29656518","chr5","1067496","1067633","26","28588880"
"JH378110","29656636","29656935","chr12","90254178","90254481","32","60597542"
"JH378110","29657396","29657698","chr12","90253416","90253718","19","60596020"
"JH378110","29667533","29667833","chr17","15984497","15984793","48","13683036"
"JH378110","29670335","29670667","chr4","159256888","159257213","43","129586553"
"JH378110","29680763","29680898","chr9","86159671","86159806","15","56478908"
"JH378110","29681190","29681344","chrX","46506777","46506933","26","16825587"
"JH378110","29706580","29706713","chr12","90205672","90205805","9","60499092"
"JH378110","29706716","29706993","chr20","22812121","22812406","54","6894595"
"JH378110","29712532","29712812","chr12","90199882","90200182","38","60487350"
"JH378110","29736745","29736990","chr12","90176398","90176655","30","60439653"
"JH378110","29757705","29758008","chr12","90154597","90154888","25","60396892"
"JH378110","29765185","29765489","chr12","90147122","90147435","25","60381937"
"JH378110","29792227","29792533","chr12","90121952","90122243","36","60329725"
"JH378110","29797315","29797384","chr12","90117598","90117667","2","60320283"
"JH378110","29797894","29798185","chr1","16798984","16799277","36","12998910"
"JH378110","29802897","29803215","chr12","90112394","90112714","27","60309497"
"JH378110","29807270","29807559","chr12","90109380","90109670","20","60302110"
"JH378110","29822284","29822579","chr5","127579269","127579556","56","97756985"
"JH378110","29833614","29833784","chr12","90084239","90084418","17","60250625"
"JH378110","29841023","29841281","chr19","36245022","36245278","40","6403999"
"JH378110","29841452","29841696","chr12","90075346","90075567","35","60233894"
"JH378110","29841752","29841802","chr1","97334882","97334932","6","67493130"
"JH378110","29842881","29843044","chr12","90074003","90074177","24","60231122"
"JH378110","29864474","29864772","chr12","90055572","90055868","21","60191098"
"JH378110","29892317","29892477","chr20","31344570","31344738","44","1452253"
"JH378110","29947360","29947650","chr12","89974021","89974309","16","60026661"
"JH378110","29974377","29974560","chr2","857641","857825","34","29116736"
"JH378110","29982891","29982969","chrX","38821578","38821652","10","8838687"
"JH378110","29982994","29983136","chr12","89940021","89940164","9","59957027"
"JH378110","29993941","29994102","chr2","55353204","55353364","25","25359263"
"JH378110","30009691","30009938","chr6","115787002","115787262","48","85777311"
"JH378110","30011125","30011424","chr9","116353703","116353999","49","86342578"
"JH378110","30019459","30019714","chr15","25028428","25028690","44","4991031"
"JH378110","30039888","30040019","chr5","134424085","134424225","30","104384197"
"JH378110","30057248","30057406","chr12","5128510","5128668","29","24928738"
"JH378110","30058728","30058907","chr6","117321887","117322062","29","87263159"
"JH378110","30059660","30059945","chr12","89858277","89858553","25","59798617"
"JH378110","30067634","30067811","chr2","49441945","49442134","60","19374311"
"JH378110","30069315","30069478","chr12","89847694","89847857","8","59778379"
"JH378110","30069779","30069913","chr12","89847256","89847390","6","59777477"
"JH378110","30097083","30097205","chr9","38232723","38232843","29","8135640"
"JH378110","30097437","30097554","chr12","89818304","89818421","9","59720867"
"JH378110","30097555","30097847","chr12","89818013","89818303","12","59720458"
"JH378110","30097848","30098016","chr9","14509570","14509734","25","15588278"
"JH378110","30106828","30107074","chr12","86719130","86719366","60","56612302"
"JH378110","30107104","30107217","chr5","133713840","133713954","21","103606736"
"JH378110","30107873","30108158","chr12","89808605","89808881","36","59700732"
"JH378110","30157726","30157794","chr12","89756282","89756348","5","59598556"
"JH378110","30158290","30158300","chr12","89755771","89755781","1","59597481"
"JH378110","30158553","30158770","chr5","115375925","115376136","35","85217372"
"JH378110","30165296","30165591","chr1","200159194","200159489","46","169993898"
"JH378110","30172559","30172714","chr5","106884185","106884345","29","76711626"
"JH378110","30173011","30173157","chr20","21977024","21977169","18","8195987"
"JH378110","30173636","30173885","chr12","89739069","89739290","53","59565433"
"JH378110","30181727","30182000","chr12","89731262","89731535","12","59549535"
"JH378110","30189465","30189757","chr12","89724202","89724494","15","59534737"
"JH378110","30198441","30198758","chr11","116679329","116679640","54","86480888"
"JH378110","30207986","30208266","chr17","9070471","9070757","46","21137515"
"JH378110","30210711","30210987","chr12","89704584","89704869","27","59493873"
"JH378110","30221697","30221998","chr12","89692650","89692958","24","59470953"
"JH378110","30228896","30229012","chr2","87520937","87521056","6","57292041"
"JH378110","30230747","30231037","chr12","89685208","89685510","27","59454461"
"JH378110","30241285","30241593","chr12","89675671","89675974","25","59434386"
"JH378110","30242186","30242374","chr12","89675215","89675414","25","59433029"
"JH378110","30242669","30242845","chr12","89674742","89674921","16","59432073"
"JH378110","30253847","30253970","chr12","3955606","3955727","13","26298241"
"JH378110","30254213","30254341","chr9","54150874","54151001","8","23896661"
"JH378110","30285324","30285626","chr12","89634111","89634415","13","59348787"
"JH378110","30286479","30286780","chr12","89632983","89633289","21","59346504"
"JH378110","30314722","30315008","chr12","89604288","89604593","47","59289566"
"JH378110","30330213","30330504","chr12","89593438","89593745","41","59263225"
"JH378110","30330705","30330935","chr10","94636394","94636633","36","64305689"
"JH378110","30337117","30337361","chr5","76989175","76989429","42","46652058"
"JH378110","30342982","30343142","chr8","93969331","93969490","28","63626349"
"JH378110","30346196","30346353","chr4","155805342","155805491","23","125459146"
"JH378110","30346355","30346418","chr12","89580932","89580996","4","59234577"
"JH378110","30346462","30346766","chr12","89580602","89580888","41","59234140"
"JH378110","30357357","30357622","chr10","100341446","100341721","51","69984089"
"JH378110","30360867","30361168","chr12","89563097","89563400","33","59202230"
"JH378110","30364355","30364664","chr12","89559808","89560083","49","59195453"
"JH378110","30393811","30394110","chr12","89529594","89529886","26","59135783"
"JH378110","30398043","30398114","chr12","89526004","89526075","5","59127961"
"JH378110","30398740","30398839","chr12","89525259","89525355","6","59126519"
"JH378110","30418832","30418962","chr1","197885955","197886086","7","167467123"
"JH378110","30420618","30420729","chr2","68282581","68282689","15","37861963"
"JH378110","30469360","30469667","chr12","89450829","89451115","47","58981469"
"JH378110","30474526","30474694","chr12","89444767","89444926","20","58970241"
"JH378110","30474981","30475119","chr12","28164233","28164369","19","2310748"
"JH378110","30483254","30483563","chr12","89436644","89436958","20","58953390"
"JH378110","30497795","30498098","chr12","89405565","89405858","25","58907770"
"JH378110","30515175","30515210","chr21","26636249","26636289","10","3878926"
"JH378110","30515244","30515383","chr8","44777692","44777825","26","14262448"
"JH378110","30520667","30520971","chr7","57673453","57673753","44","27152786"
"JH378110","30527404","30527556","chr21","12973223","12973376","30","17554181"
"JH378110","30531727","30531856","chr1","184537074","184537202","12","154005347"
"JH378110","30533386","30533663","chr12","89371769","89372063","30","58838383"
"JH378110","30541959","30542250","chr15","77541755","77542042","51","46999796"
"JH378110","30542360","30542516","chr16","91900406","91900567","21","61358046"
"JH378110","30542805","30542938","chr12","89363129","89363262","4","58820324"
"JH378110","30543848","30544105","chrX","106610528","106610784","41","76066680"
"JH378110","30552695","30552981","chr5","129631424","129631712","41","99078729"
"JH378110","30559273","30559333","chr7","4717415","4717478","10","25841858"
"JH378110","30563683","30563976","chr12","89343043","89343343","28","58779360"
"JH378110","30575323","30575624","chr12","89332159","89332456","23","58756836"
"JH378110","30587319","30587630","chr12","89322221","89322530","28","58734902"
"JH378110","30592313","30592618","chr12","89317831","89318137","33","58725518"
"JH378110","30598975","30599282","chr3","142523512","142523815","42","111924537"
"JH378110","30605374","30605543","chr12","89305216","89305389","27","58699842"
"JH378110","30605833","30605983","chr12","89304770","89304928","14","58698937"
"JH378110","30645418","30645527","chr5","141001927","141002036","2","110356509"
"JH378110","30649871","30650187","chr12","89261844","89262160","11","58611973"
"JH378110","30661482","30661770","chr12","89250723","89250996","30","58589241"
"JH378110","30686686","30686981","chr12","89227688","89227979","27","58541002"
"JH378110","30697010","30697172","chr22","39354457","39354618","25","8657447"
"JH378110","30713361","30713578","chr12","89202267","89202475","22","58488906"
"JH378110","30718667","30718974","chr12","89186954","89187246","40","58468287"
"JH378110","30731150","30731280","chrX","63067673","63067804","8","32336523"
"JH378110","30736199","30736484","chr5","65320165","65320457","48","34583966"
"JH378110","30738238","30738537","chr12","89168656","89168958","21","58430418"
"JH378110","30738550","30738628","chr7","70566171","70566248","10","39827621"
"JH378110","30739651","30739766","chrX","8860296","8860407","8","21879355"
"JH378110","30765783","30766067","chr12","89137800","89138077","24","58372017"
"JH378110","30768463","30768754","chr12","89135033","89135331","30","58366570"
"JH378110","30777078","30777095","chr1","172781670","172781687","3","142004592"
"JH378110","30777402","30777462","chr12","89125462","89125521","5","58348060"
"JH378110","30777581","30777606","chr8","112963397","112963423","3","82185816"
"JH378110","30777650","30777930","chrX","20609502","20609780","47","10168148"
"JH378110","30781130","30781255","chr3","150330955","150331082","11","119549825"
"JH378110","30781262","30781562","chr12","61297150","61297444","47","30515888"
"JH378110","30789116","30789254","chr12","89114752","89114890","17","58325636"
"JH378110","30789528","30789830","chr12","89114172","89114471","31","58324644"
"JH378110","30799761","30799866","chr10","55153734","55153840","14","24353973"
"JH378110","30800155","30800284","chr1","201208025","201208152","19","170407870"
"JH378110","30827018","30827179","chr12","89075669","89075830","13","58248651"
"JH378110","30847081","30847360","chr12","89055748","89056028","17","58208667"
"JH378110","30863588","30863722","chr2","34884611","34884745","15","4021023"
"JH378110","30864027","30864188","chr6","134840771","134840934","24","103976744"
"JH378110","30877926","30878193","chr12","9434390","9434662","41","21443536"
"JH378110","30888196","30888303","chr14","75850582","75850688","16","44962386"
"JH378110","30889325","30889429","chr7","128089798","128089906","12","97200473"
"JH378110","30896190","30896399","chr12","89009294","89009511","23","58113104"
"JH378110","30919990","30920297","chr12","88987127","88987424","30","58067137"
"JH378110","30953614","30953912","chr12","88954566","88954857","26","58000952"
"JH378110","30985100","30985275","chr12","88922872","88923047","12","57937772"
"JH378110","31006833","31007102","chr12","88903614","88903877","34","57896781"
"JH378110","31007109","31007410","chr12","88903314","88903606","26","57896205"
"JH378110","31037243","31037457","chr12","4032145","4032353","59","27005098"
"JH378110","31056209","31056511","chr1","142805843","142806144","48","111749634"
"JH378110","31071240","31071538","chr12","88836600","88836902","19","57765360"
"JH378110","31082847","31082964","chr3","159143988","159144099","25","128061141"
"JH378110","31087993","31088286","chr12","88819313","88819612","20","57731320"
"JH378110","31088538","31088802","chr4","150240009","150240273","45","119151471"
"JH378110","31089435","31089742","chr11","122786859","122787166","48","91697424"
"JH378110","31102586","31102889","chr12","88806890","88807187","19","57704304"
"JH378110","31105638","31105955","chr14","87517972","87518286","56","56412334"
"JH378110","31120886","31121182","chr12","88792012","88792315","29","57671126"
"JH378110","31124968","31125059","chr12","88788792","88788885","17","57663824"
"JH378110","31139749","31140069","chr12","88770769","88771079","43","57631020"
"JH378110","31143578","31143860","chr12","88767627","88767898","27","57624049"
"JH378110","31173666","31173975","chr12","88732539","88732841","26","57558873"
"JH378110","31175331","31175462","chr12","88731035","88731166","6","57555704"
"JH378110","31198475","31198780","chr21","37479575","37479884","54","6281100"
"JH378110","31228967","31229251","chr12","88675490","88675776","24","57446523"
"JH378110","31232782","31233061","chr6","16975246","16975530","41","14257536"
"JH378110","31239687","31239927","chr1","71856381","71856612","44","40616694"
"JH378110","31246079","31246378","chr12","88658387","88658692","28","57412308"
"JH378110","31249494","31249793","chr12","88656386","88656653","46","57406892"
"JH378110","31254844","31255157","chrX","62894908","62895218","43","31640064"
"JH378110","31255747","31256049","chr12","88652011","88652305","24","57396264"
"JH378110","31269929","31270223","chr12","88641820","88642115","21","57371891"
"JH378110","31272154","31272453","chr12","88639509","88639800","23","57367355"
"JH378110","31290720","31290813","chr22","361614","361703","15","30929106"
"JH378110","31294662","31294966","chr12","88615913","88616203","26","57321251"
"JH378110","31300404","31300721","chr2","57519700","57520025","58","26219296"
"JH378110","31308387","31308690","chr12","88602578","88602879","22","57294191"
"JH378110","31329204","31329516","chr12","88658387","88658692","33","57329183"
"JH378110","31329743","31329908","chr12","88580979","88581146","13","57251236"
"JH378110","31330699","31330987","chr12","88579871","88580170","35","57249172"
"JH378110","31358710","31358879","chr12","88551908","88552081","22","57193198"
"JH378110","31363371","31363569","chr12","88547415","88547616","16","57184044"
"JH378110","31364180","31364382","chr5","80094167","80094371","28","48729987"
"JH378110","31409416","31409717","chr9","45128940","45129242","45","13719524"
"JH378110","31410535","31410643","chr3","38497000","38497111","17","7086465"
"JH378110","31418530","31418834","chr12","88489841","88490144","29","57071311"
"JH378110","31439608","31439777","chr19","33169536","33169702","25","1729928"
"JH378110","31440090","31440212","chr1","174654297","174654418","23","143214207"
"JH378110","31472975","31473179","chr6","83472421","83472626","28","51999446"
"JH378110","31476807","31477118","chr12","88415056","88415356","27","56938249"
"JH378110","31483947","31484250","chr12","88407593","88407891","25","56923646"
"JH378110","31514087","31514392","chr12","88374812","88375104","34","56860725"
"JH378110","31517879","31518175","chr12","88370843","88371165","40","56852964"
"JH378110","31545582","31545891","chr2","59407410","59407694","56","27861828"
"JH378110","31550873","31551172","chr12","88341086","88341367","38","56790213"
"JH378110","31618688","31618967","chr12","88265936","88266211","27","56647248"
"JH378110","31641511","31641674","chr5","103723122","103723285","30","72081611"
"JH378110","31643789","31644085","chr4","11461591","11461889","37","20182198"
"JH378110","31649813","31649926","chr7","102754335","102754448","4","71104522"
"JH378110","31650289","31650579","chr12","88236784","88237071","16","56586495"
"JH378110","31665627","31665918","chr1","75327417","75327706","39","43661790"
"JH378110","31678690","31678982","chr12","88195997","88196298","36","56517307"
"JH378110","31693770","31694063","chr12","88182249","88182534","21","56488479"
"JH378110","31704769","31704989","chr2","6813105","6813316","34","24891664"
"JH378110","31705287","31705406","chr2","62776552","62776677","25","31071265"
"JH378110","31705449","31705538","chr22","3403184","3403274","11","28302265"
"JH378110","31723754","31723886","chr12","88156514","88156648","10","56432760"
"JH378110","31755962","31756135","chr10","17302293","17302468","25","14453669"
"JH378110","31756171","31756288","chr21","8688664","8688782","26","23067507"
"JH378110","31758223","31758518","chr12","88119998","88120299","24","56361775"
"JH378110","31762114","31762287","chr12","88116342","88116498","27","56354228"
"JH378110","31846219","31846507","chr5","38033571","38033873","41","6187352"
"JH378110","31912218","31912514","chr12","87965821","87966116","26","56053603"
"JH378110","31916713","31917024","chr9","113156443","113156750","50","81239730"
"JH378110","31924390","31924700","chr12","87952831","87953116","37","56028441"
"JH378110","31927538","31927807","chr12","87949273","87949550","23","56021735"
"JH378110","31930544","31930830","chr12","87946203","87946489","14","56015659"
"JH378110","31933997","31934146","chr2","36417375","36417516","24","4483378"
"JH378110","31974341","31974639","chr12","87901643","87901945","23","55927302"
"JH378110","32001294","32001449","chr15","5700423","5700572","32","26300871"
"JH378110","32024711","32024804","chr10","1202695","1202786","9","30822016"
"JH378110","32030426","32030734","chr12","87843417","87843696","40","55812991"
"JH378110","32069478","32069625","chr12","87802852","87802999","5","55733374"
"JH378110","32070745","32071044","chr12","87801432","87801734","18","55730687"
"JH378110","32079097","32079367","chr4","36409503","36409773","41","4330406"
"JH378110","32091360","32091525","chr15","63655212","63655379","30","31563852"
"JH378110","32098142","32098449","chr12","87777173","87777480","27","55679031"
"JH378110","32135137","32135439","chr12","87741350","87741654","28","55606213"
"JH378110","32142185","32142462","chr21","22781237","22781513","46","9360948"
"JH378110","32142831","32143130","chr2","164840469","164840770","45","132697638"
"JH378110","32147034","32147102","chr20","42052233","42052300","6","9905199"
"JH378110","32165313","32165615","chr12","87710771","87711066","28","55545458"
"JH378110","32167152","32167448","chr12","87708725","87709033","34","55541573"
"JH378110","32170367","32170692","chr12","87704167","87704481","31","55533800"
"JH378110","32172608","32172915","chr12","87701392","87701696","24","55528784"
"JH378110","32173373","32173485","chr12","87700806","87700918","10","55527433"
"JH378110","32182380","32182476","chr12","87692206","87692297","5","55509826"
"JH378110","32182509","32182661","chr12","87692025","87692177","11","55509516"
"JH378110","32185812","32186121","chr16","45697232","45697534","47","13511420"
"JH378110","32187241","32187436","chr16","49512659","49512844","40","17325418"
"JH378110","32188265","32188424","chr7","146099357","146099510","24","113911092"
"JH378110","32205821","32206117","chr12","20539936","20540241","56","11665885"
"JH378110","32206364","32206661","chr12","87666088","87666375","31","55459724"
"JH378110","32226773","32226903","chr12","87643106","87643237","9","55416333"
"JH378110","32230615","32230747","chr12","90205672","90205805","22","57975057"
"JH378110","32243546","32243676","chr2","129016185","129016315","9","96772639"
"JH378110","32247653","32247785","chr7","77138211","77138344","16","44890558"
"JH378110","32261667","32261931","chr12","87610338","87610603","12","55348671"
"JH378110","32265718","32266010","chr12","87605910","87606203","15","55340192"
"JH378110","32267381","32267651","chr12","87604274","87604544","21","55336893"
"JH378110","32269466","32269581","chr2","135139537","135139650","7","102870071"
"JH378110","32280217","32280462","chr12","87592777","87593014","14","55312560"
"JH378110","32283180","32283374","chr12","87589885","87590080","14","55306705"
"JH378110","32283797","32283919","chr12","87589343","87589469","21","55305546"
"JH378110","32284361","32284656","chr12","87588666","87588965","21","55304305"
"JH378110","32287941","32288241","chr15","74504711","74505012","42","42216770"
"JH378110","32293314","32293608","chr2","38611768","38612060","39","6318454"
"JH378110","32302770","32303063","chr12","87575357","87575654","40","55272587"
"JH378110","32306877","32307043","chr2","71268535","71268697","31","38961658"
"JH378110","32317231","32317352","chr12","87558217","87558337","11","55240986"
"JH378110","32317735","32317996","chr12","87557550","87557824","23","55239815"
"JH378110","32322855","32322981","chr18","28016644","28016768","14","4306211"
"JH378110","32336209","32336511","chr12","87534130","87534419","31","55197921"
"JH378110","32338547","32338846","chr12","87530472","87530769","16","55191925"
"JH378110","32341047","32341331","chr15","56869263","56869556","51","24528216"
"JH378110","32387661","32387948","chr12","87470986","87471276","24","55083325"
"JH378110","32462442","32462610","chr8","101839280","101839445","33","69376838"
"JH378110","32477356","32477629","chr12","87361903","87362179","21","54884547"
"JH378110","32480364","32480669","chr12","87359002","87359304","19","54878638"
"JH378110","32481001","32481176","chr12","87358526","87358701","16","54877525"
"JH378110","32515530","32515830","chr12","87319923","87320231","38","54804393"
"JH378110","32519875","32519993","chr8","77167749","77167872","20","44647874"
"JH378110","32536430","32536740","chr12","87299510","87299802","41","54763080"
"JH378110","32537105","32537382","chr12","87298846","87299145","42","54761741"
"JH378110","32537662","32537857","chr1","181422524","181422717","22","148884862"
"JH378110","32540540","32540688","chr5","83217752","83217897","21","50677212"
"JH378110","32544092","32544393","chr12","87292192","87292480","34","54748100"
"JH378110","32544397","32544696","chr12","87291870","87292176","22","54747473"
"JH378110","32552931","32553250","chr9","109953303","109953627","61","77400372"
"JH378110","32555329","32555640","chr16","47034124","47034436","43","14478795"
"JH378110","32558079","32558398","chr12","87278492","87278806","37","54720413"
"JH378110","32563488","32563781","chr12","87273205","87273492","46","54709717"
"JH378110","32566651","32566914","chr12","87270065","87270331","25","54703414"
"JH378110","32573620","32573930","chr12","87263537","87263838","36","54689917"
"JH378110","32575343","32575632","chr12","87261768","87262056","26","54686425"
"JH378110","32584650","32584959","chr12","87252475","87252785","22","54667825"
"JH378110","32594131","32594417","chr12","87244371","87244673","31","54650240"
"JH378110","32603923","32604188","chr14","33635636","33635892","51","1031713"
"JH378110","32608566","32608610","chrX","89782639","89782678","10","57174073"
"JH378110","32615959","32616173","chr2","14649848","14650058","33","17966111"
"JH378110","32622679","32622795","chrX","63091468","63091579","20","30468789"
"JH378110","32624364","32624470","chr2","68459447","68459559","13","35835083"
"JH378110","32625799","32625972","chr4","106151800","106151966","27","73526001"
"JH378110","32625998","32626113","chr5","80997457","80997574","13","48371459"
"JH378110","32626417","32626600","chr10","58940557","58940739","36","26314140"
"JH378110","32647948","32648120","chr16","72625626","72625789","37","39977678"
"JH378110","32648457","32648582","chr2","137879508","137879632","14","105231051"
"JH378110","32648618","32648886","chr12","87182692","87182963","27","54534074"
"JH378110","32652384","32652589","chr5","112551489","112551702","46","79899105"
"JH378110","32654469","32654770","chr7","89951395","89951694","56","57296926"
"JH378110","32671953","32672114","chr10","7751256","7751412","29","24920697"
"JH378110","32672415","32672556","chr7","79349314","79349459","21","46676899"
"JH378110","32674084","32674368","chr12","87156653","87156940","24","54482569"
"JH378110","32676471","32676728","chr5","79777680","79777948","57","47101209"
"JH378110","32687346","32687617","chr2","52732951","52733221","57","20045605"
"JH378110","32691362","32691493","chr3","21100957","21101085","34","11590405"
"JH378110","32711248","32711376","chr11","20778758","20778888","16","11932490"
"JH378110","32711413","32711570","chrUn_GL286397","1038728","1038884","21","31672685"
"JH378110","32711906","32712194","chr12","87121336","87121624","27","54409430"
"JH378110","32719669","32719951","chr4","32431985","32432272","41","287684"
"JH378110","32720106","32720235","chr1","197860432","197860563","5","165140326"
"JH378110","32738759","32739054","chr12","87094518","87094814","28","54355759"
"JH378110","32748551","32748843","chr12","87083902","87084178","38","54335351"
"JH378110","32749054","32749216","chr12","87083494","87083657","10","54334440"
"JH378110","32749566","32749876","chr12","87082865","87083155","36","54333299"
"JH378110","32754022","32754322","chr4","73855787","73856085","37","41101765"
"JH378110","32761034","32761342","chr12","87072008","87072307","32","54310974"
"JH378110","32774934","32775238","chr12","87058274","87058577","25","54283340"
"JH378110","32781362","32781646","chr7","45989418","45989698","46","13208056"
"JH378110","32781675","32781692","chr1","81428226","81428243","3","48646551"
"JH378110","32791829","32792007","chr8","77820758","77820937","35","45028929"
"JH378110","32792172","32792306","chr18","4611565","4611700","16","28180607"
"JH378110","32812544","32812836","chr12","87019998","87020290","19","54207454"
"JH378110","32831292","32831573","chr12","87002427","87002701","21","54171135"
"JH378110","32833287","32833548","chr12","87000434","87000683","27","54167147"
"JH378110","32843632","32843953","chr12","86989595","86989905","43","54145963"
"JH378110","32878429","32878720","chr5","108310877","108311160","56","75432448"
"JH378110","32878759","32878782","chr4","157546263","157546285","5","124667504"
"JH378110","32890998","32891152","chrX","40176254","40176406","22","7285256"
"JH378110","32914316","32914441","chr2","14582278","14582400","23","18332038"
"JH378110","32971671","32971981","chr12","86861805","86862100","41","53890134"
"JH378110","32976911","32977033","chr12","86856711","86856825","14","53879800"
"JH378110","32977073","32977251","chr12","86856499","86856674","22","53879426"
"JH378110","32991169","32991435","chr4","32618054","32618320","42","373115"
"JH378110","32991832","32992125","chr12","86841771","86842070","17","53849939"
"JH378110","33004392","33004525","chr7","128584058","128584180","31","95579666"
"JH378110","33007483","33007590","chr6","151448062","151448169","10","118440579"
"JH378110","33019936","33020073","chr2","119402582","119402713","24","86382646"
"JH378110","33045201","33045324","chr2","34813843","34813962","16","1768642"
"JH378110","33061211","33061507","chr12","86751806","86752087","41","53690595"
"JH378110","33077946","33078257","chr12","86736236","86736530","35","53658290"
"JH378110","33081826","33081939","chrUn_GL286451","507784","507896","20","32574042"
"JH378110","33083944","33084251","chr12","86730766","86731068","23","53646822"
"JH378110","33091678","33091820","chr22","10018704","10018844","12","23072974"
"JH378110","33092133","33092298","chr11","16211502","16211667","26","16880631"
"JH378110","33096400","33096639","chr12","86719130","86719366","13","53622730"
"JH378110","33101368","33101504","chr2","8487238","8487371","20","24614130"
"JH378110","33101810","33101981","chr2","15215149","15215327","27","17886661"
"JH378110","33109245","33109366","chr2","46993037","46993159","18","13883792"
"JH378110","33109406","33109561","chr8","12119190","12119346","24","20990216"
"JH378110","33128584","33128880","chr12","86687724","86688035","36","53559140"
"JH378110","33139384","33139504","chr9","108576603","108576720","19","75437219"
"JH378110","33145057","33145202","chr2","2103830","2103973","19","31041227"
"JH378110","33145832","33146128","chr17","43979340","43979632","38","10833508"
"JH378110","33148088","33148382","chrX","107493315","107493606","53","74345227"
"JH378110","33209964","33210265","chr12","86593299","86593574","41","53383335"
"JH378110","33215102","33215398","chr12","86588257","86588550","19","53373155"
"JH378110","33216124","33216426","chr12","86587240","86587542","21","53371116"
"JH378110","33222547","33222856","chr3","75194975","75195274","53","41972428"
"JH378110","33317764","33317945","chr10","22497053","22497234","30","10820711"
"JH378110","33327541","33327714","chr12","86439242","86439407","19","53111701"
"JH378110","33328020","33328154","chr12","86438803","86438937","3","53110783"
"JH378110","33366345","33366644","chr18","38469349","38469638","52","5103004"
"JH378110","33449262","33449561","chr17","26482397","26482693","48","6966865"
"JH378110","33468086","33468367","chr12","86259397","86259675","14","52791311"
"JH378110","33474696","33474778","chr1","18756022","18756101","26","14718674"
"JH378110","33491226","33491516","chr12","86225627","86225903","36","52734401"
"JH378110","33509479","33509762","chr12","86184529","86184801","38","52675050"
"JH378110","33560212","33560508","chr12","86118215","86118516","24","52558003"
"JH378110","33626474","33626666","chr1","198712476","198712670","41","165086002"
"JH378110","33682770","33683063","chr12","85991904","85992191","25","52309134"
"JH378110","33757196","33757512","chr12","85882012","85882320","41","52124816"
"JH378110","33771463","33771680","chr12","85869651","85869869","13","52098188"
"JH378110","33772484","33772598","chr5","110083514","110083621","31","76311030"
"JH378110","33787983","33788243","chr12","85853584","85853844","20","52065601"
"JH378110","33830453","33830751","chr12","85808803","85809097","20","51978350"
"JH378110","33874500","33874809","chr2","154478092","154478404","64","120603592"
"JH378110","33974326","33974619","chr12","85632270","85632561","17","51657944"
"JH378110","34000013","34000125","chr16","56990313","56990434","20","22990300"
"JH378110","34000150","34000162","chr1","205006706","205006719","2","171006556"
"JH378110","34037121","34037430","chr1","199232878","199233180","49","165195757"
"JH378110","34046776","34047067","chr6","16914360","16914655","43","17132416"
"JH378110","34047090","34047108","chr7","15162960","15162975","3","18884130"
"JH378110","34115568","34115864","chr7","93971432","93971725","46","59855864"
"JH378110","34155801","34156100","chr12","85431123","85431419","24","51275322"
"JH378110","34193843","34194165","chr12","85393113","85393413","36","51199270"
"JH378110","34255395","34255693","chr12","85329391","85329689","21","51073996"
"JH378110","34257446","34257749","chr12","85327360","85327644","31","51069914"
"JH378110","34270251","34270334","chr1","150523609","150523692","7","116253358"
"JH378110","34296820","34297136","chr12","85288641","85288944","39","50991821"
"JH378110","34352230","34352511","chr7","155820694","155820974","17","121468464"
"JH378110","34404572","34404858","chr12","85168119","85168406","21","50763547"
"JH378110","34421897","34422200","chr12","85150345","85150646","36","50728448"
"JH378110","34454073","34454409","chr2","124987488","124987819","60","90533415"
"JH378110","34654521","34654625","chr1","204449952","204450054","15","169795431"
"JH378110","34658349","34658441","chr4","18101456","18101546","16","16556893"
"JH378110","34658747","34658917","chr5","39921585","39921759","50","5262838"
"JH378110","34669029","34669153","chr1","179586986","179587106","20","144917957"
"JH378110","34669197","34669374","chr10","123205858","123206031","28","88536661"
"JH378110","34675742","34675965","chr12","84899486","84899711","16","50223744"
"JH378110","34682146","34682435","chr12","84893028","84893319","26","50210882"
"JH378110","34688167","34688459","chr12","84887024","84887316","22","50198857"
"JH378110","34700370","34700492","chrX","50981372","50981497","15","16281002"
"JH378110","34700518","34700704","chr12","90156907","90157087","35","55456389"
"JH378110","34701817","34702130","chr12","84872092","84872405","25","50170275"
"JH378110","34710542","34710835","chr12","84865550","84865846","18","50155008"
"JH378110","34716367","34716659","chr12","84859742","84860036","20","50143375"
"JH378110","34723039","34723322","chr12","84853094","84853368","24","50130055"
"JH378110","34754709","34754998","chr12","84822164","84822461","19","50067455"
"JH378110","34773073","34773245","chr9","42544487","42544654","21","7771414"
"JH378110","34773350","34773487","chr1","171672023","171672158","12","136898673"
"JH378110","34779985","34780291","chr12","84794527","84794827","22","50014542"
"JH378110","34781915","34782206","chr12","84792655","84792943","14","50010740"
"JH378110","34791369","34791609","chr12","84783060","84783306","18","49991691"
"JH378110","34792705","34793001","chr12","84781668","84781968","30","49988963"
"JH378110","34796948","34797233","chr12","11796119","11796409","57","23000829"
"JH378110","34802210","34802509","chr12","84773648","84773946","22","49971438"
"JH378110","34802825","34803113","chr4","73855787","73856085","56","39052962"
"JH378110","34813021","34813298","chr12","84762057","84762317","35","49949036"
"JH378110","34822838","34823130","chr12","84753406","84753695","26","49930568"
"JH378110","34831680","34831858","chr12","84744186","84744351","28","49912506"
"JH378110","34848327","34848626","chr12","84725513","84725809","29","49877186"
"JH378110","34854068","34854357","chr12","84719737","84720025","16","49865669"
"JH378110","34855621","34855902","chr17","8399758","8400042","53","26455863"
"JH378110","34855929","34855949","chr18","25034985","25035006","1","9820944"
"JH378110","34868429","34868547","chr1","78012666","78012787","18","43144237"
"JH378110","34868575","34868734","chr19","33169536","33169702","31","1699039"
"JH378110","34869576","34869902","chr12","84704546","84704856","38","49834970"
"JH378110","34879049","34879173","chrX","69018830","69018965","18","34139781"
"JH378110","34879176","34879290","chr12","608648","608761","4","34270528"
"JH378110","34879318","34879496","chr18","38526425","38526603","30","3647107"
"JH378110","34879888","34880197","chr7","89794078","89794392","49","54914190"
"JH378110","34881623","34881792","chr12","84692767","84692931","22","49811144"
"JH378110","34886419","34886558","chr12","84688532","84688675","11","49802113"
"JH378110","34886705","34887015","chr12","84688093","84688389","34","49801388"
"JH378110","34891005","34891258","chr22","22903557","22903805","45","11987448"
"JH378110","34892628","34892903","chrX","118493700","118493974","46","83601072"
"JH378110","34902090","34902373","chr1","171781425","171781722","48","136879335"
"JH378110","34917020","34917323","chr6","154406999","154407296","41","119489979"
"JH378110","34923327","34923631","chr7","40815626","40815929","39","5892299"
"JH378110","34933345","34933636","chr12","84636322","84636622","36","49702977"
"JH378110","34946352","34946478","chr8","71670077","71670201","6","36723725"
"JH378110","34953771","34953878","chr6","151448062","151448169","11","116494291"
"JH378110","34963946","34964110","chr12","84604307","84604471","11","49640361"
"JH378110","34964418","34964552","chr12","84603866","84603999","13","49639448"
"JH378110","34996484","34996616","chr5","98974762","98974893","7","63978278"
"JH378110","35005696","35005972","chr22","14116317","14116598","45","20889379"
"JH378110","35010456","35010750","chr12","84559045","84559369","46","49548589"
"JH378110","35022485","35022647","chr1","61060975","61061143","25","26038490"
"JH378110","35051352","35051625","chr1","153365173","153365438","46","118313821"
"JH378110","35053051","35053361","chr12","84518100","84518404","29","49465049"
"JH378110","35058757","35058892","chrX","107012158","107012293","17","71953401"
"JH378110","35059175","35059335","chr21","45600254","45600429","43","10541079"
"JH378110","35060332","35060639","chr12","84510007","84510318","21","49449675"
"JH378110","35062291","35062575","chr7","74450395","74450682","48","39388104"
"JH378110","35062919","35063053","chr2","62742809","62742951","34","27679890"
"JH378110","35063342","35063485","chr12","84506119","84506260","14","49442777"
"JH378110","35065482","35065777","chr5","78725005","78725304","55","43659523"
"JH378110","35071811","35072018","chr10","43354409","43354617","33","8282598"
"JH378110","35074634","35074815","chr17","63051222","63051402","27","27976588"
"JH378110","35089567","35089802","chrX","7342906","7343162","55","27746661"
"JH378110","35089964","35090082","chr8","75165861","75165978","17","40075897"
"JH378110","35091375","35091671","chr11","77187421","77187711","23","42096046"
"JH378110","35092502","35092811","chr11","77186292","77186600","23","42093790"
"JH378110","35103218","35103345","chr5","5563458","5563585","7","29539760"
"JH378110","35108887","35108910","chr7","103090165","103090189","3","67981278"
"JH378110","35109060","35109154","chr14","78674973","78675073","21","43565913"
"JH378110","35111968","35112240","chr22","263923","264202","44","34848045"
"JH378110","35130518","35130726","chrX","14942375","14942591","28","20188143"
"JH378110","35133948","35134012","chr10","27579641","27579702","12","7554307"
"JH378110","35139397","35139619","chr1","204449259","204449489","31","169309862"
"JH378110","35140890","35140972","chr8","2844805","2844884","6","32296085"
"JH378110","35144326","35144605","chr12","84439445","84439733","26","49295119"
"JH378110","35146705","35146809","chr1","204449952","204450054","10","169303247"
"JH378110","35147288","35147361","chr15","34041530","34041603","9","1105758"
"JH378110","35153678","35153821","chr5","100080028","100080163","18","64926350"
"JH378110","35154078","35154254","chr5","65422144","65422322","36","30268066"
"JH378110","35156534","35156698","chr12","84429512","84429679","11","49272978"
"JH378110","35163595","35163899","chr12","84421400","84421699","23","49257805"
"JH378110","35178565","35178603","chr1","181701697","181701729","8","146523132"
"JH378110","35179027","35179201","chr6","119537451","119537628","36","84358424"
"JH378110","35201536","35201668","chr12","84383665","84383801","8","49182129"
"JH378110","35213999","35214283","chr12","84368915","84369214","45","49154916"
"JH378110","35221874","35222186","chr12","84363201","84363502","41","49141327"
"JH378110","35237496","35237609","chr7","148817794","148817908","8","113580298"
"JH378110","35239287","35239590","chr12","84346644","84346952","21","49107357"
"JH378110","35279722","35280022","chr12","84309759","84310051","32","49030037"
"JH378110","35284743","35285042","chr6","35880464","35880767","46","595721"
"JH378110","35341519","35341696","chr12","84248885","84249058","20","48907366"
"JH378110","35376025","35376331","chr12","84210882","84211186","24","48834857"
"JH378110","35379262","35379493","chr12","84207321","84207539","30","48828059"
"JH378110","35379525","35379799","chr12","84207019","84207318","41","48827494"
"JH378110","35379809","35380029","chr10","100302941","100303152","46","64923132"
"JH378110","35419943","35420251","chr12","84166528","84166827","22","48746585"
"JH378110","35476003","35476298","chr12","84108250","84108545","12","48632247"
"JH378110","35484605","35484899","chr12","84098444","84098729","24","48613839"
"JH378110","35491227","35491389","chr16","25382349","25382514","18","10108878"
"JH378110","35491697","35491829","chr9","112507166","112507303","17","77015469"
"JH378110","35531022","35531296","chr12","84030340","84030611","23","48499318"
"JH378110","35536146","35536454","chr12","84025443","84025744","30","48489297"
"JH378110","35573692","35573988","chr12","83991227","83991529","27","48417535"
"JH378110","35575414","35575564","chr12","83989309","83989451","17","48413895"
"JH378110","35601106","35601239","chr2","153675368","153675500","9","118074262"
"JH378110","35619993","35620123","chr15","67977446","67977575","8","32357453"
"JH378110","35620598","35620900","chr16","45697232","45697534","44","10076634"
"JH378110","35637517","35637627","chr2","127817597","127817710","11","92180080"
"JH378110","35666857","35667161","chr12","83899902","83900197","29","48233045"
"JH378110","35677261","35677392","chr12","83889940","83890073","11","48212679"
"JH378110","35681055","35681223","chr5","19281776","19281944","31","16399279"
"JH378110","35682626","35682754","chr7","57932560","57932687","9","22249934"
"JH378110","35687518","35687684","chr6","84734901","84735067","28","49047383"
"JH378110","35694507","35694648","chr2","3522720","3522856","25","32171787"
"JH378110","35701347","35701480","chr12","83869695","83869828","13","48168348"
"JH378110","35701481","35701779","chr12","83869829","83870145","41","48168348"
"JH378110","35701780","35702085","chr12","83870153","83870451","24","48168373"
"JH378110","35702413","35702560","chr12","83870793","83870920","31","48168380"
"JH378110","35707696","35708004","chr12","83873918","83874212","30","48166222"
"JH378110","35715426","35715687","chr12","83847915","83848198","58","48132489"
"JH378110","35717621","35717926","chr12","83845501","83845802","30","48127880"
"JH378110","35723628","35723899","chr12","83834248","83834533","28","48110620"
"JH378110","35725878","35726077","chr3","127094636","127094835","26","91368758"
"JH378110","35738963","35739274","chr12","83819978","83820291","32","48081015"
"JH378110","35741762","35742024","chr12","83816570","83816866","45","48074808"
"JH378110","35753320","35753450","chr4","73983878","73984010","11","38230558"
"JH378110","35760124","35760280","chr12","50831705","50831860","24","15071581"
"JH378110","35761899","35762190","chr12","83798430","83798717","18","48036531"
"JH378110","35763737","35763850","chr22","15159878","15159977","37","20603859"
"JH378110","35769179","35769457","chr1","181037788","181038061","40","145268609"
"JH378110","35772334","35772633","chr12","83789206","83789505","22","48016872"
"JH378110","35774943","35775236","chr12","83786591","83786880","19","48011648"
"JH378110","35782035","35782335","chr12","83780418","83780719","16","47998383"
"JH378110","35807628","35807927","chr12","83755732","83756043","38","47948104"
"JH378110","35837121","35837423","chrX","22371363","22371659","45","13465758"
"JH378110","35845600","35845912","chr12","83717771","83718079","24","47872171"
"JH378110","35848295","35848605","chr12","83714772","83715081","23","47866477"
"JH378110","35876116","35876434","chr5","60671568","60671876","51","24795452"
"JH378110","35971884","35972120","chr12","83582039","83582264","21","47610155"
"JH378110","35972566","35972853","chr12","83581285","83581583","33","47608719"
"JH378110","36053218","36053494","chr12","83501245","83501497","42","47448027"
"JH378110","36067890","36068027","chr5","429834","429971","20","35638056"
"JH378110","36156686","36156957","chr12","83399703","83399986","40","47243017"
"JH378110","36182221","36182332","chr17","6070103","6070216","7","30112118"
"JH378110","36221983","36222270","chr12","83334972","83335257","27","47112989"
"JH378110","36222315","36222333","chr12","83334913","83334931","0","47112598"
"JH378110","36229089","36229383","chr12","83327877","83328165","23","47098788"
"JH378110","36241511","36241642","chr12","83314886","83315017","3","47073375"
"JH378110","36257596","36257893","chr12","83301903","83302198","25","47044307"
"JH378110","36295697","36296002","chr12","83258942","83259275","51","46963245"
"JH378110","36296209","36296495","chr4","151189058","151189346","57","114892849"
"JH378110","36323675","36323927","chr2","171568921","171569174","34","135245246"
"JH378110","36330493","36330787","chr12","83219235","83219543","38","46888742"
"JH378110","36365725","36366028","chr12","83181260","83181565","26","46815535"
"JH378110","36371222","36371504","chr12","83176364","83176645","19","46805142"
"JH378110","36398794","36399020","chr16","94431544","94431772","38","58032750"
"JH378110","36423871","36424154","chr12","83123927","83124198","35","46700056"
"JH378110","36433428","36433547","chr2","87520937","87521056","4","51087509"
"JH378110","36440307","36440582","chr12","83109037","83109310","20","46668730"
"JH378110","36453082","36453226","chr12","83096523","83096676","21","46643441"
"JH378110","36453258","36453380","chr12","83096363","83096486","10","46643105"
"JH378110","36479977","36480051","chr12","83068296","83068369","5","46588319"
"JH378110","36524257","36524382","chr7","10373769","10373891","14","26150488"
"JH378110","36524410","36524591","chr1","170453630","170453809","28","133929220"
"JH378110","36538703","36539007","chr12","83010327","83010624","28","46471624"
"JH378110","36544188","36544496","chr12","82998150","82998459","25","46453962"
"JH378110","36568617","36568890","chr11","28412219","28412492","51","8156398"
"JH378110","36586561","36586858","chr12","82951637","82951933","20","46365076"
"JH378110","36627508","36627801","chr17","74066448","74066740","44","37438940"
"JH378110","36706086","36706215","chr9","39174562","39174689","22","2468476"
"JH378110","36738981","36739104","chr1","98234722","98234844","8","61495741"
"JH378110","36750741","36751041","chr12","82791885","82792195","41","46041144"
"JH378110","36778852","36779194","chr12","82763791","82764128","27","45984939"
"JH378110","36784945","36785250","chr12","82758192","82758495","29","45973247"
"JH378110","36816339","36816453","chr1","155730854","155730967","9","118914515"
"JH378110","36847129","36847426","chr2","16239930","16240232","48","20607199"
"JH378110","36863339","36863469","chr1","197885955","197886086","6","161022616"
"JH378110","36864469","36864668","chrX","38515909","38516109","28","1651440"
"JH378110","36887433","36887733","chr12","82649305","82649609","23","45761872"
"JH378110","36904236","36904352","chr12","82631484","82631592","14","45727248"
"JH378110","36909121","36909232","chr12","82626401","82626513","7","45717280"
"JH378110","36913991","36914249","chr20","21415815","21416075","32","15498176"
"JH378110","36916847","36917049","chrX","38515909","38516109","28","1599062"
"JH378110","36921004","36921312","chr12","82615564","82615871","22","45694560"
"JH378110","36929833","36930156","chr12","82606259","82606557","42","45676426"
"JH378110","36961445","36961731","chr12","82574152","82574446","29","45612707"
"JH378110","36975486","36975777","chr8","86840497","86840790","45","49865011"
"JH378110","36987264","36987354","chr11","111638285","111638371","10","74651021"
"JH378110","36988449","36988724","chr4","43326497","43326775","41","6338048"
"JH378110","37013218","37013306","chr12","82523427","82523514","8","45510209"
"JH378110","37041143","37041153","chr10","16233487","16233498","1","20807656"
"JH378110","37041184","37041466","chr9","35058956","35059240","49","1982228"
"JH378110","37044329","37044585","chr2","49431779","49432036","42","12387450"
"JH378110","37052031","37052341","chr12","82482984","82483285","22","45430953"
"JH378110","37055517","37055792","chr12","82479641","82479901","29","45424124"
"JH378110","37064064","37064370","chr12","82471116","82471412","32","45407052"
"JH378110","37107370","37107632","chr12","82425811","82426075","13","45318441"
"JH378110","37112702","37112855","chr12","82421166","82421319","5","45308464"
"JH378110","37195219","37195230","chr2","148386820","148386831","0","111191601"
"JH378110","37195251","37195371","chr7","48921583","48921703","14","11726332"
"JH378110","37225971","37226180","chr13","63753015","63753225","40","26527044"
"JH378110","37230689","37230978","chr12","82301256","82301545","21","45070567"
"JH378110","37231909","37232193","chr12","82300030","82300315","24","45068121"
"JH378110","37237380","37237688","chr20","12333419","12333726","42","24903961"
"JH378110","37259845","37260132","chr12","82270374","82270673","24","45010529"
"JH378110","37268900","37269255","chr15","206769","207105","70","37062131"
"JH378110","37304720","37305011","chr12","82225950","82226238","25","44921230"
"JH378110","37429272","37429564","chr6","95894627","95894914","53","58465355"
"JH378110","37471290","37471574","chrX","107565678","107565955","38","70094388"
"JH378110","37505833","37506132","chr16","45697232","45697534","39","8191399"
"JH378110","37597050","37597337","chr12","81741788","81742075","18","44144738"
"JH378110","37650088","37650377","chr5","96904740","96905032","38","59254652"
"JH378110","37681735","37682027","chr12","81633253","81633571","37","43951518"
"JH378110","37717292","37717470","chr1","141409911","141410085","30","103692619"
"JH378110","37717543","37717663","chr1","179586986","179587106","14","141869443"
"JH378110","37722631","37722787","chr12","81587069","81587224","4","43864438"
"JH378110","37735607","37735737","chr6","28503046","28503176","6","9232561"
"JH378110","37795093","37795227","chr4","13969739","13969873","12","23825354"
"JH378110","37795267","37795427","chr1","118635771","118635931","28","80840504"
"JH378110","37813884","37814148","chr12","81483487","81483739","28","43669603"
"JH378110","37828699","37828971","chr5","128523504","128523773","45","90694805"
"JH378110","37832717","37832988","chr12","81462423","81462694","19","43629706"
"JH378110","37853116","37853414","chr12","81445571","81445873","17","43592455"
"JH378110","37857609","37857912","chr12","81434259","81434563","22","43576650"
"JH378110","37860807","37861078","chr12","81431840","81432120","31","43571033"
"JH378110","37869933","37870215","chr1","176454612","176454901","48","138584679"
"JH378110","37880781","37881075","chr12","81413907","81414184","35","43533126"
"JH378110","37924404","37924598","chr12","105357685","105357869","36","67433281"
"JH378110","37938235","37938507","chr12","81360362","81360611","49","43422127"
"JH378110","37939709","37940016","chr12","81358870","81359177","22","43419161"
"JH378110","37973301","37973463","chr14","78194785","78194934","31","40221484"
"JH378110","37987500","37987833","chr2","72606491","72606816","39","34618991"
"JH378110","37997528","37997688","chr22","39354457","39354618","24","1356929"
"JH378110","37997992","37998123","chr6","16984872","16985002","19","21013120"
"JH378110","38012362","38012644","chr12","81268253","81268531","19","43255891"
"JH378110","38023028","38023291","chr15","3649410","3649670","48","34373618"
"JH378110","38044119","38044423","chr14","71407237","71407543","40","33363118"
"JH378110","38053681","38053984","chr12","81218453","81218755","21","43164772"
"JH378110","38102472","38102612","chr12","81171966","81172106","7","43069494"
"JH378110","38102613","38102907","chr12","81171664","81171965","20","43069051"
"JH378110","38102908","38103049","chr12","81171524","81171663","11","43068616"
"JH378110","38103657","38103968","chr12","81170621","81170922","27","43066964"
"JH378110","38121647","38121936","chr12","81152042","81152325","31","43030395"
"JH378110","38135037","38135345","chr12","82017022","82017324","29","43881985"
"JH378110","38204985","38205284","chr16","45697232","45697534","37","7492247"
"JH378110","38229132","38229426","chr12","81025199","81025499","20","42796067"
"JH378110","38234017","38234310","chr12","81020485","81020781","24","42786468"
"JH378110","38301210","38301376","chr12","80931499","80931674","35","42630289"
"JH378110","38301412","38301510","chr1","182020397","182020493","19","143718985"
"JH378110","38333988","38334277","chr12","80900977","80901266","30","42566989"
"JH378110","38401114","38401317","chr1","198922830","198923027","28","160521716"
"JH378110","38406989","38407279","chr12","80816612","80816902","21","42409623"
"JH378110","38432846","38433138","chr17","26482397","26482693","44","11950449"
"JH378110","38442223","38442489","chr12","80778189","80778455","16","42335966"
"JH378110","38548342","38548458","chr12","80658387","80658506","11","42110045"
"JH378110","38548507","38548667","chr12","80658158","80658323","15","42109651"
"JH378110","38613266","38613429","chr12","175225","175391","21","38438041"
"JH378110","38623164","38623469","chr9","101902294","101902598","44","63279130"
"JH378110","38629027","38629298","chr12","80579215","80579486","20","41950188"
"JH378110","38644174","38644443","chr12","80564887","80565153","24","41920713"
"JH378110","38714548","38714852","chr12","80493749","80494060","22","41779201"
"JH378110","38720536","38720769","chr8","105704371","105704601","40","66983835"
"JH378110","38727165","38727245","chr5","116760231","116760311","13","78033066"
"JH378110","38740109","38740394","chr7","145032032","145032314","40","106291923"
"JH378110","38745158","38745443","chr12","80462091","80462379","18","41716933"
"JH378110","38751385","38751549","chr12","80456071","80456227","16","41704686"
"JH378110","38802797","38803107","chr12","80404729","80405036","22","41601932"
"JH378110","38810284","38810613","chr9","107382137","107382469","60","68571853"
"JH378110","38826444","38826737","chr10","8186446","8186735","37","30639998"
"JH378110","38829329","38829554","chr1","34333058","34333277","34","4496271"
"JH378110","38832963","38833272","chr12","80374974","80375268","33","41542011"
"JH378110","38835376","38835499","chr15","20389604","20389735","18","18445772"
"JH378110","38837813","38838110","chr12","80369753","80370051","19","41531940"
"JH378110","38853411","38853716","chr12","80358430","80358714","38","41505019"
"JH378110","38862645","38862955","chr12","80344587","80344897","21","41481942"
"JH378110","38870224","38870533","chr12","80329327","80329618","33","41459103"
"JH378110","38902216","38902498","chr12","80301189","80301473","29","41398973"
"JH378110","38914081","38914389","chr12","80286750","80287048","34","41372669"
"JH378110","38916200","38916523","chr12","5102239","5102554","49","33813961"
"JH378110","38922025","38922318","chr12","80278564","80278867","26","41356539"
"JH378110","38936983","38937285","chr12","80263497","80263802","28","41326514"
"JH378110","38938449","38938742","chr12","80262043","80262336","16","41323594"
"JH378110","38946150","38946319","chr12","80254935","80255099","18","41308785"
"JH378110","38946623","38946758","chr12","80254498","80254633","5","41307875"
"JH378110","39001790","39002151","chr16","69518612","69518960","82","30516822"
"JH378110","39010122","39010238","chr12","80189726","80189846","13","41179604"
"JH378110","39012285","39012586","chr12","80187391","80187689","23","41175106"
"JH378110","39022421","39022711","chr11","130019489","130019780","45","90997068"
"JH378110","39039947","39040254","chr12","80157998","80158302","19","41118051"
"JH378110","39043294","39043375","chr15","54093615","54093698","8","15050321"
"JH378110","39044694","39044986","chr17","74066448","74066740","39","35021754"
"JH378110","39046234","39046532","chr12","80151638","80151927","24","41105404"
"JH378110","39061481","39061783","chr12","80134616","80134918","35","41073135"
"JH378110","39078182","39078323","chr14","79788142","79788277","23","40709960"
"JH378110","39078627","39078766","chr5","125648855","125649000","24","86570228"
"JH378110","39102485","39102784","chr12","80098503","80098802","17","40996018"
"JH378110","39117339","39117533","chr5","121120240","121120427","33","82002901"
"JH378110","39135126","39135434","chr7","11839788","11840085","43","27295338"
"JH378110","39139644","39139660","chrX","131024374","131024390","2","91884730"
"JH378110","39139684","39139971","chr4","160161399","160161683","45","121021715"
"JH378110","39166252","39166392","chr5","106186659","106186796","17","67020407"
"JH378110","39183064","39183198","chr12","80012826","80012956","13","40829762"
"JH378110","39194864","39195156","chr9","101246506","101246796","45","62051642"
"JH378110","39247436","39247749","chr12","79947836","79948150","29","40700400"
"JH378110","39252048","39252343","chr12","79943038","79943332","23","40690990"
"JH378110","39257152","39257282","chr12","79938055","79938185","5","40680903"
"JH378110","39260176","39260286","chr1","64914240","64914339","18","25654064"
"JH378110","39270312","39270617","chr12","79925930","79926232","28","40655618"
"JH378110","39302012","39302284","chr12","79892462","79892732","36","40590450"
"JH378110","39327257","39327567","chr12","79868141","79868442","36","40540884"
"JH378110","39344484","39344779","chr12","79850563","79850865","26","40506079"
"JH378110","39377547","39377824","chr12","79816989","79817260","22","40439442"
"JH378110","39378929","39379235","chr12","79815979","79816290","19","40437050"
"JH378110","39428046","39428181","chr14","19131488","19131622","12","20296558"
"JH378110","39428490","39428674","chr12","3874129","3874315","26","35554361"
"JH378110","39446465","39446744","chr12","79743614","79743913","42","40297149"
"JH378110","39492498","39492774","chr5","142544093","142544375","51","103051595"
"JH378110","39501122","39501433","chr12","79680234","79680540","18","40179112"
"JH378110","39512125","39512427","chr12","79669510","79669812","21","40157385"
"JH378110","39524540","39524808","chr4","36513889","36514142","40","3010651"
"JH378110","39528805","39529102","chr12","79653286","79653581","23","40124481"
"JH378110","39549949","39550249","chr12","79632189","79632483","22","40082240"
"JH378110","39570412","39570713","chr5","60671568","60671876","47","21101156"
"JH378110","39574533","39574653","chr15","8747923","8748044","16","30826610"
"JH378110","39574688","39574868","chr5","8690711","8690889","26","30883977"
"JH378110","39584834","39584965","chr7","51112475","51112609","15","11527641"
"JH378110","39586629","39586905","chr12","79596935","79597208","21","40010306"
"JH378110","39590291","39590577","chr12","79593593","79593885","25","40003302"
"JH378110","39610519","39610815","chr12","79573519","79573817","15","39963000"
"JH378110","39614976","39615085","chr12","79568958","79569067","5","39953982"
"JH378110","39631025","39631331","chr12","79549440","79549743","24","39918415"
"JH378110","39635763","39636061","chr12","79544794","79545089","34","39909031"
"JH378110","39642431","39642726","chr12","79538128","79538433","25","39895697"
"JH378110","39660980","39661273","chr4","13068412","13068699","45","26592568"
"JH378110","39675171","39675307","chr6","148307662","148307797","14","108632491"
"JH378110","39699148","39699437","chr11","126162405","126162703","43","86463257"
"JH378110","39703474","39703688","chr12","79477034","79477251","20","39773560"
"JH378110","39727241","39727548","chr12","79455189","79455492","24","39727948"
"JH378110","39729177","39729392","chr8","8244782","8245008","35","31484395"
"JH378110","39731033","39731267","chr22","4376059","4376295","35","35354974"
"JH378110","39734662","39734826","chr12","79440506","79440653","31","39705844"
"JH378110","39739652","39739945","chr12","79434444","79434742","29","39694792"
"JH378110","39741147","39741444","chr12","79432969","79433242","35","39691822"
"JH378110","39758749","39759035","chr2","151947486","151947776","47","112188737"
"JH378110","39773773","39774080","chr12","79388576","79388880","36","39614803"
"JH378110","39774092","39774218","chr1","191610906","191611027","19","151836814"
"JH378110","39775886","39776011","chr12","79386984","79387100","21","39611098"
"JH378110","39776321","39776528","chr9","15943511","15943715","33","23832810"
"JH378110","39777492","39777790","chr12","79385352","79385626","38","39607860"
"JH378110","39779657","39779840","chr3","188375983","188376160","28","148596326"
"JH378110","39782063","39782194","chr1","197860432","197860563","9","158078369"
"JH378110","39783757","39784025","chr7","94436964","94437232","42","54653207"
"JH378110","39789656","39789783","chr5","5563458","5563585","5","34226198"
"JH378110","39791302","39791575","chr12","79371915","79372192","19","39580613"
"JH378110","39804630","39804930","chr12","79360011","79360303","24","39555381"
"JH378110","39805706","39806000","chr12","79358936","79359231","25","39553230"
"JH378110","39811580","39811877","chr12","79354720","79355016","21","39543140"
"JH378110","39816143","39816196","chr12","79350453","79350505","4","39534310"
"JH378110","39816197","39816489","chr12","79350152","79350452","21","39533955"
"JH378110","39816490","39816501","chr12","79350140","79350151","0","39533650"
"JH378110","39816502","39816805","chr12","79349854","79350139","39","39533352"
"JH378110","39816806","39816988","chr12","79349680","79349853","17","39532874"
"JH378110","39818166","39818479","chr12","79348504","79348818","31","39530338"
"JH378110","39830018","39830313","chr12","79332804","79333117","39","39502786"
"JH378110","39837734","39838028","chr12","79325435","79325729","26","39487701"
"JH378110","39839552","39839737","chr12","79323744","79323923","23","39484192"
"JH378110","39839761","39839881","chrX","46992027","46992150","19","7152266"
"JH378110","39842758","39842926","chr2","87442570","87442725","20","47599812"
"JH378110","39842960","39843092","chr1","37305036","37305167","37","2537924"
"JH378110","39862027","39862112","chr9","123188514","123188596","14","83326487"
"JH378110","39863893","39864198","chr12","79295503","79295804","28","39431610"
"JH378110","39866243","39866541","chr12","79293160","79293445","32","39426917"
"JH378110","39869287","39869402","chr9","38615003","38615119","14","1254284"
"JH378110","39871908","39872217","chr4","137316772","137317068","57","97444864"
"JH378110","39877263","39877543","chr12","79281667","79281929","37","39404404"
"JH378110","39879596","39879798","chr12","79279357","79279556","14","39399761"
"JH378110","39880253","39880537","chr6","38604349","38604637","43","1275904"
"JH378110","39881506","39881634","chr8","80382502","80382629","5","40500996"
"JH378110","39882241","39882357","chrX","46992027","46992150","15","7109786"
"JH378110","39883395","39883504","chr3","94430461","94430570","20","54547066"
"JH378110","39890706","39890844","chr1","201471926","201472060","18","161581220"
"JH378110","39891132","39891295","chr10","43449421","43449590","25","3558289"
"JH378110","39893433","39893511","chr21","32015325","32015404","8","7878108"
"JH378110","39931762","39931877","chr7","106091235","106091351","12","66159473"
"JH378110","39943360","39943661","chr12","79209435","79209738","21","39266075"
"JH378110","39952349","39952626","chr12","79201377","79201655","20","39249028"
"JH378110","39955035","39955324","chr12","79199085","79199374","16","39244050"
"JH378110","39955352","39955503","chr2","170504247","170504398","28","130548895"
"JH378110","39956230","39956362","chr1","169758004","169758134","10","129801774"
"JH378110","39957931","39958058","chr1","6247078","6247201","23","33710853"
"JH378110","39969631","39969952","chr1","137905023","137905334","57","97935392"
"JH378110","39995805","39995934","chr4","148615049","148615180","11","108619244"
"JH378110","40007595","40007880","chr12","79146919","79147202","25","39139324"
"JH378110","40007883","40008177","chr12","79146623","79146916","27","39138740"
"JH378110","40013163","40013465","chr12","79142216","79142528","39","39129053"
"JH378110","40023021","40023164","chr12","79135853","79135999","13","39112832"
"JH378110","40031979","40032270","chr1","66679291","66679580","40","26647312"
"JH378110","40034957","40035134","chr22","38428110","38428289","25","1606847"
"JH378110","40035456","40035589","chr5","56407714","56407848","20","16372258"
"JH378110","40038574","40038688","chr22","8878271","8878385","6","31160303"
"JH378110","40040039","40040204","chr12","79111735","79111882","22","39071696"
"JH378110","40041947","40042081","chr12","79110190","79110324","6","39068243"
"JH378110","40042374","40042565","chr12","79109731","79109906","26","39067357"
"JH378110","40062062","40062357","chr12","79085752","79086051","20","39023690"
"JH378110","40063991","40064158","chr22","47598220","47598379","28","7534229"
"JH378110","40064268","40064400","chr19","6492329","6492461","13","33571939"
"JH378110","40067853","40068138","chr12","79079496","79079792","34","39011643"
"JH378110","40072832","40073119","chr12","79074539","79074827","23","39001707"
"JH378110","40099440","40099713","chr12","79051197","79051477","32","38951757"
"JH378110","40100140","40100439","chr12","79050462","79050768","30","38950322"
"JH378110","40109470","40109751","chr12","79041816","79042119","35","38932346"
"JH378110","40111570","40111698","chr12","4043122","4043249","13","36068448"
"JH378110","40114754","40115103","chr12","79028970","79029327","49","38914216"
"JH378110","40121456","40121570","chr11","118364727","118364841","6","78243271"
"JH378110","40121595","40121895","chr12","79024887","79025177","27","38903292"
"JH378110","40138003","40138306","chr16","45127777","45128084","47","4989774"
"JH378110","40139741","40140046","chr12","79005391","79005695","27","38865650"
"JH378110","40140370","40140670","chr12","79004816","79005119","20","38864446"
"JH378110","40145485","40145575","chr1","185671973","185672065","19","145526488"
"JH378110","40158892","40158906","chr5","152402920","152402933","1","112244028"
"JH378110","40158933","40159205","chrX","1340169","1340430","54","38818764"
"JH378110","40177376","40177680","chr12","78972631","78972925","27","38795255"
"JH378110","40190771","40191085","chr5","79478782","79479093","39","39288011"
"JH378110","40196002","40196117","chr2","68459447","68459559","15","28263445"
"JH378110","40202610","40202741","chr2","153675368","153675500","16","113472758"
"JH378110","40209008","40209299","chr12","78943347","78943637","18","38734339"
"JH378110","40214419","40214712","chr12","78937935","78938226","23","38723516"
"JH378110","40228589","40228803","chr12","78923737","78923952","15","38695148"
"JH378110","40228804","40228842","chr4","20283205","20283243","5","19945599"
"JH378110","40228843","40228933","chr14","13630330","13630422","12","26598513"
"JH378110","40256533","40256652","chr2","34813843","34813962","18","5442690"
"JH378110","40256964","40257136","chr9","12130522","12130691","25","28126442"
"JH378110","40258974","40259285","chr1","72188480","72188791","42","31929506"
"JH378110","40260802","40261020","chrX","51886019","51886242","39","11625217"
"JH378110","40263565","40263767","chr1","181422524","181422717","31","141158959"
"JH378110","40264019","40264178","chrUn_GL288327","7153","7310","25","40256866"
"JH378110","40265825","40265985","chr10","15134381","15134548","25","25131444"
"JH378110","40266446","40266740","chr12","78886441","78886713","44","38619995"
"JH378110","40289008","40289301","chr12","78863647","78863939","20","38574639"
"JH378110","40317736","40318029","chr12","78834925","78835215","27","38517189"
"JH378110","40335295","40335312","chr7","132760397","132760413","2","92425102"
"JH378110","40335334","40335611","chr13","95672544","95672826","39","55337210"
"JH378110","40369919","40370043","chr4","134633245","134633372","18","94263326"
"JH378110","40395235","40395545","chr7","87007315","87007626","44","46612080"
"JH378110","40418028","40418212","chr9","35415657","35415841","29","5002371"
"JH378110","40468629","40468926","chr12","78693124","78693427","37","38224495"
"JH378110","40475724","40476019","chr5","134398370","134398666","32","93922646"
"JH378110","40476252","40476409","chr13","97841637","97841800","30","57365385"
"JH378110","40487923","40488241","chr12","78671615","78671922","39","38183692"
"JH378110","40492536","40492768","chr14","65595161","65595383","44","25102625"
"JH378110","40522743","40522885","chr12","78633457","78633588","21","38110714"
"JH378110","40523095","40523346","chr11","36616688","36616959","60","3906407"
"JH378110","40551496","40551785","chr12","78605735","78606024","26","38054239"
"JH378110","40552292","40552376","chr12","78604629","78604718","7","38052337"
"JH378110","40555772","40556054","chr12","78601349","78601636","19","38045577"
"JH378110","40616503","40616813","chr12","78526636","78526947","21","37910133"
"JH378110","40679002","40679299","chr12","78461120","78461425","26","37782118"
"JH378110","40742471","40742765","chrX","17119564","17119856","46","23622907"
"JH378110","40779308","40779535","chr12","78314436","78314660","18","37535128"
"JH378110","40800962","40801091","chr2","18021868","18022000","12","22779094"
"JH378110","40864210","40864516","chr22","40415888","40416194","51","448322"
"JH378110","40918801","40919070","chr12","78161923","78162181","38","37243122"
"JH378110","40926652","40926778","chr10","54758463","54758586","16","13831811"
"JH378110","41092869","41093073","chr12","77979706","77979910","13","36886837"
"JH378110","41122128","41122380","chr12","77943790","77944031","25","36821662"
"JH378110","41143920","41144051","chr5","113544816","113544952","24","72400896"
"JH378110","41258372","41258686","chr12","77769670","77769953","51","36511298"
"JH378110","41301932","41302094","chr1","192909450","192909614","26","151607518"
"JH378110","41302117","41302239","chr11","41501236","41501355","18","199119"
"JH378110","41324927","41325207","chr12","77696192","77696473","26","36371265"
"JH378110","41402256","41402599","chr3","20674935","20675261","58","20727321"
"JH378110","41420649","41420796","chr12","77589940","77590083","9","36169291"
"JH378110","41426238","41426540","chr4","160182652","160182961","50","118756414"
"JH378110","41522094","41522422","chr12","77468622","77468924","47","35946528"
"JH378110","41536408","41536567","chr1","96164135","96164297","29","54627727"
"JH378110","41536593","41536707","chr8","20178455","20178575","19","21358138"
"JH378110","41557233","41557381","chr12","77430176","77430322","12","35872943"
"JH378110","41658378","41658679","chr12","77314287","77314558","41","35655909"
"JH378110","41808722","41808982","chr12","77121787","77122044","17","35313065"
"JH378110","41914391","41914684","chr12","77018861","77019135","44","35104470"
"JH378110","42086009","42086308","chr12","76831951","76832245","27","34745942"
"JH378110","42153439","42153568","chr1","100471253","100471383","7","58317814"
"JH378110","42219472","42219763","chr5","104538444","104538696","55","62318972"
"JH378110","42244927","42245230","chr10","11345054","11345349","65","30899873"
"JH378110","42341057","42341372","chr5","86564311","86564610","55","44223254"
"JH378110","42524602","42524849","chr5","108543639","108543890","64","66019037"
"JH378110","42574381","42574681","chr12","76334335","76334623","32","33759954"
"JH378110","42615091","42615223","chr3","110945738","110945868","11","68330647"
"JH378110","42625141","42625252","chr6","151448062","151448169","12","108822921"
"JH378110","42641126","42641410","chr7","24492435","24492723","46","18148691"
"JH378110","42673453","42673738","chr12","76235326","76235608","24","33561873"
"JH378110","42674382","42674463","chr12","76236666","76236746","2","33562284"
"JH378110","42674464","42674834","chr12","76236307","76236665","44","33561843"
"JH378110","42691495","42691792","chr5","134398370","134398666","31","91706875"
"JH378110","42745791","42745974","chr12","76156600","76156783","8","33410809"
"JH378110","42762584","42762890","chr2","46872808","46873113","45","4110224"
"JH378110","42769732","42770049","chr16","31989840","31990158","69","10779892"
"JH378110","42800196","42800327","chr1","197885955","197886086","4","155085759"
"JH378110","42812717","42813012","chr12","76092047","76092338","26","33279330"
"JH378110","42851441","42851735","chr12","75985370","75985667","19","33133929"
"JH378110","42858469","42858746","chr12","75979371","75979646","18","33120902"
"JH378110","42858795","42858824","chrX","95198254","95198282","4","52339459"
"JH378110","42865420","42865528","chr2","35282625","35282725","26","7582795"
"JH378110","42871070","42871367","chr1","201446623","201446917","46","158575553"
"JH378110","42895958","42896285","chr15","87897977","87898292","47","45002019"
"JH378110","42906141","42906444","chr20","28705690","28705991","54","14200451"
"JH378110","42910298","42910424","chr5","88903835","88903962","11","45993537"
"JH378110","42910948","42911233","chr5","88904438","88904727","23","45993490"
"JH378110","42923094","42923387","chr5","88916926","88917204","41","45993832"
"JH378110","42939271","42939568","chr9","58215112","58215422","44","15275841"
"JH378110","42945588","42945812","chrUn_GL286397","418934","419158","14","42526654"
"JH378110","42946235","42946534","chr5","60671568","60671876","46","17725333"
"JH378110","42950045","42950317","chr19","44916556","44916835","53","1966511"
"JH378110","42961085","42961244","chr5","18478217","18478377","15","24482868"
"JH378110","42967381","42967672","chrUn_GL286478","94034","94327","18","42873347"
"JH378110","42975679","42975952","chr15","69517776","69518049","20","26542097"
"JH378110","42987726","42988049","chr7","15764082","15764387","37","27223644"
"JH378110","42991336","42991487","chr15","88172087","88172237","11","45180751"
"JH378110","43018633","43018646","chr1","169140067","169140079","2","126121434"
"JH378110","43018685","43018973","chr3","1531335","1531617","42","41487350"
"JH378110","43019038","43019304","chr12","75951361","75951609","41","32932323"
"JH378110","43035448","43035748","chr12","75935502","75935791","26","32900054"
"JH378110","43043279","43043549","chr2","27804395","27804664","45","15238884"
"JH378110","43046082","43046432","chr12","75925859","75926168","71","32879777"
"JH378110","43059416","43059698","chrX","40346855","40347143","41","2712561"
"JH378110","43092254","43092550","chr22","38516704","38517004","50","4575550"
"JH378110","43096529","43096701","chr16","25382349","25382514","22","17714180"
"JH378110","43096746","43096868","chr13","101924542","101924665","17","58827796"
"JH378110","43152854","43153146","chr12","75807940","75808247","34","32655086"
"JH378110","43175925","43176123","chr5","97018450","97018653","36","53842525"
"JH378110","43176124","43176170","chr2","58818595","58818634","11","15642471"
"JH378110","43176176","43176429","chr12","75776237","75776490","21","32600061"
"JH378110","43200382","43200641","chr15","18200731","18201001","44","24999651"
"JH378110","43226387","43226563","chr5","125879830","125880002","44","82653443"
"JH378110","43226612","43226757","chr2","8496101","8496243","20","34730511"
"JH378110","43233237","43233537","chr12","75719808","75720102","30","32486571"
"JH378110","43289220","43289418","chr14","63799559","63799754","42","20510339"
"JH378110","43319235","43319528","chr12","75636225","75636531","36","32316990"
"JH378110","43345276","43345563","chr12","75610202","75610496","33","32264926"
"JH378110","43374901","43375210","chr13","117065283","117065594","43","73690382"
"JH378110","43408851","43409161","chr12","75550558","75550850","42","32141707"
"JH378110","43447228","43447527","chr12","75511497","75511798","20","32064269"
"JH378110","43502770","43503060","chr12","75456152","75456441","22","31953382"
"JH378110","43515657","43515812","chr12","75443742","75443897","7","31928085"
"JH378110","43605058","43605153","chr22","28723713","28723806","19","14881345"
"JH378110","43605437","43605520","chr12","75332752","75332833","10","31727315"
"JH378110","43656805","43657096","chr12","75284344","75284642","42","31627539"
"JH378110","43712368","43712455","chr6","65176439","65176522","9","21464071"
"JH378110","43765871","43766136","chr1","185117060","185117315","56","141351189"
"JH378110","43841999","43842283","chrX","64480750","64481035","52","20638751"
"JH378110","43842324","43842334","chr2","86422823","86422834","1","42580499"
"JH378110","43965902","43966024","chr2","171471789","171471913","17","127505887"
"JH378110","43966061","43966219","chr22","32583082","32583243","30","11382979"
"JH378110","44035617","44035937","chrX","62332054","62332359","62","18296437"
"JH378110","44127097","44127239","chr10","27861692","27861829","21","16265405"
"JH378110","44129012","44129182","chr6","22088178","22088349","28","22040834"
"JH378110","44199831","44200160","chr12","46042120","46042444","57","1842289"
"JH378110","44285803","44286056","chr12","74657296","74657548","13","30371493"
"JH378110","44292975","44293265","chr8","687744","688032","35","43605231"
"JH378110","44349071","44349380","chr12","74592717","74593014","31","30243646"
"JH378110","44386792","44386932","chr12","74555368","74555512","18","30168576"
"JH378110","44392074","44392256","chr13","45078362","45078536","32","686288"
"JH378110","44393493","44393789","chr12","74548744","74549037","28","30155251"
"JH378110","44431796","44432112","chr12","74508795","74509099","31","30076999"
"JH378110","44441327","44441620","chr12","74499132","74499422","18","30057805"
"JH378110","44501471","44501704","chr6","9914616","9914853","49","34586855"
"JH378110","44506322","44506618","chr12","74422791","74423094","32","29916469"
"JH378110","44518516","44518824","chr1","203074613","203074919","51","158556097"
"JH378110","44555337","44555448","chr22","35703956","35704069","17","8851381"
"JH378110","44555585","44555716","chr10","97888585","97888716","18","53333000"
"JH378110","44585087","44585368","chr12","74333670","74333953","30","29748583"
"JH378110","44586462","44586754","chr12","74332285","74332577","22","29745823"
"JH378110","44636382","44636498","chr11","64887460","64887576","10","20251078"
"JH378110","44636528","44636543","chr15","7585563","7585578","1","37050965"
"JH378110","44649545","44649858","chr12","74264680","74264990","25","29615135"
"JH378110","44670258","44670550","chr12","74245074","74245369","21","29574816"
"JH378110","44676296","44676601","chr12","74238691","74238996","24","29562395"
"JH378110","44683159","44683227","chr12","74232428","74232499","8","29549269"
"JH378110","44696812","44697088","chr12","74219559","74219846","28","29522747"
"JH378110","44701692","44701983","chr12","74214679","74214970","22","29512987"
"JH378110","44799141","44799452","chr12","74109182","74109487","33","29310041"
"JH378110","44812258","44812493","chr15","3643513","3643747","43","41168745"
"JH378110","44833800","44833930","chr12","74074778","74074904","12","29240978"
"JH378110","44871972","44872051","chr7","66310741","66310821","8","21438769"
"JH378110","44916272","44916524","chr1","107661665","107661918","53","62745393"
"JH378110","44945161","44945308","chr12","73963106","73963249","15","29017945"
"JH378110","44951288","44951506","chr12","73956924","73957164","36","29005636"
"JH378110","44968946","44969232","chr12","73938206","73938485","29","28969260"
"JH378110","45079052","45079062","chr1","164890697","164890707","0","119811645"
"JH378110","45079100","45079380","chrX","33795745","33796025","53","11283355"
"JH378110","45187667","45187961","chr12","73705235","73705525","22","28517568"
"JH378110","45198863","45199163","chr12","73691207","73691506","21","28492344"
"JH378110","45240455","45240756","chr12","73640102","73640400","25","28399647"
"JH378110","45301054","45301356","chr12","73580274","73580575","33","28279220"
"JH378110","45321296","45321593","chr12","73557848","73558149","26","28236552"
"JH378110","45368243","45368539","chr12","73508241","73508551","36","28139998"
"JH378110","45470010","45470307","chr12","73402958","73403243","35","27932948"
"JH378110","45605752","45605884","chr4","148615049","148615180","8","103009297"
"JH378110","45629181","45629407","chr13","26061734","26061966","41","19567447"
"JH378110","45669454","45669729","chr12","73204725","73205000","17","27535271"
"JH378110","45701960","45702134","chr12","73172843","73173000","28","27470883"
"JH378110","45702431","45702576","chr12","73172393","73172534","17","27469962"
"JH378110","45843871","45844002","chr12","73026937","73027069","6","27183066"
"JH378110","45844246","45844432","chr12","73026463","73026629","37","27182217"
"JH378110","45884472","45884737","chr12","72985863","72986129","15","27101391"
"JH378110","45931527","45931675","chr12","72941608","72941758","7","27010081"
"JH378110","45947618","45947818","chr8","85118402","85118579","33","39170784"
"JH378110","45976077","45976160","chr12","72895322","72895406","8","26919245"
"JH378110","45976610","45976838","chr12","72894635","72894846","34","26918025"
"JH378110","46011346","46011641","chr12","72863258","72863537","38","26851912"
"JH378110","46033535","46033816","chr12","72839720","72840026","49","26806185"
"JH378110","46038828","46039115","chr5","45541296","45541584","41","497532"
"JH378110","46127930","46128223","chr12","72741972","72742270","27","26614042"
"JH378110","46131211","46131497","chr12","72738733","72739024","26","26607522"
"JH378110","46136079","46136343","chr12","72733859","72734128","42","26597780"
"JH378110","46171674","46171980","chr12","72698532","72698839","20","26526858"
"JH378110","46252524","46252548","chr2","65420867","65420894","4","19168343"
"JH378110","46252602","46252881","chr9","46082159","46082441","47","170443"
"JH378110","46264460","46264572","chr12","61158887","61159001","6","14894427"
"JH378110","46360722","46360990","chr3","14318850","14319121","47","32041872"
"JH378110","46372775","46372871","chr6","48107980","48108070","17","1735205"
"JH378110","46416736","46417036","chr12","72446201","72446497","22","26029465"
"JH378110","46470021","46470195","chr1","82447770","82447944","36","35977749"
"JH378110","46582604","46582845","chrX","53936783","53937026","50","7354179"
"JH378110","46609122","46609405","chr12","72234663","72234946","15","25625541"
"JH378110","46628602","46628831","chr12","72214140","72214383","26","25585538"
"JH378110","46674792","46675110","chr11","9403270","9403578","53","37271522"
"JH378110","46729737","46730046","chr12","72081236","72081530","28","25351499"
"JH378110","46891599","46891896","chr12","71898819","71899100","44","25007220"
"JH378110","46925383","46925506","chr7","133359313","133359435","14","86433930"
"JH378110","47033385","47033682","chr12","71738875","71739161","35","24705490"
"JH378110","47037465","47037755","chr12","71734832","71735120","27","24697367"
"JH378110","47042753","47043042","chr12","71731623","71731909","50","24688870"
"JH378110","47074359","47074656","chr12","71705335","71705623","33","24630976"
"JH378110","47084184","47084466","chr12","71695237","71695511","24","24611053"
"JH378110","47141421","47141504","chr4","116950662","116950744","7","69809241"
"JH378110","47162593","47162899","chr1","192064155","192064466","50","144901562"
"JH378110","47230099","47230396","chr12","71553198","71553496","22","24323099"
"JH378110","47246131","47246328","chr12","71537479","71537676","13","24291348"
"JH378110","47282637","47282919","chr5","30020775","30021059","41","17261862"
"JH378110","47282949","47283232","chr12","71500529","71500812","13","24217580"
"JH378110","47294138","47294430","chr12","71489939","71490230","23","24195801"
"JH378110","47384254","47384538","chr12","71396257","71396549","21","24012003"
"JH378110","47422565","47422731","chr12","71356743","71356915","12","23934178"
"JH378110","47464201","47464505","chr12","71302727","71303035","42","23838526"
"JH378110","47528834","47529144","chr12","71224614","71224921","36","23695780"
"JH378110","47562147","47562399","chr15","16392323","16392585","44","31169824"
"JH378110","47565251","47565552","chr12","71190274","71190574","25","23625023"
"JH378110","47680071","47680214","chr7","36165939","36166083","21","11514132"
"JH378110","47791394","47791520","chr5","83347910","83348035","10","35556516"
"JH378110","47865976","47866115","chr12","70800835","70800997","34","22934859"
"JH378110","47940320","47940592","chr12","70697833","70698101","22","22757513"
"JH378110","47954384","47954670","chr12","70683028","70683319","22","22728644"
"JH378110","48009280","48009562","chr12","70635471","70635753","25","22626191"
"JH378110","48011006","48011148","chr12","70633863","70634012","22","22622857"
"JH378110","48023991","48024297","chr1","187118862","187119167","49","139094871"
"JH378110","48105253","48105525","chr12","70549939","70550231","47","22444686"
"JH378110","48112644","48112951","chr12","70542202","70542490","40","22429558"
"JH378110","48133226","48133526","chr12","70509146","70509458","39","22375920"
"JH378110","48151649","48151803","chr5","146092140","146092297","26","97940491"
"JH378110","48221964","48222117","chr12","70416238","70416385","27","22194274"
"JH378110","48266661","48266962","chr12","70364763","70365059","27","22098102"
"JH378110","48274558","48274842","chr12","70356338","70356626","32","22081780"
"JH378110","48295242","48295513","chr12","70333358","70333630","19","22038116"
"JH378110","48313239","48313553","chr12","70313975","70314268","48","22000736"
"JH378110","48318046","48318367","chr5","84585008","84585328","47","36266962"
"JH378110","48335420","48335554","chr14","53764663","53764793","15","5429243"
"JH378110","48466695","48466841","chr8","93988047","93988187","27","45521352"
"JH378110","48478782","48479031","chr12","70133259","70133514","27","21654477"
"JH378110","48491748","48491917","chr5","34200911","34201075","33","14290837"
"JH378110","48493182","48493312","chr17","51300367","51300488","14","2807185"
"JH378110","48520606","48520725","chr1","6110092","6110206","30","42410514"
"JH378110","48520747","48520933","chr1","101724489","101724672","33","53203742"
"JH378110","48616256","48616573","chrX","5897720","5898032","57","42718536"
"JH378110","48706322","48706458","chr1","192653814","192653957","24","143947492"
"JH378110","48706497","48706620","chr19","36117098","36117221","12","12589399"
"JH378110","48919010","48919143","chr12","69548106","69548234","14","20629096"
"JH378111","335426","335553","chr15","98367926","98368053","18","98032500"
"JH378111","335582","335771","chr5","59720702","59720877","38","59385120"
"JH378111","339803","339986","chr1","171491061","171491249","34","171151258"
"JH378111","510563","510794","chr14","25651288","25651523","28","25140725"
"JH378111","544753","545013","chr1","138354509","138354757","60","137809756"
"JH378111","583434","583488","chr17","22307907","22307954","15","21724473"
"JH378111","633084","633382","chr6","150885124","150885426","59","150252040"
"JH378111","848415","848714","chr5","4379233","4379531","42","3530818"
"JH378111","861689","861989","chr1","159818670","159818976","48","158956981"
"JH378111","861993","862128","chr1","171672023","171672158","14","170810030"
"JH378111","885305","885382","chr6","122152558","122152636","15","121267253"
"JH378111","891014","891131","chr3","95596332","95596448","7","94705318"
"JH378111","946761","947022","chr14","26136568","26136830","18","25189807"
"JH378111","1000810","1001118","chr14","26194028","26194336","23","25193218"
"JH378111","1128559","1128680","chr15","4907686","4907810","25","3779127"
"JH378111","1128745","1129047","chr14","26325470","26325751","35","25196725"
"JH378111","1187383","1187690","chr3","110652603","110652910","54","109465220"
"JH378111","1216286","1216401","chr14","26418150","26418263","7","25201864"
"JH378111","1295863","1296155","chr14","26501739","26502036","25","25205876"
"JH378111","1309310","1309607","chr10","20299232","20299515","51","18989922"
"JH378111","1349145","1349297","chr14","26557920","26558075","17","25208775"
"JH378111","1350630","1350915","chr14","26559354","26559650","28","25208724"
"JH378111","1363382","1363495","chr14","26572013","26572126","11","25208631"
"JH378111","1363496","1363786","chr4","39717501","39717796","49","38354005"
"JH378111","1363787","1363995","chr10","8949564","8949768","46","7585777"
"JH378111","1412498","1412794","chr14","26624137","26624453","42","25211639"
"JH378111","1474725","1475026","chr14","26685769","26686066","38","25211044"
"JH378111","1591288","1591598","chr14","26814792","26815104","42","25223504"
"JH378111","1681245","1681547","chr14","26920595","26920902","34","25239350"
"JH378111","1804339","1804626","chr14","27051218","27051519","30","25246879"
"JH378111","1826194","1826266","chrX","52291235","52291301","12","50465041"
"JH378111","1992668","1992918","chr3","17244904","17245157","60","15252236"
"JH378111","2064668","2064961","chr14","27300290","27300586","18","25235622"
"JH378111","2066923","2067224","chr14","27302547","27302846","20","25235624"
"JH378111","2107207","2107420","chr14","27347209","27347430","26","25240002"
"JH378111","2165029","2165321","chr14","27407114","27407403","21","25242085"
"JH378111","2196477","2196761","chr14","27434348","27434635","39","25237871"
"JH378111","2236926","2237048","chr2","59018472","59018589","18","56781546"
"JH378111","2237101","2237264","chr10","34584709","34584873","29","32347608"
"JH378111","2258020","2258294","chr1","183970513","183970783","46","181712493"
"JH378111","2296694","2296985","chr14","27532007","27532302","36","25235313"
"JH378111","2462660","2462782","chr5","8355230","8355352","17","5892570"
"JH378111","2463202","2463347","chr14","27726942","27727087","12","25263740"
"JH378111","2472267","2472595","chr14","27736361","27736706","46","25264094"
"JH378111","2524256","2524547","chr22","15030269","15030561","42","12506013"
"JH378111","2558357","2558638","chr14","27812159","27812440","23","25253802"
"JH378111","2567547","2567828","chr14","27821700","27821999","38","25254153"
"JH378111","2670475","2670760","chr9","106471159","106471443","53","103800684"
"JH378111","2700357","2700668","chr14","27969293","27969606","24","25268936"
"JH378111","2745792","2745972","chr1","207072003","207072185","30","204326211"
"JH378111","2754287","2754417","chr14","28020402","28020525","20","25266115"
"JH378111","2819100","2819410","chr14","28085181","28085486","32","25266081"
"JH378111","2897229","2897399","chr18","7553216","7553382","29","4655987"
"JH378111","2897434","2897553","chr22","10637034","10637154","15","7739600"
"JH378111","2920339","2920500","chr14","28212481","28212654","22","25292142"
"JH378111","2965319","2965571","chr14","28253076","28253310","44","25287757"
"JH378111","2968869","2969163","chr14","28256960","28257248","29","25288091"
"JH378111","3014339","3014457","chr13","90706936","90707047","22","87692597"
"JH378111","3044922","3045213","chr14","28341808","28342099","14","25296886"
"JH378111","3096961","3097236","chr14","28413708","28413977","28","25316747"
"JH378111","3107550","3107662","chr7","102810345","102810457","5","99702795"
"JH378111","3266947","3267227","chr14","28607232","28607513","23","25340285"
"JH378111","3302780","3303064","chr1","75545916","75546205","45","72243136"
"JH378111","3327056","3327355","chr14","28684750","28685049","22","25357694"
"JH378111","3602985","3603328","chr6","33479873","33480204","83","29876888"
"JH378111","3685340","3685686","chr1","194421013","194421359","56","190735673"
"JH378111","3743711","3743985","chr14","29166744","29167014","29","25423033"
"JH378111","3779433","3779588","chr7","56871369","56871523","27","53091936"
"JH378111","3839611","3839931","chr2","11249241","11249552","65","7409630"
"JH378111","3907013","3907323","chr14","29366304","29366626","27","25459291"
"JH378111","3910352","3910625","chr22","41074237","41074509","41","37163885"
"JH378111","3989640","3989939","chr8","18275306","18275608","23","14285666"
"JH378111","3996032","3996335","chr8","18262241","18262519","43","14266209"
"JH378111","4048933","4049232","chr5","145528293","145528579","42","141479360"
"JH378111","4059806","4059919","chr14","46514660","46514773","8","42454854"
"JH378111","4073559","4073805","chr14","29524777","29525015","25","25451218"
"JH378111","4153020","4153313","chr14","29592927","29593218","21","25439907"
"JH378111","4228927","4229227","chr3","108242581","108242881","51","104013654"
"JH378111","4262001","4262247","chr14","29711005","29711273","44","25449004"
"JH378111","4325653","4325791","chr14","29774007","29774145","15","25448354"
"JH378111","4326023","4326211","chr14","29774378","29774567","9","25448355"
"JH378111","4327825","4328133","chr14","29775873","29776182","30","25448048"
"JH378111","4424681","4424796","chr1","40814256","40814372","10","36389575"
"JH378111","4810229","4810514","chr14","30264059","30264333","24","25453830"
"JH378111","4869858","4870140","chr14","30333463","30333748","37","25463605"
"JH378111","5106756","5107048","chr14","30588008","30588291","46","25481252"
"JH378111","5108538","5108715","chr14","105947038","105947210","31","100838500"
"JH378111","5108749","5108866","chr17","24239944","24240061","18","19131195"
"JH378111","5120047","5120358","chr2","34504274","34504583","42","29384227"
"JH378111","5129302","5129554","chr6","150718060","150718310","40","145588758"
"JH378111","5219319","5219470","chr4","20966419","20966571","30","15747100"
"JH378111","5219496","5219621","chr13","46874949","46875075","21","41655453"
"JH378111","5495073","5495359","chr14","30972582","30972872","20","25477509"
"JH378111","5504843","5505020","chr3","110657270","110657449","30","105152427"
"JH378111","5505309","5505444","chr1","108329134","108329268","11","102823825"
"JH378111","5539157","5539287","chr6","62743084","62743213","13","57203927"
"JH378111","5539320","5539480","chr3","86259382","86259543","30","80720062"
"JH378111","5601659","5601728","chr4","36099446","36099514","9","30497787"
"JH378111","5631455","5631667","chr3","107031667","107031879","31","101400212"
"JH378111","5645964","5646237","chr14","31123456","31123713","34","25477492"
"JH378111","5653069","5653367","chr14","31130938","31131246","28","25477869"
"JH378111","5705777","5706070","chrUn_GL286420","587157","587455","49","5118620"
"JH378111","5718292","5718418","chr3","5637725","5637854","16","80567"
"JH378111","5718447","5718613","chr14","41528799","41528959","27","35810352"
"JH378111","5740646","5740934","chr14","31232635","31232930","26","25491989"
"JH378111","5802441","5802730","chr14","31295954","31296266","36","25493513"
"JH378111","5880406","5880702","chr2","16018347","16018645","48","10137941"
"JH378111","5888489","5888558","chr14","31381784","31381865","16","25493295"
"JH378111","5990061","5990370","chr14","31513767","31514091","33","25523706"
"JH378111","6026472","6026771","chr15","23776155","23776452","47","17749683"
"JH378111","6028052","6028234","chr14","31550225","31550427","30","25522173"
"JH378111","6076330","6076583","chr14","31606349","31606593","31","25530019"
"JH378111","6078669","6078959","chr3","65506138","65506431","42","59427469"
"JH378111","6103458","6103586","chr14","31644576","31644704","11","25541118"
"JH378111","6107131","6107417","chr14","31648164","31648450","28","25541033"
"JH378111","6173725","6174012","chr1","75327417","75327706","46","69153692"
"JH378111","6284781","6285071","chr14","31808984","31809278","23","25524203"
"JH378111","6291641","6291939","chr4","165751858","165752158","59","159460217"
"JH378111","6303100","6303376","chr14","31827846","31828121","38","25524746"
"JH378111","6308032","6308325","chr14","31832473","31832774","16","25524441"
"JH378111","6318053","6318144","chr21","29779409","29779500","7","23461356"
"JH378111","6335885","6336047","chr8","94123982","94124144","27","87788097"
"JH378111","6336083","6336109","chr6","117950301","117950325","6","111614218"
"JH378111","6341981","6342282","chr14","31859548","31859857","31","25517567"
"JH378111","6416324","6416448","chr14","31956758","31956882","10","25540434"
"JH378111","6421540","6421842","chr5","60671568","60671876","50","54250028"
"JH378111","6459158","6459452","chr14","32000109","32000402","23","25540951"
"JH378111","6475480","6475799","chr5","86235751","86236096","42","79760271"
"JH378111","6496145","6496261","chr11","64887460","64887576","5","58391315"
"JH378111","6527472","6527624","chr2","6953943","6954093","17","426471"
"JH378111","6602211","6602500","chr14","32149453","32149744","30","25547242"
"JH378111","6605119","6605277","chr14","32151695","32151852","10","25546576"
"JH378111","6655501","6655752","chr7","16516570","16516813","51","9861069"
"JH378111","6663422","6663734","chr14","32232136","32232445","20","25568714"
"JH378111","6669926","6670195","chr14","32239466","32239735","11","25569540"
"JH378111","6700435","6700731","chr20","12187246","12187543","45","5486811"
"JH378111","6704671","6704968","chr14","32274310","32274607","29","25569639"
"JH378111","6718644","6718912","chr3","14318850","14319121","39","7600206"
"JH378111","6796746","6797036","chr14","32373323","32373608","28","25576577"
"JH378111","6798784","6799070","chr14","32377602","32377879","22","25578818"
"JH378111","6806604","6806879","chr14","32385044","32385318","26","25578440"
"JH378111","6835196","6835487","chr14","32415866","32416160","21","25580670"
"JH378111","6848505","6848662","chr16","22237002","22237156","35","15388497"
"JH378111","6856066","6856196","chr12","33369622","33369754","6","26513556"
"JH378111","6919082","6919373","chr14","32502747","32503042","14","25583665"
"JH378111","6949285","6949561","chr4","159367016","159367298","50","152417731"
"JH378111","6950073","6950383","chr14","32533647","32533939","34","25583574"
"JH378111","6999110","6999391","chr22","41074237","41074509","57","34075127"
"JH378111","7022047","7022364","chr14","32605471","32605773","38","25583424"
"JH378111","7039692","7039992","chr14","32623353","32623654","20","25583661"
"JH378111","7040548","7040834","chr14","32624202","32624514","43","25583654"
"JH378111","7059995","7060128","chr12","48830599","48830733","18","41770604"
"JH378111","7061130","7061220","chr19","38172849","38172947","23","31111719"
"JH378111","7062137","7062405","chr14","32642630","32642887","25","25580493"
"JH378111","7065941","7066253","chr14","32645482","32645800","26","25579541"
"JH378111","7076711","7077003","chr14","32657938","32658237","32","25581227"
"JH378111","7085736","7086040","chr1","125336201","125336499","54","118250465"
"JH378111","7086471","7086593","chr14","32665533","32665648","12","25579062"
"JH378111","7086899","7087072","chr8","89394121","89394295","40","82307222"
"JH378111","7088784","7088913","chr5","89177117","89177248","17","82088333"
"JH378111","7089699","7089991","chr4","106620280","106620571","42","99530581"
"JH378111","7090031","7090294","chr14","32668590","32668863","24","25578559"
"JH378111","7094634","7094767","chr2","171471789","171471913","20","164377155"
"JH378111","7094788","7094966","chr11","101479055","101479226","33","94384267"
"JH378111","7126995","7127277","chr14","32702586","32702885","35","25575591"
"JH378111","7127476","7127615","chr8","95782453","95782588","19","88654977"
"JH378111","7128128","7128392","chr15","16392323","16392585","32","9264195"
"JH378111","7138673","7138962","chr4","134662996","134663281","61","127524323"
"JH378111","7157264","7157318","chr22","29578875","29578923","11","22421611"
"JH378111","7164967","7165148","chr3","110549061","110549237","44","103384094"
"JH378111","7165352","7165645","chr14","32742097","32742406","32","25576745"
"JH378111","7167192","7167209","chr1","168880469","168880484","4","161713277"
"JH378111","7167251","7167535","chr15","63658692","63658974","62","56491441"
"JH378111","7195910","7196183","chr14","32775637","32775910","20","25579727"
"JH378111","7204787","7205088","chr14","32784449","32784755","28","25579662"
"JH378111","7207738","7207992","chr4","13937821","13938080","37","6730083"
"JH378111","7219209","7219477","chr19","45165648","45165909","54","37946439"
"JH378111","7227555","7227824","chr14","32806709","32806976","18","25579154"
"JH378111","7282889","7283195","chr14","32865300","32865598","40","25582411"
"JH378111","7302613","7302741","chr14","32888680","32888807","7","25586067"
"JH378111","7303318","7303489","chr14","32889070","32889238","13","25585752"
"JH378111","7307772","7307921","chr14","32893490","32893643","22","25585718"
"JH378111","7309656","7309763","chr14","32895275","32895380","7","25585619"
"JH378111","7319009","7319138","chr18","3833158","3833286","6","3485851"
"JH378111","7330194","7330487","chr14","32913549","32913831","30","25583355"
"JH378111","7331167","7331292","chr3","150330955","150331082","15","142999788"
"JH378111","7333053","7333374","chr9","40065388","40065710","68","32732335"
"JH378111","7342577","7342875","chrX","85455904","85456197","55","78113327"
"JH378111","7349761","7350058","chr14","32931682","32931995","41","25581921"
"JH378111","7364310","7364442","chr19","6920633","6920768","17","443677"
"JH378111","7364738","7364912","chr14","32947405","32947577","9","25582667"
"JH378111","7386109","7386423","chr14","32974400","32974713","36","25588291"
"JH378111","7394557","7394744","chr7","74404847","74405030","36","67010290"
"JH378111","7394775","7394953","chr1","190608166","190608339","40","183213391"
"JH378111","7428336","7428664","chr7","87007315","87007626","54","79578979"
"JH378111","7432418","7432718","chr14","33018568","33018854","33","25586150"
"JH378111","7435604","7435895","chr14","33021461","33021735","42","25585857"
"JH378111","7448822","7448957","chr15","72985736","72985871","23","65536914"
"JH378111","7463253","7463552","chrUn_GL286215","34289","34588","24","7428964"
"JH378111","7473797","7474093","chrUn_GL286215","10202","10495","39","7463595"
"JH378111","7485387","7485680","chrUn_GL286215","21348","21642","47","7464039"
"JH378111","7497018","7497317","chrUn_GL286215","34289","34588","30","7462729"
"JH378111","7499871","7499999","chr10","114897190","114897309","26","107397319"
"JH378111","7522222","7522503","chrUn_GL286215","68008","68275","49","7454214"
"JH378111","7563625","7563910","chr11","121276128","121276405","42","113712503"
"JH378111","7575200","7575477","chr2","35477672","35477953","54","27902472"
"JH378111","7577235","7577371","chr2","72455663","72455798","28","64878428"
"JH378111","7585297","7585583","chr17","38260041","38260333","48","30674744"
"JH378111","7619191","7619493","chrUn_GL286215","85710","86018","23","7533481"
"JH378111","7635423","7635702","chrUn_GL286215","68008","68275","49","7567415"
"JH378111","7641909","7642203","chr14","33057497","33057789","36","25415588"
"JH378111","7646537","7646618","chr1","41892164","41892242","20","34245627"
"JH378111","7646653","7646833","chr5","120682370","120682547","26","113035717"
"JH378111","7663200","7663513","chr14","52231484","52231799","34","44568284"
"JH378111","7703853","7704120","chr14","33073668","33073909","50","25369815"
"JH378111","7721800","7721933","chr7","66082412","66082547","13","58360612"
"JH378111","7746040","7746323","chrUn_GL286215","59653","59945","45","7686387"
"JH378111","7800153","7800456","chr14","33164919","33165199","41","25364766"
"JH378111","7807577","7807821","chr14","33172597","33172833","30","25365020"
"JH378111","7899524","7899819","chr14","33285043","33285336","23","25385519"
"JH378111","7948647","7948779","chr2","72597203","72597328","22","64648556"
"JH378111","7951461","7951617","chr14","33328699","33328855","10","25377238"
"JH378111","7952386","7952608","chr14","33329627","33329850","16","25377241"
"JH378111","7991049","7991352","chr14","33375251","33375575","35","25384202"
"JH378111","7992101","7992408","chr14","33376576","33376883","31","25384475"
"JH378111","8003631","8003916","chr14","33387692","33387977","19","25384061"
"JH378111","8015757","8016053","chr14","33400119","33400414","14","25384362"
"JH378111","8046416","8046690","chr14","33429650","33429924","19","25383234"
"JH378111","8099931","8100094","chr2","170504247","170504398","34","162404316"
"JH378111","8100714","8101014","chr14","33484702","33485000","22","25383988"
"JH378111","8113921","8114221","chr14","33497879","33498178","22","25383958"
"JH378111","8114806","8115103","chr7","43837732","43838021","46","35722926"
"JH378111","8127582","8127884","chr14","33511910","33512213","28","25384328"
"JH378111","8131664","8131801","chr16","69581869","69582004","16","61450205"
"JH378111","8144394","8144526","chr6","16081820","16081954","12","7937426"
"JH378111","8144527","8144869","chr9","113015416","113015749","57","104870889"
"JH378111","8144870","8145048","chr12","10966927","10967103","32","2822057"
"JH378111","8174801","8175027","chr14","20634631","20634860","32","12459830"
"JH378111","8185103","8185419","chr5","157082303","157082618","23","148897200"
"JH378111","8186864","8187158","chr14","33568415","33568721","37","25381551"
"JH378111","8188756","8189065","chr14","33570575","33570870","38","25381819"
"JH378111","8198838","8198897","chr12","11742960","11743020","8","3544122"
"JH378111","8225720","8225826","chr2","131503057","131503163","12","123277337"
"JH378111","8233738","8233917","chr4","135808697","135808871","34","127574959"
"JH378111","8239455","8239587","chr21","22290653","22290785","7","14051198"
"JH378111","8246580","8246915","chr7","27345420","27345752","23","19098840"
"JH378111","8249814","8249979","chr6","110818119","110818275","36","102568305"
"JH378111","8250484","8250636","chr9","103507538","103507695","24","95257054"
"JH378111","8254754","8254863","chr14","33650537","33650645","10","25395783"
"JH378111","8260499","8260806","chr3","142523512","142523815","50","134263013"
"JH378111","8260955","8261178","chr4","54583168","54583387","38","46322213"
"JH378111","8268401","8268709","chr14","33660214","33660521","21","25391813"
"JH378111","8278147","8278218","chr13","50026766","50026840","10","41748619"
"JH378111","8311184","8311495","chr14","33706231","33706537","23","25395047"
"JH378111","8315813","8315950","chr2","14699379","14699510","25","6383566"
"JH378111","8329167","8329431","chr14","33722192","33722448","23","25393025"
"JH378111","8336853","8337156","chr4","166871964","166872266","53","158535111"
"JH378111","8341160","8341449","chr14","33733632","33733913","26","25392472"
"JH378111","8359592","8359718","chr5","106416511","106416638","2","98056919"
"JH378111","8390352","8390507","chr5","116675268","116675421","23","108284916"
"JH378111","8390735","8390870","chr11","64753952","64754086","17","56363217"
"JH378111","8399754","8400043","chr14","33793785","33794068","18","25394031"
"JH378111","8409555","8409845","chr14","33803415","33803705","26","25393860"
"JH378111","8410104","8410412","chr14","33803959","33804256","38","25393855"
"JH378111","8416816","8417106","chr14","33810566","33810845","20","25393750"
"JH378111","8480924","8481222","chr14","33875666","33875973","43","25394742"
"JH378111","8494630","8494692","chr16","22179578","22179643","15","13684948"
"JH378111","8494693","8494821","chr16","63322340","63322468","4","54827647"
"JH378111","8495677","8495962","chr14","33890501","33890794","21","25394824"
"JH378111","8524056","8524251","chr14","33922717","33922915","17","25398661"
"JH378111","8550093","8550222","chr14","33948796","33948924","11","25398703"
"JH378111","8587681","8587955","chr9","2205865","2206148","55","6381816"
"JH378111","8595781","8596081","chr1","200926079","200926383","49","192330298"
"JH378111","8620268","8620563","chr14","34005703","34005992","23","25385435"
"JH378111","8623808","8624107","chr14","34008955","34009255","28","25385147"
"JH378111","8626097","8626413","chr14","34011555","34011873","28","25385458"
"JH378111","8632870","8633152","chr14","34021091","34021385","33","25388221"
"JH378111","8656828","8657105","chr14","34047262","34047538","22","25390434"
"JH378111","8658809","8659114","chr16","54345428","54345722","48","45686619"
"JH378111","8665168","8665481","chr14","34056114","34056429","28","25390946"
"JH378111","8669110","8669233","chr2","72597203","72597328","13","63928093"
"JH378111","8692288","8692415","chr14","34097362","34097488","6","25405074"
"JH378111","8711506","8711606","chr14","34115894","34115977","20","25404388"
"JH378111","8734368","8734681","chr14","34132381","34132687","26","25398013"
"JH378111","8854738","8855015","chr14","34255883","34256174","38","25401145"
"JH378111","8859928","8860048","chr2","164219629","164219752","10","155359701"
"JH378111","8891335","8891479","chr1","179573988","179574133","19","170682653"
"JH378111","8891773","8891955","chr14","34300559","34300736","19","25408786"
"JH378111","8903263","8903506","chr14","34321210","34321456","21","25417947"
"JH378111","8916455","8916731","chr14","34333230","34333499","34","25416775"
"JH378111","8935990","8936282","chr5","120926196","120926492","42","111990206"
"JH378111","9041967","9042261","chr5","120313151","120313443","64","111271184"
"JH378111","9110703","9110954","chr9","89848067","89848301","32","80737364"
"JH378111","9186720","9186936","chr14","34628838","34629055","13","25442118"
"JH378111","9213641","9213956","chr5","79478782","79479093","51","70265141"
"JH378111","9238324","9238615","chr14","34676760","34677051","23","25438436"
"JH378111","9324781","9325065","chr2","14615579","14615863","44","5290798"
"JH378111","9468084","9468372","chr14","34911071","34911362","13","25442987"
"JH378111","9825268","9825527","chr14","35289706","35289959","15","25464438"
"JH378111","9837376","9837509","chr14","69461194","69461327","13","59623818"
"JH378111","9837816","9837982","chr18","44607998","44608159","36","34770182"
"JH378111","9859963","9860278","chr7","73392880","73393192","46","63532917"
"JH378111","9866415","9866714","chr14","35333465","35333767","26","25467050"
"JH378111","9895643","9895942","chr1","159818670","159818976","47","149923027"
"JH378111","9921442","9921628","chr14","35393795","35393960","32","25472353"
"JH378111","9962884","9963013","chr14","35464913","35465042","5","25502029"
"JH378111","9969520","9969786","chr14","35473248","35473512","15","25503728"
"JH378111","9971747","9972063","chr14","35475822","35476117","44","25504075"
"JH378111","10000023","10000306","chr13","57153852","57154136","49","47153829"
"JH378111","10098460","10098730","chr14","35599673","35599942","15","25501213"
"JH378111","10110562","10110862","chr14","35611517","35611813","25","25500955"
"JH378111","10133146","10133462","chr14","35628550","35628853","27","25495404"
"JH378111","10155685","10155805","chrX","118852563","118852680","17","108696878"
"JH378111","10165750","10166068","chrX","138108883","138109206","52","127943133"
"JH378111","10166559","10166677","chr14","35661127","35661250","10","25494568"
"JH378111","10201257","10201544","chr14","35706121","35706405","18","25504864"
"JH378111","10238664","10238977","chr14","35746266","35746570","27","25507602"
"JH378111","10242684","10242968","chr12","51418171","51418455","54","41175487"
"JH378111","10243153","10243460","chr7","47311535","47311830","59","37068382"
"JH378111","10261147","10261447","chr19","10208538","10208840","43","52609"
"JH378111","10265196","10265362","chr1","104068062","104068224","27","93802866"
"JH378111","10270303","10270418","chr5","42571707","42571829","22","32301404"
"JH378111","10270444","10270596","chr3","136798018","136798169","24","126527574"
"JH378111","10273296","10273432","chrUn_GL286323","12496","12631","19","10260800"
"JH378111","10327918","10328166","chr13","13269656","13269906","56","2941738"
"JH378111","10340792","10341088","chr18","41596986","41597284","39","31256194"
"JH378111","10410412","10410712","chr17","74066448","74066740","42","63656036"
"JH378111","10420305","10420418","chr3","187974261","187974381","27","177553956"
"JH378111","10420421","10420501","chr22","27462930","27463011","11","17042509"
"JH378111","10468574","10468588","chr7","124652125","124652138","1","114183551"
"JH378111","10468770","10469050","chr11","97568690","97568973","49","87099920"
"JH378111","10480079","10480160","chr14","36008041","36008124","6","25527962"
"JH378111","10516376","10516651","chr7","55977700","55977973","37","45461324"
"JH378111","10639851","10640157","chr14","36183835","36184134","32","25543984"
"JH378111","10640292","10640588","chr14","36184275","36184571","29","25543983"
"JH378111","10642743","10642890","chr15","64443121","64443268","19","53800378"
"JH378111","10645881","10646155","chr1","79722015","79722293","52","69076134"
"JH378111","10647729","10647844","chr1","185374094","185374186","44","174726365"
"JH378111","10649446","10649724","chr6","18379074","18379358","34","7729628"
"JH378111","10653756","10654095","chrUn_GL286420","334008","334345","46","10319748"
"JH378111","10655526","10655636","chr12","63221936","63222046","15","52566410"
"JH378111","10658839","10659038","chr1","181422524","181422717","31","170763685"
"JH378111","10666739","10666888","chr8","22233746","22233894","26","11567007"
"JH378111","10667903","10668194","chr14","36193101","36193392","19","25525198"
"JH378111","10671649","10671740","chr16","42702637","42702733","12","32030988"
"JH378111","10671841","10672007","chr1","161750546","161750716","39","151078705"
"JH378111","10701891","10702175","chr14","36224410","36224671","41","25522519"
"JH378111","10717238","10717346","chr9","100516868","100516974","4","89799630"
"JH378111","10751698","10751993","chr14","36273890","36274188","34","25522192"
"JH378111","10761988","10762281","chr14","36285376","36285668","24","25523388"
"JH378111","10774994","10775239","chr14","36298146","36298394","14","25523152"
"JH378111","10953967","10954132","chr14","36475393","36475559","13","25521426"
"JH378111","10973465","10973609","chr2","134635575","134635720","21","123662110"
"JH378111","10973610","10973901","chr14","36491914","36492205","21","25518304"
"JH378111","10989601","10989902","chr2","79233593","79233888","54","68243992"
"JH378111","11005307","11005615","chr2","6916962","6917267","37","4088345"
"JH378111","11013474","11013616","chr7","60449858","60449993","15","49436384"
"JH378111","11013932","11014221","chr14","36541607","36541885","22","25527675"
"JH378111","11014337","11014635","chr14","36539039","36539326","25","25524702"
"JH378111","11026343","11026495","chr12","28091739","28091892","44","17065396"
"JH378111","11026795","11026807","chr15","73105106","73105117","2","62078311"
"JH378111","11027429","11027730","chr14","36553413","36553714","13","25525984"
"JH378111","11030468","11030703","chr15","16282195","16282429","43","5251727"
"JH378111","11031238","11031390","chr12","28091739","28091892","44","17060501"
"JH378111","11031690","11031702","chr15","73105106","73105117","2","62073416"
"JH378111","11032324","11032625","chr14","36553413","36553714","13","25521089"
"JH378111","11035043","11035341","chr14","36556096","36556385","37","25521053"
"JH378111","11041361","11041582","chr19","39927018","39927239","39","28885657"
"JH378111","11054456","11054733","chr14","36580968","36581236","24","25526512"
"JH378111","11055698","11055999","chr14","36582213","36582535","40","25526515"
"JH378111","11067677","11067979","chr14","36594118","36594418","21","25526441"
"JH378111","11072781","11072937","chr5","122992404","122992559","30","111919623"
"JH378111","11083515","11083812","chr9","86613071","86613366","43","75529556"
"JH378111","11091088","11091367","chr14","36618725","36618988","34","25527637"
"JH378111","11091731","11091855","chr14","36619358","36619491","19","25527627"
"JH378111","11099203","11099469","chrX","106480349","106480597","71","95381146"
"JH378111","11121322","11121512","chr7","117615988","117616180","37","106494666"
"JH378111","11123481","11123792","chr14","36648698","36648990","38","25525217"
"JH378111","11125483","11125642","chr2","52629859","52630006","38","41504376"
"JH378111","11128884","11129182","chr14","36656007","36656305","24","25527123"
"JH378111","11131920","11132095","chr14","36659414","36659584","19","25527494"
"JH378111","11132234","11132500","chr14","36659722","36659988","27","25527488"
"JH378111","11132521","11132660","chr14","36660009","36660152","17","25527488"
"JH378111","11132957","11133120","chr14","36660449","36660618","16","25527492"
"JH378111","11136976","11137137","chrX","56814780","56814949","25","45677804"
"JH378111","11137445","11137455","chr10","120470241","120470251","2","109332796"
"JH378111","11153337","11153650","chrX","137884191","137884502","49","126730854"
"JH378111","11175956","11176194","chr14","36706225","36706462","16","25530269"
"JH378111","11177480","11177779","chr14","36707717","36708009","26","25530237"
"JH378111","11182545","11182722","chr5","65873972","65874142","30","54691427"
"JH378111","11182744","11182856","chr7","86079963","86080076","18","74897219"
"JH378111","11185052","11185224","chr1","92364240","92364406","33","81179188"
"JH378111","11185529","11185664","chr2","128860957","128861091","18","117675428"
"JH378111","11189631","11189818","chr9","18845637","18845826","32","7656006"
"JH378111","11196834","11197005","chr1","180840508","180840681","24","169643674"
"JH378111","11202318","11202597","chr14","36725142","36725444","39","25522824"
"JH378111","11216545","11216699","chr14","20020175","20020323","33","8803630"
"JH378111","11219958","11220040","chr6","22544100","22544183","7","11324142"
"JH378111","11222877","11223010","chr14","36746024","36746156","5","25523147"
"JH378111","11223323","11223493","chr17","59074042","59074215","30","47850719"
"JH378111","11231783","11232074","chr6","147641364","147641652","58","136409581"
"JH378111","11240132","11240443","chr14","36761446","36761770","34","25521314"
"JH378111","11246095","11246381","chr14","36767056","36767351","37","25520961"
"JH378111","11247282","11247302","chr7","132760397","132760413","4","121513115"
"JH378111","11247326","11247607","chr2","186256565","186256850","42","175009239"
"JH378111","11248032","11248165","chr14","36769530","36769669","13","25521498"
"JH378111","11248476","11248656","chr6","112150382","112150559","32","100901906"
"JH378111","11252767","11253058","chr14","36773727","36774041","36","25520960"
"JH378111","11262858","11263129","chr12","90652782","90653057","50","79389924"
"JH378111","11263191","11263323","chr9","36486219","36486352","15","25223028"
"JH378111","11263432","11263619","chr14","36782511","36782684","34","25519079"
"JH378111","11271408","11271533","chr2","113377054","113377178","10","102105646"
"JH378111","11271565","11271735","chr2","31169794","31169961","26","19898229"
"JH378111","11277197","11277392","chr8","32570196","32570391","24","21292999"
"JH378111","11288552","11288846","chr14","36804945","36805239","14","25516393"
"JH378111","11300486","11300804","chrX","106224299","106224594","50","94923813"
"JH378111","11306976","11307270","chr14","36821896","36822190","21","25514920"
"JH378111","11309926","11309966","chrX","22358359","22358398","8","11048433"
"JH378111","11320746","11320998","chr14","36835477","36835736","20","25514731"
"JH378111","11324049","11324349","chr14","36838902","36839210","22","25514853"
"JH378111","11329985","11330344","chr3","151377028","151377377","93","140047043"
"JH378111","11333169","11333448","chr14","36849945","36850237","43","25516776"
"JH378111","11340692","11340967","chr4","158665843","158666116","46","147325151"
"JH378111","11361773","11362051","chr14","36887490","36887765","17","25525717"
"JH378111","11387126","11387428","chr14","36915352","36915654","18","25528226"
"JH378111","11422658","11422705","chr3","65400762","65400807","5","53978104"
"JH378111","11422706","11422753","chr3","65400762","65400807","5","53978056"
"JH378111","11423443","11423757","chr14","36952776","36953086","24","25529333"
"JH378111","11467669","11467976","chr14","36997810","36998118","21","25530141"
"JH378111","11478066","11478363","chr14","37009940","37010233","24","25531874"
"JH378111","11480660","11480834","chr14","37012543","37012714","17","25531883"
"JH378111","11489456","11489734","chr14","37022366","37022648","17","25532910"
"JH378111","11542297","11542586","chr14","37085935","37086226","20","25543638"
"JH378111","11556412","11556736","chr3","20674935","20675261","55","9118523"
"JH378111","11564252","11564553","chr14","37109819","37110133","35","25545567"
"JH378111","11597359","11597665","chr14","37143089","37143391","35","25545730"
"JH378111","11600943","11601228","chr14","37146670","37146970","29","25545727"
"JH378111","11613922","11614210","chr14","37159852","37160150","34","25545930"
"JH378111","11620218","11620507","chr14","37165524","37165815","28","25545306"
"JH378111","11626604","11626721","chr18","5333408","5333527","9","6293196"
"JH378111","11626924","11627235","chr14","37170598","37170903","25","25543674"
"JH378111","11661368","11661460","chr14","37212851","37212926","28","25551483"
"JH378111","11681888","11682173","chr14","37233044","37233303","55","25551156"
"JH378111","11704512","11704808","chr5","154190647","154190950","45","142486135"
"JH378111","11705679","11705963","chr14","37253594","37253881","23","25547915"
"JH378111","11710593","11710879","chr14","37258482","37258780","36","25547889"
"JH378111","11733672","11733975","chr3","84173060","84173366","51","72439388"
"JH378111","11739355","11739576","chr14","37287831","37288055","21","25548476"
"JH378111","11744341","11744616","chr14","37292755","37293030","22","25548414"
"JH378111","11791017","11791305","chr14","37342655","37342938","23","25551638"
"JH378111","11841083","11841374","chr14","37391133","37391427","21","25550050"
"JH378111","11857676","11857974","chr14","37407650","37407950","30","25549974"
"JH378111","11859905","11860188","chr14","37409883","37410164","19","25549978"
"JH378111","11868637","11868930","chr10","63746317","63746607","48","51877680"
"JH378111","11868936","11869246","chr12","87252475","87252785","47","75383539"
"JH378111","11871917","11872192","chr14","37422217","37422479","35","25550300"
"JH378111","11875624","11875868","chr12","29267456","29267696","52","17391832"
"JH378111","11878682","11878863","chr4","34189071","34189253","31","22310389"
"JH378111","11879170","11879304","chr1","185740592","185740727","17","173861422"
"JH378111","11898869","11898960","chr1","194279740","194279832","14","182380871"
"JH378111","11914264","11914390","chr14","37465362","37465488","4","25551098"
"JH378111","11924274","11924584","chr14","37475101","37475398","26","25550827"
"JH378111","11925551","11925853","chr14","37476349","37476637","33","25550798"
"JH378111","11926359","11926518","chr14","37477134","37477291","12","25550775"
"JH378111","11927149","11927445","chr1","167894155","167894451","45","155967006"
"JH378111","11931539","11931849","chr14","37482895","37483201","27","25551356"
"JH378111","11933839","11933964","chr11","96027349","96027478","19","84093510"
"JH378111","11940766","11941060","chr14","37489538","37489836","18","25548772"
"JH378111","11943291","11943637","chr14","37498357","37498707","19","25555066"
"JH378111","11945111","11945384","chr14","37495818","37496089","23","25550707"
"JH378111","11946068","11946326","chr4","14943889","14944143","44","2997821"
"JH378111","11954277","11954569","chr14","37506163","37506459","16","25551886"
"JH378111","11959096","11959331","chr7","83095659","83095902","38","71136563"
"JH378111","11959618","11959701","chr3","7117599","7117682","11","4842019"
"JH378111","11973547","11973815","chr14","37526181","37526464","32","25552634"
"JH378111","11974629","11974951","chr4","17667882","17668185","62","5693253"
"JH378111","11981610","11981946","chr14","37540360","37540658","61","25558750"
"JH378111","11982889","11983034","chr14","37541669","37541806","21","25558780"
"JH378111","11985806","11986099","chr13","36334983","36335273","48","24349177"
"JH378111","11986409","11986584","chr14","37544512","37544688","13","25558103"
"JH378111","11987605","11987769","chr14","37545839","37545993","28","25558234"
"JH378111","11989078","11989340","chr14","37547310","37547572","20","25558232"
"JH378111","11991809","11991978","chrUn_GL287863","39712","39883","27","11952097"
"JH378111","11992108","11992388","chr7","149093581","149093862","46","137101473"
"JH378111","11992810","11993077","chr14","37554216","37554483","23","25561406"
"JH378111","11996878","11997069","chr14","37557921","37558117","17","25561043"
"JH378111","12009734","12009808","chr5","106618603","106618675","13","94608869"
"JH378111","12010411","12010587","chr5","65422144","65422322","26","53411733"
"JH378111","12044292","12044453","chr6","45952443","45952604","32","33908151"
"JH378111","12060929","12061160","chr14","37630231","37630461","16","25569302"
"JH378111","12070624","12070797","chr2","10657098","10657276","28","1413526"
"JH378111","12071139","12071248","chr9","35060463","35060575","14","22989324"
"JH378111","12124142","12124457","chr14","37692557","37692847","45","25568415"
"JH378111","12128125","12128421","chr14","37696567","37696859","25","25568442"
"JH378111","12190111","12190268","chr14","37758534","37758686","12","25568423"
"JH378111","12264535","12264799","chr7","51745428","51745674","60","39480893"
"JH378111","12364454","12364717","chr1","29532921","29533156","65","17168467"
"JH378111","12437293","12437613","chr14","38016972","38017271","48","25579679"
"JH378111","12465796","12465923","chr14","38051453","38051582","8","25585657"
"JH378111","12473550","12473866","chr14","38063840","38064156","15","25590290"
"JH378111","12498593","12498883","chr14","38101491","38101787","40","25602898"
"JH378111","12574746","12575010","chr14","38181765","38182030","26","25607019"
"JH378111","12586327","12586628","chr1","173583879","173584187","48","160997552"
"JH378111","12592538","12592848","chr14","38210840","38211141","36","25618302"
"JH378111","12594960","12595263","chr14","38213231","38213524","24","25618271"
"JH378111","12780054","12780361","chr14","38451485","38451792","35","25671431"
"JH378111","12787681","12787956","chr14","38458856","38459130","27","25671175"
"JH378111","12830791","12831010","chr6","46210411","46210630","29","33379620"
"JH378111","12843538","12843721","chr15","20871231","20871404","30","8027693"
"JH378111","12843745","12843866","chr4","25868757","25868880","16","13025012"
"JH378111","12909380","12909662","chr14","38598461","38598725","48","25689081"
"JH378111","12912796","12913087","chr7","127158710","127159000","49","114245914"
"JH378111","12916730","12917046","chr14","38606042","38606350","32","25689312"
"JH378111","12924716","12924982","chr12","93933087","93933353","46","81008371"
"JH378111","12959719","12960029","chr14","38646423","38646700","44","25686704"
"JH378111","12995964","12996098","chr14","38680696","38680825","13","25684732"
"JH378111","12996393","12996559","chr6","124138023","124138189","21","111141630"
"JH378111","13011756","13012070","chr14","38697501","38697809","27","25685745"
"JH378111","13034075","13034329","chr3","178355415","178355672","44","165321340"
"JH378111","13036673","13036967","chr14","38723400","38723705","36","25686727"
"JH378111","13037127","13037257","chr16","76758433","76758573","40","63721306"
"JH378111","13037291","13037412","chr6","123143068","123143189","12","110105777"
"JH378111","13047694","13047953","chr14","38734207","38734473","33","25686513"
"JH378111","13054589","13054893","chr14","38741041","38741341","20","25686452"
"JH378111","13059300","13059576","chr18","38469349","38469638","50","25410049"
"JH378111","13062828","13063124","chr1","154744278","154744572","37","141681450"
"JH378111","13064628","13064933","chr14","38753709","38754011","27","25689081"
"JH378111","13082901","13083041","chr14","38772058","38772198","16","25689157"
"JH378111","13096281","13096587","chr14","38785821","38786130","26","25689540"
"JH378111","13115409","13115694","chr14","38804504","38804795","30","25689095"
"JH378111","13118981","13119286","chr14","38808705","38809011","18","25689724"
"JH378111","13127409","13127555","chr17","836219","836351","31","12291190"
"JH378111","13130951","13131230","chr12","79596935","79597208","46","66465984"
"JH378111","13145086","13145340","chr2","49431779","49432036","42","36286693"
"JH378111","13178202","13178490","chr14","38879657","38879962","38","25701455"
"JH378111","13209564","13209697","chr8","29509722","29509855","11","16300158"
"JH378111","13257426","13257710","chr14","38962070","38962352","24","25704644"
"JH378111","13294780","13295074","chr14","38999355","38999648","24","25704575"
"JH378111","13300177","13300341","chr5","31526765","31526928","32","18226588"
"JH378111","13300382","13300576","chr14","39004948","39005146","21","25704566"
"JH378111","13327903","13328092","chrX","122062787","122062970","40","108734884"
"JH378111","13363096","13363391","chr14","39077223","39077516","18","25714127"
"JH378111","13390783","13390795","chr14","39104845","39104857","1","25714062"
"JH378111","13390845","13391115","chr14","39104908","39105178","18","25714063"
"JH378111","13442992","13443284","chr14","39174452","39174747","25","25731460"
"JH378111","13443651","13443941","chr14","39175112","39175403","12","25731461"
"JH378111","13560431","13560725","chr14","39296901","39297199","22","25736470"
"JH378111","13571161","13571295","chr4","148615049","148615180","7","135043888"
"JH378111","13617066","13617378","chr14","39353119","39353428","17","25736053"
"JH378111","13721388","13721753","chr14","39474921","39475276","53","25753533"
"JH378111","13829764","13830078","chr14","39590056","39590371","30","25760292"
"JH378111","13926823","13927120","chr14","39694364","39694655","33","25767541"
"JH378111","13983489","13983800","chr14","39758240","39758557","32","25774751"
"JH378111","14247222","14247486","chr14","39925582","39925850","29","25678360"
"JH378111","14256211","14256483","chr2","2628913","2629191","45","11627298"
"JH378111","14395037","14395170","chr14","40096400","40096532","12","25701363"
"JH378111","14395394","14395565","chr14","40096757","40096935","24","25701363"
"JH378111","14442855","14443152","chr14","40152613","40152912","18","25709758"
"JH378111","14555666","14555977","chr14","40279923","40280224","29","25724257"
"JH378111","14608538","14608879","chrX","138108883","138109206","60","123500345"
"JH378111","14643167","14643476","chr14","40368816","40369129","27","25725649"
"JH378111","14647791","14648101","chr14","40373979","40374274","37","25726188"
"JH378111","14771922","14772102","chr14","40503273","40503432","31","25731351"
"JH378111","14966037","14966142","chr9","88680905","88681008","21","73714868"
"JH378111","14966188","14966356","chr6","42110166","42110334","25","27143978"
"JH378111","14992971","14993270","chr14","40732271","40732564","28","25739300"
"JH378111","15084388","15084561","chr14","40812230","40812400","17","25727842"
"JH378111","15174533","15174787","chr14","40914720","40914992","29","25740187"
"JH378111","15293323","15293608","chr4","58034927","58035222","46","42741604"
"JH378111","15293615","15293905","chr14","41038810","41039116","37","25745195"
"JH378111","15515345","15515489","chr14","41264628","41264772","8","25749283"
"JH378111","15527526","15527605","chr14","41275599","41275681","5","25748073"
"JH378111","15529067","15529361","chr14","41277133","41277428","33","25748066"
"JH378111","15561918","15562201","chr11","40984299","40984580","52","25422381"
"JH378111","15566181","15566456","chr5","77002388","77002661","41","61436207"
"JH378111","15568532","15568840","chr14","41317906","41318199","29","25749374"
"JH378111","15568918","15569222","chr14","41318230","41318519","39","25749312"
"JH378111","15572224","15572516","chr9","114442799","114443100","49","98870575"
"JH378111","15598505","15598649","chr14","41347208","41347344","19","25748703"
"JH378111","15616665","15616978","chr14","41364752","41365061","23","25748087"
"JH378111","15635632","15635924","chr12","11034950","11035252","60","4600682"
"JH378111","15651705","15652017","chr14","41398642","41398950","22","25746937"
"JH378111","15682088","15682388","chr10","12357035","12357320","57","3325053"
"JH378111","15682447","15682734","chr14","41429128","41429439","39","25746681"
"JH378111","15697930","15697945","chr5","74419103","74419118","2","58721173"
"JH378111","15697987","15698068","chr13","111800480","111800558","11","96102493"
"JH378111","15726987","15727226","chr15","25258248","25258499","52","9531261"
"JH378111","15727633","15727840","chr8","1050795","1051000","44","14676838"
"JH378111","15729559","15729877","chr22","10725862","10726187","72","5003697"
"JH378111","15771121","15771418","chr14","41522816","41523124","29","25751695"
"JH378111","15790989","15791287","chr14","41541861","41542165","25","25750872"
"JH378111","15841812","15841966","chr2","166949962","166950115","27","151108150"
"JH378111","15842278","15842342","chr7","43266246","43266311","7","27423968"
"JH378111","15884675","15884691","chr1","140700414","140700429","2","124815739"
"JH378111","15884734","15885013","chr14","41632864","41633143","22","25748130"
"JH378111","15889685","15889977","chr15","20845142","20845431","40","4955457"
"JH378111","15895317","15895444","chr5","76638840","76638971","10","60743523"
"JH378111","15896973","15897117","chr2","189726229","189726369","26","173829256"
"JH378111","15897152","15897444","chr14","41644466","41644759","20","25747314"
"JH378111","15903612","15903936","chr14","41648423","41648733","36","25744811"
"JH378111","15934269","15934463","chr1","181422524","181422717","23","165488255"
"JH378111","15945286","15945590","chr14","41687635","41687931","34","25742349"
"JH378111","15948495","15948619","chr10","54758463","54758586","18","38809968"
"JH378111","15954031","15954338","chr14","41700681","41700987","25","25746650"
"JH378111","15957501","15957790","chr13","28594105","28594402","48","12636604"
"JH378111","15957947","15958260","chr14","41704643","41704956","18","25746696"
"JH378111","15962661","15962951","chr14","41709319","41709616","30","25746658"
"JH378111","15973440","15973555","chr1","184688473","184688588","13","168715033"
"JH378111","15979243","15979437","chr12","55726907","55727099","27","39747664"
"JH378111","15996819","15996938","chr14","41743781","41743900","9","25746962"
"JH378111","15996985","15997145","chr14","41743940","41744103","16","25746955"
"JH378111","16001550","16001854","chr14","41754108","41754419","24","25752558"
"JH378111","16003784","16004076","chr14","41755880","41756173","15","25752096"
"JH378111","16007149","16007320","chr14","28212481","28212654","29","12205332"
"JH378111","16008416","16008709","chr12","113840087","113840383","48","97831671"
"JH378111","16009828","16009977","chr14","41761495","41761646","14","25751667"
"JH378111","16010389","16010645","chr14","41762064","41762326","32","25751675"
"JH378111","16012771","16013055","chr14","41764437","41764731","31","25751666"
"JH378111","16016003","16016290","chr14","41767055","41767341","18","25751052"
"JH378111","16020849","16020993","chr19","18077569","18077713","28","2056720"
"JH378111","16021215","16021352","chr7","66082412","66082547","15","50061197"
"JH378111","16025812","16026106","chr14","41783948","41784238","20","25758136"
"JH378111","16028360","16028573","chr1","181422524","181422717","37","165394164"
"JH378111","16031632","16031883","chr14","41791283","41791536","22","25759651"
"JH378111","16033174","16033467","chr6","44107202","44107493","44","28074028"
"JH378111","16034894","16035177","chr2","168763461","168763741","45","152728567"
"JH378111","16037544","16037696","chr2","24658563","24658715","27","8621019"
"JH378111","16042711","16042974","chr14","41802824","41803080","27","25760113"
"JH378111","16044977","16045262","chr14","41804888","41805182","33","25759911"
"JH378111","16055243","16055530","chr14","41814333","41814627","42","25759090"
"JH378111","16056131","16056291","chr16","29193320","29193480","11","13137189"
"JH378111","16056870","16057005","chr8","33944354","33944487","16","17887484"
"JH378111","16063527","16063732","chr20","38561430","38561637","36","22497903"
"JH378111","16065573","16065860","chr14","41825272","41825572","35","25759699"
"JH378111","16069174","16069455","chr14","41828857","41829141","26","25759683"
"JH378111","16073266","16073381","chr2","86197357","86197473","9","70124091"
"JH378111","16077207","16077337","chr1","136760229","136760359","14","120683022"
"JH378111","16083182","16083337","chr7","4406184","4406340","21","11676998"
"JH378111","16087505","16087634","chrX","69153363","69153491","15","53065858"
"JH378111","16091954","16092022","chr16","71458298","71458363","14","55366344"
"JH378111","16095317","16095607","chr14","41857299","41857588","20","25761982"
"JH378111","16117899","16118060","chr14","41879303","41879470","17","25761404"
"JH378111","16120877","16121144","chr2","56096350","56096611","48","39975473"
"JH378111","16124954","16125041","chr15","13597603","13597690","7","2527351"
"JH378111","16133480","16133649","chr4","139658960","139659139","31","123525480"
"JH378111","16133952","16134083","chr2","188897757","188897889","15","172763805"
"JH378111","16151375","16151669","chr14","41906770","41907060","30","25755395"
"JH378111","16176975","16177113","chr14","41934730","41934867","6","25757755"
"JH378111","16179449","16179756","chr2","7452619","7452922","41","8726830"
"JH378111","16190311","16190623","chr10","1070976","1071286","40","15119335"
"JH378111","16191723","16191940","chr5","125960026","125960244","36","109768303"
"JH378111","16221906","16222208","chrX","23069440","23069739","43","6847534"
"JH378111","16228560","16228857","chrX","6153141","6153436","55","10075419"
"JH378111","16288905","16289033","chr5","73874045","73874172","9","57585140"
"JH378111","16289957","16290253","chrX","111757419","111757717","41","95467462"
"JH378111","16292257","16292530","chr5","128044567","128044851","66","111752310"
"JH378111","16310893","16311201","chr14","42075255","42075559","27","25764362"
"JH378111","16326096","16326214","chr1","200825704","200825821","16","184499608"
"JH378111","16326238","16326417","chr12","2068337","2068512","25","14257901"
"JH378111","16332886","16333181","chr14","42097298","42097584","22","25764412"
"JH378111","16360496","16360786","chr4","39717501","39717796","50","23357005"
"JH378111","16369510","16369792","chr9","99532055","99532336","52","83162545"
"JH378111","16373296","16373596","chr14","42141255","42141561","32","25767959"
"JH378111","16377836","16378144","chrX","45579634","45579937","37","29201798"
"JH378111","16410411","16410704","chr14","42185060","42185315","53","25774649"
"JH378111","16414772","16415004","chr7","63480423","63480655","35","47065651"
"JH378111","16416949","16417243","chr14","42188509","42188794","32","25771560"
"JH378111","16457349","16457625","chr14","42229411","42229705","31","25772062"
"JH378111","16459544","16459691","chr4","162203136","162203279","24","145743592"
"JH378111","16459805","16459956","chr7","37053607","37053754","21","20593802"
"JH378111","16478775","16479034","chr14","42253783","42254040","24","25775008"
"JH378111","16556713","16557010","chr14","42333331","42333639","33","25776618"
"JH378111","16575902","16576188","chr14","42352386","42352673","19","25776484"
"JH378111","16601378","16601683","chr14","42377777","42378073","26","25776399"
"JH378111","16607962","16608235","chr14","42383956","42384215","31","25775994"
"JH378111","16619799","16620095","chr14","42395270","42395564","25","25775471"
"JH378111","16639146","16639451","chr14","42416325","42416622","25","25777179"
"JH378111","16655732","16656035","chr14","42433473","42433769","24","25777741"
"JH378111","16715780","16715900","chr9","56073249","56073362","28","39357469"
"JH378111","16728303","16728597","chr14","42513053","42513351","25","25784750"
"JH378111","16792001","16792267","chr14","42577521","42577809","39","25785520"
"JH378111","16793566","16793698","chr1","197968685","197968819","18","181175119"
"JH378111","16793734","16793910","chr14","28212481","28212654","28","11418747"
"JH378111","16808001","16808294","chr14","42593397","42593688","18","25785396"
"JH378111","16843519","16843778","chr7","65489343","65489604","50","48645824"
"JH378111","16866707","16866991","chr14","42654259","42654532","24","25787552"
"JH378111","16889195","16889286","chr14","42677049","42677139","8","25787854"
"JH378111","16897283","16897427","chr22","10018704","10018844","15","6878579"
"JH378111","16897722","16897883","chrX","46506777","46506933","36","29609055"
"JH378111","16933588","16933746","chr14","42722887","42723036","17","25789299"
"JH378111","16937842","16937905","chr14","42727463","42727520","11","25789621"
"JH378111","16984321","16984447","chr14","42774707","42774832","2","25790386"
"JH378111","17004154","17004440","chr5","4325606","4325897","49","12678548"
"JH378111","17006688","17006980","chr14","42799479","42799765","40","25792791"
"JH378111","17008159","17008458","chr14","42801043","42801330","28","25792884"
"JH378111","17073167","17073442","chr14","42867511","42867792","20","25794344"
"JH378111","17074849","17075105","chr14","42869176","42869431","22","25794327"
"JH378111","17079281","17079578","chr14","42873493","42873788","18","25794212"
"JH378111","17091004","17091092","chr3","7654758","7654845","17","9436246"
"JH378111","17098720","17098842","chr14","42892834","42892955","11","25794114"
"JH378111","17109947","17110049","chr9","9493306","9493406","20","7616641"
"JH378111","17139988","17140283","chr14","42935391","42935680","33","25795403"
"JH378111","17163935","17164234","chr14","42956268","42956564","42","25792333"
"JH378111","17179134","17179422","chr21","36563455","36563745","37","19384321"
"JH378111","17186355","17186638","chr1","155875707","155876002","57","138689352"
"JH378111","17197771","17198078","chr14","42988675","42988982","23","25790904"
"JH378111","17200406","17200551","chr14","42991249","42991404","19","25790843"
"JH378111","17201222","17201356","chr14","42992076","42992208","10","25790854"
"JH378111","17202823","17203059","chr14","82931849","82932077","39","65729026"
"JH378111","17208423","17208665","chr7","87468105","87468349","42","70259682"
"JH378111","17284201","17284502","chr14","43082820","43083127","29","25798619"
"JH378111","17402611","17402917","chr14","43227372","43227684","24","25824761"
"JH378111","17472870","17473024","chr14","43310604","43310761","17","25837734"
"JH378111","17473613","17473787","chr14","43311363","43311542","21","25837750"
"JH378111","17507016","17507204","chr14","43346006","43346188","20","25838990"
"JH378111","17520439","17520749","chr14","43370032","43370333","32","25849593"
"JH378111","17536341","17536642","chr14","43387046","43387324","41","25850705"
"JH378111","17554001","17554286","chr14","43404591","43404869","28","25850590"
"JH378111","17562268","17562394","chr5","96619450","96619577","7","79057182"
"JH378111","17585958","17586253","chr14","43451906","43452211","31","25865948"
"JH378111","17618647","17618952","chr3","148997171","148997476","41","131378524"
"JH378111","17621079","17621167","chr7","60154861","60154953","17","42533782"
"JH378111","17621168","17621366","chr12","31494456","31494658","31","13873288"
"JH378111","17662101","17662388","chr14","43541851","43542150","35","25879750"
"JH378111","17704133","17704259","chr14","43585140","43585267","16","25881007"
"JH378111","17704305","17704506","chr1","82498413","82498611","48","64794108"
"JH378111","17714940","17715227","chr14","43594494","43594799","43","25879554"
"JH378111","17718423","17718698","chr14","43598018","43598280","34","25879595"
"JH378111","17840628","17840922","chr14","43707989","43708280","17","25867361"
"JH378111","17854132","17854433","chr14","43736035","43736323","37","25881903"
"JH378111","17888428","17888728","chr14","43770340","43770635","30","25881912"
"JH378111","17934977","17935274","chrX","17440915","17441211","52","494062"
"JH378111","18053690","18053798","chr1","10380960","10381070","19","7672730"
"JH378111","18054097","18054250","chr13","62160898","62161057","28","44106801"
"JH378111","18097550","18097667","chr10","1100179","1100302","20","16997371"
"JH378111","18097715","18097888","chr2","10977034","10977205","37","7120681"
"JH378111","18110249","18110537","chr14","43991088","43991377","15","25880839"
"JH378111","18121772","18122076","chr14","44005643","44005951","31","25883871"
"JH378111","18131582","18131878","chr14","44023707","44024003","22","25892125"
"JH378111","18160116","18160411","chr14","44043388","44043683","17","25883272"
"JH378111","18195749","18196024","chr14","44084492","44084764","30","25888743"
"JH378111","18242339","18242641","chr14","44131912","44132209","26","25889573"
"JH378111","18243086","18243370","chr14","44132657","44132969","45","25889571"
"JH378111","18249878","18250188","chr14","44139741","44140037","29","25889863"
"JH378111","18250469","18250756","chr14","44140311","44140606","28","25889842"
"JH378111","18251707","18252014","chr14","44141862","44142160","23","25890155"
"JH378111","18312463","18312735","chr14","44200579","44200838","30","25888116"
"JH378111","18314300","18314597","chr14","44202718","44203015","48","25888418"
"JH378111","18322755","18323058","chr14","44211223","44211533","23","25888468"
"JH378111","18352405","18352717","chr14","44240758","44241068","22","25888353"
"JH378111","18370126","18370285","chr8","33705576","33705734","19","15335450"
"JH378111","18370592","18370725","chr1","171672023","171672158","19","153301431"
"JH378111","18411933","18412235","chr14","44310426","44310724","26","25898493"
"JH378111","18419970","18420249","chr7","59487537","59487824","46","41067567"
"JH378111","18428194","18428491","chr14","44326162","44326463","31","25897968"
"JH378111","18439765","18440062","chr14","44342523","44342821","17","25902758"
"JH378111","18500001","18500147","chr10","16306169","16306315","19","2193832"
"JH378111","18606722","18606899","chr14","44514168","44514337","21","25907446"
"JH378111","18607197","18607321","chr14","44514639","44514781","21","25907442"
"JH378111","18676538","18676851","chr7","72303231","72303533","65","53626693"
"JH378111","18690416","18690713","chr14","44600262","44600543","30","25909846"
"JH378111","18761377","18761695","chr14","44671173","44671468","46","25909796"
"JH378111","18764498","18764809","chr12","28726730","28727036","45","9962232"
"JH378111","18811979","18812111","chr2","7554000","7554131","12","11257979"
"JH378111","18835360","18835679","chr14","44765374","44765689","24","25930014"
"JH378111","18857883","18858167","chr14","44789372","44789665","28","25931489"
"JH378111","18863557","18863857","chr14","44795131","44795428","28","25931574"
"JH378111","18903992","18904206","chr1","209890094","209890301","49","190986102"
"JH378111","18915094","18915338","chr14","44848543","44848784","23","25933449"
"JH378111","18926138","18926379","chr22","17974901","17975137","42","951237"
"JH378111","18935127","18935345","chr2","14649848","14650058","33","4285279"
"JH378111","18935446","18935508","chr15","76177308","76177370","10","57241862"
"JH378111","18941875","18942184","chr8","32940193","32940502","46","13998318"
"JH378111","18942185","18942364","chr14","44879056","44879231","21","25936871"
"JH378111","18965583","18965917","chr14","44902307","44902640","28","25936724"
"JH378111","19006039","19006286","chr9","109048660","109048901","41","90042621"
"JH378111","19006295","19006311","chr2","48672373","48672389","2","29666078"
"JH378111","19010709","19010965","chr14","44948210","44948476","26","25937501"
"JH378111","19017493","19017628","chr11","17043603","17043729","40","1973890"
"JH378111","19017871","19018078","chr7","50569711","50569921","44","31551840"
"JH378111","19027973","19028275","chr14","44968881","44969174","24","25940908"
"JH378111","19055391","19055668","chr11","120569097","120569381","49","101513706"
"JH378111","19082438","19082714","chr10","112745664","112745942","41","93663226"
"JH378111","19082739","19082758","chr8","93583917","93583934","2","74501178"
"JH378111","19088651","19088961","chr8","96875582","96875891","52","77786931"
"JH378111","19090940","19091250","chr14","45033227","45033526","32","25942287"
"JH378111","19122691","19122806","chr14","45065610","45065726","9","25942919"
"JH378111","19124207","19124511","chr14","45067534","45067836","24","25943327"
"JH378111","19134828","19134976","chr14","45077842","45077983","17","25943014"
"JH378111","19151865","19151997","chr4","107560965","107561095","15","88409100"
"JH378111","19228311","19228594","chr14","45172832","45173117","14","25944521"
"JH378111","19236779","19237065","chr14","34676760","34677051","47","15439981"
"JH378111","19238786","19239083","chr14","45182381","45182680","21","25943595"
"JH378111","19239300","19239411","chr14","45182882","45183000","19","25943582"
"JH378111","19239447","19239610","chr14","45183033","45183197","10","25943586"
"JH378111","19246916","19247195","chr14","45190473","45190752","24","25943557"
"JH378111","19253451","19253737","chr14","45196722","45196973","55","25943271"
"JH378111","19253968","19254276","chr14","45197203","45197515","18","25943235"
"JH378111","19266932","19267041","chr4","127610177","127610284","18","108343245"
"JH378111","19267039","19267130","chr4","11134600","11134693","17","8132439"
"JH378111","19275577","19275691","chr4","21567709","21567822","17","2292132"
"JH378111","19278867","19279154","chr14","45224301","45224576","31","25945434"
"JH378111","19294661","19294969","chr14","45238887","45239185","32","25944226"
"JH378111","19304012","19304307","chr14","45247871","45248190","46","25943859"
"JH378111","19304376","19304649","chr14","45248242","45248520","25","25943866"
"JH378111","19323402","19323687","chr14","45270042","45270316","28","25946640"
"JH378111","19353674","19353806","chr3","188094067","188094200","14","168740393"
"JH378111","19353974","19354264","chr9","107089712","107090008","45","87735738"
"JH378111","19356773","19356988","chr9","17847148","17847359","33","1509625"
"JH378111","19366045","19366348","chr3","5913393","5913684","52","13452652"
"JH378111","19366448","19366757","chr14","45314183","45314496","27","25947735"
"JH378111","19368008","19368275","chr18","23128481","23128754","48","3760473"
"JH378111","19371667","19371972","chr14","45314762","45315061","23","25943095"
"JH378111","19377510","19377782","chr9","2205865","2206148","50","17171645"
"JH378111","19385212","19385518","chr14","45328373","45328672","33","25943161"
"JH378111","19402627","19402761","chr5","1154706","1154841","15","18247921"
"JH378111","19403093","19403169","chr12","18482144","18482220","9","920949"
"JH378111","19432712","19433028","chr14","45379046","45379364","30","25946334"
"JH378111","19435597","19435732","chr22","2803275","2803408","13","16632322"
"JH378111","19461740","19462089","chr10","11720297","11720619","83","7741443"
"JH378111","19463483","19463625","chr7","49847125","49847267","21","30383642"
"JH378111","19463924","19464083","chr3","111819841","111819997","29","92355917"
"JH378111","19464914","19465102","chr20","35234591","35234782","27","15769677"
"JH378111","19465372","19465516","chr9","115903705","115903836","37","96438333"
"JH378111","19465934","19466062","chr2","24791888","24792018","14","5325954"
"JH378111","19470646","19470814","chr12","87017646","87017821","27","67547000"
"JH378111","19473128","19473175","chr2","9630524","9630574","7","9842604"
"JH378111","19474993","19475113","chr4","137685098","137685222","7","118210105"
"JH378111","19476817","19476978","chr3","188924708","188924871","28","169447891"
"JH378111","19482210","19482394","chr10","7245436","7245617","26","12236774"
"JH378111","19483958","19484244","chr14","45430988","45431284","31","25947030"
"JH378111","19504125","19504362","chr21","50295851","50296081","45","30791726"
"JH378111","19506492","19506756","chr14","45454395","45454666","29","25947903"
"JH378111","19515450","19515739","chr14","45465913","45466194","34","25950463"
"JH378111","19532304","19532587","chr14","45484943","45485224","12","25952639"
"JH378111","19538609","19538919","chr14","45491704","45492014","21","25953095"
"JH378111","19548010","19548308","chr14","45500610","45500917","27","25952600"
"JH378111","19554875","19554937","chr2","9401346","9401408","7","10153529"
"JH378111","19555290","19555597","chr5","4382239","4382538","57","15173051"
"JH378111","19555620","19555846","chr14","45510187","45510412","14","25954567"
"JH378111","19565072","19565191","chr7","149047061","149047180","6","129481989"
"JH378111","19567061","19567254","chr13","110246809","110247005","38","90679748"
"JH378111","19570606","19570739","chr8","44777692","44777825","15","25207086"
"JH378111","19571040","19571211","chr8","117390893","117391066","22","97819853"
"JH378111","19572557","19572862","chr14","45529333","45529640","34","25956776"
"JH378111","19579293","19579501","chr14","45536945","45537150","13","25957652"
"JH378111","19602641","19602771","chr6","62743084","62743213","16","43140443"
"JH378111","19604953","19605246","chr14","45560651","45560944","17","25955698"
"JH378111","19606206","19606355","chr2","8862451","8862599","30","10743755"
"JH378111","19606876","19606995","chr7","69466074","69466193","9","49859198"
"JH378111","19609994","19610031","chr17","46339568","46339604","3","26729574"
"JH378111","19615500","19615763","chr14","45571326","45571593","22","25955826"
"JH378111","19626595","19626904","chr14","45581513","45581811","31","25954918"
"JH378111","19628409","19628545","chr10","66164973","66165102","17","46536564"
"JH378111","19630714","19630828","chr16","7115455","7115570","13","12515259"
"JH378111","19641809","19642158","chr14","45601605","45601962","30","25959796"
"JH378111","19644445","19644584","chr14","45604387","45604524","11","25959942"
"JH378111","19651348","19651671","chr2","160278007","160278310","70","140626659"
"JH378111","19653318","19653451","chr14","45611796","45611926","8","25958478"
"JH378111","19657064","19657406","chr2","68131487","68131786","93","48474423"
"JH378111","19657717","19657729","chr2","86422823","86422834","1","66765106"
"JH378111","19661985","19662268","chr14","45620181","45620471","23","25958196"
"JH378111","19668652","19668941","chr2","150779617","150779905","42","131110965"
"JH378111","19719689","19719966","chr14","45675210","45675489","31","25955521"
"JH378111","19736372","19736667","chr14","45691938","45692246","39","25955566"
"JH378111","19738988","19739294","chr14","45694224","45694527","20","25955236"
"JH378111","19745759","19746065","chrX","47722923","47723200","85","27977164"
"JH378111","19746918","19747209","chr14","45700755","45701040","32","25953837"
"JH378111","19748679","19748981","chr14","45701895","45702181","38","25953216"
"JH378111","19758166","19758214","chr7","89003778","89003825","10","69245612"
"JH378111","19758511","19758666","chr1","192909450","192909614","34","173150939"
"JH378111","19767488","19767589","chr5","67184777","67184875","15","47417289"
"JH378111","19767715","19768016","chr5","111150780","111151077","50","91383065"
"JH378111","19769246","19769393","chr1","32421225","32421376","24","12651979"
"JH378111","19776710","19777024","chr22","32519434","32519738","28","12742724"
"JH378111","19777605","19777900","chr22","32518512","32518811","26","12740907"
"JH378111","19777925","19778080","chr1","84367033","84367185","27","64589108"
"JH378111","19782349","19782580","chr7","10103260","10103495","50","9679089"
"JH378111","19786891","19787188","chr14","45738145","45738420","40","25951254"
"JH378111","19791080","19791169","chr4","18101456","18101546","11","1689624"
"JH378111","19792245","19792530","chr14","45744428","45744707","30","25952183"
"JH378111","19805719","19806025","chr14","45758466","45758760","38","25952747"
"JH378111","19810440","19810559","chr5","23821087","23821203","17","4010647"
"JH378111","19827383","19827652","chr14","45773680","45773945","26","25946297"
"JH378111","19829896","19830065","chr14","80543587","80543755","28","60713691"
"JH378111","19830363","19830497","chr12","2707174","2707308","21","17123189"
"JH378111","19849957","19850051","chr1","64914240","64914339","13","45064283"
"JH378111","19858804","19859163","chr12","3593162","3593497","68","16265642"
"JH378111","19896015","19896134","chr6","319931","320050","13","19576084"
"JH378111","19902248","19902556","chr14","45831504","45831813","43","25929256"
"JH378111","19909244","19909490","chr3","65657977","65658219","54","45748733"
"JH378111","19910603","19910829","chr14","45839238","45839476","22","25928635"
"JH378111","19914071","19914376","chr14","45842962","45843256","43","25928891"
"JH378111","19914644","19914956","chr14","45843527","45843824","30","25928883"
"JH378111","19933558","19933658","chrUn_GL286461","1","97","21","19933557"
"JH378111","19933675","19933775","chr3","135562239","135562344","14","115628564"
"JH378111","19954116","19954399","chr14","45887208","45887477","23","25933092"
"JH378111","19970318","19970608","chr14","45903282","45903570","28","25932964"
"JH378111","19973935","19974219","chr14","45907226","45907491","47","25933291"
"JH378111","19974625","19974801","chr9","114734618","114734783","47","94759993"
"JH378111","19974846","19974957","chr5","108688342","108688452","20","88713496"
"JH378111","19975221","19975518","chr14","45908424","45908728","36","25933203"
"JH378111","20014622","20014908","chr14","45951759","45952037","29","25937137"
"JH378111","20015299","20015493","chr14","45952425","45952614","16","25937126"
"JH378111","20015798","20015909","chr14","45952919","45953030","8","25937121"
"JH378111","20017593","20017856","chr14","45955093","45955355","29","25937500"
"JH378111","20021797","20021854","chr2","3186346","3186399","8","16835451"
"JH378111","20022151","20022306","chr12","116779525","116779684","26","96757374"
"JH378111","20027650","20027773","chr11","3588163","3588287","7","16439487"
"JH378111","20031601","20031877","chr16","46926181","46926457","41","26894580"
"JH378111","20038150","20038443","chr14","45978606","45978905","19","25940456"
"JH378111","20056091","20056298","chr22","9306527","9306731","29","10749564"
"JH378111","20084458","20084588","chr10","1576634","1576765","6","18507824"
"JH378111","20117507","20117809","chr14","46059445","46059740","43","25941938"
"JH378111","20125474","20125787","chr14","46066597","46066898","26","25941123"
"JH378111","20135760","20136039","chr14","46076814","46077095","17","25941054"
"JH378111","20145353","20145663","chr16","85878415","85878726","43","65733062"
"JH378111","20154374","20154601","chr14","46107676","46107903","13","25953302"
"JH378111","20165363","20165571","chr10","81690968","81691176","35","61525605"
"JH378111","20165672","20165754","chr12","50247998","50248081","7","30082326"
"JH378111","20176633","20176768","chr14","46136779","46136914","12","25960146"
"JH378111","20177071","20177265","chr12","33272753","33272938","34","13095682"
"JH378111","20182499","20182723","chr12","29267456","29267696","55","9084957"
"JH378111","20187701","20187823","chr7","54921669","54921793","8","34733968"
"JH378111","20205587","20205883","chr14","46163808","46164105","24","25958221"
"JH378111","20232289","20232570","chr14","46190222","46190509","24","25957933"
"JH378111","20240702","20240837","chr14","46193953","46194088","7","25953251"
"JH378111","20241139","20241315","chr10","116430881","116431056","31","96189742"
"JH378111","20243985","20244269","chr14","46196886","46197163","26","25952901"
"JH378111","20252120","20252291","chr9","42544487","42544654","28","22292367"
"JH378111","20262487","20262697","chr21","21235498","21235709","46","973011"
"JH378111","20267629","20267897","chr14","46222775","46223044","15","25955146"
"JH378111","20278420","20278560","chr14","46232940","46233083","16","25954520"
"JH378111","20279684","20279809","chr1","194772737","194772864","12","174493053"
"JH378111","20285022","20285149","chr1","25801093","25801216","24","5516071"
"JH378111","20285444","20285581","chr7","66082412","66082547","9","45796968"
"JH378111","20301934","20302234","chr10","81196256","81196554","38","60894322"
"JH378111","20303708","20303840","chr7","66082412","66082547","18","45778704"
"JH378111","20304141","20304325","chr8","3804578","3804756","37","16499563"
"JH378111","20329469","20329767","chr14","46280760","46281053","35","25951291"
"JH378111","20354806","20355113","chr14","46311541","46311848","25","25956735"
"JH378111","20355555","20355837","chr14","46312286","46312570","25","25956731"
"JH378111","20356574","20356799","chr10","45741617","45741851","41","25385043"
"JH378111","20380862","20380981","chr5","39979932","39980048","17","19599070"
"JH378111","20381278","20381449","chr1","209445666","209445844","28","189064388"
"JH378111","20390915","20391219","chr14","46347544","46347838","36","25956629"
"JH378111","20402782","20403042","chr14","46359162","46359437","28","25956380"
"JH378111","20425732","20425782","chr15","7390699","7390746","7","13035033"
"JH378111","20429911","20430199","chr14","46388866","46389148","31","25958955"
"JH378111","20437179","20437345","chr5","30816183","30816344","31","10379004"
"JH378111","20437383","20437502","chr16","18984904","18985021","18","1452479"
"JH378111","20445995","20446305","chr14","46410377","46410688","14","25964382"
"JH378111","20456254","20456546","chr5","24311139","24311438","38","3854885"
"JH378111","20459334","20459604","chr22","43727520","43727788","37","23268186"
"JH378111","20463658","20463946","chr14","46427372","46427663","21","25963714"
"JH378111","20468238","20468536","chr14","46432258","46432556","27","25964020"
"JH378111","20472587","20472858","chr14","46436862","46437155","32","25964275"
"JH378111","20473630","20473930","chr5","24311139","24311438","43","3837509"
"JH378111","20483532","20483820","chr1","185758035","185758322","42","165274503"
"JH378111","20485624","20485922","chr14","46449650","46449943","29","25964026"
"JH378111","20489937","20490242","chr14","46453941","46454246","15","25964004"
"JH378111","20492642","20492748","chr4","127610177","127610284","10","107117535"
"JH378111","20493569","20493861","chr14","46457181","46457465","42","25963612"
"JH378111","20494804","20495098","chrX","17119564","17119856","35","3375240"
"JH378111","20495561","20495867","chr4","155528137","155528448","48","135032576"
"JH378111","20503580","20503730","chr7","42066031","42066179","25","21562451"
"JH378111","20504012","20504141","chr14","46467968","46468096","7","25963956"
"JH378111","20510948","20511210","chr3","150678406","150678641","69","130167458"
"JH378111","20514535","20514772","chr6","6853580","6853817","51","13660955"
"JH378111","20514803","20514815","chr2","9649890","9649902","1","10864913"
"JH378111","20515045","20515169","chrX","43836903","43837024","22","23321858"
"JH378111","20515593","20515909","chr14","46478898","46479207","30","25963305"
"JH378111","20519983","20520257","chr14","46483537","46483808","24","25963554"
"JH378111","20526063","20526347","chr14","46489133","46489421","31","25963070"
"JH378111","20527045","20527337","chr14","46490114","46490415","27","25963069"
"JH378111","20529579","20529732","chr4","102863829","102863981","28","82334250"
"JH378111","20530086","20530219","chr14","46493090","46493228","12","25963004"
"JH378111","20546346","20546607","chr14","46508183","46508440","18","25961837"
"JH378111","20547001","20547031","chr14","46508826","46508856","1","25961825"
"JH378111","20549344","20549659","chr14","46511142","46511455","30","25961798"
"JH378111","20550191","20550474","chr14","46511976","46512262","25","25961785"
"JH378111","20552987","20553284","chrX","45579634","45579937","58","25026647"
"JH378111","20555925","20556148","chr6","84779681","84779899","34","64223756"
"JH378111","20560877","20561183","chr2","171106317","171106618","47","150545440"
"JH378111","20563619","20563920","chr1","209236489","209236783","44","188672870"
"JH378111","20579411","20579702","chr14","46540561","46540852","12","25961150"
"JH378111","20589582","20589861","chr14","46550900","46551156","33","25961318"
"JH378111","20602240","20602563","chr14","44902307","44902640","65","24300067"
"JH378111","20633503","20633799","chr14","46596592","46596888","15","25963089"
"JH378111","20652773","20653062","chr14","46616121","46616416","24","25963348"
"JH378111","20674843","20675134","chr14","46639748","46640036","26","25964905"
"JH378111","20698708","20699014","chr13","6794158","6794466","53","13904550"
"JH378111","20763812","20764114","chr1","139413757","139414057","44","118649945"
"JH378111","20850844","20851140","chr17","8615012","8615308","53","12235832"
"JH378111","20918762","20919028","chr5","83938863","83939128","52","63020101"
"JH378111","20931879","20932197","chr1","202126367","202126682","52","181194488"
"JH378111","20944353","20944593","chr14","84538096","84538328","50","63593743"
"JH378111","20944906","20944954","chr2","48342801","48342850","13","27397895"
"JH378111","21045359","21045660","chr14","47023888","47024184","21","25978529"
"JH378111","21081632","21081923","chr10","14247140","14247422","57","6834492"
"JH378111","21117566","21117859","chr14","47093927","47094231","27","25976361"
"JH378111","21119101","21119209","chr14","47095481","47095582","20","25976380"
"JH378111","21131533","21131791","chr14","47108721","47108979","14","25977188"
"JH378111","21208710","21208994","chr14","47195077","47195361","12","25986367"
"JH378111","21345867","21346159","chr14","47344311","47344607","28","25998444"
"JH378111","21373398","21373515","chr5","38664714","38664825","18","17291316"
"JH378111","21449919","21450237","chr14","47443056","47443367","26","25993137"
"JH378111","21494713","21494831","chr14","47492581","47492702","13","25997868"
"JH378111","21494877","21495054","chr14","17298102","17298270","42","4196775"
"JH378111","21563033","21563330","chr14","47564492","47564786","21","26001459"
"JH378111","21612744","21612997","chr14","47614169","47614414","17","26001425"
"JH378111","21683566","21683868","chr14","47696526","47696823","23","26012960"
"JH378111","21765840","21766141","chr14","47778768","47779063","26","26012928"
"JH378111","21782122","21782383","chr4","14915033","14915293","72","6867089"
"JH378111","21846857","21847150","chr14","47860703","47861002","29","26013846"
"JH378111","21998983","21999269","chr14","48004022","48004317","31","26005039"
"JH378111","22114539","22114831","chr14","48125908","48126202","25","26011369"
"JH378111","22457346","22457659","chr14","48462438","48462733","35","26005092"
"JH378111","22484329","22484606","chr14","48490535","48490813","18","26006206"
"JH378111","22499599","22499614","chr1","185738245","185738259","2","163238646"
"JH378111","22499644","22499934","chr17","74066448","74066740","49","51566804"
"JH378111","22545305","22545610","chr14","48551220","48551524","28","26005915"
"JH378111","22630351","22630662","chr14","48636955","48637251","38","26006604"
"JH378111","22635921","22636218","chr14","48642305","48642602","23","26006384"
"JH378111","22644986","22645147","chr14","48651342","48651503","8","26006356"
"JH378111","22672157","22672478","chr21","7864799","7865115","24","14807358"
"JH378111","22693061","22693351","chr14","48698969","48699269","24","26005908"
"JH378111","22700466","22700777","chr14","48706201","48706511","27","26005735"
"JH378111","22745730","22745975","chr4","36657118","36657354","48","13911388"
"JH378111","22747605","22747888","chr14","48756523","48756818","28","26008918"
"JH378111","22759926","22760188","chr14","48768760","48769018","19","26008834"
"JH378111","22985638","22985809","chr14","49061507","49061681","21","26075869"
"JH378111","23073141","23073426","chr13","54929178","54929467","40","31856037"
"JH378111","23234358","23234664","chr14","49316442","49316739","30","26082084"
"JH378111","23443678","23443932","chrX","89840633","89840890","45","66396955"
"JH378111","23479459","23479678","chr14","49565842","49566051","31","26086383"
"JH378111","23493767","23494048","chr14","49579968","49580249","19","26086201"
"JH378111","23501399","23501698","chr14","49587613","49587911","32","26086214"
"JH378111","23532847","23533154","chr14","49627123","49627430","29","26094276"
"JH378111","23551302","23551620","chr14","49646263","49646584","24","26094961"
"JH378111","23572458","23572749","chr3","5713550","5713842","50","17858908"
"JH378111","23594173","23594473","chr10","90000695","90000988","55","66406522"
"JH378111","23651659","23651962","chr14","49751053","49751336","39","26099394"
"JH378111","23689842","23690121","chr14","49798570","49798846","20","26108728"
"JH378111","23894461","23894717","chr1","193450174","193450431","46","169555713"
"JH378111","23949314","23949580","chr14","50075412","50075668","34","26126098"
"JH378111","23968601","23968894","chr1","170645675","170645973","50","146677074"
"JH378111","24009914","24010229","chr14","50140993","50141302","29","26131079"
"JH378111","24142662","24142777","chr14","50277280","50277395","11","26134618"
"JH378111","24204002","24204307","chr14","50346488","50346804","31","26142486"
"JH378111","24342408","24342587","chr10","114028973","114029148","41","89686565"
"JH378111","24342628","24342760","chr10","45453183","45453313","24","21110555"
"JH378111","24347912","24348186","chr14","50499743","50500000","36","26151831"
"JH378111","24515291","24515599","chr14","50713755","50714067","21","26198464"
"JH378111","24522634","24522929","chr14","50724583","50724851","49","26201949"
"JH378111","24544954","24545269","chr14","50750822","50751119","52","26205868"
"JH378111","24591475","24591599","chr14","50788086","50788210","13","26196611"
"JH378111","24730948","24731247","chr14","50932071","50932353","41","26201123"
"JH378111","24732893","24733171","chr14","50934025","50934318","49","26201132"
"JH378111","24736605","24736768","chr3","6508615","6508770","37","18227990"
"JH378111","24825405","24825719","chr14","51011256","51011575","21","26185851"
"JH378111","24835758","24835886","chr2","72597203","72597328","19","47761445"
"JH378111","24849499","24849716","chr5","211713","211937","39","24637786"
"JH378111","24877278","24877572","chr14","51063936","51064235","21","26186658"
"JH378111","24897756","24898057","chr14","51084307","51084612","25","26186551"
"JH378111","24932879","24933017","chr14","51109856","51109989","18","26176977"
"JH378111","25041045","25041336","chr7","43837732","43838021","45","18796687"
"JH378111","25060803","25061100","chr14","51251325","51251622","18","26190522"
"JH378111","25178696","25179000","chr5","76263696","76263989","49","51085000"
"JH378111","25244241","25244536","chr14","51454945","51455247","37","26210704"
"JH378111","25261267","25261574","chr14","51471337","51471620","44","26210070"
"JH378111","25403458","25403712","chr14","51605711","51605964","11","26202253"
"JH378111","25427230","25427530","chr14","51629763","51630056","30","26202533"
"JH378111","25444801","25445100","chr14","51647755","51648043","31","26202954"
"JH378111","25448630","25448919","chr8","116954881","116955172","66","91506251"
"JH378111","25450817","25451100","chr6","149541905","149542192","50","124091088"
"JH378111","25457535","25457826","chr14","51671315","51671598","17","26213780"
"JH378111","25463576","25463857","chr14","51684035","51684301","31","26220459"
"JH378111","25472612","25472885","chr14","51692212","51692477","23","26219600"
"JH378111","25476513","25476811","chr1","170645675","170645973","45","145169162"
"JH378111","25510801","25511100","chr14","71508687","71508984","39","45997886"
"JH378111","25511323","25511594","chr5","158174009","158174272","45","132662686"
"JH378111","25511610","25511910","chr6","26960721","26961023","48","1449111"
"JH378111","25536202","25536505","chr14","51759319","51759628","33","26223117"
"JH378111","25541406","25541698","chr10","102800589","102800883","46","77259183"
"JH378111","25563055","25563204","chr14","51787161","51787313","14","26224106"
"JH378111","25567034","25567230","chr14","51790838","51791030","15","26223804"
"JH378111","25577228","25577533","chr14","51801019","51801324","22","26223791"
"JH378111","25628305","25628422","chr8","32683184","32683300","8","7054879"
"JH378111","25633134","25633415","chr14","51854851","51855137","46","26221717"
"JH378111","25635141","25635443","chrX","16323059","16323362","46","9312082"
"JH378111","25641744","25642024","chr5","145175600","145175877","20","119533856"
"JH378111","25643785","25644078","chr14","51877673","51877960","16","26233888"
"JH378111","25646168","25646486","chr14","51880068","51880375","31","26233900"
"JH378111","25654329","25654623","chr14","51887711","51888007","17","26233382"
"JH378111","25657212","25657517","chr14","51890859","51891168","27","26233647"
"JH378111","25657800","25658092","chr14","51891446","51891743","19","26233646"
"JH378111","25659851","25660145","chr14","51895893","51896162","38","26236042"
"JH378111","25672162","25672469","chr14","51907577","51907866","37","26235415"
"JH378111","25674318","25674608","chr10","81196256","81196554","44","55521938"
"JH378111","25677977","25678274","chr2","16018347","16018645","34","9659630"
"JH378111","25685289","25685593","chr4","153245192","153245491","45","127559903"
"JH378111","25691788","25692085","chr14","51931225","51931532","24","26239437"
"JH378111","25694329","25694672","chr14","51933750","51934085","32","26239421"
"JH378111","25699725","25700005","chr14","51938496","51938783","27","26238771"
"JH378111","25704532","25704810","chr2","29567557","29567827","48","3863025"
"JH378111","25760355","25760651","chr2","21136079","21136372","50","4624276"
"JH378111","25772684","25772991","chr14","52020796","52021099","29","26248112"
"JH378111","25780825","25781111","chr10","13130542","13130829","39","12650283"
"JH378111","25787643","25787939","chr2","21423126","21423430","45","4364517"
"JH378111","25788112","25788414","chr11","119090584","119090882","47","93302472"
"JH378111","25797087","25797388","chr14","52046373","52046667","32","26249286"
"JH378111","25826016","25826312","chr14","52077216","52077513","18","26251200"
"JH378111","25834461","25834734","chr14","52085827","52086110","32","26251366"
"JH378111","25855169","25855463","chr14","52106386","52106674","27","26251217"
"JH378111","25857940","25858176","chr14","52108881","52109115","22","26250941"
"JH378111","25864995","25865273","chr14","52115565","52115844","26","26250570"
"JH378111","25867070","25867362","chr14","52117691","52117985","20","26250621"
"JH378111","25868151","25868254","chr22","42942683","42942787","17","17074532"
"JH378111","25883265","25883563","chr14","52132914","52133209","18","26249649"
"JH378111","25888086","25888380","chr14","52138141","52138446","30","26250055"
"JH378111","25890952","25891239","chr14","52140879","52141169","28","26249927"
"JH378111","25907592","25907893","chr14","52158131","52158432","42","26250539"
"JH378111","25916299","25916421","chr14","52169212","52169333","9","26252913"
"JH378111","25926227","25926536","chr5","131997823","131998127","32","106071596"
"JH378111","25926537","25926711","chrX","51812976","51813149","31","25886439"
"JH378111","25929001","25929170","chr5","561172","561333","24","25367829"
"JH378111","25929194","25929285","chr14","82910681","82910768","18","56981487"
"JH378111","25933217","25933310","chr4","44136255","44136348","15","18203038"
"JH378111","25939775","25939867","chr12","79263969","79264058","9","53324194"
"JH378111","25985584","25985673","chr21","29779409","29779500","12","3793825"
"JH378111","26006553","26006650","chr10","86093191","86093289","19","60086638"
"JH378111","26031497","26031777","chr14","52323500","52323778","36","26292003"
"JH378111","26037409","26037742","chr5","1440292","1440631","61","24597117"
"JH378111","26068372","26068671","chr14","52398330","52398630","23","26329958"
"JH378111","26080996","26081278","chr14","52412799","52413076","22","26331803"
"JH378111","26082497","26082626","chr6","117427271","117427395","20","91344774"
"JH378111","26082762","26082949","chr5","78899806","78899993","30","52817044"
"JH378111","26108926","26109227","chr14","52442172","52442477","27","26333246"
"JH378111","26118732","26118841","chrX","65636389","65636494","22","39517657"
"JH378111","26150181","26150481","chr14","52490295","52490587","31","26340114"
"JH378111","26164055","26164363","chr14","52504908","52505201","43","26340853"
"JH378111","26191088","26191421","chr22","43138543","43138870","57","16947455"
"JH378111","26200207","26200516","chr14","52542304","52542612","21","26342097"
"JH378111","26232390","26232541","chr14","52571948","52572095","13","26339558"
"JH378111","26242190","26242460","chr14","52582073","52582350","32","26339883"
"JH378111","26326985","26327252","chr14","52678211","52678476","20","26351226"
"JH378111","26387086","26387389","chr14","52746841","52747137","47","26359755"
"JH378111","26423460","26423692","chr3","52482516","52482751","44","26059056"
"JH378111","26585406","26585699","chr14","52955091","52955379","27","26369685"
"JH378111","26588614","26588761","chr13","70103229","70103353","44","43514615"
"JH378111","26623972","26624086","chr8","55272661","55272774","8","28648689"
"JH378111","26630268","26630545","chr14","53005791","53006082","41","26375523"
"JH378111","26632202","26632449","chr14","53007369","53007616","16","26375167"
"JH378111","26645106","26645396","chr14","53018629","53018923","20","26373523"
"JH378111","26665005","26665294","chr2","186544842","186545130","45","159879837"
"JH378111","26665659","26665945","chr14","53040546","53040833","22","26374887"
"JH378111","26700182","26700480","chr14","53075308","53075598","29","26375126"
"JH378111","26717480","26717784","chr14","53091311","53091618","22","26373831"
"JH378111","26741648","26741771","chr1","69161775","69161897","21","42420127"
"JH378111","26744021","26744337","chr14","53120498","53120814","21","26376477"
"JH378111","26745706","26746007","chr14","53121844","53122144","26","26376138"
"JH378111","26761589","26761892","chr22","13087449","13087757","49","13674140"
"JH378111","26764945","26765237","chr14","53140366","53140634","37","26375421"
"JH378111","26789503","26789808","chr14","53164304","53164605","19","26374801"
"JH378111","26808692","26809021","chr14","53180675","53180982","43","26371983"
"JH378111","26940624","26940902","chr14","53310937","53311225","29","26370313"
"JH378111","26942374","26942676","chr14","53312664","53312967","12","26370290"
"JH378111","27007034","27007275","chr14","53392086","53392326","15","26385052"
"JH378111","27010314","27010607","chr14","53395597","53395892","23","26385283"
"JH378111","27048576","27048882","chr3","74142379","74142680","53","47093803"
"JH378111","27066037","27066324","chr14","53453805","53454093","23","26387768"
"JH378111","27066703","27066988","chr14","53454431","53454714","24","26387728"
"JH378111","27075877","27076158","chr14","53461320","53461613","29","26385443"
"JH378111","27092092","27092368","chr14","53479700","53479987","38","26387608"
"JH378111","27094431","27094557","chr2","29711511","29711631","19","2617080"
"JH378111","27116436","27116568","chr4","54399738","54399871","6","27283302"
"JH378111","27121539","27121842","chr14","53500045","53500334","26","26378506"
"JH378111","27128233","27128568","chr9","40811659","40811989","59","13683426"
"JH378111","27138047","27138352","chr14","53514055","53514366","22","26376008"
"JH378111","27151040","27151349","chr5","106616849","106617160","44","79465809"
"JH378111","27151351","27151637","chr14","53533416","53533691","28","26382065"
"JH378111","27155081","27155361","chr14","53537189","53537480","43","26382108"
"JH378111","27156095","27156186","chr5","113622061","113622145","15","86465966"
"JH378111","27156801","27156919","chr11","64887460","64887576","8","37730659"
"JH378111","27169212","27169467","chr14","53549772","53550021","19","26380560"
"JH378111","27172699","27172955","chr14","53552659","53552904","29","26379960"
"JH378111","27174378","27174673","chr14","53554334","53554630","16","26379956"
"JH378111","27174945","27175078","chr22","31376590","31376720","18","4201645"
"JH378111","27175372","27175551","chr5","131702528","131702707","40","104527156"
"JH378111","27179140","27179409","chr19","45165648","45165909","52","17986508"
"JH378111","27182054","27182181","chr3","49815527","49815646","27","22633473"
"JH378111","27182474","27182619","chr1","185821999","185822135","42","158639525"
"JH378111","27186491","27186780","chr14","53566367","53566651","23","26379876"
"JH378111","27187006","27187139","chrX","107012158","107012293","15","79825152"
"JH378111","27187436","27187612","chr5","8690711","8690889","26","18496725"
"JH378111","27189093","27189230","chr5","41404774","41404916","28","14215681"
"JH378111","27193155","27193469","chr14","53572528","53572835","31","26379373"
"JH378111","27207413","27207697","chr14","53586204","53586492","28","26378791"
"JH378111","27222108","27222386","chr2","171704699","171704975","53","144482591"
"JH378111","27222407","27222422","chr2","10719218","10719231","2","16503189"
"JH378111","27224926","27225084","chr1","206535827","206535988","32","179310901"
"JH378111","27225380","27225550","chr9","46689262","46689426","28","19463882"
"JH378111","27230244","27230545","chr2","13357792","13358090","45","13872452"
"JH378111","27234026","27234304","chr14","53611523","53611798","46","26377497"
"JH378111","27241216","27241336","chr7","69466074","69466193","9","42224858"
"JH378111","27250057","27250361","chr14","53628668","53628962","27","26378611"
"JH378111","27288083","27288218","chr17","10957504","10957635","15","16330579"
"JH378111","27311082","27311386","chr14","53689511","53689809","16","26378429"
"JH378111","27315186","27315482","chr14","53693656","53693921","47","26378470"
"JH378111","27331488","27331787","chr1","90413024","90413323","39","63081536"
"JH378111","27334170","27334374","chr14","53720055","53720263","22","26385885"
"JH378111","27340873","27341019","chr14","53725645","53725785","14","26384772"
"JH378111","27341325","27341458","chr7","150527927","150528062","13","123186602"
"JH378111","27374403","27374569","chr10","127950083","127950252","30","100575680"
"JH378111","27374690","27374967","chr5","64189560","64189837","54","36814870"
"JH378111","27375907","27376044","chr14","53756780","53756917","8","26380873"
"JH378111","27382231","27382362","chrUn_GL286265","35610","35741","16","27346621"
"JH378111","27385100","27385236","chr14","53764663","53764793","10","26379563"
"JH378111","27394216","27394502","chr14","53774271","53774565","37","26380055"
"JH378111","27396304","27396435","chr1","116982946","116983076","9","89586642"
"JH378111","27414023","27414330","chrX","48098887","48099196","65","20684864"
"JH378111","27444577","27444698","chr1","78801112","78801232","10","51356535"
"JH378111","27450417","27450620","chr14","53834034","53834235","16","26383617"
"JH378111","27451198","27451288","chr1","156850063","156850152","12","129398865"
"JH378111","27456361","27456491","chr18","28825204","28825339","29","1368843"
"JH378111","27456794","27456933","chr15","26408391","26408533","24","1048403"
"JH378111","27515161","27515464","chr14","53898423","53898720","25","26383262"
"JH378111","27536086","27536191","chr7","67149041","67149146","8","39612955"
"JH378111","27561314","27561600","chr14","53946411","53946699","42","26385097"
"JH378111","27579124","27579408","chr14","53965974","53966261","23","26386850"
"JH378111","27583682","27583960","chr14","53971365","53971627","45","26387683"
"JH378111","27619913","27620212","chr14","54009624","54009926","18","26389711"
"JH378111","27721114","27721408","chr14","54128539","54128846","37","26407425"
"JH378111","27726452","27726797","chr1","194421013","194421359","57","166694561"
"JH378111","27778978","27779317","chr1","187842702","187843039","63","160063724"
"JH378111","27829733","27829969","chr14","54250803","54251066","39","26421070"
"JH378111","27968606","27968899","chr14","54383515","54383805","28","26414909"
"JH378111","27977346","27977571","chr9","10289312","10289541","44","17688034"
"JH378111","28022162","28022286","chr14","54437341","54437452","18","26415179"
"JH378111","28042535","28042685","chr14","54458952","54459097","10","26416417"
"JH378111","28042980","28043281","chr14","54459383","54459690","25","26416403"
"JH378111","28046390","28046662","chr14","54462706","54462978","15","26416316"
"JH378111","28058490","28058789","chr14","54475521","54475823","29","26417031"
"JH378111","28146202","28146467","chr14","54568302","54568556","35","26422100"
"JH378111","28310020","28310339","chr13","38443061","38443360","40","10133041"
"JH378111","28373983","28374262","chr14","54749907","54750179","20","26375924"
"JH378111","28424127","28424258","chr6","155180689","155180824","21","126756562"
"JH378111","28424553","28424705","chr7","11774370","11774522","24","16650183"
"JH378111","28449526","28449822","chr12","364591","364884","67","28084935"
"JH378111","28459615","28459923","chr14","54834636","54834940","28","26375021"
"JH378111","28514352","28514583","chrUn_GL286454","77096","77321","46","28437256"
"JH378111","28812775","28812888","chr14","55203278","55203391","23","26390503"
"JH378111","28885658","28885953","chr14","55276137","55276431","27","26390479"
"JH378111","28923095","28923219","chr2","157850250","157850373","19","128927155"
"JH378111","29107636","29107772","chr2","15236910","15237039","26","13870726"
"JH378111","29288134","29288203","chr10","41319189","41319254","12","12031055"
"JH378111","29304655","29304767","chr1","155730854","155730967","5","126426199"
"JH378111","29392442","29392750","chrX","50877185","50877486","52","21484743"
"JH378111","29406113","29406293","chr14","55877688","55877860","22","26471575"
"JH378111","29489461","29489773","chr14","55967239","55967547","33","26477778"
"JH378111","29520405","29520696","chr9","7215403","7215693","52","22305002"
"JH378111","29650959","29651254","chr14","56147815","56148114","26","26496856"
"JH378111","29711040","29711354","chr14","56210171","56210482","26","26499131"
"JH378111","29793327","29793484","chr5","77519991","77520145","27","47726664"
"JH378111","29823448","29823752","chr14","56327515","56327817","35","26504067"
"JH378111","29877497","29877659","chr1","127108787","127108939","24","97231290"
"JH378111","29908027","29908117","chr5","79161633","79161723","16","49253606"
"JH378111","30149874","30149995","chr14","56682879","56683004","13","26533005"
"JH378111","30158957","30159227","chr14","56692076","56692363","31","26533119"
"JH378111","30225760","30226002","chr14","99964234","99964472","55","69738474"
"JH378111","30356997","30357023","chr2","6431235","6431260","5","23925762"
"JH378111","30357059","30357328","chr5","122861504","122861772","60","92504445"
"JH378111","30443202","30443333","chr4","148615049","148615180","10","118171847"
"JH378111","30468770","30468904","chr12","84304351","84304487","20","53835581"
"JH378111","30469216","30469394","chr12","27123438","27123617","28","3345778"
"JH378111","30555613","30555742","chr7","132348995","132349124","9","101793382"
"JH378111","30565114","30565390","chr10","29133988","29134267","48","1431126"
"JH378111","30567363","30567645","chrUn_GL286451","460414","460703","46","30106949"
"JH378111","30642589","30642896","chr14","57195110","57195409","29","26552521"
"JH378111","30671223","30671500","chr14","57222864","57223141","25","26551641"
"JH378111","30685872","30686174","chr14","57234594","57234898","16","26548722"
"JH378111","30866025","30866313","chr14","57422332","57422607","39","26556307"
"JH378111","30904981","30905287","chr1","193260513","193260822","58","162355532"
"JH378111","30923456","30923741","chr14","57471156","57471441","29","26547700"
"JH378111","30925812","30926123","chr2","8253695","8254002","53","22672117"
"JH378111","30931873","30932041","chr14","57479405","57479585","24","26547532"
"JH378111","30932351","30932492","chr14","57479888","57480031","9","26547537"
"JH378111","30943978","30944286","chr14","57491312","57491617","37","26547334"
"JH378111","30957059","30957337","chrX","30180745","30181022","46","776314"
"JH378111","31021056","31021383","chr3","6094922","6095234","66","24926134"
"JH378111","31046146","31046453","chr14","57594181","57594481","25","26548035"
"JH378111","31214822","31214940","chr14","5172658","5172773","27","26042164"
"JH378111","31214983","31215155","chr2","72424113","72424286","32","41209130"
"JH378111","31289724","31290014","chr14","57834648","57834937","28","26544924"
"JH378111","31333041","31333172","chr1","197885955","197886086","5","166552914"
"JH378111","31366078","31366374","chr14","57910983","57911283","36","26544905"
"JH378111","31418692","31419002","chr12","79538128","79538433","65","48119436"
"JH378111","31451279","31451580","chr14","57993497","57993797","19","26542218"
"JH378111","31471350","31471653","chr14","58012240","58012533","49","26540890"
"JH378111","31605525","31605828","chr14","58160169","58160472","25","26554644"
"JH378111","31608310","31608591","chr14","58165497","58165762","39","26557187"
"JH378111","31773849","31773948","chr2","10691080","10691180","12","21082769"
"JH378111","31773964","31774048","chr14","58330583","58330679","17","26556619"
"JH378111","31907112","31907411","chr14","58468167","58468466","44","26561055"
"JH378111","31910755","31911066","chr10","100307977","100308290","49","68397222"
"JH378111","31938232","31938554","chr14","58499024","58499334","29","26560792"
"JH378111","31979780","31980070","chr15","61431922","61432212","42","29452142"
"JH378111","32261650","32261929","chr19","44653831","44654114","41","12392181"
"JH378111","32294262","32294501","chr5","41513395","41513637","41","9219133"
"JH378111","32373530","32373658","chr9","20840042","20840168","16","11533488"
"JH378111","32373692","32373828","chr9","42451341","42451474","23","10077649"
"JH378111","32475291","32475558","chr2","132011386","132011665","47","99536095"
"JH378111","32535404","32535472","chr14","59108882","59108950","5","26573478"
"JH378111","32535484","32535577","chr14","12410420","12410510","18","20125064"
"JH378111","32558434","32558549","chr1","200825704","200825821","9","168267270"
"JH378111","32577581","32577882","chr14","59150762","59151059","28","26573181"
"JH378111","32582192","32582497","chr14","59156102","59156393","35","26573910"
"JH378111","32593382","32593676","chr14","59167587","59167892","29","26574205"
"JH378111","32604039","32604286","chr5","76989175","76989429","50","44385136"
"JH378111","32605744","32605974","chr7","17166231","17166460","42","15439513"
"JH378111","32607264","32607563","chr14","59180206","59180512","26","26572942"
"JH378111","32637885","32638183","chr14","59210150","59210454","23","26572265"
"JH378111","32642321","32642632","chr14","59214091","59214402","17","26571770"
"JH378111","32647877","32648165","chr14","59219363","59219651","29","26571486"
"JH378111","32666603","32666727","chr16","68125683","68125807","13","35459080"
"JH378111","32667118","32667263","chr7","72090610","72090759","31","39423492"
"JH378111","32667397","32667690","chr14","34676760","34677051","40","2009363"
"JH378111","32674328","32674472","chr14","59244081","59244227","12","26569753"
"JH378111","32691083","32691317","chr15","16282195","16282429","37","16408888"
"JH378111","32693064","32693109","chrX","140553035","140553084","7","107859971"
"JH378111","32713211","32713507","chr14","59284703","59285004","22","26571492"
"JH378111","32717115","32717401","chr14","59288570","59288865","39","26571455"
"JH378111","32717887","32718116","chr1","71856381","71856612","35","39138494"
"JH378111","32723284","32723435","chr22","40514100","40514252","29","7790816"
"JH378111","32723511","32723808","chr14","59294713","59295005","26","26571202"
"JH378111","32737230","32737364","chr7","51112475","51112609","16","18375245"
"JH378111","32737677","32737847","chr12","175225","175391","26","32562452"
"JH378111","32773749","32773807","chr9","40061190","40061246","10","7287441"
"JH378111","32800315","32800392","chr4","21563865","21563948","14","11236450"
"JH378111","32802481","32802638","chr14","59379078","59379247","20","26576597"
"JH378111","32802937","32802991","chr14","59379552","59379606","4","26576615"
"JH378111","32816654","32816763","chr14","59391274","59391382","10","26574620"
"JH378111","32862939","32863246","chr14","59439004","59439302","25","26576065"
"JH378111","32864776","32865071","chr14","59440797","59441090","18","26576021"
"JH378111","32867105","32867203","chrX","18352781","18352880","19","14514324"
"JH378111","32870460","32870665","chr14","83047177","83047376","34","50176717"
"JH378111","32871351","32871587","chr4","151796368","151796603","34","118925017"
"JH378111","32873453","32873764","chr2","6916962","6917267","50","25956491"
"JH378111","32885549","32885849","chr14","59459373","59459678","33","26573824"
"JH378111","32925840","32926132","chr14","59497358","59497666","36","26571518"
"JH378111","32932607","32932818","chr13","63753015","63753225","35","30820408"
"JH378111","32971240","32971505","chr4","3901740","3902008","53","29069500"
"JH378111","32979324","32979634","chr14","59550860","59551157","33","26571536"
"JH378111","32991379","32991662","chr14","59562640","59562924","31","26571261"
"JH378111","33006814","33007110","chr4","107899041","107899332","43","74892227"
"JH378111","33007966","33008048","chr10","27797340","27797416","13","5210626"
"JH378111","33019218","33019360","chr2","10898902","10899044","19","22120316"
"JH378111","33019677","33019844","chr13","47866134","47866306","29","14846457"
"JH378111","33039811","33039924","chr1","43724758","43724871","9","10684947"
"JH378111","33054713","33055008","chr8","86840497","86840790","41","53785784"
"JH378111","33066913","33067220","chr14","59645531","59645839","14","26578618"
"JH378111","33075694","33075984","chr14","59653558","59653850","21","26577864"
"JH378111","33107703","33107821","chr4","31593650","31593770","19","1514053"
"JH378111","33113954","33114243","chr11","113132578","113132864","44","80018624"
"JH378111","33122503","33122800","chr14","59698821","59699116","16","26576318"
"JH378111","33135570","33135854","chr14","59711590","59711875","21","26576020"
"JH378111","33154162","33154452","chr14","59730076","59730368","33","26575914"
"JH378111","33167575","33167710","chr14","59748322","59748457","7","26580747"
"JH378111","33167735","33167901","chr14","59748489","59748653","17","26580754"
"JH378111","33177461","33177591","chr13","9654287","9654418","8","23523174"
"JH378111","33181105","33181391","chr11","89474565","89474853","46","56293460"
"JH378111","33182676","33182969","chr8","10981639","10981933","45","22201037"
"JH378111","33191712","33191849","chr14","59770309","59770447","7","26578597"
"JH378111","33195791","33196058","chr14","59775362","59775628","26","26579571"
"JH378111","33219451","33219747","chrX","39486577","39486884","34","6267126"
"JH378111","33220266","33220396","chrX","69327518","69327646","10","36107252"
"JH378111","33237657","33237790","chr14","59827293","59827425","13","26589636"
"JH378111","33238644","33238937","chr14","59828278","59828570","25","26589634"
"JH378111","33238990","33239122","chr13","9654287","9654418","11","23584703"
"JH378111","33241309","33241472","chr16","50302674","50302831","23","17061365"
"JH378111","33241780","33241914","chr11","123199478","123199610","20","89957698"
"JH378111","33248422","33248526","chr6","74950204","74950310","9","41701782"
"JH378111","33249135","33249307","chr8","117390893","117391066","24","84141758"
"JH378111","33249612","33249746","chr12","3343566","3343700","18","29906046"
"JH378111","33250584","33250857","chr14","59840286","59840565","14","26589702"
"JH378111","33252024","33252156","chr1","107854935","107855066","15","74602911"
"JH378111","33252899","33253216","chr1","74758953","74759274","53","41506054"
"JH378111","33254534","33254830","chr14","59843998","59844287","30","26589464"
"JH378111","33255300","33255615","chr14","59844757","59845072","22","26589457"
"JH378111","33264248","33264375","chr4","25896449","25896581","17","7367799"
"JH378111","33264676","33264848","chr9","42544487","42544654","26","9279811"
"JH378111","33267087","33267400","chr14","59856349","59856642","39","26589262"
"JH378111","33274939","33275106","chr14","59863866","59864036","11","26588927"
"JH378111","33275164","33275237","chr14","59864094","59864172","11","26588930"
"JH378111","33302444","33302722","chr14","59890655","59890942","36","26588211"
"JH378111","33306556","33306811","chr14","59895165","59895422","13","26588609"
"JH378111","33317612","33317753","chr14","59905953","59906093","9","26588341"
"JH378111","33324476","33324777","chr4","155902131","155902430","45","122577655"
"JH378111","33334733","33335014","chr11","28395240","28395513","58","4939493"
"JH378111","33337942","33338169","chr1","191615531","191615758","45","158277589"
"JH378111","33350366","33350520","chr14","59936061","59936227","20","26585695"
"JH378111","33357836","33358099","chr15","25028428","25028690","38","8329408"
"JH378111","33365994","33366102","chr14","59950663","59950783","17","26584669"
"JH378111","33380260","33380498","chr6","148059108","148059342","43","114678848"
"JH378111","33382701","33382997","chr1","15193087","15193382","64","18189614"
"JH378111","33401083","33401382","chr1","90340795","90341095","32","56939712"
"JH378111","33405262","33405554","chr7","113312789","113313080","39","79907527"
"JH378111","33414630","33414939","chr12","5017011","5017321","46","28397619"
"JH378111","33427686","33427787","chr14","65365036","65365142","10","31937350"
"JH378111","33428186","33428353","chr1","163042029","163042199","29","129613843"
"JH378111","33441146","33441436","chr11","14496751","14497046","49","18944395"
"JH378111","33455421","33455723","chr14","60028549","60028856","20","26573128"
"JH378111","33455806","33455918","chr14","60028911","60029023","12","26573105"
"JH378111","33458483","33458611","chr1","138015404","138015535","6","104556921"
"JH378111","33459571","33459875","chr14","60031797","60032091","32","26572226"
"JH378111","33486550","33486843","chr14","60053888","60054191","24","26567338"
"JH378111","33497430","33497562","chr4","71658623","71658755","14","38161193"
"JH378111","33505426","33505727","chr14","60071280","60071568","37","26565854"
"JH378111","33506404","33506482","chr14","60072260","60072338","15","26565856"
"JH378111","33509537","33509785","chr14","60074755","60075005","28","26565218"
"JH378111","33540967","33541230","chr14","60105831","60106098","21","26564864"
"JH378111","33557708","33557843","chr14","60121864","60122000","6","26564156"
"JH378111","33558144","33558318","chr14","60122291","60122469","16","26564147"
"JH378111","33565138","33565442","chr14","60129332","60129634","29","26564194"
"JH378111","33622020","33622310","chr14","60176820","60177108","35","26554800"
"JH378111","33637551","33637864","chr14","60191783","60192097","13","26554232"
"JH378111","33720656","33720765","chr7","48841012","48841112","23","15120356"
"JH378111","33793489","33793804","chr14","60341254","60341554","43","26547765"
"JH378111","33807564","33807859","chr14","60355291","60355598","35","26547727"
"JH378111","33817237","33817505","chr14","60363565","60363836","34","26546328"
"JH378111","33817938","33818067","chr14","60364265","60364385","21","26546327"
"JH378111","33818387","33818560","chr14","60364709","60364875","19","26546322"
"JH378111","33827346","33827455","chr7","126032217","126032326","27","92204871"
"JH378111","33827752","33827857","chr3","108963661","108963765","22","75135909"
"JH378111","33827904","33828199","chr2","55461991","55462285","51","21634087"
"JH378111","33828911","33829125","chr19","11034126","11034344","38","22794785"
"JH378111","33847204","33847340","chr20","21064445","21064581","25","12782759"
"JH378111","33847363","33847543","chr1","94020120","94020300","39","60172757"
"JH378111","33850483","33850623","chr16","22207082","22207224","23","11643401"
"JH378111","33862909","33863133","chr1","201997224","201997452","42","168134315"
"JH378111","33869699","33870004","chr14","60414636","60414940","27","26544937"
"JH378111","33871980","33872140","chr6","16991325","16991483","27","16880655"
"JH378111","33872404","33872550","chr22","11330789","11330939","23","22541615"
"JH378111","33872872","33873170","chr14","60418882","60419182","18","26546010"
"JH378111","33876724","33876796","chr9","85103641","85103712","15","51226917"
"JH378111","33877113","33877160","chr1","8676620","8676665","10","25200493"
"JH378111","33877823","33877932","chr11","64182798","64182901","16","30304975"
"JH378111","33879613","33879921","chr14","60426733","60427041","28","26547120"
"JH378111","33879960","33880139","chr1","117142347","117142522","30","83262387"
"JH378111","33896422","33896481","chr2","83523550","83523610","17","49627128"
"JH378111","33896775","33896921","chr2","43029108","43029248","39","9132333"
"JH378111","33901832","33902011","chr9","118886092","118886273","30","84984260"
"JH378111","33902233","33902536","chr14","60454179","60454470","29","26551946"
"JH378111","33906660","33906963","chr14","60456520","60456822","19","26549860"
"JH378111","33925174","33925480","chr14","60469958","60470267","24","26544784"
"JH378111","33926320","33926540","chr5","108353659","108353881","30","74427339"
"JH378111","33931934","33932243","chr14","60477545","60477854","24","26545611"
"JH378111","33933623","33933928","chr14","60479244","60479549","22","26545621"
"JH378111","33937086","33937191","chr14","60482255","60482359","3","26545169"
"JH378111","33938069","33938357","chr14","60483946","60484234","12","26545877"
"JH378111","33938505","33938815","chr14","60484351","60484705","54","26545846"
"JH378111","33961416","33961720","chr17","74147362","74147666","52","40185946"
"JH378111","33972680","33972833","chr5","125742880","125743026","32","91770200"
"JH378111","33972855","33973034","chr4","105764275","105764450","41","71791420"
"JH378111","33973358","33973679","chr14","70726480","70726795","49","36753122"
"JH378111","33977789","33978074","chr14","14482833","14483101","28","19494956"
"JH378111","33984606","33984712","chr14","14476661","14476767","11","19507945"
"JH378111","33987047","33987237","chr5","153178799","153178988","32","119191752"
"JH378111","33993731","33993893","chr11","117507447","117507606","51","83513716"
"JH378111","33994187","33994362","chr15","23261509","23261669","44","10732678"
"JH378111","33995149","33995457","chr6","23942057","23942360","51","10053092"
"JH378111","34003443","34003731","chr14","14459027","14459303","31","19544416"
"JH378111","34004567","34004877","chr14","14457844","14458138","45","19546723"
"JH378111","34019315","34019444","chr8","107774576","107774707","7","73755261"
"JH378111","34023050","34023332","chr14","14440252","14440522","35","19582798"
"JH378111","34023814","34024097","chr11","80773678","80773962","41","46749864"
"JH378111","34030240","34030553","chr5","60671568","60671876","42","26641328"
"JH378111","34035831","34035962","chr3","72164513","72164644","12","38128682"
"JH378111","34040075","34040143","chr1","192476241","192476309","11","158436166"
"JH378111","34042385","34042499","chr7","45679716","45679831","6","11637331"
"JH378111","34042541","34042562","chr22","2854225","2854242","7","31188316"
"JH378111","34053015","34053133","chr4","15154079","15154203","25","18898936"
"JH378111","34053427","34053599","chr14","14410105","14410279","25","19643322"
"JH378111","34056974","34057266","chrX","62086138","62086430","51","28029164"
"JH378111","34059668","34059868","chr14","14398009","14398213","15","19661659"
"JH378111","34060339","34060395","chr5","1317089","1317142","10","32743250"
"JH378111","34065562","34065656","chr9","105048400","105048488","14","70982838"
"JH378111","34068653","34068787","chr2","126098426","126098556","10","92029773"
"JH378111","34082071","34082203","chr14","14372536","14372666","12","19709535"
"JH378111","34089404","34089696","chr14","14366181","14366483","31","19723223"
"JH378111","34090327","34090526","chrUn_GL288332","5029","5237","44","34085298"
"JH378111","34090830","34090963","chr20","23719259","23719391","13","10371571"
"JH378111","34094777","34095076","chr14","14361209","14361506","22","19733568"
"JH378111","34104435","34104744","chr22","6475349","6475647","48","27629086"
"JH378111","34106987","34107120","chr14","14350244","14350377","4","19756743"
"JH378111","34107409","34107544","chr14","14349816","14349951","3","19757593"
"JH378111","34111099","34111319","chr14","14346127","14346343","18","19764972"
"JH378111","34126292","34126439","chrX","45327605","45327757","26","11201313"
"JH378111","34141233","34141521","chr14","14315765","14316051","24","19825468"
"JH378111","34155938","34156057","chr14","14302313","14302434","7","19853625"
"JH378111","34156058","34156351","chr14","14302022","14302312","35","19854036"
"JH378111","34156352","34156521","chr14","14301852","14302021","21","19854500"
"JH378111","34161107","34161375","chr14","14296994","14297253","25","19864113"
"JH378111","34315900","34316195","chr14","14165923","14166225","33","20149977"
"JH378111","34316807","34317087","chr14","14165032","14165311","42","20151775"
"JH378111","34319708","34319985","chr14","14161587","14161864","14","20158121"
"JH378111","34384282","34384622","chr14","14094057","14094394","23","20290225"
"JH378111","34470852","34471159","chr14","13994558","13994859","21","20476294"
"JH378111","34553454","34553590","chr14","13913233","13913370","10","20640221"
"JH378111","34553875","34554041","chr7","146029397","146029568","31","111475522"
"JH378111","34588346","34588637","chr14","13874313","13874604","22","20714033"
"JH378111","34634054","34634080","chr2","161266836","161266861","5","126632782"
"JH378111","34634113","34634333","chr8","8244782","8245008","55","26389331"
"JH378111","34683948","34684248","chr14","13766529","13766840","30","20917419"
"JH378111","34710819","34711072","chr14","13738642","13738892","20","20972177"
"JH378111","34711566","34711854","chr16","75338869","75339167","46","40627303"
"JH378111","34748468","34748758","chr14","13693731","13694025","23","21054737"
"JH378111","34753377","34753548","chr20","23110506","23110676","23","11642871"
"JH378111","34753836","34753965","chr14","13687325","13687456","9","21066511"
"JH378111","34764577","34764660","chr5","52246131","52246214","4","17481554"
"JH378111","34816887","34817184","chr14","13619625","13619934","39","21197262"
"JH378111","34825644","34825945","chr14","13611179","13611480","23","21214465"
"JH378111","34830526","34830815","chr14","13605785","13606057","38","21224741"
"JH378111","34831214","34831522","chr14","13605071","13605380","26","21226143"
"JH378111","34850550","34850848","chr14","13579083","13579384","18","21271467"
"JH378111","34863203","34863323","chr14","13566224","13566344","6","21296979"
"JH378111","34891510","34891640","chrX","68935498","68935625","6","34043988"
"JH378111","34897759","34897890","chr4","17471693","17471821","22","17426066"
"JH378111","34897922","34898074","chr12","2257618","2257774","29","32640304"
"JH378111","34906052","34906369","chr5","157082303","157082618","20","122176251"
"JH378111","34919776","34920061","chr14","13510081","13510357","19","21409695"
"JH378111","34922029","34922290","chr1","138040412","138040684","57","103118383"
"JH378111","34928637","34928717","chr14","13502028","13502109","9","21426609"
"JH378111","34929582","34929742","chr14","13501000","13501160","6","21428582"
"JH378111","34937277","34937568","chr14","13491564","13491862","34","21445713"
"JH378111","34968775","34969141","chr12","24183891","24184238","87","10784884"
"JH378111","34980759","34981053","chr12","15196088","15196387","49","19784671"
"JH378111","34988484","34988764","chr14","13439700","13439969","23","21548784"
"JH378111","34993490","34993769","chr14","13435644","13435926","30","21557846"
"JH378111","35058496","35058673","chr7","62619445","62619621","26","27560949"
"JH378111","35058982","35059115","chr2","31408447","31408580","20","3650535"
"JH378111","35077350","35077481","chr3","142409967","142410098","7","107332617"
"JH378111","35094398","35094672","chr14","13333034","13333323","47","21761364"
"JH378111","35102030","35102328","chr14","13325463","13325756","36","21776567"
"JH378111","35109958","35110191","chr14","13310023","13310245","30","21799935"
"JH378111","35110258","35110488","chr14","13309705","13309947","22","21800553"
"JH378111","35137702","35137999","chr14","13272382","13272678","19","21865320"
"JH378111","35146826","35147117","chr14","13253160","13253440","36","21893666"
"JH378111","35147150","35147418","chr14","13252844","13253127","39","21894306"
"JH378111","35159911","35160039","chr1","64015511","64015638","8","28855600"
"JH378111","35173344","35173626","chr14","13213785","13214070","29","21959559"
"JH378111","35178441","35178748","chr5","39074962","39075269","52","3896521"
"JH378111","35182133","35182436","chr14","13205197","13205502","30","21976936"
"JH378111","35195492","35195775","chr7","42233845","42234134","41","7038353"
"JH378111","35411873","35412180","chr14","12872251","12872557","24","22539622"
"JH378111","35463220","35463514","chr7","80064973","80065268","38","44601753"
"JH378111","35616837","35616967","chr14","12639806","12639932","20","22977031"
"JH378111","35699063","35699373","chr4","28953766","28954076","49","6745297"
"JH378111","35716314","35716645","chr7","97386738","97387072","66","61670424"
"JH378111","35757870","35758172","chr17","26482397","26482693","49","9275473"
"JH378111","35774926","35775231","chr14","12413985","12414293","22","23360941"
"JH378111","35778193","35778460","chr14","12410738","12411003","27","23367455"
"JH378111","35798831","35799079","chr6","150718060","150718310","51","114919229"
"JH378111","35856796","35857080","chr14","12344241","12344544","50","23512555"
"JH378111","35865225","35865508","chr14","12325659","12325942","21","23539566"
"JH378111","35964721","35965049","chr14","12222337","12222625","58","23742384"
"JH378111","35994740","35995046","chr14","12190460","12190766","42","23804280"
"JH378111","36010074","36010284","chr14","12166583","12166793","18","23843491"
"JH378111","36011435","36011745","chr14","12165133","12165425","49","23846302"
"JH378111","36055907","36056110","chr14","12127040","12127238","25","23928867"
"JH378111","36057086","36057396","chr14","12125769","12126079","24","23931317"
"JH378111","36071936","36072110","chr12","21026292","21026462","29","15045644"
"JH378111","36136963","36137004","chr14","12045281","12045322","4","24091682"
"JH378111","36275469","36275777","chr14","11890896","11891194","36","24384573"
"JH378111","36324390","36324500","chr7","54975822","54975929","11","18651432"
"JH378111","36389344","36389480","chr1","84772989","84773121","10","48383645"
"JH378111","36395804","36396086","chr14","11761218","11761493","22","24634586"
"JH378111","36473501","36473627","chr6","84264184","84264312","19","47790683"
"JH378111","36591918","36592224","chr1","140852757","140853057","69","104260839"
"JH378111","36600581","36600597","chr4","41621462","41621478","3","5020881"
"JH378111","36600628","36600868","chr15","3643513","3643747","46","32957115"
"JH378111","36605804","36606158","chr14","11507055","11507387","45","25098749"
"JH378111","36610648","36610948","chr14","11503141","11503437","33","25107507"
"JH378111","36640040","36640188","chr4","162203136","162203279","22","125563096"
"JH378111","36695872","36695978","chr18","5811437","5811542","23","30884435"
"JH378111","36739704","36739999","chr7","28057498","28057788","47","8682206"
"JH378111","36868283","36868585","chr22","35779523","35779824","39","1088760"
"JH378111","36869738","36870024","chr14","15248489","15248769","29","21621249"
"JH378111","36887468","36887568","chr14","11061726","11061830","13","25825742"
"JH378111","36942849","36943149","chr12","28601963","28602263","27","8340886"
"JH378111","36961251","36961546","chr8","52931001","52931301","57","15969750"
"JH378111","36963490","36963766","chr7","14715192","14715481","47","22248298"
"JH378111","36973908","36974206","chr1","171693875","171694176","47","134719967"
"JH378111","36974391","36974403","chr9","84599021","84599033","1","47624630"
"JH378111","37013214","37013521","chr1","74311880","74312186","50","37298666"
"JH378111","37049680","37049966","chr6","134992388","134992681","55","97942708"
"JH378111","37080263","37080510","chr14","10797761","10798032","40","26282502"
"JH378111","37160422","37160723","chr14","15243087","15243390","28","21917335"
"JH378111","37164879","37165196","chr14","10744115","10744410","46","26420764"
"JH378111","37235751","37236052","chr14","10654433","10654727","29","26581318"
"JH378111","37260950","37261082","chr2","92875331","92875463","23","55614381"
"JH378111","37303692","37303895","chr7","59977849","59978053","32","22674157"
"JH378111","37367161","37367456","chr14","10495240","10495541","22","26871921"
"JH378111","37379349","37379624","chr14","10482729","10483016","32","26896620"
"JH378111","37379653","37379674","chr14","10482687","10482708","2","26896966"
"JH378111","37384468","37384514","chr14","10477789","10477834","5","26906679"
"JH378111","37384550","37384718","chr1","192909450","192909614","26","155524900"
"JH378111","37415249","37415388","chr14","10446875","10447014","5","26968374"
"JH378111","37511007","37511181","chr10","99714354","99714508","45","62203347"
"JH378111","37511501","37511609","chr2","1573525","1573616","29","35937976"
"JH378111","37563622","37563751","chr4","147039916","147040045","13","109476294"
"JH378111","37563780","37563950","chr18","29863702","29863875","32","7700078"
"JH378111","37580102","37580417","chr14","10273335","10273639","34","27306767"
"JH378111","37629332","37629603","chr14","10216853","10217137","30","27412479"
"JH378111","37680006","37680232","chr14","10161168","10161393","16","27518838"
"JH378111","37694510","37694781","chr22","16708571","16708839","45","20985939"
"JH378111","37719845","37720111","chr10","70318575","70318825","48","32598730"
"JH378111","37748503","37748715","chr12","112773096","112773304","45","75024593"
"JH378111","37749741","37750044","chrX","140265928","140266235","42","102516187"
"JH378111","37750886","37751187","chr14","10091092","10091401","31","27659794"
"JH378111","37776698","37776869","chr11","122110544","122110718","30","84333846"
"JH378111","37788810","37788978","chr14","10053272","10053432","19","27735538"
"JH378111","37793499","37793801","chr14","10049761","10050063","26","27743738"
"JH378111","37795273","37795560","chr14","10047994","10048301","38","27747279"
"JH378111","37799116","37799185","chr14","10041752","10041821","4","27757364"
"JH378111","37799186","37799232","chr14","10041705","10041751","0","27757481"
"JH378111","37799359","37799638","chr14","10041296","10041581","34","27758063"
"JH378111","37806834","37807085","chr14","10033990","10034245","21","27772844"
"JH378111","37810865","37810993","chr6","114715183","114715312","12","76904318"
"JH378111","37815941","37816239","chr14","10023776","10024064","39","27792165"
"JH378111","37816762","37817071","chr14","10022957","10023259","36","27793805"
"JH378111","37817140","37817371","chr14","10022662","10022891","18","27794478"
"JH378111","37864583","37864863","chr14","9974775","9975056","18","27889808"
"JH378111","37865816","37865940","chr13","59354730","59354854","10","21488914"
"JH378111","37882775","37883071","chr14","9957679","9957976","23","27925096"
"JH378111","37900150","37900457","chr1","84092652","84092958","24","46192502"
"JH378111","37931199","37931508","chr9","100060012","100060317","47","62128813"
"JH378111","37935372","37935682","chr14","9897891","9898198","25","28037481"
"JH378111","37954668","37954975","chr9","18867913","18868213","50","19086755"
"JH378111","37964268","37964479","chrX","125215223","125215429","41","87250955"
"JH378111","38011677","38011703","chr3","105733590","105733617","5","67721913"
"JH378111","38011730","38012014","chrUn_GL286779","2923","3206","16","38008807"
"JH378111","38025851","38026155","chr14","9805035","9805324","51","28220816"
"JH378111","38070427","38070533","chr17","73550465","73550573","22","35480038"
"JH378111","38070565","38070728","chr18","10415726","10415889","33","27654839"
"JH378111","38116281","38116557","chr14","9714509","9714781","19","28401772"
"JH378111","38144818","38145099","chr14","9682687","9682966","23","28462131"
"JH378111","38170019","38170327","chr14","9664318","9664629","20","28505701"
"JH378111","38202915","38203214","chr14","9634063","9634369","38","28568852"
"JH378111","38209957","38210222","chr14","9625593","9625883","35","28584364"
"JH378111","38248068","38248373","chr14","9577793","9578093","26","28670275"
"JH378111","38277495","38277808","chr14","9557960","9558257","39","28719535"
"JH378111","38286826","38286895","chr13","97774421","97774492","12","59487595"
"JH378111","38286937","38287004","chr22","6494374","6494439","10","31792563"
"JH378111","38322509","38322819","chr14","9514426","9514736","16","28808083"
"JH378111","38380669","38380967","chr14","9454858","9455161","31","28925811"
"JH378111","38381555","38381860","chr14","9453969","9454276","30","28927586"
"JH378111","38416564","38416873","chr14","9415556","9415846","45","29001008"
"JH378111","38419823","38420045","chr19","39927018","39927239","33","1507195"
"JH378111","38442100","38442117","chr10","129808285","129808298","4","91366185"
"JH378111","38442542","38442625","chr14","9388779","9388861","8","29053763"
"JH378111","38472087","38472396","chr14","9356679","9356973","39","29115408"
"JH378111","38505566","38505897","chrX","43806174","43806512","69","5300608"
"JH378111","38518775","38519070","chr14","9311401","9311703","23","29207374"
"JH378111","38524696","38525011","chr14","9305565","9305847","48","29219131"
"JH378111","38573134","38573441","chr1","93648607","93648915","52","55075473"
"JH378111","38578491","38578643","chr1","118586068","118586222","25","80007577"
"JH378111","38578943","38579084","chr14","9246714","9246858","16","29332229"
"JH378111","38609893","38610208","chr14","9209798","9210090","48","29400095"
"JH378111","38610244","38610255","chr1","164178444","164178454","1","125568200"
"JH378111","38703277","38703581","chr14","9101664","9101972","26","29601613"
"JH378111","38803483","38803592","chr1","155044271","155044382","16","116240788"
"JH378111","38819721","38820011","chr14","8983188","8983489","31","29836533"
"JH378111","38832434","38832734","chr14","8970952","8971254","30","29861482"
"JH378111","38859871","38860000","chr5","61484393","61484519","22","22624522"
"JH378111","38860024","38860167","chr6","110781097","110781239","35","71921073"
"JH378111","38999486","38999764","chr5","62357006","62357286","48","23357520"
"JH378111","39056282","39056325","chr2","11375075","11375121","13","27681207"
"JH378111","39056348","39056508","chr8","33705576","33705734","31","5350772"
"JH378111","39094037","39094321","chr14","8675802","8676088","32","30418235"
"JH378111","39099626","39099935","chr3","2060027","2060338","49","37039599"
"JH378111","39101600","39101869","chr1","179782588","179782847","51","140680988"
"JH378111","39200988","39201138","chr12","53733228","53733373","25","14532240"
"JH378111","39230441","39230726","chr14","8537545","8537829","24","30692896"
"JH378111","39268014","39268273","chr12","11920576","11920831","56","27347438"
"JH378111","39282202","39282522","chr10","103070290","103070612","59","63788088"
"JH378111","39355063","39355354","chr14","8415862","8416167","39","30939201"
"JH378111","39366113","39366408","chr3","106656821","106657117","52","67290708"
"JH378111","39379237","39379534","chr14","8391761","8392046","29","30987476"
"JH378111","39393878","39394190","chr8","32940193","32940502","48","6453685"
"JH378111","39400604","39400921","chr13","50214600","50214913","59","10813996"
"JH378111","39405250","39405547","chr13","9870237","9870536","46","29535013"
"JH378111","39645045","39645339","chr14","8086459","8086738","44","31558586"
"JH378111","39655725","39655820","chr14","8075427","8075528","17","31580298"
"JH378111","39665887","39666138","chr19","14305092","14305349","44","25360795"
"JH378111","39667729","39668040","chr5","24311139","24311438","54","15356590"
"JH378111","39746163","39746214","chr1","175510919","175510965","9","135764756"
"JH378111","39782473","39782775","chr14","7927092","7927394","37","31855381"
"JH378111","39798440","39798522","chr21","22350207","22350290","14","17448233"
"JH378111","39798988","39799283","chr14","7910279","7910555","41","31888709"
"JH378111","39821697","39822018","chr14","7891799","7892106","43","31929898"
"JH378111","39895359","39895647","chr14","7821878","7822167","30","32073481"
"JH378111","39896988","39897127","chr14","7820009","7820140","16","32076979"
"JH378111","39942319","39942631","chr14","7774673","7774987","43","32167646"
"JH378111","39952795","39952924","chr5","152624723","152624853","5","112671928"
"JH378111","40030414","40030699","chr14","7688965","7689252","25","32341449"
"JH378111","40037402","40037533","chr1","194772737","194772864","8","154735335"
"JH378111","40053120","40053281","chr14","7666035","7666192","14","32387085"
"JH378111","40062996","40063164","chr17","34213114","34213265","42","5849882"
"JH378111","40063210","40063332","chr2","59018472","59018589","24","18955262"
"JH378111","40117750","40118029","chr14","7598672","7598955","31","32519078"
"JH378111","40118065","40118080","chr3","165678166","165678182","2","125560101"
"JH378111","40203120","40203437","chr9","44771360","44771669","53","4568240"
"JH378111","40306175","40306475","chr14","7412296","7412604","44","32893879"
"JH378111","40320161","40320471","chr14","7397840","7398150","20","32922321"
"JH378111","40376767","40376892","chr10","102600841","102600965","16","62224074"
"JH378111","40376914","40377068","chrX","13407710","13407863","27","26969204"
"JH378111","40394421","40394730","chr14","7322331","7322639","24","33072090"
"JH378111","40437721","40438006","chr14","7280303","7280586","18","33157418"
"JH378111","40446164","40446447","chr14","41428011","41428290","50","981847"
"JH378111","40490275","40490450","chr22","4618414","4618593","30","35871861"
"JH378111","40490476","40490597","chr7","129085820","129085939","20","88595344"
"JH378111","40500690","40500972","chr14","7219027","7219309","27","33281663"
"JH378111","40504355","40504652","chr14","7214700","7214999","16","33289655"
"JH378111","40547974","40548254","chr17","61311997","61312276","40","20764023"
"JH378111","40554662","40554962","chr14","7161747","7162039","40","33392915"
"JH378111","40570567","40570856","chr20","42069850","42070139","55","1499283"
"JH378111","40611764","40612059","chr14","7094037","7094327","27","33517727"
"JH378111","40640012","40640112","chr1","186116212","186116312","15","145476200"
"JH378111","40640113","40640405","chr14","7064038","7064344","37","33576075"
"JH378111","40640406","40640579","chr14","7063876","7064037","21","33576530"
"JH378111","40696497","40696786","chr7","51503118","51503405","51","10806621"
"JH378111","40797039","40797320","chr14","6755104","6755385","36","34041935"
"JH378111","40881664","40881797","chr14","6662313","6662446","13","34219351"
"JH378111","40966324","40966603","chr14","6578069","6578350","23","34388255"
"JH378111","41020389","41020705","chr14","6523677","6523988","28","34496712"
"JH378111","41021032","41021365","chr14","6523059","6523358","52","34497973"
"JH378111","41067710","41067883","chr2","113377204","113377382","25","72309494"
"JH378111","41067915","41068034","chr2","1162769","1162893","16","39905146"
"JH378111","41085409","41085615","chr14","6456203","6456421","33","34629206"
"JH378111","41099718","41100004","chr1","176858812","176859089","52","135759094"
"JH378111","41106313","41106573","chr14","6433596","6433857","17","34672717"
"JH378111","41193202","41193436","chr3","52482516","52482751","33","11289314"
"JH378111","41233095","41233427","chr14","6312400","6312724","33","34920695"
"JH378111","41256852","41257157","chr20","38166916","38167224","27","3089936"
"JH378111","41281819","41282108","chr2","36145834","36146132","35","5135985"
"JH378111","41314712","41314993","chr20","38236052","38236331","24","3078660"
"JH378111","41321492","41321788","chr20","38243759","38244049","32","3077733"
"JH378111","41390121","41390249","chr20","38309711","38309841","29","3080410"
"JH378111","41402510","41402812","chr20","38322110","38322401","43","3080400"
"JH378111","41403919","41404202","chr9","86137194","86137489","50","44733275"
"JH378111","41484960","41485257","chr20","38410025","38410305","29","3074935"
"JH378111","41503857","41504177","chr20","38430935","38431275","45","3072922"
"JH378111","41507907","41508194","chr20","38434836","38435122","22","3073071"
"JH378111","41524390","41524703","chr1","173583879","173584187","47","132059489"
"JH378111","41534499","41534789","chr19","32805671","32805962","53","8728828"
"JH378111","41543596","41543898","chr9","103694498","103694799","55","62150902"
"JH378111","41560877","41560939","chr20","38489122","38489184","5","3071755"
"JH378111","41561242","41561399","chr20","38489488","38489644","10","3071754"
"JH378111","41563413","41563708","chr20","38491738","38492037","32","3071675"
"JH378111","41565329","41565599","chr19","18362531","18362799","33","23202798"
"JH378111","41568081","41568310","chr12","93149186","93149416","35","51581105"
"JH378111","41570307","41570483","chr8","97810794","97810968","30","56240487"
"JH378111","41582694","41582856","chr12","20194423","20194585","24","21388271"
"JH378111","41588231","41588348","chr3","148990844","148990954","25","107402613"
"JH378111","41638455","41638734","chr20","38568572","38568846","18","3069883"
"JH378111","41658434","41658729","chr13","19689245","19689545","38","21969189"
"JH378111","41705595","41705910","chr20","38643589","38643898","29","3062006"
"JH378111","41705940","41706075","chr20","38643934","38644069","6","3062006"
"JH378111","41706372","41706564","chr20","38644366","38644556","36","3062006"
"JH378111","41706838","41706989","chr20","38644827","38644978","13","3062011"
"JH378111","41711489","41711777","chr20","38655219","38655509","22","3056270"
"JH378111","41715920","41716227","chr20","38659759","38660068","31","3056161"
"JH378111","41716771","41717075","chr5","60671568","60671876","39","18954797"
"JH378111","41725904","41726215","chr5","75865288","75865603","61","34139384"
"JH378111","41730826","41731104","chr14","70994897","70995186","40","29264071"
"JH378111","41757103","41757406","chr20","38701452","38701749","32","3055651"
"JH378111","41764373","41764686","chr20","38709381","38709694","17","3054992"
"JH378111","41767345","41767487","chr20","38712430","38712559","21","3054915"
"JH378111","41767488","41767665","chr20","38712567","38712743","6","3054921"
"JH378111","41779462","41779597","chr20","38724076","38724211","6","3055386"
"JH378111","41779891","41780053","chr20","38724508","38724667","18","3055383"
"JH378111","41783095","41783315","chr20","38728131","38728360","25","3054964"
"JH378111","41784199","41784500","chr20","38729246","38729536","36","3054953"
"JH378111","41804079","41804369","chr1","75545916","75546205","57","33741837"
"JH378111","41805450","41805745","chr20","38751784","38752080","22","3053666"
"JH378111","41810943","41811226","chr20","38756450","38756735","24","3054493"
"JH378111","41823005","41823281","chr20","38768518","38768794","23","3054487"
"JH378111","41824450","41824724","chr20","38768518","38768794","43","3055932"
"JH378111","41829814","41829949","chr20","38775290","38775425","12","3054524"
"JH378111","41846330","41846635","chr20","38793442","38793728","33","3052888"
"JH378111","41862852","41863126","chr20","38809636","38809921","32","3053216"
"JH378111","41863771","41864083","chr20","38811780","38812072","41","3051991"
"JH378111","41876019","41876109","chr6","59542954","59543043","22","17666935"
"JH378111","41879104","41879380","chr20","38829330","38829607","21","3049774"
"JH378111","41885213","41885332","chr2","126690563","126690679","13","84805350"
"JH378111","41890041","41890329","chr20","38841189","38841480","25","3048852"
"JH378111","41891743","41891903","chr15","4966702","4966863","28","36925041"
"JH378111","41891930","41892061","chr2","151509721","151509855","23","109617791"
"JH378111","41910213","41910346","chr9","39167271","39167402","11","2742942"
"JH378111","41911961","41912231","chr10","130906301","130906571","49","88994340"
"JH378111","41916322","41916613","chr20","38870426","38870719","28","3045896"
"JH378111","41922677","41922849","chr7","44853841","44854009","41","2931164"
"JH378111","41942070","41942198","chr3","111121239","111121361","22","69179169"
"JH378111","41942343","41942483","chr2","133724001","133724135","31","91781658"
"JH378111","41946205","41946502","chr20","38900250","38900535","29","3045955"
"JH378111","41959077","41959388","chr20","38912097","38912406","14","3046980"
"JH378111","41984943","41985046","chr20","38937854","38937956","4","3047089"
"JH378111","41998585","41998628","chr20","38954515","38954558","2","3044070"
"JH378111","41998930","41999065","chr20","38954862","38954996","10","3044068"
"JH378111","42005265","42005562","chr20","38961624","38961932","20","3043641"
"JH378111","42008594","42008724","chr1","197885955","197886086","7","155877361"
"JH378111","42010101","42010389","chr20","38966102","38966396","22","3043999"
"JH378111","42026703","42026873","chr2","3588784","3588946","29","38437919"
"JH378111","42027169","42027329","chr20","38983555","38983719","28","3043614"
"JH378111","42030422","42030626","chr20","38986794","38986999","14","3043628"
"JH378111","42033699","42033836","chr20","38989722","38989857","14","3043977"
"JH378111","42034142","42034347","chr7","79638498","79638698","44","37604356"
"JH378111","42034351","42034508","chr20","38990173","38990322","21","3044178"
"JH378111","42045396","42045699","chr20","1946850","1947158","48","40098546"
"JH378111","42064151","42064373","chr20","39019294","39019540","42","3044857"
"JH378111","42064740","42064992","chr20","39019902","39020155","12","3044838"
"JH378111","42066753","42067078","chr5","72130971","72131293","57","30064218"
"JH378111","42068499","42068815","chr20","39024735","39025042","23","3043764"
"JH378111","42076445","42076551","chr12","3435461","3435566","18","38640984"
"JH378111","42076600","42076791","chr10","59666573","59666765","39","17589973"
"JH378111","42078593","42078606","chr9","84599021","84599033","1","42520428"
"JH378111","42078745","42079046","chr4","151033843","151034142","55","108955098"
"JH378111","42086662","42086828","chr1","61060975","61061143","27","18974313"
"JH378111","42087116","42087250","chr20","39042966","39043100","7","3044150"
"JH378111","42102728","42103003","chr20","39056423","39056692","26","3046305"
"JH378111","42150075","42150378","chr20","39107961","39108263","31","3042114"
"JH378111","42160123","42160411","chr20","39118250","39118543","26","3041873"
"JH378111","42162286","42162584","chr15","6127474","6127776","37","36034812"
"JH378111","42165403","42165581","chr20","39121921","39122087","21","3043482"
"JH378111","42165886","42165933","chr20","39122377","39122424","3","3043509"
"JH378111","42175233","42175461","chr20","39132212","39132422","39","3043021"
"JH378111","42203014","42203298","chr8","107329074","107329352","50","65126060"
"JH378111","42211665","42211947","chr20","39173614","39173914","46","3038051"
"JH378111","42215022","42215312","chr20","39177886","39178174","22","3037136"
"JH378111","42216320","42216623","chrX","46919415","46919716","51","4703095"
"JH378111","42220240","42220370","chrX","128536452","128536582","17","86316212"
"JH378111","42236673","42236974","chr20","39199312","39199608","34","3037361"
"JH378111","42279787","42280078","chr20","39242904","39243202","31","3036883"
"JH378111","42282272","42282429","chrUn_GL286373","419402","419560","27","41862870"
"JH378111","42282710","42282878","chr20","39247190","39247353","21","3035520"
"JH378111","42288228","42288340","chr20","39252493","39252607","10","3035735"
"JH378111","42297521","42297704","chr20","39261820","39262003","31","3035701"
"JH378111","42347205","42347509","chr20","39313935","39314230","29","3033270"
"JH378111","42350745","42351037","chr18","9798116","9798413","45","32552629"
"JH378111","42353858","42354155","chr20","39321386","39321673","32","3032472"
"JH378111","42356392","42356656","chr7","46518013","46518277","47","4161621"
"JH378111","42357363","42357651","chr7","113890644","113890931","46","71533281"
"JH378111","42360210","42360505","chr13","40491821","40492109","44","1868389"
"JH378111","42364905","42365039","chr16","17924657","17924791","16","24440248"
"JH378111","42365335","42365464","chr9","39577934","39578064","22","2787401"
"JH378111","42366598","42366908","chr7","69404520","69404802","99","27037922"
"JH378111","42373745","42373947","chr20","39341586","39341788","14","3032159"
"JH378111","42374627","42374767","chr20","39342545","39342684","13","3032082"
"JH378111","42375061","42375236","chr20","39342980","39343155","18","3032081"
"JH378111","42388112","42388417","chr20","39356052","39356352","34","3032060"
"JH378111","42390175","42390486","chr20","39357714","39358032","34","3032461"
"JH378111","42399481","42399746","chr4","4000264","4000540","53","38399217"
"JH378111","42415314","42415609","chr20","39381780","39382070","24","3033534"
"JH378111","42423882","42424184","chr20","39389553","39389862","23","3034329"
"JH378111","42424440","42424598","chr2","168807452","168807601","25","126383012"
"JH378111","42428427","42428741","chr4","18308696","18309003","44","24119731"
"JH378111","42443021","42443170","chr2","68970961","68971106","24","26527940"
"JH378111","42466265","42466411","chr5","99330109","99330257","28","56863844"
"JH378111","42466714","42466829","chrX","124619572","124619695","19","82152858"
"JH378111","42488649","42488924","chr20","39457512","39457784","29","3031137"
"JH378111","42492344","42492644","chr2","18747203","18747498","53","23745141"
"JH378111","42504196","42504365","chrX","62875658","62875829","24","20371462"
"JH378111","42507086","42507232","chr6","60202528","60202667","31","17695442"
"JH378111","42507391","42507517","chr5","106416511","106416638","8","63909120"
"JH378111","42509834","42510008","chr20","24559538","24559711","28","17950296"
"JH378111","42528002","42528278","chr20","39493322","39493614","36","3034680"
"JH378111","42529459","42529773","chr7","89097630","89097933","47","46568171"
"JH378111","42541730","42542000","chr20","39509956","39510244","36","3031774"
"JH378111","42577081","42577269","chr20","39546232","39546419","8","3030849"
"JH378111","42579114","42579425","chr2","154478092","154478404","37","111898978"
"JH378111","42585126","42585292","chr19","27328430","27328590","23","15256696"
"JH378111","42585405","42585530","chr10","103132202","103132326","16","60546797"
"JH378111","42650206","42650484","chr10","99337972","99338253","40","56687766"
"JH378111","42685395","42685649","chr20","39663872","39664120","33","3021523"
"JH378111","42719156","42719484","chr8","116379487","116379800","69","73660331"
"JH378111","42723896","42724187","chr8","687744","688032","46","42036152"
"JH378111","42727406","42727574","chr20","39716284","39716454","16","3011122"
"JH378111","42738685","42738974","chr20","39728664","39728966","35","3010021"
"JH378111","42739034","42739091","chr2","152561584","152561635","13","109822550"
"JH378111","42749175","42749472","chr11","109667770","109668071","48","66918595"
"JH378111","42808084","42808371","chr20","39807786","39808071","24","3000298"
"JH378111","42822991","42823280","chr13","26503764","26504056","64","16319227"
"JH378111","42861933","42862066","chr20","39864673","39864806","16","2997260"
"JH378111","42871676","42871959","chr7","32886449","32886731","35","9985227"
"JH378111","42879685","42879984","chr20","39882381","39882680","24","2997304"
"JH378111","42891738","42892012","chr20","39896534","39896804","36","2995204"
"JH378111","42927716","42928023","chr19","24532063","24532368","47","18395653"
"JH378111","42932982","42933286","chrX","90286206","90286506","39","47353224"
"JH378111","42934855","42935138","chr20","39938113","39938415","37","2996742"
"JH378111","42961930","42962217","chr20","39968199","39968492","29","2993731"
"JH378111","42982120","42982284","chr20","39990069","39990234","14","2992051"
"JH378111","42982576","42982711","chr20","39990531","39990665","11","2992045"
"JH378111","42994961","42995240","chrX","140833918","140834193","45","97838957"
"JH378111","43072776","43072962","chr2","74185789","74185962","43","31113013"
"JH378111","43073102","43073405","chr20","40083160","40083463","36","2989942"
"JH378111","43075298","43075429","chr7","62241902","62242033","10","19166604"
"JH378111","43086079","43086388","chr20","40096402","40096709","28","2989677"
"JH378111","43088922","43089234","chr20","40099100","40099403","45","2989822"
"JH378111","43090766","43091069","chr20","40100928","40101214","40","2989838"
"JH378111","43093316","43093614","chr6","30949549","30949848","43","12143767"
"JH378111","43094541","43094833","chr20","40105991","40106283","19","2988550"
"JH378111","43115340","43115398","chr2","8813554","8813614","16","34301786"
"JH378111","43120960","43121094","chr20","38296032","38296166","11","4824928"
"JH378111","43136206","43136458","chrX","122337652","122337905","44","79201446"
"JH378111","43136459","43136666","chr5","54635185","54635387","41","11498726"
"JH378111","43139616","43139781","chr20","40155212","40155370","25","2984404"
"JH378111","43140081","43140229","chr20","40155668","40155801","19","2984413"
"JH378111","43142175","43142252","chr20","40157987","40158064","5","2984188"
"JH378111","43161937","43162232","chr7","78742007","78742304","48","35580070"
"JH378111","43175310","43175435","chr20","40190480","40190608","14","2984830"
"JH378111","43212467","43212769","chr20","40229413","40229727","32","2983054"
"JH378111","43243295","43243605","chr4","58114925","58115228","75","14871630"
"JH378111","43246286","43246584","chr20","40267977","40268284","39","2978309"
"JH378111","43250637","43250918","chr20","40272352","40272632","24","2978285"
"JH378111","43253792","43254068","chr22","42156410","42156688","47","1097382"
"JH378111","43255863","43256171","chr20","40278297","40278603","28","2977566"
"JH378111","43266773","43267083","chr10","16860408","16860718","44","26406365"
"JH378111","43280590","43280869","chr20","40301250","40301528","24","2979340"
"JH378111","43357413","43357709","chr1","129551139","129551435","56","86193726"
"JH378111","43372470","43372762","chr20","40397630","40397917","24","2974840"
"JH378111","43380292","43380407","chr7","60851823","60851938","13","17471531"
"JH378111","43382805","43383112","chr20","40406891","40407180","38","2975914"
"JH378111","43426816","43426987","chr10","128978201","128978370","34","85551385"
"JH378111","43427230","43427348","chr8","94204963","94205083","19","50777733"
"JH378111","43481093","43481358","chr7","96923530","96923796","49","53442437"
"JH378111","43587737","43588040","chr20","40624906","40625181","40","2962831"
"JH378111","43592417","43592730","chr7","87007315","87007626","49","43414898"
"JH378111","43757594","43757881","chr20","40807356","40807637","20","2950238"
"JH378111","43782460","43782486","chr1","164994290","164994318","4","121211830"
"JH378111","43782671","43782952","chr20","40835321","40835626","37","2947350"
"JH378111","43788996","43789102","chr2","114161322","114161429","21","70372326"
"JH378111","43789407","43789524","chr16","63117904","63118024","32","19328497"
"JH378111","43802887","43803017","chr11","90524134","90524263","6","46721247"
"JH378111","43806822","43807108","chr20","40861505","40861787","20","2945317"
"JH378111","43889764","43890046","chr3","1531335","1531617","45","42358429"
"JH378111","43956322","43956602","chr20","41018653","41018940","27","2937669"
"JH378111","44101956","44102035","chr20","41175457","41175537","9","2926499"
"JH378111","44111414","44111703","chr6","131775728","131776010","50","87664314"
"JH378111","44116551","44116832","chr3","94099528","94099813","40","49982977"
"JH378111","44166577","44166888","chr20","41250653","41250964","20","2915924"
"JH378111","44264329","44264572","chr20","41363095","41363340","23","2901234"
"JH378111","44308245","44308332","chr17","7366189","7366276","10","36942056"
"JH378111","44308565","44308654","chr20","29353928","29354018","15","14954637"
"JH378111","44345150","44345457","chr5","70838479","70838788","63","26493329"
"JH378111","44354141","44354201","chr20","41457645","41457705","4","2896496"
"JH378111","44354734","44354985","chr20","41458210","41458435","42","2896524"
"JH378111","44363518","44363776","chr20","41467190","41467452","19","2896328"
"JH378111","44384575","44384681","chr20","41486461","41486567","8","2898114"
"JH378111","44384988","44385149","chr20","41486882","41487045","15","2898106"
"JH378111","44386367","44386525","chr20","41488564","41488721","15","2897803"
"JH378111","44404890","44405181","chr20","41512467","41512767","22","2892423"
"JH378111","44445640","44445784","chr20","41557444","41557588","8","2888196"
"JH378111","44522555","44522718","chr22","37681731","37681893","19","6840824"
"JH378111","44538183","44538464","chr20","41643421","41643721","35","2894762"
"JH378111","44548512","44548805","chr20","41654920","41655214","23","2893592"
"JH378111","44553539","44553817","chr20","41659945","41660218","18","2893594"
"JH378111","44573717","44574025","chr20","41680836","41681148","16","2892881"
"JH378111","44626200","44626442","chr20","41734704","41734945","19","2891496"
"JH378111","44646776","44647074","chr20","41756205","41756497","38","2890571"
"JH378111","44649140","44649256","chr2","61369495","61369612","7","16720355"
"JH378111","44651825","44651940","chr3","140814285","140814404","26","96162460"
"JH378111","44651980","44652104","chr2","34813843","34813962","24","9838137"
"JH378111","44654063","44654364","chr20","41762641","41762939","27","2891422"
"JH378111","44662950","44663124","chr9","114436049","114436227","28","69773099"
"JH378111","44663273","44663403","chrUn_GL286215","44997","45128","6","44618276"
"JH378111","44695138","44695442","chr8","65310293","65310602","44","20615155"
"JH378111","44720423","44720717","chr20","41831935","41832228","21","2888488"
"JH378111","44722893","44723207","chr20","5584196","5584506","45","39138697"
"JH378111","44732964","44733122","chr4","25895986","25896145","21","18836978"
"JH378111","44733123","44733430","chr20","41846895","41847190","44","2886228"
"JH378111","44733431","44733567","chr20","38296032","38296166","12","6437399"
"JH378111","44780098","44780393","chr1","191799353","191799646","37","147019255"
"JH378111","44784075","44784380","chr14","82090080","82090381","48","37306005"
"JH378111","44785848","44785977","chr7","42637897","42638025","16","2147951"
"JH378111","44786288","44786449","chr4","6737472","6737632","24","38048816"
"JH378111","44791455","44791740","chr9","26049690","26049975","43","18741765"
"JH378111","44801880","44802177","chr14","97081970","97082265","54","52280090"
"JH378111","44806108","44806346","chr3","108636241","108636477","52","63830133"
"JH378111","44821627","44821932","chr13","35818828","35819130","57","9002799"
"JH378111","44824694","44824992","chr20","41943854","41944140","36","2880840"
"JH378111","44868781","44869076","chr1","155492401","155492698","55","110623620"
"JH378111","44882403","44882577","chr20","42017667","42017838","16","2864736"
"JH378111","44882875","44883019","chr20","42018133","42018277","8","2864742"
"JH378111","44891087","44891382","chr7","55947469","55947765","41","11056382"
"JH378111","44900581","44900726","chrX","69028087","69028235","24","24127506"
"JH378111","44901034","44901130","chr2","35478478","35478574","16","9422556"
"JH378111","44904200","44904504","chr20","42041976","42042274","23","2862224"
"JH378111","44905307","44905607","chr2","6424436","6424735","57","38480871"
"JH378111","44910802","44910815","chr20","308681","308694","1","44602121"
"JH378111","44910844","44911148","chrX","46668266","46668559","71","1757422"
"JH378111","44911151","44911286","chr1","171672023","171672158","17","126760872"
"JH378111","44929313","44929477","chr20","42067381","42067547","11","2861932"
"JH378111","44930278","44930581","chr20","42068354","42068650","32","2861924"
"JH378111","44951058","44951341","chr4","36492930","36493210","46","8458128"
"JH378111","44951834","44952150","chr7","87007315","87007626","49","42055481"
"JH378111","44952610","44952904","chr20","42092235","42092546","46","2860375"
"JH378111","44955699","44955972","chr20","42096377","42096659","29","2859322"
"JH378111","44973911","44974197","chr20","42113562","42113843","42","2860349"
"JH378111","45012398","45012658","chr20","42153810","42154074","26","2858588"
"JH378111","45016680","45016908","chr3","118683298","118683525","47","73666618"
"JH378111","45017204","45017290","chr9","59650284","59650370","14","14633080"
"JH378111","45026166","45026300","chr19","24648684","24648819","16","20377482"
"JH378111","45028797","45028919","chr5","52412012","52412136","18","7383215"
"JH378111","45034454","45034755","chr2","11087244","11087546","43","33947210"
"JH378111","45037336","45037502","chr13","116858169","116858332","25","71820833"
"JH378111","45037976","45038270","chr22","6475349","6475647","42","38562627"
"JH378111","45038332","45038638","chr5","81396485","81396785","46","36358153"
"JH378111","45045032","45045320","chr20","42188732","42189025","41","2856300"
"JH378111","45049608","45049910","chr4","39781279","39781584","53","5268329"
"JH378111","45066955","45067142","chr13","88941103","88941290","25","43874148"
"JH378111","45067838","45068118","chr20","42220834","42221113","20","2847004"
"JH378111","45071650","45071784","chr22","29183568","29183703","10","15888082"
"JH378111","45083168","45083452","chr6","47603591","47603873","38","2520423"
"JH378111","45083917","45084246","chr4","134656967","134657290","65","89573050"
"JH378111","45086248","45086544","chr20","42232854","42233155","24","2853394"
"JH378111","45091423","45091573","chr9","11891552","11891713","32","33199871"
"JH378111","45091865","45091880","chr1","135455022","135455036","5","90363157"
"JH378111","45094637","45094939","chr20","42245221","42245522","17","2849416"
"JH378111","45107519","45107797","chr20","42254962","42255238","32","2852557"
"JH378111","45110972","45111073","chr20","42256560","42256660","11","2854412"
"JH378111","45113955","45114231","chr1","99373265","99373526","57","54259310"
"JH378111","45114272","45114302","chr14","75186992","75187023","4","30072720"
"JH378111","45115512","45115675","chr7","78864487","78864653","29","33748975"
"JH378111","45116045","45116334","chr20","42261333","42261624","33","2854712"
"JH378111","45130610","45130757","chr20","42280085","42280233","10","2850525"
"JH378111","45148149","45148402","chr20","42298522","42298783","30","2849627"
"JH378111","45155852","45156136","chr20","42304509","42304793","20","2851343"
"JH378111","45158665","45158796","chr4","82977173","82977305","17","37818508"
"JH378111","45159183","45159312","chr7","40747307","40747437","11","4411876"
"JH378111","45161132","45161230","chrX","107830753","107830851","14","62669621"
"JH378111","45161786","45161926","chr7","81189251","81189387","23","36027465"
"JH378111","45172046","45172310","chr1","204984296","204984566","48","159812250"
"JH378111","45175319","45175611","chr20","42325874","42326166","27","2849445"
"JH378111","45176119","45176240","chr17","50703049","50703168","16","5526930"
"JH378111","45176264","45176447","chr9","112792783","112792958","32","67616519"
"JH378111","45177482","45177598","chr9","65376590","65376706","21","20199108"
"JH378111","45178432","45178607","chr11","111310495","111310660","28","66132063"
"JH378111","45179767","45180017","chr1","153951778","153952017","43","108772011"
"JH378111","45196417","45196725","chr20","42345796","42346089","39","2850621"
"JH378111","45197207","45197508","chr20","42346565","42346867","26","2850642"
"JH378111","45204956","45205037","chr5","116760231","116760311","9","71555275"
"JH378111","45210844","45211130","chr22","25431224","25431516","42","19779620"
"JH378111","45212019","45212328","chr4","155528137","155528448","48","110316118"
"JH378111","45214870","45215175","chr18","38395721","38396021","48","6819149"
"JH378111","45222517","45222819","chr20","42370240","42370525","36","2852277"
"JH378111","45227587","45227894","chr15","29036269","29036574","51","16191318"
"JH378111","45229335","45229625","chr2","10816590","10816867","45","34412745"
"JH378111","45239128","45239368","chr5","2365209","2365443","45","42873919"
"JH378111","45240656","45240960","chr10","81196256","81196554","46","35955600"
"JH378111","45261597","45261715","chr10","36086589","36086712","25","9175008"
"JH378111","45261756","45262076","chr6","14791346","14791656","53","30470410"
"JH378111","45262224","45262531","chr10","99061083","99061370","56","53798859"
"JH378111","45263118","45263424","chr1","200159194","200159489","53","154896076"
"JH378111","45263841","45264173","chr3","20674935","20675261","54","24588906"
"JH378111","45266867","45267000","chr12","50856832","50856963","8","5589965"
"JH378111","45272302","45272594","chr20","42420077","42420336","62","2852225"
"JH378111","45287164","45287482","chr12","56427066","56427381","55","11139902"
"JH378111","45318529","45318791","chr7","46518013","46518277","38","1199484"
"JH378111","45321975","45322268","chr20","42480415","42480708","28","2841560"
"JH378111","45415505","45415810","chr20","42589999","42590313","30","2825506"
"JH378111","45419001","45419251","chr16","69239316","69239568","45","23820315"
"JH378111","45422104","45422384","chr20","42595869","42596163","31","2826235"
"JH378111","45528512","45528798","chr20","42738588","42738876","34","2789924"
"JH378111","45536632","45536829","chr2","202885790","202885971","45","157349158"
"JH378111","45536854","45536980","chr22","12090101","12090227","23","33446753"
"JH378111","45544833","45544983","chr13","73631946","73632093","25","28087113"
"JH378111","45628229","45628403","chr12","87017646","87017821","31","41389417"
"JH378111","45629247","45629352","chr11","65030736","65030839","10","19401489"
"JH378111","45631733","45632044","chr9","86531298","86531609","50","40899565"
"JH378111","45821348","45821481","chr3","138211317","138211451","20","92389969"
"JH378111","45823641","45823772","chr12","79381320","79381451","6","33557679"
"JH378111","45856785","45857075","chr20","43070170","43070460","28","2786615"
"JH378111","45861643","45861804","chr12","84807692","84807847","30","38946049"
"JH378111","45863752","45863867","chr22","20035396","20035509","14","25828356"
"JH378111","45876946","45877250","chr20","43089813","43090116","36","2787133"
"JH378111","45878851","45879156","chr20","43091712","43091998","51","2787139"
"JH378111","45879725","45879826","chr22","17358825","17358926","14","28520900"
"JH378111","45883242","45883319","chr20","43095884","43095961","5","2787358"
"JH378111","45892490","45892819","chr15","218522","218834","62","45673968"
"JH378111","45910243","45910519","chr22","2004031","2004304","50","43906212"
"JH378111","45927192","45927496","chr7","131040187","131040498","58","85112995"
"JH378111","45930028","45930269","chr5","72930942","72931184","51","27000914"
"JH378111","45944460","45944624","chr16","21939324","21939486","22","24005136"
"JH378111","45944650","45944773","chr9","7149857","7149980","18","38794793"
"JH378111","45950752","45950863","chr20","24173266","24173375","12","21777486"
"JH378111","45950864","45951051","chr20","43163494","43163668","22","2787370"
"JH378111","45984724","45984977","chr20","43199815","43200071","20","2784909"
"JH378111","45989514","45989787","chr5","62553112","62553381","54","16563598"
"JH378111","46006290","46006425","chr20","43225272","43225406","12","2781018"
"JH378111","46006734","46006879","chr20","43225713","43225858","16","2781021"
"JH378111","46008582","46008664","chr1","174341090","174341172","11","128332508"
"JH378111","46053980","46054115","chr1","192409996","192410131","15","146356016"
"JH378111","46054838","46055139","chr5","64497379","64497676","42","18442541"
"JH378111","46055563","46055642","chr13","15039660","15039738","6","31015903"
"JH378111","46055647","46055722","chr10","79579388","79579466","7","33523741"
"JH378111","46056354","46056521","chr14","4964839","4965002","32","41091515"
"JH378111","46061288","46061584","chr5","79104062","79104360","47","33042774"
"JH378111","46106076","46106222","chr20","43333434","43333576","21","2772642"
"JH378111","46106515","46106613","chr3","189219693","189219778","31","143113178"
"JH378111","46128405","46128706","chr20","43359178","43359479","23","2769227"
"JH378112","37748640","37748929","chr4","40788463","40788745","30","3039823"
"JH378112","51548","51860","chr4","102198322","102198602","70","102146774"
"JH378112","73754","73871","chr7","139061869","139061983","36","138988115"
"JH378112","80614","80956","chr4","102168952","102169261","52","102088338"
"JH378112","154720","155009","chr4","102087122","102087404","20","101932402"
"JH378112","158581","158705","chrX","46992027","46992150","14","46833446"
"JH378112","190660","190775","chr2","35506410","35506534","25","35315750"
"JH378112","361877","362010","chr8","94260251","94260380","14","93898374"
"JH378112","491509","491814","chr4","101726758","101727047","41","101235249"
"JH378112","561224","561526","chr4","101648572","101648872","35","101087348"
"JH378112","652036","652330","chr4","101533462","101533756","29","100881426"
"JH378112","724672","724971","chr4","101431435","101431729","51","100706763"
"JH378112","811404","811674","chr4","101336178","101336449","28","100524774"
"JH378112","901925","902219","chr4","101239140","101239433","23","100337215"
"JH378112","963999","964312","chr4","101177285","101177588","36","100213286"
"JH378112","1041623","1041924","chr2","16083447","16083746","61","15041824"
"JH378112","1138142","1138429","chr4","100999561","100999848","18","99861419"
"JH378112","1193451","1193740","chrX","17119564","17119856","50","15926113"
"JH378112","1278276","1278363","chr5","111293706","111293793","14","110015430"
"JH378112","1312448","1312750","chr4","86819168","86819465","51","85506720"
"JH378112","1340014","1340292","chr4","100800873","100801148","23","99460859"
"JH378112","1482838","1483129","chr4","100650664","100650966","30","99167826"
"JH378112","1499863","1500000","chr22","7329432","7329562","24","5829569"
"JH378112","1649146","1649440","chr4","100471223","100471506","29","98822077"
"JH378112","1899414","1899513","chr1","90330668","90330770","25","88431254"
"JH378112","1899822","1900013","chr8","14707957","14708155","43","12808135"
"JH378112","1905613","1905915","chr4","100152348","100152654","32","98246735"
"JH378112","1937665","1937964","chr4","100118923","100119224","52","98181258"
"JH378112","2078433","2078567","chr4","32159835","32159968","24","30081402"
"JH378112","2078577","2078830","chr21","30176308","30176551","53","28097731"
"JH378112","2120232","2120509","chr4","99939238","99939519","26","97819006"
"JH378112","2134997","2135274","chr4","99924239","99924489","46","97789242"
"JH378112","2185810","2186096","chr4","99851034","99851319","20","97665224"
"JH378112","2611850","2612067","chr5","115375925","115376136","37","112764075"
"JH378112","2731062","2731338","chr3","148023242","148023510","58","145292180"
"JH378112","2846057","2846353","chr4","99127489","99127787","25","96281432"
"JH378112","3062597","3062705","chr7","85978347","85978456","3","82915750"
"JH378112","3108550","3108831","chr4","98811539","98811845","43","95702989"
"JH378112","3135165","3135453","chr2","14016467","14016744","46","10881302"
"JH378112","3151052","3151341","chr4","98769256","98769551","31","95618204"
"JH378112","3179570","3179904","chr5","47561930","47562262","58","44382360"
"JH378112","3183986","3184278","chr4","98737175","98737470","37","95553189"
"JH378112","3188416","3188720","chr4","98732981","98733293","26","95544565"
"JH378112","3191654","3191946","chr4","98730085","98730377","15","95538431"
"JH378112","3215980","3216223","chr15","16038590","16038847","46","12822610"
"JH378112","3261128","3261421","chr4","98652148","98652441","13","95391020"
"JH378112","3263277","3263475","chr4","98650442","98650638","16","95387165"
"JH378112","3285271","3285473","chr1","171358918","171359116","33","168073647"
"JH378112","3292078","3292397","chr4","98620806","98621131","37","95328728"
"JH378112","3299413","3299698","chr4","98613405","98613689","19","95313992"
"JH378112","3320748","3321051","chr4","98591041","98591347","19","95270293"
"JH378112","3343867","3344170","chr4","98566174","98566484","27","95222307"
"JH378112","3345054","3345350","chr4","98565314","98565607","15","95220260"
"JH378112","3370312","3370468","chr15","2501793","2501957","36","868519"
"JH378112","3370565","3370692","chr7","132709218","132709347","15","129338653"
"JH378112","3372150","3372403","chr4","98545490","98545743","14","95173340"
"JH378112","3373490","3373782","chr4","98544230","98544519","26","95170740"
"JH378112","3376253","3376568","chr4","98541186","98541497","39","95164933"
"JH378112","3393872","3394177","chr4","98524524","98524828","14","95130652"
"JH378112","3421995","3422327","chr4","98493729","98494067","35","95071734"
"JH378112","3450187","3450403","chr4","98469601","98469823","21","95019414"
"JH378112","3468499","3468782","chr4","98451218","98451500","13","94982719"
"JH378112","3588228","3588338","chr15","23682024","23682128","13","20093796"
"JH378112","3588343","3588665","chr2","72606491","72606816","20","69018148"
"JH378112","3773724","3773854","chrX","3127715","3127848","4","646009"
"JH378112","3798802","3799107","chr4","98093557","98093853","28","94294755"
"JH378112","3805496","3805648","chr20","36084947","36085101","34","32279451"
"JH378112","3811052","3811357","chr4","98081296","98081592","25","94270244"
"JH378112","3840256","3840546","chr4","98050699","98051004","25","94210443"
"JH378112","3955430","3955603","chr4","97933188","97933359","13","93977758"
"JH378112","4043168","4043466","chr4","97831882","97832185","29","93788714"
"JH378112","4056977","4057126","chr4","7546214","7546364","32","3489237"
"JH378112","4101769","4102056","chr4","97765665","97765972","39","93663896"
"JH378112","4197863","4198152","chr22","7109628","7109914","59","2911765"
"JH378112","4249564","4249811","chr4","97620820","97621066","23","93371256"
"JH378112","4306779","4307078","chr4","97561545","97561837","19","93254766"
"JH378112","4307081","4307245","chr4","97561386","97561543","22","93254305"
"JH378112","4312572","4312759","chr4","97555859","97556041","18","93243287"
"JH378112","4350130","4350440","chr4","97515393","97515697","22","93165263"
"JH378112","4351290","4351587","chr4","97514744","97515029","37","93163454"
"JH378112","4568627","4568820","chr4","97308159","97308353","13","92739532"
"JH378112","4631597","4631903","chr4","97244687","97244992","29","92613090"
"JH378112","4655505","4655808","chr4","97220407","97220688","40","92564902"
"JH378112","4703818","4704109","chr4","97172315","97172602","32","92468497"
"JH378112","4707795","4707917","chr9","42591250","42591375","14","37883455"
"JH378112","4707945","4708105","chr4","97168306","97168470","17","92460361"
"JH378112","5049736","5050043","chr4","96810124","96810433","33","91760388"
"JH378112","5264678","5264958","chr4","96579622","96579897","23","91314944"
"JH378112","5375693","5376003","chr11","66290535","66290827","60","60914842"
"JH378112","5377751","5377882","chr3","158784313","158784443","17","153406562"
"JH378112","5393771","5394051","chr7","74584385","74584672","53","69190614"
"JH378112","5417912","5418210","chr4","96453300","96453598","20","91035388"
"JH378112","5452712","5452916","chr5","73162169","73162376","45","67709457"
"JH378112","5465743","5466072","chr4","96405721","96406033","47","90939978"
"JH378112","5488401","5488576","chr4","96382863","96383035","13","90894462"
"JH378112","5519465","5519764","chr4","96356883","96357178","46","90837418"
"JH378112","5535864","5535995","chr2","111823406","111823536","21","106287542"
"JH378112","5545824","5546129","chr4","96327828","96328132","26","90782004"
"JH378112","5546866","5547143","chr13","18168238","18168518","43","12621372"
"JH378112","5640900","5641200","chr4","96236098","96236387","28","90595198"
"JH378112","5670850","5671054","chr4","96204750","96204954","8","90533900"
"JH378112","5789875","5790149","chrX","107565678","107565955","50","101775803"
"JH378112","5873563","5873870","chr4","96008325","96008626","30","90134762"
"JH378112","5958343","5958637","chr18","3047133","3047426","42","2911210"
"JH378112","5959047","5959340","chr1","168931871","168932171","44","162972824"
"JH378112","6089974","6090286","chr4","95775650","95775927","51","89685676"
"JH378112","6127745","6127855","chr5","76688575","76688685","14","70560830"
"JH378112","6127914","6128111","chr4","8113022","8113211","30","1985108"
"JH378112","6353312","6353598","chr4","95496619","95496911","39","89143307"
"JH378112","6408682","6408992","chr4","95448232","95448531","30","89039550"
"JH378112","6413115","6413279","chr2","14667859","14668018","28","8254744"
"JH378112","6413303","6413426","chr3","47792490","47792619","27","41379187"
"JH378112","6456166","6456479","chr4","95391209","95391507","42","88935043"
"JH378112","6553815","6554086","chr2","45200545","45200823","59","38646730"
"JH378112","6555515","6555846","chr4","95276172","95276465","64","88720657"
"JH378112","6738923","6739059","chr4","31593650","31593770","31","24854727"
"JH378112","6766581","6766905","chr2","72606491","72606816","20","65839910"
"JH378112","6837428","6837709","chr4","94989660","94989950","28","88152232"
"JH378112","6890552","6890832","chr4","94907346","94907647","41","88016794"
"JH378112","6897454","6897593","chrX","17078075","17078212","19","10180621"
"JH378112","6898868","6899137","chr5","100034577","100034836","59","93135709"
"JH378112","6966062","6966236","chr7","62697040","62697214","34","55730978"
"JH378112","6992796","6993089","chr14","45033227","45033526","49","38040431"
"JH378112","7018604","7018914","chr4","94771152","94771457","26","87752548"
"JH378112","7252641","7252927","chr12","110247573","110247859","51","102994932"
"JH378112","7278587","7278860","chr7","32886449","32886731","32","25607862"
"JH378112","7278904","7278928","chr2","12145433","12145455","4","4866529"
"JH378112","7295546","7295828","chr4","94489609","94489867","37","87194063"
"JH378112","7375594","7375918","chr4","94390572","94390909","41","87014978"
"JH378112","7413552","7413812","chr4","94353481","94353754","38","86939929"
"JH378112","7496531","7496848","chr4","155528137","155528448","58","148031606"
"JH378112","7578822","7579115","chr1","15193087","15193382","65","7614265"
"JH378112","7926911","7927205","chr4","93857891","93858185","13","85930980"
"JH378112","7937080","7937386","chr4","93847823","93848127","28","85910743"
"JH378112","7941801","7942108","chr22","3053798","3054107","52","4888003"
"JH378112","7944332","7944612","chr4","93840455","93840730","31","85896123"
"JH378112","7975165","7975450","chr4","93811782","93812074","26","85836617"
"JH378112","8121842","8122111","chr10","16420134","16420396","55","8298292"
"JH378112","8122147","8122174","chr1","148165875","148165906","11","140043728"
"JH378112","8179712","8179986","chr22","42156410","42156688","53","33976698"
"JH378112","8228258","8228562","chr4","93540644","93540947","34","85312386"
"JH378112","8271404","8271685","chr8","26379818","26380103","46","18108414"
"JH378112","8363975","8364061","chr1","193846851","193846938","11","185482876"
"JH378112","8387072","8387213","chr4","93370383","93370515","15","84983311"
"JH378112","8451236","8451523","chr4","93304662","93304945","25","84853426"
"JH378112","8612670","8612905","chr5","139598416","139598650","70","130985746"
"JH378112","8653623","8653934","chr4","93094747","93095086","55","84441124"
"JH378112","8676493","8676790","chr4","93071737","93072039","35","84395244"
"JH378112","9003364","9003628","chr4","92692309","92692567","23","83688945"
"JH378112","9069137","9069243","chr15","27959479","27959581","20","18890342"
"JH378112","9293093","9293400","chr4","92396258","92396554","32","83103165"
"JH378112","9335047","9335161","chr3","33903659","33903773","5","24568612"
"JH378112","9548168","9548376","chr1","181375513","181375718","50","171827345"
"JH378112","9686481","9686770","chr4","91971146","91971435","25","82284665"
"JH378112","9779589","9779872","chr4","91873413","91873680","34","82093824"
"JH378112","9835433","9835734","chr4","91814048","91814357","33","81978615"
"JH378112","9940531","9940833","chr4","91704566","91704867","33","81764035"
"JH378112","9983580","9983719","chr4","91638774","91638912","12","81655194"
"JH378112","10053747","10054037","chr4","91563772","91564057","31","81510025"
"JH378112","10094575","10094864","chr13","99571111","99571402","44","89476536"
"JH378112","10097208","10097476","chr7","55977700","55977973","64","45880492"
"JH378112","10131702","10131759","chr2","63809462","63809516","15","53677760"
"JH378112","10150419","10150718","chr5","60671568","60671876","52","50521149"
"JH378112","10176906","10177033","chr16","63322340","63322468","8","53145434"
"JH378112","10296928","10297082","chr4","91281719","91281859","21","80984791"
"JH378112","10297336","10297463","chr4","91280635","91280758","12","80983299"
"JH378112","10376579","10376879","chr4","139640938","139641232","54","129264359"
"JH378112","10495517","10495644","chr12","114913372","114913499","5","104417855"
"JH378112","10509095","10509364","chr4","91044412","91044699","44","80535317"
"JH378112","10731207","10731502","chr4","90804037","90804328","29","80072830"
"JH378112","10827526","10827855","chr4","90707170","90707462","63","79879644"
"JH378112","10844561","10844676","chr4","90690406","90690525","14","79845845"
"JH378112","10890915","10891201","chr4","90635389","90635675","22","79744474"
"JH378112","10957022","10957338","chr4","90560016","90560324","33","79602994"
"JH378112","10978499","10978782","chr4","90540346","90540626","32","79561847"
"JH378112","11071886","11072025","chr4","90447163","90447300","13","79375277"
"JH378112","11072077","11072198","chr4","90446993","90447115","13","79374916"
"JH378112","11076584","11076886","chr4","90439502","90439803","35","79362918"
"JH378112","11080942","11081072","chr5","21403278","21403415","15","10322336"
"JH378112","11164839","11165144","chr4","90349095","90349400","21","79184256"
"JH378112","11272727","11273032","chr4","90239342","90239639","27","78966615"
"JH378112","11287059","11287286","chr4","6935171","6935395","38","4351888"
"JH378112","11319631","11319893","chr4","90186221","90186497","28","78866590"
"JH378112","11338082","11338395","chr4","90166906","90167203","38","78828824"
"JH378112","11490583","11490899","chr4","90001301","90001615","24","78510718"
"JH378112","11552353","11552646","chr4","89930151","89930457","29","78377798"
"JH378112","11637835","11637990","chr2","44790495","44790652","26","33152660"
"JH378112","11676306","11676611","chr4","89807084","89807390","24","78130778"
"JH378112","11730021","11730319","chr4","89746855","89747151","35","78016834"
"JH378112","11759023","11759147","chr3","123589639","123589763","12","111830616"
"JH378112","11782418","11782560","chr4","89689061","89689201","9","77906643"
"JH378112","11871347","11871639","chr4","89600287","89600576","20","77728940"
"JH378112","11938555","11938849","chr22","20441921","20442228","50","8503366"
"JH378112","11992220","11992483","chr2","15939864","15940130","40","3947644"
"JH378112","12028050","12028382","chr15","5636045","5636353","57","6392005"
"JH378112","12089185","12089470","chr4","89366835","89367121","40","77277650"
"JH378112","12103656","12103922","chr4","89352247","89352517","21","77248591"
"JH378112","12188780","12189085","chr4","89235864","89236169","14","77047084"
"JH378112","12305274","12305589","chr2","32420217","32420526","46","20114943"
"JH378112","12383991","12384154","chr12","20194423","20194585","17","7810432"
"JH378112","12384457","12384593","chrX","22714967","22715102","16","10330510"
"JH378112","12399002","12399320","chr7","75259113","75259423","68","62860111"
"JH378112","12415185","12415385","chr1","97334933","97335119","50","84919748"
"JH378112","12418163","12418284","chr3","70856690","70856806","22","58438527"
"JH378112","12418306","12418466","chr18","5646362","5646523","30","6771944"
"JH378112","12418916","12419199","chr4","88977379","88977669","33","76558463"
"JH378112","12421534","12421636","chr7","148854098","148854199","15","136432564"
"JH378112","12425308","12425607","chr4","88971166","88971469","25","76545858"
"JH378112","12425766","12425896","chr5","128076910","128077041","14","115651144"
"JH378112","12439777","12440074","chr4","88957204","88957500","27","76517427"
"JH378112","12441373","12441665","chrX","47629409","47629702","38","35188036"
"JH378112","12445204","12445335","chr9","85729165","85729296","21","73283961"
"JH378112","12448712","12448839","chr1","189836575","189836703","15","177387863"
"JH378112","12457679","12458013","chr10","103070290","103070612","69","90612611"
"JH378112","12460222","12460351","chr4","88937248","88937386","19","76477026"
"JH378112","12460664","12460841","chr4","88936792","88936938","40","76476128"
"JH378112","12464342","12464382","chr4","88933453","88933493","2","76469111"
"JH378112","12465136","12465315","chr22","747411","747591","44","11717725"
"JH378112","12474618","12474900","chr21","35264552","35264839","48","22789934"
"JH378112","12477776","12478070","chr4","88918523","88918825","36","76440747"
"JH378112","12484790","12485086","chr4","73855787","73856085","41","61370997"
"JH378112","12488054","12488219","chr4","106794309","106794474","32","94306255"
"JH378112","12488527","12488578","chr12","90107812","90107863","8","77619285"
"JH378112","12496034","12496342","chr9","101509529","101509839","46","89013495"
"JH378112","12497178","12497374","chr16","18977267","18977465","45","6480089"
"JH378112","12506154","12506272","chr4","88893368","88893488","11","76387214"
"JH378112","12506301","12506594","chr2","145437197","145437492","50","132930896"
"JH378112","12506595","12506629","chr4","88893034","88893071","6","76386439"
"JH378112","12512018","12512313","chr4","88885447","88885757","30","76373429"
"JH378112","12513228","12513508","chr4","88884252","88884534","32","76371024"
"JH378112","12519460","12519757","chr5","134398370","134398666","47","121878910"
"JH378112","12520069","12520229","chr19","27328430","27328590","26","14808361"
"JH378112","12521986","12522296","chr4","88876092","88876397","31","76354106"
"JH378112","12537149","12537273","chr5","52412012","52412136","13","39874863"
"JH378112","12542933","12543100","chr4","88854802","88854975","19","76311869"
"JH378112","12543101","12543246","chrX","117812183","117812334","30","105269082"
"JH378112","12543544","12543676","chrX","47194657","47194788","14","34651113"
"JH378112","12543677","12543812","chr4","88854372","88854508","9","76310695"
"JH378112","12548318","12548608","chr4","88848553","88848822","39","76300235"
"JH378112","12565911","12566044","chr10","127832941","127833074","29","115267030"
"JH378112","12573287","12573603","chr3","151929421","151929723","64","139356134"
"JH378112","12587181","12587478","chr1","75327417","75327706","50","62740236"
"JH378112","12593828","12594015","chr5","101170610","101170790","50","88576782"
"JH378112","12636934","12637197","chr4","88752458","88752733","41","76115524"
"JH378112","12669656","12669938","chr4","88723941","88724238","37","76054285"
"JH378112","12675428","12675708","chr4","88719082","88719363","15","76043654"
"JH378112","12675740","12675753","chr11","98423469","98423482","0","85747729"
"JH378112","12689525","12689805","chr4","88705810","88706058","44","76016285"
"JH378112","12709400","12709692","chr4","88686169","88686466","23","75976769"
"JH378112","12711466","12711633","chr16","25382349","25382514","24","12670883"
"JH378112","12711938","12712071","chr5","134531890","134532024","16","121819952"
"JH378112","12728219","12728510","chr4","54372063","54372356","49","41643844"
"JH378112","12805677","12805961","chr4","88597815","88598115","31","75792138"
"JH378112","12811318","12811629","chr4","88592096","88592410","19","75780778"
"JH378112","12824470","12824715","chr4","88561087","88561328","23","75736617"
"JH378112","12825885","12826178","chr4","88559931","88560225","19","75734046"
"JH378112","12828366","12828484","chr6","46183263","46183382","13","33354897"
"JH378112","12828515","12828677","chr14","4964839","4965002","19","7863676"
"JH378112","12831088","12831138","chr6","117938804","117938853","5","105107716"
"JH378112","12831514","12831678","chr5","34200911","34201075","25","21369397"
"JH378112","12832408","12832698","chr4","88552675","88552955","32","75720267"
"JH378112","12857681","12857970","chr4","88529610","88529922","39","75671929"
"JH378112","12941989","12942077","chr1","187980072","187980159","6","175038083"
"JH378112","12974120","12974407","chr4","88420148","88420428","24","75446028"
"JH378112","12992955","12992970","chr7","72370937","72370952","1","59377982"
"JH378112","12992995","12993109","chr11","104342608","104342721","9","91349613"
"JH378112","13009176","13009476","chr1","203083799","203084102","53","190074623"
"JH378112","13023699","13023859","chr12","104882509","104882673","26","91858810"
"JH378112","13023899","13024005","chr4","127509906","127510019","17","114486007"
"JH378112","13025352","13025648","chr4","88367522","88367820","29","75342170"
"JH378112","13028974","13029277","chr4","88363930","88364216","34","75334956"
"JH378112","13042863","13043129","chr4","88350595","88350857","26","75307732"
"JH378112","13043261","13043532","chr9","25183143","25183407","41","12139882"
"JH378112","13064215","13064507","chr13","83805516","83805808","44","70741301"
"JH378112","13089344","13089628","chr4","88293669","88293956","22","75204325"
"JH378112","13122377","13122693","chr4","88262948","88263250","24","75140571"
"JH378112","13127365","13127660","chr4","88260011","88260308","21","75132646"
"JH378112","13132769","13133075","chr19","17297880","17298188","42","4165111"
"JH378112","13146740","13147015","chr6","23081151","23081437","60","9934411"
"JH378112","13167570","13167697","chr2","107501875","107502002","10","94334305"
"JH378112","13177276","13177568","chr2","7399899","7400190","47","5777377"
"JH378112","13187148","13187276","chr4","88198245","88198377","8","75011097"
"JH378112","13187277","13187570","chr4","88197941","88198244","22","75010664"
"JH378112","13187571","13187730","chr4","88197778","88197940","16","75010207"
"JH378112","13190511","13190652","chr8","98496668","98496810","19","85306157"
"JH378112","13209375","13209649","chr4","88176063","88176328","32","74966688"
"JH378112","13250228","13250362","chr4","88124081","88124215","9","74873853"
"JH378112","13252426","13252723","chr4","88121684","88121990","33","74869258"
"JH378112","13272159","13272332","chr3","175509261","175509429","32","162237102"
"JH378112","13298684","13298992","chr4","88059923","88060226","27","74761239"
"JH378112","13300342","13300455","chrX","70223329","70223442","11","56922987"
"JH378112","13302180","13302486","chr4","88056781","88057081","20","74754601"
"JH378112","13302487","13302589","chr6","16597689","16597789","14","3295202"
"JH378112","13339389","13339665","chr5","23633773","23634048","46","10294384"
"JH378112","13354977","13355277","chr4","87992449","87992745","21","74637472"
"JH378112","13355352","13355651","chr4","87992071","87992371","26","74636719"
"JH378112","13410383","13410487","chrX","108794046","108794152","18","95383663"
"JH378112","13413777","13413979","chr5","115375925","115376136","36","101962148"
"JH378112","13436782","13436869","chr1","199750893","199750969","28","186314111"
"JH378112","13484370","13484646","chr4","87859285","87859566","28","74374915"
"JH378112","13500004","13500192","chr3","54054566","54054757","38","40554562"
"JH378112","13530215","13530427","chr4","87822920","87823132","10","74292705"
"JH378112","13536605","13536736","chr4","148615049","148615180","4","135078444"
"JH378112","13539307","13539615","chr4","87813509","87813815","42","74274202"
"JH378112","13565649","13565802","chr2","166949962","166950115","34","153384313"
"JH378112","13565864","13565989","chr1","165788222","165788348","22","152222358"
"JH378112","13588197","13588425","chr10","120582023","120582250","45","106993826"
"JH378112","13643358","13643483","chr16","595077","595203","21","13048281"
"JH378112","13643794","13643948","chr13","100979418","100979574","27","87335624"
"JH378112","13671920","13671998","chr7","58029827","58029904","9","44357907"
"JH378112","13672311","13672516","chr11","73840317","73840510","48","60168006"
"JH378112","13695332","13695634","chr2","31618887","31619190","29","17923555"
"JH378112","13775655","13775950","chr4","87553142","87553434","40","73777487"
"JH378112","13783707","13783976","chr4","87544613","87544866","29","73760906"
"JH378112","13849539","13849847","chr4","87482170","87482482","32","73632631"
"JH378112","13873602","13873762","chr4","139254527","139254693","15","125380925"
"JH378112","13874068","13874199","chr22","21096915","21097047","12","7222847"
"JH378112","13883561","13883827","chr12","109561775","109562051","49","95678214"
"JH378112","13891371","13891667","chrX","90286206","90286506","54","76394835"
"JH378112","13932139","13932439","chr5","24311139","24311438","44","10379000"
"JH378112","14097397","14097691","chr4","87232236","87232507","41","73134839"
"JH378112","14188965","14189284","chr4","87139171","87139481","25","72950206"
"JH378112","14282601","14282893","chr4","87038614","87038916","27","72756013"
"JH378112","14285380","14285633","chr8","35263563","35263828","49","20978183"
"JH378112","14300467","14300768","chr4","87020500","87020802","46","72720033"
"JH378112","14320654","14320958","chr4","87001448","87001749","20","72680794"
"JH378112","14369116","14369246","chr4","86952441","86952572","5","72583325"
"JH378112","14377672","14377980","chr4","86943924","86944218","35","72566252"
"JH378112","14388220","14388510","chr17","8615012","8615308","41","5773208"
"JH378112","14392400","14392692","chr4","86929924","86930217","16","72537524"
"JH378112","14414276","14414585","chr5","31257435","31257741","43","16843159"
"JH378112","14424456","14424749","chr4","86893408","86893702","26","72468952"
"JH378112","14444385","14444560","chr4","86874054","86874221","21","72429669"
"JH378112","14454452","14454748","chr5","140595813","140596112","47","126141361"
"JH378112","14454930","14454983","chr2","63809462","63809516","8","49354532"
"JH378112","14460856","14461162","chr4","86846339","86846643","24","72385483"
"JH378112","14462196","14462487","chr4","86845018","86845308","13","72382822"
"JH378112","14464809","14465095","chr4","86842765","86843057","21","72377956"
"JH378112","14473596","14473903","chr4","86833948","86834253","29","72360352"
"JH378112","14477556","14477856","chr9","18867913","18868213","45","4390357"
"JH378112","14492798","14492919","chr1","78801112","78801232","7","64308314"
"JH378112","14501628","14501927","chr1","171493883","171494175","45","156992255"
"JH378112","14501947","14502073","chrUn_GL286435","4468","4592","6","14497479"
"JH378112","14508452","14508731","chr4","86791658","86791922","35","72283206"
"JH378112","14518697","14518994","chr4","86780623","86780911","27","72261926"
"JH378112","14521173","14521306","chr6","49035088","49035220","7","34513915"
"JH378112","14522501","14522677","chr4","86776612","86776783","19","72254111"
"JH378112","14522987","14523046","chr2","151488430","151488485","16","136965443"
"JH378112","14544450","14544760","chr4","86754585","86754890","37","72210135"
"JH378112","14547363","14547662","chr4","86751672","86751964","26","72204309"
"JH378112","14555577","14555867","chr11","83343947","83344245","48","68788370"
"JH378112","14555884","14556173","chr4","86744038","86744339","34","72188154"
"JH378112","14562618","14562910","chr4","86737633","86737916","27","72175015"
"JH378112","14575193","14575496","chr4","86723781","86724071","27","72148588"
"JH378112","14580518","14580802","chr4","86718498","86718786","33","72137980"
"JH378112","14586561","14586668","chr22","17469780","17469890","23","2883219"
"JH378112","14623917","14624089","chr4","86665117","86665288","11","72041200"
"JH378112","14624155","14624275","chr2","29711511","29711631","14","15087356"
"JH378112","14653793","14653898","chr6","74950204","74950310","17","60296411"
"JH378112","14654499","14654798","chr7","42684277","42684585","52","28029778"
"JH378112","14659702","14660005","chr1","190584000","190584300","50","175924298"
"JH378112","14673726","14673999","chr4","86608780","86609073","41","71935054"
"JH378112","14697691","14698001","chr10","79604649","79604956","52","64906958"
"JH378112","14707592","14707895","chr4","86575022","86575332","26","71867430"
"JH378112","14722406","14722577","chr4","86561878","86562040","27","71839472"
"JH378112","14722869","14722965","chr10","128520997","128521091","14","113798128"
"JH378112","14745358","14745665","chr4","86526510","86526815","21","71781152"
"JH378112","14747459","14747589","chrUn_GL286435","247346","247478","17","14500113"
"JH378112","14747897","14748068","chr8","28393451","28393621","24","13645554"
"JH378112","14762789","14762916","chrX","69327518","69327646","10","54564729"
"JH378112","14767532","14767820","chr4","86491270","86491561","35","71723738"
"JH378112","14769388","14769670","chr1","90049578","90049860","41","75280190"
"JH378112","14770140","14770430","chr4","86488730","86489013","26","71718590"
"JH378112","14776687","14776962","chr4","86483307","86483588","26","71706620"
"JH378112","14782641","14782927","chr10","94788296","94788592","47","80005655"
"JH378112","14793723","14794027","chr4","86461678","86461985","25","71667955"
"JH378112","14885812","14886082","chr2","6979361","6979635","52","7906451"
"JH378112","14910588","14910892","chr4","86330120","86330417","32","71419532"
"JH378112","14944076","14944344","chr4","86294416","86294688","27","71350340"
"JH378112","14949424","14949723","chr4","86289956","86290249","29","71340532"
"JH378112","14953453","14953760","chr4","86285929","86286224","36","71332476"
"JH378112","14954140","14954263","chr2","171471789","171471913","13","156517649"
"JH378112","14964434","14964704","chr5","128523504","128523773","45","113559070"
"JH378112","14971955","14972264","chr4","86270225","86270537","24","71298270"
"JH378112","14994464","14994764","chr1","185090785","185091086","44","170096321"
"JH378112","15000504","15000812","chr4","86242298","86242592","41","71241794"
"JH378112","15006372","15006654","chr4","86236432","86236728","36","71230060"
"JH378112","15012334","15012625","chr4","86233272","86233554","45","71220938"
"JH378112","15014803","15015118","chr4","86230777","86231096","21","71215974"
"JH378112","15054052","15054224","chr1","172383491","172383665","29","157329439"
"JH378112","15054534","15054676","chr2","151509721","151509855","22","136455187"
"JH378112","15092153","15092225","chr4","86156471","86156544","6","71064318"
"JH378112","15097046","15097349","chr11","122839795","122840095","46","107742749"
"JH378112","15100020","15100320","chr3","75194975","75195274","39","60094955"
"JH378112","15100323","15100453","chr4","73903209","73903330","35","58802886"
"JH378112","15148649","15148935","chr4","86099565","86099863","42","70950916"
"JH378112","15161246","15161508","chr4","86060945","86061225","28","70899699"
"JH378112","15165511","15165800","chr12","2954857","2955145","40","12210654"
"JH378112","15169619","15169925","chr4","86090688","86090994","20","70921069"
"JH378112","15183216","15183493","chr4","86053163","86053434","30","70869947"
"JH378112","15233366","15233663","chr4","85997368","85997661","17","70764002"
"JH378112","15327590","15327885","chr4","85859434","85859737","34","70531844"
"JH378112","15397308","15397588","chr4","85795849","85796138","37","70398541"
"JH378112","15410097","15410222","chr2","49316605","49316729","22","33906508"
"JH378112","15410278","15410437","chr2","6953943","6954093","32","8456335"
"JH378112","15460590","15460646","chr18","26528016","26528071","11","11067426"
"JH378112","15566675","15566761","chr16","79888319","79888404","17","64321644"
"JH378112","15566803","15566980","chr9","41770883","41771059","25","26204080"
"JH378112","15587581","15587737","chr10","95829738","95829892","30","80242157"
"JH378112","15656281","15656590","chr4","85519467","85519778","34","69863186"
"JH378112","15830938","15831235","chr15","76971264","76971575","56","61140326"
"JH378112","16014699","16015011","chr4","85079820","85080127","28","69065121"
"JH378112","16052950","16053219","chr4","85001914","85002163","30","68948964"
"JH378112","16058224","16058537","chr4","84996705","84997013","36","68938481"
"JH378112","16186339","16186498","chr4","163118503","163118658","30","146932164"
"JH378112","16260742","16260959","chr17","17296424","17296641","15","1035682"
"JH378112","16266345","16266471","chrX","72199808","72199933","16","55933463"
"JH378112","16266474","16266590","chr5","110092661","110092776","7","93826187"
"JH378112","16266614","16266765","chr9","18276598","18276754","29","2009984"
"JH378112","16267095","16267395","chrUn_GL286208","103554","103862","25","16163541"
"JH378112","16274435","16274578","chr22","5854779","5854911","18","10419656"
"JH378112","16275049","16275175","chrUn_GL288627","234","362","10","16274815"
"JH378112","16275367","16275532","chrUn_GL286208","96123","96287","12","16179244"
"JH378112","16283114","16283240","chr5","97127660","97127789","20","80844546"
"JH378112","16283402","16283611","chrUn_GL286208","88146","88351","21","16195256"
"JH378112","16284324","16284603","chrUn_GL286208","87146","87425","18","16197178"
"JH378112","16286015","16286179","chr16","25382349","25382514","23","9096334"
"JH378112","16290136","16290445","chrUn_GL286208","81013","81320","33","16209123"
"JH378112","16296804","16297094","chrUn_GL286208","72531","72817","23","16224273"
"JH378112","16297812","16298104","chrUn_GL286208","71578","71860","33","16226234"
"JH378112","16299048","16299186","chr12","55353515","55353649","21","39054467"
"JH378112","16299481","16299646","chr17","35339640","35339811","21","19040159"
"JH378112","16306277","16306508","chr17","37762510","37762741","45","21456233"
"JH378112","16309253","16309491","chr15","88068678","88068918","34","71759425"
"JH378112","16309512","16309525","chr5","129296777","129296790","0","112987265"
"JH378112","16309764","16309896","chr5","134531890","134532024","16","118222126"
"JH378112","16310193","16310371","chr7","131234766","131234940","38","114924573"
"JH378112","16310760","16311056","chr8","70343523","70343822","30","54032763"
"JH378112","16311672","16311957","chrUn_GL286420","335749","336048","46","15975923"
"JH378112","16315630","16315931","chr11","61020806","61021087","60","44705176"
"JH378112","16321659","16321833","chr4","139697408","139697580","33","123375749"
"JH378112","16323949","16324086","chr1","202981060","202981197","15","186657111"
"JH378112","16328996","16329237","chr8","80616168","80616404","41","64287172"
"JH378112","16330297","16330458","chr2","160489","160652","16","16169808"
"JH378112","16330502","16330627","chrUn_GL286208","29428","29553","5","16301074"
"JH378112","16331226","16331498","chr12","64749064","64749335","31","48417838"
"JH378112","16338648","16338936","chrUn_GL286208","11076","11362","27","16327572"
"JH378112","16346956","16347248","chr2","45565224","45565524","26","29218268"
"JH378112","16352725","16353016","chr8","23955558","23955851","27","7602833"
"JH378112","16353681","16353961","chrUn_GL286556","25858","26142","42","16327823"
"JH378112","16358360","16358533","chr8","36344129","36344312","27","19985769"
"JH378112","16358858","16358996","chr18","14966804","14966935","22","1392054"
"JH378112","16359999","16360272","chr8","23966989","23967277","44","7606990"
"JH378112","16360714","16360978","chr8","23967703","23967992","50","7606989"
"JH378112","16361942","16362096","chr4","84877255","84877416","19","68515313"
"JH378112","16362385","16362402","chrUn_GL286556","34681","34696","2","16327704"
"JH378112","16362957","16363228","chr4","84876113","84876386","23","68513156"
"JH378112","16414981","16415254","chr8","36442612","36442904","49","20027631"
"JH378112","16420436","16420691","chr4","84806567","84806815","33","68386131"
"JH378112","16463439","16463725","chr4","84665090","84665382","27","68201651"
"JH378112","16483644","16483956","chr4","84643995","84644300","30","68160351"
"JH378112","16484488","16484797","chr4","84643163","84643462","32","68158675"
"JH378112","16495592","16495884","chr22","39262626","39262920","81","22767034"
"JH378112","16495888","16496020","chr5","88829339","88829471","10","72333451"
"JH378112","16496872","16496918","chr4","44245374","44245425","12","27748502"
"JH378112","16498803","16498935","chr14","45084790","45084926","11","28585987"
"JH378112","16500692","16501001","chr11","109038509","109038816","48","92537817"
"JH378112","16501499","16501794","chr8","91036759","91037062","55","74535260"
"JH378112","16506721","16506835","chr5","8804271","8804393","12","7702450"
"JH378112","16516334","16516453","chr2","131978325","131978439","19","115461991"
"JH378112","16517914","16518045","chr1","168877634","168877764","23","152359720"
"JH378112","16518347","16518498","chr8","4308064","4308219","29","12210283"
"JH378112","16528783","16528890","chr9","103935277","103935383","22","87406494"
"JH378112","16528906","16529030","chr11","96534994","96535114","24","80006088"
"JH378112","16538115","16538390","chr4","84583008","84583273","45","68044893"
"JH378112","16547010","16547314","chr4","84574873","84575160","39","68027863"
"JH378112","16550015","16550175","chr4","84572311","84572474","19","68022296"
"JH378112","16564684","16564951","chr9","121982208","121982480","55","105417524"
"JH378112","16565671","16565980","chr19","46819491","46819803","47","30253820"
"JH378112","16566078","16566368","chr4","84556101","84556390","28","67990023"
"JH378112","16580458","16580677","chr4","84543074","84543302","27","67962616"
"JH378112","16583459","16583548","chr3","84679217","84679310","6","68095758"
"JH378112","16590575","16590868","chr2","171409466","171409757","42","154818891"
"JH378112","16596150","16596436","chr4","84529750","84530035","18","67933600"
"JH378112","16605953","16606236","chrX","107565678","107565955","47","90959725"
"JH378112","16606785","16607068","chr4","84520245","84520523","35","67913460"
"JH378112","16627215","16627421","chr4","84484788","84484990","16","67857573"
"JH378112","16638531","16638831","chr4","84473685","84473968","39","67835154"
"JH378112","16666322","16666614","chr4","84445764","84446060","17","67779442"
"JH378112","16733695","16733832","chr4","84356908","84357046","9","67623213"
"JH378112","16767518","16767660","chr15","26408391","26408533","27","9640873"
"JH378112","16767722","16767840","chr9","120652294","120652414","14","103884572"
"JH378112","16788285","16788612","chrX","96945784","96946111","56","80157499"
"JH378112","16794030","16794316","chr4","84297881","84298168","19","67503851"
"JH378112","16834430","16834717","chr4","84255413","84255700","22","67420983"
"JH378112","16920569","16920863","chr4","84145978","84146271","20","67225409"
"JH378112","17040375","17040611","chr4","84016062","84016283","37","66975687"
"JH378112","17094206","17094349","chr4","83953942","83954091","19","66859736"
"JH378112","17110433","17110715","chrX","40290426","40290708","49","23179993"
"JH378112","17244936","17245213","chr4","83789589","83789866","26","66544653"
"JH378112","17300173","17300515","chr1","203126623","203126959","65","185826450"
"JH378112","17310664","17310960","chr4","83637724","83638021","20","66327060"
"JH378112","17406583","17406881","chr4","83544378","83544673","27","66137795"
"JH378112","17721620","17721912","chr13","44999028","44999319","51","27277408"
"JH378112","17835465","17835781","chrX","17100391","17100703","53","735074"
"JH378112","17898439","17898563","chr12","112762107","112762231","5","94863668"
"JH378112","17913224","17913466","chr1","164504681","164504928","51","146591457"
"JH378112","17913898","17914056","chr8","46939935","46940095","24","29026037"
"JH378112","17914086","17914221","chr5","80072787","80072917","17","62158701"
"JH378112","17931445","17931695","chr8","828909","829165","54","17102536"
"JH378112","17944742","17945027","chr4","82928173","82928457","23","64983431"
"JH378112","18009683","18009853","chr10","34533512","34533683","25","16523829"
"JH378112","18010145","18010271","chr5","43867299","43867432","22","25857154"
"JH378112","18042209","18042500","chr12","101901703","101901992","16","83859494"
"JH378112","18046512","18046819","chr4","82791423","82791730","25","64744911"
"JH378112","18053024","18053314","chr4","82783366","82783649","26","64730342"
"JH378112","18054915","18055050","chr4","82778876","82779011","3","64723961"
"JH378112","18055350","18055528","chr4","82778410","82778579","21","64723060"
"JH378112","18156600","18156903","chr4","82670147","82670453","44","64513547"
"JH378112","18177067","18177369","chr4","82649500","82649786","34","64472433"
"JH378112","18198877","18199179","chr4","82633819","82634125","29","64434942"
"JH378112","18227387","18227701","chrX","605542","605896","86","17621845"
"JH378112","18259335","18259618","chr4","82566352","82566656","43","64307017"
"JH378112","18277524","18277826","chr5","153959754","153960056","54","135682230"
"JH378112","18392351","18392637","chr4","82421347","82421620","21","64028996"
"JH378112","18521518","18521632","chr9","73738927","73739041","8","55217409"
"JH378112","18576021","18576286","chr4","82220072","82220327","50","63644051"
"JH378112","18578577","18578853","chr4","82216960","82217261","43","63638383"
"JH378112","18599958","18600062","chr4","82193274","82193373","10","63593316"
"JH378112","18603339","18603623","chr4","82189920","82190205","19","63586581"
"JH378112","18614464","18614791","chr3","110736067","110736391","54","92121603"
"JH378112","18824463","18824753","chr4","81898105","81898405","33","63073642"
"JH378112","18854977","18855270","chr4","81866858","81867148","35","63011881"
"JH378112","18856518","18856642","chr9","38188751","38188877","10","19332233"
"JH378112","18860038","18860332","chr1","75545916","75546205","52","56685878"
"JH378112","18894188","18894477","chr4","81827616","81827899","20","62933428"
"JH378112","18913507","18913778","chr4","81809476","81809746","29","62895969"
"JH378112","18958054","18958224","chr5","133088817","133088986","31","114130763"
"JH378112","18958249","18958366","chr9","117499019","117499138","19","98540770"
"JH378112","18973499","18973803","chr4","81747913","81748217","20","62774414"
"JH378112","19057571","19057829","chr4","81661187","81661443","34","62603616"
"JH378112","19063764","19063924","chr3","19884119","19884283","31","820355"
"JH378112","19176384","19176514","chr4","81520909","81521043","15","62344525"
"JH378112","19252291","19252594","chr4","81411162","81411460","28","62158871"
"JH378112","19282282","19282544","chr16","74962986","74963258","50","55680704"
"JH378112","19299271","19299568","chr4","81355311","81355594","33","62056040"
"JH378112","19319957","19320134","chr4","81334255","81334433","15","62014298"
"JH378112","19444386","19444679","chr4","81214795","81215080","31","61770409"
"JH378112","19515893","19516158","chr4","138918504","138918777","51","119402611"
"JH378112","19579632","19579931","chr22","41658188","41658489","52","22078556"
"JH378112","19591366","19591660","chr4","81073169","81073460","40","61481803"
"JH378112","19617400","19617668","chr4","81041926","81042197","18","61424526"
"JH378112","19660107","19660435","chr21","7864799","7865115","24","11795308"
"JH378112","19665214","19665342","chrX","40005041","40005171","12","20339827"
"JH378112","19666566","19666860","chr4","80992811","80993104","23","61326245"
"JH378112","19681297","19681429","chr4","148615049","148615180","8","128933752"
"JH378112","19695854","19695984","chr5","152624723","152624853","5","132928869"
"JH378112","19699743","19700028","chr4","80969114","80969397","15","61269371"
"JH378112","19726878","19727165","chr4","80942960","80943272","40","61216082"
"JH378112","19727247","19727543","chr22","47542120","47542418","53","27814873"
"JH378112","19735504","19735795","chr4","80935406","80935697","23","61199902"
"JH378112","19738214","19738433","chr22","38730553","38730777","36","18992339"
"JH378112","19738434","19738474","chr9","46315980","46316019","5","26577546"
"JH378112","19759691","19759755","chr4","80913830","80913895","7","61154139"
"JH378112","19762334","19762399","chr15","15289809","15289875","7","4472525"
"JH378112","19766216","19766515","chr4","80907409","80907708","20","61141193"
"JH378112","19768581","19768874","chr14","83027663","83027956","50","63259082"
"JH378112","19771730","19771877","chr4","80902047","80902187","15","61130317"
"JH378112","19785949","19786231","chr4","80888684","80888975","34","61102735"
"JH378112","19818288","19818588","chr4","80853196","80853498","12","61034908"
"JH378112","19827916","19828099","chr7","70153035","70153231","49","50325119"
"JH378112","19837133","19837401","chr4","80833520","80833791","36","60996387"
"JH378112","19841886","19842181","chr1","191799353","191799646","39","171957467"
"JH378112","19851783","19852037","chr7","43707902","43708146","56","23856119"
"JH378112","19865029","19865320","chr4","42287686","42287976","19","22422657"
"JH378112","19932545","19932755","chr7","50678291","50678504","40","30745746"
"JH378112","19983540","19983836","chr4","42451506","42451792","33","22467966"
"JH378112","19998253","19998564","chr4","42465320","42465617","33","22467067"
"JH378112","20056930","20057236","chr2","10539390","10539695","42","9517540"
"JH378112","20096438","20096711","chr4","42579086","42579372","38","22482648"
"JH378112","20104573","20104706","chr10","119454044","119454177","15","99349471"
"JH378112","20105015","20105151","chr3","151100683","151100814","30","130995668"
"JH378112","20124826","20124919","chr7","42689074","42689168","15","22564248"
"JH378112","20151998","20152307","chr4","42634245","42634535","36","22482247"
"JH378112","20159837","20160147","chr4","42641832","42642128","31","22481995"
"JH378112","20191971","20192197","chr4","42674681","42674903","20","22482710"
"JH378112","20235213","20235482","chr2","39060431","39060707","56","18825218"
"JH378112","20249240","20249372","chrX","475150","475283","15","19774090"
"JH378112","20250380","20250680","chr4","42730984","42731280","30","22480604"
"JH378112","20282012","20282132","chr4","42761546","42761674","13","22479534"
"JH378112","20282133","20282269","chr5","64475810","64475946","20","44193677"
"JH378112","20282581","20282750","chr9","104062464","104062637","27","83779883"
"JH378112","20282751","20282916","chr4","42761965","42762124","14","22479214"
"JH378112","20312922","20313206","chr4","42792351","42792643","24","22479429"
"JH378112","20315246","20315554","chr4","42794670","42794970","30","22479424"
"JH378112","20323337","20323634","chr7","50014579","50014877","45","29691242"
"JH378112","20326146","20326396","chr8","55108371","55108627","50","34782225"
"JH378112","20352705","20353002","chr4","42846848","42847144","23","22494143"
"JH378112","20355419","20355715","chr4","42849599","42849895","25","22494180"
"JH378112","20424515","20424812","chr4","42921852","42922147","25","22497337"
"JH378112","20444037","20444338","chr4","42940396","42940687","28","22496359"
"JH378112","20450040","20450347","chr7","70583613","70583925","45","50133573"
"JH378112","20450873","20451166","chr4","42947179","42947476","28","22496306"
"JH378112","20494423","20494716","chr10","90000695","90000988","43","69506272"
"JH378112","20496287","20496592","chr4","42991140","42991433","27","22494853"
"JH378112","20508060","20508128","chr2","115931767","115931835","7","95423707"
"JH378112","20533454","20533741","chr4","43029599","43029884","17","22496145"
"JH378112","20543900","20543969","chr20","42808882","42808953","20","22264982"
"JH378112","20562779","20563053","chr4","43063535","43063828","43","22500756"
"JH378112","20586092","20586390","chr13","9870237","9870536","53","10715855"
"JH378112","20586601","20586900","chr4","43085704","43085994","32","22499103"
"JH378112","20592196","20592500","chr4","43091324","43091615","35","22499128"
"JH378112","20618977","20619196","chr4","43117860","43118073","24","22498883"
"JH378112","20619220","20619240","chr2","35001591","35001613","4","14382371"
"JH378112","20620046","20620334","chr4","43118939","43119231","27","22498893"
"JH378112","20623197","20623325","chr11","128672403","128672526","29","108049206"
"JH378112","20623626","20623735","chr11","109383187","109383297","19","88759561"
"JH378112","20632815","20632944","chr1","194393889","194394018","16","173761074"
"JH378112","20639038","20639372","chr4","43142030","43142387","59","22502992"
"JH378112","20657306","20657434","chrUn_GL286214","18067","18188","33","20639239"
"JH378112","20657745","20657859","chr7","100629672","100629795","23","79971927"
"JH378112","20689395","20689531","chr1","171672023","171672158","15","150982628"
"JH378112","20690756","20690893","chr2","175466270","175466406","28","154775514"
"JH378112","20691308","20691492","chr5","43647884","43648062","34","22956576"
"JH378112","20692139","20692253","chr8","116680247","116680360","15","95988108"
"JH378112","20710010","20710323","chr2","13996238","13996553","52","6713772"
"JH378112","20711874","20712006","chr2","188897757","188897889","17","168185883"
"JH378112","20715699","20715824","chr5","94588818","94588943","19","73873119"
"JH378112","20715990","20716151","chr7","62396844","62397003","26","41680854"
"JH378112","20716332","20716458","chr12","48898833","48898959","11","28182501"
"JH378112","20717915","20718038","chr1","148777267","148777391","24","128059352"
"JH378112","20721006","20721293","chr8","74056060","74056349","46","53335054"
"JH378112","20726551","20726795","chr4","31524233","31524477","40","10797682"
"JH378112","20741510","20741759","chr1","11470495","11470738","49","9271015"
"JH378112","20751761","20751850","chr4","43251502","43251589","9","22499741"
"JH378112","20752172","20752349","chr4","20910927","20911101","12","158755"
"JH378112","20776996","20777292","chr7","22574432","22574723","40","1797436"
"JH378112","20783516","20783574","chr4","106598393","106598448","13","85814877"
"JH378112","20786574","20786676","chr6","154841961","154842062","18","134055387"
"JH378112","20786707","20786840","chr18","28322430","28322553","22","7535723"
"JH378112","20788974","20789184","chr11","59227053","59227264","38","38438079"
"JH378112","20789423","20789558","chr5","57837113","57837247","22","37047690"
"JH378112","20793614","20793904","chr4","43284145","43284444","27","22490531"
"JH378112","20795606","20795894","chr5","106333157","106333450","43","85537551"
"JH378112","20799930","20800107","chr5","131702528","131702707","23","110902598"
"JH378112","20805155","20805290","chr6","126429337","126429467","14","105624182"
"JH378112","20807713","20807897","chr4","43303574","43303760","16","22495861"
"JH378112","20808721","20808781","chr4","43304444","43304505","6","22495723"
"JH378112","20809089","20809239","chr4","43304793","43304945","9","22495704"
"JH378112","20811161","20811295","chr4","43306851","43306984","12","22495690"
"JH378112","20823293","20823460","chr4","43321196","43321365","19","22497903"
"JH378112","20827705","20828031","chr4","43324157","43324483","18","22496452"
"JH378112","20830317","20830614","chr22","39647957","39648253","35","18817640"
"JH378112","20843042","20843085","chr3","19903442","19903481","12","939600"
"JH378112","20861135","20861434","chr13","72874010","72874315","41","52012875"
"JH378112","20862595","20862725","chr22","32357130","32357259","7","11494535"
"JH378112","20865703","20865978","chr4","43357508","43357769","30","22491805"
"JH378112","20874300","20874419","chr10","85699326","85699445","20","64825026"
"JH378112","20876509","20876642","chr22","6168333","6168468","15","14708176"
"JH378112","20876939","20877108","chr2","14665991","14666153","22","6210948"
"JH378112","20879694","20879829","chr1","84772989","84773121","19","63893295"
"JH378112","20895732","20895801","chr1","94217670","94217739","14","73321938"
"JH378112","20898508","20898677","chr12","717290","717454","35","20181218"
"JH378112","20898985","20899123","chr20","20559680","20559811","18","339305"
"JH378112","20900571","20900692","chr2","1469017","1469136","8","19431554"
"JH378112","20901453","20901784","chr4","43394701","43395009","48","22493248"
"JH378112","20913212","20913394","chr6","86846895","86847081","37","65933683"
"JH378112","20927661","20927793","chr7","62905967","62906099","10","41978306"
"JH378112","20937816","20937943","chr1","77395305","77395431","18","56457489"
"JH378112","20937944","20938234","chr4","43433512","43433817","40","22495568"
"JH378112","20938564","20938745","chrX","137222383","137222560","26","116283819"
"JH378112","20947694","20947999","chr4","43442016","43442323","27","22494322"
"JH378112","20969313","20969407","chr20","33335823","33335919","10","12366510"
"JH378112","20978712","20979021","chr4","43468048","43468364","20","22489336"
"JH378112","20988762","20989072","chr22","17118653","17118950","57","3870109"
"JH378112","21009741","21010049","chr4","43496927","43497223","31","22487186"
"JH378112","21025453","21025722","chr5","84449526","84449798","43","63424073"
"JH378112","21028171","21028285","chr22","13488882","13488992","23","7539289"
"JH378112","21064026","21064315","chr2","12495546","12495834","42","8568480"
"JH378112","21066949","21067094","chr5","99330109","99330257","26","78263160"
"JH378112","21067116","21067249","chr10","99640178","99640310","19","78573062"
"JH378112","21069517","21069828","chr4","43559324","43559630","49","22489807"
"JH378112","21092448","21092735","chr4","43584876","43585153","36","22492428"
"JH378112","21106879","21107189","chr5","60671568","60671876","42","39564689"
"JH378112","21128617","21128747","chr5","44429046","44429177","14","23300429"
"JH378112","21160633","21160937","chr4","151964467","151964766","48","130803834"
"JH378112","21186525","21186831","chr4","43681408","43681717","29","22494883"
"JH378112","21188965","21189300","chr6","147079187","147079505","54","125890222"
"JH378112","21197334","21197516","chr10","22497053","22497234","22","1299719"
"JH378112","21208651","21208745","chr1","194809628","194809720","13","173600977"
"JH378112","21255663","21255947","chr4","43754189","43754491","38","22498526"
"JH378112","21265223","21265488","chr6","85152193","85152469","48","63886970"
"JH378112","21281081","21281376","chr4","43780268","43780563","12","22499187"
"JH378112","21289052","21289352","chr4","43787647","43787947","27","22498595"
"JH378112","21323233","21323547","chr4","43821810","43822103","40","22498577"
"JH378112","21328179","21328352","chr16","28301285","28301460","30","6973106"
"JH378112","21328390","21328530","chr9","88643870","88644009","24","67315480"
"JH378112","21332614","21332786","chr4","43831083","43831257","11","22498469"
"JH378112","21332814","21332960","chr4","43831285","43831436","14","22498471"
"JH378112","21337145","21337441","chr11","80773678","80773962","56","59436533"
"JH378112","21339978","21340119","chr4","43838037","43838185","20","22498059"
"JH378112","21340120","21340428","chr4","43838186","43838474","40","22498066"
"JH378112","21340429","21340563","chr13","10737408","10737543","16","10603021"
"JH378112","21343572","21343836","chr4","43841278","43841547","20","22497706"
"JH378112","21348401","21348708","chr9","44771360","44771669","51","23422959"
"JH378112","21387440","21387697","chr4","43884617","43884873","21","22497177"
"JH378112","21388586","21388821","chr4","43885762","43886017","43","22497176"
"JH378112","21406721","21406962","chr4","43904415","43904658","28","22497694"
"JH378112","21417136","21417282","chr1","38819279","38819428","26","17402143"
"JH378112","21417825","21417911","chr10","101875451","101875537","11","80457626"
"JH378112","21433231","21433541","chr2","146666305","146666613","43","125233074"
"JH378112","21433909","21434084","chr7","100990867","100991041","22","79556958"
"JH378112","21434404","21434698","chr3","150782304","150782595","42","129347900"
"JH378112","21434699","21434834","chr11","20520537","20520668","29","914162"
"JH378112","21438254","21438539","chr4","43936939","43937238","49","22498685"
"JH378112","21440008","21440206","chr5","65654598","65654790","36","44214590"
"JH378112","21440522","21440630","chr2","47890092","47890200","13","26449570"
"JH378112","21441666","21441951","chr4","43940359","43940649","26","22498693"
"JH378112","21444166","21444461","chr4","43942848","43943138","27","22498682"
"JH378112","21455172","21455184","chr1","58387331","58387343","1","36932159"
"JH378112","21455211","21455484","chr10","20299232","20299515","58","1155979"
"JH378112","21472857","21473165","chr5","43096512","43096808","63","21623655"
"JH378112","21491724","21491916","chr18","39730416","39730609","28","18238692"
"JH378112","21499682","21499980","chr4","44005005","44005299","25","22505323"
"JH378112","21500041","21500167","chr2","29068353","29068480","13","7568312"
"JH378112","21501224","21501424","chr8","110692050","110692251","40","89190826"
"JH378112","21507265","21507539","chr4","44012597","44012867","26","22505332"
"JH378112","21517303","21517431","chr4","44024450","44024588","19","22507147"
"JH378112","21525592","21525829","chr5","1378837","1379085","42","20146755"
"JH378112","21573814","21574075","chr4","44081557","44081822","21","22507743"
"JH378112","21587962","21588263","chr4","44097444","44097734","34","22509482"
"JH378112","21598896","21599179","chr1","187521835","187522129","57","165922939"
"JH378112","21610113","21610379","chr2","11148336","11148606","38","10461777"
"JH378112","21612527","21612806","chr4","44121533","44121795","32","22509006"
"JH378112","21617444","21617662","chr5","73162169","73162376","40","51544725"
"JH378112","21624346","21624646","chr9","108499336","108499636","40","86874990"
"JH378112","21625095","21625287","chr8","32570196","32570391","29","10945101"
"JH378112","21625887","21626111","chr1","62930782","62931006","34","41304895"
"JH378112","21634294","21634582","chr4","44144521","44144809","15","22510227"
"JH378112","21636559","21636695","chr4","44146401","44146537","1","22509842"
"JH378112","21636966","21637103","chr4","44146803","44146953","21","22509837"
"JH378112","21639883","21640180","chr12","10979771","10980069","35","10660112"
"JH378112","21648134","21648414","chr2","49466017","49466311","49","27817883"
"JH378112","21651191","21651488","chr4","44163347","44163643","16","22512156"
"JH378112","21654760","21655032","chr4","44168134","44168423","34","22513374"
"JH378112","21655454","21655576","chr14","48741191","48741323","28","27085737"
"JH378112","21665088","21665238","chr22","11939972","11940120","23","9725116"
"JH378112","21671596","21671694","chr4","71824107","71824202","11","50152511"
"JH378112","21675798","21676100","chr4","39781279","39781584","38","18105481"
"JH378112","21691352","21691543","chr4","44209143","44209339","27","22517791"
"JH378112","21692084","21692215","chr4","44209883","44210014","8","22517799"
"JH378112","21694755","21694885","chr4","44212262","44212382","20","22517507"
"JH378112","21694929","21695107","chr4","44212420","44212596","11","22517491"
"JH378112","21699630","21699929","chr4","44217173","44217470","37","22517543"
"JH378112","21704390","21704729","chr5","41545363","41545696","67","19840973"
"JH378112","21705883","21705970","chrX","71571759","71571844","23","49865876"
"JH378112","21705976","21706263","chrX","111867891","111868178","55","90161915"
"JH378112","21708554","21708606","chr4","44228330","44228382","1","22519776"
"JH378112","21726004","21726055","chr4","44245374","44245425","2","22519370"
"JH378112","21726593","21726871","chr12","14114978","14115239","55","7611615"
"JH378112","21733203","21733479","chr15","3547273","3547539","45","18185930"
"JH378112","21738726","21738904","chr4","44258881","44259058","10","22520155"
"JH378112","21739505","21739619","chr10","34672536","34672650","17","12933031"
"JH378112","21750756","21751055","chr4","44314512","44314815","20","22563756"
"JH378112","21752697","21752886","chr4","44316429","44316616","22","22563732"
"JH378112","21753334","21753493","chr6","17757660","17757819","22","3995674"
"JH378112","21764207","21764490","chr7","22678352","22678637","42","914145"
"JH378112","21778079","21778376","chr4","44344270","44344566","15","22566191"
"JH378112","21778943","21779247","chr4","44345126","44345432","30","22566183"
"JH378112","21783020","21783291","chr15","18166021","18166273","61","3616999"
"JH378112","21783538","21783561","chr1","160007732","160007755","3","138224194"
"JH378112","21803190","21803485","chr10","27470467","27470760","43","5667277"
"JH378112","21805308","21805468","chr4","44371291","44371450","5","22565983"
"JH378112","21805761","21805775","chr2","7446241","7446257","2","14359520"
"JH378112","21806207","21806404","chr7","42612931","42613128","44","20806724"
"JH378112","21828989","21829257","chr4","44396144","44396418","22","22567155"
"JH378112","21833537","21833665","chrX","69153363","69153491","16","47319826"
"JH378112","21837966","21838094","chr22","37786643","37786772","8","15948677"
"JH378112","21840595","21840895","chr4","44408877","44409198","40","22568282"
"JH378112","21844970","21845287","chr6","154381807","154382117","49","132536837"
"JH378112","21848549","21848760","chr2","39007980","39008185","41","17159431"
"JH378112","21869734","21869869","chr9","6885859","6885989","15","14983875"
"JH378112","21871735","21871983","chr4","44438671","44438931","23","22566936"
"JH378112","21877120","21877419","chrX","16675222","16675519","37","5201898"
"JH378112","21882513","21882835","chr7","32546017","32546327","51","10663504"
"JH378112","21902606","21902879","chr9","83364826","83365093","56","61462220"
"JH378112","21909291","21909574","chr12","151602","151887","44","21757689"
"JH378112","21911993","21912247","chr17","68520123","68520378","44","46608130"
"JH378112","21940317","21940470","chr4","44512069","44512222","18","22571752"
"JH378112","21941185","21941319","chr4","44512936","44513070","7","22571751"
"JH378112","21941320","21941616","chr4","44513071","44513365","18","22571751"
"JH378112","21944955","21945249","chr15","28830190","28830488","42","6885235"
"JH378112","21959180","21959315","chr20","38296032","38296166","10","16336852"
"JH378112","21959316","21959446","chr6","149323223","149323350","8","127363907"
"JH378112","21959487","21959668","chr4","34189071","34189253","32","12229584"
"JH378112","21976762","21977006","chr4","44556460","44556712","28","22579698"
"JH378112","21982963","21983258","chr4","44561533","44561830","38","22578570"
"JH378112","21983920","21984082","chr4","44562726","44562879","26","22578806"
"JH378112","22013363","22013683","chr4","44592365","44592684","12","22579002"
"JH378112","22030284","22030596","chr4","44619037","44619344","27","22588753"
"JH378112","22064566","22064871","chr4","44653403","44653707","38","22588837"
"JH378112","22066764","22067070","chr4","44655574","44655876","19","22588810"
"JH378112","22067759","22068042","chr4","44656636","44656913","18","22588877"
"JH378112","22074801","22075089","chr4","44670575","44670867","29","22595774"
"JH378112","22082877","22083179","chr4","44678292","44678589","23","22595415"
"JH378112","22110980","22111283","chr4","44705027","44705340","26","22594047"
"JH378112","22126671","22126959","chr8","687744","688032","39","21438927"
"JH378112","22128016","22128311","chr4","44720634","44720930","33","22592618"
"JH378112","22167443","22167737","chr19","12089883","12090175","54","10077560"
"JH378112","22169188","22169502","chr4","44759414","44759725","34","22590226"
"JH378112","22178324","22178621","chr10","102800589","102800883","56","80622265"
"JH378112","22180656","22180972","chr4","44772256","44772555","40","22591600"
"JH378112","22206887","22207032","chr13","19609848","19609991","23","2597039"
"JH378112","22207319","22207421","chr8","94170002","94170102","13","71962683"
"JH378112","22209769","22209986","chr22","295019","295235","47","21914750"
"JH378112","22212640","22212935","chr15","97058487","97058779","44","74845847"
"JH378112","22213586","22213875","chr4","44804326","44804618","20","22590740"
"JH378112","22216336","22216650","chr4","155528137","155528448","45","133311801"
"JH378112","22219519","22219828","chr12","20539936","20540241","47","1679583"
"JH378112","22226263","22226492","chr12","80125638","80125852","44","57899375"
"JH378112","22251122","22251348","chr5","129058697","129058925","41","106807575"
"JH378112","22285665","22285800","chr4","44880846","44880981","11","22595181"
"JH378112","22286080","22286233","chr4","44881261","44881409","27","22595181"
"JH378112","22292221","22292377","chr6","20678549","20678708","30","1613672"
"JH378112","22292689","22292836","chrX","52512589","52512734","27","30219900"
"JH378112","22311359","22311666","chr4","44901583","44901884","26","22590224"
"JH378112","22315058","22315365","chr4","44905209","44905510","16","22590151"
"JH378112","22317174","22317489","chr4","44908185","44908485","41","22591011"
"JH378112","22318584","22318879","chr4","44909565","44909842","39","22590981"
"JH378112","22319268","22319556","chr4","44910232","44910544","46","22590964"
"JH378112","22319557","22319710","chr4","44910545","44910705","23","22590988"
"JH378112","22319815","22319951","chr4","44910798","44910934","7","22590983"
"JH378112","22320255","22320402","chr5","83892192","83892341","26","61571937"
"JH378112","22322852","22323087","chr14","82931849","82932077","36","60608997"
"JH378112","22326866","22327156","chr4","44917122","44917396","29","22590256"
"JH378112","22345241","22345444","chr4","44940208","44940409","17","22594967"
"JH378112","22349141","22349390","chr4","164517570","164517810","42","142168429"
"JH378112","22350195","22350486","chr4","44943704","44944000","15","22593509"
"JH378112","22351396","22351655","chr1","179782588","179782847","47","157431192"
"JH378112","22361852","22362147","chr10","126308064","126308360","39","103946212"
"JH378112","22386602","22386765","chr4","44984152","44984309","15","22597550"
"JH378112","22386766","22387041","chr4","44984310","44984586","18","22597544"
"JH378112","22428971","22429261","chr5","9925475","9925767","37","12503496"
"JH378112","22436508","22436704","chr1","181422524","181422717","27","158986016"
"JH378112","22442926","22443223","chr4","45033932","45034228","17","22591006"
"JH378112","22461499","22461780","chr4","45052741","45053027","27","22591242"
"JH378112","22465077","22465375","chr4","45056589","45056863","49","22591512"
"JH378112","22484233","22484544","chr20","420934","421245","46","22063299"
"JH378112","22489348","22489631","chr2","168794263","168794544","53","146304915"
"JH378112","22500631","22500761","chr19","36172040","36172167","8","13671409"
"JH378112","22501368","22501620","chr5","111952093","111952345","36","89450725"
"JH378112","22507349","22507642","chr4","45100126","45100422","19","22592777"
"JH378112","22522252","22522563","chr4","45112955","45113242","39","22590703"
"JH378112","22546697","22547001","chr4","45138418","45138715","31","22591721"
"JH378112","22642910","22642993","chr4","45238273","45238356","3","22595363"
"JH378112","22644665","22644947","chr4","45239649","45239931","19","22594984"
"JH378112","22660511","22660816","chr4","45253937","45254239","30","22593426"
"JH378112","22662438","22662636","chr1","166553932","166554135","35","143891494"
"JH378112","22681356","22681669","chr21","38376218","38376529","57","15694862"
"JH378112","22784166","22784473","chr4","45375925","45376226","26","22591759"
"JH378112","22810528","22810834","chr4","45406207","45406510","29","22595679"
"JH378112","22821697","22821824","chr4","45417459","45417577","16","22595762"
"JH378112","22845123","22845419","chr4","45440070","45440358","27","22594947"
"JH378112","22856191","22856490","chr4","45451031","45451334","27","22594840"
"JH378112","22877466","22877719","chr4","45472684","45472959","46","22595218"
"JH378112","22885782","22886066","chr4","45482266","45482549","26","22596484"
"JH378112","22894036","22894344","chr4","45490517","45490821","14","22596481"
"JH378112","22902377","22902691","chr4","45498831","45499134","31","22596454"
"JH378112","22903419","22903720","chr19","10208538","10208840","40","12694881"
"JH378112","22913697","22913983","chr4","45509220","45509493","30","22595523"
"JH378112","22917146","22917448","chr5","60671568","60671876","40","37754422"
"JH378112","22922213","22922458","chr4","45516407","45516650","20","22594194"
"JH378112","22924031","22924131","chr13","117234517","117234615","12","94310486"
"JH378112","22936203","22936496","chr4","45530641","45530929","40","22594438"
"JH378112","22938042","22938207","chr4","45532439","45532619","26","22594397"
"JH378112","22938215","22938515","chr10","44866031","44866337","43","21927816"
"JH378112","22938516","22938650","chr7","87279394","87279527","14","64340878"
"JH378112","22943393","22943697","chr4","45539080","45539390","28","22595687"
"JH378112","22947800","22947820","chr9","34747373","34747393","3","11799573"
"JH378112","22947872","22948145","chr19","44408695","44408960","49","21460823"
"JH378112","22965783","22966077","chr4","45561412","45561708","34","22595629"
"JH378112","22969722","22969895","chr22","16799424","16799592","27","6170298"
"JH378112","22977005","22977272","chrX","20616110","20616371","41","2360895"
"JH378112","22978082","22978249","chr5","68171736","68171899","35","45193654"
"JH378112","22978294","22978419","chr4","157577373","157577499","22","134599079"
"JH378112","23036896","23037188","chr5","26486079","26486364","51","3449183"
"JH378112","23088961","23089240","chr4","20948796","20949085","48","2140165"
"JH378112","23112993","23113263","chr4","45711491","45711763","14","22598498"
"JH378112","23119884","23119989","chr9","100516868","100516974","7","77396984"
"JH378112","23135804","23136089","chr4","45736979","45737265","13","22601175"
"JH378112","23154248","23154494","chr4","45756556","45756818","31","22602308"
"JH378112","23163439","23163735","chr4","45765672","45765964","20","22602233"
"JH378112","23169863","23170174","chr4","45771456","45771765","30","22601593"
"JH378112","23170618","23170902","chr4","45772208","45772501","34","22601590"
"JH378112","23362257","23362557","chr4","45975554","45975840","40","22613297"
"JH378112","23465327","23465647","chr4","46078490","46078786","37","22613163"
"JH378112","23659737","23660023","chr8","53202046","53202334","49","29542309"
"JH378112","23680193","23680274","chr17","62443163","62443237","14","38762970"
"JH378112","23693387","23693599","chr15","3971243","3971451","34","19722144"
"JH378112","23693994","23694109","chr4","46312475","46312591","9","22618481"
"JH378112","23708170","23708301","chr5","63289525","63289654","14","39581355"
"JH378112","23713045","23713316","chr4","46332567","46332843","25","22619522"
"JH378112","23827755","23827893","chr4","46449151","46449290","9","22621396"
"JH378112","23858063","23858365","chr4","46479693","46479979","34","22621630"
"JH378112","23865528","23865796","chr4","46486014","46486291","25","22620486"
"JH378112","23898300","23898618","chr4","46518725","46519029","29","22620425"
"JH378112","23907281","23907466","chr4","46527300","46527499","31","22620019"
"JH378112","23908292","23908417","chr5","78231704","78231828","14","54323412"
"JH378112","23908544","23908709","chr5","131765779","131765944","32","107857235"
"JH378112","23933726","23934043","chr4","46563697","46564019","31","22629971"
"JH378112","24068458","24068763","chr4","46702047","46702349","19","22633589"
"JH378112","24086205","24086404","chr4","46719406","46719605","9","22633201"
"JH378112","24095321","24095609","chr4","46727989","46728297","40","22632668"
"JH378112","24108410","24108708","chr4","46738763","46739058","31","22630353"
"JH378112","24119881","24120169","chr11","118335982","118336270","53","94216101"
"JH378112","24135861","24136168","chr4","46767142","46767436","37","22631281"
"JH378112","24153732","24154018","chr7","10960202","10960489","39","13193530"
"JH378112","24167834","24168093","chr4","46798808","46799043","45","22630974"
"JH378112","24244542","24244826","chr4","46875229","46875516","22","22630687"
"JH378112","24283407","24283724","chr4","46917822","46918132","39","22634415"
"JH378112","24443833","24444115","chr11","21022993","21023277","47","3420840"
"JH378112","24444223","24444247","chr8","2572564","2572586","3","21871659"
"JH378112","24633459","24633601","chr4","47274428","47274569","9","22640969"
"JH378112","24672269","24672539","chr4","47318459","47318735","28","22646190"
"JH378112","24855960","24856253","chr4","47500676","47500967","23","22644716"
"JH378112","24974985","24975294","chr4","47623107","47623400","37","22648122"
"JH378112","25004970","25005271","chr4","47653055","47653359","30","22648085"
"JH378112","25141333","25141470","chr1","116982946","116983076","11","91841613"
"JH378112","25157714","25157983","chr1","202616737","202617012","48","177459023"
"JH378112","25158027","25158047","chr1","118717949","118717967","2","93559922"
"JH378112","25233053","25233356","chr5","79478782","79479093","38","54245729"
"JH378112","25237054","25237317","chr4","47890059","47890322","15","22653005"
"JH378112","25243046","25243357","chr4","47895966","47896270","32","22652920"
"JH378112","25286331","25286548","chr4","47938244","47938458","18","22651913"
"JH378112","25292163","25292474","chr9","42156347","42156652","62","16864184"
"JH378112","25300571","25300877","chr4","47953047","47953349","27","22652476"
"JH378112","25334082","25334364","chr16","54526318","54526595","70","29192236"
"JH378112","25338023","25338341","chr4","47988377","47988693","31","22650354"
"JH378112","25368443","25368751","chr4","48023999","48024292","32","22655556"
"JH378112","25375353","25375469","chr4","48036288","48036401","9","22660935"
"JH378112","25428730","25429024","chr4","48085921","48086215","22","22657191"
"JH378112","25574176","25574420","chr9","21112256","21112501","43","4461920"
"JH378112","25576350","25576423","chr5","41435478","41435550","7","15859128"
"JH378112","25628006","25628111","chr4","48324464","48324575","9","22696458"
"JH378112","25650812","25651113","chr4","48347573","48347870","27","22696761"
"JH378112","25717104","25717401","chr4","48416247","48416542","27","22699143"
"JH378112","25743544","25743807","chr4","48447832","48448103","36","22704288"
"JH378112","25773113","25773288","chr4","48478156","48478332","10","22705043"
"JH378112","25773289","25773582","chr4","48478333","48478625","28","22705044"
"JH378112","25773583","25773719","chr4","48478626","48478759","14","22705043"
"JH378112","25780262","25780581","chr4","48484929","48485245","26","22704667"
"JH378112","25810215","25810505","chr22","15030269","15030561","35","10779946"
"JH378112","25825589","25825894","chr1","16523014","16523316","46","9302575"
"JH378112","25835614","25835869","chr15","34132826","34133089","46","8297212"
"JH378112","25847345","25847659","chr4","48554929","48555230","50","22707584"
"JH378112","25864150","25864435","chr4","48571786","48572068","35","22707636"
"JH378112","25889774","25890085","chr4","48601755","48602067","21","22711981"
"JH378112","26014861","26015165","chr4","48738566","48738871","27","22723705"
"JH378112","26104515","26104815","chr10","55046747","55047048","53","28942232"
"JH378112","26138910","26139211","chr5","99368077","99368377","50","73229167"
"JH378112","26159400","26159606","chr2","116586154","116586361","29","90426754"
"JH378112","26163587","26163714","chr1","88691739","88691865","17","62528152"
"JH378112","26164135","26164253","chr5","92524306","92524429","25","66360171"
"JH378112","26166107","26166411","chr4","48901224","48901528","32","22735117"
"JH378112","26175025","26175255","chr4","48907957","48908187","14","22732932"
"JH378112","26175782","26176077","chr4","48908710","48909004","22","22732928"
"JH378112","26181610","26181836","chr22","17974901","17975137","41","8206709"
"JH378112","26208174","26208304","chr14","53764663","53764793","9","27556489"
"JH378112","26215024","26215304","chr12","48305180","48305455","45","22090156"
"JH378112","26231095","26231287","chr3","55194500","55194694","33","28963405"
"JH378112","26231586","26231698","chr13","40332894","40333004","20","14101308"
"JH378112","26248455","26248732","chr7","60529936","60530208","42","34281481"
"JH378112","26286956","26287332","chr22","11030067","11030437","99","15256889"
"JH378112","26355850","26356145","chr2","153350531","153350819","43","126994681"
"JH378112","26395398","26395643","chr18","7648254","7648500","44","18747144"
"JH378112","26446674","26446762","chr7","42327918","42328002","14","15881244"
"JH378112","26584457","26584774","chr4","49330960","49331263","37","22746503"
"JH378112","26656023","26656155","chr2","59271172","59271305","13","32615149"
"JH378112","26717862","26718151","chr4","49466258","49466529","30","22748396"
"JH378112","26733196","26733505","chr4","49481478","49481773","29","22748282"
"JH378112","26766202","26766495","chr4","49513656","49513953","22","22747454"
"JH378112","26820364","26820666","chr4","49567455","49567765","35","22747091"
"JH378112","26824675","26824984","chr4","49571744","49572038","40","22747069"
"JH378112","26938956","26939248","chr4","49705746","49706044","32","22766790"
"JH378112","27104188","27104476","chr4","49887646","49887934","21","22783458"
"JH378112","27182135","27182330","chr4","49964291","49964508","37","22782156"
"JH378112","27269273","27269559","chr7","47772129","47772414","49","20502856"
"JH378112","27269615","27269626","chr6","137269850","137269861","1","110000235"
"JH378112","27308511","27308810","chr4","108830567","108830852","69","81522056"
"JH378112","27418240","27418548","chrX","62419453","62419768","63","35001213"
"JH378112","27514959","27515069","chr4","58197882","58197992","6","30682923"
"JH378112","27714684","27714815","chr14","71432207","71432336","11","43717523"
"JH378112","27737895","27738191","chr4","50666344","50666640","19","22928449"
"JH378112","27770749","27770866","chr16","37219659","37219783","8","9448910"
"JH378112","27849512","27849822","chr4","50775580","50775885","32","22926068"
"JH378112","27872372","27872679","chr1","183847203","183847505","50","155974831"
"JH378112","27874228","27874500","chr4","50800426","50800693","22","22926198"
"JH378112","27878736","27879042","chr4","50805022","50805327","30","22926286"
"JH378112","27882686","27882996","chr15","61468364","61468673","50","33585678"
"JH378112","27888150","27888334","chr4","50813871","50814049","20","22925721"
"JH378112","27898291","27898595","chr4","50824700","50825002","36","22926409"
"JH378112","27901015","27901307","chr4","50827573","50827865","17","22926558"
"JH378112","27911382","27911692","chr4","50837857","50838153","31","22926475"
"JH378112","28001466","28001718","chr5","158639627","158639874","45","130638161"
"JH378112","28006689","28006759","chr1","120993285","120993358","11","92986596"
"JH378112","28032572","28032850","chr4","51000880","51001166","35","22968308"
"JH378112","28046467","28046748","chr2","183672036","183672284","74","155625569"
"JH378112","28078808","28078979","chr4","51054443","51054611","12","22975635"
"JH378112","28092554","28092859","chr4","51068080","51068388","25","22975526"
"JH378112","28215858","28216007","chrX","47278951","47279093","32","19063093"
"JH378112","28216063","28216186","chr6","137987119","137987244","17","109771056"
"JH378112","28233974","28234259","chr10","25810130","25810409","32","2423844"
"JH378112","28286514","28286831","chr4","51277484","51277781","37","22990970"
"JH378112","28349462","28349679","chr17","74158856","74159077","43","45809394"
"JH378112","28538075","28538378","chr5","32889563","32889863","41","4351488"
"JH378112","28547989","28548153","chr4","152263143","152263306","26","123715154"
"JH378112","28548184","28548298","chr18","25725487","25725601","17","2822697"
"JH378112","28714439","28714655","chr4","51781030","51781250","18","23066591"
"JH378112","28751094","28751277","chr4","51839843","51840013","32","23088749"
"JH378112","28751555","28751695","chr4","51840323","51840463","13","23088768"
"JH378112","28773115","28773342","chr4","51868317","51868531","22","23095202"
"JH378112","28888995","28889287","chr4","51993511","51993802","16","23104516"
"JH378112","28988241","28988537","chr5","4379233","4379531","40","24609008"
"JH378112","28996059","28996335","chr17","69917824","69918107","58","40921765"
"JH378112","29007656","29007955","chr4","52119847","52120176","48","23112191"
"JH378112","29022949","29023074","chr1","84056456","84056590","29","55033507"
"JH378112","29061461","29061589","chr4","52174006","52174135","4","23112545"
"JH378112","29116317","29116483","chr5","20374716","20374876","33","8741601"
"JH378112","29116513","29116618","chr11","5500001","5500106","13","23616512"
"JH378112","29122860","29123070","chr5","73162169","73162376","36","44039309"
"JH378112","29154008","29154285","chrX","117669603","117669914","79","88515595"
"JH378112","29234571","29234733","chr3","111507810","111507974","25","82273239"
"JH378112","29595802","29595885","chr4","52731751","52731838","6","23135949"
"JH378112","29624303","29624612","chr4","52758836","52759137","35","23134533"
"JH378112","29643570","29643859","chr8","21734700","21734989","53","7908870"
"JH378112","29877399","29877680","chr4","53013146","53013432","25","23135747"
"JH378112","29902561","29902614","chr6","14458591","14458651","19","15443970"
"JH378112","29972443","29972722","chr16","25703885","25704165","40","4268558"
"JH378112","29985083","29985369","chr4","53123397","53123674","30","23138314"
"JH378112","30107119","30107230","chr12","31097873","31097981","14","990754"
"JH378112","30107255","30107443","chr5","126809988","126810174","29","96702733"
"JH378112","30175182","30175487","chr4","53324538","53324834","38","23149356"
"JH378112","30233509","30233821","chr4","53401831","53402131","39","23168322"
"JH378112","30314226","30314505","chr4","53487519","53487816","46","23173293"
"JH378112","30421696","30421866","chr14","97165393","97165567","27","66743697"
"JH378112","30421890","30422026","chr7","97573579","97573710","18","67151689"
"JH378112","30425198","30425232","chr15","53285663","53285696","5","22860465"
"JH378112","30425257","30425415","chr4","53604002","53604160","16","23178745"
"JH378112","30427056","30427359","chr4","43936939","43937238","42","13509883"
"JH378112","30435158","30435441","chr4","53615080","53615377","35","23179922"
"JH378112","30447681","30447939","chr4","53628034","53628289","21","23180353"
"JH378112","30460998","30461291","chr4","53641329","53641598","39","23180331"
"JH378112","30477426","30477558","chr1","100471253","100471383","8","69993827"
"JH378112","30542080","30542338","chr4","53728590","53728856","37","23186510"
"JH378112","30571138","30571444","chr4","53768649","53768938","37","23197511"
"JH378112","30577833","30578148","chr20","36366954","36367261","54","5789121"
"JH378112","30636578","30636914","chr6","154255262","154255599","50","123618684"
"JH378112","30659771","30660033","chr3","40969401","40969675","62","10309630"
"JH378112","30667522","30667822","chr4","53871790","53872088","32","23204268"
"JH378112","30691703","30691990","chr4","53899546","53899834","17","23207843"
"JH378112","30699057","30699350","chr4","53907572","53907865","19","23208515"
"JH378112","30735026","30735306","chr5","72139665","72139949","40","41404639"
"JH378112","30761734","30762017","chr5","142544093","142544375","39","111782359"
"JH378112","30785487","30785737","chr4","33751090","33751340","20","2965603"
"JH378112","30792893","30793038","chr4","33758484","33758629","5","2965591"
"JH378112","30793039","30793309","chr4","33758630","33758908","16","2965591"
"JH378112","30793310","30793469","chr4","33758909","33759074","16","2965599"
"JH378112","30809035","30809334","chr5","140131135","140131433","36","109322100"
"JH378112","30817572","30817869","chr4","33786568","33786845","44","2968996"
"JH378112","30862177","30862481","chr4","33830583","33830889","29","2968406"
"JH378112","30882113","30882433","chr4","33852944","33853252","41","2970831"
"JH378112","30906026","30906364","chr6","68265470","68265798","72","37359444"
"JH378112","30915847","30916189","chr7","6577072","6577412","28","24338775"
"JH378112","30965131","30965209","chr9","101469472","101469552","12","70504341"
"JH378112","30998394","30998686","chr4","33954904","33955199","23","2956510"
"JH378112","31002779","31002859","chr3","76992780","76992860","10","45990001"
"JH378112","31014074","31014263","chr22","10515032","10515211","44","20499042"
"JH378112","31027231","31027528","chr4","33984167","33984469","23","2956936"
"JH378112","31064178","31064286","chr1","135560154","135560264","9","104495976"
"JH378112","31067146","31067431","chr12","80151638","80151927","44","49084492"
"JH378112","31073627","31073931","chr4","34037917","34038222","19","2964290"
"JH378112","31077414","31077543","chr4","34041504","34041633","15","2964090"
"JH378112","31077851","31078030","chr4","34041945","34042117","15","2964094"
"JH378112","31082521","31082827","chr4","34046250","34046544","36","2963729"
"JH378112","31097030","31097248","chr4","34061594","34061807","13","2964564"
"JH378112","31101536","31101623","chr9","33614984","33615072","20","2513448"
"JH378112","31102822","31103014","chr13","40555838","40556022","39","9453016"
"JH378112","31116496","31116610","chr4","34079290","34079414","15","2962794"
"JH378112","31126690","31126987","chr4","34089995","34090290","23","2963305"
"JH378112","31142852","31143140","chr4","34108196","34108481","23","2965344"
"JH378112","31145291","31145418","chr6","59467480","59467607","8","28322189"
"JH378112","31148592","31148882","chr4","34115440","34115729","17","2966848"
"JH378112","31151853","31152157","chr22","6475349","6475647","40","24676504"
"JH378112","31152810","31152916","chr15","72229979","72230088","14","41077169"
"JH378112","31153236","31153417","chr10","90155634","90155816","39","59002398"
"JH378112","31153699","31153992","chr4","34120049","34120353","48","2966350"
"JH378112","31168169","31168325","chr20","10679340","10679493","23","20488829"
"JH378112","31169031","31169328","chr4","34138629","34138922","35","2969598"
"JH378112","31169330","31169532","chr4","34139398","34139606","21","2970068"
"JH378112","31173568","31173852","chr4","34142908","34143193","31","2969340"
"JH378112","31182508","31182643","chr5","150164917","150165048","14","118982409"
"JH378112","31183747","31184034","chr4","34150841","34151130","17","2967094"
"JH378112","31184996","31185276","chr4","34152073","34152328","45","2967077"
"JH378112","31204734","31205037","chr4","34174675","34174978","29","2969941"
"JH378112","31209909","31210189","chr4","34179799","34180075","35","2969890"
"JH378112","31215128","31215292","chr4","34186646","34186805","14","2971518"
"JH378112","31215293","31215608","chr7","75171671","75171977","57","43956378"
"JH378112","31215609","31215743","chr4","34187117","34187255","10","2971508"
"JH378112","31215769","31215890","chr2","1841106","1841229","9","29374663"
"JH378112","31219627","31219949","chr4","34191483","34191788","30","2971856"
"JH378112","31236158","31236455","chr4","34208110","34208408","19","2971952"
"JH378112","31239771","31239904","chr11","97565627","97565759","19","66325856"
"JH378112","31273428","31273721","chr4","34245679","34245973","20","2972251"
"JH378112","31294518","31294725","chr13","110246809","110247005","37","78952291"
"JH378112","31295172","31295287","chr22","11733387","11733503","16","19561785"
"JH378112","31301079","31301194","chr4","91058265","91058380","11","59757186"
"JH378112","31325840","31325952","chr2","20609524","20609634","13","10716316"
"JH378112","31328053","31328171","chr4","34311426","34311540","13","2983373"
"JH378112","31328464","31328653","chr4","34311827","34312021","17","2983363"
"JH378112","31335811","31335921","chr4","32623679","32623790","14","1287868"
"JH378112","31341962","31342272","chr4","34324338","34324646","20","2982376"
"JH378112","31345107","31345263","chr1","191668868","191669025","21","160323761"
"JH378112","31356749","31357041","chr5","6908797","6909090","36","24447952"
"JH378112","31371733","31371916","chr1","60325288","60325473","31","28953555"
"JH378112","31371918","31371999","chr7","63069202","63069281","14","31697284"
"JH378112","31379622","31379792","chrX","22836768","22836937","30","8542854"
"JH378112","31380102","31380223","chr4","107143253","107143366","22","75763151"
"JH378112","31384506","31384774","chr19","18362531","18362799","38","13021975"
"JH378112","31389609","31389742","chr4","34384476","34384619","15","2994867"
"JH378112","31390053","31390220","chr4","34384920","34385078","17","2994867"
"JH378112","31392554","31392861","chr4","34387052","34387353","28","2994498"
"JH378112","31421694","31421858","chr4","34422072","34422242","20","3000378"
"JH378112","31422143","31422276","chrX","475150","475283","19","30946993"
"JH378112","31426271","31426408","chr4","18350866","18351010","16","13075405"
"JH378112","31426698","31426858","chr4","11744259","11744409","23","19682439"
"JH378112","31433433","31433564","chr11","16464320","16464452","15","14969113"
"JH378112","31441647","31441950","chr5","109571939","109572240","48","78130292"
"JH378112","31444988","31445249","chrX","116216339","116216606","30","84771351"
"JH378112","31467375","31467504","chr18","13858274","13858404","17","17609101"
"JH378112","31467529","31467699","chr2","39376203","39376372","27","7908674"
"JH378112","31468878","31469187","chr4","34458386","34458691","15","2989508"
"JH378112","31478694","31478853","chr4","34467949","34468115","13","2989255"
"JH378112","31479150","31479289","chr4","34468414","34468551","7","2989264"
"JH378112","31493521","31493796","chr7","60529936","60530208","43","29036415"
"JH378112","31501595","31501740","chr6","16648953","16649094","27","14852642"
"JH378112","31502038","31502074","chr5","1398574","1398608","8","30103464"
"JH378112","31506418","31506552","chr6","268814","268949","10","31237604"
"JH378112","31588983","31589252","chr9","38010576","38010848","53","6421593"
"JH378112","31589287","31589345","chr15","58819959","58820013","13","27230672"
"JH378112","31651207","31651507","chr7","86461288","86461586","41","54810081"
"JH378112","31687853","31688151","chr4","34680217","34680513","26","2992364"
"JH378112","31716721","31717004","chr4","34710141","34710432","30","2993420"
"JH378112","31915218","31915522","chr5","75322485","75322782","42","43407267"
"JH378112","31962118","31962389","chr6","16911068","16911331","45","15051050"
"JH378112","31990474","31990607","chr5","31251771","31251905","14","738703"
"JH378112","31990918","31991065","chr4","35048449","35048609","20","3057531"
"JH378112","31996280","31996449","chr4","35054220","35054392","16","3057940"
"JH378112","32000682","32000789","chr3","148990844","148990954","18","116990162"
"JH378112","32001287","32001419","chr9","89091272","89091404","11","57089985"
"JH378112","32003383","32003563","chr4","35061635","35061801","21","3058252"
"JH378112","32003564","32003873","chr4","35061802","35062112","16","3058238"
"JH378112","32003874","32004008","chr4","35062113","35062247","8","3058239"
"JH378112","32004554","32004837","chr4","35062772","35063081","45","3058218"
"JH378112","32005594","32005887","chr4","35064161","35064457","29","3058567"
"JH378112","32015811","32016121","chr21","36475803","36476109","58","4459992"
"JH378112","32021258","32021547","chr4","35074495","35074797","34","3053237"
"JH378112","32038593","32038725","chr1","206288179","206288308","13","174249586"
"JH378112","32044039","32044188","chr4","35094874","35095026","15","3050835"
"JH378112","32047173","32047246","chr5","41435478","41435550","13","9388305"
"JH378112","32047567","32047801","chr9","41568233","41568457","45","9520666"
"JH378112","32054438","32054528","chr4","35102776","35102865","6","3048338"
"JH378112","32060716","32060956","chr1","165157534","165157761","52","133096818"
"JH378112","32062469","32062629","chr8","46939935","46940095","30","14877466"
"JH378112","32062667","32062793","chr13","46874949","46875075","17","14812282"
"JH378112","32083517","32083698","chr4","122683354","122683537","34","90599837"
"JH378112","32091902","32092014","chr17","26544598","26544710","15","5547304"
"JH378112","32092361","32092555","chrX","38515909","38516109","29","6423548"
"JH378112","32123869","32124172","chr1","90413024","90413323","47","58289155"
"JH378112","32126668","32126928","chr4","35178577","35178866","43","3051909"
"JH378112","32155600","32155733","chr14","16525049","16525177","18","15630551"
"JH378112","32168269","32168555","chr4","35224465","35224758","34","3056196"
"JH378112","32183073","32183155","chr4","116950662","116950744","12","84767589"
"JH378112","32183658","32183771","chr7","128089798","128089906","16","95906140"
"JH378112","32192540","32192647","chr4","35246639","35246749","12","3054099"
"JH378112","32195030","32195324","chr19","28077409","28077707","49","4117621"
"JH378112","32201264","32201565","chr4","35254386","35254687","23","3053122"
"JH378112","32205145","32205448","chr4","35258470","35258774","23","3053325"
"JH378112","32207990","32208268","chr4","38257889","38258166","66","6049899"
"JH378112","32223321","32223623","chr4","35278811","35279109","21","3055490"
"JH378112","32228651","32228933","chr7","18796178","18796467","69","13432473"
"JH378112","32229871","32230228","chr1","201541822","201542160","86","169311951"
"JH378112","32230485","32230777","chr5","134398370","134398666","49","102167885"
"JH378112","32231568","32231696","chr18","3833158","3833286","2","28398410"
"JH378112","32253924","32254128","chrX","106472296","106472502","37","74218372"
"JH378112","32254156","32254213","chr3","151094911","151094966","19","118840755"
"JH378112","32261526","32261834","chr4","35319485","35319787","38","3057959"
"JH378112","32263170","32263474","chr4","35320899","35321194","26","3057729"
"JH378112","32263869","32264175","chr22","6475349","6475647","53","25788520"
"JH378112","32266226","32266338","chr11","104342608","104342721","7","72076382"
"JH378112","32266687","32266804","chr6","42309074","42309191","20","10042387"
"JH378112","32273026","32273152","chr10","16815821","16815947","11","15457205"
"JH378112","32277349","32277680","chr4","35331627","35331920","54","3054278"
"JH378112","32278381","32278674","chr4","35332596","35332888","27","3054215"
"JH378112","32286420","32286569","chr4","35342630","35342785","16","3056210"
"JH378112","32287100","32287401","chr4","35343311","35343614","33","3056211"
"JH378112","32312594","32312877","chrX","64480750","64481035","44","32168156"
"JH378112","32328422","32328716","chr4","35381992","35382280","28","3053570"
"JH378112","32334217","32334350","chr12","28164233","28164369","13","4169984"
"JH378112","32348347","32348473","chr4","35046881","35047010","15","2698534"
"JH378112","32371732","32372080","chr5","110773052","110773399","55","78401320"
"JH378112","32384414","32384695","chr4","35435488","35435737","48","3051074"
"JH378112","32408042","32408336","chr4","35457960","35458252","28","3049918"
"JH378112","32424897","32425023","chrUn_GL286400","1052031","1052143","26","31372866"
"JH378112","32435207","32435479","chr4","35485049","35485321","17","3049842"
"JH378112","32454356","32454647","chr15","32432939","32433228","39","21417"
"JH378112","32468262","32468541","chr4","35516510","35516802","28","3048248"
"JH378112","32487780","32488071","chr4","35535239","35535536","27","3047459"
"JH378112","32512233","32512527","chr4","35567014","35567308","20","3054781"
"JH378112","32514745","32514832","chr16","96783687","96783773","15","64268942"
"JH378112","32514833","32514942","chr7","58008327","58008436","10","25493494"
"JH378112","32514968","32515213","chr7","97051554","97051786","45","64536586"
"JH378112","32516672","32516979","chr4","35564081","35564379","29","3047409"
"JH378112","32517542","32517726","chr4","35564936","35565123","12","3047394"
"JH378112","32519558","32519852","chr4","35567014","35567308","20","3047456"
"JH378112","32535404","32535695","chr4","35582365","35582658","35","3046961"
"JH378112","32547611","32547910","chr4","35594190","35594489","19","3046579"
"JH378112","32548252","32548557","chr4","35594830","35595117","40","3046578"
"JH378112","32549787","32549989","chr4","35596323","35596530","18","3046536"
"JH378112","32555484","32555787","chr4","35603744","35604044","22","3048260"
"JH378112","32558351","32558486","chr4","35605348","35605488","9","3046997"
"JH378112","32558787","32558868","chr4","35605784","35605852","16","3046997"
"JH378112","32560036","32560337","chr4","35608342","35608631","29","3048306"
"JH378112","32563017","32563325","chr4","35611504","35611805","27","3048487"
"JH378112","32565214","32565276","chr4","35613648","35613721","14","3048434"
"JH378112","32573776","32574079","chr4","35626936","35627226","36","3053160"
"JH378112","32575647","32575945","chr1","180167773","180168077","47","147592126"
"JH378112","32592446","32592753","chr4","35643273","35643579","30","3050827"
"JH378112","32603066","32603367","chr4","35656458","35656748","34","3053392"
"JH378112","32603795","32603892","chr2","11765453","11765550","13","20838342"
"JH378112","32612053","32612188","chr4","35665816","35665952","7","3053763"
"JH378112","32612489","32612665","chr4","35666257","35666427","23","3053768"
"JH378112","32613592","32613729","chr5","19507612","19507747","18","13105980"
"JH378112","32614027","32614145","chr12","5051613","5051736","19","27562414"
"JH378112","32621087","32621305","chr4","35674485","35674698","19","3053398"
"JH378112","32639578","32639875","chr4","35692146","35692441","23","3052568"
"JH378112","32642002","32642292","chr4","35694749","35695037","18","3052747"
"JH378112","32644591","32644867","chr15","16565587","16565850","45","16079004"
"JH378112","32648638","32648928","chr4","35700454","35700741","26","3051816"
"JH378112","32658673","32658938","chr4","35710296","35710578","29","3051623"
"JH378112","32662161","32662347","chr4","35713636","35713802","25","3051475"
"JH378112","32662648","32662721","chr12","50586884","50586957","14","17924236"
"JH378112","32703634","32703846","chr5","112551489","112551702","32","79847855"
"JH378112","32718175","32718186","chr1","164890697","164890707","1","132172522"
"JH378112","32718262","32718415","chrX","46506777","46506933","30","13788515"
"JH378112","32721450","32721577","chr1","194772737","194772864","7","162051287"
"JH378112","32728103","32728410","chr1","148183517","148183816","52","115455414"
"JH378112","32735997","32736150","chr2","3476485","3476644","32","29259512"
"JH378112","32741514","32741732","chr5","124404992","124405198","37","91663478"
"JH378112","32759256","32759555","chr4","35794363","35794666","23","3035107"
"JH378112","32788656","32788965","chr4","35825316","35825626","17","3036660"
"JH378112","32797483","32797654","chr4","3836765","3836932","25","28960718"
"JH378112","32797906","32798041","chr4","35835341","35835475","11","3037435"
"JH378112","32806278","32806588","chr4","35843050","35843357","27","3036772"
"JH378112","32809085","32809376","chr4","35845852","35846139","20","3036767"
"JH378112","32821296","32821442","chr4","35857546","35857693","20","3036250"
"JH378112","32822627","32822931","chr4","35858888","35859190","22","3036261"
"JH378112","32830021","32830149","chr2","46993037","46993159","16","14163016"
"JH378112","32830230","32830384","chr1","200932294","200932448","19","168102064"
"JH378112","32859620","32859906","chr12","18218659","18218949","42","14640961"
"JH378112","32867779","32867933","chr1","203116394","203116541","20","170248615"
"JH378112","32908171","32908479","chr4","35943084","35943390","26","3034913"
"JH378112","32968223","32968520","chr15","56869263","56869556","45","23901040"
"JH378112","32991025","32991327","chr4","36048405","36048707","20","3057380"
"JH378112","32991472","32991542","chr2","39437088","39437143","26","6445616"
"JH378112","32991829","32991971","chr13","28434487","28434619","25","4557342"
"JH378112","32997398","32997642","chr4","43317572","43317832","61","10320174"
"JH378112","33036922","33037057","chr1","41431189","41431323","15","8394267"
"JH378112","33037369","33037511","chr19","16484646","16484783","23","16552723"
"JH378112","33059441","33059617","chr8","87683844","87684016","26","54624403"
"JH378112","33059653","33059778","chr4","137685098","137685222","13","104625445"
"JH378112","33117090","33117393","chr4","36175930","36176236","38","3058840"
"JH378112","33143853","33144163","chr4","36202774","36203078","30","3058921"
"JH378112","33163919","33164208","chr4","36219856","36220150","40","3055937"
"JH378112","33168103","33168406","chr4","36224862","36225171","23","3056759"
"JH378112","33190255","33190436","chr4","36267467","36267638","25","3077212"
"JH378112","33190788","33190833","chr12","90075242","90075290","9","56884454"
"JH378112","33192381","33192664","chr1","109393925","109394208","46","76201544"
"JH378112","33202925","33203217","chr20","42041976","42042274","48","8839051"
"JH378112","33204521","33204830","chr4","34300482","34300785","25","1095961"
"JH378112","33245799","33246097","chr4","36308900","36309201","30","3063101"
"JH378112","33260658","33260832","chr14","21595014","21595181","32","11665644"
"JH378112","33261140","33261269","chr1","118755026","118755151","18","85493886"
"JH378112","33270213","33270522","chr5","79478782","79479093","49","46208569"
"JH378112","33276182","33276473","chr4","36343264","36343553","18","3067082"
"JH378112","33288281","33288591","chr4","36355026","36355320","42","3066745"
"JH378112","33304469","33304762","chr4","36367703","36367996","18","3063234"
"JH378112","33309893","33310103","chr6","83472421","83472626","27","50162528"
"JH378112","33326863","33327147","chr12","66027680","66027964","44","32700817"
"JH378112","33328765","33329052","chr4","36392094","36392366","33","3063329"
"JH378112","33333666","33333792","chr6","16648953","16649094","34","16684713"
"JH378112","33343756","33344045","chr6","41147586","41147881","40","7803830"
"JH378112","33349666","33349786","chr4","36415513","36415634","5","3065847"
"JH378112","33350083","33350246","chr4","36415884","36416034","23","3065801"
"JH378112","33365164","33365481","chr4","17974155","17974461","46","15391009"
"JH378112","33381512","33381778","chr3","19522437","19522700","40","13859075"
"JH378112","33391255","33391556","chr4","36465158","36465454","36","3073903"
"JH378112","33395437","33395471","chr4","36469142","36469177","2","3073705"
"JH378112","33395492","33395626","chr3","81155412","81155549","29","47759920"
"JH378112","33396403","33396692","chr6","70548578","70548865","44","37152175"
"JH378112","33396792","33397075","chr5","72139665","72139949","36","38742873"
"JH378112","33397133","33397422","chr4","36471304","36471593","14","3074171"
"JH378112","33404660","33404781","chr5","99528180","99528299","16","66123520"
"JH378112","33404821","33404988","chr4","144577870","144578038","23","111173049"
"JH378112","33407105","33407411","chr2","6341335","6341640","50","27065770"
"JH378112","33412090","33412385","chr4","36485432","36485746","39","3073342"
"JH378112","33425198","33425479","chr4","36492930","36493210","17","3067732"
"JH378112","33445119","33445377","chr4","36513889","36514142","15","3068770"
"JH378112","33463196","33463468","chr4","36532139","36532398","27","3068943"
"JH378112","33473252","33473540","chr4","36541888","36542181","28","3068636"
"JH378112","33485647","33485906","chr4","36554027","36554293","25","3068380"
"JH378112","33490016","33490320","chr4","36557849","36558153","27","3067833"
"JH378112","33531150","33531274","chr9","46072269","46072392","8","12541119"
"JH378112","33533019","33533331","chr4","36603883","36604184","22","3070864"
"JH378112","33536765","33537058","chr4","36608674","36608945","40","3071909"
"JH378112","33537799","33538085","chr4","36609688","36609976","14","3071889"
"JH378112","33539718","33539997","chr4","36612240","36612511","33","3072522"
"JH378112","33579485","33579765","chrX","92964013","92964293","38","59384528"
"JH378112","33579797","33579807","chr7","14995661","14995671","1","18584136"
"JH378112","33580878","33581183","chr4","36653766","36654060","26","3072888"
"JH378112","33582138","33582422","chr4","36655011","36655294","30","3072873"
"JH378112","33590102","33590375","chr4","36661020","36661293","13","3070918"
"JH378112","33612273","33612584","chr4","36680458","36680749","47","3068185"
"JH378112","33617741","33618023","chr10","109471434","109471712","64","75853693"
"JH378112","33629274","33629580","chr10","6430662","6430964","49","27198612"
"JH378112","33635244","33635384","chr9","15422284","15422427","15","18212960"
"JH378112","33635538","33635675","chr2","83752502","83752642","19","50116964"
"JH378112","33656831","33657125","chr4","36737764","36738075","38","3080933"
"JH378112","33660188","33660306","chr3","190152975","190153101","24","156492787"
"JH378112","33668007","33668311","chr4","36747224","36747519","38","3079217"
"JH378112","33678844","33678976","chrX","3127715","3127848","10","30551129"
"JH378112","33690409","33690673","chr9","25183143","25183407","42","8507266"
"JH378112","33693883","33694011","chr1","186139419","186139547","10","152445536"
"JH378112","33694799","33694921","chr11","118333550","118333672","11","84638751"
"JH378112","33695032","33695321","chr2","151947486","151947776","40","118252454"
"JH378112","33705535","33705657","chr12","4571827","4571949","18","29133708"
"JH378112","33705693","33705871","chr8","105598687","105598864","30","71892994"
"JH378112","33711007","33711134","chrX","51937029","51937160","13","18226022"
"JH378112","33717183","33717475","chr4","36806343","36806643","44","3089160"
"JH378112","33737553","33737846","chr4","36825197","36825489","19","3087644"
"JH378112","33739018","33739306","chr4","36826667","36826958","21","3087649"
"JH378112","33755617","33755728","chr4","111347498","111347614","19","77591881"
"JH378112","33762678","33762892","chr4","36848936","36849153","17","3086258"
"JH378112","33763047","33763306","chr17","42858575","42858828","43","9095528"
"JH378112","33767743","33768050","chr4","36853871","36854165","33","3086128"
"JH378112","33772541","33772809","chr4","44396144","44396418","58","10623603"
"JH378112","33775865","33775997","chr7","80640595","80640727","22","46864730"
"JH378112","33778059","33778192","chrX","92000597","92000732","9","58222538"
"JH378112","33779118","33779229","chr4","36863932","36864043","7","3084814"
"JH378112","33781754","33781883","chr5","64699905","64700035","17","30918151"
"JH378112","33783738","33784032","chr4","36867861","36868152","32","3084123"
"JH378112","33784449","33784630","chr9","99519774","99519960","36","65735325"
"JH378112","33809143","33809314","chr10","13255065","13255238","30","20554078"
"JH378112","33809623","33809752","chr1","206288179","206288308","13","172478556"
"JH378112","33821285","33821419","chr4","36901096","36901235","14","3079811"
"JH378112","33828085","33828361","chr4","88719082","88719363","44","54890997"
"JH378112","33830335","33830429","chr4","132643779","132643872","13","98813444"
"JH378112","33831657","33831843","chr8","32570196","32570391","33","1261461"
"JH378112","33831993","33832117","chr4","36910422","36910552","12","3078429"
"JH378112","33861858","33861975","chr4","138422086","138422206","14","104560228"
"JH378112","33863058","33863351","chr4","36939088","36939381","23","3076030"
"JH378112","33863470","33863627","chr4","36939430","36939577","24","3075960"
"JH378112","33863934","33864070","chr4","36939888","36940024","10","3075954"
"JH378112","33879514","33879771","chr1","134673843","134674101","46","100794329"
"JH378112","33881880","33882084","chrUn_GL286397","301138","301342","35","33580742"
"JH378112","33888872","33889115","chr1","144224512","144224753","31","110335640"
"JH378112","33904661","33904939","chr4","36984727","36985022","30","3080066"
"JH378112","33905143","33905443","chr4","20948796","20949085","30","12956347"
"JH378112","33906073","33906178","chr9","100516868","100516974","7","66610795"
"JH378112","33908024","33908120","chr11","16210561","16210662","11","17697463"
"JH378112","33913332","33913620","chr8","117576663","117576943","34","83663331"
"JH378112","33915610","33915917","chr4","36994728","36995015","42","3079118"
"JH378112","33924041","33924343","chr4","37002854","37003146","20","3078813"
"JH378112","33928303","33928609","chr8","105681986","105682285","70","71753683"
"JH378112","33951626","33951748","chr5","106786784","106786907","9","72835158"
"JH378112","33957657","33957924","chr19","18362531","18362799","54","15595126"
"JH378112","33968703","33968998","chr4","37029591","37029902","43","3060888"
"JH378112","33983575","33983866","chr4","37044224","37044495","41","3060649"
"JH378112","33984941","33985212","chr11","15692086","15692354","44","18292855"
"JH378112","33992967","33993180","chr12","12293733","12293938","34","21699234"
"JH378112","33993463","33993601","chr2","13276572","13276711","13","20716891"
"JH378112","34003923","34004058","chr1","175810177","175810293","25","141806254"
"JH378112","34019705","34019818","chr4","13556869","13556992","16","20462836"
"JH378112","34025067","34025349","chr5","9925475","9925767","40","24099592"
"JH378112","34029852","34030159","chr4","37096506","37096800","37","3066654"
"JH378112","34035860","34036118","chr4","37102141","37102389","35","3066281"
"JH378112","34038661","34038952","chr4","37104925","37105210","26","3066264"
"JH378112","34052617","34052898","chr4","37118210","37118493","25","3065593"
"JH378112","34069485","34069804","chr4","37132838","37133178","50","3063353"
"JH378112","34077057","34077368","chr4","37138673","37138973","32","3061616"
"JH378112","34123575","34123875","chr4","37187226","37187529","30","3063651"
"JH378112","34140570","34140855","chr9","100020119","100020403","41","65879549"
"JH378112","34144714","34144827","chr7","128089798","128089906","15","93945084"
"JH378112","34146091","34146220","chr5","84622554","84622684","8","50476463"
"JH378112","34169442","34169753","chr4","37232155","37232462","18","3062713"
"JH378112","34215686","34215790","chr11","65030736","65030839","9","30815050"
"JH378112","34217286","34217411","chr9","7149857","7149980","12","27067429"
"JH378112","34232083","34232357","chr4","37296107","37296396","36","3064024"
"JH378112","34239977","34240219","chr12","73956924","73957164","39","39716947"
"JH378112","34256712","34256803","chr22","4668809","4668901","11","29587903"
"JH378112","34257040","34257168","chr2","61977514","61977640","26","27720474"
"JH378112","34264602","34264683","chr2","47532621","47532702","6","13268019"
"JH378112","34322505","34322628","chr12","56467395","56467519","13","22144890"
"JH378112","34370996","34371111","chr1","144520259","144520372","10","110149263"
"JH378112","34371689","34371740","chr9","37950896","37950947","6","3579207"
"JH378112","34373263","34373398","chr6","112833306","112833442","14","78460043"
"JH378112","34373703","34373863","chr12","4722222","4722385","24","29651481"
"JH378112","34424003","34424296","chr4","37491545","37491842","31","3067542"
"JH378112","34463337","34463504","chr4","3836765","3836932","26","30626572"
"JH378112","34465648","34465718","chr2","55946813","55946883","10","21481165"
"JH378112","34467628","34467648","chr1","128890384","128890403","3","94422756"
"JH378112","34467687","34467835","chr1","179746572","179746719","34","145278885"
"JH378112","34468447","34468733","chr4","37539826","37540103","25","3071379"
"JH378112","34477285","34477415","chr1","197860432","197860563","8","163383147"
"JH378112","34488212","34488374","chr4","37561345","37561504","16","3073133"
"JH378112","34488678","34488808","chr4","37561807","37561939","8","3073129"
"JH378112","34491829","34491966","chr4","37565721","37565858","6","3073892"
"JH378112","34492287","34492427","chr19","16484646","16484783","26","18007641"
"JH378112","34495355","34495648","chr4","37569493","37569765","44","3074138"
"JH378112","34506916","34507081","chr4","37580439","37580604","12","3073523"
"JH378112","34508920","34509218","chr5","83191716","83192011","54","48682796"
"JH378112","34518228","34518252","chr5","65401309","65401334","4","30883081"
"JH378112","34518561","34518676","chr22","44766618","44766733","12","10248057"
"JH378112","34531327","34531449","chr4","37606479","37606601","2","3075152"
"JH378112","34531739","34531902","chr4","37606897","37607061","12","3075158"
"JH378112","34538620","34538854","chr6","106907752","106907985","36","72369132"
"JH378112","34543185","34543433","chr3","188048359","188048584","50","153505174"
"JH378112","34560189","34560368","chr4","37640225","37640405","14","3080036"
"JH378112","34562375","34562668","chr9","111354658","111354956","44","76792283"
"JH378112","34563266","34563578","chr4","37642427","37642724","41","3079161"
"JH378112","34575512","34575796","chr8","105221050","105221344","63","70645538"
"JH378112","34607012","34607333","chr21","46384948","46385262","45","11777936"
"JH378112","34613371","34613531","chr11","5387195","5387337","35","29226176"
"JH378112","34613621","34613912","chr4","37694647","37694936","19","3081026"
"JH378112","34614484","34614575","chr4","37695507","37695598","9","3081023"
"JH378112","34622112","34622404","chr4","37703836","37704121","27","3081724"
"JH378112","34629971","34630278","chr4","37711036","37711339","34","3081065"
"JH378112","34642660","34642818","chr4","37724300","37724449","18","3081640"
"JH378112","34658257","34658558","chr4","37739940","37740243","22","3081683"
"JH378112","34667461","34667757","chr4","37747337","37747632","20","3079876"
"JH378112","34670773","34671072","chr4","37750628","37750917","35","3079855"
"JH378112","34692040","34692351","chr4","37770328","37770637","17","3078288"
"JH378112","34705968","34706247","chr4","37785761","37786047","27","3079793"
"JH378112","34707123","34707393","chr10","112745664","112745942","47","78038541"
"JH378112","34722479","34722793","chr4","37803163","37803448","43","3080684"
"JH378112","34727684","34727893","chr4","37807855","37808063","9","3080171"
"JH378112","34735991","34736128","chr17","58172198","58172336","22","23436207"
"JH378112","34747266","34747568","chr4","37827567","37827857","25","3080301"
"JH378112","34756749","34757065","chr4","37837604","37837894","41","3080855"
"JH378112","34757576","34757883","chr12","90640982","90641292","41","55883406"
"JH378112","34760247","34760484","chr7","70591735","70591975","44","35831488"
"JH378112","34784535","34784837","chr4","37864483","37864784","19","3079948"
"JH378112","34803034","34803342","chr4","37882047","37882352","23","3079013"
"JH378112","34812956","34813214","chr8","97907721","97907985","26","63094765"
"JH378112","34815679","34815773","chr13","9946489","9946582","16","24869190"
"JH378112","34855360","34855661","chr6","47210378","47210673","40","12355018"
"JH378112","34865412","34865692","chr2","153350531","153350819","52","118485119"
"JH378112","34915899","34916103","chr7","18266854","18267051","38","16649045"
"JH378112","34922119","34922366","chr19","36245022","36245278","40","1322903"
"JH378112","34950565","34950666","chr5","108490388","108490484","20","73539823"
"JH378112","34972049","34972351","chr6","26147330","26147633","45","8824719"
"JH378112","34989995","34990302","chr10","99028785","99029088","44","64038790"
"JH378112","34992676","34992973","chr4","38002541","38002844","19","3009865"
"JH378112","35001036","35001167","chr1","116982946","116983076","5","81981910"
"JH378112","35003084","35003197","chr1","194823333","194823448","14","159820249"
"JH378112","35005300","35005441","chr4","38014425","38014566","14","3009125"
"JH378112","35005597","35005721","chr7","129076786","129076911","8","94071189"
"JH378112","35008480","35008755","chr1","192891613","192891891","44","157883133"
"JH378112","35012423","35012551","chr18","4449042","4449171","14","30563381"
"JH378112","35016028","35016197","chr4","38023225","38023385","29","3007197"
"JH378112","35019259","35019537","chr4","38025568","38025848","22","3006309"
"JH378112","35028097","35028405","chr4","38035354","38035654","30","3007257"
"JH378112","35034542","35034822","chr5","821553","821840","46","34212989"
"JH378112","35042724","35042840","chr11","64887460","64887576","6","29844736"
"JH378112","35042932","35043238","chr9","101473583","101473883","41","66430651"
"JH378112","35043538","35043763","chr9","125717","125937","37","34917821"
"JH378112","35045833","35046098","chr7","69404520","69404802","80","34358687"
"JH378112","35046343","35046646","chr15","870343","870647","54","34176000"
"JH378112","35051782","35051976","chr7","60909215","60909396","52","25857433"
"JH378112","35052313","35052487","chr1","81329763","81329934","28","46277450"
"JH378112","35053503","35053830","chr1","29509366","29509686","36","5544137"
"JH378112","35058797","35058921","chr5","8648310","8648434","4","26410487"
"JH378112","35060970","35061262","chr6","6233481","6233774","49","28827489"
"JH378112","35061346","35061453","chr9","2283047","2283154","16","32778299"
"JH378112","35061487","35061518","chr3","105733590","105733617","9","70672103"
"JH378112","35061807","35061851","chr11","6026746","6026788","11","29035061"
"JH378112","35080831","35081090","chr1","185117060","185117315","47","150036229"
"JH378112","35081279","35081415","chr4","38084113","38084251","17","3002834"
"JH378112","35081702","35081856","chr7","36336274","36336405","40","1254572"
"JH378112","35082638","35082713","chr12","13001773","13001845","19","22080865"
"JH378112","35085307","35085422","chr17","43952661","43952779","8","8867354"
"JH378112","35085699","35085821","chr1","61803651","61803774","12","26717952"
"JH378112","35102839","35102963","chr2","129952606","129952730","5","94849767"
"JH378112","35111028","35111170","chr4","40293971","40294105","20","5182943"
"JH378112","35113296","35113384","chr3","84679217","84679310","9","49565921"
"JH378112","35140010","35140292","chr7","155820694","155820974","16","120680684"
"JH378112","35152532","35152830","chr8","101673509","101673807","53","66520977"
"JH378112","35153694","35154014","chr4","38160203","38160509","32","3006509"
"JH378112","35160984","35161356","chr4","38165602","38165972","39","3004618"
"JH378112","35161360","35161442","chr4","38165976","38166058","2","3004616"
"JH378112","35162352","35162661","chr19","680943","681244","51","34481409"
"JH378112","35166300","35166582","chr10","57268784","57269073","42","22102484"
"JH378112","35182634","35182739","chr9","114209784","114209882","21","79027150"
"JH378112","35199606","35199772","chr4","38200798","38200976","24","3001192"
"JH378112","35200947","35201219","chr4","38202147","38202413","28","3001200"
"JH378112","35201981","35202262","chr6","134469164","134469442","54","99267183"
"JH378112","35203151","35203446","chr1","155601861","155602155","55","120398710"
"JH378112","35205654","35205947","chr7","54157888","54158182","35","18952234"
"JH378112","35219108","35219405","chr4","38213930","38214227","11","2994822"
"JH378112","35248647","35248947","chr20","21399322","21399629","40","13849325"
"JH378112","35250813","35251111","chr7","54537291","54537587","61","19286478"
"JH378112","35262597","35262908","chr4","38259337","38259647","26","2996740"
"JH378112","35282140","35282302","chr4","38278454","38278631","27","2996314"
"JH378112","35285664","35285975","chr11","1922961","1923253","62","33362703"
"JH378112","35310213","35310509","chr4","38307187","38307483","22","2996974"
"JH378112","35315983","35316289","chr5","65668605","65668912","41","30352622"
"JH378112","35323391","35323686","chr4","38323337","38323632","23","2999946"
"JH378112","35329580","35329872","chr4","38335189","38335475","24","3005609"
"JH378112","35343192","35343359","chr1","117197234","117197398","33","81854042"
"JH378112","35343671","35343809","chr7","63322240","63322375","19","27978569"
"JH378112","35363153","35363287","chr7","81189251","81189387","9","45826098"
"JH378112","35363596","35363768","chr12","87017646","87017821","32","51654050"
"JH378112","35363783","35364083","chr4","38368427","38368725","23","3004644"
"JH378112","35396413","35396545","chr4","38402541","38402673","9","3006128"
"JH378112","35399181","35399482","chr4","38404536","38404837","22","3005355"
"JH378112","35402790","35402920","chr11","123199478","123199610","15","87796688"
"JH378112","35405825","35406106","chr4","38411033","38411314","15","3005208"
"JH378112","35409615","35409935","chr18","33661931","33662249","35","1747684"
"JH378112","35411920","35412207","chr4","38417104","38417381","23","3005184"
"JH378112","35413026","35413296","chr5","52377225","52377500","62","16964199"
"JH378112","35414652","35414946","chr4","38418963","38419254","24","3004311"
"JH378112","35419446","35419755","chr4","38425344","38425633","47","3005898"
"JH378112","35420635","35420980","chr22","37797954","37798296","61","2377319"
"JH378112","35422279","35422443","chr14","41970680","41970841","26","6548401"
"JH378112","35424590","35424743","chr10","114972397","114972550","24","79547807"
"JH378112","35426137","35426301","chr4","38432019","38432179","18","3005882"
"JH378112","35426302","35426608","chr4","38432180","38432484","27","3005878"
"JH378112","35426609","35426742","chr4","38432485","38432618","12","3005876"
"JH378112","35428964","35429071","chr4","38434848","38434961","12","3005884"
"JH378112","35429284","35429567","chr4","38435148","38435447","32","3005864"
"JH378112","35431699","35431816","chr4","38437548","38437665","3","3005849"
"JH378112","35434436","35434742","chr4","38440212","38440520","27","3005776"
"JH378112","35437312","35437609","chr1","181929373","181929684","55","146492061"
"JH378112","35451847","35452157","chr8","71739809","71740110","49","36287962"
"JH378112","35454103","35454225","chr3","83193653","83193776","12","47739550"
"JH378112","35462527","35462820","chr4","38468586","38468869","39","3006059"
"JH378112","35517295","35517602","chr4","38521281","38521580","25","3003986"
"JH378112","35537084","35537371","chr11","98628878","98629161","42","63091794"
"JH378112","35538673","35538764","chr1","201440566","201440658","11","165901893"
"JH378112","35557764","35558036","chr4","38563736","38564020","28","3005972"
"JH378112","35565214","35565308","chr4","38571119","38571212","11","3005905"
"JH378112","35576085","35576393","chr3","116724375","116724684","51","81148290"
"JH378112","35580030","35580089","chr4","38586977","38587038","11","3006947"
"JH378112","35594425","35594728","chr4","38600280","38600582","22","3005855"
"JH378112","35625935","35626097","chr4","38632984","38633155","21","3007049"
"JH378112","35626657","35626799","chr4","38633715","38633856","6","3007058"
"JH378112","35662072","35662370","chr4","38660652","38660953","23","2998580"
"JH378112","35691661","35691915","chr4","38690428","38690682","17","2998767"
"JH378112","35776851","35777143","chr4","38777137","38777424","36","3000286"
"JH378112","35786949","35787247","chr4","38787253","38787552","21","3000304"
"JH378112","35798687","35798998","chr22","3232436","3232747","40","32566251"
"JH378112","35800911","35801020","chr4","23931894","23932004","9","11869017"
"JH378112","35842866","35843196","chr4","38820111","38820415","51","2977245"
"JH378112","35853509","35853805","chr4","38830896","38831197","28","2977387"
"JH378112","35861455","35861753","chrX","20480479","20480778","50","15380976"
"JH378112","35889428","35889649","chr20","22345384","22345610","47","13544044"
"JH378112","35893428","35893686","chr4","38872721","38872990","30","2979293"
"JH378112","35906277","35906576","chr4","38885854","38886157","29","2979577"
"JH378112","35920495","35920578","chr4","36556980","36557062","10","636485"
"JH378112","35926097","35926251","chr4","38909401","38909555","15","2983304"
"JH378112","35928151","35928460","chr4","38911470","38911781","23","2983319"
"JH378112","35943130","35943435","chr4","38927878","38928166","36","2984748"
"JH378112","36024497","36024782","chr4","108830567","108830852","42","72806070"
"JH378112","36050472","36050531","chr4","39039008","39039063","11","2988536"
"JH378112","36064626","36064691","chr4","39053797","39053862","2","2989171"
"JH378112","36079084","36079293","chr4","39068284","39068496","18","2989200"
"JH378112","36126824","36127052","chr4","39114763","39114990","16","2987939"
"JH378112","36130990","36131290","chr7","63449699","63450000","42","27318709"
"JH378112","36147638","36147927","chr4","39135353","39135615","44","2987715"
"JH378112","36305596","36305899","chr4","39293329","39293632","45","2987733"
"JH378112","36356153","36356437","chr4","39343239","39343495","50","2987086"
"JH378112","36372470","36372690","chr2","6813105","6813316","36","29559365"
"JH378112","36378358","36378648","chr4","39367328","39367619","21","2988970"
"JH378112","36421639","36421923","chr4","39420496","39420773","27","2998857"
"JH378112","36423321","36423454","chr4","39422624","39422757","7","2999303"
"JH378112","36423744","36423966","chr20","27861715","27861926","53","8562029"
"JH378112","36443311","36443622","chr4","39441084","39441376","40","2997773"
"JH378112","36472327","36472648","chr3","151290099","151290402","56","114817772"
"JH378112","36475819","36475953","chr4","39471685","39471820","12","2995866"
"JH378112","36515633","36515861","chr16","20447325","20447541","46","16068308"
"JH378112","36523413","36523723","chr4","39520138","39520440","25","2996725"
"JH378112","36538088","36538384","chr15","18331436","18331732","38","18206652"
"JH378112","36568228","36568541","chr19","729880","730176","41","35838348"
"JH378112","36570952","36571245","chr19","732595","732887","18","35838357"
"JH378112","36575322","36575621","chr19","736636","736939","16","35838686"
"JH378112","36629577","36629879","chr4","39584709","39585006","37","2955132"
"JH378112","36650845","36651136","chr4","39605943","39606202","46","2955098"
"JH378112","36710574","36710884","chr4","39654243","39654578","41","2943669"
"JH378112","36745543","36745840","chr4","39687374","39687671","39","2941831"
"JH378112","36762747","36763039","chr2","7734683","7734973","54","29028064"
"JH378112","36860221","36860305","chr13","95671311","95671395","12","58811090"
"JH378112","36891182","36891479","chr4","39852114","39852412","26","2960932"
"JH378112","36928819","36929116","chr4","39890168","39890475","23","2961349"
"JH378112","36962384","36962664","chr4","39923351","39923620","28","2960967"
"JH378112","36978447","36978763","chr7","76810386","76810691","64","39831939"
"JH378112","36984196","36984496","chr4","39945227","39945526","24","2961031"
"JH378112","37004029","37004169","chr8","32615639","32615778","21","4388390"
"JH378112","37005712","37006017","chr1","185705601","185705900","44","148699889"
"JH378112","37096215","37096513","chr7","48714022","48714319","50","11617807"
"JH378112","37141510","37141803","chr4","40141658","40141949","12","3000148"
"JH378112","37207564","37207875","chr3","2060027","2060338","46","35147537"
"JH378112","37208360","37208668","chr12","20539936","20540241","45","16668424"
"JH378112","37214191","37214299","chr1","79573674","79573782","8","42359483"
"JH378112","37220142","37220273","chr4","40223306","40223440","15","3003164"
"JH378112","37220885","37220998","chr10","27768843","27768956","10","9452042"
"JH378112","37221319","37221496","chr4","40224206","40224383","18","3002887"
"JH378112","37249181","37249478","chr2","152653765","152654061","46","115404584"
"JH378112","37252355","37252577","chr4","40255817","40256031","21","3003462"
"JH378112","37257914","37258044","chr5","8648310","8648434","7","28609604"
"JH378112","37265874","37266081","chr4","40270149","40270356","13","3004275"
"JH378112","37268165","37268473","chr4","40272903","40273211","20","3004738"
"JH378112","37288111","37288244","chr4","40293971","40294105","8","3005860"
"JH378112","37288538","37288698","chr4","155837034","155837196","23","118548496"
"JH378112","37292590","37292787","chr19","48408833","48409025","43","11116243"
"JH378112","37325086","37325293","chrX","129132988","129133187","28","91807902"
"JH378112","37366594","37366899","chr4","40378248","40378546","32","3011654"
"JH378112","37395128","37395438","chr4","40407472","40407782","29","3012344"
"JH378112","37397170","37397438","chr4","40409528","40409795","27","3012358"
"JH378112","37400984","37401292","chr7","87007315","87007626","43","49606331"
"JH378112","37560697","37560984","chr4","40584519","40584815","27","3023822"
"JH378112","37587759","37588056","chr22","5011292","5011590","42","32576467"
"JH378112","37719666","37719982","chr2","93606424","93606734","59","55886758"
"JH378112","37732233","37732546","chr11","627342","627650","55","37104891"
"JH378112","37738656","37738986","chr4","40762306","40762640","42","3023650"
"JH378112","37745581","37745873","chr4","40769190","40769485","23","3023609"
"JH378112","37820448","37820644","chr5","78125848","78126039","40","40305400"
"JH378112","37820666","37820780","chr15","23470678","23470792","17","14349988"
"JH378112","37820784","37820864","chr1","160022594","160022676","14","122201810"
"JH378112","37822420","37822716","chr4","40888225","40888524","26","3065805"
"JH378112","37823575","37823692","chr4","111347498","111347614","14","73523923"
"JH378112","37840475","37840765","chr4","40906334","40906624","23","3065859"
"JH378112","37851229","37851531","chr4","40917026","40917321","37","3065797"
"JH378112","37931315","37931578","chr4","40992400","40992662","11","3061085"
"JH378112","37980244","37980267","chr2","12145433","12145455","1","25834811"
"JH378112","37980581","37980696","chr19","49248009","49248125","25","11267428"
"JH378112","37998096","37998381","chr4","41070096","41070387","23","3072000"
"JH378112","38002398","38002696","chr8","106582741","106583036","46","68580343"
"JH378112","38004220","38004404","chrX","137222383","137222560","31","99218163"
"JH378112","38031266","38031523","chr4","32618054","32618320","50","5413212"
"JH378112","38064821","38065120","chr15","64675136","64675437","50","26610315"
"JH378112","38154877","38155008","chr10","129311541","129311675","23","91156664"
"JH378112","38431527","38431788","chr4","41530597","41530857","20","3099070"
"JH378112","38432477","38432777","chr4","41531578","41531857","33","3099101"
"JH378112","38448056","38448366","chr4","41546226","41546519","40","3098170"
"JH378112","38515865","38516168","chr4","41621154","41621439","39","3105289"
"JH378112","38549076","38549371","chr4","41655912","41656208","15","3106836"
"JH378112","38807366","38807663","chrX","7266598","7266893","45","31540768"
"JH378112","38991982","38992229","chr9","108708412","108708654","40","69716430"
"JH378112","38994638","38994975","chr4","42131355","42131664","61","3136717"
"JH378112","39014802","39015098","chr4","42151416","42151711","17","3136614"
"JH378112","39061927","39062210","chr4","42198067","42198353","27","3136140"
"JH378112","39131460","39131595","chr4","42268802","42268937","9","3137342"
"JH378112","39174595","39174814","chr15","79461030","79461251","42","40286435"
"JH378112","39194268","39194564","chr3","153242186","153242476","43","114047918"
"JH378112","39216254","39216573","chr4","80722240","80722564","29","41505986"
"JH378112","39237915","39237998","chr4","80700787","80700869","12","41462872"
"JH378112","39463791","39464056","chr4","80456120","80456384","21","40992329"
"JH378112","39641153","39641441","chr4","80267881","80268161","25","40626728"
"JH378112","39677642","39677825","chr4","80231837","80232031","22","40554195"
"JH378112","39726081","39726401","chr4","80183924","80184242","16","40457843"
"JH378112","39754335","39754607","chr4","80149650","80149925","21","40395315"
"JH378112","39782662","39782950","chr4","80121063","80121350","26","40338401"
"JH378112","39893201","39893363","chr4","80002194","80002356","10","40108993"
"JH378112","39910621","39910900","chr7","150708322","150708600","35","110797701"
"JH378112","39950916","39951127","chr8","29592991","29593199","55","10357925"
"JH378112","39952405","39952576","chr7","11114969","11115131","32","28837436"
"JH378112","40078543","40078612","chr2","164458086","164458150","21","124379543"
"JH378112","40149970","40150123","chr4","79686349","79686493","18","39536379"
"JH378112","40236302","40236624","chr4","79580456","79580777","17","39344154"
"JH378112","40293505","40293797","chr7","42233845","42234134","35","1940340"
"JH378112","40334460","40334722","chr4","79474595","79474857","17","39140135"
"JH378112","40355097","40355407","chr4","79453612","79453911","37","39098515"
"JH378112","40395048","40395171","chr22","34797369","34797492","3","5597679"
"JH378112","40411201","40411501","chr5","87779224","87779524","55","47368023"
"JH378112","40457085","40457146","chr14","18898727","18898786","10","21558358"
"JH378112","40526623","40526918","chr4","79292444","79292740","13","38765821"
"JH378112","40558842","40558956","chr4","79261373","79261485","12","38702531"
"JH378112","40560303","40560615","chr4","79260547","79260872","39","38700244"
"JH378112","40743735","40743871","chr4","79055317","79055449","18","38311582"
"JH378112","40746051","40746350","chr6","49163033","49163332","38","8416982"
"JH378112","40837857","40837988","chr4","78945780","78945912","9","38107923"
"JH378112","40859263","40859574","chr4","78931034","78931343","27","38071771"
"JH378112","40860470","40860615","chr3","127143581","127143724","26","86283111"
"JH378112","40994593","40994886","chr4","78767884","78768176","15","37773291"
"JH378112","41013948","41014249","chr4","78748765","78749062","23","37734817"
"JH378112","41014284","41014567","chr4","78748459","78748736","25","37734175"
"JH378112","41018944","41019024","chr4","78743229","78743309","3","37724285"
"JH378112","41019347","41019613","chr4","78742646","78742914","25","37723299"
"JH378112","41052303","41052594","chr4","78712376","78712665","15","37660073"
"JH378112","41061339","41061641","chr4","78702756","78703058","38","37641417"
"JH378112","41091619","41091699","chr20","28829790","28829877","23","12261829"
"JH378112","41091729","41091848","chr5","47553312","47553432","19","6461583"
"JH378112","41113050","41113360","chr4","78638137","78638439","31","37525087"
"JH378112","41132781","41133053","chr4","78619191","78619483","38","37486410"
"JH378112","41166915","41167231","chr4","78586069","78586377","39","37419154"
"JH378112","41196787","41196886","chr7","62655794","62655891","13","21459007"
"JH378112","41232483","41232792","chr4","78516945","78517244","29","37284462"
"JH378112","41269210","41269507","chr4","78469841","78470138","13","37200631"
"JH378112","41336044","41336212","chr4","78396658","78396826","11","37060614"
"JH378112","41375725","41375892","chr5","96894793","96894957","35","55519068"
"JH378112","41376202","41376319","chr20","7382177","7382292","21","33994025"
"JH378112","41417468","41417622","chr4","78319124","78319276","15","36901656"
"JH378112","41471579","41471871","chr4","78248654","78248936","36","36777075"
"JH378112","41537581","41537879","chr4","78185530","78185826","21","36647949"
"JH378112","41574849","41575179","chr4","78147441","78147739","50","36572592"
"JH378112","41609366","41609659","chr4","78113537","78113838","44","36504171"
"JH378112","41631389","41631505","chr4","78091371","78091488","4","36459982"
"JH378112","41632700","41633000","chr22","6475349","6475647","40","35157351"
"JH378112","41634573","41634875","chr4","78088173","78088475","27","36453600"
"JH378112","41649205","41649507","chr4","78072718","78073020","21","36423513"
"JH378112","41682679","41682774","chr4","78045540","78045635","13","36362861"
"JH378112","41696988","41697001","chr5","81833820","81833833","0","40136832"
"JH378112","41697025","41697266","chr10","31205497","31205740","46","10491528"
"JH378112","41736257","41736379","chr8","39433227","39433350","10","2303030"
"JH378112","41751477","41751758","chr4","77977105","77977388","40","36225628"
"JH378112","41789658","41789958","chr4","77927153","77927457","29","36137495"
"JH378112","41850317","41850581","chr1","138040412","138040684","56","96190095"
"JH378112","41925868","41926158","chr4","77795424","77795712","18","35869556"
"JH378112","41938197","41938326","chr1","116982946","116983076","7","75044749"
"JH378112","41976201","41976491","chr11","122697598","122697876","50","80721397"
"JH378112","42115351","42115650","chr4","77555638","77555942","22","35440287"
"JH378112","42221042","42221331","chr4","77439286","77439577","24","35218244"
"JH378112","42221619","42221746","chr4","77438869","77439003","10","35217250"
"JH378112","42306567","42306877","chr4","77345792","77346101","31","35039225"
"JH378112","42313620","42313909","chr4","77332420","77332702","33","35018800"
"JH378112","42334751","42335040","chr4","77310723","77311012","35","34975972"
"JH378112","42398054","42398349","chr4","77239569","77239863","28","34841515"
"JH378112","42400290","42400574","chr4","77237406","77237689","23","34837116"
"JH378112","42420709","42421008","chr4","77205172","77205477","22","34784463"
"JH378112","42442724","42443032","chr12","53645361","53645668","52","11202637"
"JH378112","42451054","42451343","chr7","54561247","54561540","45","12110193"
"JH378112","42493820","42494063","chr4","77170196","77170437","29","34676376"
"JH378112","42558964","42559086","chr12","28373800","28373921","8","14185164"
"JH378112","42571649","42571956","chr9","28950862","28951169","59","13620787"
"JH378112","42614323","42614530","chr4","77048688","77048901","36","34434365"
"JH378112","42677472","42677756","chr5","124335434","124335709","66","81657962"
"JH378112","42954937","42955240","chr4","76630422","76630724","20","33675485"
"JH378112","42958737","42958944","chr15","18102228","18102430","35","24856509"
"JH378112","43115815","43116095","chr7","155820694","155820974","16","112704879"
"JH378112","43116120","43116131","chr1","107878223","107878233","2","64762103"
"JH378112","43136275","43136389","chr20","30641482","30641591","21","12494793"
"JH378112","43206185","43206201","chr1","185738245","185738259","2","142532060"
"JH378112","43206237","43206514","chr16","54063113","54063396","42","10856876"
"JH378112","43221297","43221576","chr22","17150912","17151186","52","26070385"
"JH378112","43417154","43417421","chr4","76077693","76077998","58","32660539"
"JH378112","43465963","43466261","chr3","109163220","109163517","50","65697257"
"JH378112","43466522","43466650","chr10","5847615","5847743","5","37618907"
"JH378112","43533298","43533594","chr4","75920163","75920462","27","32386865"
"JH378112","43539404","43539687","chr4","75914055","75914339","22","32374651"
"JH378112","43564245","43564389","chr4","75881401","75881545","7","32317156"
"JH378112","43635683","43635738","chr8","94173190","94173244","8","50537507"
"JH378112","43635754","43635834","chr3","188793282","188793363","15","145157528"
"JH378112","43666208","43666325","chr12","31160870","31160987","7","12505338"
"JH378112","43774234","43774514","chr4","75631846","75632109","37","31857612"
"JH378112","43795205","43795516","chr2","68135850","68136157","47","24340645"
"JH378112","43890002","43890294","chr4","75503574","75503876","29","31613572"
"JH378112","43991848","43992127","chr19","18362531","18362799","54","25629317"
"JH378112","44092530","44092833","chr12","106740837","106741129","81","62648307"
"JH378112","44093146","44093156","chr1","164890697","164890707","0","120797551"
"JH378112","44229502","44229796","chr4","75122393","75122679","32","30892891"
"JH378112","44301937","44302196","chr4","75051030","75051289","24","30749093"
"JH378112","44326754","44326866","chr5","95441011","95441123","17","51114257"
"JH378112","44326910","44327060","chr2","71067467","71067619","34","26740557"
"JH378112","44345108","44345392","chr4","75001042","75001319","36","30655934"
"JH378112","44358132","44358439","chr10","115690697","115691007","57","71332565"
"JH378112","44404247","44404440","chr20","11340321","11340497","51","33063926"
"JH378112","44430270","44430437","chr4","74906576","74906742","15","30476306"
"JH378112","44558960","44559245","chr4","74777100","74777387","23","30218140"
"JH378112","44704595","44704795","chr4","74613338","74613552","35","29908743"
"JH378112","44732842","44733002","chr4","74571989","74572149","19","29839147"
"JH378112","44733771","44733943","chr4","74571038","74571217","19","29837267"
"JH378112","44833459","44833575","chr2","134892679","134892792","15","90059220"
"JH378112","44880655","44880952","chr4","74385733","74386030","26","29505078"
"JH378112","44989881","44990000","chr8","39433227","39433350","10","5556654"
"JH378112","45004427","45004702","chr16","43929877","43930156","36","1074550"
"JH378112","45034240","45034541","chr1","41538765","41539056","53","3495475"
"JH378112","45061701","45062007","chr4","74171368","74171663","28","29109667"
"JH378112","45067085","45067202","chr8","32683184","32683300","12","12383901"
"JH378112","45082319","45082607","chr4","49412367","49412651","49","4330048"
"JH378112","45084197","45084499","chr4","74150169","74150471","20","29065972"
"JH378112","45085329","45085467","chr4","74148331","74148471","9","29063002"
"JH378112","45085766","45085924","chr4","74147877","74148045","27","29062111"
"JH378112","45096066","45096161","chr4","74137663","74137753","12","29041597"
"JH378112","45120817","45120939","chr1","138579196","138579313","12","93458379"
"JH378112","45135761","45136027","chr4","74095030","74095317","32","28959269"
"JH378112","45140692","45140820","chr1","194422123","194422252","5","149281431"
"JH378112","45152010","45152312","chr4","74075534","74075829","31","28923524"
"JH378112","45154271","45154568","chr4","74073367","74073660","25","28919096"
"JH378112","45160251","45160501","chr4","74067733","74067977","21","28907482"
"JH378112","45170367","45170497","chr10","8143138","8143267","10","37027229"
"JH378112","45194541","45194795","chr4","74032603","74032828","42","28838062"
"JH378112","45199833","45200121","chr4","74026797","74027077","26","28826964"
"JH378112","45220965","45221124","chr4","74007474","74007633","17","28786509"
"JH378112","45225612","45225906","chr4","73996055","73996359","28","28770443"
"JH378112","45231928","45232209","chr4","73988663","73988945","28","28756735"
"JH378112","45240438","45240731","chr4","73979277","73979576","25","28738839"
"JH378112","45240734","45240864","chrX","46953806","46953940","13","1713072"
"JH378112","45257281","45257487","chr8","64403388","64403596","30","19146107"
"JH378112","45261362","45261541","chr4","73963935","73964099","28","28702573"
"JH378112","45271560","45271695","chr4","73953270","73953401","10","28681710"
"JH378112","45272677","45272807","chr4","73952173","73952302","9","28679496"
"JH378112","45284902","45285034","chr18","11943226","11943358","7","33341676"
"JH378112","45301754","45302039","chr6","152581859","152582137","56","107280105"
"JH378112","45307234","45307357","chr4","73922439","73922561","18","28615205"
"JH378112","45308144","45308422","chr4","73920445","73920738","37","28612301"
"JH378112","45322944","45323071","chr21","486483","486610","8","44836461"
"JH378112","45325690","45325826","chr4","73903209","73903330","19","28577519"
"JH378112","45328835","45329136","chr4","73900290","73900575","34","28571455"
"JH378113","6815680","6815991","chr11","62285067","62285378","28","55469387"
"JH378113","13369199","13369442","chr11","25399857","25400097","23","12030658"
"JH378113","16121829","16122132","chr11","22436342","22436649","30","6314513"
"JH378113","17301261","17301543","chr11","21022993","21023277","24","3721732"
"JH378113","35913568","35913851","chrX","60758641","60758923","45","24845073"
"JH378113","1","283","chr3","89511526","89511807","37","89511525"
"JH378113","5549","5854","chr4","18308696","18309003","45","18303147"
"JH378113","8671","8955","chr11","69690215","69690497","15","69681544"
"JH378113","38305","38418","chr4","32670748","32670865","14","32632443"
"JH378113","38460","38610","chr11","69648718","69648884","23","69610258"
"JH378113","48229","48411","chr20","39261820","39262003","32","39213591"
"JH378113","62258","62543","chr11","69624082","69624365","34","69561824"
"JH378113","134868","135120","chr8","73978331","73978581","43","73843463"
"JH378113","174038","174324","chr11","69471546","69471840","36","69297508"
"JH378113","186124","186427","chr11","69459867","69460162","19","69273743"
"JH378113","197394","197692","chr11","69449076","69449373","20","69251682"
"JH378113","238527","238824","chr5","99491457","99491765","53","99252930"
"JH378113","432918","433177","chrUn_GL288622","4102","4372","40","428816"
"JH378113","551657","551869","chr11","122718986","122719196","32","122167329"
"JH378113","559522","559793","chr11","69146683","69146970","38","68587161"
"JH378113","614224","614417","chr9","20354318","20354508","29","19740094"
"JH378113","620719","621002","chr11","69067325","69067608","13","68446606"
"JH378113","632931","633235","chr11","69050359","69050657","23","68417428"
"JH378113","636458","636549","chr10","48167600","48167692","16","47531142"
"JH378113","651575","651685","chr5","23307724","23307832","19","22656149"
"JH378113","651721","651877","chr1","118586068","118586222","25","117934347"
"JH378113","665473","665611","chr11","69022257","69022400","18","68356784"
"JH378113","692347","692639","chr11","68960313","68960608","31","68267966"
"JH378113","755328","755624","chr11","68875556","68875859","38","68120228"
"JH378113","796761","796869","chr5","83947632","83947732","21","83150871"
"JH378113","922122","922285","chr11","68618253","68618409","15","67696131"
"JH378113","968869","969149","chr1","123817634","123817884","68","122848765"
"JH378113","1022399","1022546","chr1","170556854","170557002","37","169534455"
"JH378113","1022589","1022720","chr9","107795401","107795524","25","106772812"
"JH378113","1028350","1028682","chr11","68493119","68493452","34","67464769"
"JH378113","1051515","1051826","chr2","154478092","154478404","54","153426577"
"JH378113","1063436","1063588","chr11","68451761","68451903","24","67388325"
"JH378113","1079302","1079437","chr11","68384942","68385080","10","67305640"
"JH378113","1129270","1129582","chr11","68326027","68326340","30","67196757"
"JH378113","1267562","1267728","chr11","68139448","68139611","14","66871886"
"JH378113","1267754","1267879","chr11","68139297","68139422","6","66871543"
"JH378113","1277393","1277628","chr9","57789732","57789967","37","56512339"
"JH378113","1416927","1417211","chr14","98997923","98998198","57","97580996"
"JH378113","1417243","1417263","chr11","96393091","96393109","3","94975848"
"JH378113","1635763","1635838","chrUn_GL286478","45052","45125","14","1590711"
"JH378113","1708515","1708782","chr11","67694658","67694925","30","65986143"
"JH378113","1800622","1800805","chr11","67591223","67591421","28","65790601"
"JH378113","1846697","1846884","chr1","75649141","75649315","36","73802444"
"JH378113","1881997","1882291","chr11","67486615","67486908","24","65604618"
"JH378113","1901091","1901346","chr11","67474529","67474790","20","65573438"
"JH378113","1901486","1901776","chr11","67473541","67473830","25","65572055"
"JH378113","1905760","1906061","chr15","12236049","12236350","44","10330289"
"JH378113","1906426","1906720","chr11","67468411","67468699","22","65561985"
"JH378113","1910686","1910804","chr3","99212511","99212630","22","97301825"
"JH378113","1920109","1920257","chr1","203116394","203116541","22","201196285"
"JH378113","1920545","1920698","chr4","28849827","28849978","33","26929282"
"JH378113","1924173","1924492","chr5","83952139","83952481","67","82027966"
"JH378113","1963849","1964136","chr11","67409057","67409344","27","65445208"
"JH378113","1964425","1964721","chr11","67408438","67408735","21","65444013"
"JH378113","1965902","1966029","chr2","21211619","21211748","7","19245717"
"JH378113","2003160","2003465","chr11","67373017","67373322","20","65369857"
"JH378113","2038153","2038458","chr11","67331754","67332054","27","65293601"
"JH378113","2046242","2046569","chr1","31223630","31223922","79","29177388"
"JH378113","2080908","2081228","chr11","67283843","67284140","53","65202935"
"JH378113","2088305","2088585","chr11","67276677","67276966","18","65188372"
"JH378113","2109528","2109740","chr2","131917456","131917653","44","129807928"
"JH378113","2110055","2110165","chr11","67255343","67255459","14","65145288"
"JH378113","2133804","2134107","chr11","67226122","67226418","20","65092318"
"JH378113","2163743","2163818","chr2","203186355","203186431","8","201022612"
"JH378113","2167026","2167304","chr11","67193506","67193788","13","65026480"
"JH378113","2171882","2172171","chr11","67188633","67188935","43","65016751"
"JH378113","2183902","2184213","chr14","71277449","71277781","69","69093547"
"JH378113","2185758","2186041","chr11","67175607","67175887","17","64989849"
"JH378113","2186939","2187155","chr22","38730553","38730777","49","36543614"
"JH378113","2213445","2213584","chr1","209446148","209446283","22","207232703"
"JH378113","2213881","2214066","chr6","51361253","51361426","34","49147372"
"JH378113","2218184","2218426","chr11","67143967","67144212","19","64925783"
"JH378113","2222037","2222251","chr11","67140191","67140403","12","64918154"
"JH378113","2231469","2231592","chr20","35194411","35194537","22","32962942"
"JH378113","2231624","2231647","chr2","12358055","12358077","3","10126431"
"JH378113","2233238","2233539","chr11","67129495","67129790","28","64896257"
"JH378113","2240128","2240280","chr11","67124335","67124490","13","64884207"
"JH378113","2247438","2247616","chr5","71141840","71142017","44","68894402"
"JH378113","2247915","2248027","chr5","141001927","141002036","14","138754012"
"JH378113","2263715","2263927","chr5","125960026","125960244","38","123696311"
"JH378113","2264296","2264351","chr7","81037591","81037646","4","78773295"
"JH378113","2267995","2268128","chr1","203098045","203098176","40","200830050"
"JH378113","2268430","2268569","chr5","77205090","77205228","28","74936660"
"JH378113","2275447","2275752","chr6","31354359","31354662","47","29078912"
"JH378113","2275905","2276064","chr6","110818119","110818275","30","108542214"
"JH378113","2276368","2276509","chr6","112833306","112833442","29","110556938"
"JH378113","2277936","2278041","chr11","67084465","67084570","6","64806529"
"JH378113","2289830","2290127","chr1","77004243","77004536","54","74714413"
"JH378113","2296783","2296906","chr19","40862858","40862975","25","38566075"
"JH378113","2300624","2300918","chr11","67064639","67064936","27","64764015"
"JH378113","2303593","2303798","chrX","46360820","46361023","29","44057227"
"JH378113","2324712","2324976","chr6","150718060","150718310","51","148393348"
"JH378113","2328576","2328862","chr11","67038367","67038653","25","64709791"
"JH378113","2335145","2335445","chr11","67031765","67032067","22","64696620"
"JH378113","2335476","2335624","chr10","129843282","129843428","24","127507806"
"JH378113","2335901","2336034","chr2","186515275","186515408","21","184179374"
"JH378113","2338767","2338970","chrX","122137031","122137234","41","119798264"
"JH378113","2341195","2341484","chr11","67025591","67025888","31","64684396"
"JH378113","2344653","2344830","chr4","2197057","2197239","32","147596"
"JH378113","2346689","2346866","chr11","67019901","67020076","11","64673212"
"JH378113","2347160","2347290","chr11","67019474","67019608","11","64672314"
"JH378113","2365152","2365213","chr17","9351303","9351366","9","6986151"
"JH378113","2365810","2366053","chr11","67001291","67001532","17","64635481"
"JH378113","2377732","2378018","chr1","14459253","14459545","56","12081521"
"JH378113","2397004","2397309","chr11","66964161","66964459","27","64567157"
"JH378113","2406703","2406833","chr10","117716027","117716158","18","115309324"
"JH378113","2407143","2407311","chr16","25382349","25382514","27","22975206"
"JH378113","2412687","2412977","chr11","66948139","66948438","28","64535452"
"JH378113","2413055","2413248","chr15","4702012","4702206","37","2288957"
"JH378113","2413254","2413292","chr1","194465135","194465173","7","192051881"
"JH378113","2413342","2413440","chr9","35737867","35737968","18","33324525"
"JH378113","2431099","2431230","chr11","42813249","42813379","9","40382150"
"JH378113","2462641","2462934","chr11","66900917","66901199","27","64438276"
"JH378113","2464678","2464910","chr7","4298096","4298329","40","1833418"
"JH378113","2476597","2476882","chr11","66887918","66888183","38","64411321"
"JH378113","2478674","2478759","chr11","66886055","66886140","4","64407381"
"JH378113","2506827","2507143","chr11","66858751","66859051","31","64351924"
"JH378113","2535609","2535909","chr11","66823694","66823989","19","64288085"
"JH378113","2539341","2539635","chr11","66820023","66820311","23","64280682"
"JH378113","2544292","2544582","chr11","66815496","66815786","16","64271204"
"JH378113","2545271","2545399","chr19","25186631","25186760","6","22641360"
"JH378113","2555128","2555319","chr7","66460134","66460332","48","63905006"
"JH378113","2555619","2555769","chr14","42992076","42992208","53","40436457"
"JH378113","2576238","2576358","chr2","15901142","15901265","17","13324904"
"JH378113","2576389","2576573","chr11","66782722","66782905","5","64206333"
"JH378113","2584071","2584347","chr1","167095284","167095565","40","164511213"
"JH378113","2612102","2612235","chr11","66750912","66751037","12","64138810"
"JH378113","2618742","2618835","chr21","46917808","46917903","10","44299066"
"JH378113","2667432","2667684","chr11","66691787","66692044","18","64024355"
"JH378113","2684565","2684871","chr9","103694498","103694799","46","101009933"
"JH378113","2688951","2689117","chr11","66667679","66667848","13","63978728"
"JH378113","2690455","2690584","chr9","85077162","85077291","6","82386707"
"JH378113","2690908","2690999","chr10","101545726","101545818","19","98854818"
"JH378113","2692705","2693015","chr11","66664549","66664848","37","63971844"
"JH378113","2693953","2694208","chr11","110459842","110460088","44","107765889"
"JH378113","2699619","2699874","chr11","66656956","66657230","43","63957337"
"JH378113","2700000","2700257","chr4","3901740","3902008","54","1201740"
"JH378113","2703195","2703256","chr2","83523550","83523610","13","80820355"
"JH378113","2707316","2707360","chr18","5450877","5450921","11","2743561"
"JH378113","2716158","2716444","chr11","66640901","66641184","29","63924743"
"JH378113","2722605","2722912","chr11","66634441","66634745","24","63911836"
"JH378113","2757391","2757549","chr1","155138750","155138913","25","152381359"
"JH378113","2757573","2757704","chr4","71658623","71658755","9","68901050"
"JH378113","2758290","2758587","chr11","66595329","66595623","21","63837039"
"JH378113","2762072","2762395","chr1","65185025","65185348","55","62422953"
"JH378113","2767159","2767462","chr5","60671568","60671876","50","57904409"
"JH378113","2774495","2774789","chr5","78435972","78436267","49","75661477"
"JH378113","2778307","2778480","chr4","139461159","139461330","32","136682852"
"JH378113","2778528","2778646","chrX","106772558","106772679","15","103994030"
"JH378113","2778676","2778796","chr1","200825704","200825821","12","198047028"
"JH378113","2783131","2783425","chr20","23367454","23367748","52","20584323"
"JH378113","2785998","2786316","chr11","66558562","66558865","41","63772564"
"JH378113","2791824","2792118","chr6","16914360","16914655","36","14122536"
"JH378113","2794982","2795256","chr6","153268365","153268637","49","150473383"
"JH378113","2830982","2831215","chr6","157784154","157784391","38","154953172"
"JH378113","2839581","2839712","chr1","197885955","197886086","6","195046374"
"JH378113","2882843","2883131","chr11","66459294","66459595","26","63576451"
"JH378113","2887367","2887660","chr5","64957873","64958170","50","62070506"
"JH378113","2928018","2928342","chr5","157082303","157082618","19","154154285"
"JH378113","2933378","2933686","chr11","65897960","65898264","28","62964582"
"JH378113","2935478","2935809","chr11","65895903","65896226","30","62960425"
"JH378113","2955725","2955967","chr5","63350206","63350450","44","60394481"
"JH378113","2982845","2983115","chr2","87253151","87253413","49","84270306"
"JH378113","2983870","2983923","chr2","129009060","129009110","10","126025190"
"JH378113","2983974","2984114","chr15","26408391","26408533","22","23424417"
"JH378113","3003139","3003435","chr11","66343011","66343307","13","63339872"
"JH378113","3011665","3012006","chr14","44902307","44902640","58","41890642"
"JH378113","3024866","3025169","chr11","66321051","66321344","26","63296185"
"JH378113","3036147","3036414","chr11","66298524","66298812","34","63262377"
"JH378113","3050133","3050421","chr11","66290535","66290827","23","63240402"
"JH378113","3061655","3061945","chr11","66278391","66278686","19","63216736"
"JH378113","3069481","3069611","chr7","98110523","98110648","21","95041042"
"JH378113","3090372","3090659","chr2","12673635","12673926","49","9583263"
"JH378113","3095947","3096078","chr11","66245587","66245718","6","63149640"
"JH378113","3096383","3096546","chr11","66245131","66245288","25","63148748"
"JH378113","3180779","3181076","chr11","66160301","66160596","20","62979522"
"JH378113","3181986","3182257","chr11","66159123","66159393","23","62977137"
"JH378113","3247227","3247541","chr11","66086126","66086434","18","62838899"
"JH378113","3253203","3253465","chr9","90367864","90368124","38","87114661"
"JH378113","3283863","3284169","chr11","66047175","66047471","31","62763312"
"JH378113","3288865","3289033","chr7","100990867","100991041","31","97702002"
"JH378113","3289344","3289478","chr7","74362217","74362351","13","71072873"
"JH378113","3305612","3305930","chr11","66025000","66025341","47","62719388"
"JH378113","3321895","3322187","chr11","66007832","66008118","20","62685937"
"JH378113","3325537","3325758","chr11","66004031","66004254","17","62678494"
"JH378113","3326335","3326441","chr11","66003346","66003452","6","62677011"
"JH378113","3383257","3383565","chr11","65944708","65945012","22","62561451"
"JH378113","3393608","3393727","chrX","106994313","106994429","16","103600705"
"JH378113","3395096","3395182","chr4","48931469","48931547","25","45536373"
"JH378113","3395191","3395273","chr1","135790927","135791009","6","132395736"
"JH378113","3423651","3423680","chr1","175233493","175233526","7","171809842"
"JH378113","3437004","3437135","chr1","187319495","187319621","21","183882491"
"JH378113","3446011","3446307","chr11","65849214","65849513","18","62403203"
"JH378113","3446643","3446802","chr11","65848715","65848872","20","62402072"
"JH378113","3446854","3446974","chr11","65848559","65848681","10","62401705"
"JH378113","3454810","3454901","chr3","97141033","97141124","8","93686223"
"JH378113","3494553","3494853","chr11","65801424","65801728","24","62306871"
"JH378113","3497427","3497730","chr11","65798560","65798860","28","62301133"
"JH378113","3513805","3514116","chr5","60659448","60659759","42","57145643"
"JH378113","3581879","3582015","chr11","65726687","65726823","7","62144808"
"JH378113","3582321","3582501","chr11","65726211","65726383","22","62143890"
"JH378113","3586272","3586576","chr13","28221700","28222001","42","24635428"
"JH378113","3599684","3599925","chr9","115957777","115958023","42","112358093"
"JH378113","3615616","3615786","chr11","65693015","65693188","17","62077399"
"JH378113","3627956","3628127","chrX","38619219","38619391","28","34991263"
"JH378113","3640398","3640706","chr11","65670338","65670634","32","62029940"
"JH378113","3641565","3641661","chr2","99364425","99364520","18","95722860"
"JH378113","3650485","3650791","chr11","65651349","65651645","31","62000864"
"JH378113","3711912","3712192","chr2","153350531","153350819","42","149638619"
"JH378113","3721659","3721959","chr11","65578163","65578461","15","61856504"
"JH378113","3722152","3722454","chr1","203083799","203084102","58","199361647"
"JH378113","3759412","3759725","chr11","65539095","65539407","21","61779683"
"JH378113","3768313","3768402","chr11","65529770","65529859","3","61761457"
"JH378113","3786008","3786067","chr11","65512315","65512374","4","61726307"
"JH378113","3841138","3841314","chr1","173576939","173577118","21","169735801"
"JH378113","3860795","3860963","chr22","18007332","18007511","37","14146537"
"JH378113","3861268","3861382","chrUn_GL286397","898534","898648","17","2962734"
"JH378113","3870350","3870621","chr11","65421614","65421871","28","61551264"
"JH378113","3950761","3951039","chr11","65342021","65342296","27","61391260"
"JH378113","3978008","3978299","chrX","17119564","17119856","34","13141556"
"JH378113","3980035","3980113","chr5","23331728","23331804","12","19351693"
"JH378113","4000450","4000770","chr11","65292871","65293182","23","61292421"
"JH378113","4016396","4016699","chr11","65280278","65280577","23","61263882"
"JH378113","4023316","4023606","chr11","65271171","65271461","48","61247855"
"JH378113","4043268","4043393","chrUn_GL286435","4468","4592","9","4038800"
"JH378113","4050885","4051172","chr11","65242242","65242542","30","61191357"
"JH378113","4058051","4058196","chr11","65227646","65227769","27","61169595"
"JH378113","4058238","4058411","chr22","11264359","11264528","31","7206121"
"JH378113","4060732","4060827","chr17","15883469","15883568","17","11822737"
"JH378113","4063279","4063504","chr8","105704371","105704601","47","101641092"
"JH378113","4087432","4087490","chr4","58370862","58370921","8","54283430"
"JH378113","4087491","4087772","chr11","65199151","65199455","34","61111660"
"JH378113","4091163","4091457","chr11","65196049","65196349","22","61104886"
"JH378113","4113570","4113880","chr2","146666305","146666613","40","142552735"
"JH378113","4117994","4118303","chr7","87007315","87007626","42","82889321"
"JH378113","4119222","4119428","chr12","56235312","56235515","37","52116090"
"JH378113","4120278","4120568","chr11","65168467","65168765","22","61048189"
"JH378113","4121002","4121307","chr7","69404520","69404802","80","65283518"
"JH378113","4137445","4137759","chr11","65142514","65142832","27","61005069"
"JH378113","4163284","4163422","chr8","122650292","122650425","21","118487008"
"JH378113","4171275","4171560","chr8","687744","688032","41","3483531"
"JH378113","4172944","4173046","chr11","62897882","62897983","16","58724938"
"JH378113","4178746","4179028","chr11","65102645","65102927","24","60923899"
"JH378113","4179982","4180166","chr2","57434072","57434255","26","53254090"
"JH378113","4205546","4205847","chr5","79104062","79104360","46","74898516"
"JH378113","4213354","4213486","chr14","104608621","104608753","5","100395267"
"JH378113","4213540","4213836","chr11","65066946","65067245","25","60853406"
"JH378113","4217653","4217782","chr11","65062931","65063059","8","60845278"
"JH378113","4218072","4218234","chr11","65062466","65062630","18","60844394"
"JH378113","4221269","4221556","chr11","65059455","65059735","37","60838186"
"JH378113","4230359","4230658","chr11","65050148","65050454","29","60819789"
"JH378113","4230662","4230968","chr11","65049837","65050144","24","60819175"
"JH378113","4231506","4231810","chr11","65048993","65049298","23","60817487"
"JH378113","4237004","4237316","chr11","65044287","65044589","27","60807283"
"JH378113","4242689","4242972","chr4","71868846","71869120","53","67626157"
"JH378113","4246645","4246939","chr1","164645124","164645420","51","160398479"
"JH378113","4246951","4247198","chr11","65026653","65026898","37","60779702"
"JH378113","4256298","4256579","chr4","148485141","148485423","44","144228843"
"JH378113","4270254","4270554","chrX","53213311","53213613","38","48943057"
"JH378113","4270930","4271013","chr5","156300200","156300275","21","152029270"
"JH378113","4271065","4271186","chr8","12125728","12125847","15","7854663"
"JH378113","4271262","4271547","chr11","64998149","64998434","14","60726887"
"JH378113","4274544","4274832","chr11","64994946","64995224","20","60720402"
"JH378113","4281876","4282151","chr11","64987006","64987282","18","60705130"
"JH378113","4297434","4297543","chr1","121166312","121166422","8","116868878"
"JH378113","4302691","4302914","chr1","200549127","200549353","37","196246436"
"JH378113","4318769","4318898","chr10","35379451","35379580","13","31060682"
"JH378113","4331375","4331528","chr10","43442912","43443060","23","39111537"
"JH378113","4335792","4335928","chr5","84227278","84227413","11","79891486"
"JH378113","4346882","4347168","chr11","64894527","64894824","39","60547645"
"JH378113","4347979","4348074","chr14","12410420","12410510","27","8062441"
"JH378113","4405595","4405892","chr11","64833904","64834207","33","60428309"
"JH378113","4422611","4422950","chr9","95556382","95556715","64","91133771"
"JH378113","4428606","4428738","chr11","119711257","119711387","13","115282651"
"JH378113","4436702","4436978","chr11","120840511","120840791","42","116403809"
"JH378113","4447076","4447360","chr3","173830366","173830657","40","169383290"
"JH378113","4452783","4453049","chr1","204984296","204984566","48","200531513"
"JH378113","4459468","4459620","chr11","64778283","64778444","23","60318815"
"JH378113","4459924","4460067","chr11","64777840","64777981","5","60317916"
"JH378113","4483640","4483772","chr11","64753952","64754086","7","60270312"
"JH378113","4484078","4484256","chr11","64753490","64753650","27","60269412"
"JH378113","4512960","4513146","chr17","31380054","31380244","27","26867094"
"JH378113","4513449","4513560","chr22","18109155","18109266","13","13595706"
"JH378113","4593236","4593383","chr1","135818465","135818609","27","131225229"
"JH378113","4593688","4593910","chr2","42872418","42872608","81","38278730"
"JH378113","4637764","4638070","chr11","64584190","64584493","21","59946426"
"JH378113","4641308","4641599","chr11","64580583","64580872","15","59939275"
"JH378113","4664113","4664281","chr9","96828281","96828446","34","92164168"
"JH378113","4681658","4681998","chr11","64526202","64526528","36","59844544"
"JH378113","4691194","4691478","chr11","64516244","64516537","35","59825050"
"JH378113","4720795","4720935","chr10","58872513","58872657","28","54151718"
"JH378113","4782752","4783033","chr11","64423768","64424043","30","59641016"
"JH378113","4809158","4809285","chr11","64387096","64387228","14","59577938"
"JH378113","4861507","4861815","chr16","51536549","51536853","48","46675042"
"JH378113","4875824","4876118","chr11","64316869","64317163","16","59441045"
"JH378113","4907235","4907419","chr12","7210075","7210260","26","2302840"
"JH378113","4907448","4907479","chr15","53285663","53285696","2","48378215"
"JH378113","4916097","4916228","chr11","64280743","64280882","13","59364646"
"JH378113","4945440","4945744","chr1","10790009","10790309","48","5844569"
"JH378113","4959537","4959759","chr11","64241064","64241285","16","59281527"
"JH378113","4982071","4982224","chr2","170504247","170504398","24","165522176"
"JH378113","5008935","5009243","chr11","64196437","64196743","21","59187502"
"JH378113","5013821","5014112","chr11","64180701","64181008","44","59166880"
"JH378113","5015561","5015855","chr11","64179056","64179350","18","59163495"
"JH378113","5019043","5019240","chr11","64175696","64175893","9","59156653"
"JH378113","5028209","5028388","chr11","64166477","64166645","19","59138268"
"JH378113","5032083","5032357","chr22","13777297","13777579","62","8745214"
"JH378113","5043856","5044134","chr11","64152364","64152656","34","59108508"
"JH378113","5064709","5065010","chr11","64118586","64118882","29","59053877"
"JH378113","5098257","5098565","chr11","64086294","64086586","30","58988037"
"JH378113","5117888","5118022","chr11","64066713","64066843","10","58948825"
"JH378113","5118023","5118324","chr11","64066410","64066712","21","58948387"
"JH378113","5118325","5118483","chr11","64066255","64066409","11","58947930"
"JH378113","5118534","5118842","chr20","28541171","28541474","48","23422637"
"JH378113","5144621","5144747","chr8","71670077","71670201","7","66525456"
"JH378113","5148172","5148478","chr11","64037359","64037665","24","58889187"
"JH378113","5155555","5155685","chr11","64030062","64030194","7","58874507"
"JH378113","5191075","5191199","chr2","171471789","171471913","18","166280714"
"JH378113","5217408","5217711","chr11","63964862","63965164","29","58747454"
"JH378113","5254428","5254711","chr11","63931782","63932053","34","58677354"
"JH378113","5405925","5406156","chr11","63758031","63758262","14","58352106"
"JH378113","5410817","5411050","chr7","13291262","13291495","59","7880445"
"JH378113","5427478","5427649","chr11","63736527","63736697","15","58309049"
"JH378113","5427955","5428091","chr11","63736095","63736227","11","58308140"
"JH378113","5512410","5512726","chr11","63631703","63631994","47","58119293"
"JH378113","5537079","5537306","chr4","15978388","15978620","43","10441309"
"JH378113","5539813","5539987","chr6","2876761","2876928","35","2663052"
"JH378113","5544651","5544959","chr11","63577364","63577647","44","58032713"
"JH378113","5568575","5568746","chr11","63552180","63552353","12","57983605"
"JH378113","5588670","5588966","chr11","63532560","63532869","54","57943890"
"JH378113","5593544","5593802","chr21","35615265","35615530","51","30021721"
"JH378113","5593870","5593891","chr3","173570736","173570757","4","167976866"
"JH378113","5593915","5594178","chr4","149845854","149846114","39","144251939"
"JH378113","5595635","5595956","chr5","46629255","46629560","57","41033620"
"JH378113","5601857","5602023","chr7","93606776","93606939","27","88004919"
"JH378113","5602308","5602466","chr9","114386915","114387097","56","108784607"
"JH378113","5604728","5605042","chrX","47883290","47883604","51","42278562"
"JH378113","5644722","5645007","chr9","107870462","107870755","47","102225740"
"JH378113","5666340","5666636","chr2","9772912","9773212","54","4106572"
"JH378113","5667247","5667370","chr22","1395019","1395142","13","4272228"
"JH378113","5702529","5702825","chr11","63418376","63418668","43","57715847"
"JH378113","5724944","5725252","chr11","63395579","63395878","29","57670635"
"JH378113","5729129","5729432","chr11","63391307","63391606","37","57662178"
"JH378113","5738845","5739122","chr7","55902736","55903013","43","50163891"
"JH378113","5739124","5739206","chr2","8363006","8363082","29","2623882"
"JH378113","5744287","5744421","chr12","28164233","28164369","11","22419946"
"JH378113","5744717","5744882","chr14","32151695","32151852","27","26406978"
"JH378113","5745383","5745510","chr1","28739706","28739833","8","22994323"
"JH378113","5747896","5748026","chr1","136760229","136760359","10","131012333"
"JH378113","5763460","5763760","chr11","63356466","63356764","17","57593006"
"JH378113","5766547","5766861","chr11","121193075","121193391","60","115426528"
"JH378113","5780192","5780346","chr12","111765550","111765705","19","105985358"
"JH378113","5784936","5785140","chr4","21872608","21872822","41","16087672"
"JH378113","5796594","5796737","chr11","63320657","63320797","12","57524063"
"JH378113","5796738","5797046","chr11","63320350","63320656","39","57523612"
"JH378113","5797047","5797060","chr4","48590486","48590498","4","42793439"
"JH378113","5797088","5797200","chr16","9933217","9933339","22","4136129"
"JH378113","5803376","5803651","chr1","82782958","82783233","45","76979582"
"JH378113","5803782","5804071","chr11","63312020","63312305","23","57508238"
"JH378113","5804805","5804918","chr1","121166312","121166422","13","115361507"
"JH378113","5808297","5808421","chr7","128804511","128804638","21","122996214"
"JH378113","5808423","5808576","chr18","25436201","25436352","29","19627778"
"JH378113","5811725","5811853","chr9","54150874","54151001","7","48339149"
"JH378113","5815411","5815721","chr16","26274638","26274937","48","20459227"
"JH378113","5816084","5816377","chr11","63299677","63299970","18","57483593"
"JH378113","5824779","5825039","chr7","69756908","69757178","57","63932129"
"JH378113","5861525","5861701","chr1","74756801","74756975","25","68895276"
"JH378113","5862005","5862139","chr5","86417802","86417933","12","80555797"
"JH378113","5908277","5908472","chr11","63202898","63203097","28","57294621"
"JH378113","5910140","5910442","chr11","63200927","63201225","32","57290787"
"JH378113","5910575","5910717","chr11","63200707","63200849","13","57290132"
"JH378113","5918485","5918794","chr11","63192490","63192789","25","57274005"
"JH378113","5924852","5925168","chr11","63186154","63186475","23","57261302"
"JH378113","5954045","5954322","chr11","63152077","63152352","23","57198032"
"JH378113","5959418","5959698","chr11","63143176","63143447","30","57183758"
"JH378113","5960689","5960954","chr11","63141794","63142059","25","57181105"
"JH378113","5969696","5969991","chr11","63132439","63132731","25","57162743"
"JH378113","6000001","6000130","chr2","71034204","71034329","24","65034203"
"JH378113","6017060","6017364","chr3","6123529","6123832","40","106469"
"JH378113","6040300","6040408","chr2","114161322","114161429","9","108121022"
"JH378113","6042125","6042249","chrX","65504184","65504307","23","59462059"
"JH378113","6102705","6103011","chr1","74311880","74312186","42","68209175"
"JH378113","6113717","6114027","chr13","6794158","6794466","56","680441"
"JH378113","6116074","6116087","chr3","49639966","49639978","1","43523892"
"JH378113","6116112","6116443","chr1","74360123","74360433","77","68244011"
"JH378113","6120599","6120871","chr11","62986777","62987047","19","56866178"
"JH378113","6141924","6142232","chr11","62964252","62964559","36","56822328"
"JH378113","6144065","6144359","chr11","62961935","62962238","32","56817870"
"JH378113","6192139","6192442","chr11","62913608","62913901","28","56721469"
"JH378113","6193757","6194070","chr11","62910145","62910462","20","56716388"
"JH378113","6196966","6197290","chr14","5785221","5785537","40","411745"
"JH378113","6207397","6207695","chr11","62898013","62898310","16","56690616"
"JH378113","6207729","6207853","chr1","146581964","146582086","9","140374235"
"JH378113","6225901","6226204","chr11","62879498","62879795","34","56653597"
"JH378113","6239704","6240006","chr1","198787322","198787622","40","192547618"
"JH378113","6269785","6270080","chr11","62837838","62838123","20","56568053"
"JH378113","6273432","6273600","chr11","62834263","62834430","17","56560831"
"JH378113","6273894","6274028","chr3","138211317","138211451","17","131937423"
"JH378113","6300918","6301231","chr11","62809780","62810092","26","56508862"
"JH378113","6312616","6312907","chr11","62797632","62797924","28","56485016"
"JH378113","6316349","6316480","chr14","14372536","14372666","12","8056187"
"JH378113","6320119","6320249","chr1","197885955","197886086","11","191565836"
"JH378113","6355086","6355218","chr5","134548883","134549014","19","128193797"
"JH378113","6419445","6419577","chr11","62685529","62685675","21","56266084"
"JH378113","6419886","6419902","chr13","58331958","58331974","1","51912072"
"JH378113","6447802","6447949","chr9","109052903","109053059","31","102605101"
"JH378113","6448252","6448387","chr11","62656212","62656347","14","56207960"
"JH378113","6547771","6547911","chr19","16484646","16484783","18","9936875"
"JH378113","6559069","6559369","chr15","24545436","24545735","51","17986367"
"JH378113","6598986","6599278","chr11","62498481","62498777","28","55899495"
"JH378113","6606640","6606916","chr18","26301882","26302159","56","19695242"
"JH378113","6649945","6650046","chr15","62192963","62193065","10","55543018"
"JH378113","6654767","6655124","chr14","44902307","44902640","63","38247540"
"JH378113","6670600","6670888","chr2","171069733","171070026","46","164399133"
"JH378113","6687727","6687826","chr4","25103549","25103650","15","18415822"
"JH378113","6689098","6689398","chr11","62409205","62409503","32","55720107"
"JH378113","6720190","6720359","chr11","113488411","113488571","41","106768221"
"JH378113","6720383","6720505","chr12","118032562","118032684","17","111312179"
"JH378113","6724636","6724938","chr11","62374685","62374981","24","55650049"
"JH378113","6736680","6736852","chr11","62364034","62364203","12","55627354"
"JH378113","6737135","6737263","chr11","62363607","62363735","7","55626472"
"JH378113","6742426","6742711","chr11","62358788","62359076","28","55616362"
"JH378113","6745201","6745461","chr11","62355949","62356237","37","55610748"
"JH378113","6757300","6757456","chr8","105584647","105584802","35","98827347"
"JH378113","6757484","6757609","chr5","92450978","92451101","11","85693494"
"JH378113","6773064","6773356","chr11","62327430","62327706","31","55554366"
"JH378113","6777821","6778094","chr4","150240009","150240273","52","143462188"
"JH378113","6785824","6786128","chr8","107424329","107424631","48","100638505"
"JH378113","6795316","6795607","chr11","62305722","62306024","24","55510406"
"JH378113","6844112","6844411","chr11","62249590","62249879","27","55405478"
"JH378113","6848936","6849237","chr11","62244356","62244673","34","55395420"
"JH378113","6917434","6917746","chr11","62177819","62178117","38","55260385"
"JH378113","6927212","6927439","chr11","62168181","62168408","17","55240969"
"JH378113","7079121","7079273","chr11","31973422","31973574","6","24894301"
"JH378113","7295889","7295982","chr2","197356566","197356657","17","190060677"
"JH378113","7308580","7308867","chr11","31727474","31727772","32","24418894"
"JH378113","7521313","7521618","chr2","58991049","58991353","47","51469736"
"JH378113","7594252","7594566","chr5","121252156","121252479","65","113657904"
"JH378113","7621761","7622071","chr1","192064155","192064466","45","184442394"
"JH378113","7627410","7627509","chr10","17134689","17134790","8","9507279"
"JH378113","7699762","7700069","chr4","32344929","32345231","49","24645167"
"JH378113","7801728","7802037","chr11","31203993","31204302","23","23402265"
"JH378113","7803894","7804166","chr20","10917488","10917759","45","3113594"
"JH378113","7903562","7903577","chr5","116430521","116430534","2","108526959"
"JH378113","7903613","7903887","chr7","79663993","79664269","45","71760380"
"JH378113","7953075","7953201","chr5","121250169","121250295","8","113297094"
"JH378113","7976240","7976522","chr11","31032660","31032942","23","23056420"
"JH378113","7984108","7984199","chr11","31025186","31025280","9","23041078"
"JH378113","8127662","8127729","chr1","120993285","120993358","13","112865623"
"JH378113","8238217","8238422","chr11","30762163","30762361","23","22523946"
"JH378113","8245055","8245267","chrX","8191449","8191664","33","53606"
"JH378113","8262573","8262721","chr11","30740471","30740622","15","22477898"
"JH378113","8434660","8434960","chr11","30567294","30567593","24","22132634"
"JH378113","8448060","8448368","chr11","30554058","30554377","33","22105998"
"JH378113","8594574","8594893","chr5","153214311","153214626","55","144619737"
"JH378113","8615887","8616147","chr3","181664144","181664404","44","173048257"
"JH378113","8910683","8910976","chr11","30077921","30078217","23","21167238"
"JH378113","8919849","8920155","chr11","30068613","30068919","16","21148764"
"JH378113","9184309","9184619","chr1","192064155","192064466","51","182879846"
"JH378113","9618541","9618856","chr5","60671568","60671876","45","51053027"
"JH378113","9768783","9769096","chr11","29249660","29249956","33","19480877"
"JH378113","9850972","9851286","chr11","29164419","29164720","31","19313447"
"JH378113","9974905","9975208","chr22","6475349","6475647","47","3499556"
"JH378113","10061765","10061993","chr11","28923819","28924032","33","18862054"
"JH378113","10068760","10069072","chr11","28916369","28916677","30","18847609"
"JH378113","10198180","10198461","chr11","28776887","28777188","37","18578707"
"JH378113","10202473","10202773","chr11","28773886","28774166","38","18571413"
"JH378113","10206633","10206917","chr11","28769713","28770006","23","18563080"
"JH378113","10230249","10230360","chr11","28745834","28745941","14","18515585"
"JH378113","10359061","10359399","chr5","78660273","78660595","84","68301212"
"JH378113","10369325","10369616","chr11","28599711","28600000","46","18230386"
"JH378113","10441020","10441290","chr11","28524410","28524713","54","18083390"
"JH378113","10461530","10461840","chr11","28502623","28502946","28","18041093"
"JH378113","10484715","10485025","chr11","28479323","28479615","38","17994608"
"JH378113","10488860","10489165","chr4","122413430","122413737","45","111924570"
"JH378113","10491449","10491724","chr11","28472056","28472331","22","17980607"
"JH378113","10517641","10517695","chr14","75224987","75225044","8","64707346"
"JH378113","10554806","10555081","chr11","28412219","28412492","19","17857413"
"JH378113","10570536","10570828","chr11","28395717","28396009","25","17825181"
"JH378113","10575691","10575855","chr11","89539854","89540011","40","78964163"
"JH378113","10615162","10615447","chr14","68766198","68766489","47","58151036"
"JH378113","10647754","10648069","chr11","28313154","28313463","27","17665400"
"JH378113","10648585","10648880","chr11","28312035","28312320","30","17663450"
"JH378113","10649467","10649748","chr11","28311184","28311466","20","17661717"
"JH378113","10659934","10660047","chr1","79573674","79573782","17","68913740"
"JH378113","10668384","10668622","chr11","28291227","28291483","40","17622843"
"JH378113","10675538","10675845","chr11","28283574","28283862","36","17608036"
"JH378113","10687530","10687618","chr5","97699973","97700059","12","87012443"
"JH378113","10701523","10701622","chr10","14807581","14807670","17","4106058"
"JH378113","10726186","10726458","chr11","28236372","28236640","26","17510186"
"JH378113","10753820","10754104","chr11","28212803","28213088","14","17458983"
"JH378113","10769693","10769984","chr11","28197232","28197532","26","17427539"
"JH378113","10780583","10780892","chr2","15547631","15547934","42","4767048"
"JH378113","10798045","10798237","chr1","64422557","64422745","48","53624512"
"JH378113","10798523","10798597","chr11","28165433","28165506","2","17366910"
"JH378113","10822148","10822435","chr11","28139977","28140286","41","17317829"
"JH378113","10830406","10830605","chr12","31494456","31494658","32","20664050"
"JH378113","10833538","10833851","chr7","87007315","87007626","39","76173777"
"JH378113","10847229","10847515","chr11","28112905","28113191","10","17265676"
"JH378113","10852248","10852538","chr1","176379838","176380129","47","165527590"
"JH378113","10860763","10861078","chr5","60671568","60671876","64","49810805"
"JH378113","10870041","10870327","chr11","28093207","28093507","30","17223166"
"JH378113","10904748","10905039","chr9","103813494","103813787","48","92908746"
"JH378113","10905043","10905346","chr11","28055928","28056235","28","17150885"
"JH378113","10950343","10950636","chr11","28010800","28011092","15","17060457"
"JH378113","10987590","10987891","chr11","27973948","27974248","21","16986358"
"JH378113","10992447","10992730","chr10","18515707","18515993","49","7523260"
"JH378113","11007023","11007314","chr11","27954867","27955164","24","16947844"
"JH378113","11020144","11020416","chr11","27940871","27941148","27","16920727"
"JH378113","11086133","11086442","chr21","47789320","47789621","48","36703187"
"JH378113","11097220","11097344","chrUn_GL286435","4468","4592","11","11092752"
"JH378113","11196175","11196446","chr10","11536249","11536517","56","340074"
"JH378113","11206048","11206224","chr3","109193190","109193367","26","97987142"
"JH378113","11206248","11206375","chr5","914442","914562","17","10291806"
"JH378113","11275212","11275489","chr11","27658604","27658885","17","16383392"
"JH378113","11337618","11337917","chr4","18308696","18309003","51","6971078"
"JH378113","11342250","11342538","chr7","57660000","57660288","51","46317750"
"JH378113","11436206","11436507","chr11","27462410","27462707","17","16026204"
"JH378113","11443013","11443298","chr11","27455675","27455961","22","16012662"
"JH378113","11482680","11482968","chr11","27418132","27418431","27","15935452"
"JH378113","11522221","11522352","chr10","1576634","1576765","7","9945587"
"JH378113","11531050","11531352","chr5","57498204","57498505","61","45967154"
"JH378113","11728431","11728735","chr11","27170312","27170605","33","15441881"
"JH378113","11762999","11763276","chr11","27130770","27131053","29","15367771"
"JH378113","11844523","11844833","chr11","27053836","27054142","21","15209313"
"JH378113","11864832","11865140","chr19","24532063","24532368","42","12667231"
"JH378113","11866018","11866306","chr11","27030748","27031035","21","15164730"
"JH378113","11879757","11880060","chr11","27016636","27016938","35","15136879"
"JH378113","11890906","11891210","chr11","27005184","27005486","20","15114278"
"JH378113","11946536","11946850","chr11","26946693","26947001","22","15000157"
"JH378113","11948136","11948446","chr11","26945127","26945430","31","14996991"
"JH378113","11957624","11957905","chr11","26932685","26932979","36","14975061"
"JH378113","11980269","11980579","chr1","93648607","93648915","46","81668338"
"JH378113","12023769","12024030","chr11","26850791","26851060","27","14827022"
"JH378113","12055628","12055912","chr9","37500042","37500329","43","25444414"
"JH378113","12091461","12091524","chr22","3960229","3960291","13","8131232"
"JH378113","12140235","12140532","chr11","26732483","26732782","23","14592248"
"JH378113","12241475","12241781","chr19","46819491","46819803","45","34578016"
"JH378113","12362797","12363104","chr11","26510392","26510691","33","14147595"
"JH378113","12616978","12617281","chr11","26226655","26226956","25","13609677"
"JH378113","12622492","12622800","chr11","26220971","26221272","28","13598479"
"JH378113","12651208","12651538","chr18","6198360","6198690","59","6452848"
"JH378113","12668841","12668990","chr1","179573988","179574133","20","166905147"
"JH378113","12684933","12685228","chr11","26150630","26150921","31","13465697"
"JH378113","12794198","12794452","chr11","26001120","26001385","41","13206922"
"JH378113","12933947","12934252","chr11","25865497","25865801","31","12931550"
"JH378113","12959569","12959900","chr11","25840054","25840372","40","12880485"
"JH378113","13112277","13112401","chr2","61977514","61977640","21","48865237"
"JH378113","13221155","13221282","chr14","40096400","40096532","17","26875245"
"JH378113","13221312","13221490","chr22","23747876","23748054","26","10526564"
"JH378113","13247109","13247409","chr5","63565675","63565978","52","50318566"
"JH378113","13413883","13414195","chr11","25351785","25352094","22","11937902"
"JH378113","13543238","13543550","chr5","79478782","79479093","51","65935544"
"JH378113","13567831","13568143","chr11","25188797","25189098","43","11620966"
"JH378113","13575137","13575400","chr11","25181472","25181741","32","11606335"
"JH378113","13854115","13854404","chr3","5913393","5913684","41","7940722"
"JH378113","14037999","14038292","chr4","107899041","107899332","43","93861042"
"JH378113","14046922","14047194","chr11","24700487","24700759","21","10653565"
"JH378113","14096305","14096602","chr11","24650258","24650535","37","10553953"
"JH378113","14112781","14113082","chr11","24633410","24633717","45","10520629"
"JH378113","14138463","14138771","chr6","14685519","14685821","46","547056"
"JH378113","14139034","14139349","chr7","88203082","88203389","50","74064048"
"JH378113","14189953","14190210","chr11","24556380","24556638","16","10366427"
"JH378113","14191619","14191827","chr8","70610070","70610287","40","56418451"
"JH378113","14257472","14257765","chr9","107282719","107283014","41","93025247"
"JH378113","14288347","14288513","chr22","16594490","16594652","20","2306143"
"JH378113","14289852","14290171","chr11","24454506","24454821","32","10164654"
"JH378113","14300600","14300904","chr11","24444070","24444378","38","10143470"
"JH378113","14326918","14327061","chr22","41664277","41664416","16","27337359"
"JH378113","14364220","14364515","chr11","24375346","24375634","38","10011126"
"JH378113","14369493","14369801","chr5","60671568","60671876","34","46302075"
"JH378113","14386750","14387047","chr11","24351770","24352070","18","9965020"
"JH378113","14410918","14411000","chr11","24308665","24308747","8","9897747"
"JH378113","14411074","14411373","chr6","30949549","30949848","46","16538475"
"JH378113","14416569","14416706","chr2","7654100","7654224","25","6762469"
"JH378113","14425894","14425976","chr11","24308665","24308747","8","9882771"
"JH378113","14426050","14426349","chr6","30949549","30949848","46","16523499"
"JH378113","14446673","14446976","chr11","24286507","24286809","20","9839834"
"JH378113","14462598","14462770","chr11","24272329","24272502","19","9809731"
"JH378113","14473142","14473439","chr11","24262199","24262500","23","9789057"
"JH378113","14476253","14476353","chr3","89922494","89922594","18","75446241"
"JH378113","14484594","14484874","chr7","155820694","155820974","10","141336100"
"JH378113","14489890","14489989","chr11","16663394","16663489","15","2173504"
"JH378113","14492626","14492946","chr2","128127505","128127821","33","113634879"
"JH378113","14494310","14494454","chr11","24240329","24240473","10","9746019"
"JH378113","14494749","14494911","chr11","24239881","24240037","15","9745132"
"JH378113","14498213","14498489","chr2","35255482","35255752","54","20757269"
"JH378113","14508108","14508398","chr11","24227072","24227365","28","9718964"
"JH378113","14508771","14508899","chr5","59740562","59740690","14","45231791"
"JH378113","14508923","14509096","chr2","175806","175971","26","14333117"
"JH378113","14529845","14530140","chr11","24204949","24205242","17","9675104"
"JH378113","14546964","14547252","chr6","84195935","84196223","57","69648971"
"JH378113","14547256","14547387","chr11","24187716","24187847","9","9640460"
"JH378113","14571910","14572062","chr11","24159890","24160059","23","9587980"
"JH378113","14586785","14587087","chr11","24146744","24147049","29","9559959"
"JH378113","14636474","14636759","chr11","24098661","24098946","15","9462187"
"JH378113","14671428","14671747","chr11","24060712","24060997","55","9389284"
"JH378113","14674502","14674787","chr11","24057364","24057656","22","9382862"
"JH378113","14674788","14675059","chr11","24057086","24057361","23","9382298"
"JH378113","14680404","14680700","chr11","24049696","24049987","43","9369292"
"JH378113","14681011","14681069","chr11","24049325","24049383","4","9368314"
"JH378113","14716120","14716248","chr1","204040815","204040945","23","189324695"
"JH378113","14717366","14717516","chr12","16534163","16534311","20","1816797"
"JH378113","14717544","14717680","chr7","2738598","2738725","27","11978946"
"JH378113","14752948","14753230","chr11","23961902","23962173","30","9208954"
"JH378113","14764908","14765193","chr11","23950387","23950674","29","9185479"
"JH378113","14767617","14767653","chr11","23947949","23947986","5","9180332"
"JH378113","14767698","14767958","chr11","23947657","23947912","23","9179959"
"JH378113","14778699","14778971","chr11","23937010","23937310","39","9158311"
"JH378113","14809035","14809163","chr11","23905147","23905267","22","9096112"
"JH378113","14888071","14888355","chr11","23825345","23825636","37","8937274"
"JH378113","14911588","14911708","chr1","179586986","179587106","13","164675398"
"JH378113","14911741","14911914","chr5","134311911","134312087","32","119400170"
"JH378113","14919028","14919332","chr11","23789291","23789584","38","8870263"
"JH378113","14949269","14949578","chr11","23750547","23750825","47","8801278"
"JH378113","15029766","15030062","chr6","45118644","45118946","44","30088878"
"JH378113","15038893","15039215","chr11","23685722","23686047","32","8646829"
"JH378113","15043504","15043632","chr11","23681350","23681478","11","8637846"
"JH378113","15043764","15043893","chr2","129037282","129037414","23","113993518"
"JH378113","15043894","15044061","chr11","23680916","23681086","10","8637022"
"JH378113","15047221","15047557","chrUn_GL288637","16169","16491","43","15031052"
"JH378113","15127503","15127627","chr5","73267316","73267440","8","58139813"
"JH378113","15133367","15133666","chr11","23553931","23554234","21","8420564"
"JH378113","15160798","15161070","chr11","23509393","23509656","25","8348595"
"JH378113","15162340","15162628","chr11","23507850","23508135","21","8345510"
"JH378113","15167260","15167478","chr10","21702742","21702957","62","6535482"
"JH378113","15185466","15185770","chr11","23484535","23484811","51","8299069"
"JH378113","15234044","15234334","chr11","23437906","23438196","13","8203862"
"JH378113","15246731","15246858","chr4","155425","155552","16","15091306"
"JH378113","15247136","15247311","chr11","23424007","23424173","11","8176871"
"JH378113","15255911","15256215","chr20","42041976","42042274","47","26786065"
"JH378113","15272931","15273233","chr16","46034616","46034911","55","30761685"
"JH378113","15276219","15276524","chr22","3232436","3232747","48","12043783"
"JH378113","15281485","15281785","chr11","23392183","23392475","23","8110698"
"JH378113","15287423","15287718","chr11","23386641","23386951","43","8099218"
"JH378113","15289875","15290100","chr11","23384274","23384504","29","8094399"
"JH378113","15298195","15298515","chr11","23374340","23374649","30","8076145"
"JH378113","15301726","15302068","chrX","605542","605896","98","14696184"
"JH378113","15309737","15310053","chr11","23360745","23361045","38","8051008"
"JH378113","15341569","15341877","chr11","23322600","23322912","34","7981031"
"JH378113","15345659","15345955","chr11","23318472","23318764","20","7972813"
"JH378113","15362973","15363280","chr11","23300939","23301248","27","7937966"
"JH378113","15400608","15400829","chr11","23262112","23262332","17","7861504"
"JH378113","15422199","15422501","chr11","23240772","23241063","26","7818573"
"JH378113","15445614","15445927","chr5","109040574","109040890","60","93594960"
"JH378113","15541204","15541511","chr13","39766715","39767019","44","24225511"
"JH378113","15656312","15656600","chr13","45166998","45167286","55","29510686"
"JH378113","15677816","15677854","chr11","22981395","22981433","0","7303579"
"JH378113","15680579","15680873","chr12","113840087","113840383","48","98159508"
"JH378113","15686203","15686503","chr11","22963821","22964110","29","7277618"
"JH378113","15739363","15739634","chr11","22906391","22906674","27","7167028"
"JH378113","15768491","15768797","chr11","22879094","22879392","32","7110603"
"JH378113","15804026","15804309","chr11","22814187","22814470","19","7010161"
"JH378113","15841499","15841635","chr4","58657197","58657333","23","42815698"
"JH378113","15841936","15842115","chr15","46998314","46998492","27","31156378"
"JH378113","15922485","15922768","chr11","22675172","22675463","24","6752687"
"JH378113","15928330","15928621","chr11","22668953","22669246","25","6740623"
"JH378113","15931333","15931442","chr11","22666426","22666535","7","6735093"
"JH378113","15931632","15931881","chr1","181331511","181331760","41","165399879"
"JH378113","15948096","15948395","chr11","22646994","22647279","30","6698898"
"JH378113","15958082","15958384","chr11","22636357","22636650","35","6678275"
"JH378113","15960578","15960733","chr1","153457816","153457967","25","137497238"
"JH378113","15972049","15972182","chr8","95782453","95782588","13","79810404"
"JH378113","16089137","16089287","chr5","92983842","92983991","25","76894705"
"JH378113","16134320","16134630","chr3","45035002","45035310","68","28900682"
"JH378113","16135291","16135445","chr2","38920414","38920571","28","22785123"
"JH378113","16178907","16179224","chr11","22380060","22380372","39","6201153"
"JH378113","16223672","16223793","chr1","146581964","146582086","20","130358292"
"JH378113","16223827","16224002","chr12","71209570","71209744","27","54985743"
"JH378113","16256457","16256533","chr11","22296053","22296131","8","6039596"
"JH378113","16256534","16256573","chr11","22296013","22296052","2","6039479"
"JH378113","16302689","16302989","chr14","88593868","88594174","47","72291179"
"JH378113","16322672","16322908","chr10","129163001","129163244","43","112840329"
"JH378113","16358888","16359053","chr11","22185490","22185656","14","5826602"
"JH378113","16445890","16446062","chr11","22081148","22081316","11","5635258"
"JH378113","16501408","16501474","chr1","200318768","200318833","7","183817360"
"JH378113","16501543","16501698","chr1","203116394","203116541","29","186614851"
"JH378113","16678933","16679044","chr21","7191017","7191125","14","9487916"
"JH378113","16697982","16698276","chr11","21649836","21650127","22","4951854"
"JH378113","16752079","16752363","chr11","21581868","21582129","42","4829789"
"JH378113","16758373","16758683","chr11","21575153","21575463","17","4816780"
"JH378113","16788103","16788232","chr12","50856832","50856963","6","34068729"
"JH378113","16840925","16841041","chr11","64887460","64887576","10","48046535"
"JH378113","16846012","16846262","chr11","21480230","21480480","20","4634218"
"JH378113","16863433","16863725","chr11","21461683","21461979","18","4598250"
"JH378113","16899821","16900128","chr11","21416881","21417185","21","4517060"
"JH378113","16994840","16995139","chr11","21319642","21319931","38","4324802"
"JH378113","17009941","17010233","chr11","21304470","21304775","47","4294529"
"JH378113","17010667","17010969","chr11","21303583","21303889","35","4292916"
"JH378113","17047406","17047703","chr11","21267146","21267442","30","4219740"
"JH378113","17072930","17073225","chr14","32694748","32695037","42","15621818"
"JH378113","17088240","17088375","chr19","24944036","24944169","14","7855796"
"JH378113","17093730","17094031","chr11","21222812","21223099","44","4129082"
"JH378113","17122295","17122522","chr11","21191571","21191799","11","4069276"
"JH378113","17125369","17125669","chr11","21188444","21188736","27","4063075"
"JH378113","17135516","17135814","chr11","21178257","21178548","25","4042741"
"JH378113","17136462","17136773","chr11","21177331","21177616","47","4040869"
"JH378113","17173249","17173554","chr11","21136798","21137092","47","3963549"
"JH378113","17189164","17189320","chrX","23402641","23402795","19","6213477"
"JH378113","17209355","17209544","chr11","21099160","21099347","33","3889805"
"JH378113","17212167","17212465","chr11","21096237","21096541","26","3884070"
"JH378113","17226645","17226950","chr4","44905209","44905510","39","27678564"
"JH378113","17236630","17236761","chrUn_GL286743","5711","5841","10","17230919"
"JH378113","17253299","17253402","chrUn_GL286468","12852","12955","9","17240447"
"JH378113","17253699","17253905","chrUn_GL286469","100387","100594","20","17153312"
"JH378113","17272565","17272868","chr11","21052755","21053055","24","3780190"
"JH378113","17292509","17292810","chr11","21031389","21031694","20","3738880"
"JH378113","17296647","17296945","chr1","185090785","185091086","34","167794138"
"JH378113","17332954","17333249","chr11","20992310","20992615","33","3659356"
"JH378113","17345198","17345402","chr11","20982013","20982222","32","3636815"
"JH378113","17366289","17366577","chr11","20959056","20959344","20","3592767"
"JH378113","17368903","17368931","chr14","21213604","21213632","4","3844701"
"JH378113","17386057","17386357","chr11","20936771","20937069","25","3550714"
"JH378113","17388773","17389068","chr5","8369528","8369816","44","9019245"
"JH378113","17390974","17391260","chr11","20931862","20932171","36","3540888"
"JH378113","17393831","17394056","chr12","28100470","28100671","63","10706639"
"JH378113","17394328","17394468","chrX","46953806","46953940","22","29559478"
"JH378113","17395141","17395265","chr12","50505478","50505602","9","33110337"
"JH378113","17401085","17401378","chr4","86893408","86893702","59","69492323"
"JH378113","17415532","17415820","chr18","38469349","38469638","39","21053817"
"JH378113","17427027","17427317","chr10","126175363","126175652","40","108748336"
"JH378113","17433717","17434012","chr11","20884666","20884937","39","3450949"
"JH378113","17434337","17434458","chr11","20884221","20884341","14","3449884"
"JH378113","17435259","17435451","chr11","20883194","20883405","33","3447935"
"JH378113","17440522","17440593","chr7","149334165","149334237","13","131893643"
"JH378113","17445425","17445521","chr2","66742297","66742395","14","49296872"
"JH378113","17455944","17456068","chr16","68125683","68125807","13","50669739"
"JH378113","17466045","17466208","chr11","20854642","20854805","8","3388597"
"JH378113","17466493","17466638","chr11","20854213","20854357","7","3387720"
"JH378113","17467209","17467467","chr11","20853397","20853649","19","3386188"
"JH378113","17477012","17477355","chr11","20844592","20844898","57","3367580"
"JH378113","17477751","17478041","chr11","20843941","20844231","17","3366190"
"JH378113","17483204","17483323","chr1","199935743","199935857","22","182452539"
"JH378113","17485104","17485211","chr2","200988950","200989057","16","183503846"
"JH378113","17488796","17488917","chr7","66567215","66567337","17","49078419"
"JH378113","17493572","17493664","chr12","79263969","79264058","17","61770397"
"JH378113","17502450","17502538","chr14","82910681","82910768","17","65408231"
"JH378113","17506044","17506335","chr2","171409466","171409757","51","153903422"
"JH378113","17541549","17541687","chr6","151265728","151265868","19","133724179"
"JH378113","17546428","17546732","chr4","151027874","151028177","47","133481446"
"JH378113","17555130","17555459","chr11","20751554","20751845","55","3196424"
"JH378113","17555830","17555947","chr12","37603172","37603286","15","20047342"
"JH378113","17563741","17563911","chr11","20744639","20744809","22","3180898"
"JH378113","17563912","17564218","chr11","20744343","20744638","38","3180431"
"JH378113","17564219","17564334","chr11","20744226","20744342","10","3180007"
"JH378113","17568279","17568563","chr3","53918958","53919241","39","36350679"
"JH378113","17584728","17584890","chr1","206535827","206535988","26","188951099"
"JH378113","17584934","17585107","chr11","20724154","20724327","13","3139220"
"JH378113","17595458","17595592","chr7","57419664","57419798","14","39824206"
"JH378113","17595893","17596073","chr1","187139465","187139637","31","169543572"
"JH378113","17601996","17602172","chr15","16290266","16290437","29","1311730"
"JH378113","17602481","17602584","chr22","5626763","5626871","22","11975718"
"JH378113","17609563","17609871","chr11","20702007","20702303","35","3092444"
"JH378113","17630597","17630907","chr11","20682775","20683086","19","3052178"
"JH378113","17636703","17636832","chr5","122992715","122992842","19","105356012"
"JH378113","17643468","17643756","chr11","20669485","20669785","42","3026017"
"JH378113","17650451","17650775","chr2","72606491","72606816","15","54956040"
"JH378113","17661522","17661826","chr2","21346505","21346800","45","3684983"
"JH378113","17664111","17664385","chr11","20644549","20644824","14","2980438"
"JH378113","17673694","17673992","chr4","15676661","15676955","44","1997033"
"JH378113","17685514","17685798","chr11","20624275","20624546","35","2938761"
"JH378113","17687046","17687339","chr11","20622734","20623017","32","2935688"
"JH378113","17704979","17705242","chr11","20605747","20605991","35","2900768"
"JH378113","17715289","17715599","chr11","20595932","20596240","21","2880643"
"JH378113","17742453","17742717","chr11","20568704","20568968","24","2826251"
"JH378113","17743402","17743520","chr16","75107059","75107175","14","57363657"
"JH378113","17743550","17743622","chr1","103003526","103003600","15","85259976"
"JH378113","17764036","17764168","chr20","11865196","11865328","10","5898840"
"JH378113","17769932","17770242","chr11","20542973","20543271","35","2773041"
"JH378113","17776425","17776721","chr11","20536829","20537119","21","2760404"
"JH378113","17794684","17794811","chr11","20520537","20520668","9","2725853"
"JH378113","17813057","17813333","chr5","81571962","81572236","34","63758905"
"JH378113","17814095","17814422","chr7","6577072","6577412","29","11237023"
"JH378113","17834690","17834835","chr12","14627181","14627325","18","3207509"
"JH378113","17835132","17835309","chr2","68194826","68195000","33","50359694"
"JH378113","17855426","17855715","chr11","20463459","20463758","33","2608033"
"JH378113","17862645","17862776","chr11","20456300","20456431","11","2593655"
"JH378113","17866902","17867172","chr18","35076523","35076783","37","17209621"
"JH378113","17867197","17867209","chr22","7196062","7196074","0","10671135"
"JH378113","17869320","17869623","chr11","20448516","20448805","29","2579196"
"JH378113","17877332","17877621","chr11","20439297","20439600","31","2561965"
"JH378113","17881591","17881897","chr11","20435066","20435366","34","2553475"
"JH378113","17891520","17891634","chr14","62353874","62353988","2","44462354"
"JH378113","17894956","17895080","chr12","60927711","60927830","21","43032755"
"JH378113","17895168","17895248","chr16","50455767","50455848","14","32560599"
"JH378113","17895551","17895696","chrX","45713820","45713969","22","27818269"
"JH378113","17898506","17898820","chr11","20421338","20421645","32","2522832"
"JH378113","17900303","17900563","chr6","85378619","85378892","54","67478316"
"JH378113","17902050","17902337","chr11","106629196","106629486","53","88727146"
"JH378113","17906476","17906782","chr7","87007315","87007626","37","69100839"
"JH378113","17910584","17910883","chr11","20405610","20405913","29","2495026"
"JH378113","17915918","17916178","chr11","20399811","20400088","30","2483893"
"JH378113","17921899","17922030","chr1","116982946","116983076","8","99061047"
"JH378113","17922058","17922128","chr4","59846822","59846888","17","41924764"
"JH378113","17923616","17923838","chr6","119282500","119282721","35","101358884"
"JH378113","17930225","17930341","chr9","39177276","39177392","8","21247051"
"JH378113","17940501","17940632","chr22","49027232","49027360","10","31086731"
"JH378113","17945100","17945380","chr22","34763662","34763944","52","16818562"
"JH378113","17946706","17946874","chr4","3836765","3836932","27","14109941"
"JH378113","17949054","17949177","chr6","146422449","146422574","13","128473395"
"JH378113","17979142","17979230","chr11","20353781","20353866","7","2374639"
"JH378113","17982351","17982561","chr6","83472421","83472626","32","65490070"
"JH378113","17982707","17982769","chr2","21240361","21240422","16","3257654"
"JH378113","17991685","17991951","chr11","20342065","20342330","20","2350380"
"JH378113","17994101","17994372","chr11","20337140","20337418","24","2343039"
"JH378113","18002490","18002784","chr11","20328574","20328873","26","2326084"
"JH378113","18008350","18008624","chr11","20322648","20322923","25","2314298"
"JH378113","18033190","18033494","chr11","20292275","20292581","17","2259085"
"JH378113","18042980","18043281","chr11","20271491","20271794","23","2228511"
"JH378113","18046320","18046612","chr11","20268566","20268858","10","2222246"
"JH378113","18097972","18098211","chr11","20211524","20211748","24","2113552"
"JH378113","18118202","18118493","chr11","20190509","20190803","27","2072307"
"JH378113","18127676","18127978","chr1","199232878","199233180","47","181105202"
"JH378113","18154505","18154680","chr4","158077175","158077353","22","139922670"
"JH378113","18154969","18155109","chr19","25444565","25444701","19","7289596"
"JH378113","18207781","18208087","chr11","20094395","20094695","22","1886614"
"JH378113","18209128","18209422","chr11","20093093","20093359","39","1883965"
"JH378113","18237373","18237704","chr11","20064752","20065064","40","1827379"
"JH378113","18267086","18267350","chr20","39626928","39627190","48","21359842"
"JH378113","18293700","18294008","chr11","20013545","20013854","23","1719845"
"JH378113","18320829","18321153","chr11","19984229","19984542","32","1663400"
"JH378113","18362919","18363229","chr1","54425184","54425495","48","36062265"
"JH378113","18660532","18660802","chrX","118592369","118592639","48","99931837"
"JH378113","18675141","18675390","chr11","19631489","19631721","31","956348"
"JH378113","18676694","18676974","chr11","19629859","19630168","49","953165"
"JH378113","18833780","18834084","chr11","19467434","19467737","20","633654"
"JH378113","18859825","18860129","chr11","19446204","19446500","23","586379"
"JH378113","18870628","18870805","chr13","60880061","60880243","30","42009433"
"JH378113","18939133","18939266","chr11","19360947","19361073","14","421814"
"JH378113","19036557","19036848","chr11","19261414","19261709","32","224857"
"JH378113","19044150","19044441","chr11","19253885","19254175","24","209735"
"JH378113","19048334","19048621","chr11","19250026","19250314","22","201692"
"JH378113","19071100","19071390","chr11","19225837","19226126","20","154737"
"JH378113","19092231","19092521","chr11","19202935","19203240","32","110704"
"JH378113","19122746","19123047","chr11","19172642","19172943","19","49896"
"JH378113","19125589","19125850","chr12","50181005","50181240","57","31055416"
"JH378113","19160034","19160165","chr21","37466717","37466848","8","18306683"
"JH378113","19224133","19224399","chr4","54392874","54393141","51","35168741"
"JH378113","19228860","19229162","chr11","19067680","19067969","23","161180"
"JH378113","19289039","19289165","chr3","111016915","111017041","9","91727876"
"JH378113","19293001","19293120","chr7","69466074","69466193","9","50173073"
"JH378113","19309118","19309215","chr11","18974227","18974323","8","334891"
"JH378113","19320082","19320331","chr11","18963012","18963276","35","357070"
"JH378113","19327231","19327535","chr11","18955840","18956133","28","371391"
"JH378113","19387127","19387423","chr11","18889547","18889828","37","497580"
"JH378113","19422779","19422988","chr11","18853067","18853270","18","569712"
"JH378113","19591633","19591931","chr11","18676002","18676303","33","915631"
"JH378113","19593764","19594039","chr11","18673639","18673917","20","920125"
"JH378113","19600703","19600980","chr11","18666601","18666874","38","934102"
"JH378113","19636482","19636747","chr13","40267985","40268245","44","20631503"
"JH378113","19676505","19676780","chr11","18587636","18587920","32","1088869"
"JH378113","19676805","19677106","chr19","10208538","10208840","39","9468267"
"JH378113","19693754","19694063","chr11","18570647","18570955","23","1123107"
"JH378113","19708307","19708609","chr11","18555792","18556091","36","1152515"
"JH378113","19790022","19790294","chr5","59703499","59703781","49","39913477"
"JH378113","19841262","19841568","chr5","153959754","153960056","46","134118492"
"JH378113","19866926","19867207","chr11","18376382","18376663","19","1490544"
"JH378113","19880916","19881208","chr11","18360416","18360709","31","1520500"
"JH378113","19930913","19931185","chr2","14016467","14016744","41","5914446"
"JH378113","19935729","19936053","chr11","18300769","18301078","33","1634960"
"JH378113","19940061","19940205","chr11","18296423","18296571","12","1643638"
"JH378113","19940253","19940272","chr11","18296372","18296391","2","1643881"
"JH378113","19957690","19958005","chr5","60671568","60671876","54","40713878"
"JH378113","19971419","19971724","chr11","18263200","18263496","26","1708219"
"JH378113","20003311","20003620","chr11","18232164","18232460","38","1771147"
"JH378113","20033884","20034132","chr11","18200552","18200799","16","1833332"
"JH378113","20034422","20034542","chr22","16895377","16895506","32","3139045"
"JH378113","20041710","20042005","chr7","89951395","89951694","43","69909685"
"JH378113","20055805","20056114","chr11","18176880","18177194","21","1878925"
"JH378113","20059594","20059890","chr11","18173125","18173438","37","1886469"
"JH378113","20085682","20085804","chr7","30755463","30755591","20","10669781"
"JH378113","20090658","20090801","chr3","12054939","12055085","26","8035719"
"JH378113","20091077","20091235","chr11","18141544","18141688","21","1949533"
"JH378113","20107381","20107687","chr11","18123421","18123720","24","1983960"
"JH378113","20108713","20108933","chr7","96677976","96678191","32","76569263"
"JH378113","20198039","20198335","chr9","111354658","111354956","34","91156619"
"JH378113","20208014","20208285","chr11","18018710","18018986","22","2189304"
"JH378113","20210962","20211022","chr11","18015994","18016052","6","2194968"
"JH378113","20211035","20211110","chr11","18015912","18015981","12","2195123"
"JH378113","20213382","20213543","chr7","4398182","4398339","21","15815200"
"JH378113","20213842","20213977","chr5","35666368","35666500","15","15452526"
"JH378113","20248206","20248506","chr2","9772912","9773212","42","10475294"
"JH378113","20248680","20248992","chr12","54922986","54923288","54","34674306"
"JH378113","20273255","20273547","chrX","45579634","45579937","41","25306379"
"JH378113","20309809","20310119","chr10","82822382","82822690","42","62512573"
"JH378113","20391874","20392191","chr11","17821341","17821632","45","2570533"
"JH378113","20424177","20424482","chr5","19381000","19381301","55","1043177"
"JH378113","20544588","20544725","chr11","17658695","17658832","12","2885893"
"JH378113","20544726","20544852","chr18","13858274","13858404","19","6686452"
"JH378113","20544889","20545057","chr9","100620956","100621131","27","80076067"
"JH378113","20545058","20545225","chr11","17658188","17658355","18","2886870"
"JH378113","20599178","20599319","chr6","94631621","94631758","21","74032443"
"JH378113","20632685","20632863","chr11","53014605","53014787","40","32381920"
"JH378113","20632895","20633007","chr11","17562736","17562854","14","3070159"
"JH378113","20693135","20693269","chr8","122650292","122650425","20","101957157"
"JH378113","20694863","20695174","chr7","89951395","89951694","52","69256532"
"JH378113","20720511","20720809","chr5","60671568","60671876","45","39951057"
"JH378113","20731958","20732212","chr11","17460516","17460765","19","3271442"
"JH378113","20782138","20782441","chr11","17407689","17407992","20","3374449"
"JH378113","20892232","20892533","chr11","17287419","17287720","24","3604813"
"JH378113","20920246","20920539","chr11","17259252","17259550","24","3660994"
"JH378113","20924463","20924629","chr11","17255207","17255379","13","3669256"
"JH378113","20929159","20929492","chr9","107382137","107382469","55","86452978"
"JH378113","20931190","20931540","chr16","53165698","53166043","83","32234508"
"JH378113","20946825","20947145","chr6","132418982","132419297","52","111472157"
"JH378113","20992670","20992988","chr11","17188249","17188558","28","3804421"
"JH378113","21053981","21054063","chrX","123105738","123105822","8","102051757"
"JH378113","21068021","21068350","chr22","25242814","25243138","20","4174793"
"JH378113","21076092","21076389","chr5","74315290","74315586","49","53239198"
"JH378113","21077291","21077520","chr8","75059017","75059238","56","53981726"
"JH378113","21119000","21119112","chr13","28737707","28737816","18","7618707"
"JH378113","21134075","21134366","chr11","17028178","17028479","31","4105897"
"JH378113","21182284","21182570","chr11","16978620","16978895","27","4203664"
"JH378113","21213106","21213278","chr11","16946110","16946282","8","4266996"
"JH378113","21232970","21233129","chr10","102011400","102011558","23","80778430"
"JH378113","21245326","21245636","chr11","16914399","16914691","37","4330927"
"JH378113","21250054","21250349","chr11","16910105","16910398","33","4339949"
"JH378113","21253082","21253305","chr11","16906128","16906356","36","4346954"
"JH378113","21259721","21260010","chr5","139340930","139341218","48","118081209"
"JH378113","21274476","21274523","chr5","61442705","61442753","8","40168229"
"JH378113","21274805","21275044","chr1","135681082","135681304","60","114406277"
"JH378113","21279408","21279707","chr11","16883858","16884147","33","4395550"
"JH378113","21305497","21305812","chr12","90640982","90641292","49","69335485"
"JH378113","21314046","21314338","chr11","16841126","16841418","23","4472920"
"JH378113","21322923","21323225","chr6","31354359","31354662","41","10031436"
"JH378113","21339496","21339793","chr11","16808161","16808458","17","4531335"
"JH378113","21339973","21340128","chr6","116317756","116317911","23","94977783"
"JH378113","21341136","21341264","chr22","37786643","37786772","5","16445507"
"JH378113","21342516","21342638","chr11","16805036","16805158","10","4537480"
"JH378113","21347363","21347679","chr22","44350093","44350412","44","23002730"
"JH378113","21364233","21364544","chr11","16780778","16781076","31","4583455"
"JH378113","21377643","21377948","chr11","16768245","16768525","42","4609398"
"JH378113","21377964","21378243","chr11","16767951","16768230","12","4610013"
"JH378113","21399818","21400112","chr11","16747713","16748005","19","4652105"
"JH378113","21400384","21400513","chr11","16747311","16747432","11","4653073"
"JH378113","21419939","21420239","chr11","16728480","16728798","38","4691459"
"JH378113","21420241","21420442","chr17","73388365","73388597","94","51968124"
"JH378113","21420443","21420750","chr11","16728171","16728477","29","4692272"
"JH378113","21420751","21420814","chr10","32747425","32747488","10","11326674"
"JH378113","21422431","21422587","chr10","6697119","6697271","27","14725312"
"JH378113","21422868","21422981","chr22","2367058","2367172","10","19055810"
"JH378113","21431100","21431123","chr9","45274815","45274838","5","23843715"
"JH378113","21431153","21431438","chrX","118032361","118032643","42","96601208"
"JH378113","21432014","21432303","chr10","32591774","32592059","44","11159760"
"JH378113","21435488","21435608","chr7","88228689","88228810","11","66793201"
"JH378113","21444966","21445265","chr11","16702855","16703151","26","4742111"
"JH378113","21445797","21446075","chr11","16701324","16701631","53","4744473"
"JH378113","21446108","21446237","chr10","22364242","22364373","11","918134"
"JH378113","21464283","21464456","chr5","914230","914404","32","20550053"
"JH378113","21464770","21464905","chr5","1154706","1154841","17","20310064"
"JH378113","21469333","21469448","chr3","12897795","12897903","19","8571538"
"JH378113","21470043","21470222","chr19","33871815","33871988","23","12401772"
"JH378113","21472721","21472989","chr12","107469274","107469550","45","85996553"
"JH378113","21474430","21474727","chr11","16679677","16679972","24","4794753"
"JH378113","21479154","21479429","chr22","12641821","12642110","62","8837333"
"JH378113","21487559","21487820","chr5","654556","654836","56","20833003"
"JH378113","21500558","21500703","chr5","57644697","57644841","23","36144139"
"JH378113","21504018","21504283","chr11","16657822","16658090","15","4846196"
"JH378113","21513790","21513923","chr22","27187829","27187965","19","5674039"
"JH378113","21514195","21514357","chr6","85385558","85385720","26","63871363"
"JH378113","21522114","21522247","chr11","16640241","16640381","16","4881873"
"JH378113","21522550","21522691","chr11","16639820","16639960","15","4882730"
"JH378113","21525162","21525450","chr1","193428414","193428707","43","171903252"
"JH378113","21526352","21526609","chr10","11536249","11536517","51","9990103"
"JH378113","21536724","21537002","chr11","16625970","16626266","48","4910754"
"JH378113","21537132","21537260","chr18","13858274","13858404","13","7678858"
"JH378113","21547854","21548129","chr3","138484112","138484383","46","116936258"
"JH378113","21553008","21553115","chr16","48319967","48320074","8","26766959"
"JH378113","21555613","21555848","chr3","163130795","163131025","50","141575182"
"JH378113","21562405","21562620","chr2","31561076","31561280","44","9998671"
"JH378113","21576045","21576164","chr22","39643694","39643813","9","18067649"
"JH378113","21577980","21578109","chr6","42537056","42537184","24","20959076"
"JH378113","21580505","21580679","chr22","16432982","16433173","44","5147523"
"JH378113","21583153","21583453","chr11","16567369","16567664","30","5015784"
"JH378113","21618394","21618566","chr11","16531264","16531445","21","5087130"
"JH378113","21618872","21618994","chr11","16530837","16530958","7","5088035"
"JH378113","21669881","21670121","chr4","41525984","41526210","43","19856103"
"JH378113","21670548","21670819","chr4","31689745","31690018","48","10019197"
"JH378113","21673652","21673854","chr22","36903448","36903651","28","15229796"
"JH378113","21682834","21683021","chr7","66487997","66488175","47","44805163"
"JH378113","21688959","21689003","chr4","44817031","44817073","5","23128072"
"JH378113","21689467","21689545","chr5","124114189","124114266","8","102424722"
"JH378113","21689562","21689860","chr7","4663709","4663998","60","17025853"
"JH378113","21700562","21700836","chr11","16435774","16436067","38","5264788"
"JH378113","21710781","21711041","chr1","71127763","71128025","44","49416982"
"JH378113","21717143","21717341","chr11","14903011","14903205","39","6814132"
"JH378113","21717690","21717792","chr5","128597811","128597911","17","106880121"
"JH378113","21737574","21737850","chr11","16401611","16401894","48","5335963"
"JH378113","21751288","21751535","chr4","110413911","110414160","44","88662623"
"JH378113","21757115","21757422","chr11","16381439","16381748","18","5375676"
"JH378113","21762931","21763043","chr14","81250837","81250932","26","59487906"
"JH378113","21765203","21765276","chr5","41435478","41435550","7","19670275"
"JH378113","21769778","21769907","chr7","62940505","62940635","11","41170727"
"JH378113","21774309","21774611","chr11","16366067","16366353","32","5408242"
"JH378113","21775100","21775395","chr3","81535661","81535956","49","59760561"
"JH378113","21781613","21781911","chr10","58897622","58897909","58","37116009"
"JH378113","21787190","21787319","chr14","5482597","5482726","7","16304593"
"JH378113","21795800","21795904","chr16","19384673","19384779","17","2411127"
"JH378113","21796602","21796700","chr1","64914240","64914339","6","43117638"
"JH378113","21802385","21802595","chr10","8949564","8949768","34","12852821"
"JH378113","21806287","21806532","chr1","136775049","136775291","45","114968762"
"JH378113","21810622","21810837","chr7","50678291","50678504","37","28867669"
"JH378113","21811622","21811894","chr11","16318933","16319204","39","5492689"
"JH378113","21814083","21814387","chr1","141936400","141936701","50","120122317"
"JH378113","21815711","21815897","chr5","624691","624882","33","21191020"
"JH378113","21816402","21816541","chr10","120331605","120331742","24","98515203"
"JH378113","21816551","21816681","chr11","51766267","51766397","10","29949716"
"JH378113","21816830","21816986","chr11","16325723","16325882","15","5491107"
"JH378113","21821504","21821641","chr5","59377888","59378024","18","37556384"
"JH378113","21822264","21822451","chr5","7053731","7053918","32","14768533"
"JH378113","21823563","21823825","chr11","16318933","16319204","23","5504630"
"JH378113","21830006","21830312","chr11","16312458","16312762","19","5517548"
"JH378113","21837763","21838058","chr11","16304916","16305215","21","5532847"
"JH378113","21849078","21849230","chr1","175282590","175282747","18","153433512"
"JH378113","21849541","21849673","chr4","81170633","81170766","9","59321092"
"JH378113","21857397","21857541","chr1","118016922","118017064","20","96159525"
"JH378113","21857839","21858017","chr13","41164283","41164466","44","19306444"
"JH378113","21858029","21858360","chr7","127430341","127430675","58","105572312"
"JH378113","21858567","21858870","chr11","16286927","16287230","16","5571640"
"JH378113","21881061","21881235","chr5","79434982","79435149","26","57553921"
"JH378113","21910180","21910354","chr11","16237382","16237549","15","5672798"
"JH378113","21910666","21910737","chr20","21298892","21298961","8","611774"
"JH378113","21913222","21913494","chr4","71988315","71988594","55","50075093"
"JH378113","21917186","21917196","chr14","46254779","46254789","0","24337593"
"JH378113","21917223","21917513","chr2","15400642","15400928","47","6516581"
"JH378113","21948775","21949102","chr1","132083555","132083867","68","110134780"
"JH378113","21952499","21952793","chr11","16194869","16195164","20","5757630"
"JH378113","21952807","21952947","chr11","16194715","16194855","10","5758092"
"JH378113","21955111","21955200","chr8","48935477","48935558","19","26980366"
"JH378113","21956534","21956581","chr11","16191498","16191540","7","5765036"
"JH378113","21956888","21957024","chr11","16191055","16191191","9","5765833"
"JH378113","21962760","21962974","chr11","16188292","16188507","26","5774468"
"JH378113","21974988","21975144","chr11","16176177","16176334","23","5798811"
"JH378113","21976752","21976878","chrX","101515698","101515825","11","79538946"
"JH378113","21980821","21981143","chr11","16171544","16171872","30","5809277"
"JH378113","21988134","21988244","chr1","121166312","121166422","12","99178178"
"JH378113","21993367","21993666","chr11","16161788","16162078","29","5831579"
"JH378113","22001409","22001693","chr11","16155019","16155305","14","5846390"
"JH378113","22005379","22005487","chr1","64914240","64914339","14","42908861"
"JH378113","22005973","22006219","chr9","18666851","18667095","44","3339122"
"JH378113","22031508","22031641","chr9","39167271","39167402","8","17135763"
"JH378113","22037502","22037558","chr18","7864567","7864623","11","14172935"
"JH378113","22037626","22037840","chr7","96677976","96678191","33","74640350"
"JH378113","22052509","22052812","chr11","16107463","16107769","22","5945046"
"JH378113","22054947","22055106","chr19","27328430","27328590","23","5273483"
"JH378113","22055404","22055540","chr5","16056075","16056210","23","5999329"
"JH378113","22091074","22091189","chr11","16071011","16071126","3","6020063"
"JH378113","22094171","22094441","chr12","21401964","21402236","47","692207"
"JH378113","22094572","22094872","chr22","2175606","2175916","52","19918966"
"JH378113","22100724","22101053","chr11","16060959","16061261","49","6039765"
"JH378113","22101659","22101966","chr11","16060052","16060352","35","6041607"
"JH378113","22102101","22102232","chr1","66424865","66424994","11","44322764"
"JH378113","22107391","22107663","chr2","13609952","13610230","49","8497439"
"JH378113","22136208","22136341","chr11","16022732","16022867","14","6113476"
"JH378113","22136625","22136800","chr11","16022268","16022443","6","6114357"
"JH378113","22141371","22141681","chr7","73212097","73212399","57","51070726"
"JH378113","22152265","22152378","chr11","16009477","16009590","10","6142788"
"JH378113","22157572","22157875","chr11","16004216","16004518","17","6153356"
"JH378113","22164705","22165003","chr11","15997541","15997835","27","6167164"
"JH378113","22176459","22176551","chr5","39950162","39950255","9","17773703"
"JH378113","22177212","22177443","chr16","49743804","49744026","42","27566592"
"JH378113","22206879","22207014","chr11","15958106","15958241","9","6248773"
"JH378113","22219835","22220080","chr11","15945713","15945962","20","6274122"
"JH378113","22221312","22221625","chr11","15943824","15944132","22","6277488"
"JH378113","22270044","22270326","chr1","75327417","75327706","48","53057373"
"JH378113","22276169","22276459","chr7","61083922","61084210","37","38807753"
"JH378113","22316359","22316459","chr11","15847531","15847631","5","6468828"
"JH378113","22316486","22316659","chr11","15847338","15847504","16","6469148"
"JH378113","22322354","22322657","chr2","135193395","135193694","48","112871041"
"JH378113","22328115","22328437","chr3","118145445","118145758","49","95817330"
"JH378113","22332233","22332537","chr11","15831073","15831374","19","6501160"
"JH378113","22344851","22345151","chr11","15816103","15816401","10","6528748"
"JH378113","22391669","22391982","chr11","15771814","15772127","25","6619855"
"JH378113","22403893","22404147","chr12","24449601","24449856","40","2045708"
"JH378113","22439921","22440220","chr5","94146126","94146421","39","71706205"
"JH378113","22443376","22443678","chr13","39766715","39767019","58","17323339"
"JH378113","22471395","22471644","chr11","15692086","15692354","35","6779309"
"JH378113","22491582","22491866","chr11","15671365","15671633","35","6820217"
"JH378113","22503082","22503379","chr11","15660241","15660514","48","6842841"
"JH378113","22503528","22503769","chr20","32748129","32748361","44","10244601"
"JH378113","22535386","22535668","chr5","686397","686682","38","21848989"
"JH378113","22582954","22583253","chr11","15585409","15585714","27","6997545"
"JH378113","22585097","22585423","chr12","79219175","79219486","61","56634078"
"JH378113","22588404","22588693","chr11","15579998","15580279","28","7008406"
"JH378113","22623201","22623505","chr11","15543987","15544281","33","7079214"
"JH378113","22632768","22633029","chr11","15534887","15535164","47","7097881"
"JH378113","22688305","22688598","chr12","44837282","44837578","46","22148977"
"JH378113","22709142","22709433","chr11","15458118","15458409","28","7251024"
"JH378113","22715629","22715906","chr11","15451700","15451980","16","7263929"
"JH378113","22729363","22729670","chr11","15437713","15438008","34","7291650"
"JH378113","22751379","22751511","chrX","47622164","47622299","15","24870785"
"JH378113","22789572","22789845","chr11","15375618","15375860","56","7413954"
"JH378113","22821310","22821361","chr15","7390699","7390746","7","15430611"
"JH378113","22821378","22821425","chr11","126439338","126439385","6","103617960"
"JH378113","22957872","22958187","chr5","44014472","44014781","49","21056600"
"JH378113","22961888","22962185","chr5","158153544","158153838","56","135191656"
"JH378113","22998869","22999029","chr11","15159012","15159183","20","7839857"
"JH378113","23036633","23036923","chr22","6475349","6475647","45","16561284"
"JH378113","23048466","23048746","chr7","149093581","149093862","44","126045115"
"JH378113","23089468","23089649","chr1","97334933","97335119","25","74245465"
"JH378113","23091406","23091726","chr11","15064266","15064565","49","8027140"
"JH378113","23109974","23110304","chr4","160182652","160182961","59","137072678"
"JH378113","23112973","23113278","chr11","15038935","15039217","39","8074038"
"JH378113","23134999","23135297","chr1","171693875","171694176","50","148558876"
"JH378113","23169283","23169586","chr1","164645124","164645420","46","141475841"
"JH378113","23175291","23175609","chr13","60820877","60821192","51","37645586"
"JH378113","23197207","23197342","chr11","14952651","14952785","6","8244556"
"JH378113","23197629","23197811","chr11","14952204","14952369","24","8245425"
"JH378113","23208979","23209239","chr11","14940667","14940946","34","8268312"
"JH378113","23219852","23220021","chr4","139254527","139254693","23","116034675"
"JH378113","23220322","23220454","chr5","38779638","38779774","15","15559316"
"JH378113","23231082","23231233","chr11","14918961","14919108","14","8312121"
"JH378113","23238334","23238378","chr1","138575196","138575243","7","115336862"
"JH378113","23247212","23247338","chr12","114293829","114293951","21","91046617"
"JH378113","23249214","23249346","chr2","24674596","24674728","13","1425382"
"JH378113","23250240","23250534","chr5","23069909","23070203","43","180331"
"JH378113","23251007","23251249","chr17","4337654","4337885","45","18913353"
"JH378113","23290875","23291037","chr2","5319626","5319770","37","17971249"
"JH378113","23291321","23291357","chr1","181701697","181701729","8","158410376"
"JH378113","23291368","23291476","chr9","100516868","100516974","7","77225500"
"JH378113","23298502","23298870","chr1","202987959","202988312","70","179689457"
"JH378113","23298871","23298948","chr8","33851352","33851427","11","10552481"
"JH378113","23321021","23321184","chr6","16991325","16991483","24","6329696"
"JH378113","23321491","23321601","chr9","44528748","44528858","15","21207257"
"JH378113","23324023","23324309","chr11","14823052","14823336","24","8500971"
"JH378113","23369188","23369486","chr11","14777018","14777319","19","8592170"
"JH378113","23385652","23385953","chr1","171233285","171233579","44","147847633"
"JH378113","23387271","23387537","chr11","14758188","14758456","40","8629083"
"JH378113","23396528","23396822","chr11","14749299","14749600","21","8647229"
"JH378113","23399373","23399642","chr11","14746793","14747062","26","8652580"
"JH378113","23405294","23405566","chr5","47589049","47589314","53","24183755"
"JH378113","23411764","23412013","chr11","14734589","14734828","27","8677175"
"JH378113","23412035","23412324","chr11","14734285","14734568","19","8677750"
"JH378113","23425746","23426055","chr9","35365483","35365792","49","11939737"
"JH378113","23426060","23426237","chr1","167842706","167842885","27","144416646"
"JH378113","23428978","23429265","chr5","6379289","6379573","45","17049689"
"JH378113","23446411","23446737","chr11","14698007","14698326","34","8748404"
"JH378113","23449893","23450204","chr11","14694862","14695153","37","8755031"
"JH378113","23457183","23457482","chr11","14687820","14688111","21","8769363"
"JH378113","23457863","23458161","chr2","46872808","46873113","54","23414945"
"JH378113","23459522","23459803","chr11","14685651","14685923","18","8773871"
"JH378113","23460970","23461105","chr2","151732410","151732545","28","128271440"
"JH378113","23461155","23461284","chr11","14684168","14684297","15","8776987"
"JH378113","23466048","23466160","chrX","122385777","122385886","24","98919729"
"JH378113","23481153","23481441","chr6","14552763","14553055","45","8928390"
"JH378113","23483483","23483776","chr6","157751832","157752133","44","134268349"
"JH378113","23492372","23492671","chr11","14648764","14649058","22","8843608"
"JH378113","23504656","23504912","chr11","14637668","14637914","33","8866988"
"JH378113","23542732","23542873","chr3","40695978","40696120","33","17153246"
"JH378113","23546213","23546488","chr5","72139665","72139949","47","48593452"
"JH378113","23553179","23553363","chr1","172967701","172967874","36","149414522"
"JH378113","23554377","23554503","chr20","27737933","27738059","24","4183556"
"JH378113","23558917","23559210","chr11","14579866","14580156","22","8979051"
"JH378113","23595036","23595313","chr3","143603079","143603347","54","120008043"
"JH378113","23596118","23596286","chr13","86805759","86805925","25","63209641"
"JH378113","23596602","23596737","chr11","14540009","14540144","12","9056593"
"JH378113","23624242","23624548","chr11","14496751","14497046","27","9127491"
"JH378113","23644715","23645011","chr11","14477103","14477399","10","9167612"
"JH378113","23657443","23657717","chr6","85152193","85152469","48","61494750"
"JH378113","23674900","23675207","chr11","14442407","14442704","35","9232493"
"JH378113","23698569","23698891","chr15","76801186","76801505","55","53102617"
"JH378113","23704787","23705087","chr22","6475349","6475647","52","17229438"
"JH378113","23712409","23712707","chr11","14405536","14405818","38","9306873"
"JH378113","23724550","23724856","chr3","84173060","84173366","33","60448510"
"JH378113","23731297","23731610","chr11","14384249","14384562","19","9347048"
"JH378113","23737995","23738296","chr1","84092652","84092958","51","60354657"
"JH378113","23745079","23745381","chr11","14369432","14369736","29","9375647"
"JH378113","23750804","23751107","chr11","14364744","14365047","14","9386060"
"JH378113","23795113","23795434","chrX","47580211","47580519","58","23785098"
"JH378113","23802073","23802381","chr11","14316344","14316641","29","9485729"
"JH378113","23814725","23815017","chr11","14304030","14304321","16","9510695"
"JH378113","23929699","23930007","chr11","14183800","14184105","22","9745899"
"JH378113","23988201","23988440","chr2","10179778","10180014","36","13808423"
"JH378113","24049961","24050259","chr6","93743480","93743779","42","69693519"
"JH378113","24129655","24129925","chr11","13965876","13966151","24","10163779"
"JH378113","24196181","24196447","chr11","13895047","13895310","24","10301134"
"JH378113","24201796","24201911","chr2","134726507","134726625","18","110524711"
"JH378113","24238604","24238892","chr11","13860778","13861069","29","10377826"
"JH378113","24354925","24355109","chr1","40681706","40681882","32","16326781"
"JH378113","24355136","24355240","chr22","38968085","38968188","20","14612949"
"JH378113","24408279","24408570","chr11","13693723","13694023","36","10714556"
"JH378113","24422423","24422701","chr11","13582673","13582960","28","10839750"
"JH378113","24553386","24553589","chr11","13550467","13550660","25","11002919"
"JH378113","24660093","24660243","chr11","13445164","13445325","22","11214929"
"JH378113","24770078","24770383","chr7","62686014","62686322","36","37915936"
"JH378113","24815435","24815590","chr11","13280732","13280878","21","11534703"
"JH378113","24825624","24825903","chr11","13270451","13270732","24","11555173"
"JH378113","24835357","24835664","chr11","13260724","13261029","30","11574633"
"JH378113","24837520","24837655","chr11","13258751","13258886","8","11578769"
"JH378113","24845643","24845943","chr6","47679547","47679854","51","22833904"
"JH378113","24885442","24885716","chr11","13209970","13210241","18","11675472"
"JH378113","24933391","24933634","chr11","13163090","13163332","20","11770301"
"JH378113","24949716","24950020","chr11","13138850","13139148","36","11810866"
"JH378113","24998389","24998687","chr11","13090956","13091254","16","11907433"
"JH378113","25083370","25083681","chr11","13004694","13005003","30","12078676"
"JH378113","25089242","25089368","chr7","101050112","101050241","19","75960870"
"JH378113","25102629","25102791","chr17","46963252","46963407","29","21860623"
"JH378113","25181796","25182097","chr11","12907874","12908174","40","12273922"
"JH378113","25289264","25289501","chr3","52513552","52513786","39","27224288"
"JH378113","25336585","25336903","chr11","12755229","12755531","45","12581356"
"JH378113","25387921","25388164","chr11","12705275","12705521","17","12682646"
"JH378113","25423379","25423683","chr11","12668693","12668993","23","12754686"
"JH378113","25436893","25437011","chr5","129563212","129563330","15","104126319"
"JH378113","25437064","25437226","chr1","118985721","118985867","44","93548657"
"JH378113","25523744","25523904","chr11","12551968","12552141","24","12971776"
"JH378113","25523905","25524191","chr12","18218659","18218949","37","7305246"
"JH378113","25562220","25562523","chr11","12512542","12512838","29","13049678"
"JH378113","25570750","25571068","chr11","12502566","12502853","46","13068184"
"JH378113","25657316","25657604","chr11","12421056","12421343","25","13236260"
"JH378113","25658385","25658672","chr11","12420119","12420404","19","13238266"
"JH378113","25669520","25669808","chr11","12409253","12409542","27","13260267"
"JH378113","25813645","25813915","chr11","12253761","12254012","35","13559884"
"JH378113","25848193","25848343","chr11","12216290","12216449","21","13631903"
"JH378113","25877569","25877891","chr11","12193661","12193978","28","13683908"
"JH378113","26085708","26086060","chr11","111231002","111231350","66","85145294"
"JH378113","26100939","26101067","chr2","21211619","21211748","7","4889320"
"JH378113","26105019","26105133","chr6","95776084","95776197","9","69671065"
"JH378113","26113613","26113705","chr1","182020036","182020124","22","155906423"
"JH378113","26113706","26113965","chr11","11931505","11931769","23","14182201"
"JH378113","26113966","26114069","chr11","11931401","11931504","6","14182565"
"JH378113","26141574","26141743","chr10","14035082","14035244","28","12106492"
"JH378113","26154673","26154946","chr11","11891431","11891695","32","14263242"
"JH378113","26160364","26160447","chr15","35851561","35851646","12","9691197"
"JH378113","26197081","26197378","chr11","11847895","11848184","38","14349186"
"JH378113","26214623","26214778","chr17","8874935","8875082","24","17339688"
"JH378113","26217739","26218030","chr11","11821516","11821800","39","14396223"
"JH378113","26224040","26224332","chr11","11814629","11814919","28","14409411"
"JH378113","26284152","26284423","chr11","11752503","11752773","26","14531649"
"JH378113","26287428","26287562","chr11","11749433","11749567","6","14537995"
"JH378113","26287563","26287859","chr11","11749127","11749432","27","14538436"
"JH378113","26290968","26291279","chr11","11745698","11746002","39","14545270"
"JH378113","26312307","26312622","chr11","11725702","11726007","34","14586605"
"JH378113","26357919","26358229","chr11","11675163","11675477","21","14682756"
"JH378113","26365217","26365414","chr11","11667642","11667839","6","14697575"
"JH378113","26392928","26393236","chr11","11639666","11639967","27","14753262"
"JH378113","26398324","26398631","chr11","11634420","11634723","18","14763904"
"JH378113","26442816","26443110","chr11","11588425","11588718","28","14854391"
"JH378113","26479813","26480120","chrX","45579634","45579937","50","19099821"
"JH378113","26481897","26482200","chr12","113840087","113840383","44","87358190"
"JH378113","26483879","26484175","chr7","11839788","11840085","50","14644091"
"JH378113","26484688","26484873","chr15","61422420","61422612","30","34937732"
"JH378113","26485179","26485294","chr5","62067665","62067782","19","35582486"
"JH378113","26489100","26489409","chr11","11538587","11538885","28","14950513"
"JH378113","26499113","26499387","chr6","157025425","157025705","48","130526312"
"JH378113","26533175","26533279","chr11","11491871","11491969","13","15041304"
"JH378113","26551860","26552141","chr11","11473007","11473275","34","15078853"
"JH378113","26553528","26553752","chr11","11471605","11471833","16","15081923"
"JH378113","26569249","26569508","chr11","11456405","11456684","38","15112844"
"JH378113","26570457","26570750","chr11","11455101","11455383","33","15115356"
"JH378113","26586119","26586421","chr11","11431430","11431727","29","15154689"
"JH378113","26587235","26587520","chr11","11430335","11430617","14","15156900"
"JH378113","26589478","26589763","chr11","9368305","9368592","57","17221173"
"JH378113","26595681","26595803","chr11","11422670","11422769","29","15173011"
"JH378113","26596127","26596334","chr11","11422155","11422366","20","15173972"
"JH378113","26597625","26597759","chr11","11419955","11420089","4","15177670"
"JH378113","26598064","26598223","chr11","11419493","11419650","8","15178571"
"JH378113","26599207","26599502","chr11","11418283","11418580","21","15180924"
"JH378113","26602156","26602458","chr8","117609496","117609797","41","91007340"
"JH378113","26611850","26612157","chr15","64675136","64675437","43","38063286"
"JH378113","26613622","26613873","chr11","11393533","11393786","18","15220089"
"JH378113","26623215","26623506","chr11","11383499","11383794","21","15239716"
"JH378113","26624736","26624948","chr5","5032042","5032242","59","21592694"
"JH378113","26625196","26625304","chr18","7540254","7540357","29","19084942"
"JH378113","26626529","26626772","chr12","12293733","12293938","61","14332796"
"JH378113","26627031","26627166","chrX","43517891","43518026","12","16890860"
"JH378113","26635221","26635477","chr11","11368408","11368656","30","15266813"
"JH378113","26650742","26650967","chr22","19793510","19793737","32","6857232"
"JH378113","26651079","26651261","chr1","207072003","207072185","38","180420924"
"JH378113","26678413","26678693","chr5","6379289","6379573","43","20299124"
"JH378113","26682308","26682589","chr11","11314295","11314567","42","15368013"
"JH378113","26776617","26776824","chr1","135040430","135040639","48","108263813"
"JH378113","26783569","26783733","chr18","38645037","38645192","20","11861468"
"JH378113","26784066","26784205","chr20","12705602","12705736","21","14078464"
"JH378113","26910777","26911079","chr11","11061919","11062217","24","15848858"
"JH378113","26935196","26935498","chr10","81196256","81196554","46","54261060"
"JH378113","27015389","27015697","chr11","10944826","10945134","16","16070563"
"JH378113","27054288","27054596","chr7","87007315","87007626","46","59953027"
"JH378113","27195944","27196248","chr11","10754311","10754613","16","16441633"
"JH378113","27246623","27246633","chrX","22467735","22467745","0","4778888"
"JH378113","27246672","27246960","chr5","78521398","78521679","45","51274726"
"JH378113","27268789","27269079","chr8","687744","688032","52","26581045"
"JH378113","27318459","27318747","chr11","10629242","10629518","26","16689217"
"JH378113","27363966","27364264","chr11","10581813","10582107","22","16782153"
"JH378113","27367100","27367395","chr11","10578706","10578999","34","16788394"
"JH378113","27415339","27415434","chr11","10529235","10529332","9","16886104"
"JH378113","27419995","27420263","chr11","10524408","10524686","40","16895587"
"JH378113","27669033","27669184","chr11","10271893","10272047","19","17397140"
"JH378113","27679781","27679926","chr1","183778206","183778340","19","156098425"
"JH378113","27837202","27837498","chr11","10098679","10098974","21","17738523"
"JH378113","27865246","27865486","chr5","1855360","1855588","44","26009886"
"JH378113","27919462","27919770","chr11","10016554","10016848","36","17902908"
"JH378113","28087281","28087592","chr11","9827180","9827481","30","18260101"
"JH378113","28108056","28108351","chr11","9803441","9803726","44","18304615"
"JH378113","28123456","28123737","chr4","169187908","169188188","39","141064452"
"JH378113","28148316","28148634","chr7","87007315","87007626","45","58858999"
"JH378113","28181661","28181846","chr7","70153035","70153231","40","41971374"
"JH378113","28198767","28199086","chr11","9715193","9715498","32","18483574"
"JH378113","28216613","28216676","chr10","106736649","106736712","7","78520036"
"JH378113","28268156","28268451","chr11","9644439","9644719","37","18623717"
"JH378113","28286390","28286625","chr7","10283150","10283374","41","18003240"
"JH378113","28288615","28288727","chr18","4168352","4168459","17","24120263"
"JH378113","28289028","28289217","chr18","7942597","7942782","34","20346431"
"JH378113","28319131","28319430","chr11","9582461","9582759","31","18736670"
"JH378113","28336049","28336177","chr16","19066805","19066935","13","9269244"
"JH378113","28337430","28337592","chr22","34540087","34540248","31","6202657"
"JH378113","28341650","28341944","chr11","9559973","9560246","45","18781677"
"JH378113","28360553","28360770","chr11","9541772","9541991","20","18818781"
"JH378113","28365226","28365356","chr7","4329780","4329908","9","24035446"
"JH378113","28365989","28366057","chr11","9536196","9536273","17","18829793"
"JH378113","28366970","28367125","chr11","9535108","9535263","9","18831862"
"JH378113","28382692","28382990","chr2","18747203","18747498","49","9635489"
"JH378113","28387255","28387538","chr11","9509620","9509914","34","18877635"
"JH378113","28420510","28420598","chr9","20887271","20887359","11","7533239"
"JH378113","28426109","28426395","chr8","117091600","117091899","64","88665491"
"JH378113","28429223","28429378","chr1","200263926","200264085","28","171834703"
"JH378113","28433208","28433508","chr11","9467358","9467653","28","18965850"
"JH378113","28445248","28445544","chr11","9456586","9456886","18","18988662"
"JH378113","28469340","28469595","chr1","153951778","153952017","47","125482438"
"JH378113","28488006","28488301","chr11","9414539","9414819","26","19073467"
"JH378113","28491523","28491833","chr11","9403270","9403578","27","19088253"
"JH378113","28498230","28498537","chr11","9396811","9397110","27","19101419"
"JH378113","28511150","28511421","chr11","9383482","9383751","19","19127668"
"JH378113","28523465","28523655","chr11","73840317","73840510","27","45316852"
"JH378113","28523967","28524073","chr4","38850087","38850199","21","10326120"
"JH378113","28525515","28525815","chr11","9368305","9368592","37","19157210"
"JH378113","28538388","28538694","chr11","9354830","9355115","45","19183558"
"JH378113","28554214","28554516","chr11","9335857","9336143","35","19218357"
"JH378113","28554556","28554861","chr11","9335508","9335816","22","19219048"
"JH378113","28569759","28570057","chr11","9320958","9321248","28","19248801"
"JH378113","28572464","28572733","chr11","9317328","9317606","30","19255136"
"JH378113","28578159","28578464","chr11","9311666","9311974","22","19266493"
"JH378113","28598522","28598826","chr11","9292618","9292918","20","19305904"
"JH378113","28607570","28607868","chr11","9282548","9282853","35","19325022"
"JH378113","28608476","28608793","chr11","9281622","9281939","19","19326854"
"JH378113","28612601","28612882","chr11","9278075","9278348","30","19334526"
"JH378113","28615106","28615416","chr11","9275569","9275877","15","19339537"
"JH378113","28619481","28619626","chr1","172568287","172568430","19","143948806"
"JH378113","28633932","28634218","chrX","47722923","47723200","65","19088991"
"JH378113","28634245","28634371","chr11","9259566","9259700","17","19374679"
"JH378113","28642100","28642392","chr5","62690096","62690387","43","34047996"
"JH378113","28648336","28648639","chr11","9242116","9242421","17","19406220"
"JH378113","28662958","28663262","chr11","9227437","9227737","33","19435521"
"JH378113","28675684","28675972","chr11","9215590","9215886","28","19460094"
"JH378113","28704001","28704295","chr11","9185851","9186145","16","19518150"
"JH378113","28711702","28712016","chr11","9178142","9178452","20","19533560"
"JH378113","28714369","28714672","chr7","89951395","89951694","37","61237026"
"JH378113","28715631","28715892","chr11","9174163","9174437","48","19541468"
"JH378113","28723471","28723719","chr11","9168957","9169204","15","19554514"
"JH378113","28746312","28746617","chr11","9146522","9146823","31","19599790"
"JH378113","28752152","28752441","chr11","123927631","123927918","49","95175479"
"JH378113","28767057","28767367","chr11","9124984","9125288","17","19642073"
"JH378113","28800346","28800638","chr11","9092500","9092790","19","19707846"
"JH378113","28803455","28803705","chr19","44449671","44449915","49","15646216"
"JH378113","28804268","28804570","chr11","9088696","9088973","41","19715572"
"JH378113","28821458","28821755","chr6","158054499","158054792","49","129233041"
"JH378113","28824990","28825302","chr11","9069192","9069496","32","19755798"
"JH378113","28833257","28833489","chr11","9061224","9061489","51","19772033"
"JH378113","29028573","29028640","chr11","8835725","8835792","3","20192848"
"JH378113","29055551","29055830","chr11","8804410","8804678","23","20251141"
"JH378113","29057829","29058112","chr11","8802164","8802446","29","20255665"
"JH378113","29128287","29128566","chr11","8731777","8732061","32","20396510"
"JH378113","29132936","29133245","chr11","8727649","8727958","25","20405287"
"JH378113","29181080","29181379","chr11","8673924","8674221","17","20507156"
"JH378113","29183750","29183947","chr11","8671347","8671534","20","20512403"
"JH378113","29449557","29449605","chr17","22307907","22307954","11","7141650"
"JH378113","29541469","29541763","chr11","8287760","8288055","18","21253709"
"JH378113","29740837","29741137","chr11","8082596","8082894","37","21658241"
"JH378113","29754664","29754927","chr17","67286116","67286376","54","37531452"
"JH378113","29868253","29868393","chr5","37717749","37717884","19","7849496"
"JH378113","29879083","29879380","chr11","7939738","7940041","34","21939345"
"JH378113","29899852","29899990","chr11","7915280","7915421","16","21984572"
"JH378113","29920185","29920482","chr11","7893313","7893617","23","22026872"
"JH378113","29921391","29921411","chr2","39422718","39422736","4","9501327"
"JH378113","29921432","29921741","chr21","36563455","36563745","55","6642023"
"JH378113","29921944","29922251","chr1","173583879","173584187","50","143661935"
"JH378113","29927422","29927647","chr5","108353659","108353881","33","78426237"
"JH378113","29938918","29939053","chrX","107012158","107012293","11","77073240"
"JH378113","29939359","29939534","chr12","88499810","88499983","27","58560451"
"JH378113","29953427","29953749","chr11","7862372","7862691","25","22091055"
"JH378113","29961872","29962178","chr11","7854401","7854711","48","22107471"
"JH378113","29967792","29968088","chr11","7850670","7850966","17","22117122"
"JH378113","29983342","29983611","chr20","7530720","7530991","38","22452622"
"JH378113","29986765","29986928","chr4","105759365","105759527","14","75772600"
"JH378113","29987738","29987815","chr1","172344229","172344299","17","142356491"
"JH378113","29987839","29987953","chr7","106091235","106091351","10","76103396"
"JH378113","29990837","29990979","chr22","17649702","17649846","21","12341135"
"JH378113","29992428","29992612","chr4","105764275","105764450","18","75771847"
"JH378113","29992747","29992882","chr4","105764582","105764717","11","75771835"
"JH378113","29993283","29993450","chr2","15185534","15185703","23","14807749"
"JH378113","30014967","30015261","chr11","7811988","7812284","19","22202979"
"JH378113","30032985","30033294","chr15","25616485","25616802","65","4416500"
"JH378113","30040221","30040521","chr11","7791005","7791310","34","22249216"
"JH378113","30042371","30042491","chr18","7604315","7604436","8","22438056"
"JH378113","30059647","30059919","chr6","153268365","153268637","37","123208718"
"JH378113","30075196","30075353","chr11","7757746","7757907","13","22317450"
"JH378113","30081606","30081891","chr11","7751723","7752006","17","22329883"
"JH378113","30098248","30098365","chr9","112349827","112349944","10","82251579"
"JH378113","30104652","30104953","chr11","7731114","7731411","24","22373538"
"JH378113","30107351","30107471","chr19","24174282","24174406","6","5933069"
"JH378113","30136820","30137107","chr11","7697637","7697920","21","22439183"
"JH378113","30140647","30140942","chr22","45341695","45341999","56","15201048"
"JH378113","30147891","30148174","chrX","60209074","60209358","49","30061183"
"JH378113","30160001","30160164","chr11","7674858","7675023","14","22485143"
"JH378113","30161378","30161684","chr11","7673354","7673659","22","22488024"
"JH378113","30163748","30163866","chr11","7669467","7669581","13","22494281"
"JH378113","30165484","30165768","chr11","7667468","7667742","31","22498016"
"JH378113","30183605","30183907","chr16","45697232","45697534","46","15513627"
"JH378113","30186525","30186827","chr11","7648947","7649251","18","22537578"
"JH378113","30217948","30218232","chr11","7617490","7617755","35","22600458"
"JH378113","30227310","30227610","chr12","60701079","60701376","47","30473769"
"JH378113","30238318","30238452","chr11","7588977","7589111","10","22649341"
"JH378113","30238762","30238914","chr11","7588526","7588678","12","22650236"
"JH378113","30240331","30240622","chr11","7586823","7587112","22","22653508"
"JH378113","30245920","30246080","chr11","7580762","7580922","8","22665158"
"JH378113","30267867","30268172","chr11","7559792","7560091","27","22708075"
"JH378113","30284807","30284945","chr1","202981060","202981197","19","172696253"
"JH378113","30285254","30285419","chr7","47747520","47747686","26","17462266"
"JH378113","30286599","30286825","chr11","7541828","7542042","28","22744771"
"JH378113","30315315","30315612","chr3","156769333","156769638","48","126454018"
"JH378113","30316224","30316347","chr11","7507307","7507430","12","22808917"
"JH378113","30316644","30316822","chr11","7506839","7507010","18","22809805"
"JH378113","30326525","30326832","chr3","143213152","143213459","52","112886627"
"JH378113","30340282","30340591","chr11","7480155","7480455","33","22860127"
"JH378113","30354184","30354483","chr11","7465006","7465302","31","22889178"
"JH378113","30426547","30426857","chr11","7387278","7387586","33","23039269"
"JH378113","30436774","30436965","chr5","96189812","96190005","36","65753038"
"JH378113","30618629","30618918","chr11","7186950","7187257","33","23431679"
"JH378113","30625815","30625889","chr10","128583584","128583653","16","97957769"
"JH378113","30739415","30739712","chr11","7095389","7095686","23","23644026"
"JH378113","30742502","30742799","chr11","7092315","7092609","21","23650187"
"JH378113","30760612","30760913","chr11","7074083","7074384","20","23686529"
"JH378113","31158638","31158931","chr5","47301109","47301398","48","16142471"
"JH378113","31294527","31294689","chr11","6599299","6599453","15","24695228"
"JH378113","31329545","31329782","chr1","201997224","201997452","48","170667679"
"JH378113","31410670","31410791","chr11","6480379","6480507","18","24930291"
"JH378113","31416468","31416773","chr11","6473936","6474245","20","24942532"
"JH378113","31518521","31518828","chr11","6359206","6359508","34","25159315"
"JH378113","31567424","31567570","chr11","6317215","6317361","15","25250209"
"JH378113","31595636","31595770","chr11","129619266","129619398","20","98023630"
"JH378113","31596061","31596242","chr4","158077175","158077353","35","126481114"
"JH378113","31633403","31633690","chr11","6245507","6245798","29","25387896"
"JH378113","31644420","31644713","chr11","6234427","6234720","26","25409993"
"JH378113","31657621","31657801","chr9","122825552","122825721","36","91167931"
"JH378113","31657825","31657951","chr2","7889798","7889926","19","23768027"
"JH378113","31659974","31660275","chr3","173133172","173133466","51","141473198"
"JH378113","31665030","31665321","chr11","6216758","6217057","32","25448272"
"JH378113","31674056","31674355","chr11","6207492","6207791","26","25466564"
"JH378113","31706194","31706472","chrX","60758641","60758923","46","29052447"
"JH378113","31714151","31714457","chr9","115761632","115761933","58","84047481"
"JH378113","31717204","31717489","chr12","18218659","18218949","43","13498545"
"JH378113","31768467","31768711","chr11","6115613","6115863","21","25652854"
"JH378113","31784508","31784782","chr5","140137117","140137395","50","108352609"
"JH378113","31816516","31816819","chr11","6064500","6064799","34","25752016"
"JH378113","31824387","31824679","chr11","23937010","23937310","43","7887377"
"JH378113","31839876","31840145","chrX","116216339","116216606","39","84376463"
"JH378113","31857035","31857309","chr4","32618054","32618320","54","761019"
"JH378113","31860374","31860606","chr11","6013684","6013916","12","25846690"
"JH378113","31862677","31862998","chr11","6011322","6011610","57","25851355"
"JH378113","31870230","31870541","chr11","6003798","6004109","34","25866432"
"JH378113","31873602","31873902","chr11","6000424","6000730","24","25873178"
"JH378113","31890047","31890328","chr11","5984556","5984835","23","25905491"
"JH378113","31901049","31901348","chr11","5969974","5970279","29","25931075"
"JH378113","31902052","31902167","chr22","43842249","43842364","26","11940197"
"JH378113","31902528","31902657","chr15","13987649","13987777","8","17914879"
"JH378113","31908744","31909023","chr10","35669417","35669684","55","3760673"
"JH378113","31911295","31911595","chr11","5959140","5959440","27","25952155"
"JH378113","31916681","31916971","chr11","5953698","5953987","23","25962983"
"JH378113","31919492","31919622","chr5","121799121","121799249","10","89879629"
"JH378113","31941471","31941777","chr1","175169935","175170238","41","143228464"
"JH378113","31954218","31954528","chr1","192064155","192064466","42","160109937"
"JH378113","32031342","32031642","chr11","5859772","5860065","25","26171570"
"JH378113","32036254","32036387","chr4","152516019","152516152","10","120479765"
"JH378113","32036678","32036851","chr10","17723241","17723415","40","14313437"
"JH378113","32056830","32056909","chr11","5836032","5836111","5","26220798"
"JH378113","32063502","32063767","chr11","5829708","5829971","16","26233794"
"JH378113","32078713","32078983","chr11","5812499","5812779","28","26266214"
"JH378113","32079761","32080057","chr11","5811405","5811700","17","26268356"
"JH378113","32100759","32101047","chr11","5791276","5791561","30","26309483"
"JH378113","32121046","32121330","chr11","5714393","5714684","16","26406653"
"JH378113","32152606","32152830","chr11","5687557","5687780","16","26465049"
"JH378113","32186618","32186906","chr3","6477337","6477633","50","25709281"
"JH378113","32204197","32204504","chr11","5634882","5635189","14","26569315"
"JH378113","32204810","32204944","chr11","5634461","5634582","18","26570349"
"JH378113","32205244","32205413","chr11","5633992","5634151","20","26571252"
"JH378113","32216030","32216058","chrX","71526078","71526103","3","39310048"
"JH378113","32216092","32216334","chr11","5623868","5624131","41","26592224"
"JH378113","32224134","32224180","chr4","3632820","3632869","12","28591314"
"JH378113","32224181","32224397","chr11","5616372","5616594","18","26607809"
"JH378113","32238658","32238783","chr5","8648310","8648434","15","23590348"
"JH378113","32279172","32279297","chr1","189836575","189836703","14","157557403"
"JH378113","32280663","32280826","chr1","117282721","117282885","27","85002058"
"JH378113","32284821","32285041","chr16","49743804","49744026","33","17458983"
"JH378113","32288759","32289060","chr11","5550571","5550876","26","26738188"
"JH378113","32290360","32290453","chr1","202997633","202997724","7","170707273"
"JH378113","32292508","32292800","chr11","5546889","5547181","26","26745619"
"JH378113","32337690","32337987","chr11","5502233","5502526","25","26835457"
"JH378113","32340179","32340473","chr13","60439331","60439629","44","28099152"
"JH378113","32358123","32358423","chr11","5483917","5484218","21","26874206"
"JH378113","32371995","32372286","chr1","107363866","107364150","46","74991871"
"JH378113","32404868","32405174","chr11","5439660","5439977","23","26965208"
"JH378113","32413437","32413729","chr6","126538210","126538501","61","94124773"
"JH378113","32416528","32416826","chr14","42508307","42508607","37","10091779"
"JH378113","32424867","32425181","chr22","40415888","40416194","49","7991021"
"JH378113","32430564","32430579","chr4","106462140","106462155","3","74031576"
"JH378113","32430915","32431030","chr6","46987125","46987241","14","14556210"
"JH378113","32442511","32442627","chr11","54880192","54880309","7","22437681"
"JH378113","32443038","32443159","chr9","61346987","61347129","40","28903949"
"JH378113","32443719","32443788","chr11","5408959","5409035","9","27034760"
"JH378113","32447738","32447922","chr1","91558171","91558353","33","59110433"
"JH378113","32449375","32449503","chrX","47253928","47254059","12","14804553"
"JH378113","32451326","32451491","chr11","5399319","5399481","10","27052007"
"JH378113","32452063","32452291","chr10","8009103","8009318","50","24442960"
"JH378113","32458765","32459059","chr11","5391848","5392146","24","27066917"
"JH378113","32469839","32469966","chr1","41581737","41581864","8","9111898"
"JH378113","32471165","32471268","chr15","32853282","32853380","9","382117"
"JH378113","32484071","32484377","chr11","5363773","5364071","22","27120298"
"JH378113","32492399","32492536","chr22","36843422","36843559","11","4351023"
"JH378113","32492848","32493039","chr5","83269265","83269441","51","50776417"
"JH378113","32497065","32497194","chr5","100805677","100805814","34","68308612"
"JH378113","32498885","32499180","chr11","5352456","5352743","29","27146429"
"JH378113","32499492","32499627","chr14","79788142","79788277","16","47288650"
"JH378113","32499942","32500000","chr9","45519391","45519447","9","13019449"
"JH378113","32500001","32500095","chr11","8409069","8409159","18","24090932"
"JH378113","32500487","32500614","chr1","61061168","61061295","16","28560681"
"JH378113","32500639","32500787","chr16","6828240","6828394","31","25672399"
"JH378113","32502635","32502748","chr12","37137676","37137789","6","4635041"
"JH378113","32511362","32511495","chr8","14625963","14626096","16","17885399"
"JH378113","32511808","32511986","chr18","14484854","14485032","30","18026954"
"JH378113","32512605","32512910","chr11","5341306","5341608","20","27171299"
"JH378113","32516204","32516470","chr11","5337381","5337646","28","27178823"
"JH378113","32522836","32523138","chr11","5332435","5332737","34","27190401"
"JH378113","32533977","32534108","chr1","193566875","193567004","14","161032898"
"JH378113","32538281","32538585","chr11","5317024","5317324","17","27221257"
"JH378113","32539834","32539896","chr15","23776453","23776517","12","8763381"
"JH378113","32541619","32541899","chr11","5313386","5313667","28","27228233"
"JH378113","32570303","32570434","chrUn_GL286215","44997","45128","11","32525306"
"JH378113","32571618","32571794","chr11","5278685","5278857","13","27292933"
"JH378113","32582312","32582504","chr18","39730416","39730609","30","7148104"
"JH378113","32585021","32585301","chr3","112914299","112914584","47","80329278"
"JH378113","32594349","32594651","chr11","5260017","5260329","28","27334332"
"JH378113","32604218","32604497","chr11","5248307","5248588","36","27355911"
"JH378113","32605594","32605723","chr14","19278705","19278834","12","13326889"
"JH378113","32638359","32638657","chr11","5211136","5211423","34","27427223"
"JH378113","32658307","32658488","chr2","7560675","7560856","29","25097632"
"JH378113","32658510","32658635","chr2","29733135","29733259","24","2925375"
"JH378113","32720390","32720684","chr11","5119805","5120100","28","27600585"
"JH378113","32733611","32733742","chr20","11865196","11865328","13","20868415"
"JH378113","32736155","32736306","chr8","10333941","10334098","31","22402214"
"JH378113","32773487","32773711","chr11","5066910","5067130","22","27706577"
"JH378113","32870954","32871084","chr4","86573629","86573759","10","53702675"
"JH378113","32977994","32978148","chr11","4849637","4849788","14","28128357"
"JH378113","33030746","33030832","chr11","4793830","4793911","12","28236916"
"JH378113","33075162","33075458","chr11","108060185","108060479","50","74985023"
"JH378113","33082841","33083124","chr11","4755639","4755927","20","28327202"
"JH378113","33089537","33089627","chr3","111105874","111105964","19","78016337"
"JH378113","33089650","33089824","chr5","78973927","78974106","31","45884277"
"JH378113","33121715","33121923","chr11","4717757","4717973","31","28403958"
"JH378113","33161665","33161959","chr11","4674572","4674852","37","28487093"
"JH378113","33188747","33189049","chr11","4647781","4648088","30","28540966"
"JH378113","33292315","33292623","chr11","4527826","4528123","36","28764489"
"JH378113","33349427","33349543","chr6","10112662","10112778","5","23236765"
"JH378113","33358368","33358649","chr8","110827690","110827969","51","77469322"
"JH378113","33376219","33376533","chr11","4425963","4426275","27","28950256"
"JH378113","33686773","33687062","chr19","22551038","22551326","42","11135735"
"JH378113","33745998","33746307","chr11","4049306","4049595","36","29696692"
"JH378113","33864559","33864814","chr3","142224854","142225106","44","108360295"
"JH378113","33888820","33889090","chr11","3907531","3907801","27","29981289"
"JH378113","33982244","33982508","chr11","3812744","3813003","18","30169500"
"JH378113","34001255","34001534","chr11","3790509","3790787","26","30210746"
"JH378113","34159737","34160010","chr11","3619030","3619324","38","30540707"
"JH378113","34171581","34171885","chr8","115334784","115335090","49","81163203"
"JH378113","34225238","34225398","chr7","36441428","36441590","20","2216190"
"JH378113","34225709","34225843","chr7","66082412","66082547","11","31856703"
"JH378113","34231109","34231414","chr2","34504274","34504583","54","273165"
"JH378113","34251333","34251641","chr11","3527314","3527622","12","30724019"
"JH378113","34349282","34349555","chr4","131891616","131891887","49","97542334"
"JH378113","34350532","34350841","chr11","3424885","3425186","25","30925647"
"JH378113","34366578","34366882","chr5","4379233","4379531","46","29987345"
"JH378113","34476240","34476547","chr11","3286777","3287066","41","31189463"
"JH378113","34486564","34486779","chr11","3272122","3272332","15","31214442"
"JH378113","34488081","34488370","chr11","3270556","3270834","32","31217525"
"JH378113","34566905","34567183","chr8","55432271","55432556","34","20865366"
"JH378113","34582165","34582445","chr3","16413067","16413350","48","18169098"
"JH378113","34625117","34625428","chr11","3114277","3114573","32","31510840"
"JH378113","34637205","34637519","chr11","3102147","3102463","22","31535058"
"JH378113","34667596","34667896","chr11","3071546","3071846","11","31596050"
"JH378113","34678259","34678404","chr4","20966419","20966571","29","13711840"
"JH378113","34678477","34678599","chr3","131083695","131083815","19","96405218"
"JH378113","34763062","34763389","chr11","2979089","2979439","48","31783973"
"JH378113","34763929","34764223","chr7","49440720","49441027","51","14676791"
"JH378113","34770701","34770742","chr11","2972660","2972700","1","31798041"
"JH378113","34791064","34791370","chr11","2950093","2950382","33","31840971"
"JH378113","34792190","34792491","chr11","2948947","2949267","41","31843243"
"JH378113","34840502","34840680","chr11","2895628","2895807","13","31944874"
"JH378113","34870286","34870478","chr9","121091144","121091336","31","86220858"
"JH378113","34953975","34954218","chr11","2788322","2788603","56","32165653"
"JH378113","34971122","34971410","chr4","44123283","44123575","53","9152161"
"JH378113","34973484","34973792","chr11","2761246","2761541","32","32212238"
"JH378113","35049830","35050106","chr11","2687305","2687575","25","32362525"
"JH378113","35050164","35050187","chr9","98854947","98854969","4","63804783"
"JH378113","35109520","35109813","chr11","2640407","2640697","39","32469113"
"JH378113","35165104","35165362","chr2","8392577","8392828","45","26772527"
"JH378113","35193183","35193479","chr11","2508193","2508489","16","32684990"
"JH378113","35215709","35215888","chr11","72711068","72711243","43","37495359"
"JH378113","35216186","35216330","chr11","2482616","2482752","10","32733570"
"JH378113","35285926","35285981","chr11","2413528","2413588","9","32872398"
"JH378113","35339091","35339354","chr11","2366927","2367202","37","32972164"
"JH378113","35344239","35344519","chr11","2361328","2361611","22","32982911"
"JH378113","35365833","35366144","chr11","2346262","2346561","34","33019571"
"JH378113","35443997","35444267","chr11","2273043","2273314","22","33170954"
"JH378113","35694716","35694739","chr2","12145433","12145455","3","23549283"
"JH378113","35694791","35694940","chr17","31259831","31259976","23","4434960"
"JH378113","35732242","35732512","chr11","1964720","1964995","24","33767522"
"JH378113","35789259","35789558","chr11","1898942","1899243","18","33890317"
"JH378113","35916956","35917088","chr1","41582440","41582571","10","5665484"
"JH378113","35948402","35948670","chr11","1733202","1733479","29","34215200"
"JH378113","36127566","36127667","chr7","13680661","13680762","10","22446905"
"JH378113","36136598","36136883","chr12","2352443","2352730","37","33784155"
"JH378113","36151165","36151336","chr22","20478608","20478778","34","15672557"
"JH378113","36204154","36204422","chr22","11550739","11551035","48","24653415"
"JH378113","36289360","36289484","chr11","1418505","1418629","8","34870855"
"JH378113","36289794","36289952","chr11","1418029","1418186","15","34871765"
"JH378113","36343223","36343321","chr11","1377163","1377261","6","34966060"
"JH378113","36360166","36360385","chr11","1357475","1357691","23","35002691"
"JH378113","36386318","36386614","chr10","119392779","119393076","44","83006461"
"JH378113","36392364","36392659","chr11","1322359","1322653","13","35070005"
"JH378113","36430969","36431259","chr11","1285893","1286207","43","35145076"
"JH378113","36478972","36479143","chr11","1236769","1236939","24","35242203"
"JH378113","36664803","36664912","chr6","6484689","6484794","24","30180114"
"JH378113","36677603","36677888","chr1","162908033","162908321","46","126230430"
"JH378113","36695516","36695801","chr11","1049612","1049914","37","35645904"
"JH378113","36724040","36724247","chr12","36780186","36780391","32","56146"
"JH378113","36833343","36833493","chr11","919934","920084","7","35913409"
"JH378113","36892432","36892719","chr11","857069","857349","24","36035363"
"JH378113","36926923","36927191","chr11","822707","822970","26","36104216"
"JH378113","36947763","36948062","chr2","198798176","198798478","53","161850413"
"JH378113","36962540","36962656","chr1","200825704","200825821","9","163863164"
"JH378113","36969777","36969871","chr16","41704796","41704887","16","4735019"
"JH378113","37016391","37016682","chr9","35365483","35365792","57","1650908"
"JH378113","37041659","37042002","chr11","708013","708307","67","36333646"
"JH378113","37076564","37076687","chr11","661507","661630","12","36415057"
"JH378113","37076731","37076900","chr11","661071","661244","15","36415660"
"JH378113","37103018","37103145","chr3","111016915","111017041","4","73913897"
"JH378113","37109771","37110087","chr11","627342","627650","24","36482429"
"JH378113","37119103","37119230","chr4","71951607","71951738","20","34832504"
"JH378113","37121146","37121246","chr11","615119","615219","8","36506027"
"JH378113","37126131","37126267","chr5","87452127","87452258","20","50325996"
"JH378113","37134891","37135211","chr11","604204","604514","36","36530687"
"JH378113","37138856","37139001","chr11","600427","600574","8","36538429"
"JH378113","37157979","37158224","chr4","32852378","32852622","57","4305601"
"JH378113","37158578","37158612","chr5","92547555","92547587","10","55388977"
"JH378113","37173551","37173842","chr5","129599940","129600235","40","92426389"
"JH378113","37245958","37246121","chr3","187765877","187766047","18","150519919"
"JH378113","37373710","37373925","chr11","369934","370163","34","37003776"
"JH378113","37434100","37434412","chr11","314413","314726","26","37119687"
"JH378113","37438804","37438927","chr11","309818","309941","10","37128986"
"JH378113","37541146","37541402","chr15","96637816","96638070","47","59096670"
"JH378113","37547695","37547769","chr10","58941044","58941120","16","21393349"
"JH378113","37547765","37547870","chr9","100516868","100516974","9","62969103"
"JH378113","37548510","37548817","chr17","47213147","47213452","45","9664637"
"JH378113","37552383","37552579","chr9","20391485","20391679","31","17160898"
"JH378113","37562040","37562321","chr11","200996","201291","29","37361044"
"JH378113","37562365","37562478","chr1","137960220","137960334","7","100397855"
"JH378113","37566248","37566471","chr11","196946","197173","23","37369302"
"JH378113","37580908","37581208","chr3","118798318","118798611","56","81217410"
"JH378113","37588432","37588722","chr11","173926","174210","25","37414506"
"JH378113","37597965","37598276","chr5","60671568","60671876","39","23073603"
"JH378113","37609400","37609480","chr11","153430","153512","15","37455970"
"JH378113","37643017","37643316","chr7","55969986","55970285","39","18326969"
"JH378113","37647407","37647562","chr11","110806221","110806387","23","73158814"
"JH378113","37657876","37658154","chr11","90882","91164","28","37566994"
"JH378113","37661626","37661797","chr1","200145300","200145470","26","162483674"
"JH378113","37662108","37662246","chr19","24648684","24648819","17","13013424"
"JH378113","37673170","37673315","chr11","77424","77569","16","37595746"
"JH378113","37677714","37678014","chr11","73299","73594","31","37604415"
"JH378113","37701608","37701897","chr11","48819","49107","17","37652789"
"JH378113","37702252","37702553","chr11","48167","48453","41","37654085"
"JH378113","37705914","37706104","chr13","60981642","60981827","32","23275728"
"JH378113","37712465","37712740","chr11","38308","38586","23","37674157"
"JH378113","37714079","37714377","chr11","36595","36891","23","37677484"
"JH378113","37724674","37724979","chr11","27240","27546","23","37697434"
"JH378113","37725458","37725577","chr5","18517695","18517816","14","19207763"
"JH378113","37726393","37726554","chr11","21058","21205","20","37705335"
"JH378113","37728500","37728782","chr4","159367016","159367298","45","121638516"
"JH378113","37728821","37728836","chr1","55937517","55937531","1","18208696"
"JH378113","37730335","37730615","chr5","6379289","6379573","42","31351046"
"JH378113","37731425","37731731","chr2","144085","144380","32","37587340"
"JH378113","37749091","37749252","chr2","175806","175971","23","37573285"
"JH378113","37752369","37752659","chr18","25173761","25174053","34","12578608"
"JH378113","37760241","37760365","chr1","84318400","84318523","13","46558159"
"JH378113","37770582","37770845","chr12","15799767","15800029","22","21970815"
"JH378113","37794572","37794868","chr12","15760905","15761212","41","22033667"
"JH378113","37795494","37795797","chr5","18484261","18484571","34","19311233"
"JH378113","37800923","37801110","chr2","207838","208014","28","37593085"
"JH378113","37816577","37816760","chr18","13510568","13510774","54","24306009"
"JH378113","37818453","37818732","chrUn_GL286234","19617","19907","44","37798836"
"JH378113","37819142","37819368","chr19","25663302","25663525","21","12155840"
"JH378113","37834614","37834921","chr18","26186317","26186623","23","11648297"
"JH378113","37840270","37840558","chr1","198111174","198111462","13","160270904"
"JH378113","37845854","37846148","chr15","33378207","33378500","30","4467647"
"JH378113","37863890","37864121","chr5","88738395","88738624","22","50874505"
"JH378113","37879003","37879322","chr10","17004087","17004410","53","20874916"
"JH378113","37888424","37888721","chr11","34923282","34923579","24","2965142"
"JH378113","37900041","37900338","chr11","34935004","34935298","16","2965037"
"JH378113","37903597","37903715","chr11","34938548","34938669","11","2965049"
"JH378113","37903716","37903951","chr11","34938670","34938902","25","2965046"
"JH378113","37903952","37904036","chr11","34938903","34938990","8","2965049"
"JH378113","37904336","37904500","chr11","34939280","34939444","4","2965056"
"JH378113","37928623","37928924","chr11","34964774","34965083","34","2963849"
"JH378113","37929655","37929961","chr11","34965782","34966070","41","2963873"
"JH378113","37952078","37952382","chr11","34995853","34996159","25","2956225"
"JH378113","37964635","37964889","chr1","62217691","62217946","50","24253056"
"JH378113","37966617","37966788","chr11","35009100","35009263","16","2957517"
"JH378113","37968507","37968733","chr11","35013557","35013782","19","2954950"
"JH378113","37973175","37973460","chr11","35017996","35018282","28","2955179"
"JH378113","37981972","37982108","chr11","35029139","35029276","11","2952833"
"JH378113","37982407","37982564","chr11","35029578","35029737","13","2952829"
"JH378113","38000632","38000936","chr11","35046609","35046907","13","2954023"
"JH378113","38010081","38010388","chr14","82090080","82090381","47","44079999"
"JH378113","38016049","38016353","chr11","35061505","35061798","34","2954544"
"JH378113","38029306","38029594","chr11","35074475","35074767","35","2954831"
"JH378113","38029957","38030068","chr1","97156444","97156560","17","59126487"
"JH378113","38047047","38047324","chr11","35093484","35093769","36","2953563"
"JH378113","38047544","38047792","chr11","35093984","35094233","23","2953560"
"JH378113","38080476","38080781","chr12","20539936","20540241","49","17540540"
"JH378113","38086052","38086271","chr1","192146774","192147003","55","154060722"
"JH378113","38102477","38102643","chr12","20194423","20194585","21","17908054"
"JH378113","38103849","38103964","chr7","27474891","27475005","10","10628958"
"JH378113","38107697","38107914","chr13","95336428","95336643","42","57228731"
"JH378113","38114027","38114160","chr4","4136050","4136182","12","33977977"
"JH378113","38119697","38119824","chr11","35154807","35154935","11","2964890"
"JH378113","38131432","38131571","chr5","125648855","125649000","25","87517423"
"JH378113","38131874","38132011","chr5","100080028","100080163","19","61948154"
"JH378113","38140755","38141060","chr11","35178571","35178857","42","2962184"
"JH378113","38152295","38152586","chrX","111867891","111868178","37","73715596"
"JH378113","38158252","38158384","chr11","35196311","35196443","10","2961941"
"JH378113","38174410","38174467","chr11","24049325","24049383","14","14125085"
"JH378113","38174754","38174861","chr4","45006453","45006558","27","6831699"
"JH378113","38177358","38177635","chr9","102629317","102629594","51","64451959"
"JH378113","38180495","38180794","chr11","35222410","35222713","21","2958085"
"JH378113","38201975","38202161","chr12","94866460","94866638","44","56664485"
"JH378113","38230915","38231050","chr11","35273676","35273813","10","2957239"
"JH378113","38231647","38231936","chr11","35274418","35274705","18","2957229"
"JH378113","38260476","38260803","chr14","45094041","45094363","45","6833565"
"JH378113","38310561","38310848","chr11","35377927","35378214","31","2932634"
"JH378113","38333039","38333169","chr12","9046455","9046587","25","29286584"
"JH378113","38335734","38335928","chr1","101724489","101724672","46","63388755"
"JH378113","38417196","38417505","chr11","35511691","35511977","42","2905505"
"JH378113","38446573","38446870","chr11","35554257","35554563","27","2892316"
"JH378113","38480053","38480289","chr3","34070056","34070287","39","4409997"
"JH378113","38497067","38497355","chr11","35598586","35598876","34","2898481"
"JH378113","38585074","38585215","chr11","35691063","35691202","9","2894011"
"JH378113","38693476","38693778","chr11","35806312","35806613","36","2887164"
"JH378113","38737804","38738114","chr11","66948139","66948438","42","28210335"
"JH378113","38806236","38806545","chr11","35920325","35920628","29","2885911"
"JH378113","38843800","38844087","chr11","35963947","35964225","28","2879853"
"JH378113","38925047","38925315","chr4","44396144","44396418","50","5471097"
"JH378113","38962202","38962520","chr3","156769333","156769638","48","117807131"
"JH378113","39023311","39023614","chr11","36149576","36149874","22","2873735"
"JH378113","39120197","39120327","chr10","79836251","79836384","19","40716054"
"JH378113","39133970","39134138","chr11","36265972","36266119","36","2867998"
"JH378113","39141415","39141659","chr5","127415464","127415704","39","88274049"
"JH378113","39197084","39197376","chr4","39717501","39717796","38","520417"
"JH378113","39228250","39228557","chr11","36364240","36364526","42","2864010"
"JH378113","39247357","39247648","chr11","36384315","36384617","38","2863042"
"JH378113","39272600","39272878","chr11","36412156","36412429","25","2860444"
"JH378113","39280552","39280835","chr11","36420716","36420985","29","2859836"
"JH378113","39294163","39294455","chr11","36440906","36441214","43","2853257"
"JH378113","39369554","39369847","chr11","36517807","36518099","28","2851747"
"JH378113","39373479","39373768","chr11","36521414","36521697","20","2852065"
"JH378113","39406805","39407103","chr11","36551884","36552183","23","2854921"
"JH378113","39410595","39410903","chr11","36556061","36556365","27","2854534"
"JH378113","39419217","39419525","chr11","36564423","36564726","24","2854794"
"JH378113","39446245","39446558","chr11","36591174","36591484","28","2855071"
"JH378113","39456453","39456712","chr11","36602150","36602407","22","2854303"
"JH378113","39458482","39458793","chr11","36604469","36604774","23","2854013"
"JH378113","39463240","39463505","chr19","18362531","18362799","58","21100709"
"JH378113","39471871","39472062","chr8","8265257","8265448","30","31206614"
"JH378113","39474003","39474289","chr11","36618503","36618795","23","2855500"
"JH378113","39479849","39480160","chr11","36623262","36623569","28","2856587"
"JH378113","39481968","39482258","chr11","17821341","17821632","55","21660627"
"JH378113","39487409","39487706","chr11","36631185","36631482","19","2856224"
"JH378113","39503131","39503457","chr6","147079187","147079505","52","107576056"
"JH378113","39556427","39556642","chr7","44478284","44478492","44","4921857"
"JH378113","39556931","39557010","chr2","83380307","83380385","13","43823376"
"JH378113","39572490","39572783","chr11","36719646","36719942","14","2852844"
"JH378113","39643138","39643404","chr11","36819986","36820269","43","2823152"
"JH378113","39680792","39681098","chr11","36854268","36854571","32","2826524"
"JH378113","39813458","39813764","chr11","37036233","37036525","35","2777225"
"JH378113","39879719","39879998","chr22","1807993","1808267","54","38071726"
"JH378113","40020622","40020933","chr11","37247852","37248157","30","2772770"
"JH378113","40035529","40035672","chr5","45962731","45962871","19","5927202"
"JH378113","40207820","40208143","chr11","37456059","37456383","40","2751761"
"JH378113","40236198","40236480","chr11","37485619","37485903","21","2750579"
"JH378113","40290068","40290356","chr11","37541120","37541416","31","2748948"
"JH378113","40344548","40344869","chr11","37595175","37595486","34","2749373"
"JH378113","40371422","40371582","chr22","37681731","37681893","24","2689691"
"JH378113","40418647","40418940","chr11","37683697","37683986","28","2734950"
"JH378113","40420319","40420372","chr5","150666592","150666641","8","110246273"
"JH378113","40519048","40519359","chr11","37803108","37803401","54","2715940"
"JH378113","40569838","40570132","chr9","111354658","111354956","46","70784820"
"JH378113","40616452","40616761","chr11","37902799","37903092","47","2713653"
"JH378113","40636039","40636301","chr11","37920577","37920840","16","2715462"
"JH378113","40640122","40640424","chr11","80781256","80781555","40","40141134"
"JH378113","40651318","40651606","chr11","37937473","37937770","29","2713845"
"JH378113","40655332","40655508","chr11","37941745","37941919","16","2713587"
"JH378113","40655554","40655676","chr1","179586986","179587106","17","138931432"
"JH378113","40660784","40661032","chr2","115915991","115916253","65","75255207"
"JH378113","40683042","40683186","chr20","1533570","1533713","28","39149472"
"JH378113","40738496","40738789","chr11","38036916","38037208","24","2701580"
"JH378113","40742984","40743283","chr5","153959754","153960056","48","113216770"
"JH378113","40790659","40790967","chr11","38091838","38092133","44","2698821"
"JH378113","40821817","40821937","chr11","38128824","38128945","11","2692993"
"JH378113","40821976","40821995","chr1","155708949","155708967","4","114886973"
"JH378113","40822031","40822200","chr11","38128975","38129147","19","2693056"
"JH378113","40846808","40847122","chr11","38154876","38155176","34","2691932"
"JH378113","40941129","40941460","chr11","59782579","59782913","18","18841450"
"JH378113","40953185","40953313","chr11","38262791","38262922","19","2690394"
"JH378113","40974729","40975038","chr11","38285062","38285356","45","2689667"
"JH378113","41100886","41100966","chr20","11101379","11101458","14","29999507"
"JH378113","41101171","41101299","chr5","64803511","64803641","25","23702340"
"JH378113","41111928","41112204","chr21","25561934","25562210","50","15549994"
"JH378113","41193746","41194061","chr11","38515667","38515939","54","2678079"
"JH378113","41210714","41210854","chr4","18048609","18048751","16","23162105"
"JH378113","41210861","41210926","chr11","38533771","38533836","4","2677090"
"JH378113","41321993","41322099","chr4","2754028","2754133","16","38567965"
"JH378113","41413343","41413631","chr3","75167392","75167673","58","33754049"
"JH378113","41463590","41463867","chr11","38809938","38810217","30","2653652"
"JH378113","41551237","41551540","chr11","38923388","38923691","25","2627849"
"JH378113","41560037","41560355","chr14","60191783","60192097","60","18631746"
"JH378113","41597394","41597680","chr11","38980067","38980350","23","2617327"
"JH378113","41629552","41629687","chr3","164766614","164766743","24","123137062"
"JH378113","41630162","41630265","chr6","74950204","74950310","7","33320042"
"JH378113","41631671","41631974","chr11","39017576","39017869","45","2614095"
"JH378113","41673580","41673705","chr11","39072887","39073012","9","2600693"
"JH378113","41674273","41674557","chr11","39073575","39073877","36","2600698"
"JH378113","41705020","41705280","chr11","39110228","39110492","20","2594792"
"JH378113","41729453","41729737","chr17","32513288","32513560","37","9216165"
"JH378113","41756219","41756514","chr11","39146334","39146626","16","2609885"
"JH378113","41766567","41766810","chr11","39158889","39159132","19","2607678"
"JH378113","41768418","41768467","chr11","39160734","39160783","2","2607684"
"JH378113","41770217","41770516","chr11","39162632","39162930","19","2607585"
"JH378113","41809670","41809812","chr11","39221966","39222118","17","2587704"
"JH378113","41948631","41948749","chr11","39407327","39407444","8","2541304"
"JH378113","41968087","41968348","chr11","39444092","39444342","30","2523995"
"JH378113","42077267","42077359","chr8","34453867","34453952","12","7623400"
"JH378113","42269183","42269495","chr5","60671568","60671876","49","18402385"
"JH378113","42347195","42347487","chr11","39877875","39878164","26","2469320"
"JH378113","42447288","42447448","chr20","44156958","44157112","42","1709670"
"JH378113","42447481","42447596","chr2","43326866","43326980","22","879385"
"JH378113","42709064","42709175","chr2","110045511","110045620","27","67336447"
"JH378113","42789383","42789676","chr11","40363404","40363704","25","2425979"
"JH378113","42850036","42850149","chr5","79043290","79043386","36","36193254"
"JH378113","42866853","42867122","chr11","40442957","40443223","26","2423896"
"JH378113","43038280","43038547","chr11","40624436","40624701","26","2413844"
"JH378113","43076542","43076655","chr12","28188734","28188847","11","14887808"
"JH378113","43339539","43339681","chr10","118266594","118266742","23","74927055"
"JH378113","43377216","43377341","chr6","132424504","132424632","19","89047288"
"JH378113","43377362","43377508","chr8","95461855","95461996","34","52084493"
"JH378113","43417365","43417659","chr11","41082522","41082810","31","2334843"
"JH378113","43418207","43418501","chr11","41083353","41083635","31","2334854"
"JH378113","43467036","43467302","chr11","41138446","41138732","33","2328590"
"JH378113","43531584","43531813","chr1","35038564","35038791","49","8493020"
"JH378113","43538855","43538977","chr4","91280635","91280758","19","47741780"
"JH378113","43539006","43539175","chr1","61060975","61061143","21","17521969"
"JH378113","43582123","43582421","chr11","41280523","41280819","26","2301600"
"JH378113","43603721","43603899","chr2","37180345","37180531","36","6423376"
"JH378113","43604211","43604357","chr5","92250999","92251132","27","48646788"
"JH378113","43620788","43621097","chr11","41317698","41317999","23","2303090"
"JH378113","43659190","43659415","chr5","2386801","2387025","41","41272389"
"JH378113","43741222","43741515","chr11","41440841","41441156","36","2300381"
"JH378113","43749236","43749535","chr11","41447739","41448031","32","2301497"
"JH378113","43784750","43784879","chr7","12755574","12755697","16","31029176"
"JH378113","43784926","43785096","chr3","32715712","32715880","30","11069214"
"JH378113","43800528","43800688","chr11","41501043","41501202","13","2299485"
"JH378113","43800746","43800889","chr11","41501236","41501355","28","2299510"
"JH378113","43822642","43822934","chr5","141675787","141676075","46","97853145"
"JH378113","43824458","43824763","chr11","41526883","41527173","31","2297575"
"JH378113","43913314","43913626","chr11","41610201","41610499","39","2303113"
"JH378113","43914181","43914349","chr10","17302293","17302468","33","26611888"
"JH378113","43914395","43914520","chr13","55181751","55181874","19","11267356"
"JH378113","43962807","43963110","chr11","41663357","41663656","26","2299450"
"JH378113","44012583","44012783","chr11","41720685","41720904","33","2291898"
"JH378113","44048226","44048526","chr11","41749967","41750265","27","2298259"
"JH378113","44131845","44132150","chr11","41840561","41840864","22","2291284"
"JH378113","44231149","44231453","chr11","41957690","41957976","38","2273459"
"JH378113","44246148","44246453","chr11","41972266","41972566","27","2273882"
"JH378114","150129","150429","chr1","137258444","137258739","56","137108315"
"JH378114","185625","185902","chr3","118171166","118171460","30","117985541"
"JH378114","191238","191533","chr3","118165834","118166130","27","117974596"
"JH378114","212595","212903","chr3","118145445","118145758","31","117932850"
"JH378114","241720","242012","chr4","3990824","3991116","52","3749104"
"JH378114","252037","252294","chr3","118106018","118106269","24","117853981"
"JH378114","258667","258950","chr3","118099565","118099852","20","117840898"
"JH378114","265228","265528","chr3","118094373","118094671","24","117829145"
"JH378114","282292","282573","chr3","118078694","118079000","40","117796402"
"JH378114","282574","282788","chr3","118078480","118078693","14","117795906"
"JH378114","335076","335343","chrX","47761712","47761978","59","47426636"
"JH378114","389446","389749","chr3","117979168","117979471","25","117589722"
"JH378114","400980","401287","chr3","117968020","117968322","22","117567040"
"JH378114","429565","429866","chr3","117941896","117942202","26","117512331"
"JH378114","445555","445842","chr3","6198096","6198379","45","5752541"
"JH378114","476885","477170","chr3","117893726","117894011","27","117416841"
"JH378114","517578","517880","chr3","117844985","117845286","21","117327407"
"JH378114","518870","519143","chr12","19712114","19712377","55","19193244"
"JH378114","546441","546732","chr3","117816475","117816760","21","117270034"
"JH378114","612628","612823","chr2","14649848","14650058","41","14037220"
"JH378114","671967","672267","chr3","117668502","117668779","40","116996535"
"JH378114","679815","680108","chr3","117655233","117655527","19","116975418"
"JH378114","697549","697833","chr3","117633696","117633980","13","116936147"
"JH378114","702817","702947","chr3","111016915","111017041","13","110314098"
"JH378114","779908","780037","chr9","38938638","38938768","9","38158730"
"JH378114","816296","816594","chr5","31994728","31995033","45","31178432"
"JH378114","829316","829607","chr22","1907056","1907353","46","1077740"
"JH378114","832303","832593","chr3","117505448","117505740","21","116673145"
"JH378114","836914","837193","chr20","22556992","22557272","64","21720078"
"JH378114","850170","850462","chr13","36792782","36793073","40","35942612"
"JH378114","866320","866624","chr3","117483773","117484084","28","116617453"
"JH378114","870848","871172","chr16","49870881","49871194","57","49000033"
"JH378114","881027","881255","chr3","117468784","117469016","25","116587757"
"JH378114","901864","902161","chr3","117450514","117450808","26","116548650"
"JH378114","902404","902581","chr3","117450252","117450433","11","116547848"
"JH378114","923322","923607","chr3","117429938","117430227","14","116506616"
"JH378114","932706","933006","chr3","117421728","117422027","28","116489022"
"JH378114","997844","998125","chr11","80615886","80616158","43","79618042"
"JH378114","1202450","1202750","chrX","96737843","96738142","47","95535393"
"JH378114","1208234","1208362","chr19","12059665","12059792","7","10851431"
"JH378114","1367024","1367334","chr3","116918895","116919179","38","115551871"
"JH378114","1375729","1376030","chr15","65508823","65509122","50","64133094"
"JH378114","1410631","1410919","chr3","116861791","116862082","20","115451160"
"JH378114","1460902","1461187","chr14","89710466","89710758","58","88249564"
"JH378114","1468358","1468539","chr9","38097619","38097796","30","36629261"
"JH378114","1469466","1469738","chr3","116800568","116800831","20","115331102"
"JH378114","1509243","1509337","chr8","97193597","97193694","20","95684354"
"JH378114","1553019","1553166","chr19","27947536","27947675","27","26394517"
"JH378114","1553858","1554167","chr3","116724375","116724684","13","115170517"
"JH378114","1563347","1563640","chr3","116715269","116715564","31","115151922"
"JH378114","1587053","1587344","chr3","116691239","116691528","31","115104186"
"JH378114","1588439","1588631","chr3","116689970","116690161","15","115101531"
"JH378114","1588923","1589045","chr3","116689551","116689678","11","115100628"
"JH378114","1595119","1595272","chr3","116682235","116682397","21","115087116"
"JH378114","1595729","1595877","chr3","116681651","116681812","21","115085922"
"JH378114","1614275","1614547","chr3","116664077","116664359","23","115049802"
"JH378114","1614995","1615281","chr1","176454612","176454901","44","174839617"
"JH378114","1621598","1621913","chr7","81338176","81338490","52","79716578"
"JH378114","1623180","1623496","chr3","116654726","116655042","20","115031546"
"JH378114","1632559","1632860","chr3","116645781","116646077","34","115013222"
"JH378114","1635974","1636271","chr6","47210378","47210673","40","45574404"
"JH378114","1736337","1736647","chr3","116510612","116510906","37","114774275"
"JH378114","1742305","1742587","chr9","114419427","114419701","57","112677122"
"JH378114","1774576","1774602","chr8","116179119","116179143","3","114404543"
"JH378114","1774632","1774881","chr2","181231370","181231607","58","179456738"
"JH378114","1884600","1884918","chr5","158763626","158763942","49","156879026"
"JH378114","1983897","1984138","chr2","181140525","181140766","35","179156628"
"JH378114","2058713","2059014","chr3","116179886","116180187","23","114121173"
"JH378114","2132372","2132670","chr3","116086393","116086687","28","113954021"
"JH378114","2144561","2144861","chr3","116074037","116074345","18","113929476"
"JH378114","2234910","2235107","chr8","32570196","32570391","30","30335286"
"JH378114","2245724","2246024","chrX","111679544","111679843","49","109433820"
"JH378114","2260766","2261039","chr3","115947998","115948265","21","113687232"
"JH378114","2312554","2312690","chr3","115898607","115898732","14","113586053"
"JH378114","2314930","2315122","chr16","3179272","3179460","32","864342"
"JH378114","2341196","2341491","chr3","115869676","115869985","31","113528480"
"JH378114","2372094","2372398","chr20","12333419","12333726","50","9961325"
"JH378114","2400405","2400526","chr3","115803586","115803707","2","113403181"
"JH378114","2400574","2400738","chr3","115803383","115803548","11","113402809"
"JH378114","2439745","2439877","chr21","22290653","22290785","14","19850908"
"JH378114","2451792","2452065","chr6","54653261","54653539","48","52201469"
"JH378114","2454013","2454293","chr22","34763662","34763944","54","32309649"
"JH378114","2455853","2456019","chr3","115744372","115744539","13","113288519"
"JH378114","2456323","2456350","chr1","118002121","118002145","8","115545798"
"JH378114","2456676","2456812","chr3","115743617","115743753","8","113286941"
"JH378114","2547272","2547413","chr3","115636398","115636535","18","113089126"
"JH378114","2547705","2547845","chr3","115635992","115636129","8","113088287"
"JH378114","2581735","2581862","chr10","7308794","7308922","9","4727059"
"JH378114","2680293","2680416","chr5","41535242","41535372","11","38854949"
"JH378114","2793795","2794127","chr7","27345420","27345752","25","24551625"
"JH378114","2988301","2988415","chr3","115213130","115213244","8","112224829"
"JH378114","2989112","2989286","chr1","198293336","198293511","29","195304224"
"JH378114","3107697","3107778","chr4","116950662","116950744","8","113842965"
"JH378114","3121375","3121684","chr3","115073352","115073658","18","111951977"
"JH378114","3134323","3134599","chr3","115060190","115060464","16","111925867"
"JH378114","3134776","3135066","chr3","115059721","115060012","20","111924945"
"JH378114","3266697","3266978","chr3","114930889","114931189","35","111664192"
"JH378114","3282203","3282509","chr3","110652603","110652910","45","107370400"
"JH378114","3343481","3343761","chr3","114846089","114846391","36","111502608"
"JH378114","3494647","3494723","chr3","80028478","80028552","18","76533831"
"JH378114","3528437","3528641","chr9","15943511","15943715","38","12415074"
"JH378114","3528948","3529066","chr20","12666793","12666906","18","9137845"
"JH378114","3887820","3888088","chr3","114253723","114253982","34","110365903"
"JH378114","3916972","3917297","chr3","114224198","114224508","31","110307226"
"JH378114","3954877","3955172","chr3","114186352","114186654","27","110231475"
"JH378114","3982489","3982564","chr12","13001773","13001845","10","9019284"
"JH378114","4100536","4100646","chr7","54975822","54975929","10","50875286"
"JH378114","4267202","4267478","chrX","116216339","116216606","48","111949137"
"JH378114","4290920","4291211","chr9","107282719","107283014","57","102991799"
"JH378114","4300879","4301162","chr3","113827390","113827658","34","109526511"
"JH378114","4338620","4338905","chr3","113769528","113769813","33","109430908"
"JH378114","4364056","4364394","chr3","113740119","113740457","50","109376063"
"JH378114","4368231","4368519","chr3","113735713","113736002","14","109367482"
"JH378114","4377989","4378118","chr3","113725850","113725980","12","109347861"
"JH378114","4379102","4379398","chr18","3047133","3047426","40","1331969"
"JH378114","4379419","4379438","chr12","22208277","22208296","2","17828858"
"JH378114","4461209","4461276","chr9","85103641","85103712","13","80642432"
"JH378114","4511430","4511710","chr3","113574671","113574951","18","109063241"
"JH378114","4598688","4598988","chr1","136738175","136738478","63","132139487"
"JH378114","4735806","4736104","chr3","113314823","113315114","23","108579017"
"JH378114","4775313","4775467","chr11","5349448","5349604","34","574135"
"JH378114","4775766","4775887","chr4","111347498","111347614","15","106571732"
"JH378114","4951411","4951631","chr3","113064294","113064512","16","108112883"
"JH378114","4996551","4996768","chr3","113009173","113009395","29","108012622"
"JH378114","5012248","5012427","chr2","62099426","62099604","25","57087178"
"JH378114","5012483","5012609","chr15","98367926","98368053","18","93355443"
"JH378114","5209253","5209572","chr21","40928423","40928736","51","35719170"
"JH378114","5238961","5239089","chr3","112763193","112763320","14","107524232"
"JH378114","5239466","5239663","chr3","112762599","112762783","25","107523133"
"JH378114","5253671","5253807","chr3","112746040","112746178","12","107492369"
"JH378114","5254098","5254249","chr3","112745581","112745736","16","107491483"
"JH378114","5283347","5283626","chr3","112716225","112716504","22","107432878"
"JH378114","5294094","5294396","chr3","112705420","112705707","28","107411326"
"JH378114","5356464","5356639","chr16","28301285","28301460","16","22944821"
"JH378114","5356677","5356796","chr9","109193149","109193270","28","103836472"
"JH378114","5403054","5403367","chr3","112587028","112587335","25","107183974"
"JH378114","5414449","5414786","chr9","40811659","40811989","53","35397210"
"JH378114","5515007","5515315","chr3","112460135","112460439","25","106945128"
"JH378114","5556187","5556314","chr3","112417129","112417264","15","106860942"
"JH378114","5580699","5580918","chr16","92628109","92628334","33","87047410"
"JH378114","5636326","5636607","chr3","169696233","169696505","55","164059907"
"JH378114","5652505","5652801","chr3","112326695","112326986","22","106674190"
"JH378114","5708490","5708793","chr9","35365483","35365792","52","29656993"
"JH378114","5732420","5732714","chr3","112234000","112234290","23","106501580"
"JH378114","5865307","5865564","chr5","131082882","131083138","43","125217575"
"JH378114","5878891","5879196","chr3","112002167","112002467","17","106123276"
"JH378114","5900507","5900706","chr3","111975466","111975656","15","106074959"
"JH378114","5939994","5940303","chr10","107068924","107069229","54","101128930"
"JH378114","5949282","5949557","chr3","111926221","111926512","44","105976939"
"JH378114","5952965","5953152","chr12","87017646","87017821","28","81064681"
"JH378114","5953196","5953317","chr6","114631301","114631420","18","108678105"
"JH378114","5972489","5972765","chr3","111910507","111910784","24","105938018"
"JH378114","5992177","5992480","chr3","111890936","111891227","37","105898759"
"JH378114","6006813","6007012","chr22","20577163","20577361","29","14570350"
"JH378114","6065135","6065405","chr3","111812334","111812620","30","105747199"
"JH378114","6079476","6079765","chr17","28217601","28217900","56","22138125"
"JH378114","6087505","6087804","chr3","111781132","111781437","22","105693627"
"JH378114","6097493","6097596","chr5","78527295","78527398","15","72429802"
"JH378114","6104414","6104719","chr3","111762338","111762647","27","105657924"
"JH378114","6115626","6115928","chr3","111751496","111751805","23","105635870"
"JH378114","6122231","6122533","chr3","111744379","111744675","32","105622148"
"JH378114","6134585","6134888","chr3","111729757","111730054","27","105595172"
"JH378114","6154997","6155287","chr3","111705152","111705433","29","105550155"
"JH378114","6206791","6207096","chr3","111649931","111650224","29","105443140"
"JH378114","6235756","6236094","chr3","111620862","111621201","33","105385106"
"JH378114","6240395","6240692","chr3","111615854","111616154","16","105375459"
"JH378114","6294719","6294924","chr3","111562482","111562683","25","105267763"
"JH378114","6297714","6298023","chr3","111559802","111560104","28","105262088"
"JH378114","6310987","6311134","chr2","59479369","59479520","32","53168382"
"JH378114","6311170","6311261","chr5","11429229","11429322","11","5118059"
"JH378114","6316409","6316720","chr3","111539412","111539712","28","105223003"
"JH378114","6349856","6350180","chr3","111506636","111506956","31","105156780"
"JH378114","6373002","6373145","chr3","111476275","111476418","7","105103273"
"JH378114","6373308","6373521","chr3","111475899","111476112","7","105102591"
"JH378114","6375507","6375790","chr19","45152036","45152322","47","38776529"
"JH378114","6385831","6386128","chr4","31423819","31424116","50","25037988"
"JH378114","6413521","6413803","chr3","111433795","111434071","24","105020274"
"JH378114","6415628","6415907","chrX","22881218","22881507","48","16465590"
"JH378114","6430095","6430395","chr7","89951395","89951694","46","83521300"
"JH378114","6439563","6439848","chr3","111407608","111407903","40","104968045"
"JH378114","6444190","6444479","chr3","111402989","111403275","26","104958799"
"JH378114","6448573","6448814","chr5","126834706","126834947","38","120386133"
"JH378114","6480015","6480196","chr3","111367211","111367395","18","104887196"
"JH378114","6484067","6484336","chr3","111363043","111363342","41","104878976"
"JH378114","6484674","6484935","chr1","136468788","136469050","47","129984114"
"JH378114","6488155","6488447","chr3","111358722","111359018","24","104870567"
"JH378114","6500281","6500457","chr8","106769121","106769296","12","100268840"
"JH378114","6501692","6501781","chr5","1600530","1600619","8","4901162"
"JH378114","6510992","6511253","chr7","74488713","74488975","45","67977721"
"JH378114","6514161","6514311","chr20","1969411","1969548","27","4544750"
"JH378114","6521892","6522172","chr3","111326439","111326730","29","104804547"
"JH378114","6534059","6534149","chr5","50499909","50500000","7","43965850"
"JH378114","6541749","6542036","chr2","13476597","13476896","54","6934848"
"JH378114","6543029","6543336","chr3","111305080","111305384","22","104762051"
"JH378114","6552851","6552980","chr2","79143251","79143379","8","72590400"
"JH378114","6554780","6555077","chr3","111293538","111293827","18","104738758"
"JH378114","6561277","6561578","chr3","111287333","111287627","25","104726056"
"JH378114","6562883","6563020","chrX","107969361","107969493","26","101406478"
"JH378114","6572954","6573254","chr3","111275818","111276126","46","104702864"
"JH378114","6577638","6577931","chr3","111271272","111271544","36","104693634"
"JH378114","6578305","6578424","chr5","5716557","5716676","12","861748"
"JH378114","6584190","6584401","chr3","111264672","111264883","9","104680482"
"JH378114","6590189","6590403","chr3","111258555","111258773","16","104668366"
"JH378114","6593085","6593203","chr5","73621056","73621174","17","67027971"
"JH378114","6595744","6596028","chr3","111253544","111253815","36","104657800"
"JH378114","6597559","6597856","chr3","111250559","111250861","31","104653000"
"JH378114","6607276","6607571","chr3","111242460","111242755","19","104635184"
"JH378114","6619120","6619393","chr3","83928695","83928972","51","77309575"
"JH378114","6635126","6635338","chr12","11122164","11122373","23","4487038"
"JH378114","6644062","6644315","chr3","111211877","111212133","22","104567815"
"JH378114","6644462","6644595","chr3","111211598","111211731","11","104567136"
"JH378114","6646422","6646540","chr3","111209982","111210100","7","104563560"
"JH378114","6646770","6646905","chr3","111209617","111209752","8","104562847"
"JH378114","6647212","6647368","chr3","111209150","111209308","12","104561938"
"JH378114","6679235","6679365","chr6","28503046","28503176","8","21823811"
"JH378114","6683268","6683366","chr8","14435441","14435540","10","7752173"
"JH378114","6692485","6692798","chr3","111154356","111154669","22","104461871"
"JH378114","6693941","6694078","chr3","111153075","111153207","12","104459134"
"JH378114","6717136","6717434","chr9","100253704","100254004","42","93536568"
"JH378114","6719286","6719402","chr11","54880192","54880309","12","48160906"
"JH378114","6728671","6728783","chr8","55272661","55272774","10","48543990"
"JH378114","6759914","6760221","chr3","111077245","111077539","53","104317331"
"JH378114","6777522","6777769","chr22","47613179","47613423","55","40835657"
"JH378114","6777813","6777839","chr6","79180091","79180116","6","72402278"
"JH378114","6786716","6786835","chr16","32625480","32625599","9","25838764"
"JH378114","6797339","6797575","chr9","112705131","112705366","33","105907792"
"JH378114","6851878","6852180","chr1","99241989","99242297","46","92390111"
"JH378114","6853662","6853890","chr3","110953088","110953324","30","104099426"
"JH378114","6858746","6859051","chr3","110949292","110949603","26","104090546"
"JH378114","6861635","6861675","chr14","45568029","45568068","7","38706394"
"JH378114","6862350","6862482","chr9","39167271","39167402","8","32304921"
"JH378114","6880601","6880888","chr3","110926822","110927114","25","104046221"
"JH378114","6895927","6896042","chr3","1505056","1505170","12","5390871"
"JH378114","6903542","6903846","chr3","110904086","110904379","25","104000544"
"JH378114","6919716","6919937","chr5","3958804","3959023","36","2960912"
"JH378114","6938172","6938454","chr3","110872329","110872610","13","103934157"
"JH378114","6958615","6958912","chr3","110849737","110850027","25","103891122"
"JH378114","6965347","6965653","chr3","110834151","110834448","35","103868804"
"JH378114","7007834","7008114","chr3","110793241","110793521","29","103785407"
"JH378114","7008348","7008645","chr3","110792707","110793008","19","103784359"
"JH378114","7018136","7018430","chr3","110783064","110783365","24","103764928"
"JH378114","7019082","7019307","chr3","110782207","110782433","12","103763125"
"JH378114","7025464","7025761","chr3","110774765","110775070","34","103749301"
"JH378114","7050608","7050777","chr10","126321054","126321221","29","119270446"
"JH378114","7051080","7051215","chr19","6492329","6492461","20","558751"
"JH378114","7052440","7052746","chr3","110745959","110746262","24","103693519"
"JH378114","7083234","7083366","chr22","31475753","31475886","13","24392519"
"JH378114","7104662","7104874","chr10","6356469","6356686","48","748193"
"JH378114","7112280","7112559","chr4","155035704","155035992","54","147923424"
"JH378114","7112732","7113036","chr3","110685869","110686166","24","103573137"
"JH378114","7135274","7135568","chr20","32646901","32647198","42","25511627"
"JH378114","7144958","7145249","chr5","9925475","9925767","47","2780517"
"JH378114","7153431","7153548","chr17","24239944","24240061","12","17086513"
"JH378114","7156071","7156375","chr5","140398124","140398424","47","133242053"
"JH378114","7156813","7156927","chr22","8878271","8878385","7","1721458"
"JH378114","7157404","7157460","chr14","19020682","19020736","7","11863278"
"JH378114","7158721","7159026","chr3","110643096","110643398","23","103484375"
"JH378114","7159755","7159963","chr1","137993907","137994116","39","130834152"
"JH378114","7169256","7169536","chr12","83109037","83109310","52","75939781"
"JH378114","7174571","7174848","chr7","145033446","145033725","46","137858875"
"JH378114","7174900","7174915","chr15","7585563","7585578","0","410663"
"JH378114","7180325","7180403","chr12","19275822","19275900","13","12095497"
"JH378114","7186080","7186370","chr3","110614350","110614642","25","103428270"
"JH378114","7190183","7190477","chr3","110610256","110610552","21","103420073"
"JH378114","7191763","7192061","chr3","110608659","110608967","35","103416896"
"JH378114","7200003","7200312","chr14","16009052","16009354","43","8809049"
"JH378114","7221271","7221577","chr12","54940867","54941171","48","47719596"
"JH378114","7228606","7228892","chr12","113167820","113168098","65","105939214"
"JH378114","7235932","7236229","chr3","110563554","110563865","29","103327622"
"JH378114","7236973","7237267","chr3","110562537","110562828","34","103325564"
"JH378114","7242726","7243026","chr3","110554423","110554716","32","103311697"
"JH378114","7248270","7248446","chr3","110549061","110549237","13","103300791"
"JH378114","7249539","7249701","chr3","110547831","110547989","26","103298292"
"JH378114","7250008","7250076","chr4","39053797","39053862","8","31803789"
"JH378114","7260153","7260445","chr12","4215391","4215691","60","3044762"
"JH378114","7273151","7273276","chr3","158784313","158784443","16","151511162"
"JH378114","7274280","7274552","chr3","110522059","110522349","35","103247779"
"JH378114","7291323","7291447","chr22","42279221","42279338","25","34987898"
"JH378114","7314098","7314393","chr3","110473340","110473625","35","103159242"
"JH378114","7337999","7338025","chr6","117276091","117276115","6","109938092"
"JH378114","7338049","7338325","chrX","90446320","90446603","55","83108271"
"JH378114","7338865","7339170","chr4","17667882","17668185","49","10329017"
"JH378114","7352423","7352734","chr3","110431683","110431977","30","103079260"
"JH378114","7373961","7374196","chr1","195508444","195508685","53","188134483"
"JH378114","7537185","7537482","chr3","110232583","110232878","30","102695398"
"JH378114","7731329","7731446","chr9","34505193","34505312","20","26773864"
"JH378114","7731498","7731653","chrX","23402641","23402795","28","15671143"
"JH378114","7785090","7785376","chr3","109952991","109953280","24","102167901"
"JH378114","7828825","7828959","chr2","1729104","1729238","24","6099721"
"JH378114","7829242","7829452","chr1","15658899","15659099","47","7829657"
"JH378114","7879479","7879794","chr3","109846565","109846866","41","101967086"
"JH378114","8044323","8044608","chr3","109679322","109679604","23","101634999"
"JH378114","8094411","8094493","chr9","45907961","45908043","5","37813550"
"JH378114","8109872","8110177","chr3","109613067","109613364","24","101503195"
"JH378114","8188657","8188942","chr3","109520794","109521079","17","101332137"
"JH378114","8190483","8190757","chr3","109518965","109519247","28","101328482"
"JH378114","8198288","8198590","chr3","109511011","109511313","25","101312723"
"JH378114","8239793","8239976","chr1","185782736","185782908","39","177542943"
"JH378114","8240285","8240420","chr5","43242362","43242499","18","35002077"
"JH378114","8241964","8242249","chr3","109450968","109451253","26","101209004"
"JH378114","8289007","8289142","chr1","108329134","108329268","19","100040127"
"JH378114","8289436","8289602","chr7","49025113","49025278","26","40735677"
"JH378114","8302103","8302394","chr5","35605530","35605817","43","27303427"
"JH378114","8305888","8306180","chr3","109383018","109383321","50","101077130"
"JH378114","8321612","8321896","chr4","32431985","32432272","42","24110373"
"JH378114","8346233","8346536","chr3","109333651","109333953","23","100987418"
"JH378114","8365981","8366276","chr3","109313012","109313312","26","100947031"
"JH378114","8398801","8399096","chr3","109280156","109280450","21","100881355"
"JH378114","8416766","8416941","chr8","3777172","3777348","32","4639594"
"JH378114","8425887","8426180","chr3","109246398","109246684","33","100820511"
"JH378114","8427219","8427525","chr10","5659303","5659607","47","2767916"
"JH378114","8445101","8445235","chr3","109226487","109226624","9","100781386"
"JH378114","8468611","8468825","chr3","109200792","109201019","30","100732181"
"JH378114","8479426","8479749","chr3","109189299","109189624","38","100709873"
"JH378114","8493271","8493577","chr3","109175785","109176089","43","100682514"
"JH378114","8497566","8497850","chr3","109171594","109171868","33","100674028"
"JH378114","8505623","8505932","chr3","109163220","109163517","31","100657597"
"JH378114","8510529","8510826","chr3","109157875","109158168","26","100647346"
"JH378114","8532036","8532127","chr3","109137653","109137746","7","100605617"
"JH378114","8532128","8532412","chr3","109137388","109137652","37","100605260"
"JH378114","8532413","8532588","chr3","109137217","109137387","14","100604804"
"JH378114","8547367","8547696","chr3","109121701","109122007","46","100574334"
"JH378114","8588967","8589243","chr3","109081886","109082163","14","100492919"
"JH378114","8641909","8642201","chr1","201446623","201446917","39","192804714"
"JH378114","8652424","8652585","chr3","109012592","109012752","13","100360168"
"JH378114","8667995","8668309","chr3","108984670","108984968","44","100316675"
"JH378114","8672585","8672699","chr2","131978325","131978439","14","123305740"
"JH378114","8689888","8689994","chr3","108963661","108963765","9","100273773"
"JH378114","8709833","8710151","chr3","108940504","108940813","29","100230671"
"JH378114","9061489","9061758","chr13","75764849","75765112","50","66703360"
"JH378114","9123706","9124015","chr3","108629098","108629407","33","99505392"
"JH378114","9166856","9167115","chr3","108586614","108586855","38","99419758"
"JH378114","9187897","9187993","chr7","25794206","25794301","13","16606309"
"JH378114","9233243","9233533","chr3","108519729","108520021","30","99286486"
"JH378114","9266795","9267110","chr3","108479638","108479944","26","99212843"
"JH378114","9274920","9275215","chr3","108471546","108471850","26","99196626"
"JH378114","9391617","9391839","chr2","193393372","193393592","38","184001755"
"JH378114","9402991","9403274","chr3","108331283","108331566","12","98928292"
"JH378114","9422404","9422717","chr3","108311869","108312183","29","98889465"
"JH378114","9434012","9434134","chrX","69249237","69249359","14","59815225"
"JH378114","9434178","9434340","chr3","108300944","108301109","16","98866766"
"JH378114","9447972","9448248","chr3","108286974","108287258","33","98839002"
"JH378114","9465539","9465843","chr3","108269928","108270228","17","98804389"
"JH378114","9492632","9492889","chr7","4899167","4899427","34","4593465"
"JH378114","9502751","9503056","chr3","108232497","108232788","30","98729746"
"JH378114","9519049","9519346","chr3","108215675","108215967","26","98696626"
"JH378114","9521506","9521787","chr3","108213227","108213495","37","98691721"
"JH378114","9534720","9535039","chr22","10664750","10665069","64","1130030"
"JH378114","9590109","9590331","chr2","56739535","56739754","30","47149426"
"JH378114","9595712","9595993","chr3","108136542","108136816","30","98540830"
"JH378114","9616108","9616390","chr3","108117467","108117742","28","98501359"
"JH378114","9664302","9664480","chr22","28593917","28594087","33","18929615"
"JH378114","9664509","9664632","chr17","62421842","62421964","16","52757333"
"JH378114","9665574","9665900","chr21","7864799","7865115","23","1800775"
"JH378114","9687396","9687552","chr3","108047619","108047787","19","98360223"
"JH378114","9808236","9808535","chr3","107917453","107917743","32","98109217"
"JH378114","9892565","9892865","chr3","75194975","75195274","37","65302410"
"JH378114","9910570","9910873","chr3","107820635","107820929","41","97910065"
"JH378114","9924607","9924908","chr3","107806566","107806866","23","97881959"
"JH378114","9949832","9949957","chr3","107779304","107779429","8","97829472"
"JH378114","9949999","9950154","chr3","107779120","107779274","10","97829121"
"JH378114","10018122","10018420","chr3","107711124","107711418","30","97693002"
"JH378114","10055103","10055399","chr3","107659785","107660081","16","97604682"
"JH378114","10162740","10163034","chr3","107551507","107551796","25","97388767"
"JH378114","10174085","10174364","chr3","107540073","107540342","27","97365988"
"JH378114","10177576","10177867","chr3","107537084","107537398","48","97359508"
"JH378114","10190952","10191237","chr3","107524080","107524359","23","97333128"
"JH378114","10277688","10277862","chr3","107444200","107444375","5","97166512"
"JH378114","10280913","10281026","chr15","45599862","45599974","23","35318949"
"JH378114","10325032","10325334","chr3","107404151","107404441","26","97079119"
"JH378114","10405549","10405697","chr22","14656598","14656743","21","4251049"
"JH378114","10407089","10407372","chr3","1531335","1531617","42","8875754"
"JH378114","10434359","10434625","chr3","107290537","107290803","14","96856178"
"JH378114","10434874","10435166","chr1","199349205","199349498","50","188914331"
"JH378114","10456758","10457062","chr8","117609496","117609797","41","107152738"
"JH378114","10460603","10460909","chr3","107263292","107263588","31","96802689"
"JH378114","10464114","10464405","chr3","107259798","107260104","34","96795684"
"JH378114","10473813","10473913","chr1","186116212","186116312","14","175642399"
"JH378114","10490667","10490962","chr8","34481236","34481529","47","23990569"
"JH378114","10491172","10491477","chr3","107231896","107232199","29","96740724"
"JH378114","10506701","10507013","chr3","107216861","107217160","35","96710160"
"JH378114","10513614","10513918","chr7","87667006","87667289","66","77153392"
"JH378114","10555119","10555201","chr22","32422451","32422534","14","21867332"
"JH378114","10574034","10574167","chr3","107149560","107149692","14","96575526"
"JH378114","10582447","10582677","chr3","107140553","107140788","20","96558106"
"JH378114","10583297","10583372","chr4","31558997","31559071","13","20975700"
"JH378114","10613550","10613843","chr3","107112993","107113288","19","96499443"
"JH378114","10618522","10618826","chr3","107107985","107108281","37","96489463"
"JH378114","10620786","10621064","chr3","107105737","107106012","19","96484951"
"JH378114","10642153","10642218","chr3","107083290","107083359","6","96441137"
"JH378114","10648706","10648831","chr2","16016256","16016379","12","5367550"
"JH378114","10657978","10658149","chr3","107068274","107068445","6","96410296"
"JH378114","10692607","10692915","chr1","200159194","200159489","53","189466587"
"JH378114","10698998","10699309","chr3","107025282","107025595","30","96326284"
"JH378114","10711334","10711474","chr3","107012468","107012608","13","96301134"
"JH378114","10718201","10718491","chr6","121793865","121794154","53","111075664"
"JH378114","10730160","10730462","chr3","106994539","106994838","48","96264379"
"JH378114","10789630","10789761","chr3","106934014","106934141","20","96144384"
"JH378114","10843683","10843981","chr3","106876408","106876711","23","96032725"
"JH378114","10851288","10851415","chrUn_GL286318","6391","6515","10","10844897"
"JH378114","10872456","10872721","chr3","106848995","106849260","19","95976539"
"JH378114","10876275","10876434","chrUn_GL288327","7153","7310","32","10869122"
"JH378114","10890965","10891271","chr3","106811267","106811565","31","95920302"
"JH378114","10962569","10962700","chr3","106722732","106722863","8","95760163"
"JH378114","10972519","10972827","chr3","106707148","106707438","35","95734629"
"JH378114","10974483","10974784","chr5","4379233","4379531","41","6595250"
"JH378114","10976514","10976623","chr3","106703369","106703477","9","95726855"
"JH378114","10988122","10988275","chr7","35788544","35788695","21","24800422"
"JH378114","10993698","10993828","chr2","116581402","116581525","26","105587704"
"JH378114","10997777","10998075","chr3","106662426","106662719","26","95664649"
"JH378114","11000486","11000794","chr3","106661155","106661452","36","95660669"
"JH378114","11005729","11006030","chr3","106656821","106657117","24","95651092"
"JH378114","11045719","11045903","chr22","10474244","10474427","37","571475"
"JH378114","11046049","11046174","chr9","42591250","42591375","19","31545201"
"JH378114","11070144","11070444","chr8","107424329","107424631","39","96354185"
"JH378114","11103939","11104234","chr3","106557352","106557644","18","95453413"
"JH378114","11105562","11105868","chr13","19827681","19827990","49","8722119"
"JH378114","11128943","11129225","chr3","45070845","45071133","45","33941902"
"JH378114","11139568","11139732","chr3","106521586","106521751","15","95382018"
"JH378114","11139741","11140067","chr3","106521256","106521577","35","95381515"
"JH378114","11212779","11212921","chr2","67309839","67309981","17","56097060"
"JH378114","11261704","11261839","chr3","106378093","106378230","13","95116389"
"JH378114","11262142","11262319","chr3","106377617","106377794","18","95115475"
"JH378114","11390743","11391040","chr3","106192422","106192719","17","94801679"
"JH378114","11527803","11528102","chr1","22193868","22194171","56","10666065"
"JH378114","11586591","11586893","chr3","106010743","106011035","36","94424152"
"JH378114","11610537","11610821","chr3","105987186","105987471","29","94376649"
"JH378114","11639950","11640313","chr2","173991680","173992037","88","162351730"
"JH378114","11640707","11640990","chr3","105956845","105957130","29","94316138"
"JH378114","11667862","11668088","chr3","105930192","105930422","25","94262330"
"JH378114","11679137","11679466","chr3","105917122","105917422","47","94237985"
"JH378114","11682164","11682453","chr5","158878523","158878812","39","147196359"
"JH378114","11685114","11685424","chr3","105910973","105911283","39","94225859"
"JH378114","11687861","11688138","chr3","105908628","105908905","21","94220767"
"JH378114","11698802","11699092","chr3","105892391","105892684","25","94193589"
"JH378114","11708744","11708849","chr3","56886191","56886302","28","45177447"
"JH378114","11713922","11714230","chr3","105876366","105876674","20","94162444"
"JH378114","11717907","11718161","chr11","121405423","121405673","48","109687516"
"JH378114","11729098","11729387","chr2","198531742","198532022","50","186802644"
"JH378114","11731190","11731276","chr3","66016250","66016334","15","54285060"
"JH378114","11731486","11731507","chr6","112233695","112233714","5","100502209"
"JH378114","11739122","11739288","chr6","17427408","17427571","30","5688286"
"JH378114","11739594","11739709","chr3","105849438","105849552","8","94109844"
"JH378114","11791756","11792051","chr3","105811042","105811347","37","94019286"
"JH378114","11803346","11803657","chr3","105800364","105800663","24","93997018"
"JH378114","11890867","11891160","chr3","105714294","105714615","55","93823427"
"JH378114","11893209","11893332","chr3","105711965","105712087","11","93818756"
"JH378114","11893362","11893521","chr3","105711760","105711925","17","93818398"
"JH378114","11898482","11898693","chr1","137993907","137994116","32","126095425"
"JH378114","11899453","11899585","chr3","39306703","39306833","10","27407250"
"JH378114","11901537","11901737","chr3","105703404","105703604","22","93801867"
"JH378114","11911418","11911707","chr19","23476557","23476848","55","11565139"
"JH378114","11952439","11952733","chr12","2948949","2949236","34","9003490"
"JH378114","11952737","11953015","chr6","70548578","70548865","45","58595841"
"JH378114","11976702","11976994","chr3","105619144","105619441","22","93642442"
"JH378114","11990029","11990292","chr3","105606267","105606519","45","93616238"
"JH378114","11997739","11997867","chr3","105598707","105598841","15","93600968"
"JH378114","12005598","12005899","chr3","105590935","105591237","26","93585337"
"JH378114","12013618","12013919","chr12","28726730","28727036","51","16713112"
"JH378114","12045203","12045491","chr3","105542315","105542622","37","93497112"
"JH378114","12058661","12058951","chr2","165959835","165960134","61","153901174"
"JH378114","12081062","12081365","chr3","105486726","105487022","31","93405664"
"JH378114","12106303","12106621","chr4","43468048","43468364","57","31361745"
"JH378114","12128598","12128822","chr3","105437215","105437426","26","93308617"
"JH378114","12140864","12141183","chr5","157082303","157082618","21","144941439"
"JH378114","12214685","12214885","chrX","63106473","63106666","46","50891788"
"JH378114","12303322","12303436","chr7","45679716","45679831","7","33376394"
"JH378114","12307605","12307915","chr5","143814736","143815048","45","131507131"
"JH378114","12359382","12359656","chr3","105195460","105195729","25","92836078"
"JH378114","12399430","12399738","chr3","105140109","105140434","32","92740679"
"JH378114","12421327","12421636","chr5","79478782","79479093","45","67057455"
"JH378114","12426543","12426849","chr3","105108316","105108617","17","92681773"
"JH378114","12430667","12430968","chr3","105104177","105104469","26","92673510"
"JH378114","12461323","12461629","chr3","105063014","105063329","30","92601691"
"JH378114","12540965","12541259","chr3","104982709","104983004","22","92441744"
"JH378114","12576929","12577061","chr2","186546774","186546905","10","173969845"
"JH378114","12615672","12615962","chr3","104888955","104889246","26","92273283"
"JH378114","12727896","12728176","chr3","104770950","104771224","40","92043054"
"JH378114","12748061","12748367","chr3","104750850","104751149","25","92002789"
"JH378114","12808832","12808959","chr2","49357393","49357521","7","36548561"
"JH378114","12995333","12995643","chr3","104470538","104470849","25","91475205"
"JH378114","13034106","13034415","chr3","104424890","104425201","17","91390784"
"JH378114","13245525","13245642","chr17","24239944","24240061","12","10994419"
"JH378114","13277207","13277371","chr6","148842345","148842510","42","135565138"
"JH378114","13323109","13323417","chr3","104136111","104136431","48","90813002"
"JH378114","13356983","13357237","chr3","104101905","104102156","29","90744922"
"JH378114","13407007","13407321","chr3","104056172","104056502","42","90649165"
"JH378114","13469842","13470135","chr3","103984533","103984814","25","90514691"
"JH378114","13470682","13470992","chr3","103983652","103983967","26","90512970"
"JH378114","13520740","13520854","chr1","43724758","43724871","5","30204018"
"JH378114","13530643","13530766","chr3","103919330","103919452","7","90388687"
"JH378114","13541944","13542064","chr13","28122934","28123047","26","14580990"
"JH378114","13550462","13550761","chr3","103898324","103898618","27","90347862"
"JH378114","13563561","13563683","chrUn_GL286247","55235","55358","10","13508326"
"JH378114","13572840","13572935","chr6","87933056","87933151","13","74360216"
"JH378114","13644748","13645070","chr3","103803925","103804212","51","90159177"
"JH378114","13673906","13674205","chr3","103772640","103772931","33","90098734"
"JH378114","13712636","13712807","chr17","34688386","34688555","31","20975750"
"JH378114","13713108","13713245","chr22","10181870","10182003","14","3531238"
"JH378114","13739078","13739093","chr5","11354549","11354565","1","2384529"
"JH378114","13739131","13739413","chr7","6167402","6167686","49","7571729"
"JH378114","13763395","13763603","chr3","103691088","103691304","26","89927693"
"JH378114","13963968","13964197","chr3","103458553","103458782","24","89494585"
"JH378114","14062894","14063185","chr3","103341069","103341343","47","89278175"
"JH378114","14075387","14075671","chr3","103327844","103328138","30","89252457"
"JH378114","14101019","14101281","chr3","103302482","103302748","19","89201463"
"JH378114","14136416","14136672","chr3","103257685","103257943","23","89121269"
"JH378114","14369013","14369319","chr1","140852757","140853057","69","126483744"
"JH378114","14415285","14415596","chr3","102978086","102978387","32","88562801"
"JH378114","14525506","14525732","chr11","66009363","66009584","51","51483857"
"JH378114","14526194","14526494","chr3","102858711","102859010","22","88332517"
"JH378114","14537711","14538021","chr3","102847854","102848163","50","88310143"
"JH378114","14561448","14561741","chr3","102823079","102823345","44","88261631"
"JH378114","14582437","14582751","chr10","101682382","101682697","51","87099945"
"JH378114","14823652","14823957","chr3","102565341","102565619","49","87741689"
"JH378114","14835416","14835735","chr3","102553708","102554012","51","87718292"
"JH378114","14842439","14842466","chr2","8634080","8634109","4","6208359"
"JH378114","14842504","14842735","chr2","79465378","79465610","47","64622874"
"JH378114","15198640","15198919","chr5","142544093","142544375","52","127345453"
"JH378114","15345264","15345583","chr3","102054784","102055090","55","86709520"
"JH378114","15374759","15374891","chr3","102017103","102017238","15","86642344"
"JH378114","15567369","15567641","chr3","101822707","101822978","20","86255338"
"JH378114","15592289","15592581","chr1","191799353","191799646","45","176207064"
"JH378114","15632354","15632663","chr1","62592913","62593226","58","46960559"
"JH378114","15657187","15657317","chr3","159463237","159463361","21","143806050"
"JH378114","15666279","15666426","chr3","101689362","101689505","17","86023083"
"JH378114","15688074","15688394","chr3","101661763","101662048","61","85973689"
"JH378114","15844561","15844863","chr16","46561162","46561465","51","30716601"
"JH378114","15884454","15884767","chr3","101460395","101460702","31","85575941"
"JH378114","15889438","15889748","chr3","101455771","101456080","26","85566333"
"JH378114","15900778","15901055","chr3","101442356","101442635","14","85541578"
"JH378114","15903888","15904129","chr3","101439281","101439519","24","85535393"
"JH378114","15984538","15984828","chr3","101352929","101353219","26","85368391"
"JH378114","16024982","16025246","chr3","101308575","101308844","59","85283593"
"JH378114","16096784","16097084","chr9","111354658","111354956","50","95257874"
"JH378114","16161372","16161650","chr3","101166394","101166662","28","85005022"
"JH378114","16247972","16248100","chr17","74539901","74540029","20","58291929"
"JH378114","16248141","16248215","chr1","83892307","83892372","21","67644166"
"JH378114","16248522","16248629","chr3","101067384","101067479","17","84818862"
"JH378114","16299382","16299671","chr3","101015566","101015841","42","84716184"
"JH378114","16306374","16306673","chr3","101008499","101008800","39","84702125"
"JH378114","16314100","16314193","chr3","101000961","101001054","11","84686861"
"JH378114","16399328","16399632","chr3","100916132","100916445","35","84516804"
"JH378114","16475920","16476151","chr3","100838609","100838842","16","84362689"
"JH378114","16483927","16484213","chr5","37438357","37438640","66","20954430"
"JH378114","16504748","16505072","chr3","100816100","100816418","29","84311352"
"JH378114","16505469","16505748","chr3","100815423","100815702","17","84309954"
"JH378114","16635461","16635767","chr3","100687508","100687815","29","84052047"
"JH378114","16678301","16678586","chr3","100636417","100636702","22","83958116"
"JH378114","16700647","16700800","chr21","41532532","41532685","19","24831885"
"JH378114","16725749","16726058","chr3","100587848","100588146","33","83862099"
"JH378114","16782378","16782397","chr3","91269188","91269206","2","74486810"
"JH378114","16782421","16782695","chr2","1840384","1840665","52","14942037"
"JH378114","16790596","16790898","chr4","170832540","170832839","57","154041944"
"JH378114","16792775","16793079","chr3","100512844","100513143","23","83720069"
"JH378114","16832662","16832960","chr3","100469268","100469567","18","83636606"
"JH378114","16850508","16850797","chr12","80151638","80151927","51","63301130"
"JH378114","16920115","16920360","chr1","166758837","166759089","49","149838722"
"JH378114","16956880","16957191","chr3","100332242","100332553","25","83375362"
"JH378114","17081240","17081539","chr3","100199328","100199633","37","83118088"
"JH378114","17091562","17091720","chr5","111970055","111970216","30","94878493"
"JH378114","17112145","17112482","chr3","100169627","100169929","53","83057482"
"JH378114","17112822","17113109","chr1","173418390","173418682","42","156305568"
"JH378114","17138872","17139007","chr10","131396054","131396189","19","114257182"
"JH378114","17139323","17139509","chr13","45078362","45078536","30","27939039"
"JH378114","17195127","17195407","chr4","134641927","134642210","49","117446800"
"JH378114","17201367","17201455","chr14","21506514","21506602","16","4305147"
"JH378114","17202493","17202723","chr14","20634631","20634860","32","3432138"
"JH378114","17237535","17237765","chr4","3666899","3667134","46","13570636"
"JH378114","17262986","17263281","chr3","100015969","100016268","32","82752983"
"JH378114","17290458","17290736","chr3","99990137","99990415","25","82699679"
"JH378114","17347357","17347456","chr1","199937313","199937411","16","182589956"
"JH378114","17378435","17378728","chr3","99900662","99900954","18","82522227"
"JH378114","17401880","17402172","chr3","99867016","99867317","31","82465136"
"JH378114","17436600","17436875","chr3","99832448","99832744","41","82395848"
"JH378114","17441886","17442173","chr3","99826402","99826690","32","82384516"
"JH378114","17454438","17454551","chr3","99809291","99809396","11","82354853"
"JH378114","17468928","17469231","chr3","99800581","99800881","18","82331653"
"JH378114","17488632","17488944","chr3","99781160","99781471","17","82292528"
"JH378114","17490464","17490581","chr8","55648595","55648711","6","38158131"
"JH378114","17490734","17490826","chr3","99779290","99779378","11","82288556"
"JH378114","17490927","17491094","chr3","128848791","128848964","35","111357864"
"JH378114","17507585","17507942","chr16","69518612","69518960","71","52011027"
"JH378114","17509030","17509302","chr1","202616737","202617012","34","185107707"
"JH378114","17559436","17559703","chrX","42540846","42541107","22","24981410"
"JH378114","17664015","17664326","chr10","35479972","35480278","43","17815957"
"JH378114","17763162","17763474","chrX","42316663","42316966","37","24553501"
"JH378114","18013252","18013560","chrX","42241123","42241432","15","24227871"
"JH378114","18050387","18050522","chrX","69051371","69051504","12","51000984"
"JH378114","18050831","18050998","chr10","126321054","126321221","27","108270223"
"JH378114","18082410","18082692","chrX","42163581","42163871","29","24081171"
"JH378114","18105537","18105794","chrX","42026555","42026808","19","23921018"
"JH378114","18110919","18111205","chrX","42032017","42032318","42","23921098"
"JH378114","18129487","18129611","chr12","88652874","88652979","28","70523387"
"JH378114","18210140","18210448","chrX","42130867","42131180","43","23920727"
"JH378114","18211323","18211602","chrX","42132057","42132350","33","23920734"
"JH378114","18300240","18300517","chr9","108783652","108783948","46","90483412"
"JH378114","18356679","18356991","chr12","80013864","80014178","48","61657185"
"JH378114","18444673","18444699","chr3","8925180","8925207","5","9519493"
"JH378114","18444723","18445007","chr4","134641927","134642210","47","116197204"
"JH378114","18460123","18460231","chr5","41493679","41493786","18","23033556"
"JH378114","18460534","18460734","chr13","57566628","57566823","29","39106094"
"JH378114","18627626","18627742","chr8","55648595","55648711","5","37020969"
"JH378114","18741425","18741710","chrX","41516597","41516890","22","22775172"
"JH378114","18870492","18870781","chr22","2233412","2233709","48","16637080"
"JH378114","18924691","18924941","chrX","41309672","41309912","22","22384981"
"JH378114","19043708","19043911","chrX","41183069","41183268","20","22139361"
"JH378114","19065834","19066151","chr2","13996238","13996553","72","5069596"
"JH378114","19237440","19237496","chrX","40970332","40970387","5","21732892"
"JH378114","19304462","19304754","chrX","40894647","40894939","15","21590185"
"JH378114","19319842","19320151","chrX","40879747","40880055","31","21559905"
"JH378114","19352378","19352640","chr6","12592745","12593008","51","6759633"
"JH378114","19358889","19359195","chrX","40840972","40841264","28","21482083"
"JH378114","19438484","19438785","chr4","34680217","34680513","49","15241733"
"JH378114","19443861","19443983","chrX","40726833","40726955","7","21282972"
"JH378114","19457831","19458111","chrX","40712845","40713124","26","21255014"
"JH378114","19472467","19472482","chr7","15162960","15162975","2","4309507"
"JH378114","19472512","19472796","chr14","14644473","14644756","43","4828039"
"JH378114","19477923","19478220","chrX","40685613","40685910","14","21207690"
"JH378114","19499126","19499397","chr9","22067886","22068155","43","2568760"
"JH378114","19535097","19535225","chr15","13987649","13987777","7","5547448"
"JH378114","19537002","19537304","chr17","6940192","6940492","40","12596810"
"JH378114","19545174","19545480","chrX","40601934","40602235","29","21056760"
"JH378114","19554517","19554629","chr2","127105800","127105910","9","107551283"
"JH378114","19583120","19583411","chrX","40564139","40564431","14","20981019"
"JH378114","19591613","19591832","chrY","2064351","2064579","39","17527262"
"JH378114","19592657","19592772","chr4","111347498","111347614","17","91754841"
"JH378114","19592802","19592962","chrX","40553656","40553815","13","20960854"
"JH378114","19620006","19620318","chrX","40525783","40526081","30","20905777"
"JH378114","19646768","19647066","chr15","87471625","87471917","44","67824857"
"JH378114","19648807","19649104","chr1","170645675","170645973","39","150996868"
"JH378114","19673389","19673677","chrX","40476333","40476628","30","20802944"
"JH378114","19675880","19676124","chrX","40474243","40474485","12","20798363"
"JH378114","19697749","19697878","chr13","15925489","15925614","10","3772260"
"JH378114","19699037","19699176","chrX","40452171","40452298","18","20753134"
"JH378114","19709513","19709789","chrX","40441583","40441883","38","20732070"
"JH378114","19724835","19725130","chrX","40426619","40426914","22","20701784"
"JH378114","19725544","19725845","chrX","40425896","40426203","24","20700352"
"JH378114","19738184","19738479","chrX","40413520","40413817","19","20675336"
"JH378114","19757050","19757181","chrX","40395226","40395357","9","20638176"
"JH378114","19757478","19757637","chrX","40394770","40394926","10","20637292"
"JH378114","19760454","19760760","chrX","40391304","40391602","36","20630850"
"JH378114","19773833","19773958","chrX","40374023","40374149","7","20600190"
"JH378114","19774011","19774172","chr16","89722602","89722754","36","69948591"
"JH378114","19796357","19796647","chrX","40345999","40346290","16","20549642"
"JH378114","19827259","19827374","chrX","10730420","10730536","8","9096839"
"JH378114","19830341","19830644","chr5","79478782","79479093","50","59648441"
"JH378114","19842855","19842979","chrX","40297226","40297350","12","20454371"
"JH378114","19843271","19843426","chrX","40296779","40296936","9","20453508"
"JH378114","19844618","19844924","chrX","40295298","40295591","35","20450680"
"JH378114","19846492","19846799","chr22","20441921","20442228","36","595429"
"JH378114","19849902","19850191","chrX","40290426","40290708","21","20440524"
"JH378114","19851054","19851400","chr12","23392448","23392757","83","3541394"
"JH378114","19852137","19852254","chr4","18564696","18564812","8","1287441"
"JH378114","19853668","19853798","chr1","197885955","197886086","12","178032287"
"JH378114","19854642","19854981","chrX","40281168","40281508","28","20426526"
"JH378114","19855079","19855210","chr5","138345840","138345970","14","118490761"
"JH378114","19856002","19856174","chr6","5215586","5215754","31","14640416"
"JH378114","19858143","19858380","chr4","11909813","11910047","35","7948330"
"JH378114","19859232","19859325","chr8","70250081","70250177","14","50390849"
"JH378114","19861848","19862151","chr5","69671087","69671387","35","49809239"
"JH378114","19864629","19864837","chr1","146132409","146132601","50","126267780"
"JH378114","19864901","19865035","chr22","29183568","29183703","14","9318667"
"JH378114","19865742","19865963","chr9","112403077","112403302","68","92537335"
"JH378114","19873272","19873397","chr9","23762137","23762260","8","3888865"
"JH378114","19877142","19877451","chrX","40259310","40259618","27","20382168"
"JH378114","19880365","19880671","chrX","40256379","40256687","32","20376014"
"JH378114","19883475","19883771","chr6","147070331","147070634","45","127186856"
"JH378114","19884758","19884881","chr1","194186587","194186710","6","174301829"
"JH378114","19886510","19886814","chrX","40246538","40246832","20","20360028"
"JH378114","19888240","19888513","chr1","82782958","82783233","37","62894718"
"JH378114","19888536","19888552","chr2","134340016","134340030","3","114451480"
"JH378114","19888987","19889121","chrX","40243956","40244090","9","20354969"
"JH378114","19889436","19889582","chr10","79578211","79578350","27","59688775"
"JH378114","19891092","19891402","chrX","40242066","40242367","22","20350974"
"JH378114","19896661","19896805","chrX","40235011","40235158","11","20338350"
"JH378114","19897211","19897468","chrX","40234353","40234601","36","20337142"
"JH378114","19899678","19899985","chrX","40232201","40232510","30","20332523"
"JH378114","19902231","19902524","chr13","40529890","40530186","52","20627659"
"JH378114","19902843","19902963","chr9","61378790","61378914","8","41475947"
"JH378114","19915973","19916107","chr20","12705602","12705736","20","7210371"
"JH378114","19916406","19916552","chr14","45719471","45719618","25","25803065"
"JH378114","19918929","19919135","chr5","35343512","35343710","63","15424583"
"JH378114","19925157","19925381","chr6","59434940","59435152","57","39509783"
"JH378114","19932483","19932768","chrX","40203611","40203906","39","20271128"
"JH378114","19935386","19935524","chr20","21064445","21064581","21","1129059"
"JH378114","19944384","19944693","chrX","40193355","40193662","16","20248971"
"JH378114","19945182","19945317","chrX","40192722","40192857","3","20247540"
"JH378114","19945622","19945772","chrX","40192271","40192423","15","20246649"
"JH378114","19949918","19950207","chr7","80196420","80196708","51","60246502"
"JH378114","19956314","19956471","chr4","21358150","21358314","24","1401836"
"JH378114","19957673","19957802","chrX","40181408","40181537","7","20223735"
"JH378114","19962462","19962744","chrX","40177597","40177904","45","20215135"
"JH378114","19975603","19975941","chr6","105561199","105561535","59","85585596"
"JH378114","19980733","19981036","chrX","40164862","40165174","28","20184129"
"JH378114","19985284","19985582","chrX","40158387","40158682","28","20173103"
"JH378114","19989433","19989531","chr2","22506650","22506744","25","2517217"
"JH378114","19992292","19992494","chr5","126809988","126810174","43","106817696"
"JH378114","19995317","19995498","chrX","40147114","40147289","20","20151797"
"JH378114","19998003","19998305","chr5","4970868","4971169","44","15027135"
"JH378114","20002832","20002948","chr1","38815749","38815861","15","18812917"
"JH378114","20002949","20003183","chr2","39239990","39240217","34","19237041"
"JH378114","20007656","20007927","chrX","40141320","40141594","20","20133664"
"JH378114","20043178","20043482","chrX","40107266","40107571","21","20064088"
"JH378114","20047937","20048224","chr4","44396144","44396418","49","24348207"
"JH378114","20051481","20051625","chr20","24664733","24664873","25","4613252"
"JH378114","20051649","20051787","chr12","23988222","23988365","23","3936573"
"JH378114","20072123","20072287","chrX","40078951","40079122","17","20006828"
"JH378114","20073494","20073782","chrX","40077772","40078052","30","20004278"
"JH378114","20112028","20112326","chrX","40031345","40031631","36","19919317"
"JH378114","20132199","20132471","chrX","40010504","40010798","41","19878305"
"JH378114","20132627","20132939","chr3","190262368","190262675","54","170129741"
"JH378114","20138315","20138463","chr14","1329923","1330070","22","18808392"
"JH378114","20148136","20148442","chrX","39995796","39996103","16","19847660"
"JH378114","20151184","20151461","chrX","39992773","39993048","28","19841589"
"JH378114","20170634","20170777","chrX","39975519","39975661","7","19804885"
"JH378114","20193556","20193866","chrX","39950304","39950612","26","19756748"
"JH378114","20195963","20196277","chrX","39948221","39948520","28","19752258"
"JH378114","20198042","20198354","chrX","39946465","39946777","17","19748423"
"JH378114","20204075","20204291","chrX","39941187","39941403","15","19737112"
"JH378114","20217015","20217324","chrX","39927381","39927689","29","19710366"
"JH378114","20218606","20218908","chrX","39926429","39926733","20","19707823"
"JH378114","20237083","20237267","chr1","39510374","39510566","44","19273291"
"JH378114","20247232","20247544","chr5","60671568","60671876","45","40424336"
"JH378114","20251013","20251179","chrX","39896020","39896171","24","19645007"
"JH378114","20251476","20251605","chrX","39895593","39895722","10","19644117"
"JH378114","20268131","20268423","chrX","39878513","39878809","22","19610382"
"JH378114","20272052","20272228","chrX","39875013","39875183","15","19602961"
"JH378114","20272523","20272659","chr10","95881642","95881777","15","75609119"
"JH378114","20283541","20283804","chr2","15939864","15940130","44","4343677"
"JH378114","20286453","20286581","chr15","34024416","34024541","14","13737963"
"JH378114","20289667","20289793","chr9","19790355","19790484","21","499312"
"JH378114","20292662","20292961","chrX","39852870","39853175","26","19560208"
"JH378114","20293338","20293567","chrX","39852259","39852497","29","19558921"
"JH378114","20312881","20312963","chr1","174233163","174233247","18","153920282"
"JH378114","20313279","20313478","chr3","127094636","127094835","33","106781357"
"JH378114","20313817","20314118","chrX","39830210","39830510","28","19516393"
"JH378114","20323756","20323889","chr15","5751703","5751837","19","14572053"
"JH378114","20324236","20324424","chr17","21601016","21601199","29","1276780"
"JH378114","20326855","20327051","chrX","39814789","39814988","21","19487934"
"JH378114","20337332","20337620","chrX","39803137","39803415","35","19465805"
"JH378114","20341515","20341824","chrX","39798228","39798543","32","19456713"
"JH378114","20350216","20350495","chr5","89223369","89223649","43","68873153"
"JH378114","20351731","20351779","chr10","128491072","128491117","11","108139341"
"JH378114","20359861","20360164","chrX","39785536","39785842","17","19425675"
"JH378114","20367618","20367725","chrX","39777902","39778006","7","19410284"
"JH378114","20369016","20369315","chrX","39775996","39776294","21","19406980"
"JH378114","20381290","20381541","chrX","39764348","39764589","26","19383058"
"JH378114","20389435","20389706","chrX","39753792","39754069","22","19364357"
"JH378114","20393901","20394033","chr15","37980630","37980762","9","17586729"
"JH378114","20398170","20398493","chr5","41472016","41472333","61","21073846"
"JH378114","20408413","20408544","chr20","11865196","11865328","8","8543217"
"JH378114","20416566","20416663","chrX","39727517","39727614","2","19310951"
"JH378114","20416968","20417129","chrX","39727059","39727218","9","19310091"
"JH378114","20422670","20422814","chr1","210162698","210162840","24","189740028"
"JH378114","20430500","20430619","chr9","86411569","86411688","6","65981069"
"JH378114","20434454","20434747","chr4","155902131","155902430","43","135467677"
"JH378114","20466487","20466774","chrX","39661087","39661405","48","19194600"
"JH378114","20471800","20471945","chrX","39656055","39656204","9","19184255"
"JH378114","20474043","20474344","chrX","39653663","39653961","18","19179620"
"JH378114","20478317","20478620","chrX","39649106","39649400","28","19170789"
"JH378114","20479982","20480282","chrX","39647457","39647754","21","19167475"
"JH378114","20483650","20483965","chr14","83829302","83829611","75","63345652"
"JH378114","20485486","20485735","chrX","39641974","39642226","14","19156488"
"JH378114","20493217","20493504","chrX","39634296","39634599","29","19141079"
"JH378114","20533326","20533628","chr1","171693875","171694176","38","151160549"
"JH378114","20539444","20539749","chrX","39576172","39576472","43","19036728"
"JH378114","20543484","20543621","chr5","106832662","106832796","12","86289178"
"JH378114","20545361","20545504","chr5","74022983","74023124","30","53477622"
"JH378114","20558430","20558679","chrX","39558949","39559195","28","19000519"
"JH378114","20567225","20567535","chrX","39549815","39550117","29","18982590"
"JH378114","20568135","20568250","chr5","93570014","93570129","9","73001879"
"JH378114","20570331","20570464","chrX","39546916","39547049","2","18976585"
"JH378114","20592191","20592433","chrX","39526179","39526409","25","18933988"
"JH378114","20599298","20599457","chr5","23109630","23109791","29","2510332"
"JH378114","20599760","20599897","chrX","39517920","39518045","20","18918160"
"JH378114","20603649","20603936","chrX","39513901","39514189","15","18910252"
"JH378114","20620008","20620319","chr8","83689761","83690074","43","63069753"
"JH378114","20626985","20627275","chrX","39490572","39490860","22","18863587"
"JH378114","20630968","20631269","chrX","39486577","39486884","33","18855609"
"JH378114","20639430","20639675","chrX","39477847","39478092","21","18838417"
"JH378114","20640480","20640760","chr5","540833","541111","48","20099647"
"JH378114","20644735","20645018","chrX","39473563","39473853","25","18828828"
"JH378114","20666604","20666901","chrX","39449295","39449592","18","18782691"
"JH378114","20671206","20671514","chr9","35365483","35365792","46","14694277"
"JH378114","20678683","20678920","chrX","39436805","39437040","19","18758122"
"JH378114","20690466","20690755","chr8","26379818","26380103","42","5689352"
"JH378114","20697369","20697562","chr1","10998573","10998761","30","9698796"
"JH378114","20698726","20699032","chr5","60671568","60671876","44","39972842"
"JH378114","20699879","20699927","chr12","27608567","27608610","12","6908688"
"JH378114","20706764","20707051","chrX","16675222","16675519","47","4031542"
"JH378114","20708278","20708565","chrX","39414330","39414619","24","18706052"
"JH378114","20716252","20716561","chrX","39406516","39406811","31","18690264"
"JH378114","20730710","20730727","chr2","7782036","7782050","3","12948674"
"JH378114","20730759","20731039","chr6","8499719","8500000","41","12231040"
"JH378114","20748497","20748629","chr7","62312608","62312738","15","41564111"
"JH378114","20787547","20787845","chrX","39333735","39334030","25","18546188"
"JH378114","20792819","20793106","chr4","38053211","38053510","49","17260392"
"JH378114","20806960","20807268","chrX","39314554","39314853","44","18507594"
"JH378114","20861119","20861398","chrX","39249141","39249436","29","18388022"
"JH378114","20865341","20865638","chrX","39244916","39245212","20","18379575"
"JH378114","20908970","20909271","chrX","39196471","39196781","24","18287501"
"JH378114","20921690","20921980","chr10","129957723","129958014","38","109036033"
"JH378114","20947486","20947787","chrX","39153244","39153558","29","18205758"
"JH378114","20982802","20982969","chrX","39117895","39118061","8","18135093"
"JH378114","20983020","20983310","chr1","182326018","182326301","40","161342998"
"JH378114","20998778","20999065","chrX","39102394","39102667","32","18103616"
"JH378114","21010728","21011037","chr1","198157526","198157835","39","177146798"
"JH378114","21025497","21025663","chrX","39075981","39076148","6","18050484"
"JH378114","21034621","21034747","chr5","61484393","61484519","16","40449772"
"JH378114","21037616","21037753","chr7","66082412","66082547","19","45044796"
"JH378114","21047510","21047805","chrX","39050008","39050303","18","18002498"
"JH378114","21090024","21090300","chr18","5702773","5703052","42","15387251"
"JH378114","21113101","21113250","chr8","22233746","22233894","23","1120645"
"JH378114","21115991","21116067","chr5","10863620","10863697","10","10252371"
"JH378114","21116879","21117192","chrX","23299987","23300293","50","2183108"
"JH378114","21117885","21118191","chrX","38979423","38979728","19","17861538"
"JH378114","21120067","21120284","chrX","38977380","38977596","15","17857313"
"JH378114","21202030","21202333","chrX","38893567","38893861","28","17691537"
"JH378114","21217839","21218131","chrX","38872931","38873223","21","17655092"
"JH378114","21219799","21220025","chr6","31163384","31163614","34","9943585"
"JH378114","21222778","21223070","chrX","38868748","38869064","43","17645970"
"JH378114","21225672","21225803","chr5","64803511","64803641","14","43577839"
"JH378114","21226786","21227071","chrX","38865249","38865532","24","17638463"
"JH378114","21228618","21228900","chrX","38863757","38864036","26","17635139"
"JH378114","21231851","21232158","chrX","38860455","38860763","18","17628604"
"JH378114","21246807","21247114","chrX","38843125","38843429","28","17596318"
"JH378114","21269274","21269565","chrX","38819870","38820149","29","17550596"
"JH378114","21270980","21271265","chrX","38817701","38817982","15","17546721"
"JH378114","21277300","21277585","chrX","38812124","38812404","43","17534824"
"JH378114","21289327","21289619","chr7","14715192","14715481","49","6574135"
"JH378114","21290523","21290762","chr10","15355497","15355741","36","5935026"
"JH378114","21295858","21296162","chr10","20322141","20322440","40","973717"
"JH378114","21306139","21306441","chr7","21076666","21076966","34","229473"
"JH378114","21322372","21322669","chrX","38768340","38768635","18","17445968"
"JH378114","21322746","21322994","chrX","38768016","38768264","12","17445270"
"JH378114","21323804","21323948","chr1","203369746","203369887","19","182045942"
"JH378114","21330642","21330941","chr5","122502845","122503146","56","101172203"
"JH378114","21332305","21332585","chrX","38756649","38756928","17","17424344"
"JH378114","21371998","21372215","chr3","108272869","108273100","46","86900871"
"JH378114","21388201","21388360","chr18","4191722","4191872","21","17196479"
"JH378114","21389876","21390183","chr22","41434693","41434996","55","20044817"
"JH378114","21392980","21393274","chrX","38695812","38696108","17","17302832"
"JH378114","21402828","21402958","chr20","23719259","23719391","17","2316431"
"JH378114","21404016","21404322","chrX","38684995","38685289","31","17280979"
"JH378114","21425312","21425605","chrX","38663530","38663815","25","17238218"
"JH378114","21429472","21429778","chr2","46535134","46535438","63","25105662"
"JH378114","21430186","21430485","chrX","38658104","38658380","54","17227918"
"JH378114","21454900","21455031","chr1","186139419","186139547","14","164684519"
"JH378114","21460813","21461119","chr3","41229324","41229626","41","19768511"
"JH378114","21462923","21463095","chrX","38619219","38619391","8","17156296"
"JH378114","21469836","21470126","chrX","38612316","38612608","19","17142480"
"JH378114","21481458","21481623","chrX","38600524","38600693","23","17119066"
"JH378114","21481926","21482069","chrX","38600089","38600233","10","17118163"
"JH378114","21483407","21483640","chrX","38598538","38598770","11","17115131"
"JH378114","21515578","21515875","chr11","122021018","122021311","45","100505440"
"JH378114","21518918","21519216","chr3","142637344","142637643","37","121118426"
"JH378114","21558684","21559002","chrX","38522775","38523071","49","16964091"
"JH378114","21650256","21650540","chrX","38429504","38429792","20","16779248"
"JH378114","21655565","21655899","chr14","44902307","44902640","65","23246742"
"JH378114","21739869","21740163","chrX","38331557","38331855","22","16591688"
"JH378114","21764040","21764311","chrX","38307254","38307527","17","16543214"
"JH378114","21788170","21788402","chrX","38282532","38282757","23","16494362"
"JH378114","21830743","21831018","chrX","38239601","38239881","24","16408858"
"JH378114","22102557","22102833","chrX","37932288","37932588","43","15829731"
"JH378114","22213514","22213818","chrX","37818691","37818998","17","15605177"
"JH378114","22261255","22261531","chrX","37769430","37769727","45","15508175"
"JH378114","22331978","22332112","chrX","37702566","37702700","8","15370588"
"JH378114","22332378","22332550","chrX","37702135","37702307","14","15369757"
"JH378114","22463146","22463430","chrX","37569984","37570268","16","15106838"
"JH378114","22537784","22538013","chrX","37484140","37484360","17","14946356"
"JH378114","22569493","22569808","chrX","37452369","37452683","28","14882876"
"JH378114","22574235","22574397","chr10","58966670","58966832","26","36392435"
"JH378114","22574422","22574546","chr15","24915098","24915219","20","2340676"
"JH378114","22588796","22589079","chrX","37433923","37434202","35","14845127"
"JH378114","22599546","22599644","chrX","37423300","37423391","10","14823754"
"JH378114","22668179","22668480","chrX","37355236","37355529","32","14687057"
"JH378114","22819537","22819910","chr1","194578669","194579011","79","171759132"
"JH378114","22842245","22842496","chrX","37176333","37176599","27","14334088"
"JH378114","22845895","22846185","chrX","37171717","37172003","27","14325822"
"JH378114","22849051","22849209","chr12","18223476","18223638","21","4625575"
"JH378114","22861375","22861680","chrX","37157180","37157468","36","14295805"
"JH378114","22866500","22866796","chr1","198729440","198729735","45","175862940"
"JH378114","22869664","22869782","chr3","151446910","151447028","13","128577246"
"JH378114","22870068","22870203","chr6","16613376","16613509","8","6256692"
"JH378114","22877691","22877825","chr11","110386349","110386480","6","87508658"
"JH378114","22884350","22884656","chrX","37135019","37135324","22","14250669"
"JH378114","22886170","22886299","chr5","92127364","92127491","8","69241194"
"JH378114","22892424","22892735","chrX","37126460","37126763","31","14234036"
"JH378114","22940472","22940701","chrX","37071432","37071661","28","14130960"
"JH378114","22942689","22942990","chr2","171661951","171662244","44","148719262"
"JH378114","23021237","23021524","chrX","36974935","36975241","31","13953698"
"JH378114","23080290","23080570","chr2","35477672","35477953","43","12397382"
"JH378114","23286502","23286584","chr6","151965038","151965123","19","128678536"
"JH378114","23286623","23286775","chr17","51300518","51300669","27","28013895"
"JH378114","23297622","23297736","chr9","73738927","73739041","5","50441305"
"JH378114","23404686","23404816","chrX","36565353","36565483","7","13160667"
"JH378114","23426001","23426195","chr5","4703922","4704116","33","18722079"
"JH378114","23482790","23483057","chrX","36476270","36476567","45","12993480"
"JH378114","23552852","23553157","chrX","36384962","36385266","18","12832110"
"JH378114","23769717","23769942","chr6","149013470","149013693","42","125243753"
"JH378114","23777152","23777283","chrX","35966073","35966205","6","12188921"
"JH378114","23894382","23894695","chr8","101498952","101499255","60","77604570"
"JH378114","23900525","23900768","chrX","36111339","36111582","15","12210814"
"JH378114","24084093","24084248","chr9","112994122","112994267","34","88910029"
"JH378114","24094762","24095056","chrX","35846550","35846850","19","11751788"
"JH378114","24141970","24142279","chrX","35796142","35796438","38","11654172"
"JH378114","24157528","24157832","chr13","40086950","40087255","45","15929422"
"JH378114","24173611","24173926","chrX","35759153","35759453","34","11585542"
"JH378114","24236707","24236817","chr16","54226592","54226702","20","29989885"
"JH378114","24269231","24269355","chr1","201913436","201913563","17","177644205"
"JH378114","24312536","24312736","chrX","35654857","35655045","22","11342321"
"JH378114","24318068","24318201","chr8","108227589","108227721","25","83909521"
"JH378114","24347655","24347935","chr10","94645659","94645947","58","70298004"
"JH378114","24381787","24382105","chrX","35592381","35592688","32","11210594"
"JH378114","24467098","24467249","chr19","703999","704143","29","23763099"
"JH378114","24474933","24475222","chrX","35476396","35476693","39","11001463"
"JH378114","24484750","24485016","chr18","1216372","1216638","43","23268378"
"JH378114","24554809","24555116","chrX","35380564","35380856","43","10825755"
"JH378114","24563197","24563478","chr13","7253515","7253796","47","17309682"
"JH378114","24610930","24611237","chrX","35324835","35325134","39","10713905"
"JH378114","24627844","24628122","chrX","35307137","35307412","39","10679293"
"JH378114","24717413","24717704","chr15","28830190","28830488","47","4112777"
"JH378114","24779645","24779983","chr15","31497672","31498008","25","6718027"
"JH378114","24899006","24899281","chrX","35037278","35037563","26","10138272"
"JH378114","24914741","24915051","chr19","47611098","47611399","47","22696357"
"JH378114","24988099","24988401","chr1","159259588","159259891","52","134271489"
"JH378114","25004116","25004441","chrUn_GL286223","86520","86854","60","24917596"
"JH378114","25036126","25036396","chrX","34891421","34891692","18","9855295"
"JH378114","25076489","25076539","chr12","61273066","61273115","8","36196577"
"JH378114","25076970","25077028","chr18","11161593","11161652","16","13915377"
"JH378114","25095954","25096079","chr12","50505478","50505602","7","25409524"
"JH378114","25280935","25281190","chrX","34603639","34603892","16","9322704"
"JH378114","25313639","25313921","chr2","35477672","35477953","36","10164033"
"JH378114","25337766","25337874","chr1","172624318","172624427","12","147286552"
"JH378114","25428654","25428699","chrX","34409981","34410026","2","8981327"
"JH378114","25462504","25462659","chrX","34381351","34381512","19","8918847"
"JH378114","25469840","25469968","chr1","185527546","185527673","8","160057706"
"JH378114","25477505","25477633","chr17","54578481","54578609","5","29100976"
"JH378114","25481998","25482304","chrX","34367979","34368272","37","8885981"
"JH378114","25522392","25522479","chrUn_GL286370","13471","13558","18","25508921"
"JH378114","25827267","25827548","chrX","33990246","33990555","52","8162979"
"JH378114","25855388","25855685","chrX","33948964","33949258","25","8093576"
"JH378114","25895048","25895374","chrX","33908656","33908984","27","8013608"
"JH378114","25998116","25998427","chrX","33807851","33808140","43","7809735"
"JH378114","26009683","26009967","chrX","33795745","33796025","25","7786062"
"JH378114","26118429","26118735","chrX","33680763","33681057","43","7562334"
"JH378114","26167722","26168015","chrX","33632090","33632381","21","7464368"
"JH378114","26207077","26207383","chrX","33593642","33593949","18","7386565"
"JH378114","26277383","26277660","chrX","33521560","33521843","51","7244177"
"JH378114","26451398","26451504","chr9","70637778","70637891","12","44186380"
"JH378114","26855341","26855640","chr2","13476597","13476896","44","13378744"
"JH378114","26876767","26876948","chrX","32912448","32912628","25","6035681"
"JH378114","26879638","26879754","chrX","32909654","32909769","6","6030016"
"JH378114","26946308","26946623","chr1","173583879","173584187","56","146637571"
"JH378114","27019078","27019367","chrX","32772068","32772357","23","5752990"
"JH378114","27032211","27032356","chr15","18188940","18189084","21","8843271"
"JH378114","27090199","27090295","chr16","68865322","68865416","9","41775123"
"JH378114","27124372","27124525","chr12","111765550","111765705","21","84641178"
"JH378114","27210429","27210719","chrX","32558235","32558521","28","5347806"
"JH378114","27217707","27217768","chr14","18898727","18898786","6","8318980"
"JH378114","27232365","27232654","chrX","32519759","32520055","35","5287394"
"JH378114","27341030","27341143","chrX","32414234","32414354","14","5073204"
"JH378114","27341191","27341313","chrX","32414075","32414198","5","5072884"
"JH378114","27380795","27380946","chrX","32367128","32367279","11","4986333"
"JH378114","27423940","27424016","chr13","21940461","21940538","19","5483479"
"JH378114","27524014","27524316","chrX","32192007","32192309","16","4667993"
"JH378114","27556942","27557247","chr12","115426935","115427236","45","87869993"
"JH378114","27558124","27558272","chrX","32149790","32149937","11","4591666"
"JH378114","27567627","27567865","chrX","32140212","32140465","29","4572585"
"JH378114","27601759","27602065","chrX","32106446","32106745","23","4504687"
"JH378114","27610861","27610943","chr8","82866069","82866151","4","55255208"
"JH378114","27638816","27639125","chrX","32067805","32068092","40","4428989"
"JH378114","27649754","27650046","chrX","32052618","32052912","25","4402864"
"JH378114","27699389","27699705","chrX","32003062","32003366","41","4303673"
"JH378114","27706662","27706805","chr22","10018704","10018844","15","17687958"
"JH378114","27707100","27707246","chr16","22017959","22018108","33","5689141"
"JH378114","27731360","27731659","chrX","31967838","31968131","32","4236478"
"JH378114","27735924","27736182","chr4","86413188","86413448","39","58677264"
"JH378114","27737357","27737586","chrX","31961974","31962194","31","4224617"
"JH378114","27747445","27747555","chrX","107770894","107771007","7","80023449"
"JH378114","27748949","27749297","chrX","31950222","31950576","54","4201273"
"JH378114","27752121","27752424","chr16","46561162","46561465","48","18809041"
"JH378114","27757152","27757451","chr19","45450756","45451054","47","17693604"
"JH378114","27774858","27774973","chr13","90135818","90135932","5","62360960"
"JH378114","27798982","27799276","chrX","31897828","31898124","16","4098846"
"JH378114","27843891","27844195","chrX","31852657","31852952","28","4008766"
"JH378114","27847144","27847452","chrX","31849432","31849734","25","4002288"
"JH378114","27896276","27896606","chr2","63214102","63214444","67","35317826"
"JH378114","27907154","27907446","chrX","31790422","31790706","40","3883268"
"JH378114","27933513","27933825","chr11","116679329","116679640","50","88745816"
"JH378114","27942614","27942888","chrX","31749887","31750182","43","3807273"
"JH378114","27955047","27955352","chrX","31737353","31737644","36","3782306"
"JH378114","28019155","28019435","chrX","31674612","31674905","38","3655457"
"JH378114","28020765","28021053","chrX","31671448","31671752","39","3650683"
"JH378114","28022637","28022820","chrX","31668938","31669117","23","3646301"
"JH378114","28049016","28049190","chrX","31595994","31596155","24","3546978"
"JH378114","28115413","28115724","chrX","31528257","31528557","30","3412844"
"JH378114","28152293","28152575","chr5","125400531","125400812","43","97248238"
"JH378114","28152880","28153153","chr2","37340917","37341183","55","9188037"
"JH378114","28201749","28202056","chrX","31436146","31436438","34","3234397"
"JH378114","28266628","28266920","chr5","87279531","87279821","55","59012903"
"JH378114","28289595","28289885","chrX","31335009","31335311","34","3045414"
"JH378114","28355028","28355347","chr6","147890862","147891178","53","119535834"
"JH378114","28431840","28431935","chr13","50181660","50181761","20","21749820"
"JH378114","28433101","28433399","chr14","41317906","41318199","42","12884805"
"JH378114","28476444","28476518","chrX","31166227","31166306","15","2689783"
"JH378114","28533759","28533841","chr7","58029827","58029904","14","29496068"
"JH378114","28533872","28534038","chrX","31110017","31110177","11","2576145"
"JH378114","28672550","28672664","chrX","30970033","30970163","23","2297483"
"JH378114","28672698","28672879","chrX","30969834","30970002","24","2297136"
"JH378114","28738519","28738827","chrX","30900409","30900717","22","2161890"
"JH378114","28918578","28918881","chrX","30714395","30714698","20","1795817"
"JH378114","29100898","29101194","chrX","30517428","30517726","18","1416530"
"JH378114","29175284","29175592","chr2","6664326","6664631","57","22510958"
"JH378114","29236566","29236644","chrX","30372601","30372679","6","1136035"
"JH378114","29250235","29250397","chr8","116690796","116690957","23","87440561"
"JH378114","29262154","29262413","chr5","124817500","124817759","51","95555346"
"JH378114","29330915","29331191","chr4","99695343","99695620","49","70364428"
"JH378114","29343343","29343623","chrX","30273586","30273855","31","930243"
"JH378114","29393691","29394016","chrUn_GL286236","2207","2539","58","29391484"
"JH378114","29407624","29407929","chrX","30213454","30213744","34","805830"
"JH378114","29441078","29441359","chrX","30180745","30181022","13","739667"
"JH378114","29443940","29444074","chr5","106416511","106416638","12","76972571"
"JH378114","29446465","29446785","chrX","30175583","30175902","24","729118"
"JH378114","29478499","29478817","chr7","70583613","70583925","47","41105114"
"JH378114","29484816","29484917","chrX","30114143","30114249","7","629327"
"JH378114","29498051","29498337","chrX","30100424","30100708","26","602373"
"JH378114","29505368","29505646","chrX","30091999","30092277","18","586631"
"JH378114","29515266","29515562","chrX","30082168","30082463","25","566902"
"JH378114","29521501","29521708","chrX","30075749","30075962","16","554248"
"JH378114","29684946","29685064","chrX","29908226","29908345","9","223280"
"JH378114","29708398","29708722","chr11","120579257","120579561","55","90870859"
"JH378114","29810597","29810887","chrX","29783629","29783920","28","26968"
"JH378114","29861368","29861379","chr12","57812819","57812830","0","27951451"
"JH378114","29861418","29861702","chr7","22678352","22678637","49","7183066"
"JH378114","29889409","29889603","chr11","116527411","116527613","40","86638002"
"JH378114","30010675","30010799","chrX","29559272","29559396","6","451403"
"JH378114","30022374","30022676","chrX","29547818","29548123","36","474556"
"JH378114","30060058","30060361","chrX","29510859","29511159","21","549199"
"JH378114","30121062","30121205","chr8","107201244","107201388","15","77080182"
"JH378114","30121501","30121668","chr22","28593917","28594087","25","1527584"
"JH378114","30127376","30127682","chr7","43607972","43608270","48","13480596"
"JH378114","30157517","30157634","chr5","65676871","65676988","15","35519354"
"JH378114","30166693","30166979","chrX","29404379","29404670","24","762314"
"JH378114","30219837","30219938","chr12","11569305","11569413","19","18650532"
"JH378114","30222637","30222915","chrX","29350840","29351123","18","871797"
"JH378114","30226661","30227003","chr19","31207199","31207538","50","980538"
"JH378114","30232575","30232878","chrX","29339321","29339619","29","893254"
"JH378114","30236713","30236912","chrX","29335426","29335625","16","901287"
"JH378114","30253629","30253748","chr2","157862059","157862191","32","127608430"
"JH378114","30254151","30254333","chr17","63051222","63051402","31","32797071"
"JH378114","30264022","30264110","chr11","48414733","48414820","9","18150711"
"JH378114","30264479","30264780","chrX","29309706","29310005","25","954773"
"JH378114","30265496","30265745","chr7","51745428","51745674","41","21479932"
"JH378114","30266057","30266108","chr13","49734674","49734726","5","19468617"
"JH378114","30274912","30275211","chrX","29301113","29301404","37","973799"
"JH378114","30307080","30307371","chr5","78216385","78216675","40","47909305"
"JH378114","30328558","30328843","chrX","29248444","29248729","16","1080114"
"JH378114","30328963","30329244","chr3","94099528","94099813","40","63770565"
"JH378114","30329288","30329300","chr2","148386820","148386831","1","118057532"
"JH378114","30336531","30336819","chrX","29240731","29241025","23","1095800"
"JH378114","30354104","30354393","chr10","14966770","14967057","39","15387334"
"JH378114","30355481","30355781","chrX","29223042","29223347","33","1132439"
"JH378114","30421047","30421363","chrX","29158241","29158546","30","1262806"
"JH378114","30446143","30446437","chrX","29135109","29135416","37","1311034"
"JH378114","30455202","30455512","chr2","7629839","7630144","55","22825363"
"JH378114","30531208","30531384","chr2","201194129","201194296","29","170662921"
"JH378114","30536193","30536418","chrX","29032573","29032802","17","1503620"
"JH378114","30546116","30546395","chrX","63432784","63433066","42","32886668"
"JH378114","30658399","30658678","chrX","28917773","28918051","41","1740626"
"JH378114","30697525","30697705","chr22","38428110","38428289","32","7730585"
"JH378114","30697729","30697842","chr3","138547752","138547860","22","107850023"
"JH378114","30746621","30746924","chr17","26482397","26482693","39","4264224"
"JH378114","30761178","30761196","chr4","43118105","43118124","2","12356927"
"JH378114","30761235","30761517","chrX","28791567","28791849","11","1969668"
"JH378114","30822352","30822640","chrX","28735358","28735667","41","2086994"
"JH378114","30822668","30822681","chr2","81248212","81248226","2","50425544"
"JH378114","30878110","30878424","chrX","28683525","28683831","35","2194585"
"JH378114","30930494","30930587","chr3","84679217","84679310","6","53748723"
"JH378114","30931493","30931685","chr7","18266854","18267051","32","12664639"
"JH378114","31022179","31022309","chr11","119790714","119790845","15","88768535"
"JH378114","31022618","31022794","chr1","172383491","172383665","31","141360873"
"JH378114","31067612","31067919","chrX","28519046","28519328","41","2548566"
"JH378114","31125309","31125655","chr7","6577072","6577412","57","24548237"
"JH378114","31393594","31393902","chr2","13246518","13246835","56","18147076"
"JH378114","31408444","31408737","chrX","28136650","28136932","24","3271794"
"JH378114","31446339","31446636","chr5","72278102","72278400","45","40831763"
"JH378114","31482027","31482344","chrX","28063103","28063404","40","3418924"
"JH378114","31493198","31493485","chrX","28048973","28049252","25","3444225"
"JH378114","31573332","31573628","chrX","27964855","27965148","24","3608477"
"JH378114","31601158","31601318","chr12","20194423","20194585","26","11406735"
"JH378114","31601346","31601474","chr4","147039916","147040045","13","115438570"
"JH378114","31612497","31612806","chr12","89280836","89281148","49","57668339"
"JH378114","31642520","31642782","chrX","27896440","27896702","14","3746080"
"JH378114","31644480","31644758","chr10","9123719","9124000","37","22520761"
"JH378114","31644949","31644960","chr1","25177127","25177138","1","6467822"
"JH378114","31647421","31647727","chrX","27891995","27892288","28","3755426"
"JH378114","31664281","31664474","chrX","27873617","27873810","9","3790664"
"JH378114","31688255","31688410","chr14","20020175","20020323","27","11668080"
"JH378114","31688706","31688793","chr22","7003637","7003722","11","24685069"
"JH378114","31710398","31710746","chr4","86230777","86231096","73","54520379"
"JH378114","31734114","31734403","chrX","27804949","27805251","37","3929165"
"JH378114","31749887","31750000","chr7","86236974","86237092","16","54487087"
"JH378114","31762700","31762814","chr1","106435141","106435252","20","74672441"
"JH378114","31784902","31785084","chrX","27744730","27744910","16","4040172"
"JH378114","31788871","31789179","chrX","27740672","27740982","35","4048199"
"JH378114","31917725","31918030","chrX","27613325","27613624","29","4304400"
"JH378114","31920064","31920379","chrX","27611004","27611293","45","4309060"
"JH378114","31976628","31976933","chrX","27556946","27557250","32","4419682"
"JH378114","32115564","32115863","chr7","15739134","15739432","17","16376430"
"JH378114","32119039","32119337","chrX","27413612","27413894","40","4705427"
"JH378114","32129151","32129457","chrX","27404390","27404689","25","4724761"
"JH378114","32139907","32140208","chrX","27393698","27394000","20","4746209"
"JH378114","32153564","32153853","chr10","8746013","8746301","30","23407551"
"JH378114","32208169","32208478","chrX","27328784","27329093","23","4879385"
"JH378114","32236156","32236457","chrX","27302910","27303197","33","4933246"
"JH378114","32262572","32262876","chrX","27272644","27272946","21","4989928"
"JH378114","32281020","32281152","chr22","2803275","2803408","15","29477745"
"JH378114","32293708","32294019","chrX","27239982","27240273","39","5053726"
"JH378114","32318265","32318555","chrX","27213919","27214213","20","5104346"
"JH378114","32365707","32366033","chrX","50169482","50169801","55","17803775"
"JH378114","32461049","32461124","chr9","95294534","95294607","15","62833485"
"JH378114","32479806","32479885","chrX","27038879","27038958","3","5440927"
"JH378114","32508754","32509076","chrX","27010748","27011056","33","5498006"
"JH378114","32551820","32551903","chr17","67948027","67948110","1","35396207"
"JH378114","32627618","32627919","chrX","26908842","26909142","20","5718776"
"JH378114","32640921","32641222","chr10","69770226","69770525","47","37129305"
"JH378114","32642101","32642274","chr2","35478850","35479015","32","2836749"
"JH378114","32745228","32745534","chr9","91696571","91696872","50","58951343"
"JH378114","32801429","32801720","chrX","26705335","26705640","44","6096094"
"JH378114","32806002","32806301","chrX","26705335","26705640","37","6100667"
"JH378114","32856771","32857065","chrX","26705335","26705640","36","6151436"
"JH378114","32865463","32865578","chr7","102754335","102754448","9","69888872"
"JH378114","32973455","32973742","chrX","26541430","26541723","31","6432025"
"JH378114","32982945","32983253","chrX","26532744","26533053","20","6450201"
"JH378114","33014166","33014385","chrX","26502594","26502812","17","6511572"
"JH378114","33045145","33045226","chr14","32115288","32115371","10","929857"
"JH378114","33057195","33057503","chrX","26457572","26457881","29","6599623"
"JH378114","33116272","33116594","chr6","149465000","149465315","56","116348728"
"JH378114","33135463","33135590","chrX","26369239","26369367","8","6766224"
"JH378114","33142612","33142915","chrX","26361336","26361648","30","6781276"
"JH378114","33296522","33296822","chrX","26195449","26195752","59","7101073"
"JH378114","33304560","33304871","chr7","55261753","55262053","50","21957193"
"JH378114","33309522","33309805","chr8","105846583","105846869","41","72537061"
"JH378114","33325658","33325924","chr4","118980638","118980904","36","85654980"
"JH378114","33346050","33346342","chr8","97866137","97866434","54","64520087"
"JH378114","33367083","33367390","chrX","26129082","26129392","27","7238001"
"JH378114","33394603","33394914","chrX","26103074","26103373","30","7291529"
"JH378114","33399700","33399957","chrX","26098011","26098314","60","7301689"
"JH378114","33426517","33426813","chrX","26076786","26077079","16","7349731"
"JH378114","33432371","33432650","chrX","26071221","26071513","25","7361150"
"JH378114","33434490","33434795","chrX","26069076","26069373","23","7365414"
"JH378114","33442696","33442823","chrX","26061010","26061133","13","7381686"
"JH378114","33458405","33458714","chr16","91545694","91546004","47","58087289"
"JH378114","33531619","33531919","chrX","25960424","25960721","21","7571195"
"JH378114","33606416","33606701","chrX","25886697","25886970","38","7719719"
"JH378114","33658361","33658665","chr16","93706754","93707060","47","60048393"
"JH378114","33676802","33677087","chr14","83027663","83027956","47","49350861"
"JH378114","33677136","33677151","chr22","20852391","20852405","1","12824745"
"JH378114","33679804","33679987","chrX","25820735","25820912","22","7859069"
"JH378114","33694367","33694658","chrX","25807222","25807494","42","7887145"
"JH378114","33703174","33703297","chr12","4571827","4571949","17","29131347"
"JH378114","33703343","33703524","chr5","78973927","78974106","32","45270584"
"JH378114","33765185","33765512","chrX","25709290","25709594","46","8055895"
"JH378114","33769290","33769595","chrX","25704697","25705002","21","8064593"
"JH378114","33790214","33790510","chrX","25682555","25682866","37","8107659"
"JH378114","33828134","33828305","chr7","78384199","78384363","46","44556065"
"JH378114","33899991","33900240","chr10","128483118","128483369","47","94583127"
"JH378114","33923741","33924039","chrX","25537441","25537741","19","8386300"
"JH378114","34001910","34002188","chr9","41455381","41455658","47","7453471"
"JH378114","34109865","34110165","chrX","25330324","25330622","22","8779541"
"JH378114","34114264","34114552","chrX","25323097","25323391","25","8791167"
"JH378114","34133116","34133281","chrX","25303915","25304080","12","8829201"
"JH378114","34144293","34144574","chrX","25293564","25293837","20","8850729"
"JH378114","34192467","34192756","chrX","25247517","25247808","22","8944950"
"JH378114","34235972","34236300","chr5","82992357","82992681","70","48756385"
"JH378114","34257556","34257852","chr15","21916383","21916680","59","12341173"
"JH378114","34396303","34396616","chrX","25053703","25053991","43","9342600"
"JH378114","34407666","34407781","chrX","25048401","25048507","13","9359265"
"JH378114","34441751","34442028","chr9","111354658","111354956","33","76912907"
"JH378114","34461803","34462099","chrX","24997617","24997909","27","9464186"
"JH378114","34507473","34507790","chrX","24943314","24943618","38","9564159"
"JH378114","34542168","34542480","chrX","24893742","24894052","27","9648426"
"JH378114","34575206","34575512","chr3","153126549","153126856","50","118551343"
"JH378114","34611629","34611935","chr15","18045899","18046198","45","16565730"
"JH378114","34684424","34684659","chr8","51544734","51544973","24","16860310"
"JH378114","34705530","34705814","chrX","24720389","24720672","24","9985141"
"JH378114","34758673","34758980","chrX","24657862","24658146","42","10100811"
"JH378114","34924903","34925183","chr1","100304612","100304887","52","65379709"
"JH378114","34944049","34944344","chrX","24466944","24467244","23","10477105"
"JH378114","34973031","34973339","chrX","24420112","24420394","36","10552919"
"JH378114","34979582","34979687","chr5","68522991","68523095","12","33543409"
"JH378114","34984514","34984785","chrX","24408293","24408567","26","10576221"
"JH378114","35073028","35073339","chrX","24314116","24314401","42","10758912"
"JH378114","35190863","35191122","chr1","166758837","166759089","42","131567974"
"JH378114","35229117","35229422","chrX","24168499","24168804","15","11060618"
"JH378114","35257864","35258043","chrX","24140164","24140340","15","11117700"
"JH378114","35271495","35271821","chrX","24127244","24127543","50","11144251"
"JH378114","35397104","35397373","chrX","23989669","23989938","26","11407435"
"JH378114","35525358","35525642","chrX","23860966","23861262","33","11664392"
"JH378114","35558049","35558261","chrX","23828234","23828439","20","11729815"
"JH378114","35559645","35559939","chrX","23826538","23826832","16","11733107"
"JH378114","35584479","35584627","chrX","23801636","23801787","18","11782843"
"JH378114","35592399","35592705","chr3","84173060","84173366","49","48580661"
"JH378114","35619527","35619792","chrX","23766543","23766808","16","11852984"
"JH378114","35622726","35622979","chrX","23763380","23763620","25","11859346"
"JH378114","35661509","35661812","chrX","23724203","23724501","26","11937306"
"JH378114","35680877","35681175","chr21","45383791","45384080","41","9702914"
"JH378114","35683267","35683567","chrX","23700138","23700439","18","11983129"
"JH378114","35700726","35700998","chrX","23683250","23683546","41","12017476"
"JH378114","35713741","35714015","chrX","23670145","23670418","19","12043596"
"JH378114","35716567","35716878","chrX","23667197","23667489","46","12049370"
"JH378114","35778871","35779179","chrX","23595002","23595309","39","12183869"
"JH378114","35785720","35786070","chr10","2125492","2125819","71","33660228"
"JH378114","35831240","35831541","chr10","8186446","8186735","42","27644794"
"JH378114","35859638","35859923","chr7","22678352","22678637","44","13181286"
"JH378114","35914506","35914629","chrX","23458865","23458988","7","12455641"
"JH378114","35914664","35914825","chr3","75230360","75230525","26","39315696"
"JH378114","35918076","35918353","chrX","23455096","23455355","37","12462980"
"JH378114","35926993","35927295","chrX","23446370","23446674","13","12480623"
"JH378114","35948863","35949132","chrX","23425396","23425668","27","12523467"
"JH378114","35990126","35990406","chr10","29028186","29028467","45","6961940"
"JH378114","36021159","36021278","chrX","106994313","106994429","15","70973154"
"JH378114","36022565","36022676","chr12","61048747","61048857","15","25026182"
"JH378114","36054011","36054304","chrX","23320680","23320989","35","12733331"
"JH378114","36056980","36057273","chrX","23318574","23318871","24","12738406"
"JH378114","36067092","36067186","chr2","35282625","35282725","19","784467"
"JH378114","36067486","36067622","chr9","123028051","123028184","15","86960565"
"JH378114","36081988","36082272","chrX","23299987","23300293","38","12782001"
"JH378114","36095646","36095936","chrX","23287494","23287786","26","12808152"
"JH378114","36119923","36120222","chrX","23267271","23267568","53","12852652"
"JH378114","36128078","36128217","chr4","37934558","37934696","25","1806480"
"JH378114","36128527","36128665","chr20","12705602","12705736","12","23422925"
"JH378114","36133321","36133616","chrX","23254680","23254971","25","12878641"
"JH378114","36139979","36140224","chrX","23247981","23248231","16","12891998"
"JH378114","36141114","36141247","chr1","202981060","202981197","17","166839946"
"JH378114","36141248","36141564","chr10","1070976","1071286","17","35070272"
"JH378114","36141565","36141732","chr9","86500684","86500848","27","50359119"
"JH378114","36150782","36151091","chrX","23238653","23238945","32","12912129"
"JH378114","36158136","36158309","chr7","81467105","81467276","22","45308969"
"JH378114","36158655","36158803","chrX","54543892","54544042","19","18385237"
"JH378114","36160419","36160736","chrX","23228671","23228980","30","12931748"
"JH378114","36161225","36161525","chrX","23227872","23228162","33","12933353"
"JH378114","36169620","36169825","chr1","176623242","176623439","35","140453622"
"JH378114","36195788","36195932","chrX","26048882","26049025","13","10146906"
"JH378114","36204154","36204435","chrX","23184083","23184380","35","13020071"
"JH378114","36230721","36231044","chrX","23157212","23157543","35","13073509"
"JH378114","36245006","36245324","chrX","23143485","23143807","16","13101521"
"JH378114","36257701","36258006","chr6","21358252","21358553","41","14899449"
"JH378114","36263704","36263925","chrX","23124837","23125056","11","13138867"
"JH378114","36264535","36264799","chr3","79394103","79394369","40","43129568"
"JH378114","36289322","36289449","chr2","15236910","15237039","16","21052412"
"JH378114","36290562","36290861","chr3","108242581","108242881","47","71952019"
"JH378114","36300532","36300823","chrX","23087789","23088079","14","13212743"
"JH378114","36306220","36306506","chrX","23082434","23082720","21","13223786"
"JH378114","36307158","36307453","chrX","23081414","23081710","23","13225744"
"JH378114","36319685","36319983","chrX","23069440","23069739","22","13250245"
"JH378114","36322118","36322418","chrX","23066483","23066786","44","13255635"
"JH378114","36335735","36335784","chr12","55863262","55863312","11","19527527"
"JH378114","36338571","36338842","chrX","23048803","23049075","38","13289768"
"JH378114","36345760","36346060","chrX","23040898","23041198","29","13304862"
"JH378114","36347057","36347324","chr22","3457806","3458070","38","32889251"
"JH378114","36347369","36347394","chr5","65331709","65331732","4","28984340"
"JH378114","36349158","36349438","chrX","118032361","118032643","47","81683203"
"JH378114","36355609","36355711","chr10","92667903","92668006","7","56312294"
"JH378114","36386969","36387241","chr18","14575216","14575497","52","21811753"
"JH378114","36391904","36392188","chr1","77088245","77088528","38","40696341"
"JH378114","36433091","36433383","chrX","22950793","22951099","26","13482298"
"JH378114","36438718","36439031","chrX","22944160","22944467","25","13494558"
"JH378114","36452187","36452478","chrX","22929125","22929415","22","13523062"
"JH378114","36478789","36478950","chr16","4623407","4623567","30","31855382"
"JH378114","36485515","36485643","chr4","153973323","153973449","20","117487808"
"JH378114","36485671","36485829","chr1","169559946","169560104","22","133074275"
"JH378114","36488433","36488735","chrX","22886783","22887053","40","13601650"
"JH378114","36503915","36504213","chr12","109211035","109211336","43","72707120"
"JH378114","36505048","36505328","chrX","22869949","22870221","24","13635099"
"JH378114","36507848","36508129","chrX","22868354","22868635","16","13639494"
"JH378114","36510881","36511189","chr3","20642128","20642432","38","15868753"
"JH378114","36517465","36517558","chr7","57853914","57854007","6","21336449"
"JH378114","36517666","36517850","chr13","37175974","37176161","49","658308"
"JH378114","36524312","36524433","chr6","143383398","143383519","14","106859086"
"JH378114","36524459","36524629","chrUn_GL289064","9799","9971","23","36514660"
"JH378114","36527462","36527744","chrX","22851134","22851420","23","13676328"
"JH378114","36529757","36529941","chrX","22848185","22848369","8","13681572"
"JH378114","36537055","36537339","chr7","128349817","128350099","41","91812762"
"JH378114","36537389","36537693","chr8","71739809","71740110","37","35202420"
"JH378114","36541792","36542104","chrX","22835607","22835925","32","13706185"
"JH378114","36545549","36545745","chr20","29211700","29211896","30","7333849"
"JH378114","36556842","36556975","chr6","155180689","155180824","16","118623847"
"JH378114","36557281","36557463","chrX","137222383","137222560","27","100665102"
"JH378114","36559126","36559399","chrX","22817830","22818089","30","13741296"
"JH378114","36560497","36560798","chr6","30949549","30949848","42","5610948"
"JH378114","36569505","36569789","chr10","126707337","126707627","48","90137832"
"JH378114","36582344","36582626","chrX","22789574","22789862","22","13792770"
"JH378114","36586605","36586881","chrX","22781407","22781698","39","13805198"
"JH378114","36590251","36590546","chrX","22777370","22777666","19","13812881"
"JH378114","36592844","36593112","chrX","22774800","22775083","34","13818044"
"JH378114","36599018","36599319","chr7","89951395","89951694","45","53352377"
"JH378114","36607108","36607399","chr18","5159472","5159761","48","31447636"
"JH378114","36613868","36613995","chr14","53764663","53764793","7","17150795"
"JH378114","36614117","36614161","chrX","22755457","22755500","3","13858660"
"JH378114","36614183","36614353","chrX","22755272","22755431","20","13858911"
"JH378114","36635197","36635503","chrX","22736184","22736489","18","13899013"
"JH378114","36639370","36639664","chrX","22732427","22732726","30","13906943"
"JH378114","36644917","36645222","chrX","22726608","22726915","18","13918309"
"JH378114","36649897","36650181","chr1","188805096","188805378","47","152155199"
"JH378114","36653944","36654243","chrX","22717945","22718237","35","13935999"
"JH378114","36660896","36661225","chr4","159256888","159257213","25","122595992"
"JH378114","36665630","36665821","chr16","69999677","69999866","25","33334047"
"JH378114","36669318","36669581","chrX","116216339","116216606","55","79547021"
"JH378114","36675730","36676018","chrX","22694913","22695201","16","13980817"
"JH378114","36681771","36682051","chr5","29681531","29681812","35","7000240"
"JH378114","36682074","36682089","chr5","73671047","73671061","2","36988973"
"JH378114","36688220","36688513","chrX","22681996","22682281","24","14006224"
"JH378114","36693338","36693475","chrX","22676705","22676838","14","14016633"
"JH378114","36696477","36696737","chr14","37233044","37233303","31","536567"
"JH378114","36701719","36701816","chr5","23166001","23166091","18","13535718"
"JH378114","36703312","36703599","chr7","87159392","87159682","38","50456080"
"JH378114","36714349","36714643","chr1","108431363","108431659","47","71717014"
"JH378114","36724904","36725077","chrX","22646293","22646471","14","14078611"
"JH378114","36725357","36725492","chrX","22645856","22645992","11","14079501"
"JH378114","36726725","36727023","chr9","42748402","42748702","51","6021677"
"JH378114","36734449","36734585","chr1","177939643","177939778","11","141205194"
"JH378114","36735399","36735548","chr5","90195107","90195249","40","53459708"
"JH378114","36739007","36739175","chrX","22632124","22632302","21","14106883"
"JH378114","36739480","36739614","chrX","22631687","22631822","12","14107793"
"JH378114","36740315","36740562","chrX","22631034","22631294","35","14109281"
"JH378114","36759140","36759442","chr2","6341335","6341640","54","30417805"
"JH378114","36764517","36764746","chrX","22607671","22607891","21","14156846"
"JH378114","36767613","36767863","chr17","42858575","42858828","49","6090962"
"JH378114","36772086","36772376","chrX","22593358","22593645","22","14178728"
"JH378114","36780061","36780345","chrX","22590128","22590409","23","14189933"
"JH378114","36787823","36788005","chrX","22582590","22582795","31","14205233"
"JH378114","36788681","36788991","chrX","22581594","22581907","27","14207087"
"JH378114","36798233","36798538","chrX","22572354","22572648","33","14225879"
"JH378114","36802599","36802884","chrX","22568347","22568632","23","14234252"
"JH378114","36806390","36806636","chrX","22564779","22565024","17","14241611"
"JH378114","36807361","36807562","chr9","114386915","114387097","88","77579554"
"JH378114","36810507","36810794","chrX","22559704","22559993","27","14250803"
"JH378114","36844758","36844878","chr7","87964128","87964249","11","51119370"
"JH378114","36845067","36845199","chr2","31577378","31577520","31","5267689"
"JH378114","36845990","36846286","chr5","97381011","97381300","57","60535021"
"JH378114","36852602","36852910","chr2","28861145","28861452","39","7991457"
"JH378114","36857320","36857626","chr9","103694498","103694799","40","66837178"
"JH378114","36858536","36858642","chr14","47229427","47229534","19","10370891"
"JH378114","36868713","36869009","chrX","22498904","22499189","38","14369809"
"JH378114","36871474","36871789","chr1","62592913","62593226","50","25721439"
"JH378114","36892655","36892946","chrX","22473970","22474256","14","14418685"
"JH378114","36909629","36909906","chrX","22458492","22458785","37","14451137"
"JH378114","36932073","36932247","chr13","45078362","45078536","27","8146289"
"JH378114","36933308","36933623","chr5","62467478","62467789","47","25534170"
"JH378114","36935460","36935765","chrX","22433031","22433327","18","14502429"
"JH378114","36961944","36962233","chrX","22408407","22408698","25","14553537"
"JH378114","36965928","36966232","chrX","22404703","22405009","26","14561225"
"JH378114","36970782","36970918","chrX","22401313","22401449","4","14569469"
"JH378114","36971216","36971386","chrX","22400547","22400714","17","14570669"
"JH378114","36971813","36972069","chrX","22399860","22400123","22","14571953"
"JH378114","36978668","36978965","chr8","86840497","86840790","41","49861829"
"JH378114","36987597","36987731","chrX","22383308","22383443","6","14604289"
"JH378114","36988056","36988212","chrX","22382832","22382988","15","14605224"
"JH378114","36996892","36997205","chrX","22374366","22374679","17","14622526"
"JH378114","36999611","36999908","chrX","22371363","22371659","23","14628248"
"JH378114","37011660","37011916","chrX","22358968","22359227","42","14652692"
"JH378114","37020755","37021049","chr7","54157888","54158182","33","17137133"
"JH378114","37033299","37033590","chrX","22333626","22333918","21","14699673"
"JH378114","37042068","37042390","chrX","43307883","43308194","54","6265815"
"JH378114","37056140","37056317","chr21","41021316","41021487","28","3965176"
"JH378114","37075166","37075293","chr11","6488513","6488633","21","30586653"
"JH378114","37085968","37086193","chrX","22281740","22281977","24","14804228"
"JH378114","37092614","37092921","chrX","22275038","22275344","24","14817576"
"JH378114","37106440","37106587","chr5","84693034","84693179","24","47586594"
"JH378114","37108471","37108546","chr2","78437919","78437994","11","41329448"
"JH378114","37110149","37110281","chr22","2803275","2803408","13","34306874"
"JH378114","37110594","37110766","chr22","21097357","21097526","25","16013237"
"JH378114","37118163","37118466","chrX","22249719","22250019","14","14868444"
"JH378114","37124976","37125089","chrX","22242915","22243028","6","14882061"
"JH378114","37126760","37127049","chrX","22240765","22241051","31","14885995"
"JH378114","37132507","37132819","chr8","104515104","104515412","47","67382597"
"JH378114","37158697","37159000","chrX","22209808","22210098","39","14948889"
"JH378114","37212567","37212872","chrX","22143814","22144124","27","15068753"
"JH378114","37220897","37220975","chr3","106915202","106915280","8","69694305"
"JH378114","37280543","37280838","chr2","56130845","56131140","45","18850302"
"JH378114","37300930","37301222","chr14","36184275","36184571","33","1116655"
"JH378114","37301370","37301663","chr14","36183835","36184134","38","1117535"
"JH378114","37302572","37302720","chr12","23988222","23988365","23","13314350"
"JH378114","37303424","37303682","chr4","32618054","32618320","47","4685370"
"JH378114","37309292","37309587","chr10","7366507","7366803","35","29942785"
"JH378114","37315824","37316002","chr12","33060098","33060277","30","4255726"
"JH378114","37318450","37318694","chrX","22077199","22077464","30","15241251"
"JH378114","37432281","37432578","chrX","21941497","21941794","12","15490784"
"JH378114","37441377","37441683","chrX","21932721","21933017","27","15508656"
"JH378114","37456940","37457235","chrX","21917218","21917514","15","15539722"
"JH378114","37531287","37531594","chrX","21844360","21844649","36","15686927"
"JH378114","37535115","37535306","chrX","21840673","21840870","12","15694442"
"JH378114","37535625","37535760","chrX","21840234","21840370","12","15695391"
"JH378114","37575173","37575464","chr14","45465249","45465539","17","7890076"
"JH378114","37673120","37673421","chr22","35779523","35779824","46","1893597"
"JH378114","37810683","37810987","chrX","21560938","21561245","27","16249745"
"JH378114","37907370","37907593","chr3","25992595","25992808","45","11914775"
"JH378114","38114644","38114908","chrX","21258706","21258970","12","16855938"
"JH378114","38126814","38127117","chr1","167894155","167894451","41","129767341"
"JH378114","38140251","38140559","chr6","54052268","54052579","42","15912017"
"JH378114","38196492","38196829","chrX","21157922","21158256","32","17038570"
"JH378114","38247515","38247626","chrX","21114208","21114322","7","17133307"
"JH378114","38252256","38252550","chrX","21109545","21109835","24","17142711"
"JH378114","38329256","38329565","chrX","21033671","21033979","25","17295585"
"JH378114","38408516","38408746","chrX","20960942","20961179","22","17447574"
"JH378114","38429952","38430249","chr9","39173459","39173756","53","743507"
"JH378114","38515822","38516117","chrX","20868117","20868422","26","17647705"
"JH378114","38549179","38549490","chrX","20834585","20834893","21","17714594"
"JH378114","38632597","38632906","chrX","20741528","20741833","28","17891069"
"JH378114","38670049","38670336","chrX","20709550","20709819","52","17960499"
"JH378114","38749443","38749718","chrX","20609502","20609780","26","18139941"
"JH378114","38777709","38778024","chrX","20583325","20583638","24","18194384"
"JH378114","38779888","38780202","chrX","20581137","20581448","28","18198751"
"JH378114","38794382","38794663","chrX","20565553","20565853","34","18228829"
"JH378114","38794699","38794726","chr1","196134413","196134439","6","157339714"
"JH378114","38837089","38837216","chrX","20519349","20519475","8","18317740"
"JH378114","38854964","38855099","chr5","92250999","92251132","16","53396035"
"JH378114","38855100","38855408","chrX","20500887","20501180","49","18354213"
"JH378114","38855409","38855545","chr12","10205564","10205695","18","28649845"
"JH378114","38860221","38860515","chrX","20496101","20496406","31","18364120"
"JH378114","38864200","38864488","chrX","20492435","20492728","24","18371765"
"JH378114","38872517","38872685","chr1","61060975","61061143","30","22188458"
"JH378114","38898087","38898333","chrX","20460615","20460867","28","18437472"
"JH378114","38904521","38904730","chrX","20456393","20456627","34","18448128"
"JH378114","38923962","38924250","chrX","20435525","20435816","42","18488437"
"JH378114","38945695","38945996","chrX","20413606","20413902","32","18532089"
"JH378114","38974128","38974425","chrX","20372640","20372941","25","18601488"
"JH378114","38976000","38976114","chr22","44378184","44378298","13","5402184"
"JH378114","38976175","38976314","chr7","57428370","57428506","19","18452195"
"JH378114","38976346","38976504","chrX","20370148","20370313","29","18606198"
"JH378114","38981965","38982112","chr12","16534163","16534311","24","22447802"
"JH378114","38982158","38982279","chrX","20362760","20362881","12","18619398"
"JH378114","38995193","38995319","chr22","1859895","1860013","17","37135298"
"JH378114","39011502","39011641","chr2","171092404","171092546","19","132080902"
"JH378114","39024413","39024710","chr16","32273388","32273690","43","6751025"
"JH378114","39029715","39029998","chrX","20311810","20312081","45","18717905"
"JH378114","39040162","39040468","chrX","20300848","20301146","25","18739314"
"JH378114","39048434","39048748","chrX","20293113","20293428","50","18755321"
"JH378114","39061642","39061766","chr14","59758049","59758171","12","20696407"
"JH378114","39077588","39077883","chrX","20266905","20267204","26","18810683"
"JH378114","39171838","39171988","chr7","49301505","49301655","22","10129667"
"JH378114","39223451","39223763","chrX","20116968","20117280","18","19106483"
"JH378114","39467503","39467794","chrX","19865099","19865388","23","19602404"
"JH378114","39505046","39505345","chrX","19819141","19819438","19","19685905"
"JH378114","39615053","39615332","chrX","19701389","19701676","25","19913664"
"JH378114","39806597","39806902","chr14","41541861","41542165","45","1735264"
"JH378114","40099096","40099413","chrX","19169979","19170271","41","20929117"
"JH378114","40110336","40110458","chr10","29599620","29599742","8","10510716"
"JH378114","40182813","40183117","chrX","19082927","19083236","28","21099886"
"JH378114","40279204","40279500","chr2","64391820","64392113","46","24112616"
"JH378114","40318095","40318388","chrX","18952482","18952776","15","21365613"
"JH378114","40355730","40356019","chrX","18915225","18915517","23","21440505"
"JH378114","40468027","40468209","chr2","32584741","32584924","31","7883286"
"JH378114","40505990","40506110","chr2","87520937","87521056","6","47014947"
"JH378114","40547445","40547743","chrX","18718786","18719088","23","21828659"
"JH378114","40601898","40602198","chrX","18663760","18664061","16","21938138"
"JH378114","40626706","40627012","chrX","18639620","18639921","19","21987086"
"JH378114","40630760","40631045","chr12","52081399","52081674","46","11450639"
"JH378114","40716284","40716575","chrX","18549864","18550160","16","22166420"
"JH378114","40753237","40753535","chrX","18512530","18512832","27","22240707"
"JH378114","40773275","40773374","chr7","124716316","124716423","18","83943041"
"JH378114","40779564","40779873","chrX","18490343","18490659","22","22289221"
"JH378114","40787675","40787952","chrX","18482920","18483212","28","22304755"
"JH378114","40792474","40792692","chr1","138498884","138499103","42","97706410"
"JH378114","40804543","40804717","chrX","18466815","18466977","16","22337728"
"JH378114","40805027","40805153","chrX","18466375","18466505","7","22338652"
"JH378114","40819076","40819223","chr2","56560416","56560565","16","15741340"
"JH378114","40819848","40819989","chr2","8496101","8496243","39","32323747"
"JH378114","40825534","40825689","chrX","18446621","18446779","18","22378913"
"JH378114","40835248","40835373","chr12","55510353","55510483","18","14675105"
"JH378114","40840218","40840513","chrX","18427943","18428231","23","22412275"
"JH378114","40855014","40855328","chrX","18414590","18414898","29","22440424"
"JH378114","40860678","40860976","chrX","18408953","18409258","24","22451725"
"JH378114","40881360","40881398","chr7","135259300","135259333","8","94377940"
"JH378114","40884196","40884387","chr6","85988645","85988834","36","45104449"
"JH378114","40894998","40895121","chr11","3588163","3588287","9","37306835"
"JH378114","40906408","40906538","chr12","91188829","91188959","6","50282421"
"JH378114","40912673","40912958","chrX","18356191","18356476","15","22556482"
"JH378114","40918521","40918533","chr2","86422823","86422834","1","45504302"
"JH378114","40918534","40918563","chrX","71526078","71526103","4","30607544"
"JH378114","40918623","40918892","chrX","18348539","18348798","31","22570084"
"JH378114","40918893","40919104","chr17","34580457","34580658","37","6338436"
"JH378114","40925326","40925598","chrX","18342111","18342404","40","22583215"
"JH378114","40928265","40928540","chrX","18339419","18339694","24","22588846"
"JH378114","40930150","40930416","chr5","53247192","53247454","49","12317042"
"JH378114","40934912","40935218","chr3","182150138","182150437","46","141215226"
"JH378114","40941853","40942142","chrX","18326535","18326835","28","22615318"
"JH378114","41008654","41008876","chr5","114024450","114024678","44","73015796"
"JH378114","41012850","41013165","chrX","18248584","18248882","43","22764266"
"JH378114","41019701","41019838","chrX","18243177","18243313","7","22776524"
"JH378114","41020118","41020296","chrX","18242747","18242900","32","22777371"
"JH378114","41020943","41021241","chrX","18241464","18241772","27","22779479"
"JH378114","41023504","41023805","chrX","18239275","18239559","34","22784229"
"JH378114","41026447","41026726","chr4","43326497","43326775","44","2300050"
"JH378114","41066275","41066385","chrX","18193321","18193431","7","22872954"
"JH378114","41086918","41087223","chrX","18172119","18172421","40","22914799"
"JH378114","41103468","41103757","chr6","44107202","44107493","46","3003734"
"JH378114","41166481","41166761","chrX","18088410","18088689","22","23078071"
"JH378114","41219982","41220221","chr9","57789732","57789967","39","16569750"
"JH378114","41261773","41262057","chr1","202991654","202991938","36","161729881"
"JH378114","41339791","41340132","chr2","193200777","193201113","64","151860986"
"JH378114","41377252","41377361","chr9","103598287","103598382","28","62221035"
"JH378114","41419174","41419486","chrX","17841190","17841482","32","23577984"
"JH378114","41432030","41432209","chr8","3777172","3777348","23","37654858"
"JH378114","41432245","41432357","chr10","77396475","77396590","13","35964230"
"JH378114","41434788","41435052","chr7","10287431","10287686","49","31147357"
"JH378114","41447451","41447736","chrX","17806281","17806584","36","23641170"
"JH378114","41450121","41450410","chrX","17801145","17801428","26","23648976"
"JH378114","41452208","41452509","chrX","17798764","17799064","19","23653444"
"JH378114","41469235","41469525","chrX","17783390","17783681","14","23685845"
"JH378114","41469988","41470279","chrX","17782635","17782908","37","23687353"
"JH378114","41508987","41509079","chr5","50499909","50500000","7","8990922"
"JH378114","41520567","41520862","chrX","17734379","17734674","19","23786188"
"JH378114","41525806","41526058","chr1","181331511","181331760","38","139805705"
"JH378114","41528885","41529055","chr1","201759275","201759444","24","160230390"
"JH378114","41529093","41529218","chr10","102600841","102600965","9","61071748"
"JH378114","41556951","41557125","chr16","93925185","93925355","29","52368234"
"JH378114","41557126","41557438","chr2","126298318","126298619","48","84741192"
"JH378114","41557439","41557574","chr7","66082412","66082547","13","24524973"
"JH378114","41570832","41571003","chrX","52038924","52039089","33","10468092"
"JH378114","41571296","41571430","chrX","62912081","62912216","18","21340785"
"JH378114","41577155","41577288","chr14","98406879","98407012","10","56829724"
"JH378114","41577612","41577775","chr4","3836765","3836932","29","37740847"
"JH378114","41588371","41588684","chrX","17662341","17662655","18","23926030"
"JH378114","41593069","41593363","chrX","17657330","17657622","26","23935739"
"JH378114","41604976","41605274","chr3","182150138","182150437","49","140545162"
"JH378114","41618833","41619131","chrX","17629321","17629634","36","23989512"
"JH378114","41621498","41621745","chrX","17626754","17627002","21","23994744"
"JH378114","41623254","41623319","chr15","75667330","75667394","10","34044076"
"JH378114","41662789","41662938","chr20","10715587","10715736","19","30947202"
"JH378114","41678049","41678364","chrX","17565503","17565825","35","24112546"
"JH378114","41705627","41705852","chr2","94140667","94140893","29","52435040"
"JH378114","41727620","41727903","chr16","19540456","19540738","38","22187164"
"JH378114","41727942","41727969","chr10","61998341","61998366","4","20270399"
"JH378114","41739936","41740246","chrX","17502590","17502893","22","24237346"
"JH378114","41767553","41767851","chr5","79104062","79104360","39","37336509"
"JH378114","41783675","41783921","chrX","17455526","17455771","20","24328149"
"JH378114","41798210","41798505","chrX","17440915","17441211","39","24357295"
"JH378114","41804045","41804216","chrX","17436891","17437049","21","24367154"
"JH378114","41815584","41815861","chrX","17425626","17425906","20","24389958"
"JH378114","41850611","41850927","chr4","43468048","43468364","53","1617437"
"JH378114","41866569","41866883","chrX","17370680","17370995","37","24495889"
"JH378114","41884773","41885066","chrX","17354367","17354656","23","24530406"
"JH378114","41891279","41891576","chr9","111354658","111354956","47","69463379"
"JH378114","41893659","41893966","chrX","17346220","17346510","32","24547439"
"JH378114","41930354","41930663","chr10","99746509","99746808","47","57816155"
"JH378114","41939490","41939798","chrX","17301177","17301481","22","24638313"
"JH378114","41950583","41950873","chrX","17290157","17290443","20","24660426"
"JH378114","41954463","41954627","chrX","17286264","17286428","12","24668199"
"JH378114","41958919","41959214","chrX","17281661","17281959","20","24677258"
"JH378114","41970841","41971137","chr6","9312448","9312743","43","32658393"
"JH378114","41972083","41972196","chr2","163997253","163997365","9","122025170"
"JH378114","41973301","41973573","chrX","17267252","17267530","22","24706049"
"JH378114","41994796","41995039","chrX","17245330","17245572","21","24749466"
"JH378114","42014281","42014595","chrX","17225295","17225601","32","24788986"
"JH378114","42039444","42039718","chr5","59634824","59635099","44","17595380"
"JH378114","42045656","42045959","chrX","17191259","17191564","21","24854397"
"JH378114","42076893","42077193","chr7","113847214","113847515","35","71770321"
"JH378114","42079034","42079303","chr15","3547273","3547539","48","38531761"
"JH378114","42082193","42082487","chrX","17154428","17154707","53","24927765"
"JH378114","42097004","42097298","chr2","189343566","189343863","47","147246562"
"JH378114","42126254","42126269","chrX","17110974","17110989","0","25015280"
"JH378114","42126313","42126591","chrX","17110664","17110942","22","25015649"
"JH378114","42127114","42127292","chr9","112792783","112792958","23","70665669"
"JH378114","42130885","42131002","chr15","16152787","16152904","4","25978098"
"JH378114","42136184","42136471","chr6","85152193","85152469","41","43016009"
"JH378114","42151115","42151401","chrX","17084914","17085208","30","25066201"
"JH378114","42151795","42152105","chrX","17084234","17084530","43","25067561"
"JH378114","42154780","42155090","chr5","79478782","79479093","43","37324002"
"JH378114","42157196","42157334","chrX","17078075","17078212","9","25079121"
"JH378114","42163441","42163777","chr22","2362095","2362405","69","39801346"
"JH378114","42172042","42172143","chrX","17062579","17062677","8","25109463"
"JH378114","42172241","42172351","chr1","121166312","121166422","9","78994071"
"JH378114","42177503","42177780","chrX","17056911","17057188","20","25120592"
"JH378114","42185241","42185536","chr1","97097177","97097476","39","54911936"
"JH378114","42218557","42218852","chrX","17015636","17015932","16","25202921"
"JH378114","42228349","42228649","chrX","17006165","17006464","19","25222184"
"JH378114","42229798","42230099","chrX","17005298","17005601","23","25224500"
"JH378114","42230580","42230860","chr2","33553798","33554078","44","8676782"
"JH378114","42230888","42230908","chr5","11751682","11751705","3","30479206"
"JH378114","42245833","42246133","chr7","75171671","75171977","38","32925838"
"JH378114","42267703","42268010","chr5","60671568","60671876","40","18403865"
"JH378114","42281931","42282241","chr2","18950472","18950783","45","23331459"
"JH378114","42287523","42287606","chr5","92358820","92358900","18","50071297"
"JH378114","42287908","42288076","chrX","16943197","16943355","19","25344711"
"JH378114","42298442","42298727","chrX","16932175","16932467","15","25366267"
"JH378114","42304510","42304805","chrX","16926435","16926729","19","25378075"
"JH378114","42307360","42307663","chr22","45320247","45320557","50","3012887"
"JH378114","42329241","42329542","chrX","16901187","16901480","30","25428054"
"JH378114","42368284","42368461","chrX","16862959","16863135","13","25505325"
"JH378114","42407895","42408119","chr7","96677976","96678191","33","54270081"
"JH378114","42415873","42416163","chrX","16818507","16818799","29","25597366"
"JH378114","42423209","42423497","chr7","37031164","37031453","38","5392045"
"JH378114","42423678","42423700","chr4","31806872","31806891","4","10616806"
"JH378114","42433762","42434065","chrX","16801503","16801784","32","25632259"
"JH378114","42443922","42444214","chrX","16791441","16791723","29","25652481"
"JH378114","42446300","42446593","chrX","16789419","16789705","17","25656881"
"JH378114","42460042","42460328","chrX","16774831","16775120","30","25685211"
"JH378114","42470205","42470387","chrX","16764052","16764233","12","25706153"
"JH378114","42487093","42487407","chr1","148219735","148220041","43","105732642"
"JH378114","42491531","42491833","chrX","16741655","16741955","16","25749876"
"JH378114","42503619","42503848","chrX","16726022","16726255","25","25777597"
"JH378114","42524132","42524434","chrX","16705636","16705928","38","25818496"
"JH378114","42525048","42525359","chrX","16704718","16705005","37","25820330"
"JH378114","42533247","42533505","chrX","117819166","117819424","39","75285919"
"JH378114","42540503","42540814","chr19","3929627","3929931","51","38610876"
"JH378114","42540924","42541022","chr15","19029702","19029800","15","23511222"
"JH378114","42542660","42542913","chr13","13269656","13269906","45","29273004"
"JH378114","42545059","42545333","chrX","16686015","16686289","12","25859044"
"JH378114","42552256","42552334","chr2","91288454","91288533","11","48736198"
"JH378114","42554627","42554918","chrX","16676379","16676662","26","25878248"
"JH378114","42555771","42556062","chrX","16675222","16675519","25","25880549"
"JH378114","42564903","42565193","chrX","16666224","16666518","20","25898679"
"JH378114","42576613","42576909","chr11","45644827","45645124","43","3068214"
"JH378114","42580236","42580517","chrX","16649604","16649884","20","25930632"
"JH378114","42593657","42593811","chrX","16631335","16631485","13","25962322"
"JH378114","42599255","42599546","chrX","16625624","16625908","27","25973631"
"JH378114","42603476","42603778","chr4","37610360","37610659","46","4993116"
"JH378114","42611459","42611747","chr5","26005294","26005580","48","16606165"
"JH378114","42628763","42629073","chr3","107537084","107537398","63","64908321"
"JH378114","42631820","42632122","chrX","16592042","16592336","24","26039778"
"JH378114","42647589","42647888","chrX","16576065","16576375","42","26071524"
"JH378114","42675468","42675721","chr1","166758837","166759089","37","124083369"
"JH378114","42677098","42677383","chrX","16541082","16541375","28","26136016"
"JH378114","42687679","42687975","chrX","16524586","16524884","20","26163093"
"JH378114","42735860","42736166","chrX","16475474","16475756","33","26260386"
"JH378114","42773488","42773769","chr5","37144684","37144965","49","5628804"
"JH378114","42775698","42775980","chr5","129631424","129631712","42","86855726"
"JH378114","42795909","42796188","chr22","2004031","2004304","41","40791878"
"JH378114","42858990","42859299","chr12","59010901","59011210","42","16151911"
"JH378114","42871076","42871354","chrX","16370695","16370973","21","26500381"
"JH378114","42908945","42909087","chr20","26642024","26642163","27","16266921"
"JH378114","42944703","42944818","chr6","98042971","98043086","12","55098268"
"JH378114","43023537","43023801","chrX","16208965","16209231","20","26814572"
"JH378114","43076798","43077091","chrX","16156214","16156498","24","26920584"
"JH378114","43087575","43087706","chr3","80953948","80954079","20","37866373"
"JH378114","43087732","43087895","chr22","48682029","48682187","22","5594297"
"JH378114","43409050","43409343","chrX","15789752","15790048","21","27619298"
"JH378114","43546403","43546550","chrX","15638601","15638744","18","27907802"
"JH378114","43722620","43722747","chr1","194772737","194772864","6","151050117"
"JH378114","43883573","43883808","chrX","15299024","15299256","15","28584549"
"JH378114","43908209","43908467","chr19","36245022","36245278","45","7663187"
"JH378114","43938899","43939174","chr12","9373723","9374003","47","34565176"
"JH378114","43939195","43939208","chr1","55937517","55937531","2","11998322"
"JH378114","43955778","43956069","chr11","122742264","122742575","62","78786486"
"JH378114","43964666","43964989","chrX","15204231","15204548","28","28760435"
"JH378114","43980681","43980980","chrX","15186685","15186985","22","28793996"
"JH378114","44018586","44018884","chrX","15143332","15143630","16","28875254"
"JH378114","44024997","44025173","chr10","17302293","17302468","22","26722704"
"JH378114","44032905","44033229","chrX","17370680","17370995","61","26662225"
"JH378114","44108366","44108671","chr21","36475803","36476109","46","7632563"
"JH378114","44124308","44124606","chrX","15041134","15041444","32","29083174"
"JH378114","44125753","44125888","chr22","2803275","2803408","14","41322478"
"JH378114","44126205","44126361","chr1","118678764","118678913","38","74552559"
"JH378114","44133457","44133751","chrX","15033017","15033308","19","29100440"
"JH378114","44135625","44135822","chr4","12373618","12373814","37","31762007"
"JH378114","44135846","44135965","chr4","25042834","25042951","11","19093012"
"JH378114","44138582","44138888","chr11","63395579","63395878","47","19256997"
"JH378114","44157254","44157556","chrX","15009581","15009867","34","29147673"
"JH378114","44163379","44163575","chr22","20577163","20577361","23","23586216"
"JH378114","44170888","44171185","chrX","14997412","14997712","31","29173476"
"JH378114","44174245","44174416","chr10","35026802","35026971","28","9147443"
"JH378114","44174721","44174857","chr7","81189251","81189387","25","37014530"
"JH378114","44233620","44233827","chr16","4623646","4623843","29","39609974"
"JH378114","44238680","44238773","chr3","84679217","84679310","8","40440537"
"JH378114","44239818","44240019","chr3","151228935","151229132","35","106989117"
"JH378115","4063179","4063425","chr12","53762074","53762316","44","49698895"
"JH378115","21364707","21364840","chr5","18530655","18530786","7","2834052"
"JH378115","31850401","31850665","chr11","23961902","23962173","50","7888499"
"JH378115","6437","6744","chr4","37962682","37962990","47","37956245"
"JH378115","61377","61706","chr10","63535993","63536309","31","63474616"
"JH378115","121559","121823","chr10","63483169","63483436","24","63361610"
"JH378115","156368","156630","chr6","4056817","4057079","55","3900449"
"JH378115","179499","179802","chr10","63417492","63417775","44","63237993"
"JH378115","483513","483830","chr10","63090339","63090643","31","62606826"
"JH378115","501695","501976","chr4","10192156","10192434","45","9690461"
"JH378115","544826","545095","chr10","63019952","63020210","34","62475126"
"JH378115","674901","675205","chr10","62887807","62888096","33","62212906"
"JH378115","700559","700707","chr2","141218237","141218385","24","140517678"
"JH378115","721052","721286","chr2","16056145","16056377","10","15335093"
"JH378115","724113","724248","chr5","110853162","110853297","18","110129049"
"JH378115","730248","730529","chr10","62840039","62840329","28","62109791"
"JH378115","755006","755279","chr10","79632234","79632504","64","78877228"
"JH378115","841059","841353","chr10","62715119","62715418","21","61874060"
"JH378115","1091900","1092198","chr2","139957395","139957692","44","138865495"
"JH378115","1110336","1110649","chr10","62445401","62445714","28","61335065"
"JH378115","1209106","1209368","chr10","62331756","62332036","32","61122650"
"JH378115","1223815","1223943","chr10","62310683","62310810","6","61086868"
"JH378115","1259498","1259847","chr4","13876438","13876777","78","12616940"
"JH378115","1286385","1286695","chr10","62257435","62257743","26","60971050"
"JH378115","1363798","1363808","chr4","35758460","35758470","0","34394662"
"JH378115","1363836","1364145","chr9","102635536","102635844","52","101271700"
"JH378115","1379117","1379235","chr7","119650207","119650327","24","118271090"
"JH378115","1541053","1541179","chr3","39210041","39210162","12","37668988"
"JH378115","1564352","1564503","chr1","203116394","203116541","27","201552042"
"JH378115","1601841","1602132","chr10","61891021","61891313","33","60289180"
"JH378115","1612938","1613246","chr12","107406818","107407127","42","105793880"
"JH378115","1657699","1657966","chr19","43614417","43614683","35","41956718"
"JH378115","1678547","1678857","chr5","7038666","7038975","56","5360119"
"JH378115","1771017","1771320","chr15","8002745","8003043","46","6231728"
"JH378115","1774495","1774794","chr10","61717737","61718036","14","59943242"
"JH378115","1799764","1800030","chr10","61691431","61691733","54","59891667"
"JH378115","1872373","1872675","chr10","61614997","61615286","31","59742624"
"JH378115","1940061","1940346","chr10","61544988","61545277","24","59604927"
"JH378115","1960582","1960880","chr10","61523565","61523851","27","59562983"
"JH378115","1989516","1989803","chr10","61494223","61494525","30","59504707"
"JH378115","1995589","1995891","chr5","1065224","1065519","52","930365"
"JH378115","2004249","2004557","chr10","61472070","61472361","36","59467821"
"JH378115","2095139","2095430","chr10","61392005","61392289","25","59296866"
"JH378115","2185342","2185536","chr10","61287595","61287783","15","59102253"
"JH378115","2246939","2247248","chr10","61225287","61225580","36","58978348"
"JH378115","2289434","2289734","chr8","86840497","86840790","51","84551063"
"JH378115","2398918","2399227","chr10","61048920","61049228","21","58650002"
"JH378115","2449698","2449982","chr10","60995333","60995634","36","58545635"
"JH378115","2457800","2458081","chr10","60987291","60987578","27","58529491"
"JH378115","2578883","2579024","chr10","60841469","60841610","11","58262586"
"JH378115","2579542","2579855","chr10","60840643","60840951","26","58261101"
"JH378115","2630618","2630908","chr17","26482397","26482693","46","23851779"
"JH378115","2696970","2697279","chr10","60718721","60719032","27","58021751"
"JH378115","2724566","2724855","chr10","60685343","60685632","19","57960777"
"JH378115","2761513","2761806","chr10","60636308","60636601","23","57874795"
"JH378115","2762740","2763037","chr10","60635080","60635355","39","57872340"
"JH378115","2832878","2833120","chr1","203485341","203485567","48","200652463"
"JH378115","2874832","2875127","chr10","60526258","60526556","20","57651426"
"JH378115","2880321","2880448","chr10","60520519","60520648","9","57640198"
"JH378115","2891608","2891897","chr12","151602","151887","46","2740006"
"JH378115","2936244","2936568","chr10","60462694","60462997","54","57526450"
"JH378115","2966618","2966740","chr10","60437130","60437251","3","57470512"
"JH378115","2966786","2966961","chr10","60436935","60437106","13","57470149"
"JH378115","2982721","2982844","chr5","90143659","90143783","18","87160938"
"JH378115","2995580","2995850","chr11","77030101","77030361","57","74034521"
"JH378115","3007596","3007882","chr10","60393902","60394194","33","57386306"
"JH378115","3013670","3013794","chr10","60388047","60388171","8","57374377"
"JH378115","3041772","3041897","chr5","3867237","3867363","8","825465"
"JH378115","3041901","3042235","chr15","31497672","31498008","22","28455771"
"JH378115","3053468","3053549","chr5","111290963","111291034","18","108237495"
"JH378115","3058533","3058673","chr10","60341422","60341562","14","57282889"
"JH378115","3071320","3071451","chr10","60331308","60331434","11","57259988"
"JH378115","3071871","3071983","chr10","60330777","60330888","13","57258906"
"JH378115","3076702","3076826","chr5","8648310","8648434","6","5571608"
"JH378115","3081513","3081809","chr10","60319299","60319587","29","57237786"
"JH378115","3092332","3092616","chr10","60309622","60309910","41","57217290"
"JH378115","3099200","3099492","chr22","40942507","40942800","47","37843307"
"JH378115","3104615","3104750","chr9","39896340","39896473","25","36791725"
"JH378115","3110112","3110415","chr10","60294852","60295153","30","57184740"
"JH378115","3113088","3113378","chr10","60291701","60292000","29","57178613"
"JH378115","3138407","3138706","chr10","60266466","60266761","26","57128059"
"JH378115","3140939","3141030","chr1","150209355","150209442","13","147068416"
"JH378115","3143464","3143636","chr19","21543807","21543983","34","18400343"
"JH378115","3143822","3143968","chr8","71633012","71633156","16","68489190"
"JH378115","3154794","3154876","chr10","60251072","60251155","6","57096278"
"JH378115","3165485","3165790","chr5","4379233","4379531","40","1213748"
"JH378115","3183657","3183959","chr10","60222562","60222862","24","57038905"
"JH378115","3217939","3218227","chr10","60190445","60190733","21","56972506"
"JH378115","3234814","3235105","chr10","60174811","60175111","35","56939997"
"JH378115","3263890","3264160","chr19","18362531","18362799","44","15098641"
"JH378115","3287693","3287981","chr10","60113361","60113649","20","56825668"
"JH378115","3307561","3307714","chr6","112890845","112890978","28","109583284"
"JH378115","3322651","3322948","chr10","60068786","60069086","21","56746135"
"JH378115","3353301","3353556","chr7","50982706","50982963","42","47629405"
"JH378115","3370215","3370505","chr10","60021451","60021744","20","56651236"
"JH378115","3420575","3420867","chr10","59963882","59964186","29","56543307"
"JH378115","3423214","3423502","chr10","59961524","59961814","23","56538310"
"JH378115","3442734","3442880","chr10","59932636","59932798","22","56489902"
"JH378115","3442882","3443184","chr10","59932359","59932634","53","56489477"
"JH378115","3450733","3450865","chr10","59922715","59922859","19","56471982"
"JH378115","3451403","3451535","chr10","59922067","59922199","5","56470664"
"JH378115","3454177","3454476","chr10","59903022","59903322","39","56448845"
"JH378115","3464776","3465065","chr10","59890310","59890599","13","56425534"
"JH378115","3467941","3468073","chr11","107254470","107254600","9","103786529"
"JH378115","3472920","3473224","chr10","59879448","59879745","34","56406528"
"JH378115","3487753","3488059","chr5","60671568","60671876","47","57183815"
"JH378115","3492620","3492817","chr12","35614858","35615063","48","32122238"
"JH378115","3496912","3497192","chr10","59857149","59857431","38","56360237"
"JH378115","3501747","3501937","chr1","174689290","174689478","37","171187543"
"JH378115","3502157","3502447","chr10","59852294","59852557","42","56350137"
"JH378115","3503493","3503566","chr10","59851181","59851260","11","56347688"
"JH378115","3512687","3512968","chr10","59841405","59841705","34","56328718"
"JH378115","3524179","3524310","chr10","59830998","59831132","16","56306819"
"JH378115","3525493","3525609","chr2","28147536","28147639","31","24622043"
"JH378115","3537833","3538005","chr10","59810510","59810667","26","56272677"
"JH378115","3538329","3538465","chr10","59810052","59810188","8","56271723"
"JH378115","3548864","3548981","chr17","54570604","54570723","11","51021740"
"JH378115","3571810","3572101","chr19","12217219","12217515","48","8645409"
"JH378115","3574632","3574930","chr22","6475349","6475647","33","2900717"
"JH378115","3605700","3605832","chr5","64699905","64700035","24","61094205"
"JH378115","3606133","3606268","chr1","202981060","202981197","19","199374927"
"JH378115","3607602","3607781","chr10","59702043","59702220","14","56094441"
"JH378115","3608468","3608741","chr13","50558367","50558646","24","46949899"
"JH378115","3615685","3615990","chr11","121898722","121899023","49","118283037"
"JH378115","3620805","3621130","chr10","59696355","59696668","50","56075550"
"JH378115","3630059","3630194","chr1","108329134","108329268","17","104699075"
"JH378115","3630498","3630675","chr22","41674899","41675072","29","38044401"
"JH378115","3630806","3631083","chr10","59686174","59686454","22","56055368"
"JH378115","3637832","3638095","chr13","75764849","75765112","50","72127017"
"JH378115","3647110","3647401","chr10","59671038","59671325","25","56023928"
"JH378115","3652427","3652726","chr16","45697232","45697534","42","42044805"
"JH378115","3654147","3654450","chr10","59665152","59665449","29","56011005"
"JH378115","3666560","3666856","chr10","59652556","59652856","18","55985996"
"JH378115","3686018","3686309","chr4","38323337","38323632","46","34637319"
"JH378115","3688140","3688426","chr10","59630039","59630325","20","55941899"
"JH378115","3688851","3689019","chr5","125867475","125867640","31","122178624"
"JH378115","3689049","3689173","chr1","108453417","108453541","17","104764368"
"JH378115","3716375","3716641","chr10","59606207","59606470","19","55889832"
"JH378115","3717247","3717376","chr10","59605472","59605603","8","55888225"
"JH378115","3721158","3721472","chr10","59601300","59601589","45","55880142"
"JH378115","3726888","3727176","chr10","59584043","59584329","19","55857155"
"JH378115","3729682","3729992","chr10","59580948","59581256","42","55851266"
"JH378115","3732603","3732917","chr10","59578041","59578355","19","55845438"
"JH378115","3742345","3742619","chr1","73408979","73409241","48","69666634"
"JH378115","3745290","3745547","chr10","59561211","59561461","24","55815921"
"JH378115","3745919","3745977","chr10","59560776","59560839","11","55814857"
"JH378115","3747907","3748231","chr4","134713290","134713616","49","130965383"
"JH378115","3749383","3749641","chr10","59556833","59557095","22","55807450"
"JH378115","3752712","3753003","chr1","16798984","16799277","53","13046272"
"JH378115","3755669","3755966","chr10","59551672","59551968","16","55796003"
"JH378115","3759532","3759786","chr10","59548187","59548449","28","55788655"
"JH378115","3763554","3763683","chr10","59544305","59544432","12","55780751"
"JH378115","3769903","3770130","chr10","59538387","59538603","30","55768484"
"JH378115","3793957","3794074","chr10","59513915","59514032","5","55719958"
"JH378115","3795108","3795419","chr18","10906825","10907136","47","7111717"
"JH378115","3796398","3796532","chr10","59511417","59511545","15","55715019"
"JH378115","3796838","3797010","chr10","59510947","59511117","13","55714109"
"JH378115","3797984","3798166","chr10","59510419","59510601","14","55712435"
"JH378115","3798596","3798728","chr10","59509857","59509984","14","55711261"
"JH378115","3823107","3823387","chr10","59482139","59482413","27","55659032"
"JH378115","3829282","3829577","chr10","59466375","59466688","38","55637093"
"JH378115","3839886","3840175","chr10","59454936","59455235","29","55615050"
"JH378115","3843158","3843283","chr10","59451220","59451345","9","55608062"
"JH378115","3846032","3846194","chr10","59448314","59448482","20","55602282"
"JH378115","3852900","3853013","chr1","121271029","121271136","10","117418129"
"JH378115","3857996","3858259","chr10","59434966","59435238","25","55576970"
"JH378115","3860190","3860324","chr3","142409967","142410098","17","138549777"
"JH378115","3867416","3867721","chr10","59425640","59425948","26","55558224"
"JH378115","3875676","3875973","chr10","59416986","59417284","20","55541310"
"JH378115","3880951","3881230","chr2","153350531","153350819","50","149469580"
"JH378115","3889077","3889379","chr10","59399373","59399675","17","55510296"
"JH378115","3890048","3890198","chr9","12436195","12436344","17","8546147"
"JH378115","3893109","3893241","chr1","185838015","185838147","21","181944906"
"JH378115","3893337","3893453","chr5","110092661","110092776","9","106199324"
"JH378115","3896320","3896602","chr10","59392334","59392619","18","55496014"
"JH378115","3899265","3899435","chr10","59389361","59389534","12","55490096"
"JH378115","3901859","3902157","chr10","59386629","59386926","21","55484770"
"JH378115","3903950","3904246","chr10","59384845","59385139","29","55480895"
"JH378115","3910861","3910993","chr4","80973109","80973242","6","77062248"
"JH378115","3929674","3929804","chr4","21821202","21821331","11","17891528"
"JH378115","3943521","3943813","chr10","59348535","59348814","31","55405014"
"JH378115","3944786","3945085","chr4","54167176","54167467","46","50222390"
"JH378115","3956332","3956590","chr10","59337437","59337696","27","55381105"
"JH378115","3961959","3962136","chr6","51904049","51904226","27","47942090"
"JH378115","3970814","3971103","chr10","59313278","59313568","33","55342464"
"JH378115","3972508","3972781","chr10","59311930","59312203","18","55339422"
"JH378115","3973413","3973686","chr10","59311035","59311310","21","55337622"
"JH378115","3980678","3980970","chr1","87097176","87097472","46","83116498"
"JH378115","3986087","3986193","chrX","39229738","39229837","20","35243651"
"JH378115","3987180","3987405","chr5","127460849","127461074","35","123473669"
"JH378115","3990068","3990386","chr10","59296322","59296622","33","55306254"
"JH378115","3994290","3994583","chr10","59292213","59292509","16","55297923"
"JH378115","3998719","3999040","chr2","34775402","34775715","52","30776683"
"JH378115","4001099","4001236","chr5","75416462","75416597","14","71415363"
"JH378115","4004084","4004369","chr10","59283581","59283876","30","55279497"
"JH378115","4008057","4008148","chr21","29779409","29779500","9","25771352"
"JH378115","4015657","4015893","chr10","59271328","59271564","16","55255671"
"JH378115","4018900","4019081","chr10","59268484","59268661","20","55249584"
"JH378115","4019386","4019523","chr10","59268031","59268166","8","55248645"
"JH378115","4029466","4029657","chr10","59261376","59261576","21","55231910"
"JH378115","4037447","4037793","chr11","73849696","73850021","83","69812249"
"JH378115","4060792","4060923","chr10","59237296","59237428","12","55176504"
"JH378115","4061211","4061289","chr10","59236933","59237005","11","55175722"
"JH378115","4066443","4066529","chr13","59236265","59236353","7","55169822"
"JH378115","4078818","4079088","chr22","31491215","31491486","42","27412397"
"JH378115","4090573","4090752","chr10","59208238","59208402","25","55117665"
"JH378115","4091034","4091162","chr10","59207809","59207935","8","55116775"
"JH378115","4122611","4122918","chr10","59172638","59172943","21","55050027"
"JH378115","4123130","4123395","chr6","12592745","12593008","45","8469615"
"JH378115","4125137","4125429","chr10","59170083","59170389","29","55044946"
"JH378115","4125548","4125867","chr3","20642128","20642432","56","16516580"
"JH378115","4128739","4128862","chr10","59167025","59167148","6","55038286"
"JH378115","4129153","4129291","chr10","59166618","59166730","33","55037465"
"JH378115","4151511","4151811","chr10","59145738","59146040","28","54994227"
"JH378115","4155953","4156234","chr10","59142265","59142546","16","54986312"
"JH378115","4160820","4161061","chr10","59137368","59137622","28","54976548"
"JH378115","4164972","4165273","chr20","32646901","32647198","45","28481929"
"JH378115","4186445","4186739","chr10","59106616","59106910","15","54920171"
"JH378115","4201414","4201584","chr7","56967429","56967601","30","52766015"
"JH378115","4201666","4201859","chr15","4702012","4702206","46","500346"
"JH378115","4205544","4205831","chr12","15256761","15257056","48","11051217"
"JH378115","4213752","4213935","chr1","170169861","170170047","33","165956109"
"JH378115","4221012","4221320","chr6","82090643","82090948","41","77869631"
"JH378115","4223962","4224249","chr10","59066645","59066917","27","54842683"
"JH378115","4231084","4231387","chr10","59059461","59059767","22","54828377"
"JH378115","4240128","4240331","chr4","15439312","15439512","33","11199184"
"JH378115","4249936","4250221","chr8","28755339","28755627","54","24505403"
"JH378115","4254046","4254169","chr6","43501913","43502036","9","39247867"
"JH378115","4255112","4255228","chr1","139014897","139015013","10","134759785"
"JH378115","4256041","4256220","chrX","137509754","137509929","31","133253713"
"JH378115","4266385","4266692","chr10","59000274","59000581","30","54733889"
"JH378115","4281380","4281677","chr12","113840087","113840383","42","109558707"
"JH378115","4283211","4283335","chr22","39664111","39664241","12","35380900"
"JH378115","4283405","4283577","chr5","156805808","156805976","40","152522403"
"JH378115","4284094","4284230","chr1","14549072","14549207","14","10264978"
"JH378115","4284524","4284695","chr10","58981322","58981499","17","54696798"
"JH378115","4297198","4297511","chr10","58968161","58968471","47","54670963"
"JH378115","4298821","4298996","chr10","58966670","58966832","19","54667849"
"JH378115","4299303","4299435","chr10","58966239","58966373","13","54666936"
"JH378115","4300446","4300731","chr10","58965271","58965557","19","54664825"
"JH378115","4313279","4313537","chr7","51579977","51580239","58","47266698"
"JH378115","4314392","4314688","chr10","58952174","58952466","20","54637782"
"JH378115","4316287","4316592","chr5","52958754","52959055","49","48642467"
"JH378115","4316604","4316903","chr5","89213387","89213684","49","84896783"
"JH378115","4318861","4318991","chr10","58947631","58947747","18","54628770"
"JH378115","4323100","4323318","chr10","58944006","58944235","24","54620906"
"JH378115","4326204","4326319","chr1","184688473","184688588","18","180362269"
"JH378115","4326636","4326830","chr10","58940557","58940739","22","54613921"
"JH378115","4327233","4327500","chr10","58939367","58939612","30","54612134"
"JH378115","4327566","4327835","chr10","58939040","58939302","22","54611474"
"JH378115","4329567","4329873","chr10","58936588","58936890","24","54607021"
"JH378115","4333811","4334113","chr10","58933145","58933438","32","54599334"
"JH378115","4341712","4341989","chr5","47979111","47979385","53","43637399"
"JH378115","4358567","4358872","chr1","69089844","69090139","51","64731277"
"JH378115","4359952","4360205","chr19","27286304","27286560","49","22926352"
"JH378115","4363535","4363822","chr10","58910303","58910600","31","54546768"
"JH378115","4369293","4369605","chr10","58905659","58905963","29","54536366"
"JH378115","4375215","4375360","chr12","11160910","11161051","24","6785695"
"JH378115","4387248","4387522","chr10","58891159","58891441","24","54503911"
"JH378115","4390056","4390288","chr5","2386801","2387025","37","2003255"
"JH378115","4394696","4394825","chr7","62713176","62713311","15","58318480"
"JH378115","4395107","4395275","chr10","58875644","58875811","19","54480537"
"JH378115","4395894","4395989","chr20","10892611","10892709","26","6496717"
"JH378115","4396018","4396135","chr12","18567380","18567496","11","14171362"
"JH378115","4400266","4400560","chr10","58870504","58870794","16","54470238"
"JH378115","4400563","4400696","chr10","58870369","58870501","8","54469806"
"JH378115","4404111","4404413","chr10","58863326","58863617","36","54459215"
"JH378115","4407063","4407375","chr18","547232","547545","45","3859831"
"JH378115","4408895","4409193","chr10","58859492","58859778","35","54450597"
"JH378115","4410971","4411097","chr7","66146489","66146615","12","61735518"
"JH378115","4420945","4420999","chr9","111385843","111385894","14","106964898"
"JH378115","4422321","4422452","chr10","58848346","58848477","12","54426025"
"JH378115","4422870","4423150","chr14","83783042","83783328","55","79360172"
"JH378115","4432463","4432659","chr16","32727773","32727962","43","28295310"
"JH378115","4434741","4435053","chr9","108690798","108691100","49","104256057"
"JH378115","4435624","4435921","chr10","58830216","58830511","25","54394592"
"JH378115","4438557","4438686","chr10","58827465","58827594","10","54388908"
"JH378115","4440440","4440811","chr10","58823948","58824307","53","54383508"
"JH378115","4443171","4443272","chr10","58821519","58821620","6","54378348"
"JH378115","4445569","4445873","chr10","58818957","58819252","30","54373388"
"JH378115","4447435","4447560","chr2","67124480","67124599","16","62677045"
"JH378115","4461800","4462080","chr15","24988846","24989141","61","20527046"
"JH378115","4472450","4472734","chr10","58785670","58785962","29","54313220"
"JH378115","4476074","4476237","chr10","58781748","58781914","13","54305674"
"JH378115","4482686","4482811","chr10","58775160","58775288","16","54292474"
"JH378115","4494457","4494761","chr10","58763926","58764220","25","54269469"
"JH378115","4502537","4502637","chr3","116724074","116724176","11","112221537"
"JH378115","4504620","4504945","chr10","58745562","58745868","39","54240942"
"JH378115","4536027","4536308","chr10","58714662","58714937","23","54178635"
"JH378115","4548353","4548457","chr10","58699666","58699770","8","54151313"
"JH378115","4548458","4548546","chr19","17050858","17050946","12","12502400"
"JH378115","4552020","4552200","chr1","91558171","91558353","27","87006151"
"JH378115","4552849","4552965","chr1","184688473","184688588","11","180135624"
"JH378115","4572518","4572802","chr10","58682304","58682587","18","54109786"
"JH378115","4645980","4646104","chr16","71388146","71388270","10","66742166"
"JH378115","4682169","4682319","chr22","33908275","33908425","30","29226106"
"JH378115","4685570","4685871","chr10","58564085","58564384","30","53878515"
"JH378115","4707708","4707790","chr10","58540779","58540858","4","53833071"
"JH378115","4731203","4731380","chr9","115806554","115806731","22","111075351"
"JH378115","4731736","4732039","chr10","58515802","58516097","35","53784066"
"JH378115","4740159","4740464","chr4","164552266","164552566","48","159812107"
"JH378115","4807342","4807623","chr10","28180732","28181012","46","23373390"
"JH378115","4809782","4810034","chr22","47613179","47613423","29","42803397"
"JH378115","4845220","4845539","chr5","41500187","41500508","28","36654967"
"JH378115","4855209","4855495","chr10","58380191","58380480","24","53524982"
"JH378115","4865566","4865872","chr10","58369697","58370001","36","53504131"
"JH378115","4905729","4906032","chr1","66711961","66712262","27","61806232"
"JH378115","4907769","4908057","chr14","60039513","60039795","42","55131744"
"JH378115","4969352","4969467","chr15","96981742","96981857","5","92012390"
"JH378115","5044639","5044958","chr10","58183114","58183412","41","53138475"
"JH378115","5054555","5054836","chr10","58173209","58173500","25","53118654"
"JH378115","5061568","5061871","chr7","89951395","89951694","44","84889827"
"JH378115","5191589","5191874","chr10","58034434","58034716","35","52842845"
"JH378115","5314492","5314790","chr10","57909245","57909548","22","52594753"
"JH378115","5363637","5363752","chr2","132848832","132848948","10","127485195"
"JH378115","5469011","5469292","chr10","57756387","57756679","35","52287376"
"JH378115","5501486","5501718","chr10","57723116","57723349","11","52221630"
"JH378115","5582806","5583097","chr10","57643099","57643390","17","52060293"
"JH378115","5717441","5717742","chr7","59396039","59396346","44","53678598"
"JH378115","5791987","5792280","chr10","57422105","57422407","35","51630118"
"JH378115","5794479","5794770","chr10","57419601","57419902","23","51625122"
"JH378115","5869643","5869945","chr10","57334625","57334925","23","51464982"
"JH378115","5902004","5902347","chr5","79044865","79045183","70","73142861"
"JH378115","5919882","5920224","chr10","57284212","57284549","31","51364330"
"JH378115","5935182","5935476","chr10","57268784","57269073","18","51333602"
"JH378115","5939040","5939331","chr10","57264623","57264894","34","51325583"
"JH378115","5941713","5941863","chr5","84727963","84728119","29","78786250"
"JH378115","5942921","5943048","chr5","83564818","83564944","16","77621897"
"JH378115","5958382","5958650","chr10","57248509","57248766","34","51290127"
"JH378115","5984705","5984832","chr12","51532891","51533023","22","45548186"
"JH378115","6057494","6057654","chr10","57132249","57132409","9","51074755"
"JH378115","6060739","6060860","chr1","146581964","146582086","16","140521225"
"JH378115","6063556","6063721","chr4","21358150","21358314","30","15294594"
"JH378115","6178349","6178480","chr10","56994002","56994132","16","50815653"
"JH378115","6342487","6342774","chr10","56829777","56830060","23","50487290"
"JH378115","6353674","6353950","chr10","56821804","56822079","16","50468130"
"JH378115","6355817","6356121","chr10","56819651","56819935","42","50463834"
"JH378115","6388556","6388781","chr1","34333058","34333277","43","27944502"
"JH378115","6397811","6398083","chr10","56763474","56763769","37","50365663"
"JH378115","6398163","6398191","chr1","23222203","23222229","3","16824040"
"JH378115","6469394","6469672","chr10","56687868","56688148","20","50218474"
"JH378115","6509997","6510174","chrX","137222383","137222560","29","130712386"
"JH378115","6510218","6510344","chr4","151090795","151090919","18","144580577"
"JH378115","6542705","6542989","chr10","56627467","56627751","18","50084762"
"JH378115","6581991","6582287","chr10","56590148","56590442","12","50008157"
"JH378115","6585721","6586024","chr10","56586184","56586472","37","50000463"
"JH378115","6599252","6599532","chr10","56572924","56573205","25","49973672"
"JH378115","6604794","6604842","chr10","56567776","56567824","4","49962982"
"JH378115","6604993","6605195","chr10","56567425","56567627","11","49962432"
"JH378115","6683227","6683524","chr1","172133100","172133390","55","165449873"
"JH378115","6702366","6702682","chr12","28726730","28727036","57","22024364"
"JH378115","6705236","6705543","chr10","56472003","56472301","30","49766767"
"JH378115","6720602","6720774","chr10","56455383","56455544","32","49734781"
"JH378115","6740891","6741171","chr10","56432320","56432595","19","49691429"
"JH378115","6748412","6748708","chr10","56425006","56425312","31","49676594"
"JH378115","6751379","6751506","chr15","5593617","5593740","22","1157762"
"JH378115","6751527","6751689","chr1","206535827","206535988","22","199784300"
"JH378115","6782837","6783122","chr5","72282529","72282815","55","65499692"
"JH378115","6821969","6822247","chr10","56341925","56342199","24","49519956"
"JH378115","6824987","6825280","chr22","17185647","17185939","43","10360660"
"JH378115","6829257","6829536","chr10","56334629","56334914","40","49505372"
"JH378115","6863880","6864042","chr2","36171470","36171622","23","29307590"
"JH378115","6881725","6881986","chr10","56280559","56280838","30","49398834"
"JH378115","6889170","6889477","chr4","88719082","88719363","70","81829912"
"JH378115","6889565","6889590","chr6","117276091","117276115","4","110386526"
"JH378115","6945867","6946054","chr10","56223426","56223621","21","49277559"
"JH378115","6993882","6994005","chr4","126110445","126110567","19","119116563"
"JH378115","6994033","6994187","chr2","31556924","31557077","33","24562891"
"JH378115","7135224","7135522","chr10","55988476","55988764","21","48853252"
"JH378115","7143103","7143407","chr10","55984172","55984476","17","48841069"
"JH378115","7151269","7151599","chr4","100152348","100152654","72","93001079"
"JH378115","7205079","7205337","chr10","55909212","55909476","31","48704133"
"JH378115","7234457","7234753","chr10","55877988","55878292","68","48643531"
"JH378115","7255518","7255621","chr8","53003980","53004078","16","45748462"
"JH378115","7270904","7271197","chr10","55846734","55847027","30","48575830"
"JH378115","7271198","7271366","chr10","55846585","55846733","26","48575387"
"JH378115","7273749","7274053","chr10","55843821","55844116","38","48570072"
"JH378115","7303430","7303661","chr11","11471605","11471833","34","4168175"
"JH378115","7379628","7379929","chr10","55666437","55666712","49","48286809"
"JH378115","7405787","7406088","chr10","55628841","55629146","16","48223054"
"JH378115","7413547","7413820","chr10","55620597","55620865","32","48207050"
"JH378115","7440651","7440944","chr8","687744","688032","45","6752907"
"JH378115","7449561","7449850","chr10","55584219","55584513","23","48134658"
"JH378115","7454730","7455030","chr15","24545436","24545735","46","17090706"
"JH378115","7461503","7461664","chr10","118566523","118566675","29","111105020"
"JH378115","7463720","7464013","chr10","55568531","55568829","36","48104811"
"JH378115","7469153","7469425","chr10","55563157","55563431","13","48094004"
"JH378115","7469426","7469501","chr10","55563081","55563156","5","48093655"
"JH378115","7474682","7474795","chr1","43724758","43724871","7","36250076"
"JH378115","7478631","7478893","chr10","55555082","55555366","41","48076451"
"JH378115","7478907","7479208","chr10","55554761","55555068","25","48075854"
"JH378115","7481311","7481604","chr10","55552405","55552700","21","48071094"
"JH378115","7483544","7483638","chr1","64914240","64914339","15","57430696"
"JH378115","7495765","7496050","chr7","46019243","46019531","59","38523478"
"JH378115","7506966","7507265","chr10","55527275","55527555","34","48020309"
"JH378115","7523546","7523820","chr3","152061796","152062071","50","144538250"
"JH378115","7546738","7547023","chr12","14114978","14115239","56","6568240"
"JH378115","7559220","7559515","chr19","13385808","13386115","50","5826588"
"JH378115","7564662","7564796","chr10","55468574","55468711","12","47903912"
"JH378115","7572975","7573289","chr15","4907376","4907685","46","2665599"
"JH378115","7588706","7588838","chr9","39167271","39167402","10","31578565"
"JH378115","7597294","7597558","chr6","12592745","12593008","44","4995451"
"JH378115","7599941","7600067","chr15","34024416","34024541","10","26424475"
"JH378115","7600953","7601215","chr3","5697987","5698250","45","1902966"
"JH378115","7604091","7604214","chr12","50505478","50505602","7","42901387"
"JH378115","7613525","7613821","chr10","55416838","55417125","24","47803313"
"JH378115","7618074","7618168","chr2","67241372","67241468","12","59623298"
"JH378115","7626336","7626452","chrX","8860296","8860407","9","1233960"
"JH378115","7628250","7628383","chr20","20559680","20559811","10","12931430"
"JH378115","7631762","7632040","chr11","124900563","124900829","50","117268801"
"JH378115","7633513","7633785","chr10","55393946","55394231","32","47760433"
"JH378115","7638359","7638655","chr10","55389138","55389431","19","47750779"
"JH378115","7638756","7638896","chr10","55388597","55388724","19","47749841"
"JH378115","7644187","7644470","chr3","6198096","6198379","48","1446091"
"JH378115","7660091","7660372","chr10","55369839","55370127","33","47709748"
"JH378115","7674653","7674937","chrX","47629409","47629702","52","39954756"
"JH378115","7675538","7675841","chr10","55353279","55353570","41","47677741"
"JH378115","7703359","7703534","chr10","55323742","55323916","26","47620383"
"JH378115","7711255","7711531","chr12","109561775","109562051","42","101850520"
"JH378115","7725105","7725358","chr10","55303376","55303627","21","47578271"
"JH378115","7733700","7734017","chr10","55292667","55292963","36","47558967"
"JH378115","7735670","7735930","chr10","55291019","55291279","17","47555349"
"JH378115","7748830","7749117","chr10","55277745","55278032","35","47528915"
"JH378115","7749835","7750109","chr8","43833892","43834170","54","36084057"
"JH378115","7754258","7754383","chr1","94035003","94035128","5","86280745"
"JH378115","7758425","7758554","chr10","55270299","55270424","12","47511874"
"JH378115","7759333","7759477","chr10","55269077","55269215","11","47509744"
"JH378115","7759485","7759570","chr10","55268984","55269069","6","47509499"
"JH378115","7759896","7760102","chr3","42498412","42498604","50","34738516"
"JH378115","7760269","7760288","chr1","118717949","118717967","1","110957680"
"JH378115","7770543","7770829","chr10","55256380","55256675","27","47485837"
"JH378115","7773456","7773754","chr10","55253420","55253721","28","47479964"
"JH378115","7777300","7777586","chr10","55249911","55250212","37","47472611"
"JH378115","7777608","7777773","chr11","122110544","122110718","37","114332936"
"JH378115","7784242","7784312","chr10","55243294","55243368","11","47459052"
"JH378115","7798251","7798354","chr9","94766767","94766870","15","86968516"
"JH378115","7798660","7798825","chr12","402194","402361","35","7396466"
"JH378115","7801981","7801998","chr5","73662709","73662726","1","65860728"
"JH378115","7802020","7802182","chr10","55227735","55227896","14","47425715"
"JH378115","7802457","7802588","chr10","55226524","55226655","7","47424067"
"JH378115","7810878","7810964","chr10","123748591","123748667","36","115937713"
"JH378115","7811271","7811364","chr5","106346124","106346216","18","98534853"
"JH378115","7811810","7812104","chr6","47210378","47210673","45","39398568"
"JH378115","7812105","7812252","chr10","55217739","55217885","10","47405634"
"JH378115","7813889","7814032","chr2","2103830","2103973","22","5710059"
"JH378115","7822149","7822324","chr10","55208522","55208686","20","47386373"
"JH378115","7834449","7834749","chr10","55193898","55194194","28","47359449"
"JH378115","7838039","7838353","chr10","55190852","55191146","40","47352813"
"JH378115","7840030","7840324","chr10","55188856","55189159","35","47348826"
"JH378115","7843436","7843719","chr7","100879943","100880222","45","93036507"
"JH378115","7845006","7845310","chr5","32889563","32889863","55","25044557"
"JH378115","7865776","7866077","chr10","55176002","55176304","25","47310226"
"JH378115","7867324","7867625","chr5","42857863","42858161","50","34990539"
"JH378115","7879579","7879863","chr10","55161902","55162186","24","47282323"
"JH378115","7887822","7887927","chr10","55153734","55153840","6","47265912"
"JH378115","7926630","7926829","chr11","73840317","73840510","42","65913687"
"JH378115","7932604","7932864","chr2","49328941","49329201","41","41396337"
"JH378115","7933371","7933508","chr1","76044877","76045017","17","68111506"
"JH378115","7945974","7946270","chr10","55099759","55100058","18","47153785"
"JH378115","7969394","7969696","chr10","55075862","55076154","28","47106468"
"JH378115","7982835","7983151","chr10","55060259","55060569","27","47077424"
"JH378115","7994094","7994399","chr10","55046747","55047048","20","47052653"
"JH378115","8005795","8005844","chr22","44157314","44157364","10","36151519"
"JH378115","8045390","8045599","chrX","101749117","101749326","15","93703727"
"JH378115","8109278","8109376","chr3","17768109","17768207","15","9658831"
"JH378115","8156355","8156643","chr10","54890381","54890669","36","46734026"
"JH378115","8159051","8159336","chr10","54887404","54887704","27","46728353"
"JH378115","8172074","8172375","chr10","54869429","54869722","43","46697355"
"JH378115","8218852","8219141","chr10","54823404","54823703","21","46604552"
"JH378115","8224877","8225174","chr11","14123754","14124047","49","5898877"
"JH378115","8225209","8225220","chr3","6837769","6837779","1","1387440"
"JH378115","8242594","8242710","chr10","54799593","54799709","7","46556999"
"JH378115","8242932","8243114","chr11","122778734","122778914","28","114535802"
"JH378115","8293700","8294008","chr1","173583879","173584187","42","165290179"
"JH378115","8316366","8316628","chr10","54723495","54723741","30","46407129"
"JH378115","8350045","8350336","chr10","54679591","54679878","38","46329546"
"JH378115","8425965","8426092","chr10","54580370","54580492","15","46154405"
"JH378115","8530805","8531113","chr15","47150015","47150325","43","38619210"
"JH378115","8542908","8543189","chr10","54461542","54461836","27","45918634"
"JH378115","8572343","8572628","chr10","54429894","54430175","23","45857551"
"JH378115","8690925","8691211","chr20","29473033","29473308","50","20782108"
"JH378115","8727916","8728221","chr10","54252211","54252515","25","45524295"
"JH378115","8809914","8810038","chr18","9109432","9109556","14","299518"
"JH378115","8815405","8815716","chr11","66006071","66006377","44","57190666"
"JH378115","8865085","8865174","chr11","20353781","20353866","15","11488696"
"JH378115","8865220","8865400","chr16","25382349","25382514","41","16517129"
"JH378115","8867392","8867664","chr1","172117982","172118257","54","163250590"
"JH378115","8868734","8868961","chr2","79465378","79465610","45","70596644"
"JH378115","8916363","8916566","chr5","5032042","5032242","37","3884321"
"JH378115","9092053","9092347","chr10","53822867","53823169","29","44730814"
"JH378115","9143611","9143788","chr10","53771322","53771497","20","44627711"
"JH378115","9144625","9144888","chr10","53770235","53770515","38","44625610"
"JH378115","9145964","9146225","chr10","53768903","53769168","31","44622939"
"JH378115","9157246","9157555","chr10","53756142","53756433","30","44598896"
"JH378115","9175208","9175512","chr10","53731576","53731865","50","44556368"
"JH378115","9208709","9208988","chr10","53699108","53699372","31","44490399"
"JH378115","9210880","9211167","chr10","53697271","53697539","36","44486391"
"JH378115","9235381","9235666","chr10","53673934","53674219","18","44438553"
"JH378115","9266243","9266513","chr10","53645166","53645435","32","44378923"
"JH378115","9291005","9291349","chr7","127430341","127430675","70","118139336"
"JH378115","9317400","9317702","chr10","53595955","53596257","19","44278555"
"JH378115","9331465","9331575","chr10","53582226","53582336","6","44250761"
"JH378115","9331703","9331889","chr10","53581908","53582098","19","44250205"
"JH378115","9398643","9398939","chr3","150372936","150373227","43","140974293"
"JH378115","9506453","9506765","chr14","82090080","82090381","62","72583627"
"JH378115","9539619","9539951","chr22","37797954","37798296","71","28258335"
"JH378115","9601618","9601928","chr10","53255412","53255715","26","43653794"
"JH378115","9625824","9626104","chr10","53220606","53220879","38","43594782"
"JH378115","9654437","9654738","chr10","53189840","53190132","29","43535403"
"JH378115","9692850","9693146","chr10","53155670","53155964","27","43462820"
"JH378115","9746593","9746881","chr2","11395207","11395477","55","1648614"
"JH378115","9833317","9833574","chr10","53006334","53006591","23","43173017"
"JH378115","9864836","9865110","chr6","150843126","150843403","44","140978290"
"JH378115","9925409","9925607","chr10","52892002","52892203","24","42966593"
"JH378115","9959610","9959698","chr10","98235716","98235807","12","88276106"
"JH378115","10009458","10009555","chr10","52790977","52791066","16","42781519"
"JH378115","10009613","10009759","chr6","144141644","144141786","28","134132031"
"JH378115","10014319","10014580","chr10","52784765","52785020","25","42770446"
"JH378115","10052564","10052867","chr2","31136493","31136794","55","21083929"
"JH378115","10285603","10285906","chr3","173830366","173830657","55","163544763"
"JH378115","10479514","10479854","chr10","52258168","52258492","62","41778654"
"JH378115","10534766","10535074","chr10","52203604","52203913","33","41668838"
"JH378115","10562029","10562153","chr1","98234722","98234844","8","87672693"
"JH378115","10620240","10620535","chr10","128408712","128409011","45","117788472"
"JH378115","10624009","10624276","chr10","52093860","52094128","21","41469851"
"JH378115","10637322","10637447","chr5","60236128","60236255","19","49598806"
"JH378115","10637475","10637645","chr12","90851290","90851464","30","80213815"
"JH378115","10693609","10693921","chr10","52010933","52011238","36","41317324"
"JH378115","10701525","10701668","chr10","52000661","52000805","18","41299136"
"JH378115","10829067","10829366","chr10","51889404","51889715","24","41060337"
"JH378115","10832347","10832655","chr15","25100626","25100928","51","14268279"
"JH378115","10855328","10855639","chr7","45363549","45363844","56","34508221"
"JH378115","10887048","10887169","chr4","127556202","127556319","19","116669154"
"JH378115","10887205","10887332","chr10","51810793","51810928","15","40923588"
"JH378115","10940718","10940937","chr10","51745128","51745349","30","40804410"
"JH378115","10953896","10954023","chr22","41183040","41183167","14","30229144"
"JH378115","10954058","10954227","chr2","11639149","11639313","29","685091"
"JH378115","11250321","11250640","chr10","51357393","51357702","37","40107072"
"JH378115","11260691","11260996","chr5","38197009","38197311","48","26936318"
"JH378115","11497439","11497726","chr3","186210871","186211156","49","174713432"
"JH378115","11566091","11566369","chr9","106471159","106471443","44","94905068"
"JH378115","11755333","11755664","chr10","50819737","50820062","26","39064404"
"JH378115","11794920","11795192","chr2","17753110","17753390","59","5958190"
"JH378115","12005045","12005221","chr10","50558006","50558175","22","38552961"
"JH378115","12041427","12041723","chr10","50521031","50521324","32","38479604"
"JH378115","12068015","12068294","chr10","50494194","50494467","33","38426179"
"JH378115","12095170","12095508","chr17","63192569","63192902","62","51097399"
"JH378115","12235563","12235845","chr6","46778374","46778658","53","34542811"
"JH378115","12242687","12242971","chrX","18239275","18239559","52","5996588"
"JH378115","12362399","12362573","chr3","111383495","111383670","28","99021096"
"JH378115","12362875","12363004","chr16","83327400","83327532","19","70964525"
"JH378115","12468601","12468751","chrX","83127303","83127453","23","70658702"
"JH378115","12630257","12630534","chr15","25750701","25750960","53","13120444"
"JH378115","12921417","12921708","chr10","49598856","49599144","19","36677439"
"JH378115","13002161","13002288","chr1","135725490","135725617","7","122723329"
"JH378115","13061229","13061542","chr10","49446366","49446664","30","36385137"
"JH378115","13276528","13276721","chr10","49230125","49230318","13","35953597"
"JH378115","13279109","13279431","chr10","49227440","49227768","30","35948331"
"JH378115","13448130","13448403","chr10","49063395","49063690","42","35615265"
"JH378115","13468842","13469154","chr13","18047609","18047918","43","4578767"
"JH378115","13509941","13510228","chr10","49000054","49000340","19","35490113"
"JH378115","13532164","13532475","chr10","48977937","48978239","35","35445773"
"JH378115","13602881","13603110","chr8","8244782","8245008","46","5358099"
"JH378115","13603146","13603242","chr1","174341090","174341172","23","160737944"
"JH378115","13607065","13607376","chr10","48890158","48890464","24","35283093"
"JH378115","13686192","13686351","chr1","191668868","191669025","37","177982676"
"JH378115","13905526","13905656","chr12","50856832","50856963","5","36951306"
"JH378115","13933402","13933699","chr10","48512910","48513206","21","34579508"
"JH378115","14001731","14002046","chr5","60671568","60671876","47","46669837"
"JH378115","14015943","14016226","chr7","79824792","79825073","52","65808849"
"JH378115","14063816","14063946","chr3","142409967","142410098","12","128346151"
"JH378115","14073704","14074015","chr10","48366872","48367168","45","34293168"
"JH378115","14126689","14126989","chr10","48312821","48313125","21","34186132"
"JH378115","14183665","14183891","chr8","14458596","14458802","55","274931"
"JH378115","14184194","14184305","chr7","69285655","69285765","15","55101461"
"JH378115","14184608","14184914","chr9","111354658","111354956","35","97170050"
"JH378115","14196459","14196616","chr10","48243176","48243331","11","34046717"
"JH378115","14196917","14197060","chr10","48242745","48242882","18","34045828"
"JH378115","14220863","14221157","chr10","48218806","48219092","40","33997943"
"JH378115","14222258","14222392","chr10","48217579","48217716","12","33995321"
"JH378115","14222679","14222742","chr6","144470634","144470694","8","130247955"
"JH378115","14223248","14223281","chr15","53285663","53285696","1","39062415"
"JH378115","14223316","14223497","chr10","48217113","48217289","10","33993797"
"JH378115","14228063","14228367","chr16","70523165","70523458","47","56295102"
"JH378115","14232648","14232914","chr2","55614836","55615101","48","41382188"
"JH378115","14254872","14255170","chr10","48182468","48182775","35","33927596"
"JH378115","14268370","14268500","chrUn_GL286409","1135436","1135567","8","13132934"
"JH378115","14269769","14269941","chr12","87017646","87017821","22","72747877"
"JH378115","14270053","14270171","chr22","42942683","42942787","19","28672630"
"JH378115","14273786","14273916","chr1","41581737","41581864","11","27307951"
"JH378115","14288127","14288391","chr10","90503694","90503959","40","76215567"
"JH378115","14316428","14316736","chr8","7783296","7783602","39","6533132"
"JH378115","14359149","14359434","chr10","48079207","48079469","35","33720058"
"JH378115","14379516","14379615","chr10","48043287","48043386","6","33663771"
"JH378115","14392811","14393183","chr2","82640279","82640623","101","68247468"
"JH378115","14399016","14399214","chr10","48025567","48025772","18","33626551"
"JH378115","14412507","14412803","chr10","48012859","48013155","15","33600352"
"JH378115","14421826","14422126","chr10","47996307","47996596","31","33574481"
"JH378115","14467052","14467352","chr10","47932831","47933123","40","33465779"
"JH378115","14546357","14546512","chr5","50938894","50939053","24","36392537"
"JH378115","14677942","14678216","chr22","1807993","1808267","40","12869949"
"JH378115","14687085","14687386","chr4","37491545","37491842","49","22804460"
"JH378115","14694256","14694544","chr10","47645644","47645923","29","32951388"
"JH378115","14719852","14720161","chr5","60671568","60671876","41","45951716"
"JH378115","14741583","14741885","chr4","155902131","155902430","40","141160548"
"JH378115","14779402","14779696","chr5","75322485","75322782","48","60543083"
"JH378115","14782364","14782467","chr6","31155438","31155537","16","16373074"
"JH378115","14786881","14787182","chr10","47545304","47545612","22","32758423"
"JH378115","14810385","14810690","chr10","47523118","47523410","24","32712733"
"JH378115","14824611","14824903","chr10","47504630","47504922","16","32680019"
"JH378115","14919038","14919347","chr10","47405892","47406203","31","32486854"
"JH378115","14928122","14928413","chr6","123850118","123850405","47","108921996"
"JH378115","14928443","14928458","chr6","114942309","114942324","1","100013866"
"JH378115","14941882","14942007","chr1","136860148","136860286","30","121918266"
"JH378115","14952715","14953042","chr5","154190647","154190950","68","139237932"
"JH378115","14974672","14974945","chr5","43708797","43709068","44","28734125"
"JH378115","14998264","14998387","chr10","47327294","47327419","11","32329030"
"JH378115","14998913","14999225","chr4","43468048","43468364","42","28469135"
"JH378115","14999412","14999609","chr10","47326090","47326287","11","32326678"
"JH378115","15005825","15006153","chr10","47319247","47319545","53","32313422"
"JH378115","15028183","15028492","chr7","87007315","87007626","48","71979132"
"JH378115","15032599","15032847","chr10","47294785","47295033","17","32262186"
"JH378115","15036495","15036779","chr19","44653831","44654114","43","29617336"
"JH378115","15051402","15051572","chr1","198550954","198551121","28","183499552"
"JH378115","15051881","15052011","chr10","47273046","47273172","14","32221165"
"JH378115","15052076","15052173","chr11","16210561","16210662","10","1158485"
"JH378115","15053177","15053328","chr22","11330789","11330939","20","3722388"
"JH378115","15081509","15081800","chr10","47244347","47244626","25","32162838"
"JH378115","15128620","15128736","chrX","90575531","90575648","4","75446911"
"JH378115","15150696","15150975","chr10","47183926","47184206","28","32033230"
"JH378115","15179528","15179633","chr2","20609524","20609634","17","5429996"
"JH378115","15188914","15189095","chr9","107417562","107417742","28","92228648"
"JH378115","15231681","15231855","chr10","47107223","47107378","28","31875542"
"JH378115","15231856","15232041","chr10","47107039","47107222","17","31875183"
"JH378115","15232341","15232418","chr22","2323878","2323952","6","12908463"
"JH378115","15232419","15232529","chr18","10786193","10786304","34","4446226"
"JH378115","15233983","15234105","chr10","47104247","47104369","9","31870264"
"JH378115","15249051","15249360","chr9","117423195","117423495","59","102174144"
"JH378115","15259016","15259115","chr7","103623714","103623813","20","88364698"
"JH378115","15259398","15259461","chr7","26141406","26141466","12","10882008"
"JH378115","15269939","15270259","chr10","47063622","47063930","38","31793683"
"JH378115","15270926","15271031","chr9","100516868","100516974","8","85245942"
"JH378115","15279974","15280120","chr4","162203136","162203279","15","146923162"
"JH378115","15280437","15280482","chr12","27608567","27608610","5","12328130"
"JH378115","15280523","15280812","chrX","60758641","60758923","48","45478118"
"JH378115","15302749","15303041","chr2","164006275","164006561","60","148703526"
"JH378115","15303071","15303394","chr6","148264075","148264385","54","132961004"
"JH378115","15309918","15309993","chr22","2323878","2323952","6","12986040"
"JH378115","15317482","15317545","chr8","104140060","104140122","10","88822578"
"JH378115","15329173","15329308","chr9","86159671","86159806","12","70830498"
"JH378115","15329631","15329785","chr10","47005621","47005783","14","31675990"
"JH378115","15332103","15332399","chr10","47003342","47003645","31","31671239"
"JH378115","15333894","15334117","chr15","27271146","27271362","46","11937252"
"JH378115","15340287","15340586","chr7","17605752","17606050","45","2265465"
"JH378115","15345825","15345997","chr5","50455554","50455728","28","35109729"
"JH378115","15346304","15346609","chr10","46991669","46991963","28","31645365"
"JH378115","15350681","15350797","chr5","129887148","129887265","17","114536467"
"JH378115","15350832","15350996","chr7","82288660","82288832","35","66937828"
"JH378115","15353252","15353547","chrX","40346855","40347143","46","24993603"
"JH378115","15364112","15364419","chr10","46973214","46973529","33","31609102"
"JH378115","15365721","15365805","chr1","166806139","166806222","21","151440418"
"JH378115","15366116","15366305","chr10","17570888","17571087","38","2204772"
"JH378115","15392946","15393181","chr19","11493437","11493671","33","3899509"
"JH378115","15414163","15414442","chr10","46922636","46922926","53","31508473"
"JH378115","15423245","15423536","chr10","46915218","46915499","29","31491973"
"JH378115","15425153","15425460","chr3","28257599","28257900","46","12832446"
"JH378115","15428174","15428338","chr10","17502221","17502387","26","2074047"
"JH378115","15466019","15466135","chr2","7297625","7297742","9","8168394"
"JH378115","15473136","15473270","chr2","93059324","93059456","7","77586188"
"JH378115","15476657","15476789","chr10","46870465","46870598","10","31393808"
"JH378115","15476790","15477106","chr10","46869834","46870153","26","31393044"
"JH378115","15477107","15477270","chr10","46869662","46869833","17","31392555"
"JH378115","15478029","15478156","chr18","3833158","3833286","6","11644871"
"JH378115","15487126","15487419","chr8","71579976","71580267","40","56092850"
"JH378115","15492993","15493158","chr10","46852996","46853162","22","31360003"
"JH378115","15493442","15493587","chr10","46852566","46852709","12","31359124"
"JH378115","15495057","15495257","chr2","135546471","135546656","55","120051414"
"JH378115","15495282","15495295","chr4","120003253","120003264","2","104507971"
"JH378115","15497089","15497195","chr10","4488468","4488573","11","11008621"
"JH378115","15500961","15501276","chr10","46845449","46845762","24","31344488"
"JH378115","15515658","15515841","chr2","57434072","57434255","27","41918414"
"JH378115","15522049","15522314","chr10","46824297","46824565","23","31302248"
"JH378115","15533888","15534193","chr2","13714143","13714444","45","1819745"
"JH378115","15538558","15538854","chr10","46809125","46809420","16","31270567"
"JH378115","15541725","15541855","chr8","107774576","107774707","11","92232851"
"JH378115","15542096","15542272","chr10","46806335","46806510","12","31264239"
"JH378115","15542304","15542579","chrX","17267252","17267530","46","1724948"
"JH378115","15542580","15542713","chr10","46805622","46805760","16","31263042"
"JH378115","15547640","15547949","chr10","46797850","46798161","21","31250210"
"JH378115","15549680","15549982","chr10","46794965","46795257","28","31245285"
"JH378115","15569314","15569489","chr10","46768961","46769122","23","31199647"
"JH378115","15569773","15569883","chr10","46768540","46768668","19","31198767"
"JH378115","15580704","15580959","chr10","46754284","46754559","34","31173580"
"JH378115","15591306","15591594","chr10","46742959","46743250","23","31151653"
"JH378115","15613892","15614149","chr4","13937821","13938080","37","1676071"
"JH378115","15614150","15614320","chrX","62875658","62875829","19","47261508"
"JH378115","15619543","15619656","chr2","127912651","127912764","11","112293108"
"JH378115","15684923","15685176","chr10","46642294","46642554","30","30957371"
"JH378115","15703830","15704052","chr11","118058674","118058884","46","102354844"
"JH378115","15704364","15704473","chr1","121166312","121166422","15","105461948"
"JH378115","15909618","15909907","chr10","46409364","46409661","25","30499746"
"JH378115","15928782","15929073","chr10","46390024","46390318","21","30461242"
"JH378115","15940369","15940666","chr10","46377533","46377829","24","30437164"
"JH378115","15976887","15977162","chr10","46339612","46339889","36","30362725"
"JH378115","16055107","16055414","chr15","70742583","70742884","53","54687476"
"JH378115","16056274","16056375","chr9","103935277","103935383","14","87879003"
"JH378115","16072632","16072944","chr10","46234696","46235000","33","30162064"
"JH378115","16096537","16096798","chr10","46194935","46195203","25","30098398"
"JH378115","16334703","16334989","chr2","1155355","1155640","43","15179348"
"JH378115","16404004","16404297","chr9","7195510","7195798","56","9208494"
"JH378115","16408381","16408672","chr2","56130845","56131140","42","39722464"
"JH378115","16434566","16434698","chr9","92026800","92026932","9","75592234"
"JH378115","16454380","16454521","chr3","140813847","140813982","20","124359467"
"JH378115","16457896","16458197","chr10","45751646","45751952","29","29293750"
"JH378115","16467762","16468097","chr7","120834204","120834534","43","104366442"
"JH378115","16475721","16476000","chr7","152537435","152537719","51","136061714"
"JH378115","16487031","16487335","chr10","45721433","45721725","39","29234402"
"JH378115","16487975","16488085","chr14","108713647","108713762","17","92225672"
"JH378115","16491177","16491460","chr10","45717595","45717890","27","29226418"
"JH378115","16500788","16500913","chrX","68935498","68935625","11","52434710"
"JH378115","16502564","16502675","chrX","8860296","8860407","8","7642268"
"JH378115","16557139","16557184","chr1","76939672","76939716","10","60382533"
"JH378115","16558872","16559173","chr10","45650317","45650618","22","29091445"
"JH378115","16561568","16561736","chr10","45647058","45647223","10","29085490"
"JH378115","16573516","16573542","chr2","180867059","180867084","5","164293543"
"JH378115","16573579","16573652","chr22","31641582","31641656","18","15068003"
"JH378115","16582299","16582606","chr10","45627434","45627735","31","29045135"
"JH378115","16593302","16593625","chr10","45616331","45616648","25","29023029"
"JH378115","16613862","16614155","chr10","45592828","45593114","26","28978966"
"JH378115","16615910","16616208","chr10","45590493","45590771","43","28974583"
"JH378115","16617113","16617423","chr10","45589268","45589575","24","28972155"
"JH378115","16635096","16635392","chr10","45570279","45570574","38","28935183"
"JH378115","16650401","16650704","chr7","57646345","57646641","51","40995944"
"JH378115","16651050","16651213","chr10","45554832","45554998","12","28903782"
"JH378115","16651900","16652008","chrX","82965702","82965808","15","66313802"
"JH378115","16653555","16653733","chr10","45552377","45552553","15","28898822"
"JH378115","16670159","16670440","chr10","45535224","45535504","29","28865065"
"JH378115","16685383","16685674","chr22","15790489","15790779","40","894894"
"JH378115","16689825","16690114","chr10","45516238","45516530","27","28826413"
"JH378115","16695565","16695866","chr10","45511243","45511532","39","28815678"
"JH378115","16704279","16704469","chr6","149585040","149585231","31","132880761"
"JH378115","16705225","16705506","chr1","186087332","186087609","49","169382107"
"JH378115","16713247","16713370","chr10","45493131","45493255","10","28779884"
"JH378115","16717508","16717819","chr10","45488087","45488392","26","28770579"
"JH378115","16719557","16719621","chr1","181425537","181425595","18","164705980"
"JH378115","16719755","16719837","chr7","34026600","34026681","18","17306845"
"JH378115","16722994","16723118","chr2","153248143","153248270","7","136525149"
"JH378115","16723894","16724071","chr13","106166809","106166986","23","89442915"
"JH378115","16725259","16725390","chr21","47426023","47426144","16","30700764"
"JH378115","16725465","16725659","chr10","45480899","45481093","8","28755434"
"JH378115","16733097","16733281","chr2","13519817","13520006","37","3213280"
"JH378115","16735899","16736056","chr10","45470894","45471060","20","28734995"
"JH378115","16738232","16738300","chr2","72499933","72500000","13","55761701"
"JH378115","16738855","16739135","chr10","45468129","45468408","18","28729274"
"JH378115","16741197","16741386","chr9","2312021","2312201","41","14429176"
"JH378115","16744373","16744477","chr10","45461249","45461353","3","28716876"
"JH378115","16754667","16754789","chr10","34430933","34431055","14","17676266"
"JH378115","16760742","16760871","chr5","106416511","106416638","7","89655769"
"JH378115","16762738","16762823","chr5","81905221","81905302","16","65142483"
"JH378115","16767727","16767862","chr10","45441465","45441601","6","28673738"
"JH378115","16767864","16768179","chr10","45441153","45441464","36","28673289"
"JH378115","16770136","16770295","chrX","117832335","117832494","11","101062199"
"JH378115","16780426","16780528","chr5","30723254","30723356","12","13942828"
"JH378115","16781057","16781341","chr12","22013147","22013434","43","5232090"
"JH378115","16792611","16792728","chr6","123143068","123143189","11","106350457"
"JH378115","16792763","16793074","chr10","45417713","45418012","40","28624950"
"JH378115","16793402","16793502","chr7","31762859","31762950","32","14969457"
"JH378115","16796822","16797139","chr10","45414100","45414410","59","28617278"
"JH378115","16797716","16797990","chr10","21752904","21753174","50","4955188"
"JH378115","16801185","16801470","chr10","45409039","45409311","36","28607854"
"JH378115","16802233","16802483","chr14","35910514","35910785","67","19108281"
"JH378115","16807635","16807758","chr18","1283899","1284021","26","15523736"
"JH378115","16808174","16808298","chr5","152624723","152624853","13","135816549"
"JH378115","16811570","16811875","chr1","187554280","187554590","67","170742710"
"JH378115","16815386","16815500","chr2","163914760","163914873","14","147099374"
"JH378115","16831845","16831951","chr10","45380927","45381033","0","28549082"
"JH378115","16835509","16835785","chr10","45376285","45376576","52","28540776"
"JH378115","16835839","16835953","chr10","102998573","102998688","11","86162734"
"JH378115","16856074","16856187","chr13","90135818","90135932","7","73279744"
"JH378115","16870806","16870918","chr16","87523045","87523157","9","70652239"
"JH378115","16870920","16871229","chr10","45339784","45340078","28","28468864"
"JH378115","16879123","16879434","chr13","22421050","22421356","54","5541927"
"JH378115","16900193","16900323","chr12","79381320","79381451","7","62481127"
"JH378115","16926786","16927075","chr20","38660614","38660906","37","21733828"
"JH378115","16929725","16929853","chr6","149323223","149323350","6","132393498"
"JH378115","16931072","16931277","chr12","49238382","49238588","46","32307310"
"JH378115","16939701","16940029","chr16","22542381","22542709","53","5602680"
"JH378115","16941322","16941592","chr5","128523504","128523773","39","111582182"
"JH378115","16992840","16993147","chr10","45225306","45225609","27","28232466"
"JH378115","17047980","17048085","chr17","7111943","7112048","21","9936037"
"JH378115","17050583","17050667","chr10","45168304","45168387","7","28117721"
"JH378115","17051451","17051577","chr7","145571626","145571753","13","128520175"
"JH378115","17065742","17066011","chr10","45155016","45155308","36","28089274"
"JH378115","17071629","17071929","chr10","45143765","45144065","23","28072136"
"JH378115","17074182","17074472","chr2","145437197","145437492","42","128363015"
"JH378115","17092012","17092312","chr10","45112209","45112492","40","28020197"
"JH378115","17096335","17096629","chr10","45107371","45107661","23","28011036"
"JH378115","17106571","17106869","chr10","45097347","45097639","25","27990776"
"JH378115","17138875","17139159","chr9","7195510","7195798","39","9943365"
"JH378115","17140321","17140616","chr10","45064471","45064787","38","27924150"
"JH378115","17150625","17150800","chr11","30003640","30003815","32","12853015"
"JH378115","17151217","17151367","chr10","48144468","48144609","24","30993251"
"JH378115","17167700","17167990","chr11","83343947","83344245","47","66176247"
"JH378115","17175807","17176118","chr10","45015277","45015586","21","27839470"
"JH378115","17186719","17186842","chr3","190152975","190153101","13","172966256"
"JH378115","17208533","17208754","chr11","60713520","60713741","20","43504987"
"JH378115","17254902","17255180","chr6","13304991","13305266","14","3949911"
"JH378115","17289085","17289151","chr10","84088989","84089045","15","66799904"
"JH378115","17289197","17289440","chr10","84089091","84089332","23","66799894"
"JH378115","17297970","17298278","chr10","84097782","84098076","43","66799812"
"JH378115","17310143","17310301","chr10","84109933","84110096","15","66799790"
"JH378115","17312329","17312641","chr10","84111800","84112095","34","66799471"
"JH378115","17335425","17335542","chr11","69781814","69781931","16","52446389"
"JH378115","17335849","17336051","chr5","57435085","57435294","40","40099236"
"JH378115","17359773","17360058","chr10","84159308","84159598","45","66799535"
"JH378115","17453877","17454125","chr10","84255155","84255406","11","66801278"
"JH378115","17518033","17518286","chr10","84320844","84321084","22","66802811"
"JH378115","17580833","17581140","chr10","84377425","84377725","31","66796592"
"JH378115","17661173","17661364","chr11","113577953","113578140","29","95916780"
"JH378115","17678459","17678598","chr10","84469700","84469839","5","66791241"
"JH378115","17690886","17690989","chr9","100516868","100516974","8","82825982"
"JH378115","17700568","17700872","chr10","84499642","84499944","17","66799074"
"JH378115","17712485","17712768","chr7","22678352","22678637","41","4965867"
"JH378115","17721222","17721420","chr3","151786053","151786249","43","134064831"
"JH378115","17721453","17721471","chr15","65390286","65390302","2","47668833"
"JH378115","17764192","17764473","chr10","84557779","84558060","23","66793587"
"JH378115","17781132","17781410","chr1","13019210","13019487","44","4761922"
"JH378115","17794929","17795234","chr10","84591627","84591932","19","66796698"
"JH378115","17799166","17799454","chr10","84595548","84595840","19","66796382"
"JH378115","17898675","17898968","chr10","84711407","84711698","30","66812732"
"JH378115","17975439","17975722","chr10","84789529","84789812","15","66814090"
"JH378115","17988813","17989131","chr10","84801785","84802103","19","66812972"
"JH378115","18010074","18010244","chr12","106775910","106776077","37","88765836"
"JH378115","18010578","18010713","chr7","60449858","60449993","18","42439280"
"JH378115","18098604","18098898","chr10","84927093","84927387","20","66828489"
"JH378115","18107096","18107355","chr10","84935256","84935512","22","66828160"
"JH378115","18170499","18170784","chr10","84990001","84990300","32","66819502"
"JH378115","18221396","18221697","chr10","85051848","85052135","32","66830452"
"JH378115","18226007","18226187","chr10","85056394","85056572","14","66830387"
"JH378115","18273046","18273333","chr12","82494417","82494695","51","64221371"
"JH378115","18280777","18281096","chr10","85109283","85109579","38","66828506"
"JH378115","18303866","18304006","chr10","85146375","85146512","10","66842509"
"JH378115","18370274","18370405","chr10","22933912","22934040","28","4563638"
"JH378115","18370707","18370868","chr1","71624181","71624342","30","53253474"
"JH378115","18377358","18377672","chr10","85224019","85224336","27","66846661"
"JH378115","18440650","18440962","chr10","85297021","85297324","29","66856371"
"JH378115","18637216","18637493","chr10","85578294","85578592","33","66941078"
"JH378115","18642915","18643193","chr10","85583903","85584182","17","66940988"
"JH378115","18658207","18658484","chr10","85595998","85596277","16","66937791"
"JH378115","18679383","18679532","chr16","53564725","53564873","23","34885342"
"JH378115","18679636","18679801","chr5","116648130","116648297","27","97968494"
"JH378115","18681498","18681798","chr10","85623840","85624154","35","66942342"
"JH378115","18727694","18727994","chr10","85671228","85671527","16","66943534"
"JH378115","18749709","18750037","chr11","116122402","116122721","74","97372693"
"JH378115","18750607","18750741","chr8","95782453","95782588","19","77031846"
"JH378115","18751031","18751225","chr10","85693548","85693724","29","66942517"
"JH378115","18754470","18754683","chr10","85696978","85697181","17","66942508"
"JH378115","18756441","18756726","chr10","85700703","85700997","21","66944262"
"JH378115","18765891","18766208","chr9","58255357","58255668","57","39489466"
"JH378115","18769268","18769304","chr15","24626428","24626461","3","5857160"
"JH378115","18770018","18770171","chr10","85717802","85717955","9","66947784"
"JH378115","18770481","18770615","chr10","85718263","85718397","8","66947782"
"JH378115","18783369","18783639","chr6","153268365","153268637","43","134484996"
"JH378115","18804179","18804489","chr10","85753306","85753608","23","66949127"
"JH378115","18818043","18818174","chr8","107774576","107774707","10","88956533"
"JH378115","18828286","18828535","chr10","85777887","85778138","23","66949601"
"JH378115","18829750","18830051","chr10","85779371","85779667","24","66949621"
"JH378115","18832561","18832845","chr10","85782119","85782402","30","66949558"
"JH378115","18848565","18848819","chr19","45212507","45212751","47","26363942"
"JH378115","18902596","18902725","chr8","32541529","32541658","9","13638933"
"JH378115","18962108","18962400","chr10","85921801","85922112","35","66959693"
"JH378115","19013157","19013349","chr10","85977221","85977410","14","66964064"
"JH378115","19057750","19058015","chr10","86033349","86033613","16","66975599"
"JH378115","19064808","19064924","chr10","86040425","86040542","7","66975617"
"JH378115","19078497","19078655","chr10","86053672","86053828","17","66975175"
"JH378115","19118763","19118861","chr10","86093191","86093289","3","66974428"
"JH378115","19165416","19165685","chr10","86148052","86148329","30","66982636"
"JH378115","19174331","19174644","chr10","86156895","86157210","23","66982564"
"JH378115","19190899","19191202","chr10","86182143","86182435","29","66991244"
"JH378115","19224746","19225046","chr10","86216119","86216414","31","66991373"
"JH378115","19245345","19245483","chr10","86238456","86238595","9","66993111"
"JH378115","19246030","19246175","chr2","65011647","65011793","26","45765617"
"JH378115","19256103","19256401","chr10","86249373","86249663","29","66993270"
"JH378115","19257747","19258058","chr7","87007315","87007626","43","67749568"
"JH378115","19282119","19282426","chr19","24504766","24505073","44","5222647"
"JH378115","19335441","19335752","chr8","32940193","32940502","43","13604752"
"JH378115","19365193","19365342","chr22","15888910","15889060","17","3476283"
"JH378115","19395498","19395761","chr10","86392560","86392820","18","66997062"
"JH378115","19445488","19445627","chr10","86442075","86442214","7","66996587"
"JH378115","19456010","19456099","chr10","86452143","86452228","7","66996133"
"JH378115","19495360","19495632","chr10","86496280","86496535","35","67000920"
"JH378115","19495658","19495952","chr10","86496561","86496858","27","67000903"
"JH378115","19628014","19628290","chr8","70864992","70865264","52","51236978"
"JH378115","19632461","19632752","chr10","86630518","86630815","26","66998057"
"JH378115","19634691","19634978","chr5","157852667","157852955","42","138217976"
"JH378115","19726233","19726354","chr10","86727294","86727416","13","67001061"
"JH378115","19754102","19754360","chr10","86755120","86755379","16","67001018"
"JH378115","19765789","19765925","chr10","86766209","86766341","17","67000420"
"JH378115","19778807","19778922","chr10","86778835","86778953","11","67000028"
"JH378115","19779637","19779805","chr10","86779645","86779796","22","67000008"
"JH378115","19801810","19801868","chr5","112278193","112278251","11","92476383"
"JH378115","19801869","19802004","chr7","81189251","81189387","17","61387382"
"JH378115","19802306","19802316","chr1","171738981","171738992","3","151936675"
"JH378115","19802613","19802785","chr10","86810104","86810268","21","67007491"
"JH378115","19820533","19820828","chr10","86823880","86824174","15","67003347"
"JH378115","19826658","19826940","chr7","17168920","17169205","51","2657738"
"JH378115","19842907","19843212","chr10","86848162","86848461","33","67005255"
"JH378115","19860836","19861146","chr2","139957395","139957692","59","120096559"
"JH378115","19897371","19897381","chr1","92404850","92404861","2","72507479"
"JH378115","19897402","19897682","chr7","32886449","32886731","42","12989047"
"JH378115","19926409","19926694","chr10","86947340","86947621","22","67020931"
"JH378115","19935293","19935593","chr2","7452619","7452922","57","12482674"
"JH378115","20064856","20064991","chr5","100080028","100080163","14","80015172"
"JH378115","20065271","20065449","chr10","87090461","87090633","22","67025190"
"JH378115","20071351","20071638","chr10","87096534","87096821","23","67025183"
"JH378115","20098974","20099280","chr10","87124357","87124655","28","67025383"
"JH378115","20336798","20336920","chr22","42279221","42279338","20","21942423"
"JH378115","20402001","20402217","chr10","87440578","87440799","19","67038577"
"JH378115","20465345","20465667","chr6","130067994","130068313","60","109602649"
"JH378115","20470045","20470196","chr1","140153804","140153952","27","119683759"
"JH378115","20538474","20538761","chr10","87491975","87492276","46","66953501"
"JH378115","20539544","20539823","chr14","96972387","96972667","52","76432843"
"JH378115","20570345","20570522","chr9","45389708","45389883","35","24819363"
"JH378115","20707905","20708022","chr5","129563212","129563330","10","108855307"
"JH378115","20710602","20710903","chr10","87662531","87662830","31","66951929"
"JH378115","20713677","20713959","chr10","87665621","87665920","34","66951944"
"JH378115","20729620","20729833","chr1","122037477","122037683","35","101307857"
"JH378115","21029332","21029614","chr5","97181134","97181423","47","76151802"
"JH378115","21063235","21063508","chr9","12252302","12252575","45","8810933"
"JH378115","21119626","21119917","chr5","139340930","139341218","51","118221304"
"JH378115","21141549","21141754","chr10","88072822","88073027","9","66931273"
"JH378115","21185253","21185559","chr10","88110452","88110751","27","66925199"
"JH378115","21231995","21232275","chr2","35959851","35960136","41","14727856"
"JH378115","21316259","21316557","chr10","88237958","88238260","33","66921699"
"JH378115","21316915","21317224","chr1","192064155","192064466","48","170747240"
"JH378115","21344330","21344612","chr10","88269773","88270048","26","66925443"
"JH378115","21353292","21353598","chr18","18631364","18631660","54","2721928"
"JH378115","21355932","21356048","chr12","17717614","17717728","23","3638318"
"JH378115","21359069","21359368","chr2","56130845","56131140","37","34771776"
"JH378115","21361067","21361370","chr10","88286321","88286624","21","66925254"
"JH378115","21371818","21372117","chr10","88296547","88296842","30","66924729"
"JH378115","21374117","21374213","chr5","44886587","44886680","21","23512470"
"JH378115","21380366","21380676","chr5","113499683","113499988","41","92119317"
"JH378115","21459951","21460266","chr12","90640982","90641292","46","69181031"
"JH378115","21470560","21470880","chrX","5897720","5898032","56","15572840"
"JH378115","21476626","21476926","chr4","38053211","38053510","50","16576585"
"JH378115","21478528","21478633","chr10","105755351","105755456","5","84276823"
"JH378115","21481047","21481344","chr10","88413303","88413598","22","66932256"
"JH378115","21489398","21489706","chr12","22167563","22167865","47","678165"
"JH378115","21494509","21494793","chr6","101521781","101522067","58","80027272"
"JH378115","21497473","21497634","chr10","88429486","88429657","19","66932013"
"JH378115","21509287","21509592","chr10","88441467","88441774","22","66932180"
"JH378115","21523978","21524218","chr8","94188608","94188846","37","72664630"
"JH378115","21543422","21543702","chr2","35477672","35477953","41","13934250"
"JH378115","21544035","21544117","chr7","59170944","59171025","18","37626909"
"JH378115","21544426","21544599","chr2","79294580","79294744","38","57750154"
"JH378115","21545893","21546241","chr5","83952139","83952481","64","62406246"
"JH378115","21551001","21551032","chr6","124216537","124216569","1","102665536"
"JH378115","21559203","21559438","chr2","79465378","79465610","38","57906175"
"JH378115","21559926","21560222","chr10","88496056","88496350","15","66936130"
"JH378115","21565041","21565216","chr10","117661843","117662015","34","96096802"
"JH378115","21565523","21565639","chr10","122108686","122108800","16","100543163"
"JH378115","21567864","21568178","chr9","37955556","37955862","51","16387692"
"JH378115","21591896","21592117","chr5","84972762","84972986","43","63380866"
"JH378115","21596613","21596743","chr7","66183686","66183815","13","44587073"
"JH378115","21604798","21604910","chr2","20609524","20609634","14","995274"
"JH378115","21605050","21605350","chr10","88539298","88539575","34","66934248"
"JH378115","21605581","21605757","chr10","88539820","88539974","32","66934239"
"JH378115","21606206","21606350","chr22","1220534","1220679","27","20385672"
"JH378115","21606647","21606813","chr5","106884185","106884345","32","85277538"
"JH378115","21607428","21607742","chr10","88541341","88541650","26","66933913"
"JH378115","21611631","21611791","chr10","88545272","88545424","15","66933641"
"JH378115","21612088","21612217","chr5","121250169","121250295","7","99638081"
"JH378115","21615665","21615950","chr10","88549474","88549757","22","66933809"
"JH378115","21616869","21616958","chr2","13808793","13808873","21","7808076"
"JH378115","21627431","21627548","chr16","18984904","18985021","11","2642527"
"JH378115","21627576","21627760","chr8","27654962","27655146","37","6027386"
"JH378115","21635107","21635388","chr6","144449316","144449602","44","122814209"
"JH378115","21639367","21639550","chr18","25325710","25325884","34","3686343"
"JH378115","21641239","21641554","chr10","88578874","88579185","34","66937635"
"JH378115","21644091","21644377","chr10","88580754","88581048","33","66936663"
"JH378115","21659412","21659687","chr5","23633773","23634048","49","1974361"
"JH378115","21662177","21662250","chr5","82508267","82508343","15","60846090"
"JH378115","21662758","21663022","chr11","66552753","66553010","39","44889995"
"JH378115","21670064","21670192","chr4","122945158","122945283","11","101275094"
"JH378115","21670928","21671226","chr17","26482397","26482693","44","4811469"
"JH378115","21683480","21683588","chr3","83724263","83724371","16","62040783"
"JH378115","21688349","21688463","chr12","608648","608761","8","21079701"
"JH378115","21706604","21706708","chr6","119043887","119043988","16","97337283"
"JH378115","21708154","21708280","chr11","118639658","118639783","15","96931504"
"JH378115","21708375","21708510","chr10","88634745","88634880","14","66926370"
"JH378115","21710199","21710322","chr11","65534787","65534910","6","43824588"
"JH378115","21711450","21711684","chr10","88637709","88637924","39","66926259"
"JH378115","21717829","21717963","chr10","88644817","88644951","12","66926988"
"JH378115","21730130","21730197","chr22","35799387","35799441","21","14069257"
"JH378115","21730426","21730553","chr10","74483167","74483295","6","52752741"
"JH378115","21731319","21731435","chr4","160028449","160028566","19","138297130"
"JH378115","21743494","21743787","chr10","88662392","88662687","22","66918898"
"JH378115","21754024","21754315","chr10","88673979","88674279","32","66919955"
"JH378115","21754402","21754504","chr10","92667903","92668006","8","70913501"
"JH378115","21769732","21769889","chr10","88690476","88690626","20","66920744"
"JH378115","21775187","21775317","chr3","188456862","188456991","7","166681675"
"JH378115","21779064","21779185","chr4","58045593","58045714","15","36266529"
"JH378115","21784029","21784349","chr10","88706216","88706513","39","66922187"
"JH378115","21797523","21797814","chr10","88727599","88727890","16","66930076"
"JH378115","21810351","21810654","chr10","88735504","88735803","29","66925153"
"JH378115","21813018","21813308","chr2","171409466","171409757","39","149596448"
"JH378115","21814473","21814648","chr10","88741251","88741421","13","66926778"
"JH378115","21814920","21815053","chr1","129861670","129861799","16","108046750"
"JH378115","21826817","21827002","chr2","6355691","6355866","33","15471126"
"JH378115","21827329","21827452","chr10","36073467","36073585","22","14246138"
"JH378115","21836954","21837059","chr10","88756747","88756851","5","66919793"
"JH378115","21837075","21837180","chr19","18089075","18089173","32","3748000"
"JH378115","21837211","21837375","chr1","61060975","61061143","21","39223764"
"JH378115","21874359","21874515","chrUn_GL286373","419402","419560","22","21454957"
"JH378115","21874815","21874948","chr7","66082412","66082547","15","44207597"
"JH378115","21889733","21890014","chr10","88804313","88804594","29","66914580"
"JH378115","21927924","21928225","chrX","45579634","45579937","47","23651710"
"JH378115","21930971","21931277","chr10","88846849","88847156","28","66915878"
"JH378115","21934250","21934549","chr10","88850949","88851248","17","66916699"
"JH378115","21961407","21961705","chr16","66777059","66777361","35","44815652"
"JH378115","21962847","21962895","chr10","88877406","88877454","0","66914559"
"JH378115","21994445","21994746","chr4","21245247","21245548","50","749198"
"JH378115","21998126","21998403","chr10","88912204","88912477","25","66914078"
"JH378115","21999677","21999969","chr10","88913741","88914043","25","66914064"
"JH378115","22001449","22001639","chr10","88915229","88915419","12","66913780"
"JH378115","22096075","22096266","chr10","89009022","89009220","29","66912947"
"JH378115","22097789","22098092","chr10","89011150","89011447","23","66913361"
"JH378115","22147044","22147325","chr10","89059236","89059542","51","66912192"
"JH378115","22152152","22152279","chr9","72619402","72619525","12","50467250"
"JH378115","22155947","22156240","chr10","89067110","89067409","30","66911163"
"JH378115","22162965","22163260","chr9","111354658","111354956","48","89191693"
"JH378115","22165959","22166238","chr10","89076431","89076734","39","66910472"
"JH378115","22169481","22169784","chr7","29864718","29865024","40","7695237"
"JH378115","22178385","22178523","chr10","86238456","86238595","24","64060071"
"JH378115","22220680","22220828","chr2","68963608","68963740","45","46742928"
"JH378115","22242562","22242671","chr10","89154355","89154465","17","66911793"
"JH378115","22243071","22243268","chr10","89154864","89155052","23","66911793"
"JH378115","22253952","22254054","chr3","116724074","116724176","13","94470122"
"JH378115","22259759","22260076","chr1","173583879","173584187","53","151324120"
"JH378115","22303485","22303615","chr3","41613042","41613174","8","19309557"
"JH378115","22305142","22305249","chr2","114161322","114161429","10","91856180"
"JH378115","22317923","22318200","chr6","154581700","154581972","44","132263777"
"JH378115","22321647","22321907","chr10","89229733","89229996","21","66908086"
"JH378115","22326996","22327117","chr10","35178543","35178664","10","12851547"
"JH378115","22327853","22327976","chr9","61378790","61378914","16","39050937"
"JH378115","22335108","22335233","chrUn_GL286435","4468","4592","8","22330640"
"JH378115","22343561","22343847","chr10","89255651","89255949","27","66912090"
"JH378115","22346519","22346680","chr10","89258014","89258174","12","66911495"
"JH378115","22346978","22347113","chr5","125874064","125874199","17","103527086"
"JH378115","22355650","22355827","chr10","89266610","89266787","12","66910960"
"JH378115","22362750","22362918","chr10","89278782","89278950","6","66916032"
"JH378115","22362928","22363208","chr10","21005125","21005416","48","1357803"
"JH378115","22366793","22366878","chr9","45309802","45309886","11","22943009"
"JH378115","22374651","22374932","chr6","16310834","16311119","46","6063817"
"JH378115","22376012","22376301","chr4","24915032","24915319","50","2539020"
"JH378115","22379305","22379575","chr2","129068787","129069073","71","106689482"
"JH378115","22382058","22382153","chr10","89295556","89295651","9","66913498"
"JH378115","22389123","22389232","chr10","89301438","89301545","11","66912315"
"JH378115","22396352","22396523","chr9","113448873","113449047","41","91052521"
"JH378115","22399400","22399554","chr10","89310714","89310862","15","66911314"
"JH378115","22408261","22408556","chr5","77943297","77943595","41","55535036"
"JH378115","22409979","22410271","chr4","107899041","107899332","48","85489062"
"JH378115","22417435","22417728","chr5","3450623","3450925","44","18966812"
"JH378115","22453591","22453889","chr10","89365602","89365900","23","66912011"
"JH378115","22473928","22474023","chr4","35110569","35110659","24","12636641"
"JH378115","22474024","22474303","chr6","150843126","150843403","48","128369102"
"JH378115","22474341","22474461","chr12","118032562","118032684","20","95558221"
"JH378115","22485871","22486171","chr10","89398251","89398556","25","66912380"
"JH378115","22486589","22486897","chr10","89398965","89399269","20","66912376"
"JH378115","22506922","22507144","chr7","90244251","90244459","47","67737329"
"JH378115","22514533","22514545","chr2","8711588","8711600","1","13802945"
"JH378115","22514569","22514848","chr1","186093382","186093665","46","163578813"
"JH378115","22528299","22528587","chr10","89439646","89439934","11","66911347"
"JH378115","22531029","22531335","chr2","131566064","131566373","42","109035035"
"JH378115","22533034","22533346","chr10","89444817","89445120","22","66911783"
"JH378115","22548086","22548348","chr10","89459772","89460060","41","66911686"
"JH378115","22560262","22560565","chr10","57370692","57371004","54","34810430"
"JH378115","22561759","22562045","chr10","89474376","89474686","39","66912617"
"JH378115","22566605","22566735","chr10","89479253","89479383","4","66912648"
"JH378115","22566737","22566784","chr10","89479385","89479432","2","66912648"
"JH378115","22567333","22567383","chr10","89479970","89480021","2","66912637"
"JH378115","22567644","22567821","chrX","137222383","137222560","22","114654739"
"JH378115","22598936","22599205","chr10","89516839","89517121","29","66917903"
"JH378115","22604809","22605090","chr10","89519231","89519493","37","66914422"
"JH378115","22619689","22619986","chr10","89534582","89534877","18","66914893"
"JH378115","22654727","22655061","chrX","605542","605896","100","22049185"
"JH378115","22668702","22668985","chrX","47489488","47489770","40","24820786"
"JH378115","22670303","22670599","chr7","28119452","28119748","45","5449149"
"JH378115","22672721","22673012","chr10","89588136","89588422","37","66915415"
"JH378115","22691159","22691485","chr5","47561930","47562262","47","24870771"
"JH378115","22694250","22694555","chr10","89614223","89614528","22","66919973"
"JH378115","22695852","22696165","chr10","89615809","89616115","27","66919957"
"JH378115","22700903","22701063","chr8","116690796","116690957","19","93989893"
"JH378115","22746309","22746625","chr10","89669076","89669370","35","66922767"
"JH378115","22747859","22748164","chr10","89672014","89672300","41","66924155"
"JH378115","22753008","22753315","chr10","89677307","89677623","31","66924299"
"JH378115","22764184","22764464","chr10","89689221","89689518","46","66925037"
"JH378115","22771391","22771674","chr5","123961109","123961388","48","101189718"
"JH378115","22796026","22796145","chr11","60147953","60148072","9","37351927"
"JH378115","22830272","22830329","chr10","89757067","89757117","10","66926795"
"JH378115","22850699","22851007","chr10","89777643","89777950","18","66926944"
"JH378115","22857445","22857748","chr10","89783926","89784228","24","66926481"
"JH378115","22861046","22861313","chr10","89787225","89787495","18","66926179"
"JH378115","22895412","22895449","chr10","89822571","89822609","3","66927159"
"JH378115","22911450","22911658","chr13","42974699","42974906","37","20063249"
"JH378115","22920149","22920333","chr10","89846882","89847073","21","66926733"
"JH378115","22920782","22921099","chr2","35471449","35471758","57","12550667"
"JH378115","22924023","22924154","chr2","4950714","4950829","33","17973309"
"JH378115","22924490","22924619","chr9","42277778","42277906","9","19353288"
"JH378115","22969897","22970210","chr10","89895073","89895381","14","66925176"
"JH378115","22984609","22984819","chr10","89909394","89909602","21","66924785"
"JH378115","22996533","22996793","chr10","89921222","89921512","41","66924689"
"JH378115","22997835","22998133","chr10","89922555","89922851","25","66924720"
"JH378115","23007087","23007153","chr1","100716271","100716333","13","77709184"
"JH378115","23007178","23007300","chr10","89931669","89931795","11","66924491"
"JH378115","23013764","23014070","chr10","89937542","89937848","11","66923778"
"JH378115","23033843","23034140","chr1","41426760","41427057","37","18392917"
"JH378115","23041749","23042048","chr10","89968980","89969273","34","66927231"
"JH378115","23049459","23049746","chr1","202991654","202991938","52","179942195"
"JH378115","23067749","23068041","chr10","89995352","89995650","14","66927603"
"JH378115","23072105","23072341","chr2","48806173","48806405","31","25734068"
"JH378115","23072920","23073221","chr10","90000695","90000988","17","66927775"
"JH378115","23080794","23080986","chr12","109092271","109092465","32","86011477"
"JH378115","23081890","23081994","chr3","30171059","30171163","16","7089169"
"JH378115","23099834","23100126","chr22","39647957","39648253","45","16548123"
"JH378115","23144035","23144348","chr10","90074909","90075211","32","66930874"
"JH378115","23147227","23147535","chr10","90079438","90079707","48","66932211"
"JH378115","23161845","23162161","chr10","90188869","90189167","38","67027024"
"JH378115","23163880","23164027","chr1","167943630","167943772","31","144779750"
"JH378115","23164613","23164672","chr5","97430690","97430748","8","74266077"
"JH378115","23176620","23176911","chrUn_GL286451","460414","460703","40","22716206"
"JH378115","23177234","23177524","chr6","117498241","117498535","57","94321007"
"JH378115","23188460","23188771","chr10","90215870","90216179","17","67027410"
"JH378115","23223768","23224076","chr14","82090080","82090381","48","58866312"
"JH378115","23235256","23235530","chr10","90258441","90258709","20","67023185"
"JH378115","23244146","23244428","chr10","90267128","90267410","28","67022982"
"JH378115","23262412","23262539","chr2","48327502","48327628","16","25065090"
"JH378115","23264099","23264402","chr10","90288316","90288614","21","67024217"
"JH378115","23298018","23298156","chr4","42629652","42629784","23","19331634"
"JH378115","23305887","23306183","chr10","90331039","90331335","23","67025152"
"JH378115","23335875","23336168","chr13","48580338","48580631","38","25244463"
"JH378115","23338563","23338674","chr15","87393602","87393712","13","64055039"
"JH378115","23338977","23339184","chr7","2066687","2066896","37","21272290"
"JH378115","23358529","23358835","chr10","90383071","90383379","27","67024542"
"JH378115","23359752","23360049","chr10","90393890","90394174","41","67034138"
"JH378115","23361248","23361465","chr10","90395334","90395552","13","67034086"
"JH378115","23369698","23369999","chr10","90404040","90404324","39","67034342"
"JH378115","23383253","23383388","chr10","90414232","90414368","15","67030979"
"JH378115","23417725","23418027","chr5","94502099","94502406","51","71084374"
"JH378115","23445265","23445395","chr9","102372345","102372473","26","78927080"
"JH378115","23458547","23458669","chr2","61961283","61961403","16","38502736"
"JH378115","23458752","23458967","chrX","8191449","8191664","34","15267303"
"JH378115","23473059","23473230","chr12","402194","402361","37","23070865"
"JH378115","23474163","23474315","chr10","10050991","10051142","23","13423172"
"JH378115","23474360","23474502","chr1","36709837","36709979","27","13235477"
"JH378115","23487158","23487290","chr19","6492329","6492461","16","16994829"
"JH378115","23503272","23503531","chr10","89519231","89519493","52","66015959"
"JH378115","23564116","23564402","chr10","90599072","90599362","27","67034956"
"JH378115","23633955","23634240","chr10","90676787","90677080","24","67042832"
"JH378115","23644889","23645086","chr10","90688487","90688694","19","67043598"
"JH378115","23666194","23666461","chr10","90713951","90714196","44","67047757"
"JH378115","23701122","23701410","chr10","90750653","90750939","19","67049531"
"JH378115","23744597","23744728","chr1","116982946","116983076","12","93238349"
"JH378115","23760028","23760154","chr5","83347910","83348035","13","59587882"
"JH378115","23952530","23952808","chr10","91036755","91037037","24","67084225"
"JH378115","23954538","23954699","chr10","91039113","91039260","23","67084575"
"JH378115","24012870","24012953","chr5","76403330","76403412","16","52390460"
"JH378115","24100676","24100959","chr10","91192407","91192692","17","67091731"
"JH378115","24115745","24116036","chr12","82395159","82395450","48","58279414"
"JH378115","24134998","24135134","chr10","1576634","1576765","11","22558364"
"JH378115","24513000","24513301","chr10","91623317","91623603","41","67110317"
"JH378115","24521035","24521196","chr11","120356496","120356655","23","95835461"
"JH378115","24521238","24521358","chr9","53666694","53666814","17","29145456"
"JH378115","24527461","24527779","chr10","91637748","91638066","26","67110287"
"JH378115","24533696","24533802","chr3","72158253","72158359","16","47624557"
"JH378115","24537055","24537181","chr1","201208025","201208152","26","176670970"
"JH378115","24639707","24639987","chr9","52445691","52445972","49","27805984"
"JH378115","24765079","24765369","chr10","91873354","91873645","24","67108275"
"JH378115","24789060","24789376","chr10","91900045","91900361","39","67110985"
"JH378115","24819794","24820089","chr10","91931576","91931869","19","67111782"
"JH378115","24835580","24835849","chr2","181231370","181231607","73","156395790"
"JH378115","24851034","24851362","chr10","91963344","91963636","49","67112310"
"JH378115","24900907","24901208","chr14","41541861","41542165","41","16640954"
"JH378115","24924674","24924970","chr10","92050677","92050981","28","67126003"
"JH378115","24947732","24947881","chr10","92079234","92079381","22","67131502"
"JH378115","24971263","24971560","chr10","92102936","92103218","40","67131673"
"JH378115","25008460","25008545","chr10","92140009","92140094","7","67131549"
"JH378115","25032516","25032666","chr22","34237523","34237672","25","9205007"
"JH378115","25078611","25078740","chr6","114715183","114715312","17","89636572"
"JH378115","25079216","25079366","chr22","3879396","3879545","16","21199820"
"JH378115","25103196","25103498","chr10","92269184","92269481","19","67165988"
"JH378115","25134437","25134560","chr12","112762107","112762231","11","87627670"
"JH378115","25147973","25148031","chr5","8612669","8612727","20","16535304"
"JH378115","25163552","25163682","chr1","197860432","197860563","7","172696880"
"JH378115","25164019","25164148","chr2","192121326","192121455","16","166957307"
"JH378115","25198488","25198657","chr12","35051777","35051946","31","9853289"
"JH378115","25199669","25199957","chr10","92368105","92368366","42","67168436"
"JH378115","25204499","25204785","chr10","92372878","92373167","16","67168379"
"JH378115","25206056","25206385","chr10","92374423","92374717","53","67168367"
"JH378115","25244842","25244974","chr12","79450195","79450325","7","54205353"
"JH378115","25283933","25284245","chr10","92462972","92463268","37","67179039"
"JH378115","25285060","25285372","chr10","92464076","92464370","37","67179016"
"JH378115","25285828","25286079","chr10","92464825","92465069","20","67178997"
"JH378115","25302658","25302900","chr5","6858748","6858991","45","18443910"
"JH378115","25305641","25305881","chr10","92484239","92484481","28","67178598"
"JH378115","25306630","25306935","chr5","41922334","41922644","55","16615704"
"JH378115","25314745","25314859","chr22","8878271","8878385","11","16436474"
"JH378115","25324063","25324361","chrX","53310849","53311141","55","27986786"
"JH378115","25326222","25326540","chr7","40867751","40868056","61","15541529"
"JH378115","25334983","25335272","chr6","16310834","16311119","44","9024149"
"JH378115","25361423","25361613","chr7","78768937","78769106","61","53407514"
"JH378115","25361911","25362041","chr21","37839473","37839608","18","12477562"
"JH378115","25362407","25362560","chr10","92546918","92547076","18","67184511"
"JH378115","25362856","25362989","chr10","92547362","92547495","7","67184506"
"JH378115","25365447","25365580","chr14","45719934","45720068","16","20354487"
"JH378115","25365911","25366095","chr12","23278554","23278732","31","2087357"
"JH378115","25377027","25377281","chr7","149328964","149329222","42","123951937"
"JH378115","25382489","25382773","chr14","34676760","34677051","47","9294271"
"JH378115","25413647","25413922","chr10","92597277","92597560","18","67183630"
"JH378115","25458501","25458619","chr4","54404826","54404948","13","28946325"
"JH378115","25461420","25461734","chr10","92652040","92652348","18","67190620"
"JH378115","25477779","25478099","chr16","96531080","96531390","53","71053301"
"JH378115","25479047","25479351","chr1","141936400","141936701","42","116457353"
"JH378115","25479713","25479971","chr10","92668803","92669053","29","67189090"
"JH378115","25484924","25485097","chr1","152110816","152110992","24","126625892"
"JH378115","25491149","25491265","chr1","165250828","165250943","17","139759679"
"JH378115","25516454","25516763","chr10","92700774","92701084","14","67184320"
"JH378115","25533088","25533402","chr10","92717218","92717536","26","67184130"
"JH378115","25610570","25610833","chr4","44081557","44081822","35","18470987"
"JH378115","25616485","25616794","chr10","92800174","92800483","17","67183689"
"JH378115","25642729","25642872","chr22","31866206","31866345","21","6223477"
"JH378115","25643521","25643825","chr10","92828549","92828838","34","67185028"
"JH378115","25648748","25649023","chr10","92833128","92833417","30","67184380"
"JH378115","25649095","25649407","chr10","92833489","92833798","20","67184394"
"JH378115","25673280","25673367","chr10","92851203","92851283","12","67177923"
"JH378115","25673665","25673883","chr10","92851588","92851803","22","67177923"
"JH378115","25691873","25692191","chr10","92868720","92869030","29","67176847"
"JH378115","25718237","25718437","chr10","92893319","92893521","17","67175082"
"JH378115","25720416","25720708","chr10","92896026","92896321","25","67175610"
"JH378115","25816953","25817245","chr10","93001691","93001987","39","67184738"
"JH378115","25836606","25836732","chr4","107456350","107456480","23","81619744"
"JH378115","25837040","25837201","chr2","44790495","44790652","30","18953455"
"JH378115","25863133","25863291","chr10","93043583","93043740","13","67180450"
"JH378115","25864015","25864054","chr10","93044471","93044510","3","67180456"
"JH378115","25868663","25868782","chr6","134990658","134990777","10","109121995"
"JH378115","25877706","25877985","chr10","93057478","93057751","26","67179772"
"JH378115","25882750","25883055","chr10","93062343","93062647","37","67179593"
"JH378115","25896795","25897085","chr11","108536241","108536531","33","82639446"
"JH378115","25982286","25982569","chr10","93161775","93162051","30","67179489"
"JH378115","26018269","26018572","chr10","93197941","93198227","47","67179672"
"JH378115","26063391","26063691","chr10","93241897","93242195","23","67178506"
"JH378115","26104875","26105193","chr21","7864799","7865115","25","18240076"
"JH378115","26180174","26180436","chr3","52916014","52916283","59","26735840"
"JH378115","26239196","26239415","chr10","93413395","93413608","12","67174199"
"JH378115","26244689","26244994","chr1","171693875","171694176","42","145449186"
"JH378115","26260858","26261043","chr22","42222831","42223011","30","15961973"
"JH378115","26384950","26385260","chr10","93554616","93554917","20","67169666"
"JH378115","26426620","26426878","chr10","93592229","93592487","21","67165609"
"JH378115","26512534","26512827","chr10","93675982","93676267","43","67163448"
"JH378115","26519920","26520221","chr10","93683191","93683502","27","67163271"
"JH378115","26561870","26562049","chr10","93725230","93725410","10","67163360"
"JH378115","26596150","26596439","chr10","93766172","93766463","18","67170022"
"JH378115","26660310","26660626","chr10","93845353","93845677","30","67185043"
"JH378115","26692319","26692623","chr10","93879636","93879941","20","67187317"
"JH378115","26728800","26729089","chr10","93916800","93917091","30","67188000"
"JH378115","26745400","26745708","chr10","93933109","93933417","19","67187709"
"JH378115","26777660","26777953","chr10","93966328","93966618","29","67188668"
"JH378115","26778484","26778773","chr4","21658340","21658634","55","5120144"
"JH378115","26825734","26825862","chr7","4329780","4329908","9","22495954"
"JH378115","26857763","26858075","chr1","71560575","71560884","52","44702812"
"JH378115","26878679","26878992","chr1","83814408","83814718","39","56935729"
"JH378115","26883138","26883484","chr11","82191329","82191664","60","55308191"
"JH378115","26884127","26884282","chr10","94072991","94073146","6","67188864"
"JH378115","26905036","26905208","chr10","94091843","94092016","19","67186807"
"JH378115","26905491","26905626","chr10","94092307","94092442","13","67186816"
"JH378115","26917907","26918222","chr9","86531298","86531609","42","59613391"
"JH378115","26933135","26933427","chr10","94118970","94119261","19","67185835"
"JH378115","26943225","26943530","chr10","94128774","94129047","48","67185549"
"JH378115","26981406","26981686","chr10","94171706","94171987","24","67190300"
"JH378115","26984901","26985150","chr10","94175220","94175493","34","67190319"
"JH378115","27012542","27012849","chr5","50659779","50660089","41","23647237"
"JH378115","27025192","27025496","chr12","22167563","22167865","44","4857629"
"JH378115","27026312","27026531","chr12","109937560","109937772","51","82911248"
"JH378115","27030379","27030677","chr10","94233909","94234207","12","67203530"
"JH378115","27031487","27031796","chr1","148219735","148220041","49","121188248"
"JH378115","27051795","27052099","chr10","94255707","94256004","31","67203912"
"JH378115","27056967","27057268","chr10","94255707","94256004","28","67198740"
"JH378115","27060417","27060714","chr10","94261731","94262022","38","67201314"
"JH378115","27069282","27069579","chr10","94269495","94269773","39","67200213"
"JH378115","27072420","27072685","chr10","94272808","94273073","21","67200388"
"JH378115","27090612","27090873","chr10","94292817","94293077","19","67202205"
"JH378115","27102605","27102902","chr10","94304731","94305028","24","67202126"
"JH378115","27109247","27109518","chr10","94311963","94312258","36","67202716"
"JH378115","27119142","27119441","chr7","137528845","137529136","56","110409703"
"JH378115","27143524","27143779","chr4","6578458","6578707","45","20565066"
"JH378115","27187840","27188150","chr17","74021189","74021493","49","46833349"
"JH378115","27219733","27220028","chr10","94422568","94422849","31","67202835"
"JH378115","27224772","27224918","chrX","8684174","8684305","41","18540598"
"JH378115","27224967","27225084","chr1","74757001","74757120","27","47532034"
"JH378115","27226680","27226981","chr10","94429938","94430238","20","67203258"
"JH378115","27236790","27236871","chr2","127895317","127895399","16","100658527"
"JH378115","27251307","27251612","chr10","94457052","94457353","20","67205745"
"JH378115","27254881","27255179","chr10","94460572","94460860","32","67205691"
"JH378115","27268894","27269192","chr10","94470620","94470922","31","67201726"
"JH378115","27276079","27276372","chr10","94477818","94478109","30","67201739"
"JH378115","27280418","27280717","chr10","94482162","94482453","27","67201744"
"JH378115","27342141","27342444","chr10","94546428","94546725","31","67204287"
"JH378115","27378293","27378599","chr7","62686014","62686322","41","35307721"
"JH378115","27396993","27397289","chr10","94601421","94601722","23","67204428"
"JH378115","27412209","27412553","chr18","9170624","9170946","69","18241585"
"JH378115","27413120","27413420","chr10","94626026","94626318","30","67212906"
"JH378115","27414620","27414925","chr10","94627516","94627812","27","67212896"
"JH378115","27423403","27423716","chr5","50659779","50660089","41","23236376"
"JH378115","27423989","27424285","chr10","94636877","94637168","20","67212888"
"JH378115","27448165","27448385","chr16","49395270","49395485","37","21947105"
"JH378115","27449456","27449756","chr10","94662565","94662854","21","67213109"
"JH378115","27502570","27502838","chr13","60370112","60370382","49","32867542"
"JH378115","27516901","27517193","chr10","94758013","94758312","24","67241112"
"JH378115","27521834","27522151","chr11","36540671","36540974","52","9018837"
"JH378115","27526073","27526375","chr10","94766991","94767286","22","67240918"
"JH378115","27545912","27546206","chr10","94788296","94788592","19","67242384"
"JH378115","27548002","27548047","chr6","111062056","111062099","4","83514054"
"JH378115","27549992","27550172","chr2","10657098","10657276","30","16892894"
"JH378115","27550198","27550345","chr15","8598974","8599117","30","18951224"
"JH378115","27558311","27558621","chr10","94801174","94801481","24","67242863"
"JH378115","27561718","27561990","chr4","165096524","165096809","50","137534806"
"JH378115","27590422","27590587","chr10","94833239","94833405","21","67242817"
"JH378115","27600454","27600756","chr10","94841875","94842177","20","67241421"
"JH378115","27603667","27603937","chr10","94845082","94845336","35","67241415"
"JH378115","27607121","27607417","chr14","44023707","44024003","40","16416586"
"JH378115","27607441","27607616","chr6","5215586","5215754","36","22391855"
"JH378115","27607910","27608044","chr10","94849378","94849515","10","67241468"
"JH378115","27620088","27620220","chr1","171672023","171672158","18","144051935"
"JH378115","27620534","27620709","chr5","78699030","78699202","30","51078496"
"JH378115","27627006","27627138","chr22","5298708","5298838","19","22328298"
"JH378115","27659849","27660156","chr10","94899833","94900136","23","67239984"
"JH378115","27661958","27662258","chr10","94902484","94902767","35","67240526"
"JH378115","27675846","27676157","chr3","2060027","2060338","47","25615819"
"JH378115","27706722","27707022","chr10","94945949","94946250","23","67239227"
"JH378115","27734431","27734610","chr10","94972730","94972895","25","67238299"
"JH378115","27737296","27737593","chr10","94975227","94975530","30","67237931"
"JH378115","27741953","27742251","chr10","94980104","94980395","25","67238151"
"JH378115","27742605","27742731","chr1","165788222","165788348","14","138045617"
"JH378115","27742762","27742911","chr1","200932294","200932448","19","173189532"
"JH378115","27750630","27750936","chr10","94988954","94989246","31","67238324"
"JH378115","27758313","27758607","chr9","40206989","40207282","49","12448676"
"JH378115","27766691","27766957","chr16","74962986","74963258","56","47196295"
"JH378115","27829606","27829916","chr10","100307977","100308290","44","72478371"
"JH378115","27830886","27831004","chr1","184688473","184688588","13","156857587"
"JH378115","27831053","27831216","chr10","46768961","46769122","29","18937908"
"JH378115","27852723","27853029","chr10","95089900","95090196","31","67237177"
"JH378115","27974211","27974505","chr10","95215572","95215863","49","67241361"
"JH378115","27994250","27994380","chr2","7889798","7889926","27","20104452"
"JH378115","27994434","27994620","chr10","17448713","17448900","32","10545721"
"JH378115","27994621","27994788","chr10","95236254","95236408","24","67241633"
"JH378115","28081817","28081952","chr7","44793294","44793412","36","16711477"
"JH378115","28082334","28082521","chr10","95327165","95327354","8","67244831"
"JH378115","28105384","28105706","chr10","95350248","95350552","33","67244864"
"JH378115","28118818","28119008","chr10","95362046","95362246","27","67243228"
"JH378115","28150880","28151031","chr22","3428033","3428183","15","24722847"
"JH378115","28162418","28162725","chr10","95416327","95416621","38","67253909"
"JH378115","28171125","28171388","chr10","95425390","95425640","34","67254265"
"JH378115","28223273","28223550","chr11","107440742","107441019","37","79217469"
"JH378115","28292458","28292772","chr10","95562285","95562600","24","67269827"
"JH378115","28299451","28299727","chr10","95571336","95571634","37","67271885"
"JH378115","28306635","28306800","chr10","95578231","95578395","11","67271596"
"JH378115","28307084","28307223","chr10","95578683","95578817","9","67271599"
"JH378115","28310419","28310533","chr1","82500494","82500607","9","54190075"
"JH378115","28334748","28334882","chr10","95605579","95605712","15","67270831"
"JH378115","28369393","28369575","chr2","127833266","127833433","37","99463873"
"JH378115","28369602","28369726","chr15","41474854","41474976","16","13105252"
"JH378115","28408451","28408605","chr10","95686875","95687032","25","67278424"
"JH378115","28408882","28408944","chr10","95687302","95687364","1","67278420"
"JH378115","28426695","28427001","chr10","95708579","95708859","43","67281884"
"JH378115","28451273","28451529","chr8","2844440","2844688","27","25606833"
"JH378115","28462219","28462510","chr10","95761088","95761390","33","67298869"
"JH378115","28467371","28467679","chr10","95766264","95766570","16","67298893"
"JH378115","28505573","28505657","chr20","44509763","44509848","9","16004190"
"JH378115","28507429","28507734","chr10","95831677","95831988","22","67324248"
"JH378115","28513956","28514253","chr3","124003561","124003859","41","95489605"
"JH378115","28521833","28521990","chr10","95847933","95848090","12","67326100"
"JH378115","28559800","28560093","chr1","169360754","169361049","40","140800954"
"JH378115","28575795","28576006","chr10","95897172","95897387","26","67321377"
"JH378115","28579129","28579418","chr10","95900246","95900544","23","67321117"
"JH378115","28592145","28592450","chr10","95913029","95913329","27","67320884"
"JH378115","28593630","28593921","chr10","95914247","95914538","13","67320617"
"JH378115","28593922","28594071","chr1","179573988","179574133","20","150980066"
"JH378115","28610982","28611126","chr2","18949032","18949173","18","9661950"
"JH378115","28620396","28620523","chr6","95742828","95742953","13","67122432"
"JH378115","28623147","28623444","chr10","95943436","95943742","35","67320289"
"JH378115","28645474","28645773","chr6","6391573","6391871","46","22253901"
"JH378115","28663783","28663932","chr11","112543586","112543735","23","83879803"
"JH378115","28669359","28669618","chr1","193322661","193322916","37","164653302"
"JH378115","28683266","28683562","chr10","96004411","96004705","30","67321145"
"JH378115","28718404","28718698","chr10","96041806","96042104","18","67323402"
"JH378115","28726240","28726375","chr14","71128472","71128608","17","42402232"
"JH378115","28744462","28744587","chr13","15925489","15925614","7","12818973"
"JH378115","28752510","28752616","chr4","21298561","21298668","15","7453949"
"JH378115","28752911","28753122","chr3","127094636","127094835","41","98341725"
"JH378115","28764748","28765028","chr10","96089009","96089303","31","67324261"
"JH378115","28774876","28775173","chr10","96101373","96101658","31","67326497"
"JH378115","28789593","28789936","chr15","31497672","31498008","26","2708079"
"JH378115","28795438","28795736","chr10","96120660","96120964","24","67325222"
"JH378115","28797239","28797543","chr10","96124324","96124639","28","67327085"
"JH378115","28830926","28831242","chr4","144358040","144358351","47","115527114"
"JH378115","28834021","28834148","chr10","96159936","96160057","16","67325915"
"JH378115","28835957","28836071","chr3","26374835","26374948","22","2461122"
"JH378115","28848428","28848737","chr10","96173940","96174237","31","67325512"
"JH378115","28890889","28891186","chr10","96221626","96221921","22","67330737"
"JH378115","28899181","28899483","chr10","96231347","96231637","35","67332166"
"JH378115","29022159","29022392","chr10","96347140","96347373","11","67324981"
"JH378115","29034876","29035165","chr10","96359509","96359798","13","67324633"
"JH378115","29054140","29054445","chr10","96379689","96379995","19","67325549"
"JH378115","29069070","29069368","chr15","6127474","6127776","44","22941596"
"JH378115","29078751","29079029","chrX","60758641","60758923","45","31679890"
"JH378115","29094964","29095251","chr10","96419714","96419993","27","67324750"
"JH378115","29117525","29117746","chr13","59306853","59307074","37","30189328"
"JH378115","29130654","29130813","chr10","96457450","96457606","11","67326796"
"JH378115","29130838","29130944","chr10","96457631","96457737","5","67326793"
"JH378115","29167241","29167521","chr10","96498395","96498689","33","67331154"
"JH378115","29170275","29170563","chr5","97965344","97965632","40","68795069"
"JH378115","29184646","29184937","chr10","96515581","96515870","21","67330935"
"JH378115","29197146","29197324","chr22","29709453","29709628","24","512307"
"JH378115","29198297","29198598","chr3","143213152","143213459","47","114014855"
"JH378115","29223542","29223793","chr10","96556035","96556287","19","67332493"
"JH378115","29238622","29238785","chr10","96572614","96572783","17","67333992"
"JH378115","29239074","29239199","chr10","96573074","96573209","18","67334000"
"JH378115","29271796","29272094","chr10","96607395","96607694","25","67335599"
"JH378115","29273334","29273623","chr10","96608926","96609219","53","67335592"
"JH378115","29278383","29278474","chr10","96614293","96614384","9","67335910"
"JH378115","29280990","29281291","chr10","96616626","96616924","17","67335636"
"JH378115","29307924","29308042","chr16","18984904","18985021","11","10323020"
"JH378115","29313352","29313698","chr10","96648693","96649031","27","67335341"
"JH378115","29359413","29359540","chr14","45516413","45516540","5","16157000"
"JH378115","29387968","29388242","chr10","96721997","96722287","38","67334029"
"JH378115","29396396","29396709","chr2","60124523","60124826","58","30728127"
"JH378115","29399927","29400230","chr18","41596986","41597284","44","12197059"
"JH378115","29405621","29405912","chr2","153350531","153350819","38","123944910"
"JH378115","29417953","29418247","chr10","96747848","96748145","19","67329895"
"JH378115","29435175","29435449","chr10","96769478","96769754","18","67334303"
"JH378115","29472061","29472366","chrX","85785425","85785727","60","56313364"
"JH378115","29474382","29474667","chr19","44653831","44654114","40","15179449"
"JH378115","29484510","29484673","chr10","96816212","96816376","13","67331702"
"JH378115","29542486","29542654","chr10","96881830","96881988","20","67339344"
"JH378115","29585312","29585613","chr11","80781256","80781555","45","51195944"
"JH378115","29615274","29615564","chr10","96957901","96958185","44","67342627"
"JH378115","29669934","29670240","chr10","97018688","97018994","21","67348754"
"JH378115","29682681","29682993","chrX","137884191","137884502","47","108201510"
"JH378115","29693153","29693451","chr9","86613071","86613366","56","56919918"
"JH378115","29708472","29708717","chr10","97072071","97072309","23","67363599"
"JH378115","29714349","29714644","chrX","17119564","17119856","36","12594785"
"JH378115","29751006","29751271","chr10","97120849","97121122","20","67369843"
"JH378115","29762876","29763216","chr10","97132411","97132724","43","67369535"
"JH378115","29780349","29780662","chr10","97150798","97151104","39","67370449"
"JH378115","29862109","29862418","chr10","97231857","97232161","27","67369748"
"JH378115","29871022","29871135","chr2","59253571","59253689","23","29382549"
"JH378115","29871421","29871556","chr3","115743617","115743753","17","85872196"
"JH378115","29890178","29890484","chr10","97263327","97263639","28","67373149"
"JH378115","29898033","29898306","chr10","97270999","97271263","35","67372966"
"JH378115","29928090","29928380","chr6","38604349","38604637","62","8676259"
"JH378115","29939094","29939421","chr14","44902307","44902640","57","14963213"
"JH378115","29945268","29945420","chr10","97316242","97316398","20","67370974"
"JH378115","30057335","30057645","chr10","97429185","97429477","34","67371850"
"JH378115","30062098","30062437","chr10","97433526","97433865","32","67371428"
"JH378115","30112032","30112329","chr10","97484572","97484868","20","67372540"
"JH378115","30146572","30146867","chr10","97525745","97526042","20","67379173"
"JH378115","30162849","30163157","chr10","97542123","97542438","33","67379274"
"JH378115","30212478","30212783","chr10","97592260","97592561","28","67379782"
"JH378115","30249922","30250227","chr10","97619168","97619467","33","67369246"
"JH378115","30325413","30325759","chr5","36941188","36941528","61","6615775"
"JH378115","30406762","30406893","chr4","151660183","151660315","18","121253421"
"JH378115","30568620","30568721","chr8","69304808","69304904","17","38736188"
"JH378115","30590105","30590392","chr1","75327417","75327706","41","44737312"
"JH378115","30647074","30647412","chr10","98032412","98032744","31","67385338"
"JH378115","30659567","30659697","chr5","134531890","134532024","15","103872323"
"JH378115","30679983","30680276","chr10","98068255","98068529","36","67388272"
"JH378115","30684219","30684357","chr10","17653770","17653904","21","13030449"
"JH378115","30684652","30684785","chr10","98073063","98073212","24","67388411"
"JH378115","30687977","30688211","chr1","152943350","152943588","34","122255373"
"JH378115","30688440","30688640","chr10","98077442","98077642","15","67389002"
"JH378115","30690989","30691301","chr10","98079672","98079971","34","67388683"
"JH378115","30692833","30692945","chr1","194823333","194823448","14","164130500"
"JH378115","30700540","30700832","chrX","85455904","85456197","38","54755364"
"JH378115","30710883","30711176","chr9","13266901","13267198","63","17443982"
"JH378115","30711574","30711898","chr10","98100130","98100448","22","67388556"
"JH378115","30713239","30713533","chr10","98101803","98102091","30","67388564"
"JH378115","30772040","30772352","chr6","30949549","30949848","55","177509"
"JH378115","30774984","30775267","chr10","98236549","98236832","22","67461565"
"JH378115","30802212","30802359","chr10","98195853","98195987","28","67393641"
"JH378115","30811433","30811739","chr10","98185347","98185649","30","67373914"
"JH378115","30821430","30821553","chr10","98242748","98242875","12","67421318"
"JH378115","30827211","30827367","chr10","98248438","98248581","27","67421227"
"JH378115","30827702","30827824","chr10","98248984","98249106","14","67421282"
"JH378115","30832650","30832821","chr10","98251347","98251510","19","67418697"
"JH378115","30833014","30833216","chr10","98251701","98251902","13","67418687"
"JH378115","30833711","30833843","chr10","98274049","98274181","12","67440338"
"JH378115","30840203","30840333","chr20","26444927","26445057","12","4395276"
"JH378115","30846800","30847098","chr10","98264846","98265140","26","67418046"
"JH378115","30860232","30860489","chr19","18841610","18841884","64","12018622"
"JH378115","30865435","30865590","chr10","98292347","98292510","17","67426912"
"JH378115","30871126","30871249","chr10","98295667","98295790","6","67424541"
"JH378115","30871670","30871794","chr11","64839664","64839788","10","33967994"
"JH378115","30874106","30874196","chr5","78804243","78804339","11","47930137"
"JH378115","30874234","30874520","chr10","98297925","98298211","18","67423691"
"JH378115","30876602","30876908","chr10","98299995","98300298","36","67423393"
"JH378115","30878196","30878312","chr1","9393807","9393924","17","21484389"
"JH378115","30878607","30878767","chr10","98301971","98302145","26","67423364"
"JH378115","30883570","30883603","chr20","28332176","28332210","4","2551394"
"JH378115","30883917","30884084","chr17","74107809","74107971","22","43223892"
"JH378115","30893155","30893432","chr10","98311924","98312224","44","67418769"
"JH378115","30905280","30905403","chrX","17092539","17092661","9","13812741"
"JH378115","30916077","30916380","chr10","98333611","98333913","25","67417534"
"JH378115","30918473","30918719","chr10","98335495","98335740","14","67417022"
"JH378115","30923323","30923430","chr2","62927286","62927392","7","32003963"
"JH378115","30937966","30938161","chr5","151103638","151103826","29","120165672"
"JH378115","30938499","30938530","chr15","53285663","53285696","2","22347164"
"JH378115","30940179","30940492","chr10","98352042","98352356","35","67411863"
"JH378115","30944363","30944566","chrUn_GL286451","464181","464379","57","30480182"
"JH378115","30944882","30944997","chr4","36267862","36267977","38","5322980"
"JH378115","30945178","30945465","chr10","98358005","98358290","24","67412827"
"JH378115","30963420","30963693","chr10","98370529","98370799","24","67407109"
"JH378115","30967773","30968072","chr10","98374928","98375229","18","67407155"
"JH378115","30969979","30970129","chr10","98376538","98376684","18","67406559"
"JH378115","30983167","30983440","chr10","98389421","98389695","36","67406254"
"JH378115","31004550","31004801","chr10","98404250","98404483","38","67399700"
"JH378115","31007111","31007233","chr8","71670077","71670201","9","40662966"
"JH378115","31024115","31024396","chr10","98422410","98422682","29","67398295"
"JH378115","31038338","31038660","chr22","41353235","41353520","66","10314897"
"JH378115","31038924","31039001","chr5","45588712","45588792","17","14549788"
"JH378115","31046088","31046378","chr10","98435752","98436043","27","67389664"
"JH378115","31054126","31054202","chr10","98442948","98443022","15","67388822"
"JH378115","31054437","31054521","chr10","98442948","98443022","17","67388511"
"JH378115","31054887","31055011","chr6","32186566","32186690","9","1131679"
"JH378115","31066051","31066204","chr3","187765877","187766047","31","156699826"
"JH378115","31066499","31066611","chr2","137879508","137879632","24","106813009"
"JH378115","31075387","31075446","chr7","80675644","80675704","6","49600257"
"JH378115","31102855","31102986","chr9","39167271","39167402","9","8064416"
"JH378115","31107714","31107952","chr10","98503354","98503590","15","67395640"
"JH378115","31110468","31110770","chr4","15087695","15087993","43","16022773"
"JH378115","31124180","31124495","chr2","34504274","34504583","44","3380094"
"JH378115","31128284","31128464","chr2","207838","208014","33","30920446"
"JH378115","31128636","31128828","chr17","17035667","17035851","44","14092969"
"JH378115","31129465","31129708","chr10","98523688","98523929","24","67394223"
"JH378115","31161924","31162112","chr3","139401898","139402072","52","108239974"
"JH378115","31187758","31187796","chr15","74627056","74627092","6","43439298"
"JH378115","31188082","31188247","chr10","18513839","18514003","23","12674243"
"JH378115","31199731","31200043","chr10","98590346","98590626","42","67390615"
"JH378115","31205187","31205486","chr10","98599607","98599911","18","67394420"
"JH378115","31205498","31205696","chr1","101515676","101515864","36","70310178"
"JH378115","31206003","31206116","chr11","52279530","52279645","15","21073527"
"JH378115","31222689","31222820","chr10","98618903","98619034","6","67396214"
"JH378115","31224784","31224931","chr10","98621303","98621450","10","67396519"
"JH378115","31224932","31225002","chr10","98621451","98621521","4","67396519"
"JH378115","31250307","31250462","chr10","98642776","98642923","19","67392469"
"JH378115","31262025","31262158","chr10","98652196","98652328","4","67390171"
"JH378115","31262448","31262598","chr10","98652618","98652768","8","67390170"
"JH378115","31269484","31269648","chr19","38305517","38305658","49","7036033"
"JH378115","31272334","31272405","chr10","98660424","98660495","6","67388090"
"JH378115","31284113","31284243","chr10","98670152","98670282","9","67386039"
"JH378115","31284247","31284549","chr1","167894155","167894451","38","136609908"
"JH378115","31288956","31289255","chr10","98672121","98672421","17","67383165"
"JH378115","31304208","31304264","chr6","138387081","138387135","12","107082873"
"JH378115","31318084","31318389","chr10","98699998","98700291","25","67381914"
"JH378115","31330854","31330997","chr20","26432808","26432952","22","4898046"
"JH378115","31331301","31331464","chrUn_GL287824","28600","28757","31","31302701"
"JH378115","31335588","31335811","chr10","98716048","98716273","11","67380460"
"JH378115","31336533","31336608","chr9","116724203","116724275","15","85387670"
"JH378115","31338116","31338402","chr10","98719173","98719463","21","67381057"
"JH378115","31340119","31340138","chr5","4586445","4586458","7","26753674"
"JH378115","31343864","31344130","chr1","152464969","152465236","45","121121105"
"JH378115","31346957","31347224","chr10","98726609","98726876","13","67379652"
"JH378115","31353515","31353716","chr10","98732218","98732411","22","67378703"
"JH378115","31387090","31387226","chr2","119402582","119402713","22","88015492"
"JH378115","31387716","31388022","chr10","98766706","98766997","36","67378990"
"JH378115","31404244","31404540","chr10","98782155","98782456","22","67377911"
"JH378115","31407310","31407606","chr10","98785213","98785501","30","67377903"
"JH378115","31410627","31410764","chr1","202981060","202981197","18","171570433"
"JH378115","31411105","31411276","chr10","34533512","34533683","33","3122407"
"JH378115","31412285","31412580","chr10","98789733","98790036","33","67377448"
"JH378115","31418997","31419296","chr10","98796120","98796409","25","67377123"
"JH378115","31430825","31431116","chr10","98802246","98802540","22","67371421"
"JH378115","31439555","31439638","chrX","2420911","2420994","6","29018644"
"JH378115","31446781","31447076","chr10","98818400","98818681","34","67371619"
"JH378115","31450295","31450460","chr10","98821891","98822050","17","67371596"
"JH378115","31460109","31460225","chr5","15258951","15259062","23","16201158"
"JH378115","31461009","31461141","chr15","37980630","37980762","11","6519621"
"JH378115","31467778","31468037","chr10","98837286","98837552","30","67369508"
"JH378115","31472342","31472641","chr10","98841523","98841803","43","67369181"
"JH378115","31473226","31473523","chr18","14162873","14163168","46","17310353"
"JH378115","31474926","31475232","chr10","98844569","98844877","18","67369643"
"JH378115","31475839","31475941","chr2","35282625","35282725","15","3806786"
"JH378115","31477128","31477221","chr3","73159333","73159426","14","41682205"
"JH378115","31486776","31486909","chr14","69461194","69461327","16","37974418"
"JH378115","31487220","31487382","chr11","120356496","120356655","22","88869276"
"JH378115","31502768","31503067","chr10","98869006","98869305","30","67366238"
"JH378115","31529433","31529718","chr5","145149579","145149858","52","113620146"
"JH378115","31542774","31543064","chr3","117450514","117450808","46","85907740"
"JH378115","31571986","31572278","chr10","98934302","98934586","20","67362316"
"JH378115","31584665","31584781","chr16","48274801","48274919","20","16690136"
"JH378115","31584889","31585052","chr22","37081064","37081225","20","5496175"
"JH378115","31603494","31603800","chr10","98964267","98964566","29","67360773"
"JH378115","31604064","31604384","chr10","98964840","98965161","21","67360776"
"JH378115","31608293","31608595","chr10","81196256","81196554","43","49587963"
"JH378115","31619369","31619541","chr10","98979705","98979877","8","67360336"
"JH378115","31635611","31635896","chr10","98996013","98996301","42","67360402"
"JH378115","31640353","31640619","chr10","99000472","99000699","53","67360119"
"JH378115","31644716","31645018","chr10","99004700","99005009","43","67359984"
"JH378115","31681937","31682157","chr10","99038004","99038224","11","67356067"
"JH378115","31683574","31683784","chr10","99039662","99039873","17","67356088"
"JH378115","31683785","31683903","chr4","31593650","31593770","20","90135"
"JH378115","31687740","31688049","chr10","99044364","99044670","19","67356624"
"JH378115","31696112","31696406","chr10","99052055","99052350","17","67355943"
"JH378115","31706357","31706510","chr10","96050671","96050820","22","64344314"
"JH378115","31706793","31706997","chr1","136454317","136454521","29","104747524"
"JH378115","31707280","31707578","chr10","99061083","99061370","24","67353803"
"JH378115","31720685","31720984","chr10","99082202","99082466","44","67361517"
"JH378115","31721529","31721660","chr10","99083013","99083144","6","67361484"
"JH378115","31722222","31722417","chr18","39730416","39730609","35","8008194"
"JH378115","31724656","31724942","chr13","36334983","36335273","43","4610327"
"JH378115","31726789","31726892","chr1","175642775","175642884","19","143915986"
"JH378115","31742008","31742300","chr2","145437197","145437492","36","113695189"
"JH378115","31747462","31747570","chr9","20376635","20376728","35","11370827"
"JH378115","31748148","31748277","chr20","7309930","7310058","10","24438218"
"JH378115","31752110","31752407","chr10","99106950","99107242","17","67354840"
"JH378115","31777424","31777698","chr20","20961845","20962124","48","10815579"
"JH378115","31786906","31787202","chr10","99152619","99152915","14","67365713"
"JH378115","31800140","31800298","chr19","12588462","12588624","30","19211678"
"JH378115","31800604","31800738","chr11","96090382","96090515","17","64289778"
"JH378115","31802913","31803202","chr10","99165993","99166299","38","67363080"
"JH378115","31803255","31803566","chr10","99166352","99166661","20","67363097"
"JH378115","31805956","31806253","chr10","99169713","99169987","38","67363757"
"JH378115","31807389","31807547","chr2","170504247","170504398","26","138696858"
"JH378115","31810802","31811008","chr10","99173708","99173912","15","67362906"
"JH378115","31824082","31824335","chr17","63636408","63636664","44","31812326"
"JH378115","31838638","31838749","chr2","169012462","169012574","17","137173824"
"JH378115","31847416","31847532","chr4","25042834","25042951","16","6804582"
"JH378115","31870934","31871217","chr10","99231759","99232041","25","67360825"
"JH378115","31877835","31878120","chr10","99238599","99238884","14","67360764"
"JH378115","31878138","31878438","chr10","99238902","99239221","42","67360764"
"JH378115","31881556","31881767","chr6","35369372","35369599","58","3487816"
"JH378115","31886196","31886491","chr9","111354658","111354956","43","79468462"
"JH378115","31895616","31895906","chr10","99256054","99256338","27","67360438"
"JH378115","31921904","31922117","chr5","73162169","73162376","47","41240265"
"JH378115","31932740","31933034","chr10","99298012","99298308","22","67365272"
"JH378115","31940897","31941206","chr1","66305054","66305352","50","34364157"
"JH378115","31945371","31945499","chr10","99307557","99307687","10","67362186"
"JH378115","31946158","31946461","chr10","99308339","99308631","31","67362181"
"JH378115","31952763","31953068","chr10","99313651","99313933","43","67360888"
"JH378115","31959568","31959712","chr5","107986379","107986520","22","76026811"
"JH378115","31967115","31967242","chr10","99324673","99324806","13","67357558"
"JH378115","31972224","31972515","chr10","99329138","99329424","19","67356914"
"JH378115","31973228","31973537","chr10","99330155","99330445","34","67356927"
"JH378115","31981153","31981426","chr10","99337972","99338253","23","67356819"
"JH378115","31984881","31985173","chrX","46284924","46285218","41","14300043"
"JH378115","32006178","32006464","chr11","41082522","41082810","44","9076344"
"JH378115","32021697","32021887","chr13","88941103","88941290","30","56919406"
"JH378115","32031489","32031771","chr10","99385264","99385560","32","67353775"
"JH378115","32041321","32041618","chr10","99396400","99396691","28","67355079"
"JH378115","32055942","32056063","chr6","47386589","47386712","16","15330647"
"JH378115","32075506","32075790","chr10","99427459","99427753","31","67351953"
"JH378115","32084207","32084507","chr10","99436568","99436862","20","67352361"
"JH378115","32088822","32089088","chr10","99441364","99441643","33","67352542"
"JH378115","32089495","32089785","chr2","164827197","164827492","61","132737702"
"JH378115","32094936","32095240","chr10","99447440","99447737","27","67352504"
"JH378115","32106430","32106563","chr7","55717428","55717561","10","23610998"
"JH378115","32137995","32138082","chr4","26297108","26297197","16","5840887"
"JH378115","32146866","32147169","chr12","37969938","37970238","44","5823072"
"JH378115","32157673","32157777","chr15","5513920","5514023","9","26643753"
"JH378115","32161683","32161811","chr2","29875920","29876049","5","2285763"
"JH378115","32165644","32165849","chr1","173643134","173643338","35","141477490"
"JH378115","32167151","32167443","chr10","99517105","99517406","28","67349954"
"JH378115","32168374","32168565","chr10","99520305","99520496","18","67351931"
"JH378115","32189210","32189531","chr4","155528137","155528448","57","123338927"
"JH378115","32191096","32191143","chr10","99542674","99542720","3","67351578"
"JH378115","32191981","32192276","chr10","99543553","99543856","35","67351572"
"JH378115","32202771","32203084","chr2","11246376","11246699","59","20956395"
"JH378115","32224286","32224598","chr2","59494600","59494939","88","27270314"
"JH378115","32232276","32232572","chr10","99584975","99585281","31","67352699"
"JH378115","32232664","32232796","chr10","99585701","99585833","15","67353037"
"JH378115","32235711","32235721","chr13","88809744","88809754","0","56574033"
"JH378115","32235760","32236020","chr10","99588862","99589154","50","67353102"
"JH378115","32237477","32237822","chr1","68821153","68821486","34","36583676"
"JH378115","32251321","32251617","chr10","99609508","99609804","9","67358187"
"JH378115","32263137","32263439","chr10","99620922","99621227","35","67357785"
"JH378115","32263984","32264131","chr14","45719471","45719618","29","13455487"
"JH378115","32265386","32265531","chr1","13395960","13396106","19","18869426"
"JH378115","32274707","32274802","chr16","68865322","68865416","4","36590615"
"JH378115","32277524","32277833","chr12","28726730","28727036","43","3550794"
"JH378115","32282442","32282733","chr10","99636036","99636330","19","67353594"
"JH378115","32285376","32285674","chr10","99639125","99639420","24","67353749"
"JH378115","32293956","32294224","chr10","99647655","99647924","21","67353699"
"JH378115","32324760","32324943","chr2","37180345","37180531","31","4855585"
"JH378115","32326043","32326336","chr7","59487537","59487824","38","27161494"
"JH378115","32351010","32351126","chr22","30171201","30171317","13","2179809"
"JH378115","32351148","32351337","chr7","4802508","4802683","34","27548640"
"JH378115","32384083","32384377","chr10","99746509","99746808","23","67362426"
"JH378115","32387135","32387412","chr7","22678352","22678637","38","9708783"
"JH378115","32425455","32425752","chr10","99790644","99790925","33","67365189"
"JH378115","32436382","32436675","chr10","99802489","99802782","18","67366107"
"JH378115","32440731","32441019","chr13","108059637","108059922","58","75618906"
"JH378115","32458062","32458361","chr10","99822649","99822951","25","67364587"
"JH378115","32495797","32496108","chr10","99866405","99866710","27","67370608"
"JH378115","32505999","32506160","chr4","163118503","163118658","47","130612504"
"JH378115","32506183","32506335","chr5","125742880","125743026","23","93236697"
"JH378115","32514041","32514372","chr6","33479873","33480204","83","965832"
"JH378115","32524863","32525123","chr7","4899167","4899427","33","27625696"
"JH378115","32554727","32555030","chr10","99929238","99929528","30","67374511"
"JH378115","32562206","32562276","chr10","99936418","99936487","4","67374212"
"JH378115","32563950","32564245","chr10","99937846","99938139","22","67373896"
"JH378115","32576799","32577100","chr10","99950279","99950574","44","67373480"
"JH378115","32591525","32591833","chr10","99965608","99965910","31","67374083"
"JH378115","32593150","32593438","chr7","37031164","37031453","45","4438014"
"JH378115","32634135","32634433","chr10","100001679","100001972","29","67367544"
"JH378115","32635470","32635764","chr10","100002995","100003298","19","67367525"
"JH378115","32636061","32636358","chr1","157930537","157930833","48","125294476"
"JH378115","32644545","32644642","chr11","1377163","1377261","15","31267382"
"JH378115","32648658","32648958","chr5","134398370","134398666","37","101749712"
"JH378115","32667355","32667485","chr10","100037424","100037550","17","67370069"
"JH378115","32668496","32668773","chr13","5618384","5618667","49","27050112"
"JH378115","32698332","32698611","chr10","100068671","100068950","24","67370339"
"JH378115","32698612","32698862","chr10","100068951","100069199","22","67370339"
"JH378115","32747176","32747480","chr10","100116076","100116367","36","67368900"
"JH378115","32766481","32766777","chr10","100136066","100136361","20","67369585"
"JH378115","32790276","32790551","chr10","100157286","100157549","35","67367010"
"JH378115","32790949","32791253","chr10","100158283","100158563","44","67367334"
"JH378115","32798518","32798812","chr9","38402923","38403217","38","5604405"
"JH378115","32812164","32812450","chrX","127725609","127725900","45","94913445"
"JH378115","32818974","32819261","chr12","56786655","56786939","40","23967681"
"JH378115","32824844","32824975","chr10","100191546","100191678","13","67366702"
"JH378115","32830905","32830994","chr1","107564561","107564652","10","74733656"
"JH378115","32834452","32834686","chr3","108272869","108273100","37","75438417"
"JH378115","32844982","32845294","chr10","100214687","100214980","42","67369705"
"JH378115","32870837","32871130","chr10","100240723","100241026","24","67369886"
"JH378115","32888835","32889129","chr3","150679536","150679836","45","117790701"
"JH378115","32889803","32890094","chr10","100260705","100260979","36","67370902"
"JH378115","32900555","32900843","chr10","100273424","100273719","23","67372869"
"JH378115","32919352","32919477","chrUn_GL286238","69732","69857","9","32849620"
"JH378115","32937712","32938021","chr10","100307977","100308290","32","67370265"
"JH378115","32942166","32942299","chr2","35224174","35224309","24","2282008"
"JH378115","32942595","32942732","chr5","70854574","70854711","22","37911979"
"JH378115","32964626","32964721","chr6","95356802","95356898","11","62392176"
"JH378115","32970413","32970689","chr10","100341446","100341721","19","67371033"
"JH378115","32985959","32986126","chrUn_GL286658","10366","10534","19","32975593"
"JH378115","32996615","32996901","chr10","100366557","100366841","16","67369942"
"JH378115","32999122","32999419","chr10","100368735","100369028","25","67369613"
"JH378115","33004737","33005047","chr10","100373969","100374284","23","67369232"
"JH378115","33005057","33005158","chr1","198728740","198728840","15","165723683"
"JH378115","33008121","33008419","chrX","45579634","45579937","43","12571513"
"JH378115","33019687","33019987","chr10","100388387","100388692","21","67368700"
"JH378115","33024186","33024347","chr6","110977219","110977378","28","77953033"
"JH378115","33024643","33024774","chr2","202226624","202226753","13","169201981"
"JH378115","33050645","33050840","chr10","100416311","100416506","8","67365666"
"JH378115","33058750","33059025","chr10","100423818","100424084","29","67365068"
"JH378115","33066256","33066460","chr10","100430983","100431186","16","67364727"
"JH378115","33069108","33069225","chr16","75107059","75107175","12","42037951"
"JH378115","33078336","33078630","chr10","100443876","100444166","23","67365540"
"JH378115","33090857","33091142","chr10","100455470","100455768","30","67364613"
"JH378115","33096937","33097106","chr10","100462183","100462351","17","67365246"
"JH378115","33102378","33102499","chr11","58748567","58748683","8","25646189"
"JH378115","33103834","33104147","chr17","1254786","1255096","60","31849048"
"JH378115","33111424","33111691","chr4","38257889","38258166","51","5146465"
"JH378115","33115704","33116007","chr10","100482085","100482393","35","67366381"
"JH378115","33125927","33126098","chr10","100495646","100495816","6","67369719"
"JH378115","33126395","33126540","chr10","100496113","100496258","9","67369718"
"JH378115","33138772","33139061","chr4","133300115","133300407","42","100161343"
"JH378115","33140028","33140326","chr10","100509246","100509560","32","67369218"
"JH378115","33146234","33146563","chr10","100515218","100515530","43","67368984"
"JH378115","33148037","33148322","chr10","100517525","100517828","36","67369488"
"JH378115","33155869","33155953","chr2","97295088","97295173","9","64139219"
"JH378115","33166826","33167013","chr2","11748390","11748596","43","21418436"
"JH378115","33167352","33167652","chr10","100535223","100535523","20","67367871"
"JH378115","33172113","33172421","chr10","100539318","100539614","34","67367205"
"JH378115","33173575","33173892","chr10","100541076","100541397","35","67367501"
"JH378115","33181352","33181657","chr10","100548541","100548844","35","67367189"
"JH378115","33185898","33186025","chr11","90894804","90894929","6","57708906"
"JH378115","33213878","33214010","chr10","100579387","100579521","13","67365509"
"JH378115","33219313","33219585","chr10","100585172","100585457","27","67365859"
"JH378115","33221089","33221416","chr19","25367705","25368032","52","7853384"
"JH378115","33231682","33231799","chr10","100598268","100598385","9","67366586"
"JH378115","33232113","33232238","chr6","48991188","48991309","29","15759075"
"JH378115","33238736","33239048","chr7","75171671","75171977","51","41932935"
"JH378115","33240875","33241182","chr10","100606926","100607232","20","67366051"
"JH378115","33246338","33246514","chr5","134311911","134312087","32","101065573"
"JH378115","33246818","33246950","chr5","84227278","84227413","12","50980460"
"JH378115","33251255","33251396","chr10","100616676","100616817","13","67365421"
"JH378115","33251692","33251725","chr10","128337925","128337956","6","95086233"
"JH378115","33261294","33261579","chr10","100625873","100626184","42","67364579"
"JH378115","33262585","33262684","chr1","139543924","139544027","26","106281339"
"JH378115","33273729","33274008","chr10","25402959","25403240","47","7870770"
"JH378115","33299303","33299605","chr10","100663843","100664134","32","67364540"
"JH378115","33301599","33301888","chr10","100666095","100666386","20","67364496"
"JH378115","33311511","33311756","chr9","35675790","35676039","41","2364279"
"JH378115","33342831","33343141","chr10","100704300","100704609","20","67361469"
"JH378115","33348964","33349141","chr7","55423827","55424015","42","22074863"
"JH378115","33349165","33349288","chr4","153973323","153973449","16","120624158"
"JH378115","33350240","33350527","chr10","100710691","100710996","28","67360451"
"JH378115","33404937","33405236","chr10","120826394","120826690","46","87421457"
"JH378115","33406046","33406197","chr10","100766328","100766480","14","67360282"
"JH378115","33406494","33406631","chr10","100766770","100766906","7","67360276"
"JH378115","33407403","33407706","chr10","100767676","100767974","20","67360273"
"JH378115","33411472","33411771","chr10","100771437","100771738","18","67359965"
"JH378115","33420670","33420725","chr2","63809462","63809516","6","30388792"
"JH378115","33479436","33479535","chr1","192376854","192376951","17","158897418"
"JH378115","33525699","33525848","chr10","100893773","100893939","30","67368074"
"JH378115","33566058","33566299","chr10","100935940","100936188","27","67369882"
"JH378115","33574044","33574347","chr10","100943610","100943907","28","67369566"
"JH378115","33618086","33618383","chr10","100987492","100987787","18","67369406"
"JH378115","33699548","33699819","chr3","4978064","4978336","47","28721484"
"JH378115","33700502","33700806","chr10","101063292","101063591","29","67362790"
"JH378115","33782837","33783126","chr10","101149929","101150218","20","67367092"
"JH378115","33806688","33806855","chr3","75230360","75230525","25","41423672"
"JH378115","33807078","33807204","chr8","116742492","116742619","13","82935414"
"JH378115","33821049","33821354","chr10","101188999","101189301","30","67367950"
"JH378115","33889937","33890161","chr10","101265732","101265945","21","67375795"
"JH378115","33917065","33917342","chrX","64480750","64481035","45","30563685"
"JH378115","33918874","33919024","chrX","118183583","118183726","19","84264709"
"JH378115","33926384","33926567","chr10","101304313","101304495","12","67377929"
"JH378115","33951475","33951773","chr10","101331952","101332246","22","67380477"
"JH378115","34043762","34044077","chr10","101425894","101426205","28","67382132"
"JH378115","34068355","34068650","chr10","101448952","101449247","22","67380597"
"JH378115","34073920","34074088","chr10","101455051","101455216","12","67381131"
"JH378115","34088125","34088426","chr10","101469539","101469842","21","67381414"
"JH378115","34162880","34162971","chr10","101545726","101545818","6","67382846"
"JH378115","34163860","34163978","chr5","149929550","149929664","19","115765690"
"JH378115","34195138","34195439","chr5","121967717","121968016","40","87772579"
"JH378115","34230871","34231170","chr15","43705308","43705610","48","9474437"
"JH378115","34271505","34271783","chr10","101659949","101660233","25","67388444"
"JH378115","34292680","34292993","chr10","101682382","101682697","43","67389702"
"JH378115","34301170","34301305","chr8","91985553","91985688","19","57684383"
"JH378115","34301622","34301779","chr10","8870394","8870546","36","25431228"
"JH378115","34316038","34316157","chr9","21133008","21133124","16","13183030"
"JH378115","34316158","34316427","chr2","27804395","27804664","37","6511763"
"JH378115","34323383","34323676","chr10","101713949","101714236","27","67390566"
"JH378115","34325042","34325333","chr10","101716020","101716313","25","67390978"
"JH378115","34341665","34341796","chr1","197885955","197886086","6","163544290"
"JH378115","34342833","34343131","chr10","101736167","101736478","37","67393334"
"JH378115","34345121","34345410","chr10","101738311","101738599","24","67393190"
"JH378115","34349541","34349839","chr2","145437197","145437492","49","111087656"
"JH378115","34362394","34362737","chr10","101756242","101756584","19","67393848"
"JH378115","34365992","34366287","chr10","101759496","101759787","29","67393504"
"JH378115","34392932","34393252","chr10","114802540","114802843","61","80409608"
"JH378115","34395329","34395637","chr10","101791496","101791791","28","67396167"
"JH378115","34399906","34400209","chr10","101796031","101796329","23","67396125"
"JH378115","34401025","34401258","chr7","58498774","58499002","41","24097749"
"JH378115","34402263","34402545","chr13","28271661","28271943","41","6130602"
"JH378115","34418578","34418734","chr7","56871369","56871523","27","22452791"
"JH378115","34421353","34421500","chr10","101820409","101820559","27","67399056"
"JH378115","34459091","34459316","chr10","102308045","102308269","37","67848954"
"JH378115","34464323","34464619","chr2","59634610","59634895","59","25170287"
"JH378115","34466798","34467089","chr10","101860402","101860692","18","67393604"
"JH378115","34469562","34469827","chr2","37340917","37341183","44","2871355"
"JH378115","34474779","34475118","chr3","148168435","148168778","70","113693656"
"JH378115","34477947","34478236","chr10","101873037","101873330","25","67395090"
"JH378115","34480664","34480750","chr10","101875451","101875537","9","67394787"
"JH378115","34494410","34494716","chr10","101888799","101889102","36","67394389"
"JH378115","34509970","34510089","chr2","137446272","137446388","22","102936302"
"JH378115","34511326","34511646","chr8","11113774","11114091","53","23397552"
"JH378115","34513486","34513560","chr11","18015912","18015981","16","16497574"
"JH378115","34513619","34513834","chr9","41884911","41885131","36","7371292"
"JH378115","34528621","34528752","chr10","101924317","101924444","10","67395696"
"JH378115","34529053","34529234","chr10","101925524","101925694","27","67396471"
"JH378115","34536737","34537041","chr10","101929474","101929778","17","67392737"
"JH378115","34538437","34538646","chr4","155288471","155288691","42","120750034"
"JH378115","34589549","34589861","chr10","101990062","101990357","34","67400513"
"JH378115","34599349","34599473","chr16","91511343","91511466","12","56911994"
"JH378115","34611446","34611603","chr10","102011400","102011558","7","67399954"
"JH378115","34613990","34614117","chr8","97297938","97298063","27","62683948"
"JH378115","34626021","34626324","chr10","102026008","102026310","25","67399987"
"JH378115","34650453","34650510","chr4","44228330","44228382","11","9577877"
"JH378115","34651957","34652258","chr10","102054497","102054791","46","67402540"
"JH378115","34658469","34658604","chr1","187283250","187283382","24","152624781"
"JH378115","34658916","34659094","chr2","10657098","10657276","26","24001818"
"JH378115","34661385","34661525","chr10","102064820","102064958","7","67403435"
"JH378115","34661816","34661862","chr7","42484532","42484580","13","7822716"
"JH378115","34675186","34675487","chr10","102081516","102081816","30","67406330"
"JH378115","34695551","34695859","chr5","79478782","79479093","39","44783231"
"JH378115","34715461","34715781","chr10","102124903","102125189","52","67409442"
"JH378115","34719357","34719657","chr10","102129023","102129320","20","67409666"
"JH378115","34753446","34753559","chr22","16530917","16531032","11","18222529"
"JH378115","34755996","34756160","chr5","394022","394175","23","34361974"
"JH378115","34763321","34763627","chr10","102170614","102170924","20","67407293"
"JH378115","34766741","34767028","chr10","102174120","102174407","46","67407379"
"JH378115","34768796","34768950","chr10","102176148","102176306","21","67407352"
"JH378115","34778387","34778701","chr10","102187457","102187773","30","67409070"
"JH378115","34813560","34813870","chr10","102223923","102224233","22","67410363"
"JH378115","34822508","34822813","chr9","35365483","35365792","43","542975"
"JH378115","34824914","34825051","chr15","77183035","77183172","12","42358121"
"JH378115","34850748","34851069","chr9","112647173","112647494","46","77796425"
"JH378115","34851070","34851183","chr1","172608413","172608519","20","137757343"
"JH378115","34877303","34877434","chr1","197885955","197886086","5","163008652"
"JH378115","34881068","34881312","chr9","46251472","46251716","49","11370404"
"JH378115","34888834","34889140","chr10","102292587","102292899","21","67403753"
"JH378115","34891748","34891914","chr10","102296104","102296270","12","67404356"
"JH378115","34892215","34892226","chr3","63011105","63011118","3","28118890"
"JH378115","34892258","34892389","chr5","130633376","130633507","18","95741118"
"JH378115","34896612","34896918","chr10","102301252","102301543","38","67404640"
"JH378115","34921915","34922032","chr4","169669927","169670045","19","134748012"
"JH378115","34931451","34931762","chr10","102332998","102333287","43","67401547"
"JH378115","34935413","34935701","chr10","102336911","102337204","26","67401498"
"JH378115","34942303","34942574","chrX","97887458","97887726","45","62945155"
"JH378115","34954628","34954937","chr10","102356310","102356607","31","67401682"
"JH378115","34973120","34973430","chr10","102373484","102373788","26","67400364"
"JH378115","34980333","34980619","chr10","102378110","102378397","23","67397777"
"JH378115","34980652","34980905","chr22","32538808","32539040","58","2441844"
"JH378115","34981206","34981292","chr13","15795943","15796029","12","19185263"
"JH378115","35016899","35017179","chr5","57600972","57601251","54","22584073"
"JH378115","35033466","35033772","chr22","42256352","42256655","50","7222886"
"JH378115","35046182","35046474","chr10","102448166","102448478","44","67401984"
"JH378115","35046648","35046935","chr10","102448495","102448782","21","67401847"
"JH378115","35054857","35055163","chr10","102456914","102457203","37","67402057"
"JH378115","35058504","35058515","chr4","120003253","120003264","1","84944749"
"JH378115","35058536","35058828","chr16","70650901","70651195","43","35592365"
"JH378115","35066041","35066062","chr10","102468186","102468207","1","67402145"
"JH378115","35066087","35066353","chr10","102468229","102468490","23","67402142"
"JH378115","35093828","35094175","chr6","33479873","33480204","84","1613955"
"JH378115","35144773","35144891","chr9","119790059","119790179","16","84645286"
"JH378115","35168042","35168344","chr10","102577229","102577539","26","67409187"
"JH378115","35170216","35170371","chr7","86261396","86261550","28","51091180"
"JH378115","35188439","35188572","chr10","102600841","102600965","15","67412402"
"JH378115","35226538","35226847","chr10","102639469","102639775","37","67412931"
"JH378115","35229232","35229524","chr10","102642129","102642422","13","67412897"
"JH378115","35232173","35232492","chr10","102645034","102645383","48","67412861"
"JH378115","35246919","35247191","chr10","102661762","102662026","21","67414843"
"JH378115","35254655","35254789","chr10","102669016","102669142","16","67414361"
"JH378115","35260765","35261054","chr10","102674750","102675052","40","67413985"
"JH378115","35262039","35262217","chrX","96281939","96282114","27","61019900"
"JH378115","35262250","35262371","chr10","123206065","123206190","18","87943815"
"JH378115","35273796","35273993","chr5","151103638","151103826","19","115829842"
"JH378115","35277975","35278107","chr15","75261888","75262020","18","39983913"
"JH378115","35286092","35286390","chr9","32209411","32209703","49","3076681"
"JH378115","35288300","35288425","chr9","78889903","78890030","11","43601603"
"JH378115","35296770","35296896","chr4","10955691","10955822","24","24341079"
"JH378115","35297458","35297574","chr5","38664714","38664825","19","3367256"
"JH378115","35300708","35300816","chr10","102715056","102715162","5","67414348"
"JH378115","35314003","35314073","chr10","98660424","98660495","13","63346421"
"JH378115","35324563","35324867","chr9","100060012","100060317","47","64735449"
"JH378115","35326184","35326486","chr10","102739628","102739932","13","67413444"
"JH378115","35333268","35333564","chr10","102743359","102743660","41","67410091"
"JH378115","35334936","35335195","chr2","168700499","168700766","56","133365563"
"JH378115","35350394","35350567","chr10","102781276","102781439","18","67430882"
"JH378115","35352377","35352724","chrX","44531759","44532100","29","9179382"
"JH378115","35354202","35354337","chr7","81189251","81189387","18","45835049"
"JH378115","35362502","35362597","chr14","81250837","81250932","12","45888335"
"JH378115","35364179","35364389","chr1","137993907","137994116","34","102629728"
"JH378115","35367375","35367687","chr10","102800589","102800883","32","67433214"
"JH378115","35369120","35369417","chr10","102801984","102802274","29","67432864"
"JH378115","35370742","35370814","chr10","102804165","102804237","5","67433423"
"JH378115","35399360","35399667","chr10","102831537","102831845","30","67432177"
"JH378115","35402662","35402956","chr10","102834639","102834930","19","67431977"
"JH378115","35404334","35404650","chr10","102835990","102836308","31","67431656"
"JH378115","35409940","35410070","chr10","102840905","102841035","7","67430965"
"JH378115","35422871","35423134","chr10","102854689","102854954","23","67431818"
"JH378115","35430517","35430817","chr10","102861664","102861973","35","67431147"
"JH378115","35431721","35432034","chr10","102862896","102863198","31","67431175"
"JH378115","35438899","35439079","chr5","43647884","43648062","36","8208985"
"JH378115","35444951","35445019","chr10","102879923","102879991","5","67434972"
"JH378115","35445563","35445916","chr10","102880540","102880892","30","67434977"
"JH378115","35449096","35449239","chr6","112833306","112833442","24","77384210"
"JH378115","35449446","35449586","chr15","4763362","4763498","42","30686084"
"JH378115","35452891","35453003","chr15","87393602","87393712","16","51940711"
"JH378115","35455694","35455787","chr10","102888520","102888612","5","67432826"
"JH378115","35456035","35456196","chr12","839190","839352","32","34616845"
"JH378115","35456506","35456660","chr9","108781049","108781192","35","73324543"
"JH378115","35457516","35457804","chr10","102890168","102890464","25","67432652"
"JH378115","35474268","35474457","chr10","102907428","102907608","23","67433160"
"JH378115","35484375","35484680","chr3","65532640","65532946","46","30048265"
"JH378115","35493460","35493551","chr10","1211374","1211468","13","34282086"
"JH378115","35494596","35494650","chr3","6668675","6668728","13","28825921"
"JH378115","35494688","35494839","chr1","210162698","210162840","25","174668010"
"JH378115","35500880","35501175","chr10","102936983","102937277","16","67436103"
"JH378115","35504604","35504910","chr10","102939816","102940077","60","67435212"
"JH378115","35523605","35523741","chr11","9428537","9428668","16","26095068"
"JH378115","35525670","35525976","chr10","102963398","102963704","21","67437728"
"JH378115","35528690","35528809","chr10","102966729","102966851","10","67438039"
"JH378115","35528834","35528994","chr10","102966876","102967035","12","67438042"
"JH378115","35535804","35536098","chr10","102974071","102974364","25","67438267"
"JH378115","35542872","35543195","chr9","107238834","107239159","59","71695962"
"JH378115","35553355","35553552","chr10","102990304","102990495","22","67436949"
"JH378115","35553801","35553967","chr7","11114969","11115131","29","24438832"
"JH378115","35556470","35556694","chr10","102993418","102993645","30","67436948"
"JH378115","35576314","35576463","chr10","103011146","103011294","5","67434832"
"JH378115","35583307","35583424","chr9","112044070","112044194","12","76460763"
"JH378115","35597114","35597399","chr10","103028400","103028685","36","67431286"
"JH378115","35598998","35599283","chr10","103030654","103030946","38","67431656"
"JH378115","35600690","35600813","chr20","12365501","12365616","22","23235189"
"JH378115","35600953","35601074","chr15","34507371","34507492","5","1093582"
"JH378115","35605870","35606159","chr6","132821820","132822108","46","97215950"
"JH378115","35608883","35609174","chr10","69678710","69679004","36","34069827"
"JH378115","35612585","35612672","chr3","16719810","16719897","11","18892775"
"JH378115","35613723","35614012","chr10","103047994","103048284","23","67434271"
"JH378115","35619306","35619343","chr10","103053642","103053679","0","67434336"
"JH378115","35619401","35619482","chr3","46763430","46763512","15","11144029"
"JH378115","35619484","35619598","chr9","123891983","123892097","8","88272499"
"JH378115","35619626","35619702","chr14","52118855","52118935","18","16499229"
"JH378115","35633872","35633934","chr10","35587277","35587339","8","46595"
"JH378115","35642172","35642460","chr10","103082203","103082495","32","67440031"
"JH378115","35642855","35642906","chr21","40286983","40287032","8","4644128"
"JH378115","35643509","35643658","chr2","128612814","128612966","32","92969305"
"JH378115","35659983","35660263","chr4","43326497","43326775","45","7666514"
"JH378115","35677232","35677528","chr10","103114973","103115275","23","67437741"
"JH378115","35677623","35677900","chr10","103115368","103115650","26","67437745"
"JH378115","35679301","35679599","chr10","103116754","103117046","29","67437453"
"JH378115","35680829","35680957","chr9","111828323","111828456","19","76147494"
"JH378115","35685155","35685279","chr2","164219629","164219752","5","128534474"
"JH378115","35692767","35693057","chr10","103129438","103129729","17","67436671"
"JH378115","35697608","35697744","chr2","171692953","171693088","18","135995345"
"JH378115","35700627","35700814","chr16","73020249","73020441","32","37319622"
"JH378115","35707078","35707387","chr10","103140878","103141191","21","67433800"
"JH378115","35716837","35717116","chr12","90075757","90076035","43","54358920"
"JH378115","35722090","35722230","chr20","10794277","10794412","35","24927813"
"JH378115","35722533","35722677","chr7","80640595","80640727","35","44918062"
"JH378115","35724778","35724964","chr5","9161595","9161782","33","26563183"
"JH378115","35740249","35740356","chr9","100516868","100516974","5","64776619"
"JH378115","35748591","35748676","chr4","56152502","56152588","10","20403911"
"JH378115","35759627","35759742","chr10","103188807","103188922","7","67429180"
"JH378115","35764633","35764806","chr2","171413897","171414069","28","135649264"
"JH378115","35765943","35766070","chr2","153248143","153248270","10","117482200"
"JH378115","35766380","35766690","chrX","5897720","5898032","35","29868660"
"JH378115","35774431","35774535","chr3","141896132","141896235","22","106121701"
"JH378115","35774955","35775021","chr5","123155508","123155571","9","87380553"
"JH378115","35775073","35775388","chr5","60671568","60671876","60","24896495"
"JH378115","35777256","35777540","chr4","148485141","148485423","45","112707885"
"JH378115","35788340","35788620","chr5","95918972","95919251","47","60130632"
"JH378115","35788636","35788923","chr12","151602","151887","40","35637034"
"JH378115","35795740","35795844","chr5","75545367","75545470","6","39749627"
"JH378115","35798582","35798872","chr10","103220583","103220871","16","67422001"
"JH378115","35802758","35802975","chrUn_GL286234","36741","36959","31","35766017"
"JH378115","35808561","35808844","chr10","103230251","103230541","38","67421690"
"JH378115","35810477","35810783","chr10","103232173","103232472","34","67421696"
"JH378115","35816321","35816621","chr10","103237027","103237327","19","67420706"
"JH378115","35818583","35818812","chr10","103239255","103239493","28","67420672"
"JH378115","35825249","35825376","chr1","194393889","194394018","10","158568640"
"JH378115","35829716","35830021","chr9","101505496","101505800","65","65675780"
"JH378115","35832946","35833243","chr10","103255514","103255809","21","67422568"
"JH378115","35837623","35837706","chr20","43074844","43074928","14","7237221"
"JH378115","35840209","35840421","chr1","181422524","181422717","47","145582315"
"JH378115","35855794","35855926","chr10","103277276","103277408","12","67421482"
"JH378115","35856231","35856390","chr1","206535827","206535988","30","170679596"
"JH378115","35857823","35858103","chr2","45200545","45200823","43","9342722"
"JH378115","35862848","35863133","chr10","103284753","103285038","22","67421905"
"JH378115","35879838","35879953","chr13","62384989","62385098","26","26505151"
"JH378115","35894856","35895148","chr10","103317719","103318024","37","67422863"
"JH378115","35922252","35922463","chr10","103342461","103342669","17","67420209"
"JH378115","35962217","35962458","chr10","103382972","103383203","16","67420755"
"JH378115","35962819","35963101","chr10","103383444","103383726","22","67420625"
"JH378115","35970622","35970911","chr10","103391674","103391971","38","67421052"
"JH378115","36010732","36010917","chr17","59074042","59074215","35","23063310"
"JH378115","36012154","36012286","chr20","23719259","23719391","12","12292895"
"JH378115","36018723","36019010","chr10","103447748","103448034","27","67429025"
"JH378115","36036363","36036489","chr5","38174077","38174203","15","2137714"
"JH378115","36041737","36042052","chr5","157082303","157082618","20","121040566"
"JH378115","36057355","36057666","chr7","7013683","7013991","48","29043672"
"JH378115","36071617","36071789","chr22","33842564","33842737","28","2229053"
"JH378115","36072083","36072214","chr4","71951607","71951738","17","35879524"
"JH378115","36159229","36159520","chr10","103586123","103586422","29","67426894"
"JH378115","36198339","36198587","chr10","103624949","103625195","13","67426610"
"JH378115","36202242","36202431","chr5","39921585","39921759","48","3719343"
"JH378115","36246889","36247148","chr10","103673853","103674116","14","67426964"
"JH378115","36299673","36299966","chr10","103737007","103737303","28","67437334"
"JH378115","36383453","36383741","chr10","103823336","103823626","28","67439883"
"JH378115","36424892","36425176","chr1","165289151","165289437","39","128864259"
"JH378115","36446991","36447058","chr10","103893274","103893341","5","67446283"
"JH378115","36450866","36451173","chr15","18045899","18046198","49","18404967"
"JH378115","36543202","36543473","chr10","103992790","103993059","26","67449588"
"JH378115","36631522","36631763","chr10","104081383","104081614","25","67449861"
"JH378115","36761795","36762062","chr11","118066556","118066830","53","81304761"
"JH378115","36774870","36775216","chr8","60250542","60250856","80","23475672"
"JH378115","36812765","36813062","chr10","104263655","104263973","45","67450890"
"JH378115","36989204","36989336","chr1","84257478","84257610","8","47268274"
"JH378115","37024371","37024660","chr10","104476103","104476375","44","67451732"
"JH378115","37111711","37112020","chr4","43468048","43468364","54","6356337"
"JH378115","37128955","37129255","chr10","104586312","104586609","29","67457357"
"JH378115","37257307","37257482","chr17","37379123","37379296","20","121816"
"JH378115","37257510","37257633","chr10","35064189","35064313","8","2193321"
"JH378115","37294919","37295050","chr10","104763524","104763655","6","67468605"
"JH378115","37309517","37309645","chr1","64015511","64015638","9","26705994"
"JH378115","37322885","37323185","chr7","150520087","150520379","45","113197202"
"JH378115","37338167","37338474","chr10","104805654","104805960","27","67467487"
"JH378115","37375765","37376064","chr10","104845663","104845972","28","67469898"
"JH378115","37384580","37384887","chr10","104854108","104854419","33","67469528"
"JH378115","37403286","37403628","chr10","104873323","104873634","49","67470037"
"JH378115","37423130","37423227","chr20","10183994","10184088","15","27239136"
"JH378115","37452683","37452888","chr7","20367079","20367285","32","17085604"
"JH378115","37462422","37462663","chr10","104932317","104932546","31","67469895"
"JH378115","37611567","37611885","chr10","105083745","105084047","37","67472178"
"JH378115","37619433","37619661","chr13","45149678","45149909","32","7530245"
"JH378115","37652177","37652457","chr10","105140860","105141131","33","67488683"
"JH378115","37695605","37695897","chr10","105182650","105182940","31","67487045"
"JH378115","37761469","37761756","chr10","105251516","105251803","29","67490047"
"JH378115","37781031","37781191","chr10","105271624","105271784","12","67490593"
"JH378115","37867292","37867605","chr10","105357158","105357453","45","67489866"
"JH378115","37875526","37875810","chr10","105365283","105365571","40","67489757"
"JH378115","37959503","37959798","chr5","6908797","6909090","41","31050706"
"JH378115","38064604","38064945","chr10","105565064","105565389","38","67500460"
"JH378115","38116580","38116870","chr10","105617486","105617783","29","67500906"
"JH378115","38116956","38117135","chr7","62697040","62697214","33","24580084"
"JH378115","38172013","38172318","chr10","105675969","105676274","26","67503956"
"JH378115","38172564","38172825","chr10","105676724","105676987","15","67504160"
"JH378115","38213335","38213480","chr5","90195107","90195249","28","51981772"
"JH378115","38213530","38213653","chr14","49520183","49520306","8","11306653"
"JH378115","38282040","38282378","chr3","167596669","167596990","68","129314629"
"JH378115","38332123","38332385","chr10","105841681","105841951","26","67509558"
"JH378115","38470581","38470868","chr10","105993693","105994001","45","67523112"
"JH378115","38510011","38510313","chr10","106035953","106036249","27","67525942"
"JH378115","38511757","38512058","chr10","106037659","106037961","23","67525902"
"JH378115","38525447","38525758","chr10","106051538","106051859","52","67526091"
"JH378115","38604304","38604596","chr10","106129949","106130245","34","67525645"
"JH378115","38624129","38624376","chr8","125610149","125610399","49","86986020"
"JH378115","38692398","38692639","chr2","17927585","17927826","50","20764813"
"JH378115","38697602","38697712","chr5","110722551","110722660","8","72024949"
"JH378115","38785046","38785352","chr10","106301350","106301653","38","67516304"
"JH378115","38837073","38837350","chr10","106365319","106365610","44","67528246"
"JH378115","38884284","38884586","chr7","25928953","25929253","52","12955331"
"JH378115","38990828","38991126","chr1","141936400","141936701","53","102945572"
"JH378115","39028442","39028717","chr10","106562348","106562637","32","67533906"
"JH378115","39034398","39034552","chr10","106568021","106568182","23","67533623"
"JH378115","39086505","39086623","chr3","124005232","124005350","22","84918727"
"JH378115","39086644","39086792","chr2","31556924","31557077","28","7529720"
"JH378115","39092005","39092296","chr10","106623863","106624155","30","67531858"
"JH378115","39097566","39097798","chr18","7648254","7648500","44","31449312"
"JH378115","39099961","39100261","chr10","106631899","106632190","27","67531938"
"JH378115","39132475","39132755","chr2","135823994","135824290","46","96691519"
"JH378115","39144941","39145258","chr1","41453264","41453565","61","2308323"
"JH378115","39154778","39154856","chr2","181294039","181294116","10","142139261"
"JH378115","39177789","39178099","chr10","106719294","106719600","28","67541505"
"JH378115","39179826","39180051","chr13","26099612","26099842","43","13080214"
"JH378115","39181560","39181637","chr5","10863620","10863697","13","28317940"
"JH378115","39191181","39191310","chr2","107501875","107502002","11","68310694"
"JH378115","39207741","39207872","chr10","106749090","106749213","13","67541349"
"JH378115","39218974","39219285","chr10","106761584","106761892","31","67542610"
"JH378115","39255884","39256179","chr10","106801563","106801867","29","67545679"
"JH378115","39271442","39271510","chr7","4505692","4505757","10","34765750"
"JH378115","39313739","39314030","chr10","106860835","106861130","20","67547096"
"JH378115","39372752","39372824","chr22","2323878","2323952","8","37048874"
"JH378115","39382467","39382584","chr18","33175983","33176100","3","6206484"
"JH378115","39384009","39384183","chrX","107814332","107814502","29","68430323"
"JH378115","39393385","39393670","chr10","106944759","106945045","23","67551374"
"JH378115","39397741","39398069","chr17","67602434","67602760","66","28204693"
"JH378115","39399831","39399917","chr13","20885803","20885894","18","18514028"
"JH378115","39400478","39400676","chr6","83472421","83472626","31","44071943"
"JH378115","39403792","39404104","chr1","74572018","74572328","62","35168226"
"JH378115","39410503","39410718","chr10","106962819","106963029","22","67552316"
"JH378115","39415938","39416226","chr10","106967722","106968022","29","67551784"
"JH378115","39440110","39440405","chr10","106991155","106991443","47","67551045"
"JH378115","39442438","39442710","chr7","48603894","48604172","53","9161456"
"JH378115","39442734","39442747","chr2","22986950","22986961","2","16455784"
"JH378115","39514385","39514696","chr10","107068924","107069229","25","67554539"
"JH378115","39548280","39548580","chr10","107103103","107103403","22","67554823"
"JH378115","39561946","39562077","chr8","93026306","93026438","21","53464360"
"JH378115","39562104","39562235","chr12","87551510","87551641","16","47989406"
"JH378115","39581023","39581314","chr10","107135781","107136070","15","67554758"
"JH378115","39649974","39650074","chr10","107205903","107206003","4","67555929"
"JH378115","39684035","39684326","chr10","107245628","107245920","17","67561593"
"JH378115","39731294","39731609","chr10","107295026","107295345","29","67563732"
"JH378115","39739886","39739999","chr10","107303267","107303383","6","67563381"
"JH378115","39768660","39768949","chr10","107333757","107334047","17","67565097"
"JH378115","39774146","39774507","chr10","107338481","107338809","55","67564335"
"JH378115","39833640","39833935","chr10","107408089","107408384","23","67574449"
"JH378115","39840553","39840821","chr10","107414822","107415086","23","67574269"
"JH378115","39844075","39844372","chr10","107418453","107418741","30","67574378"
"JH378115","39890163","39890301","chr4","44146401","44146537","15","4256238"
"JH378115","39890598","39890744","chr4","13895839","13895987","30","25994759"
"JH378115","39932137","39932432","chr10","107509196","107509491","19","67577059"
"JH378115","39937385","39937624","chr1","168270355","168270594","37","128332970"
"JH378115","39968440","39968730","chr10","107543600","107543901","27","67575160"
"JH378115","40001027","40001268","chr10","107591750","107591996","21","67590723"
"JH378115","40031065","40031355","chr10","107621612","107621866","49","67590547"
"JH378115","40452008","40452304","chr4","38053211","38053510","45","2398797"
"JH378115","40587155","40587452","chr10","108223890","108224187","21","67636735"
"JH378115","40707515","40707647","chr10","108349266","108349411","18","67641751"
"JH378115","40791760","40792034","chr1","164867254","164867536","50","124075494"
"JH378115","40792076","40792091","chr3","165678166","165678182","1","124886090"
"JH378115","40877399","40877688","chr7","135311301","135311572","64","94433902"
"JH378115","40920944","40921220","chr14","70994897","70995186","51","30073953"
"JH378115","40986598","40986897","chr2","145437197","145437492","41","104450599"
"JH378115","41032289","41032563","chr10","108701907","108702180","14","67669618"
"JH378115","41077314","41077623","chr10","108748515","108748815","35","67671201"
"JH378115","41099753","41100039","chr10","108776103","108776406","36","67676350"
"JH378115","41171524","41171649","chr5","110714591","110714713","10","69543067"
"JH378115","41220152","41220315","chr7","50660332","50660489","32","9440180"
"JH378115","41222877","41223174","chr10","108917164","108917472","39","67694287"
"JH378115","41268137","41268382","chr4","44107955","44108192","45","2839818"
"JH378115","41271377","41271662","chr10","108962882","108963165","26","67691505"
"JH378115","41340698","41340996","chr10","109043649","109043958","33","67702951"
"JH378115","41426332","41426647","chr10","109129273","109129562","52","67702941"
"JH378115","41437612","41437925","chr3","50234623","50234930","58","8797011"
"JH378115","41511349","41511582","chr10","109238622","109238850","24","67727273"
"JH378115","41519935","41520199","chr10","109247557","109247822","8","67727622"
"JH378115","41726304","41726592","chr10","109447037","109447322","22","67720733"
"JH378115","41749738","41750059","chr10","109471127","109471428","44","67721389"
"JH378115","41750065","41750343","chr10","109471434","109471712","22","67721369"
"JH378115","41772155","41772462","chr10","109491551","109491840","37","67719396"
"JH378115","41860081","41860372","chr10","109592383","109592674","39","67732302"
"JH378115","41906757","41907061","chr10","109645205","109645501","27","67738448"
"JH378115","41920415","41920544","chr4","43423668","43423797","5","1503253"
"JH378115","41960295","41960569","chr7","6507903","6508177","56","35452392"
"JH378115","41960600","41960610","chr14","46254779","46254789","0","4294179"
"JH378115","41988917","41989196","chr10","109727901","109728143","52","67738984"
"JH378115","42127097","42127222","chr9","45114814","45114937","16","2987717"
"JH378115","42162529","42162652","chr12","50505478","50505602","6","8342949"
"JH378115","42174929","42175258","chr10","109920878","109921183","45","67745949"
"JH378115","42302909","42303181","chr13","1150368","1150639","44","41152541"
"JH378115","42305811","42306120","chr19","10208538","10208840","46","32097273"
"JH378115","42310436","42310742","chr19","46819491","46819803","50","4509055"
"JH378115","42351682","42351991","chr10","110105540","110105850","24","67753858"
"JH378115","42461799","42461997","chr10","110228996","110229200","26","67767197"
"JH378115","42497640","42497877","chr3","108272869","108273100","52","65775229"
"JH378115","42619700","42619999","chr10","110383884","110384169","35","67764184"
"JH378115","42688337","42688608","chr10","110454667","110454936","29","67766330"
"JH378115","42726849","42727119","chr10","110496404","110496668","32","67769555"
"JH378115","42764777","42764978","chr10","110535829","110536031","15","67771052"
"JH378115","42800145","42800261","chr10","110572462","110572578","12","67772317"
"JH378115","42801114","42801426","chr10","110573474","110573769","45","67772360"
"JH378115","42835538","42835847","chr3","152923013","152923319","54","110087475"
"JH378115","42851584","42851744","chr2","62996305","62996467","27","20144721"
"JH378115","42851765","42851896","chr9","39232603","39232721","26","3619162"
"JH378115","42881407","42881669","chr10","110654163","110654446","42","67772756"
"JH378115","42881883","42882208","chr1","29509366","29509686","68","13372517"
"JH378115","42962382","42962596","chr15","5937141","5937350","57","37025241"
"JH378115","43023213","43023482","chr10","110797015","110797288","15","67773802"
"JH378115","43042257","43042545","chr10","110814761","110815051","31","67772504"
"JH378115","43062224","43062491","chr10","110834440","110834709","16","67772216"
"JH378115","43066235","43066519","chr10","110838577","110838871","41","67772342"
"JH378115","43099503","43099794","chr10","110872237","110872540","55","67772734"
"JH378115","43124838","43125133","chr6","22086259","22086563","50","21038579"
"JH378115","43281144","43281458","chr10","111058504","111058819","21","67777360"
"JH378115","43329059","43329367","chr10","111105800","111106090","46","67776741"
"JH378115","43393580","43393882","chr7","75171671","75171977","53","31778091"
"JH378115","43399205","43399481","chr10","111178028","111178313","33","67778823"
"JH378115","43463537","43463847","chr10","111241936","111242241","38","67778399"
"JH378115","43491849","43492127","chr10","111270504","111270766","50","67778655"
"JH378115","43514144","43514328","chr11","35329052","35329236","42","8185092"
"JH378115","43615951","43616043","chr5","89382254","89382351","14","45766303"
"JH378115","43718699","43718913","chr17","56449574","56449788","43","12730875"
"JH378116","4849623","4849926","chr13","79698773","79699072","30","74849150"
"JH378116","13762284","13762572","chr13","70289175","70289462","18","56526891"
"JH378116","36044656","36044973","chr13","46277898","46278187","49","10233242"
"JH378116","38272790","38273092","chr13","44241495","44241787","27","5968705"
"JH378116","26244","26538","chr13","84722652","84722947","22","84696408"
"JH378116","28822","28964","chr6","14617370","14617510","27","14588548"
"JH378116","31241","31279","chr9","114209436","114209476","9","114178195"
"JH378116","31885","32012","chr13","84717091","84717213","11","84685206"
"JH378116","33697","33740","chr11","16191498","16191540","10","16157801"
"JH378116","33788","33909","chr13","84715281","84715405","13","84681493"
"JH378116","41734","41884","chr10","88744287","88744439","32","88702553"
"JH378116","42179","42315","chr8","95782453","95782588","14","95740274"
"JH378116","48528","48593","chr13","84697472","84697544","9","84648944"
"JH378116","57232","57525","chr10","8746013","8746301","39","8688781"
"JH378116","60876","61076","chr13","84684145","84684345","13","84623269"
"JH378116","61682","61783","chr13","84683751","84683850","9","84622069"
"JH378116","66901","67169","chr4","147550345","147550619","48","147483444"
"JH378116","102108","102406","chr13","84643206","84643498","36","84541098"
"JH378116","113680","114020","chr13","84633559","84633851","58","84519879"
"JH378116","116043","116254","chr10","80992621","80992829","32","80876578"
"JH378116","117332","117590","chr13","84630633","84630894","21","84513301"
"JH378116","139255","139567","chr13","84609021","84609330","30","84469766"
"JH378116","176251","176548","chr13","84572069","84572358","28","84395818"
"JH378116","190033","190347","chr13","84558443","84558755","22","84368410"
"JH378116","197844","198043","chr3","175211127","175211314","42","175013283"
"JH378116","236675","236975","chr13","84513506","84513788","40","84276831"
"JH378116","239672","239981","chr13","84510834","84511144","30","84271162"
"JH378116","241166","241454","chr13","84509367","84509655","13","84268201"
"JH378116","281686","281966","chr13","84465720","84466007","26","84184034"
"JH378116","292850","293165","chr13","84454533","84454844","38","84161683"
"JH378116","319253","319539","chr13","84426290","84426563","27","84107037"
"JH378116","380799","381063","chr13","84364469","84364734","12","83983670"
"JH378116","455091","455388","chr13","84285788","84286079","26","83830697"
"JH378116","520416","520437","chr7","9612575","9612596","4","9092159"
"JH378116","520467","520754","chr1","182326018","182326301","39","181805551"
"JH378116","670922","671239","chr13","84067542","84067840","37","83396620"
"JH378116","678439","678751","chr13","84057178","84057480","31","83378739"
"JH378116","793548","793748","chr13","83937376","83937590","29","83143828"
"JH378116","794982","795209","chr1","165157534","165157761","42","164362552"
"JH378116","813111","813397","chr13","83922926","83923235","46","83109815"
"JH378116","820063","820197","chr14","69461194","69461327","18","68641131"
"JH378116","820495","820650","chr9","110793507","110793668","27","109973012"
"JH378116","834113","834245","chr13","83899099","83899230","9","83064986"
"JH378116","835010","835153","chr14","14424704","14424859","30","13589694"
"JH378116","839932","840222","chr7","113890644","113890931","39","113050712"
"JH378116","848104","848185","chr9","45907961","45908043","13","45059857"
"JH378116","848340","848579","chr22","24388172","24388405","39","23539832"
"JH378116","854067","854201","chr13","83877177","83877311","11","83023110"
"JH378116","854525","854661","chr7","36336274","36336405","15","35481749"
"JH378116","855722","855852","chr4","15016054","15016178","25","14160332"
"JH378116","862510","862530","chr9","14738476","14738498","4","13875966"
"JH378116","862704","862785","chr2","6514450","6514528","13","5651746"
"JH378116","867815","867944","chr14","31956758","31956882","14","31088943"
"JH378116","870305","870479","chr10","35026802","35026971","35","34156497"
"JH378116","873881","874013","chr1","79602548","79602671","42","78728667"
"JH378116","880374","880503","chr13","83849773","83849903","6","82969399"
"JH378116","880813","880930","chr5","25490508","25490624","25","24609695"
"JH378116","882535","882827","chr13","83847658","83847947","17","82965123"
"JH378116","883636","883932","chr13","83846553","83846846","42","82962917"
"JH378116","886079","886371","chr2","153350531","153350819","40","152464452"
"JH378116","892932","893192","chr10","116925883","116926152","51","116032951"
"JH378116","896540","896845","chr13","83832068","83832374","25","82935528"
"JH378116","896847","897143","chr1","172436835","172437121","64","171539988"
"JH378116","897848","898133","chr7","22678352","22678637","50","21780504"
"JH378116","899256","899516","chr20","39626928","39627190","45","38727672"
"JH378116","902486","902562","chr1","204527922","204527997","10","203625436"
"JH378116","904725","904980","chr13","13269656","13269906","51","12364931"
"JH378116","904982","905146","chr22","16594490","16594652","27","15689508"
"JH378116","905173","905281","chr15","12951077","12951183","19","12045904"
"JH378116","905361","905586","chr1","200549127","200549353","37","199643766"
"JH378116","937538","937850","chr13","83785812","83786109","33","82848274"
"JH378116","943067","943293","chr16","32106320","32106549","36","31163253"
"JH378116","968612","968871","chr13","83754869","83755106","36","82786257"
"JH378116","970633","970924","chr13","83752775","83753063","32","82782142"
"JH378116","977186","977482","chr5","120313151","120313443","54","119335965"
"JH378116","984624","984741","chr13","83728178","83728295","2","82743554"
"JH378116","992292","992594","chr13","83722128","83722430","27","82729836"
"JH378116","997732","998032","chr13","83716728","83717032","22","82718996"
"JH378116","1000001","1000255","chr13","83714325","83714609","50","82714324"
"JH378116","1007992","1008271","chr13","83707563","83707841","27","82699571"
"JH378116","1011110","1011420","chr13","83704385","83704683","31","82693275"
"JH378116","1012452","1012730","chr1","95757285","95757564","40","94744833"
"JH378116","1015154","1015449","chr13","83700336","83700637","29","82685182"
"JH378116","1016055","1016346","chr13","83699536","83699814","40","82683481"
"JH378116","1024991","1025297","chr13","83690805","83691111","24","82665814"
"JH378116","1027296","1027435","chr13","83688663","83688802","11","82661367"
"JH378116","1032370","1032570","chr5","126809988","126810174","39","125777618"
"JH378116","1033228","1033516","chr13","83681497","83681784","13","82648269"
"JH378116","1043814","1043980","chr13","83672227","83672392","7","82628413"
"JH378116","1044659","1044792","chr13","83671417","83671550","6","82626758"
"JH378116","1055426","1055727","chr13","83657584","83657884","18","82602158"
"JH378116","1064048","1064163","chr9","107493920","107494034","25","106429872"
"JH378116","1067055","1067362","chr13","83646009","83646309","23","82578954"
"JH378116","1079667","1079965","chr13","83635013","83635307","25","82555346"
"JH378116","1111966","1112263","chr13","83605196","83605495","24","82493230"
"JH378116","1116864","1116997","chr13","83600454","83600587","8","82483590"
"JH378116","1117298","1117470","chr13","83599977","83600142","20","82482679"
"JH378116","1163400","1163672","chr10","28180732","28181012","43","27017332"
"JH378116","1192115","1192293","chr9","107417562","107417742","26","106225447"
"JH378116","1234419","1234620","chr13","83481061","83481266","14","82246642"
"JH378116","1339438","1339738","chr1","140166747","140167052","46","138827309"
"JH378116","1405004","1405325","chr13","83269104","83269423","15","81864100"
"JH378116","1498778","1499058","chr10","81336121","81336416","55","79837343"
"JH378116","1571094","1571388","chr13","83100392","83100684","29","81529298"
"JH378116","1622407","1622680","chr13","83053689","83053971","21","81431282"
"JH378116","1647717","1648003","chr8","26379818","26380103","51","24732101"
"JH378116","1648198","1648492","chr13","83029504","83029796","29","81381306"
"JH378116","1652301","1652598","chr12","74712712","74713013","65","73060411"
"JH378116","1655234","1655539","chr2","2544370","2544664","68","889136"
"JH378116","1696487","1696786","chr13","82983069","82983362","25","81286582"
"JH378116","1845510","1845660","chr2","171804071","171804230","37","169958561"
"JH378116","1845705","1845830","chr2","1162769","1162893","28","682936"
"JH378116","1937486","1937654","chr5","92766094","92766256","31","90828608"
"JH378116","1937731","1937824","chr2","67241372","67241468","12","65303641"
"JH378116","1940576","1940878","chr13","82730278","82730580","30","80789702"
"JH378116","1987230","1987556","chr13","82683391","82683692","40","80696161"
"JH378116","2042646","2042823","chr12","102277173","102277349","30","100234527"
"JH378116","2045721","2045804","chr10","58699583","58699665","13","56653862"
"JH378116","2108616","2108938","chr13","82556212","82556538","22","80447596"
"JH378116","2149003","2149309","chr13","82514968","82515272","28","80365965"
"JH378116","2191814","2191901","chr4","22336366","22336460","15","20144552"
"JH378116","2259566","2259698","chr5","61484393","61484519","23","59224827"
"JH378116","2260405","2260566","chr10","15488893","15489051","34","13228488"
"JH378116","2265574","2265869","chr8","11562039","11562338","54","9296465"
"JH378116","2279563","2279844","chr13","82382548","82382841","33","80102985"
"JH378116","2286668","2286955","chr13","82372864","82373144","20","80086196"
"JH378116","2506882","2507169","chr8","107329074","107329352","53","104822192"
"JH378116","2635751","2635882","chr13","82012313","82012436","14","79376562"
"JH378116","2636010","2636184","chr13","106166809","106166986","40","103530799"
"JH378116","2780985","2781293","chr13","81862261","81862554","33","79081276"
"JH378116","2827137","2827486","chr5","86235751","86236096","66","83408614"
"JH378116","2834371","2834536","chr13","81814662","81814827","9","78980291"
"JH378116","2860882","2861196","chr13","81786602","81786895","43","78925720"
"JH378116","2896966","2897027","chr4","37573354","37573417","12","34676388"
"JH378116","2911218","2911305","chr5","50499909","50500000","16","47588691"
"JH378116","2912330","2912523","chr13","9488127","9488323","40","6575797"
"JH378116","2972369","2972653","chr13","81660908","81661207","27","78688539"
"JH378116","3088512","3088823","chr13","81545460","81545775","31","78456948"
"JH378116","3095381","3095705","chr4","4000264","4000540","72","904883"
"JH378116","3161664","3161847","chrX","137222383","137222560","33","134060719"
"JH378116","3161873","3162000","chr21","45083815","45083934","24","41921942"
"JH378116","3181579","3181873","chr13","81436147","81436429","32","78254568"
"JH378116","3209086","3209384","chr13","81407732","81408030","18","78198646"
"JH378116","3364792","3364974","chr13","81244722","81244899","20","77879930"
"JH378116","3365026","3365147","chr13","81244551","81244673","11","77879525"
"JH378116","3531403","3531699","chr13","81040032","81040326","24","77508629"
"JH378116","3714686","3714885","chr5","140540901","140541103","51","136826215"
"JH378116","3763582","3763903","chr13","80801815","80802132","37","77038233"
"JH378116","3795705","3795989","chr13","80767818","80768099","21","76972113"
"JH378116","3807981","3808277","chr13","80756255","80756543","23","76948274"
"JH378116","3865021","3865152","chr22","1859895","1860013","23","2005126"
"JH378116","3990413","3990660","chr13","80568154","80568394","27","76577741"
"JH378116","4143632","4143940","chr13","80407959","80408267","29","76264327"
"JH378116","4218513","4218817","chr13","80336435","80336728","28","76117922"
"JH378116","4273074","4273265","chr5","59241969","59242144","40","54968895"
"JH378116","4307547","4307873","chr1","193944652","193944978","56","189637105"
"JH378116","4325861","4326147","chr13","80224937","80225220","21","75899076"
"JH378116","4346449","4346632","chr13","105752752","105752935","41","101406303"
"JH378116","4357237","4357527","chr13","80193826","80194121","36","75836589"
"JH378116","4531167","4531461","chr13","80021746","80022042","32","75490579"
"JH378116","4583642","4583976","chr5","60671568","60671876","63","56087926"
"JH378116","4596588","4596881","chr13","79953416","79953711","26","75356828"
"JH378116","4628670","4628839","chr2","131738806","131738960","40","127110136"
"JH378116","4628867","4628988","chr1","6247078","6247201","13","1618211"
"JH378116","4729056","4729185","chr4","32434704","32434832","8","27705648"
"JH378116","4773408","4773625","chr13","79773732","79773938","26","75000324"
"JH378116","4806462","4806743","chr13","79742213","79742488","27","74935751"
"JH378116","4851412","4851505","chr2","67158964","67159057","10","62307552"
"JH378116","4855756","4856053","chr13","79693162","79693466","44","74837406"
"JH378116","4992675","4992780","chr1","14723931","14724034","15","9731256"
"JH378116","5031412","5031589","chr14","28212481","28212654","28","23181069"
"JH378116","5031629","5031751","chr8","77167749","77167872","14","72136120"
"JH378116","5156457","5156601","chr9","12436195","12436344","27","7279738"
"JH378116","5309834","5310124","chr13","79233070","79233365","20","73923236"
"JH378116","5311463","5311747","chr8","33738265","33738552","46","28426802"
"JH378116","5342458","5342690","chr13","79199269","79199503","18","73856811"
"JH378116","5351722","5352017","chr13","79189129","79189418","24","73837407"
"JH378116","5371910","5371923","chr2","184443335","184443347","1","179071425"
"JH378116","5371944","5372225","chr22","31382419","31382701","51","26010475"
"JH378116","5381829","5381941","chr13","79158199","79158312","9","73776370"
"JH378116","5395422","5395580","chr7","62760679","62760844","24","57365257"
"JH378116","5395603","5395716","chr4","107143253","107143366","28","101747650"
"JH378116","5411185","5411484","chr13","79123273","79123588","43","73712088"
"JH378116","5434170","5434332","chr13","79100648","79100811","22","73666478"
"JH378116","5462187","5462495","chr13","79071466","79071760","36","73609279"
"JH378116","5507307","5507368","chr13","79016898","79016955","7","73509591"
"JH378116","5510741","5510856","chr15","16762825","16762940","25","11252084"
"JH378116","5510888","5511047","chr13","53974586","53974745","37","48463698"
"JH378116","5552815","5553097","chr13","78970258","78970538","28","73417443"
"JH378116","5886929","5887257","chr6","26789054","26789379","64","20902125"
"JH378116","5981532","5981794","chr13","78530930","78531198","31","72549398"
"JH378116","5988210","5988498","chr13","78524152","78524408","57","72535942"
"JH378116","6069924","6070165","chr1","176646772","176647007","57","170576848"
"JH378116","6125502","6125644","chr12","77589940","77590083","18","71464438"
"JH378116","6138671","6138828","chr9","77220878","77221032","29","71082207"
"JH378116","6209754","6210037","chr18","3047133","3047426","46","3162621"
"JH378116","6238917","6239198","chr13","78249669","78249949","21","72010752"
"JH378116","6272381","6272684","chr13","78216298","78216606","33","71943917"
"JH378116","6282029","6282328","chr13","78205811","78206117","25","71923782"
"JH378116","6420296","6420601","chr22","36575225","36575531","49","30154929"
"JH378116","6424365","6424691","chr13","78062152","78062460","44","71637787"
"JH378116","6434011","6434303","chr13","78052552","78052861","37","71618541"
"JH378116","6441878","6442163","chr13","78044976","78045241","36","71603098"
"JH378116","6479780","6480087","chrX","5897720","5898032","50","582060"
"JH378116","6538289","6538501","chr13","77950328","77950548","31","71412039"
"JH378116","6604681","6604970","chr13","77884725","77885020","18","71280044"
"JH378116","6655997","6656281","chr13","77833752","77834032","18","71177755"
"JH378116","6781004","6781294","chr13","77713049","77713357","35","70932045"
"JH378116","6845994","6846296","chr14","82090080","82090381","47","75244086"
"JH378116","6879124","6879424","chr5","4379233","4379531","46","2499891"
"JH378116","6886475","6886600","chr7","72269596","72269721","20","65383121"
"JH378116","6886634","6886785","chr12","55760344","55760495","24","48873710"
"JH378116","6971338","6971640","chr13","77511881","77512167","33","70540543"
"JH378116","7035656","7035951","chr7","66402921","66403218","45","59367265"
"JH378116","7099223","7099515","chr13","77371673","77371982","49","70272450"
"JH378116","7188749","7189014","chr13","77275167","77275434","16","70086418"
"JH378116","7337266","7337475","chr3","107031667","107031879","37","99694401"
"JH378116","7370436","7370642","chr13","77059675","77059870","31","69689239"
"JH378116","7374911","7375208","chr13","77055093","77055393","28","69680182"
"JH378116","7376570","7376876","chr18","32704097","32704397","56","25327527"
"JH378116","7382886","7383192","chr13","77047131","77047436","25","69664245"
"JH378116","7443066","7443188","chr5","73267316","73267440","9","65824250"
"JH378116","7529055","7529364","chr13","76894657","76894940","46","69365602"
"JH378116","7596218","7596349","chrUn_GL286257","27107","27235","18","7569111"
"JH378116","7633112","7633413","chr13","76800813","76801109","28","69167701"
"JH378116","7725607","7725877","chr22","41074237","41074509","46","33348630"
"JH378116","7790988","7791167","chr13","76639029","76639208","11","68848041"
"JH378116","7817638","7817933","chr13","76611194","76611488","31","68793556"
"JH378116","7869728","7870021","chr13","76554590","76554879","22","68684862"
"JH378116","7945521","7945815","chr13","76474449","76474728","45","68528928"
"JH378116","7961838","7961929","chr13","76458723","76458814","7","68496885"
"JH378116","8172541","8172813","chr13","76240929","76241199","41","68068388"
"JH378116","8319187","8319488","chr1","90340795","90341095","46","82021608"
"JH378116","8401874","8402172","chr13","75996017","75996304","39","67594143"
"JH378116","8459312","8459600","chr13","75942200","75942484","55","67482888"
"JH378116","8480985","8481285","chr13","75920697","75921003","26","67439712"
"JH378116","8602985","8603234","chr13","75805623","75805874","16","67202638"
"JH378116","8679032","8679153","chrX","64046265","64046385","18","55367233"
"JH378116","8679207","8679406","chr5","99096799","99097008","46","90417592"
"JH378116","8697290","8697600","chr13","75717830","75718132","30","67020540"
"JH378116","8906536","8906826","chr13","75504256","75504538","26","66597720"
"JH378116","8915777","8916050","chr3","186962286","186962564","55","178046509"
"JH378116","8937217","8937368","chr3","111819841","111819997","25","102882624"
"JH378116","8937408","8937503","chr15","76377206","76377302","12","67439798"
"JH378116","9094276","9094407","chr12","50856832","50856963","6","41762556"
"JH378116","9353036","9353358","chr13","83885318","83885636","61","74532282"
"JH378116","9354124","9354285","chr13","75057218","75057368","18","65703094"
"JH378116","9386223","9386506","chr7","143448698","143448987","52","134062475"
"JH378116","9400025","9400182","chr12","116779525","116779684","22","107379500"
"JH378116","9400230","9400344","chr19","35896487","35896601","13","26496257"
"JH378116","9528248","9528526","chr15","8226796","8227081","46","1301452"
"JH378116","9554665","9554977","chr13","74856051","74856360","29","65301386"
"JH378116","9576805","9576918","chr11","104342608","104342721","7","94765803"
"JH378116","9580088","9580212","chr1","148241727","148241837","26","138661639"
"JH378116","9602457","9602584","chr13","74808314","74808440","10","65205857"
"JH378116","9612708","9613012","chr12","108986112","108986415","45","99373404"
"JH378116","9663749","9663871","chr22","14226568","14226685","22","4562819"
"JH378116","9698218","9698505","chr13","74697882","74698179","28","64999664"
"JH378116","9726906","9726968","chr13","74670031","74670093","2","64943125"
"JH378116","9797712","9798022","chr13","74596987","74597282","29","64799275"
"JH378116","9836859","9836916","chr5","75808815","75808869","9","65971956"
"JH378116","9837538","9837801","chr1","14885766","14886012","55","5048228"
"JH378116","9842850","9843148","chr13","74558120","74558410","27","64715270"
"JH378116","9854350","9854368","chr1","128890384","128890403","3","119036034"
"JH378116","9854448","9854690","chr13","1774037","1774272","49","8080411"
"JH378116","10043316","10043600","chr5","11208413","11208706","25","1165097"
"JH378116","10082670","10082964","chr10","89922555","89922851","43","79839885"
"JH378116","10132591","10132893","chr13","74234095","74234400","38","64101504"
"JH378116","10153909","10154198","chr13","74211910","74212199","18","64058001"
"JH378116","10208460","10208564","chr13","74157339","74157443","5","63948879"
"JH378116","10211031","10211310","chr13","74154195","74154474","13","63943164"
"JH378116","10414942","10415041","chr13","10953971","10954065","17","539029"
"JH378116","10462814","10463111","chr13","73887086","73887380","22","63424272"
"JH378116","10475259","10475549","chr13","73874708","73875001","30","63399449"
"JH378116","10478314","10478607","chr13","73871653","73871948","28","63393339"
"JH378116","10481854","10481982","chr6","132424504","132424632","17","121942650"
"JH378116","10481983","10482256","chr13","73867377","73867665","31","63385394"
"JH378116","10513174","10513448","chr13","73840933","73841199","26","63327759"
"JH378116","10522481","10522724","chr13","73831923","73832172","18","63309442"
"JH378116","10529664","10530005","chr13","83885318","83885636","61","73355654"
"JH378116","10546122","10546403","chr12","9434390","9434662","55","1111732"
"JH378116","10549553","10549809","chr13","73805248","73805504","20","63255695"
"JH378116","10585299","10585561","chr13","73763161","73763420","41","63177862"
"JH378116","10614183","10614481","chr13","73707769","73708031","45","63093586"
"JH378116","10616197","10616493","chr13","73705789","73706080","28","63089592"
"JH378116","10616599","10616798","chr9","40207736","40207932","39","29591137"
"JH378116","10638033","10638304","chr13","73686425","73686675","49","63048392"
"JH378116","10645029","10645332","chr13","73679844","73680147","20","63034815"
"JH378116","10671165","10671449","chr13","73655006","73655289","25","62983841"
"JH378116","10673999","10674287","chrX","138010545","138010840","49","127336546"
"JH378116","10683093","10683254","chr1","78960109","78960270","31","68277016"
"JH378116","10694647","10694943","chr6","157751832","157752133","44","147057185"
"JH378116","10695089","10695221","chr5","75039705","75039844","24","64344616"
"JH378116","10695512","10695696","chr22","6993938","6994126","38","3701574"
"JH378116","10742525","10742847","chr13","73584805","73585121","39","62842280"
"JH378116","10747737","10747840","chr13","73577640","73577738","12","62829903"
"JH378116","10756084","10756408","chr13","73568890","73569216","48","62812806"
"JH378116","10834170","10834474","chr13","73487310","73487625","42","62653140"
"JH378116","10849890","10850098","chr7","20367079","20367285","30","9517189"
"JH378116","10865171","10865458","chr5","30020775","30021059","50","19155604"
"JH378116","10865482","10865497","chr5","151103589","151103604","0","140238107"
"JH378116","10872344","10872616","chr3","14318850","14319121","48","3446506"
"JH378116","10893196","10893499","chr5","140398124","140398424","47","129504928"
"JH378116","10896294","10896567","chr13","73420844","73421115","21","62524550"
"JH378116","10958375","10958679","chr10","69770226","69770525","43","58811851"
"JH378116","11015585","11015874","chr13","73287262","73287556","25","62271677"
"JH378116","11020228","11020448","chr1","194002441","194002659","35","182982213"
"JH378116","11105697","11106007","chr10","100307977","100308290","45","89202280"
"JH378116","11125798","11126092","chr13","73174766","73175064","31","62048968"
"JH378116","11208164","11208446","chr13","73086660","73086946","29","61878496"
"JH378116","11217244","11217404","chr13","73066273","73066433","6","61849029"
"JH378116","11235720","11236016","chr13","73047525","73047810","37","61811805"
"JH378116","11265070","11265233","chr13","73009292","73009446","17","61744222"
"JH378116","11265275","11265396","chr13","73009131","73009252","3","61743856"
"JH378116","11275473","11275759","chr13","72998602","72998893","18","61723129"
"JH378116","11337231","11337537","chr13","72914276","72914586","28","61577045"
"JH378116","11343111","11343228","chr4","110414161","110414272","28","99071050"
"JH378116","11343252","11343380","chr1","186139419","186139547","18","174796167"
"JH378116","11378523","11378824","chr13","72874010","72874315","36","61495487"
"JH378116","11412566","11412842","chr6","85152193","85152469","48","73739627"
"JH378116","11458576","11458870","chr13","72789684","72789973","26","61331108"
"JH378116","11500296","11500515","chr13","72749632","72749849","21","61249336"
"JH378116","11539590","11539784","chr13","72710833","72711023","14","61171243"
"JH378116","11639313","11639573","chr13","72596375","72596633","19","60957062"
"JH378116","11659360","11659635","chr2","45200545","45200823","45","33541185"
"JH378116","11675961","11676085","chr1","6247078","6247201","8","5428883"
"JH378116","11709534","11709836","chr7","51541212","51541507","61","39831678"
"JH378116","11812258","11812581","chr2","194625013","194625336","61","182812755"
"JH378116","11852989","11853269","chr13","72359277","72359559","23","60506288"
"JH378116","11890335","11890639","chr13","72318252","72318564","23","60427917"
"JH378116","11946600","11946888","chr13","72257484","72257777","37","60310884"
"JH378116","11974923","11975121","chr3","151620162","151620355","42","139645239"
"JH378116","12023417","12023720","chr13","72171971","72172294","52","60148554"
"JH378116","12033152","12033472","chr2","196610152","196610453","40","184577000"
"JH378116","12076676","12076945","chr4","118980638","118980904","50","106903962"
"JH378116","12099533","12099751","chr13","72097321","72097545","28","59997788"
"JH378116","12110876","12111114","chr2","104685235","104685486","61","92574359"
"JH378116","12117201","12117314","chr7","70574684","70574801","20","58457483"
"JH378116","12151243","12151359","chr9","39177276","39177392","6","27026033"
"JH378116","12273322","12273620","chr13","71834520","71834812","24","59561198"
"JH378116","12333820","12334121","chr6","35880464","35880767","54","23546644"
"JH378116","12362847","12363113","chr19","18362531","18362799","39","5999684"
"JH378116","12447761","12447894","chr13","71664921","71665056","16","59217160"
"JH378116","12570710","12571024","chr13","71518624","71518921","39","58947914"
"JH378116","12685635","12685728","chr16","70360777","70360869","12","57675142"
"JH378116","12702768","12703059","chr13","71384820","71385113","27","58682052"
"JH378116","12730533","12730653","chr14","84266547","84266665","19","71536014"
"JH378116","12893062","12893371","chr13","71190024","71190311","48","58296962"
"JH378116","12917155","12917441","chr8","687744","688032","43","12229411"
"JH378116","12917480","12917494","chr5","94805154","94805167","1","81887674"
"JH378116","12954764","12954920","chr5","59401717","59401873","24","46446953"
"JH378116","12957326","12957602","chr6","85152193","85152469","41","72194867"
"JH378116","12969508","12969708","chr1","181422524","181422717","29","168453016"
"JH378116","13087915","13088204","chr13","70979036","70979329","28","57891121"
"JH378116","13109269","13109547","chr13","70955513","70955780","29","57846244"
"JH378116","13197568","13197860","chr13","70865667","70865951","22","57668099"
"JH378116","13199555","13199841","chr13","70863723","70864010","22","57664168"
"JH378116","13358258","13358510","chr13","70709366","70709618","16","57351108"
"JH378116","13392324","13392554","chr13","70674328","70674594","51","57282004"
"JH378116","13562557","13562859","chr13","70489817","70490099","45","56927260"
"JH378116","13583407","13583694","chr13","70469205","70469503","33","56885798"
"JH378116","13674283","13674587","chr1","203083799","203084102","52","189409516"
"JH378116","13873712","13873998","chr13","70162948","70163228","28","56289236"
"JH378116","13916481","13916605","chr13","70116980","70117101","12","56200499"
"JH378116","13948340","13948508","chr13","70063793","70063964","21","56115453"
"JH378116","13951129","13951261","chr13","70061080","70061215","10","56109951"
"JH378116","14055689","14055944","chr13","69946888","69947137","24","55891199"
"JH378116","14076699","14077006","chr13","69926681","69926975","31","55849982"
"JH378116","14079493","14079806","chr13","69923945","69924241","51","55844452"
"JH378116","14096940","14097120","chr13","69906733","69906908","22","55809793"
"JH378116","14143611","14143764","chr9","75454015","75454164","28","61310404"
"JH378116","14150663","14150943","chr13","69850774","69851061","38","55700111"
"JH378116","14163819","14164003","chr13","69837885","69838076","18","55674066"
"JH378116","14203909","14204187","chrX","663084","663367","43","13540825"
"JH378116","14204752","14204916","chr13","69786313","69786478","14","55581561"
"JH378116","14211855","14212147","chr13","69778925","69779215","29","55567070"
"JH378116","14268161","14268445","chr13","69715804","69716094","28","55447643"
"JH378116","14270073","14270196","chr15","97897144","97897267","6","83627071"
"JH378116","14284019","14284161","chr5","146331288","146331428","36","132047269"
"JH378116","14284197","14284312","chr1","156407733","156407852","16","142123536"
"JH378116","14295109","14295422","chr12","20107169","20107478","47","5812060"
"JH378116","14295423","14295593","chr2","127598948","127599118","31","113303525"
"JH378116","14300077","14300206","chr8","104523766","104523897","11","90223689"
"JH378116","14306538","14306851","chr13","69665142","69665431","50","55358604"
"JH378116","14314808","14314947","chrX","51937029","51937160","14","37622221"
"JH378116","14316876","14317097","chr5","150666642","150666854","42","136349766"
"JH378116","14318401","14318702","chr13","69650301","69650603","18","55331900"
"JH378116","14318749","14318877","chr21","35474235","35474360","8","21155486"
"JH378116","14322320","14322468","chr22","37485598","37485748","21","23163278"
"JH378116","14322471","14322767","chr5","95152856","95153154","41","80830385"
"JH378116","14334639","14334948","chr13","69632332","69632643","34","55297693"
"JH378116","14339094","14339373","chr6","85152193","85152469","43","70813099"
"JH378116","14347536","14347796","chr17","9581622","9581884","52","4765914"
"JH378116","14353292","14353538","chr13","69595759","69596001","24","55242467"
"JH378116","14357866","14358168","chr13","69591366","69591670","28","55233500"
"JH378116","14358392","14358708","chr13","69590846","69591147","35","55232454"
"JH378116","14358932","14359174","chr11","109011552","109011798","56","94652620"
"JH378116","14368095","14368229","chr1","62429474","62429607","14","48061379"
"JH378116","14368230","14368524","chr13","69582879","69583187","35","55214649"
"JH378116","14368525","14368601","chr5","82508267","82508343","12","68139742"
"JH378116","14372159","14372443","chr18","8584634","8584925","52","5787525"
"JH378116","14393697","14393990","chr13","69553754","69554046","19","55160057"
"JH378116","14394159","14394458","chr13","69553294","69553586","24","55159135"
"JH378116","14395277","14395340","chr5","44787256","44787319","14","30391979"
"JH378116","14403381","14403560","chr13","69544461","69544636","16","55141080"
"JH378116","14403996","14404307","chr12","19437356","19437665","49","5033360"
"JH378116","14404509","14404806","chr10","129253482","129253769","48","114848973"
"JH378116","14404988","14405003","chr15","3832905","3832920","2","10572083"
"JH378116","14406329","14406464","chr11","125902399","125902536","16","111496070"
"JH378116","14406769","14406927","chr12","1752597","1752749","31","12654172"
"JH378116","14411211","14411497","chr13","69536783","69537069","20","55125572"
"JH378116","14412583","14412711","chr13","69535676","69535804","8","55123093"
"JH378116","14415842","14416132","chr13","69532468","69532758","33","55116626"
"JH378116","14420094","14420381","chr13","40960230","40960508","60","26540136"
"JH378116","14424589","14424889","chr13","69524329","69524634","22","55099740"
"JH378116","14435008","14435139","chr22","7329432","7329562","20","7105576"
"JH378116","14436449","14436648","chr13","69511061","69511274","29","55074612"
"JH378116","14436981","14437114","chr13","69510634","69510767","6","55073653"
"JH378116","14438409","14438685","chr5","44900249","44900530","46","30461840"
"JH378116","14455288","14455577","chr2","62042456","62042744","44","47587168"
"JH378116","14457547","14457795","chr2","186929064","186929317","40","172471517"
"JH378116","14461300","14461532","chr7","63480423","63480655","35","49019123"
"JH378116","14471455","14471585","chr1","139023781","139023913","11","124552326"
"JH378116","14476891","14477182","chr3","136640590","136640885","44","122163699"
"JH378116","14486858","14487164","chr13","69487243","69487539","30","55000385"
"JH378116","14508215","14508500","chr1","107363866","107364150","41","92855651"
"JH378116","14509952","14510255","chr13","69463357","69463663","25","54953405"
"JH378116","14511239","14511568","chr13","69462251","69462580","33","54951012"
"JH378116","14514573","14514848","chr13","69459295","69459573","30","54944722"
"JH378116","14523898","14524012","chr12","15352138","15352253","28","828240"
"JH378116","14524090","14524214","chr9","85729165","85729296","23","71205075"
"JH378116","14525292","14525455","chr22","47598220","47598379","28","33072928"
"JH378116","14528418","14528578","chr13","69447415","69447581","24","54918997"
"JH378116","14530546","14530812","chr13","69445123","69445388","18","54914577"
"JH378116","14542052","14542067","chr1","209658916","209658929","4","195116864"
"JH378116","14542093","14542208","chr2","129039303","129039419","12","114497210"
"JH378116","14566261","14566554","chr13","69397483","69397775","31","54831222"
"JH378116","14568706","14568839","chr14","36652597","36652732","32","22083891"
"JH378116","14569162","14569208","chr13","4278569","4278615","7","10290593"
"JH378116","14593936","14594240","chr5","75322485","75322782","43","60728549"
"JH378116","14594292","14594571","chr13","69371688","69371974","43","54777396"
"JH378116","14629365","14629596","chr10","3039214","3039435","57","11590151"
"JH378116","14630146","14630239","chr13","69318517","69318612","9","54688371"
"JH378116","14632758","14633050","chr13","69315761","69316057","22","54683003"
"JH378116","14646044","14646124","chr14","19591683","19591763","11","4945639"
"JH378116","14651640","14651948","chr13","69287518","69287825","24","54635878"
"JH378116","14655575","14655874","chr13","69283279","69283576","21","54627704"
"JH378116","14741810","14742099","chr10","12357035","12357320","35","2384775"
"JH378116","14757861","14758158","chr13","69180856","69181155","18","54422995"
"JH378116","14774720","14775038","chr19","37484591","37484919","55","22709871"
"JH378116","14849529","14849833","chr13","69083939","69084260","42","54234410"
"JH378116","14888271","14888571","chr6","30949549","30949848","50","16061278"
"JH378116","14912891","14913036","chrX","47278951","47279093","30","32366060"
"JH378116","14913058","14913070","chr2","173934591","173934603","2","159021533"
"JH378116","14950970","14951255","chr13","68976954","68977238","25","54025984"
"JH378116","15053198","15053372","chr3","128848791","128848964","42","113795593"
"JH378116","15078603","15078897","chr9","111354658","111354956","43","96276055"
"JH378116","15089550","15089672","chr2","113377054","113377178","18","98287504"
"JH378116","15089704","15089859","chr5","74374925","74375079","22","59285221"
"JH378116","15101700","15101916","chr13","68827730","68827942","19","53726030"
"JH378116","15140502","15140809","chr13","68790717","68791024","17","53650215"
"JH378116","15202505","15202861","chr10","124112036","124112393","56","108909531"
"JH378116","15212106","15212264","chr11","92730045","92730196","28","77517939"
"JH378116","15229474","15229809","chr13","68681924","68682242","43","53452450"
"JH378116","15235316","15235430","chr13","68674468","68674584","11","53439152"
"JH378116","15258257","15258593","chr13","68654158","68654457","57","53395901"
"JH378116","15280567","15280871","chr13","68630715","68631026","29","53350148"
"JH378116","15307596","15307864","chr1","73408979","73409241","48","58101383"
"JH378116","15332275","15332584","chr9","11764790","11765092","57","3567485"
"JH378116","15344628","15344776","chr6","153793813","153793967","28","138449185"
"JH378116","15369683","15369980","chr13","68535172","68535460","37","53165489"
"JH378116","15412166","15412342","chr13","68492219","68492393","14","53080053"
"JH378116","15522168","15522469","chr13","68366254","68366540","32","52844086"
"JH378116","15531638","15531980","chr5","52055123","52055455","66","36523485"
"JH378116","15880319","15880607","chr13","67936855","67937132","31","52056536"
"JH378116","15911749","15911970","chr13","67900768","67900976","36","51989019"
"JH378116","15919789","15919901","chr22","44378184","44378298","18","28458395"
"JH378116","15919941","15920121","chr13","67892341","67892516","25","51972400"
"JH378116","15973859","15974145","chr14","59562640","59562924","53","43588781"
"JH378116","16087377","16087685","chr13","67689850","67690144","39","51602473"
"JH378116","16092202","16092414","chr2","35519928","35520134","49","19427726"
"JH378116","16092445","16092564","chrX","106772558","106772679","12","90680113"
"JH378116","16095681","16096000","chr7","74555434","74555744","52","58459753"
"JH378116","16102733","16103016","chr13","67675424","67675719","36","51572691"
"JH378116","16118761","16119055","chr13","67658912","67659195","42","51540151"
"JH378116","16127202","16127481","chr13","67645324","67645604","33","51518122"
"JH378116","16220750","16220947","chr1","164604208","164604403","44","148383458"
"JH378116","16221248","16221359","chr5","2089161","2089269","17","14132087"
"JH378116","16249942","16250029","chr9","105048400","105048488","16","88798458"
"JH378116","16373065","16373343","chr9","18751672","18751953","46","2378607"
"JH378116","16470648","16470944","chr13","67273576","67273869","29","50802928"
"JH378116","16519756","16519871","chr6","114631301","114631420","25","98111545"
"JH378116","16519942","16520091","chrX","23402641","23402795","37","6882699"
"JH378116","16521055","16521138","chr17","67948027","67948110","4","51426972"
"JH378116","16588424","16588545","chr2","61369495","61369612","14","44781071"
"JH378116","16588575","16588718","chr1","115475126","115475267","32","98886551"
"JH378116","16701504","16701801","chr13","67012526","67012815","33","50311022"
"JH378116","16771849","16772026","chr13","66938975","66939151","21","50167126"
"JH378116","17066897","17067044","chr9","75454015","75454164","29","58387118"
"JH378116","17067088","17067209","chrX","64046265","64046385","13","46979177"
"JH378116","17124992","17125308","chr13","66569196","66569499","39","49444204"
"JH378116","17514297","17514575","chr9","521793","522074","49","16992504"
"JH378116","17633927","17634173","chr13","66027976","66028227","28","48394049"
"JH378116","17657796","17658098","chr13","66004687","66004985","28","48346891"
"JH378116","17801628","17801750","chr10","29599620","29599742","6","11797992"
"JH378116","17828884","17829187","chr13","65817880","65818190","32","47988996"
"JH378116","17891252","17891534","chr13","65753415","65753709","41","47862163"
"JH378116","17902393","17902705","chr13","65741979","65742290","22","47839586"
"JH378116","17972822","17973128","chr6","125122315","125122617","56","107149493"
"JH378116","18127985","18128290","chr10","27495081","27495386","51","9367096"
"JH378116","18190479","18190822","chr3","20674935","20675261","60","2484456"
"JH378116","18401241","18401544","chr13","65219458","65219754","20","46818217"
"JH378116","18484529","18484852","chr13","65131137","65131432","47","46646608"
"JH378116","18504624","18504901","chr2","170649064","170649341","46","152144440"
"JH378116","18627258","18627553","chr13","64987864","64988162","21","46360606"
"JH378116","18638073","18638377","chr6","18238428","18238726","59","399645"
"JH378116","18662759","18663072","chr13","64953976","64954284","34","46291217"
"JH378116","18680502","18680768","chr13","64929144","64929410","22","46248642"
"JH378116","18693310","18693606","chr13","64916490","64916788","20","46223180"
"JH378116","18701134","18701445","chr13","64907935","64908239","35","46206801"
"JH378116","18726472","18726774","chr13","64884404","64884702","21","46157932"
"JH378116","18750619","18750715","chr15","32853282","32853380","11","14102663"
"JH378116","18801770","18802073","chr13","64810931","64811232","27","46009161"
"JH378116","18988520","18988684","chr13","64612465","64612630","14","45623945"
"JH378116","19011325","19011615","chr13","64586817","64587108","34","45575492"
"JH378116","19044197","19044500","chr13","64545862","64546153","27","45501665"
"JH378116","19081839","19082121","chr13","64493869","64494151","21","45412030"
"JH378116","19130952","19131245","chr13","64443859","64444161","26","45312907"
"JH378116","19152431","19152698","chr13","64408551","64408817","11","45256120"
"JH378116","19154166","19154284","chr3","4220409","4220525","9","14933757"
"JH378116","19182584","19182718","chr2","8894341","8894472","15","10288243"
"JH378116","19221490","19221786","chr13","64338931","64339215","32","45117441"
"JH378116","19222174","19222277","chr21","6253741","6253842","6","12968433"
"JH378116","19252961","19253252","chr13","64309355","64309648","19","45056394"
"JH378116","19256654","19256964","chr13","64306136","64306440","28","45049482"
"JH378116","19269327","19269437","chr13","64293132","64293242","4","45023805"
"JH378116","19280026","19280332","chr13","64282365","64282671","22","45002339"
"JH378116","19289565","19289881","chr1","210062874","210063189","52","190773309"
"JH378116","19301510","19301802","chr22","41353235","41353520","60","22051725"
"JH378116","19302281","19302589","chr13","64260716","64261011","37","44958435"
"JH378116","19311625","19311938","chr13","64250869","64251169","32","44939244"
"JH378116","19314071","19314374","chr13","64248747","64249054","31","44934676"
"JH378116","19328099","19328401","chr9","42748402","42748702","44","23420303"
"JH378116","19368753","19369053","chr13","64185775","64186069","49","44817022"
"JH378116","19370240","19370555","chr4","106287848","106288159","47","86917608"
"JH378116","19384869","19384999","chr13","64166502","64166633","6","44781633"
"JH378116","19463134","19463433","chr13","64084733","64085033","16","44621599"
"JH378116","19473111","19473409","chr12","102255710","102256003","62","82782599"
"JH378116","19531979","19532133","chr7","100629219","100629379","25","81097240"
"JH378116","19532176","19532282","chr7","10488373","10488479","17","9043803"
"JH378116","19541128","19541424","chr13","64009307","64009606","25","44468179"
"JH378116","19549803","19550062","chr1","208070641","208070913","57","188520838"
"JH378116","19556010","19556293","chr9","100020119","100020403","40","80464109"
"JH378116","19557319","19557421","chr11","64182798","64182901","11","44625479"
"JH378116","19583465","19583764","chr9","15843500","15843798","37","3739965"
"JH378116","19585109","19585397","chr13","63962110","63962399","15","44377001"
"JH378116","19591616","19591917","chr13","63956000","63956294","28","44364384"
"JH378116","19600923","19601214","chr13","63948418","63948712","29","44347495"
"JH378116","19610429","19610714","chr13","63933813","63934098","27","44323384"
"JH378116","19621986","19622296","chr13","63922581","63922884","27","44300595"
"JH378116","19633697","19633774","chr8","110352430","110352503","25","90718733"
"JH378116","19646705","19646980","chr13","63889775","63890069","47","44243070"
"JH378116","19667815","19668060","chr13","63867551","63867797","19","44199736"
"JH378116","19677347","19677558","chr1","193200555","193200779","48","173523208"
"JH378116","19702320","19702610","chr13","63831171","63831471","30","44128851"
"JH378116","19703138","19703252","chr13","106368648","106368767","25","86665510"
"JH378116","19703353","19703513","chr16","22237002","22237156","26","2533649"
"JH378116","19715816","19715948","chr10","1755146","1755278","7","17960670"
"JH378116","19722201","19722495","chr13","63809137","63809430","17","44086936"
"JH378116","19726734","19726807","chr15","23992268","23992338","12","4265534"
"JH378116","19745048","19745349","chr13","63785170","63785459","39","44040122"
"JH378116","19746103","19746237","chr3","84264065","84264205","15","64517962"
"JH378116","19748778","19748918","chr13","63398415","63398560","30","43649637"
"JH378116","19756150","19756301","chr2","87442570","87442725","12","67686420"
"JH378116","19757396","19757460","chr2","198396330","198396400","17","178638934"
"JH378116","19765024","19765318","chr8","687744","688032","52","19077280"
"JH378116","19772091","19772226","chr22","4472456","4472592","14","15299635"
"JH378116","19772828","19772904","chr5","82508267","82508343","8","62735439"
"JH378116","19777139","19777439","chr6","95192296","95192580","47","75415157"
"JH378116","19782212","19782432","chrUn_GL286251","22680","22912","42","19759532"
"JH378116","19784280","19784413","chr5","134531890","134532024","16","114747610"
"JH378116","19796253","19796414","chr13","63735571","63735733","13","43939318"
"JH378116","19796724","19796855","chr13","63735144","63735277","4","43938420"
"JH378116","19815119","19815422","chr13","63714441","63714748","17","43899322"
"JH378116","19824716","19824845","chr19","45005943","45006070","12","25181227"
"JH378116","19914640","19914934","chr13","63606154","63606447","26","43691514"
"JH378116","19917805","19918094","chr10","96039486","96039780","47","76121681"
"JH378116","19941015","19941286","chrX","92878877","92879138","51","72937862"
"JH378116","19958201","19958498","chr13","63565301","63565593","34","43607100"
"JH378116","19978888","19979181","chr13","63544084","63544377","26","43565196"
"JH378116","19994153","19994464","chr13","63519903","63520214","21","43525750"
"JH378116","20034687","20034997","chr13","63468632","63468938","31","43433945"
"JH378116","20065487","20065772","chr7","14715192","14715481","49","5350295"
"JH378116","20099972","20100109","chr2","153178979","153179113","25","133079007"
"JH378116","20101267","20101377","chr22","18109155","18109266","10","1992112"
"JH378116","20107073","20107348","chr13","63398733","63399008","19","43291660"
"JH378116","20107521","20107666","chr13","63398415","63398560","6","43290894"
"JH378116","20228865","20229162","chr13","63271101","63271393","28","43042236"
"JH378116","20236881","20237186","chr15","43922273","43922581","49","23685392"
"JH378116","20281235","20281502","chr9","52445691","52445972","36","32164456"
"JH378116","20316900","20317119","chr3","50473048","50473267","42","30156148"
"JH378116","20317386","20317472","chr3","65590006","65590092","10","45272620"
"JH378116","20563989","20564175","chr13","62906499","62906689","14","42342510"
"JH378116","20572012","20572095","chr8","69003175","69003258","5","48431163"
"JH378116","20581663","20581951","chr13","62888129","62888410","23","42306466"
"JH378116","20660789","20661086","chr13","62805312","62805603","32","42144523"
"JH378116","20665769","20666078","chr13","62800355","62800664","22","42134586"
"JH378116","20697305","20697606","chr13","62769291","62769579","32","42071986"
"JH378116","20817560","20817621","chr2","13974237","13974296","11","6843323"
"JH378116","20817926","20818087","chr8","113363004","113363167","20","92545078"
"JH378116","21063837","21064140","chr7","39028301","39028600","41","17964464"
"JH378116","21078171","21078309","chr1","155087954","155088097","27","134009783"
"JH378116","21172383","21172652","chr6","24552174","24552443","46","3379791"
"JH378116","21217819","21218131","chr5","74209533","74209829","55","52991714"
"JH378116","21272976","21273261","chr22","7157658","7157945","46","14115318"
"JH378116","21281735","21281884","chr1","143202412","143202545","43","121920677"
"JH378116","21281918","21282079","chr13","62160898","62161057","10","40878980"
"JH378116","21283649","21283777","chr4","105508769","105508894","19","84225120"
"JH378116","21324462","21324764","chr13","62114183","62114500","25","40789721"
"JH378116","21325637","21325928","chr13","62113006","62113314","34","40787369"
"JH378116","21360237","21360524","chr13","62057471","62057754","27","40697234"
"JH378116","21425126","21425450","chr3","110736067","110736391","67","89310941"
"JH378116","21432955","21433240","chr13","61980193","61980478","35","40547238"
"JH378116","21442617","21442746","chr13","61970465","61970593","8","40527848"
"JH378116","21443058","21443208","chr1","135455341","135455487","19","114012283"
"JH378116","21444404","21444696","chr13","61968225","61968497","37","40523821"
"JH378116","21445722","21445846","chr22","19502198","19502322","15","1943524"
"JH378116","21445882","21446046","chr14","17298102","17298270","31","4147780"
"JH378116","21461867","21462172","chr13","61951279","61951579","27","40489412"
"JH378116","21462183","21462476","chr3","173569530","173569825","42","152107347"
"JH378116","21469517","21469736","chr13","61934464","61934685","13","40464947"
"JH378116","21481624","21481920","chr13","61925135","61925429","25","40443511"
"JH378116","21499732","21499999","chr19","43614417","43614683","37","22114685"
"JH378116","21502144","21502273","chr8","94260251","94260380","18","72758107"
"JH378116","21502627","21502921","chr13","61904018","61904308","20","40401391"
"JH378116","21529638","21529948","chr13","61874709","61874996","41","40345071"
"JH378116","21536140","21536428","chr13","61868243","61868535","34","40332103"
"JH378116","21544858","21545090","chr13","61859563","61859792","13","40314705"
"JH378116","21547068","21547180","chr1","69465556","69465667","25","47918488"
"JH378116","21591727","21591788","chr21","36569877","36569937","13","14978150"
"JH378116","21619054","21619134","chr11","856987","857068","13","20762067"
"JH378116","21621915","21622088","chr7","82055141","82055314","29","60433226"
"JH378116","21627732","21628021","chr13","61773336","61773631","25","40145604"
"JH378116","21639294","21639583","chr13","61761850","61762112","37","40122556"
"JH378116","21648586","21648889","chr13","61752377","61752662","38","40103791"
"JH378116","21669576","21669876","chr13","61727660","61727955","37","40058084"
"JH378116","21695380","21695670","chr4","49412367","49412651","44","27716987"
"JH378116","21708236","21708547","chr9","105219593","105219906","54","83511357"
"JH378116","21709181","21709471","chr18","8853986","8854275","50","12855195"
"JH378116","21710135","21710412","chr13","40360751","40361030","46","18650616"
"JH378116","21714847","21715109","chr13","61686844","61687106","21","39971997"
"JH378116","21717823","21718122","chr13","61684296","61684595","27","39966473"
"JH378116","21718833","21719121","chr7","119871850","119872140","43","98153017"
"JH378116","21733965","21734264","chr13","61668029","61668334","30","39934064"
"JH378116","21769713","21770042","chr13","61630164","61630512","50","39860451"
"JH378116","21776803","21776934","chr9","39167271","39167402","7","17390468"
"JH378116","21782736","21783032","chr13","61616546","61616840","22","39833810"
"JH378116","21784705","21784833","chr1","147929663","147929785","27","126144958"
"JH378116","21785129","21785145","chrX","61808919","61808936","2","40023790"
"JH378116","21785944","21786272","chr13","61613675","61613985","44","39827731"
"JH378116","21792422","21792691","chr13","61607431","61607720","33","39815009"
"JH378116","21808660","21808678","chr9","62589000","62589017","2","40780340"
"JH378116","21808699","21808982","chr10","4752511","4752793","39","17056188"
"JH378116","21809149","21809451","chr13","61589534","61589831","29","39780385"
"JH378116","21823533","21823814","chr5","99443130","99443416","39","77619597"
"JH378116","21828534","21828813","chr13","61568997","61569283","24","39740463"
"JH378116","21836763","21837054","chr13","61560838","61561130","18","39724075"
"JH378116","21837352","21837634","chr13","61560294","61560559","37","39722942"
"JH378116","21854352","21854606","chr13","61541416","61541672","30","39687064"
"JH378116","21857339","21857657","chr21","34908422","34908729","53","13051083"
"JH378116","21880379","21880640","chr5","8678492","8678750","36","13201887"
"JH378116","21893607","21893919","chr13","61502112","61502416","23","39608505"
"JH378116","21911289","21911582","chr13","61486039","61486336","25","39574750"
"JH378116","21913662","21913823","chr13","61483491","61483648","10","39569829"
"JH378116","21917037","21917343","chr13","61479990","61480299","26","39562953"
"JH378116","21930353","21930463","chr9","111159669","111159778","13","89229316"
"JH378116","21931446","21931611","chr1","84258680","84258843","26","62327234"
"JH378116","21931917","21932052","chr14","36516468","36516603","14","14584551"
"JH378116","21940175","21940479","chr13","61456602","61456905","28","39516427"
"JH378116","21959807","21960064","chr1","206153385","206153631","54","184193578"
"JH378116","21975891","21976196","chr13","61420312","61420617","21","39444421"
"JH378116","21976267","21976565","chr4","42465320","42465617","49","20489053"
"JH378116","21984352","21984659","chr1","187166394","187166696","42","165182042"
"JH378116","21997657","21997960","chr13","61394290","61394592","13","39396633"
"JH378116","22022928","22023213","chr4","148485141","148485423","47","126462213"
"JH378116","22057896","22058070","chr5","2230149","2230323","27","19827747"
"JH378116","22058094","22058225","chr1","90720827","90720959","18","68662733"
"JH378116","22060455","22060760","chr13","61331209","61331511","30","39270754"
"JH378116","22080755","22081084","chr7","127430341","127430675","64","105349586"
"JH378116","22081135","22081423","chr13","61310299","61310596","28","39229164"
"JH378116","22104029","22104180","chr1","181420178","181420329","21","159316149"
"JH378116","22135367","22135526","chr13","61260200","61260347","24","39124833"
"JH378116","22135794","22135933","chr2","77379866","77380001","22","55244072"
"JH378116","22145714","22145999","chr13","61250585","61250870","17","39104871"
"JH378116","22188932","22189208","chr13","61207350","61207643","35","39018418"
"JH378116","22209410","22209539","chr15","5938064","5938193","26","16271346"
"JH378116","22225328","22225633","chr14","71407237","71407543","47","49181909"
"JH378116","22243582","22243865","chr5","821553","821840","38","21422029"
"JH378116","22247621","22247736","chr13","61143849","61143960","10","38896228"
"JH378116","22258285","22258401","chr4","111347498","111347614","17","89089213"
"JH378116","22278613","22278726","chr13","61112375","61112485","9","38833762"
"JH378116","22281136","22281446","chr13","61109552","61109886","55","38828416"
"JH378116","22283325","22283617","chr13","61107086","61107377","22","38823761"
"JH378116","22291409","22291537","chr11","65609157","65609274","25","43317748"
"JH378116","22291569","22291744","chr19","17398756","17398926","29","4892813"
"JH378116","22292840","22293141","chr11","23937010","23937310","49","1644170"
"JH378116","22322331","22322477","chr13","61071791","61071934","16","38749460"
"JH378116","22323320","22323485","chr13","61070780","61070945","12","38747460"
"JH378116","22336263","22336556","chr15","28030297","28030582","42","5694034"
"JH378116","22344459","22344756","chr13","61054555","61054842","26","38710096"
"JH378116","22355637","22355724","chr13","61044609","61044700","10","38688972"
"JH378116","22361387","22361560","chr13","61038299","61038468","20","38676912"
"JH378116","22372728","22373025","chr5","134398370","134398666","36","112025642"
"JH378116","22404925","22405100","chrX","137222383","137222560","29","114817458"
"JH378116","22406571","22406614","chr9","37663946","37663988","7","15257375"
"JH378116","22408069","22408282","chr2","186134552","186134760","38","163726483"
"JH378116","22408903","22409189","chr13","60994175","60994472","32","38585272"
"JH378116","22421920","22422101","chr13","60981642","60981827","12","38559722"
"JH378116","22424493","22424659","chr13","60979402","60979578","23","38554909"
"JH378116","22424970","22425106","chr13","60978970","60979109","15","38554000"
"JH378116","22451134","22451431","chrX","40013563","40013864","49","17562429"
"JH378116","22465618","22465891","chr10","29465866","29466144","53","7000248"
"JH378116","22465919","22466177","chr6","43941684","43941936","45","21475765"
"JH378116","22472171","22472476","chr13","60919529","60919816","38","38447358"
"JH378116","22496543","22496675","chr13","60895524","60895656","12","38398981"
"JH378116","22500824","22501112","chr13","60891188","60891476","19","38390364"
"JH378116","22502295","22502568","chr13","60890042","60890306","26","38387747"
"JH378116","22505088","22505379","chr13","60887205","60887490","23","38382117"
"JH378116","22512122","22512228","chr13","60880376","60880481","8","38368254"
"JH378116","22512361","22512541","chr13","60880061","60880243","14","38367700"
"JH378116","22520353","22520713","chr14","2937295","2937627","96","19583058"
"JH378116","22522365","22522563","chr18","9646943","9647146","39","12875422"
"JH378116","22531446","22531580","chr2","61837222","61837369","41","39305776"
"JH378116","22531929","22532124","chr4","11126981","11127168","37","11404948"
"JH378116","22534605","22534747","chr4","162422612","162422752","23","139888007"
"JH378116","22555781","22556091","chr13","60834129","60834438","24","38278348"
"JH378116","22565733","22565939","chr13","60825750","60825956","10","38260017"
"JH378116","22573884","22574191","chr13","60817653","60817942","46","38243769"
"JH378116","22575306","22575368","chrY","2357477","2357544","9","20217829"
"JH378116","22578779","22579077","chr7","25957236","25957530","45","3378457"
"JH378116","22581366","22581574","chr13","60809869","60810076","17","38228503"
"JH378116","22585381","22585685","chr13","60805950","60806252","28","38220569"
"JH378116","22594291","22594604","chr16","45697232","45697534","49","23102941"
"JH378116","22595826","22596121","chr17","26482397","26482693","44","3886571"
"JH378116","22598580","22598889","chr17","42149125","42149432","62","19550545"
"JH378116","22600568","22600882","chr13","60790782","60791081","33","38190214"
"JH378116","22609749","22609921","chr13","60781189","60781361","20","38171440"
"JH378116","22619158","22619306","chr1","91208425","91208572","18","68589267"
"JH378116","22620507","22620809","chr13","60770105","60770405","17","38149598"
"JH378116","22637481","22637653","chr13","60752897","60753071","20","38115416"
"JH378116","22637954","22638090","chr13","60752458","60752594","9","38114504"
"JH378116","22667995","22668245","chr13","60723182","60723406","41","38055187"
"JH378116","22678808","22678936","chr13","60711418","60711549","12","38032610"
"JH378116","22679668","22679795","chr7","89727820","89727942","20","67048152"
"JH378116","22681739","22682037","chr13","60704762","60705051","27","38023023"
"JH378116","22685274","22685580","chrX","86099543","86099855","48","63414269"
"JH378116","22690235","22690464","chr1","34333058","34333277","47","11642823"
"JH378116","22690844","22691058","chr5","92509161","92509375","36","69818317"
"JH378116","22702770","22703011","chr13","60680931","60681157","27","37978161"
"JH378116","22703784","22704085","chr13","60679860","60680163","27","37976076"
"JH378116","22717425","22717733","chr13","60665781","60666064","35","37948356"
"JH378116","22760282","22760417","chr13","60615726","60615861","11","37855444"
"JH378116","22770839","22771132","chr3","153242186","153242476","46","130471347"
"JH378116","22844207","22844495","chr4","135424135","135424423","42","112579928"
"JH378116","22850332","22850462","chr6","148799239","148799368","16","125948907"
"JH378116","22861718","22862025","chr13","60512156","60512459","30","37650438"
"JH378116","22871082","22871388","chr13","60501799","60502104","20","37630717"
"JH378116","22904198","22904498","chr5","97816701","97816998","40","74912503"
"JH378116","22910697","22910775","chr17","1290478","1290560","14","21620219"
"JH378116","22911532","22911616","chr9","39072313","39072392","16","16160781"
"JH378116","22911934","22912009","chr22","15486215","15486285","22","7425719"
"JH378116","22912012","22912161","chr13","60458568","60458717","7","37546556"
"JH378116","22914483","22914603","chr13","60456182","60456302","4","37541699"
"JH378116","22916933","22917224","chr17","39296601","39296894","38","16379668"
"JH378116","22921485","22921789","chr13","60450242","60450573","46","37528757"
"JH378116","22923542","22923818","chr13","60448231","60448516","33","37524689"
"JH378116","22924676","22924805","chr2","60403433","60403565","16","37478757"
"JH378116","22926873","22927119","chr13","60443688","60443945","28","37516815"
"JH378116","22929588","22929783","chr13","60441042","60441236","16","37511454"
"JH378116","22930080","22930212","chr13","60440613","60440745","10","37510533"
"JH378116","22931150","22931449","chr13","60439331","60439629","15","37508181"
"JH378116","22951456","22951738","chr5","128582848","128583130","50","105631392"
"JH378116","22961602","22961879","chr13","60409920","60410197","17","37448318"
"JH378116","22970161","22970462","chr13","60390861","60391148","35","37420700"
"JH378116","22972540","22972834","chr14","34676760","34677051","40","11704220"
"JH378116","22976698","22976773","chr9","66377404","66377479","13","43400706"
"JH378116","22976774","22976950","chr12","102277173","102277349","28","79300399"
"JH378116","22989990","22990289","chrY","1124175","1124478","44","21865815"
"JH378116","22994474","22994768","chr13","60370112","60370382","36","37375638"
"JH378116","22997225","22997531","chr3","6417280","6417586","41","16579945"
"JH378116","23003450","23003707","chr13","60361809","60362066","15","37358359"
"JH378116","23019810","23019939","chr9","54150874","54151001","8","31131064"
"JH378116","23043084","23043397","chr13","60319855","60320168","33","37276771"
"JH378116","23047432","23047671","chr13","60316103","60316347","17","37268671"
"JH378116","23052999","23053297","chr13","60308345","60308612","51","37255346"
"JH378116","23058478","23058785","chr4","133165481","133165792","60","110107003"
"JH378116","23080220","23080352","chr22","10370486","10370620","16","12709734"
"JH378116","23080647","23080799","chr13","60276250","60276393","21","37195603"
"JH378116","23088336","23088492","chr13","25708473","25708627","23","2620137"
"JH378116","23095907","23096206","chr11","106881789","106882088","42","83785882"
"JH378116","23110359","23110652","chr13","60247685","60247977","24","37137326"
"JH378116","23118737","23119050","chr13","60231868","60232159","44","37113131"
"JH378116","23119085","23119384","chr7","50788223","50788519","42","27669138"
"JH378116","23121587","23121724","chr13","60228841","60228978","9","37107254"
"JH378116","23137458","23137518","chr7","144914813","144914872","14","121777355"
"JH378116","23197890","23198184","chr13","60141209","60141517","30","36943319"
"JH378116","23222928","23223219","chr13","60116817","60117121","34","36893889"
"JH378116","23279316","23279616","chr13","60052715","60053012","36","36773399"
"JH378116","23284262","23284432","chr13","60042369","60042543","28","36758107"
"JH378116","23284712","23284822","chr13","60041975","60042090","14","36757263"
"JH378116","23285090","23285385","chr13","60041424","60041714","32","36756334"
"JH378116","23406126","23406405","chr13","59901591","59901869","19","36495465"
"JH378116","23592488","23592783","chr13","59684744","59685039","14","36092256"
"JH378116","23621385","23621663","chr13","59644675","59644953","18","36023290"
"JH378116","23625745","23625920","chr13","59640418","59640574","29","36014673"
"JH378116","23625946","23626059","chr13","59640260","59640372","10","36014314"
"JH378116","23738142","23738449","chr3","110652603","110652910","44","86914461"
"JH378116","23760223","23760351","chr1","15204905","15205035","20","8555318"
"JH378116","23786537","23786849","chrX","46630632","46630934","41","22844095"
"JH378116","23811968","23812286","chr19","38943682","38944015","63","15131714"
"JH378116","23815079","23815388","chr13","59453020","59453319","32","35637941"
"JH378116","23818170","23818456","chr2","35477672","35477953","45","11659502"
"JH378116","23821548","23821853","chr13","59446670","59446978","26","35625122"
"JH378116","23822751","23822994","chr13","59445562","59445804","10","35622811"
"JH378116","23842509","23842696","chr13","59426456","59426638","12","35583947"
"JH378116","23848348","23848469","chr18","9255269","9255389","15","14593079"
"JH378116","23855617","23855909","chr13","59414153","59414438","36","35558536"
"JH378116","23857292","23857566","chr13","59411873","59412144","25","35554581"
"JH378116","23870129","23870418","chr13","59397481","59397759","31","35527352"
"JH378116","23874396","23874597","chr1","181422524","181422717","31","157548128"
"JH378116","23886009","23886139","chrX","34618993","34619121","23","10732984"
"JH378116","23896289","23896567","chr7","145077324","145077595","45","121181035"
"JH378116","23902275","23902389","chr8","80410186","80410302","10","56507911"
"JH378116","23902418","23902438","chr19","32163810","32163829","5","8261392"
"JH378116","23904659","23904946","chr13","59366890","59367183","26","35462231"
"JH378116","23908744","23908858","chr10","103188807","103188922","7","79280063"
"JH378116","23912616","23912736","chr10","1948780","1948899","8","21963836"
"JH378116","23914491","23914623","chr15","37980630","37980762","10","14066139"
"JH378116","23915474","23915649","chr13","59353683","59353863","16","35438209"
"JH378116","23942110","23942246","chr5","84227278","84227413","20","60285168"
"JH378116","23955919","23956211","chr13","59312029","59312326","25","35356110"
"JH378116","23958303","23958597","chr4","42991140","42991433","42","19032837"
"JH378116","23960391","23960444","chrX","45857957","45858010","5","21897566"
"JH378116","23961280","23961499","chr13","59306853","59307074","16","35345573"
"JH378116","23975527","23975838","chr13","59292827","59293128","29","35317300"
"JH378116","23981182","23981317","chr13","59287104","59287239","10","35305922"
"JH378116","23981324","23981463","chr1","199666371","199666506","21","175685047"
"JH378116","23981785","23981941","chr22","37081064","37081225","23","13099279"
"JH378116","23989477","23989805","chr13","59279361","59279675","42","35289884"
"JH378116","23996568","23996865","chr13","59271962","59272254","29","35275394"
"JH378116","24002571","24002903","chr1","201256702","201257014","73","177254131"
"JH378116","24011343","24011502","chr9","110793507","110793668","27","86782164"
"JH378116","24011766","24011887","chr2","133691626","133691745","4","109679860"
"JH378116","24017216","24017523","chr18","10906825","10907136","45","13110391"
"JH378116","24059327","24059626","chr4","38053211","38053510","38","13993884"
"JH378116","24076704","24076906","chr13","59193050","59193251","17","35116346"
"JH378116","24080973","24081209","chr1","169552752","169552982","35","145471779"
"JH378116","24093691","24093996","chr13","59178534","59178805","45","35084843"
"JH378116","24098481","24098506","chr3","151029740","151029763","5","126931259"
"JH378116","24098542","24098822","chr5","29681531","29681812","40","5582989"
"JH378116","24100722","24101023","chr13","59171755","59172054","25","35071033"
"JH378116","24117912","24118223","chr13","59156157","59156478","37","35038245"
"JH378116","24123592","24123719","chr10","93881468","93881593","10","69757876"
"JH378116","24132597","24132879","chr13","59133546","59133825","20","35000949"
"JH378116","24132926","24133212","chr13","59133208","59133502","34","35000282"
"JH378116","24134661","24134942","chr22","10228766","10229056","61","13905895"
"JH378116","24136364","24136669","chr13","59129279","59129580","22","34992915"
"JH378116","24154568","24154854","chr13","59114090","59114373","15","34959522"
"JH378116","24173619","24173821","chr13","59094998","59095205","18","34921379"
"JH378116","24174548","24174834","chr7","55452989","55453277","45","31278441"
"JH378116","24188735","24188856","chr1","209885832","209885957","25","185697097"
"JH378116","24190015","24190068","chrX","108041875","108041929","13","83851860"
"JH378116","24220803","24221010","chr18","1183168","1183374","40","23037635"
"JH378116","24221032","24221060","chr1","148165875","148165906","8","123944843"
"JH378116","24253245","24253377","chr22","11622749","11622881","12","12630496"
"JH378116","24274245","24274528","chr1","79722015","79722293","45","55447770"
"JH378116","24278590","24278608","chr1","81428226","81428243","4","57149636"
"JH378116","24278672","24278933","chrX","46985651","46985920","55","22706979"
"JH378116","24298602","24298893","chr13","58964751","58965053","44","34666149"
"JH378116","24303843","24304147","chr13","58959927","58960194","59","34656084"
"JH378116","24311155","24311439","chr13","58953122","58953407","20","34641967"
"JH378116","24331517","24331811","chr6","62467979","62468270","38","38136462"
"JH378116","24339513","24339594","chr4","58857024","58857093","26","34517511"
"JH378116","24346857","24346947","chr5","83212704","83212792","23","58865847"
"JH378116","24355370","24355668","chr1","181526555","181526831","60","157171185"
"JH378116","24358038","24358172","chr20","21255446","21255580","18","3102592"
"JH378116","24358468","24358639","chr8","3380191","3380362","27","20978277"
"JH378116","24368521","24368651","chr2","38360250","38360380","7","13991729"
"JH378116","24385381","24385483","chr12","33799873","33799957","34","9414492"
"JH378116","24394781","24395082","chr6","30949549","30949848","44","6554768"
"JH378116","24402620","24402890","chr7","46518013","46518277","51","22115393"
"JH378116","24414401","24414527","chr7","81335585","81335712","26","56921184"
"JH378116","24417331","24417520","chr22","16432982","16433173","31","7984349"
"JH378116","24426489","24426775","chr13","58826398","58826684","15","34399909"
"JH378116","24430198","24430333","chrX","51159105","51159239","15","26728907"
"JH378116","24430641","24430810","chr1","208913187","208913352","31","184482546"
"JH378116","24434416","24434493","chr1","29498733","29498810","12","5064317"
"JH378116","24434797","24434973","chr19","17398756","17398926","33","7036041"
"JH378116","24453154","24453293","chr13","58799799","58799931","15","34346645"
"JH378116","24453294","24453585","chr13","58799201","58799500","20","34345907"
"JH378116","24453586","24453756","chr13","58799031","58799200","6","34345445"
"JH378116","24456245","24456490","chr13","58797013","58797248","30","34340768"
"JH378116","24456771","24457042","chrX","140833918","140834193","53","116377147"
"JH378116","24486015","24486316","chr13","58755557","58755863","15","34269542"
"JH378116","24488529","24488835","chr13","58753875","58754156","48","34265346"
"JH378116","24488884","24489177","chr13","58753493","58753777","37","34264609"
"JH378116","24489975","24490100","chr2","99149799","99149920","25","74659824"
"JH378116","24490855","24490893","chr7","7420341","7420377","9","17070514"
"JH378116","24491219","24491367","chr5","116675268","116675421","29","92184049"
"JH378116","24505947","24506248","chr13","58737262","58737560","32","34231315"
"JH378116","24507111","24507413","chr13","58736094","58736396","18","34228983"
"JH378116","24510652","24510936","chr13","58732831","58733104","34","34222179"
"JH378116","24517356","24517629","chr13","58724890","58725165","33","34207534"
"JH378116","24517668","24517886","chr13","58724637","58724851","12","34206969"
"JH378116","24520538","24520670","chr7","80640595","80640727","11","56120057"
"JH378116","24523934","24524229","chr13","58718956","58719257","27","34195022"
"JH378116","24532539","24532860","chr13","58707567","58707891","16","34175028"
"JH378116","24535338","24535632","chr13","58704208","58704500","24","34168870"
"JH378116","24540977","24541122","chr11","116626186","116626324","29","92085209"
"JH378116","24544400","24544682","chr5","78625463","78625748","48","54081063"
"JH378116","24550828","24551121","chr13","58687525","58687817","26","34136697"
"JH378116","24555821","24555932","chr13","58682766","58682883","16","34126945"
"JH378116","24556409","24556494","chr3","66016250","66016334","15","41459841"
"JH378116","24568208","24568507","chr13","58670985","58671279","28","34102777"
"JH378116","24573979","24574287","chr7","21806472","21806782","54","2767507"
"JH378116","24577359","24577583","chr20","10365318","10365546","33","14212041"
"JH378116","24608053","24608371","chr2","68678898","68679206","60","44070845"
"JH378116","24609305","24609604","chr4","153245192","153245491","38","128635887"
"JH378116","24615339","24615460","chrX","40593416","40593542","14","15978077"
"JH378116","24625370","24625683","chr13","58620411","58620722","30","33995041"
"JH378116","24641920","24642222","chrX","14062534","14062841","50","10579386"
"JH378116","24651757","24651886","chr1","116982946","116983076","6","92331189"
"JH378116","24656137","24656354","chr6","116688212","116688419","54","92032075"
"JH378116","24662478","24662701","chr13","58580902","58581109","25","33918424"
"JH378116","24665501","24665639","chr2","15236910","15237039","19","9428591"
"JH378116","24691662","24691976","chr13","58554025","58554316","44","33862363"
"JH378116","24701577","24701762","chr5","77735764","77735948","26","53034187"
"JH378116","24702249","24702422","chrX","90647296","90647465","26","65945047"
"JH378116","24702726","24702845","chr11","128672403","128672526","19","103969677"
"JH378116","24706790","24707080","chr18","22078850","22079134","59","2627940"
"JH378116","24707099","24707391","chr5","130271916","130272205","46","105564817"
"JH378116","24712189","24712361","chr14","28212481","28212654","28","3500292"
"JH378116","24714786","24715053","chr22","1807993","1808267","43","22906793"
"JH378116","24716672","24716741","chr8","105471196","105471265","5","80754524"
"JH378116","24717351","24717466","chr9","56073249","56073362","16","31355898"
"JH378116","24717629","24717786","chr19","692239","692393","39","24025390"
"JH378116","24717858","24718073","chr13","58526603","58526812","21","33808745"
"JH378116","24740745","24741017","chr13","58507041","58507321","25","33766296"
"JH378116","24763931","24764224","chr13","58486521","58486815","19","33722590"
"JH378116","24769526","24769821","chr13","58482302","58482610","26","33712776"
"JH378116","24770008","24770073","chr13","58482039","58482104","2","33712031"
"JH378116","24770373","24770572","chr13","58481560","58481727","46","33711187"
"JH378116","24787606","24787916","chr13","58464176","58464474","34","33676570"
"JH378116","24796529","24796834","chr14","83438633","83438903","82","58642104"
"JH378116","24802534","24802848","chr13","58449434","58449737","35","33646900"
"JH378116","24819406","24819528","chr13","58431264","58431386","6","33611858"
"JH378116","24823839","24824046","chr13","58427035","58427255","27","33603196"
"JH378116","24837396","24837682","chr13","58412156","58412445","23","33574760"
"JH378116","24847666","24847971","chr13","58401879","58402173","30","33554213"
"JH378116","24877344","24877571","chr2","61603321","61603550","35","36725977"
"JH378116","24878541","24878673","chr11","107254470","107254600","10","82375929"
"JH378116","24878969","24879132","chr14","97083514","97083686","27","72204545"
"JH378116","24887828","24888047","chr11","118428201","118428410","42","93540373"
"JH378116","24900901","24901190","chr13","58344554","58344852","26","33443653"
"JH378116","24906590","24906810","chr13","58338615","58338834","13","33432025"
"JH378116","24912358","24912627","chr13","58333363","58333632","20","33421005"
"JH378116","24920877","24921200","chr5","78660273","78660595","34","53739396"
"JH378116","24921210","24921340","chr6","149323223","149323350","9","124402013"
"JH378116","24933675","24933875","chr13","58313190","58313394","18","33379515"
"JH378116","24933876","24934170","chr13","58312899","58313189","20","33379023"
"JH378116","24934469","24934587","chr13","58312478","58312596","9","33378009"
"JH378116","24947812","24947886","chr5","96853047","96853121","9","71905235"
"JH378116","24948400","24948501","chr1","143531981","143532079","19","118583581"
"JH378116","24964426","24964732","chr10","48182468","48182775","58","23218042"
"JH378116","24968489","24968781","chr13","58279947","58280232","29","33311458"
"JH378116","24971882","24972194","chr13","58276488","58276797","27","33304606"
"JH378116","25004743","25005036","chr22","33887299","33887589","46","8882556"
"JH378116","25020544","25020696","chr4","150286736","150286890","36","125266192"
"JH378116","25020992","25021126","chr10","81503306","81503441","18","56482314"
"JH378116","25022818","25022952","chr1","10742002","10742136","17","14280816"
"JH378116","25057662","25057912","chr13","58191894","58192161","40","33134232"
"JH378116","25078360","25078530","chr8","19995850","19996015","21","5082510"
"JH378116","25081956","25082119","chr22","39354457","39354618","25","14272501"
"JH378116","25082414","25082549","chr3","65719966","65720096","17","40637552"
"JH378116","25115669","25115880","chr1","181422524","181422717","39","156306855"
"JH378116","25143220","25143527","chr13","58092548","58092855","26","32949328"
"JH378116","25145777","25146060","chr1","151934434","151934705","54","126788657"
"JH378116","25146483","25146800","chr14","5785221","5785537","43","19361262"
"JH378116","25155688","25156002","chr13","58059638","58059932","41","32903950"
"JH378116","25161531","25161804","chr13","58053967","58054228","26","32892436"
"JH378116","25177178","25177309","chr5","152624723","152624853","15","127447545"
"JH378116","25177803","25177975","chr22","37081064","37081225","31","11903261"
"JH378116","25178338","25178637","chr13","58040233","58040521","30","32861895"
"JH378116","25201263","25201552","chr5","139340930","139341218","38","114139667"
"JH378116","25221908","25222088","chr13","57998017","57998192","19","32776109"
"JH378116","25239230","25239518","chr13","57980935","57981225","32","32741705"
"JH378116","25257396","25257528","chr1","37889194","37889325","23","12631798"
"JH378116","25306890","25307191","chr13","57913895","57914199","21","32607005"
"JH378116","25322272","25322392","chr13","57898469","57898589","4","32576197"
"JH378116","25327432","25327639","chr1","90331074","90331277","35","65003642"
"JH378116","25327897","25328031","chr4","81170633","81170766","10","55842736"
"JH378116","25335727","25336021","chr13","57885289","57885597","34","32549562"
"JH378116","25374693","25375002","chr13","57842758","57843054","38","32468065"
"JH378116","25433193","25433486","chr13","57786487","57786790","32","32353294"
"JH378116","25480907","25481169","chr13","57737114","57737406","43","32256207"
"JH378116","25501731","25501996","chr13","57712948","57713214","25","32211217"
"JH378116","25505759","25506050","chr13","57709202","57709511","49","32203443"
"JH378116","25520443","25520816","chrX","140821256","140821594","102","115300813"
"JH378116","25521912","25522044","chr15","8328725","8328856","8","17193187"
"JH378116","25543981","25544082","chr9","119715166","119715267","11","94171185"
"JH378116","25545710","25546030","chr1","173583879","173584187","46","148038169"
"JH378116","25556841","25557094","chr6","43941684","43941936","43","18384843"
"JH378116","25570272","25570442","chr9","42544487","42544654","23","16974215"
"JH378116","25570775","25570908","chr1","171672023","171672158","19","146101248"
"JH378116","25600258","25600591","chr13","57609997","57610304","51","32009739"
"JH378116","25606111","25606425","chr5","84585008","84585328","28","58978897"
"JH378116","25608620","25608894","chr13","57602449","57602733","31","31993829"
"JH378116","25648993","25649305","chrX","86099543","86099855","52","60450550"
"JH378116","25650184","25650425","chrX","11204625","11204850","55","14445559"
"JH378116","25656258","25656426","chr3","107702616","107702779","22","82046358"
"JH378116","25657760","25658045","chr13","57560527","57560812","18","31902767"
"JH378116","25659575","25659916","chr1","179777216","179777554","55","154117641"
"JH378116","25660649","25660952","chr13","57551577","57551871","22","31890928"
"JH378116","25672394","25672664","chr13","57539227","57539494","20","31866833"
"JH378116","25674665","25674837","chr13","57536953","57537127","20","31862288"
"JH378116","25678812","25678908","chr1","187980072","187980159","19","162301260"
"JH378116","25679060","25679198","chr8","116273489","116273627","20","90594429"
"JH378116","25681635","25681927","chr13","57529138","57529434","24","31847503"
"JH378116","25690219","25690522","chr13","57520438","57520741","30","31830219"
"JH378116","25702457","25702762","chr13","57509146","57509448","48","31806689"
"JH378116","25703424","25703715","chr13","57508207","57508505","31","31804783"
"JH378116","25708513","25708637","chr5","77363843","77363966","13","51655330"
"JH378116","25710331","25710593","chr13","11627749","11628011","61","14082582"
"JH378116","25725609","25725921","chr13","57487257","57487560","28","31761648"
"JH378116","25729704","25730001","chr13","57483644","57483939","16","31753940"
"JH378116","25737522","25737785","chr13","61686844","61687106","36","35949322"
"JH378116","25738535","25738831","chr13","57474077","57474359","43","31735542"
"JH378116","25751070","25751381","chr13","57461446","57461749","11","31710376"
"JH378116","25760039","25760232","chr22","34532976","34533167","33","8772937"
"JH378116","25772824","25772956","chr13","57441225","57441359","10","31668401"
"JH378116","25773257","25773431","chr13","57440762","57440923","23","31667505"
"JH378116","25774834","25775172","chr13","57439063","57439364","58","31664229"
"JH378116","25783447","25783749","chr13","57422644","57422934","45","31639197"
"JH378116","25796793","25797088","chr13","57405246","57405533","29","31608453"
"JH378116","25807111","25807398","chr13","57395492","57395780","36","31588381"
"JH378116","25810967","25811241","chr1","13019210","13019487","37","12791757"
"JH378116","25813475","25813651","chr4","97933188","97933359","30","72119713"
"JH378116","25818566","25818683","chr1","137960220","137960334","10","112141654"
"JH378116","25824817","25824928","chrX","70223329","70223442","12","44398512"
"JH378116","25828084","25828361","chr13","57364608","57364888","26","31536524"
"JH378116","25828396","25828690","chr13","57364279","57364575","22","31535883"
"JH378116","25831523","25831654","chr14","58625504","58625634","7","32793981"
"JH378116","25852933","25853200","chr13","57344771","57345031","21","31491838"
"JH378116","25857272","25857499","chr13","57340538","57340768","14","31483266"
"JH378116","25859011","25859028","chr2","28166073","28166091","2","2307062"
"JH378116","25859202","25859486","chr2","13155740","13156024","45","12703462"
"JH378116","25860824","25861133","chrX","112457313","112457609","54","86596489"
"JH378116","25865306","25865590","chr7","22678352","22678637","50","3186954"
"JH378116","25867877","25868168","chr13","57327273","57327561","18","31459396"
"JH378116","25869735","25870037","chr13","83885318","83885636","62","58015583"
"JH378116","25881732","25881983","chr13","57313684","57313933","6","31431952"
"JH378116","25886726","25887020","chr13","57295192","57295480","30","31408466"
"JH378116","25889235","25889550","chr21","7864799","7865115","59","18024436"
"JH378116","25891142","25891453","chr15","73136350","73136660","54","47245208"
"JH378116","25892941","25893251","chr12","20539936","20540241","44","5353005"
"JH378116","25957462","25957705","chr9","103698207","103698455","38","77740745"
"JH378116","25990685","25990994","chr13","57181313","57181624","23","31190628"
"JH378116","26008505","26008793","chr13","57162677","57162966","38","31154172"
"JH378116","26017331","26017616","chr13","57153852","57154136","18","31136521"
"JH378116","26231137","26231242","chr2","17587668","17587773","18","8643469"
"JH378116","26419851","26419933","chr13","56716060","56716142","5","30296209"
"JH378116","26521846","26521962","chr4","116380863","116380979","4","89859017"
"JH378116","26522542","26522715","chr5","3677365","3677538","46","22845177"
"JH378116","26626026","26626320","chr13","56515579","56515866","33","29889553"
"JH378116","26684889","26685235","chr13","56451606","56451949","62","29766717"
"JH378116","26688894","26689098","chr1","198922830","198923027","37","172233936"
"JH378116","26792955","26793067","chr16","14845433","14845549","6","11947522"
"JH378116","26832146","26832383","chr20","24686679","24686925","40","2145467"
"JH378116","26833626","26833697","chr1","57796141","57796208","10","30962515"
"JH378116","26962699","26962878","chr14","28212481","28212654","29","1249782"
"JH378116","27080072","27080357","chr12","151602","151887","36","26928470"
"JH378116","27103718","27103956","chr13","55975188","55975427","19","28871470"
"JH378116","27158561","27158693","chrX","3127715","3127848","6","24030846"
"JH378116","27175968","27176244","chr5","112501383","112501662","45","85325415"
"JH378116","27184959","27185034","chr2","7516508","7516584","11","19668451"
"JH378116","27217113","27217196","chr13","55262695","55262776","6","28045582"
"JH378116","27217451","27217728","chr21","34912842","34913109","56","7695391"
"JH378116","27243023","27243342","chr6","119244407","119244703","70","92001384"
"JH378116","27305127","27305440","chr13","55767827","55768140","33","28462700"
"JH378116","27347472","27347786","chr13","55731624","55731923","33","28384152"
"JH378116","27369659","27369947","chr13","55707248","55707548","32","28337589"
"JH378116","27414614","27414906","chr13","55651800","55652115","38","28237186"
"JH378116","27456394","27456690","chr13","55596649","55596943","23","28140255"
"JH378116","27461480","27461784","chr13","55582095","55582384","32","28120615"
"JH378116","27524500","27524811","chr13","55539248","55539559","22","28014748"
"JH378116","27529122","27529421","chr13","55534818","55535105","28","28005696"
"JH378116","27635053","27635353","chr13","55437152","55437449","28","27802099"
"JH378116","27660572","27660876","chr13","55410004","55410294","27","27749432"
"JH378116","27678699","27678909","chr13","55387428","55387636","15","27708729"
"JH378116","27700290","27700412","chr13","55365289","55365407","11","27664999"
"JH378116","27708030","27708150","chr13","55356462","55356582","11","27648432"
"JH378116","27714565","27714685","chr13","55356462","55356582","11","27641897"
"JH378116","27721778","27722084","chr1","173583879","173584187","49","145862101"
"JH378116","27728975","27729306","chr6","18238428","18238726","82","9490547"
"JH378116","27729837","27730151","chr13","55340421","55340726","32","27610584"
"JH378116","27748297","27748605","chr13","55313069","55313365","35","27564772"
"JH378116","27759342","27759617","chr13","55309900","55310178","26","27550558"
"JH378116","27778929","27779215","chr13","55289220","55289506","19","27510291"
"JH378116","27780371","27780505","chr11","119790714","119790845","18","92010343"
"JH378116","27780812","27780964","chr1","99858377","99858530","28","72077565"
"JH378116","27784843","27785143","chr13","55283592","55283881","34","27498749"
"JH378116","27794086","27794364","chr13","55274377","55274661","43","27480291"
"JH378116","27796303","27796585","chr4","148485141","148485423","39","120688838"
"JH378116","27809287","27809570","chr13","55260367","55260653","24","27451080"
"JH378116","27815741","27816034","chr13","55254213","55254508","42","27438472"
"JH378116","27844320","27844620","chr13","55226507","55226796","33","27382187"
"JH378116","27845972","27846269","chr13","55224852","55225151","24","27378880"
"JH378116","27867681","27867992","chr7","87007315","87007626","50","59139634"
"JH378116","27868857","27869043","chrY","2149480","2149662","40","25719377"
"JH378116","27869356","27869486","chr19","27284536","27284666","26","584820"
"JH378116","27873588","27873752","chr9","18239426","18239590","35","9634162"
"JH378116","27885810","27885933","chr13","55181751","55181874","9","27295941"
"JH378116","27886404","27886687","chr13","55180997","55181275","27","27294593"
"JH378116","27910132","27910427","chr13","55162872","55163166","17","27252740"
"JH378116","27911369","27911660","chr13","55161726","55162016","21","27250357"
"JH378116","27915905","27916202","chr13","55153848","55154153","42","27237943"
"JH378116","27930823","27931127","chr13","55139076","55139372","31","27208253"
"JH378116","27948026","27948234","chr1","198922830","198923027","36","170974804"
"JH378116","27990688","27990984","chr13","55079145","55079432","23","27088457"
"JH378116","27991516","27991802","chr13","52708872","52709155","28","24717356"
"JH378116","28004370","28004671","chr13","55064910","55065211","27","27060540"
"JH378116","28010724","28011006","chr13","55057015","55057308","36","27046291"
"JH378116","28025995","28026284","chr13","42973142","42973442","30","14947147"
"JH378116","28027536","28027743","chr13","42974699","42974906","13","14947163"
"JH378116","28046980","28047084","chr13","42994626","42994730","2","14947646"
"JH378116","28047387","28047564","chr13","42995026","42995187","26","14947639"
"JH378116","28055140","28055442","chr13","42996321","42996614","26","14941181"
"JH378116","28069002","28069320","chr13","54962692","54963006","25","26893690"
"JH378116","28087852","28088160","chr13","54942077","54942386","26","26854225"
"JH378116","28092868","28093170","chr13","54936754","54937044","33","26843886"
"JH378116","28099997","28100234","chr13","54931696","54931941","33","26831699"
"JH378116","28108065","28108376","chr13","54923519","54923821","43","26815454"
"JH378116","28143249","28143441","chr5","20817861","20818057","43","7325388"
"JH378116","28143756","28143869","chr5","114094319","114094428","14","85950563"
"JH378116","28144143","28144435","chr14","60589728","60590009","56","32445585"
"JH378116","28160577","28160703","chr13","54871027","54871154","14","26710450"
"JH378116","28169955","28170225","chr13","54861516","54861788","19","26691561"
"JH378116","28190493","28190805","chr13","54841569","54841861","40","26651076"
"JH378116","28192388","28192541","chr11","107221097","107221256","34","79028709"
"JH378116","28207032","28207162","chr12","40038501","40038629","9","11831469"
"JH378116","28210977","28211109","chr13","54819940","54820072","12","26608963"
"JH378116","28223539","28223833","chr13","54811534","54811827","22","26587995"
"JH378116","28225655","28225962","chr13","54809424","54809729","24","26583769"
"JH378116","28227665","28227975","chr13","54807727","54808034","32","26580062"
"JH378116","28229631","28229923","chr13","54805777","54806064","29","26576146"
"JH378116","28232115","28232416","chr13","54801313","54801616","32","26569198"
"JH378116","28238172","28238478","chr5","130296229","130296538","55","102058057"
"JH378116","28252980","28253085","chr13","54782737","54782842","6","26529757"
"JH378116","28253167","28253453","chr13","54782385","54782672","27","26529218"
"JH378116","28261898","28262201","chr13","54773931","54774231","27","26512033"
"JH378116","28267325","28267625","chr13","54769585","54769875","44","26502260"
"JH378116","28282010","28282304","chr13","54755319","54755614","20","26473309"
"JH378116","28288013","28288303","chr13","54749318","54749606","22","26461305"
"JH378116","28289392","28289697","chr9","35365483","35365792","41","7076091"
"JH378116","28300687","28300928","chr13","54736241","54736484","20","26435554"
"JH378116","28344819","28345110","chr13","54694786","54695097","37","26349967"
"JH378116","28352132","28352440","chr13","54686999","54687303","30","26334867"
"JH378116","28357784","28358024","chr22","33706434","33706655","56","5348650"
"JH378116","28358319","28358441","chr13","54683475","54683598","6","26325156"
"JH378116","28364692","28364951","chr9","70920079","70920334","40","42555387"
"JH378116","28393190","28393501","chr12","90640982","90641292","43","62247792"
"JH378116","28408876","28409146","chr10","99647655","99647924","53","71238779"
"JH378116","28416350","28416471","chr1","179586986","179587106","16","151170636"
"JH378116","28416525","28416699","chr11","21119944","21120114","27","7296581"
"JH378116","28425679","28425951","chr13","54646966","54647234","28","26221287"
"JH378116","28442150","28442418","chr13","54621552","54621822","33","26179402"
"JH378116","28442451","28442476","chr7","9612575","9612596","5","18829876"
"JH378116","28451839","28452114","chr17","39648438","39648703","52","11196599"
"JH378116","28533105","28533395","chr13","54530381","54530691","41","25997276"
"JH378116","28535048","28535331","chr13","54528150","54528437","44","25993102"
"JH378116","28560048","28560193","chr2","2103830","2103973","18","26456218"
"JH378116","28570519","28570601","chr4","135216568","135216651","12","106646049"
"JH378116","28577166","28577293","chr1","194772737","194772864","10","166195571"
"JH378116","28590436","28590549","chr14","17282589","17282708","14","11307847"
"JH378116","28593077","28593341","chr13","37195799","37196067","47","8602722"
"JH378116","28593371","28593409","chr9","25210743","25210781","6","3382628"
"JH378116","28601351","28601635","chr13","54436821","54437105","14","25835470"
"JH378116","28605644","28605930","chr13","54432391","54432679","34","25826747"
"JH378116","28606200","28606495","chr13","54431530","54431827","22","25825330"
"JH378116","28635809","28636116","chr16","2072530","2072835","45","26563279"
"JH378116","28638859","28639148","chr7","54157888","54158182","46","25519029"
"JH378116","28648522","28648831","chr13","54393636","54393944","25","25745114"
"JH378116","28651833","28652139","chr13","54390276","54390567","38","25738443"
"JH378116","28657465","28657631","chr1","33484662","33484824","34","4827197"
"JH378116","28657932","28658075","chr13","54384601","54384745","13","25726669"
"JH378116","28659649","28659959","chr17","21369114","21369418","50","7290535"
"JH378116","28661075","28661367","chr13","54381137","54381433","28","25720062"
"JH378116","28661570","28661699","chr5","125049185","125049317","18","96387615"
"JH378116","28678135","28678442","chr13","54358982","54359268","34","25680847"
"JH378116","28719930","28720239","chr13","54316736","54317032","31","25596806"
"JH378116","28731716","28732022","chr13","54305879","54306168","36","25574163"
"JH378116","28756704","28757019","chr13","54279728","54280047","35","25523024"
"JH378116","28760279","28760579","chr13","54275798","54276100","22","25515519"
"JH378116","28775452","28775711","chr13","54264475","54264734","22","25489023"
"JH378116","28792610","28792896","chr5","31552490","31552770","62","2759880"
"JH378116","28809696","28810003","chr13","54208208","54208499","34","25398512"
"JH378116","28811190","28811501","chr13","54206938","54207248","20","25395748"
"JH378116","28816744","28816864","chr3","46054086","46054207","19","17237342"
"JH378116","28816885","28817049","chr4","106794309","106794474","21","77977424"
"JH378116","28821828","28822122","chr13","54199606","54199889","31","25377778"
"JH378116","28828934","28829220","chr13","54193180","54193457","30","25364246"
"JH378116","28830369","28830690","chr2","52516449","52516767","34","23686080"
"JH378116","28861306","28861603","chr13","54158323","54158619","23","25297017"
"JH378116","28872338","28872514","chr4","155327317","155327493","37","126454979"
"JH378116","28872836","28872968","chr16","22224839","22224973","20","6647997"
"JH378116","28884321","28884621","chr13","54135007","54135310","29","25250686"
"JH378116","28896808","28896820","chr5","9958200","9958213","1","18938608"
"JH378116","28896842","28897133","chr1","201446623","201446917","47","172549781"
"JH378116","28937394","28937675","chr13","54081316","54081599","19","25143922"
"JH378116","28946043","28946315","chr13","54072475","54072759","48","25126432"
"JH378116","29045615","29045894","chr12","99662289","99662578","58","70616674"
"JH378116","29062983","29063290","chr13","53956943","53957248","28","24893960"
"JH378116","29147963","29148251","chr9","41455381","41455658","48","12307418"
"JH378116","29150043","29150351","chr15","15702315","15702622","42","13447728"
"JH378116","29152216","29152510","chr13","53856783","53857075","28","24704567"
"JH378116","29242868","29243147","chr13","53766029","53766298","36","24523161"
"JH378116","29285384","29285680","chr1","168931871","168932171","55","139646487"
"JH378116","29318807","29319112","chr5","42912474","42912775","48","13593667"
"JH378116","29343782","29344036","chr1","202721737","202721992","46","173377955"
"JH378116","29353964","29354128","chr10","58516446","58516608","25","29162482"
"JH378116","29479981","29480127","chr3","186175345","186175489","22","156695364"
"JH378116","29506717","29506956","chr9","103261578","103261818","40","73754861"
"JH378116","29553862","29554110","chr13","53426922","53427164","30","23873060"
"JH378116","29653581","29653594","chr14","9209750","9209762","1","20443831"
"JH378116","29653626","29653854","chr3","173842850","173843070","49","144189224"
"JH378116","29654094","29654145","chr2","153407394","153407445","16","123753300"
"JH378116","29723711","29723995","chrX","24657862","24658146","48","5065849"
"JH378116","29737837","29738122","chr13","53211444","53211729","14","23473607"
"JH378116","29844911","29845208","chr13","53084386","53084686","33","23239475"
"JH378116","29904608","29904917","chr1","152673124","152673450","73","122768516"
"JH378116","29943784","29944069","chr13","52976946","52977241","35","23033162"
"JH378116","30074255","30074526","chr12","42527757","42528032","45","12453502"
"JH378116","30137647","30137890","chr13","52739010","52739285","43","22601363"
"JH378116","30216651","30216962","chr13","52598882","52599178","33","22382231"
"JH378116","30273277","30273576","chr13","52532069","52532368","29","22258792"
"JH378116","30379262","30379355","chr8","115115905","115116001","13","84736643"
"JH378116","30467963","30468269","chr13","52238500","52238809","33","21770537"
"JH378116","30507690","30507861","chr7","44470069","44470240","29","13962379"
"JH378116","30522518","30522742","chr13","52184041","52184262","25","21661523"
"JH378116","30523353","30523429","chr13","52183346","52183422","6","21659993"
"JH378116","30533506","30533814","chr1","198602165","198602471","44","168068659"
"JH378116","30535736","30536035","chr13","52170620","52170919","27","21634884"
"JH378116","30552026","30552323","chr7","59980757","59981041","67","29428731"
"JH378116","30616017","30616279","chr7","99707650","99707914","55","69091633"
"JH378116","30633523","30633677","chr12","28284239","28284388","35","2349284"
"JH378116","30634953","30635253","chr13","52069091","52069371","39","21434138"
"JH378116","30711922","30712068","chr4","157155331","157155478","26","126443409"
"JH378116","30712124","30712296","chr20","24559538","24559711","31","6152586"
"JH378116","30732473","30732654","chr13","51977779","51977958","16","21245306"
"JH378116","30775835","30776030","chr13","51935405","51935580","25","21159570"
"JH378116","30776322","30776451","chr13","51934982","51935093","28","21158660"
"JH378116","30788890","30789007","chr13","51921666","51921787","19","21132776"
"JH378116","30817847","30818155","chr7","62686014","62686322","44","31868167"
"JH378116","30902581","30902734","chr13","51798886","51799039","9","20896305"
"JH378116","31076303","31076595","chr12","116377966","116378257","44","85301663"
"JH378116","31123740","31124025","chr4","40584519","40584815","54","9460779"
"JH378116","31170671","31170798","chr12","11605409","11605530","17","19565262"
"JH378116","31205137","31205438","chr13","51453635","51453934","20","20248498"
"JH378116","31227172","31227486","chr13","51426601","51426902","35","20199429"
"JH378116","31233060","31233443","chr15","33844917","33845259","101","2611857"
"JH378116","31251518","31251815","chr13","51398023","51398301","30","20146505"
"JH378116","31263916","31264202","chr13","51385216","51385502","27","20121300"
"JH378116","31303380","31303669","chr1","176454612","176454901","46","145151232"
"JH378116","31356656","31356949","chr13","51287457","51287749","21","19930801"
"JH378116","31387980","31388273","chr13","51256036","51256323","29","19868056"
"JH378116","31406815","31407088","chr22","1807993","1808267","42","29598822"
"JH378116","31430009","31430300","chr1","135542904","135543195","48","104112895"
"JH378116","31492588","31492887","chr13","51130272","51130555","34","19637684"
"JH378116","31500621","31500900","chr13","51121857","51122142","30","19621236"
"JH378116","31503249","31503555","chr13","51119419","51119717","38","19616170"
"JH378116","31524419","31524728","chr13","51098543","51098843","41","19574124"
"JH378116","31529157","31529462","chr9","28950862","28951169","50","2578295"
"JH378116","31564296","31564574","chr13","51057185","51057464","21","19492889"
"JH378116","31565418","31565432","chr1","151480729","151480741","2","119915311"
"JH378116","31565481","31565750","chr13","51056027","51056297","30","19490546"
"JH378116","31638335","31638636","chr13","50974846","50975148","26","19336511"
"JH378116","31653709","31654002","chr13","50959912","50960203","29","19306203"
"JH378116","31663296","31663425","chr16","73941935","73942064","7","42278639"
"JH378116","31689734","31689947","chr13","31260738","31260948","33","428996"
"JH378116","31694951","31695238","chr13","18998369","18998665","39","12696582"
"JH378116","31712289","31712591","chr13","50900927","50901235","27","19188638"
"JH378116","31722821","31722941","chr2","29856372","29856491","20","1866449"
"JH378116","31735972","31736254","chr8","26379818","26380103","43","5356154"
"JH378116","31781779","31781900","chr2","136929696","136929819","18","105147917"
"JH378116","31781941","31782113","chr17","64026943","64027117","34","32245002"
"JH378116","31788045","31788355","chr13","50819967","50820266","41","19031922"
"JH378116","31794215","31794511","chr6","132904093","132904388","40","101109878"
"JH378116","31801681","31801968","chr13","50806953","50807240","24","19005272"
"JH378116","31829975","31830269","chr13","50778837","50779122","35","18948862"
"JH378116","31865890","31866004","chr6","47064146","47064260","6","15198256"
"JH378116","31882077","31882381","chr13","50726272","50726576","15","18844195"
"JH378116","31885997","31886293","chr13","50722358","50722655","29","18836361"
"JH378116","31897135","31897420","chr13","50707823","50708108","19","18810688"
"JH378116","31900934","31901238","chr13","50703640","50703944","21","18802706"
"JH378116","31964224","31964358","chr9","92026800","92026932","11","60062576"
"JH378116","31964393","31964499","chr1","134646041","134646158","19","102681648"
"JH378116","32015976","32016289","chr13","50592870","50593185","30","18576894"
"JH378116","32031302","32031586","chr13","50580380","50580677","30","18549078"
"JH378116","32033848","32034140","chr13","50549527","50549826","24","18515679"
"JH378116","32062539","32062841","chr12","82692461","82692757","41","50629922"
"JH378116","32063176","32063461","chr6","290119","290407","45","31773057"
"JH378116","32095175","32095455","chr13","50491060","50491344","16","18395885"
"JH378116","32097724","32098048","chr13","50488484","50488791","49","18390760"
"JH378116","32118577","32118885","chr13","50467427","50467725","37","18348850"
"JH378116","32148255","32148405","chr13","50436864","50437014","12","18288609"
"JH378116","32150378","32150670","chr13","50434518","50434813","19","18284140"
"JH378116","32190798","32191096","chr13","50393316","50393629","33","18202518"
"JH378116","32197378","32197666","chr13","50387091","50387386","31","18189713"
"JH378116","32272992","32273101","chr13","50314934","50315042","9","18041942"
"JH378116","32273396","32273559","chr13","50314476","50314637","15","18041080"
"JH378116","32287247","32287543","chr22","6475349","6475647","45","25811898"
"JH378116","32290109","32290420","chr13","50297129","50297445","26","18007020"
"JH378116","32299072","32299373","chr13","50288232","50288533","27","17989160"
"JH378116","32303331","32303454","chr7","10373769","10373891","14","21929562"
"JH378116","32332543","32332832","chr13","50247961","50248249","44","17915418"
"JH378116","32335416","32335728","chr13","50238452","50238761","21","17903036"
"JH378116","32360333","32360629","chr7","25957236","25957530","36","6403097"
"JH378116","32361146","32361366","chr2","2855787","2856008","37","29505359"
"JH378116","32374951","32375127","chr1","200145300","200145470","34","167770349"
"JH378116","32375442","32375577","chr10","131396054","131396189","16","99020612"
"JH378116","32408824","32408999","chr14","28212481","28212654","27","4196343"
"JH378116","32409297","32409347","chr13","50167357","50167406","3","17758060"
"JH378116","32423092","32423382","chr13","50153684","50153988","32","17730592"
"JH378116","32431945","32432256","chr13","50145301","50145580","48","17713356"
"JH378116","32472292","32472515","chr13","50105636","50105859","14","17633344"
"JH378116","32508812","32509125","chr5","157082303","157082618","50","124573491"
"JH378116","32516086","32516409","chr3","110736067","110736391","55","78219981"
"JH378116","32519655","32519965","chr13","50054381","50054692","35","17534726"
"JH378116","32523148","32523452","chr13","50051850","50052155","12","17528702"
"JH378116","32546574","32546844","chr10","81604233","81604504","41","49057659"
"JH378116","32547382","32547526","chr3","179826373","179826495","37","147278991"
"JH378116","32560254","32560550","chr6","117498241","117498535","48","84937987"
"JH378116","32563456","32563566","chr9","63629745","63629852","24","31066289"
"JH378116","32565744","32565879","chr13","49994897","49995032","9","17429153"
"JH378116","32574193","32574516","chr20","8200476","8200790","55","24373717"
"JH378116","32589004","32589281","chr13","49966991","49967266","24","17377987"
"JH378116","32591883","32592186","chr1","65194813","65195115","49","32602930"
"JH378116","32610428","32610579","chrX","44622267","44622411","34","12011839"
"JH378116","32612121","32612182","chr5","57823988","57824047","12","25211867"
"JH378116","32622125","32622411","chr13","49929755","49930025","36","17307630"
"JH378116","32634273","32634433","chr13","49916442","49916603","11","17282169"
"JH378116","32638367","32638618","chr7","6455199","6455450","49","26183168"
"JH378116","32690765","32690877","chr20","7957321","7957428","19","24733444"
"JH378116","32691282","32691460","chr13","49857624","49857807","21","17166342"
"JH378116","32691767","32691891","chr13","49857194","49857318","9","17165427"
"JH378116","32744330","32744449","chr7","69466074","69466193","8","36721744"
"JH378116","32747716","32748014","chr13","49800276","49800572","17","17052560"
"JH378116","32804394","32804517","chrX","106772558","106772679","15","73968164"
"JH378116","32804539","32804641","chr15","69220378","69220474","22","36415839"
"JH378116","32853029","32853324","chrX","16675222","16675519","40","16177807"
"JH378116","32880622","32880913","chr4","153177358","153177649","37","120296736"
"JH378116","32898289","32898600","chr14","41317906","41318199","60","8419617"
"JH378116","32946518","32946789","chrX","62327026","62327300","40","29380508"
"JH378116","32969368","32969657","chr13","49568296","49568582","23","16598928"
"JH378116","32990125","32990432","chr13","49551151","49551450","32","16561026"
"JH378116","33176940","33177213","chr22","34236631","34236904","40","1059691"
"JH378116","33269374","33269497","chr13","49236866","49236989","9","15967492"
"JH378116","33301453","33301756","chr13","49204822","49205119","48","15903369"
"JH378116","33318918","33319235","chr13","49187679","49187993","23","15868761"
"JH378116","33330082","33330402","chr2","55392622","55392939","53","22062540"
"JH378116","33368087","33368394","chr13","49141602","49141910","21","15773515"
"JH378116","33385453","33385663","chr13","49125687","49125885","20","15740234"
"JH378116","33403937","33404234","chr13","49107389","49107686","17","15703452"
"JH378116","33404615","33404926","chr13","49106733","49107014","52","15702118"
"JH378116","33540140","33540454","chr13","48963734","48964042","33","15423594"
"JH378116","33566892","33567177","chr5","6275498","6275788","50","27291394"
"JH378116","33570264","33570557","chr13","48935788","48936090","35","15365524"
"JH378116","33600899","33601207","chr13","48905894","48906193","37","15304995"
"JH378116","33606322","33606565","chr13","48891123","48891374","31","15284801"
"JH378116","33618266","33618629","chr3","139667405","139667785","84","106049139"
"JH378116","33682537","33682795","chr9","100173117","100173381","42","66490580"
"JH378116","33713479","33713767","chr1","141769304","141769593","45","108055825"
"JH378116","33714998","33715329","chr13","48770822","48771132","38","15055824"
"JH378116","33774244","33774546","chr13","48708502","48708797","23","14934258"
"JH378116","33806023","33806206","chr1","181422524","181422717","36","147616501"
"JH378116","33828297","33828583","chr13","48660082","48660371","33","14831785"
"JH378116","33835816","33835956","chr13","48654629","48654773","16","14818813"
"JH378116","33836868","33836984","chr7","73402159","73402270","17","39565291"
"JH378116","33841234","33841528","chr7","54157888","54158182","34","20316654"
"JH378116","33904793","33905093","chr13","48580338","48580631","39","14675545"
"JH378116","33928071","33928357","chr7","128349817","128350099","46","94421746"
"JH378116","33934438","33934739","chr10","27495081","27495386","49","6439357"
"JH378116","33982304","33982567","chr14","83725027","83725293","44","49742723"
"JH378116","33982926","33983051","chr3","190152975","190153101","19","156170049"
"JH378116","34054381","34054501","chrUn_GL286616","4457","4576","23","34049924"
"JH378116","34055969","34056156","chr22","7885617","7885806","35","26170352"
"JH378116","34070560","34070858","chr13","48412431","48412726","20","14341871"
"JH378116","34077535","34077721","chr13","48405509","48405703","17","14327974"
"JH378116","34082208","34082495","chr16","31444057","31444360","49","2638151"
"JH378116","34089039","34089155","chr22","8878271","8878385","8","25210768"
"JH378116","34091108","34091317","chr13","48391822","48392041","23","14300714"
"JH378116","34091792","34091877","chr13","48391261","48391346","5","14299469"
"JH378116","34118935","34119068","chr3","35148952","35149083","10","1030017"
"JH378116","34238224","34238511","chr8","106640627","106640911","38","72402403"
"JH378116","34244715","34244852","chr13","48192763","48192900","14","13948048"
"JH378116","34248487","34248764","chr13","25713171","25713461","48","8535316"
"JH378116","34249801","34249985","chr13","48186892","48187074","10","13937091"
"JH378116","34250087","34250209","chr15","8747923","8748044","11","25502164"
"JH378116","34255903","34256208","chr13","48179874","48180177","18","13923971"
"JH378116","34279494","34279798","chr13","48150859","48151156","20","13871365"
"JH378116","34282873","34283122","chr13","48147888","48148121","36","13865015"
"JH378116","34307759","34307971","chr13","48121548","48121757","10","13813789"
"JH378116","34319269","34319553","chr13","48109192","48109489","37","13789923"
"JH378116","34325577","34325869","chr13","48102455","48102745","27","13776878"
"JH378116","34337559","34337725","chr13","48090334","48090499","17","13752775"
"JH378116","34352233","34352443","chr22","8081034","8081239","32","26271199"
"JH378116","34365545","34365844","chr13","48060910","48061209","30","13695365"
"JH378116","34419436","34419737","chr6","157751832","157752133","43","123332396"
"JH378116","34451512","34451806","chr13","47988125","47988417","18","13536613"
"JH378116","34460035","34460205","chr13","47978642","47978799","21","13518607"
"JH378116","34460517","34460649","chr9","18850339","18850471","8","15610178"
"JH378116","34463673","34464001","chr11","44287475","44287795","54","9823802"
"JH378116","34478212","34478525","chr13","47964239","47964550","23","13486027"
"JH378116","34493058","34493355","chr13","47955623","47955926","38","13462565"
"JH378116","34500434","34500704","chr22","10890229","10890493","54","23610205"
"JH378116","34512222","34512501","chr13","47937380","47937664","25","13425158"
"JH378116","34521366","34521673","chr13","47928576","47928873","32","13407210"
"JH378116","34526393","34526668","chr8","103528890","103529175","54","69002497"
"JH378116","34537643","34537933","chr12","90154597","90154888","37","55616954"
"JH378116","34570427","34570561","chr13","47880784","47880918","10","13310357"
"JH378116","34570562","34570852","chr13","47880486","47880783","31","13309924"
"JH378116","34570853","34571019","chr13","47880321","47880485","10","13309468"
"JH378116","34576471","34576594","chr15","27370311","27370434","5","7206160"
"JH378116","34580646","34580750","chr3","165986847","165986951","14","131406201"
"JH378116","34613958","34614257","chr13","47834375","47834679","29","13220417"
"JH378116","34629040","34629309","chr13","47820034","47820329","47","13190994"
"JH378116","34636612","34636893","chr13","47812375","47812656","26","13175763"
"JH378116","34638515","34638812","chr13","35555553","35555847","42","917038"
"JH378116","34653513","34653799","chr13","47799147","47799432","22","13145634"
"JH378116","34686504","34686618","chr11","118364727","118364841","4","83678223"
"JH378116","34689917","34690069","chr9","108647084","108647231","30","73957167"
"JH378116","34692984","34693310","chr13","47750674","47750960","68","13057690"
"JH378116","34695818","34695910","chr7","88221867","88221958","14","53526049"
"JH378116","34730640","34730950","chr13","97042479","97042788","46","62311839"
"JH378116","34734110","34734398","chr18","3047133","3047426","41","31686977"
"JH378116","34741892","34742168","chr13","47686271","47686555","24","12944379"
"JH378116","34767010","34767321","chr13","47660697","47661005","33","12893687"
"JH378116","34791817","34792105","chr13","47634546","47634836","18","12842729"
"JH378116","34809702","34809789","chr1","174971147","174971229","15","140161445"
"JH378116","34810092","34810298","chr6","83472421","83472626","29","48662329"
"JH378116","34829419","34829713","chr13","47599000","47599307","24","12769581"
"JH378116","34834843","34834929","chr4","48931672","48931755","16","14096829"
"JH378116","34836181","34836471","chr7","75129390","75129671","49","40293209"
"JH378116","34838950","34839255","chr13","47589458","47589748","37","12750508"
"JH378116","34845341","34845642","chr13","47583089","47583387","28","12737748"
"JH378116","34855103","34855405","chr13","47572547","47572842","20","12717444"
"JH378116","34858622","34858920","chr13","47569075","47569384","34","12710453"
"JH378116","34882412","34882686","chr13","47546297","47546597","46","12663885"
"JH378116","34889339","34889642","chr10","55046747","55047048","47","20157408"
"JH378116","34889927","34890226","chr13","47538389","47538687","15","12648462"
"JH378116","34897990","34898301","chr13","47530629","47530941","23","12632639"
"JH378116","34899389","34899487","chr13","47529461","47529559","8","12630072"
"JH378116","34901200","34901483","chr13","47527414","47527699","18","12626214"
"JH378116","34935821","34936117","chr13","47492841","47493146","28","12557020"
"JH378116","34943372","34943656","chr1","206197299","206197585","43","171253927"
"JH378116","34959684","34959996","chr13","47463880","47464180","51","12504196"
"JH378116","34991796","34991972","chr2","150656000","150656176","36","115664204"
"JH378116","34994156","34994458","chr13","47429839","47430151","24","12435683"
"JH378116","34995793","34996071","chr13","47428274","47428552","18","12432481"
"JH378116","35003476","35003780","chr13","47421004","47421308","26","12417528"
"JH378116","35039705","35040009","chr13","47378787","47379089","24","12339082"
"JH378116","35098175","35098468","chr13","47312515","47312814","32","12214340"
"JH378116","35104206","35104464","chr13","47306858","47307103","28","12202652"
"JH378116","35123834","35123957","chr2","1841106","1841229","5","33282728"
"JH378116","35125489","35125786","chr13","47281219","47281523","24","12155730"
"JH378116","35129221","35129298","chr5","61484050","61484121","17","26354829"
"JH378116","35129482","35129716","chr7","59374127","59374367","36","24244645"
"JH378116","35149387","35149649","chr13","47257946","47258208","20","12108559"
"JH378116","35159146","35159440","chr13","47248140","47248437","24","12088994"
"JH378116","35570722","35571037","chr13","46784451","46784773","37","11213729"
"JH378116","35638679","35638718","chr22","28617594","28617636","5","7021085"
"JH378116","35678763","35678945","chr13","46673417","46673597","22","10994654"
"JH378116","35679563","35679688","chr4","134633245","134633372","20","98953682"
"JH378116","35682488","35682741","chr13","46669699","46669920","49","10987211"
"JH378116","35684101","35684323","chr10","3039214","3039435","38","32644887"
"JH378116","35706306","35706582","chr13","46645860","46646137","30","10939554"
"JH378116","35749956","35750180","chr2","154219554","154219789","49","118469598"
"JH378116","35784234","35784533","chr13","46563839","46564132","30","10779605"
"JH378116","35835538","35835841","chr13","46507003","46507310","19","10671465"
"JH378116","35851196","35851501","chr13","46488466","46488774","25","10637270"
"JH378116","35871672","35871985","chr13","46465703","46466004","30","10594031"
"JH378116","35944899","35945200","chr13","46383127","46383424","31","10438228"
"JH378116","35965558","35965849","chr13","46365220","46365502","28","10399662"
"JH378116","35988778","35989022","chr13","46334800","46335045","13","10346022"
"JH378116","35999894","36000000","chr9","103935277","103935383","13","67935383"
"JH378116","36018736","36019027","chr13","46304281","46304570","26","10285545"
"JH378116","36092114","36092404","chr5","32793498","32793786","48","3298616"
"JH378116","36167457","36167581","chr2","314238","314362","14","35853219"
"JH378116","36173480","36173786","chr13","46108841","46109123","49","9935361"
"JH378116","36197697","36198001","chr13","46084178","46084477","27","9886481"
"JH378116","36222637","36222964","chr13","46061377","46061689","42","9838740"
"JH378116","36224815","36224945","chr4","13648242","13648371","19","22576573"
"JH378116","36244033","36244328","chr13","46035835","46036135","21","9791802"
"JH378116","36385350","36385517","chrX","87055924","87056089","23","50670574"
"JH378116","36445741","36446045","chr1","121566262","121566567","44","85120521"
"JH378116","36494923","36495217","chr13","45742393","45742683","27","9247470"
"JH378116","36544731","36545029","chr13","45684989","45685278","34","9140258"
"JH378116","36725878","36726124","chr13","45455280","45455522","30","8729402"
"JH378116","36807331","36807650","chr13","45367653","45367957","34","8560322"
"JH378116","36841082","36841365","chr13","45320329","45320633","46","8479247"
"JH378116","36867717","36868002","chr13","45294212","45294498","25","8426495"
"JH378116","36882107","36882241","chr13","45277970","45278106","12","8395863"
"JH378116","36882282","36882444","chr1","100406046","100406204","24","63523764"
"JH378116","36912064","36912383","chr13","45250111","45250424","33","8338047"
"JH378116","36922481","36922795","chr13","45232942","45233251","28","8310461"
"JH378116","36926634","36926937","chr13","45229123","45229432","24","8302489"
"JH378116","36927290","36927597","chr16","19000488","19000803","51","17926802"
"JH378116","36967520","36967818","chr13","45189210","45189501","30","8221690"
"JH378116","36984397","36984682","chr6","70548578","70548865","34","33564181"
"JH378116","36987909","36988089","chr10","7245436","7245617","27","29742473"
"JH378116","36990139","36990443","chr10","113747821","113748122","42","76757682"
"JH378116","36993813","36994082","chr13","45156032","45156329","42","8162219"
"JH378116","37000523","37000595","chr13","45149912","45149984","0","8149389"
"JH378116","37001155","37001286","chr9","39167271","39167402","17","2166116"
"JH378116","37002777","37003092","chr13","45147398","45147717","30","8144621"
"JH378116","37006195","37006480","chr13","45143412","45143707","33","8137217"
"JH378116","37010548","37010640","chr2","154383930","154384025","14","117373382"
"JH378116","37012301","37012600","chr13","45138124","45138417","27","8125823"
"JH378116","37016131","37016273","chr11","109708614","109708753","15","72692483"
"JH378116","37016585","37016752","chr9","113818795","113818963","25","76802210"
"JH378116","37049344","37049640","chrY","2110961","2111249","53","34938383"
"JH378116","37055832","37056123","chr12","19365394","19365686","49","17690438"
"JH378116","37058987","37059124","chr13","45089632","45089766","8","8030645"
"JH378116","37059730","37059907","chr13","45089157","45089334","14","8029427"
"JH378116","37088350","37088479","chr13","45060275","45060407","15","7971925"
"JH378116","37089684","37089974","chr7","54157888","54158182","40","17068204"
"JH378116","37102783","37103102","chrX","86367442","86367760","66","49264659"
"JH378116","37105267","37105353","chr10","7429336","7429424","19","29675931"
"JH378116","37105390","37105696","chr13","45044714","45045010","29","7939324"
"JH378116","37105756","37106057","chr13","45044370","45044670","30","7938614"
"JH378116","37108009","37108269","chr13","45040500","45040756","18","7932491"
"JH378116","37115152","37115463","chr13","45021778","45022071","32","7906626"
"JH378116","37141110","37141402","chr13","44999028","44999319","18","7857918"
"JH378116","37144864","37144985","chr13","44995101","44995211","21","7850237"
"JH378116","37146342","37146498","chr13","44993850","44994005","8","7847508"
"JH378116","37146506","37146769","chr5","109694374","109694639","46","72547868"
"JH378116","37148328","37148461","chr5","84227278","84227413","16","47078950"
"JH378116","37148790","37148968","chrX","89937859","89938037","29","52789069"
"JH378116","37151362","37151636","chr13","44991852","44992125","39","7840490"
"JH378116","37156554","37156716","chr3","30113644","30113819","34","7042910"
"JH378116","37156784","37156921","chr21","47426023","47426144","28","10269239"
"JH378116","37159585","37159743","chr3","164182006","164182158","39","127022421"
"JH378116","37160041","37160069","chr5","131238500","131238527","11","94078459"
"JH378116","37160358","37160490","chrX","543762","543896","22","36616596"
"JH378116","37165279","37165511","chr5","142972660","142972886","41","105807381"
"JH378116","37174276","37174497","chr22","37757001","37757219","38","582725"
"JH378116","37179030","37179166","chr4","166533975","166534109","18","129354945"
"JH378116","37179473","37179553","chr12","86904451","86904531","19","49724978"
"JH378116","37179634","37179932","chr13","44965250","44965538","28","7785616"
"JH378116","37205089","37205260","chr4","144577870","144578038","25","107372781"
"JH378116","37205565","37205705","chr1","91208425","91208572","21","54002860"
"JH378116","37210575","37210864","chr13","44923853","44924146","21","7713278"
"JH378116","37210892","37211052","chr13","44923658","44923823","16","7712766"
"JH378116","37211351","37211487","chr13","44923223","44923358","8","7711872"
"JH378116","37217168","37217447","chr13","44916226","44916509","24","7699058"
"JH378116","37220709","37220990","chr7","93328420","93328700","37","56107711"
"JH378116","37224033","37224207","chr13","44910014","44910180","21","7685981"
"JH378116","37228745","37229050","chr4","37739940","37740243","58","511195"
"JH378116","37240108","37240407","chr13","44894687","44894973","27","7654579"
"JH378116","37240412","37240687","chr13","44894402","44894677","13","7653990"
"JH378116","37266091","37266358","chr13","44871120","44871377","43","7605029"
"JH378116","37325916","37326215","chr13","43382700","43382994","32","6056784"
"JH378116","37330266","37330576","chr13","43387304","43387614","20","6057038"
"JH378116","37332983","37333341","chr14","44902307","44902640","78","7569324"
"JH378116","37344686","37344961","chr13","43401696","43401981","25","6057010"
"JH378116","37383262","37383525","chr5","1383379","1383651","51","35999883"
"JH378116","37390729","37391024","chr13","43461315","43461611","19","6070586"
"JH378116","37392811","37393094","chr3","20404389","20404669","54","16988422"
"JH378116","37397937","37398165","chr1","79904628","79904865","51","42506691"
"JH378116","37401064","37401344","chr13","43474854","43475130","28","6073790"
"JH378116","37406830","37406997","chr2","44045578","44045735","31","6638748"
"JH378116","37407301","37407432","chr10","26599227","26599357","19","10808074"
"JH378116","37424043","37424338","chr13","43494235","43494527","23","6070192"
"JH378116","37424868","37425161","chr13","43495072","43495343","43","6070204"
"JH378116","37435614","37435902","chr1","201740766","201741062","56","164305152"
"JH378116","37438081","37438392","chr13","43508208","43508513","19","6070127"
"JH378116","37442660","37442971","chr13","43513458","43513770","18","6070798"
"JH378116","37444643","37444848","chr13","43515223","43515427","31","6070580"
"JH378116","37452274","37452579","chr13","43523914","43524211","24","6071640"
"JH378116","37458597","37458888","chr12","113840087","113840383","43","76381490"
"JH378116","37459981","37460104","chr22","12986927","12987050","18","24473054"
"JH378116","37460996","37461299","chr5","113533298","113533606","50","76072302"
"JH378116","37461333","37461471","chr5","76381457","76381594","21","38920124"
"JH378116","37501278","37501416","chr3","123885270","123885398","25","86383992"
"JH378116","37525528","37525749","chr3","121371016","121371237","40","83845488"
"JH378116","37526531","37526633","chr13","8954396","8954498","15","28572135"
"JH378116","37532101","37532244","chr8","98496668","98496810","29","60964567"
"JH378116","37533844","37534015","chr2","79294580","79294744","57","41760736"
"JH378116","37540150","37540232","chr1","63750412","63750495","18","26210262"
"JH378116","37546137","37546426","chr13","43526605","43526898","25","5980468"
"JH378116","37558474","37558744","chr7","30313337","30313613","46","7245137"
"JH378116","37580207","37580508","chr13","43561552","43561858","31","5981345"
"JH378116","37584986","37585138","chr4","20966419","20966571","25","16618567"
"JH378116","37585439","37585562","chr1","185525833","185525954","20","147940394"
"JH378116","37586301","37586553","chr2","63096625","63096877","34","25510324"
"JH378116","37589056","37589417","chr13","101021803","101022125","104","63432747"
"JH378116","37593115","37593409","chr11","11886031","11886320","62","25707084"
"JH378116","37593446","37593467","chr15","33507981","33508002","0","4085465"
"JH378116","37611179","37611272","chr15","8409561","8409649","12","29201618"
"JH378116","37645229","37645562","chr10","46574530","46574847","59","8929301"
"JH378116","37651988","37652282","chr13","43630139","43630423","21","5978151"
"JH378116","37659046","37659366","chr13","43637202","43637496","40","5978156"
"JH378116","37660589","37660880","chr13","43639054","43639342","26","5978465"
"JH378116","37693074","37693346","chr13","43674719","43674974","32","5981645"
"JH378116","37705686","37705989","chr13","43687848","43688145","31","5982162"
"JH378116","37723657","37723960","chr5","4379233","4379531","44","33344424"
"JH378116","37733371","37733664","chr13","43710657","43710950","19","5977286"
"JH378116","37770723","37770831","chr13","43747654","43747763","12","5976931"
"JH378116","37773087","37773234","chr4","43838037","43838185","29","6064950"
"JH378116","37773538","37773696","chr18","38323541","38323682","34","550003"
"JH378116","37791972","37792255","chr7","56810588","56810867","67","19018616"
"JH378116","37807161","37807460","chr13","43786322","43786613","27","5979161"
"JH378116","37820261","37820581","chr13","43801468","43801788","18","5981207"
"JH378116","37827571","37827810","chr13","43807518","43807759","9","5979947"
"JH378116","37830465","37830637","chr13","43810349","43810514","25","5979884"
"JH378116","37840312","37840613","chr13","43821191","43821493","25","5980879"
"JH378116","37861210","37861354","chr10","6016155","6016291","24","31845055"
"JH378116","37861390","37861558","chr3","105711760","105711925","23","67850370"
"JH378116","37868220","37868404","chr13","43849382","43849567","19","5981162"
"JH378116","37868683","37868817","chr13","43849853","43849989","11","5981170"
"JH378116","37869735","37870023","chr13","43850580","43850883","27","5980845"
"JH378116","37873797","37874068","chr13","43854766","43855037","11","5980969"
"JH378116","37879215","37879297","chr13","43859995","43860080","10","5980780"
"JH378116","37893196","37893528","chr13","43873398","43873719","42","5980202"
"JH378116","37905264","37905429","chr12","88454842","88454999","29","50549578"
"JH378116","37925561","37925675","chr2","48190952","48191069","11","10265391"
"JH378116","37936576","37936871","chr10","99061083","99061370","46","61124507"
"JH378116","37955101","37955269","chr15","63655212","63655379","24","25700111"
"JH378116","37973349","37973468","chr7","73402159","73402270","17","35428810"
"JH378116","37980142","37980406","chr13","43951063","43951326","13","5970921"
"JH378116","37998737","37999040","chr9","111354658","111354956","49","73355921"
"JH378116","38018484","38018778","chr13","43989751","43990048","37","5971267"
"JH378116","38051718","38051852","chr13","44030299","44030434","12","5978581"
"JH378116","38052163","38052291","chr1","209885832","209885957","30","171833669"
"JH378116","38058377","38058629","chr13","44037370","44037622","21","5978993"
"JH378116","38061149","38061451","chr13","44040163","44040464","23","5979014"
"JH378116","38066035","38066104","chr22","14628954","14629023","9","23437081"
"JH378116","38074380","38074683","chr13","44050600","44050898","25","5976220"
"JH378116","38083460","38083737","chr3","112914299","112914584","53","74830839"
"JH378116","38094884","38095189","chr5","140398124","140398424","50","102303240"
"JH378116","38098736","38098909","chr5","44519064","44519232","30","6420328"
"JH378116","38109649","38109952","chr13","44080633","44080941","22","5970984"
"JH378116","38112361","38112659","chr13","44083545","44083848","31","5971184"
"JH378116","38123019","38123312","chr13","44094347","44094640","18","5971328"
"JH378116","38132080","38132377","chr13","44102793","44103081","17","5970713"
"JH378116","38139494","38139777","chr13","44110189","44110483","35","5970695"
"JH378116","38149203","38149486","chr13","44124032","44124317","22","5974829"
"JH378116","38149969","38150274","chr4","155978902","155979202","46","117828933"
"JH378116","38160882","38161186","chr13","44135456","44135760","15","5974574"
"JH378116","38197399","38197706","chr13","44172134","44172418","34","5974735"
"JH378116","38216925","38217204","chr6","41147586","41147881","41","2930661"
"JH378116","38219591","38219763","chr13","44185278","44185444","17","5965687"
"JH378116","38220070","38220205","chr13","44185749","44185882","11","5965679"
"JH378116","38221597","38221811","chr2","8049488","8049703","37","30172109"
"JH378116","38222110","38222188","chr9","34718695","34718777","17","3503415"
"JH378116","38236491","38236803","chr13","44202368","44202662","35","5965877"
"JH378116","38253030","38253336","chr13","44219720","44220020","27","5966690"
"JH378116","38263913","38264208","chr13","44229752","44230048","18","5965839"
"JH378116","38336330","38336493","chr1","179012082","179012243","36","140675752"
"JH378116","38439822","38440108","chr13","44409611","44409899","40","5969789"
"JH378116","38519025","38519274","chr13","44498882","44499146","31","5979857"
"JH378116","38521217","38521513","chr13","44501079","44501376","12","5979862"
"JH378116","38521881","38522209","chr13","44501743","44502039","50","5979862"
"JH378116","38522237","38522544","chr14","72025220","72025530","47","33502983"
"JH378116","38523477","38523683","chr13","44503282","44503488","15","5979805"
"JH378116","38651910","38652213","chr13","44644954","44645255","24","5993044"
"JH378116","38693652","38693931","chr4","159367016","159367298","43","120673364"
"JH378116","38707954","38708249","chr2","94296152","94296445","47","55588198"
"JH378116","38715807","38716086","chr13","44711960","44712239","20","5996153"
"JH378116","38726285","38726580","chr10","8607823","8608118","53","30118462"
"JH378116","38754084","38754369","chr5","126258496","126258783","41","87504412"
"JH378116","38771732","38771787","chr1","189483750","189483803","10","150712018"
"JH378116","38771879","38772060","chrUn_GL288485","9743","9914","44","38762136"
"JH378116","38780076","38780370","chr5","10035816","10036116","65","28744260"
"JH378116","38881962","38882252","chr10","81196256","81196554","45","42314294"
"JH378116","38896106","38896246","chr13","43095761","43095902","10","4199655"
"JH378116","38901097","38901380","chr6","70548578","70548865","54","31647481"
"JH378116","38907034","38907340","chr13","43083824","43084131","26","4176790"
"JH378116","38922045","38922327","chr13","43067573","43067860","26","4145528"
"JH378116","38989532","38989835","chr22","6475349","6475647","43","32514183"
"JH378116","38991243","38991531","chr19","38904233","38904518","44","87010"
"JH378116","39003161","39003238","chr22","14011537","14011612","16","24991624"
"JH378116","39012991","39013290","chr11","6076607","6076909","44","32936384"
"JH378116","39017047","39017360","chr10","116623836","116624142","43","77606789"
"JH378116","39020030","39020265","chr2","79465378","79465610","47","40445348"
"JH378116","39270982","39271095","chrX","135761714","135761827","6","96490732"
"JH378116","39326856","39327181","chr19","21951624","21951947","58","17375232"
"JH378116","39331426","39331566","chr16","22207082","22207224","9","17124344"
"JH378116","39350173","39350449","chr1","182274619","182274895","17","142924446"
"JH378116","39406988","39407294","chrUn_GL286329","1931","2217","33","39405057"
"JH378116","39409490","39409634","chr8","91934925","91935064","32","52525435"
"JH378116","39409679","39409846","chr16","64748734","64748910","35","25339055"
"JH378116","39451451","39451777","chr13","43801468","43801788","26","4350017"
"JH378116","39459542","39459804","chr2","9535098","9535352","53","29924444"
"JH378116","39514529","39514846","chr3","110736067","110736391","56","71221538"
"JH378116","39519830","39520136","chr12","64396147","64396446","59","24876317"
"JH378116","39549086","39549358","chr5","77002388","77002661","57","37453302"
"JH378116","39551327","39551621","chr14","63861496","63861789","52","24310169"
"JH378116","39553074","39553360","chr9","108507574","108507862","66","68954500"
"JH378116","39610984","39611290","chr4","17667882","17668185","53","21943102"
"JH378116","39617851","39618158","chr12","69161921","69162221","63","29544070"
"JH378116","39664858","39665140","chr12","21867057","21867349","62","17797801"
"JH378116","39697888","39698018","chrX","103698745","103698863","27","64000857"
"JH378116","39698532","39698827","chrX","22249719","22250019","37","17448813"
"JH378116","39723135","39723408","chr12","79892462","79892732","60","40169327"
"JH378117","1864","2173","chr22","35779523","35779824","46","35777659"
"JH378117","4802","5112","chr3","3614039","3614343","52","3609237"
"JH378117","47403","47695","chr17","54516836","54517122","32","54469433"
"JH378117","52247","52493","chr17","54512693","54512937","37","54460446"
"JH378117","105527","105823","chr17","54451383","54451675","25","54345856"
"JH378117","113401","113711","chr17","54443269","54443559","34","54329868"
"JH378117","115583","115884","chr17","54440793","54441098","29","54325210"
"JH378117","117737","118018","chr17","54438975","54439240","32","54321238"
"JH378117","135107","135255","chr12","16534163","16534311","27","16399056"
"JH378117","142683","142994","chr17","54415081","54415396","27","54272398"
"JH378117","144355","144642","chr13","87471155","87471445","47","87326800"
"JH378117","150979","151278","chr3","118798318","118798611","46","118647339"
"JH378117","151924","152098","chr3","188375983","188376160","26","188224059"
"JH378117","165355","165652","chr17","54392089","54392379","31","54226734"
"JH378117","174822","175096","chr12","91297727","91298013","46","91122905"
"JH378117","175915","176217","chr17","54381334","54381633","17","54205419"
"JH378117","180021","180320","chr17","54377250","54377548","19","54197229"
"JH378117","194033","194281","chr17","54361912","54362160","17","54167879"
"JH378117","230053","230188","chrX","69018830","69018965","13","68788777"
"JH378117","234066","234396","chr17","54323327","54323631","51","54089261"
"JH378117","268685","268801","chr13","99257322","99257437","16","98988637"
"JH378117","316221","316473","chr17","54234121","54234373","10","53917900"
"JH378117","479967","480239","chr5","139084070","139084335","50","138604103"
"JH378117","480651","480931","chr17","54035369","54035646","21","53554718"
"JH378117","506259","506570","chr7","108716359","108716667","52","108210100"
"JH378117","508146","508270","chr17","54007177","54007293","16","53499031"
"JH378117","508271","508566","chr17","54006879","54007176","25","53498608"
"JH378117","508567","508745","chr17","54006711","54006878","19","53498144"
"JH378117","524957","525117","chr5","9343741","9343891","27","8818784"
"JH378117","633459","633752","chr17","53875925","53876218","18","53242466"
"JH378117","671603","671891","chr17","53835294","53835583","26","53163691"
"JH378117","696276","696587","chr3","151290099","151290402","60","150593823"
"JH378117","697526","697831","chr17","53807966","53808273","34","53110440"
"JH378117","709826","710129","chr17","53793744","53794048","29","53083918"
"JH378117","729862","730138","chr2","150779617","150779905","48","150049755"
"JH378117","742446","742710","chr19","18362531","18362799","47","17620085"
"JH378117","742802","742921","chr7","44965442","44965561","11","44222640"
"JH378117","777863","777948","chr1","94238710","94238791","16","93460847"
"JH378117","794255","794407","chr17","53707981","53708133","5","52913726"
"JH378117","821262","821560","chr17","53664500","53664795","19","52843238"
"JH378117","840825","841127","chr17","53645644","53645933","32","52804819"
"JH378117","884554","884869","chr3","84173060","84173366","63","83288506"
"JH378117","942245","942453","chr17","53534366","53534578","32","52592121"
"JH378117","994007","994295","chr2","12442559","12442846","18","11448552"
"JH378117","1015653","1015958","chr17","53454274","53454579","20","52438621"
"JH378117","1138770","1138880","chr17","53337691","53337800","7","52198921"
"JH378117","1144212","1144523","chr17","53332054","53332346","46","52187842"
"JH378117","1240633","1240886","chr17","53210379","53210632","23","51969746"
"JH378117","1309911","1310212","chr17","53137658","53137962","29","51827747"
"JH378117","1444384","1444501","chr15","16152787","16152904","8","14708403"
"JH378117","1446166","1446437","chr17","52990638","52990925","38","51544472"
"JH378117","1481584","1481709","chr5","130859059","130859183","10","129377475"
"JH378117","1650170","1650315","chr17","52780153","52780313","26","51129983"
"JH378117","1650386","1650488","chr17","52780020","52780122","7","51129634"
"JH378117","1715903","1716190","chr17","52707796","52708087","33","50991893"
"JH378117","1730410","1730702","chr17","52693215","52693512","28","50962805"
"JH378117","1844254","1844529","chr13","82733334","82733605","64","80889080"
"JH378117","1882490","1882688","chr2","7860370","7860555","44","5977880"
"JH378117","1976957","1977260","chr17","52416358","52416661","24","50439401"
"JH378117","2006048","2006327","chr17","52387321","52387611","41","50381273"
"JH378117","2027213","2027508","chr17","52365722","52366015","20","50338509"
"JH378117","2192691","2192994","chr17","52201728","52202016","53","50009037"
"JH378117","2195689","2195977","chr6","17713671","17713962","49","15517982"
"JH378117","2243528","2243794","chr17","52148116","52148377","27","49904588"
"JH378117","2334761","2335056","chr17","52056344","52056627","30","49721583"
"JH378117","2342536","2342836","chr17","52048982","52049270","37","49706446"
"JH378117","2400182","2400455","chr17","51986265","51986536","42","49586083"
"JH378117","2454977","2455337","chr7","6577072","6577412","59","4122095"
"JH378117","2546441","2546564","chrX","69249237","69249359","15","66702796"
"JH378117","2643607","2643666","chr3","33741724","33741784","9","31098117"
"JH378117","2715619","2715900","chr17","51644679","51644963","29","48929060"
"JH378117","2804628","2804892","chr17","51535485","51535715","48","48730857"
"JH378117","3031859","3032161","chr17","51286260","51286567","23","48254401"
"JH378117","3039023","3039327","chr4","155528137","155528448","45","152489114"
"JH378117","3040705","3040953","chr5","123607016","123607263","40","120566311"
"JH378117","3086573","3086733","chr17","51216524","51216677","17","48129951"
"JH378117","3096741","3096885","chr17","51205310","51205457","15","48108569"
"JH378117","3177226","3177496","chr17","51107380","51107650","8","47930154"
"JH378117","3218599","3218886","chr17","51067006","51067287","25","47848407"
"JH378117","3319376","3319683","chr17","50969817","50970118","24","47650441"
"JH378117","3367073","3367234","chr17","50925379","50925534","22","47558306"
"JH378117","3388222","3388519","chr17","67635808","67636101","59","64247586"
"JH378117","3399347","3399636","chr17","50893314","50893594","33","47493967"
"JH378117","3422048","3422215","chr9","113818795","113818963","29","110396747"
"JH378117","3424601","3424883","chr17","50869642","50869939","38","47445041"
"JH378117","3457543","3457860","chr17","50829187","50829475","63","47371644"
"JH378117","3457861","3458036","chr1","185782736","185782908","30","182324875"
"JH378117","3459634","3459927","chr17","50827609","50827893","35","47367975"
"JH378117","3460181","3460295","chr18","5483187","5483297","18","2023006"
"JH378117","3460607","3460769","chr2","70200529","70200690","25","66739922"
"JH378117","3463816","3464116","chr17","50823455","50823746","35","47359639"
"JH378117","3500001","3500086","chr2","145080604","145080687","10","141580603"
"JH378117","3502433","3502486","chr7","103860871","103860925","8","100358438"
"JH378117","3507244","3507554","chr17","50779059","50779364","23","47271815"
"JH378117","3513382","3513667","chr6","95192296","95192580","43","91678914"
"JH378117","3521618","3521922","chr17","50758125","50758421","28","47236507"
"JH378117","3537329","3537635","chr17","50741819","50742118","33","47204490"
"JH378117","3561497","3561602","chr9","11888192","11888300","11","8326695"
"JH378117","3577880","3578000","chr17","50703049","50703168","7","47125169"
"JH378117","3594807","3595099","chr17","50684096","50684399","23","47089289"
"JH378117","3595645","3595869","chr17","50683661","50683884","19","47088016"
"JH378117","3595878","3596008","chr17","50683498","50683630","8","47087620"
"JH378117","3602945","3602956","chr2","148386820","148386831","0","144783875"
"JH378117","3602981","3603175","chr5","128152427","128152618","36","124549446"
"JH378117","3615955","3616200","chr17","50660555","50660799","15","47044600"
"JH378117","3628018","3628101","chr1","41892164","41892242","11","38264146"
"JH378117","3631724","3631991","chr17","50645172","50645464","44","47013448"
"JH378117","3652504","3652790","chr19","43862915","43863214","48","40210411"
"JH378117","3684643","3684996","chr5","36941188","36941528","68","33256545"
"JH378117","4001979","4002134","chr17","50253502","50253665","18","46251523"
"JH378117","4017606","4017902","chr7","89951395","89951694","42","85933789"
"JH378117","4047064","4047373","chr17","50203063","50203363","37","46155999"
"JH378117","4321974","4322260","chr7","62684538","62684809","71","58362564"
"JH378117","4348220","4348442","chr12","80125638","80125852","47","75777418"
"JH378117","4358180","4358425","chr17","49874695","49874940","11","45516515"
"JH378117","4478602","4478913","chr17","49746304","49746608","27","45267702"
"JH378117","4551721","4551975","chr17","49671910","49672164","22","45120189"
"JH378117","4664556","4664853","chr22","25431224","25431516","49","20766668"
"JH378117","4670397","4670688","chr17","49540320","49540621","30","44869923"
"JH378117","4681059","4681233","chr13","106166809","106166986","31","101485750"
"JH378117","4681261","4681388","chr1","6247078","6247201","15","1565817"
"JH378117","4730483","4730792","chr17","49476564","49476868","32","44746081"
"JH378117","4782889","4782971","chr3","126182966","126183051","4","121400077"
"JH378117","4807309","4807588","chr17","49392157","49392447","30","44584848"
"JH378117","4961996","4962292","chr17","49229085","49229380","26","44267089"
"JH378117","5023274","5023552","chr17","49162666","49162958","50","44139392"
"JH378117","5151756","5152055","chr17","49023328","49023622","20","43871572"
"JH378117","5221842","5222135","chr17","48946200","48946498","38","43724358"
"JH378117","5237291","5237581","chr17","48930842","48931132","19","43693551"
"JH378117","5272289","5272585","chr17","48901155","48901451","12","43628866"
"JH378117","5365862","5366165","chr11","23937010","23937310","45","18571148"
"JH378117","5409772","5409952","chr17","48747815","48747995","9","43338043"
"JH378117","5420863","5421093","chr13","9584530","9584763","41","4163667"
"JH378117","5465019","5465050","chr7","21949586","21949620","6","16484567"
"JH378117","5471057","5471337","chr17","48686043","48686323","24","43214986"
"JH378117","5475068","5475187","chr5","114900541","114900663","22","109425473"
"JH378117","5475216","5475387","chr5","112692034","112692203","34","107216818"
"JH378117","5478710","5478826","chr1","40814256","40814372","7","35335546"
"JH378117","5497078","5497379","chr1","92132928","92133222","47","86635850"
"JH378117","5500648","5500901","chr17","48658848","48659106","25","43158200"
"JH378117","5509442","5509538","chr7","128061885","128061983","18","122552443"
"JH378117","5512201","5512335","chr2","52664905","52665039","20","47152704"
"JH378117","5655929","5656213","chr17","48495741","48496023","22","42839812"
"JH378117","5657916","5658158","chr9","103261578","103261818","42","97603662"
"JH378117","5718012","5718305","chr4","155338801","155339092","42","149620789"
"JH378117","5781445","5781742","chr17","48352801","48353102","28","42571356"
"JH378117","5833033","5833157","chr12","90663068","90663193","4","84830035"
"JH378117","5837031","5837325","chr14","68766198","68766489","51","62929167"
"JH378117","5972571","5972913","chr17","48153970","48154318","29","42181399"
"JH378117","6061483","6061776","chr17","48062983","48063277","33","42001500"
"JH378117","6073955","6074255","chr17","48054158","48054455","21","41980203"
"JH378117","6114547","6114673","chr3","187673663","187673789","15","181559116"
"JH378117","6122110","6122325","chr17","47991946","47992157","15","41869836"
"JH378117","6127691","6127862","chr15","29183832","29184004","32","23056141"
"JH378117","6291461","6291650","chr1","181422524","181422717","29","175131063"
"JH378117","6324439","6324752","chr3","151903645","151903955","46","145579206"
"JH378117","6388874","6389158","chrX","25562322","25562602","46","19173448"
"JH378117","6455182","6455476","chr17","47655296","47655590","23","41200114"
"JH378117","6466335","6466647","chr16","7267310","7267628","63","800975"
"JH378117","6551219","6551530","chr17","47545165","47545452","36","40993946"
"JH378117","6553780","6553929","chr22","34237523","34237672","26","27683743"
"JH378117","6661064","6661348","chr17","47432421","47432694","39","40771357"
"JH378117","6671400","6671570","chr2","79294580","79294744","34","72623180"
"JH378117","6714088","6714222","chr21","37871035","37871168","11","31156947"
"JH378117","6714531","6714705","chr2","68194826","68195000","22","61480295"
"JH378117","6726195","6726400","chr15","43308787","43308987","33","36582592"
"JH378117","6756720","6757010","chr17","47311418","47311701","34","40554698"
"JH378117","6813748","6814039","chr1","168066521","168066816","40","161252773"
"JH378117","6832501","6832800","chr17","47234002","47234309","25","40401501"
"JH378117","6853625","6853927","chr17","47213147","47213452","20","40359522"
"JH378117","6891577","6891883","chr17","47167267","47167569","23","40275690"
"JH378117","6895398","6895707","chr17","47162612","47162913","32","40267214"
"JH378117","6914531","6914700","chr17","47144191","47144361","11","40229660"
"JH378117","6914725","6914844","chr17","47144020","47144140","8","40229295"
"JH378117","6918259","6918562","chr4","130673542","130673848","48","123755283"
"JH378117","6994107","6994386","chr17","47069008","47069286","29","40074901"
"JH378117","7015294","7015602","chr7","87007315","87007626","38","79992021"
"JH378117","7044047","7044342","chr17","47021187","47021482","28","39977140"
"JH378117","7045094","7045401","chr17","47020107","47020437","41","39975013"
"JH378117","7159166","7159452","chr22","16334010","16334295","47","9174844"
"JH378117","7167169","7167346","chr17","46874998","46875157","27","39707829"
"JH378117","7168886","7169165","chr17","46873445","46873759","51","39704559"
"JH378117","7176629","7176935","chr17","46865651","46865960","31","39689022"
"JH378117","7184657","7184834","chr17","46858055","46858225","16","39673398"
"JH378117","7188545","7188842","chr6","150885124","150885426","48","143696579"
"JH378117","7199435","7199603","chr5","134311911","134312087","30","127112476"
"JH378117","7199910","7200045","chr1","197968685","197968819","15","190768775"
"JH378117","7203454","7203628","chr8","89394121","89394295","28","82190667"
"JH378117","7203935","7204069","chr7","81189251","81189387","21","73985316"
"JH378117","7266355","7266575","chr17","46783714","46783915","25","39517359"
"JH378117","7293261","7293533","chr5","62383420","62383692","65","55090159"
"JH378117","7312520","7312828","chr5","41500187","41500508","64","34187667"
"JH378117","7315169","7315467","chr17","46730567","46730852","44","39415398"
"JH378117","7400261","7400555","chr7","89951395","89951694","41","82551134"
"JH378117","7458332","7458636","chr17","46573670","46573965","31","39115338"
"JH378117","7484178","7484486","chr17","46546685","46546978","36","39062507"
"JH378117","7496186","7496491","chr17","46535867","46536167","20","39039681"
"JH378117","7512079","7512369","chr17","46519779","46520065","21","39007700"
"JH378117","7537725","7537895","chr17","46483283","46483432","40","38945558"
"JH378117","7561988","7562122","chr9","18348454","18348587","18","10786466"
"JH378117","7564339","7564405","chr14","48911884","48911947","17","41347545"
"JH378117","7564507","7564717","chr12","11534095","11534305","27","3969588"
"JH378117","7598426","7598772","chr17","46423755","46424081","38","38825329"
"JH378117","7613528","7613823","chr11","66290535","66290827","43","58677007"
"JH378117","7658937","7659147","chr19","27845712","27845927","45","20186775"
"JH378117","7662578","7662744","chr17","46349364","46349527","13","38686786"
"JH378117","7669869","7670174","chr17","46343334","46343643","26","38673465"
"JH378117","7670480","7670774","chr17","46342742","46343028","23","38672262"
"JH378117","7702927","7702998","chr17","46308908","46308977","8","38605981"
"JH378117","7707513","7707807","chr16","70554559","70554852","44","62847046"
"JH378117","7738600","7738906","chr17","46273200","46273505","18","38534600"
"JH378117","7786448","7786742","chr3","5913393","5913684","42","1873055"
"JH378117","7798859","7799162","chr17","46210963","46211263","16","38412104"
"JH378117","7901235","7901528","chr17","8041516","8041814","28","140281"
"JH378117","7903065","7903358","chr17","8043225","8043521","38","140160"
"JH378117","7910838","7910969","chr5","98974762","98974893","11","91063924"
"JH378117","7912932","7913061","chr7","6639269","6639394","23","1273663"
"JH378117","7915677","7915964","chrUn_GL288198","17688","17975","57","7897989"
"JH378117","7918564","7918861","chr15","33381627","33381921","37","25463063"
"JH378117","7923975","7924316","chr6","105561199","105561535","58","97637224"
"JH378117","7924369","7924463","chr17","8075056","8075147","11","150687"
"JH378117","7931770","7932002","chr10","104932317","104932546","52","97000547"
"JH378117","7932493","7932638","chr2","133724001","133724135","35","125791508"
"JH378117","7932879","7932990","chr4","58197882","58197992","17","50265003"
"JH378117","7955078","7955371","chr17","8116381","8116675","40","161303"
"JH378117","8018901","8019198","chr17","8179620","8179915","22","160719"
"JH378117","8141926","8142234","chr17","8303010","8303300","46","161084"
"JH378117","8147414","8147703","chr17","8308370","8308658","22","160956"
"JH378117","8164379","8164668","chr22","3385721","3386004","52","4778658"
"JH378117","8215840","8216141","chr17","8377256","8377545","26","161416"
"JH378117","8241611","8241883","chr17","8399758","8400042","29","158147"
"JH378117","8252266","8252331","chr21","40257998","40258063","11","32005732"
"JH378117","8256328","8256627","chr17","8417663","8417958","28","161335"
"JH378117","8300986","8301220","chr17","8457778","8458015","18","156792"
"JH378117","8328568","8328736","chr16","25382349","25382514","30","17053781"
"JH378117","8328737","8329041","chr17","8488306","8488602","21","159569"
"JH378117","8338092","8338399","chr15","9881412","9881718","53","1543320"
"JH378117","8349402","8349708","chr17","8511039","8511332","31","161637"
"JH378117","8353709","8353895","chr2","57434072","57434255","29","49080363"
"JH378117","8355091","8355223","chrX","122016207","122016342","13","113661116"
"JH378117","8362821","8363048","chr11","63280095","63280318","47","54917274"
"JH378117","8369627","8369875","chr10","114947499","114947750","47","106577872"
"JH378117","8377039","8377191","chrX","52423765","52423914","25","44046726"
"JH378117","8386078","8386197","chr14","17282589","17282708","21","8896511"
"JH378117","8386973","8387095","chr10","80116115","80116239","7","71729142"
"JH378117","8387204","8387323","chr19","6514169","6514288","14","1873035"
"JH378117","8387493","8387633","chr15","72230203","72230350","20","63842710"
"JH378117","8394433","8394617","chr4","96382863","96383035","42","87988430"
"JH378117","8404542","8404815","chr5","87805815","87806085","47","79401273"
"JH378117","8413321","8413607","chr2","1969813","1970100","59","6443508"
"JH378117","8423608","8423913","chr17","8575829","8576137","23","152221"
"JH378117","8429102","8429229","chr1","189836575","189836703","13","181407473"
"JH378117","8433062","8433178","chr16","75107059","75107175","9","66673997"
"JH378117","8450913","8451114","chr17","8610666","8610870","15","159753"
"JH378117","8451641","8451945","chr5","72278102","72278400","43","63826461"
"JH378117","8452593","8452865","chr8","80612393","80612669","39","72159800"
"JH378117","8453754","8454050","chr17","8615012","8615308","21","161258"
"JH378117","8467929","8468213","chr15","63751773","63752050","36","55283844"
"JH378117","8475252","8475407","chr7","4406184","4406340","22","4069068"
"JH378117","8475460","8475585","chr12","19955176","19955300","20","11479716"
"JH378117","8477405","8477721","chr2","9629493","9629830","80","1152088"
"JH378117","8477759","8477778","chr3","36755618","36755633","4","28277859"
"JH378117","8481650","8481719","chr10","126144628","126144698","5","117662978"
"JH378117","8482158","8482468","chr22","35779523","35779824","39","27297365"
"JH378117","8491955","8492248","chr17","8649219","8649514","30","157264"
"JH378117","8492575","8492893","chr3","156769333","156769638","54","148276758"
"JH378117","8495566","8495900","chr1","105213215","105213526","75","96717649"
"JH378117","8505361","8505661","chr5","9925475","9925767","64","1420114"
"JH378117","8508965","8509137","chr7","56967429","56967601","25","48458464"
"JH378117","8510629","8510773","chr22","45312466","45312619","21","36801837"
"JH378117","8521014","8521305","chr17","8683381","8683680","36","162367"
"JH378117","8526354","8526514","chr11","41501043","41501202","32","32974689"
"JH378117","8549429","8549736","chr17","8710576","8710862","37","161147"
"JH378117","8553609","8553782","chr13","4858576","4858731","47","3695033"
"JH378117","8555396","8555699","chr7","75171671","75171977","51","66616275"
"JH378117","8557883","8558173","chr17","8721783","8722063","31","163900"
"JH378117","8567137","8567308","chr17","8729950","8730127","20","162813"
"JH378117","8570500","8570815","chr17","8733366","8733659","47","162866"
"JH378117","8572403","8572719","chr9","100983539","100983850","48","92411136"
"JH378117","8582471","8582769","chr17","8747092","8747385","35","164621"
"JH378117","8587174","8587458","chr17","8751165","8751428","45","163991"
"JH378117","8587537","8587824","chr1","75327417","75327706","40","66739880"
"JH378117","8617750","8618057","chr17","8781497","8781790","37","163747"
"JH378117","8623611","8623797","chrX","66962567","66962750","33","58338956"
"JH378117","8624124","8624210","chr16","41601425","41601511","19","32977301"
"JH378117","8630715","8631065","chr19","27759520","27759821","91","19128805"
"JH378117","8635782","8636059","chr17","8797511","8797793","24","161729"
"JH378117","8644767","8644929","chr12","18223476","18223638","28","9578709"
"JH378117","8644981","8645089","chr7","43990015","43990126","23","35345034"
"JH378117","8669160","8669453","chr17","8830270","8830572","18","161110"
"JH378117","8683398","8683528","chr11","116772942","116773070","10","108089544"
"JH378117","8689571","8689878","chr17","8850793","8851078","43","161222"
"JH378117","8690657","8690719","chr22","1395957","1396015","10","7294700"
"JH378117","8691107","8691231","chr15","34024416","34024541","11","25333309"
"JH378117","8704073","8704369","chr17","8866138","8866448","33","162065"
"JH378117","8709495","8709688","chrX","90663299","90663495","28","81953804"
"JH378117","8724502","8724800","chr5","134398370","134398666","44","125673868"
"JH378117","8726780","8726885","chr15","77443999","77444095","18","68717219"
"JH378117","8727061","8727219","chr4","19724338","19724467","34","10997277"
"JH378117","8728164","8728223","chr5","112278193","112278251","9","103550029"
"JH378117","8730851","8730984","chr2","92875331","92875463","21","84144480"
"JH378117","8734647","8734927","chr4","24654220","24654506","44","15919573"
"JH378117","8736347","8736496","chr11","92730045","92730196","21","83993698"
"JH378117","8746410","8746707","chr17","8908132","8908427","12","161722"
"JH378117","8765318","8765621","chr17","8932798","8933111","24","167480"
"JH378117","8782641","8782746","chr18","27525012","27525116","19","18742371"
"JH378117","8800260","8800549","chr3","5913393","5913684","41","2886867"
"JH378117","8812219","8812501","chr17","8977567","8977870","36","165348"
"JH378117","8814184","8814462","chrX","44649146","44649430","40","35834962"
"JH378117","8838947","8839254","chr20","12333419","12333726","41","3494472"
"JH378117","8844459","8844589","chr10","92647489","92647617","6","83803030"
"JH378117","8856890","8857195","chr17","9024430","9024739","29","167540"
"JH378117","8864030","8864371","chr17","9031586","9031900","45","167556"
"JH378117","8864494","8864792","chr17","9032051","9032367","45","167557"
"JH378117","8867247","8867455","chr1","185037763","185037978","35","176170516"
"JH378117","8871578","8871825","chr17","9044883","9045145","29","173305"
"JH378117","8882221","8882519","chr17","9055693","9056004","39","173472"
"JH378117","8892222","8892525","chr4","135424135","135424423","57","126531913"
"JH378117","8906389","8906517","chrX","69153363","69153491","8","60246974"
"JH378117","8910157","8910355","chr17","9085106","9085304","17","174949"
"JH378117","8921546","8921832","chr13","9810159","9810444","47","888613"
"JH378117","8932246","8932455","chr5","94604215","94604435","37","85671969"
"JH378117","8936623","8936916","chr8","104919619","104919914","57","95982996"
"JH378117","8980817","8981109","chr17","9163630","9163924","24","182813"
"JH378117","8991986","8992275","chr20","28669554","28669853","49","19677568"
"JH378117","8995293","8995425","chr12","33369622","33369754","4","24374329"
"JH378117","8997718","8998021","chr17","9176765","9177060","36","179047"
"JH378117","9005567","9005846","chr17","9181093","9181373","20","175526"
"JH378117","9005963","9006270","chr17","9181492","9181782","34","175529"
"JH378117","9007525","9007773","chr17","9183079","9183328","19","175554"
"JH378117","9037644","9037917","chr5","46117964","46118244","52","37080320"
"JH378117","9053669","9053925","chr3","161802118","161802382","53","152748449"
"JH378117","9080735","9081097","chr17","9244265","9244625","34","163530"
"JH378117","9118388","9118672","chr17","9282321","9282616","31","163933"
"JH378117","9125417","9125712","chr17","9289694","9289986","15","164277"
"JH378117","9131263","9131566","chr13","7253515","7253796","59","1877748"
"JH378117","9176544","9176770","chr17","9350945","9351170","20","174401"
"JH378117","9176870","9176946","chr17","9351303","9351366","14","174433"
"JH378117","9228165","9228268","chr10","88612458","88612567","15","79384293"
"JH378117","9241542","9241826","chr17","9422880","9423166","25","181338"
"JH378117","9283099","9283377","chr17","9463928","9464203","18","180829"
"JH378117","9283378","9283396","chr17","9464204","9464222","0","180826"
"JH378117","9283397","9283639","chr17","9464223","9464465","14","180826"
"JH378117","9283640","9283817","chr17","9464466","9464642","13","180826"
"JH378117","9307972","9308270","chr1","23419097","23419386","39","14111125"
"JH378117","9317201","9317380","chr17","9499201","9499382","10","182000"
"JH378117","9395356","9395703","chr9","121994477","121994797","71","112599121"
"JH378117","9398014","9398279","chr17","9581622","9581884","20","183608"
"JH378117","9444103","9444413","chr17","9631124","9631417","41","187021"
"JH378117","9453559","9453824","chr6","135029088","135029363","45","125575529"
"JH378117","9479765","9480061","chr17","9667428","9667720","33","187663"
"JH378117","9522803","9523097","chr17","9708888","9709175","32","186085"
"JH378117","9527305","9527603","chr2","6420415","6420717","45","3106890"
"JH378117","9649108","9649120","chr17","9839612","9839624","0","190504"
"JH378117","9649144","9649249","chr17","9839645","9839755","13","190501"
"JH378117","9663770","9664076","chr17","9852882","9853158","52","189112"
"JH378117","9665555","9665829","chr9","31448228","31448506","52","21782673"
"JH378117","9665858","9665887","chrX","71526078","71526103","4","61860220"
"JH378117","9678646","9678892","chr18","28473054","28473300","41","18794408"
"JH378117","9685656","9685943","chr17","9875479","9875749","47","189823"
"JH378117","9746086","9746393","chr17","9945244","9945550","19","199158"
"JH378117","9758502","9758594","chr20","29353928","29354018","27","19595426"
"JH378117","9761039","9761207","chr5","41444282","41444447","28","31683243"
"JH378117","9761818","9761939","chr20","7382177","7382292","19","2379641"
"JH378117","9797938","9798246","chr17","10000014","10000322","15","202076"
"JH378117","9820869","9821142","chr15","18200731","18201001","43","8379862"
"JH378117","9843408","9843689","chr17","10043005","10043275","21","199597"
"JH378117","9960867","9961166","chr5","140398124","140398424","44","130437257"
"JH378117","9971797","9972093","chr17","10201759","10202056","37","229962"
"JH378117","9984108","9984389","chr10","42570216","42570502","43","32586108"
"JH378117","10077225","10077505","chr17","10316398","10316681","15","239173"
"JH378117","10125079","10125198","chr17","10367192","10367311","11","242113"
"JH378117","10125620","10125811","chr17","10367741","10367923","21","242121"
"JH378117","10339688","10339785","chr17","10606732","10606822","14","267044"
"JH378117","10357777","10358073","chr17","10623602","10623882","34","265825"
"JH378117","10358112","10358377","chr17","10623919","10624205","36","265807"
"JH378117","10377390","10377511","chr2","87520937","87521056","17","77143547"
"JH378117","10377535","10377697","chr1","33484662","33484824","34","23107127"
"JH378117","10558644","10558695","chr5","124456323","124456380","10","113897679"
"JH378117","10709467","10709755","chr17","11021165","11021467","30","311698"
"JH378117","10736926","10737191","chr4","44081557","44081822","41","33344631"
"JH378117","10790692","10790825","chr10","29534700","29534833","5","18744008"
"JH378117","10798026","10798321","chr17","11115008","11115296","22","316982"
"JH378117","11024780","11025025","chr17","11375421","11375673","26","350641"
"JH378117","11091686","11091997","chr17","11446374","11446668","36","354688"
"JH378117","11132667","11132978","chr17","11490993","11491297","41","358326"
"JH378117","11219169","11219395","chr17","11575709","11575933","23","356540"
"JH378117","11263921","11264199","chr17","11614931","11615228","34","351010"
"JH378117","11511813","11512091","chr17","11876837","11877111","29","365024"
"JH378117","11588330","11588600","chr9","91685321","91685593","51","80096991"
"JH378117","11644212","11644523","chr17","12034487","12034763","56","390275"
"JH378117","11653626","11653922","chr7","97396158","97396458","55","85742532"
"JH378117","11714051","11714148","chr9","43509130","43509225","31","31795079"
"JH378117","11851708","11851901","chr17","12302659","12302861","28","450951"
"JH378117","11855802","11855926","chr16","72115979","72116103","18","60260177"
"JH378117","11939119","11939406","chr17","12392058","12392367","47","452939"
"JH378117","11945822","11945982","chr18","21046385","21046536","37","9100563"
"JH378117","11946004","11946127","chr22","1395019","1395142","18","10550985"
"JH378117","12120837","12121105","chr17","12615122","12615398","21","494285"
"JH378117","12158271","12158432","chr22","34237523","34237672","29","22079252"
"JH378117","12277089","12277368","chr17","12805135","12805416","26","528046"
"JH378117","12341407","12341577","chr18","9891110","9891271","41","2450297"
"JH378117","12341651","12341774","chr10","79622012","79622137","18","67280361"
"JH378117","12397146","12397398","chr14","44200579","44200838","59","31803433"
"JH378117","12486093","12486375","chr17","13042203","13042485","21","556110"
"JH378117","12562194","12562548","chr6","17055996","17056331","96","4493802"
"JH378117","12573600","12573809","chr17","13138995","13139205","16","565395"
"JH378117","12589012","12589301","chr18","3047133","3047426","43","9541879"
"JH378117","12645500","12645804","chr17","13208079","13208370","51","562579"
"JH378117","12688574","12688695","chr17","13248432","13248558","16","559858"
"JH378117","12688726","12688917","chr22","45339800","45339993","32","32651074"
"JH378117","12733097","12733164","chr13","15734183","15734253","13","3001086"
"JH378117","12793023","12793267","chrX","39764348","39764589","51","26971325"
"JH378117","12944621","12944663","chr17","13547149","13547189","5","602528"
"JH378117","12944709","12944870","chr17","13547232","13547388","32","602523"
"JH378117","12962814","12963075","chr17","13580185","13580449","22","617371"
"JH378117","13006100","13006407","chr17","13627271","13627574","35","621171"
"JH378117","13009637","13009938","chr11","119150235","119150530","64","106140598"
"JH378117","13045571","13045841","chr7","46518013","46518277","50","33472442"
"JH378117","13212081","13212302","chr13","39828907","39829120","51","26616826"
"JH378117","13223281","13223587","chr17","13875112","13875394","53","651831"
"JH378117","13276947","13277074","chr17","13933374","13933501","9","656427"
"JH378117","13351215","13351521","chr17","14025048","14025366","38","673833"
"JH378117","13373078","13373374","chr17","14047112","14047409","37","674034"
"JH378117","13412967","13412983","chr5","73662709","73662726","1","60249742"
"JH378117","13413022","13413304","chr10","93197941","93198227","56","79784919"
"JH378117","13435418","13435729","chr17","14128384","14128688","26","692966"
"JH378117","13450233","13450524","chr1","66679291","66679580","52","53229058"
"JH378117","13461425","13461719","chr4","13068412","13068699","56","393013"
"JH378117","13483331","13483516","chr9","99519774","99519960","33","86036443"
"JH378117","13487962","13488224","chr17","14201248","14201510","18","713286"
"JH378117","13497209","13497482","chr17","14210867","14211157","39","713658"
"JH378117","13558597","13558689","chr9","86703474","86703568","13","73144877"
"JH378117","13562765","13562984","chr1","194002441","194002659","42","180439676"
"JH378117","13583565","13583682","chr19","6514169","6514288","8","7069396"
"JH378117","13658459","13658754","chr17","14408489","14408790","24","750030"
"JH378117","13669130","13669217","chrX","96232187","96232267","7","82563057"
"JH378117","13736142","13736421","chr17","14521921","14522219","34","785779"
"JH378117","13751089","13751202","chr17","37379320","37379429","17","23628231"
"JH378117","13751226","13751416","chr9","82765158","82765336","36","69013932"
"JH378117","13752340","13752501","chr17","14547110","14547262","26","794770"
"JH378117","13797518","13797817","chr15","22301570","22301867","52","8504052"
"JH378117","13819602","13819878","chr12","56786655","56786939","53","42967053"
"JH378117","13830298","13830317","chr1","118717949","118717967","1","104887651"
"JH378117","13830339","13830616","chr5","99009997","99010269","41","85179658"
"JH378117","13834927","13835072","chr12","27417312","27417456","21","13582385"
"JH378117","13843498","13843619","chr17","14672155","14672270","14","828657"
"JH378117","13843689","13843853","chr17","14672294","14672444","26","828605"
"JH378117","13890316","13890604","chrX","16675222","16675519","54","2784906"
"JH378117","13987124","13987426","chr17","14912602","14912903","19","925478"
"JH378117","13994659","13994965","chr17","14919756","14920034","72","925097"
"JH378117","14091156","14091173","chr5","151103589","151103604","2","137012433"
"JH378117","14091207","14091361","chr17","15046447","15046581","28","955240"
"JH378117","14091389","14091458","chr17","15046623","15046699","15","955234"
"JH378117","14172061","14172370","chr17","15130081","15130377","49","958020"
"JH378117","14251167","14251459","chr17","15209919","15210223","41","958752"
"JH378117","14427791","14427904","chr4","116380863","116380979","11","101953072"
"JH378117","14457076","14457407","chr17","15426396","15426706","57","969320"
"JH378117","14666475","14666767","chr13","1653147","1653438","45","13013328"
"JH378117","14778083","14778360","chr17","15782243","15782508","37","1004160"
"JH378117","14828270","14828404","chrX","51159105","51159239","16","36330835"
"JH378117","14850173","14850295","chr11","121379881","121380004","13","106529708"
"JH378117","14850333","14850508","chr4","139658960","139659139","31","124808627"
"JH378117","14915650","14915953","chr17","15936128","15936432","25","1020478"
"JH378117","14950455","14950765","chr17","15984497","15984793","36","1034042"
"JH378117","14980042","14980329","chr17","16028890","16029177","23","1048848"
"JH378117","15028561","15028851","chr17","16089137","16089440","34","1060576"
"JH378117","15052795","15053111","chr5","60671568","60671876","49","45618773"
"JH378117","15068205","15068558","chr5","70838479","70838788","105","55770274"
"JH378117","15074030","15074353","chr17","16138293","16138605","30","1064263"
"JH378117","15082053","15082170","chr11","72464015","72464134","14","57381962"
"JH378117","15082195","15082388","chr3","42498412","42498604","46","27416217"
"JH378117","15094275","15094562","chr22","10278407","10278689","51","4815868"
"JH378117","15113118","15113406","chr1","181526555","181526831","61","166413437"
"JH378117","15127868","15128146","chr17","16189857","16190135","17","1061989"
"JH378117","15184664","15184976","chr17","16256853","16257175","39","1072189"
"JH378117","15387823","15388115","chr17","16483256","16483554","28","1095433"
"JH378117","15411888","15412066","chr2","62172403","62172585","37","46760515"
"JH378117","15418292","15418393","chr7","14930787","14930889","9","487505"
"JH378117","15474029","15474172","chr7","36165939","36166083","22","20691910"
"JH378117","15474488","15474676","chr2","207838","208014","33","15266650"
"JH378117","15475248","15475397","chr15","69460538","69460699","22","53985290"
"JH378117","15495030","15495250","chrUn_GL287863","25205","25425","22","15469825"
"JH378117","15510008","15510246","chr12","1461770","1462026","71","14048238"
"JH378117","15535332","15535343","chr2","148386820","148386831","0","132851488"
"JH378117","15535344","15535638","chrUn_GL288754","1059","1353","29","15534285"
"JH378117","15535639","15535887","chr16","5760819","5761049","60","9774820"
"JH378117","15539181","15539460","chr17","16628451","16628733","15","1089270"
"JH378117","15540368","15540427","chr5","112278193","112278251","6","96737825"
"JH378117","15551288","15551565","chr17","16638937","16639213","25","1087649"
"JH378117","15603945","15604167","chr17","16712630","16712845","24","1108685"
"JH378117","15627269","15627401","chr4","148615049","148615180","14","132987780"
"JH378117","15650644","15650794","chr17","16763534","16763679","21","1112890"
"JH378117","15651085","15651268","chr17","16763967","16764155","20","1112882"
"JH378117","15708032","15708318","chr17","16817998","16818285","27","1109966"
"JH378117","15730670","15730964","chr17","16838626","16838907","24","1107956"
"JH378117","15741778","15741899","chr17","16849686","16849813","13","1107908"
"JH378117","15764036","15764129","chr16","41704796","41704887","16","25940760"
"JH378117","15833207","15833321","chr2","99810022","99810136","8","83976815"
"JH378117","15966536","15966628","chr3","116724074","116724176","18","100757538"
"JH378117","16010156","16010374","chr6","47821897","47822110","46","31811741"
"JH378117","16023743","16024055","chr17","17119588","17119895","27","1095845"
"JH378117","16068326","16068443","chr22","27436659","27436774","14","11368333"
"JH378117","16082162","16082465","chr17","17186025","17186323","24","1103863"
"JH378117","16083796","16083961","chr5","92766094","92766256","32","76682298"
"JH378117","16084258","16084392","chr5","368702","368836","23","15715556"
"JH378117","16098211","16098322","chr5","68676200","68676311","9","52577989"
"JH378117","16098357","16098471","chr5","32549464","32549566","40","16451107"
"JH378117","16117241","16117546","chr4","17264659","17264960","54","1147418"
"JH378117","16119520","16119705","chr17","17230614","17230794","17","1111094"
"JH378117","16131367","16131684","chrX","43636348","43636661","55","27504981"
"JH378117","16182812","16183026","chrUn_GL288627","13737","13951","12","16169075"
"JH378117","16183552","16183690","chr15","38189331","38189466","13","22005779"
"JH378117","16183825","16183988","chr15","74619085","74619257","27","58435260"
"JH378117","16192620","16192923","chrUn_GL286208","103554","103862","40","16089066"
"JH378117","16193020","16193141","chrX","111687511","111687635","11","95494491"
"JH378117","16193191","16193308","chr11","64887460","64887576","8","48694269"
"JH378117","16195949","16196028","chr11","28165433","28165506","18","11969484"
"JH378117","16206526","16206711","chr10","101787754","101787933","38","85581228"
"JH378117","16207377","16207509","chr22","33682793","33682924","18","17475416"
"JH378117","16207833","16208042","chrUn_GL286208","88146","88351","25","16119687"
"JH378117","16216808","16217101","chr14","36193101","36193392","23","19976293"
"JH378117","16217859","16218144","chr12","12236247","12236543","46","3981612"
"JH378117","16221371","16221630","chr15","77416643","77416890","52","61195272"
"JH378117","16221718","16221868","chr2","87442570","87442725","19","71220852"
"JH378117","16228623","16228745","chr11","50827917","50828034","27","34599294"
"JH378117","16232493","16232772","chr7","45943591","45943866","51","29711098"
"JH378117","16236219","16236523","chr1","185090785","185091086","39","168854566"
"JH378117","16245500","16245642","chr5","125648855","125649000","29","109403355"
"JH378117","16245939","16246092","chrX","29267746","29267894","28","13021807"
"JH378117","16251227","16251520","chr8","23955558","23955851","23","7704331"
"JH378117","16252169","16252447","chrUn_GL286556","25858","26142","35","16226311"
"JH378117","16257137","16257318","chr8","36344129","36344312","14","20086992"
"JH378117","16257607","16257760","chr18","14966804","14966935","36","1290803"
"JH378117","16258765","16259057","chr8","23966989","23967277","34","7708224"
"JH378117","16259491","16259789","chr18","14968634","14968935","32","1290857"
"JH378117","16259794","16260085","chr8","23968012","23968311","53","7708218"
"JH378117","16285897","16286185","chr17","17260408","17260698","24","974511"
"JH378117","16293577","16293721","chr17","17265595","17265720","24","972018"
"JH378117","16318060","16318337","chr7","2647021","2647308","47","13671039"
"JH378117","16319374","16319544","chr1","134045509","134045683","29","117726135"
"JH378117","16320683","16320922","chr5","88738395","88738624","35","72417712"
"JH378117","16322483","16322625","chr6","118891683","118891822","11","102569200"
"JH378117","16322627","16322673","chr16","4388637","4388684","10","11933990"
"JH378117","16325413","16325712","chr6","118888588","118888910","36","102563175"
"JH378117","16340851","16341018","chr6","118872705","118872873","12","102531854"
"JH378117","16355275","16355421","chr9","100566288","100566433","17","84211013"
"JH378117","16358924","16359057","chr17","17360833","17360966","8","1001909"
"JH378117","16382724","16383007","chr17","17387353","17387640","29","1004629"
"JH378117","16400767","16401083","chr17","17409343","17409654","30","1008576"
"JH378117","16412038","16412338","chr17","17420573","17420870","46","1008535"
"JH378117","16427111","16427367","chr1","183192943","183193200","49","166765832"
"JH378117","16444800","16444915","chr1","169437161","169437277","12","152992361"
"JH378117","16460731","16461029","chr17","17474986","17475283","27","1014255"
"JH378117","16485294","16485465","chr6","67209062","67209228","25","50723768"
"JH378117","16485775","16485917","chr10","131396054","131396189","23","114910279"
"JH378117","16517688","16517999","chr2","154478092","154478404","53","137960404"
"JH378117","16524903","16525206","chr17","17539331","17539620","31","1014428"
"JH378117","16554735","16555038","chr17","17574832","17575143","28","1020097"
"JH378117","16557219","16557354","chr17","17577249","17577384","13","1020030"
"JH378117","16565535","16565815","chr17","17586347","17586632","27","1020812"
"JH378117","16570207","16570482","chr2","170649064","170649341","40","154078857"
"JH378117","16594071","16594381","chr8","117609496","117609797","40","101015425"
"JH378117","16615572","16615762","chr1","125098652","125098845","38","108483080"
"JH378117","16622479","16622747","chr17","17646923","17647180","37","1024444"
"JH378117","16629706","16630003","chr17","17652902","17653193","34","1023196"
"JH378117","16634122","16634296","chr10","23300349","23300520","23","6666227"
"JH378117","16634606","16634742","chr5","125049185","125049317","20","108414579"
"JH378117","16651731","16652024","chr17","17672614","17672903","19","1020883"
"JH378117","16656445","16656752","chr2","13714143","13714444","49","2942302"
"JH378117","16685245","16685371","chr17","17711439","17711563","14","1026194"
"JH378117","16763130","16763310","chr4","34189071","34189253","28","17425941"
"JH378117","16764519","16764659","chr2","10898902","10899044","19","5865617"
"JH378117","16790678","16790960","chr17","17828195","17828478","23","1037517"
"JH378117","16793203","16793270","chr17","17830533","17830600","6","1037330"
"JH378117","16856492","16856618","chr19","36117098","36117221","11","19260606"
"JH378117","17030005","17030097","chr7","66845231","66845322","16","49815226"
"JH378117","17030227","17030386","chr11","23403042","23403201","29","6372815"
"JH378117","17031331","17031610","chr17","18096819","18097099","18","1065488"
"JH378117","17132479","17132780","chr1","175169935","175170238","49","158037456"
"JH378117","17149318","17149612","chr17","18220615","18220910","25","1071297"
"JH378117","17247095","17247385","chr17","18317200","18317488","29","1070105"
"JH378117","17438937","17439100","chrX","23402641","23402795","33","5963704"
"JH378117","17439144","17439260","chr3","7709133","7709249","21","9730011"
"JH378117","17459108","17459400","chr17","18521117","18521413","29","1062009"
"JH378117","17476082","17476385","chr5","147579671","147579979","45","130103589"
"JH378117","17540453","17540790","chr3","90704388","90704726","51","73163935"
"JH378117","17542751","17542868","chr3","151446910","151447028","13","133904159"
"JH378117","17542894","17543079","chrX","137222383","137222560","34","119679489"
"JH378117","17573993","17574275","chr17","18646972","18647258","31","1072979"
"JH378117","17591884","17592172","chr14","45997280","45997568","46","28405396"
"JH378117","17611311","17611592","chr17","18688887","18689177","50","1077576"
"JH378117","17624308","17624606","chr17","18701900","18702203","23","1077592"
"JH378117","17661778","17662078","chr6","139275050","139275341","45","121613272"
"JH378117","17710190","17710436","chr13","47306858","47307103","35","29596668"
"JH378117","17729674","17729988","chr1","169251913","169252211","52","151522239"
"JH378117","17874666","17874968","chr17","18998197","18998499","28","1123531"
"JH378117","17876857","17877177","chr17","19000507","19000810","41","1123650"
"JH378117","17881803","17882072","chr13","112523637","112523894","43","94641834"
"JH378117","18018887","18019216","chr14","45094041","45094363","54","27075154"
"JH378117","18178929","18179257","chr8","124190451","124190778","57","106011522"
"JH378117","18302501","18302804","chr17","19459975","19460271","38","1157474"
"JH378117","18339747","18340074","chr3","110736067","110736391","56","92396320"
"JH378117","18425618","18425920","chr17","19606059","19606354","36","1180441"
"JH378117","18440123","18440351","chr17","19632588","19632818","13","1192465"
"JH378117","18498193","18498491","chr17","19704506","19704803","21","1206313"
"JH378117","18610098","18610417","chr17","19824174","19824478","36","1214076"
"JH378117","18757196","18757502","chr17","19987876","19988182","31","1230680"
"JH378117","18761315","18761606","chr17","19992100","19992391","17","1230785"
"JH378117","18786357","18786474","chr17","20018480","20018590","16","1232123"
"JH378117","18787174","18787473","chr13","61627046","61627346","39","42839872"
"JH378117","18800832","18801145","chr2","126247635","126247946","55","107446803"
"JH378117","18805953","18806296","chr5","47447270","47447599","67","28641317"
"JH378117","18826127","18826410","chr17","20053471","20053763","28","1227344"
"JH378117","18860195","18860328","chr17","20085677","20085807","15","1225482"
"JH378117","18877952","18878236","chr17","20121898","20122197","41","1243946"
"JH378117","18882181","18882409","chr17","20133644","20133875","26","1251463"
"JH378117","18882421","18882692","chr17","20133887","20134158","22","1251466"
"JH378117","18892487","18892625","chr22","13643465","13643609","23","5249022"
"JH378117","18898279","18898597","chr7","24693794","24694117","59","5795515"
"JH378117","18936743","18937052","chrX","43636348","43636661","46","24699605"
"JH378117","18938986","18939165","chr5","73484543","73484719","42","54545557"
"JH378117","19099917","19100068","chr17","20355439","20355585","12","1255522"
"JH378117","19104183","19104480","chr17","20359702","20360000","27","1255519"
"JH378117","19127482","19127793","chr17","20393009","20393320","18","1265527"
"JH378117","19145920","19146225","chrUn_GL286451","267693","267997","41","18878227"
"JH378117","19159500","19159632","chr10","47072830","47072963","12","27913330"
"JH378117","19180865","19181184","chr5","111024849","111025160","70","91843984"
"JH378117","19209891","19210056","chr11","123910372","123910538","28","104700481"
"JH378117","19256907","19257200","chr17","20581573","20581873","23","1324666"
"JH378117","19266711","19267014","chr12","20539936","20540241","53","1273225"
"JH378117","19300593","19300870","chr1","136775049","136775291","75","117474456"
"JH378117","19322424","19322646","chr22","47715723","47715959","31","28393299"
"JH378117","19407998","19408308","chr17","20735780","20736095","42","1327782"
"JH378117","19515987","19516204","chr5","134714405","134714620","35","115198418"
"JH378117","19551211","19551442","chr17","20882909","20883143","22","1331698"
"JH378117","19656102","19656273","chr11","35009100","35009263","38","15352998"
"JH378117","19775240","19775522","chr17","21110384","21110664","34","1335144"
"JH378117","19814149","19814421","chr9","121982208","121982480","43","102168059"
"JH378117","19875953","19876266","chr11","18176880","18177194","45","1699073"
"JH378117","19894062","19894209","chr14","78194785","78194934","21","58300723"
"JH378117","19966678","19966967","chr17","21369114","21369418","45","1402436"
"JH378117","19991558","19991686","chr20","12705602","12705736","11","7285956"
"JH378117","19991712","19991882","chr2","127598948","127599118","26","107607236"
"JH378117","20020809","20021091","chr17","21440961","21441230","33","1420152"
"JH378117","20034342","20034629","chr22","33456604","33456893","47","13422262"
"JH378117","20036067","20036198","chr2","72510607","72510734","29","52474540"
"JH378117","20036475","20036629","chr17","21455247","21455404","16","1418772"
"JH378117","20046112","20046390","chr17","21464943","21465225","14","1418831"
"JH378117","20056268","20056568","chr17","21474358","21474652","39","1418090"
"JH378117","20057584","20057899","chr17","21475692","21476000","20","1418108"
"JH378117","20071180","20071453","chr2","18745077","18745351","52","1326103"
"JH378117","20072141","20072444","chr17","21495860","21496173","64","1423719"
"JH378117","20073217","20073513","chr17","21496941","21497237","26","1423724"
"JH378117","20076066","20076202","chr5","64475810","64475946","17","44399744"
"JH378117","20077032","20077215","chr1","122795009","122795189","33","102717977"
"JH378117","20078162","20078462","chr17","21500985","21501270","31","1422823"
"JH378117","20087627","20087924","chr17","21509232","21509541","31","1421605"
"JH378117","20092089","20092401","chr17","21514559","21514850","28","1422470"
"JH378117","20095888","20096056","chr17","21517889","21518045","25","1422001"
"JH378117","20096351","20096485","chr11","129619266","129619398","13","109522915"
"JH378117","20098208","20098527","chr17","21520043","21520368","25","1421835"
"JH378117","20101489","20101778","chr17","21522481","21522770","21","1420992"
"JH378117","20110919","20111215","chr17","21530752","21531053","27","1419833"
"JH378117","20114792","20115040","chr17","63939033","63939283","49","43824241"
"JH378117","20119001","20119311","chr22","13087449","13087757","43","7031552"
"JH378117","20126721","20126972","chr17","21546987","21547252","23","1420266"
"JH378117","20131876","20132103","chr11","81708427","81708656","36","61576551"
"JH378117","20139256","20139319","chr10","35587277","35587339","8","15448021"
"JH378117","20142124","20142445","chr3","4704671","4704980","59","15437453"
"JH378117","20143377","20143654","chr17","21561611","21561881","30","1418234"
"JH378117","20148614","20148894","chr3","106325927","106326207","21","86177313"
"JH378117","20151735","20151865","chr14","88312241","88312370","5","68160506"
"JH378117","20164773","20164927","chr4","62077138","62077292","35","41912365"
"JH378117","20177369","20177669","chr16","26228720","26229020","54","6051351"
"JH378117","20186188","20186453","chrX","107565678","107565955","48","87379490"
"JH378117","20214381","20214657","chr17","21635410","21635688","17","1421029"
"JH378117","20220750","20220861","chr11","65609157","65609274","24","45388407"
"JH378117","20221455","20221650","chr13","37175974","37176161","33","16954519"
"JH378117","20223630","20223854","chr21","41673322","41673549","38","21449692"
"JH378117","20227033","20227336","chr17","21644827","21645131","14","1417794"
"JH378117","20354578","20354881","chr11","117251581","117251879","46","96897003"
"JH378117","20375916","20376216","chr17","21796491","21796777","32","1420575"
"JH378117","20379799","20380089","chr17","21800310","21800588","44","1420511"
"JH378117","20381655","20381946","chr17","21802490","21802797","40","1420835"
"JH378117","20406879","20407177","chr17","21827354","21827649","20","1420475"
"JH378117","20436016","20436177","chr17","21855713","21855873","15","1419697"
"JH378117","20440576","20440853","chr17","21859932","21860236","46","1419356"
"JH378117","20510552","20510854","chr17","21942133","21942428","37","1431581"
"JH378117","20528280","20528427","chr20","10256899","10257039","22","10271381"
"JH378117","20539120","20539245","chr1","187319495","187319621","18","166780375"
"JH378117","20545729","20546025","chr17","21986444","21986746","26","1440715"
"JH378117","20560799","20561086","chr7","14715192","14715481","46","5845607"
"JH378117","20573125","20573233","chr7","58008327","58008436","7","37435202"
"JH378117","20629085","20629396","chr17","22090174","22090485","14","1461089"
"JH378117","20650219","20650515","chr16","45469256","45469554","37","24819037"
"JH378117","20654510","20654734","chr5","134784818","134785042","35","114130308"
"JH378117","20698981","20699269","chr17","22180958","22181242","19","1481977"
"JH378117","20776696","20776998","chr17","22267270","22267572","19","1490574"
"JH378117","20784857","20785037","chr6","146587436","146587619","37","125802579"
"JH378117","20785316","20785450","chr2","52664905","52665039","21","31879589"
"JH378117","20791764","20792039","chr17","22282663","22282928","30","1490899"
"JH378117","20808237","20808284","chr17","22307907","22307954","1","1499670"
"JH378117","20838042","20838331","chr9","111354658","111354956","52","90516616"
"JH378117","20871157","20871452","chr1","170645675","170645973","42","149774518"
"JH378117","20892996","20893284","chr17","22413356","22413654","43","1520360"
"JH378117","20933724","20934009","chr17","22465653","22465935","48","1531929"
"JH378117","21117000","21117118","chr17","22695173","22695291","9","1578173"
"JH378117","21163790","21164109","chr17","22746833","22747132","44","1583043"
"JH378117","21191902","21192164","chr15","8159734","8159998","47","13032168"
"JH378117","21244943","21245059","chr2","59018472","59018589","13","37773529"
"JH378117","21311399","21311706","chr17","22949361","22949659","35","1637962"
"JH378117","21315884","21316195","chr17","22953476","22953780","23","1637592"
"JH378117","21332886","21333159","chr5","57651367","57651642","51","36318481"
"JH378117","21338028","21338288","chr17","22975803","22976058","24","1637775"
"JH378117","21360433","21360725","chr17","22998692","22998985","24","1638259"
"JH378117","21379671","21379866","chr1","120843162","120843344","57","99463491"
"JH378117","21403648","21403777","chr5","10604182","10604313","14","10799466"
"JH378117","21492779","21493082","chr17","23147834","23148139","32","1655055"
"JH378117","21497022","21497310","chr17","23151911","23152205","30","1654889"
"JH378117","21499793","21500000","chr11","65075112","65075314","34","43575319"
"JH378117","21559426","21559731","chr17","23229627","23229919","36","1670201"
"JH378117","21588063","21588096","chr11","110908640","110908672","4","89320577"
"JH378117","21630719","21631029","chr17","23294876","23295173","29","1664157"
"JH378117","21693105","21693329","chr6","143776511","143776727","39","122083406"
"JH378117","21715730","21716038","chr17","23386111","23386416","10","1670381"
"JH378117","21848334","21848633","chr17","23533542","23533837","29","1685208"
"JH378117","21923145","21923452","chr17","23614257","23614558","25","1691112"
"JH378117","21932897","21933065","chr3","150812780","150812948","34","128879883"
"JH378117","21933553","21933683","chr17","23624491","23624621","5","1690938"
"JH378117","22056895","22057195","chr17","23778876","23779165","29","1721981"
"JH378117","22093250","22093552","chr22","42412842","42413131","57","20319592"
"JH378117","22123217","22123388","chr2","13631466","13631618","48","8491751"
"JH378117","22153985","22154321","chr7","27345420","27345752","29","5191435"
"JH378117","22281479","22281788","chr17","24051388","24051696","22","1769909"
"JH378117","22343393","22343469","chr13","7470552","7470629","20","14872841"
"JH378117","22343502","22343595","chr17","24124831","24124924","9","1781329"
"JH378117","22348027","22348155","chr17","24129323","24129450","12","1781296"
"JH378117","22352497","22352794","chr17","24133725","24134023","17","1781228"
"JH378117","22352847","22353030","chr22","10515032","10515211","34","11837815"
"JH378117","22353955","22354254","chr17","24134960","24135254","35","1781005"
"JH378117","22367981","22368284","chr17","24149364","24149651","43","1781383"
"JH378117","22377055","22377176","chr3","115803586","115803707","13","93426531"
"JH378117","22377205","22377380","chr5","8690711","8690889","24","13686494"
"JH378117","22385718","22386023","chr20","21765486","21765794","44","620232"
"JH378117","22392781","22393073","chr17","24171846","24172141","29","1779065"
"JH378117","22396729","22396918","chr3","47727968","47728168","41","25331239"
"JH378117","22401240","22401528","chr2","48696731","48697025","38","26295491"
"JH378117","22403444","22403739","chr17","24191246","24191541","16","1787802"
"JH378117","22411078","22411205","chr5","8648310","8648434","8","13762768"
"JH378117","22414301","22414613","chr12","85410770","85411080","49","62996469"
"JH378117","22421046","22421343","chr17","24206440","24206730","41","1785394"
"JH378117","22441603","22441773","chr17","24226657","24226821","16","1785054"
"JH378117","22442076","22442211","chr17","24227125","24227260","6","1785049"
"JH378117","22454127","22454276","chr17","24242168","24242325","19","1788041"
"JH378117","22454594","22454729","chr4","134658104","134658239","20","112203510"
"JH378117","22461249","22461552","chr17","24250175","24250466","62","1788926"
"JH378117","22464222","22464484","chr21","35615265","35615530","39","13151043"
"JH378117","22469307","22469503","chr17","24257262","24257458","15","1787955"
"JH378117","22469603","22469891","chr17","24257558","24257847","20","1787955"
"JH378117","22491453","22491643","chr17","24287130","24287300","27","1795677"
"JH378117","22491916","22492051","chr17","24287589","24287724","8","1795673"
"JH378117","22502023","22502325","chr17","24300083","24300387","29","1798060"
"JH378117","22502639","22502892","chr17","24300710","24300963","19","1798071"
"JH378117","22563830","22564148","chr17","24352106","24352446","40","1788276"
"JH378117","22569359","22569484","chr2","113377054","113377178","11","90807695"
"JH378117","22569510","22569670","chr5","84727963","84728119","20","62158453"
"JH378117","22575009","22575316","chr17","24363703","24364001","36","1788694"
"JH378117","22603140","22603439","chr3","40602041","40602336","55","17998901"
"JH378117","22684943","22685245","chr17","24472726","24473030","21","1787783"
"JH378117","22756936","22757209","chr17","24554490","24554753","24","1797554"
"JH378117","22839231","22839516","chr17","24640043","24640319","42","1800812"
"JH378117","22883732","22884003","chr17","24686156","24686428","15","1802424"
"JH378117","22909420","22909625","chr22","472754","472958","35","22436666"
"JH378117","22953892","22954062","chr17","24749878","24750056","16","1795986"
"JH378117","22981034","22981334","chr7","45989418","45989698","61","23008384"
"JH378117","23135617","23135916","chr17","24927650","24927932","39","1792033"
"JH378117","23182013","23182244","chr17","24973721","24973952","17","1791708"
"JH378117","23291650","23291816","chr17","25080365","25080532","17","1788715"
"JH378117","23291852","23292004","chr17","25080571","25080703","28","1788719"
"JH378117","23360753","23361045","chr14","34676760","34677051","42","11316007"
"JH378117","23361079","23361091","chr2","127808724","127808736","0","104447645"
"JH378117","23366269","23366558","chr17","25156212","25156508","30","1789943"
"JH378117","23563211","23563458","chr17","25444911","25445177","43","1881700"
"JH378117","23604550","23604654","chr17","25508413","25508516","4","1903863"
"JH378117","23845634","23845761","chr22","2357264","2357388","13","21488370"
"JH378117","23845796","23845989","chr7","45992015","45992205","42","22146219"
"JH378117","23930752","23931047","chr17","25860641","25860921","26","1929889"
"JH378117","23943277","23943573","chr17","25873061","25873364","39","1929784"
"JH378117","24000387","24000441","chr4","165934360","165934419","8","141933973"
"JH378117","24057903","24058195","chr17","26002967","26003268","25","1945064"
"JH378117","24060519","24060804","chr17","26005706","26005977","32","1945187"
"JH378117","24062670","24062974","chr17","26007795","26008102","28","1945125"
"JH378117","24073341","24073474","chr17","26018495","26018632","12","1945154"
"JH378117","24073775","24073945","chr17","26018923","26019096","13","1945148"
"JH378117","24118927","24119258","chr17","26072231","26072575","34","1953304"
"JH378117","24131652","24131956","chr4","170832540","170832839","63","146700888"
"JH378117","24142788","24143039","chr20","22635268","22635524","49","1507520"
"JH378117","24165704","24166011","chr17","26118167","26118460","42","1952463"
"JH378117","24178062","24178337","chr17","26130156","26130437","25","1952094"
"JH378117","24180178","24180495","chr17","51286260","51286567","56","27106082"
"JH378117","24183820","24184016","chr8","32570196","32570391","27","8386376"
"JH378117","24184948","24185258","chr4","155528137","155528448","41","131343189"
"JH378117","24189519","24189826","chrX","23277820","23278128","52","911699"
"JH378117","24203546","24203867","chr8","98703716","98704006","62","74500170"
"JH378117","24306746","24306883","chr2","113720645","113720779","19","89413899"
"JH378117","24307184","24307365","chr1","106254933","106255113","29","81947749"
"JH378117","24335977","24336285","chr17","26295701","26295992","39","1959724"
"JH378117","24351958","24352249","chr5","61748940","61749225","52","37396982"
"JH378117","24353702","24354013","chr17","26313354","26313655","33","1959652"
"JH378117","24377685","24377857","chr17","26336423","26336582","21","1958738"
"JH378117","24438970","24439273","chr17","26400254","26400570","32","1961284"
"JH378117","24445472","24445782","chrX","10754675","10754982","51","13690797"
"JH378117","24482805","24483089","chr17","26444873","26445172","37","1962068"
"JH378117","24499213","24499488","chr17","26460499","26460756","38","1961286"
"JH378117","24500348","24500652","chr22","14160579","14160887","47","10339769"
"JH378117","24520444","24520740","chr17","26482397","26482693","11","1961953"
"JH378117","24543315","24543614","chr7","18902326","18902625","64","5640989"
"JH378117","24560640","24560937","chr17","26522480","26522765","30","1961840"
"JH378117","24562298","24562586","chr17","26524127","26524416","16","1961829"
"JH378117","24569860","24570166","chr17","26530492","26530801","21","1960632"
"JH378117","24575431","24575696","chr17","26534231","26534498","10","1958800"
"JH378117","24587224","24587354","chr22","3470463","3470599","16","21116761"
"JH378117","24607324","24607623","chr17","26559917","26560211","24","1952593"
"JH378117","24621888","24621998","chr17","26573319","26573429","11","1951431"
"JH378117","24626999","24627294","chr17","26577636","26577935","22","1950637"
"JH378117","24639535","24639659","chr2","171471789","171471913","12","146832254"
"JH378117","24639825","24639983","chr13","7604039","7604199","35","17035786"
"JH378117","24656693","24656969","chr17","26604757","26605035","19","1948064"
"JH378117","24659119","24659249","chr15","8328725","8328856","10","16330394"
"JH378117","24674710","24675010","chr22","31581862","31582165","35","6907152"
"JH378117","24676219","24676403","chr4","81170151","81170329","15","56493932"
"JH378117","24676942","24677229","chr17","26627159","26627448","23","1950217"
"JH378117","24704469","24704757","chr1","198729440","198729735","56","174024971"
"JH378117","24710505","24710598","chr7","25794206","25794301","11","1083701"
"JH378117","24747477","24747784","chr17","26702008","26702300","33","1954531"
"JH378117","24767666","24767946","chr17","26721680","26721960","14","1954014"
"JH378117","24790315","24790580","chr14","83438633","83438903","53","58648318"
"JH378117","24798059","24798344","chr1","77295369","77295652","49","52497310"
"JH378117","24859470","24859758","chr17","26812307","26812593","19","1952837"
"JH378117","24870627","24870794","chr17","26822833","26823000","10","1952206"
"JH378117","24874077","24874383","chr17","26828129","26828436","31","1954052"
"JH378117","24880591","24880890","chr5","92384365","92384666","47","67503774"
"JH378117","24936058","24936093","chrX","89782639","89782678","4","64846581"
"JH378117","25238172","25238230","chr4","108322534","108322585","16","83084362"
"JH378117","25238259","25238440","chr10","118052672","118052844","30","92814413"
"JH378117","25239524","25239572","chr17","27212957","27213010","8","1973433"
"JH378117","25285904","25286187","chr17","27263989","27264279","29","1978085"
"JH378117","25308010","25308291","chr17","27297811","27298089","29","1989801"
"JH378117","25319642","25319935","chr7","45660169","45660446","51","20340527"
"JH378117","25331995","25332310","chr14","72025220","72025530","54","46693225"
"JH378117","25345921","25346172","chr7","62617566","62617813","37","37271645"
"JH378117","25351812","25352094","chr21","45383791","45384080","47","20031979"
"JH378117","25374221","25374255","chr2","10034130","10034164","4","15340091"
"JH378117","25374284","25374452","chr2","175806","175971","30","25198478"
"JH378117","25390323","25390611","chr9","39643791","39644071","49","14253468"
"JH378117","25401902","25402213","chr17","27390185","27390485","30","1988283"
"JH378117","25444719","25445019","chr17","27441539","27441811","37","1996820"
"JH378117","25455781","25455937","chr17","27452595","27452753","15","1996814"
"JH378117","25456230","25456362","chr17","27453051","27453192","12","1996821"
"JH378117","25482382","25482687","chr16","45697232","45697534","36","20214850"
"JH378117","25497630","25497941","chr1","180167773","180168077","41","154670143"
"JH378117","25501818","25502033","chr17","27495539","27495762","18","1993721"
"JH378117","25505919","25506055","chr17","27499511","27499649","14","1993592"
"JH378117","25515461","25515747","chr17","27517813","27518110","26","2002352"
"JH378117","25518169","25518462","chr1","135542904","135543195","36","110024735"
"JH378117","25547652","25547779","chr4","37319794","37319925","13","11772142"
"JH378117","25554898","25555141","chr4","98545490","98545743","53","72990592"
"JH378117","25562699","25562772","chr17","27645828","27645906","12","2083129"
"JH378117","25568330","25568441","chr12","36766169","36766278","20","11197839"
"JH378117","25570007","25570315","chr4","136890403","136890711","42","111320396"
"JH378117","25571449","25571724","chr17","27566792","27567080","39","1995343"
"JH378117","25578328","25578461","chr12","50463534","50463671","15","24885206"
"JH378117","25578759","25578911","chr5","111970055","111970216","40","86391296"
"JH378117","25584857","25585001","chr17","27580719","27580860","12","1995862"
"JH378117","25585296","25585451","chr17","27581157","27581314","17","1995861"
"JH378117","25612097","25612393","chr16","70523165","70523458","46","44911068"
"JH378117","25636582","25636886","chr17","27633699","27633983","36","1997117"
"JH378117","25657047","25657180","chr17","27653266","27653397","11","1996219"
"JH378117","25664223","25664550","chr17","27660198","27660510","32","1995975"
"JH378117","25674932","25675090","chr17","27671573","27671731","16","1996641"
"JH378117","25682086","25682177","chr4","13833635","13833722","18","11848451"
"JH378117","25685811","25686104","chr10","7232477","7232767","42","18453334"
"JH378117","25691040","25691162","chr5","110714591","110714713","10","85023551"
"JH378117","25691167","25691333","chr17","27687329","27687479","31","1996162"
"JH378117","25691645","25691759","chr17","27687791","27687904","10","1996146"
"JH378117","25698647","25698962","chr12","90640982","90641292","51","64942335"
"JH378117","25700323","25700436","chr9","29280530","29280643","7","3580207"
"JH378117","25700499","25700789","chr17","27696405","27696694","25","1995906"
"JH378117","25703647","25703916","chr17","27699610","27699881","21","1995963"
"JH378117","25706339","25706482","chr7","45490613","45490751","25","19784274"
"JH378117","25763595","25763720","chr5","8648310","8648434","4","17115285"
"JH378117","25768821","25768918","chr13","117234517","117234615","10","91465696"
"JH378117","25769436","25769582","chr15","92049523","92049668","22","66280087"
"JH378117","25822922","25823208","chr17","27828644","27828935","29","2005722"
"JH378117","25888654","25888821","chr17","27898430","27898591","17","2009776"
"JH378117","25926241","25926543","chr17","27949432","27949732","22","2023191"
"JH378117","25969002","25969295","chr17","28000807","28001100","18","2031805"
"JH378117","25981759","25981874","chr17","28013385","28013504","10","2031626"
"JH378117","26021401","26021545","chr8","84990660","84990805","19","58969259"
"JH378117","26027739","26028005","chr17","28059974","28060259","36","2032235"
"JH378117","26107803","26108007","chr17","28146849","28147060","24","2039046"
"JH378117","26108369","26108675","chr17","28147435","28147726","43","2039066"
"JH378117","26110680","26110997","chr17","28149781","28150090","31","2039101"
"JH378117","26113247","26113532","chr7","45363549","45363844","47","19250302"
"JH378117","26145736","26146050","chr17","28186023","28186337","28","2040287"
"JH378117","26182168","26182467","chr17","28225781","28226075","18","2043613"
"JH378117","26205225","26205505","chr4","148485141","148485423","39","122279916"
"JH378117","26205636","26205864","chr14","44575927","44576155","35","18370291"
"JH378117","26206965","26207231","chr17","28250243","28250525","31","2043278"
"JH378117","26226154","26226449","chr17","28280855","28281150","35","2054701"
"JH378117","26236895","26237203","chr5","60651418","60651723","46","34414523"
"JH378117","26237724","26237912","chr13","60995095","60995281","32","34757371"
"JH378117","26250008","26250170","chr12","18223476","18223638","24","8026532"
"JH378117","26250258","26250397","chr13","58163646","58163786","19","31913388"
"JH378117","26272687","26272859","chr5","96932770","96932937","27","70660083"
"JH378117","26275573","26275756","chr14","97165393","97165567","31","70889820"
"JH378117","26275782","26275906","chrX","46992027","46992150","19","20716245"
"JH378117","26297077","26297381","chr17","28352545","28352835","25","2055468"
"JH378117","26391872","26392184","chr17","28454013","28454333","25","2062141"
"JH378117","26433343","26433652","chr17","28498796","28499101","30","2065453"
"JH378117","26561741","26561944","chr12","67068857","67069063","38","40507116"
"JH378117","26694242","26694261","chr4","151771908","151771928","1","125077666"
"JH378117","26694312","26694579","chr1","185738284","185738563","31","159043972"
"JH378117","26709186","26709294","chr17","28806801","28806907","13","2097615"
"JH378117","26709335","26709493","chr5","73487992","73488148","26","46778657"
"JH378117","26906694","26907011","chrX","43636348","43636661","53","16729654"
"JH378117","26929414","26929680","chr17","29059083","29059366","52","2129669"
"JH378117","26967181","26967473","chr17","29106740","29107032","23","2139559"
"JH378117","26982592","26982722","chr13","35648015","35648139","30","8665423"
"JH378117","26982747","26982871","chr8","119472503","119472628","15","92489756"
"JH378117","26983036","26983356","chr7","51434860","51435171","52","24451824"
"JH378117","27142234","27142536","chr17","29287229","29287515","33","2144995"
"JH378117","27224721","27225024","chr22","38404242","38404535","59","11179521"
"JH378117","27229173","27229461","chrX","63432784","63433066","51","36203611"
"JH378117","27263598","27263901","chr17","29422593","29422899","27","2158995"
"JH378117","27318009","27318320","chr17","29484351","29484684","47","2166342"
"JH378117","27320471","27320634","chr1","185367947","185368110","24","158047476"
"JH378117","27320688","27320790","chr15","23682024","23682128","27","3638664"
"JH378117","27336845","27337126","chr17","29519692","29519974","25","2182847"
"JH378117","27384296","27384597","chr17","29569619","29569919","16","2185323"
"JH378117","27429989","27430283","chr17","29636910","29637221","33","2206921"
"JH378117","27473549","27473852","chr20","40118908","40119211","49","12645359"
"JH378117","27507234","27507273","chrX","23458786","23458827","8","4048448"
"JH378117","27507313","27507471","chr8","74384138","74384295","34","46876825"
"JH378117","27509596","27509905","chr10","100307977","100308290","50","72798381"
"JH378117","27593540","27593833","chr7","32634526","32634823","32","5040986"
"JH378117","27618037","27618183","chr17","29853977","29854123","16","2235940"
"JH378117","27618476","27618549","chr17","29854413","29854486","4","2235937"
"JH378117","27620463","27620747","chr4","118814612","118814891","59","91194149"
"JH378117","27630556","27630846","chr17","29865689","29865988","32","2235133"
"JH378117","27645586","27645872","chr17","29880297","29880591","38","2234711"
"JH378117","27648048","27648092","chr6","16178887","16178932","6","11469161"
"JH378117","27648136","27648414","chr15","21215501","21215759","62","6432635"
"JH378117","27689976","27690006","chr14","60952426","60952456","3","33262450"
"JH378117","27690039","27690306","chr19","18362531","18362799","45","9327508"
"JH378117","27942430","27942757","chr5","72130971","72131293","55","44188541"
"JH378117","27993772","27993881","chr9","14650779","14650885","10","13342993"
"JH378117","28014309","28014329","chr4","152674959","152674980","2","124660650"
"JH378117","28014361","28014676","chr12","31514021","31514318","67","3499660"
"JH378117","28079195","28079312","chr4","35097377","35097496","21","7018182"
"JH378117","28079381","28079552","chr22","10732712","10732882","37","17346669"
"JH378117","28116799","28116906","chr1","135560154","135560264","8","107443355"
"JH378117","28120824","28120936","chr5","4586479","4586592","8","23534345"
"JH378117","28169777","28169906","chr7","149876194","149876324","9","121706417"
"JH378117","28177525","28177778","chr7","50982706","50982963","47","22805181"
"JH378117","28177803","28177832","chr9","39950752","39950778","3","11772949"
"JH378117","28188397","28188713","chr17","30550723","30551040","20","2362326"
"JH378117","28275930","28276014","chr2","36313899","36313981","14","8037969"
"JH378117","28276843","28276936","chr7","136499907","136499998","17","108223064"
"JH378117","28311567","28311878","chr9","45128940","45129242","49","16817373"
"JH378117","28342631","28342689","chr2","163577498","163577555","4","135234867"
"JH378117","28388777","28388902","chr20","38070734","38070860","22","9681957"
"JH378117","28388932","28389057","chr13","30242325","30242446","12","1853393"
"JH378117","28503287","28503577","chr17","42679736","42680027","32","14176449"
"JH378117","28529764","28529887","chr11","65534787","65534910","13","37005023"
"JH378117","28555503","28555806","chr17","42730027","42730323","37","14174524"
"JH378117","28619355","28619659","chr17","42809285","42809577","37","14189930"
"JH378117","28623527","28623841","chr17","42813574","42813868","36","14190047"
"JH378117","28636789","28637084","chr17","42828339","42828633","18","14191550"
"JH378117","28643051","28643214","chr17","42834993","42835163","17","14191942"
"JH378117","28667793","28668055","chr17","42858575","42858828","23","14190782"
"JH378117","28689076","28689357","chr6","70548578","70548865","46","41859502"
"JH378117","28699994","28700269","chr17","42888291","42888597","52","14188297"
"JH378117","28731943","28732206","chr12","3305437","3305697","46","25426506"
"JH378117","28735004","28735330","chr17","42925653","42925996","44","14190649"
"JH378117","28739641","28739932","chr17","42930122","42930406","25","14190481"
"JH378117","28787739","28788006","chr5","123854562","123854843","48","95066823"
"JH378117","28814896","28815237","chr17","43011041","43011351","42","14196145"
"JH378117","28822141","28822404","chr17","43018523","43018790","18","14196382"
"JH378117","28937288","28937585","chr17","43139245","43139544","23","14201957"
"JH378117","28997307","28997616","chr17","43209294","43209603","23","14211987"
"JH378117","29083970","29084262","chrX","112457313","112457609","38","83373343"
"JH378117","29113929","29114212","chrX","111722236","111722515","50","82608307"
"JH378117","29253775","29254079","chr17","43460364","43460663","24","14206589"
"JH378117","29311140","29311287","chr17","43522791","43522938","15","14211651"
"JH378117","29329660","29329954","chr17","43540825","43541125","31","14211165"
"JH378117","29403730","29404025","chr17","43618282","43618582","29","14214552"
"JH378117","29422139","29422411","chr17","43637589","43637851","36","14215450"
"JH378117","29431387","29431680","chr17","43646767","43647061","13","14215380"
"JH378117","29510326","29510494","chr7","62760679","62760844","25","33250353"
"JH378117","29510558","29510695","chr12","10966484","10966618","23","18544074"
"JH378117","29522263","29522375","chr6","146129447","146129562","21","116607184"
"JH378117","29662629","29662912","chr14","35875649","35875933","48","6213020"
"JH378117","29662921","29663223","chr17","43793570","43793858","33","14130649"
"JH378117","29691412","29691758","chr15","58837203","58837533","96","29145791"
"JH378117","29749524","29749648","chr17","43877608","43877732","13","14128084"
"JH378117","29810837","29811127","chr17","43933369","43933668","23","14122532"
"JH378117","29822754","29822932","chr17","43959651","43959829","7","14136897"
"JH378117","29828568","29828843","chr17","43965262","43965539","20","14136694"
"JH378117","29843457","29843753","chr17","43979340","43979632","16","14135883"
"JH378117","29860803","29861063","chr17","43996134","43996402","29","14135331"
"JH378117","29895726","29895849","chr17","44034614","44034735","9","14138888"
"JH378117","29907721","29907852","chr1","135725490","135725617","11","105817769"
"JH378117","29917642","29917943","chr17","44059805","44060104","22","14142163"
"JH378117","29926553","29926837","chr17","44066803","44067094","25","14140250"
"JH378117","30041640","30041920","chr17","44199203","44199484","16","14157563"
"JH378117","30055257","30055390","chr17","44218873","44219009","7","14163616"
"JH378117","30055703","30055870","chr16","25382349","25382514","26","4673354"
"JH378117","30069481","30069778","chr5","4379233","4379531","40","25690248"
"JH378117","30100547","30100839","chr17","44266381","44266661","33","14165834"
"JH378117","30147624","30147748","chr5","1123161","1123282","10","29024463"
"JH378117","30154471","30154564","chr9","88783424","88783515","22","58628953"
"JH378117","30154596","30154718","chr9","120652294","120652414","18","90497698"
"JH378117","30157373","30157670","chr7","51503118","51503405","51","21345745"
"JH378117","30168302","30168342","chrX","22358359","22358398","10","7809943"
"JH378117","30168423","30168519","chr5","79043290","79043386","12","48874867"
"JH378117","30307057","30307265","chr2","63554821","63555029","37","33247764"
"JH378117","30494537","30494846","chr17","44673833","44674162","46","14179296"
"JH378117","30595543","30595812","chr5","39842916","39843184","40","9247373"
"JH378117","30626265","30626380","chr1","155730854","155730967","6","125104589"
"JH378117","30706713","30707001","chr17","44907751","44908038","35","14201038"
"JH378117","30722388","30722688","chr17","44927502","44927791","24","14205114"
"JH378117","30740504","30740818","chr17","44946788","44947102","24","14206284"
"JH378117","30796863","30796986","chr16","69890147","69890270","25","39093284"
"JH378117","30942418","30942715","chr17","45170207","45170504","17","14227789"
"JH378117","31031371","31031671","chr17","45263436","45263736","24","14232065"
"JH378117","31056401","31056700","chr17","45288822","45289123","23","14232421"
"JH378117","31057394","31057692","chr17","45289805","45290107","25","14232411"
"JH378117","31096166","31096431","chr12","90075757","90076035","52","58979591"
"JH378117","31150663","31150768","chr8","123921824","123921931","16","92771161"
"JH378117","31197966","31198243","chr17","45438272","45438550","13","14240306"
"JH378117","31216965","31217246","chr17","45457625","45457924","36","14240660"
"JH378117","31301097","31301397","chr17","45534029","45534328","19","14232932"
"JH378117","31308812","31309080","chr17","45541578","45541852","26","14232766"
"JH378117","31314297","31314569","chr13","40831522","40831805","57","9517225"
"JH378117","31315117","31315287","chr8","27654962","27655146","35","3660155"
"JH378117","31317040","31317369","chr17","45550261","45550582","29","14233221"
"JH378117","31335590","31335610","chr1","118717949","118717967","3","87382359"
"JH378117","31335639","31335926","chr7","32886449","32886731","18","1550810"
"JH378117","31342300","31342618","chr19","46819491","46819803","59","15477191"
"JH378117","31353112","31353394","chr17","45587207","45587487","22","14234095"
"JH378117","31502992","31503294","chr17","45739874","45740178","11","14236882"
"JH378117","31544651","31544918","chr17","45782482","45782749","14","14237831"
"JH378117","31592539","31592622","chr17","67948027","67948110","5","36355488"
"JH378117","31689916","31690188","chrX","121350548","121350820","48","89660632"
"JH378117","31813837","31814151","chr3","175420405","175420709","63","143606568"
"JH378117","31830091","31830213","chr7","73482514","73482636","18","41652423"
"JH378117","31830243","31830425","chrX","137222383","137222560","31","105392140"
"JH378117","31844391","31844536","chr7","42230187","42230338","29","10385796"
"JH378117","31866010","31866318","chr17","46150885","46151176","29","14284875"
"JH378117","31892705","31892774","chr14","195736","195809","14","31696969"
"JH378117","32002696","32002989","chr17","7854259","7854550","21","24148437"
"JH378117","32079682","32079951","chr17","7778223","7778492","25","24301459"
"JH378117","32198250","32198338","chr12","61005778","61005872","15","28807528"
"JH378117","32256494","32256775","chr17","7589824","7590101","28","24666670"
"JH378117","32257257","32257421","chr17","7589175","7589344","29","24668082"
"JH378117","32257469","32257592","chr14","31956758","31956882","22","300711"
                                                                                                                                                                                                                                                                                                                                                                                                                                                                                                                                                                                                                                                                                                                                                                                                                                                                                                                                                                                                                                                                                                                                                                                                                                                                                                                                                                                                                                                                                                                                                                                                                                                                                                                                                                                                                                                                                                                                                                                                                                                                                                                                                                                                                                                                                                                                                                                                                                                                                                                                                                                                                                                                                                                                                                                                                                                                                                                                                                                                                                                                                                                                                                                                                                                                                                                                                                                                                                                                                                                                                                                                                                                                                                                                                                                                                                                                                                                                                                                                                                                                                                                                   "JH378117","32262837","32263064","chr17","7579904","7580129","21","24682933"
"JH378117","32272619","32272833","chr17","7569831","7570054","20","24702788"
"JH378117","32340303","32340577","chr17","7499349","7499622","20","24840954"
"JH378117","32391864","32392155","chr17","7441138","7441434","28","24950726"
"JH378117","32412699","32412997","chr17","7416787","7417087","24","24995912"
"JH378117","32504738","32504860","chr5","1123161","1123282","5","31381577"
"JH378117","32532256","32532424","chr17","17284355","17284525","27","15247901"
"JH378117","32612121","32612298","chr17","7163158","7163321","19","25448963"
"JH378117","32612307","32612614","chr19","32970082","32970391","41","357775"
"JH378117","32612615","32612746","chr17","7162728","7162858","14","25449887"
"JH378117","32662852","32662965","chr17","7111943","7112048","16","25550909"
"JH378117","32680803","32681093","chr17","7089879","7090169","21","25590924"
"JH378117","32698026","32698325","chr17","7072550","7072843","24","25625476"
"JH378117","32721417","32721728","chr17","7049543","7049833","41","25671874"
"JH378117","32750252","32750527","chr21","37324579","37324852","44","4574327"
"JH378117","32750528","32750856","chr2","72606491","72606816","26","39855963"
"JH378117","32758164","32758466","chr14","61591524","61591827","45","28833360"
"JH378117","32792132","32792422","chrX","17119564","17119856","33","15672568"
"JH378117","32795525","32795659","chr5","84227278","84227413","16","51431753"
"JH378117","32807583","32807840","chr17","6953051","6953314","25","25854532"
"JH378117","32838343","32838542","chr17","8769350","8769548","44","24068993"
"JH378117","32847580","32847890","chr17","6917934","6918236","26","25929646"
"JH378117","32850806","32850955","chr9","112636884","112637034","29","79786078"
"JH378117","32896425","32896546","chr8","97297938","97298063","26","64401513"
"JH378117","32909519","32909799","chr16","25703885","25704165","52","7205634"
"JH378117","32912330","32912533","chr22","9306527","9306731","30","23605803"
"JH378117","32913825","32913922","chr2","137264749","137264843","10","104350924"
"JH378117","32930838","32931147","chr17","6783698","6783996","37","26147140"
"JH378117","32993641","32993784","chr8","71753022","71753158","31","38759381"
"JH378117","33056618","33056905","chr17","6653880","6654161","28","26402738"
"JH378117","33070638","33070919","chr17","6640178","6640454","24","26430460"
"JH378117","33141244","33141530","chr17","6570206","6570491","22","26571038"
"JH378117","33207525","33207802","chr17","6502272","6502545","33","26705253"
"JH378117","33221036","33221352","chr1","174483674","174483981","53","141262638"
"JH378117","33222532","33222793","chr17","6487866","6488154","49","26734666"
"JH378117","33384214","33384473","chr12","20988716","20988979","45","12395498"
"JH378117","33395704","33396027","chr5","4379233","4379531","69","29016471"
"JH378117","33417777","33417958","chr17","6282181","6282358","12","27135596"
"JH378117","33418880","33419114","chr14","3872086","3872319","34","29546794"
"JH378117","33477322","33477468","chr22","1526894","1527037","23","31950428"
"JH378117","33477730","33477884","chr17","6200109","6200258","18","27277621"
"JH378117","33513023","33513307","chr5","95426441","95426723","45","61913418"
"JH378117","33515995","33516115","chr1","179586986","179587106","8","146070991"
"JH378117","33575045","33575250","chr17","6080065","6080273","13","27494980"
"JH378117","33579670","33579967","chr17","6075129","6075434","23","27504541"
"JH378117","33585209","33585324","chr6","48998016","48998129","7","15412807"
"JH378117","33602762","33603021","chr17","6052650","6052922","23","27550112"
"JH378117","33611223","33611506","chr17","6033435","6033715","45","27577788"
"JH378117","33632165","33632293","chr1","186139419","186139547","17","152507254"
"JH378117","33634597","33634895","chr17","6005488","6005794","31","27629109"
"JH378117","33651152","33651278","chr7","66146489","66146615","9","32495337"
"JH378117","33664655","33664778","chr3","39210041","39210162","18","5545386"
"JH378117","33687677","33687987","chr17","5934770","5935069","37","27752907"
"JH378117","33719954","33720273","chr17","5897046","5897361","18","27822908"
"JH378117","33723388","33723520","chrX","3127715","3127848","6","30595673"
"JH378117","33729744","33729875","chr20","26608395","26608526","8","7121349"
"JH378117","33737223","33737526","chr17","5879320","5879611","32","27857903"
"JH378117","33773810","33773935","chr1","193846939","193847066","17","160073129"
"JH378117","33773946","33774251","chr17","5830439","5830749","31","27943507"
"JH378117","33793700","33793823","chr16","32496206","32496329","3","1297494"
"JH378117","33828632","33828962","chr17","5772488","5772779","57","28056144"
"JH378117","33851661","33851937","chr17","5734937","5735206","23","28116724"
"JH378117","33862384","33862545","chr5","9343741","9343891","30","24518643"
"JH378117","33875972","33876242","chr17","5711011","5711279","28","28164961"
"JH378117","34369179","34369491","chr17","5168036","5168335","35","29201143"
"JH378117","34444640","34444925","chr17","5090864","5091151","25","29353776"
"JH378117","34462315","34462613","chr17","5073207","5073509","27","29389108"
"JH378117","34495140","34495243","chr17","5039372","5039475","4","29455768"
"JH378117","34530785","34531080","chr12","10791275","10791570","42","23739510"
"JH378117","34606697","34606990","chr3","44497831","44498118","43","9891134"
"JH378117","34617292","34617562","chr1","172218235","172218501","47","137600943"
"JH378117","34680498","34680759","chr17","4849944","4850228","38","29830554"
"JH378117","34693583","34693735","chr17","4836565","4836715","24","29857018"
"JH378117","34694056","34694165","chr9","44528748","44528858","14","9834692"
"JH378117","34714613","34714918","chr17","4814709","4815018","26","29899904"
"JH378117","34830056","34830354","chrX","29452051","29452351","57","5378005"
"JH378117","34852475","34852759","chr17","4677251","4677533","21","30175224"
"JH378117","34947959","34948269","chr17","4582168","4582475","42","30365791"
"JH378117","34984135","34984439","chr17","4545592","4545895","19","30438543"
"JH378117","35062199","35062509","chr5","60671568","60671876","53","25609369"
"JH378117","35088738","35089031","chr5","78216385","78216675","46","43127647"
"JH378117","35122547","35122811","chr17","4355496","4355773","29","30767051"
"JH378117","35300744","35301073","chr5","4902525","4902835","67","30398219"
"JH378117","35337143","35337306","chr17","4091858","4092032","31","31245285"
"JH378117","35338964","35339099","chr8","95782453","95782588","18","60443489"
"JH378117","35379927","35380190","chr7","32370638","32370909","54","3009289"
"JH378117","35524162","35524466","chr17","3865756","3866060","22","31658406"
"JH378117","35613727","35614027","chr17","3768974","3769267","33","31844753"
"JH378117","35699036","35699244","chr9","115970103","115970293","43","80271067"
"JH378117","35790447","35790738","chr3","149598142","149598423","67","113807695"
"JH378117","35878010","35878294","chr17","3458543","3458827","22","32419467"
"JH378117","35908835","35909108","chr17","3425804","3426077","21","32483031"
"JH378117","35909109","35909321","chr3","25992595","25992808","36","9916514"
"JH378117","35925479","35925651","chr11","122110544","122110718","28","86185065"
"JH378117","36014448","36014611","chr17","3311197","3311360","14","32703251"
"JH378117","36041276","36041398","chrUn_GL286896","677","798","11","36040599"
"JH378117","36074512","36074806","chr1","8514637","8514928","52","27559875"
"JH378117","36097663","36097800","chr5","99497127","99497262","20","63399464"
"JH378117","36109873","36110168","chr17","3212413","3212705","27","32897460"
"JH378117","36206384","36206671","chr17","3106234","3106522","23","33100150"
"JH378117","36279843","36280148","chr17","3034055","3034355","28","33245788"
"JH378117","36353560","36353848","chr17","2958735","2959025","12","33394825"
"JH378117","36355906","36356008","chr17","2956653","2956747","16","33399253"
"JH378117","36406246","36406539","chr2","170753491","170753787","53","134347245"
"JH378117","36491261","36491530","chr3","5999212","5999464","64","30492049"
"JH378117","36583420","36583642","chr6","153986124","153986351","45","117402704"
"JH378117","36635375","36635491","chr6","46987125","46987241","6","10351750"
"JH378117","36691342","36691672","chr17","2559144","2559434","56","34132198"
"JH378117","36823989","36824264","chr17","2384339","2384614","22","34439650"
"JH378117","36832285","36832421","chr12","40053048","40053186","11","3220763"
"JH378117","36867822","36868123","chr17","2333271","2333571","28","34534551"
"JH378117","36879312","36879496","chr7","62697040","62697214","27","25817728"
"JH378117","36892294","36892589","chr17","2309649","2309946","26","34582645"
"JH378117","36964731","36964939","chr8","47852389","47852600","39","10887658"
"JH378117","36971965","36972104","chr9","102635146","102635283","25","65663181"
"JH378117","36973773","36974052","chr19","45165648","45165909","59","8191875"
"JH378117","37059273","37059384","chr8","14311756","14311870","29","22747517"
"JH378117","37059686","37059748","chr14","48911884","48911947","11","11852198"
"JH378117","37116088","37116392","chr6","119488018","119488326","58","82371930"
"JH378117","37175618","37175956","chr1","74476839","74477177","63","37301221"
"JH378117","37195994","37196301","chr17","1923751","1924059","28","35272243"
"JH378117","37252427","37252726","chr17","1866540","1866847","29","35385887"
"JH378117","37311777","37312082","chr17","1780274","1780571","30","35531503"
"JH378117","37357861","37358147","chr3","40969401","40969675","59","3611540"
"JH378117","37387359","37387652","chr1","171693875","171694176","49","134306516"
"JH378117","37402013","37402092","chr17","1680271","1680353","13","35721742"
"JH378117","37403066","37403201","chr19","24648684","24648819","10","12754382"
"JH378117","37403497","37403666","chr12","1318015","1318184","22","36085482"
"JH378117","37407215","37407526","chr17","1672728","1673039","20","35734487"
"JH378117","37447260","37447293","chr1","12371889","12371917","6","25075371"
"JH378117","37447336","37447612","chr17","1642331","1642594","30","35805005"
"JH378117","37457937","37458229","chr17","1624963","1625264","42","35832974"
"JH378117","37481713","37481840","chr3","188358174","188358303","7","150876461"
"JH378117","37507943","37508248","chr17","1572234","1572544","32","35935709"
"JH378117","37527896","37528215","chr17","1552101","1552374","60","35975795"
"JH378117","37562902","37563190","chr1","75327417","75327706","60","37764515"
"JH378117","37574279","37574577","chr22","34941694","34941995","53","2632585"
"JH378117","37574805","37575090","chr17","1505875","1506166","27","36068930"
"JH378117","37593784","37594070","chr17","1485900","1486184","47","36107884"
"JH378117","37596308","37596584","chr5","86425032","86425299","53","48828724"
"JH378117","37597723","37598024","chr17","1481578","1481872","35","36116145"
"JH378117","37601073","37601357","chr2","63522061","63522338","44","25920988"
"JH378117","37601834","37601973","chr6","22097978","22098118","23","15503856"
"JH378117","37602274","37602426","chr8","105415174","105415328","26","67812900"
"JH378117","37623328","37623626","chr17","1452948","1453246","26","36170380"
"JH378117","37630798","37630917","chr17","1446549","1446667","12","36184249"
"JH378117","37631309","37631481","chr12","54885684","54885836","43","17254375"
"JH378117","37636742","37637014","chr17","1439727","1440026","45","36197015"
"JH378117","37645692","37645864","chr13","97841637","97841800","27","60195945"
"JH378117","37646978","37647097","chr4","58045593","58045714","18","20398615"
"JH378117","37647103","37647382","chr2","811333","811617","50","36835770"
"JH378117","37654989","37655184","chr2","84018985","84019179","23","46363996"
"JH378117","37677709","37677810","chr6","119457478","119457578","7","81779769"
"JH378117","37681123","37681228","chr4","127610177","127610284","9","89929054"
"JH378117","37683184","37683509","chrX","117669603","117669914","63","79986419"
"JH378117","37684673","37684920","chr4","17930702","17930955","40","19753971"
"JH378117","37685973","37686165","chr9","20391485","20391679","24","17294488"
"JH378117","37688563","37688689","chr12","50505478","50505602","14","12816915"
"JH378117","37693216","37693490","chr17","1378364","1378635","19","36314852"
"JH378117","37697491","37697794","chr1","23419097","23419386","47","14278394"
"JH378117","37705190","37705476","chr17","1368344","1368636","25","36336846"
"JH378117","37710688","37710894","chr17","1361339","1361543","37","36349349"
"JH378117","37720194","37720321","chr15","32671893","32672026","12","5048301"
"JH378117","37722487","37722663","chr2","137764809","137764984","26","100042322"
"JH378117","37725916","37726035","chr9","88475621","88475739","19","50749705"
"JH378117","37734012","37734126","chr3","33903659","33903773","8","3830353"
"JH378117","37735661","37735959","chr17","1324090","1324402","45","36411571"
"JH378117","37740336","37740630","chr17","1319629","1319930","37","36420707"
"JH378117","37744049","37744333","chr22","7157658","7157945","48","30586391"
"JH378117","37758649","37758744","chr12","75302277","75302371","10","37543628"
"JH378117","37763838","37763976","chr1","168044434","168044571","16","130280596"
"JH378117","37764331","37764629","chr17","1298110","1298407","25","36466221"
"JH378117","37767716","37768002","chr17","1293489","1293750","43","36474227"
"JH378117","37771376","37771459","chr17","1290478","1290560","13","36480898"
"JH378117","37773075","37773174","chr16","46113605","46113706","17","8340530"
"JH378117","37774112","37774421","chr17","1287935","1288246","39","36486177"
"JH378117","37776153","37776446","chr18","38469349","38469638","50","693196"
"JH378117","37781417","37781693","chr17","1278681","1278963","23","36502736"
"JH378117","37786353","37786657","chr17","1273988","1274297","30","36512365"
"JH378117","37788061","37788344","chr7","22678352","22678637","37","15109709"
"JH378117","37792147","37792273","chr13","69467412","69467538","7","31675265"
"JH378117","37805652","37805780","chr22","7329432","7329562","18","30476220"
"JH378117","37819060","37819369","chr17","1241655","1241968","35","36577405"
"JH378117","37821032","37821339","chr17","1239660","1239955","43","36581372"
"JH378117","37828714","37828987","chr2","48053761","48054047","50","10225047"
"JH378117","37836371","37836670","chr17","1224866","1225154","32","36611505"
"JH378117","37841105","37841392","chrX","60758641","60758923","46","22917536"
"JH378117","37843176","37843412","chr3","169843596","169843820","63","132000420"
"JH378117","37855028","37855337","chr17","1185883","1186180","33","36669145"
"JH378117","37871494","37871784","chr4","4000264","4000540","65","33871230"
"JH378117","37881072","37881351","chr17","1162140","1162421","32","36718932"
"JH378117","37897777","37898083","chr17","1145901","1146196","25","36751876"
"JH378117","37927122","37927415","chr11","129985362","129985649","54","92058240"
"JH378117","37949774","37949913","chr17","1096209","1096348","6","36853565"
"JH378117","37970407","37970593","chr7","144683417","144683608","34","106713010"
"JH378117","37996891","37997018","chr1","206288179","206288308","17","168291288"
"JH378117","38007695","38007991","chr17","1041030","1041325","30","36966665"
"JH378117","38178649","38178806","chr15","37783217","37783376","17","395432"
"JH378117","38203801","38203869","chr19","19630523","19630593","8","18573278"
"JH378117","38239050","38239344","chr19","44383648","44383941","43","6144598"
"JH378117","38263990","38264239","chr14","69681932","69682145","83","31417942"
"JH378117","38264365","38264483","chr6","22647295","22647416","6","15617070"
"JH378117","38292282","38292365","chr3","126182966","126183051","7","87890684"
"JH378117","38335221","38335393","chr8","105598687","105598864","30","67263466"
"JH378117","38377602","38377910","chr17","657274","657581","21","37720328"
"JH378117","38431484","38431774","chr17","591798","592084","23","37839686"
"JH378117","38443674","38443979","chr17","578627","578930","22","37865047"
"JH378117","38512765","38513069","chr17","508522","508806","48","38004243"
"JH378117","38583255","38583339","chr1","42861407","42861490","9","4278152"
"JH378117","38608310","38608505","chr8","32877223","32877412","45","5731087"
"JH378117","38608790","38608922","chr8","105414729","105414866","18","66805939"
"JH378117","38613819","38614125","chr17","389738","390045","29","38224081"
"JH378117","38644325","38644633","chr17","359833","360134","26","38284492"
"JH378117","38680467","38680515","chr4","106609576","106609623","12","67929109"
"JH378117","38739232","38739543","chr17","245582","245881","39","38493650"
"JH378117","38753423","38753707","chr17","231017","231293","33","38522406"
"JH378117","38968381","38968693","chrUn_GL286454","48736","48998","60","38919645"
"JH378117","38976925","38977216","chrUn_GL286454","62728","63008","40","38914197"
"JH378117","38992523","38992748","chrUn_GL286454","77096","77321","14","38915427"
"JH378117","39004893","39005123","chrUn_GL286454","97401","97622","22","38907492"
"JH378117","39014579","39014706","chr6","84368725","84368852","6","45354146"
"JH378117","39015039","39015341","chr22","3379723","3380028","55","35635316"
"JH378117","39031171","39031351","chr22","14932","15111","23","39016239"
"JH378117","39031354","39031659","chr22","14615","14931","37","39016739"
"JH378118","35651461","35651590","chr18","13858274","13858404","16","21793187"
"JH378118","21757905","21758035","chr2","56986506","56986637","20","35228601"
"JH378118","28704737","28704844","chr8","70250081","70250177","27","41545344"
"JH378118","33223","33506","chr1","166188876","166189175","37","166155653"
"JH378118","53358","53661","chr12","91379289","91379599","46","91325931"
"JH378118","82387","82692","chr1","166139340","166139636","41","166056953"
"JH378118","121756","121986","chr1","62756909","62757135","41","62635153"
"JH378118","128528","128797","chr1","166094169","166094415","42","165965641"
"JH378118","140618","140912","chr1","166079020","166079303","43","165938402"
"JH378118","144048","144167","chr1","166070680","166070799","9","165926632"
"JH378118","144204","144338","chr17","34863206","34863337","27","34719002"
"JH378118","185771","186067","chr1","166028245","166028521","39","165842474"
"JH378118","197565","197855","chr1","166016023","166016315","28","165818458"
"JH378118","216221","216355","chr1","165997860","165997994","6","165781639"
"JH378118","216657","216820","chr1","165997397","165997557","17","165780740"
"JH378118","240298","240604","chr1","165973611","165973916","16","165733313"
"JH378118","267193","267496","chr1","165944532","165944841","33","165677339"
"JH378118","269372","269683","chr1","165942349","165942649","23","165672977"
"JH378118","282979","283134","chr18","21046385","21046536","27","20763406"
"JH378118","297195","297363","chr20","20263707","20263876","37","19966512"
"JH378118","311425","311708","chr1","165901659","165901941","37","165590234"
"JH378118","319075","319201","chrX","52222155","52222281","10","51903080"
"JH378118","328194","328443","chr8","2844440","2844688","37","2516246"
"JH378118","331747","331991","chr21","32959234","32959487","45","32627487"
"JH378118","334489","334809","chr1","165877950","165878245","37","165543461"
"JH378118","353131","353415","chr1","192740486","192740764","54","192387355"
"JH378118","353458","353468","chr2","86422823","86422834","1","86069365"
"JH378118","368744","368900","chr1","139544339","139544496","18","139175595"
"JH378118","369190","369334","chr10","82299275","82299417","16","81930085"
"JH378118","384376","384661","chr1","202991654","202991938","48","202607278"
"JH378118","386738","386850","chr22","10723183","10723297","15","10336445"
"JH378118","447740","448027","chr7","18796178","18796467","45","18348438"
"JH378118","472331","472618","chr1","165726329","165726620","20","165253998"
"JH378118","523134","523481","chr16","7373458","7373794","81","6850324"
"JH378118","530890","531205","chr7","87007315","87007626","41","86476425"
"JH378118","579753","580034","chr1","165611330","165611608","21","165031577"
"JH378118","646312","646613","chr1","165541447","165541754","28","164895135"
"JH378118","649909","650188","chr6","22050443","22050719","43","21400534"
"JH378118","747042","747343","chr2","38611768","38612060","43","37864726"
"JH378118","753692","754002","chr1","165430046","165430357","25","164676354"
"JH378118","764120","764425","chr1","165418362","165418674","29","164654242"
"JH378118","793564","793877","chr1","165387915","165388203","33","164594351"
"JH378118","805992","806242","chr7","60994044","60994292","50","60188052"
"JH378118","806243","806410","chr1","165371711","165371884","15","164565468"
"JH378118","813289","813495","chr7","20367079","20367285","30","19553790"
"JH378118","818695","818975","chr1","165359514","165359794","14","164540819"
"JH378118","819988","820288","chr1","165358228","165358516","32","164538240"
"JH378118","821408","821708","chr1","171693875","171694176","46","170872467"
"JH378118","821760","822044","chr1","165356446","165356730","20","164534686"
"JH378118","828368","828656","chr6","48378199","48378482","43","47549831"
"JH378118","830863","831015","chr7","94851346","94851494","27","94020483"
"JH378118","831131","831260","chr5","63289525","63289654","15","62458394"
"JH378118","842010","842357","chr15","78137104","78137441","61","77295094"
"JH378118","842959","843169","chr8","103569232","103569431","46","102726273"
"JH378118","844172","844483","chr1","165334025","165334335","28","164489853"
"JH378118","878266","878492","chr1","165299908","165300135","16","164421642"
"JH378118","882809","883102","chr7","45363549","45363844","38","44480740"
"JH378118","892437","892731","chr1","165289151","165289437","20","164396714"
"JH378118","895379","895412","chr15","53285663","53285696","3","52390284"
"JH378118","895434","895542","chr1","165284714","165284816","16","164389280"
"JH378118","931503","931672","chr6","110818119","110818275","39","109886616"
"JH378118","932501","932648","chr17","8874935","8875082","21","7942434"
"JH378118","932692","932808","chr11","118364727","118364841","6","117432035"
"JH378118","944075","944407","chr8","54982924","54983246","52","54038849"
"JH378118","944656","944792","chr1","165239322","165239462","10","164294666"
"JH378118","945503","945649","chr1","165238467","165238603","18","164292964"
"JH378118","963888","964015","chrUn_GL286323","21453","21581","7","942435"
"JH378118","964942","965076","chr4","160050818","160050952","10","159085876"
"JH378118","973550","973768","chr10","117775476","117775698","46","116801926"
"JH378118","974871","975075","chr13","16740481","16740678","34","15765610"
"JH378118","977924","978239","chr5","72186019","72186326","68","71208095"
"JH378118","994532","994824","chr1","165196085","165196383","48","164201553"
"JH378118","995189","995301","chr6","35321376","35321492","25","34326187"
"JH378118","995614","995752","chr12","8534952","8535076","42","7539338"
"JH378118","998105","998277","chr2","9401756","9401932","26","8403651"
"JH378118","999730","999987","chr12","27596040","27596297","37","26596310"
"JH378118","1010638","1010757","chr11","60127843","60127962","9","59117205"
"JH378118","1016571","1016852","chr1","165176317","165176609","35","164159746"
"JH378118","1018454","1018638","chr1","165174555","165174744","16","164156101"
"JH378118","1028118","1028145","chr2","7671828","7671853","5","6643710"
"JH378118","1028169","1028287","chr10","76883835","76883952","11","75855666"
"JH378118","1028879","1029153","chr22","2004031","2004304","34","975152"
"JH378118","1050832","1051117","chr1","198670669","198670946","42","197619837"
"JH378118","1063904","1064201","chr1","165125743","165126048","24","164061839"
"JH378118","1080931","1081229","chr1","165109014","165109310","22","164028083"
"JH378118","1100689","1100972","chr1","165081920","165082197","30","163981231"
"JH378118","1109299","1109460","chr16","25382349","25382514","20","24273050"
"JH378118","1117924","1118097","chr1","165061056","165061225","19","163943132"
"JH378118","1131787","1132100","chr5","106616849","106617160","46","105485062"
"JH378118","1132492","1132787","chrX","122851309","122851622","53","121718817"
"JH378118","1202843","1203001","chr1","155078864","155079027","29","153876021"
"JH378118","1203032","1203158","chr20","21676684","21676809","14","20473652"
"JH378118","1234153","1234458","chr1","164938168","164938472","16","163704015"
"JH378118","1267447","1267609","chr8","55417210","55417367","37","54149763"
"JH378118","1280391","1280556","chr1","179621367","179621526","20","178340976"
"JH378118","1296458","1296736","chr1","164867254","164867536","23","163570796"
"JH378118","1298855","1299151","chr1","164864878","164865155","35","163566023"
"JH378118","1357744","1358044","chr1","164803005","164803300","18","163445261"
"JH378118","1381049","1381344","chr1","172870680","172870974","49","171489631"
"JH378118","1402712","1403021","chr1","164758465","164758769","39","163355753"
"JH378118","1422407","1422539","chr8","29509722","29509855","8","28087315"
"JH378118","1430112","1430239","chr5","5563458","5563585","9","4133346"
"JH378118","1433453","1433760","chr1","164726681","164726992","32","163293228"
"JH378118","1441911","1442198","chr1","164718854","164719142","16","163276943"
"JH378118","1450538","1450804","chr1","164713262","164713521","25","163262724"
"JH378118","1463510","1463802","chr1","164699599","164699891","24","163236089"
"JH378118","1484731","1485014","chr1","164677181","164677480","35","163192450"
"JH378118","1486940","1487178","chr1","164675318","164675572","32","163188378"
"JH378118","1513965","1514269","chr1","164645124","164645420","25","163131159"
"JH378118","1526184","1526494","chr1","164632637","164632927","42","163106453"
"JH378118","1554564","1554863","chr1","164605812","164606111","28","163051248"
"JH378118","1562339","1562631","chr1","164597817","164598125","33","163035478"
"JH378118","1572375","1572651","chr1","164587827","164588073","54","163015452"
"JH378118","1584740","1585045","chr1","164575625","164575927","22","162990885"
"JH378118","1623319","1623626","chr12","78154287","78154589","39","76530968"
"JH378118","1626078","1626377","chr1","90413024","90413323","47","88786946"
"JH378118","1639418","1639561","chr1","164520803","164520944","16","162881385"
"JH378118","1639860","1640023","chr1","164520339","164520509","15","162880479"
"JH378118","1653785","1654030","chr1","164504681","164504928","14","162850896"
"JH378118","1667394","1667703","chr20","5584196","5584506","53","3916802"
"JH378118","1697945","1698001","chr3","54106452","54106510","15","52408507"
"JH378118","1698277","1698380","chr10","17283217","17283320","21","15584940"
"JH378118","1701351","1701648","chr1","164456135","164456428","30","162754784"
"JH378118","1702348","1702647","chr1","164455174","164455481","25","162752826"
"JH378118","1710511","1710800","chrX","18239275","18239559","40","16528764"
"JH378118","1711646","1711879","chr8","115534752","115534981","43","113823106"
"JH378118","1718917","1719212","chr3","136640590","136640885","39","134921673"
"JH378118","1723486","1723621","chr5","64699905","64700035","25","62976419"
"JH378118","1723649","1723767","chr1","184997670","184997792","18","183274021"
"JH378118","1723847","1724159","chr5","79478782","79479093","41","77754935"
"JH378118","1735456","1735610","chr1","164425715","164425868","14","162690259"
"JH378118","1737256","1737399","chr11","16570382","16570525","20","14833126"
"JH378118","1739672","1739969","chr1","164420909","164421207","24","162681237"
"JH378118","1750608","1750910","chr1","164410802","164411101","26","162660194"
"JH378118","1753940","1754083","chrX","2390205","2390344","27","636265"
"JH378118","1763989","1764268","chr4","81214795","81215080","45","79450806"
"JH378118","1778292","1778583","chrY","2110961","2111249","38","332669"
"JH378118","1842987","1843275","chr1","164307176","164307461","24","162464189"
"JH378118","1854597","1854886","chr1","164295987","164296296","32","162441390"
"JH378118","1877074","1877380","chr1","164264849","164265154","19","162387775"
"JH378118","1880890","1881186","chr12","102255710","102256003","51","100374820"
"JH378118","1906872","1907180","chr1","164234790","164235089","38","162327918"
"JH378118","1908735","1909010","chr1","164232508","164232784","22","162323773"
"JH378118","1915947","1916240","chr1","164224966","164225260","25","162309019"
"JH378118","1916875","1917178","chr1","164224349","164224656","27","162307474"
"JH378118","1925297","1925433","chr3","126413647","126413783","25","124488350"
"JH378118","1925879","1926015","chr1","164206081","164206217","9","162280202"
"JH378118","1944892","1945184","chr1","164183440","164183734","24","162238548"
"JH378118","1962193","1962502","chr1","72188480","72188791","45","70226287"
"JH378118","1991788","1992080","chr1","164135650","164135944","33","162143862"
"JH378118","2058088","2058216","chr6","94099269","94099397","12","92041181"
"JH378118","2063124","2063358","chr14","3872086","3872319","37","1808962"
"JH378118","2108859","2108986","chr1","194772737","194772864","8","192663878"
"JH378118","2143505","2143810","chr21","46384948","46385262","49","44241443"
"JH378118","2212999","2213306","chr1","163910726","163911029","36","161697727"
"JH378118","2413811","2414115","chr1","163703195","163703501","17","161289384"
"JH378118","2443050","2443356","chr1","163671420","163671722","18","161228370"
"JH378118","2449599","2449897","chr1","163664993","163665287","34","161215394"
"JH378118","2463231","2463378","chr15","49434410","49434548","38","46971179"
"JH378118","2465384","2465676","chr22","30647957","30648251","48","28182573"
"JH378118","2466302","2466597","chr1","163647839","163648128","32","161181537"
"JH378118","2511923","2512200","chr3","1531335","1531617","48","980588"
"JH378118","2741733","2742045","chr18","10906825","10907136","53","8165092"
"JH378118","2811353","2811619","chr1","163295212","163295478","12","160483859"
"JH378118","2832754","2833037","chr1","163269634","163269901","33","160436880"
"JH378118","2850865","2851101","chr6","157784154","157784391","33","154933289"
"JH378118","2951396","2951679","chr1","163151281","163151538","43","160199885"
"JH378118","2956322","2956629","chr1","163146287","163146594","28","160189965"
"JH378118","3047415","3047738","chr1","163053692","163053998","39","160006277"
"JH378118","3092706","3093018","chr1","163015741","163016053","30","159923035"
"JH378118","3176989","3177238","chr1","162932310","162932595","55","159755321"
"JH378118","3180907","3181162","chr1","162928339","162928589","27","159747432"
"JH378118","3200419","3200708","chr1","162908033","162908321","24","159707614"
"JH378118","3226925","3227210","chr8","98068020","98068302","50","94841095"
"JH378118","3228577","3228867","chr1","162880005","162880309","34","159651428"
"JH378118","3241855","3242171","chr1","162866598","162866917","22","159624743"
"JH378118","3267834","3268140","chr12","31514021","31514318","48","28246187"
"JH378118","3268710","3268861","chr1","162841319","162841470","9","159572609"
"JH378118","3280816","3281095","chr1","162829497","162829804","43","159548681"
"JH378118","3335597","3335852","chr7","50796518","50796766","52","47460921"
"JH378118","3377151","3377425","chr1","162734314","162734588","19","159357163"
"JH378118","3455432","3455699","chr1","162657891","162658164","31","159202459"
"JH378118","3471999","3472292","chr1","162641072","162641365","22","159169073"
"JH378118","3525968","3526160","chr5","77940940","77941140","31","74414972"
"JH378118","3612594","3612888","chr1","162481191","162481485","28","158868597"
"JH378118","3668012","3668128","chr2","38822610","38822727","12","35154598"
"JH378118","3761415","3761722","chr1","162332588","162332888","37","158571173"
"JH378118","3811809","3811937","chr16","63322340","63322468","5","59510531"
"JH378118","3843111","3843398","chr1","162238495","162238776","30","158395384"
"JH378118","3855273","3855559","chr1","162225868","162226153","25","158370595"
"JH378118","3925082","3925345","chr4","150240009","150240273","53","146314927"
"JH378118","3952659","3952933","chr1","162120986","162121260","15","158168327"
"JH378118","4065976","4066275","chr1","91416551","91416845","30","87350575"
"JH378118","4087190","4087327","chr4","42730014","42730142","26","38642824"
"JH378118","4115773","4116082","chr1","161952838","161953134","38","157837065"
"JH378118","4234040","4234321","chr12","15520013","15520297","51","11285973"
"JH378118","4278430","4278731","chr1","161775247","161775536","30","157496817"
"JH378118","4295833","4296002","chr1","161750546","161750716","17","157454713"
"JH378118","4334178","4334306","chr5","73874045","73874172","12","69539867"
"JH378118","4448614","4448742","chr7","73423601","73423735","17","68974987"
"JH378118","4513553","4513855","chr1","161532558","161532855","29","157019005"
"JH378118","4554962","4555251","chr1","161488617","161488894","27","156933655"
"JH378118","4689587","4689899","chr7","61827957","61828267","47","57138370"
"JH378118","4722409","4722585","chr3","151620162","151620355","45","146897753"
"JH378118","4733444","4733737","chr2","150555729","150556021","39","145822285"
"JH378118","4844921","4845191","chr1","161203049","161203298","47","156358128"
"JH378118","4862755","4863048","chr1","161186030","161186311","32","156323275"
"JH378118","4867993","4868304","chr1","161180822","161181132","29","156312829"
"JH378118","4878943","4879226","chr1","161170059","161170331","37","156291116"
"JH378118","5025156","5025445","chr1","161004433","161004724","16","155979277"
"JH378118","5043631","5043935","chr1","160985111","160985412","40","155941480"
"JH378118","5056163","5056445","chr1","160972067","160972375","45","155915904"
"JH378118","5178528","5178609","chr2","47532621","47532702","6","42354093"
"JH378118","5180232","5180520","chr9","109884599","109884886","46","104704367"
"JH378118","5433763","5434028","chr7","10287431","10287686","46","4853668"
"JH378118","5462442","5462719","chr1","160526333","160526630","37","155063891"
"JH378118","5573177","5573483","chr2","1366775","1367075","55","4206402"
"JH378118","5618783","5618928","chr22","9244167","9244309","25","3625384"
"JH378118","5619266","5619404","chr12","60782608","60782720","45","55163342"
"JH378118","5622264","5622552","chr1","160361002","160361290","37","154738738"
"JH378118","5653365","5653590","chr1","160328523","160328748","18","154675158"
"JH378118","5654173","5654474","chr5","4970868","4971169","49","683305"
"JH378118","5681574","5681700","chr1","194772737","194772864","14","189091163"
"JH378118","5712872","5713194","chr1","160270207","160270513","40","154557335"
"JH378118","5821400","5821460","chr1","160137546","160137606","5","154316146"
"JH378118","5821620","5821925","chr1","160137100","160137399","25","154315480"
"JH378118","5848490","5848779","chr1","160094592","160094888","34","154246102"
"JH378118","5909137","5909323","chr1","160022834","160023020","12","154113697"
"JH378118","5909461","5909547","chr1","160022594","160022676","8","154113133"
"JH378118","5931096","5931412","chr1","160000315","160000607","43","154069219"
"JH378118","5965294","5965423","chr18","4201382","4201510","11","1763912"
"JH378118","5984892","5985185","chr1","159944448","159944743","23","153959556"
"JH378118","6036784","6037085","chr1","159895682","159896000","53","153858898"
"JH378118","6037521","6037552","chr14","46508826","46508856","5","40471305"
"JH378118","6110634","6110935","chr1","159818670","159818976","17","153708036"
"JH378118","6116321","6116454","chr1","159813042","159813177","13","153696721"
"JH378118","6182332","6182468","chr4","4036700","4036837","16","2145632"
"JH378118","6182772","6182947","chr7","46618078","46618249","28","40435306"
"JH378118","6205531","6205826","chr1","136481699","136481983","51","130276168"
"JH378118","6352584","6352875","chr1","159574399","159574690","22","153221815"
"JH378118","6440976","6441262","chr1","159482780","159483066","15","153041804"
"JH378118","6524414","6524500","chr6","85037401","85037486","11","78512987"
"JH378118","6537615","6537921","chr1","159363226","159363533","17","152825611"
"JH378118","6558594","6558695","chr7","128061885","128061983","16","121503291"
"JH378118","6559338","6559647","chr1","159339368","159339675","32","152780030"
"JH378118","6641623","6641923","chr1","159251262","159251576","35","152609639"
"JH378118","6676857","6677168","chr1","159201545","159201870","40","152524688"
"JH378118","6686994","6687300","chr1","159191210","159191531","31","152504216"
"JH378118","6726474","6726640","chr9","109026840","109027007","23","102300366"
"JH378118","6908596","6908931","chr1","158954048","158954370","28","152045452"
"JH378118","6991118","6991213","chr1","158868554","158868649","4","151877436"
"JH378118","7042350","7042447","chr2","27157692","27157788","17","20115342"
"JH378118","7042550","7042694","chr1","96726595","96726739","30","89684045"
"JH378118","7081599","7081904","chr1","158769576","158769877","35","151687977"
"JH378118","7101189","7101338","chr1","158746950","158747099","14","151645761"
"JH378118","7152976","7153226","chr1","158688284","158688523","25","151535308"
"JH378118","7248962","7249268","chr1","158577897","158578206","27","151328935"
"JH378118","7286869","7287159","chr1","157930537","157930833","41","150643668"
"JH378118","7295301","7295565","chr8","91069416","91069677","42","83774115"
"JH378118","7359209","7359523","chr12","50177975","50178287","69","42818766"
"JH378118","7362504","7362793","chr1","158457508","158457777","51","151095004"
"JH378118","7368015","7368335","chr1","158451717","158452011","43","151083702"
"JH378118","7410329","7410625","chr1","158409311","158409602","27","150998982"
"JH378118","7445029","7445178","chrUn_GL286247","3787","3937","27","7441242"
"JH378118","7445199","7445279","chr5","96819140","96819217","13","89373941"
"JH378118","7551038","7551349","chrX","63440175","63440478","62","55889137"
"JH378118","7583050","7583181","chr9","89091272","89091404","11","81508222"
"JH378118","7670347","7670647","chr1","158136175","158136475","21","150465828"
"JH378118","7728248","7728542","chr1","158073828","158074118","18","150345580"
"JH378118","7734465","7734763","chr1","158067324","158067617","34","150332859"
"JH378118","7765033","7765330","chr1","158036681","158036957","32","150271648"
"JH378118","7774641","7774928","chr1","180915381","180915668","44","173140740"
"JH378118","7778899","7779205","chr1","158022214","158022515","20","150243315"
"JH378118","7779406","7779526","chrX","64046265","64046385","15","56266859"
"JH378118","7779553","7779720","chr2","124770522","124770685","30","116990969"
"JH378118","7783045","7783332","chr1","180915381","180915668","44","173132336"
"JH378118","7787303","7787609","chr1","158022214","158022515","20","150234911"
"JH378118","7787810","7787930","chrX","64046265","64046385","15","56258455"
"JH378118","7787957","7788124","chr2","124770522","124770685","30","116982565"
"JH378118","7807844","7808149","chr8","102872551","102872855","41","95064707"
"JH378118","7809428","7809474","chr2","133458217","133458260","10","125648789"
"JH378118","7821287","7821597","chr1","157988126","157988419","36","150166839"
"JH378118","7828719","7829014","chr1","157981718","157982010","35","150152999"
"JH378118","7858387","7858685","chr1","157953241","157953523","33","150094854"
"JH378118","7880485","7880782","chr1","157930537","157930833","15","150050052"
"JH378118","7884374","7884481","chr1","64914240","64914339","23","57029866"
"JH378118","7888254","7888553","chr1","157912792","157913081","29","150024538"
"JH378118","7893769","7893883","chr1","157907752","157907866","15","150013983"
"JH378118","7911305","7911435","chr1","157887004","157887133","13","149975699"
"JH378118","7935115","7935411","chr1","157862437","157862737","29","149927322"
"JH378118","8023134","8023449","chr1","157772843","157773144","34","149749709"
"JH378118","8028676","8028972","chr1","157767285","157767573","25","149738609"
"JH378118","8062654","8062944","chr1","157731736","157732020","21","149669082"
"JH378118","8074257","8074453","chr13","88941103","88941290","33","80866846"
"JH378118","8077900","8078191","chrX","50984471","50984766","38","42906571"
"JH378118","8096095","8096384","chr1","189406942","189407229","41","181310847"
"JH378118","8101524","8101819","chr16","53629697","53629979","57","45528173"
"JH378118","8104816","8104925","chr18","39741992","39742108","9","31637176"
"JH378118","8106510","8106822","chr18","39743535","39743839","30","31637025"
"JH378118","8147556","8147834","chr1","157711865","157712160","50","149564309"
"JH378118","8166691","8166835","chr1","157691769","157691912","37","149525078"
"JH378118","8175454","8175741","chr1","157682780","157683069","25","149507326"
"JH378118","8212705","8213013","chr1","157643624","157643932","19","149430919"
"JH378118","8249445","8249462","chr5","19083395","19083412","2","10833950"
"JH378118","8249492","8249714","chr12","109937560","109937772","58","101688068"
"JH378118","8268272","8268344","chr5","94854288","94854358","24","86586016"
"JH378118","8268425","8268482","chr2","21240361","21240422","12","12971936"
"JH378118","8271121","8271406","chr4","148485141","148485423","38","140214020"
"JH378118","8302920","8303219","chr1","157546137","157546436","20","149243217"
"JH378118","8400364","8400648","chr13","116523801","116524091","51","108123437"
"JH378118","8474111","8474257","chrUn_GL286420","357212","357354","17","8116899"
"JH378118","8507978","8508279","chr1","157335019","157335320","15","148827041"
"JH378118","8513969","8514261","chr5","65396313","65396603","37","56882344"
"JH378118","8514288","8514306","chr1","200141147","200141163","3","191626859"
"JH378118","8550904","8551193","chr1","157293117","157293398","30","148742213"
"JH378118","8551229","8551341","chrX","22242915","22243028","10","13691686"
"JH378118","8555217","8555361","chr1","157288659","157288803","9","148733442"
"JH378118","8556098","8556246","chr5","99330109","99330257","22","90774011"
"JH378118","8557325","8557614","chr1","157286589","157286878","17","148729264"
"JH378118","8597662","8597797","chr9","44998595","44998730","17","36400933"
"JH378118","8598110","8598268","chr7","66473038","66473193","28","57874928"
"JH378118","8599224","8599470","chr3","142224854","142225106","43","133625630"
"JH378118","8608563","8608854","chr1","157234016","157234314","31","148625453"
"JH378118","8632740","8633112","chr1","157206988","157207301","89","148574248"
"JH378118","8686931","8687229","chr9","113156443","113156750","44","104469512"
"JH378118","8708896","8709219","chr1","157133695","157134008","33","148424799"
"JH378118","8730211","8730507","chr1","157113013","157113320","41","148382802"
"JH378118","8741867","8742167","chr18","8757936","8758237","55","16069"
"JH378118","8768612","8768901","chr1","157075930","157076219","20","148307318"
"JH378118","8781048","8781260","chr11","20782228","20782439","27","12001180"
"JH378118","8787252","8787420","chr2","14198004","14198165","32","5410752"
"JH378118","8787446","8787576","chr10","102600841","102600965","18","93813395"
"JH378118","8795311","8795500","chr1","157044459","157044648","16","148249148"
"JH378118","8829605","8829897","chr14","83027663","83027956","41","74198058"
"JH378118","8835472","8835777","chr1","157003311","157003616","16","148167839"
"JH378118","8871558","8871850","chr1","156966201","156966503","37","148094643"
"JH378118","8912269","8912556","chr22","34763662","34763944","56","25851393"
"JH378118","8928695","8928984","chr1","156907928","156908212","32","147979233"
"JH378118","8933151","8933451","chr7","58110269","58110566","50","49177118"
"JH378118","8990855","8991125","chr1","156853556","156853815","29","147862701"
"JH378118","8993204","8993493","chr1","156851233","156851504","40","147858029"
"JH378118","8994264","8994353","chr1","156850063","156850152","3","147855799"
"JH378118","9002844","9003011","chr1","156840151","156840339","28","147837307"
"JH378118","9016285","9016415","chr2","119402582","119402713","22","110386297"
"JH378118","9025501","9025759","chr1","156814169","156814426","27","147788668"
"JH378118","9032483","9032594","chr3","33903659","33903773","10","24871176"
"JH378118","9043157","9043450","chr1","156793393","156793700","29","147750236"
"JH378118","9050852","9051132","chr1","156785755","156786035","20","147734903"
"JH378118","9055176","9055470","chr1","156781423","156781717","27","147726247"
"JH378118","9057276","9057585","chr1","156779275","156779588","24","147721999"
"JH378118","9073461","9073591","chr1","156763512","156763642","8","147690051"
"JH378118","9075548","9075835","chr1","156761099","156761398","33","147685551"
"JH378118","9086422","9086702","chr7","122061010","122061293","45","112974588"
"JH378118","9086727","9086740","chr1","55937517","55937531","1","46850790"
"JH378118","9089224","9089534","chr20","8200476","8200790","41","888748"
"JH378118","9090739","9090913","chr2","10657098","10657276","34","1566359"
"JH378118","9092790","9093094","chr5","63565675","63565978","56","54472885"
"JH378118","9093097","9093359","chr19","45165648","45165909","43","36072551"
"JH378118","9109403","9109691","chr1","156721701","156721982","35","147612298"
"JH378118","9111150","9111444","chr1","156720249","156720542","18","147609099"
"JH378118","9113013","9113152","chr11","14756639","14756783","27","5643626"
"JH378118","9119134","9119372","chr20","11284413","11284665","55","2165279"
"JH378118","9144521","9144654","chr1","156689782","156689913","9","147545261"
"JH378118","9144959","9145142","chr1","156689303","156689477","19","147544344"
"JH378118","9152764","9153071","chr5","120966443","120966745","44","111813679"
"JH378118","9162351","9162628","chr1","156670290","156670570","23","147507939"
"JH378118","9198534","9198817","chr1","156634274","156634559","15","147435740"
"JH378118","9242619","9242800","chr1","156593137","156593311","13","147350518"
"JH378118","9244113","9244421","chr1","156591502","156591799","38","147347389"
"JH378118","9272212","9272308","chr1","198728740","198728840","16","189456528"
"JH378118","9277220","9277353","chr8","97661172","97661303","13","88383952"
"JH378118","9277663","9277809","chr14","1334023","1334177","34","7943640"
"JH378118","9281348","9281654","chr1","156565045","156565350","25","147283697"
"JH378118","9322847","9322991","chr5","7910704","7910847","20","1412143"
"JH378118","9359228","9359586","chr1","152673124","152673450","108","143313896"
"JH378118","9366011","9366312","chr1","156436967","156437269","19","147070956"
"JH378118","9432615","9432731","chr6","118238050","118238166","23","108805435"
"JH378118","9434924","9435063","chr3","159070563","159070692","17","149635639"
"JH378118","9487867","9488167","chr12","83728","84032","45","9404139"
"JH378118","9492188","9492485","chr6","66372842","66373145","62","56880654"
"JH378118","9504672","9504894","chr1","156285313","156285539","15","146780641"
"JH378118","9512096","9512397","chr1","156275405","156275707","18","146763309"
"JH378118","9526261","9526331","chr11","116681511","116681581","16","107155250"
"JH378118","9526354","9526517","chr1","208913187","208913352","22","199386833"
"JH378118","9527475","9527775","chr1","156260112","156260405","22","146732637"
"JH378118","9547471","9547767","chr1","156238261","156238557","33","146690790"
"JH378118","9554972","9555173","chr1","156230520","156230710","24","146675548"
"JH378118","9571418","9571718","chr1","156213935","156214231","18","146642517"
"JH378118","9577998","9578267","chr1","156207652","156207937","29","146629654"
"JH378118","9583475","9583779","chr1","156202630","156202940","22","146619155"
"JH378118","9592507","9592813","chr1","156193694","156193997","29","146601187"
"JH378118","9608928","9609230","chr5","3256143","3256443","53","6352785"
"JH378118","9631646","9631718","chr5","41435478","41435550","8","31803832"
"JH378118","9637325","9637624","chr1","156150606","156150897","25","146513281"
"JH378118","9638688","9638939","chr1","156149283","156149534","7","146510595"
"JH378118","9666762","9667073","chr1","156114027","156114335","17","146447265"
"JH378118","9705812","9706133","chr1","156074131","156074456","36","146368319"
"JH378118","9740174","9740461","chr7","137528845","137529136","42","127788671"
"JH378118","9753358","9753646","chr1","156019175","156019471","28","146265817"
"JH378118","9763102","9763411","chr4","122907234","122907544","19","113144132"
"JH378118","9787719","9787964","chr2","79465378","79465610","45","69677659"
"JH378118","9792526","9792800","chrX","22674066","22674321","42","12881540"
"JH378118","9857182","9857478","chr7","113670497","113670791","46","103813315"
"JH378118","9857525","9857598","chr5","3198814","3198881","17","6658711"
"JH378118","9861779","9862081","chr1","155920446","155920747","21","146058667"
"JH378118","9881410","9881708","chr1","155902088","155902387","27","146020678"
"JH378118","9888172","9888463","chr21","45383791","45384080","47","35495619"
"JH378118","9901694","9901991","chr1","155883194","155883491","19","145981500"
"JH378118","9910896","9911146","chr5","93845680","93845925","41","83934784"
"JH378118","9913326","9913507","chr5","65422144","65422322","26","55508818"
"JH378118","9926008","9926307","chr10","89255651","89255949","42","79329643"
"JH378118","9945017","9945189","chr1","155847751","155847904","29","145902734"
"JH378118","9945479","9945548","chr14","75553802","75553869","11","65608323"
"JH378118","9950465","9950585","chr22","1859895","1860013","12","8090570"
"JH378118","9950908","9951128","chr14","68893582","68893798","37","58942674"
"JH378118","9973831","9973989","chr2","87442570","87442725","23","77468739"
"JH378118","9977615","9977731","chr1","40814256","40814372","11","30836641"
"JH378118","9995490","9995751","chr12","91549861","91550119","49","81554371"
"JH378118","9997984","9998280","chr1","155800968","155801254","29","145802984"
"JH378118","10004960","10005104","chr2","68970961","68971106","23","58966001"
"JH378118","10006445","10006626","chr17","8857127","8857303","13","1149318"
"JH378118","10011868","10011963","chr1","64914240","64914339","7","54902372"
"JH378118","10013636","10013773","chr5","70854574","70854711","17","60840938"
"JH378118","10016789","10017092","chr1","155783856","155784173","47","145767067"
"JH378118","10024918","10025189","chr15","56917113","56917386","48","46892195"
"JH378118","10088402","10088530","chr5","83812277","83812405","9","73723875"
"JH378118","10090762","10091054","chr1","155707552","155707845","18","145616790"
"JH378118","10101562","10101739","chr1","155698389","155698561","23","145596827"
"JH378118","10102024","10102182","chr9","108781049","108781192","27","98679025"
"JH378118","10110546","10110863","chr1","155689362","155689671","26","145578816"
"JH378118","10115107","10115369","chr11","66691787","66692044","48","56576680"
"JH378118","10126251","10126351","chr21","36766471","36766569","23","26640220"
"JH378118","10141271","10141579","chr1","155660373","155660670","37","145519102"
"JH378118","10172194","10172330","chr6","5633360","5633489","21","4538834"
"JH378118","10186160","10186462","chr1","155611610","155611908","24","145425450"
"JH378118","10190588","10190893","chr1","155607321","155607607","38","145416733"
"JH378118","10191483","10191777","chr1","155606354","155606653","24","145414871"
"JH378118","10192739","10193031","chr1","155601861","155602155","13","145409122"
"JH378118","10239811","10240117","chr4","17667882","17668185","44","7428071"
"JH378118","10245449","10245750","chr1","155552176","155552481","27","145306727"
"JH378118","10247732","10248027","chr1","155549914","155550203","28","145302182"
"JH378118","10252269","10252399","chr11","116638079","116638206","16","106385810"
"JH378118","10258754","10258864","chr2","163997253","163997365","11","153738499"
"JH378118","10270952","10271262","chr1","155528555","155528869","21","145257603"
"JH378118","10291571","10291701","chr7","57939158","57939287","15","47647587"
"JH378118","10291708","10292032","chr1","155509020","155509384","62","145217312"
"JH378118","10306676","10306982","chr11","98295623","98295922","34","87988947"
"JH378118","10308441","10308749","chr1","155492401","155492698","23","145183960"
"JH378118","10316355","10316479","chr1","155486045","155486169","7","145169690"
"JH378118","10324517","10324619","chr3","165508512","165508612","12","155183995"
"JH378118","10325502","10325721","chr1","62756909","62757135","41","52431407"
"JH378118","10326798","10326967","chr1","155475025","155475187","23","145148227"
"JH378118","10327233","10327369","chr1","155474623","155474760","14","145147390"
"JH378118","10337982","10338301","chr4","7440918","7441241","51","2897064"
"JH378118","10348089","10348253","chr1","155447705","155447880","20","145099616"
"JH378118","10364327","10364603","chr14","104914422","104914695","42","94550095"
"JH378118","10373043","10373338","chr1","155423664","155423953","18","145050621"
"JH378118","10378159","10378284","chr6","49110834","49110961","13","38732675"
"JH378118","10388529","10388660","chr4","71635760","71635889","12","61247231"
"JH378118","10403616","10403912","chr1","155391728","155392027","12","144988112"
"JH378118","10411814","10411893","chr1","103003526","103003600","6","92591712"
"JH378118","10416607","10416902","chr1","155380179","155380471","20","144963572"
"JH378118","10418591","10418712","chr2","83153110","83153233","11","72734519"
"JH378118","10419637","10419930","chr1","155377292","155377585","22","144957655"
"JH378118","10419931","10420065","chr1","155377156","155377291","12","144957225"
"JH378118","10421322","10421489","chr1","155375731","155375892","13","144954409"
"JH378118","10434675","10434936","chr8","91069416","91069677","43","80634741"
"JH378118","10435334","10435410","chr9","95294534","95294607","11","84859200"
"JH378118","10442852","10442978","chr2","188916789","188916916","11","178473937"
"JH378118","10471827","10472108","chr1","155307722","155308003","17","144835895"
"JH378118","10487169","10487444","chrX","45891853","45892123","40","35404684"
"JH378118","10492853","10492985","chr3","13399022","13399153","22","2906169"
"JH378118","10504524","10504655","chr1","155280725","155280856","7","144776201"
"JH378118","10504659","10504947","chr1","15320818","15321096","44","4816159"
"JH378118","10513691","10513849","chr22","39354457","39354618","28","28840766"
"JH378118","10513867","10514147","chr1","155270221","155270517","28","144756354"
"JH378118","10514301","10514590","chr1","155269644","155269949","25","144755343"
"JH378118","10515907","10516020","chr22","44602836","44602950","7","34086929"
"JH378118","10532830","10532918","chr1","155251035","155251121","11","144718205"
"JH378118","10540509","10540804","chr1","155244595","155244878","31","144704086"
"JH378118","10565255","10565550","chr10","100767676","100767974","48","90202421"
"JH378118","10581288","10581579","chr1","155185633","155185927","32","144604345"
"JH378118","10591877","10592057","chr7","27516218","27516394","25","16924341"
"JH378118","10592373","10592511","chr2","14147383","14147513","16","3555010"
"JH378118","10625163","10625469","chr13","54752234","54752546","47","44127071"
"JH378118","10626389","10626693","chr7","78742007","78742304","42","68115618"
"JH378118","10628704","10628860","chr1","155138750","155138913","17","144510046"
"JH378118","10629360","10629663","chrX","62332054","62332359","39","51702694"
"JH378118","10630273","10630405","chr20","23719259","23719391","12","13088986"
"JH378118","10636668","10636797","chr9","44988112","44988244","16","34351444"
"JH378118","10637091","10637280","chr10","31744732","31744919","32","21107641"
"JH378118","10646119","10646208","chr1","155123716","155123800","12","144477597"
"JH378118","10671289","10671426","chr1","202981060","202981197","18","192309771"
"JH378118","10671723","10671879","chr21","37500130","37500288","23","26828407"
"JH378118","10683786","10684074","chr4","143814349","143814645","45","133130563"
"JH378118","10688015","10688058","chr9","18366394","18366438","7","7678379"
"JH378118","10688296","10688469","chr1","155078864","155079027","15","144390568"
"JH378118","10689291","10689584","chr1","155077759","155078060","30","144388468"
"JH378118","10695587","10695889","chr6","30949549","30949848","41","20253962"
"JH378118","10697942","10698026","chr1","193846851","193846938","8","183148909"
"JH378118","10702160","10702466","chr1","155063954","155064244","32","144361794"
"JH378118","10738341","10738461","chr1","155026388","155026510","13","144288047"
"JH378118","10746128","10746427","chr1","155018897","155019183","38","144272769"
"JH378118","10760377","10760676","chr1","155005816","155006100","22","144245439"
"JH378118","10783016","10783317","chr2","16239930","16240232","43","5456914"
"JH378118","10786885","10787181","chr1","154978061","154978357","21","144191176"
"JH378118","10787329","10787474","chr4","152263632","152263770","39","141476303"
"JH378118","10787741","10787902","chr22","4180693","4180855","23","6607048"
"JH378118","10792739","10793016","chr1","154966878","154967165","43","144174139"
"JH378118","10793131","10793444","chr10","46574530","46574847","51","35781399"
"JH378118","10812382","10812677","chr1","154947578","154947863","32","144135196"
"JH378118","10815306","10815473","chr16","64894373","64894541","25","54079067"
"JH378118","10817667","10817764","chr7","22518475","22518572","13","11700808"
"JH378118","10819335","10819486","chr7","62866271","62866426","19","52046936"
"JH378118","10825866","10826174","chr1","154934513","154934817","22","144108647"
"JH378118","10832018","10832298","chr1","154930250","154930542","29","144098232"
"JH378118","10850872","10851037","chr5","73487992","73488148","26","62637120"
"JH378118","10864691","10864988","chr1","154899202","154899507","30","144034511"
"JH378118","10896902","10896918","chr5","93562692","93562706","2","82665790"
"JH378118","10897161","10897352","chrX","66962567","66962750","32","56065406"
"JH378118","10899586","10899878","chr1","154866825","154867118","21","143967239"
"JH378118","10910061","10910366","chr12","40945226","40945527","41","30035165"
"JH378118","10952201","10952452","chr1","154817349","154817600","12","143865148"
"JH378118","10961268","10961571","chr1","154807263","154807559","25","143845995"
"JH378118","10962729","10962876","chr2","179990990","179991137","30","169028261"
"JH378118","10993735","10993900","chr1","154768659","154768817","14","143774924"
"JH378118","10994194","10994336","chr1","154768223","154768365","8","143774029"
"JH378118","11007186","11007397","chr1","154746264","154746481","35","143739078"
"JH378118","11009114","11009416","chr1","154744278","154744572","25","143735164"
"JH378118","11025715","11025992","chr1","183970513","183970783","43","172944798"
"JH378118","11039381","11039512","chr9","46541491","46541623","27","35502110"
"JH378118","11051082","11051216","chr12","46117781","46117914","8","35066699"
"JH378118","11051526","11051667","chr5","60237709","60237850","31","49186183"
"JH378118","11057424","11057652","chr1","154682629","154682857","15","143625205"
"JH378118","11061964","11062264","chr3","65506138","65506431","47","54444174"
"JH378118","11069391","11069687","chr1","154666670","154666956","22","143597279"
"JH378118","11170190","11170482","chr1","154565931","154566223","14","143395741"
"JH378118","11173451","11173548","chr1","154562714","154562812","7","143389263"
"JH378118","11173712","11173881","chr1","154562379","154562548","7","143388667"
"JH378118","11184305","11184573","chr10","35669417","35669684","33","24485112"
"JH378118","11264574","11264832","chr1","154476402","154476690","47","143211828"
"JH378118","11310462","11310763","chr1","154431148","154431437","31","143120686"
"JH378118","11313999","11314283","chr1","154427657","154427941","21","143113658"
"JH378118","11318782","11319087","chr1","154423180","154423477","45","143104398"
"JH378118","11405319","11405611","chr7","42233845","42234134","42","30828526"
"JH378118","11409551","11409857","chr3","149042115","149042418","43","137632564"
"JH378118","11422010","11422108","chr4","151632060","151632158","14","140210050"
"JH378118","11422158","11422319","chrX","62121104","62121270","27","50698946"
"JH378118","11477773","11478062","chr1","154274845","154275142","26","142797072"
"JH378118","11495032","11495323","chr1","154257098","154257405","40","142762066"
"JH378118","11530403","11530696","chr1","154216654","154216947","46","142686251"
"JH378118","11585298","11585581","chr1","154162137","154162420","21","142576839"
"JH378118","11635827","11636111","chr1","122768427","122768709","44","111132600"
"JH378118","11692801","11693090","chr1","154044850","154045143","19","142352049"
"JH378118","11706232","11706541","chr1","154031107","154031401","30","142324875"
"JH378118","11745819","11746114","chr3","173133172","173133466","37","161387353"
"JH378118","11778647","11778935","chr12","54922986","54923288","49","43144339"
"JH378118","11786638","11786942","chr9","86531298","86531609","43","74744660"
"JH378118","11866684","11866974","chr1","153871227","153871520","25","142004543"
"JH378118","11885603","11885908","chr1","153849690","153849991","24","141964087"
"JH378118","11911191","11911491","chr1","153830953","153831245","25","141919762"
"JH378118","11920085","11920433","chr15","78137104","78137441","73","66217019"
"JH378118","11941597","11941720","chr12","64453707","64453830","5","52512110"
"JH378118","11951378","11951665","chr1","153790476","153790767","27","141839098"
"JH378118","11965186","11965475","chr2","7734683","7734973","55","4230503"
"JH378118","11976175","11976491","chr12","11035987","11036294","52","940188"
"JH378118","11983293","11983460","chr4","38046783","38046945","28","26063490"
"JH378118","11983488","11983601","chr7","116507060","116507176","20","104523572"
"JH378118","12015348","12015557","chr1","153730331","153730540","11","141714983"
"JH378118","12030917","12031222","chr1","153714203","153714505","32","141683286"
"JH378118","12040918","12041202","chr1","153705618","153705907","34","141664700"
"JH378118","12044474","12044690","chr2","6813105","6813316","35","5231369"
"JH378118","12045387","12045677","chr1","153700777","153701079","32","141655390"
"JH378118","12057487","12057791","chr13","19689245","19689545","46","7631758"
"JH378118","12110571","12110680","chr16","54226592","54226702","20","42116021"
"JH378118","12122447","12122575","chr4","169669927","169670045","30","157547480"
"JH378118","12122600","12122742","chr5","8465883","8466003","42","3656717"
"JH378118","12137038","12137195","chr2","166949962","166950115","24","154812924"
"JH378118","12161250","12161533","chr7","43837732","43838021","38","31676482"
"JH378118","12168385","12168542","chr22","34237523","34237672","19","22069138"
"JH378118","12174538","12174843","chr5","60671568","60671876","44","48497030"
"JH378118","12188197","12188475","chr1","153542302","153542579","22","141354105"
"JH378118","12193951","12194238","chr1","153536438","153536722","47","141342487"
"JH378118","12203634","12203712","chr22","33706955","33707038","18","21503321"
"JH378118","12204020","12204152","chr21","12475386","12475496","34","271366"
"JH378118","12214520","12214684","chr3","111507810","111507974","24","99293290"
"JH378118","12230225","12230451","chr1","153501764","153501990","16","141271539"
"JH378118","12242502","12242793","chr1","153486233","153486528","28","141243731"
"JH378118","12256056","12256368","chr1","153471885","153472194","26","141215829"
"JH378118","12269947","12270094","chr4","1863010","1863158","20","10406937"
"JH378118","12270256","12270399","chr1","153457518","153457657","13","141187262"
"JH378118","12281389","12281691","chr1","153445502","153445804","17","141164113"
"JH378118","12315429","12315718","chr1","153413450","153413744","29","141098021"
"JH378118","12324276","12324596","chr8","69842946","69843255","45","57518670"
"JH378118","12360534","12360628","chr1","153368369","153368459","10","141007835"
"JH378118","12364014","12364296","chr1","153365173","153365438","25","141001159"
"JH378118","12372048","12372342","chr1","153357350","153357645","14","140985302"
"JH378118","12373401","12373710","chr1","153356008","153356300","33","140982607"
"JH378118","12492215","12492372","chr1","153233982","153234139","7","140741767"
"JH378118","12515944","12516253","chr1","153210266","153210566","29","140694322"
"JH378118","12657361","12657676","chr1","153062118","153062429","23","140404757"
"JH378118","12677253","12677547","chr1","153032301","153032595","21","140355048"
"JH378118","12682004","12682302","chrX","45579634","45579937","46","32897630"
"JH378118","12745342","12745668","chr1","152958815","152959127","38","140213473"
"JH378118","12760692","12760977","chr13","45166998","45167286","48","32406306"
"JH378118","12762512","12762748","chr1","152943350","152943588","22","140180838"
"JH378118","12780552","12780852","chr1","152925697","152925990","21","140145145"
"JH378118","12782501","12782802","chr1","152923740","152924040","20","140141239"
"JH378118","12786362","12786467","chr9","14650779","14650885","13","1864417"
"JH378118","12812734","12813041","chr1","152892275","152892571","36","140079541"
"JH378118","12827586","12827682","chr8","115115905","115116001","9","102288319"
"JH378118","12879153","12879444","chr1","152825536","152825821","31","139946383"
"JH378118","12886110","12886387","chr1","152818911","152819165","43","139932801"
"JH378118","12895387","12895615","chr1","152809191","152809410","26","139913804"
"JH378118","12924094","12924391","chr1","152781558","152781868","38","139857464"
"JH378118","12949920","12950217","chr1","152756386","152756674","35","139806466"
"JH378118","12950578","12950880","chr6","153989320","153989617","55","141038742"
"JH378118","12986572","12986869","chr1","152717393","152717691","29","139730821"
"JH378118","12990530","12990778","chr1","152713487","152713714","28","139722957"
"JH378118","13030364","13030672","chr1","152672672","152672973","31","139642308"
"JH378118","13048781","13049078","chr6","41147586","41147881","42","28098805"
"JH378118","13069418","13069705","chrX","17119564","17119856","35","4050146"
"JH378118","13084777","13085100","chr1","152620288","152620597","30","139535511"
"JH378118","13090979","13091143","chr5","158605130","158605293","32","145514151"
"JH378118","13091682","13091973","chr1","152612765","152613054","31","139521083"
"JH378118","13131899","13132193","chr1","152571074","152571357","27","139439175"
"JH378118","13140034","13140334","chr1","152562843","152563139","23","139422809"
"JH378118","13151498","13151788","chrX","60209074","60209358","50","47057576"
"JH378118","13160354","13160654","chr17","11446374","11446668","50","1713980"
"JH378118","13161505","13161792","chr1","152540371","152540663","32","139378866"
"JH378118","13166361","13166678","chr1","152535536","152535845","28","139369175"
"JH378118","13191814","13192107","chr1","152506322","152506608","26","139314508"
"JH378118","13195957","13196242","chr18","726392","726679","46","12469565"
"JH378118","13224886","13225197","chr1","152475463","152475778","34","139250577"
"JH378118","13234364","13234652","chr5","74315290","74315586","41","61080926"
"JH378118","13236753","13237009","chr1","152464969","152465236","31","139228216"
"JH378118","13279678","13279955","chr1","152422297","152422589","43","139142619"
"JH378118","13281348","13281647","chr1","152420608","152420907","19","139139260"
"JH378118","13284542","13284850","chr1","152417395","152417703","26","139132853"
"JH378118","13308889","13308941","chr1","152392936","152392986","4","139084047"
"JH378118","13308964","13309122","chr1","152392743","152392901","9","139083779"
"JH378118","13318327","13318527","chr1","152383433","152383610","43","139065106"
"JH378118","13318528","13318823","chr3","173133172","173133466","43","159814644"
"JH378118","13318824","13318950","chr1","152382994","152383121","11","139064170"
"JH378118","13435692","13435954","chr1","152278104","152278372","25","138842412"
"JH378118","13452358","13452636","chr7","27040948","27041219","48","13588590"
"JH378118","13461216","13461515","chr1","152242154","152242450","25","138780938"
"JH378118","13469418","13469654","chr11","35217575","35217813","51","21748157"
"JH378118","13566270","13566385","chr10","103188807","103188922","7","89622537"
"JH378118","13594846","13595011","chr1","152110816","152110992","25","138515970"
"JH378118","13635297","13635597","chr14","72544553","72544854","45","58909256"
"JH378118","13694872","13695167","chr1","152003722","152004011","21","138308850"
"JH378118","13704715","13704741","chr2","180867059","180867084","3","167162344"
"JH378118","13704835","13705114","chr5","142469635","142469909","41","128764800"
"JH378118","13797555","13797845","chr1","151900564","151900870","36","138103009"
"JH378118","13857715","13857989","chr1","151840369","151840641","32","137982654"
"JH378118","13974346","13974647","chr1","151728426","151728729","31","137754080"
"JH378118","14013917","14014216","chr1","151683940","151684222","32","137670023"
"JH378118","14022498","14022700","chr14","46816991","46817192","34","32794493"
"JH378118","14213459","14213734","chr1","151480402","151480685","27","137266943"
"JH378118","14243280","14243562","chr1","151452218","151452503","30","137208938"
"JH378118","14317572","14317877","chr1","151368901","151369192","32","137051329"
"JH378118","14345942","14346249","chr7","2960819","2961126","55","11385123"
"JH378118","14348495","14348806","chr1","151338247","151338560","23","136989752"
"JH378118","14392316","14392614","chr1","151293784","151294099","37","136901468"
"JH378118","14404176","14404501","chr1","151282001","151282310","44","136877825"
"JH378118","14413264","14413555","chr1","151273016","151273323","37","136859752"
"JH378118","14425089","14425350","chr1","151259921","151260181","19","136834832"
"JH378118","14503267","14503545","chr1","151179331","151179607","13","136676064"
"JH378118","14553202","14553449","chr1","151128089","151128332","24","136574887"
"JH378118","14554682","14554990","chr1","151126576","151126890","28","136571894"
"JH378118","14562973","14563213","chr4","3418620","3418859","52","11144353"
"JH378118","14569821","14569957","chr1","151111290","151111428","15","136541469"
"JH378118","14570245","14570409","chr1","151110842","151111004","13","136540597"
"JH378118","14600884","14601150","chr1","151081092","151081364","29","136480208"
"JH378118","14601592","14601880","chr1","151080376","151080658","38","136478784"
"JH378118","14604593","14604873","chr1","151077391","151077690","34","136472798"
"JH378118","14612734","14612958","chr1","151069857","151070090","20","136457123"
"JH378118","14614329","14614483","chr1","151068368","151068522","7","136454039"
"JH378118","14616417","14616707","chr6","153989320","153989617","49","139372903"
"JH378118","14619320","14619592","chr1","151062666","151062937","21","136443346"
"JH378118","14633906","14634194","chr3","3121982","3122263","46","11511924"
"JH378118","14669466","14669773","chr4","24639493","24639792","48","9970027"
"JH378118","14686116","14686426","chr1","150993389","150993696","23","136307273"
"JH378118","14700166","14700320","chr1","150979540","150979682","21","136279374"
"JH378118","14705317","14705622","chr1","150974583","150974884","28","136269266"
"JH378118","14711443","14711633","chr17","36699612","36699793","38","21988169"
"JH378118","14712967","14713266","chr6","119251974","119252271","44","104539007"
"JH378118","14735624","14735924","chr12","20539936","20540241","51","5804312"
"JH378118","14738793","14738919","chr1","150936895","150937021","14","136198102"
"JH378118","14740417","14740532","chr8","80410186","80410302","11","65669769"
"JH378118","14754209","14754488","chr1","150919557","150919844","32","136165348"
"JH378118","14756530","14756645","chr9","39177276","39177392","8","24420746"
"JH378118","14757889","14758195","chr6","82090643","82090948","62","67332754"
"JH378118","14760218","14760349","chr7","67301543","67301675","16","52541325"
"JH378118","14761145","14761476","chr6","112978004","112978316","79","98216859"
"JH378118","14770775","14770963","chr11","116646949","116647137","32","101876174"
"JH378118","14778603","14778689","chr22","27452388","27452474","11","12673785"
"JH378118","14791213","14791527","chrX","17440915","17441211","57","2649702"
"JH378118","14798722","14798849","chr6","59467480","59467607","8","44668758"
"JH378118","14803603","14803803","chr7","70175712","70175917","32","55372109"
"JH378118","14819295","14819591","chr1","150860633","150860929","20","136041338"
"JH378118","14827448","14827578","chr4","43423668","43423797","8","28596220"
"JH378118","14838411","14838582","chr19","25534238","25534399","31","10695827"
"JH378118","14838895","14839033","chr15","64757687","64757825","16","49918792"
"JH378118","14843719","14843886","chr1","150842806","150842977","10","135999087"
"JH378118","14843926","14844044","chr1","150842660","150842778","11","135998734"
"JH378118","14847650","14847786","chr5","110081175","110081312","20","95233525"
"JH378118","14857902","14858216","chr1","150828397","150828702","32","135970495"
"JH378118","14860296","14860503","chr1","150825075","150825282","11","135964779"
"JH378118","14863004","14863328","chr1","150821634","150821955","29","135958630"
"JH378118","14864886","14865198","chr1","150819488","150819771","44","135954602"
"JH378118","14866175","14866484","chr13","88278110","88278417","49","73411935"
"JH378118","14869687","14869759","chr7","103861382","103861458","13","88991695"
"JH378118","14869790","14869909","chr3","150869456","150869574","18","135999666"
"JH378118","14871177","14871480","chr15","27093672","27093965","59","12222495"
"JH378118","14882196","14882484","chr1","150802625","150802920","40","135920429"
"JH378118","14895750","14896057","chr7","87007315","87007626","47","72111565"
"JH378118","14902239","14902360","chr2","61961283","61961403","9","47059044"
"JH378118","14918391","14918487","chr5","23166001","23166091","16","8247610"
"JH378118","14920226","14920527","chr1","180777180","180777476","43","165856954"
"JH378118","14922121","14922400","chr10","41798284","41798559","40","26876163"
"JH378118","14926294","14926583","chr1","150758049","150758338","23","135831755"
"JH378118","14929976","14930290","chr10","26049382","26049690","49","11119406"
"JH378118","14951256","14951544","chr7","54157888","54158182","32","39206632"
"JH378118","14967023","14967298","chr1","150718504","150718785","20","135751481"
"JH378118","15000001","15000041","chr17","67672230","67672268","8","52672229"
"JH378118","15004473","15004612","chr4","36775192","36775319","26","21770719"
"JH378118","15028721","15028836","chrX","10730420","10730536","9","4298301"
"JH378118","15034426","15034568","chr10","9455953","9456093","20","5578473"
"JH378118","15047789","15048098","chr1","150648663","150648966","39","135600874"
"JH378118","15063848","15064148","chr1","150619422","150619721","27","135555574"
"JH378118","15214069","15214304","chr12","2953782","2954014","44","12260287"
"JH378118","15214606","15214691","chrX","117361425","117361515","19","102146819"
"JH378118","15215114","15215218","chr6","16821001","16821102","17","1605887"
"JH378118","15466927","15467221","chr13","60439331","60439629","41","44972404"
"JH378118","15473368","15473500","chr16","74302960","74303092","13","58829592"
"JH378118","15623028","15623305","chr1","150054385","150054662","17","134431357"
"JH378118","15661534","15661876","chr1","150013076","150013398","42","134351542"
"JH378118","15690875","15690943","chr4","74046279","74046346","12","58355404"
"JH378118","15704552","15704858","chr5","60671568","60671876","34","44967016"
"JH378118","15724002","15724347","chr7","6577072","6577412","33","9146930"
"JH378118","15738654","15738948","chr6","6578431","6578727","49","9160223"
"JH378118","15776664","15776952","chr1","149896814","149897103","21","134120150"
"JH378118","15787964","15788271","chr1","149887859","149888167","17","134099895"
"JH378118","15824957","15825265","chr1","149851148","149851450","36","134026191"
"JH378118","15826546","15826679","chr1","149849776","149849910","16","134023230"
"JH378118","15826984","15827175","chr1","149849295","149849497","39","134022311"
"JH378118","15916756","15917044","chr1","149763663","149763949","23","133846907"
"JH378118","15917071","15917081","chr5","75323984","75323994","1","59406913"
"JH378118","16072600","16072868","chr1","149595216","149595503","42","133522616"
"JH378118","16121209","16121491","chr1","149544783","149545066","18","133423574"
"JH378118","16148095","16148364","chr1","149514589","149514862","12","133366494"
"JH378118","16423120","16423417","chr1","149209575","149209873","18","132786455"
"JH378118","16429499","16429777","chr11","14119674","14119964","50","2309825"
"JH378118","16460878","16461164","chr2","99318467","99318749","44","82857589"
"JH378118","16501593","16501892","chrX","117395938","117396228","53","100894345"
"JH378118","16502051","16502333","chr13","92824339","92824634","59","76322288"
"JH378118","16534448","16534737","chr22","33456604","33456893","34","16922156"
"JH378118","16541149","16541453","chr1","149088833","149089130","23","132547684"
"JH378118","16553072","16553373","chr1","149077557","149077865","34","132524485"
"JH378118","16560583","16560807","chr1","149070808","149071018","27","132510225"
"JH378118","16568190","16568518","chr5","45284634","45284926","84","28716444"
"JH378118","16591743","16592044","chr1","149014548","149014824","47","132422805"
"JH378118","16600756","16601044","chr1","149005786","149006088","25","132405030"
"JH378118","16603530","16603826","chr1","149003043","149003320","40","132399513"
"JH378118","16610479","16610728","chr2","183672036","183672284","43","167061557"
"JH378118","16611781","16612078","chr1","148994517","148994815","18","132382736"
"JH378118","16620465","16620573","chr5","141001927","141002036","8","124381462"
"JH378118","16658611","16658906","chr15","21509490","21509787","59","4850879"
"JH378118","16681395","16681692","chr1","148925616","148925911","43","132244221"
"JH378118","16696877","16696979","chr3","165508512","165508612","26","148811635"
"JH378118","16733467","16733681","chr14","41841892","41842104","42","25108425"
"JH378118","16752085","16752207","chr13","104773599","104773721","14","88021514"
"JH378118","16752272","16752397","chr1","148855189","148855304","18","132102917"
"JH378118","16765502","16765637","chr4","35665816","35665952","17","18900314"
"JH378118","16765936","16766088","chr22","39354457","39354618","26","22588521"
"JH378118","16769347","16769641","chr1","148837757","148838053","24","132068410"
"JH378118","16778564","16778747","chrUn_GL286270","3655","3832","42","16774909"
"JH378118","16788945","16789239","chr2","18747203","18747498","47","1958258"
"JH378118","16794669","16794960","chr1","148810394","148810691","20","132015725"
"JH378118","16811753","16812063","chr1","148791785","148792096","33","131980032"
"JH378118","16820818","16821132","chr2","24943964","24944278","51","8123146"
"JH378118","16824030","16824319","chr1","148780697","148780986","15","131956667"
"JH378118","16827619","16827739","chr1","148777267","148777391","24","131949648"
"JH378118","16836027","16836326","chr1","148768353","148768674","42","131932326"
"JH378118","16864241","16864375","chr8","105333841","105333976","18","88469600"
"JH378118","16864697","16864869","chr8","101839280","101839445","26","84974583"
"JH378118","16888222","16888511","chr1","148715214","148715514","29","131826992"
"JH378118","16895752","16896049","chr16","45469256","45469554","41","28573504"
"JH378118","16915174","16915459","chr1","148684954","148685237","21","131769780"
"JH378118","16921847","16922153","chr1","173583879","173584187","49","156662032"
"JH378118","16942334","16942536","chr7","46020148","46020351","37","29077814"
"JH378118","16954065","16954368","chr4","143814349","143814645","46","126860284"
"JH378118","16960552","16960687","chr1","148638515","148638646","13","131677963"
"JH378118","16966124","16966236","chr17","37379320","37379429","13","20413196"
"JH378118","16990282","16990575","chr1","148606231","148606529","26","131615949"
"JH378118","17006103","17006388","chr12","151602","151887","42","16854501"
"JH378118","17008009","17008316","chr1","148584956","148585254","48","131576947"
"JH378118","17019124","17019306","chr1","148566209","148566398","19","131547085"
"JH378118","17019605","17019744","chr1","148565776","148565911","13","131546171"
"JH378118","17029801","17029903","chr18","32510994","32511094","14","15481193"
"JH378118","17038265","17038574","chr1","148543823","148544133","28","131505558"
"JH378118","17039547","17039841","chr1","148542557","148542853","28","131503010"
"JH378118","17040163","17040465","chr1","148541938","148542245","39","131501775"
"JH378118","17044541","17044858","chr9","86531298","86531609","51","69486757"
"JH378118","17057167","17057291","chr22","1859895","1860013","19","15197272"
"JH378118","17057292","17057596","chr10","82822382","82822690","39","65765090"
"JH378118","17057597","17057814","chr22","40658271","40658455","54","23600674"
"JH378118","17069260","17069424","chr1","148418561","148418722","11","131349301"
"JH378118","17076019","17076323","chr1","148412016","148412318","23","131335997"
"JH378118","17084587","17084893","chr1","148402775","148403079","30","131318188"
"JH378118","17091818","17091980","chr12","5046823","5046988","31","12044995"
"JH378118","17096543","17096671","chr1","156763512","156763642","10","139666969"
"JH378118","17106483","17106787","chr8","117609496","117609797","39","100503013"
"JH378118","17109020","17109312","chr12","2954857","2955145","43","14154163"
"JH378118","17112268","17112404","chr1","148375144","148375278","9","131262876"
"JH378118","17112707","17112883","chr8","117625332","117625506","27","100512625"
"JH378118","17116634","17116940","chr1","148371068","148371370","35","131254434"
"JH378118","17121594","17121645","chr22","44157314","44157364","11","27035720"
"JH378118","17121789","17121859","chr4","12411690","12411759","11","4710099"
"JH378118","17121862","17121959","chr1","148364570","148364660","16","131242708"
"JH378118","17124921","17125103","chr2","1812944","1813130","32","15311977"
"JH378118","17125373","17125497","chr3","108301141","108301265","11","91175768"
"JH378118","17127888","17128191","chr8","70343523","70343822","40","53215635"
"JH378118","17138575","17138697","chr18","39639504","39639627","12","22500929"
"JH378118","17145506","17145802","chr6","31309933","31310228","47","14164427"
"JH378118","17148760","17149063","chr1","148334801","148335083","40","131186041"
"JH378118","17161077","17161395","chr15","47150015","47150325","56","29988938"
"JH378118","17162060","17162367","chr1","148321869","148322164","37","131159809"
"JH378118","17163914","17164179","chr1","148320096","148320358","30","131156182"
"JH378118","17164523","17164668","chr20","6877950","6878094","20","10286573"
"JH378118","17165763","17166071","chr1","148317800","148318103","39","131152037"
"JH378118","17167761","17168083","chr19","3929627","3929931","57","13238134"
"JH378118","17172170","17172343","chr3","110657270","110657449","28","93485100"
"JH378118","17175052","17175186","chr7","57419664","57419798","17","40244612"
"JH378118","17184811","17185025","chr1","148293654","148293859","22","131108843"
"JH378118","17187502","17187790","chr7","47360622","47360900","51","30173120"
"JH378118","17194279","17194572","chr1","148283527","148283819","31","131089248"
"JH378118","17207799","17208118","chr1","148266496","148266792","41","131058697"
"JH378118","17215289","17215589","chr1","148258426","148258721","23","131043137"
"JH378118","17216162","17216451","chr1","148257530","148257837","47","131041368"
"JH378118","17233549","17233856","chr1","148239535","148239837","27","131005986"
"JH378118","17239923","17240249","chr3","20674935","20675261","56","3435012"
"JH378118","17249263","17249494","chr1","148223789","148224029","21","130974526"
"JH378118","17252854","17253150","chr1","148219735","148220041","27","130966881"
"JH378118","17273357","17273648","chr13","25842683","25842968","45","8569326"
"JH378118","17290550","17290845","chr1","148183517","148183816","25","130892967"
"JH378118","17300997","17301148","chr1","148173033","148173182","18","130872036"
"JH378118","17308689","17308974","chr6","134568051","134568330","49","117259362"
"JH378118","17329023","17329333","chr1","148145307","148145615","33","130816284"
"JH378118","17329417","17329543","chr5","63499764","63499886","25","46170347"
"JH378118","17329660","17329784","chr1","173431397","173431525","17","156101737"
"JH378118","17358336","17358636","chr1","148116027","148116327","27","130757691"
"JH378118","17360930","17361146","chr10","103224032","103224246","37","85863102"
"JH378118","17369149","17369285","chrX","107012158","107012293","15","89643009"
"JH378118","17369589","17369755","chr1","118808081","118808262","32","101438492"
"JH378118","17379115","17379284","chr4","139254527","139254693","30","121875412"
"JH378118","17379308","17379402","chr7","62655794","62655891","15","45276486"
"JH378118","17392274","17392550","chr1","148081742","148082045","46","130689468"
"JH378118","17397354","17397626","chr1","148076805","148077074","25","130679451"
"JH378118","17423106","17423413","chr1","148050992","148051281","38","130627886"
"JH378118","17448447","17448747","chr1","148025497","148025788","32","130577050"
"JH378118","17457135","17457446","chr1","148014601","148014900","39","130557466"
"JH378118","17464233","17464244","chr2","148386820","148386831","0","130922587"
"JH378118","17464274","17464563","chr7","47772129","47772414","47","30307855"
"JH378118","17465141","17465435","chr4","73855787","73856085","47","56390646"
"JH378118","17475186","17475473","chr9","38303042","38303333","45","20827856"
"JH378118","17501344","17501594","chr7","46518013","46518277","46","29016669"
"JH378118","17523134","17523435","chr1","147944467","147944759","39","130421333"
"JH378118","17525142","17525445","chr1","147942415","147942725","26","130417273"
"JH378118","17540999","17541129","chr22","5298708","5298838","18","12242291"
"JH378118","17546971","17547140","chr12","112769264","112769435","28","95222293"
"JH378118","17553820","17554117","chr14","82803720","82804011","48","65249900"
"JH378118","17592390","17592702","chr15","4907376","4907685","51","12685014"
"JH378118","17738053","17738290","chr1","147721343","147721567","30","129983290"
"JH378118","17753078","17753360","chr8","9357036","9357318","43","8396042"
"JH378118","17774557","17774812","chr15","21877857","21878116","36","4103300"
"JH378118","17881651","17881966","chr5","157082303","157082618","24","139200652"
"JH378118","17993125","17993255","chr7","92219005","92219133","28","74225880"
"JH378118","18052495","18052581","chr3","26079787","26079874","18","8027292"
"JH378118","18052636","18052802","chrX","122385572","122385729","28","104332936"
"JH378118","18058703","18058997","chr1","147436083","147436371","24","129377380"
"JH378118","18180719","18181027","chr1","147311017","147311310","35","129130298"
"JH378118","18188309","18188486","chr6","151965164","151965340","33","133776855"
"JH378118","18188530","18188645","chr2","34813843","34813962","17","16625313"
"JH378118","18324240","18324267","chr12","59545907","59545933","2","41221667"
"JH378118","18324301","18324581","chr9","100486659","100486938","41","82162358"
"JH378118","18434153","18434252","chr1","147056638","147056735","11","128622485"
"JH378118","18514751","18514831","chr7","58029827","58029904","10","39515076"
"JH378118","18538685","18538815","chr17","74111996","74112121","32","55573311"
"JH378118","18538863","18539023","chr13","62160898","62161057","38","43622035"
"JH378118","18562825","18562998","chr22","15294491","15294664","22","3268334"
"JH378118","18578398","18578684","chr1","146891067","146891345","31","128312669"
"JH378118","18591741","18592027","chr13","7253515","7253796","55","11338226"
"JH378118","18627634","18627918","chr1","146841289","146841573","23","128213655"
"JH378118","18652823","18653116","chr10","7807535","7807828","46","10845288"
"JH378118","18725683","18725982","chr6","14660403","14660696","66","4065280"
"JH378118","18757642","18757945","chr1","146687967","146688268","35","127930325"
"JH378118","18807022","18807200","chr7","82055141","82055314","33","63248119"
"JH378118","18856513","18856560","chr12","104496843","104496890","4","85640330"
"JH378118","18856942","18857109","chr1","146582120","146582290","15","127725178"
"JH378118","18857160","18857283","chr15","18624594","18624719","11","232566"
"JH378118","18878758","18878854","chr3","151200308","151200395","18","132321550"
"JH378118","19019223","19019522","chr17","54377250","54377548","45","35358027"
"JH378118","19095522","19095642","chr11","28300487","28300607","19","9204965"
"JH378118","19095677","19095828","chr5","129643011","129643157","34","110547334"
"JH378118","19218667","19218968","chr1","146157967","146158267","31","126939300"
"JH378118","19243006","19243141","chrX","139350605","139350740","16","120107599"
"JH378118","19244581","19244758","chr4","105764275","105764450","33","86519694"
"JH378118","19589935","19590276","chr17","42925653","42925996","75","23335718"
"JH378118","19613806","19613954","chr4","11992784","11992936","21","7621022"
"JH378118","19657779","19658085","chr1","145656822","145657123","20","125999043"
"JH378118","19721121","19721442","chrX","47883290","47883604","57","28162169"
"JH378118","19873240","19873543","chr1","145420679","145420985","21","125547439"
"JH378118","19950629","19950915","chr10","96039486","96039780","41","76088857"
"JH378118","20050644","20050843","chr1","145250521","145250717","16","125199877"
"JH378118","20217732","20218044","chr16","55756559","55756854","43","35538827"
"JH378118","20246928","20247225","chr5","144903573","144903861","42","124656645"
"JH378118","20279509","20279798","chr16","55691648","55691916","36","35412139"
"JH378118","20348967","20349249","chr16","55634314","55634590","25","35285347"
"JH378118","20381042","20381111","chr16","55602473","55602543","7","35221431"
"JH378118","20389898","20390042","chr12","16534163","16534311","25","3855735"
"JH378118","20488649","20488936","chr16","55493444","55493716","44","35004795"
"JH378118","20490973","20491253","chr16","55491113","55491393","32","35000140"
"JH378118","20506405","20506683","chr16","55475061","55475343","30","34968656"
"JH378118","20549484","20549794","chr16","55428822","55429113","31","34879338"
"JH378118","20582197","20582416","chr10","25500788","25501001","62","4918591"
"JH378118","20628122","20628362","chr22","49055752","49055996","57","28427630"
"JH378118","20792489","20792760","chr16","55150700","55150975","23","34358211"
"JH378118","20812741","20812901","chr22","39354457","39354618","24","18541716"
"JH378118","20901375","20901495","chr7","53576728","53576845","14","32675353"
"JH378118","20901539","20901720","chr8","117625332","117625506","28","96723793"
"JH378118","20914017","20914306","chr16","55028022","55028311","24","34114005"
"JH378118","20934381","20934725","chr5","110773052","110773399","61","89838671"
"JH378118","21051206","21051494","chr16","54885028","54885322","31","33833822"
"JH378118","21062726","21063019","chr2","21136079","21136372","50","73353"
"JH378118","21067116","21067422","chr2","20540432","20540741","60","526684"
"JH378118","21170060","21170349","chr16","54759877","54760164","25","33589817"
"JH378118","21185242","21185554","chr16","54739291","54739592","42","33554049"
"JH378118","21191183","21191477","chr16","54732807","54733096","27","33541624"
"JH378118","21218768","21219056","chr16","54707452","54707740","42","33488684"
"JH378118","21227238","21227568","chr16","54696837","54697157","51","33469599"
"JH378118","21245070","21245366","chr16","54677420","54677699","36","33432350"
"JH378118","21271483","21271789","chr16","54651490","54651791","32","33380007"
"JH378118","21332695","21332994","chr16","54591783","54592075","19","33259088"
"JH378118","21398701","21398978","chr16","54526318","54526595","16","33127617"
"JH378118","21418024","21418324","chr4","38053211","38053510","51","16635187"
"JH378118","21445061","21445306","chr16","54477538","54477766","47","33032477"
"JH378118","21469766","21470064","chr16","54454724","54455041","51","32984958"
"JH378118","21471122","21471386","chr16","54453446","54453722","38","32982324"
"JH378118","21476007","21476311","chr16","54448386","54448690","11","32972379"
"JH378118","21486341","21486619","chr16","54437502","54437797","34","32951161"
"JH378118","21496852","21497170","chr13","117065283","117065594","47","95568431"
"JH378118","21501055","21501317","chr16","54422877","54423132","19","32921822"
"JH378118","21519679","21519972","chr16","54403440","54403735","32","32883761"
"JH378118","21561305","21561643","chr13","25223935","25224274","59","3662630"
"JH378118","21567941","21568232","chr16","54345428","54345722","22","32777487"
"JH378118","21592616","21592912","chr16","54325993","54326268","37","32733377"
"JH378118","21600150","21600440","chr16","54317180","54317465","26","32717030"
"JH378118","21613059","21613274","chr7","87868418","87868630","27","66255359"
"JH378118","21615697","21616002","chr6","30949549","30949848","46","9333852"
"JH378118","21632586","21632872","chr10","32591774","32592059","55","10959188"
"JH378118","21641897","21642187","chr4","13943353","13943647","45","7698544"
"JH378118","21643999","21644283","chr16","54269537","54269817","19","32625538"
"JH378118","21652640","21652930","chr1","199989561","199989857","49","178336921"
"JH378118","21663410","21663670","chr5","138759281","138759542","51","117095871"
"JH378118","21668530","21668665","chr2","43357497","43357631","15","21688967"
"JH378118","21668928","21669023","chr1","94023079","94023174","15","72354151"
"JH378118","21677014","21677310","chr16","54238870","54239169","28","32561856"
"JH378118","21677658","21677957","chr1","168931871","168932171","50","147254213"
"JH378118","21680260","21680577","chr1","137232730","137233044","52","115552470"
"JH378118","21690864","21691008","chr1","192077041","192077185","34","170386177"
"JH378118","21697246","21697504","chr16","54219474","54219741","25","32522228"
"JH378118","21700586","21700854","chr16","54215491","54215757","30","32514905"
"JH378118","21710226","21710532","chr5","42912474","42912775","39","21202248"
"JH378118","21712882","21713172","chr16","54200672","54200973","26","32487790"
"JH378118","21715692","21715775","chr16","54189854","54189931","9","32474162"
"JH378118","21734978","21735237","chr1","152292357","152292623","53","130557379"
"JH378118","21736274","21736540","chr16","54172275","54172538","26","32436001"
"JH378118","21744299","21744593","chr16","54164581","54164856","44","32420282"
"JH378118","21744643","21744784","chr16","54164100","54164242","22","32419457"
"JH378118","21763298","21763463","chr16","54145461","54145628","21","32382163"
"JH378118","21763772","21763907","chr2","72456527","72456661","16","50692755"
"JH378118","21769312","21769582","chr16","54138021","54138293","23","32368709"
"JH378118","21775423","21775734","chr2","131566064","131566373","47","109790641"
"JH378118","21781554","21781842","chr16","54125688","54125977","20","32344134"
"JH378118","21793276","21793448","chr16","54113237","54113407","20","32319961"
"JH378118","21811206","21811503","chr14","83027663","83027956","50","61216457"
"JH378118","21816205","21816489","chr3","53918958","53919241","37","32102753"
"JH378118","21830646","21830935","chr16","54075989","54076277","19","32245343"
"JH378118","21851371","21851502","chr9","39167271","39167402","10","17315900"
"JH378118","21876878","21877184","chr10","102642129","102642422","50","80765251"
"JH378118","21882231","21882544","chr16","54020948","54021261","22","32138717"
"JH378118","21890593","21890746","chr7","144873715","144873864","26","122983122"
"JH378118","21932434","21932708","chr18","19622339","19622591","40","2310095"
"JH378118","21936628","21936748","chr15","8747923","8748044","12","13188705"
"JH378118","21936773","21936948","chr8","117184908","117185080","32","95248135"
"JH378118","21954465","21954587","chr18","19643609","19643731","9","2310856"
"JH378118","22015082","22015388","chr5","117858129","117858441","56","95843047"
"JH378118","22060325","22060610","chr18","19757491","19757782","35","2302834"
"JH378118","22060699","22060888","chr18","19757871","19758059","10","2302828"
"JH378118","22060889","22061162","chr5","39696648","39696938","48","17635759"
"JH378118","22061163","22061298","chr18","19758352","19758486","11","2302811"
"JH378118","22133299","22133460","chr18","19828507","19828681","22","2304792"
"JH378118","22139016","22139305","chr2","7734683","7734973","45","14404333"
"JH378118","22180013","22180210","chr18","19884054","19884244","17","2295959"
"JH378118","22180300","22180589","chr12","27115321","27115615","53","4935021"
"JH378118","22276714","22276972","chr18","19985774","19986008","37","2290940"
"JH378118","22287016","22287325","chr5","157082303","157082618","14","134795287"
"JH378118","22289619","22289798","chr14","62973253","62973439","51","40683634"
"JH378118","22295147","22295291","chr18","20004133","20004278","14","2291014"
"JH378118","22308437","22308744","chr15","8930431","8930738","58","13378006"
"JH378118","22342152","22342166","chr1","121368859","121368874","3","99026707"
"JH378118","22342456","22342586","chr15","54610780","54610916","28","32268324"
"JH378118","22412081","22412265","chr18","20124460","20124640","20","2287621"
"JH378118","22412304","22412423","chr18","20124679","20124798","10","2287625"
"JH378118","22473576","22473668","chrX","37423300","37423391","18","14949724"
"JH378118","22474306","22474633","chr4","40762306","40762640","61","18288000"
"JH378118","22713425","22713713","chr14","61276984","61277270","46","38563559"
"JH378118","22746882","22747143","chr18","20468941","20469202","7","2277941"
"JH378118","22759668","22759867","chr18","20481316","20481518","19","2278352"
"JH378118","22769860","22770157","chr2","49466017","49466311","52","26696157"
"JH378118","22831863","22832066","chr18","20556905","20557108","17","2274958"
"JH378118","22844225","22844521","chr8","86840497","86840790","45","63996272"
"JH378118","22912219","22912510","chr18","20646484","20646783","21","2265735"
"JH378118","22958152","22958408","chr7","32370638","32370909","51","9412486"
"JH378118","22981107","22981392","chr18","20721275","20721564","35","2259832"
"JH378118","23001082","23001199","chr16","18984904","18985021","10","4016178"
"JH378118","23178727","23178861","chr2","61832994","61833130","10","38654267"
"JH378118","23179166","23179331","chr2","61833419","61833571","24","38654253"
"JH378118","23236746","23237035","chr22","1204662","1204943","57","22032084"
"JH378118","23266276","23266533","chr18","21011696","21011958","21","2254580"
"JH378118","23266535","23266667","chr18","21011960","21012093","13","2254575"
"JH378118","23266696","23266959","chr18","21012124","21012387","17","2254572"
"JH378118","23277501","23277612","chr19","6616967","6617074","18","16660534"
"JH378118","23294784","23295079","chr18","21041128","21041419","29","2253656"
"JH378118","23299862","23300008","chr11","65227444","65227592","23","41927582"
"JH378118","23300323","23300465","chr19","36570496","36570638","21","13270173"
"JH378118","23309877","23310173","chr20","21671235","21671532","45","1638642"
"JH378118","23322242","23322550","chr5","32889563","32889863","62","9567321"
"JH378118","23334985","23335158","chr22","10181407","10181573","21","13153578"
"JH378118","23335181","23335246","chr22","12416152","12416218","12","10919029"
"JH378118","23349182","23349445","chr18","21109600","21109884","45","2239582"
"JH378118","23417289","23417460","chr18","21178548","21178703","18","2238741"
"JH378118","23467621","23467887","chr5","64620823","64621096","48","41153202"
"JH378118","23496741","23497040","chr18","21251758","21252057","28","2244983"
"JH378118","23500003","23500068","chr5","134637286","134637355","8","111137283"
"JH378118","23523788","23524069","chr18","21279997","21280282","29","2243791"
"JH378118","23546777","23547070","chr18","21303812","21304106","18","2242965"
"JH378118","23594930","23595080","chr18","21351043","21351186","17","2243887"
"JH378118","23680903","23681218","chr13","12213281","12213595","52","11467622"
"JH378118","23685381","23685675","chr22","34236631","34236904","57","10551250"
"JH378118","23695108","23695361","chr18","21455172","21455401","45","2239936"
"JH378118","23699929","23700228","chr5","38753679","38753979","44","15053750"
"JH378118","23717192","23717496","chr18","21484061","21484364","28","2233131"
"JH378118","23742283","23742592","chr18","21506556","21506856","30","2235727"
"JH378118","23877019","23877328","chr1","140166747","140167052","57","116289728"
"JH378118","23885535","23885848","chr5","65010274","65010583","53","41124739"
"JH378118","23911846","23912150","chr18","21684011","21684304","26","2227835"
"JH378118","23955950","23956264","chr18","21725250","21725548","42","2230700"
"JH378118","23979277","23979559","chr18","21755821","21756106","26","2223456"
"JH378118","24008526","24008793","chr9","102794992","102795257","40","78786466"
"JH378118","24021193","24021495","chr4","151964467","151964766","47","127943274"
"JH378118","24068902","24068985","chr18","21852579","21852662","10","2216323"
"JH378118","24076465","24076673","chr7","90244251","90244459","45","66167786"
"JH378118","24117572","24117763","chr7","4400117","4400306","28","19717455"
"JH378118","24132113","24132395","chr5","821553","821840","43","23310560"
"JH378118","24157428","24157491","chr18","21955770","21955833","3","2201658"
"JH378118","24162414","24162604","chr3","170744217","170744406","31","146581803"
"JH378118","24196286","24196603","chr18","22004636","22004954","40","2191650"
"JH378118","24238465","24238763","chr18","22047647","22047942","27","2190818"
"JH378118","24248823","24249124","chr18","22057892","22058193","14","2190931"
"JH378118","24268173","24268447","chr18","22078850","22079134","34","2189323"
"JH378118","24305085","24305416","chr18","10906825","10907136","62","13398260"
"JH378118","24315285","24315583","chr18","22125345","22125653","30","2189940"
"JH378118","24328391","24328689","chr18","22137929","22138232","22","2190462"
"JH378118","24331959","24332271","chr1","192064155","192064466","51","167732196"
"JH378118","24355030","24355369","chr18","22163772","22164061","73","2191258"
"JH378118","24375519","24375805","chr18","22183236","22183517","28","2192283"
"JH378118","24384543","24384852","chr2","32420217","32420526","57","8035674"
"JH378118","24437792","24437918","chr18","22247809","22247935","8","2189983"
"JH378118","24437962","24438127","chr18","22247978","22248141","19","2189984"
"JH378118","24441493","24441639","chr6","18659437","18659575","25","5782056"
"JH378118","24441689","24441858","chr1","61060975","61061143","20","36619286"
"JH378118","24446607","24446914","chr18","22256553","22256835","46","2190054"
"JH378118","24502339","24502627","chr18","22311087","22311375","22","2191252"
"JH378118","24509874","24510168","chr18","22328742","22329036","15","2181132"
"JH378118","24549367","24549503","chr18","22369240","22369375","8","2180127"
"JH378118","24577934","24578245","chr4","155528137","155528448","40","130950203"
"JH378118","24585909","24586195","chr18","22427319","22427605","26","2158590"
"JH378118","24605780","24606076","chr18","22447094","22447400","35","2158686"
"JH378118","24614839","24615126","chr18","22455850","22456140","30","2158989"
"JH378118","24625471","24625648","chrUn_GL286658","10366","10534","25","24615105"
"JH378118","24638145","24638439","chr18","22480439","22480732","23","2157706"
"JH378118","24640824","24641120","chr18","22483068","22483364","40","2157756"
"JH378118","24650452","24650565","chr22","20035396","20035509","6","4615056"
"JH378118","24654292","24654591","chr22","1959540","1959843","56","22694752"
"JH378118","24700585","24700875","chr18","22541231","22541515","26","2159354"
"JH378118","24708191","24708509","chr18","22548781","22549100","17","2159410"
"JH378118","24724488","24724767","chr2","8421121","8421402","55","16303367"
"JH378118","24726450","24726762","chr12","90640982","90641292","55","65914532"
"JH378118","24752954","24753094","chr10","127832941","127833074","32","103079987"
"JH378118","24754732","24755064","chr18","22596532","22596842","41","2158200"
"JH378118","24757273","24757558","chr18","22599040","22599320","29","2158233"
"JH378118","24762620","24762763","chr4","169126208","169126352","20","144363588"
"JH378118","24777109","24777434","chr9","42235717","42236024","58","17458608"
"JH378118","24792288","24792494","chr18","22644350","22644542","32","2147938"
"JH378118","24825757","24825933","chrUn_GL286241","57492","57661","19","24768265"
"JH378118","24868451","24868743","chr18","22723681","22723994","38","2144770"
"JH378118","24868774","24868794","chr14","102731166","102731185","4","77862392"
"JH378118","24882942","24883221","chr7","57608086","57608363","44","32725144"
"JH378118","24883247","24883265","chr1","118717949","118717967","0","93834702"
"JH378118","24890509","24890624","chr1","156806832","156806946","16","131916323"
"JH378118","24909227","24909527","chr18","22763859","22764148","30","2145368"
"JH378118","24914853","24915164","chr4","155528137","155528448","35","130613284"
"JH378118","24932563","24932887","chr14","36624788","36625100","65","11692225"
"JH378118","24949931","24950049","chr9","65376590","65376706","19","40426659"
"JH378118","24950348","24950547","chrX","46360820","46361023","38","21410472"
"JH378118","24971092","24971402","chr4","155528137","155528448","42","130557045"
"JH378118","25010034","25010238","chr18","22865847","22866046","16","2144187"
"JH378118","25010307","25010609","chr18","22866115","22866409","30","2144192"
"JH378118","25011769","25012079","chr18","22867577","22867877","40","2144192"
"JH378118","25018006","25018299","chr18","22873482","22873774","27","2144524"
"JH378118","25019224","25019534","chr18","22875014","22875320","31","2144210"
"JH378118","25020365","25020664","chr18","22876158","22876468","37","2144207"
"JH378118","25039256","25039563","chr18","22898871","22899178","21","2140385"
"JH378118","25049341","25049477","chr9","112815113","112815245","29","87765772"
"JH378118","25078461","25078745","chr18","22938980","22939261","25","2139481"
"JH378118","25092684","25092977","chr5","24038738","24039032","43","1053946"
"JH378118","25099587","25099873","chr18","22959332","22959628","28","2140255"
"JH378118","25100223","25100508","chr18","22959978","22960256","21","2140245"
"JH378118","25130079","25130362","chr18","22989900","22990160","37","2140179"
"JH378118","25156688","25156962","chr18","23015421","23015694","17","2141267"
"JH378118","25160547","25160840","chr18","23018972","23019270","19","2141575"
"JH378118","25179180","25179481","chr18","23031832","23032131","29","2147348"
"JH378118","25188270","25188395","chr16","882792","882918","14","24305478"
"JH378118","25198911","25199048","chr1","202981060","202981197","21","177782149"
"JH378118","25199356","25199527","chr18","23048209","23048378","26","2151147"
"JH378118","25212059","25212359","chr18","23059915","23060221","28","2152144"
"JH378118","25214144","25214426","chr18","23061645","23061919","28","2152499"
"JH378118","25215781","25216107","chr18","23063275","23063583","44","2152506"
"JH378118","25227961","25228262","chr1","180777180","180777476","45","155549219"
"JH378118","25229841","25230141","chr12","69161921","69162221","41","43932080"
"JH378118","25231183","25231522","chr18","23073946","23074246","57","2157237"
"JH378118","25251193","25251488","chr1","191799353","191799646","44","166548160"
"JH378118","25254960","25255260","chr18","23096730","23097033","31","2158230"
"JH378118","25282433","25282592","chr20","310671","310830","30","24971762"
"JH378118","25282886","25283020","chr5","143546408","143546543","16","118263522"
"JH378118","25290517","25290798","chr18","23156122","23156401","21","2134395"
"JH378118","25293152","25293447","chr14","71508687","71508984","44","46215535"
"JH378118","25306425","25306733","chr18","23178795","23179063","65","2127630"
"JH378118","25313992","25314275","chr18","23186746","23187037","41","2127246"
"JH378118","25337053","25337269","chr6","143776511","143776727","41","118439458"
"JH378118","25340669","25340918","chr3","111211877","111212133","50","85871208"
"JH378118","25385941","25386230","chr1","66333800","66334083","51","40947859"
"JH378118","25416144","25416391","chr18","23297532","23297785","19","2118612"
"JH378118","25417430","25417727","chr18","23298818","23299096","31","2118612"
"JH378118","25452658","25452972","chr8","107237047","107237353","51","81784389"
"JH378118","25470835","25470916","chr7","46462532","46462612","14","20991697"
"JH378118","25531455","25531752","chr18","23411794","23412085","37","2119661"
"JH378118","25549304","25549603","chr18","23429928","23430225","28","2119376"
"JH378118","25557351","25557501","chr10","17413160","17413310","23","8144191"
"JH378118","25563442","25563680","chr18","23444395","23444623","34","2119047"
"JH378118","25582513","25582821","chr18","23466435","23466746","38","2116078"
"JH378118","25598449","25598766","chr18","23489428","23489720","39","2109021"
"JH378118","25669167","25669291","chr10","54758463","54758586","17","29089296"
"JH378118","25671004","25671281","chr18","23585591","23585889","43","2085413"
"JH378118","25675742","25676022","chr18","23591065","23591356","24","2084677"
"JH378118","25698288","25698585","chr18","23626847","23627132","29","2071441"
"JH378118","25707389","25707581","chr7","144683417","144683608","36","118976028"
"JH378118","25715131","25715298","chr8","10984829","10984993","28","14730302"
"JH378118","25715306","25715618","chr3","1498026","1498329","38","24217280"
"JH378118","25715619","25715754","chr2","11165028","11165163","18","14550591"
"JH378118","25728390","25728605","chr13","83481061","83481266","51","57752671"
"JH378118","25743513","25743723","chr22","36820981","36821188","42","11077468"
"JH378118","25744023","25744111","chr1","187980072","187980159","8","162236049"
"JH378118","25763397","25763445","chr7","62814667","62814714","4","37051270"
"JH378118","25776439","25776749","chr18","23709778","23710084","22","2066661"
"JH378118","25783939","25784227","chr18","23717564","23717848","34","2066375"
"JH378118","25784443","25784742","chr5","140398124","140398424","39","114613681"
"JH378118","25786645","25786911","chr18","23720209","23720482","30","2066436"
"JH378118","25801386","25801688","chr13","6994508","6994804","50","18806878"
"JH378118","25843176","25843460","chr18","23778562","23778860","35","2064614"
"JH378118","25848677","25848828","chr10","96050671","96050820","24","70201994"
"JH378118","25851770","25851898","chr1","190035109","190035234","20","164183339"
"JH378118","25868874","25869188","chr15","71780391","71780692","53","45911517"
"JH378118","25887274","25887562","chr18","23828011","23828301","25","2059263"
"JH378118","25922300","25922600","chr18","23866021","23866321","18","2056279"
"JH378118","25933133","25933293","chr18","23877684","23877834","17","2055449"
"JH378118","25933316","25933420","chr7","62766266","62766369","32","36832950"
"JH378118","26013051","26013155","chr17","1389165","1389270","5","24623886"
"JH378118","26019444","26019552","chr18","23976919","23977027","6","2042525"
"JH378118","26037486","26037629","chr16","85143272","85143414","30","59105786"
"JH378118","26037837","26038058","chr2","139716936","139717147","75","113679099"
"JH378118","26098404","26098537","chrX","17191565","17191700","16","8906839"
"JH378118","26098845","26098990","chr6","16648953","16649094","33","9449892"
"JH378118","26177536","26177646","chr18","24141466","24141579","11","2036070"
"JH378118","26201657","26201954","chr18","24172919","24173217","27","2028738"
"JH378118","26209216","26209363","chr6","144141644","144141786","28","117932428"
"JH378118","26280930","26281044","chr5","140152795","140152906","18","113871865"
"JH378118","26281078","26281245","chr2","14665991","14666153","19","11615087"
"JH378118","26504106","26504407","chr18","24494990","24495290","25","2009116"
"JH378118","26508497","26508800","chr18","24498757","24499044","37","2009740"
"JH378118","26545794","26546089","chr18","24544505","24544802","25","2001289"
"JH378118","26569029","26569318","chr3","5913393","5913684","37","20655636"
"JH378118","26712585","26712745","chrUn_GL287885","875","1040","16","26711710"
"JH378118","26739302","26739615","chr4","122413430","122413737","44","95674128"
"JH378118","26752485","26752776","chr18","24783248","24783559","42","1969237"
"JH378118","26789495","26789820","chr18","24822463","24822766","48","1967032"
"JH378118","26814440","26814738","chr9","32209411","32209703","41","5394971"
"JH378118","26824925","26825205","chr22","47662505","47662775","48","20837580"
"JH378118","26831695","26831792","chr18","24871665","24871758","16","1960030"
"JH378118","26841264","26841557","chr12","20539936","20540241","58","6301328"
"JH378118","26848082","26848377","chr18","24889685","24889975","14","1958397"
"JH378118","26856796","26857042","chr18","24895695","24895963","36","1961101"
"JH378118","26895713","26896018","chr5","38729092","38729395","50","11833379"
"JH378118","26898533","26898794","chr18","24941281","24941539","25","1957252"
"JH378118","26903579","26903708","chr5","8648310","8648434","17","18255269"
"JH378118","26903732","26903895","chr13","109299211","109299373","22","82395479"
"JH378118","26905233","26905527","chr18","24948777","24949059","34","1956456"
"JH378118","26949351","26949685","chr5","31946836","31947168","60","4997485"
"JH378118","26951853","26952113","chr18","24996477","24996735","22","1955376"
"JH378118","26972041","26972345","chr18","25015820","25016113","30","1956221"
"JH378118","26974771","26974900","chr10","87090051","87090179","21","60115280"
"JH378118","26975210","26975380","chr2","37860136","37860301","34","10884926"
"JH378118","26986635","26986922","chr18","25033057","25033346","21","1953578"
"JH378118","27000345","27000645","chr6","49783109","49783413","49","22782764"
"JH378118","27007979","27008271","chr18","25054882","25055169","26","1953097"
"JH378118","27032766","27033057","chr18","25078828","25079127","29","1953938"
"JH378118","27036026","27036184","chrUn_GL286373","1912763","1912923","42","25123263"
"JH378118","27073547","27073851","chr1","183092864","183093160","41","156019317"
"JH378118","27083392","27083695","chr18","25128246","25128548","23","1955146"
"JH378118","27100820","27100953","chr3","188358174","188358303","15","161257354"
"JH378118","27101260","27101415","chr22","18079308","18079465","24","9021952"
"JH378118","27112087","27112379","chr18","25158176","25158472","26","1953911"
"JH378118","27118590","27118867","chr18","25164750","25165032","24","1953840"
"JH378118","27124002","27124135","chr13","45089632","45089766","17","17965630"
"JH378118","27124730","27124905","chr16","27273252","27273424","40","148522"
"JH378118","27125333","27125627","chr5","18492277","18492560","35","8633056"
"JH378118","27127546","27127840","chr1","156720249","156720542","37","129592703"
"JH378118","27143713","27144012","chr10","113970200","113970498","86","86826487"
"JH378118","27144861","27145166","chr6","118952747","118953051","33","91807886"
"JH378118","27173002","27173291","chr19","10393268","10393563","42","16779734"
"JH378118","27177677","27177956","chr5","88923436","88923715","37","61745759"
"JH378118","27183873","27184179","chr22","47652805","47653109","58","20468932"
"JH378118","27189642","27189868","chr6","18349570","18349794","27","8840072"
"JH378118","27190220","27190530","chr5","60671568","60671876","44","33481348"
"JH378118","27203512","27203642","chr5","109710910","109711039","9","82507398"
"JH378118","27206525","27206751","chr15","63671567","63671794","37","36465042"
"JH378118","27207304","27207597","chr18","26213839","26214128","38","993465"
"JH378118","27234272","27234566","chr18","26279599","26279897","24","954673"
"JH378118","27239772","27239904","chrX","40005041","40005171","8","12765269"
"JH378118","27251055","27251288","chrUn_GL286368","11329","11563","37","27239726"
"JH378118","27252555","27252813","chr18","26301095","26301350","15","951460"
"JH378118","27260809","27261088","chr18","26310768","26311065","40","950041"
"JH378118","27282388","27282663","chr18","26332319","26332589","32","950069"
"JH378118","27285791","27286090","chr18","26335880","26336157","41","949911"
"JH378118","27310911","27311028","chr18","26367559","26367676","8","943352"
"JH378118","27313308","27313610","chr18","26370398","26370695","22","942910"
"JH378118","27319085","27319377","chr18","26375966","26376252","23","943119"
"JH378118","27366636","27366942","chr7","87007315","87007626","37","59640679"
"JH378118","27383566","27383889","chr18","26430885","26431198","23","952681"
"JH378118","27385477","27385760","chr7","12555756","12556042","48","14829721"
"JH378118","27388978","27389279","chr18","26436499","26436798","40","952479"
"JH378118","27401972","27402268","chr2","150555729","150556021","40","123153757"
"JH378118","27418879","27419152","chr18","26471062","26471340","24","947817"
"JH378118","27433056","27433301","chr18","26489896","26490141","14","943160"
"JH378118","27433923","27434204","chr18","26490760","26491061","37","943163"
"JH378118","27453572","27453867","chr18","26509605","26509899","18","943967"
"JH378118","27472078","27472344","chr11","82467723","82467996","51","54995645"
"JH378118","27489381","27489578","chr18","26542240","26542444","23","947141"
"JH378118","27550262","27550442","chr3","151786053","151786249","37","124235791"
"JH378118","27553212","27553298","chrX","96232187","96232267","12","68678975"
"JH378118","27560276","27560530","chr16","4388717","4388971","40","23171559"
"JH378118","27567477","27567776","chr18","26621110","26621406","18","946367"
"JH378118","27576288","27576511","chr18","26629953","26630176","13","946335"
"JH378118","27577134","27577198","chr18","26630805","26630869","3","946329"
"JH378118","27581473","27581776","chr7","40815626","40815929","39","13234153"
"JH378118","27588448","27588678","chr11","72289048","72289284","49","44700600"
"JH378118","27590529","27590809","chr6","6137975","6138253","50","21452554"
"JH378118","27595024","27595294","chr18","26649791","26650083","38","945233"
"JH378118","27596170","27596433","chr18","26650918","26651212","42","945252"
"JH378118","27599256","27599419","chr18","26654692","26654850","12","944564"
"JH378118","27646466","27646765","chr18","26706645","26706952","27","939821"
"JH378118","27673075","27673366","chr18","26735426","26735714","20","937649"
"JH378118","27673913","27674217","chr18","26735958","26736251","28","937955"
"JH378118","27693359","27693636","chr5","99626199","99626471","52","71932840"
"JH378118","27715414","27715713","chr18","26780638","26780929","26","934776"
"JH378118","27770340","27770469","chr12","55510353","55510483","14","27740013"
"JH378118","27771848","27772148","chr18","26833965","26834273","29","937883"
"JH378118","27782219","27782522","chr18","26843510","26843810","19","938709"
"JH378118","27805242","27805541","chr18","26866493","26866779","43","938749"
"JH378118","27812662","27812970","chr2","131566064","131566373","48","103753402"
"JH378118","27821961","27822255","chr18","26879976","26880266","32","941985"
"JH378118","27841810","27842106","chr18","26900768","26901062","14","941042"
"JH378118","27844303","27844583","chr3","5913393","5913684","44","21930910"
"JH378118","27859374","27859684","chr5","79478782","79479093","39","51619408"
"JH378118","27887913","27888224","chr18","26952108","26952404","32","935805"
"JH378118","27904468","27904572","chr18","26969068","26969173","11","935400"
"JH378118","27945826","27946129","chr18","27017849","27018157","30","927977"
"JH378118","27951715","27952012","chr11","111064605","111064902","37","83112890"
"JH378118","27976443","27976747","chr17","74147362","74147666","56","46170919"
"JH378118","27984734","27984870","chr5","14351194","14351325","23","13633540"
"JH378118","28008574","28008861","chr18","27086722","27087026","31","921852"
"JH378118","28061797","28062071","chr18","27139897","27140168","24","921900"
"JH378118","28067897","28068190","chr18","27143763","27144057","20","924134"
"JH378118","28079910","28080211","chr18","27153463","27153765","25","926447"
"JH378118","28089753","28089986","chr1","36648435","36648659","49","8558682"
"JH378118","28090027","28090115","chr11","111638285","111638371","18","83548258"
"JH378118","28101410","28101669","chr18","27176748","27177007","16","924662"
"JH378118","28104641","28104750","chr18","9979259","9979368","14","18125382"
"JH378118","28129096","28129399","chr18","27205306","27205602","22","923790"
"JH378118","28139212","28139504","chrX","17119564","17119856","34","11019648"
"JH378118","28142124","28142410","chr18","27218634","27218944","38","923490"
"JH378118","28143625","28143910","chr18","27221351","27221641","37","922274"
"JH378118","28198410","28198692","chr1","90049578","90049860","45","61851168"
"JH378118","28202498","28202786","chr18","27279881","27280184","37","922617"
"JH378118","28217953","28218244","chr18","27294631","27294923","22","923322"
"JH378118","28230795","28231055","chr22","42156410","42156688","53","13925615"
"JH378118","28240111","28240413","chr18","27315964","27316258","26","924147"
"JH378118","28253015","28253142","chr10","34200225","34200349","7","5947210"
"JH378118","28268802","28269107","chr18","27346014","27346308","21","922788"
"JH378118","28294640","28294933","chr18","27371931","27372225","29","922709"
"JH378118","28305121","28305384","chr18","27383375","27383638","17","921746"
"JH378118","28319873","28320125","chr2","171178045","171178303","39","142858172"
"JH378118","28323557","28323861","chr18","27409586","27409878","46","913971"
"JH378118","28344604","28344879","chr18","27424248","27424520","21","920356"
"JH378118","28345653","28345897","chr18","27425330","27425559","29","920323"
"JH378118","28442886","28443015","chr11","111178938","111179066","20","82736052"
"JH378118","28443341","28443496","chr10","35320845","35321005","25","6877504"
"JH378118","28445129","28445233","chr18","27525012","27525116","9","920117"
"JH378118","28513332","28513505","chr5","99368531","99368694","36","70855199"
"JH378118","28516871","28517164","chr18","27623242","27623531","31","893629"
"JH378118","28517539","28517881","chr2","9629493","9629830","81","18888046"
"JH378118","28526832","28527135","chr18","27632493","27632797","18","894339"
"JH378118","28531169","28531468","chr18","27639307","27639602","27","891862"
"JH378118","28552414","28552702","chr5","97181134","97181423","44","68628720"
"JH378118","28555764","28555923","chr14","64871223","64871383","28","36315459"
"JH378118","28574088","28574390","chr18","27678938","27679254","34","895150"
"JH378118","28576108","28576411","chr18","27680936","27681244","30","895172"
"JH378118","28580726","28580855","chr3","110945738","110945868","11","82365012"
"JH378118","28582039","28582147","chr18","27686872","27686980","6","895167"
"JH378118","28586899","28587107","chr1","181422524","181422717","35","152835625"
"JH378118","28606389","28606590","chr18","27708393","27708597","18","897996"
"JH378118","28607809","28608120","chr18","27709841","27710136","42","897968"
"JH378118","28618777","28618908","chr18","27719591","27719721","5","899186"
"JH378118","28630430","28630558","chr18","27731098","27731224","9","899332"
"JH378118","28630868","28631027","chr18","27731534","27731690","16","899334"
"JH378118","28644480","28644698","chr6","143776511","143776727","39","115132031"
"JH378118","28645524","28645607","chr13","7869087","7869170","18","20776437"
"JH378118","28673232","28673537","chr18","27779952","27780249","21","893280"
"JH378118","28675417","28675555","chr18","27783805","27783943","9","891612"
"JH378118","28680330","28680616","chr7","79789943","79790228","61","51109613"
"JH378118","28704855","28704987","chr18","27817306","27817428","18","887549"
"JH378118","28705279","28705419","chr2","62742809","62742951","33","34037530"
"JH378118","28719144","28719230","chr3","166675520","166675607","15","137956376"
"JH378118","28719233","28719331","chr7","62655794","62655891","18","33936561"
"JH378118","28720405","28720690","chr7","43837732","43838021","42","15117327"
"JH378118","28729129","28729240","chr9","42026580","42026691","19","13297451"
"JH378118","28735642","28735923","chr18","27844427","27844711","27","891215"
"JH378118","28736777","28737075","chr18","27845204","27845497","24","891573"
"JH378118","28738744","28739022","chr9","18751672","18751953","43","9987072"
"JH378118","28739045","28739075","chr10","90534448","90534475","6","61795403"
"JH378118","28744369","28744668","chr18","27852503","27852782","33","891866"
"JH378118","28756425","28756734","chr18","27873474","27873781","29","882951"
"JH378118","28772029","28772275","chr5","99195036","99195280","34","70423007"
"JH378118","28773419","28773704","chr11","11430335","11430617","53","17343084"
"JH378118","28790402","28790514","chr19","16384460","16384575","16","12405942"
"JH378118","28791369","28791647","chrX","107565678","107565955","42","78774309"
"JH378118","28796345","28796638","chr18","27916596","27916880","32","879749"
"JH378118","28804177","28804192","chr1","168880469","168880484","2","140076292"
"JH378118","28804223","28804479","chrX","12005313","12005576","62","16798910"
"JH378118","28812303","28812550","chr7","76223097","76223335","52","47410794"
"JH378118","28812654","28812947","chr18","27930634","27930915","24","882020"
"JH378118","28814524","28814727","chr18","27932490","27932681","22","882034"
"JH378118","28814972","28815108","chr18","27933252","27933385","11","881720"
"JH378118","28833722","28833966","chr18","27950520","27950763","18","883202"
"JH378118","28834288","28834449","chr22","39354457","39354618","22","10520169"
"JH378118","28834744","28834887","chr9","103821224","103821368","19","74986480"
"JH378118","28843364","28843548","chr13","41164283","41164466","30","12320919"
"JH378118","28863177","28863469","chr18","27976561","27976853","17","886616"
"JH378118","28863639","28863936","chr18","27977025","27977319","14","886614"
"JH378118","28870568","28870862","chr18","27984510","27984797","32","886058"
"JH378118","28874260","28874354","chr10","17999327","17999410","32","10874933"
"JH378118","28876720","28877010","chr18","27990617","27990897","26","886103"
"JH378118","28901052","28901187","chr12","72921409","72921542","19","44020357"
"JH378118","28917810","28918067","chr18","28031453","28031710","20","886357"
"JH378118","28918069","28918239","chr1","185367947","185368110","30","156449878"
"JH378118","28919963","28920252","chr6","155653156","155653437","49","126733193"
"JH378118","28930468","28930705","chr1","197052109","197052341","41","168121641"
"JH378118","28946185","28946313","chr5","83347910","83348035","13","54401725"
"JH378118","28946349","28946520","chr7","47346729","47346898","27","18400380"
"JH378118","28957083","28957377","chr18","28076677","28076958","41","880406"
"JH378118","28964799","28965091","chr2","35542575","35542870","51","6577776"
"JH378118","29009787","29009872","chr10","118940499","118940586","14","89930712"
"JH378118","29020059","29020188","chr11","72862179","72862308","13","43842120"
"JH378118","29033577","29033915","chrUn_GL286236","2207","2539","59","29031370"
"JH378118","29054528","29054667","chr18","28168842","28168984","13","885686"
"JH378118","29062315","29062449","chr4","11020593","11020730","21","18041722"
"JH378118","29062740","29062933","chr7","117615988","117616180","42","88553248"
"JH378118","29089151","29089431","chr4","32128633","32128918","47","3039482"
"JH378118","29090154","29090459","chr18","28204680","28204989","40","885474"
"JH378118","29092496","29092786","chr1","10158822","10159116","52","18933674"
"JH378118","29094585","29094872","chr18","28208932","28209208","29","885653"
"JH378118","29097431","29097723","chr13","11494166","11494448","61","17603265"
"JH378118","29108524","29108846","chr18","28235181","28235466","53","873343"
"JH378118","29118347","29118477","chrX","3127715","3127848","9","25990632"
"JH378118","29145030","29145313","chr18","28273387","28273690","47","871643"
"JH378118","29150580","29150764","chr5","88964950","88965127","50","59814370"
"JH378118","29150793","29150890","chrUn_GL288356","3717","3819","23","29147076"
"JH378118","29153782","29153949","chr18","28282143","28282321","25","871639"
"JH378118","29154260","29154405","chr18","28282616","28282761","13","871644"
"JH378118","29154821","29155085","chr18","28283176","28283446","29","871645"
"JH378118","29185073","29185376","chr18","28314749","28315036","35","870324"
"JH378118","29186146","29186460","chr18","28315819","28316128","16","870327"
"JH378118","29200360","29200656","chr18","28331000","28331298","18","869360"
"JH378118","29206657","29206954","chr2","131465773","131466064","63","102259116"
"JH378118","29212828","29213100","chr8","93829775","93830050","52","64616947"
"JH378118","29216074","29216387","chrX","62192539","62192848","54","32976465"
"JH378118","29223060","29223383","chr18","28356914","28357218","51","866146"
"JH378118","29241472","29241595","chr4","45092423","45092544","12","15850951"
"JH378118","29270872","29271149","chr18","20051831","20052108","50","9219041"
"JH378118","29310519","29310653","chr22","43096441","43096574","14","13785922"
"JH378118","29310961","29311107","chr18","28443499","28443643","13","867462"
"JH378118","29321724","29322009","chr18","28456421","28456724","38","865303"
"JH378118","29327753","29328070","chr18","28465845","28466165","29","861908"
"JH378118","29334145","29334453","chr2","12415438","12415745","45","16918707"
"JH378118","29335164","29335463","chr18","28474334","28474625","31","860830"
"JH378118","29447535","29447680","chr12","16534163","16534311","24","12913372"
"JH378118","29458699","29458952","chr1","14885766","14886012","43","14572933"
"JH378118","29477599","29477910","chr5","4379233","4379531","58","25098366"
"JH378118","29487081","29487394","chr18","28640581","28640887","23","846500"
"JH378118","29545131","29545434","chr18","28699377","28699680","21","845754"
"JH378118","29596230","29596559","chr7","33017346","33017668","64","3421116"
"JH378118","29601410","29601551","chr1","76044877","76045017","28","46443467"
"JH378118","29643818","29644099","chr18","28805501","28805785","23","838317"
"JH378118","29645827","29646107","chr18","28812528","28812799","31","833299"
"JH378118","29658312","29658451","chr4","105410959","105411104","31","75752647"
"JH378118","29658751","29658893","chr18","28825204","28825339","13","833547"
"JH378118","29687478","29687742","chr8","74293850","74294121","52","44606372"
"JH378118","29699119","29699428","chr2","137752516","137752824","46","108053397"
"JH378118","29701843","29702155","chr18","28869728","28870032","26","832115"
"JH378118","29715957","29716246","chr12","26664347","26664631","42","3051610"
"JH378118","29737164","29737433","chr18","28904580","28904849","14","832584"
"JH378118","29796087","29796396","chr18","28964767","28965078","21","831320"
"JH378118","29849882","29850019","chr18","29013091","29013228","8","836791"
"JH378118","29871424","29871761","chr18","29034820","29035144","37","836604"
"JH378118","29907273","29907385","chr18","29069742","29069851","12","837531"
"JH378118","30289042","30289231","chr18","29469450","29469640","16","819592"
"JH378118","30348939","30349029","chr1","184457797","184457892","14","154108858"
"JH378118","30351988","30352280","chr20","28577836","28578134","45","1774152"
"JH378118","30427660","30427957","chr18","29622384","29622683","21","805276"
"JH378118","30613895","30614033","chr4","14856418","14856559","19","15757477"
"JH378118","30617744","30617861","chr2","86197357","86197473","11","55579613"
"JH378118","30627057","30627164","chr14","63254682","63254789","12","32627625"
"JH378118","30638355","30638511","chr18","29844795","29844942","19","793560"
"JH378118","30676919","30677214","chr18","29883677","29883960","27","793242"
"JH378118","30697807","30698108","chr18","29903553","29903847","23","794254"
"JH378118","30723340","30723634","chr7","145033446","145033725","56","114310106"
"JH378118","30754500","30754775","chr4","20767110","20767390","47","9987390"
"JH378118","30809621","30809769","chr18","30017081","30017229","13","792540"
"JH378118","30812380","30812481","chr11","16210561","16210662","11","14601819"
"JH378118","30836661","30836932","chr18","30044694","30044965","15","791967"
"JH378118","31003088","31003385","chr18","30235074","30235346","42","768014"
"JH378118","31028734","31028855","chr5","96055326","96055448","14","65026592"
"JH378118","31038388","31038572","chr18","30278622","30278807","15","759766"
"JH378118","31193702","31193965","chr10","115441442","115441709","50","84247740"
"JH378118","31358807","31359022","chr1","122037477","122037683","36","90678670"
"JH378118","31444993","31445276","chr18","30699775","30700056","20","745218"
"JH378118","31530720","31531001","chr18","30791833","30792120","28","738887"
"JH378118","31532264","31532440","chr18","30793039","30793215","16","739225"
"JH378118","31532442","31532548","chr18","30793217","30793320","11","739225"
"JH378118","31532549","31532833","chr1","182326018","182326301","28","150793469"
"JH378118","31532871","31532972","chr18","30793319","30793420","11","739552"
"JH378118","31538293","31538586","chr18","30798465","30798757","22","739828"
"JH378118","31543437","31543576","chr5","76381457","76381594","20","44838020"
"JH378118","31545683","31545967","chr18","30807387","30807692","38","738296"
"JH378118","31565023","31565142","chr1","194186587","194186710","9","162621564"
"JH378118","31584803","31585102","chr1","209215593","209215878","52","177630790"
"JH378118","31592448","31592732","chr18","30853087","30853379","29","739361"
"JH378118","31621218","31621353","chr7","77146135","77146268","11","45524917"
"JH378118","31631287","31631564","chr18","30896116","30896399","30","735171"
"JH378118","31639511","31639796","chr6","67278450","67278739","42","35638939"
"JH378118","31654912","31655025","chr1","135956166","135956279","9","104301254"
"JH378118","31659934","31660222","chr18","30933539","30933836","47","726395"
"JH378118","31672082","31672392","chr18","30944994","30945305","21","727088"
"JH378118","31678500","31678674","chr18","13857832","13857998","29","17820668"
"JH378118","31678986","31679119","chr15","25309349","25309484","13","6369637"
"JH378118","31703787","31704085","chr18","30979091","30979380","24","724696"
"JH378118","31719751","31720048","chr18","30999270","30999564","30","720481"
"JH378118","31742250","31742337","chrUn_GL286477","34475","34567","16","31707775"
"JH378118","31755526","31755826","chr18","31069565","31069851","36","685961"
"JH378118","31763808","31763921","chr4","2947592","2947705","4","28816216"
"JH378118","31770624","31770863","chr18","31085335","31085583","18","685289"
"JH378118","31784712","31785008","chr18","31099298","31099584","23","685414"
"JH378118","31962230","31962533","chr18","31280844","31281150","32","681386"
"JH378118","32214408","32214428","chr3","80144238","80144261","4","47929830"
"JH378118","32214462","32214742","chr18","31546041","31546319","26","668421"
"JH378118","32227520","32227814","chr18","31559804","31560104","16","667716"
"JH378118","32257353","32257632","chr4","9092663","9092940","42","23164690"
"JH378118","32324142","32324260","chr5","71268215","71268323","19","38944073"
"JH378118","32334270","32334569","chr18","31659091","31659401","31","675179"
"JH378118","32349414","32349718","chr18","31674118","31674425","26","675296"
"JH378118","32370991","32371296","chr18","31696003","31696279","46","674988"
"JH378118","32409244","32409465","chr18","31734276","31734505","20","674968"
"JH378118","32441800","32442100","chr18","31770990","31771279","33","670810"
"JH378118","32457947","32458147","chr18","31793716","31793920","17","664231"
"JH378118","32564683","32564958","chr16","21144543","21144823","46","11420140"
"JH378118","32584114","32584157","chr1","100341754","100341798","8","67757640"
"JH378118","32649025","32649250","chr18","31988687","31988926","47","660338"
"JH378118","32684078","32684309","chrUn_GL286420","864308","864544","45","31819770"
"JH378118","32688998","32689311","chr18","32032712","32033010","38","656286"
"JH378118","32712706","32712823","chr21","50262964","50263080","11","17550258"
"JH378118","32722692","32723001","chr18","32063899","32064207","18","658793"
"JH378118","32763757","32763869","chr2","110045511","110045620","16","77281754"
"JH378118","32767040","32767255","chr18","32105843","32106058","19","661197"
"JH378118","32790725","32790857","chr17","42084808","42084940","10","9294083"
"JH378118","32792077","32792254","chr18","32131530","32131707","10","660547"
"JH378118","32800940","32801243","chr2","43414738","43415036","43","10613798"
"JH378118","32803315","32803445","chr7","111500709","111500836","12","78697394"
"JH378118","32803639","32803798","chr18","32146199","32146366","23","657440"
"JH378118","32814151","32814452","chr18","32157556","32157844","33","656595"
"JH378118","32832385","32832689","chr18","32233740","32234042","25","598645"
"JH378118","32838028","32838167","chr11","7708399","7708550","30","25129629"
"JH378118","32838474","32838610","chr18","32238214","32238349","14","600260"
"JH378118","32853821","32853936","chr11","64887460","64887576","6","32033639"
"JH378118","32870112","32870414","chr18","32268542","32268848","35","601570"
"JH378118","32872148","32872440","chr7","43837732","43838021","48","10965584"
"JH378118","32897348","32897642","chr18","32302089","32302377","19","595259"
"JH378118","32949052","32949333","chr18","32357593","32357880","34","591459"
"JH378118","32953387","32953679","chr12","29321895","29322179","53","3631492"
"JH378118","32963594","32963915","chr18","32372885","32373194","29","590709"
"JH378118","32971466","32971776","chr18","32381013","32381313","33","590453"
"JH378118","32990756","32991055","chr18","32394760","32395068","34","595996"
"JH378118","32998971","32999272","chr8","1014533","1014830","44","31984438"
"JH378118","33019242","33019535","chr18","32423046","32423319","40","596196"
"JH378118","33026488","33026624","chr18","32430488","32430624","7","596000"
"JH378118","33026925","33027084","chr5","57598807","57598958","39","24571882"
"JH378118","33032331","33032623","chr18","32436556","32436844","30","595775"
"JH378118","33047538","33047670","chr20","11865196","11865328","10","21182342"
"JH378118","33093262","33093574","chr18","32492056","32492350","36","601206"
"JH378118","33112701","33112800","chr5","1521352","1521446","15","31591349"
"JH378118","33114693","33114996","chr18","32512978","32513264","32","601715"
"JH378118","33151929","33152214","chr18","32550587","32550855","40","601342"
"JH378118","33153442","33153745","chr18","32551459","32551762","26","601983"
"JH378118","33348785","33349081","chr16","46471725","46472022","56","13122940"
"JH378118","33355146","33355267","chr18","32788377","32788500","9","566769"
"JH378118","33355578","33355737","chr18","32788794","32788953","17","566784"
"JH378118","33395256","33395391","chr20","20559680","20559811","13","12835576"
"JH378118","33403053","33403175","chr7","133359313","133359435","19","99956260"
"JH378118","33418456","33418737","chr18","32856389","32856678","26","562067"
"JH378118","33428441","33428747","chr4","137042666","137042971","57","103614225"
"JH378118","33431845","33431951","chr18","32870708","32870813","7","561137"
"JH378118","33442020","33442325","chr18","32881042","32881348","18","560978"
"JH378118","33467358","33467492","chr18","32902422","32902556","6","564936"
"JH378118","33467798","33467974","chr18","32902904","32903074","22","564894"
"JH378118","33488188","33488419","chr18","32927203","32927430","17","560985"
"JH378118","33491804","33492114","chr18","32930593","32930903","21","561211"
"JH378118","33498289","33498417","chr18","32936965","32937100","18","561324"
"JH378118","33498709","33498803","chr18","32937390","32937484","7","561319"
"JH378118","33500850","33500984","chr17","23624491","23624621","21","9876359"
"JH378118","33504179","33504278","chr3","84679217","84679310","12","51175038"
"JH378118","33505336","33505450","chr11","122874417","122874531","17","89369081"
"JH378118","33505690","33505856","chr18","32945342","32945509","9","560348"
"JH378118","33512058","33512351","chr18","32951920","32952204","17","560138"
"JH378118","33539743","33540056","chr4","105598219","105598529","61","72058476"
"JH378118","33546974","33547266","chr14","34676760","34677051","48","1129786"
"JH378118","33556375","33556663","chr18","33001005","33001292","24","555370"
"JH378118","33562271","33562359","chr4","169669418","169669510","16","136107147"
"JH378118","33562794","33562946","chr11","111227999","111228163","29","77665205"
"JH378118","33564985","33565325","chr2","82640279","82640623","72","49075294"
"JH378118","33566841","33567122","chr18","33011302","33011582","17","555539"
"JH378118","33576070","33576356","chr18","33022136","33022439","38","553934"
"JH378118","33580552","33580863","chr10","11215511","11215822","49","22365041"
"JH378118","33583411","33583721","chr5","79478782","79479093","44","45895371"
"JH378118","33585242","33585529","chr18","33028168","33028452","19","557074"
"JH378118","33585712","33585998","chr18","33028635","33028943","41","557077"
"JH378118","33593247","33593419","chr5","134311911","134312087","20","100718664"
"JH378118","33597041","33597332","chr18","33038552","33038852","26","558489"
"JH378118","33631493","33631776","chr7","65132652","65132935","46","31501159"
"JH378118","33658656","33658785","chr5","106416511","106416638","9","72757855"
"JH378118","33662824","33663133","chr18","33108037","33108347","27","554787"
"JH378118","33668314","33668433","chr18","33112632","33112761","20","555682"
"JH378118","33677753","33677814","chr4","151486216","151486280","21","117808463"
"JH378118","33679660","33679872","chr22","9306527","9306731","41","24373133"
"JH378118","33683034","33683154","chr5","120910722","120910842","17","87227688"
"JH378118","33683195","33683353","chr4","149137727","149137888","24","115454532"
"JH378118","33688826","33689114","chr22","3045534","3045822","40","30643292"
"JH378118","33694241","33694512","chr5","128523504","128523773","38","94829263"
"JH378118","33697269","33697547","chr18","33143593","33143890","37","553676"
"JH378118","33697577","33697855","chr18","33143893","33144177","28","553684"
"JH378118","33703789","33704103","chrX","62332054","62332359","56","28628265"
"JH378118","33704143","33704453","chr2","171403005","171403303","43","137698862"
"JH378118","33716638","33716951","chr9","111354658","111354956","47","77638020"
"JH378118","33729783","33730068","chr18","33180603","33180894","26","549180"
"JH378118","33731551","33731572","chr1","118717949","118717967","4","84986398"
"JH378118","33731598","33731886","chr22","29915577","29915857","43","3816021"
"JH378118","33737789","33738045","chr18","33188666","33188914","22","549123"
"JH378118","33749873","33750179","chr18","33199517","33199811","33","550356"
"JH378118","33752801","33753078","chr18","1442971","1443246","51","32309830"
"JH378118","33754490","33754800","chr12","20539936","20540241","43","13214554"
"JH378118","33773596","33773718","chr5","141109248","141109371","13","107335652"
"JH378118","33805961","33806268","chr15","64675136","64675437","47","30869175"
"JH378118","33818248","33818556","chr18","33259116","33259434","41","559132"
"JH378118","33847900","33848216","chr18","33287118","33287424","31","560782"
"JH378118","33894141","33894251","chr9","103935277","103935383","17","70041136"
"JH378118","33894936","33895220","chr20","31359365","31359651","43","2535571"
"JH378118","33941144","33941275","chr14","773943","774072","12","33167201"
"JH378118","33957313","33957594","chr10","8746013","8746301","50","25211300"
"JH378118","33996719","33996948","chr18","33439750","33439986","24","556969"
"JH378118","33998923","33998963","chr21","43811654","43811692","7","9812731"
"JH378118","34163901","34164196","chr18","33593029","33593302","45","570872"
"JH378118","34275781","34275917","chr5","429834","429971","16","33845947"
"JH378118","34276217","34276397","chr4","17907508","17907704","38","16368709"
"JH378118","34336851","34337142","chr18","33776855","33777140","27","559996"
"JH378118","34376832","34376911","chr9","77340917","77340996","15","42964085"
"JH378118","34376955","34377152","chr12","104836162","104836343","54","70459207"
"JH378118","34514070","34514366","chr18","33987028","33987329","20","527042"
"JH378118","34551730","34552064","chr7","6577072","6577412","27","27974658"
"JH378118","34553901","34554190","chr18","34025825","34026114","18","528076"
"JH378118","34555529","34555832","chr18","34027424","34027715","37","528105"
"JH378118","34635098","34635401","chr18","34107529","34107829","30","527569"
"JH378118","34807435","34807725","chr18","34284934","34285219","21","522501"
"JH378118","34814523","34814816","chr18","34292365","34292663","24","522158"
"JH378118","34899194","34899505","chr18","34374780","34375080","31","524414"
"JH378118","34904832","34905139","chr18","34380624","34380924","25","524208"
"JH378118","35081139","35081432","chr18","34563394","34563668","34","517745"
"JH378118","35106719","35107012","chr3","153242186","153242476","51","118135467"
"JH378118","35207668","35207799","chr1","171672023","171672158","17","136464355"
"JH378118","35211727","35211859","chrX","3127715","3127848","9","32084012"
"JH378118","35249939","35250223","chr18","34745740","34746024","10","504199"
"JH378118","35305578","35305859","chr18","34803497","34803777","18","502081"
"JH378118","35333014","35333142","chr18","34834050","34834182","9","498964"
"JH378118","35334603","35334614","chr8","5721402","5721413","1","29613201"
"JH378118","35334662","35334830","chr18","34835647","34835829","23","499015"
"JH378118","35351451","35351757","chr5","79478782","79479093","49","44127331"
"JH378118","35418452","35418747","chr18","34935736","34936031","14","482716"
"JH378118","35459744","35460024","chr18","34982494","34982776","27","477250"
"JH378118","35467381","35467684","chr18","34990331","34990639","35","477050"
"JH378118","35467815","35468102","chr18","34990774","34991069","35","477041"
"JH378118","35488993","35489282","chr18","35011602","35011894","21","477391"
"JH378118","35491369","35491604","chr18","35013938","35014172","21","477431"
"JH378118","35513725","35514003","chr19","23508132","23508382","60","12005593"
"JH378118","35522130","35522426","chr18","35041777","35042072","20","480353"
"JH378118","35531782","35532078","chr18","35051469","35051759","45","480313"
"JH378118","35534367","35534663","chr7","89951395","89951694","51","54417028"
"JH378118","35541383","35541577","chr11","117193981","117194170","38","81652598"
"JH378118","35567722","35567836","chr22","8878271","8878385","9","26689451"
"JH378118","35588806","35589099","chr18","35114365","35114658","31","474441"
"JH378118","35619286","35619552","chr18","35145003","35145278","28","474283"
"JH378118","35631356","35631487","chr16","73941935","73942064","7","38310579"
"JH378118","35636392","35636508","chr8","71696737","71696854","15","36060345"
"JH378118","35636536","35636723","chr4","34189071","34189253","30","1447465"
"JH378118","35637449","35637581","chr19","35825002","35825130","6","187553"
"JH378118","35663202","35663496","chr18","35187887","35188180","20","475315"
"JH378118","35669812","35670038","chr7","4969121","4969352","32","30700691"
"JH378118","35678526","35678834","chr18","35209247","35209541","39","469279"
"JH378118","35686653","35686698","chr9","18860649","18860698","7","16826004"
"JH378118","35686699","35686910","chr2","87541067","87541280","32","51854368"
"JH378118","35724295","35724414","chr4","116380863","116380979","6","80656568"
"JH378118","35764010","35764118","chr12","28560277","28560385","8","7203733"
"JH378118","35791455","35791590","chr1","52766988","52767113","30","16975533"
"JH378118","35831068","35831360","chr18","35380528","35380820","16","450540"
"JH378118","35839973","35840126","chr18","35389379","35389532","10","450594"
"JH378118","35847163","35847248","chr5","94580499","94580585","5","58733336"
"JH378118","36141172","36141266","chr10","55268984","55269069","17","19127812"
"JH378118","36149714","36149931","chr18","35708791","35709008","7","440923"
"JH378118","36203453","36203759","chr10","116001254","116001563","45","79797801"
"JH378118","36333068","36333372","chr18","35899794","35900114","33","433274"
"JH378118","36340681","36340921","chr18","35907252","35907492","14","433429"
"JH378118","36340980","36341051","chr18","35907551","35907622","5","433429"
"JH378118","36358547","36358843","chr18","35925055","35925343","25","433492"
"JH378118","36378528","36378814","chr18","35944817","35945101","10","433711"
"JH378118","36440722","36441012","chr5","59723511","59723808","44","23282789"
"JH378118","36461313","36461582","chrUn_GL286373","573195","573460","49","35888118"
"JH378118","36540940","36541209","chr10","6875471","6875742","45","29665469"
"JH378118","36716325","36716623","chr18","36325068","36325376","25","391257"
"JH378118","36780809","36781001","chr5","126809988","126810174","31","90029179"
"JH378118","36817692","36818038","chr20","13204342","13204677","69","23613350"
"JH378118","36888174","36888457","chr5","56865267","56865557","59","19977093"
"JH378118","36961784","36962075","chr18","36573883","36574193","39","387901"
"JH378118","37025463","37025754","chr18","36645952","36646241","26","379511"
"JH378118","37116880","37117188","chr2","138811563","138811865","48","101694683"
"JH378118","37178952","37179084","chr4","148615049","148615180","10","111436097"
"JH378118","37190531","37190826","chr18","36824577","36824875","24","365954"
"JH378118","37218498","37218596","chr6","119457478","119457578","14","82238980"
"JH378119","11534216","11534483","chr7","99707650","99707914","47","88173434"
"JH378119","17825668","17825813","chr6","128039325","128039475","14","110213657"
"JH378119","22019986","22020274","chr6","123230010","123230297","20","101210024"
"JH378119","23068437","23068748","chr6","122196420","122196731","26","99127983"
"JH378119","21495617","21495900","chr8","34050385","34050666","49","12554768"
"JH378119","26083318","26083485","chr6","119081153","119081311","26","92997835"
"JH378119","13005","13070","chr19","36098847","36098912","9","36085842"
"JH378119","13739","13858","chr2","154799144","154799262","20","154785405"
"JH378119","55659","55952","chr22","24190727","24191019","42","24135068"
"JH378119","91932","92208","chr6","146651965","146652236","27","146560033"
"JH378119","109603","109751","chr6","146634639","146634786","5","146525036"
"JH378119","120113","120397","chr22","3385721","3386004","48","3265608"
"JH378119","183854","184142","chr6","146556305","146556589","24","146372451"
"JH378119","197072","197364","chr6","146542035","146542328","25","146344963"
"JH378119","197399","197563","chr6","146541840","146542000","14","146344441"
"JH378119","201050","201328","chr1","79722015","79722293","41","79520965"
"JH378119","212541","212736","chr12","26796919","26797115","26","26584378"
"JH378119","228917","229224","chr7","38735612","38735900","55","38506695"
"JH378119","230998","231175","chr3","188166887","188167061","35","187935889"
"JH378119","231482","231618","chr1","192316419","192316555","21","192084937"
"JH378119","244365","244646","chr8","117104599","117104881","45","116860234"
"JH378119","247062","247144","chrX","134495523","134495608","11","134248461"
"JH378119","251795","252098","chr2","138272583","138272876","46","138020788"
"JH378119","258030","258341","chr6","146480227","146480538","31","146222197"
"JH378119","264229","264355","chr6","146474480","146474605","7","146210251"
"JH378119","280614","280712","chr10","17134689","17134790","10","16854075"
"JH378119","282395","282685","chr6","146456077","146456365","26","146173682"
"JH378119","292147","292434","chr6","7944620","7944912","42","7652473"
"JH378119","296197","296330","chr11","121419885","121420019","19","121123688"
"JH378119","296760","296923","chr6","146441283","146441452","18","146144523"
"JH378119","302317","302454","chr19","27947536","27947675","24","27645219"
"JH378119","305126","305263","chr9","92026800","92026932","13","91721674"
"JH378119","316652","316954","chr4","38053211","38053510","34","37736559"
"JH378119","320573","320836","chr5","120864019","120864279","44","120543446"
"JH378119","321660","321973","chrX","7302146","7302455","51","6980486"
"JH378119","322667","322962","chr12","113840087","113840383","49","113517420"
"JH378119","323949","324105","chr7","4406184","4406340","21","4082235"
"JH378119","339500","339763","chr6","146399312","146399586","29","146059812"
"JH378119","348556","348680","chr4","137685098","137685222","4","137336542"
"JH378119","355000","355264","chr6","146384431","146384727","48","146029431"
"JH378119","361598","361693","chr6","2142842","2142931","29","1781244"
"JH378119","374207","374351","chr5","144192832","144192978","24","143818625"
"JH378119","375909","376183","chr6","146360597","146360887","40","145984688"
"JH378119","379603","379892","chr6","146356844","146357132","19","145977241"
"JH378119","383689","383788","chr6","146352656","146352749","12","145968967"
"JH378119","387201","387316","chr10","47640305","47640418","10","47253104"
"JH378119","387345","387359","chr2","7782036","7782050","2","7394691"
"JH378119","401013","401138","chr6","146335256","146335368","19","145934243"
"JH378119","407038","407341","chr6","146329025","146329325","52","145921987"
"JH378119","410158","410295","chr7","19927707","19927850","33","19517549"
"JH378119","426416","426709","chr14","79812959","79813252","48","79386543"
"JH378119","450427","450800","chr6","146285068","146285364","92","145834641"
"JH378119","452417","452695","chr6","146283618","146283921","47","145831201"
"JH378119","461440","461576","chr6","146274920","146275076","27","145813480"
"JH378119","546512","546807","chr6","146190565","146190837","38","145644053"
"JH378119","546818","547118","chr6","146190038","146190341","23","145643220"
"JH378119","562197","562513","chr6","146175178","146175473","40","145612981"
"JH378119","568899","569080","chr9","45530059","45530236","32","44961160"
"JH378119","608499","608616","chr6","146129447","146129562","9","145520948"
"JH378119","644644","644949","chr6","146093685","146093981","22","145449041"
"JH378119","741186","741473","chr6","145993173","145993463","24","145251987"
"JH378119","764462","764594","chr14","4312068","4312193","24","3547606"
"JH378119","764695","764884","chr10","22497053","22497234","36","21732358"
"JH378119","833060","833354","chr5","112190757","112191049","47","111357697"
"JH378119","893133","893397","chr6","145825632","145825901","19","144932499"
"JH378119","897799","898097","chr6","145820000","145820299","30","144922201"
"JH378119","914318","914376","chrUn_GL288816","12107","12164","9","902211"
"JH378119","917852","918006","chr9","110015430","110015581","23","109097578"
"JH378119","936135","936449","chr12","89280836","89281148","46","88344701"
"JH378119","945595","945901","chr6","145770495","145770800","17","144824900"
"JH378119","961985","962272","chr3","1531335","1531617","44","569350"
"JH378119","975723","976019","chr6","145745286","145745570","35","144769563"
"JH378119","1148680","1148792","chr2","171442850","171442965","14","170294170"
"JH378119","1148845","1149009","chr8","29462997","29463162","32","28314152"
"JH378119","1151540","1151852","chr6","145573856","145574151","30","144422316"
"JH378119","1232611","1232723","chr4","39453939","39454050","13","38221328"
"JH378119","1232760","1232916","chrX","69028087","69028235","30","67795327"
"JH378119","1238209","1238507","chr6","145475029","145475326","20","144236820"
"JH378119","1239668","1239840","chr4","81170151","81170329","17","79930483"
"JH378119","1241163","1241294","chr6","145472437","145472568","6","144231274"
"JH378119","1281322","1281627","chr6","145432210","145432520","23","144150888"
"JH378119","1405234","1405543","chr6","70556708","70557019","41","69151474"
"JH378119","1418026","1418282","chr2","49328941","49329201","38","47910915"
"JH378119","1476531","1476811","chr6","145230207","145230493","30","143753676"
"JH378119","1488175","1488440","chr6","145218666","145218934","17","143730491"
"JH378119","1535087","1535386","chr6","145175475","145175755","35","143640388"
"JH378119","1537051","1537343","chr6","145173625","145173920","38","143636574"
"JH378119","1644010","1644351","chr6","145066530","145066855","64","143422520"
"JH378119","1709629","1709760","chr6","62743084","62743213","16","61033455"
"JH378119","1723698","1723991","chr6","144979165","144979457","21","143255467"
"JH378119","1751044","1751150","chr22","42942683","42942787","15","41191639"
"JH378119","1751311","1751587","chr6","144953511","144953773","31","143202200"
"JH378119","1766248","1766445","chr13","43819646","43819835","44","42053398"
"JH378119","1766982","1766999","chr3","36755618","36755633","3","34988636"
"JH378119","1845408","1845720","chrX","63421594","63421905","48","61576186"
"JH378119","1847650","1847926","chr6","144845798","144846076","39","142998148"
"JH378119","1852861","1853162","chr6","144839124","144839411","46","142986263"
"JH378119","1894227","1894516","chr6","144798602","144798894","27","142904375"
"JH378119","1931991","1932268","chr14","14644473","14644756","47","12712482"
"JH378119","2002227","2002567","chrUn_GL286223","86520","86854","61","1915707"
"JH378119","2016059","2016289","chr20","35367700","35367921","53","33351641"
"JH378119","2029628","2029932","chr6","144634031","144634331","24","142604403"
"JH378119","2127967","2128246","chr6","144514793","144515074","16","142386826"
"JH378119","2193353","2193624","chr6","144449316","144449602","43","142255963"
"JH378119","2195882","2196188","chr3","75194975","75195274","57","72999093"
"JH378119","2202045","2202174","chr6","144435011","144435140","4","142232966"
"JH378119","2235242","2235554","chr6","144397257","144397565","28","142162015"
"JH378119","2240290","2240398","chr6","144392715","144392821","6","142152425"
"JH378119","2247895","2248198","chr6","144384201","144384477","54","142136306"
"JH378119","2251867","2252170","chr6","144380301","144380604","29","142128434"
"JH378119","2293690","2294007","chr6","144340431","144340728","39","142046741"
"JH378119","2308962","2309229","chr15","74369707","74369973","39","72060745"
"JH378119","2310064","2310359","chr6","144324550","144324846","26","142014486"
"JH378119","2314639","2314938","chr6","144320262","144320563","20","142005623"
"JH378119","2315254","2315532","chr13","10223326","10223605","48","7908072"
"JH378119","2330680","2330799","chr2","34813843","34813962","15","32483163"
"JH378119","2330823","2330991","chr21","41223512","41223677","24","38892689"
"JH378119","2340522","2340825","chr6","144293941","144294241","27","141953419"
"JH378119","2349372","2349657","chr6","144282487","144282752","36","141933115"
"JH378119","2359305","2359614","chr12","22167563","22167865","42","19808258"
"JH378119","2360035","2360347","chr6","144272756","144273057","43","141912721"
"JH378119","2361044","2361338","chr2","16018347","16018645","39","13657303"
"JH378119","2375154","2375452","chr6","144255999","144256296","29","141880845"
"JH378119","2381936","2382270","chr6","144249721","144250050","17","141867785"
"JH378119","2387075","2387204","chr14","65404318","65404452","22","63017243"
"JH378119","2388732","2388908","chr8","81717975","81718150","29","79329243"
"JH378119","2391950","2392238","chr17","40162811","40163101","43","37770861"
"JH378119","2402593","2402753","chr2","14665991","14666153","25","12263398"
"JH378119","2402810","2402933","chrX","17092539","17092661","13","14689729"
"JH378119","2412408","2412542","chr19","6492329","6492461","12","4079921"
"JH378119","2459423","2459622","chr6","144162174","144162371","14","141702751"
"JH378119","2462435","2462706","chr6","144159412","144159684","15","141696977"
"JH378119","2465995","2466295","chr6","144155421","144155734","29","141689426"
"JH378119","2475114","2475294","chr11","122778734","122778914","30","120303620"
"JH378119","2488129","2488448","chr6","144119938","144120260","22","141631809"
"JH378119","2549177","2549459","chr6","144054796","144055083","28","141505619"
"JH378119","2585326","2585433","chr8","94170002","94170102","18","91584676"
"JH378119","2586822","2586981","chr16","25382349","25382514","30","22795527"
"JH378119","2587278","2587415","chr4","53592415","53592551","27","51005137"
"JH378119","2599338","2599482","chr6","144003974","144004137","28","141404636"
"JH378119","2610782","2611059","chr6","143990344","143990624","14","141379562"
"JH378119","2622161","2622473","chr6","143979344","143979631","43","141357183"
"JH378119","2623424","2623515","chr7","43468703","43468789","14","40845279"
"JH378119","2632408","2632702","chr6","143969707","143970004","24","141337299"
"JH378119","2637643","2637946","chr6","143964681","143964983","18","141327038"
"JH378119","2640618","2640927","chr6","143961477","143961786","24","141320859"
"JH378119","2656432","2656722","chr6","143944475","143944772","33","141288043"
"JH378119","2665344","2665639","chr6","143934982","143935278","22","141269638"
"JH378119","2676790","2677070","chr6","143921766","143922050","26","141244976"
"JH378119","2678610","2678923","chr6","143920026","143920343","28","141241416"
"JH378119","2684616","2684910","chr6","143916181","143916474","25","141231565"
"JH378119","2685794","2686079","chr2","811333","811617","49","1874461"
"JH378119","2689276","2689615","chr14","3131539","3131871","59","442263"
"JH378119","2695671","2695793","chr20","29608870","29608993","8","26913199"
"JH378119","2695803","2696104","chr6","143904620","143904905","40","141208817"
"JH378119","2700621","2700917","chr6","143899813","143900103","18","141199192"
"JH378119","2705486","2705794","chr7","87007315","87007626","39","84301829"
"JH378119","2753603","2753703","chr10","17134689","17134790","14","14381086"
"JH378119","2753751","2753871","chr12","89818304","89818421","19","87064553"
"JH378119","2782776","2782985","chr13","7031689","7031882","49","4248913"
"JH378119","2799646","2799890","chr6","143799678","143799921","17","141000032"
"JH378119","2810632","2810956","chr6","143788939","143789242","37","140978307"
"JH378119","2820343","2820655","chr6","143779334","143779626","46","140958991"
"JH378119","2823119","2823399","chr18","34745740","34746024","40","31922621"
"JH378119","2824443","2824741","chr6","143773036","143773328","21","140948593"
"JH378119","2846467","2846768","chr6","143750580","143750874","35","140904113"
"JH378119","2854158","2854466","chr6","143742739","143743045","23","140888581"
"JH378119","2876139","2876290","chr6","143721249","143721397","15","140845110"
"JH378119","2894198","2894484","chr6","143703025","143703302","21","140808827"
"JH378119","2897166","2897463","chr6","143699711","143700010","27","140802545"
"JH378119","2899584","2899866","chr6","143697300","143697593","34","140797716"
"JH378119","2924072","2924381","chr6","143670344","143670650","29","140746272"
"JH378119","2947121","2947400","chr6","143646091","143646373","21","140698970"
"JH378119","2947968","2948046","chr7","5198104","5198184","13","2250136"
"JH378119","2949325","2949503","chr6","143643963","143644139","17","140694638"
"JH378119","2974611","2974897","chr14","105719909","105720194","20","102745298"
"JH378119","2976609","2976918","chr2","14149533","14149833","53","11172924"
"JH378119","2983432","2983730","chr2","10599809","10600106","55","7616377"
"JH378119","3033648","3033952","chr6","143550355","143550649","29","140516707"
"JH378119","3036272","3036571","chr6","143547749","143548036","25","140511477"
"JH378119","3043299","3043609","chr3","21654588","21654878","61","18611289"
"JH378119","3048830","3048995","chr6","143534171","143534341","14","140485341"
"JH378119","3049270","3049409","chr6","143533763","143533897","12","140484493"
"JH378119","3061922","3062227","chr4","122413430","122413737","45","119351508"
"JH378119","3116793","3117091","chr6","143464538","143464830","29","140347745"
"JH378119","3193865","3194149","chr6","143384821","143385090","40","140190956"
"JH378119","3197440","3197560","chr6","143383398","143383519","6","140185958"
"JH378119","3204970","3205276","chr6","143375411","143375722","29","140170441"
"JH378119","3221161","3221415","chr6","143358351","143358605","22","140137190"
"JH378119","3223691","3223992","chr5","62467478","62467789","48","59243787"
"JH378119","3252552","3252849","chr6","143326211","143326502","34","140073659"
"JH378119","3301147","3301379","chr6","143279148","143279380","24","139978001"
"JH378119","3311381","3311680","chr6","143268722","143269011","26","139957341"
"JH378119","3315427","3315727","chr6","143264454","143264754","13","139949027"
"JH378119","3340012","3340339","chr9","84863396","84863722","60","81523384"
"JH378119","3356751","3356904","chr6","143226610","143226761","15","139869859"
"JH378119","3357210","3357345","chr6","143226169","143226304","11","139868959"
"JH378119","3383459","3383762","chr6","143200349","143200653","21","139816890"
"JH378119","3420337","3420647","chr6","143165066","143165363","34","139744729"
"JH378119","3509545","3509833","chr6","143072508","143072788","25","139562963"
"JH378119","3663674","3663983","chr1","180167773","180168077","52","176504099"
"JH378119","3689822","3690101","chr6","142886954","142887227","32","139197132"
"JH378119","3732919","3733235","chr6","142819822","142820115","57","139086903"
"JH378119","3736837","3737041","chr11","44673648","44673850","37","40936811"
"JH378119","3743901","3744013","chr2","20609524","20609634","18","16865623"
"JH378119","3799407","3799704","chr1","86565803","86566103","44","82766396"
"JH378119","3877836","3878032","chr6","142670316","142670515","21","138792480"
"JH378119","3883956","3884267","chr6","142662875","142663184","23","138778919"
"JH378119","3933526","3933807","chr6","142597523","142597804","21","138663997"
"JH378119","4050264","4050339","chr6","142477136","142477211","4","138426872"
"JH378119","4050396","4050693","chr6","142476791","142477079","28","138426395"
"JH378119","4085203","4085504","chr6","142440064","142440356","33","138354861"
"JH378119","4248407","4248683","chr6","142271670","142271965","45","138023263"
"JH378119","4345251","4345531","chr6","142174392","142174690","42","137829141"
"JH378119","4362032","4362334","chr6","142158435","142158736","27","137796403"
"JH378119","4417328","4417427","chr6","142107844","142107943","6","137690516"
"JH378119","4417490","4417775","chr6","142107496","142107781","23","137690006"
"JH378119","4432968","4433242","chr6","142091161","142091436","20","137658193"
"JH378119","4433410","4433691","chr3","1531335","1531617","49","2902075"
"JH378119","4569051","4569215","chr2","35321360","35321524","31","30752309"
"JH378119","4575001","4575290","chr6","112642208","112642499","55","108067207"
"JH378119","4598078","4598137","chr12","10589444","10589500","14","5991366"
"JH378119","4663095","4663371","chr6","141877505","141877782","30","137214410"
"JH378119","4771541","4771837","chr6","141757736","141758031","26","136986195"
"JH378119","4780877","4781165","chr6","141747850","141748131","27","136966973"
"JH378119","4788247","4788383","chr5","113544816","113544952","17","108756569"
"JH378119","4796492","4796782","chr6","141732534","141732823","36","136936042"
"JH378119","4841944","4842208","chr6","141682968","141683241","23","136841024"
"JH378119","4951364","4951668","chrX","45579634","45579937","46","40628270"
"JH378119","4956278","4956503","chr11","5296054","5296290","48","339776"
"JH378119","4969357","4969593","chr9","103261578","103261818","40","98292221"
"JH378119","5071279","5071570","chr6","141443049","141443352","28","136371770"
"JH378119","5152604","5152808","chr6","141358764","141358974","25","136206160"
"JH378119","5199555","5199859","chr6","141309299","141309596","36","136109744"
"JH378119","5205358","5205639","chr6","141303584","141303853","33","136098226"
"JH378119","5217182","5217497","chr6","141291724","141292026","37","136074542"
"JH378119","5228247","5228556","chr6","141280282","141280576","37","136052035"
"JH378119","5232878","5233012","chr7","81189251","81189387","18","75956373"
"JH378119","5233305","5233494","chr10","101787754","101787933","34","96554449"
"JH378119","5238080","5238357","chr22","13113072","13113362","56","7874992"
"JH378119","5266205","5266494","chr6","141242563","141242856","22","135976358"
"JH378119","5271590","5271884","chr6","141236251","141236564","39","135964661"
"JH378119","5284643","5284940","chr6","141223649","141223957","44","135939006"
"JH378119","5287837","5288135","chr1","97097177","97097476","50","91809340"
"JH378119","5302454","5302773","chr6","141207185","141207484","59","135904731"
"JH378119","5303917","5304166","chr14","14376792","14377048","47","9072875"
"JH378119","5323024","5323328","chr6","141186869","141187178","26","135863845"
"JH378119","5331860","5332138","chr7","128908388","128908657","50","123576528"
"JH378119","5338707","5338796","chr19","17050858","17050946","14","11712151"
"JH378119","5343941","5344069","chrX","46285600","46285729","7","40941659"
"JH378119","5357843","5358144","chr6","141154301","141154611","26","135796458"
"JH378119","5358960","5359212","chr1","164504681","164504928","56","159145721"
"JH378119","5362745","5363023","chr2","170649064","170649341","63","165286319"
"JH378119","5363065","5363075","chr3","151052907","151052917","0","145689842"
"JH378119","5390705","5390858","chr4","20966419","20966571","26","15575714"
"JH378119","5391152","5391286","chr20","12705602","12705736","14","7314450"
"JH378119","5425037","5425348","chr6","141086392","141086704","20","135661355"
"JH378119","5485123","5485420","chr6","141028948","141029250","24","135543825"
"JH378119","5498932","5499259","chr5","123737923","123738247","64","118238991"
"JH378119","5499642","5499928","chr8","687744","688032","42","4811898"
"JH378119","5530032","5530330","chr6","140974817","140975125","36","135444785"
"JH378119","5540624","5540922","chr6","140965049","140965342","27","135424425"
"JH378119","5549222","5549513","chr6","140956506","140956803","29","135407284"
"JH378119","5554033","5554322","chr1","201930750","201931041","46","196376717"
"JH378119","5599748","5600060","chr10","114802540","114802843","44","109202792"
"JH378119","5614415","5614534","chr3","131083695","131083815","13","125469280"
"JH378119","5614572","5614744","chr6","10945602","10945777","27","5331030"
"JH378119","5645296","5645604","chr6","140852856","140853152","26","135207560"
"JH378119","5649677","5649959","chr5","72139665","72139949","40","66489988"
"JH378119","5665618","5665900","chr6","140836300","140836578","33","135170682"
"JH378119","5832799","5833083","chr5","64040054","64040345","62","58207255"
"JH378119","5884545","5884851","chr6","140605463","140605774","28","134720918"
"JH378119","5886535","5886822","chr6","140603152","140603441","17","134716617"
"JH378119","5935051","5935226","chr6","140554450","140554631","28","134619399"
"JH378119","5955014","5955171","chr6","140535269","140535424","13","134580255"
"JH378119","5958848","5959169","chr6","140531113","140531435","51","134572265"
"JH378119","5961061","5961361","chr6","140528889","140529197","43","134567828"
"JH378119","5966655","5966941","chr6","140523650","140523940","20","134556995"
"JH378119","5988511","5988807","chr6","140503036","140503326","35","134514525"
"JH378119","5989215","5989503","chr1","135542904","135543195","46","129553689"
"JH378119","5996617","5996750","chr1","206288179","206288308","13","200291562"
"JH378119","5999321","5999502","chr6","140493512","140493697","14","134494191"
"JH378119","6000266","6000429","chr6","140492600","140492758","22","134492334"
"JH378119","6000721","6000855","chr6","140492169","140492303","6","134491448"
"JH378119","6009337","6009627","chr6","140486631","140486917","32","134477294"
"JH378119","6039741","6039907","chr9","39232744","39232909","29","33193003"
"JH378119","6040208","6040350","chr8","115081176","115081320","17","109040968"
"JH378119","6041313","6041352","chr10","94790343","94790384","5","88749030"
"JH378119","6041580","6041680","chr14","41332984","41333077","22","35291404"
"JH378119","6053069","6053372","chr6","140441723","140442029","24","134388654"
"JH378119","6070133","6070294","chr16","25382349","25382514","23","19312216"
"JH378119","6070600","6070702","chr1","172608413","172608519","21","166537813"
"JH378119","6071686","6072003","chr6","140423549","140423846","34","134351863"
"JH378119","6076420","6076526","chr6","140419033","140419139","7","134342613"
"JH378119","6076534","6076617","chr9","35642935","35643017","11","29566401"
"JH378119","6089277","6089636","chr7","27345420","27345752","76","21256143"
"JH378119","6090343","6090601","chr6","140405371","140405608","35","134315028"
"JH378119","6092703","6092982","chr6","140403887","140404168","17","134311184"
"JH378119","6100180","6100465","chr7","128349817","128350099","39","122249637"
"JH378119","6105335","6105465","chr6","140391824","140391953","8","134286489"
"JH378119","6106823","6107124","chr6","140389971","140390269","21","134283148"
"JH378119","6109317","6109672","chr5","83952139","83952481","69","77842822"
"JH378119","6112957","6113187","chr6","140384206","140384445","23","134271249"
"JH378119","6114207","6114500","chr6","140382897","140383192","28","134268690"
"JH378119","6115303","6115472","chr6","140381883","140382060","28","134266580"
"JH378119","6115503","6115801","chr6","140381561","140381845","35","134266058"
"JH378119","6118096","6118396","chr16","45697232","45697534","44","39579136"
"JH378119","6138249","6138414","chr10","118637139","118637294","38","112498890"
"JH378119","6143136","6143433","chr7","129894311","129894614","44","123751175"
"JH378119","6144345","6144630","chr6","140342244","140342529","19","134197899"
"JH378119","6150564","6150713","chr6","122266082","122266232","27","116115518"
"JH378119","6166084","6166368","chr6","140323439","140323740","41","134157355"
"JH378119","6168700","6168995","chr6","140322081","140322376","24","134153381"
"JH378119","6174607","6174728","chr6","140316394","140316516","8","134141787"
"JH378119","6174783","6174951","chr6","140316205","140316361","20","134141422"
"JH378119","6176510","6176790","chr6","140314221","140314517","35","134137711"
"JH378119","6181304","6181415","chr5","140152795","140152906","12","133971491"
"JH378119","6182633","6182801","chr8","34632386","34632555","23","28449753"
"JH378119","6186567","6186829","chr6","140303771","140304064","53","134117204"
"JH378119","6190169","6190475","chr4","151633544","151633846","44","145443375"
"JH378119","6191082","6191380","chr6","140297232","140297520","37","134106150"
"JH378119","6194863","6195149","chr5","129631424","129631712","37","123436561"
"JH378119","6196134","6196438","chr6","140291965","140292272","25","134095831"
"JH378119","6225950","6226234","chr6","140253109","140253373","50","134027159"
"JH378119","6230999","6231289","chr3","84173060","84173366","53","77942061"
"JH378119","6232077","6232359","chr6","140246830","140247101","21","134014753"
"JH378119","6233928","6234116","chr6","140244839","140245000","41","134010911"
"JH378119","6234210","6234346","chr6","140244604","140244744","13","134010394"
"JH378119","6236702","6236997","chr6","140242043","140242327","26","134005341"
"JH378119","6237139","6237404","chr6","45825202","45825472","52","39588063"
"JH378119","6251801","6252095","chr6","140221173","140221461","35","133969372"
"JH378119","6253839","6254129","chr6","140219118","140219424","35","133965279"
"JH378119","6276497","6276802","chr6","140193126","140193429","27","133916629"
"JH378119","6281169","6281488","chr5","78660273","78660595","24","72379104"
"JH378119","6302413","6302702","chr6","140160655","140160940","37","133858242"
"JH378119","6320746","6320871","chr3","185080899","185081024","17","178760153"
"JH378119","6320909","6321050","chr5","153975507","153975643","25","147654598"
"JH378119","6361379","6361490","chr2","47890092","47890200","15","41528713"
"JH378119","6380724","6380842","chr6","140079047","140079165","7","133698323"
"JH378119","6396177","6396461","chr6","140061830","140062130","35","133665653"
"JH378119","6491743","6492055","chr5","63259618","63259918","48","56767875"
"JH378119","6504835","6505125","chr8","74199290","74199578","46","67694455"
"JH378119","6533058","6533149","chr6","139910689","139910775","13","133377631"
"JH378119","6589195","6589421","chr14","44575927","44576155","35","37986732"
"JH378119","6608880","6609172","chr6","139822020","139822319","46","133213140"
"JH378119","6671042","6671298","chr10","59548187","59548449","62","52877145"
"JH378119","6705659","6705951","chr3","173569530","173569825","48","166863871"
"JH378119","6724997","6725285","chr6","139696954","139697243","34","132971957"
"JH378119","6732149","6732446","chr6","139689232","139689530","35","132957083"
"JH378119","6732654","6732884","chr11","71713687","71713917","38","64981033"
"JH378119","6739457","6739690","chr6","139681539","139681773","11","132942082"
"JH378119","6832032","6832366","chr7","6577072","6577412","43","254960"
"JH378119","6861263","6861560","chr7","37031164","37031453","56","30169901"
"JH378119","6971036","6971335","chr6","139437080","139437381","16","132466044"
"JH378119","7006705","7006988","chr6","139402772","139403055","26","132396067"
"JH378119","7018871","7019114","chr1","144224512","144224753","37","137205641"
"JH378119","7060739","7061039","chr6","139347083","139347381","33","132286344"
"JH378119","7067654","7067887","chr6","21875655","21875896","43","14808001"
"JH378119","7070195","7070348","chr8","4308064","4308219","28","2762131"
"JH378119","7070660","7070793","chr14","20730316","20730449","12","13659656"
"JH378119","7077990","7078304","chr6","139329529","139329824","41","132251539"
"JH378119","7082643","7082964","chr6","139324908","139325228","27","132242265"
"JH378119","7092055","7092219","chr4","3836765","3836932","21","3255290"
"JH378119","7097184","7097493","chr6","139310288","139310566","48","132213104"
"JH378119","7136769","7137069","chr6","139275050","139275341","31","132138281"
"JH378119","7138060","7138348","chr6","139273737","139274026","12","132135677"
"JH378119","7147701","7148012","chr1","180627352","180627661","72","173479651"
"JH378119","7155138","7155475","chr19","22087965","22088295","84","14932827"
"JH378119","7160673","7161009","chr14","107207634","107207962","61","100046961"
"JH378119","7163761","7164059","chr6","139246012","139246311","23","132082251"
"JH378119","7164730","7164989","chr11","51866147","51866409","60","44701417"
"JH378119","7175111","7175379","chr6","139234890","139235151","22","132059779"
"JH378119","7182396","7182522","chr21","35722705","35722825","20","28540309"
"JH378119","7182566","7182686","chr1","121225155","121225280","26","114042589"
"JH378119","7183190","7183409","chr14","20634631","20634860","43","13451441"
"JH378119","7206982","7207238","chr6","150718060","150718310","40","143511078"
"JH378119","7207617","7207918","chr6","139201333","139201640","23","131993716"
"JH378119","7224611","7224908","chr8","371547","371840","55","6853064"
"JH378119","7231395","7231699","chr6","139173422","139173723","26","131942027"
"JH378119","7267519","7267806","chr9","28460724","28461006","38","21193205"
"JH378119","7279445","7279723","chr6","139127298","139127581","29","131847853"
"JH378119","7284878","7285010","chr12","18600035","18600167","14","11315157"
"JH378119","7294219","7294348","chr6","139112736","139112870","14","131818517"
"JH378119","7319858","7320140","chr5","71817664","71817949","61","64497806"
"JH378119","7343033","7343332","chr6","139042865","139043169","24","131699832"
"JH378119","7366976","7367275","chr6","139016176","139016470","24","131649200"
"JH378119","7379839","7379989","chr5","125648855","125649000","30","118269016"
"JH378119","7380307","7380440","chr2","171692953","171693088","16","164312646"
"JH378119","7386180","7386487","chr6","138996421","138996736","24","131610241"
"JH378119","7395202","7395303","chr6","138988712","138988813","6","131593510"
"JH378119","7422626","7422895","chr6","138965893","138966141","33","131543267"
"JH378119","7426062","7426357","chr6","138962100","138962398","27","131536038"
"JH378119","7465784","7466088","chr6","138925632","138925944","33","131459848"
"JH378119","7479612","7479921","chr6","138911078","138911370","38","131431466"
"JH378119","7517747","7517808","chr1","199106412","199106473","10","191588665"
"JH378119","7571362","7571696","chr6","138828911","138829209","60","131257549"
"JH378119","7578525","7578810","chr6","138821217","138821512","40","131242692"
"JH378119","7628479","7628789","chr6","138771811","138772105","39","131143332"
"JH378119","7653415","7653698","chr14","82090080","82090381","48","74436665"
"JH378119","7667236","7667528","chr6","138729404","138729679","36","131062168"
"JH378119","7791622","7791878","chr6","138604651","138604901","28","130813029"
"JH378119","7796169","7796473","chr6","138598639","138598943","21","130802470"
"JH378119","7817484","7817725","chr3","165642972","165643210","47","157825488"
"JH378119","7844732","7845105","chr12","87666606","87666944","105","79821874"
"JH378119","7872696","7872861","chr6","138507809","138507975","12","130635113"
"JH378119","7890441","7890741","chr6","138488559","138488863","26","130598118"
"JH378119","7919929","7920086","chr13","58898594","58898751","31","50978665"
"JH378119","7932701","7933013","chr22","4261515","4261812","52","3671186"
"JH378119","8014659","8014992","chr7","6577072","6577412","41","1437587"
"JH378119","8015225","8015528","chr6","138361962","138362277","38","130346737"
"JH378119","8021902","8022244","chr10","124112036","124112393","81","116090134"
"JH378119","8035985","8036295","chr6","138341730","138342020","34","130305745"
"JH378119","8059486","8059800","chr6","138318105","138318414","29","130258619"
"JH378119","8079642","8079939","chr6","138297382","138297678","13","130217740"
"JH378119","8258270","8258561","chr6","138114410","138114704","35","129856140"
"JH378119","8278429","8278704","chr6","138093466","138093757","39","129815037"
"JH378119","8306919","8307205","chr6","138067572","138067855","20","129760653"
"JH378119","8312596","8312720","chrX","54405804","54405929","26","46093208"
"JH378119","8354664","8354790","chr18","9255269","9255389","15","900605"
"JH378119","8355809","8356111","chr6","138014305","138014605","22","129658496"
"JH378119","8361357","8361657","chr12","11631892","11632183","57","3270535"
"JH378119","8362362","8362498","chrX","119668498","119668637","20","111306136"
"JH378119","8374050","8374359","chr5","60671568","60671876","51","52297518"
"JH378119","8383611","8383895","chr9","110831812","110832099","43","102448201"
"JH378119","8392535","8392782","chr6","150718060","150718310","41","142325525"
"JH378119","8398744","8399051","chr15","21227667","21227978","51","12828923"
"JH378119","8415976","8416129","chr6","137956394","137956542","10","129540418"
"JH378119","8421261","8421559","chr6","137950992","137951289","24","129529731"
"JH378119","8426396","8426523","chr2","29875920","29876049","9","21449524"
"JH378119","8457811","8458101","chr6","137913779","137914085","42","129455968"
"JH378119","8490138","8490449","chr6","137879874","137880162","41","129389736"
"JH378119","8521905","8522184","chr6","137846937","137847207","31","129325032"
"JH378119","8543955","8544257","chr6","137823286","137823591","31","129279331"
"JH378119","8594989","8595292","chr2","16018347","16018645","47","7423358"
"JH378119","8605714","8606014","chr6","137758371","137758664","35","129152657"
"JH378119","8693853","8694012","chr6","137668841","137669000","3","128974988"
"JH378119","8739124","8739197","chr1","41892164","41892242","10","33153040"
"JH378119","8745396","8745512","chr9","112349827","112349944","19","103604431"
"JH378119","8745557","8745740","chr7","66534255","66534433","32","57788698"
"JH378119","8780396","8780696","chr6","137583055","137583353","24","128802659"
"JH378119","8800707","8801011","chr6","137563434","137563732","22","128762727"
"JH378119","8859766","8860077","chrX","52083706","52084015","53","43223940"
"JH378119","8902748","8902985","chr9","103261578","103261818","40","94358830"
"JH378119","9042632","9042937","chr6","137317402","137317700","34","128274770"
"JH378119","9071367","9071661","chr6","137288700","137289006","30","128217333"
"JH378119","9073751","9073951","chr9","114207774","114207966","43","105134023"
"JH378119","9074264","9074395","chr22","29183568","29183703","22","20109304"
"JH378119","9103687","9103986","chr6","137255863","137256159","18","128152176"
"JH378119","9152795","9153111","chr6","137199002","137199306","32","128046207"
"JH378119","9230409","9230704","chr6","137120391","137120670","42","127889982"
"JH378119","9281595","9281868","chr6","137065814","137066078","31","127784219"
"JH378119","9311580","9311714","chr6","137037296","137037425","14","127725716"
"JH378119","9312248","9312522","chr6","137036505","137036779","26","127724257"
"JH378119","9360735","9361034","chr6","136980798","136981084","40","127620063"
"JH378119","9405904","9406044","chr3","142409967","142410098","20","133004063"
"JH378119","9571689","9571979","chr1","172817959","172818250","41","163246270"
"JH378119","9609037","9609361","chr5","72130971","72131293","55","62521934"
"JH378119","9650393","9650702","chr5","50659779","50660089","40","41009386"
"JH378119","9679388","9679578","chr6","136639161","136639346","21","126959773"
"JH378119","9680687","9680796","chr12","754346","754457","16","8926341"
"JH378119","9700679","9700975","chr6","136620858","136621151","29","126920179"
"JH378119","9703907","9704177","chr12","4963651","4963919","54","4740256"
"JH378119","9762802","9763099","chr6","136548862","136549155","22","126786060"
"JH378119","9774875","9775194","chr6","136531682","136532008","34","126756807"
"JH378119","9834327","9834603","chr2","33553798","33554078","46","23719471"
"JH378119","9900464","9900678","chr3","173829537","173829745","39","163929073"
"JH378119","9931672","9931947","chr6","136372372","136372655","39","126440700"
"JH378119","10002246","10002494","chr9","108706060","108706290","56","98703814"
"JH378119","10048767","10048955","chr14","92452153","92452343","40","82403386"
"JH378119","10101533","10101834","chr6","136191153","136191450","21","126089620"
"JH378119","10194423","10194707","chr6","136101477","136101746","39","125907054"
"JH378119","10234548","10234859","chr6","136059375","136059684","37","125824827"
"JH378119","10255024","10255333","chr6","136038823","136039132","16","125783799"
"JH378119","10256052","10256202","chr1","91208425","91208572","19","80952373"
"JH378119","10256269","10256550","chr16","25703885","25704165","43","15447616"
"JH378119","10285492","10285795","chr6","136010072","136010384","30","125724580"
"JH378119","10288913","10289204","chr22","44550777","44551076","45","34261864"
"JH378119","10309042","10309260","chr6","135986828","135987050","18","125677786"
"JH378119","10374268","10374552","chr4","107899041","107899332","42","97524773"
"JH378119","10383240","10383549","chr6","135908535","135908824","40","125525295"
"JH378119","10464806","10464822","chr17","17586296","17586311","2","7121490"
"JH378119","10464858","10465138","chr7","145033446","145033725","40","134568588"
"JH378119","10480927","10481213","chr6","135806488","135806769","32","125325561"
"JH378119","10487353","10487648","chr6","135800032","135800319","20","125312679"
"JH378119","10488629","10488774","chr8","51387124","51387269","14","40898495"
"JH378119","10495892","10496129","chr22","32850106","32850353","51","22354214"
"JH378119","10505187","10505495","chr2","134661273","134661582","48","124156086"
"JH378119","10513065","10513357","chr6","135778452","135778733","31","125265387"
"JH378119","10513901","10514128","chr6","135777699","135777923","16","125263798"
"JH378119","10532313","10532611","chr14","97073155","97073453","44","86540842"
"JH378119","10550582","10550717","chr6","135736326","135736461","10","125185744"
"JH378119","10550718","10550994","chr6","135736055","135736325","32","125185337"
"JH378119","10550995","10551202","chr6","135735832","135736026","25","125184837"
"JH378119","10556316","10556608","chr6","135728400","135728696","28","125172084"
"JH378119","10559203","10559501","chr6","135725496","135725807","36","125166293"
"JH378119","10565935","10566235","chr6","135718843","135719151","22","125152908"
"JH378119","10576118","10576252","chr3","183838395","183838517","22","173262277"
"JH378119","10577928","10578239","chr2","152653765","152654061","45","142075837"
"JH378119","10588338","10588640","chr3","4438627","4438928","47","6149711"
"JH378119","10604770","10605101","chr6","135678038","135678353","33","125073268"
"JH378119","10606539","10606671","chr1","201729012","201729146","18","191122473"
"JH378119","10606672","10606939","chr18","1921699","1921966","14","8684973"
"JH378119","10606940","10607114","chr16","28301285","28301460","15","17694345"
"JH378119","10615116","10615396","chr1","192740486","192740764","46","182125370"
"JH378119","10615421","10615449","chr12","10435483","10435509","5","179938"
"JH378119","10621246","10621561","chr6","135661085","135661400","24","125039839"
"JH378119","10635247","10635462","chr1","137993907","137994116","39","127358660"
"JH378119","10651417","10651517","chr10","45461249","45461353","12","34809832"
"JH378119","10656663","10656792","chr10","59025687","59025814","7","48369024"
"JH378119","10657193","10657552","chr14","2937295","2937627","95","7719898"
"JH378119","10657612","10657846","chr9","97505521","97505752","50","86847909"
"JH378119","10665943","10666256","chr6","135614024","135614344","28","124948081"
"JH378119","10668006","10668305","chr6","135612110","135612401","21","124944104"
"JH378119","10680695","10680860","chr6","135588841","135589001","24","124908146"
"JH378119","10681172","10681186","chr12","46088516","46088530","1","35407344"
"JH378119","10686848","10687023","chr3","188375983","188376160","23","177689135"
"JH378119","10687514","10687747","chr2","78481230","78481455","51","67793716"
"JH378119","10725367","10725670","chr6","135545695","135545987","38","124820328"
"JH378119","10728890","10729052","chr22","39354457","39354618","25","28625567"
"JH378119","10729352","10729438","chrX","108514092","108514176","28","97784740"
"JH378119","10729620","10729916","chr4","32431985","32432272","38","21702365"
"JH378119","10733295","10733566","chr19","18362531","18362799","43","7629236"
"JH378119","10742224","10742520","chr6","135528336","135528638","28","124786112"
"JH378119","10840276","10840442","chr12","15174296","15174456","29","4334020"
"JH378119","10840741","10840936","chr1","201768808","201768989","49","190928067"
"JH378119","10850308","10850614","chr6","135420683","135420976","31","124570375"
"JH378119","10878078","10878167","chr1","189882139","189882221","15","179004061"
"JH378119","10883759","10884044","chr6","135383271","135383566","20","124499512"
"JH378119","10897622","10897901","chr4","148485141","148485423","43","137587519"
"JH378119","10911227","10911535","chr12","71302727","71303035","51","60391500"
"JH378119","10946315","10946442","chr15","98367926","98368053","21","87421611"
"JH378119","10968013","10968301","chr17","26135477","26135768","49","15167464"
"JH378119","10974118","10974315","chr8","32877223","32877412","40","21903105"
"JH378119","10974357","10974481","chr3","4091856","4091981","16","6882501"
"JH378119","10983014","10983313","chr6","135280608","135280907","27","124297594"
"JH378119","11000898","11001183","chr5","78216385","78216675","33","67215487"
"JH378119","11019187","11019497","chr6","135245706","135246013","35","124226519"
"JH378119","11024114","11024366","chr1","107661665","107661918","49","96637551"
"JH378119","11038027","11038307","chr6","135225369","135225643","29","124187342"
"JH378119","11039144","11039414","chr6","135224273","135224539","31","124185129"
"JH378119","11041065","11041364","chr4","155656465","155656761","41","144615400"
"JH378119","11049316","11049546","chr6","135210467","135210684","37","124161151"
"JH378119","11049858","11049943","chr6","135210075","135210159","4","124160217"
"JH378119","11054414","11054545","chr6","135205837","135205968","9","124151423"
"JH378119","11054850","11055014","chr1","192315956","192316119","31","181261106"
"JH378119","11056285","11056587","chr22","1959540","1959843","57","9096745"
"JH378119","11077058","11077357","chr15","5416560","5416837","62","5660498"
"JH378119","11084835","11085118","chr7","32886449","32886731","38","21801614"
"JH378119","11085179","11085191","chr1","190035074","190035085","2","178949895"
"JH378119","11097733","11097906","chr1","190608166","190608339","28","179510433"
"JH378119","11112974","11113150","chr4","135808697","135808871","34","124695723"
"JH378119","11114234","11114367","chr6","135149089","135149222","12","124034855"
"JH378119","11119991","11120357","chr18","1287752","1288110","86","9832239"
"JH378119","11130590","11130902","chr6","135138577","135138875","43","124007987"
"JH378119","11151419","11151540","chr2","72597203","72597328","14","61445784"
"JH378119","11154262","11154431","chr10","15134381","15134548","36","3980119"
"JH378119","11154445","11154751","chr6","135113367","135113664","39","123958922"
"JH378119","11166027","11166331","chr6","135101956","135102260","38","123935929"
"JH378119","11190954","11191086","chr6","135081326","135081457","9","123890372"
"JH378119","11196187","11196275","chr6","135073470","135073558","4","123877283"
"JH378119","11196283","11196394","chr18","5663937","5664044","13","5532346"
"JH378119","11213404","11213624","chr2","39197049","39197271","33","27983645"
"JH378119","11221282","11221568","chr3","106662426","106662719","50","95441144"
"JH378119","11229908","11230194","chr6","135038435","135038716","21","123808527"
"JH378119","11259136","11259267","chr22","8888472","8888603","14","2370664"
"JH378119","11259271","11259387","chr11","64887460","64887576","7","53628189"
"JH378119","11259409","11259599","chr1","101827076","101827264","35","90567667"
"JH378119","11264167","11264445","chr7","45989418","45989698","47","34725251"
"JH378119","11271818","11272129","chr6","134992388","134992681","36","123720570"
"JH378119","11280919","11281217","chr1","97097177","97097476","44","85816258"
"JH378119","11282134","11282245","chr12","4325531","4325643","23","6956603"
"JH378119","11282532","11282670","chr6","134984738","134984879","12","123702206"
"JH378119","11290147","11290293","chrX","45713820","45713969","17","34423673"
"JH378119","11307171","11307290","chr5","111783196","111783317","11","100476025"
"JH378119","11309407","11309706","chr6","134959493","134959784","34","123650086"
"JH378119","11318843","11318976","chr20","26444927","26445057","15","15126084"
"JH378119","11319291","11319441","chr6","134950455","134950610","21","123631164"
"JH378119","11333474","11333767","chr6","134936624","134936907","35","123603150"
"JH378119","11337232","11337496","chr6","134933602","134933868","26","123596370"
"JH378119","11342071","11342364","chr6","134929033","134929336","32","123586962"
"JH378119","11343887","11343974","chr6","151898667","151898752","13","140554780"
"JH378119","11353439","11353750","chr6","134917847","134918157","28","123564408"
"JH378119","11360026","11360182","chr4","7960316","7960472","27","3399710"
"JH378119","11360481","11360612","chr5","84227278","84227413","18","72866797"
"JH378119","11379098","11379332","chr19","35644994","35645237","40","24265896"
"JH378119","11389769","11389895","chr6","134879517","134879645","11","123489748"
"JH378119","11390185","11390351","chr6","134879060","134879215","22","123488875"
"JH378119","11391885","11392162","chr6","134877258","134877541","12","123485373"
"JH378119","11392188","11392207","chrX","12950056","12950074","2","1557868"
"JH378119","11395838","11396137","chr6","134873144","134873443","15","123477306"
"JH378119","11404914","11405239","chr6","134865022","134865331","48","123460108"
"JH378119","11414695","11414963","chr6","134856262","134856543","33","123441567"
"JH378119","11414984","11415133","chr6","134856129","134856261","30","123441145"
"JH378119","11421416","11421716","chr6","134849565","134849858","24","123428149"
"JH378119","11424581","11424871","chr6","134846546","134846839","24","123421965"
"JH378119","11428766","11429057","chr15","56869263","56869556","49","45440497"
"JH378119","11432864","11432973","chr14","75952868","75952982","20","64520004"
"JH378119","11443411","11443427","chr5","125648539","125648553","4","114205128"
"JH378119","11448125","11448342","chr9","37204659","37204875","32","25756534"
"JH378119","11457394","11457679","chrX","64480750","64481035","54","53023356"
"JH378119","11470634","11470770","chr6","134804253","134804387","5","123333619"
"JH378119","11471070","11471243","chr17","17491974","17492150","31","6020904"
"JH378119","11483728","11484022","chr6","134786304","134786612","25","123302576"
"JH378119","11486027","11486321","chr6","134783924","134784207","39","123297897"
"JH378119","11509811","11509983","chr13","99550129","99550302","28","88040318"
"JH378119","11510289","11510419","chr4","152263632","152263770","23","140753343"
"JH378119","11512815","11512891","chr10","120361343","120361423","14","108848528"
"JH378119","11513196","11513404","chrX","122421782","122421993","37","110908586"
"JH378119","11515822","11515979","chrX","25843214","25843371","29","14327392"
"JH378119","11516526","11516574","chr9","40241039","40241086","9","28724513"
"JH378119","11520512","11520820","chr6","134750928","134751222","42","123230416"
"JH378119","11534584","11534713","chr1","201319240","201319371","16","189784656"
"JH378119","11536420","11536528","chr7","58008327","58008436","5","46471907"
"JH378119","11536852","11536878","chr4","25442792","25442819","3","13905940"
"JH378119","11543139","11543269","chr6","134729917","134730046","12","123186778"
"JH378119","11543576","11543748","chr22","11887684","11887848","37","344108"
"JH378119","11544485","11544617","chr1","174743793","174743927","18","163199308"
"JH378119","11544914","11545092","chr2","68194826","68195000","30","56649912"
"JH378119","11546206","11546525","chr3","75194975","75195274","68","63648769"
"JH378119","11554405","11554695","chr18","34745740","34746024","43","23191335"
"JH378119","11554735","11554746","chr3","6837769","6837779","1","4716966"
"JH378119","11563343","11563506","chr11","123827097","123827261","33","112263754"
"JH378119","11563818","11563952","chr5","134531890","134532024","16","122968072"
"JH378119","11563964","11564253","chr7","129098303","129098591","47","117534339"
"JH378119","11567441","11567744","chr6","134702723","134703017","28","123135282"
"JH378119","11569185","11569483","chr6","134700021","134700311","42","123130836"
"JH378119","11570491","11570784","chr3","148709947","148710237","49","137139456"
"JH378119","11571801","11571976","chr7","58405260","58405432","26","46833459"
"JH378119","11572677","11572970","chr7","54157888","54158182","41","42585211"
"JH378119","11576025","11576181","chr4","11927068","11927227","27","351043"
"JH378119","11576497","11576510","chr3","84839133","84839147","1","73262636"
"JH378119","11591874","11591979","chr10","4488468","4488573","9","7103406"
"JH378119","11593309","11593581","chr6","134675826","134676088","25","123082517"
"JH378119","11593885","11593975","chr6","118552577","118552662","18","106958692"
"JH378119","11595350","11595442","chr3","12098501","12098591","10","503151"
"JH378119","11596078","11596335","chr7","50982706","50982963","35","39386628"
"JH378119","11597224","11597521","chr6","134672750","134673049","27","123075526"
"JH378119","11608009","11608321","chr2","186147645","186147949","54","174539636"
"JH378119","11608760","11609055","chr6","134662588","134662877","16","123053828"
"JH378119","11614003","11614266","chr1","188126820","188127078","53","176512817"
"JH378119","11654214","11654302","chr11","48414733","48414820","13","36760519"
"JH378119","11654327","11654516","chr5","19230054","19230244","40","7575727"
"JH378119","11663689","11663950","chr6","134610960","134611226","22","122947271"
"JH378119","11665420","11665721","chr6","134609167","134609471","25","122943747"
"JH378119","11674434","11674734","chr6","134599232","134599524","30","122924798"
"JH378119","11680794","11680846","chr12","90107812","90107863","5","78427018"
"JH378119","11682962","11683232","chr6","134590895","134591167","28","122907933"
"JH378119","11684990","11685245","chr2","67167295","67167544","45","55482305"
"JH378119","11706698","11706971","chr6","134568051","134568330","18","122861353"
"JH378119","11707001","11707014","chr3","49639966","49639978","1","37932965"
"JH378119","11707707","11707996","chr6","134567029","134567322","27","122859322"
"JH378119","11720725","11720921","chr13","57566628","57566823","26","45845903"
"JH378119","11721607","11721904","chr6","134552118","134552418","25","122830511"
"JH378119","11752190","11752476","chr6","134517393","134517685","30","122765203"
"JH378119","11767923","11768054","chr6","134502137","134502260","18","122734214"
"JH378119","11768365","11768500","chr10","7243021","7243156","12","4525344"
"JH378119","11770134","11770370","chr15","56172498","56172736","31","44402364"
"JH378119","11782623","11782911","chr22","45055386","45055675","59","33272763"
"JH378119","11798990","11799275","chr6","134469164","134469442","27","122670174"
"JH378119","11827513","11827802","chr5","72186019","72186326","69","60358506"
"JH378119","11827936","11828253","chr6","134439591","134439901","26","122611655"
"JH378119","11959260","11959556","chr6","134305445","134305740","18","122346185"
"JH378119","11963901","11964177","chr6","85152193","85152469","36","73188292"
"JH378119","12039828","12040127","chr6","134221533","134221833","18","122181705"
"JH378119","12076160","12076447","chr7","14715192","14715481","42","2639032"
"JH378119","12272566","12272853","chr1","75327417","75327706","42","63054851"
"JH378119","12296463","12296756","chr6","133934274","133934573","22","121637811"
"JH378119","12304665","12304900","chr6","133923828","133924063","12","121619163"
"JH378119","12352427","12352651","chr6","133870109","133870333","13","121517682"
"JH378119","12426726","12426880","chr1","151148164","151148322","33","138721438"
"JH378119","12445560","12445882","chr6","133769776","133770080","39","121324216"
"JH378119","12597257","12597556","chr6","133589409","133589693","41","120992152"
"JH378119","12665940","12666022","chr6","133509226","133509307","3","120843286"
"JH378119","12694721","12695020","chr6","133478166","133478468","26","120783445"
"JH378119","12721380","12721662","chr6","133443572","133443857","23","120722192"
"JH378119","12856074","12856385","chr6","133288202","133288509","30","120432128"
"JH378119","12858185","12858415","chr15","53213706","53213935","47","40355521"
"JH378119","12930464","12930727","chr1","154966498","154966762","40","142036034"
"JH378119","12951279","12951289","chr10","16233487","16233498","1","3282208"
"JH378119","12951340","12951620","chr18","5702773","5703052","52","7248567"
"JH378119","12959038","12959321","chr1","76677373","76677657","50","63718335"
"JH378119","12959503","12959525","chr4","151771908","151771928","3","138812405"
"JH378119","12968219","12968356","chr6","133178514","133178650","14","120210295"
"JH378119","12979023","12979302","chr10","56280559","56280838","53","43301536"
"JH378119","13021565","13021849","chr6","133128171","133128453","28","120106606"
"JH378119","13047093","13047350","chr7","46518013","46518277","38","33470920"
"JH378119","13073863","13074180","chr6","133066307","133066609","28","119992444"
"JH378119","13083866","13084171","chr6","30949549","30949848","60","17865683"
"JH378119","13127554","13127688","chr6","133016857","133016990","11","119889303"
"JH378119","13127985","13128139","chr6","133016397","133016559","18","119888412"
"JH378119","13130740","13130940","chr1","82498413","82498611","43","69367673"
"JH378119","13131048","13131182","chr16","71705594","71705725","17","58574546"
"JH378119","13142520","13142804","chr6","133001919","133002226","43","119859399"
"JH378119","13156265","13156555","chr10","96039486","96039780","40","82883221"
"JH378119","13164080","13164190","chr1","121166312","121166422","11","108002232"
"JH378119","13178243","13178543","chr6","132970500","132970801","22","119792257"
"JH378119","13181199","13181212","chr7","104527959","104527972","1","91346760"
"JH378119","13181257","13181545","chr7","22678352","22678637","45","9497095"
"JH378119","13181769","13182053","chr6","132966760","132967040","21","119784991"
"JH378119","13194049","13194357","chr6","132952062","132952370","29","119758013"
"JH378119","13200072","13200300","chr6","132947920","132948136","30","119747848"
"JH378119","13202985","13203278","chr6","132944695","132944987","18","119741710"
"JH378119","13203305","13203442","chr2","195536603","195536742","23","182333298"
"JH378119","13242554","13242856","chr6","132904093","132904388","32","119661539"
"JH378119","13275169","13275456","chr6","132868258","132868556","22","119593089"
"JH378119","13280779","13280935","chr3","34165339","34165504","30","20884560"
"JH378119","13282395","13282680","chr6","132861233","132861514","17","119578838"
"JH378119","13313851","13313959","chr5","73553764","73553869","16","60239913"
"JH378119","13321416","13321717","chr3","5103388","5103681","40","8218028"
"JH378119","13325152","13325441","chr6","132821820","132822108","21","119496668"
"JH378119","13339013","13339149","chr9","112989614","112989747","20","99650601"
"JH378119","13339460","13339642","chr3","54386314","54386488","38","41046854"
"JH378119","13342126","13342393","chr6","132808602","132808868","16","119466476"
"JH378119","13344352","13344631","chr6","132806339","132806623","21","119461987"
"JH378119","13364197","13364510","chr6","132786434","132786735","44","119422237"
"JH378119","13368934","13369196","chr10","56280559","56280838","46","42911625"
"JH378119","13395047","13395335","chr6","132757662","132757945","19","119362615"
"JH378119","13416914","13417076","chr6","8777906","8778062","39","4639008"
"JH378119","13417102","13417227","chr3","65659884","65660007","16","52242782"
"JH378119","13453668","13453965","chr6","132700156","132700443","37","119246488"
"JH378119","13485048","13485305","chr6","132669099","132669358","24","119184051"
"JH378119","13524816","13525103","chr6","132626190","132626478","15","119101374"
"JH378119","13536732","13537024","chr6","132614665","132614957","34","119077933"
"JH378119","13538495","13538781","chr5","71817664","71817949","57","58279169"
"JH378119","13582586","13582906","chr16","7267310","7267628","60","6315276"
"JH378119","13597681","13597969","chr3","94099528","94099813","44","80501847"
"JH378119","13633084","13633360","chr6","132527385","132527646","36","118894301"
"JH378119","13697032","13697325","chr1","183092864","183093160","42","169395832"
"JH378119","13702882","13703159","chr6","132458013","132458290","10","118755131"
"JH378119","13711577","13711793","chr1","137993907","137994116","31","124282330"
"JH378119","13718077","13718392","chr6","132420998","132421305","26","118702921"
"JH378119","13720075","13720397","chr6","132418982","132419297","28","118698907"
"JH378119","13727193","13727500","chr6","132413619","132413909","50","118686426"
"JH378119","13739695","13740012","chr6","132402530","132402856","41","118662835"
"JH378119","13741432","13741577","chr6","132390526","132390664","15","118649094"
"JH378119","13742182","13742330","chr6","132389770","132389913","14","118647588"
"JH378119","13748815","13748987","chr20","38120977","38121146","38","24372162"
"JH378119","13787039","13787334","chr6","132345316","132345590","39","118558277"
"JH378119","13794960","13795241","chr3","6837813","6838095","44","6957147"
"JH378119","13795271","13795293","chr13","91844607","91844628","4","78049336"
"JH378119","13803342","13803643","chr19","10208538","10208840","42","3594804"
"JH378119","13818160","13818426","chrX","137480492","137480766","46","123662332"
"JH378119","13842717","13843025","chr6","132285040","132285350","26","118442323"
"JH378119","13894428","13894711","chr6","132231980","132232268","25","118337552"
"JH378119","13894839","13895130","chr6","132231568","132231852","30","118336729"
"JH378119","13901598","13901914","chr15","21227667","21227978","50","7326069"
"JH378119","13931555","13931723","chr6","132186898","132187078","23","118255343"
"JH378119","13934294","13934595","chr6","132183773","132184076","21","118249479"
"JH378119","13941439","13941741","chr6","132177569","132177873","19","118236130"
"JH378119","13956561","13956660","chr7","148854098","148854199","19","134897537"
"JH378119","13957925","13958227","chrUn_GL287388","480","790","37","13957445"
"JH378119","13958556","13958690","chr8","106629174","106629307","17","92670618"
"JH378119","13975101","13975390","chr12","26550828","26551113","44","12575727"
"JH378119","14009659","14009968","chr6","132107765","132108064","36","118098106"
"JH378119","14049317","14049431","chr2","45179763","45179877","14","31130446"
"JH378119","14052352","14052478","chr4","36775192","36775319","7","22722840"
"JH378119","14060425","14060698","chr6","132055794","132056079","28","117995369"
"JH378119","14069894","14070138","chr18","7648254","7648500","36","6421640"
"JH378119","14096606","14096905","chr7","100378958","100379259","40","86282352"
"JH378119","14113945","14114078","chr6","132003819","132003952","14","117889874"
"JH378119","14158745","14158876","chr8","76458126","76458258","20","62299381"
"JH378119","14158900","14159029","chr20","3310272","3310393","31","10848628"
"JH378119","14187023","14187301","chr6","131931011","131931291","26","117743988"
"JH378119","14190220","14190379","chrX","117832335","117832494","28","103642115"
"JH378119","14190430","14190569","chr2","56986506","56986637","18","42796076"
"JH378119","14221700","14221819","chr5","914442","914562","20","13307258"
"JH378119","14260668","14260993","chr6","131853122","131853416","56","117592454"
"JH378119","14301288","14301592","chr6","131805061","131805358","28","117503773"
"JH378119","14336479","14336781","chr6","112880501","112880805","40","98544022"
"JH378119","14344642","14344944","chr6","131767917","131768223","26","117423275"
"JH378119","14357144","14357431","chr10","8746013","8746301","39","5611131"
"JH378119","14369285","14369590","chr6","131742594","131742889","37","117373309"
"JH378119","14375067","14375246","chr6","131737001","131737188","23","117361934"
"JH378119","14406233","14406360","chr2","12618509","12618629","16","1787724"
"JH378119","14406407","14406574","chr9","20374264","20374435","26","5967857"
"JH378119","14423890","14424046","chr13","53391514","53391667","27","38967624"
"JH378119","14445180","14445470","chr5","95475049","95475339","38","81029869"
"JH378119","14446663","14446950","chr6","131667553","131667838","39","117220890"
"JH378119","14448669","14448971","chr6","131665559","131665857","24","117216890"
"JH378119","14451605","14451895","chr6","131662630","131662920","19","117211025"
"JH378119","14452351","14452651","chr6","131661872","131662174","22","117209521"
"JH378119","14455766","14455897","chrUn_GL286453","127565","127702","20","14328201"
"JH378119","14456197","14456368","chrX","90647296","90647465","24","76191099"
"JH378119","14457054","14457366","chr6","131658442","131658731","47","117201388"
"JH378119","14465598","14465887","chr6","131649512","131649798","20","117183914"
"JH378119","14470844","14471150","chr6","131644247","131644555","26","117173403"
"JH378119","14477101","14477403","chr6","131637955","131638257","40","117160854"
"JH378119","14482456","14482771","chr9","90174215","90174526","55","75691759"
"JH378119","14483511","14483619","chr2","47890092","47890200","16","33406581"
"JH378119","14486876","14487196","chr7","27345420","27345752","44","12858544"
"JH378119","14487730","14488030","chr6","131627014","131627310","18","117139284"
"JH378119","14488576","14488864","chr6","131626196","131626480","41","117137620"
"JH378119","14502101","14502373","chr6","131613159","131613421","28","117111058"
"JH378119","14518456","14518764","chr6","131592275","131592564","36","117073819"
"JH378119","14522180","14522469","chr6","131588654","131588944","31","117066474"
"JH378119","14522492","14522788","chr6","131588334","131588628","18","117065842"
"JH378119","14524248","14524559","chr6","131585979","131586283","31","117061731"
"JH378119","14524837","14524924","chr6","131585631","131585716","6","117060794"
"JH378119","14532524","14532659","chr6","131574470","131574604","14","117041946"
"JH378119","14543697","14543836","chr9","42110665","42110790","29","27566968"
"JH378119","14557502","14557793","chr6","131545369","131545659","20","116987867"
"JH378119","14596705","14596837","chr16","73941935","73942064","14","59345230"
"JH378119","14601908","14602113","chr6","131485798","131485971","44","116883890"
"JH378119","14603411","14603704","chr6","131484204","131484514","39","116880793"
"JH378119","14612801","14613108","chr6","131473232","131473530","27","116860431"
"JH378119","14632344","14632630","chr6","131452889","131453176","33","116820545"
"JH378119","14700716","14700999","chr6","131372740","131373036","34","116672024"
"JH378119","14716162","14716448","chr6","131353427","131353719","24","116637265"
"JH378119","14735402","14735708","chr20","7666979","7667272","52","7068423"
"JH378119","14765549","14765663","chr7","123365221","123365335","7","108599672"
"JH378119","14798678","14798961","chr6","131270904","131271187","42","116472226"
"JH378119","14799406","14799686","chr6","131270161","131270451","31","116470755"
"JH378119","14836054","14836355","chr10","94758013","94758312","46","79921959"
"JH378119","14897779","14897902","chr13","69670992","69671116","11","54773213"
"JH378119","14902264","14902570","chr6","131166229","131166536","51","116263965"
"JH378119","14922159","14922387","chr21","40606436","40606662","38","25684277"
"JH378119","14931912","14932200","chr6","131139308","131139602","22","116207396"
"JH378119","14981579","14981765","chr2","10657098","10657276","34","4324481"
"JH378119","14983935","14984246","chr6","131093896","131094206","30","116109961"
"JH378119","15010267","15010523","chr6","131074280","131074536","16","116064013"
"JH378119","15010575","15010642","chr1","119055439","119055507","10","104044864"
"JH378119","15032020","15032230","chr13","58724637","58724851","40","43692617"
"JH378119","15100373","15100683","chr13","41300261","41300573","58","26199888"
"JH378119","15194674","15194975","chr4","165751858","165752158","51","150557184"
"JH378119","15333753","15334037","chr2","2628913","2629191","51","12704840"
"JH378119","15369409","15369689","chr6","130678990","130679269","17","115309581"
"JH378119","15371779","15372009","chr6","130676163","130676421","44","115304384"
"JH378119","15425286","15425418","chr2","29496641","29496770","14","14071355"
"JH378119","15540662","15540925","chr3","143603079","143603347","46","128062417"
"JH378119","15746315","15746561","chr6","150718060","150718310","44","134971745"
"JH378119","15777333","15777471","chr6","130241627","130241779","29","114464294"
"JH378119","15777508","15777625","chr6","130241467","130241584","6","114463959"
"JH378119","15824505","15824785","chr12","36754415","36754696","43","20929910"
"JH378119","15923522","15923817","chr6","130096617","130096899","35","114173095"
"JH378119","15930094","15930382","chr6","130091304","130091612","42","114161210"
"JH378119","15931938","15932106","chr7","56967429","56967601","27","41035491"
"JH378119","15932538","15932649","chr3","90741360","90741472","18","74808822"
"JH378119","16025565","16025879","chr5","41472016","41472333","59","25446451"
"JH378119","16042526","16042819","chr6","129900886","129901175","24","113858360"
"JH378119","16081323","16081596","chr1","82782958","82783233","44","66701635"
"JH378119","16135852","16136149","chr6","129812537","129812847","40","113676685"
"JH378119","16136985","16137314","chr10","103070290","103070612","53","86933305"
"JH378119","16158406","16158693","chr6","129788016","129788300","28","113629610"
"JH378119","16199785","16200085","chr6","129745486","129745788","27","113545701"
"JH378119","16284998","16285301","chr6","129658879","129659189","40","113373881"
"JH378119","16329170","16329386","chr6","129606624","129606841","19","113277454"
"JH378119","16329683","16329774","chr6","129606250","129606337","9","113276567"
"JH378119","16349814","16350120","chr4","122413430","122413737","49","106063616"
"JH378119","16558095","16558385","chr6","129331735","129332030","50","112773640"
"JH378119","16601531","16601864","chr2","67298949","67299277","67","50697418"
"JH378119","16644082","16644366","chr6","129240180","129240461","19","112596098"
"JH378119","16707708","16708017","chr6","129170780","129171072","36","112463072"
"JH378119","16720454","16720736","chr6","129158413","129158693","18","112437959"
"JH378119","16816030","16816330","chr6","129056194","129056497","28","112240164"
"JH378119","16862475","16862563","chr5","1679922","1680011","10","15182553"
"JH378119","16955254","16955541","chr6","128913684","128913994","38","111958430"
"JH378119","17111064","17111381","chr6","128742313","128742613","47","111631249"
"JH378119","17163545","17163834","chr6","128669569","128669850","25","111506024"
"JH378119","17209005","17209288","chr6","128623747","128624030","21","111414742"
"JH378119","17293625","17293836","chr1","185178393","185178599","42","167884768"
"JH378119","17302048","17302332","chr1","169168802","169169086","47","151866754"
"JH378119","17335379","17335684","chr4","155528137","155528448","58","138192758"
"JH378119","17469119","17469413","chr6","128409762","128410055","23","110940643"
"JH378119","17495184","17495479","chr5","9068732","9069026","49","8426452"
"JH378119","17525566","17525861","chr6","128349462","128349738","61","110823896"
"JH378119","17610956","17611255","chr19","12890156","12890454","49","4720800"
"JH378119","17679527","17679807","chr6","128191498","128191790","29","110511971"
"JH378119","17696738","17696999","chr5","139084070","139084335","43","121387332"
"JH378119","17741471","17741763","chr6","128128350","128128634","43","110386879"
"JH378119","17825497","17825622","chr6","128039519","128039643","12","110214022"
"JH378119","17826710","17826784","chr2","181850717","181850791","8","164024007"
"JH378119","17843921","17844232","chr6","128024550","128024860","24","110180629"
"JH378119","17883536","17883788","chr5","109694374","109694639","44","91810838"
"JH378119","18000270","18000562","chr6","127848221","127848530","41","109847951"
"JH378119","18016732","18017025","chr6","14552763","14553055","41","3463969"
"JH378119","18037949","18038206","chr6","127809695","127809952","18","109771746"
"JH378119","18043161","18043368","chrUn_GL286373","2092857","2093062","44","15950304"
"JH378119","18082860","18083162","chr6","127763504","127763793","27","109680644"
"JH378119","18180041","18180331","chr6","127659813","127660102","16","109479772"
"JH378119","18241572","18241836","chr6","127597391","127597655","24","109355819"
"JH378119","18429674","18429967","chr6","127403853","127404146","18","108974179"
"JH378119","18489319","18489411","chr5","89382254","89382351","9","70892935"
"JH378119","18531059","18531365","chr6","127287046","127287352","19","108755987"
"JH378119","18583634","18583762","chr12","50096765","50096893","5","31513131"
"JH378119","18586665","18586758","chr14","17348796","17348885","7","1237869"
"JH378119","18719973","18720104","chr10","17013716","17013848","19","1706257"
"JH378119","18873478","18873720","chr9","103261578","103261818","44","84388100"
"JH378119","18896778","18897080","chr6","126905223","126905523","26","108008445"
"JH378119","18909751","18909999","chr1","177642213","177642462","46","158732462"
"JH378119","19016540","19016827","chr5","97965344","97965632","45","78948804"
"JH378119","19441652","19441937","chr6","126303432","126303697","41","106861780"
"JH378119","19486862","19487147","chr6","126258262","126258561","35","106771400"
"JH378119","19502523","19502833","chr6","126238284","126238594","24","106735761"
"JH378119","19564509","19564822","chr6","126176357","126176661","36","106611848"
"JH378119","19567111","19567412","chr4","37610360","37610659","49","18043249"
"JH378119","19591195","19591288","chrUn_GL286461","1","97","21","19591194"
"JH378119","19711295","19711429","chr6","126024163","126024293","14","106312868"
"JH378119","19820316","19820599","chr6","125918077","125918349","35","106097761"
"JH378119","19822106","19822393","chr6","125916520","125916807","25","106094414"
"JH378119","19907625","19907791","chr6","125810175","125810339","26","105902550"
"JH378119","20080117","20080426","chr6","125634525","125634825","33","105554408"
"JH378119","20144080","20144404","chr6","125566542","125566853","35","105422462"
"JH378119","20160991","20161278","chr6","125549407","125549696","22","105388416"
"JH378119","20219953","20220287","chr6","125491003","125491313","49","105271050"
"JH378119","20493874","20494179","chr6","124906580","124906874","42","104412706"
"JH378119","20615637","20615767","chr1","116982946","116983076","8","96367309"
"JH378119","20681480","20681774","chr6","98862654","98862945","54","78181174"
"JH378119","20714833","20715123","chr6","124634909","124635195","19","103920076"
"JH378119","20811447","20811549","chr10","55153734","55153840","15","34342287"
"JH378119","20812012","20812208","chr4","168926717","168926911","37","148114705"
"JH378119","20812446","20812746","chr6","153989320","153989617","53","133176874"
"JH378119","20928104","20928231","chr20","38070734","38070860","23","17142630"
"JH378119","20928261","20928388","chr6","124404256","124404383","8","103475995"
"JH378119","20960934","20961234","chr2","9815001","9815302","44","11145933"
"JH378119","20976353","20976455","chr1","186116212","186116312","17","165139859"
"JH378119","20976758","20976927","chr14","88709418","88709589","20","67732660"
"JH378119","20980195","20980496","chr6","124317238","124317536","23","103337043"
"JH378119","20985616","20985919","chr6","124311802","124312107","27","103326186"
"JH378119","21001226","21001511","chr6","124295881","124296155","36","103294655"
"JH378119","21030373","21030669","chr9","38642180","38642482","43","17611807"
"JH378119","21046044","21046329","chr6","124253475","124253764","42","103207431"
"JH378119","21055624","21055760","chr14","20730316","20730449","18","325308"
"JH378119","21056067","21056203","chr15","26408391","26408533","25","5352324"
"JH378119","21075635","21075669","chr6","124216537","124216569","2","103140902"
"JH378119","21080034","21080317","chr6","124212586","124212870","15","103132552"
"JH378119","21087231","21087420","chr6","124204931","124205120","7","103117700"
"JH378119","21130709","21131012","chr6","124162893","124163179","37","103032184"
"JH378119","21143201","21143532","chr6","68265470","68265798","63","47122269"
"JH378119","21145470","21145762","chr6","124141934","124142231","35","102996464"
"JH378119","21149552","21149866","chr2","6420415","6420717","51","14729137"
"JH378119","21155523","21155706","chr5","85150853","85151017","41","63995330"
"JH378119","21155728","21155851","chr7","51415439","51415563","16","30259711"
"JH378119","21159785","21160081","chr3","153242186","153242476","60","132082401"
"JH378119","21163268","21163446","chr6","124116851","124117047","30","102953583"
"JH378119","21163476","21163633","chr6","124116690","124116828","33","102953214"
"JH378119","21163945","21164086","chr6","124116336","124116474","17","102952391"
"JH378119","21175642","21175950","chr6","124104353","124104664","38","102928711"
"JH378119","21184063","21184371","chr6","124096161","124096457","45","102912098"
"JH378119","21195801","21196101","chr6","124083955","124084245","27","102888154"
"JH378119","21196592","21196877","chr6","124083170","124083464","28","102886578"
"JH378119","21206206","21206334","chr6","124073968","124074095","9","102867762"
"JH378119","21213138","21213417","chr6","124067143","124067437","33","102854005"
"JH378119","21235420","21235614","chr5","126809988","126810174","40","105574568"
"JH378119","21240055","21240315","chr6","124041409","124041688","32","102801354"
"JH378119","21253554","21253846","chr6","124028786","124029076","18","102775232"
"JH378119","21274256","21274537","chr6","124007073","124007366","33","102732817"
"JH378119","21296044","21296098","chr9","111385843","111385894","11","90089799"
"JH378119","21302303","21302592","chr6","123978486","123978776","19","102676183"
"JH378119","21349118","21349259","chr3","138242077","138242218","21","116892959"
"JH378119","21360722","21361013","chr6","123916836","123917127","20","102556114"
"JH378119","21361022","21361198","chr3","90809146","90809330","41","69448124"
"JH378119","21363087","21363392","chr6","123914424","123914733","21","102551337"
"JH378119","21377599","21377902","chr6","123897678","123897984","23","102520079"
"JH378119","21422282","21422576","chr6","123850118","123850405","28","102427836"
"JH378119","21429773","21430001","chr6","148620803","148621032","42","127191030"
"JH378119","21437110","21437265","chr15","27274327","27274484","25","5837217"
"JH378119","21442668","21442776","chr6","123830159","123830272","9","102387491"
"JH378119","21446034","21446344","chr6","123826546","123826855","30","102380512"
"JH378119","21458416","21458556","chr6","123815675","123815820","16","102357259"
"JH378119","21475736","21476034","chr6","123798665","123798971","26","102322929"
"JH378119","21480188","21480337","chrX","45713820","45713969","20","24233632"
"JH378119","21492756","21492904","chr12","84805611","84805758","24","63312855"
"JH378119","21492905","21493188","chr8","34050385","34050666","49","12557480"
"JH378119","21494055","21494324","chr6","123782870","123783139","22","102288815"
"JH378119","21495468","21495616","chr12","84805611","84805758","24","63310143"
"JH378119","21499699","21499976","chr4","38257889","38258166","42","16758190"
"JH378119","21500304","21500609","chr6","123775669","123775977","28","102275365"
"JH378119","21501199","21501279","chr5","116760231","116760311","9","95259032"
"JH378119","21523594","21523940","chr11","111231002","111231350","64","89707408"
"JH378119","21561975","21562264","chr3","52227097","52227378","50","30665122"
"JH378119","21564446","21564707","chr6","123704549","123704806","20","102140103"
"JH378119","21568250","21568553","chr6","123700133","123700444","27","102131883"
"JH378119","21570524","21570822","chr4","170832540","170832839","55","149262016"
"JH378119","21576600","21576911","chr12","79538128","79538433","46","57961528"
"JH378119","21589752","21590043","chr6","123679388","123679683","27","102089636"
"JH378119","21593289","21593555","chr4","43858625","43858891","44","22265336"
"JH378119","21600212","21600344","chr5","110100913","110101047","14","88500701"
"JH378119","21600568","21600635","chr18","19998880","19998948","11","1601688"
"JH378119","21609516","21609770","chr6","123660258","123660513","20","102050742"
"JH378119","21623782","21623965","chr10","74555459","74555632","43","52931677"
"JH378119","21624555","21624856","chr6","123643180","123643465","37","102018625"
"JH378119","21627769","21627996","chr4","151796368","151796603","38","130168599"
"JH378119","21634854","21635143","chrX","64103057","64103324","60","42468203"
"JH378119","21638679","21638972","chr7","10337579","10337872","46","11301100"
"JH378119","21640610","21640873","chr6","123628211","123628477","33","101987601"
"JH378119","21646328","21646519","chr8","8265257","8265448","30","13381071"
"JH378119","21654020","21654308","chr17","74066448","74066740","43","52412428"
"JH378119","21655668","21655962","chr6","123613253","123613552","20","101957585"
"JH378119","21656516","21656806","chr6","123612279","123612581","27","101955763"
"JH378119","21675757","21676049","chr6","123588693","123588987","23","101912936"
"JH378119","21700791","21701001","chr6","123564906","123565117","11","101864115"
"JH378119","21711647","21711939","chr6","123555316","123555609","18","101843669"
"JH378119","21721113","21721378","chr5","32981966","32982232","50","11260853"
"JH378119","21764039","21764362","chr6","123495974","123496282","35","101731935"
"JH378119","21775936","21776176","chr6","123485347","123485582","19","101709411"
"JH378119","21795106","21795387","chr6","123466787","123467071","35","101671681"
"JH378119","21796199","21796344","chr6","123465811","123465945","17","101669612"
"JH378119","21826061","21826212","chr12","87207292","87207442","25","65381231"
"JH378119","21842752","21843048","chr6","123421100","123421382","32","101578348"
"JH378119","21873695","21873984","chr6","123390222","123390511","14","101516527"
"JH378119","21886967","21887277","chr3","110652603","110652910","43","88765636"
"JH378119","21888403","21888708","chr6","123374922","123375228","26","101486519"
"JH378119","22060379","22060646","chrX","6563758","6564025","39","15496621"
"JH378119","22061084","22061383","chr5","72638264","72638561","41","50577180"
"JH378119","22105869","22106001","chr8","55645203","55645334","11","33539334"
"JH378119","22109133","22109185","chr7","40310069","40310113","15","18200936"
"JH378119","22221316","22221619","chr6","123025148","123025452","18","100803832"
"JH378119","22278248","22278299","chr6","122967850","122967901","3","100689602"
"JH378119","22278308","22278444","chr5","158644054","158644185","15","136365746"
"JH378119","22346349","22346639","chr6","122909482","122909782","17","100563133"
"JH378119","22354262","22354531","chr6","122901561","122901842","29","100547299"
"JH378119","22413454","22413724","chr16","977991","978254","45","21435463"
"JH378119","22413746","22413766","chr17","34923144","34923163","2","12509398"
"JH378119","22536294","22536590","chr6","122713632","122713927","24","100177338"
"JH378119","22595126","22595277","chr2","8496101","8496243","27","14099025"
"JH378119","22665351","22665661","chr6","122581146","122581440","29","99915795"
"JH378119","22666129","22666410","chr7","43837732","43838021","47","21171603"
"JH378119","22675030","22675192","chr6","122571516","122571676","16","99896486"
"JH378119","22741554","22741828","chr6","122503499","122503780","28","99761945"
"JH378119","22829470","22829780","chr11","116679329","116679640","38","93849859"
"JH378119","22859563","22859729","chrX","107324169","107324333","32","84464606"
"JH378119","22859773","22859891","chr11","16716876","16716993","15","6142897"
"JH378119","22865161","22865464","chr6","122372748","122373049","27","99507587"
"JH378119","22880706","22880993","chr15","20719226","20719522","52","2161480"
"JH378119","22888910","22889214","chr6","122348846","122349147","25","99459936"
"JH378119","22891674","22892004","chr14","3131539","3131871","47","19760135"
"JH378119","22925775","22926071","chr12","5261366","5261655","45","17664409"
"JH378119","22953672","22953952","chr4","43326497","43326775","46","20372825"
"JH378119","22971135","22971159","chr2","12145433","12145455","2","10825702"
"JH378119","22971190","22971487","chr8","96986054","96986334","61","74014864"
"JH378119","22980827","22980999","chr17","74107809","74107971","34","51126982"
"JH378119","22995502","22995787","chr6","122288991","122289285","44","99293489"
"JH378119","23010928","23011060","chr8","44777692","44777825","10","21766764"
"JH378119","23013532","23013708","chr6","122263473","122263643","27","99249941"
"JH378119","23038726","23038850","chr1","6247078","6247201","12","16791648"
"JH378119","23049609","23049906","chr6","122221749","122222030","42","99172140"
"JH378119","23063128","23063406","chr6","122207709","122207982","28","99144581"
"JH378119","23073670","23074022","chr6","122191441","122191756","53","99117771"
"JH378119","23104370","23104587","chr6","122159142","122159362","23","99054772"
"JH378119","23108106","23108396","chr5","65891224","65891511","37","42783118"
"JH378119","23118318","23118609","chr6","122144146","122144426","38","99025828"
"JH378119","23122258","23122545","chr6","122140451","122140742","28","99018193"
"JH378119","23131820","23132128","chr1","60967968","60968276","51","37836148"
"JH378119","23134288","23134421","chr6","122129401","122129529","10","98995113"
"JH378119","23134708","23134908","chr5","20817861","20818057","44","2316847"
"JH378119","23136993","23137156","chr6","122126173","122126331","17","98989180"
"JH378119","23148377","23148688","chr6","122116886","122117195","20","98968509"
"JH378119","23153602","23153692","chr3","84679217","84679310","7","61525615"
"JH378119","23153794","23153804","chr5","26536436","26536446","1","3382642"
"JH378119","23162701","23162898","chr5","73162169","73162376","41","49999468"
"JH378119","23166930","23167041","chr19","6616967","6617074","24","16549963"
"JH378119","23188592","23188737","chr11","20854213","20854357","18","2334379"
"JH378119","23189025","23189213","chr6","122077493","122077662","31","98888468"
"JH378119","23202002","23202079","chr6","122062151","122062226","8","98860149"
"JH378119","23203303","23203597","chr6","122060059","122060351","18","98856756"
"JH378119","23212378","23212644","chr6","122050447","122050722","29","98838069"
"JH378119","23214681","23214973","chr6","122048184","122048491","35","98833503"
"JH378119","23228685","23228852","chr6","122034614","122034776","23","98805929"
"JH378119","23229149","23229287","chr6","122034162","122034301","9","98805013"
"JH378119","23232746","23232890","chr10","8008429","8008565","20","15224317"
"JH378119","23233197","23233357","chr22","39354457","39354618","23","16121260"
"JH378119","23236225","23236517","chr6","122027501","122027792","30","98791276"
"JH378119","23237067","23237378","chr1","202098948","202099254","69","178861881"
"JH378119","23239192","23239463","chr3","49388213","49388484","51","26149021"
"JH378119","23244332","23244573","chr6","122017356","122017574","34","98773024"
"JH378119","23247959","23248235","chr15","63751773","63752050","48","40503814"
"JH378119","23266735","23266865","chr1","100471253","100471383","7","77204518"
"JH378119","23288684","23288816","chr22","47765092","47765222","7","24476408"
"JH378119","23309501","23309799","chr6","121950147","121950452","30","98640646"
"JH378119","23345110","23345393","chr6","121913808","121914086","26","98568698"
"JH378119","23348438","23348626","chr5","126809988","126810174","29","103461550"
"JH378119","23352578","23352816","chr9","112642719","112642952","38","89290141"
"JH378119","23363819","23364128","chr5","91550629","91550934","53","68186810"
"JH378119","23437615","23437928","chr12","91379289","91379599","43","67941674"
"JH378119","23444526","23444796","chr6","121814261","121814535","16","98369735"
"JH378119","23465663","23465963","chr2","186147645","186147949","45","162681982"
"JH378119","23476814","23477105","chr6","121782639","121782933","32","98305825"
"JH378119","23493621","23493923","chr12","10611116","10611424","52","12882505"
"JH378119","23498105","23498394","chr6","121759622","121759906","22","98261517"
"JH378119","23532082","23532373","chrX","47629409","47629702","45","24097327"
"JH378119","23637300","23637610","chr6","121614329","121614636","21","97977029"
"JH378119","23652644","23652931","chr6","121599314","121599598","23","97946670"
"JH378119","23663307","23663615","chr5","41267879","41268179","60","17604572"
"JH378119","23828086","23828395","chr6","121418637","121418942","32","97590551"
"JH378119","23937414","23937706","chr7","45989418","45989698","42","22052004"
"JH378119","24048087","24048218","chr12","86387660","86387791","19","62339573"
"JH378119","24058541","24058642","chr6","121178703","121178804","9","97120162"
"JH378119","24058643","24058736","chr6","121178605","121178702","8","97119962"
"JH378119","24059970","24060258","chr12","80151638","80151927","41","56091668"
"JH378119","24060283","24060307","chr2","12145433","12145455","3","11914850"
"JH378119","24159224","24159481","chr5","53247192","53247454","52","29087968"
"JH378119","24254176","24254451","chr6","120977764","120978055","31","96723588"
"JH378119","24258873","24259161","chr4","150145287","150145573","53","125886414"
"JH378119","24299780","24300032","chr6","120925180","120925434","24","96625400"
"JH378119","24312916","24313209","chr6","120911742","120912021","38","96598826"
"JH378119","24342926","24343234","chr6","120876404","120876712","30","96533478"
"JH378119","24390733","24391013","chr1","183950830","183951109","41","159560097"
"JH378119","24469437","24469736","chr6","120744407","120744704","26","96274970"
"JH378119","24544019","24544189","chr9","42544487","42544654","31","18000468"
"JH378119","24557065","24557361","chr1","155875707","155876002","55","131318642"
"JH378119","24587498","24587775","chr6","120610627","120610918","45","96023129"
"JH378119","24746175","24746457","chr6","120445109","120445392","32","95698934"
"JH378119","24760679","24760975","chr6","120431853","120432119","50","95671174"
"JH378119","24774930","24775184","chrUn_GL286251","22680","22912","63","24752250"
"JH378119","24818325","24818609","chr9","35522087","35522362","47","10703762"
"JH378119","24828376","24828665","chr6","120366610","120366887","40","95538234"
"JH378119","24843738","24844029","chr6","120351641","120351908","42","95507903"
"JH378119","24856857","24857186","chr14","44902307","44902640","62","20045450"
"JH378119","24994155","24994499","chr11","117421975","117422316","60","92427820"
"JH378119","25039959","25040259","chr6","120140165","120140463","21","95100206"
"JH378119","25129842","25130131","chr5","60400510","60400799","42","35270668"
"JH378119","25146954","25147241","chr6","120032828","120033116","19","94885874"
"JH378119","25166746","25166880","chr6","120013334","120013468","4","94846588"
"JH378119","25167135","25167314","chr6","120012871","120013036","23","94845736"
"JH378119","25209319","25209626","chr6","119970267","119970577","29","94760948"
"JH378119","25213245","25213464","chr15","28906872","28907087","44","3693627"
"JH378119","25241376","25241488","chr13","6679354","6679470","16","18562022"
"JH378119","25244874","25245176","chr6","119933513","119933804","29","94688639"
"JH378119","25270764","25271052","chr6","119907065","119907360","27","94636301"
"JH378119","25303684","25303988","chr6","119872578","119872865","38","94568894"
"JH378119","25384323","25384627","chr6","119789389","119789692","36","94405066"
"JH378119","25388289","25388372","chr17","51974732","51974814","3","26586443"
"JH378119","25393959","25394258","chr6","119778289","119778569","40","94384330"
"JH378119","25397608","25397938","chr6","119774591","119774896","47","94376983"
"JH378119","25545870","25546039","chr3","136788814","136788981","27","111242944"
"JH378119","25585114","25585417","chr6","119570038","119570347","28","93984924"
"JH378119","25652837","25653160","chr6","119488018","119488326","33","93835181"
"JH378119","25692796","25692896","chr6","119457478","119457578","5","93764682"
"JH378119","25695178","25695501","chr3","20674935","20675261","51","5020243"
"JH378119","25704600","25704908","chr13","35960388","35960683","50","10255788"
"JH378119","25710224","25710531","chr18","547232","547545","49","25162992"
"JH378119","25711733","25712034","chr4","170832540","170832839","57","145120807"
"JH378119","25716258","25716299","chr5","41571468","41571510","9","15855210"
"JH378119","25730027","25730335","chr8","32940193","32940502","47","7210166"
"JH378119","25744855","25745016","chr7","40876001","40876159","29","15131146"
"JH378119","25745056","25745103","chr13","5594760","5594804","8","20150296"
"JH378119","25761666","25761967","chr11","23937010","23937310","46","1824656"
"JH378119","25762064","25762357","chr6","119389718","119389997","33","93627654"
"JH378119","25767886","25768193","chr2","31136493","31136794","43","5368607"
"JH378119","25778864","25779015","chr4","20966419","20966571","26","4812445"
"JH378119","25779315","25779447","chr1","202981060","202981197","14","177201745"
"JH378119","25786507","25786815","chr6","119367990","119368280","38","93581483"
"JH378119","25792127","25792419","chr6","119362892","119363182","30","93570765"
"JH378119","25793512","25793651","chr9","8791401","8791537","24","17002111"
"JH378119","25793953","25794111","chr5","23862480","23862640","23","1931473"
"JH378119","25810053","25810361","chr6","119344979","119345299","30","93534926"
"JH378119","25811217","25811473","chr6","119343870","119344151","42","93532653"
"JH378119","25811510","25811728","chr6","119343617","119343833","9","93532107"
"JH378119","25816707","25816977","chr6","119338379","119338650","23","93521672"
"JH378119","25826369","25826617","chr6","119328801","119329056","26","93502432"
"JH378119","25833897","25834199","chr6","119321988","119322294","20","93488091"
"JH378119","25849692","25849986","chr6","119307605","119307904","24","93457913"
"JH378119","25863144","25863348","chr6","119294598","119294806","16","93431454"
"JH378119","25867273","25867480","chr1","137993907","137994116","30","112126634"
"JH378119","25867484","25867640","chr12","64346381","64346534","25","38478897"
"JH378119","25869549","25869732","chr12","22164794","22164973","36","3704755"
"JH378119","25869759","25869875","chr6","319931","320050","16","25549828"
"JH378119","25890310","25890604","chr6","119271958","119272253","25","93381648"
"JH378119","25910764","25911061","chr6","119251974","119252271","14","93341210"
"JH378119","25913504","25913794","chr6","119249219","119249516","28","93335715"
"JH378119","25918380","25918689","chr6","119244407","119244703","34","93326027"
"JH378119","25976180","25976463","chr6","119185292","119185578","38","93209112"
"JH378119","26035489","26035784","chr6","119128746","119129031","28","93093257"
"JH378119","26035799","26036076","chr6","119128443","119128731","34","93092644"
"JH378119","26041506","26041669","chr13","84704804","84704966","26","58663298"
"JH378119","26043661","26043965","chr6","119121520","119121817","31","93077859"
"JH378119","26046280","26046571","chr6","119118665","119118958","23","93072385"
"JH378119","26049428","26049666","chr6","119115583","119115823","20","93066155"
"JH378119","26056329","26056464","chr6","119108388","119108523","10","93052059"
"JH378119","26056764","26056930","chr6","119107916","119108086","27","93051152"
"JH378119","26059761","26060065","chr6","119105388","119105698","24","93045627"
"JH378119","26064387","26064674","chr14","61276984","61277270","38","35212597"
"JH378119","26072339","26072474","chr6","119091753","119091888","4","93019414"
"JH378119","26072779","26072941","chr6","119091286","119091457","24","93018507"
"JH378119","26081784","26082042","chr15","25750701","25750960","37","331083"
"JH378119","26083009","26083026","chr6","119081592","119081608","1","92998583"
"JH378119","26083027","26083317","chr6","134662588","134662877","50","108579561"
"JH378119","26100318","26100618","chr6","119065055","119065353","21","92964737"
"JH378119","26105297","26105480","chr10","113668395","113668576","33","87563098"
"JH378119","26105777","26105891","chr9","85363226","85363341","18","59257449"
"JH378119","26133830","26134123","chr6","119030788","119031083","35","92896958"
"JH378119","26141790","26141947","chr7","81118228","81118390","31","54976438"
"JH378119","26147743","26148026","chr6","119019357","119019644","19","92871614"
"JH378119","26152387","26152693","chr5","154190647","154190950","39","128038260"
"JH378119","26164365","26164466","chr6","119001205","119001300","12","92836840"
"JH378119","26223482","26223773","chr6","118951604","118951869","41","92728122"
"JH378119","26237647","26237920","chr6","118937659","118937914","44","92700012"
"JH378119","26243357","26243624","chr9","121982208","121982480","51","95738851"
"JH378119","26243660","26243718","chr5","3331128","3331188","12","22912532"
"JH378119","26246861","26246941","chr20","38119999","38120078","15","11873138"
"JH378119","26249820","26250131","chr6","118923975","118924274","33","92674155"
"JH378119","26257331","26257500","chr6","118872705","118872873","9","92615374"
"JH378119","26276228","26276386","chr6","118856568","118856726","6","92580340"
"JH378119","26276420","26276586","chr6","118856386","118856536","29","92579966"
"JH378119","26296406","26296696","chr11","21188444","21188736","60","5107962"
"JH378119","26321495","26321626","chr2","170813868","170813998","6","144492373"
"JH378119","26321893","26322043","chr2","125401848","125401998","25","99079955"
"JH378119","26324218","26324506","chr7","110628167","110628455","45","84303949"
"JH378119","26329451","26329724","chr6","118807286","118807559","21","92477835"
"JH378119","26339945","26340044","chr6","118796673","118796770","8","92456728"
"JH378119","26348973","26349267","chr6","118786388","118786672","35","92437415"
"JH378119","26352317","26352551","chr6","118783738","118783978","21","92431421"
"JH378119","26362798","26363085","chr3","151354625","151354917","45","124991827"
"JH378119","26364175","26364309","chr12","46117781","46117914","13","19753606"
"JH378119","26364619","26364788","chr19","17398756","17398926","25","8965863"
"JH378119","26374484","26374785","chr6","118749850","118750158","51","92375366"
"JH378119","26398223","26398531","chr6","118725180","118725486","26","92326957"
"JH378119","26406112","26406413","chr1","150860633","150860929","46","124454521"
"JH378119","26406916","26407224","chr6","118721421","118721720","36","92314505"
"JH378119","26410548","26410858","chr19","46819491","46819803","47","20408943"
"JH378119","26433493","26433770","chr10","47183926","47184206","50","20750433"
"JH378119","26433803","26433816","chr22","20852391","20852405","1","5581412"
"JH378119","26449193","26449448","chr5","120864019","120864279","49","94414826"
"JH378119","26454399","26454689","chr6","118676855","118677150","27","92222456"
"JH378119","26455291","26455591","chr22","6475349","6475647","32","19979942"
"JH378119","26457054","26457106","chr6","118674760","118674812","3","92217706"
"JH378119","26471075","26471126","chr2","10979647","10979702","14","15491428"
"JH378119","26475157","26475456","chr6","118656764","118657065","26","92181607"
"JH378119","26479190","26479475","chr6","118652759","118653043","19","92173569"
"JH378119","26490973","26491179","chr6","118641071","118641276","12","92150098"
"JH378119","26509321","26509624","chr6","118623082","118623384","13","92113761"
"JH378119","26512765","26513033","chr6","118619664","118619930","13","92106899"
"JH378119","26520073","26520368","chr10","87681273","87681568","47","61161200"
"JH378119","26542987","26543295","chr6","118584721","118585017","26","92041734"
"JH378119","26545623","26545768","chr6","118582241","118582386","11","92036618"
"JH378119","26546060","26546213","chr7","61551277","61551425","26","35005217"
"JH378119","26548941","26549066","chr2","14699379","14699510","24","11849562"
"JH378119","26550710","26550882","chr22","31216641","31216807","26","4665931"
"JH378119","26554353","26554526","chr6","118578043","118578216","5","92023690"
"JH378119","26559291","26559471","chr6","118573129","118573298","16","92013838"
"JH378119","26560950","26561257","chr6","118571512","118571807","32","92010562"
"JH378119","26576657","26576949","chr6","118555849","118556145","20","91979192"
"JH378119","26578324","26578624","chr6","118554181","118554480","23","91975857"
"JH378119","26580011","26580361","chr19","24022301","24022626","79","2557710"
"JH378119","26596117","26596281","chr3","111507810","111507974","32","84911693"
"JH378119","26599272","26599574","chr6","118534252","118534546","41","91934980"
"JH378119","26606348","26606517","chr6","118527367","118527535","21","91921019"
"JH378119","26618681","26618794","chr4","134680970","134681085","11","108062289"
"JH378119","26623542","26623838","chr6","118510261","118510579","46","91886719"
"JH378119","26626631","26626922","chr6","118506923","118507220","29","91880292"
"JH378119","26631068","26631370","chr6","118500575","118500887","30","91869507"
"JH378119","26639644","26639925","chr6","118493909","118494192","25","91854265"
"JH378119","26685225","26685483","chr19","45165648","45165909","50","18480423"
"JH378119","26690012","26690100","chr9","45148350","45148438","12","18458338"
"JH378119","26710046","26710355","chr19","38633557","38633859","44","11923511"
"JH378119","26722129","26722247","chrUn_GL286270","3956","4073","9","26718173"
"JH378119","26737755","26737954","chr6","118395896","118396092","20","91658141"
"JH378119","26738269","26738402","chr6","118395459","118395593","9","91657190"
"JH378119","26763077","26763207","chr6","118368302","118368432","7","91605225"
"JH378119","26775096","26775182","chr12","18641739","18641819","12","8133357"
"JH378119","26783703","26783997","chr2","127896067","127896363","43","101112364"
"JH378119","26792571","26792874","chr6","118342974","118343270","26","91550403"
"JH378119","26796661","26796961","chr6","118338504","118338804","35","91541843"
"JH378119","26808375","26808674","chr6","118327987","118328285","22","91519612"
"JH378119","26812570","26812737","chr6","118323414","118323581","6","91510844"
"JH378119","26813816","26814103","chr4","37610360","37610659","56","10796544"
"JH378119","26818506","26818625","chr2","34813843","34813962","19","7995337"
"JH378119","26818657","26818840","chr14","33052977","33053149","39","6234320"
"JH378119","26818938","26819048","chr7","81140282","81140394","13","54321344"
"JH378119","26819423","26819610","chr12","105357685","105357869","33","78538262"
"JH378119","26837949","26838232","chr6","118304222","118304503","29","91466273"
"JH378119","26855802","26855926","chr5","89017481","89017605","5","62161679"
"JH378119","26859496","26859781","chr6","118283163","118283452","22","91423667"
"JH378119","26868978","26869287","chr15","24811366","24811670","44","2057612"
"JH378119","26882574","26882864","chr5","131210725","131211008","51","104328151"
"JH378119","26883928","26884236","chr6","118260269","118260556","37","91376341"
"JH378119","26886189","26886446","chr6","118258099","118258356","22","91371910"
"JH378119","26897081","26897376","chr3","142077673","142077965","48","115180592"
"JH378119","26904798","26904929","chr6","118240462","118240598","13","91335664"
"JH378119","26919962","26920145","chr22","747411","747591","31","26172551"
"JH378119","26922175","26922217","chr6","118219801","118219843","0","91297626"
"JH378119","26923546","26923723","chr6","118217750","118217929","13","91294204"
"JH378119","26936270","26936569","chr2","16018347","16018645","44","10917923"
"JH378119","26940054","26940348","chr6","118195052","118195323","45","91254998"
"JH378119","26947705","26947996","chr6","118185825","118186114","36","91238120"
"JH378119","26952090","26952285","chr13","52352890","52353087","23","25400800"
"JH378119","26953291","26953591","chr6","118176330","118176639","23","91223039"
"JH378119","26956503","26956810","chr6","118173442","118173738","29","91216939"
"JH378119","26976070","26976179","chr8","105688896","105689005","18","78712826"
"JH378119","26977456","26977592","chr6","118152315","118152451","7","91174859"
"JH378119","26980273","26980561","chr6","118149363","118149637","27","91169090"
"JH378119","26981924","26982225","chr6","118147682","118147984","18","91165758"
"JH378119","26986223","26986518","chr6","118142413","118142705","19","91156190"
"JH378119","26994986","26995277","chr6","118133409","118133705","16","91138423"
"JH378119","27001621","27001886","chr6","118121737","118122010","28","91120116"
"JH378119","27007616","27007710","chr2","197356566","197356657","16","170348950"
"JH378119","27009515","27009712","chr6","118114032","118114229","21","91104517"
"JH378119","27025336","27025501","chr2","3476485","3476644","27","23548851"
"JH378119","27025749","27025888","chr19","28243163","28243303","23","1217414"
"JH378119","27042314","27042679","chr5","111575681","111576044","80","84533367"
"JH378119","27043784","27044067","chr6","118085135","118085416","34","91041351"
"JH378119","27049295","27049410","chr6","118079910","118080028","6","91030615"
"JH378119","27051893","27052214","chr12","96865186","96865496","58","69813293"
"JH378119","27053467","27053762","chr3","39056730","39057030","43","12003263"
"JH378119","27055977","27056238","chr10","41069163","41069439","49","14013186"
"JH378119","27083504","27083635","chr1","116982946","116983076","9","89899442"
"JH378119","27086185","27086479","chr6","118043965","118044260","24","90957780"
"JH378119","27089102","27089261","chr10","7751256","7751412","27","19337846"
"JH378119","27089286","27089411","chr6","123143068","123143189","18","96053782"
"JH378119","27102160","27102287","chr6","118031318","118031445","12","90929158"
"JH378119","27102590","27102760","chr4","3836765","3836932","27","23265825"
"JH378119","27123616","27123730","chr5","23821087","23821203","19","3302529"
"JH378119","27123731","27124032","chr6","118009545","118009857","25","90885814"
"JH378119","27124033","27124214","chrX","40251356","40251536","37","13127323"
"JH378119","27127321","27127638","chr20","28705690","28705991","60","1578369"
"JH378119","27130081","27130377","chr2","18586049","18586346","45","8544032"
"JH378119","27136302","27136603","chr6","118000222","118000523","24","90863920"
"JH378119","27138809","27138901","chr7","66845231","66845322","6","39706422"
"JH378119","27141152","27141334","chrY","50718","50900","14","27090434"
"JH378119","27142979","27143092","chr6","49094749","49094864","13","21951770"
"JH378119","27151129","27151245","chr4","31593650","31593770","19","4442521"
"JH378119","27155415","27155506","chr5","50499909","50500000","15","23344494"
"JH378119","27159988","27160163","chr10","22497053","22497234","30","4662935"
"JH378119","27179203","27179454","chr6","117957379","117957634","20","90778176"
"JH378119","27180607","27180779","chr6","117956429","117956590","15","90775822"
"JH378119","27183871","27184218","chr5","36941188","36941528","65","9757317"
"JH378119","27185648","27185799","chr5","25039279","25039433","24","2146369"
"JH378119","27186080","27186209","chr5","99047934","99048060","16","71861854"
"JH378119","27186818","27187100","chr6","117949592","117949881","31","90762774"
"JH378119","27189819","27190121","chr6","117946736","117947036","43","90756917"
"JH378119","27198384","27198691","chr1","128763824","128764129","47","101565440"
"JH378119","27206319","27206623","chr5","41472016","41472333","76","14265697"
"JH378119","27217440","27217590","chr5","394022","394175","25","26823418"
"JH378119","27221245","27221297","chr6","9096439","9096493","9","18124806"
"JH378119","27221577","27221726","chr6","117922016","117922165","13","90700439"
"JH378119","27226803","27226867","chr1","100716271","100716333","13","73489468"
"JH378119","27227283","27227414","chrX","122016207","122016342","15","94788924"
"JH378119","27245239","27245527","chr6","117900458","117900754","33","90655219"
"JH378119","27254029","27254252","chr8","8244782","8245008","50","19009247"
"JH378119","27254768","27254885","chrUn_GL287308","3633","3751","8","27251135"
"JH378119","27255262","27255543","chr6","117884989","117885280","26","90629727"
"JH378119","27262994","27263115","chr5","1833449","1833570","31","25429545"
"JH378119","27270499","27270632","chr6","117871737","117871862","15","90601238"
"JH378119","27270746","27271044","chr6","117871328","117871616","38","90600582"
"JH378119","27271098","27271163","chr6","117871210","117871279","7","90600112"
"JH378119","27275623","27275713","chr6","117866947","117867036","4","90591324"
"JH378119","27277430","27277732","chr6","117864721","117865025","24","90587291"
"JH378119","27308554","27308863","chr6","117836673","117836964","39","90528119"
"JH378119","27310886","27310961","chrX","38821578","38821652","10","11510692"
"JH378119","27311289","27311407","chrX","8860296","8860407","10","18450993"
"JH378119","27319588","27319878","chr7","63893524","63893812","55","36573936"
"JH378119","27325274","27325438","chr4","6737472","6737632","31","20587802"
"JH378119","27325730","27325811","chr6","117822645","117822722","8","90496915"
"JH378119","27337515","27337737","chr3","85041209","85041430","35","57703694"
"JH378119","27340575","27340659","chr3","65590006","65590092","9","38249431"
"JH378119","27341923","27342021","chr2","66742297","66742395","17","39400374"
"JH378119","27342649","27342775","chr6","117809846","117809972","6","90467197"
"JH378119","27344897","27345058","chr6","117807756","117807918","13","90462859"
"JH378119","27376180","27376432","chr2","63096625","63096877","40","35720445"
"JH378119","27382583","27382697","chr6","29686613","29686733","24","2304030"
"JH378119","27383138","27383212","chr8","750509","750584","9","26632629"
"JH378119","27388913","27389209","chr6","117765295","117765587","27","90376382"
"JH378119","27397932","27398203","chr6","117756905","117757184","25","90358973"
"JH378119","27402778","27403051","chr6","117751797","117752075","28","90349019"
"JH378119","27403094","27403397","chr6","117751451","117751752","25","90348357"
"JH378119","27408322","27408603","chr6","117746257","117746539","23","90337935"
"JH378119","27415744","27416042","chr6","117741305","117741598","36","90325561"
"JH378119","27433327","27433443","chr7","106091235","106091351","10","78657908"
"JH378119","27448192","27448496","chr6","117703729","117704039","20","90255537"
"JH378119","27466779","27467078","chr6","117684767","117685063","26","90217988"
"JH378119","27469250","27469551","chr6","117682602","117682904","14","90213352"
"JH378119","27478947","27479056","chr18","25011811","25011919","14","2467136"
"JH378119","27479358","27479555","chr4","15439312","15439512","38","12040046"
"JH378119","27540772","27540954","chr6","117608594","117608768","25","90067822"
"JH378119","27541256","27541399","chr5","70854574","70854711","22","43313318"
"JH378119","27546119","27546404","chr6","117601391","117601683","26","90055272"
"JH378119","27555961","27556145","chr21","6954375","6954554","32","20601586"
"JH378119","27556454","27556562","chr1","172624318","172624427","16","145067864"
"JH378119","27564700","27564912","chr9","15943511","15943715","37","11621189"
"JH378119","27564950","27565045","chr1","94023079","94023174","13","66458129"
"JH378119","27566661","27566941","chr6","117581257","117581541","28","90014596"
"JH378119","27567568","27567736","chr6","117580461","117580636","18","90012893"
"JH378119","27567737","27568032","chr6","117580171","117580460","23","90012434"
"JH378119","27568033","27568166","chr6","117580035","117580170","15","90012002"
"JH378119","27609882","27610129","chr6","117538846","117539097","15","89928964"
"JH378119","27650869","27651173","chr6","117498241","117498535","23","89847372"
"JH378119","27653653","27653838","chr7","62903599","62903787","31","35249946"
"JH378119","27670140","27670433","chr6","117480847","117481141","25","89810707"
"JH378119","27686249","27686551","chr6","117464595","117464886","33","89778346"
"JH378119","27693332","27693643","chr20","5584196","5584506","37","22109136"
"JH378119","27723536","27723666","chr6","117427271","117427395","15","89703735"
"JH378119","27727205","27727498","chr6","117423461","117423740","27","89696256"
"JH378119","27759900","27760193","chr9","100253704","100254004","46","72493804"
"JH378119","27764626","27764825","chr3","127094636","127094835","32","99330010"
"JH378119","27766364","27766579","chr1","171358918","171359116","48","143592554"
"JH378119","27822630","27822902","chr5","128523504","128523773","36","100700874"
"JH378119","27828206","27828382","chr6","117321887","117322062","14","89493681"
"JH378119","27828405","27828534","chr6","117321734","117321863","7","89493329"
"JH378119","27843803","27843970","chr5","106884185","106884345","25","79040382"
"JH378119","27844275","27844415","chr6","117305855","117305992","14","89461580"
"JH378119","27906048","27906338","chr6","117242193","117242482","13","89336145"
"JH378119","27908318","27908614","chr6","117239917","117240227","39","89331599"
"JH378119","27923483","27923786","chr6","117224923","117225218","24","89301440"
"JH378119","27960769","27960906","chr9","114131404","114131539","22","86170635"
"JH378119","27964964","27965150","chr6","117183061","117183251","13","89218097"
"JH378119","27965463","27965747","chr6","117182450","117182739","23","89216987"
"JH378119","28007587","28007927","chr9","107382137","107382469","59","79374550"
"JH378119","28012569","28012867","chr6","117130986","117131284","25","89118417"
"JH378119","28033207","28033460","chr5","68776233","68776490","44","40743026"
"JH378119","28033461","28033492","chr2","11835547","11835574","12","16197914"
"JH378119","28060028","28060249","chr5","87698626","87698848","44","59638598"
"JH378119","28084926","28085019","chr9","102177319","102177415","14","74092393"
"JH378119","28182704","28183009","chr6","116956598","116956911","34","88773894"
"JH378119","28187269","28187471","chr6","116951465","116951662","11","88764196"
"JH378119","28236547","28236792","chr6","116911878","116912137","22","88675331"
"JH378119","28286308","28286616","chr6","116855974","116856265","32","88569666"
"JH378119","28293026","28293334","chr6","116848971","116849279","19","88555945"
"JH378119","28300201","28300367","chrX","62875658","62875829","26","34575457"
"JH378119","28301940","28302098","chr2","8862451","8862599","31","19439489"
"JH378119","28305212","28305513","chr10","130558736","130559048","59","102253524"
"JH378119","28326130","28326414","chr9","18486833","18487130","57","9839297"
"JH378119","28337002","28337271","chr3","117494237","117494515","53","89157235"
"JH378119","28343154","28343457","chrX","44078688","44078989","36","15735534"
"JH378119","28352638","28352938","chr5","108579775","108580074","46","80227137"
"JH378119","28366734","28367047","chr6","116766521","116766818","40","88399787"
"JH378119","28420836","28420966","chr7","128069805","128069934","14","99648969"
"JH378119","28421770","28422056","chr6","116714401","116714678","38","88292631"
"JH378119","28432580","28432780","chr8","110692050","110692251","39","82259470"
"JH378119","28435256","28435536","chr6","116699599","116699880","17","88264343"
"JH378119","28444518","28444772","chr22","31419908","31420179","47","2975390"
"JH378119","28454572","28454799","chr7","4969121","4969352","34","23485451"
"JH378119","28454900","28455048","chr9","12436195","12436344","21","16018705"
"JH378119","28460872","28461102","chr5","113549792","113550021","54","85088920"
"JH378119","28465140","28465281","chr6","116664026","116664177","15","88198886"
"JH378119","28475302","28475603","chr6","116653730","116654020","21","88178428"
"JH378119","28486838","28487011","chr9","42544487","42544654","28","14057649"
"JH378119","28488219","28488507","chr6","116640534","116640824","24","88152315"
"JH378119","28503531","28503657","chr5","106416511","106416638","8","77912980"
"JH378119","28509400","28509564","chr6","116608436","116608600","6","88099036"
"JH378119","28509869","28510068","chr6","116607943","116608134","26","88098074"
"JH378119","28513390","28513678","chr6","116604659","116604941","34","88091269"
"JH378119","28518127","28518288","chr7","59805650","59805794","33","31287523"
"JH378119","28521658","28521816","chr1","200263926","200264085","30","171742268"
"JH378119","28524007","28524092","chr10","58699583","58699665","16","30175576"
"JH378119","28531744","28531944","chrX","38515909","38516109","31","9984165"
"JH378119","28531945","28532025","chr10","4067170","4067258","21","24464775"
"JH378119","28535342","28535649","chr6","116583305","116583596","29","88047963"
"JH378119","28561078","28561210","chr2","186546774","186546905","11","157985696"
"JH378119","28562272","28562402","chr2","92875331","92875463","20","64313059"
"JH378119","28573175","28573474","chr6","116543927","116544219","23","87970752"
"JH378119","28584061","28584314","chr6","116533431","116533712","37","87949370"
"JH378119","28594611","28594703","chr1","105653915","105654007","7","77059304"
"JH378119","28595724","28595862","chr6","17889142","17889278","22","10706582"
"JH378119","28598913","28599208","chr8","86840497","86840790","48","58241584"
"JH378119","28599669","28599978","chr9","112854918","112855224","47","84255249"
"JH378119","28606521","28606804","chr6","116516216","116516489","28","87909695"
"JH378119","28630828","28630906","chr5","82508267","82508343","8","53877439"
"JH378119","28634918","28635012","chr9","43509130","43509225","20","14874212"
"JH378119","28657514","28657670","chr22","5853595","5853753","22","22803919"
"JH378119","28667887","28668099","chr1","137993907","137994116","29","109326020"
"JH378119","28674085","28674373","chr6","116444135","116444417","26","87770050"
"JH378119","28676066","28676326","chr6","116442325","116442585","11","87766259"
"JH378119","28696081","28696383","chr6","116420651","116420949","17","87724570"
"JH378119","28698348","28698648","chr6","116419057","116419357","20","87720709"
"JH378119","28712626","28712927","chr2","59494600","59494939","109","30781974"
"JH378119","28715016","28715252","chr6","116402406","116402630","22","87687390"
"JH378119","28743852","28743948","chr20","33335823","33335919","6","4591971"
"JH378119","28744624","28744790","chr5","134311911","134312087","22","105567287"
"JH378119","28751054","28751306","chr5","46954385","46954652","62","18203331"
"JH378119","28751523","28751813","chr6","116362982","116363273","20","87611459"
"JH378119","28757031","28757327","chr6","116358540","116358831","24","87601509"
"JH378119","28760141","28760440","chr6","116355910","116356210","25","87595769"
"JH378119","28764387","28764465","chr9","119760950","119761029","10","90996563"
"JH378119","28765079","28765252","chr1","176739896","176740070","29","147974817"
"JH378119","28771470","28771756","chr6","116344655","116344946","25","87573185"
"JH378119","28784148","28784373","chr6","116330895","116331106","30","87546747"
"JH378119","28789538","28789846","chr6","116325616","116325945","48","87536078"
"JH378119","28824236","28824547","chr6","116286227","116286538","21","87461991"
"JH378119","28847457","28847766","chr19","47611098","47611399","47","18763641"
"JH378119","28859689","28859987","chr6","116249641","116249920","38","87389952"
"JH378119","28871206","28871366","chr6","116237579","116237738","14","87366373"
"JH378119","28871658","28871792","chr6","116237159","116237293","8","87365501"
"JH378119","28877181","28877307","chr9","61378790","61378914","15","32501609"
"JH378119","28883147","28883442","chr6","116225618","116225914","17","87342471"
"JH378119","28908639","28908937","chr6","116198511","116198791","39","87289872"
"JH378119","28910873","28911170","chr5","111150780","111151077","41","82239907"
"JH378119","29061158","29061461","chr2","171069733","171070026","48","142008575"
"JH378119","29064526","29064821","chr15","61577876","61578172","48","32513350"
"JH378119","29100408","29100672","chr2","13229835","13230109","41","15870573"
"JH378119","29113911","29114218","chr6","115953400","115953706","26","86839489"
"JH378119","29125087","29125384","chr10","87681273","87681568","49","58556186"
"JH378119","29132751","29133049","chr6","115933576","115933874","23","86800825"
"JH378119","29182528","29182837","chr6","115854664","115854964","29","86672136"
"JH378119","29246108","29246367","chr6","115787002","115787262","11","86540894"
"JH378119","29269745","29270064","chr6","115762949","115763260","26","86493204"
"JH378119","29388308","29388615","chr6","115641797","115642111","31","86253489"
"JH378119","29459094","29459377","chr2","61461027","61461309","52","32001933"
"JH378119","29461394","29461519","chr6","115566234","115566362","18","86104840"
"JH378119","29478781","29479081","chr6","115548858","115549158","29","86070077"
"JH378119","29509894","29510057","chr1","10918941","10919108","20","18590953"
"JH378119","29510354","29510487","chr3","150823497","150823634","15","121313143"
"JH378119","29566833","29567102","chr6","115455546","115455803","38","85888713"
"JH378119","29628590","29628699","chr11","61541959","61542068","18","31913369"
"JH378119","29642765","29643065","chr6","115382078","115382368","31","85739313"
"JH378119","29759763","29760024","chr6","115265318","115265586","15","85505555"
"JH378119","29784823","29785131","chr6","115240121","115240417","34","85455298"
"JH378119","29812455","29812750","chr6","115210949","115211250","25","85398494"
"JH378119","29850736","29850921","chr10","8755215","8755399","33","21095521"
"JH378119","29850954","29851072","chr1","77395305","77395431","25","47544351"
"JH378119","29884477","29884650","chr6","115140487","115140660","16","85256010"
"JH378119","29921129","29921431","chr6","115103542","115103842","20","85182413"
"JH378119","29951669","29951991","chr6","115074963","115075300","35","85123294"
"JH378119","30104182","30104460","chr12","90075757","90076035","45","59971575"
"JH378119","30104507","30104534","chr7","32894748","32894774","5","2790241"
"JH378119","30113968","30114259","chr6","114911918","114912216","23","84797950"
"JH378119","30125211","30125543","chr6","114900728","114901034","47","84775517"
"JH378119","30203514","30203802","chr7","8451213","8451494","59","21752301"
"JH378119","30208483","30208791","chr6","114811732","114812038","30","84603249"
"JH378119","30217625","30217898","chr6","114802397","114802677","39","84584772"
"JH378119","30227567","30227872","chr6","114780826","114781137","28","84553259"
"JH378119","30234783","30234907","chr6","114774091","114774214","12","84539308"
"JH378119","30236682","30236973","chr6","114772037","114772329","26","84535355"
"JH378119","30239787","30240084","chr16","71214310","71214607","38","40974523"
"JH378119","30297301","30297588","chr6","114712505","114712806","36","84415204"
"JH378119","30324539","30324667","chr7","144919127","144919254","13","114594588"
"JH378119","30353321","30353434","chr6","114657654","114657767","10","84304333"
"JH378119","30374513","30374800","chr6","114636099","114636387","21","84261586"
"JH378119","30375639","30375933","chr6","114634981","114635270","27","84259342"
"JH378119","30436453","30436734","chr1","77088245","77088528","44","46651792"
"JH378119","30519734","30519865","chr6","123997497","123997626","17","93477763"
"JH378119","30685445","30685566","chrUn_GL286444","14745","14872","19","30670700"
"JH378119","30723847","30724111","chr6","114294803","114295083","32","83570956"
"JH378119","30731414","30731530","chr22","16456717","16456833","7","14274697"
"JH378119","30826086","30826385","chr10","81196256","81196554","39","50370170"
"JH378119","30852521","30852830","chr6","114168444","114168753","22","83315923"
"JH378119","30860251","30860407","chr6","114160484","114160641","17","83300233"
"JH378119","31240474","31240792","chr3","20642128","20642432","49","10598346"
"JH378119","31246057","31246357","chr10","88237958","88238260","57","56991901"
"JH378119","31265541","31265558","chr2","28202611","28202628","2","3062930"
"JH378119","31265593","31265876","chrX","118032361","118032643","46","86766768"
"JH378119","31268203","31268515","chr6","113739236","113739541","38","82471033"
"JH378119","31270984","31271280","chr6","113736472","113736760","24","82465488"
"JH378119","31289180","31289452","chr22","1807993","1808267","43","29481187"
"JH378119","31394186","31394466","chr12","109561775","109562051","46","78167589"
"JH378119","31395455","31395755","chr6","113599362","113599664","28","82203907"
"JH378119","31400763","31401056","chr6","113595872","113596164","26","82195109"
"JH378119","31401962","31402082","chr6","113594510","113594630","9","82192548"
"JH378119","31402894","31403204","chr6","113593627","113593931","21","82190733"
"JH378119","31572011","31572163","chr6","113416869","113417017","13","81844858"
"JH378119","31609937","31610025","chr1","105653915","105654007","9","74043978"
"JH378119","31611018","31611322","chr6","113377246","113377553","23","81766228"
"JH378119","31617276","31617558","chr6","113368175","113368464","28","81750899"
"JH378119","31684076","31684352","chr6","113306141","113306430","36","81622065"
"JH378119","31939247","31939585","chr6","113006120","113006412","57","81066873"
"JH378119","31963054","31963170","chr1","139014897","139015013","6","107051843"
"JH378119","31966751","31967070","chr6","112978004","112978316","50","81011253"
"JH378119","31967351","31967464","chrX","70223329","70223442","5","38255978"
"JH378119","32033882","32034168","chr7","43837732","43838021","55","11803850"
"JH378119","32044768","32044881","chr14","46514660","46514773","5","14469892"
"JH378119","32059669","32059785","chrX","20280772","20280887","9","11778897"
"JH378119","32065894","32066188","chr6","112884679","112884966","32","80818785"
"JH378119","32068000","32068295","chr6","112880501","112880805","29","80812501"
"JH378119","32072246","32072552","chr6","112874446","112874748","38","80802200"
"JH378119","32107963","32108139","chr6","112833714","112833882","20","80725751"
"JH378119","32108422","32108558","chr6","112833306","112833442","4","80724884"
"JH378119","32135319","32135490","chr6","112805067","112805238","14","80669748"
"JH378119","32135491","32135803","chr6","112804754","112805066","26","80669263"
"JH378119","32135804","32135902","chr6","112804653","112804753","9","80668849"
"JH378119","32137667","32137813","chrX","69028087","69028235","30","36890420"
"JH378119","32147510","32147675","chr22","9749341","9749509","32","22398169"
"JH378119","32148010","32148171","chr4","106151800","106151966","25","74003790"
"JH378119","32151977","32152281","chr6","112790566","112790850","37","80638589"
"JH378119","32160426","32160559","chr11","103369566","103369695","18","71209140"
"JH378119","32171695","32171898","chr6","112775596","112775803","15","80603901"
"JH378119","32172115","32172407","chr6","112775094","112775375","40","80602979"
"JH378119","32175596","32175843","chr6","112771953","112772192","22","80596357"
"JH378119","32187701","32187819","chr7","73887898","73888017","8","41700197"
"JH378119","32187840","32188010","chr12","31124044","31124202","52","1063796"
"JH378119","32191334","32191639","chr8","10981639","10981933","47","21209695"
"JH378119","32198010","32198289","chr6","112745035","112745322","37","80547025"
"JH378119","32200533","32200843","chr6","112742290","112742582","44","80541757"
"JH378119","32200846","32201148","chr6","112741980","112742284","30","80541134"
"JH378119","32203854","32203970","chr6","112739498","112739607","14","80535644"
"JH378119","32214538","32214836","chr6","112728617","112728916","22","80514079"
"JH378119","32215006","32215315","chr6","112728127","112728432","36","80513121"
"JH378119","32224871","32225171","chr5","72278102","72278400","43","40053231"
"JH378119","32245482","32245777","chr6","112698280","112698567","27","80452798"
"JH378119","32256683","32256965","chr6","112687499","112687780","21","80430816"
"JH378119","32273364","32273671","chr11","100171955","100172263","43","67898591"
"JH378119","32281885","32282056","chr21","29548007","29548179","27","2733878"
"JH378119","32282272","32282455","chr9","114386915","114387097","37","82104643"
"JH378119","32290184","32290463","chr17","6714515","6714793","47","25575669"
"JH378119","32293275","32293573","chr8","687744","688032","44","31605531"
"JH378119","32293587","32293901","chr10","101682382","101682697","61","69388795"
"JH378119","32294500","32294798","chr19","12217219","12217515","40","20077281"
"JH378119","32295901","32296186","chr7","22678352","22678637","42","9617549"
"JH378119","32296775","32296934","chr7","36441428","36441590","23","4144653"
"JH378119","32297232","32297367","chr14","79788142","79788277","9","47490910"
"JH378119","32302454","32302748","chr6","112642208","112642499","20","80339754"
"JH378119","32313233","32313531","chr7","63893524","63893812","54","31580291"
"JH378119","32372911","32373205","chr6","112584498","112584778","43","80211587"
"JH378119","32381997","32382282","chr6","112575627","112575907","19","80193630"
"JH378119","32386927","32387219","chr4","16477160","16477455","42","15909767"
"JH378119","32388295","32388588","chr6","112569404","112569704","49","80181109"
"JH378119","32413795","32414078","chr12","21401964","21402236","56","11011831"
"JH378119","32414080","32414280","chr2","84018985","84019179","30","51604905"
"JH378119","32417953","32418124","chr14","105947038","105947210","20","73529085"
"JH378119","32429833","32430138","chr6","112538039","112538314","45","80108206"
"JH378119","32437705","32438004","chr6","112529874","112530180","33","80092169"
"JH378119","32460600","32460889","chr6","112507117","112507419","39","80046517"
"JH378119","32468141","32468450","chr6","56503825","56504118","57","24035684"
"JH378119","32471100","32471343","chr6","112492482","112492723","26","80021382"
"JH378119","32519995","32520209","chr11","60199214","60199432","36","27679219"
"JH378119","32525986","32526276","chr2","35198075","35198364","47","2672089"
"JH378119","32589065","32589369","chr1","140527477","140527785","46","107938412"
"JH378119","32612810","32612948","chr13","8979275","8979411","19","23633535"
"JH378119","32627922","32628055","chr4","80973109","80973242","6","48345187"
"JH378119","32636290","32636571","chr6","112318428","112318700","26","79682138"
"JH378119","32664157","32664456","chr6","112290687","112290973","30","79626530"
"JH378119","32670858","32670972","chr13","90706936","90707047","17","58036078"
"JH378119","32670974","32671090","chr4","116380863","116380979","4","83709889"
"JH378119","32671130","32671329","chr8","56827514","56827714","28","24156384"
"JH378119","32694714","32695000","chr6","112259438","112259708","23","79564724"
"JH378119","32719908","32720044","chr10","29828869","29829005","22","2891039"
"JH378119","32720357","32720499","chr6","112233236","112233395","24","79512879"
"JH378119","32724992","32725143","chr1","84367033","84367185","28","51642041"
"JH378119","32737396","32737674","chr8","116569226","116569511","45","83831830"
"JH378119","32744551","32744849","chr6","112200760","112201035","40","79456209"
"JH378119","32761731","32761758","chrX","71526078","71526103","2","38764347"
"JH378119","32761805","32762082","chr6","112183418","112183694","47","79421613"
"JH378119","32819049","32819178","chr1","172396533","172396660","10","139577484"
"JH378119","32832319","32832586","chr6","134469164","134469442","57","101636845"
"JH378119","32838336","32838393","chr8","51410715","51410770","12","18572379"
"JH378119","32840601","32840899","chr6","112104114","112104418","26","79263513"
"JH378119","32913338","32913613","chr6","112022405","112022686","36","79109067"
"JH378119","32989978","32990189","chr6","83472421","83472626","37","50482443"
"JH378119","33016817","33017099","chr6","111898025","111898305","27","78881208"
"JH378119","33035214","33035506","chr7","14368052","14368345","43","18667162"
"JH378119","33107410","33107586","chr6","111812683","111812841","22","78705273"
"JH378119","33169981","33170261","chr6","111739548","111739827","28","78569567"
"JH378119","33184277","33184583","chr3","110652603","110652910","50","77468326"
"JH378119","33216764","33216927","chr6","111699372","111699542","14","78482608"
"JH378119","33217205","33217341","chr6","111698960","111699095","10","78481755"
"JH378119","33225572","33225876","chr6","111690474","111690750","31","78464902"
"JH378119","33274642","33274926","chr6","111638479","111638782","41","78363837"
"JH378119","33310574","33310875","chr6","111599041","111599337","22","78288467"
"JH378119","33338142","33338431","chr6","111570806","111571096","16","78232664"
"JH378119","33409433","33409566","chr18","7985985","7986118","14","25423448"
"JH378119","33441005","33441314","chr6","111466581","111466879","39","78025576"
"JH378119","33449351","33449665","chr1","152673124","152673450","80","119223773"
"JH378119","33470588","33470921","chr5","82992357","82992681","55","49521769"
"JH378119","33583579","33583889","chr6","111320049","111320340","38","77736470"
"JH378119","33658445","33658764","chr6","111239211","111239514","30","77580766"
"JH378119","33667509","33667686","chr12","27779715","27779889","30","5887794"
"JH378119","33694042","33694294","chr5","72194749","72195009","46","38500707"
"JH378119","33727852","33728149","chr17","26482397","26482693","44","7245455"
"JH378119","33800751","33800883","chr4","148615049","148615180","7","114814298"
"JH378119","33887436","33887571","chr6","110977688","110977824","8","77090252"
"JH378119","33887882","33888042","chr6","110977219","110977378","13","77089337"
"JH378119","33941890","33942164","chr12","87604274","87604544","53","53662384"
"JH378119","33980047","33980332","chr6","110881486","110881772","21","76901439"
"JH378119","33981945","33982152","chr1","185178393","185178599","21","151196448"
"JH378119","33982184","33982194","chr4","159024507","159024518","1","125042323"
"JH378119","33989745","33990039","chr6","110872000","110872298","18","76882255"
"JH378119","33995315","33995617","chr6","110867708","110868000","34","76872393"
"JH378119","33997255","33997558","chr6","110866102","110866399","36","76868847"
"JH378119","34010921","34011230","chr6","110851626","110851927","28","76840705"
"JH378119","34021537","34021726","chr6","1544679","1544872","26","32476858"
"JH378119","34033340","34033560","chr6","110830693","110830897","31","76797353"
"JH378119","34033852","34034141","chr6","110830097","110830391","29","76796245"
"JH378119","34039090","34039386","chr6","110824813","110825102","41","76785723"
"JH378119","34058395","34058509","chr10","83154847","83154961","13","49096452"
"JH378119","34071778","34071908","chr5","83082035","83082167","7","49010257"
"JH378119","34075253","34075562","chr6","110789259","110789564","26","76714006"
"JH378119","34096938","34097089","chr6","110762777","110762934","19","76665839"
"JH378119","34158628","34158918","chr2","48696731","48697025","50","14538103"
"JH378119","34168581","34168841","chr6","110676853","110677116","40","76508272"
"JH378119","34310585","34310879","chr6","110510574","110510866","24","76199989"
"JH378119","34320627","34320927","chr6","110500119","110500413","23","76179492"
"JH378119","34355158","34355326","chr6","25212170","25212334","26","9142988"
"JH378119","34355618","34355754","chrX","51159105","51159239","20","16803487"
"JH378119","34365494","34365610","chr3","115803586","115803707","17","81438092"
"JH378119","34365696","34365876","chr5","83213262","83213436","38","48847566"
"JH378119","34489506","34489789","chrX","51184016","51184303","47","16694510"
"JH378119","34598163","34598469","chr6","110170005","110170310","19","75571842"
"JH378119","34718357","34718639","chr6","110060507","110060789","17","75342150"
"JH378119","34747192","34747467","chr6","110029578","110029860","32","75282386"
"JH378119","34793970","34794278","chrX","107801218","107801520","53","73007248"
"JH378119","34803889","34804184","chr6","109976985","109977289","28","75173096"
"JH378119","34875067","34875227","chr20","35387954","35388111","17","512887"
"JH378119","34875275","34875307","chr1","52681258","52681288","5","17805983"
"JH378119","34893846","34894111","chr6","109866465","109866731","31","74972619"
"JH378119","34956746","34956876","chr5","64625998","64626128","10","29669252"
"JH378119","35177747","35178084","chrX","45652456","45652781","67","10474709"
"JH378119","35233359","35233643","chr6","109484775","109485071","31","74251416"
"JH378119","35245987","35246299","chr20","12333419","12333726","56","22912568"
"JH378119","35267864","35268139","chr6","109439524","109439797","28","74171660"
"JH378119","35273364","35273489","chr5","77881106","77881227","18","42607742"
"JH378119","35276091","35276223","chr3","110945738","110945868","17","75669647"
"JH378119","35354079","35354353","chr6","109335119","109335395","19","73981040"
"JH378119","35498879","35499149","chr6","109174627","109174896","24","73675748"
"JH378119","35521174","35521382","chr6","109140415","109140623","21","73619241"
"JH378119","35573455","35573773","chr6","109075053","109075349","57","73501598"
"JH378119","35583324","35583594","chr12","93933087","93933353","47","58349763"
"JH378119","35612378","35612686","chr6","109035603","109035903","43","73423225"
"JH378119","35644643","35644755","chr2","29936500","29936613","19","5708143"
"JH378119","35644792","35644962","chr9","85491016","85491184","30","49846224"
"JH378119","35699624","35699719","chr6","108937144","108937238","5","73237520"
"JH378119","35700025","35700148","chr4","52839630","52839762","23","17139605"
"JH378119","35723531","35723633","chr6","108903884","108903983","12","73180353"
"JH378119","35795776","35795884","chr4","58197882","58197992","17","22402106"
"JH378119","35821326","35821658","chr5","116678520","116678843","65","80857194"
"JH378119","35854268","35854558","chr5","79478782","79479093","56","43624514"
"JH378119","35912452","35912780","chr5","158763626","158763942","72","122851174"
"JH378119","36001457","36001684","chrX","39436805","39437040","44","3435348"
"JH378119","36035077","36035262","chr20","7258491","7258669","32","28776586"
"JH378119","36146270","36146490","chr3","173829537","173829745","48","137683267"
"JH378119","36219119","36219244","chr2","128576299","128576423","19","92357180"
"JH378119","36237926","36238249","chrX","605542","605896","75","35632384"
"JH378119","36254212","36254507","chr20","42237346","42237637","51","5983134"
"JH378119","36279492","36279674","chr6","108255766","108255952","29","71976274"
"JH378119","36280007","36280123","chr5","62067665","62067782","18","25787658"
"JH378120","14679948","14680093","chr2","65011647","65011793","20","50331699"
"JH378120","917320","917624","chr2","135100517","135100814","21","134183197"
"JH378120","20840317","20840676","chr19","24022301","24022626","101","3181984"
"JH378120","826","862","chr22","9711833","9711868","3","9711007"
"JH378120","122019","122270","chr2","134261732","134261981","21","134139713"
"JH378120","134703","134993","chr2","134274628","134274932","37","134139925"
"JH378120","222812","223122","chr2","134365871","134366165","36","134143059"
"JH378120","237815","238097","chr2","134380397","134380680","27","134142582"
"JH378120","264172","264469","chr2","134406883","134407171","26","134142711"
"JH378120","336839","337170","chr2","134477857","134478162","47","134141018"
"JH378120","422747","423051","chr13","61627046","61627346","47","61204299"
"JH378120","432142","432453","chr2","134584813","134585111","33","134152671"
"JH378120","452515","452801","chr2","134604407","134604694","23","134151892"
"JH378120","484565","484864","chr7","97396158","97396458","47","96911593"
"JH378120","509633","509940","chr2","134661273","134661582","24","134151640"
"JH378120","525381","525510","chr9","39167271","39167402","5","38641890"
"JH378120","574230","574339","chr2","20609524","20609634","13","20035294"
"JH378120","601276","601391","chr2","134765464","134765580","7","134164188"
"JH378120","617607","617897","chr12","80151638","80151927","42","79534031"
"JH378120","619321","619643","chr2","134785632","134785946","36","134166311"
"JH378120","624823","625111","chr2","134790760","134791059","25","134165937"
"JH378120","634100","634265","chr5","41450271","41450435","32","40816171"
"JH378120","648718","649019","chr2","134814201","134814495","28","134165483"
"JH378120","657813","658099","chr2","134823263","134823549","17","134165450"
"JH378120","678378","678575","chr20","29211700","29211896","31","28533322"
"JH378120","686653","686981","chr7","27345420","27345752","59","26658767"
"JH378120","721958","722259","chr2","134891925","134892210","34","134169967"
"JH378120","758660","758750","chr15","63225753","63225843","7","62467093"
"JH378120","787643","787923","chr7","45989418","45989698","46","45201775"
"JH378120","787954","787968","chr1","166779394","166779407","2","165991440"
"JH378120","815778","816092","chr5","50659779","50660089","47","49844001"
"JH378120","854474","854786","chr2","135034008","135034322","17","134179534"
"JH378120","893625","893934","chr12","12612287","12612599","34","11718662"
"JH378120","911525","911660","chr5","106832662","106832796","16","105921137"
"JH378120","912632","912832","chr22","16590153","16590339","39","15677521"
"JH378120","952965","953079","chr14","46514660","46514773","8","45561695"
"JH378120","1091649","1091947","chr2","135282207","135282504","23","134190558"
"JH378120","1128749","1129053","chr2","135318853","135319170","57","134190104"
"JH378120","1139080","1139359","chr10","29133988","29134267","51","27994908"
"JH378120","1170586","1170868","chr12","80151638","80151927","44","78981052"
"JH378120","1238593","1238870","chr5","821553","821840","44","417040"
"JH378120","1251288","1251595","chr2","135446713","135447020","13","134195425"
"JH378120","1275679","1275823","chr2","135470553","135470694","17","134194874"
"JH378120","1276446","1276571","chr22","43470135","43470259","8","42193689"
"JH378120","1279334","1279614","chr10","8746013","8746301","50","7466679"
"JH378120","1305681","1305976","chr6","30479617","30479908","45","29173936"
"JH378120","1313732","1314040","chr2","135516245","135516553","24","134202513"
"JH378120","1324930","1325214","chrY","1124175","1124478","49","200755"
"JH378120","1329220","1329351","chr2","135532424","135532557","10","134203204"
"JH378120","1329816","1329945","chr5","106416511","106416638","12","105086695"
"JH378120","1347921","1348204","chr3","17789071","17789354","46","16441150"
"JH378120","1359841","1360131","chr2","135558899","135559184","23","134199058"
"JH378120","1377715","1377844","chr2","135577187","135577315","9","134199472"
"JH378120","1378142","1378276","chr5","84227278","84227413","16","82849136"
"JH378120","1387859","1388150","chr2","135587295","135587586","21","134199436"
"JH378120","1394534","1394848","chr2","135594023","135594328","33","134199489"
"JH378120","1395128","1395388","chr2","135594608","135594855","28","134199480"
"JH378120","1403551","1403668","chr2","59018472","59018589","12","57614921"
"JH378120","1403968","1404189","chr15","24515180","24515394","50","23111212"
"JH378120","1405465","1405755","chr2","135604073","135604362","23","134198608"
"JH378120","1409221","1409480","chr7","43242665","43242920","52","41833444"
"JH378120","1409726","1410029","chr2","135608344","135608633","40","134198618"
"JH378120","1416973","1417272","chr2","135615633","135615925","35","134198660"
"JH378120","1422873","1423144","chr1","202616737","202617012","55","201193864"
"JH378120","1441936","1442225","chr2","135640543","135640830","23","134198607"
"JH378120","1442327","1442444","chr1","184688473","184688588","13","183246146"
"JH378120","1469898","1470187","chr2","135667384","135667674","20","134197486"
"JH378120","1506529","1506826","chr2","135730834","135731131","28","134224305"
"JH378120","1534211","1534513","chr2","135770275","135770579","19","134236064"
"JH378120","1571072","1571363","chr2","135805142","135805440","29","134234070"
"JH378120","1581789","1582081","chr2","135823994","135824290","28","134242205"
"JH378120","1603742","1604040","chrX","51304889","51305199","52","49701147"
"JH378120","1830796","1831061","chr2","136100044","136100310","20","134269248"
"JH378120","1893331","1893618","chr2","136163232","136163492","49","134269901"
"JH378120","1942508","1942767","chr2","136215138","136215390","31","134272630"
"JH378120","2014949","2015243","chr2","136287457","136287758","45","134272508"
"JH378120","2032992","2033248","chr2","136306025","136306281","12","134273033"
"JH378120","2075584","2075723","chr19","16484646","16484783","24","14409062"
"JH378120","2101886","2102177","chr2","136375036","136375340","48","134273150"
"JH378120","2142369","2142462","chr15","13976812","13976897","20","11834443"
"JH378120","2202285","2202566","chr2","136475388","136475670","20","134273103"
"JH378120","2209441","2209739","chr2","136482289","136482573","35","134272848"
"JH378120","2219568","2219845","chr2","136492445","136492709","28","134272877"
"JH378120","2267281","2267419","chr2","136540995","136541132","12","134273714"
"JH378120","2447602","2447894","chr2","136737380","136737667","20","134289778"
"JH378120","2627731","2628011","chr2","136926327","136926622","33","134298596"
"JH378120","2630590","2630769","chr1","170453630","170453809","32","167823040"
"JH378120","2630807","2630930","chr2","136929696","136929819","5","134298889"
"JH378120","2641197","2641503","chr15","42248925","42249230","49","39607728"
"JH378120","2660276","2660583","chr5","153959754","153960056","42","151299478"
"JH378120","2668599","2668876","chr2","136963423","136963701","27","134294824"
"JH378120","2675815","2676126","chr6","132285040","132285350","42","129609225"
"JH378120","2691475","2691775","chr2","136990262","136990560","25","134298787"
"JH378120","2701575","2701874","chr2","137002211","137002508","24","134300636"
"JH378120","2704723","2705033","chr2","137003003","137003310","30","134298280"
"JH378120","2705366","2705671","chr2","137003642","137003953","42","134298276"
"JH378120","2711388","2711684","chr16","45469256","45469554","41","42757868"
"JH378120","2721380","2721675","chr2","137025894","137026194","25","134304514"
"JH378120","2722804","2722934","chr9","38260691","38260821","7","35537887"
"JH378120","2730729","2730864","chr9","15280410","15280541","11","12549681"
"JH378120","2749253","2749538","chr2","137051930","137052211","23","134302677"
"JH378120","2750457","2750567","chr3","30171059","30171163","16","27420602"
"JH378120","2750945","2751152","chr2","137053585","137053790","12","134302640"
"JH378120","2813132","2813425","chr2","137129912","137130191","38","134316780"
"JH378120","2850556","2850673","chr1","150874012","150874128","9","148023456"
"JH378120","2867073","2867203","chr3","142409967","142410098","22","139542894"
"JH378120","2867215","2867519","chr2","171409466","171409757","45","168542251"
"JH378120","2868017","2868191","chr2","137187266","137187434","28","134319249"
"JH378120","2868483","2868622","chr11","16768745","16768879","26","13900262"
"JH378120","2870078","2870229","chrX","122016207","122016342","31","119146129"
"JH378120","2921470","2921760","chr2","137271514","137271815","46","134350044"
"JH378120","2930876","2931173","chr2","137287303","137287600","29","134356427"
"JH378120","2933125","2933425","chr7","2203154","2203457","53","729971"
"JH378120","2933534","2933857","chr2","72606491","72606816","22","69672957"
"JH378120","2955929","2956063","chr5","31251771","31251905","12","28295842"
"JH378120","2956373","2956541","chr7","47747520","47747686","25","44791147"
"JH378120","2958128","2958242","chr2","137316562","137316676","7","134358434"
"JH378120","2978495","2978717","chr9","103359494","103359721","45","100380999"
"JH378120","2994301","2994596","chr2","137350482","137350774","23","134356181"
"JH378120","3000777","3001104","chr2","137357935","137358243","57","134357158"
"JH378120","3002412","3002715","chr2","137360420","137360729","29","134358008"
"JH378120","3022339","3022458","chr7","85855112","85855233","9","82832773"
"JH378120","3030157","3030250","chr6","59542954","59543043","15","56512797"
"JH378120","3052893","3053164","chr4","157496612","157496880","45","154443719"
"JH378120","3065375","3065643","chr1","192718541","192718809","55","189653166"
"JH378120","3066540","3066674","chr2","1729104","1729238","13","1337436"
"JH378120","3067447","3067531","chrX","78168115","78168198","13","75100668"
"JH378120","3069040","3069221","chr16","32727773","32727962","41","29658733"
"JH378120","3069914","3070183","chr7","32370638","32370909","41","29300724"
"JH378120","3087311","3087613","chr2","137441675","137441973","29","134354364"
"JH378120","3101855","3101868","chr2","35647415","35647430","2","32545560"
"JH378120","3101895","3102003","chr2","137454597","137454710","11","134352702"
"JH378120","3113860","3113967","chr2","82336957","82337063","11","79223097"
"JH378120","3115706","3115805","chr7","22518475","22518572","8","19402769"
"JH378120","3119955","3120201","chr2","137487079","137487329","16","134367124"
"JH378120","3129224","3129438","chr2","137497119","137497334","21","134367895"
"JH378120","3134854","3134963","chr3","83270922","83271035","12","80136068"
"JH378120","3141451","3141755","chr2","137508623","137508923","21","134367172"
"JH378120","3144686","3144976","chr5","128050545","128050843","55","124905859"
"JH378120","3147945","3148079","chr11","64753952","64754086","15","61606007"
"JH378120","3148385","3148554","chr9","43280226","43280398","27","40131841"
"JH378120","3151101","3151252","chr5","122686359","122686505","26","119535258"
"JH378120","3166727","3166944","chr2","137525623","137525837","34","134358896"
"JH378120","3172084","3172383","chr2","8602726","8603015","58","5430642"
"JH378120","3172558","3172794","chr2","79465378","79465610","39","76292820"
"JH378120","3178154","3178215","chr7","54139275","54139338","10","50961121"
"JH378120","3204314","3204602","chr2","137559244","137559533","24","134354930"
"JH378120","3239397","3239546","chr7","61551277","61551425","24","58311880"
"JH378120","3258780","3259080","chr2","137714847","137715110","53","134456067"
"JH378120","3259101","3259398","chr2","137715122","137715419","18","134456021"
"JH378120","3263246","3263318","chr12","22672849","22672926","15","19409603"
"JH378120","3263323","3263604","chr21","47569874","47570151","44","44306551"
"JH378120","3270374","3270502","chr18","27719591","27719721","16","24449217"
"JH378120","3274833","3274925","chr22","1978825","1978917","12","1296008"
"JH378120","3280446","3280751","chr2","39346083","39346392","49","36065637"
"JH378120","3285930","3286219","chr4","148485141","148485423","44","145199211"
"JH378120","3289101","3289251","chr1","172310054","172310206","18","169020953"
"JH378120","3296252","3296369","chr1","148241727","148241837","22","144945475"
"JH378120","3298351","3298655","chr2","137766663","137766963","29","134468312"
"JH378120","3300218","3300508","chr2","137767904","137768203","28","134467686"
"JH378120","3308163","3308453","chr2","137775251","137775550","26","134467088"
"JH378120","3342025","3342318","chr2","137798312","137798598","26","134456287"
"JH378120","3345266","3345472","chr10","105789420","105789631","45","102444154"
"JH378120","3353606","3353918","chr2","137809731","137810028","38","134456125"
"JH378120","3356933","3357026","chr7","25794206","25794301","11","22437273"
"JH378120","3363193","3363483","chr2","137821556","137821844","28","134458363"
"JH378120","3371671","3371777","chr2","61593790","61593895","18","58222119"
"JH378120","3375728","3375786","chr2","137834634","137834692","2","134458906"
"JH378120","3379887","3380184","chr2","61458822","61459117","40","58078935"
"JH378120","3387970","3388271","chr10","81672870","81673171","36","78284900"
"JH378120","3395403","3395677","chr2","137855419","137855696","27","134460016"
"JH378120","3399615","3399742","chr2","137859132","137859260","10","134459517"
"JH378120","3403620","3403910","chr1","169360754","169361049","46","165957134"
"JH378120","3417387","3417516","chr22","39664111","39664241","10","36246724"
"JH378120","3442288","3442586","chr2","137904017","137904313","31","134461729"
"JH378120","3449716","3449847","chr20","20107644","20107775","13","16657928"
"JH378120","3449851","3450163","chr5","57906878","57907175","71","54457027"
"JH378120","3455909","3456198","chr7","113890644","113890931","36","110434735"
"JH378120","3456571","3456690","chr2","137915053","137915171","10","134458482"
"JH378120","3456714","3456889","chr2","137915197","137915365","13","134458483"
"JH378120","3466477","3466780","chr2","137925719","137926026","26","134459242"
"JH378120","3473016","3473312","chr7","25957236","25957530","43","22484220"
"JH378120","3483815","3483933","chr16","18984904","18985021","15","15501089"
"JH378120","3483964","3484120","chr9","18867552","18867716","31","15383588"
"JH378120","3484779","3485066","chr2","137941190","137941485","19","134456411"
"JH378120","3486791","3487031","chr22","40637431","40637685","53","37150640"
"JH378120","3497039","3497311","chr2","137959166","137959453","35","134462127"
"JH378120","3500547","3500853","chr2","137962413","137962705","33","134461866"
"JH378120","3500905","3501036","chrX","36945094","36945224","8","33444189"
"JH378120","3502144","3502423","chr2","137963989","137964278","29","134461845"
"JH378120","3507220","3507513","chr2","137970927","137971224","17","134463707"
"JH378120","3515380","3515648","chr2","137979426","137979677","29","134464046"
"JH378120","3517528","3517659","chr2","8894341","8894472","8","5376813"
"JH378120","3545684","3545971","chr2","138009367","138009662","25","134463683"
"JH378120","3554650","3554957","chr2","138018349","138018656","19","134463699"
"JH378120","3562124","3562178","chr5","10813151","10813204","7","7251027"
"JH378120","3575432","3575517","chr2","138039558","138039644","2","134464126"
"JH378120","3580153","3580260","chr4","127610177","127610284","8","124030024"
"JH378120","3596558","3596862","chr10","81196256","81196554","34","77599698"
"JH378120","3660772","3661070","chr4","38053211","38053510","43","34392439"
"JH378120","3727662","3727974","chr2","138193549","138193857","22","134465887"
"JH378120","3798967","3799262","chr2","138272583","138272876","23","134473616"
"JH378120","3922821","3923079","chr2","138403813","138404071","21","134480992"
"JH378120","3933685","3933814","chr4","150598603","150598733","10","146664918"
"JH378120","3955829","3956017","chr2","138430452","138430641","15","134474623"
"JH378120","3999393","3999700","chr2","138474707","138475012","26","134475314"
"JH378120","4043559","4043860","chr2","138524318","138524621","33","134480759"
"JH378120","4068094","4068390","chr2","138549594","138549869","41","134481500"
"JH378120","4119141","4119450","chr2","138601684","138601976","33","134482543"
"JH378120","4144145","4144447","chr2","138625843","138626132","43","134481698"
"JH378120","4209497","4209751","chr11","124900563","124900829","51","120691066"
"JH378120","4321258","4321573","chr2","138811563","138811865","27","134490305"
"JH378120","4334574","4334875","chr2","138824798","138825092","32","134490224"
"JH378120","4359207","4359508","chr2","138849502","138849801","29","134490295"
"JH378120","4378711","4378841","chr2","138868835","138868965","5","134490124"
"JH378120","4379138","4379307","chr2","138869259","138869425","18","134490121"
"JH378120","4384223","4384340","chr2","129062745","129062857","18","124678522"
"JH378120","4416182","4416486","chr2","138905726","138906026","26","134489544"
"JH378120","4418228","4418562","chr2","72606491","72606816","22","68188263"
"JH378120","4420732","4420987","chr22","31610868","31611110","55","27190136"
"JH378120","4422120","4422424","chr2","138917518","138917823","33","134495398"
"JH378120","4425534","4425838","chr12","27722056","27722354","58","23296522"
"JH378120","4429878","4430119","chr2","138925624","138925867","23","134495746"
"JH378120","4447784","4448088","chr2","138946437","138946734","30","134498653"
"JH378120","4492656","4492937","chr5","41349019","41349300","51","36856363"
"JH378120","4518193","4518453","chr2","139022010","139022265","19","134503817"
"JH378120","4522916","4523203","chr2","139025750","139026043","32","134502834"
"JH378120","4526983","4527296","chr2","139029816","139030129","24","134502833"
"JH378120","4528473","4528793","chr3","152923013","152923319","54","148394540"
"JH378120","4532801","4533035","chr9","112824844","112825079","37","108292043"
"JH378120","4573007","4573168","chr2","139078128","139078290","12","134505121"
"JH378120","4601666","4601966","chr2","139104829","139105122","23","134503163"
"JH378120","4754038","4754291","chr2","139262630","139262870","38","134508592"
"JH378120","4754654","4754704","chr2","139263208","139263258","3","134508554"
"JH378120","4881956","4882263","chr2","139384549","139384835","41","134502593"
"JH378120","4900970","4901265","chr12","26743033","26743332","41","21842063"
"JH378120","4921236","4921529","chr2","139424303","139424579","43","134503067"
"JH378120","4974309","4974611","chr2","139480192","139480502","32","134505883"
"JH378120","5160698","5160987","chr2","139680025","139680322","26","134519327"
"JH378120","5194423","5194553","chr1","197885955","197886086","4","192691532"
"JH378120","5286407","5286641","chr2","139819271","139819539","55","134532864"
"JH378120","5293441","5293558","chrX","90963118","90963235","17","85669677"
"JH378120","5294622","5294941","chr2","139828841","139829147","30","134534219"
"JH378120","5374674","5374980","chr14","17204137","17204435","49","11829463"
"JH378120","5379852","5380161","chr2","139913452","139913739","31","134533600"
"JH378120","5420855","5421155","chr2","139957395","139957692","24","134536540"
"JH378120","5541027","5541335","chr2","140084801","140085109","27","134543774"
"JH378120","5569110","5569392","chr2","140113596","140113880","22","134544486"
"JH378120","5575586","5575808","chr2","140119770","140119989","17","134544184"
"JH378120","5584332","5584622","chr2","140128558","140128850","32","134544226"
"JH378120","5589286","5589579","chr2","140133545","140133829","25","134544259"
"JH378120","5645559","5645851","chr2","140189404","140189699","30","134543845"
"JH378120","5660955","5661238","chr2","140204508","140204810","35","134543553"
"JH378120","5671178","5671482","chr2","140215060","140215362","29","134543882"
"JH378120","5814201","5814499","chr2","140358796","140359110","49","134544595"
"JH378120","5883364","5883667","chr2","140435032","140435343","22","134551668"
"JH378120","5934010","5934188","chr2","140485313","140485497","27","134551303"
"JH378120","5934189","5934498","chr1","132083555","132083867","54","126149366"
"JH378120","5934499","5934567","chr2","140485800","140485868","5","134551301"
"JH378120","5952545","5952825","chr2","140514508","140514794","30","134561963"
"JH378120","5963595","5963725","chr7","57932560","57932687","6","51968965"
"JH378120","5966192","5966487","chr2","140536572","140536869","20","134570380"
"JH378120","6010308","6010633","chr2","140581187","140581490","40","134570879"
"JH378120","6019918","6020203","chr15","61431922","61432212","42","55412004"
"JH378120","6045163","6045360","chr13","52352890","52353087","32","46307727"
"JH378120","6045666","6045768","chr6","6484689","6484794","20","439023"
"JH378120","6092005","6092315","chr2","140681373","140681683","17","134589368"
"JH378120","6096514","6096828","chr2","140685722","140686017","42","134589208"
"JH378120","6166941","6167217","chr2","140763351","140763631","22","134596410"
"JH378120","6271611","6271915","chr2","140887033","140887319","50","134615422"
"JH378120","6314350","6314650","chr2","140922086","140922385","19","134607736"
"JH378120","6320455","6320621","chr2","140927765","140927934","18","134607310"
"JH378120","6332710","6332979","chr2","140940667","140940935","16","134607957"
"JH378120","6345043","6345337","chr2","140954334","140954615","28","134609291"
"JH378120","6352152","6352442","chr2","140960875","140961165","20","134608723"
"JH378120","6364507","6364609","chr18","26830290","26830395","15","20465783"
"JH378120","6418606","6418884","chr14","4563519","4563803","42","1855087"
"JH378120","6422833","6423107","chr4","44012597","44012867","41","37589764"
"JH378120","6449281","6449452","chr10","21720309","21720480","18","15271028"
"JH378120","6491611","6491904","chr9","111354658","111354956","41","104863047"
"JH378120","6500935","6501080","chr2","141119209","141119354","3","134618274"
"JH378120","6503699","6503990","chr2","141121936","141122228","20","134618237"
"JH378120","6515365","6515646","chr14","37374116","37374383","54","30858751"
"JH378120","6515991","6516296","chr2","141133960","141134273","32","134617969"
"JH378120","6545958","6546138","chr4","20749379","20749544","34","14203421"
"JH378120","6552466","6552741","chr8","107329074","107329352","51","100776608"
"JH378120","6554630","6554763","chr2","141167889","141168025","6","134613259"
"JH378120","6556605","6556918","chr2","141171172","141171483","41","134614567"
"JH378120","6570397","6570524","chr13","46874949","46875075","16","40304552"
"JH378120","6570555","6570730","chr7","146029397","146029568","30","139458842"
"JH378120","6592455","6592751","chr2","141202649","141202938","33","134610194"
"JH378120","6606994","6607302","chr2","141216758","141217035","45","134609764"
"JH378120","6622210","6622503","chr2","141229940","141230233","12","134607730"
"JH378120","6630792","6631117","chr3","83895928","83896235","66","77265136"
"JH378120","6641778","6642073","chr2","141248960","141249252","26","134607182"
"JH378120","6659020","6659329","chr2","141267206","141267519","31","134608186"
"JH378120","6663642","6663820","chr5","78973927","78974106","22","72310285"
"JH378120","6664118","6664246","chr1","177939643","177939778","22","171275525"
"JH378120","6692693","6692956","chr2","141300022","141300285","16","134607329"
"JH378120","6718350","6718567","chr2","141326877","141327095","14","134608527"
"JH378120","6735737","6735940","chr2","141343579","141343791","22","134607842"
"JH378120","6764680","6764854","chr22","41674899","41675072","27","34910219"
"JH378120","6786165","6786290","chrX","31975053","31975174","34","25188888"
"JH378120","6806424","6806510","chr3","65590006","65590092","10","58783582"
"JH378120","6817810","6818104","chr2","141431869","141432176","37","134614059"
"JH378120","6832959","6833257","chr2","141440607","141440898","25","134607648"
"JH378120","6838345","6838397","chr9","17273365","17273414","11","10435020"
"JH378120","6840301","6840428","chr12","2910633","2910759","21","3929668"
"JH378120","6855650","6855723","chr2","141464687","141464760","3","134609037"
"JH378120","6879076","6879268","chr7","61815945","61816131","29","54936869"
"JH378120","6891356","6891657","chr2","141500679","141500954","42","134609323"
"JH378120","6905581","6905882","chr4","39717501","39717796","48","32811920"
"JH378120","6949918","6950213","chr2","141551871","141552167","17","134601953"
"JH378120","6951306","6951579","chr2","141553263","141553556","35","134601957"
"JH378120","6973832","6974126","chr2","141576697","141576986","26","134602865"
"JH378120","7056890","7057174","chr2","141650260","141650566","38","134593370"
"JH378120","7072468","7072733","chr22","46752668","46752933","22","39680200"
"JH378120","7084955","7085120","chr6","50299516","50299682","28","43214561"
"JH378120","7106509","7106815","chr2","141696841","141697143","26","134590332"
"JH378120","7188151","7188442","chr2","141780722","141781013","20","134592571"
"JH378120","7248735","7248959","chr1","185940709","185940934","38","178691974"
"JH378120","7326049","7326344","chr2","141918753","141919044","24","134592704"
"JH378120","7372602","7372896","chr2","141972071","141972371","26","134599469"
"JH378120","7403767","7404058","chr9","85055733","85056025","43","77651966"
"JH378120","7444583","7444886","chr12","20539936","20540241","37","13095353"
"JH378120","7585206","7585515","chr2","142209316","142209618","30","134624110"
"JH378120","7617838","7618142","chr2","142245963","142246257","34","134628125"
"JH378120","7618146","7618464","chr2","142246260","142246571","35","134628114"
"JH378120","7687771","7687919","chr2","142316093","142316241","8","134628322"
"JH378120","7715923","7716083","chr9","117453576","117453732","21","109737653"
"JH378120","7716109","7716225","chr5","130981973","130982091","19","123265864"
"JH378120","7739738","7739855","chr7","106091235","106091351","16","98351497"
"JH378120","7739880","7739974","chr12","4188769","4188863","14","3551111"
"JH378120","7751910","7752211","chr7","87007315","87007626","43","79255405"
"JH378120","7752500","7752789","chr2","142397504","142397792","26","134645004"
"JH378120","7753617","7753758","chr2","142398649","142398778","18","134645032"
"JH378120","7802813","7803113","chr2","142448794","142449090","23","134645981"
"JH378120","7826113","7826399","chr2","142469908","142470186","29","134643795"
"JH378120","7927540","7927837","chr2","142592498","142592795","23","134664958"
"JH378120","7962904","7963140","chr7","97051554","97051786","41","89088650"
"JH378120","7994563","7994853","chr13","39359964","39360256","48","31365401"
"JH378120","8012720","8012885","chr7","11114969","11115131","25","3102249"
"JH378120","8045701","8045908","chr2","142716273","142716499","36","134670572"
"JH378120","8125830","8126150","chr2","154478092","154478404","54","146352262"
"JH378120","8141305","8141575","chr15","68921193","68921453","62","60779888"
"JH378120","8247798","8247986","chr2","142969390","142969582","14","134721592"
"JH378120","8364846","8364971","chr11","64839664","64839788","17","56474818"
"JH378120","8574301","8574443","chr5","394022","394175","32","8180279"
"JH378120","8740008","8740091","chr6","112918705","112918788","4","104178697"
"JH378120","8740251","8740376","chr2","138994247","138994373","21","130253996"
"JH378120","8740408","8740565","chr3","123364221","123364375","28","114623813"
"JH378120","8888251","8888522","chr2","143649227","143649496","25","134760976"
"JH378120","8975901","8976108","chr2","43392270","43392461","29","34416369"
"JH378120","9039601","9039886","chr2","143806336","143806623","42","134766735"
"JH378120","9100931","9101207","chr2","143860874","143861160","47","134759943"
"JH378120","9109504","9109813","chr2","143869136","143869425","35","134759632"
"JH378120","9179888","9180036","chr2","44790495","44790652","31","35610607"
"JH378120","9180087","9180208","chr3","87183446","87183567","18","78003359"
"JH378120","9196216","9196512","chr12","113840087","113840383","49","104643871"
"JH378120","9204610","9204885","chr2","143967709","143967999","33","134763099"
"JH378120","9207005","9207272","chr2","143970122","143970422","48","134763117"
"JH378120","9306441","9306624","chr7","50673483","50673665","35","41367042"
"JH378120","9379405","9379548","chr2","144145787","144145930","12","134766382"
"JH378120","9380251","9380394","chr2","144145787","144145930","11","134765536"
"JH378120","9389030","9389324","chr2","144154858","144155151","25","134765828"
"JH378120","9487441","9487593","chr7","49301505","49301655","26","39814064"
"JH378120","9506890","9507153","chr2","144299299","144299571","56","134792409"
"JH378120","9542644","9542776","chr2","144340084","144340216","10","134797440"
"JH378120","9543085","9543241","chr2","144340526","144340685","18","134797441"
"JH378120","9584695","9584990","chr2","144391113","144391404","26","134806418"
"JH378120","9760829","9761134","chr2","144531565","144531878","24","134770736"
"JH378120","9779851","9780153","chr2","144545767","144546064","30","134765916"
"JH378120","9837310","9837612","chr1","90413024","90413323","37","80575714"
"JH378120","9845415","9845715","chr2","144619050","144619348","19","134773635"
"JH378120","9848956","9849231","chr10","127403764","127404040","52","117554808"
"JH378120","9902432","9902534","chr2","144691933","144692035","5","134789501"
"JH378120","9902646","9902749","chr14","45633289","45633391","25","35730643"
"JH378120","9924042","9924160","chr2","144716589","144716707","5","134792547"
"JH378120","9924214","9924378","chr2","144716754","144716901","28","134792540"
"JH378120","9947527","9947657","chr1","116982946","116983076","7","107035419"
"JH378120","9993174","9993361","chr4","58631341","58631531","36","48638167"
"JH378120","10004112","10004281","chr3","22155318","22155483","35","12151206"
"JH378120","10004286","10004324","chr6","118268722","118268757","5","108264436"
"JH378120","10004329","10004393","chr12","89999935","90000000","9","79995606"
"JH378120","10012509","10012608","chr5","78095397","78095496","17","68082888"
"JH378120","10018796","10018918","chr14","59758049","59758171","8","49739253"
"JH378120","10027703","10027960","chr7","57876722","57876993","53","47849019"
"JH378120","10039874","10040176","chr2","144842056","144842354","27","134802182"
"JH378120","10047200","10047520","chr22","45586828","45587152","56","35539628"
"JH378120","10095970","10096241","chr2","144897366","144897643","34","134801396"
"JH378120","10100059","10100340","chr2","144908511","144908823","52","134808452"
"JH378120","10100895","10101171","chr2","144909316","144909590","40","134808421"
"JH378120","10108836","10109119","chr5","9010162","9010443","47","1098674"
"JH378120","10133632","10133904","chr2","144940949","144941220","21","134807317"
"JH378120","10134586","10134855","chr2","144941916","144942186","16","134807330"
"JH378120","10137940","10138247","chr15","66642530","66642834","51","56504590"
"JH378120","10144830","10145075","chr15","3649410","3649670","68","6495420"
"JH378120","10166203","10166436","chr11","115306460","115306693","34","105140257"
"JH378120","10172664","10172956","chr2","144978528","144978819","29","134805864"
"JH378120","10178072","10178351","chr2","144983582","144983856","26","134805510"
"JH378120","10178773","10179101","chr2","144984279","144984619","33","134805506"
"JH378120","10188393","10188718","chr1","74758953","74759274","63","64570560"
"JH378120","10192759","10192894","chr2","144995695","144995828","10","134802936"
"JH378120","10199181","10199492","chr2","145002174","145002450","49","134802993"
"JH378120","10209729","10210029","chr2","145012573","145012851","40","134802844"
"JH378120","10215752","10216046","chr2","145018323","145018630","37","134802571"
"JH378120","10216072","10216359","chr2","145019348","145019636","28","134803276"
"JH378120","10222317","10222389","chr2","145027095","145027166","5","134804778"
"JH378120","10224813","10224950","chr2","145027474","145027615","11","134802661"
"JH378120","10230075","10230366","chr2","145035018","145035308","22","134804943"
"JH378120","10236536","10236848","chr2","145041572","145041869","44","134805036"
"JH378120","10249766","10250060","chr6","153562297","153562597","50","143312531"
"JH378120","10260194","10260502","chr2","145064850","145065151","34","134804656"
"JH378120","10276792","10277064","chr2","145081474","145081752","20","134804682"
"JH378120","10287949","10288071","chr3","65659884","65660007","11","55371935"
"JH378120","10290165","10290444","chr2","145095075","145095361","38","134804910"
"JH378120","10295462","10295782","chr12","20539936","20540241","49","10244474"
"JH378120","10346951","10347240","chr2","145157234","145157522","22","134810283"
"JH378120","10358628","10358943","chr2","145176523","145176824","34","134817895"
"JH378120","10565835","10566096","chr2","145391250","145391491","35","134825415"
"JH378120","10615211","10615505","chr2","145437197","145437492","24","134821986"
"JH378120","10802949","10803261","chr2","145632307","145632608","37","134829358"
"JH378120","10912575","10912873","chr2","145737038","145737327","28","134824463"
"JH378120","11100679","11100821","chr20","12705602","12705736","17","1604923"
"JH378120","11113997","11114280","chr2","145942653","145942938","20","134828656"
"JH378120","11164496","11164750","chr13","61541416","61541672","38","50376920"
"JH378120","11209881","11210160","chr2","146040824","146041102","20","134830943"
"JH378120","11228374","11228663","chr2","146059406","146059707","44","134831032"
"JH378120","11234146","11234341","chr13","43392998","43393191","26","32158852"
"JH378120","11235098","11235183","chr12","118601819","118601906","12","107366721"
"JH378120","11239580","11239869","chr2","146070192","146070493","26","134830612"
"JH378120","11239924","11240221","chr2","146070537","146070803","57","134830613"
"JH378120","11243345","11243655","chr2","146073944","146074259","37","134830599"
"JH378120","11244322","11244641","chr2","146074920","146075238","17","134830598"
"JH378120","11245915","11246216","chr2","146076518","146076831","42","134830603"
"JH378120","11262845","11263143","chr2","146093293","146093564","39","134830448"
"JH378120","11293165","11293493","chr2","146114132","146114439","39","134820967"
"JH378120","11297459","11297748","chr1","206197299","206197585","44","194899840"
"JH378120","11334151","11334407","chr2","146156927","146157182","25","134822776"
"JH378120","11341290","11341522","chr7","4969121","4969352","41","6372169"
"JH378120","11341636","11341838","chr2","146164169","146164355","29","134822533"
"JH378120","11453692","11453985","chr2","146290167","146290459","35","134836475"
"JH378120","11470283","11470578","chr2","146306645","146306923","41","134836362"
"JH378120","11481883","11482188","chr2","146317814","146318115","23","134835931"
"JH378120","11484993","11485113","chr7","87964128","87964249","13","76479135"
"JH378120","11562199","11562485","chr2","146412627","146412925","46","134850428"
"JH378120","11574888","11575188","chr2","146424979","146425266","32","134850091"
"JH378120","11605988","11606291","chr2","146458733","146459026","28","134852745"
"JH378120","11655348","11655459","chr2","146511664","146511774","5","134856316"
"JH378120","11656017","11656201","chr2","146512301","146512474","24","134856284"
"JH378120","11701933","11701991","chr16","37258043","37258096","11","25556110"
"JH378120","11706574","11706875","chr8","28238090","28238389","42","16531516"
"JH378120","11716222","11716448","chr1","200549127","200549353","36","188832905"
"JH378120","11723211","11723519","chr2","146588137","146588447","25","134864926"
"JH378120","11733615","11733728","chr1","155730854","155730967","4","143997239"
"JH378120","11769587","11769761","chr2","146630722","146630890","25","134861135"
"JH378120","11775497","11775613","chr2","132848832","132848948","5","121073335"
"JH378120","11778500","11778654","chr2","146639522","146639690","28","134861022"
"JH378120","11788529","11788813","chr2","146649534","146649826","37","134861005"
"JH378120","11805447","11805744","chr5","134398370","134398666","37","122592923"
"JH378120","11811941","11812022","chr13","7869087","7869170","19","3942854"
"JH378120","11905727","11906008","chr2","146755373","146755654","17","134849646"
"JH378120","11911388","11911656","chr12","22171198","22171465","38","10259810"
"JH378120","11911785","11912099","chr20","12450375","12450685","62","538590"
"JH378120","11946024","11946324","chr2","146804407","146804707","30","134858383"
"JH378120","11967415","11967687","chr5","80233922","80234193","50","68266507"
"JH378120","11974828","11975137","chr2","146835197","146835499","22","134860369"
"JH378120","12019074","12019371","chr2","146883323","146883630","38","134864249"
"JH378120","12065840","12065923","chr2","31369413","31369496","13","19303573"
"JH378120","12069661","12069789","chr5","147470930","147471053","20","135401269"
"JH378120","12141404","12141531","chr18","14786052","14786180","10","2644648"
"JH378120","12164550","12164572","chrX","43531585","43531604","4","31367035"
"JH378120","12164593","12164846","chr5","4033000","4033250","54","8131593"
"JH378120","12206516","12206827","chr2","147075017","147075300","40","134868501"
"JH378120","12254351","12254645","chr2","147120008","147120300","12","134865657"
"JH378120","12273513","12273812","chr2","147137291","147137590","19","134863778"
"JH378120","12310386","12310679","chr2","147174386","147174671","25","134864000"
"JH378120","12384738","12385017","chr2","147248582","147248849","30","134863844"
"JH378120","12576430","12576522","chr2","147460303","147460395","14","134883873"
"JH378120","12803442","12803752","chr2","147692725","147693026","33","134889283"
"JH378120","12836998","12837304","chr7","87007315","87007626","41","74170317"
"JH378120","12878854","12879144","chr1","192314689","192314976","47","179435835"
"JH378120","12954844","12955135","chr2","147844863","147845144","40","134890019"
"JH378120","12960530","12960823","chr9","100336041","100336342","58","87375511"
"JH378120","13069516","13069821","chr2","147972396","147972694","31","134902880"
"JH378120","13175254","13175547","chr2","148084956","148085250","17","134909702"
"JH378120","13293873","13294159","chr7","37031164","37031453","46","23737291"
"JH378120","13302195","13302460","chr5","86632437","86632704","47","73330242"
"JH378120","13432655","13432788","chr5","19852378","19852511","13","6419723"
"JH378120","13440496","13440808","chr2","148365707","148366021","25","134925211"
"JH378120","13440833","13441136","chr1","173583879","173584187","54","160143046"
"JH378120","13444210","13444339","chr2","148369255","148369387","13","134925045"
"JH378120","13460651","13460916","chr2","148386859","148387151","47","134926208"
"JH378120","13466019","13466135","chr11","64887460","64887576","2","51421441"
"JH378120","13599649","13599869","chr17","17296424","17296641","37","3696775"
"JH378120","13616328","13616611","chr2","148554609","148554900","33","134938281"
"JH378120","13649677","13649912","chr2","148589705","148589931","19","134940028"
"JH378120","13674616","13674923","chr2","148607893","148608200","24","134933277"
"JH378120","13696593","13696869","chr2","148639404","148639654","39","134942811"
"JH378120","13699217","13699514","chr2","148642562","148642859","26","134943345"
"JH378120","13731146","13731392","chr16","74284201","74284445","36","60553055"
"JH378120","13774656","13774940","chr2","148717721","148718005","15","134943065"
"JH378120","13784221","13784369","chr2","148727069","148727226","16","134942848"
"JH378120","13814347","13814578","chr2","148757832","148758065","20","134943485"
"JH378120","13886326","13886630","chr2","148847867","148848173","26","134961541"
"JH378120","13959490","13959764","chr22","42688496","42688777","49","28729006"
"JH378120","14056147","14056304","chr4","151617087","151617245","26","137560940"
"JH378120","14056325","14056442","chr11","80650010","80650126","16","66593685"
"JH378120","14077605","14077710","chr8","42361495","42361602","15","28283890"
"JH378120","14196437","14196700","chr13","9677421","9677690","57","4519016"
"JH378120","14625159","14625477","chr2","149676397","149676704","40","135051238"
"JH378120","14659351","14659646","chr2","149711327","149711622","25","135051976"
"JH378120","14670412","14670719","chr2","149722013","149722321","26","135051601"
"JH378120","14724507","14724798","chr2","149776307","149776604","25","135051800"
"JH378120","14730039","14730335","chr1","172601220","172601517","36","157871181"
"JH378120","14961584","14961883","chr2","150015147","150015443","22","135053563"
"JH378120","15107674","15107967","chr2","150188292","150188585","19","135080618"
"JH378120","15165918","15166215","chr2","150254989","150255282","19","135089071"
"JH378120","15220788","15221087","chr2","150308540","150308838","22","135087752"
"JH378120","15251605","15251826","chr2","150349283","150349504","22","135097678"
"JH378120","15253084","15253339","chr2","129060154","129060410","50","113807070"
"JH378120","15276102","15276163","chr2","21302105","21302178","15","6026003"
"JH378120","15276185","15276414","chr14","82931849","82932077","37","67655664"
"JH378120","15278198","15278491","chr2","150380509","150380792","38","135102311"
"JH378120","15293015","15293296","chr2","150396315","150396601","21","135103300"
"JH378120","15301885","15302183","chr2","150405773","150406075","26","135103888"
"JH378120","15311108","15311395","chr2","150415443","150415720","31","135104335"
"JH378120","15316510","15316578","chr14","42897588","42897654","12","27581078"
"JH378120","15339131","15339268","chr2","150443695","150443835","9","135104564"
"JH378120","15339569","15339745","chr2","150444118","150444287","22","135104549"
"JH378120","15339835","15339914","chr10","79579388","79579466","19","64239553"
"JH378120","15342318","15342595","chr11","120569097","120569381","44","105226779"
"JH378120","15344076","15344168","chr11","48414733","48414820","16","33070657"
"JH378120","15347299","15347592","chr2","150447048","150447334","38","135099749"
"JH378120","15347722","15347891","chr1","175428354","175428515","36","160080632"
"JH378120","15358549","15358679","chr2","150458976","150459113","18","135100427"
"JH378120","15358680","15358984","chr2","150459114","150459411","31","135100434"
"JH378120","15358985","15359157","chr2","150459412","150459578","23","135100427"
"JH378120","15366370","15366671","chr14","71136903","71137205","48","55770533"
"JH378120","15367560","15367675","chr2","150465752","150465870","10","135098192"
"JH378120","15369194","15369362","chr1","185859100","185859275","25","170489906"
"JH378120","15369373","15369669","chr5","94146126","94146421","47","78776753"
"JH378120","15390184","15390469","chr10","128606175","128606442","58","113215991"
"JH378120","15398919","15399215","chr2","150499169","150499471","32","135100250"
"JH378120","15399657","15399959","chr2","3664478","3664779","43","11735179"
"JH378120","15403139","15403284","chr2","150502934","150503079","8","135099795"
"JH378120","15410335","15410641","chr2","150510175","150510470","26","135099840"
"JH378120","15420547","15420849","chr2","150519321","150519612","27","135098774"
"JH378120","15438725","15438849","chr10","99512323","99512447","10","84073598"
"JH378120","15446920","15447070","chr2","150555578","150555728","16","135108658"
"JH378120","15447071","15447363","chr2","150555729","150556021","27","135108658"
"JH378120","15447364","15447508","chr2","150556022","150556166","11","135108658"
"JH378120","15451970","15452256","chr2","150563554","150563815","53","135111584"
"JH378120","15453778","15454075","chr7","47311535","47311830","39","31857757"
"JH378120","15455666","15455955","chr2","150567333","150567622","20","135111667"
"JH378120","15458420","15458714","chr2","150570373","150570681","42","135111953"
"JH378120","15508059","15508353","chr2","150621730","150622029","23","135113671"
"JH378120","15517754","15518009","chr2","150631628","150631882","18","135113874"
"JH378120","15522744","15523055","chr2","150636598","150636896","33","135113854"
"JH378120","15544608","15544796","chr2","150656000","150656176","17","135111392"
"JH378120","15544835","15544960","chr2","150656212","150656336","10","135111377"
"JH378120","15579899","15580013","chr7","123365221","123365335","4","107785322"
"JH378120","15603244","15603499","chrX","7342906","7343162","53","8260338"
"JH378120","15614003","15614265","chr2","150722707","150722974","20","135108704"
"JH378120","15641229","15641514","chr2","150750522","150750805","25","135109293"
"JH378120","15652999","15653161","chr2","150762009","150762160","28","135109010"
"JH378120","15669626","15669689","chr2","150778958","150779018","10","135109332"
"JH378120","15669694","15669852","chr2","150779026","150779181","14","135109332"
"JH378120","15670292","15670580","chr2","150779617","150779905","28","135109325"
"JH378120","15730817","15731152","chr2","150850837","150851142","51","135120020"
"JH378120","15732169","15732472","chr2","150852154","150852449","25","135119985"
"JH378120","15799886","15800193","chr2","150921161","150921475","27","135121275"
"JH378120","15910704","15911004","chr5","11210760","11211057","51","4699944"
"JH378120","15921557","15921811","chr2","151054757","151055017","19","135133200"
"JH378120","15936317","15936438","chr16","37900592","37900716","11","21964275"
"JH378120","16094449","16094582","chr4","35665816","35665952","14","19571367"
"JH378120","16197273","16197559","chr2","151314260","151314545","23","135116987"
"JH378120","16230325","16230638","chr2","151350659","151350950","47","135120334"
"JH378120","16257839","16258144","chr2","151384135","151384433","25","135126296"
"JH378120","16312146","16312435","chr2","151439477","151439768","24","135127331"
"JH378120","16338774","16339069","chr2","151465025","151465320","18","135126251"
"JH378120","16355522","16355676","chr16","4419905","4420057","28","11935617"
"JH378120","16366439","16366570","chrX","69153363","69153491","12","52786924"
"JH378120","16372956","16373277","chr2","151499646","151499954","25","135126690"
"JH378120","16380359","16380479","chr18","1960919","1961034","9","14419440"
"JH378120","16400722","16400854","chr14","65476461","65476591","24","49075739"
"JH378120","16401157","16401337","chr7","100990867","100991041","34","84589710"
"JH378120","16412344","16412450","chr22","35926358","35926467","11","19514014"
"JH378120","16412603","16412910","chr2","151541599","151541901","17","135128996"
"JH378120","16414579","16414619","chr5","96526175","96526208","11","80111596"
"JH378120","16422370","16422695","chr20","22073872","22074159","67","5651502"
"JH378120","16429550","16429830","chr4","158816116","158816400","47","142386566"
"JH378120","16430516","16430820","chr2","151558231","151558529","25","135127715"
"JH378120","16433456","16433572","chr2","48190952","48191069","16","31757496"
"JH378120","16441195","16441329","chr6","119091753","119091888","16","102650558"
"JH378120","16441633","16441807","chr19","33871815","33871988","28","17430182"
"JH378120","16457678","16457917","chr2","151586049","151586279","19","135128371"
"JH378120","16469339","16469553","chr16","71424262","71424467","36","54954923"
"JH378120","16496380","16496463","chr2","151631560","151631643","5","135135180"
"JH378120","16507335","16507505","chr2","39376203","39376372","28","22868868"
"JH378120","16507812","16507932","chr7","89714521","89714643","19","73206709"
"JH378120","16516237","16516363","chr10","16815821","16815947","6","299584"
"JH378120","16536151","16536419","chr22","41074237","41074509","56","24538086"
"JH378120","16541617","16541901","chr2","151675719","151676015","31","135134102"
"JH378120","16547247","16547412","chr2","151678462","151678633","20","135131215"
"JH378120","16556050","16556182","chr2","151682082","151682220","14","135126032"
"JH378120","16556184","16556458","chr2","151682222","151682502","26","135126038"
"JH378120","16637062","16637361","chr11","123172530","123172830","49","106535468"
"JH378120","16654739","16655042","chr7","89951395","89951694","48","73296656"
"JH378120","16667279","16667428","chr12","50150772","50150912","35","33483493"
"JH378120","16744410","16744723","chr2","151852370","151852682","27","135107960"
"JH378120","16756962","16757140","chr5","43647884","43648062","32","26890922"
"JH378120","16762559","16762833","chr2","137931971","137932242","54","121169412"
"JH378120","16769858","16769933","chr7","137177612","137177686","10","120407754"
"JH378120","16773944","16774246","chr2","151883058","151883356","23","135109114"
"JH378120","16781161","16781319","chr5","74249655","74249816","25","57468494"
"JH378120","16781617","16781750","chr1","202981060","202981197","21","186199443"
"JH378120","16782629","16782921","chr2","151897753","151898065","38","135115124"
"JH378120","16785304","16785600","chr4","107899041","107899332","52","91113737"
"JH378120","16809697","16809964","chr1","167095284","167095565","48","150285587"
"JH378120","16810008","16810268","chr2","151938418","151938706","40","135128410"
"JH378120","16813156","16813459","chr2","151941364","151941643","39","135128208"
"JH378120","16860318","16860508","chr15","23722280","23722474","48","6861962"
"JH378120","16885710","16886016","chr2","152030184","152030482","25","135144474"
"JH378120","16890547","16890829","chr2","152034652","152034922","29","135144105"
"JH378120","16909327","16909620","chr2","152054065","152054359","15","135144738"
"JH378120","16944038","16944339","chr2","152082235","152082531","25","135138197"
"JH378120","16970901","16971195","chr4","126177179","126177473","40","109206278"
"JH378120","16973143","16973450","chr2","152121020","152121314","41","135147877"
"JH378120","16973735","16974013","chr2","152121594","152121876","27","135147859"
"JH378120","16974025","16974328","chr2","152121885","152122174","32","135147860"
"JH378120","16975729","16976034","chr12","15222221","15222522","43","1753508"
"JH378120","16982871","16983165","chr2","152132468","152132771","23","135149597"
"JH378120","16983799","16984098","chr2","152133525","152133824","18","135149726"
"JH378120","16996860","16996993","chr2","152146278","152146410","10","135149418"
"JH378120","16998659","16998980","chr3","110736067","110736391","28","93737408"
"JH378120","16999242","16999383","chr2","152149055","152149190","17","135149813"
"JH378120","16999658","16999839","chr2","152149457","152149646","24","135149799"
"JH378120","17000223","17000237","chr22","43655066","43655079","1","26654843"
"JH378120","17000283","17000560","chr3","1531335","1531617","45","15468948"
"JH378120","17040067","17040241","chr2","152197517","152197686","19","135157450"
"JH378120","17061175","17061476","chr2","152218492","152218769","46","135157317"
"JH378120","17070958","17071249","chr2","152227943","152228230","29","135156985"
"JH378120","17071355","17071642","chr2","152228336","152228615","27","135156981"
"JH378120","17083283","17083592","chr2","152239533","152239833","27","135156250"
"JH378120","17086660","17086958","chr2","152242852","152243154","22","135156192"
"JH378120","17087216","17087392","chr2","152243423","152243585","22","135156207"
"JH378120","17087697","17087832","chr8","73956666","73956798","20","56868969"
"JH378120","17103384","17103697","chr20","43930085","43930394","51","26826701"
"JH378120","17114478","17114747","chr2","21141099","21141365","49","4026621"
"JH378120","17122474","17122768","chr2","152274563","152274854","22","135152089"
"JH378120","17128381","17128665","chr5","72139665","72139949","41","55011284"
"JH378120","17132337","17132612","chr4","8157069","8157345","46","8975268"
"JH378120","17132998","17133283","chr4","20767110","20767390","49","3634112"
"JH378120","17141154","17141446","chr1","135542904","135543195","36","118401750"
"JH378120","17146956","17147266","chr2","152295037","152295327","39","135148081"
"JH378120","17157013","17157287","chr2","152305174","152305468","42","135148161"
"JH378120","17168285","17168390","chr2","152316401","152316520","18","135148116"
"JH378120","17189223","17189505","chr2","152337178","152337482","41","135147955"
"JH378120","17192165","17192305","chr2","152340087","152340222","21","135147922"
"JH378120","17268208","17268511","chr2","152417367","152417668","24","135149159"
"JH378120","17280667","17280973","chr2","152428319","152428619","21","135147652"
"JH378120","17281176","17281459","chr2","152429432","152429700","29","135148256"
"JH378120","17281768","17281882","chr19","47058300","47058414","5","29776532"
"JH378120","17286134","17286192","chr2","152561584","152561635","13","135275450"
"JH378120","17292289","17292577","chr11","66900917","66901199","49","49608628"
"JH378120","17325558","17325853","chr15","25312071","25312343","63","7986513"
"JH378120","17335486","17335782","chr2","152492261","152492557","9","135156775"
"JH378120","17348887","17349189","chr2","152505954","152506260","34","135157067"
"JH378120","17351546","17351736","chr1","74756801","74756975","38","57405255"
"JH378120","17352039","17352167","chr5","122992715","122992842","14","105640676"
"JH378120","17359257","17359366","chr9","30412028","30412136","10","13052771"
"JH378120","17373492","17373781","chr2","152529745","152530035","28","135156253"
"JH378120","17379660","17379754","chr8","94084222","94084311","15","76704562"
"JH378120","17399540","17399813","chr2","152553523","152553818","35","135153983"
"JH378120","17403951","17404074","chr7","73402159","73402270","26","55998208"
"JH378120","17404116","17404221","chr12","31097873","31097981","17","13693757"
"JH378120","17404223","17404435","chr2","152557735","152557939","20","135153512"
"JH378120","17408162","17408213","chr2","152561584","152561635","1","135153422"
"JH378120","17413056","17413354","chr3","152923013","152923319","47","135509957"
"JH378120","17463006","17463280","chrX","52168396","52168675","43","34705390"
"JH378120","17527439","17527727","chr2","152702722","152703030","39","135175283"
"JH378120","17749589","17749815","chr5","130537763","130537993","36","112788174"
"JH378120","17937744","17938037","chr1","28814881","28815176","49","10877137"
"JH378120","17948571","17948755","chr2","153145717","153145912","25","135197146"
"JH378120","17949270","17949371","chr2","18779845","18779940","20","830575"
"JH378120","17957711","17958013","chr13","35818828","35819130","43","17861117"
"JH378120","18011629","18011934","chr2","153209077","153209373","34","135197448"
"JH378120","18020177","18020461","chr2","153217592","153217875","20","135197415"
"JH378120","18026584","18026892","chr2","153223972","153224279","10","135197388"
"JH378120","18028976","18029154","chr2","153226899","153227071","21","135197923"
"JH378120","18029446","18029582","chr2","34884611","34884745","21","16855165"
"JH378120","18106273","18106550","chr2","153300478","153300762","46","135194205"
"JH378120","18136737","18136822","chr16","44689701","44689784","6","26552964"
"JH378120","18148643","18148915","chr1","86190739","86191018","59","68042096"
"JH378120","18171029","18171135","chr9","100516868","100516974","6","82345839"
"JH378120","18183821","18183935","chr5","83189208","83189321","12","65005387"
"JH378120","18207225","18207553","chr2","153394004","153394304","46","135186779"
"JH378120","18212887","18213196","chr2","153399850","153400156","29","135186963"
"JH378120","18220251","18220517","chr2","27804395","27804664","40","9584144"
"JH378120","18278275","18278570","chr2","153469358","153469683","51","135191083"
"JH378120","18310049","18310162","chr5","30973032","30973146","21","12662983"
"JH378120","18312261","18312385","chr22","39228441","39228570","15","20916180"
"JH378120","18313393","18313588","chr13","7031689","7031882","34","11281704"
"JH378120","18338314","18338527","chr4","34118078","34118260","67","15779764"
"JH378120","18338567","18338685","chr6","84476252","84476367","16","66137685"
"JH378120","18359651","18359953","chr2","153558475","153558763","32","135198824"
"JH378120","18385755","18385974","chr7","80328159","80328377","35","61942404"
"JH378120","18441130","18441474","chr7","127430341","127430675","59","108989211"
"JH378120","18446827","18447115","chr2","153645935","153646251","41","135199108"
"JH378120","18451272","18451546","chr2","153649776","153650043","38","135198504"
"JH378120","18457108","18457224","chr12","17717614","17717728","17","739494"
"JH378120","18462584","18462884","chr2","153661988","153662293","20","135199404"
"JH378120","18469773","18470028","chr2","153668888","153669138","17","135199115"
"JH378120","18475975","18476110","chr2","153675368","153675500","11","135199393"
"JH378120","18501787","18502079","chr14","21610172","21610476","45","3108385"
"JH378120","18510734","18510862","chr6","59467480","59467607","4","40956746"
"JH378120","18514985","18515116","chr5","8993343","8993474","15","9521642"
"JH378120","18518176","18518424","chr5","45784583","45784828","47","27266407"
"JH378120","18537280","18537381","chrX","17472399","17472501","21","1064881"
"JH378120","18557729","18557956","chr20","11806644","11806878","44","6751085"
"JH378120","18574305","18574602","chr2","153772142","153772438","27","135197837"
"JH378120","18580436","18580741","chr2","153777988","153778290","28","135197552"
"JH378120","18583753","18584053","chr2","153781496","153781797","18","135197743"
"JH378120","18594052","18594176","chr5","64409103","64409228","11","45815051"
"JH378120","18623410","18623686","chr7","60529936","60530208","47","41906526"
"JH378120","18645304","18645435","chr1","41581737","41581864","7","22936433"
"JH378120","18649973","18650263","chr7","119871850","119872140","47","101221877"
"JH378120","18654598","18654903","chr16","94373543","94373846","61","75718945"
"JH378120","18708254","18708561","chr2","153912024","153912314","43","135203770"
"JH378120","18722895","18723109","chr2","153927875","153928089","17","135204980"
"JH378120","18725130","18725426","chr2","153930164","153930472","39","135205034"
"JH378120","18750436","18750562","chr21","40634824","40634948","13","21884388"
"JH378120","18807244","18807558","chr2","154019496","154019811","38","135212252"
"JH378120","18865480","18865770","chr2","154074724","154075018","22","135209244"
"JH378120","18909709","18910012","chr13","33970075","33970381","45","15060366"
"JH378120","18937024","18937335","chr2","154158978","154159289","25","135221954"
"JH378120","18943366","18943664","chr2","154164837","154165141","41","135221471"
"JH378120","18954557","18954908","chr12","24183891","24184238","65","5229334"
"JH378120","18988229","18988454","chr18","4395820","4396062","51","14592409"
"JH378120","18995873","18996133","chr9","90367864","90368124","33","71371991"
"JH378120","19021460","19021768","chr2","154246240","154246548","17","135224780"
"JH378120","19030331","19030445","chr15","34401442","34401553","20","15371111"
"JH378120","19051552","19051844","chr6","16653261","16653554","45","2398291"
"JH378120","19064785","19064936","chr2","154297973","154298123","13","135233188"
"JH378120","19103667","19103793","chr1","75668840","75668958","29","56565173"
"JH378120","19104082","19104268","chr4","34189071","34189253","33","15084989"
"JH378120","19138063","19138167","chr10","16017665","16017770","14","3120398"
"JH378120","19145495","19145611","chr11","54880192","54880309","7","35734697"
"JH378120","19165241","19165549","chr2","154414891","154415200","32","135249650"
"JH378120","19203585","19203881","chr2","154453737","154454030","20","135250152"
"JH378120","19225875","19226007","chr2","154474383","154474518","10","135248508"
"JH378120","19226312","19226471","chr2","154474817","154474984","22","135248505"
"JH378120","19243523","19243657","chr1","116982946","116983076","9","97739423"
"JH378120","19266630","19266752","chr11","118686146","118686270","11","99419516"
"JH378120","19272350","19272666","chr2","154524253","154524567","30","135251903"
"JH378120","19292395","19292691","chr16","46876436","46876727","46","27584041"
"JH378120","19334804","19335108","chr2","154587890","154588199","24","135253086"
"JH378120","19380985","19381289","chr2","154634779","154635081","22","135253794"
"JH378120","19387507","19387778","chrX","45891853","45892123","38","26504346"
"JH378120","19392818","19392907","chr2","154645444","154645533","4","135252626"
"JH378120","19407522","19407831","chr2","154659044","154659351","26","135251522"
"JH378120","19408669","19408974","chr2","154660185","154660489","28","135251516"
"JH378120","19409417","19409710","chr2","154660937","154661229","22","135251520"
"JH378120","19446387","19446677","chr2","154698556","154698856","29","135252169"
"JH378120","19479748","19479967","chrX","47186297","47186519","15","27706549"
"JH378120","19501237","19501542","chr2","154748051","154748342","33","135246814"
"JH378120","19536142","19536449","chr2","154780392","154780694","34","135244250"
"JH378120","19579470","19579780","chr2","154824363","154824663","25","135244893"
"JH378120","19587850","19588032","chr3","169712606","169712786","36","150124756"
"JH378120","19605971","19606237","chr2","154852037","154852337","52","135246066"
"JH378120","19660092","19660441","chr2","154902917","154903265","22","135242825"
"JH378120","19702260","19702529","chr2","154945177","154945446","15","135242917"
"JH378120","19903617","19903733","chr2","155147470","155147601","29","135243853"
"JH378120","19904022","19904186","chr16","2809024","2809193","29","17094998"
"JH378120","19936541","19936845","chr2","155175126","155175438","40","135238585"
"JH378120","20041902","20042212","chr2","155278748","155279051","31","135236846"
"JH378120","20051596","20051902","chr2","155286427","155286728","19","135234831"
"JH378120","20130438","20130740","chr2","155370497","155370805","32","135240059"
"JH378120","20222078","20222263","chr2","155471853","155472035","22","135249775"
"JH378120","20236841","20236959","chr11","72464015","72464134","17","52227174"
"JH378120","20236983","20237159","chr12","84807692","84807847","38","64570709"
"JH378120","20281407","20281684","chr2","155538206","155538496","27","135256799"
"JH378120","20473765","20474089","chr5","153214311","153214626","52","132740546"
"JH378120","20551444","20551617","chr8","12389684","12389851","34","8161760"
"JH378120","20678032","20678355","chr7","102838953","102839270","49","82160921"
"JH378120","20749660","20749801","chr7","66126144","66126284","29","45376484"
"JH378120","20789299","20789605","chr2","14149533","14149833","60","6639766"
"JH378120","21027009","21027301","chr3","4704671","4704980","58","16322338"
"JH378120","21028008","21028317","chr2","156307750","156308059","24","135279742"
"JH378120","21056281","21056581","chr7","45363549","45363844","47","24307268"
"JH378120","21094250","21094568","chr2","156372938","156373228","52","135278688"
"JH378120","21130653","21130962","chr2","156405590","156405898","27","135274937"
"JH378120","21145316","21145433","chr4","91058265","91058380","7","69912949"
"JH378120","21176927","21177022","chr17","9218042","9218144","17","11958885"
"JH378120","21190031","21190342","chr2","156464889","156465173","55","135274858"
"JH378120","21237261","21237493","chr9","98888859","98889091","49","77651598"
"JH378120","21241218","21241527","chr10","81672870","81673171","61","60431652"
"JH378120","21380002","21380312","chr2","156659260","156659563","25","135279258"
"JH378120","21398589","21398899","chr2","156677029","156677339","24","135278440"
"JH378120","21425045","21425310","chr2","156704240","156704506","35","135279195"
"JH378120","21526643","21526667","chr22","37164891","37164915","8","15638248"
"JH378120","21526944","21527051","chr10","79780608","79780717","25","58253664"
"JH378120","21541399","21541703","chr2","156829450","156829751","21","135288051"
"JH378120","21550970","21551084","chr10","35814037","35814151","4","14263067"
"JH378120","21601312","21601625","chr2","156888327","156888621","39","135287015"
"JH378120","21629526","21629829","chr2","156918406","156918701","30","135288880"
"JH378120","21671794","21671956","chr4","106794309","106794474","35","85122515"
"JH378120","21672254","21672389","chr4","73040322","73040456","17","51368068"
"JH378120","21718228","21718505","chr2","157003689","157003950","34","135285461"
"JH378120","21722519","21722828","chr7","87007315","87007626","41","65284796"
"JH378120","21724161","21724450","chr14","41317906","41318199","43","19593745"
"JH378120","21732495","21732775","chr12","89055748","89056028","28","67323253"
"JH378120","21745873","21745992","chr8","35748361","35748482","18","14002488"
"JH378120","21754199","21754368","chr2","157039649","157039812","13","135285450"
"JH378120","21813064","21813291","chr2","157108040","157108249","34","135294976"
"JH378120","21875696","21875988","chr2","157170833","157171124","23","135295137"
"JH378120","21883232","21883525","chr2","48696731","48697025","50","26813499"
"JH378120","21973272","21973579","chr2","157296550","157296843","33","135323278"
"JH378120","22046386","22046709","chr2","157370894","157371197","40","135324508"
"JH378120","22078994","22079259","chr17","27030508","27030782","47","4951514"
"JH378120","22083261","22083406","chr4","39471685","39471820","36","17388424"
"JH378120","22209619","22209905","chr2","157567638","157567927","39","135358019"
"JH378120","22381744","22381982","chr15","25641758","25642009","41","3260014"
"JH378120","22403383","22403651","chr9","25183143","25183407","48","2779760"
"JH378120","22450988","22451244","chr16","66880642","66880902","56","44429654"
"JH378120","22632037","22632160","chr2","108653081","108653204","8","86021044"
"JH378120","22636938","22637234","chr2","158006283","158006573","45","135369345"
"JH378120","22740707","22740829","chr12","28373800","28373921","8","5633093"
"JH378120","22784723","22785003","chr2","158155450","158155734","19","135370727"
"JH378120","22819759","22820035","chr2","158191614","158191906","33","135371855"
"JH378120","22879729","22880023","chr2","158263626","158263921","18","135383897"
"JH378120","22893543","22893816","chr4","43326497","43326775","46","20432954"
"JH378120","22941625","22941691","chr7","24761607","24761672","12","1819982"
"JH378120","22941787","22942018","chr7","114295041","114295274","45","91353254"
"JH378120","23008672","23008976","chr4","159395160","159395452","60","136386488"
"JH378120","23116553","23116853","chr2","158494454","158494757","35","135377901"
"JH378120","23127211","23127487","chr2","158505052","158505347","45","135377841"
"JH378120","23139753","23139971","chr3","54070118","54070346","39","30930365"
"JH378120","23335317","23335425","chr2","158725430","158725541","8","135390113"
"JH378120","23376033","23376317","chr2","158763158","158763446","22","135387125"
"JH378120","23383600","23383907","chr7","152233419","152233726","43","128849819"
"JH378120","23416121","23416202","chr4","36818065","36818147","18","13401944"
"JH378120","23696689","23696995","chr2","159114812","159115121","29","135418123"
"JH378120","23719854","23720145","chr2","66790326","66790621","23","43070472"
"JH378120","23754872","23755154","chr2","159172728","159173002","28","135417856"
"JH378120","23847361","23847662","chr2","159260886","159261187","28","135413525"
"JH378120","23877955","23878077","chr2","159284289","159284409","13","135406334"
"JH378120","23878101","23878278","chr12","87017646","87017821","23","63139545"
"JH378120","24191887","24192174","chr1","177083163","177083453","53","152891276"
"JH378120","24218307","24218604","chr7","113791229","113791530","60","89572922"
"JH378120","24263017","24263297","chr2","159703548","159703829","32","135440531"
"JH378120","24272601","24272909","chr2","159713109","159713420","26","135440508"
"JH378120","24289042","24289343","chr10","99517105","99517406","39","75228063"
"JH378120","24296345","24296628","chr2","159737098","159737380","22","135440753"
"JH378120","24344485","24344766","chr2","159791484","159791774","35","135446999"
"JH378120","24374224","24374260","chr7","128106582","128106618","6","103732358"
"JH378120","24374561","24374658","chr5","86595548","86595653","16","62220987"
"JH378120","24397869","24398146","chrX","107489949","107490236","42","83092080"
"JH378120","24407384","24407688","chr12","22167563","22167865","48","2239821"
"JH378120","24460042","24460336","chr2","159901346","159901658","41","135441304"
"JH378120","24524876","24525167","chr2","159965320","159965613","22","135440444"
"JH378120","24526095","24526401","chr2","159966568","159966847","44","135440473"
"JH378120","24530923","24531239","chr2","159972176","159972463","52","135441253"
"JH378120","24563499","24563777","chr16","26288904","26289181","52","1725405"
"JH378120","24604064","24604181","chr3","56886191","56886302","23","32282127"
"JH378120","24604469","24604635","chr7","81495719","81495888","24","56891250"
"JH378120","24615765","24616074","chr14","80506722","80507031","47","55890957"
"JH378120","24631160","24631469","chr12","113616284","113616594","41","88985124"
"JH378120","24642498","24642573","chr17","58173849","58173920","14","33531351"
"JH378120","24642869","24643056","chr5","126809988","126810174","29","102167119"
"JH378120","24655119","24655412","chr2","160104677","160104969","17","135449558"
"JH378120","24670629","24670762","chr1","187283250","187283382","15","162612621"
"JH378120","24671044","24671203","chr8","70501033","70501191","25","45829989"
"JH378120","24680023","24680312","chr2","160130425","160130718","31","135450402"
"JH378120","24686792","24686889","chr20","10183994","10184088","14","14502798"
"JH378120","24690018","24690332","chr2","160139154","160139458","30","135449136"
"JH378120","24694004","24694110","chr2","160143572","160143687","16","135449568"
"JH378120","24694861","24695040","chr2","160144079","160144270","32","135449218"
"JH378120","24710289","24710505","chr2","160160345","160160579","24","135450056"
"JH378120","24716999","24717110","chr2","160167669","160167771","13","135450670"
"JH378120","24741826","24741921","chr2","7290215","7290310","19","17451611"
"JH378120","24749324","24749511","chr15","18497638","18497824","31","6251686"
"JH378120","24755768","24756062","chr2","160203033","160203327","16","135447265"
"JH378120","24763676","24763979","chr2","160210543","160210843","17","135446867"
"JH378120","24785909","24786004","chr10","98235716","98235807","11","73449807"
"JH378120","24787254","24787518","chr2","160233784","160234044","27","135446530"
"JH378120","24793916","24794203","chr19","43984476","43984763","54","19190560"
"JH378120","24800644","24800798","chr11","31973422","31973574","29","7172778"
"JH378120","24801094","24801229","chr14","45084790","45084926","15","20283696"
"JH378120","24803012","24803159","chr1","179573988","179574133","19","154770976"
"JH378120","24805727","24806036","chr10","95931802","95932100","34","71126075"
"JH378120","24806042","24806347","chrX","23299987","23300293","40","1506055"
"JH378120","24814745","24815042","chr2","160270045","160270336","21","135455300"
"JH378120","24817169","24817458","chr2","160272133","160272424","19","135454964"
"JH378120","24817926","24818208","chr2","160272895","160273189","37","135454969"
"JH378120","24836041","24836358","chr2","160289020","160289337","23","135452979"
"JH378120","24853306","24853408","chr10","17917277","17917374","19","6936029"
"JH378120","24861515","24861718","chr12","11949643","11949845","36","12911872"
"JH378120","24913914","24914009","chr2","160463457","160463552","7","135549543"
"JH378120","25019154","25019439","chr9","101831929","101832213","53","76812775"
"JH378120","25023981","25024270","chr2","160631721","160632011","21","135607740"
"JH378120","25051083","25051358","chr2","160663169","160663448","31","135612086"
"JH378120","25105914","25106223","chr7","36419087","36419387","52","11313173"
"JH378120","25243590","25243761","chr2","160917654","160917819","21","135674064"
"JH378120","25305315","25305600","chr2","160989795","160990085","26","135684480"
"JH378120","25426249","25426536","chr1","192740486","192740764","57","167314237"
"JH378120","25454831","25455142","chr2","15903874","15904185","45","9550957"
"JH378120","25476319","25476616","chr2","161132834","161133134","28","135656515"
"JH378120","25477002","25477161","chr7","136583025","136583162","40","111106023"
"JH378120","25592135","25592445","chr2","161271611","161271907","36","135679476"
"JH378120","25597834","25598130","chr2","161280847","161281137","30","135683013"
"JH378120","25716658","25716932","chr2","161503103","161503392","41","135786445"
"JH378120","25762569","25762880","chr2","161551342","161551639","30","135788773"
"JH378120","25791202","25791478","chr9","26319930","26320226","32","528728"
"JH378120","25834033","25834178","chr2","161623415","161623552","22","135789382"
"JH378120","25834472","25834647","chr4","36267467","36267638","31","10432995"
"JH378120","25892828","25893115","chr5","821553","821840","42","25071275"
"JH378120","25915837","25916130","chr9","107870462","107870755","52","81954625"
"JH378120","25917739","25918036","chr2","161713436","161713734","28","135795697"
"JH378120","25954970","25955266","chr2","161750287","161750588","22","135795317"
"JH378120","25958299","25958563","chr2","161753595","161753865","18","135795296"
"JH378120","26045651","26045932","chr2","161860135","161860432","41","135814484"
"JH378120","26070271","26070568","chr2","161886001","161886298","27","135815730"
"JH378120","26096663","26096967","chr2","161921291","161921583","25","135824628"
"JH378120","26098838","26099100","chr2","161922927","161923185","25","135824089"
"JH378120","26145637","26145791","chr5","38799667","38799820","30","12654030"
"JH378120","26265105","26265396","chr2","162104558","162104858","32","135839453"
"JH378120","26388695","26389001","chr2","162226954","162227260","28","135838259"
"JH378120","26430180","26430479","chr2","162267067","162267367","23","135836887"
"JH378120","26495595","26495715","chr9","118051118","118051239","24","91555523"
"JH378120","26495997","26496302","chr5","60671568","60671876","50","34175571"
"JH378120","26637108","26637260","chr2","162618087","162618235","29","135980979"
"JH378120","26660088","26660264","chr22","44878384","44878550","34","18218296"
"JH378120","26675787","26676078","chr2","162524169","162524461","20","135848382"
"JH378120","26684895","26685163","chr22","29049089","29049369","53","2364194"
"JH378120","26686003","26686136","chr2","162534061","162534193","9","135848058"
"JH378120","26702507","26702808","chr8","94331822","94332118","50","67629315"
"JH378120","26719824","26719989","chr17","24226657","24226821","36","2493167"
"JH378120","26720293","26720426","chr22","16463910","16464044","21","10256383"
"JH378120","26736278","26736567","chr2","162577478","162577768","46","135841200"
"JH378120","26737025","26737328","chr2","162578216","162578518","26","135841191"
"JH378120","26739728","26739850","chr6","114287453","114287576","5","87547725"
"JH378120","26761120","26761216","chr2","162603408","162603500","12","135842288"
"JH378120","26773074","26773233","chr2","162615011","162615161","23","135841937"
"JH378120","26775423","26775700","chr1","77088245","77088528","44","50312822"
"JH378120","26796910","26797199","chr2","162640310","162640606","27","135843400"
"JH378120","26802863","26803158","chr2","162646211","162646511","27","135843348"
"JH378120","26820592","26820886","chr2","162663054","162663339","29","135842462"
"JH378120","26852517","26852686","chr5","31370007","31370173","29","4517490"
"JH378120","26853002","26853129","chr1","65175310","65175446","21","38322308"
"JH378120","26882548","26882692","chr2","162735923","162736067","8","135853375"
"JH378120","26882974","26883108","chr2","162736370","162736504","6","135853396"
"JH378120","26961816","26962096","chr2","162822377","162822657","17","135860561"
"JH378120","27029666","27029965","chr2","162900308","162900590","32","135870642"
"JH378120","27039880","27040183","chr2","162910987","162911268","50","135871107"
"JH378120","27293927","27294213","chr2","163172161","163172448","27","135878234"
"JH378120","27433069","27433353","chr2","163335410","163335692","26","135902341"
"JH378120","27553557","27553844","chr2","163450757","163451043","15","135897200"
"JH378120","27629528","27629835","chr2","163538951","163539248","30","135909423"
"JH378120","27718205","27718486","chr2","163629274","163629554","26","135911069"
"JH378120","27723758","27724056","chr2","163634912","163635207","32","135911154"
"JH378120","27728470","27728742","chr2","163644864","163645143","26","135916394"
"JH378120","27824990","27825292","chr2","163743395","163743692","27","135918405"
"JH378120","27876120","27876426","chr17","26482397","26482693","54","1393723"
"JH378120","27876566","27876884","chrY","666132","666429","60","27210434"
"JH378120","27977310","27977606","chr2","163891979","163892271","23","135914669"
"JH378120","27994938","27995069","chr6","148057656","148057785","12","120062718"
"JH378120","27995246","27995365","chr19","24058199","24058318","7","3937047"
"JH378120","28011553","28011820","chr2","163930012","163930291","51","135918459"
"JH378120","28025011","28025323","chr12","31514021","31514318","61","3489010"
"JH378120","28025365","28025375","chr8","105114384","105114395","1","77089019"
"JH378120","28044421","28044529","chr2","163966971","163967074","16","135922550"
"JH378120","28077989","28078120","chr4","34038287","34038417","10","5960298"
"JH378120","28082184","28082491","chr2","164006275","164006561","41","135924091"
"JH378120","28101747","28102039","chr2","164029508","164029794","24","135927761"
"JH378120","28110620","28110787","chr6","146441283","146441452","30","118330663"
"JH378120","28110809","28110935","chr1","165788222","165788348","15","137677413"
"JH378120","28257853","28258135","chr2","164183817","164184103","28","135925964"
"JH378120","28258185","28258210","chr2","12145433","12145455","4","16112752"
"JH378120","28268607","28268895","chr2","164194142","164194452","43","135925535"
"JH378120","28321675","28321984","chr2","164240967","164241273","24","135919292"
"JH378120","28335415","28335645","chr2","164254343","164254573","15","135918928"
"JH378120","28343194","28343481","chr20","27484373","27484660","48","858821"
"JH378120","28351844","28352107","chr2","164271384","164271647","17","135919540"
"JH378120","28404137","28404406","chr3","189057782","189058033","53","160653645"
"JH378120","28656351","28656402","chr5","9728755","9728806","8","18927596"
"JH378120","28656711","28656783","chr4","48931469","48931547","16","20274758"
"JH378120","28680164","28680473","chr2","164595841","164596129","41","135915677"
"JH378120","28689834","28689947","chr2","7297625","7297742","7","21392209"
"JH378120","28699519","28699816","chr2","164616588","164616883","22","135917069"
"JH378120","28715964","28716160","chr2","164635102","164635298","10","135919138"
"JH378120","28724380","28724552","chr7","131234766","131234940","28","102510386"
"JH378120","28724860","28724994","chr1","108329134","108329268","13","79604274"
"JH378120","28779837","28780011","chr22","41326299","41326472","28","12546462"
"JH378120","28807630","28807926","chr5","38753679","38753979","44","9946049"
"JH378120","28811892","28812023","chr7","134645914","134646045","19","105834022"
"JH378120","28817963","28818274","chr2","164749707","164750012","27","135931744"
"JH378120","28857209","28857417","chr2","164790482","164790686","34","135933273"
"JH378120","28872361","28872618","chr7","4899167","4899427","35","23973194"
"JH378120","28881688","28881857","chr2","164817242","164817412","12","135935554"
"JH378120","28900969","28901120","chr1","81421020","81421168","24","52520051"
"JH378120","28905089","28905392","chr2","164840469","164840770","27","135935380"
"JH378120","28925541","28925846","chr2","164853798","164854106","29","135928257"
"JH378120","28944540","28944806","chr2","164872600","164872852","33","135928060"
"JH378120","28964435","28964741","chr5","72144336","72144636","48","43179901"
"JH378120","29037901","29038210","chr2","164966496","164966791","38","135928595"
"JH378120","29087085","29087395","chr3","93830052","93830362","47","64742967"
"JH378120","29094836","29095117","chr2","165025397","165025682","17","135930561"
"JH378120","29095721","29096017","chr2","165026292","165026591","19","135930571"
"JH378120","29096506","29096796","chr2","165027076","165027366","20","135930570"
"JH378120","29101943","29101994","chr10","77550735","77550783","11","48448792"
"JH378120","29120484","29120792","chr2","165052390","165052686","28","135931906"
"JH378120","29157534","29157797","chr2","165090724","165090987","24","135933190"
"JH378120","29229560","29229857","chr2","165157001","165157286","31","135927441"
"JH378120","29237289","29237585","chr2","165164725","165165019","23","135927436"
"JH378120","29317794","29318075","chr2","165245072","165245354","14","135927278"
"JH378120","29325939","29326234","chr3","118798318","118798611","36","89472379"
"JH378120","29364063","29364247","chr11","113577953","113578140","35","84213890"
"JH378120","29364536","29364669","chr4","68841012","68841141","21","39476476"
"JH378120","29384049","29384336","chr2","165311104","165311400","37","135927055"
"JH378120","29408519","29408643","chr2","165329571","165329695","8","135921052"
"JH378120","29470906","29471016","chr2","165385890","165386000","16","135914984"
"JH378120","29492866","29493153","chr4","58072604","58072885","49","28579738"
"JH378120","29585741","29585753","chr1","58387331","58387343","1","28801590"
"JH378120","29585777","29586077","chr7","43837732","43838021","60","14251955"
"JH378120","29649444","29649617","chr2","165571052","165571217","24","135921608"
"JH378120","29697717","29697849","chr2","165617521","165617649","15","135919804"
"JH378120","29707390","29707663","chr2","165629279","165629558","21","135921889"
"JH378120","29906394","29906693","chr2","165864138","165864419","46","135957744"
"JH378120","29933459","29933535","chr2","145018664","145018736","21","115085205"
"JH378120","29959005","29959286","chr2","165915383","165915664","20","135956378"
"JH378120","29997740","29998064","chr2","165955172","165955485","40","135957432"
"JH378120","30002838","30003137","chr2","165959835","165960134","11","135956997"
"JH378120","30078246","30078409","chr2","166048518","166048681","6","135970272"
"JH378120","30078496","30078756","chr12","19712114","19712377","53","10366382"
"JH378120","30078765","30079055","chr2","166049084","166049373","21","135970319"
"JH378120","30080027","30080133","chr2","166050342","166050461","23","135970315"
"JH378120","30080647","30080959","chr2","166050964","166051265","23","135970317"
"JH378120","30093632","30093933","chr2","166065417","166065708","24","135971785"
"JH378120","30101545","30101850","chr2","166072600","166072891","36","135971055"
"JH378120","30108517","30108815","chr2","68131487","68131786","56","38022970"
"JH378120","30120068","30120220","chr10","96050671","96050820","21","65930603"
"JH378120","30129466","30129735","chr1","174097521","174097787","42","143968055"
"JH378120","30130985","30131268","chr7","43837732","43838021","45","13706747"
"JH378120","30140448","30140656","chr9","93998708","93998922","38","63858260"
"JH378120","30142086","30142384","chr2","166112552","166112862","31","135970466"
"JH378120","30157507","30157763","chr7","10287431","10287686","53","19870076"
"JH378120","30159577","30159753","chr1","167842706","167842885","30","137683129"
"JH378120","30163021","30163152","chr6","112890845","112890978","16","82727824"
"JH378120","30165765","30166044","chr2","166136393","166136669","27","135970628"
"JH378120","30169494","30169782","chr2","166139330","166139629","38","135969836"
"JH378120","30170654","30170798","chr14","69753336","69753476","32","39582682"
"JH378120","30171106","30171242","chr9","111617801","111617937","20","81446695"
"JH378120","30178414","30178705","chr2","166151123","166151415","21","135972709"
"JH378120","30181145","30181447","chr2","166153835","166154133","30","135972690"
"JH378120","30182271","30182580","chr2","166154946","166155249","21","135972675"
"JH378120","30186097","30186400","chr14","36952776","36953086","48","6766679"
"JH378120","30187703","30187981","chr2","166165123","166165421","41","135977420"
"JH378120","30188672","30188981","chr2","166166113","166166423","28","135977441"
"JH378120","30188982","30189267","chr2","166166424","166166724","30","135977442"
"JH378120","30193550","30193847","chr9","26302358","26302649","49","3891192"
"JH378120","30198002","30198285","chr2","166173863","166174162","42","135975861"
"JH378120","30203176","30203383","chr13","67900768","67900976","39","37697592"
"JH378120","30203508","30203622","chr17","51300367","51300488","21","21096859"
"JH378120","30206933","30207244","chr2","166182168","166182455","44","135975235"
"JH378120","30217081","30217413","chr3","90704388","90704726","58","60487307"
"JH378120","30230290","30230597","chr2","166203130","166203437","14","135972840"
"JH378120","30235323","30235472","chr2","166206515","166206664","6","135971192"
"JH378120","30244548","30244763","chr17","17296424","17296641","37","12948124"
"JH378120","30248789","30248929","chr22","29183568","29183703","15","1065221"
"JH378120","30252429","30252727","chr2","166222393","166222697","36","135969964"
"JH378120","30257033","30257203","chr10","100462183","100462351","21","70205150"
"JH378120","30262694","30263011","chr4","37962682","37962990","56","7699988"
"JH378120","30276303","30276610","chr3","142523512","142523815","55","112247209"
"JH378120","30282812","30282940","chr2","166256690","166256818","10","135973878"
"JH378120","30284743","30284864","chr14","17173212","17173333","17","13111531"
"JH378120","30284872","30285134","chr2","166258782","166259049","28","135973910"
"JH378120","30286871","30287034","chr13","57319866","57320032","28","27032995"
"JH378120","30288554","30288708","chr7","27340738","27340892","29","2947816"
"JH378120","30302907","30302999","chr7","85707151","85707244","10","55404244"
"JH378120","30304417","30304721","chr2","166279368","166279676","26","135974951"
"JH378120","30323763","30324005","chr4","137347774","137348025","58","107024011"
"JH378120","30335411","30335706","chr2","166320007","166320312","27","135984596"
"JH378120","30352297","30352407","chr7","54975822","54975929","10","24623525"
"JH378120","30352616","30352895","chr2","166335586","166335879","31","135982970"
"JH378120","30355824","30356129","chr2","166339268","166339569","31","135983444"
"JH378120","30360269","30360379","chr4","58197882","58197992","7","27837613"
"JH378120","30363825","30364134","chr5","38033571","38033873","52","7669746"
"JH378120","30406564","30406863","chr2","166395830","166396119","35","135989266"
"JH378120","30430155","30430306","chr10","21605692","21605840","28","8824463"
"JH378120","30430356","30430480","chr2","31559620","31559742","18","1129264"
"JH378120","30462920","30463033","chr13","41000466","41000581","23","10537546"
"JH378120","30468333","30468465","chr2","166448409","166448543","8","135980076"
"JH378120","30491684","30491847","chrX","107324169","107324333","29","76832485"
"JH378120","30492145","30492284","chr1","202981060","202981197","15","172488915"
"JH378120","30507719","30508013","chr2","166486885","166487174","19","135979166"
"JH378120","30524205","30524498","chr2","166505476","166505772","31","135981271"
"JH378120","30537187","30537427","chr6","157784154","157784391","40","127246967"
"JH378120","30608471","30608771","chr2","166594665","166594968","21","135986194"
"JH378120","30626339","30626631","chr2","166612060","166612353","19","135985721"
"JH378120","30628005","30628315","chr2","166613662","166613960","31","135985657"
"JH378120","30662810","30662948","chr20","10256899","10257039","20","20405911"
"JH378120","30678412","30678524","chr6","74950204","74950310","9","44271792"
"JH378120","30699666","30699959","chr2","166682190","166682480","18","135982524"
"JH378120","30700528","30700810","chr2","166683050","166683359","42","135982522"
"JH378120","30708768","30709071","chr2","9683875","9684175","53","21024893"
"JH378120","30709254","30709451","chr2","166691197","166691397","15","135981943"
"JH378120","30805746","30806002","chr2","166787317","166787556","37","135981571"
"JH378120","30856920","30857247","chr6","26789054","26789379","59","4067866"
"JH378120","30891250","30891550","chr2","166871407","166871700","29","135980157"
"JH378120","30968506","30968797","chr10","99061083","99061370","44","68092577"
"JH378120","31009900","31010201","chr2","166989769","166990070","19","135979869"
"JH378120","31013894","31014018","chrX","46992027","46992150","11","15978133"
"JH378120","31035488","31035768","chr5","23980430","23980707","55","7055058"
"JH378120","31075008","31075272","chrX","63176427","63176699","57","32101419"
"JH378120","31113878","31114006","chr2","167098143","167098271","10","135984265"
"JH378120","31177895","31178180","chr7","22678352","22678637","43","8499543"
"JH378120","31213958","31214206","chr10","84255155","84255406","45","53041197"
"JH378120","31431834","31432146","chr2","167458547","167458855","25","136026713"
"JH378120","31452833","31452963","chr3","158784313","158784443","15","127331480"
"JH378120","31475744","31475925","chr1","170169861","170170047","31","138694117"
"JH378120","31476231","31476364","chr5","64802876","64803011","18","33326645"
"JH378120","31482914","31482995","chr2","167511770","167511851","6","136028856"
"JH378120","31502864","31502967","chr2","167525657","167525759","6","136022793"
"JH378120","31507211","31507547","chr2","167530296","167530599","49","136023085"
"JH378120","31507672","31507972","chr2","167530681","167531006","46","136023009"
"JH378120","31547630","31547762","chr2","167562372","167562504","8","136014742"
"JH378120","31548053","31548217","chr2","167562796","167562974","25","136014743"
"JH378120","31549866","31550001","chr2","167564605","167564741","17","136014739"
"JH378120","31646896","31647203","chr6","118749850","118750158","47","87102954"
"JH378120","31665140","31665435","chr2","167699634","167699929","15","136034494"
"JH378120","31667649","31667955","chr1","65217772","65218086","61","33550123"
"JH378120","31671917","31672214","chr2","167706776","167707071","26","136034859"
"JH378120","31716290","31716487","chr2","167743784","167743991","25","136027494"
"JH378120","31795974","31796089","chr2","167824270","167824375","18","136028296"
"JH378120","31891905","31892162","chr15","25028428","25028690","37","6863477"
"JH378120","31897024","31897278","chr2","167932998","167933265","33","136035974"
"JH378120","32005886","32006186","chr2","168049082","168049379","32","136043196"
"JH378120","32028422","32028439","chr1","200141147","200141163","4","168112725"
"JH378120","32028502","32028615","chr1","181907601","181907717","16","149879099"
"JH378120","32043686","32043968","chr13","28271661","28271943","42","3772025"
"JH378120","32058338","32058487","chr2","168122038","168122182","14","136063700"
"JH378120","32108891","32108978","chr7","24116480","24116567","13","7992411"
"JH378120","32109119","32109271","chr3","111819841","111819997","28","79710722"
"JH378120","32129046","32129334","chr8","687744","688032","48","31441302"
"JH378120","32135114","32135402","chr2","168199018","168199307","17","136063904"
"JH378120","32215930","32216236","chr2","168275102","168275409","17","136059172"
"JH378120","32252203","32252481","chr7","45989418","45989698","46","13737215"
"JH378120","32264470","32264605","chr20","26444927","26445057","19","5819543"
"JH378120","32265023","32265153","chr1","199852761","199852888","24","167587738"
"JH378120","32286038","32286331","chr2","168347374","168347663","28","136061336"
"JH378120","32379428","32379548","chr2","168457405","168457525","12","136077977"
"JH378120","32380276","32380599","chr7","150598043","150598369","44","118217767"
"JH378120","32464303","32464603","chr2","168551039","168551339","20","136086736"
"JH378120","32475027","32475346","chr14","44902307","44902640","57","12427280"
"JH378120","32476794","32477080","chr2","168563307","168563595","41","136086513"
"JH378120","32478009","32478152","chr4","162203136","162203279","19","129725127"
"JH378120","32491253","32491519","chr1","73408979","73409241","42","40917726"
"JH378120","32494519","32494822","chr2","168583662","168583969","23","136089143"
"JH378120","32513024","32513245","chr2","168606522","168606743","11","136093498"
"JH378120","32513349","32513563","chr1","137993907","137994116","33","105480558"
"JH378120","32513711","32513772","chr21","27497845","27497905","16","5015866"
"JH378120","32545747","32546023","chr2","168634267","168634542","16","136088520"
"JH378120","32549370","32549645","chr2","168637863","168638128","54","136088493"
"JH378120","32556899","32556936","chr2","168645640","168645677","1","136088741"
"JH378120","32557218","32557378","chr2","168645977","168646136","17","136088759"
"JH378120","32565668","32565954","chr2","168654436","168654719","29","136088768"
"JH378120","32585397","32585524","chr5","158516640","158516771","21","125931243"
"JH378120","32599763","32600055","chr2","168686891","168687174","25","136087128"
"JH378120","32613076","32613367","chr2","168700499","168700766","40","136087423"
"JH378120","32619609","32619916","chr2","168707583","168707903","33","136087974"
"JH378120","32661908","32662209","chr2","168752260","168752546","40","136090352"
"JH378120","32664384","32664676","chr2","168754733","168755012","36","136090349"
"JH378120","32673312","32673605","chr2","168763461","168763741","26","136090149"
"JH378120","32686066","32686380","chr16","26228720","26229020","70","6457346"
"JH378120","32691210","32691493","chr2","168780658","168780965","46","136089448"
"JH378120","32700477","32700784","chr2","168790441","168790746","13","136089964"
"JH378120","32704578","32704870","chr2","168794263","168794544","28","136089685"
"JH378120","32715105","32715394","chr2","168804712","168804996","28","136089607"
"JH378120","32718131","32718282","chr2","168807452","168807601","8","136089321"
"JH378120","32730122","32730406","chr5","72139665","72139949","45","39409543"
"JH378120","32742367","32742669","chr2","168834910","168835217","26","136092543"
"JH378120","32751418","32751679","chr11","78506404","78506675","37","45754986"
"JH378120","32757703","32757993","chr2","168853488","168853771","25","136095785"
"JH378120","32775722","32775999","chr2","168872559","168872837","24","136096837"
"JH378120","32786684","32786973","chr2","168881934","168882229","32","136095250"
"JH378120","32801340","32801620","chr2","128851605","128851884","46","96050265"
"JH378120","32900419","32900721","chr2","168997338","168997635","29","136096919"
"JH378120","32902634","32902734","chr1","192376854","192376951","15","159474220"
"JH378120","32903392","32903717","chr9","91931936","91932252","55","59028544"
"JH378121","1048445","1048767","chr13","116724837","116725141","44","115676392"
"JH378121","3014373","3014695","chr8","117197317","117197628","58","114182944"
"JH378121","16121793","16121929","chr13","100692319","100692455","7","84570526"
"JH378121","17432433","17432733","chr13","99358970","99359254","33","81926537"
"JH378121","19267439","19267706","chr1","9971647","9971904","50","9295792"
"JH378121","27524964","27525263","chr13","88849091","88849398","33","61324127"
"JH378121","15639","15772","chr17","37090331","37090463","18","37074692"
"JH378121","15942","16071","chr2","31412195","31412323","24","31396253"
"JH378121","17328","17398","chr9","35642935","35643017","19","35625607"
"JH378121","40566","40864","chr1","29600750","29601049","28","29560184"
"JH378121","41805","41873","chr12","89999935","90000000","7","89958130"
"JH378121","114534","114829","chr13","117739816","117740092","38","117625282"
"JH378121","154980","155286","chr13","117696099","117696407","38","117541119"
"JH378121","168769","169072","chr6","157751832","157752133","44","157583063"
"JH378121","203504","203809","chr2","13714143","13714444","51","13510639"
"JH378121","240577","240661","chr3","170061843","170061926","22","169821266"
"JH378121","286302","286500","chr13","117543168","117543368","19","117256866"
"JH378121","294921","295203","chr13","117531004","117531292","29","117236083"
"JH378121","317269","317527","chr13","117506319","117506579","17","117189050"
"JH378121","323682","323963","chr13","117500581","117500862","35","117176899"
"JH378121","327875","327997","chr13","117497061","117497191","15","117169186"
"JH378121","334194","334234","chr5","96526175","96526208","9","96191981"
"JH378121","334529","334807","chr10","41798284","41798559","51","41463755"
"JH378121","367907","368198","chr2","1969813","1970100","46","1601906"
"JH378121","373334","373627","chr18","27996746","27997041","49","27623412"
"JH378121","434017","434301","chr13","117391599","117391859","43","116957582"
"JH378121","519387","519461","chr12","18482144","18482220","13","17962757"
"JH378121","549447","549697","chr13","117282336","117282571","32","116732889"
"JH378121","597540","597637","chr13","117234517","117234615","12","116636977"
"JH378121","608181","608457","chrX","107565678","107565955","47","106957497"
"JH378121","611216","611501","chr13","117217518","117217776","40","116606302"
"JH378121","691273","691574","chr13","117122086","117122381","16","116430813"
"JH378121","694057","694236","chr1","173576939","173577118","22","172882882"
"JH378121","737217","737524","chr13","117065283","117065594","34","116328066"
"JH378121","761605","761911","chr13","117041387","117041686","42","116279782"
"JH378121","869780","869894","chr1","135640642","135640758","20","134770862"
"JH378121","869931","870081","chr1","200288765","200288911","24","199418834"
"JH378121","892942","893222","chr13","116885844","116886128","23","115992902"
"JH378121","917145","917311","chr13","116858169","116858332","16","115941024"
"JH378121","934224","934529","chr13","116839047","116839354","33","115904823"
"JH378121","965612","965896","chr13","116806819","116807087","38","115841207"
"JH378121","1058058","1058354","chr13","116713804","116714104","17","115655746"
"JH378121","1093567","1093867","chr13","116679477","116679787","34","115585910"
"JH378121","1111633","1111913","chr13","116661208","116661488","28","115549575"
"JH378121","1118543","1118707","chr3","12400404","12400573","27","11281861"
"JH378121","1163399","1163581","chr13","116607242","116607400","33","115443843"
"JH378121","1163892","1164027","chr13","116605228","116605367","18","115441336"
"JH378121","1173203","1173486","chr13","116584831","116585120","24","115411628"
"JH378121","1243399","1243527","chr18","7985985","7986118","21","6742586"
"JH378121","1275663","1275943","chr13","116472764","116473045","25","115197101"
"JH378121","1392372","1392679","chrX","123373468","123373777","48","121981096"
"JH378121","1449421","1449672","chr2","49431779","49432036","41","47982358"
"JH378121","1490906","1491193","chr13","116233663","116233947","25","114742757"
"JH378121","1578743","1579032","chr5","35605530","35605817","44","34026787"
"JH378121","1586203","1586488","chr8","33738265","33738552","42","32152062"
"JH378121","1674892","1675197","chr19","17385095","17385399","42","15710203"
"JH378121","1700628","1700944","chr22","35959443","35959768","57","34258815"
"JH378121","1815420","1815500","chr10","32688617","32688697","14","30873197"
"JH378121","1819609","1819894","chr13","115869605","115869896","39","114049996"
"JH378121","1860819","1861094","chr12","71030267","71030546","44","69169448"
"JH378121","1901723","1901997","chr13","115784634","115784931","46","113882911"
"JH378121","1934416","1934730","chr13","115750614","115750917","30","113816198"
"JH378121","2067102","2067252","chr13","115608544","115608694","15","113541442"
"JH378121","2112862","2113145","chr13","115558541","115558810","31","113445679"
"JH378121","2497536","2497549","chr8","107828261","107828275","1","105330725"
"JH378121","2497576","2497723","chrX","69028087","69028235","21","66530511"
"JH378121","2497907","2497946","chr1","108112204","108112238","11","105614297"
"JH378121","2497947","2498028","chr2","7842475","7842556","11","5344528"
"JH378121","2502671","2502969","chr13","115125323","115125621","27","112622652"
"JH378121","2537516","2537814","chr13","115049240","115049520","27","112511724"
"JH378121","2707527","2707811","chr13","114887761","114888054","48","112180234"
"JH378121","2732196","2732496","chr13","114854599","114854881","40","112122403"
"JH378121","2759159","2759460","chr13","114825633","114825941","27","112066474"
"JH378121","2782270","2782602","chr13","114801963","114802264","51","112019693"
"JH378121","2815553","2815723","chr4","23147884","23148064","32","20332331"
"JH378121","2875848","2876153","chr13","114682239","114682531","35","111806391"
"JH378121","2944191","2944494","chr13","114612534","114612844","42","111668343"
"JH378121","3009258","3009567","chr13","114546351","114546659","24","111537093"
"JH378121","3027460","3027708","chr12","25911486","25911733","47","22884026"
"JH378121","3032148","3032254","chr4","104434978","104435080","20","101402830"
"JH378121","3061975","3062261","chr13","114490230","114490514","19","111428255"
"JH378121","3067664","3067960","chr13","114482247","114482543","22","111414583"
"JH378121","3071704","3071999","chr13","114477853","114478159","31","111406149"
"JH378121","3078298","3078614","chr13","114473228","114473523","40","111394930"
"JH378121","3089498","3089633","chr13","114460106","114460241","6","111370608"
"JH378121","3089941","3090110","chr13","114459637","114459810","20","111369696"
"JH378121","3099334","3099605","chr13","114450930","114451205","25","111351596"
"JH378121","3111460","3111539","chr13","114438848","114438933","11","111327388"
"JH378121","3111943","3112230","chr13","114438159","114438464","49","111326216"
"JH378121","3113107","3113241","chr20","38296032","38296166","17","35182925"
"JH378121","3113564","3113722","chr4","44146803","44146953","36","41033239"
"JH378121","3118319","3118624","chr13","114430542","114430828","36","111312223"
"JH378121","3120839","3121076","chr13","114426971","114427206","20","111306132"
"JH378121","3122007","3122352","chr9","10968902","10969248","82","7846895"
"JH378121","3124250","3124296","chr2","31562026","31562070","10","28437776"
"JH378121","3124418","3124651","chr2","67815762","67815994","47","64691344"
"JH378121","3131779","3132070","chr13","114416570","114416864","21","111284791"
"JH378121","3153686","3153964","chr5","29681531","29681812","43","26527845"
"JH378121","3153989","3153999","chr1","164890697","164890707","2","161736708"
"JH378121","3166285","3166439","chr2","158539835","158539977","36","155373550"
"JH378121","3167746","3167974","chr10","3039214","3039435","43","128532"
"JH378121","3187184","3187501","chr13","114368002","114368303","37","111180818"
"JH378121","3212498","3212766","chr13","114340098","114340365","17","111127600"
"JH378121","3275930","3276241","chr22","33813181","33813491","50","30537251"
"JH378121","3290216","3290524","chr13","114259265","114259571","25","110969049"
"JH378121","3303946","3304207","chr13","114246387","114246689","53","110942441"
"JH378121","3356288","3356479","chr12","21026292","21026462","40","17670004"
"JH378121","3388310","3388628","chr13","114138202","114138512","32","110749892"
"JH378121","3485084","3485395","chr13","114035776","114036067","43","110550692"
"JH378121","3599876","3600193","chr13","113911326","113911639","29","110311450"
"JH378121","3622200","3622483","chr13","113889864","113890142","20","110267664"
"JH378121","3631303","3631597","chr13","113880494","113880787","26","110249191"
"JH378121","3814542","3814816","chr5","40821915","40822185","50","37007373"
"JH378121","3826299","3826609","chr13","113674360","113674678","46","109848061"
"JH378121","3852023","3852332","chr13","113649356","113649665","29","109797333"
"JH378121","3941519","3941791","chr13","113553800","113554083","49","109612281"
"JH378121","3958410","3958746","chr15","42916611","42916940","63","38958201"
"JH378121","3978235","3978498","chr12","84651552","84651805","61","80673317"
"JH378121","4046888","4047093","chr1","185178393","185178599","35","181131505"
"JH378121","4232969","4233261","chr13","113251685","113251981","28","109018716"
"JH378121","4347178","4347301","chr5","83269463","83269584","14","78922285"
"JH378121","4581746","4582041","chr13","112898132","112898426","13","108316386"
"JH378121","4585470","4585776","chr13","112894182","112894480","34","108308712"
"JH378121","4659123","4659404","chr13","112817688","112817969","26","108158565"
"JH378121","4797322","4797561","chr19","44449671","44449915","53","39652349"
"JH378121","4948782","4949074","chr13","112523637","112523894","55","107574855"
"JH378121","4953698","4953991","chr13","112518735","112519021","40","107565037"
"JH378121","4962418","4962619","chr13","112510231","112510428","17","107547813"
"JH378121","4962899","4963030","chr13","112509816","112509947","8","107546917"
"JH378121","5042371","5042666","chr6","119872578","119872865","56","114830207"
"JH378121","5042751","5043032","chr17","38260041","38260333","45","33217290"
"JH378121","5209021","5209305","chr13","112251474","112251780","43","107042453"
"JH378121","5210450","5210717","chr13","51311007","51311279","51","46100557"
"JH378121","5210763","5210796","chr1","52681258","52681288","5","47470495"
"JH378121","5314536","5314670","chr13","112140635","112140773","15","106826099"
"JH378121","5337554","5337685","chr4","81170633","81170766","9","75833079"
"JH378121","5337709","5337862","chr12","55760344","55760495","16","50422635"
"JH378121","5360684","5360800","chr4","44253641","44253764","17","38892957"
"JH378121","5384788","5385076","chr2","7734683","7734973","48","2349895"
"JH378121","5395165","5395394","chr13","112053834","112054064","34","106658669"
"JH378121","5399797","5400064","chr13","112049508","112049773","20","106649711"
"JH378121","5454229","5454471","chr17","50660555","50660799","39","45206326"
"JH378121","5474836","5475145","chr13","111966970","111967274","35","106492134"
"JH378121","5483471","5483792","chr13","111959574","111959891","27","106476103"
"JH378121","5525658","5525958","chr1","175169935","175170238","39","169644277"
"JH378121","5568731","5569021","chr13","111862085","111862380","25","106293354"
"JH378121","5619434","5619720","chr13","111808755","111809059","43","106189321"
"JH378121","5624745","5625045","chr13","111802010","111802309","17","106177265"
"JH378121","5637772","5638110","chr14","44902307","44902640","63","39264535"
"JH378121","5646735","5646898","chr4","159786004","159786170","25","154139269"
"JH378121","5676646","5676958","chr13","111748375","111748685","19","106071729"
"JH378121","6001614","6001877","chr13","111397622","111397867","38","105396008"
"JH378121","6031851","6032148","chrX","111710844","111711135","49","105678993"
"JH378121","6077919","6078039","chr9","39232603","39232721","15","33154684"
"JH378121","6078070","6078212","chrX","47278951","47279093","33","41200881"
"JH378121","6086403","6086528","chr2","138994247","138994373","14","132907844"
"JH378121","6086577","6086727","chr8","14842907","14843060","25","8756330"
"JH378121","6102286","6102596","chrX","46580294","46580600","55","40478008"
"JH378121","6150437","6150745","chr13","88278110","88278417","42","82127673"
"JH378121","6518512","6518583","chr6","41051851","41051920","9","34533339"
"JH378121","6531038","6531335","chr13","110864865","110865156","40","104333827"
"JH378121","6576088","6576378","chr11","50624753","50625044","48","44048665"
"JH378121","6580575","6580724","chr5","6262264","6262413","24","318311"
"JH378121","6619610","6619767","chr1","193390563","193390717","24","186770953"
"JH378121","6687836","6687956","chr3","112038899","112039022","20","105351063"
"JH378121","6737603","6737874","chr13","110634981","110635265","40","103897378"
"JH378121","6746287","6746596","chr11","14294715","14295016","47","7548428"
"JH378121","6755236","6755548","chr13","110614103","110614415","35","103858867"
"JH378121","6859879","6859991","chr10","35814037","35814151","7","28954158"
"JH378121","6942825","6943109","chr12","27252305","27252592","52","20309480"
"JH378121","6943455","6943722","chr15","77416643","77416890","54","70473188"
"JH378121","7030978","7031288","chr13","110329221","110329520","42","103298243"
"JH378121","7069704","7069795","chr13","110291341","110291435","11","103221637"
"JH378121","7072779","7073051","chr13","110288158","110288425","38","103215379"
"JH378121","7075697","7075784","chr11","33672807","33672900","22","26597110"
"JH378121","7075826","7076011","chr7","63431899","63432081","31","56356073"
"JH378121","7099462","7099789","chr13","110258194","110258491","54","103158732"
"JH378121","7129965","7130107","chr2","8862451","8862599","20","1732486"
"JH378121","7139181","7139460","chr4","10192156","10192434","48","3052975"
"JH378121","7363007","7363301","chr13","109988848","109989149","31","102625841"
"JH378121","7454493","7454663","chr1","95609872","95610039","46","88155379"
"JH378121","7617973","7618283","chr13","109712239","109712537","35","102094266"
"JH378121","7685516","7685822","chr13","109639372","109639661","46","101953856"
"JH378121","7686263","7686577","chr13","109638612","109638906","41","101952349"
"JH378121","7707585","7707908","chr21","7864799","7865115","22","157214"
"JH378121","7803572","7803905","chr13","109493159","109493489","35","101689587"
"JH378121","7834784","7835096","chr13","109463103","109463395","37","101628319"
"JH378121","7873188","7873315","chr20","457389","457516","9","7415799"
"JH378121","7908499","7908754","chr13","109375735","109375971","43","101467236"
"JH378121","7943954","7944253","chr13","109339229","109339508","32","101395275"
"JH378121","7982917","7983082","chr13","109299211","109299373","22","101316294"
"JH378121","7985338","7985619","chr13","109296689","109296980","35","101311351"
"JH378121","8146365","8146488","chr1","146581964","146582086","18","138435599"
"JH378121","8146515","8146695","chr3","111383495","111383670","28","103236980"
"JH378121","8156510","8156716","chr11","118428201","118428410","33","110271691"
"JH378121","8166559","8166845","chr13","109100379","109100656","25","100933820"
"JH378121","8241873","8242180","chr10","96736273","96736582","52","88494400"
"JH378121","8259074","8259377","chr13","109007619","109007895","44","100748545"
"JH378121","8311279","8311577","chr2","15826627","15826910","66","7515348"
"JH378121","8391943","8392237","chr13","108876939","108877233","28","100484996"
"JH378121","8397924","8398210","chr14","83027663","83027956","49","74629739"
"JH378121","8464785","8464876","chr10","7267691","7267783","11","1197094"
"JH378121","8493953","8494240","chr10","106944759","106945045","47","98450806"
"JH378121","8494337","8494355","chrX","60229246","60229262","3","51734909"
"JH378121","8509216","8509398","chr13","108760817","108760999","20","100251601"
"JH378121","8631731","8631970","chr9","103261578","103261818","40","94629847"
"JH378121","8726207","8726503","chr13","108545619","108545909","23","99819412"
"JH378121","8756415","8756712","chr13","108518717","108519012","26","99762302"
"JH378121","8803255","8803488","chr12","50181005","50181240","42","41377750"
"JH378121","8814447","8814737","chr13","108454166","108454450","25","99639719"
"JH378121","8930518","8930813","chr13","108336634","108336929","22","99406116"
"JH378121","8935929","8936232","chr13","108330870","108331172","34","99394941"
"JH378121","9020069","9020374","chr12","20539936","20540241","46","11519867"
"JH378121","9091509","9091803","chr13","108159491","108159791","32","99067982"
"JH378121","9108801","9109112","chr13","108140986","108141290","21","99032185"
"JH378121","9115408","9115693","chr7","58110269","58110566","47","48994861"
"JH378121","9118544","9118846","chr13","108130972","108131273","30","99012428"
"JH378121","9127859","9128057","chr2","137159494","137159697","36","128031635"
"JH378121","9140872","9141157","chr13","108106123","108106408","21","98965251"
"JH378121","9141454","9141754","chr13","108105531","108105826","34","98964077"
"JH378121","9151950","9152259","chr11","121032016","121032322","55","111880066"
"JH378121","9156791","9157071","chr13","108088660","108088946","39","98931869"
"JH378121","9159771","9160051","chr13","108085854","108086157","42","98926083"
"JH378121","9166192","9166252","chr2","163577498","163577555","11","154411306"
"JH378121","9180806","9181103","chr12","110098942","110099235","47","100918136"
"JH378121","9185203","9185492","chr13","108059637","108059922","16","98874434"
"JH378121","9219271","9219579","chr13","108023447","108023753","28","98804176"
"JH378121","9232849","9233158","chr13","108009895","108010197","26","98777046"
"JH378121","9244968","9245231","chr13","108000020","108000280","18","98755052"
"JH378121","9286524","9286835","chr13","107960388","107960687","40","98673864"
"JH378121","9296127","9296432","chr13","107951684","107951992","26","98655557"
"JH378121","9314728","9314857","chr5","106416511","106416638","7","97101783"
"JH378121","9369655","9369963","chr7","87007315","87007626","38","77637660"
"JH378121","9376627","9376918","chr13","107858610","107858903","18","98481983"
"JH378121","9388943","9389252","chr13","107846917","107847223","27","98457974"
"JH378121","9415096","9415408","chr19","17297880","17298188","46","7882784"
"JH378121","9456093","9456248","chr5","83095173","83095330","20","73639080"
"JH378121","9502139","9502439","chr13","107733579","107733875","15","98231440"
"JH378121","9580554","9580735","chr13","107652820","107652997","14","98072266"
"JH378121","9605367","9605678","chr13","107635452","107635742","45","98030085"
"JH378121","9605878","9606160","chr5","100347547","100347824","55","90741669"
"JH378121","9629102","9629240","chr4","110520367","110520503","15","100891265"
"JH378121","9641815","9642111","chr13","107597531","107597833","29","97955716"
"JH378121","9711845","9712134","chr13","107527073","107527362","24","97815228"
"JH378121","9792187","9792525","chr13","107443596","107443931","24","97651409"
"JH378121","9804074","9804222","chr13","9190454","9190610","35","613620"
"JH378121","9804258","9804396","chr1","202981060","202981197","20","193176802"
"JH378121","9815746","9815890","chr13","107418928","107419068","19","97603182"
"JH378121","9824639","9824921","chr13","107410262","107410544","19","97585623"
"JH378121","9846968","9847245","chr13","107389425","107389702","15","97542457"
"JH378121","9852402","9852664","chr13","107383960","107384221","15","97531558"
"JH378121","9941760","9942008","chr2","39147113","39147370","57","29205353"
"JH378121","10023348","10023531","chr13","107204284","107204470","12","97180936"
"JH378121","10096835","10097112","chr13","107145893","107146181","34","97049058"
"JH378121","10135835","10136150","chr1","199629817","199630144","48","189493982"
"JH378121","10155169","10155463","chr13","107088343","107088644","23","96933174"
"JH378121","10190876","10191184","chr13","107053837","107054126","33","96862961"
"JH378121","10220750","10221043","chr13","107024626","107024929","42","96803876"
"JH378121","10338925","10339112","chr13","106906487","106906682","24","96567562"
"JH378121","10519408","10519698","chr13","106721473","106721764","35","96202065"
"JH378121","10540432","10540594","chr5","27699742","27699905","27","17159310"
"JH378121","10541278","10541402","chr13","106700167","106700292","13","96158889"
"JH378121","10541423","10541581","chr13","106699984","106700140","15","96158561"
"JH378121","10625993","10626074","chr13","106608378","106608460","9","95982385"
"JH378121","10632929","10633208","chr13","106601012","106601292","12","95968083"
"JH378121","10788069","10788371","chr13","106427930","106428240","24","95639861"
"JH378121","10881188","10881334","chr13","106325229","106325372","15","95444041"
"JH378121","10887853","10888155","chr13","106318408","106318710","24","95430555"
"JH378121","10914952","10915238","chr13","106285854","106286134","29","95370902"
"JH378121","10940473","10940727","chr13","106260555","106260814","28","95320082"
"JH378121","10957047","10957345","chr7","50240216","50240516","55","39283169"
"JH378121","10982176","10982461","chr13","106217766","106218057","31","95235590"
"JH378121","11004726","11005011","chr13","106190733","106191020","24","95186007"
"JH378121","11008938","11009254","chr13","61627046","61627346","56","50618108"
"JH378121","11026892","11027062","chr13","106166809","106166986","23","95139917"
"JH378121","11027083","11027210","chr4","147039916","147040045","16","136012833"
"JH378121","11091100","11091401","chr13","106099311","106099609","22","95008211"
"JH378121","11129854","11130163","chr13","106063049","106063349","34","94933195"
"JH378121","11135009","11135251","chr18","7648254","7648500","46","3486755"
"JH378121","11169813","11169985","chr8","117634080","117634247","45","106464267"
"JH378121","11276104","11276219","chr5","93570014","93570129","6","82293910"
"JH378121","11423102","11423311","chr12","11122164","11122373","35","300938"
"JH378121","11433353","11433677","chr13","83885318","83885636","59","72451965"
"JH378121","11469092","11469384","chr13","105705215","105705512","29","94236123"
"JH378121","11517544","11517680","chr14","36689350","36689476","20","25171806"
"JH378121","11559291","11559404","chr1","155730854","155730967","5","144171563"
"JH378121","11628028","11628154","chr13","105531443","105531569","8","93903415"
"JH378121","11689488","11689780","chr13","105461892","105462176","37","93772404"
"JH378121","11695654","11695838","chr2","37180345","37180531","33","25484691"
"JH378121","11756846","11757136","chr5","97181134","97181423","36","85424288"
"JH378121","11824272","11824545","chr13","105309099","105309403","44","93484827"
"JH378121","11830284","11830574","chr13","105303260","105303556","48","93472976"
"JH378121","11913933","11914237","chr13","105215034","105215325","38","93301101"
"JH378121","11939615","11939865","chr13","105193134","105193394","44","93253519"
"JH378121","12134388","12134481","chr8","56163605","56163693","12","44029217"
"JH378121","12147046","12147248","chr13","104973470","104973669","22","92826424"
"JH378121","12154097","12154380","chr14","64324981","64325258","46","52170884"
"JH378121","12188791","12188977","chr13","104916292","104916465","25","92727501"
"JH378121","12189005","12189124","chr2","34813843","34813962","19","22624838"
"JH378121","12211438","12211712","chr1","188805096","188805378","45","176593658"
"JH378121","12211742","12211771","chr1","12371889","12371917","4","160147"
"JH378121","12312909","12313067","chr8","55417210","55417367","30","43104301"
"JH378121","12313105","12313227","chr13","104773599","104773721","12","92460494"
"JH378121","12322209","12322390","chr5","5032042","5032242","51","7290167"
"JH378121","12489790","12490047","chr11","2286578","2286836","42","10203212"
"JH378121","12546355","12546532","chr4","106151800","106151966","31","93605445"
"JH378121","12576096","12576361","chr2","15939864","15940130","49","3363768"
"JH378121","12599781","12600072","chr13","104487421","104487712","18","91887640"
"JH378121","12692278","12692366","chr13","104386552","104386635","12","91694274"
"JH378121","12695169","12695480","chr13","104383693","104383991","48","91688524"
"JH378121","12768405","12768703","chr13","104303477","104303775","13","91535072"
"JH378121","12788808","12788921","chr12","608648","608761","7","12180160"
"JH378121","12863970","12864211","chr13","104199927","104200168","28","91335957"
"JH378121","12892926","12893245","chr12","87252475","87252785","62","74359549"
"JH378121","12927614","12927916","chr13","104126338","104126646","33","91198724"
"JH378121","12959802","12960155","chr2","67298949","67299277","66","54339147"
"JH378121","12985958","12986276","chr13","104064101","104064422","49","91078143"
"JH378121","12996396","12996421","chr13","104058264","104058289","0","91061868"
"JH378121","12996485","12996766","chr13","104057941","104058219","28","91061456"
"JH378121","13011046","13011258","chr13","104038427","104038629","24","91027381"
"JH378121","13067546","13067810","chr20","179135","179397","47","12888411"
"JH378121","13155803","13156070","chr13","103885435","103885714","42","90729632"
"JH378121","13256992","13257274","chr5","139084070","139084335","55","125827078"
"JH378121","13271883","13272167","chr5","2061163","2061445","57","11210720"
"JH378121","13272189","13272211","chr1","118717949","118717967","4","105445760"
"JH378121","13397989","13398237","chr15","43538985","43539233","52","30140996"
"JH378121","13465993","13466263","chr15","18200731","18201001","48","4734738"
"JH378121","13474627","13474921","chr13","103550023","103550323","31","90075396"
"JH378121","13587672","13587961","chr13","103441404","103441686","28","89853732"
"JH378121","13747431","13747719","chr13","103281473","103281740","40","89534042"
"JH378121","13794808","13795114","chr13","103227773","103228056","52","89432965"
"JH378121","13843464","13843539","chr13","103177167","103177238","8","89333703"
"JH378121","13843985","13844175","chr13","103176519","103176711","19","89332534"
"JH378121","13850040","13850164","chr1","135725490","135725617","9","121875450"
"JH378121","13932133","13932414","chr7","45989418","45989698","46","32057285"
"JH378121","13952269","13952546","chr13","103067496","103067778","31","89115227"
"JH378121","14018818","14019099","chr13","102995021","102995284","40","88976203"
"JH378121","14026816","14027111","chr13","102987335","102987622","29","88960519"
"JH378121","14113470","14113768","chr13","102892402","102892695","26","88778932"
"JH378121","14376450","14376598","chr1","91208425","91208572","24","76831975"
"JH378121","14401110","14401388","chr13","102578687","102578963","27","88177577"
"JH378121","14449171","14449421","chr16","56461799","56462053","44","42012628"
"JH378121","14476195","14476494","chr13","102503352","102503651","17","88027157"
"JH378121","14527065","14527320","chr7","67321351","67321607","55","52794286"
"JH378121","14542541","14542819","chr13","102408753","102409036","25","87866212"
"JH378121","14554089","14554399","chr13","102397032","102397324","33","87842943"
"JH378121","14607076","14607361","chr13","102342965","102343249","40","87735889"
"JH378121","14670573","14670891","chrX","138108883","138109206","62","123438310"
"JH378121","14714640","14714942","chr4","17667882","17668185","40","2953242"
"JH378121","14717502","14717814","chr13","102229379","102229687","38","87511877"
"JH378121","14726174","14726495","chr13","102220470","102220778","34","87494296"
"JH378121","14906411","14906713","chr13","102035884","102036171","31","87129473"
"JH378121","14966532","14966810","chr9","113560732","113561011","39","98594200"
"JH378121","15014265","15014388","chr13","101924542","101924665","10","86910277"
"JH378121","15032214","15032542","chr13","101907575","101907901","8","86875361"
"JH378121","15148233","15148336","chr14","81259190","81259293","16","66110957"
"JH378121","15174426","15174701","chr2","159729827","159730100","54","144555401"
"JH378121","15320161","15320264","chr13","101529913","101530025","17","86209752"
"JH378121","15345064","15345082","chr4","10318278","10318297","2","5026786"
"JH378121","15345158","15345426","chr10","1200679","1200956","53","14144479"
"JH378121","15345461","15345620","chr16","91900406","91900567","27","76554945"
"JH378121","15387994","15388275","chr13","101457636","101457927","26","86069642"
"JH378121","15388306","15388512","chr13","101457381","101457605","31","86069075"
"JH378121","15399239","15399537","chr6","18238428","18238726","50","2839189"
"JH378121","15405104","15405320","chr11","60138329","60138541","31","44733225"
"JH378121","15413895","15414184","chr13","101432287","101432571","23","86018392"
"JH378121","15466010","15466306","chr13","101377776","101378074","24","85911766"
"JH378121","15478249","15478557","chr13","101364365","101364673","30","85886116"
"JH378121","15485376","15485671","chr13","101356209","101356510","18","85870833"
"JH378121","15504162","15504344","chr13","101337594","101337777","18","85833432"
"JH378121","15505665","15505973","chr5","60671568","60671876","48","45165903"
"JH378121","15520268","15520544","chr13","101319032","101319307","14","85798764"
"JH378121","15520586","15520598","chr13","101318982","101318994","0","85798396"
"JH378121","15531515","15531648","chr2","151732410","151732545","31","136200895"
"JH378121","15534720","15535003","chr13","101304745","101305033","24","85770025"
"JH378121","15542228","15542329","chr13","101297785","101297886","5","85755557"
"JH378121","15619275","15619376","chr2","35282625","35282725","34","19663350"
"JH378121","15619691","15619783","chr9","42422341","42422432","18","26802650"
"JH378121","15646095","15646379","chr3","185021928","185022217","45","169375833"
"JH378121","15646400","15646425","chrX","98352732","98352753","5","82706332"
"JH378121","15657881","15658173","chr13","101179041","101179337","16","85521160"
"JH378121","15673495","15673506","chr6","132674145","132674155","1","117000650"
"JH378121","15673680","15673982","chr13","101163130","101163414","47","85489450"
"JH378121","15739951","15740083","chr1","194772737","194772864","11","179032786"
"JH378121","15779487","15779804","chr13","101053768","101054060","44","85274281"
"JH378121","15800963","15801269","chr2","125874514","125874821","48","110073551"
"JH378121","15813448","15813760","chr13","101021803","101022125","32","85208355"
"JH378121","15862047","15862194","chr1","118016922","118017064","18","102154875"
"JH378121","15863476","15863632","chr6","146500367","146500526","27","130636891"
"JH378121","15874632","15874926","chr13","100953888","100954195","31","85079256"
"JH378121","15914882","15915185","chr13","100892862","100893164","19","84977980"
"JH378121","15951434","15951729","chr13","100860234","100860533","20","84908800"
"JH378121","15982149","15982434","chr13","100831374","100831652","30","84849225"
"JH378121","15991407","15991714","chr7","89097630","89097933","41","73106223"
"JH378121","16004606","16004737","chr13","100808954","100809087","8","84804348"
"JH378121","16011712","16012014","chr13","100802379","100802691","41","84790667"
"JH378121","16014689","16014861","chr15","17679124","17679293","33","1664435"
"JH378121","16019584","16019698","chr2","163914760","163914873","4","147895176"
"JH378121","16019969","16020034","chr5","79132040","79132111","15","63112071"
"JH378121","16020082","16020097","chr1","182535549","182535564","2","166515467"
"JH378121","16032616","16032749","chr5","150164917","150165048","15","134132301"
"JH378121","16033092","16033359","chr13","100778847","100779109","25","84745755"
"JH378121","16049755","16050036","chr13","100763944","100764227","19","84714189"
"JH378121","16050761","16050898","chr13","100763080","100763203","22","84712319"
"JH378121","16053731","16053803","chrUn_GL286478","45052","45125","11","16008679"
"JH378121","16076329","16076638","chr13","100737259","100737568","29","84660930"
"JH378121","16083963","16084287","chr13","100729860","100730162","34","84645897"
"JH378121","16091950","16092249","chr13","100722157","100722456","16","84630207"
"JH378121","16097953","16098185","chr13","100715846","100716072","21","84617893"
"JH378121","16098331","16098372","chr13","100715653","100715694","4","84617322"
"JH378121","16115427","16115728","chr13","100698248","100698550","24","84582821"
"JH378121","16123633","16123763","chr13","100690818","100690953","19","84567185"
"JH378121","16124045","16124154","chr14","1878822","1878920","30","14245223"
"JH378121","16147666","16147962","chr13","100662099","100662387","24","84514433"
"JH378121","16150236","16150362","chr9","20245702","20245828","12","4095466"
"JH378121","16160300","16160594","chr13","100649700","100649997","25","84489400"
"JH378121","16178540","16178839","chr13","100631436","100631741","39","84452896"
"JH378121","16190648","16190780","chr1","95757714","95757850","25","79567066"
"JH378121","16202974","16203273","chr5","72278102","72278400","48","56075128"
"JH378121","16205458","16205591","chr8","73506415","73506545","9","57300957"
"JH378121","16214366","16214500","chr21","37871035","37871168","16","21656669"
"JH378121","16214810","16214991","chr7","131234766","131234940","29","115019956"
"JH378121","16215081","16215384","chr13","100596434","100596727","42","84381353"
"JH378121","16224242","16224527","chr13","100589029","100589319","17","84364787"
"JH378121","16228223","16228478","chr13","100585121","100585379","26","84356898"
"JH378121","16231100","16231390","chr7","79267394","79267682","43","63036294"
"JH378121","16238788","16238845","chr13","100577787","100577844","5","84338999"
"JH378121","16239157","16239291","chr13","100577358","100577492","4","84338201"
"JH378121","16241717","16242018","chr13","100574688","100574988","28","84332971"
"JH378121","16242992","16243299","chr13","100573443","100573735","40","84330451"
"JH378121","16249204","16249501","chr13","100566342","100566641","27","84317138"
"JH378121","16253833","16253963","chr11","54766033","54766160","9","38512200"
"JH378121","16257772","16257922","chr1","181420178","181420329","22","165162406"
"JH378121","16270095","16270388","chr13","100543804","100544096","34","84273709"
"JH378121","16281745","16282049","chr13","100534636","100534919","41","84252891"
"JH378121","16289063","16289188","chr12","11605409","11605530","17","4683654"
"JH378121","16290107","16290415","chr13","100526099","100526396","28","84235992"
"JH378121","16336355","16336657","chr13","100481286","100481593","27","84144931"
"JH378121","16374397","16374655","chr7","50982706","50982963","37","34608309"
"JH378121","16394061","16394366","chr13","100428746","100429048","25","84034685"
"JH378121","16397083","16397158","chr13","100426297","100426372","6","84029214"
"JH378121","16397981","16398208","chr13","100419691","100419929","25","84021710"
"JH378121","16422599","16422911","chr1","136738175","136738478","53","120315576"
"JH378121","16427542","16427849","chr13","100392150","100392456","28","83964608"
"JH378121","16520830","16520851","chr11","118431899","118431917","5","101911069"
"JH378121","16520880","16521167","chr5","30020775","30021059","48","13499895"
"JH378121","16524099","16524394","chr13","100293777","100294086","29","83769678"
"JH378121","16545472","16545762","chr2","57087119","57087409","47","40541647"
"JH378121","16574908","16575212","chr13","100244567","100244867","43","83669659"
"JH378121","16575541","16575831","chr5","113433930","113434217","43","96858389"
"JH378121","16581657","16581961","chr9","108690798","108691100","47","92109141"
"JH378121","16612381","16612539","chr13","100206905","100207063","12","83594524"
"JH378121","16633213","16633502","chr13","100186289","100186577","16","83553076"
"JH378121","16705364","16705658","chr13","100112680","100112975","32","83407316"
"JH378121","16718894","16719208","chr13","100100214","100100526","18","83381320"
"JH378121","16791353","16791639","chr13","100031937","100032228","36","83240584"
"JH378121","16931689","16931999","chr13","99878900","99879213","27","82947211"
"JH378121","16990880","16991164","chr13","99817361","99817670","39","82826481"
"JH378121","16991630","16991782","chr13","99816745","99816896","12","82825115"
"JH378121","16995340","16995621","chr13","99812389","99812663","28","82817049"
"JH378121","17000001","17000187","chr22","31776843","31777004","51","14776842"
"JH378121","17019452","17019749","chr13","99788582","99788872","21","82769130"
"JH378121","17023291","17023422","chr13","99784529","99784658","8","82761238"
"JH378121","17031667","17031933","chr17","46242767","46243030","44","29211100"
"JH378121","17100342","17100653","chr13","99704893","99705197","24","82604551"
"JH378121","17171470","17171781","chr5","157082303","157082618","14","139910833"
"JH378121","17251474","17251715","chr12","12293733","12293938","67","4957741"
"JH378121","17252021","17252156","chr13","99549573","99549708","5","82297552"
"JH378121","17288707","17288987","chr13","23566645","23566945","29","6277938"
"JH378121","17303463","17303751","chr13","99497671","99497959","16","82194208"
"JH378121","17313518","17313806","chr13","99486910","99487198","21","82173392"
"JH378121","17352638","17352921","chr13","99446228","99446525","36","82093590"
"JH378121","17354515","17354807","chr13","99444167","99444455","23","82089652"
"JH378121","17377465","17377752","chrX","17119564","17119856","40","257901"
"JH378121","17455637","17455920","chr13","99335332","99335614","17","81879695"
"JH378121","17491549","17491825","chr4","43326497","43326775","45","25834948"
"JH378121","17494251","17494547","chr13","99297839","99298143","26","81803588"
"JH378121","17523146","17523443","chr13","99268751","99269054","40","81745605"
"JH378121","17534524","17534666","chr20","7880607","7880746","22","9653917"
"JH378121","17726996","17727257","chr13","99066882","99067145","28","81339886"
"JH378121","17743742","17744021","chr13","99056006","99056292","50","81312264"
"JH378121","17822676","17822852","chr7","98790077","98790251","34","80967401"
"JH378121","17822897","17823017","chr13","40181887","40182004","16","22358990"
"JH378121","17871719","17872028","chr13","98923602","98923900","37","81051883"
"JH378121","17887146","17887435","chr17","74066448","74066740","43","56179302"
"JH378121","17911938","17912075","chr13","98884023","98884154","14","80972085"
"JH378121","17929492","17929777","chr1","13019210","13019487","52","4910282"
"JH378121","17939568","17939806","chr13","98856111","98856348","26","80916543"
"JH378121","17959930","17960239","chr12","85410770","85411080","55","67450840"
"JH378121","17962372","17962634","chr13","98831718","98831975","28","80869346"
"JH378121","17962843","17963138","chr4","153177358","153177649","47","135214515"
"JH378121","17974026","17974156","chr11","88422428","88422559","33","70448402"
"JH378121","17974186","17974304","chr4","35097377","35097496","16","17123191"
"JH378121","17974356","17974657","chr13","98818557","98818834","50","80844201"
"JH378121","17982554","17982836","chr13","98809515","98809787","30","80826961"
"JH378121","17990366","17990671","chr13","98801402","98801706","28","80811036"
"JH378121","18088823","18088944","chrX","106772558","106772679","17","88683735"
"JH378121","18088973","18089130","chr10","119387998","119388158","24","101299025"
"JH378121","18103408","18103694","chr13","98692336","98692610","33","80588928"
"JH378121","18191902","18192197","chr13","98581333","98581620","27","80389431"
"JH378121","18201210","18201453","chr13","98572083","98572319","22","80370873"
"JH378121","18268371","18268633","chr13","98501930","98502189","29","80233559"
"JH378121","18347979","18348254","chr12","89055748","89056028","39","70707769"
"JH378121","18398432","18398720","chr13","98349987","98350273","20","79951555"
"JH378121","18554208","18554512","chr13","98181303","98181591","31","79627095"
"JH378121","18615282","18615561","chr13","98102410","98102699","31","79487128"
"JH378121","18636801","18637043","chr13","98076887","98077129","12","79440086"
"JH378121","18670399","18670578","chr4","86874054","86874221","31","68203655"
"JH378121","18808507","18808785","chr13","97868396","97868675","22","79059889"
"JH378121","18826961","18827111","chr13","97841637","97841800","20","79014676"
"JH378121","18836465","18836766","chr13","97833028","97833322","26","78996563"
"JH378121","18868157","18868379","chr5","134714405","134714620","40","115846248"
"JH378121","18869962","18870259","chr13","97805722","97806021","19","78935760"
"JH378121","18872873","18873179","chr13","97802773","97803055","50","78929900"
"JH378121","18899106","18899417","chr13","97779665","97779961","35","78880559"
"JH378121","18909749","18910034","chr13","97769723","97770006","23","78859974"
"JH378121","18919202","18919490","chr13","97760227","97760516","24","78841025"
"JH378121","18928996","18929159","chr13","97750617","97750784","12","78821621"
"JH378121","18932881","18933203","chr13","97747057","97747384","68","78814176"
"JH378121","18934893","18935115","chr14","44575927","44576155","40","25641034"
"JH378121","18940296","18940465","chr22","3864640","3864810","27","15075656"
"JH378121","18940774","18940888","chr22","2367058","2367172","17","16573716"
"JH378121","18945408","18945724","chr5","2517530","2517836","54","16427878"
"JH378121","18979339","18979458","chr1","165038836","165038952","16","146059497"
"JH378121","18979480","18979632","chrX","40394770","40394926","36","21415290"
"JH378121","18990598","18990676","chr13","97687726","97687803","9","78697128"
"JH378121","19024982","19025274","chr13","97648967","97649266","26","78623985"
"JH378121","19032130","19032454","chr13","97641705","97642031","32","78609575"
"JH378121","19036798","19036978","chrX","96281939","96282114","30","77245141"
"JH378121","19037294","19037429","chr14","45084790","45084926","18","26047496"
"JH378121","19043787","19044093","chr22","20441921","20442228","37","1398134"
"JH378121","19047210","19047509","chr13","97628248","97628545","23","78581038"
"JH378121","19073353","19073476","chr12","11605409","11605530","18","7467944"
"JH378121","19084762","19085062","chr13","97589061","97589354","30","78504299"
"JH378121","19089290","19089604","chr18","5536415","5536723","65","13552875"
"JH378121","19114349","19114645","chr13","97558662","97558957","21","78444313"
"JH378121","19117931","19118180","chr10","70318575","70318825","43","51200644"
"JH378121","19132987","19133285","chr1","202991654","202991938","62","183858667"
"JH378121","19217505","19217799","chr13","97446393","97446688","26","78228888"
"JH378121","19234626","19234915","chr16","33967075","33967362","53","14732449"
"JH378121","19246066","19246303","chr14","20634631","20634860","45","1388565"
"JH378121","19270465","19270753","chr13","97393878","97394162","26","78123413"
"JH378121","19297326","19297619","chr13","97363951","97364235","37","78066625"
"JH378121","19310436","19310743","chr13","97348140","97348442","28","78037704"
"JH378121","19322430","19322717","chr13","97336746","97337060","45","78014316"
"JH378121","19323707","19323892","chrX","38514775","38514961","27","19191068"
"JH378121","19323933","19324047","chr10","76883835","76883952","17","57559902"
"JH378121","19370293","19370591","chr17","26482397","26482693","43","7112104"
"JH378121","19406660","19406957","chr13","97250000","97250293","26","77843340"
"JH378121","19457243","19457548","chr13","97198603","97198905","25","77741360"
"JH378121","19474734","19474943","chr13","97181253","97181461","19","77706519"
"JH378121","19493079","19493380","chr11","15240767","15241064","60","4252312"
"JH378121","19502136","19502285","chr22","33908275","33908425","18","14406139"
"JH378121","19548323","19548606","chr13","97108925","97109226","31","77560602"
"JH378121","19553287","19553593","chr13","97103749","97104057","39","77550462"
"JH378121","19554750","19555049","chr13","97102253","97102545","32","77547503"
"JH378121","19569074","19569375","chr13","97088579","97088883","34","77519505"
"JH378121","19583124","19583417","chr13","97075280","97075572","23","77492156"
"JH378121","19633573","19633720","chr16","4419905","4420057","24","15213668"
"JH378121","19640923","19641065","chr2","13276572","13276711","25","6364351"
"JH378121","19641388","19641546","chr8","11550574","11550730","22","8090814"
"JH378121","19682751","19683041","chr13","96969548","96969845","27","77286797"
"JH378121","19693916","19694051","chr5","84227278","84227413","16","64533362"
"JH378121","19695415","19695599","chr13","96957823","96958002","17","77262408"
"JH378121","19696141","19696435","chr13","96957001","96957286","25","77260860"
"JH378121","19712897","19713206","chr4","151633544","151633846","52","131920647"
"JH378121","19742509","19742790","chr13","96909725","96910006","10","77167216"
"JH378121","19748055","19748272","chr5","65478","65679","69","19682577"
"JH378121","19751442","19751735","chr13","96900937","96901242","33","77149495"
"JH378121","19757245","19757365","chr1","179586986","179587106","10","159829741"
"JH378121","19760274","19760553","chrUn_GL287697","283","548","30","19759991"
"JH378121","19776632","19776943","chr13","96873151","96873458","29","77096519"
"JH378121","19813626","19813731","chr13","96838081","96838186","9","77024455"
"JH378121","19817679","19817960","chr7","11389327","11389606","56","8428352"
"JH378121","19833293","19833603","chr19","10208538","10208840","49","9624755"
"JH378121","19848769","19849053","chr13","96806079","96806361","26","76957310"
"JH378121","19861110","19861408","chr13","96793393","96793684","24","76932283"
"JH378121","19864331","19864542","chr13","96790289","96790507","17","76925958"
"JH378121","19868660","19868831","chr1","185859100","185859275","26","165990440"
"JH378121","19868859","19868983","chr5","79270068","79270191","13","59401209"
"JH378121","19873820","19874132","chr13","96782034","96782335","29","76908214"
"JH378121","19878261","19878390","chr1","197885955","197886086","10","178007694"
"JH378121","19893118","19893250","chr12","52301390","52301522","10","32408272"
"JH378121","19896048","19896220","chrX","122519063","122519222","34","102623015"
"JH378121","19896249","19896376","chr4","21500156","21500282","21","1603907"
"JH378121","19906989","19907277","chr13","96746628","96746915","33","76839639"
"JH378121","19911406","19911683","chr5","97181134","97181423","62","77269728"
"JH378121","19921804","19922099","chr9","111354658","111354956","40","91432854"
"JH378121","19925615","19925736","chr5","39398519","39398638","17","19472904"
"JH378121","19940371","19940652","chr5","2132945","2133238","48","17807426"
"JH378121","19972441","19972643","chr5","73162169","73162376","42","53189728"
"JH378121","19972701","19972787","chr12","79113278","79113364","14","59140577"
"JH378121","19974218","19974344","chr14","81099844","81099968","5","61125626"
"JH378121","19982510","19982817","chr13","96651697","96652003","38","76669187"
"JH378121","19984468","19984660","chr7","59875696","59875888","32","39891228"
"JH378121","19985017","19985321","chr13","96649218","96649510","39","76664201"
"JH378121","19992164","19992474","chr13","96642811","96643087","57","76650647"
"JH378121","19993458","19993524","chr13","96641779","96641834","11","76648321"
"JH378121","20004133","20004428","chr13","96630997","96631296","28","76626864"
"JH378121","20022578","20022762","chr1","182623678","182623854","37","162601100"
"JH378121","20023034","20023167","chr12","79460338","79460473","15","59437304"
"JH378121","20047038","20047358","chr13","96598562","96598885","23","76551524"
"JH378121","20061911","20062179","chr13","96584023","96584292","24","76522112"
"JH378121","20074629","20074759","chr2","153675368","153675500","13","133600739"
"JH378121","20074789","20075069","chr13","96567303","96567580","17","76492514"
"JH378121","20097045","20097320","chr5","123607016","123607263","64","103509971"
"JH378121","20124182","20124469","chr13","96516646","96516930","31","76392464"
"JH378121","20136614","20136923","chr5","60671568","60671876","43","40534954"
"JH378121","20137060","20137290","chr13","96504113","96504331","27","76367053"
"JH378121","20146782","20147069","chr13","96494528","96494812","21","76347746"
"JH378121","20153585","20153891","chr13","96488344","96488650","15","76334759"
"JH378121","20171157","20171463","chr13","96470886","96471199","26","76299729"
"JH378121","20268270","20268569","chr13","96369201","96369474","39","76100931"
"JH378121","20271910","20272033","chrX","69249237","69249359","12","48977327"
"JH378121","20272075","20272255","chr13","96366033","96366205","17","76093958"
"JH378121","20279881","20280183","chr13","96357189","96357477","43","76077308"
"JH378121","20297344","20297420","chr2","7516508","7516584","9","12780836"
"JH378121","20297728","20297773","chr7","86614884","86614925","9","66317156"
"JH378121","20299888","20300136","chr13","96334933","96335182","14","76035045"
"JH378121","20314093","20314316","chr13","96320458","96320681","11","76006365"
"JH378121","20316871","20317178","chr13","15819983","15820284","48","4496888"
"JH378121","20340661","20340963","chr2","16239930","16240232","34","4100731"
"JH378121","20386659","20386933","chr13","96248226","96248498","19","75861567"
"JH378121","20422394","20422648","chr13","96212724","96212976","15","75790330"
"JH378121","20435604","20435768","chr13","96196736","96196892","20","75761132"
"JH378121","20477828","20478154","chr3","20674935","20675261","61","197107"
"JH378121","20487131","20487266","chr13","96144115","96144254","19","75656984"
"JH378121","20488610","20488779","chr13","96142571","96142741","17","75653961"
"JH378121","20492661","20492926","chr13","96137949","96138198","41","75645288"
"JH378121","20516466","20516775","chr13","96113790","96114100","28","75597324"
"JH378121","20540781","20541077","chr5","97816701","97816998","42","77275920"
"JH378121","20554415","20554705","chr1","8453266","8453544","58","12101149"
"JH378121","20560963","20561269","chr13","96069018","96069304","41","75508055"
"JH378121","20583266","20583391","chr1","65713113","65713232","25","45129847"
"JH378121","20588710","20588877","chr7","81495719","81495888","26","60907009"
"JH378121","20588902","20589030","chr13","46874949","46875075","13","26286047"
"JH378121","20616368","20616655","chr13","96017275","96017570","27","75400907"
"JH378121","20617793","20618090","chr13","96015822","96016110","24","75398029"
"JH378121","20635787","20636076","chr13","95995901","95996194","16","75360114"
"JH378121","20637824","20638126","chr13","95994339","95994644","24","75356515"
"JH378121","20644135","20644411","chr13","95985055","95985351","40","75340920"
"JH378121","20649715","20650000","chr13","95979217","95979502","17","75329502"
"JH378121","20673563","20673717","chr13","95955600","95955754","8","75282037"
"JH378121","20673748","20673890","chr13","95955454","95955573","24","75281706"
"JH378121","20712107","20712419","chr13","95915137","95915471","44","75203030"
"JH378121","20715375","20715479","chr13","95912442","95912546","11","75197067"
"JH378121","20726905","20727137","chr5","61068120","61068353","31","40341215"
"JH378121","20759429","20759737","chr4","17974155","17974461","53","2785274"
"JH378121","20776208","20776510","chr13","95854869","95855171","22","75078661"
"JH378121","20815962","20816262","chr13","95815956","95816247","33","74999994"
"JH378121","20820234","20820551","chr3","107707091","107707409","53","86886857"
"JH378121","20842377","20842666","chr13","95761733","95762018","15","74919356"
"JH378121","20844542","20844851","chr13","95759519","95759829","20","74914977"
"JH378121","20845439","20845657","chr5","112551489","112551702","37","91706050"
"JH378121","20845954","20846061","chr3","33472986","33473091","18","12627032"
"JH378121","20870009","20870294","chr13","95734221","95734506","14","74864212"
"JH378121","20874331","20874627","chr13","95729809","95730105","28","74855478"
"JH378121","20888662","20888861","chr13","95714127","95714330","15","74825465"
"JH378121","20891742","20892012","chr1","164867254","164867536","51","143975512"
"JH378121","20893443","20893606","chr13","95709116","95709266","20","74815673"
"JH378121","20896050","20896339","chr13","95706411","95706710","31","74810361"
"JH378121","20904610","20904900","chr10","100666095","100666386","42","79761485"
"JH378121","20907897","20908240","chrX","82455345","82455684","43","61547448"
"JH378121","20914402","20914714","chr13","95688654","95688955","31","74774252"
"JH378121","20920957","20921247","chr13","95682142","95682433","23","74761185"
"JH378121","20924242","20924463","chr13","95678965","95679173","31","74754723"
"JH378121","20924468","20924539","chr4","33492996","33493064","12","12568528"
"JH378121","20928035","20928316","chr13","95672544","95672826","22","74744509"
"JH378121","20928318","20928629","chr6","147890862","147891178","41","126962544"
"JH378121","20929589","20929717","chr1","41581737","41581864","12","20652148"
"JH378121","20934324","20934637","chr13","95665341","95665642","27","74731017"
"JH378121","20942132","20942430","chr11","120786747","120787044","36","99844615"
"JH378121","20944544","20944814","chr9","41455381","41455658","46","20510837"
"JH378121","20949082","20949378","chr15","6127474","6127776","44","14821608"
"JH378121","20954471","20954648","chr13","95645337","95645509","19","74690866"
"JH378121","20958082","20958286","chr13","95641304","95641508","10","74683222"
"JH378121","20962677","20962975","chr13","95636608","95636912","32","74673931"
"JH378121","20981653","20981761","chr10","55153734","55153840","12","34172081"
"JH378121","20985228","20985539","chr13","95614402","95614694","41","74629174"
"JH378121","20997479","20997771","chrX","123693487","123693778","37","102696008"
"JH378121","21004227","21004481","chr13","95596193","95596442","27","74591966"
"JH378121","21010412","21010541","chr13","95589686","95589815","10","74579274"
"JH378121","21011064","21011225","chr22","37081064","37081225","32","16070000"
"JH378121","21023840","21024139","chr13","95577387","95577679","24","74553547"
"JH378121","21036810","21036937","chr2","131442848","131442982","21","110406038"
"JH378121","21037064","21037341","chr13","95563780","95564052","28","74526716"
"JH378121","21038573","21038868","chr13","95562274","95562563","27","74523701"
"JH378121","21041316","21041608","chr13","95559506","95559801","24","74518190"
"JH378121","21043173","21043471","chr13","61627046","61627346","36","40583873"
"JH378121","21061193","21061326","chr13","95539342","95539473","15","74478149"
"JH378121","21082594","21082895","chr4","207333","207631","38","20875261"
"JH378121","21087820","21087952","chr13","95517490","95517622","9","74429670"
"JH378121","21125909","21126208","chr13","95479360","95479671","36","74353451"
"JH378121","21143977","21144303","chr13","95463482","95463796","41","74319505"
"JH378121","21175931","21175963","chr12","592160","592192","2","20583771"
"JH378121","21226613","21226945","chr2","57519700","57520025","69","36293087"
"JH378121","21251051","21251335","chr1","181526555","181526831","47","160275504"
"JH378121","21263533","21263747","chr13","95336428","95336643","13","74072895"
"JH378121","21274021","21274309","chr13","95324457","95324741","16","74050436"
"JH378121","21363922","21364179","chr13","95226908","95227165","26","73862986"
"JH378121","21458527","21458744","chr9","125717","125937","29","21332810"
"JH378121","21515611","21515889","chr13","95060892","95061169","21","73545281"
"JH378121","21559638","21559924","chr13","95011128","95011437","41","73451490"
"JH378121","21915990","21916174","chr7","11546083","11546272","32","10369907"
"JH378121","21916446","21916577","chr12","18627973","18628107","13","3288473"
"JH378121","21957629","21957761","chr2","47006398","47006525","17","25048769"
"JH378121","21962587","21962855","chr13","94602870","94603137","22","72640283"
"JH378121","21972641","21972942","chr13","94592745","94593047","19","72620104"
"JH378121","22022915","22023193","chr13","94537101","94537379","19","72514186"
"JH378121","22043340","22043635","chr5","108579775","108580074","44","86536435"
"JH378121","22052319","22052630","chr13","94497502","94497820","19","72445183"
"JH378121","22062463","22062568","chr10","55153734","55153840","13","33091271"
"JH378121","22063897","22064034","chr21","40919967","40920105","19","18856070"
"JH378121","22067945","22068253","chr13","94482792","94483086","31","72414847"
"JH378121","22152199","22152491","chr13","94399710","94400001","20","72247511"
"JH378121","22165678","22165939","chr8","99067745","99068005","44","76902067"
"JH378121","22469027","22469267","chr8","117740682","117740915","45","95271655"
"JH378121","22470621","22470923","chr13","94084444","94084740","26","71613823"
"JH378121","22507594","22507865","chr16","74284201","74284445","54","51776607"
"JH378121","22548498","22548798","chr4","39781279","39781584","50","17232781"
"JH378121","22616520","22616830","chr13","93937326","93937632","26","71320806"
"JH378121","22673323","22673632","chr13","93883411","93883736","38","71210088"
"JH378121","22804931","22805218","chr13","93748691","93748974","23","70943760"
"JH378121","22810400","22810700","chr13","93744036","93744327","23","70933636"
"JH378121","22836775","22837102","chr13","93716547","93716888","49","70879772"
"JH378121","22845700","22845954","chr6","147779726","147779978","44","124934026"
"JH378121","22863447","22863722","chr13","93685194","93685469","20","70821747"
"JH378121","22863808","22864127","chr2","94648574","94648887","61","71784766"
"JH378121","22926118","22926367","chr7","50982706","50982963","36","28056588"
"JH378121","22932696","22932903","chr13","93615002","93615201","26","70682306"
"JH378121","22940302","22940612","chr13","93606810","93607120","24","70666508"
"JH378121","22944280","22944565","chr13","93602842","93603116","29","70658562"
"JH378121","22952646","22952952","chr14","16009052","16009354","35","6943594"
"JH378121","22961081","22961346","chr13","93587222","93587495","47","70626141"
"JH378121","22984265","22984613","chr15","96297147","96297486","75","73312882"
"JH378121","23053620","23053924","chr13","93494653","93494963","34","70441033"
"JH378121","23061161","23061402","chr13","93487085","93487325","13","70425924"
"JH378121","23190326","23190645","chr11","53650182","53650493","58","30459856"
"JH378121","23196081","23196386","chr13","93353494","93353799","27","70157413"
"JH378121","23257498","23257610","chr1","155730854","155730967","7","132473356"
"JH378121","23347418","23347707","chr13","93203764","93204058","24","69856346"
"JH378121","23368986","23369319","chr13","93186349","93186647","50","69817363"
"JH378121","23369896","23370194","chr13","93185467","93185774","38","69815571"
"JH378121","23471200","23471553","chr19","25269166","25269516","72","1797966"
"JH378121","23481752","23482082","chr13","93077622","93077946","67","69595870"
"JH378121","23497768","23498069","chr5","97816701","97816998","48","74318933"
"JH378121","23541806","23542100","chr8","105846583","105846869","44","82304777"
"JH378121","23566233","23566537","chr13","92999388","92999704","26","69433155"
"JH378121","23594931","23595131","chr5","5041373","5041575","29","18553558"
"JH378121","23609500","23609824","chr13","92949793","92950095","44","69340293"
"JH378121","23647642","23647928","chr13","92913339","92913622","34","69265697"
"JH378121","23697862","23698141","chr13","92858857","92859137","23","69160995"
"JH378121","23708213","23708454","chr9","42441183","42441429","45","18732970"
"JH378121","23715417","23715721","chr13","92840825","92841134","29","69125408"
"JH378121","23731493","23731786","chr13","92824339","92824634","19","69092846"
"JH378121","23743962","23744107","chr1","81421020","81421168","38","57677058"
"JH378121","23764525","23764816","chr12","54951978","54952273","40","31187453"
"JH378121","23778762","23778887","chr13","92778718","92778843","7","68999956"
"JH378121","23778929","23779093","chr13","92778524","92778686","11","68999595"
"JH378121","23806047","23806259","chr13","92754699","92754913","9","68948652"
"JH378121","23810669","23810821","chrX","69028087","69028235","29","45217418"
"JH378121","23810851","23810979","chr11","72958979","72959109","18","49148128"
"JH378121","23816577","23816864","chr7","22678352","22678637","47","1138225"
"JH378121","23873983","23874267","chr7","4195281","4195557","55","19678702"
"JH378121","23901865","23902137","chr13","92653865","92654137","15","68752000"
"JH378121","23968936","23969091","chr13","92563715","92563868","10","68594779"
"JH378121","24024289","24024596","chr7","11275712","11276011","47","12748577"
"JH378121","24074110","24074409","chr13","92430106","92430409","27","68355996"
"JH378121","24127711","24127874","chr20","41764472","41764641","30","17636761"
"JH378121","24177680","24177930","chr13","92329381","92329617","29","68151701"
"JH378121","24195974","24196274","chr13","92312979","92313280","15","68117005"
"JH378121","24203371","24203678","chr13","92305709","92305997","37","68102338"
"JH378121","24242702","24243000","chrX","22371363","22371659","55","1871339"
"JH378121","24285136","24285307","chr13","92224775","92224944","15","67939639"
"JH378121","24285346","24285468","chr13","92224620","92224750","16","67939274"
"JH378121","24321512","24321821","chr22","48570201","48570504","47","24248689"
"JH378121","24339851","24340149","chr13","92168929","92169210","39","67829078"
"JH378121","24360488","24360769","chr9","109054878","109055161","56","84694390"
"JH378121","24395368","24395455","chr13","92111916","92112003","3","67716548"
"JH378121","24412486","24412794","chr13","92093882","92094174","32","67681396"
"JH378121","24494938","24495236","chr13","6994508","6994804","50","17500430"
"JH378121","24498994","24499299","chr2","55591561","55591873","56","31092567"
"JH378121","24566432","24566738","chr13","91940588","91940888","44","67374156"
"JH378121","24652629","24652761","chr7","150527927","150528062","10","125875298"
"JH378121","24697126","24697416","chr13","91801075","91801365","22","67103949"
"JH378121","24858131","24858285","chr13","91631499","91631653","20","66773368"
"JH378121","24866468","24866764","chr2","17902134","17902426","48","6964334"
"JH378121","25007082","25007395","chr13","91494374","91494685","28","66487292"
"JH378121","25097809","25098093","chr13","91393036","91393335","41","66295227"
"JH378121","25147808","25147897","chr13","91340975","91341063","11","66193167"
"JH378121","25170656","25170908","chr3","77580868","77581122","47","52410212"
"JH378121","25202064","25202093","chr6","117276091","117276115","5","92074027"
"JH378121","25202135","25202429","chr19","7962639","7962936","57","17239496"
"JH378121","25265450","25265760","chr13","91222423","91222729","27","65956973"
"JH378121","25302997","25303292","chr13","91189674","91189977","25","65886677"
"JH378121","25340552","25340842","chr13","91149760","91150052","23","65809208"
"JH378121","25343033","25343323","chr2","5446823","5447117","45","19896210"
"JH378121","25343586","25343782","chr13","91146803","91146994","12","65803217"
"JH378121","25374632","25374924","chr6","21502801","21503098","61","3871831"
"JH378121","25423551","25423847","chr13","91058856","91059152","20","65635305"
"JH378121","25477796","25478103","chr13","91000795","91001091","41","65522999"
"JH378121","25496598","25496907","chr13","90980680","90980983","28","65484082"
"JH378121","25567544","25567843","chr13","90906085","90906386","20","65338541"
"JH378121","25609223","25609340","chr13","90866402","90866523","10","65257179"
"JH378121","25609382","25609553","chr13","90866189","90866352","14","65256807"
"JH378121","25617519","25617895","chr22","40501404","40501760","103","14883885"
"JH378121","25625682","25625962","chr13","90851399","90851679","31","65225717"
"JH378121","25639614","25639751","chr4","21920568","21920707","21","3719046"
"JH378121","25639789","25639949","chr1","71624181","71624342","36","45984392"
"JH378121","25715890","25716148","chr7","40749861","40750119","43","15033971"
"JH378121","25741086","25741389","chr13","90741338","90741654","32","65000252"
"JH378121","25772552","25772657","chr13","90706936","90707047","13","64934384"
"JH378121","25891300","25891591","chr13","90587580","90587871","21","64696280"
"JH378121","25931108","25931411","chr13","90546381","90546684","20","64615273"
"JH378121","25988167","25988452","chr13","90490973","90491260","31","64502806"
"JH378121","26007970","26008267","chr13","90470178","90470475","28","64462208"
"JH378121","26081846","26081961","chrUn_GL286815","4735","4851","18","26077111"
"JH378121","26081999","26082143","chr2","49072379","49072525","29","22990380"
"JH378121","26176964","26177265","chr13","90304263","90304569","29","64127299"
"JH378121","26318967","26319082","chr13","90156460","90156575","12","63837493"
"JH378121","26326100","26326323","chr13","90149118","90149334","24","63823018"
"JH378121","26336684","26336844","chr13","90129467","90129616","26","63792783"
"JH378121","26375597","26375706","chr1","155381874","155381978","26","129006277"
"JH378121","26429293","26429438","chr7","36165939","36166083","18","9736646"
"JH378121","26455127","26455424","chr6","70548578","70548865","55","44093451"
"JH378121","26477117","26477281","chr3","150893638","150893799","29","124416521"
"JH378121","26477309","26477440","chr14","46729985","46730114","16","20252676"
"JH378121","26623932","26624222","chr13","89820426","89820721","40","63196494"
"JH378121","26624984","26625284","chr13","89819384","89819690","31","63194400"
"JH378121","26696462","26696759","chrX","63432784","63433066","53","36736322"
"JH378121","26794862","26795167","chr13","89645043","89645349","16","62850181"
"JH378121","26841725","26841883","chr4","25895986","25896145","27","945739"
"JH378121","26969563","26969867","chr13","89431426","89431735","61","62461863"
"JH378121","27002246","27002515","chr13","89399845","89400106","29","62397599"
"JH378121","27055957","27056055","chr1","192376854","192376951","15","165320897"
"JH378121","27058139","27058449","chr13","89323249","89323551","43","62265110"
"JH378121","27066645","27066720","chr5","82508267","82508343","12","55441622"
"JH378121","27070431","27070682","chr1","136775049","136775291","52","109704618"
"JH378121","27078217","27078335","chr13","89304930","89305048","5","62226713"
"JH378121","27078388","27078542","chr13","89304724","89304881","11","62226336"
"JH378121","27136332","27136480","chr2","157862059","157862191","37","130725727"
"JH378121","27161141","27161389","chr1","135035688","135035937","59","107874547"
"JH378121","27200146","27200279","chr13","89177938","89178078","18","61977792"
"JH378121","27213181","27213355","chr13","89167247","89167422","15","61954066"
"JH378121","27213659","27213785","chr13","89166817","89166942","9","61953158"
"JH378121","27226770","27227087","chr3","151290099","151290402","58","124063329"
"JH378121","27234040","27234196","chr13","89146061","89146217","15","61912021"
"JH378121","27234511","27234634","chr13","89145632","89145755","8","61911121"
"JH378121","27235114","27235406","chr13","89144864","89145154","18","61909750"
"JH378121","27259681","27259982","chr20","32646901","32647198","43","5387220"
"JH378121","27277840","27278143","chr13","89101057","89101358","21","61823217"
"JH378121","27283359","27283667","chr2","8721239","8721546","49","18562120"
"JH378121","27288483","27288638","chr15","18214321","18214485","30","9074162"
"JH378121","27289288","27289592","chr13","89090094","89090365","43","61800806"
"JH378121","27306511","27306792","chr12","84650020","84650317","53","57343509"
"JH378121","27364507","27364792","chrX","135576076","135576357","41","108211569"
"JH378121","27378776","27379089","chr1","148219735","148220041","43","120840959"
"JH378121","27395403","27395506","chr7","73402159","73402270","15","46006756"
"JH378121","27409637","27409907","chr13","88964697","88964964","31","61555060"
"JH378121","27429462","27429599","chr13","88944852","88944990","5","61515390"
"JH378121","27429881","27430031","chr13","88944423","88944572","8","61514542"
"JH378121","27432854","27433137","chr2","61461027","61461309","42","34028173"
"JH378121","27438344","27438660","chr2","14835006","14835315","57","12603338"
"JH378121","27447193","27447354","chr13","88927134","88927298","17","61479941"
"JH378121","27467638","27467951","chr13","88906366","88906654","46","61438728"
"JH378121","27473791","27473905","chr10","35814037","35814151","5","8340246"
"JH378121","27477110","27477400","chr13","88897406","88897695","16","61420296"
"JH378121","27485177","27485474","chr1","10158822","10159116","41","17326355"
"JH378121","27494165","27494299","chr7","58657775","58657906","22","31163610"
"JH378121","27494589","27494762","chr15","16290266","16290437","24","11204323"
"JH378121","27495594","27495886","chr13","88877354","88877641","33","61381760"
"JH378121","27497109","27497416","chr13","88875839","88876146","28","61378730"
"JH378121","27527625","27527923","chr13","88838130","88838441","46","61310505"
"JH378121","27537856","27538120","chr13","88827875","88828140","21","61290019"
"JH378121","27538218","27538518","chr13","88827491","88827777","38","61289273"
"JH378121","27542775","27542946","chr20","41764472","41764641","28","14221697"
"JH378121","27543047","27543278","chr12","13792316","13792550","40","13750731"
"JH378121","27543493","27543806","chr13","88820219","88820505","41","61276726"
"JH378121","27547033","27547341","chr13","88815687","88816000","19","61268654"
"JH378121","27548117","27548177","chr4","58370862","58370921","9","30822745"
"JH378121","27567948","27568256","chr13","88798916","88799218","24","61230968"
"JH378121","27571211","27571497","chr13","88795856","88796153","34","61224645"
"JH378121","27571904","27572219","chr13","88795156","88795468","31","61223252"
"JH378121","27576619","27576929","chr13","88789408","88789718","19","61212789"
"JH378121","27585777","27586055","chr13","88779605","88779870","32","61193828"
"JH378121","27594668","27594955","chr13","88769984","88770276","26","61175316"
"JH378121","27607093","27607376","chr13","88757937","88758219","9","61150844"
"JH378121","27611261","27611378","chr13","88753819","88753936","5","61142558"
"JH378121","27630244","27630504","chr13","88735872","88736132","25","61105628"
"JH378121","27638758","27639046","chr13","88729077","88729379","32","61090319"
"JH378121","27672091","27672413","chr9","109235032","109235349","56","81562941"
"JH378121","27708629","27708908","chr13","88654771","88655060","28","60946142"
"JH378121","27734279","27734530","chr17","42858575","42858828","47","15124296"
"JH378121","27766149","27766448","chr22","10138930","10139229","48","17627219"
"JH378121","27773947","27774280","chr13","88586243","88586547","44","60812296"
"JH378121","27803076","27803291","chr5","150608516","150608715","51","122805440"
"JH378121","27803317","27803439","chr1","172781242","172781364","29","144977925"
"JH378121","27884047","27884329","chr5","2012948","2013229","41","25871099"
"JH378121","27899712","27900010","chr13","88449522","88449823","24","60549810"
"JH378121","27921557","27921866","chr7","141898440","141898735","24","113976883"
"JH378121","28007820","28008131","chr13","88334478","88334777","36","60326658"
"JH378121","28049694","28049837","chr5","41546744","41546884","21","13497050"
"JH378121","28050010","28050306","chr13","88278110","88278417","34","60228100"
"JH378121","28052570","28052878","chr13","88275522","88275812","42","60222952"
"JH378121","28098985","28099273","chr1","176618829","176619113","46","148519844"
"JH378121","28124199","28124452","chr13","88178977","88179214","30","60054778"
"JH378121","28155127","28155424","chr9","111354658","111354956","49","83199531"
"JH378121","28200340","28200598","chr13","88099901","88100159","23","59899561"
"JH378121","28204344","28204420","chr13","38787316","38787388","16","10582972"
"JH378121","28312863","28313164","chr13","87982483","87982773","27","59669620"
"JH378121","28447620","28447861","chr13","87839951","87840200","27","59392331"
"JH378121","28539287","28539415","chr10","74483167","74483295","5","45943880"
"JH378121","28543370","28543663","chr13","87744338","87744626","27","59200968"
"JH378121","28554684","28554994","chr13","87732763","87733068","21","59178079"
"JH378121","28572400","28572531","chr8","32541529","32541658","7","3969129"
"JH378121","28628135","28628413","chr20","21040795","21041056","67","7587340"
"JH378121","28633213","28633530","chr13","87643930","87644239","22","59010717"
"JH378121","28635783","28636049","chr13","87641087","87641352","19","59005304"
"JH378121","28674889","28674990","chr5","81963437","81963536","12","53288548"
"JH378121","28679842","28680138","chr10","103391674","103391971","33","74711832"
"JH378121","28680915","28681084","chr13","87591559","87591744","30","58910644"
"JH378121","28681387","28681527","chr13","87591121","87591262","8","58909734"
"JH378121","28737873","28738151","chr13","83847658","83847947","49","55109785"
"JH378121","28745921","28746238","chr13","87521088","87521417","48","58775167"
"JH378121","28790020","28790173","chr18","23877684","23877834","18","4912336"
"JH378121","28790864","28791052","chr13","87473234","87473408","23","58682370"
"JH378121","28791090","28791214","chr13","87473073","87473193","13","58681983"
"JH378121","28793077","28793372","chr13","87471155","87471445","18","58678078"
"JH378121","28798190","28798480","chr13","87465765","87466055","21","58667575"
"JH378121","28802712","28802882","chr13","87460802","87460967","12","58658090"
"JH378121","28821235","28821387","chr1","200932294","200932448","23","172111059"
"JH378121","28834921","28835214","chr13","87431704","87431991","21","58596783"
"JH378121","28841536","28841769","chr7","70591735","70591975","25","41750199"
"JH378121","28841870","28841961","chr19","22310928","22311016","8","6530942"
"JH378121","28847981","28848152","chr13","87419548","87419715","16","58571567"
"JH378121","28849933","28850107","chr15","1150636","1150808","23","27699297"
"JH378121","28856653","28856965","chr13","87411594","87411907","26","58554941"
"JH378121","28879073","28879371","chr13","87390477","87390773","17","58511404"
"JH378121","28884035","28884326","chr17","8747092","8747385","64","20136943"
"JH378121","28886331","28886532","chr16","69403648","69403859","49","40517317"
"JH378121","28886766","28886892","chr7","2738598","2738725","16","26148168"
"JH378121","28892020","28892315","chr13","87376296","87376590","24","58484276"
"JH378121","28899792","28900109","chr13","87368758","87369074","19","58468966"
"JH378121","28903699","28904008","chr13","87364885","87365185","24","58461186"
"JH378121","28936541","28936835","chr13","87340117","87340419","26","58403576"
"JH378121","28939255","28939561","chr13","87336955","87337249","28","58397700"
"JH378121","28965469","28965754","chr6","144449316","144449602","40","115483847"
"JH378121","28977713","28978006","chr13","87295073","87295375","27","58317360"
"JH378121","28981182","28981479","chr22","35779523","35779824","46","6798341"
"JH378121","28986085","28986379","chr13","87286702","87286989","21","58300617"
"JH378121","29009934","29010233","chr13","87250879","87251177","24","58240945"
"JH378121","29034379","29034649","chr13","87228581","87228883","55","58194202"
"JH378121","29055112","29055410","chr11","66086126","66086434","58","37031014"
"JH378121","29091977","29092141","chr12","18575493","18575659","30","10516484"
"JH378121","29092454","29092591","chr8","91985553","91985688","17","62893099"
"JH378121","29098882","29099143","chr13","87135405","87135672","26","58036523"
"JH378121","29118469","29118763","chr13","87110276","87110585","34","57991807"
"JH378121","29128468","29128725","chr5","47979111","47979385","59","18850643"
"JH378121","29128894","29129094","chr5","5032042","5032242","27","24096852"
"JH378121","29129195","29129329","chr2","175466270","175466406","20","146337075"
"JH378121","29145125","29145448","chr7","58183384","58183701","55","29038259"
"JH378121","29154668","29154959","chr13","87074445","87074742","26","57919777"
"JH378121","29160184","29160492","chr13","87068465","87068758","37","57908281"
"JH378121","29187021","29187313","chr13","87040994","87041287","25","57853973"
"JH378121","29197790","29198054","chr13","87029711","87029970","17","57831921"
"JH378121","29312267","29312529","chr13","86914515","86914782","20","57602248"
"JH378121","29350534","29350576","chr1","100341754","100341798","11","70991220"
"JH378121","29354109","29354297","chr5","4703922","4704116","42","24650187"
"JH378121","29355312","29355623","chr13","86724803","86725102","35","57369491"
"JH378121","29362995","29363125","chr13","86732367","86732497","6","57369372"
"JH378121","29369808","29369900","chrUn_GL286420","296099","296192","10","29073709"
"JH378121","29372616","29372689","chr14","61270859","61270932","8","31898243"
"JH378121","29372745","29372760","chr10","99191612","99191627","2","69818867"
"JH378121","29375419","29375715","chr13","86741809","86742104","27","57366390"
"JH378121","29386820","29387123","chr13","86753311","86753606","50","57366491"
"JH378121","29388421","29388723","chr13","86754906","86755198","35","57366485"
"JH378121","29396743","29396874","chr1","206288179","206288308","16","176891436"
"JH378121","29401480","29401768","chr13","86869915","86870197","36","57468435"
"JH378121","29413234","29413367","chr20","21752231","21752367","15","7661003"
"JH378121","29413664","29413836","chr7","131223930","131224106","27","101810266"
"JH378121","29420072","29420362","chr13","86848569","86848867","28","57428497"
"JH378121","29443173","29443305","chr13","86826393","86826524","11","57383220"
"JH378121","29456002","29456294","chr13","86812720","86812997","36","57356718"
"JH378121","29462032","29462164","chr2","171405876","171406007","14","141943844"
"JH378121","29462182","29462276","chr16","70360777","70360869","9","40898595"
"JH378121","29463357","29463498","chr7","55998729","55998868","16","26535372"
"JH378121","29467567","29467854","chr13","86800922","86801219","30","57333355"
"JH378121","29473105","29473402","chr13","86796098","86796393","13","57322993"
"JH378121","29482873","29483180","chr13","86785955","86786262","22","57303082"
"JH378121","29497854","29498176","chr13","86772639","86772943","36","57274785"
"JH378121","29514858","29515125","chr11","129135102","129135365","48","99620244"
"JH378121","29529716","29529831","chr2","77807191","77807305","12","48277475"
"JH378121","29551723","29552029","chrX","10234532","10234845","48","19317191"
"JH378121","29571388","29571686","chr13","86655560","86655863","31","57084172"
"JH378121","29732650","29732959","chr13","86488860","86489152","36","56756210"
"JH378121","29752005","29752317","chr13","86469780","86470091","34","56717775"
"JH378121","29789825","29790048","chr12","2949809","2950038","31","26840016"
"JH378121","29790969","29791064","chr4","22336366","22336460","17","7454603"
"JH378121","29816382","29816688","chr13","86403260","86403584","31","56586878"
"JH378121","29822789","29823080","chr13","86397091","86397388","27","56574302"
"JH378121","29862592","29862878","chr13","86353400","86353695","27","56490808"
"JH378121","29899506","29899816","chr4","110923799","110924106","44","81024293"
"JH378121","29950909","29951213","chr13","86253760","86254054","36","56302851"
"JH378121","29952910","29953206","chr13","86251768","86252059","22","56298858"
"JH378121","30020514","30020662","chr13","86184490","86184636","8","56163976"
"JH378121","30021250","30021409","chr13","86183700","86183858","9","56162450"
"JH378121","30086871","30087180","chr13","86117442","86117739","27","56030571"
"JH378121","30217521","30217827","chr13","85979360","85979661","22","55761839"
"JH378121","30270402","30270704","chr13","85924710","85924994","37","55654308"
"JH378121","30352871","30353121","chr1","182532838","182533079","49","152179967"
"JH378121","30402001","30402341","chr13","85785799","85786133","41","55383798"
"JH378121","30533273","30533567","chr13","85644184","85644475","19","55110911"
"JH378121","30538972","30539266","chr13","85638472","85638765","22","55099500"
"JH378121","30557272","30557568","chr13","85622512","85622799","33","55065240"
"JH378121","30569743","30569915","chr13","85608093","85608256","23","55038350"
"JH378121","30570175","30570310","chrX","37129950","37130085","15","6559775"
"JH378121","30598334","30598647","chr13","85579010","85579310","30","54980676"
"JH378121","30600243","30600420","chr5","134311911","134312087","24","103711668"
"JH378121","30670164","30670468","chr13","85501956","85502237","53","54831792"
"JH378121","30728291","30728561","chr13","85437085","85437360","33","54708794"
"JH378121","30814086","30814399","chr13","85335298","85335602","37","54521212"
"JH378121","30824053","30824352","chr1","209236489","209236783","48","178412436"
"JH378121","31022596","31022923","chr1","137295514","137295837","67","106272918"
"JH378121","31028721","31029027","chr12","2530090","2530393","55","28498631"
"JH378121","31048025","31048339","chr13","85102901","85103205","43","54054876"
"JH378121","31069106","31069398","chr13","85081481","85081798","40","54012375"
"JH378121","31079008","31079244","chr10","101265732","101265945","59","70186724"
"JH378121","31085453","31085781","chr13","85051734","85052055","30","53966281"
"JH378121","31126964","31127272","chr13","85010220","85010530","31","53883256"
"JH378121","31167812","31167991","chr14","65482092","65482272","42","34314280"
"JH378121","31168017","31168050","chr1","108112204","108112238","9","76944187"
"JH378121","31183353","31183648","chr13","84904579","84904882","30","53721226"
"JH378121","31205468","31205763","chr13","84882406","84882699","50","53676938"
"JH378121","31219911","31220202","chr13","84869552","84869843","29","53649641"
"JH378121","31259925","31260067","chr13","84827820","84827949","21","53567895"
"JH378122","15990651","15990893","chr4","68914246","68914490","23","52923595"
"JH378122","33959","34251","chr17","8060863","8061157","26","8026904"
"JH378122","34890","35182","chr12","15760905","15761212","37","15726015"
"JH378122","39808","40107","chr15","33381627","33381921","36","33341819"
"JH378122","42884","43173","chr7","128149499","128149796","33","128106615"
"JH378122","56837","57118","chr8","23955558","23955851","39","23898721"
"JH378122","57758","58045","chrUn_GL286556","25858","26142","47","31900"
"JH378122","59838","60113","chrUn_GL286556","35265","35539","27","24573"
"JH378122","78850","79159","chr1","192064155","192064466","54","191985305"
"JH378122","79719","80029","chr12","24164783","24165092","47","24085064"
"JH378122","112716","112999","chr15","69369310","69369597","23","69256594"
"JH378122","126891","127182","chr22","17150912","17151186","47","17024021"
"JH378122","139358","139492","chr15","69341739","69341870","12","69202381"
"JH378122","167219","167492","chr3","14318850","14319121","49","14151631"
"JH378122","172150","172422","chr15","69307479","69307744","23","69135329"
"JH378122","189234","189524","chr7","55452989","55453277","46","55263755"
"JH378122","212411","212708","chr4","73855787","73856085","48","73643376"
"JH378122","244609","244731","chr12","8534952","8535076","22","8290343"
"JH378122","245012","245180","chr8","97098592","97098767","28","96853580"
"JH378122","259945","260252","chr15","69216630","69216931","21","68956685"
"JH378122","270397","270678","chr15","69205196","69205457","41","68934799"
"JH378122","290712","290989","chr15","69192488","69192769","21","68901776"
"JH378122","330648","330947","chr15","69136716","69137015","13","68806068"
"JH378122","342555","342837","chr15","69121576","69121861","26","68779021"
"JH378122","411709","411969","chr7","97152828","97153092","46","96741119"
"JH378122","421886","422180","chr15","69030390","69030682","25","68608504"
"JH378122","425130","425431","chr15","69027136","69027429","27","68602006"
"JH378122","435602","435892","chr11","16084047","16084339","44","15648445"
"JH378122","438861","439167","chr15","69012430","69012728","34","68573569"
"JH378122","462755","462879","chr9","112044070","112044194","10","111581315"
"JH378122","488448","488753","chr15","68963047","68963345","28","68474599"
"JH378122","505057","505356","chr15","68947170","68947457","27","68442113"
"JH378122","507921","508085","chr6","83216904","83217066","36","82708983"
"JH378122","509539","509837","chr15","68942850","68943147","15","68433311"
"JH378122","515960","516246","chr15","68936120","68936394","27","68420160"
"JH378122","516253","516381","chr1","194772737","194772864","8","194256484"
"JH378122","517734","517841","chr15","68934807","68934917","10","68417073"
"JH378122","521740","522038","chr15","68930655","68930947","27","68408915"
"JH378122","528139","528403","chr15","68924272","68924528","26","68396133"
"JH378122","531984","532270","chr15","68921193","68921453","45","68389209"
"JH378122","576433","576563","chr15","68869526","68869658","7","68293093"
"JH378122","599532","599795","chr15","68849144","68849413","25","68249612"
"JH378122","600422","600705","chr15","68848250","68848533","16","68247828"
"JH378122","613353","613449","chr15","68835577","68835673","6","68222224"
"JH378122","613743","613944","chr15","68835089","68835287","21","68221346"
"JH378122","641233","641498","chr19","3312814","3313068","53","2671581"
"JH378122","842669","842991","chr15","68607080","68607378","40","67764411"
"JH378122","949988","950173","chr1","185859100","185859275","34","184909112"
"JH378122","950471","950613","chr21","45386755","45386897","16","44436284"
"JH378122","956699","956992","chr12","151602","151887","49","805097"
"JH378122","957013","957024","chr3","151052907","151052917","1","150095894"
"JH378122","1045311","1045446","chr15","68392830","68392962","15","67347519"
"JH378122","1046682","1046813","chr1","171672023","171672158","18","170625341"
"JH378122","1046947","1047190","chr3","5525437","5525668","51","4478490"
"JH378122","1057569","1057860","chr15","68381297","68381586","19","67323728"
"JH378122","1066682","1066842","chr15","68360641","68360799","12","67293959"
"JH378122","1076766","1076841","chr15","68352864","68352939","5","67276098"
"JH378122","1080147","1080454","chr15","68342074","68342376","23","67261927"
"JH378122","1080458","1080750","chr7","153060764","153061059","45","151980306"
"JH378122","1080812","1081108","chr7","25957236","25957530","41","24876424"
"JH378122","1084912","1085215","chr15","68338287","68338578","30","67253375"
"JH378122","1088860","1089150","chr15","68335025","68335316","25","67246165"
"JH378122","1090711","1090945","chr4","108470454","108470689","42","107379743"
"JH378122","1092722","1092899","chr15","68332256","68332433","11","67239534"
"JH378122","1092961","1093260","chr16","71214310","71214607","41","70121349"
"JH378122","1093658","1093815","chr15","68331349","68331506","7","67237691"
"JH378122","1095126","1095206","chr8","2844805","2844884","6","1749679"
"JH378122","1100468","1100582","chr2","163914760","163914873","7","162814292"
"JH378122","1108355","1108638","chr15","68319281","68319586","33","67210926"
"JH378122","1114762","1114981","chr15","68313793","68314011","18","67199031"
"JH378122","1127026","1127244","chr15","68303549","68303766","15","67176523"
"JH378122","1127271","1127365","chr1","157584547","157584636","22","156457276"
"JH378122","1136633","1136867","chrX","101750966","101751212","57","100614333"
"JH378122","1148179","1148435","chr15","68278117","68278374","22","67129938"
"JH378122","1150912","1151130","chr5","106438573","106438788","46","105287661"
"JH378122","1187259","1187432","chr16","78039509","78039679","28","76852250"
"JH378122","1187454","1187567","chr3","150869456","150869574","21","149682002"
"JH378122","1200422","1200557","chr5","125874064","125874199","14","124673642"
"JH378122","1200880","1201038","chr10","89480279","89480441","27","88279399"
"JH378122","1226580","1226711","chr15","25101657","25101787","6","23875077"
"JH378122","1248564","1248690","chr2","171471789","171471913","15","170223225"
"JH378122","1250272","1250392","chr15","34024416","34024541","12","32774144"
"JH378122","1254216","1254332","chr6","35455567","35455682","13","34201351"
"JH378122","1260895","1261010","chr6","118238050","118238166","24","116977155"
"JH378122","1276324","1276620","chr15","68134895","68135193","27","66858571"
"JH378122","1287881","1288178","chr15","68123916","68124225","29","66836035"
"JH378122","1304855","1305052","chr15","68103076","68103279","22","66798221"
"JH378122","1320686","1320967","chrX","64480750","64481035","47","63160064"
"JH378122","1340449","1340764","chr20","20751561","20751870","45","19411112"
"JH378122","1359933","1360225","chr15","68048290","68048582","21","66688357"
"JH378122","1366100","1366375","chr9","43493393","43493672","51","42127293"
"JH378122","1381783","1382080","chr15","68026601","68026893","18","66644818"
"JH378122","1386873","1387155","chr1","195580314","195580589","55","194193441"
"JH378122","1403471","1403765","chr15","68005714","68006006","15","66602243"
"JH378122","1410923","1411219","chr6","22330320","22330613","62","20919397"
"JH378122","1425191","1425291","chr10","126336782","126336877","9","124911591"
"JH378122","1425588","1425894","chr15","67972716","67973020","31","66547128"
"JH378122","1426806","1427096","chr15","67971238","67971535","32","66544432"
"JH378122","1430405","1430532","chr11","122112386","122112515","11","120681981"
"JH378122","1437399","1437520","chrX","106772558","106772679","15","105335159"
"JH378122","1437556","1437727","chr6","67209062","67209228","24","65771506"
"JH378122","1438360","1438644","chr15","67908459","67908748","32","66470099"
"JH378122","1439501","1439631","chr11","72684570","72684706","21","71245069"
"JH378122","1442287","1442586","chr15","67904925","67905227","23","66462638"
"JH378122","1444222","1444507","chr5","109368306","109368594","47","107924084"
"JH378122","1448817","1449125","chr5","1800751","1801062","43","351934"
"JH378122","1450756","1451023","chr15","67895084","67895387","41","66444328"
"JH378122","1456076","1456212","chr1","10742002","10742136","16","9285926"
"JH378122","1463794","1463978","chrUn_GL288622","9758","9941","30","1454036"
"JH378122","1487606","1487716","chr18","44881592","44881702","8","43393986"
"JH378122","1490710","1490824","chr2","68459447","68459559","17","66968737"
"JH378122","1492269","1492468","chrX","38515909","38516109","25","37023640"
"JH378122","1493662","1493785","chr15","34024416","34024541","10","32530754"
"JH378122","1501121","1501264","chr2","2232350","2232493","22","731229"
"JH378122","1501566","1501736","chr9","42544487","42544654","29","41042921"
"JH378122","1502459","1502594","chr1","202811881","202812012","15","201309422"
"JH378122","1519183","1519461","chr8","687744","688032","46","831439"
"JH378122","1520571","1520867","chr7","15121264","15121560","53","13600693"
"JH378122","1521973","1522245","chr22","2004031","2004304","35","482058"
"JH378122","1525451","1525699","chr15","67820075","67820322","23","66294624"
"JH378122","1529172","1529466","chr15","67816307","67816602","23","66287135"
"JH378122","1548008","1548163","chr11","122120025","122120183","24","120572017"
"JH378122","1548486","1548533","chr7","85696185","85696231","2","84147699"
"JH378122","1563444","1563607","chr15","67786647","67786803","19","66223203"
"JH378122","1568912","1569222","chr15","67781431","67781739","26","66212519"
"JH378122","1570165","1570471","chr5","106616849","106617160","43","105046684"
"JH378122","1575076","1575309","chr9","38987236","38987464","38","37412160"
"JH378122","1576085","1576195","chr1","137960220","137960334","12","136384135"
"JH378122","1580685","1580982","chr7","97396158","97396458","45","95815473"
"JH378122","1583135","1583419","chr15","67763088","67763375","18","66179953"
"JH378122","1593139","1593274","chr15","67755049","67755192","13","66161910"
"JH378122","1593561","1593687","chr15","67754635","67754761","10","66161074"
"JH378122","1596249","1596529","chr15","67752079","67752355","15","66155830"
"JH378122","1598719","1599010","chr15","67749582","67749878","19","66150863"
"JH378122","1599132","1599296","chr2","81339799","81339960","23","79740667"
"JH378122","1599593","1599730","chr7","33240981","33241116","18","31641388"
"JH378122","1602902","1603026","chr9","38092379","38092502","9","36489477"
"JH378122","1603077","1603176","chr3","105809462","105809561","29","104206385"
"JH378122","1606934","1607233","chr9","38979921","38980218","36","37372987"
"JH378122","1613207","1613338","chr22","32357130","32357259","10","30743923"
"JH378122","1628825","1628924","chr19","19550062","19550164","8","17921237"
"JH378122","1647347","1647452","chr15","67701408","67701513","4","66054061"
"JH378122","1652118","1652249","chr4","43423668","43423797","8","41771550"
"JH378122","1663266","1663551","chr2","59407410","59407694","53","57744144"
"JH378122","1676421","1676595","chr6","7639459","7639626","40","5963038"
"JH378122","1676624","1676747","chr3","107779304","107779429","13","106102680"
"JH378122","1680877","1681187","chr15","67662785","67663095","20","65981908"
"JH378122","1716099","1716194","chr9","123745178","123745268","30","122029079"
"JH378122","1716489","1716683","chr22","39264299","39264496","32","37547810"
"JH378122","1731072","1731218","chr3","51215060","51215200","14","49483988"
"JH378122","1755995","1756241","chr15","67592263","67592508","20","65836268"
"JH378122","1809187","1809500","chr15","67536054","67536363","25","65726867"
"JH378122","1812371","1812610","chr2","17927585","17927826","48","16115214"
"JH378122","1819555","1819811","chr1","174664611","174664869","49","172845056"
"JH378122","1982462","1982774","chr15","67355790","67356102","22","65373328"
"JH378122","1988423","1988732","chr15","67350015","67350334","30","65361592"
"JH378122","2006405","2006712","chr15","67333959","67334256","31","65327554"
"JH378122","2014771","2014957","chr19","44869582","44869763","22","42854811"
"JH378122","2055451","2055742","chr15","67288502","67288777","40","65233051"
"JH378122","2057203","2057498","chr1","16798984","16799277","47","14741781"
"JH378122","2064129","2064195","chr15","67284848","67284914","4","65220719"
"JH378122","2088455","2088581","chr10","31563109","31563233","6","29474654"
"JH378122","2090096","2090383","chrX","108627434","108627714","46","106537338"
"JH378122","2090874","2091006","chrUn_GL286674","8948","9079","15","2081926"
"JH378122","2110574","2110891","chr15","67239714","67240030","28","65129140"
"JH378122","2112587","2112877","chr15","67238051","67238349","24","65125464"
"JH378122","2113856","2114137","chr15","67236802","67237078","19","65122946"
"JH378122","2136364","2136643","chr13","8526897","8527162","49","6390533"
"JH378122","2136664","2136675","chr1","150210824","150210835","2","148074160"
"JH378122","2142043","2142261","chr15","67209652","67209861","32","65067609"
"JH378122","2159379","2159685","chr15","67191094","67191404","41","65031715"
"JH378122","2162765","2163013","chr15","67188027","67188265","26","65025262"
"JH378122","2170060","2170356","chr15","67180835","67181127","33","65010775"
"JH378122","2195438","2195523","chr11","104650645","104650728","10","102455207"
"JH378122","2196412","2196615","chr8","94203067","94203268","41","92006655"
"JH378122","2200953","2201239","chr15","67149342","67149630","21","64948389"
"JH378122","2243461","2243727","chr15","67096860","67097152","46","64853399"
"JH378122","2282222","2282521","chr1","191025000","191025299","54","188742778"
"JH378122","2305025","2305349","chr15","67031950","67032271","27","64726925"
"JH378122","2305694","2305978","chr15","67031318","67031616","37","64725624"
"JH378122","2309392","2309705","chr15","67027633","67027949","30","64718241"
"JH378122","2328769","2329043","chr15","67007604","67007865","29","64678835"
"JH378122","2352063","2352154","chr15","66972968","66973060","6","64620905"
"JH378122","2382327","2382461","chr15","66940545","66940674","9","64558218"
"JH378122","2382758","2382901","chr15","66940104","66940257","15","64557346"
"JH378122","2406999","2407118","chr7","69466074","69466193","5","67059075"
"JH378122","2436394","2436469","chr22","6596524","6596601","13","4160130"
"JH378122","2436470","2436763","chr15","66886682","66886970","19","64450212"
"JH378122","2436764","2436921","chr15","66886529","66886681","17","64449765"
"JH378122","2440144","2440277","chr5","124657419","124657554","15","122217275"
"JH378122","2440565","2440729","chr15","66883373","66883527","27","64442808"
"JH378122","2448224","2448360","chr20","10256899","10257039","17","7808675"
"JH378122","2449510","2449629","chr3","185525137","185525254","20","183075627"
"JH378122","2452110","2452406","chr15","66872486","66872783","29","64420376"
"JH378122","2509214","2509512","chr15","66808702","66808994","27","64299488"
"JH378122","2566920","2567201","chr1","92345927","92346213","39","89779007"
"JH378122","2567235","2567264","chr1","52681258","52681288","4","50114023"
"JH378122","2576379","2576688","chr3","2060027","2060338","52","516352"
"JH378122","2625678","2625985","chr15","66687197","66687503","18","64061519"
"JH378122","2632215","2632426","chr5","76332515","76332727","54","73700300"
"JH378122","2632498","2632515","chr7","91410397","91410413","1","88777899"
"JH378122","2685701","2686000","chr15","66625598","66625898","16","63939897"
"JH378122","2715045","2715198","chr15","66582675","66582847","29","63867630"
"JH378122","2722904","2723208","chr15","66570505","66570799","32","63847601"
"JH378122","2724762","2724879","chr15","66568785","66568892","16","63844023"
"JH378122","2731132","2731444","chr1","99953059","99953371","52","97221927"
"JH378122","2743656","2743955","chr15","66546206","66546509","18","63802550"
"JH378122","2754498","2754811","chr15","66535159","66535457","35","63780661"
"JH378122","2778402","2778707","chr15","66508554","66508871","26","63730152"
"JH378122","2849215","2849327","chr9","116305315","116305431","21","113456100"
"JH378122","2943049","2943362","chr5","60671568","60671876","63","57728519"
"JH378122","2959462","2959729","chr12","601546","601801","54","2357916"
"JH378122","2990744","2991050","chr6","157751832","157752133","43","154761088"
"JH378122","3065074","3065371","chr15","66207637","66207931","25","63142563"
"JH378122","3069479","3069773","chr21","20389466","20389752","61","17319987"
"JH378122","3126678","3126986","chr1","14243450","14243759","47","11116772"
"JH378122","3143978","3144263","chr15","66124930","66125217","29","62980952"
"JH378122","3176622","3176892","chr15","66083291","66083565","28","62906669"
"JH378122","3234982","3235286","chr15","66022447","66022737","42","62787465"
"JH378122","3247244","3247549","chr3","6417280","6417586","42","3170036"
"JH378122","3250925","3251194","chr2","59407410","59407694","54","56156485"
"JH378122","3265447","3265654","chr15","65990558","65990766","28","62725111"
"JH378122","3428397","3428701","chr15","65792154","65792451","21","62363757"
"JH378122","3466620","3466912","chr15","65753222","65753518","30","62286602"
"JH378122","3560388","3560551","chr10","34584709","34584873","25","31024321"
"JH378122","3560858","3561000","chr1","210162698","210162840","24","206601840"
"JH378122","3576641","3576704","chr14","42897588","42897654","8","39320947"
"JH378122","3576890","3576959","chr2","72499933","72500000","15","68923043"
"JH378122","3581264","3581552","chr15","65624237","65624503","44","62042973"
"JH378122","3590504","3590767","chr15","65615392","65615657","13","62024888"
"JH378122","3654439","3654755","chr21","46384948","46385262","42","42730509"
"JH378122","3661733","3661846","chr1","38815749","38815861","16","35154016"
"JH378122","3689281","3689576","chr15","65508823","65509122","19","61819542"
"JH378122","3734117","3734251","chr22","10181870","10182003","21","6447753"
"JH378122","3734552","3734722","chr10","88741251","88741421","27","85006699"
"JH378122","3744022","3744187","chr15","65453101","65453264","11","61709079"
"JH378122","3744464","3744586","chr5","39957204","39957328","15","36212740"
"JH378122","3769981","3770276","chr15","65427715","65428027","34","61657734"
"JH378122","3794979","3795097","chr1","194419576","194419688","16","190624597"
"JH378122","3802702","3802829","chr2","127820046","127820173","8","124017344"
"JH378122","3821348","3821647","chr1","182581004","182581305","38","178759656"
"JH378122","3829168","3829250","chr1","191729654","191729736","11","187900486"
"JH378122","3923010","3923110","chr15","62192963","62193065","10","58269953"
"JH378122","3950299","3950613","chr14","40009778","40010079","53","36059479"
"JH378122","4006314","4006613","chr13","61627046","61627346","40","57620732"
"JH378122","4046367","4046664","chr15","65132069","65132355","20","61085702"
"JH378122","4076971","4077282","chr15","65098229","65098541","24","61021258"
"JH378122","4125222","4125523","chr10","69770226","69770525","50","65645004"
"JH378122","4144408","4144652","chr7","51745428","51745674","38","47601020"
"JH378122","4203714","4204014","chr21","42556260","42556566","46","38352546"
"JH378122","4220125","4220229","chr1","185812421","185812524","15","181592296"
"JH378122","4220535","4220682","chr14","64086984","64087134","28","59866449"
"JH378122","4308675","4308961","chr15","64869127","64869416","28","60560452"
"JH378122","4382235","4382519","chr1","139664767","139665062","51","135282532"
"JH378122","4382563","4382888","chr11","66290535","66290827","81","61907972"
"JH378122","4410455","4410771","chr18","10906825","10907136","50","6496370"
"JH378122","4422985","4423070","chr9","113371449","113371532","15","108948464"
"JH378122","4441004","4441303","chr2","36037768","36038063","55","31596764"
"JH378122","4450881","4451003","chr6","134990658","134990777","8","130539777"
"JH378122","4475616","4475741","chr15","64697541","64697673","13","60221925"
"JH378122","4482783","4482919","chr10","131396054","131396189","15","126913271"
"JH378122","4501912","4502035","chr2","16016256","16016379","5","11514344"
"JH378122","4524131","4524295","chr1","99543338","99543503","28","95019207"
"JH378122","4524327","4524452","chr15","8747923","8748044","15","4223596"
"JH378122","4540882","4541189","chr15","17261712","17262007","24","12720830"
"JH378122","4542152","4542346","chr15","17262959","17263127","37","12720807"
"JH378122","4572227","4572360","chr15","17292263","17292396","7","12720036"
"JH378122","4572671","4572851","chr15","17292711","17292886","16","12720040"
"JH378122","4575835","4575927","chr5","116582831","116582922","7","112006996"
"JH378122","4578097","4578400","chr15","17296854","17297160","18","12718757"
"JH378122","4578419","4578524","chr15","17297177","17297282","5","12718758"
"JH378122","4586469","4586762","chr15","17301307","17301602","30","12714838"
"JH378122","4604618","4604750","chr18","1237513","1237642","12","3367105"
"JH378122","4605448","4605559","chr8","73935417","73935517","23","69329969"
"JH378122","4605654","4605779","chr12","48810046","48810171","12","44204392"
"JH378122","4619788","4619917","chr9","72502222","72502350","9","67882434"
"JH378122","4625918","4626220","chr15","17370602","17370915","23","12744684"
"JH378122","4667390","4667522","chr10","102600841","102600965","21","97933451"
"JH378122","4678339","4678646","chr15","17439077","17439375","36","12760738"
"JH378122","4703373","4703677","chr10","128767638","128767938","47","124064265"
"JH378122","4714667","4714968","chr15","17474295","17474602","29","12759628"
"JH378122","4728714","4728797","chr5","112404298","112404384","9","107675584"
"JH378122","4731144","4731401","chr11","110459842","110460088","41","105728698"
"JH378122","4732401","4732704","chr15","17495340","17495643","27","12762939"
"JH378122","4747641","4747817","chr10","125206018","125206189","31","120458377"
"JH378122","4758203","4758416","chr15","17521828","17522040","21","12763625"
"JH378122","4759864","4760138","chr15","17523482","17523765","38","12763618"
"JH378122","4762889","4763172","chr11","80773678","80773962","43","76010789"
"JH378122","4779478","4779567","chr1","166765269","166765357","7","161985791"
"JH378122","4788470","4788749","chr10","74792341","74792610","41","70003871"
"JH378122","4799247","4799536","chrX","46668266","46668559","53","41869019"
"JH378122","4816584","4816895","chr15","17598323","17598616","50","12781739"
"JH378122","4821481","4821683","chrUn_GL289096","10196","10397","30","4811285"
"JH378122","4822152","4822451","chr15","17603804","17604095","35","12781652"
"JH378122","4822677","4822986","chr2","15648082","15648386","42","10825405"
"JH378122","4828870","4829178","chr15","17609817","17610123","17","12780947"
"JH378122","4839695","4839998","chr15","17620108","17620407","29","12780413"
"JH378122","4842839","4842921","chr9","108637086","108637168","15","103794247"
"JH378122","4881003","4881305","chr15","17662649","17662937","46","12781646"
"JH378122","4888711","4889026","chr15","17669534","17669844","26","12780823"
"JH378122","4913217","4913443","chr13","58338615","58338834","48","53425398"
"JH378122","4941718","4941995","chr15","17733458","17733735","30","12791740"
"JH378122","4947978","4948271","chr15","17739623","17739895","45","12791645"
"JH378122","4993227","4993524","chr9","111354658","111354956","46","106361431"
"JH378122","5000001","5000085","chr7","5603035","5603119","10","603034"
"JH378122","5022508","5022788","chr15","17812955","17813206","48","12790447"
"JH378122","5027496","5027770","chr7","45989418","45989698","48","40961922"
"JH378122","5059305","5059614","chr15","17849891","17850190","34","12790586"
"JH378122","5098238","5098492","chr8","94023355","94023604","37","88925117"
"JH378122","5111987","5112273","chr15","17902560","17902857","41","12790573"
"JH378122","5114690","5114823","chr10","20606649","20606783","19","15491959"
"JH378122","5115125","5115297","chr15","17906223","17906394","14","12791098"
"JH378122","5120385","5120679","chr15","17911578","17911870","33","12791193"
"JH378122","5120958","5121256","chr20","1954258","1954556","35","3166700"
"JH378122","5124304","5124572","chr15","17915783","17916050","22","12791479"
"JH378122","5156931","5157215","chr15","17946173","17946468","29","12789242"
"JH378122","5206084","5206373","chr15","17995669","17995944","31","12789585"
"JH378122","5208238","5208554","chr3","151354625","151354917","57","146146387"
"JH378122","5218931","5219041","chr15","18014382","18014494","9","12795451"
"JH378122","5219612","5219922","chr22","31581862","31582165","46","26362250"
"JH378122","5226611","5226941","chr15","18023405","18023702","52","12796794"
"JH378122","5232806","5232893","chr1","193846851","193846938","12","188614045"
"JH378122","5263112","5263397","chr11","50624753","50625044","47","45361641"
"JH378122","5266189","5266555","chr15","18060303","18060598","106","12794114"
"JH378122","5281818","5282033","chr7","100557535","100557754","41","95275717"
"JH378122","5284194","5284487","chr6","14685519","14685821","40","9401325"
"JH378122","5289135","5289433","chr14","45033227","45033526","49","39744092"
"JH378122","5289969","5290260","chr10","32591774","32592059","45","27301805"
"JH378122","5300704","5300998","chr15","18094967","18095262","25","12794263"
"JH378122","5308032","5308146","chr2","131978325","131978439","14","126670293"
"JH378122","5308177","5308377","chrX","66313388","66313574","43","61005211"
"JH378122","5309918","5310215","chr9","100253704","100254004","42","94943786"
"JH378122","5311981","5312141","chr6","154105146","154105301","33","148793165"
"JH378122","5316032","5316152","chr13","7443507","7443629","20","2127475"
"JH378122","5316178","5316357","chr7","52938091","52938269","26","47621913"
"JH378122","5333404","5333710","chr3","153218467","153218771","53","147885063"
"JH378122","5346987","5347153","chr15","18134643","18134803","14","12787656"
"JH378122","5353206","5353335","chr15","18140791","18140903","22","12787585"
"JH378122","5354074","5354380","chr15","18141638","18141932","36","12787564"
"JH378122","5356912","5357212","chr13","61627046","61627346","46","56270134"
"JH378122","5360644","5360799","chr15","18147810","18147967","13","12787166"
"JH378122","5360936","5361229","chr9","44850453","44850745","40","39489517"
"JH378122","5361407","5361635","chr15","18148750","18148974","25","12787343"
"JH378122","5368300","5368593","chrX","23826538","23826832","39","18458238"
"JH378122","5369949","5370225","chr15","18156778","18157039","33","12786829"
"JH378122","5372545","5372833","chr15","18159361","18159641","36","12786816"
"JH378122","5374251","5374423","chr15","18161077","18161243","11","12786826"
"JH378122","5376435","5376531","chr15","18163042","18163140","11","12786607"
"JH378122","5379742","5379984","chr15","18166021","18166273","25","12786279"
"JH378122","5381150","5381279","chr2","3016094","3016219","14","2365056"
"JH378122","5381987","5382287","chr15","18168563","18168862","24","12786576"
"JH378122","5400532","5400694","chr15","18188940","18189084","27","12788408"
"JH378122","5409107","5409286","chr9","42544487","42544654","33","37135380"
"JH378122","5409295","5409460","chrX","111843710","111843879","20","106434415"
"JH378122","5409770","5409904","chr15","18197656","18197789","10","12787886"
"JH378122","5412542","5412662","chr5","45334326","45334442","29","39921784"
"JH378122","5426626","5426930","chr7","45363549","45363844","46","39936923"
"JH378122","5429221","5429323","chr10","92667903","92668006","18","87238682"
"JH378122","5429363","5429639","chr4","89109737","89110013","43","83680374"
"JH378122","5448373","5448674","chr22","6475349","6475647","33","1026976"
"JH378122","5450017","5450304","chr15","18235669","18235959","17","12785652"
"JH378122","5460989","5461145","chr1","208913187","208913352","30","203452198"
"JH378122","5464985","5465146","chr12","28397600","28397771","30","22932615"
"JH378122","5470381","5470685","chr15","18256395","18256693","21","12786014"
"JH378122","5471482","5471792","chr15","18257493","18257809","19","12786011"
"JH378122","5474661","5474983","chr21","46384948","46385262","57","40910287"
"JH378122","5477305","5477594","chr15","18263077","18263374","21","12785772"
"JH378122","5478747","5479037","chr15","20255751","20256039","43","14777004"
"JH378122","5485484","5485769","chr5","31566852","31567152","50","26081368"
"JH378122","5495083","5495310","chr15","18294630","18294859","15","12799547"
"JH378122","5496011","5496260","chr15","18275304","18275554","20","12779293"
"JH378122","5501198","5501484","chr1","79789344","79789628","43","74288146"
"JH378122","5504730","5504994","chr15","18307085","18307343","25","12802355"
"JH378122","5506662","5506861","chr9","113314654","113314850","29","107807992"
"JH378122","5508707","5508896","chr9","101429600","101429789","31","95920893"
"JH378122","5510306","5510598","chr15","18311675","18311963","23","12801369"
"JH378122","5517346","5517543","chr5","8690711","8690889","41","3173365"
"JH378122","5517544","5517853","chr15","18318829","18319125","39","12801285"
"JH378122","5523803","5523941","chr13","48186710","48186848","29","42662907"
"JH378122","5524229","5524423","chr1","187278972","187279167","37","181754743"
"JH378122","5530457","5530761","chr15","18331436","18331732","24","12800979"
"JH378122","5536203","5536497","chr15","18336435","18336742","34","12800232"
"JH378122","5541080","5541184","chr9","114527463","114527566","14","108986383"
"JH378122","5542304","5542386","chr16","15458946","15459030","8","9916642"
"JH378122","5557057","5557173","chr5","79349746","79349858","16","73792689"
"JH378122","5558871","5559151","chrX","16801503","16801784","38","11242632"
"JH378122","5563512","5563808","chr15","18361522","18361808","32","12798010"
"JH378122","5564543","5564810","chr15","18362536","18362805","32","12797993"
"JH378122","5571080","5571383","chr5","24311139","24311438","46","18740059"
"JH378122","5571384","5571401","chr10","5874774","5874791","2","303390"
"JH378122","5571449","5571598","chrX","62945833","62945978","25","57374384"
"JH378122","5574310","5574610","chr5","110002431","110002732","44","104428121"
"JH378122","5576586","5576918","chr7","6577072","6577412","16","1000486"
"JH378122","5577342","5577614","chr15","18372835","18373105","21","12795493"
"JH378122","5578478","5578710","chr15","18373969","18374205","17","12795491"
"JH378122","5593285","5593592","chr14","71508687","71508984","41","65915402"
"JH378122","5600756","5601024","chr11","116165676","116165945","44","110564920"
"JH378122","5604310","5604515","chr15","18402317","18402527","21","12798007"
"JH378122","5621459","5621744","chr15","18422047","18422332","14","12800588"
"JH378122","5631313","5631511","chr15","18432300","18432474","32","12800987"
"JH378122","5631512","5631788","chr15","18432491","18432769","15","12800979"
"JH378122","5631789","5631922","chr7","81081826","81081959","23","75450037"
"JH378122","5637431","5637748","chr15","18438224","18438525","44","12800793"
"JH378122","5641514","5641630","chr15","18447208","18447323","4","12805694"
"JH378122","5642587","5642741","chr5","77003472","77003621","39","71360885"
"JH378122","5655178","5655426","chr15","18462745","18462995","31","12807567"
"JH378122","5663551","5663848","chr15","18470335","18470630","15","12806784"
"JH378122","5664385","5664687","chr15","18471201","18471499","27","12806816"
"JH378122","5664917","5665210","chr15","18471728","18472016","24","12806811"
"JH378122","5673968","5674269","chr15","42248925","42249230","49","36574957"
"JH378122","5686896","5687030","chr5","84227278","84227413","11","78540382"
"JH378122","5689779","5690100","chr15","18496999","18497294","50","12807220"
"JH378122","5690482","5690668","chr15","18497638","18497824","11","12807156"
"JH378122","5691168","5691471","chr15","18498353","18498666","29","12807185"
"JH378122","5691472","5691603","chr15","18498668","18498794","14","12807196"
"JH378122","5693098","5693370","chr15","18500297","18500565","23","12807199"
"JH378122","5696758","5697034","chr9","83471030","83471308","51","77774272"
"JH378122","5698696","5698855","chr6","135149973","135150133","42","129451277"
"JH378122","5705017","5705252","chr15","18518262","18518493","17","12813245"
"JH378122","5708747","5709051","chr1","15775506","15775799","39","10066759"
"JH378122","5718563","5718838","chr11","5587378","5587646","49","131185"
"JH378122","5737913","5738199","chr15","18550398","18550697","37","12812485"
"JH378122","5738510","5738663","chr15","18551164","18551312","14","12812654"
"JH378122","5749449","5749629","chr15","18563849","18564029","7","12814400"
"JH378122","5767792","5768049","chr7","51745428","51745674","51","45977636"
"JH378122","5811098","5811223","chr15","18624594","18624719","8","12813496"
"JH378122","5811254","5811392","chr1","34209904","34210043","20","28398650"
"JH378122","5835025","5835300","chr15","18659736","18660011","19","12824711"
"JH378122","5852809","5852942","chr12","51862258","51862392","17","46009449"
"JH378122","5853248","5853440","chr15","18678610","18678795","21","12825362"
"JH378122","5948341","5948634","chr15","18776094","18776407","36","12827753"
"JH378122","5992656","5992953","chr15","18828284","18828592","25","12835628"
"JH378122","5993524","5993833","chr15","18829123","18829431","17","12835599"
"JH378122","6115528","6115822","chr15","18968545","18968861","47","12853017"
"JH378122","6139890","6140191","chr15","18993888","18994182","34","12853998"
"JH378122","6180691","6180789","chr15","19029702","19029800","8","12849011"
"JH378122","6242245","6242545","chr10","18683033","18683329","40","12440788"
"JH378122","6242577","6242695","chr12","22624965","22625082","16","16382388"
"JH378122","6357688","6357985","chr15","19218176","19218462","25","12860488"
"JH378122","6374136","6374435","chr15","19234143","19234440","17","12860007"
"JH378122","6390044","6390339","chr15","19246369","19246660","30","12856325"
"JH378122","6400648","6400931","chr15","19257189","19257470","23","12856541"
"JH378122","6415894","6416180","chr15","19274927","19275213","23","12859033"
"JH378122","6424634","6424932","chr15","19284941","19285219","40","12860307"
"JH378122","6438216","6438347","chr17","27687174","27687304","9","21248958"
"JH378122","6438781","6439085","chr15","19298504","19298804","24","12859723"
"JH378122","6488447","6488746","chr15","19348214","19348513","26","12859767"
"JH378122","6536249","6536421","chr7","46371487","46371663","32","39835238"
"JH378122","6776967","6777082","chr5","93570014","93570129","11","86793047"
"JH378122","6827163","6827441","chr12","71030267","71030546","48","64203104"
"JH378122","6854242","6854388","chr2","6953943","6954093","23","99701"
"JH378122","6854454","6854574","chr7","46399121","46399244","22","39544667"
"JH378122","6881042","6881201","chr15","19763316","19763475","9","12882274"
"JH378122","6920404","6920693","chr15","19804768","19805061","19","12884364"
"JH378122","6985919","6986026","chr2","17587668","17587773","16","10601749"
"JH378122","6986314","6986448","chr5","100080028","100080163","14","93093714"
"JH378122","7065528","7065815","chr15","19976539","19976834","33","12911011"
"JH378122","7082107","7082388","chr5","44397982","44398250","50","37315875"
"JH378122","7082448","7082750","chr15","19996128","19996415","30","12913680"
"JH378122","7090486","7090832","chr15","20004223","20004548","43","12913737"
"JH378122","7112744","7113033","chr15","20026877","20027169","27","12914133"
"JH378122","7139969","7140096","chr15","20055158","20055285","9","12915189"
"JH378122","7140361","7140666","chr15","20055550","20055836","46","12915189"
"JH378122","7145388","7145675","chr15","20060882","20061167","28","12915494"
"JH378122","7166361","7166622","chr5","86425032","86425299","42","79258671"
"JH378122","7173643","7173928","chr15","20089921","20090214","26","12916278"
"JH378122","7175172","7175312","chr1","155087954","155088097","24","147912782"
"JH378122","7191950","7192257","chr15","20110527","20110823","34","12918577"
"JH378122","7197196","7197490","chr15","20116038","20116332","28","12918842"
"JH378122","7202256","7202405","chr15","20121089","20121246","14","12918833"
"JH378122","7215507","7215683","chr15","20134295","20134471","25","12918788"
"JH378122","7217068","7217125","chr15","20135492","20135549","4","12918424"
"JH378122","7218651","7218947","chr15","20138429","20138725","12","12919778"
"JH378122","7219439","7219611","chr14","36782511","36782684","49","29563072"
"JH378122","7219659","7219778","chr13","96366273","96366396","17","89146614"
"JH378122","7247578","7247888","chr15","20172745","20173040","41","12925167"
"JH378122","7248707","7248992","chr15","20175730","20176025","42","12927023"
"JH378122","7251780","7252066","chr13","62399304","62399587","50","55147524"
"JH378122","7260481","7260788","chr15","20183536","20183831","35","12923055"
"JH378122","7260925","7261062","chr11","116626186","116626324","26","109365261"
"JH378122","7267102","7267360","chr15","20190922","20191170","34","12923820"
"JH378122","7292822","7292989","chr15","20214393","20214560","9","12921571"
"JH378122","7303583","7303687","chr12","11569305","11569413","16","4265722"
"JH378122","7313253","7313540","chr15","20255751","20256039","20","12942498"
"JH378122","7315957","7316044","chr10","32638068","32638160","15","25322111"
"JH378122","7363569","7363921","chr4","13876438","13876777","73","6512869"
"JH378122","7367070","7367366","chr15","20309298","20309594","29","12942228"
"JH378122","7384861","7385061","chr5","111106983","111107181","42","103722122"
"JH378122","7415319","7415598","chr15","20360875","20361154","23","12945556"
"JH378122","7416854","7417148","chr15","20362415","20362709","23","12945561"
"JH378122","7444825","7445133","chr4","18308696","18309003","39","10863871"
"JH378122","7507856","7507975","chr15","20451389","20451507","4","12943533"
"JH378122","7517218","7517512","chr15","20461429","20461727","16","12944211"
"JH378122","7523756","7523889","chr22","40426097","40426225","11","32902341"
"JH378122","7532608","7532877","chr13","36250782","36251049","54","28718174"
"JH378122","7548325","7548604","chr9","108507574","108507862","59","100959249"
"JH378122","7549008","7549177","chr15","20496001","20496170","10","12946993"
"JH378122","7549198","7549491","chr15","20496191","20496476","25","12946993"
"JH378122","7559123","7559405","chr15","20506154","20506450","34","12947031"
"JH378122","7606923","7607004","chr2","29681918","29682001","14","22074995"
"JH378122","7631200","7631481","chr15","20580419","20580701","30","12949219"
"JH378122","7646602","7646902","chr5","31947691","31947991","49","24301089"
"JH378122","7686928","7687169","chr15","20638241","20638482","11","12951313"
"JH378122","7706148","7706310","chr15","20657431","20657598","16","12951283"
"JH378122","7746616","7746897","chr4","10192156","10192434","46","2445540"
"JH378122","7760010","7760322","chr15","20713929","20714223","40","12953919"
"JH378122","7763341","7763639","chr19","10208538","10208840","47","2445197"
"JH378122","7765397","7765704","chr15","20719226","20719522","27","12953829"
"JH378122","7779320","7779578","chr19","18207085","18207339","52","10427765"
"JH378122","7796750","7797032","chrX","23826538","23826832","51","16029788"
"JH378122","7820259","7820388","chr18","27719591","27719721","8","19899332"
"JH378122","7825366","7825487","chr5","131716335","131716461","23","123890969"
"JH378122","7825800","7825979","chr13","45078362","45078536","35","37252562"
"JH378122","7829350","7829635","chr15","20789710","20789998","14","12960360"
"JH378122","7832330","7832635","chr15","20792642","20792945","27","12960312"
"JH378122","7848998","7849276","chr15","20818336","20818625","32","12969338"
"JH378122","7857384","7857665","chr7","4195281","4195557","50","3662103"
"JH378122","7861170","7861465","chr15","20829835","20830130","21","12968665"
"JH378122","7879228","7879360","chr10","102235495","102235627","15","94356267"
"JH378122","7881658","7881965","chr15","20845142","20845431","36","12963484"
"JH378122","7885291","7885594","chr19","10208538","10208840","42","2323247"
"JH378122","7887737","7887936","chr5","125033261","125033457","47","117145524"
"JH378122","7888249","7888384","chr2","36660182","36660317","16","28771933"
"JH378122","7893151","7893425","chr15","20858357","20858635","18","12965206"
"JH378122","7896554","7896840","chr15","20862562","20862854","28","12966008"
"JH378122","7918606","7918784","chr18","37274173","37274361","44","29355567"
"JH378122","7933741","7934051","chr1","92755128","92755437","46","84821387"
"JH378122","7960365","7960666","chr15","20937132","20937422","25","12976767"
"JH378122","7967625","7967762","chr20","39028174","39028308","19","31060549"
"JH378122","7997738","7998028","chr15","20982270","20982567","32","12984532"
"JH378122","8031007","8031303","chr15","21016331","21016622","32","12985324"
"JH378122","8057814","8058099","chr15","21043738","21044025","36","12985924"
"JH378122","8083622","8083922","chr7","113670497","113670791","41","105586875"
"JH378122","8097799","8098085","chr15","21083296","21083589","20","12985497"
"JH378122","8129464","8129800","chr8","1585914","1586226","76","6543550"
"JH378122","8131676","8131977","chr15","21119248","21119542","34","12987572"
"JH378122","8156826","8157025","chr7","154661353","154661552","31","146504527"
"JH378122","8175106","8175417","chr15","21162328","21162631","33","12987222"
"JH378122","8182941","8183058","chr1","49706445","49706556","23","41523504"
"JH378122","8190217","8190514","chr7","2831383","2831675","49","5358834"
"JH378122","8210328","8210635","chr15","21196483","21196791","23","12986155"
"JH378122","8212335","8212600","chr2","131544921","131545185","43","123332586"
"JH378122","8216442","8216778","chr1","180225601","180225928","62","172009159"
"JH378122","8225482","8225760","chr7","45989418","45989698","38","37763936"
"JH378122","8228531","8228775","chr15","21215501","21215759","25","12986970"
"JH378122","8230684","8230961","chr15","21217675","21217954","21","12986991"
"JH378122","8235484","8235785","chr1","183092864","183093160","46","174857380"
"JH378122","8260380","8260691","chr15","21252340","21252622","44","12991960"
"JH378122","8305798","8305947","chr15","72210429","72210574","20","63904631"
"JH378122","8307434","8307731","chr15","21301769","21302065","26","12994335"
"JH378122","8315442","8315663","chr15","21309682","21309904","14","12994240"
"JH378122","8318129","8318429","chr15","21312054","21312352","29","12993925"
"JH378122","8329978","8330263","chr15","21326255","21326557","37","12996277"
"JH378122","8331105","8331392","chr5","72139665","72139949","41","63808560"
"JH378122","8336348","8336656","chr15","21336391","21336683","34","13000043"
"JH378122","8366427","8366552","chr3","72174412","72174536","7","63807985"
"JH378122","8392423","8392468","chr1","100341754","100341798","13","91949331"
"JH378122","8392778","8392976","chr8","56827514","56827714","33","48434736"
"JH378122","8425385","8425684","chr15","21429147","21429457","36","13003762"
"JH378122","8430553","8430845","chr15","21434000","21434291","28","13003447"
"JH378122","8460657","8460946","chr15","21465231","21465520","17","13004574"
"JH378122","8505174","8505472","chr15","21509490","21509787","18","13004316"
"JH378122","8555381","8555702","chr5","131073639","131073953","54","122518258"
"JH378122","8571884","8572142","chr7","46518013","46518277","35","37946129"
"JH378122","8722601","8722688","chr10","101340119","101340205","11","92617518"
"JH378122","8724147","8724449","chr15","21727409","21727712","41","13003262"
"JH378122","8765207","8765348","chr6","123815675","123815820","19","115050468"
"JH378122","8848136","8848252","chr19","7228201","7228317","5","1619935"
"JH378122","8852769","8853028","chr15","21877857","21878116","13","13025088"
"JH378122","8885214","8885511","chr15","21916383","21916680","26","13031169"
"JH378122","8952539","8952873","chr14","79388318","79388641","55","70435779"
"JH378122","8986150","8986301","chr15","22026416","22026572","16","13040266"
"JH378122","9148326","9148624","chr15","22189544","22189843","16","13041218"
"JH378122","9158615","9158915","chr15","22199524","22199821","23","13040909"
"JH378122","9167968","9168256","chr15","22211797","22212080","28","13043829"
"JH378122","9185526","9185816","chr15","22235483","22235772","25","13049957"
"JH378122","9195317","9195441","chr15","22243104","22243225","12","13047787"
"JH378122","9197876","9198039","chr15","22244637","22244806","15","13046761"
"JH378122","9245814","9246093","chr15","22299830","22300112","20","13054016"
"JH378122","9246641","9246819","chr9","42334313","42334479","37","33087672"
"JH378122","9247563","9247871","chr15","22301570","22301867","36","13054007"
"JH378122","9250087","9250390","chr5","4379233","4379531","39","4870854"
"JH378122","9316779","9317074","chr17","26482397","26482693","33","17165618"
"JH378122","9318932","9319051","chr6","134990658","134990777","7","125671726"
"JH378122","9322004","9322136","chrX","51680277","51680411","9","42358273"
"JH378122","9346283","9346560","chr7","32886449","32886731","39","23540166"
"JH378122","9346587","9346603","chr15","53296515","53296531","2","43949928"
"JH378122","9358194","9358374","chr1","207072003","207072185","30","197713809"
"JH378122","9458423","9458586","chr4","139254527","139254693","27","129796104"
"JH378122","9458900","9459011","chr11","16028991","16029105","12","6570091"
"JH378122","9459023","9459077","chr6","9096439","9096493","12","362584"
"JH378122","9459281","9459574","chr15","22534822","22535114","21","13075541"
"JH378122","9482687","9482968","chr15","22558907","22559185","25","13076220"
"JH378122","9542376","9542512","chr15","22617950","22618085","10","13075574"
"JH378122","9544860","9545042","chr15","18281629","18281809","37","8736769"
"JH378122","9589236","9589523","chr15","22669519","22669812","16","13080283"
"JH378122","9602428","9602563","chrX","107012158","107012293","11","97409730"
"JH378122","9602564","9602680","chr4","36780520","36780633","9","27177956"
"JH378122","9602717","9602889","chr12","48837438","48837602","27","39234721"
"JH378122","9607320","9607611","chr15","22684562","22684850","22","13077242"
"JH378122","9611192","9611263","chr22","1033252","1033325","8","8577940"
"JH378122","9615604","9615898","chr13","111862085","111862380","41","102246481"
"JH378122","9621443","9621732","chr15","22696061","22696350","19","13074618"
"JH378122","9625665","9625960","chr15","22700050","22700351","25","13074385"
"JH378122","9628080","9628323","chr7","49529729","49529969","39","39901649"
"JH378122","9629472","9629729","chr15","22703549","22703799","24","13074077"
"JH378122","9638400","9638696","chr15","22712190","22712476","25","13073790"
"JH378122","9660938","9661072","chr15","22734805","22734939","7","13073867"
"JH378122","9661073","9661345","chr5","151399489","151399760","45","141738416"
"JH378122","9661346","9661520","chr15","22735213","22735388","17","13073867"
"JH378122","9662083","9662362","chr15","22735942","22736221","28","13073859"
"JH378122","9677608","9677901","chr15","22750643","22750941","28","13073035"
"JH378122","9681133","9681372","chr15","22756872","22757099","21","13075739"
"JH378122","9681409","9681477","chr15","22757271","22757339","4","13075862"
"JH378122","9696971","9697131","chr3","182862792","182862952","32","173165821"
"JH378122","9715508","9715818","chr8","1277678","1277972","55","8437830"
"JH378122","9717212","9717291","chr15","61615649","61615728","16","51898437"
"JH378122","9717399","9717667","chr15","22792883","22793149","20","13075484"
"JH378122","9737955","9738229","chr6","155653156","155653437","55","145915201"
"JH378122","9741181","9741333","chr6","110818119","110818275","24","101076938"
"JH378122","9744412","9744714","chr10","125779831","125780129","43","116035419"
"JH378122","9750350","9750643","chr15","22820475","22820778","30","13070125"
"JH378122","9753016","9753340","chr5","19057682","19057974","75","9304666"
"JH378122","9753422","9753550","chr16","90428682","90428816","22","80675260"
"JH378122","9753861","9754060","chrX","62975337","62975525","39","53221476"
"JH378122","9762851","9762982","chr15","22832702","22832834","7","13069851"
"JH378122","9763586","9763758","chr15","22833461","22833634","19","13069875"
"JH378122","9767011","9767301","chr15","22840578","22840871","23","13073567"
"JH378122","9776562","9776876","chr4","169049513","169049837","62","159272951"
"JH378122","9810270","9810563","chr15","22886262","22886562","30","13075992"
"JH378122","9811546","9811893","chr7","6577072","6577412","59","3234474"
"JH378122","9814101","9814403","chr15","22893753","22894041","31","13079652"
"JH378122","9826094","9826399","chr15","22905461","22905761","28","13079367"
"JH378122","9826674","9826974","chr15","22906019","22906316","18","13079345"
"JH378122","9831925","9832087","chr15","22911541","22911700","19","13079616"
"JH378122","9844336","9844408","chr12","106875816","106875887","13","97031480"
"JH378122","9845924","9846221","chr15","22926179","22926453","38","13080255"
"JH378122","9897743","9898042","chr1","192660610","192660907","43","182762867"
"JH378122","9902984","9903271","chr15","22981343","22981637","26","13078359"
"JH378122","9915331","9915611","chr10","28180732","28181012","51","18265401"
"JH378122","9917017","9917148","chr1","116982946","116983076","10","107065929"
"JH378122","9929205","9929514","chr4","155477788","155478099","49","145548583"
"JH378122","9935413","9935702","chr15","23012280","23012572","34","13076867"
"JH378122","9947874","9948020","chr8","90468576","90468714","30","80520702"
"JH378122","9950268","9950385","chr22","20156302","20156415","15","10206034"
"JH378122","9956812","9956994","chr3","111383495","111383670","35","101426683"
"JH378122","9958345","9958460","chr5","95902861","95902977","16","85944516"
"JH378122","9958487","9958634","chr1","62429040","62429186","22","52470553"
"JH378122","9962516","9962811","chr15","23037407","23037682","30","13074891"
"JH378122","9967168","9967288","chr7","87964128","87964249","13","77996960"
"JH378122","9977213","9977470","chr2","15469934","15470201","65","5492721"
