"GL873520","3436679","3436786","chr4","94708769","94708876","40","91272090","TCGTGCCTACAACTCTAGGACTTTGGGATGCCAGGCTTGATGGGTCCCTTGAATTCAGGATCTCCTTACCAAACTGCCAAAAGCAAGACCTCACCTTTGCAAAATACA","ACACCTGTAATCCCAGCACTTTGGGAGGCCAAGGTGGGTGGATCACTTGAGGCCAGGAGTTCGAGACCAGCCTGGCCAACATGCCAAAACCCCATCTCTACTAAAAAT"
"GL873520","11805735","11805780","chr10","37593152","37593197","7","25787417","CCAGAGCAACAGAGTGAGACTCTGTCTCACAAGAAAAAAAAAAGAA","CTTGGGCAACAGAGTGAGATTCTGTCTCAAAAAAAAAAAAAAAAAA"
"GL873520","14857703","14857746","chr1","20574343","20574388","5","5716640","GGGCAACAGAGTAAGACTTTGTCTCAAAAAAAAAAAAAAAAGAA","TGGGCAACAGAGCGAGACTCTGTCTCAGAAAAAAAAAAAAAAAGAA"
"GL873520","28637031","28637081","chr19","52201309","52201361","9","23564278","CACTTGAGCCTAGGTGACAGAGTGAGACTCTGTCTCTAAGGGAAAAAAAAA","CACTCCAGCCTGGGCAACAGAGTGAGACTCTTTGTCTCAAAGAGAAAAAAAAA"
"GL873520","32284762","32285028","chr1","90112955","90113239","90","57828193","GCAAGGTGGCTCATGCCTATAATCCTGGAATTTGGGGAGGAGGAGGTGGCAGGATCCCTTGAGACCAGGGAAATAAAATCAGCCTGGGCAACATAGCCAGACTCTGTCCCTACCAAAAAAAAAAAAAAAAATTGAAGTTAGCTAAGCATGGTGGCATATGCCTATAATACCAGCTACTTGGAAAACTGACTACAAGAATCGGAAGGTATGAGTCCAGACTTCACACCACTGCATACCAGTACAAAAGAATGAAACTCTGCCCCTAAA","GGCCTGGCACAGTGGCTCATGCCTGTAATCTCAGCACTTTGGGAGACAGAGGTGGATGGATCACCCTGAGTTCAGGAGTTCGAGACCAGCCTGGGCAACATGGCAAAACCCGGCTCTACCAAAAATACAAAAATAAAAATAAAAATTAGTCAGACATAGTGGCATGTGTCTGTAATCCAAGCTACTTGGGAGGCTGAGGCTTGAGCCTGAGAGGCAAAGTTTGTAGTAAGCTGAGATCACACCACTGCACTTTAGCCTGGGCAACAGAGTGAGACCCTGTCTCAA"
"GL873520","36977585","36977622","chr5","140450425","140450457","9","103472840","CTACTTGAGAAGCTGAGGCATGAAGATCACTTGAACCC","CTTGGGAAGCTGAGGCACGAGAATCACTTGAAC"
"GL873520","38315890","38316015","chr7","90642546","90642678","22","52326656","GACACAGTGGCTCATACCTGTAATCTCAGCACTTTCAGAGGCCAAGGCAGGAAGATCATTTGAGGCCATGAGTTTGAGATCAGCCTGGTCAATGGCAAGACCCTGTCTCTACCAAAAAAAAAAAAA","GCTAGGCACAGTGGCTCAGGCCTGTAATCCCAGCACTTTGGGAGGCCAAGGCAGGCAGATCACTTGAGGCCAGGAGTTTGATATCAGCCTGGCCAACATGGCGAAACCCTGTCTCTATAAAAAATAAAAAAAT"
"GL873520","49824708","49824776","chr19","53812362","53812430","12","3987654","GATGATGCCACTGCACTCTAGCCTGGGTGACAGCATGAGACTCTAGCTCAAAAGAATAAAAAAATAAAA","GAGATCGCCCCACTGCACTCCAGCCTGGGCGACAGCGTGAGACTCTGCCTCAAAAAAAAAAAAAAAAAA"
"GL873520","54971752","54971804","chr5","89764300","89764351","10","34792548","CAGTGCACTCTGGCCTGAGTGACGGAGCAAGACTCTGTCTTTAAAGGAACAAA","CATTGCACTCCAGCCTGGGTGACAGAGCAAGACTCTGTCTCAAAAAAAAAAA"
"GL873520","57155936","57155949","chr16","48207713","48207723","7","8948223","GAGGGGAAATCGCT","AAAGGAAAGAA"
"GL873520","59473618","59473655","chr17","19833368","19833405","4","39640250","TGGGCGACGGAGTGAGACTGTGTCTCAATAAAAAAAAA","TGGGCGACAGAGCGAGACTCTGTCTCAAAAAAAAAAAA"
"GL873520","64134389","64134427","chr2","193778508","193778546","6","129644119","ACTCCAGTCTGGATGATAGAGTGAGACTTTGTCTCAAAA","CACTCCAGCCTGGATGATAAAGCGAGACTCTGTCTCAAA"
"GL873520","65629293","65629571","chrX","31289938","31290220","69","34339355","GGTCAGGCATGGTGGCTATGCCTACAATTCTAGCACTTTGGGAGTCAGAGGCCAGAGGATTGATTGAGGCCAGGAGTTTAAGACCGCACTGGGAAAGAGCAAGACCCCATCTCTATTAAGAATAGAAATATTAGCAGGGCACTGTTGCGTGTGCATGTAGTCCCAGCTACTCAGGTACTGAGTCAGGAGGATCGCTGGAACCCAGGAGGCGGAAGGTGCTGTGAACTGAGATGACACCACAGCATTCTAGTTCAGGCAACAAAGTGAGAGTCTGTCCCA","GACTGGGCATGGTGGCTCATGCCTGTAGTCCTAGCACTTTGGGAGGCCGAGGCGGGTAGATTGCTTGATGCCAGGAGTTCAAGACCAGCCTGGCCAACATGGCTAAACCCCATCTCTACTAAAAATATAAAAATCAGCCAGGCATGGTGGCGTGCACCTGTAATCCCAGCTACTCGGGAGGCTGAGGCATGAGAATTGCTTGAACCCAGGAGGCGGAGGTTGCAGTGAGCAGAGATCATGCCACTGCACTCCAGCCTGGGCGACAGAGTGAGACTCTGTCTCA"
"GL873520","70975967","70976096","chr4","159324195","159324326","20","88348228","GCCAGGTGTGGTCGCTCAAGCCTGTAATCCTAACACTCTGGGAGGCTGAGGCCGGTGGACTACTTGAGTTCAGGAGTTTGAGACCAGCCTGAACAAGAGCAAGACCCCATCTCTACTAAAAATAGAAAAA","GCCAGGCATGGTGGCTCACGCCTGTAATCCCAGCACTTTGGGAGGCTGAGGTGGGGGGATCACTTGAGGTCAGGAGTTTGAGACCAGCCTGGCCAACACGGCAAGACCCCGTCTCTACTAAAAATACAAAAA"
"GL873520","71590339","71590482","chr13","36232753","36232896","43","35357586","GCCAGTCATGGTGGCATATCTCTCTACTCCTAGCTTCGTGGGAGGCTGAAACATGAGAATCCCTTAAGCCCAGGAGTTTGAGGTTAAAGTGAGCTACAGCCTGGGTGATAGAAGAAGAACTGTCTCCTTTAAAAAAAAAAAAAA","GCCAGGCATGGTGCTGCATGCCTATAATCTCAGCTAGTTGGGAGGCTGAGACATGAGAATCACTTGAGCCTGAGGCAGAGGTTGCAGTGAGCCGAGATCAGCCTAGGCAACAGAGTGAGACTCTGTCTCTAAAAAAAAGGAAAA"
"GL873520","71590499","71590627","chr1","20647332","20647455","36","50943167","GCTGGATACAATGGTTTATACCTCTAATTTCAACACTTTGGAAGGCCAAGAGGGGAGGAACAGTTGAGCCTAGGGGTTTGAGATCAACCTAGGCAACATACAGTAAGACCCCATCTCTAAAAACAACAA","GCTGGGCGTGGTGGCTCATACCTGTAATCCCAACATTTTGGAGGCTGAGGTGGGTGGATCACTTGAGGCCAGGAGTTTGAGACCAGCCTGGCCAACAGTGAAACCCCATCTCCACTAAAAATAA"
"GL873521","4648302","4648356","chr1","235537322","235537379","5","230889020","GCACTCTAGCCTGGCCAACAGAGTGAGACTCTGTCTCAAAAAAAAAAAAAAAAAA","TGCACTCCAGCCTGGGCAACAGAGTGAGACTCTGTCTCAAGAAAAGAAAAAAAAAAAA"
"GL873521","7039107","7039145","chr3","87894585","87894621","9","80855478","GCATTCCAGCCTGAGTGACACAGTAAGACGCTTTCTCAA","GCACTCCAGCCTGGGTGACAGAGAGAGACTCTGTCTC"
"GL873521","18234607","18234731","chr2","9568751","9568875","28","8665856","GACTAGGCACAATGGCTCCTGCCTGTAATCGTGTGCTTTGGAAGGCTGAGATGACAGGATCACTTGACATCAGCAGTTTGAGACCATCCTGGCCATCATCGCAAGACCCTGACTCTACTAAAAAT","GGCTGGGCATAGTGGCTCATATCTGTAATCTCAGCAATTTGGGAGGCCAAGGTGAGAGGATCACTTGAGGCCAGGAGTTTGAGACCAGCCTGGTCAACATGGCAAGACCCTGTCTCTACCAAAAA"
"GL873521","18702636","18702689","chr10","74788925","74788977","7","56086289","CACTCTAGCCTGGGCTGCAGCGTGAGACTCTGTCTCAAAGAAAAAATAAATAAA","CACTCCAGCCTGGGCAACATGGTGAGACTCTGTCTCAAAAAATAATAAATAAA"
"GL873521","19695088","19695150","chrX","23571497","23571557","12","3876409","GAGCACACCACTGTACTTCAGGCAGGGTGACAGAATGAGACTCTGTCTCAAAAAATAAAAAAA","ATCACACCACTGCACTCTAGCCTGGGTGACAGAGCAAGACTCTGTCTCAGAAAAAAAAAAA"
"GL873521","23446083","23446143","chr5","14575483","14575538","10","8870600","GTGCCATTTCCAGCATGGGCAACAGAGTGAGACTCTCTCTCTAAACAAACAAACAAATAAA","GTACTCCAGCCTGGGCGACAGAGGGAGACTCTGTCTCAAACAAACAAACAAATAAA"
"GL873521","29783336","29783386","chr2","16299892","16299944","8","13483444","CACTCTAGCCCAGGTGACAAAGTGAGATTCTGTCTCAAAAAAAAAAAGAAA","CACTCCAGTTCAGGTGACAGAGTGAGACTCTGTCTCAAAAAATAAAAATAAAA"
"GL873521","30511109","30511167","chr6","33836596","33836654","14","3325487","ATCATGCCGCTATATTCCAGTTTGGGCAACAGAGTTGAGATTCTGTCTCAAAAAGAAAA","ATCACGCCACTGCACTCCAGCCTGGGCGACAGAGCAAGACTCTGTCTCAAAAAAAAAAA"
"GL873521","30702468","30702606","chr4","4346327","4346464","46","26356141","GGCAAGGTGCTTTGACCCTCACTTGCAACTGTAGAACTTTGGAGGGCCAGGCTGGGTGGGTCCCTTGAGGTCAGGAGCTTCTTACCAGTTAAGGCAAAATCAAGATTCAATCTCTTCCAAATATAGAACAAAAATCAGC","GGCCAGGTGCGACGGCTCATGCCTGTAATGCAGCACTTTCGGAGGCCGAGGCAGGTAGATAGCTTGAGCCCAGGAGTTCGAGACCAGTTTGGACAAAATGGCAAAACCCATCTCTACCAAAATACAAAAATTAGCCAG"
"GL873521","34997877","34997919","chr9","131073627","131073669","8","96075750","CACTGCACTCTAGCCCAAGCAATAGAGCAAGACTCTGTCTCAA","CCACTGCACTCCAGCCTGGGCAATAGAGTGAGACTCTGTCTCA"
"GL873521","37132224","37132385","chr1","64316540","64316700","29","27184316","AGCTTGGCATGGTGGCTCACACCTGTAATCCCAGCACTCTGGGAAGCTGAGGCAAGTGGATCACTTGAACCCAGGAATCTGAGGTTGTTGTGAGCCAGGCTAACTGTCACAGCACTCTAGCCTGGGTAACAGAGTGAGACTCTGTCTCAAAAAAAAAAAAAA","GCTGGGCGTGGTGGCTCACGCCTGTAATCCCAGCTACTTGGTAAGCTGAGGTACGAAAATCACTTGAACCCAGGAGGCAGAGGTTGCAGTGAGCCAAGATCATGCCACTGCACTCCAGCCTGGGCAACAGAGCAAGACTCTGTCTCAAAGAGAAAAAAAAA"
"GL873521","49043535","49043592","chr2","169866223","169866278","9","120822688","CACTCTAGCCTGGGGCAACAGAGTGAGACTGGTCTCAAAAAAACCAAAAAACAAAAAA","CTCCAGCCTGGGCAACAGAGTGAGACTGTGTCTCAAAAAAAAAAAAAAAGCAAAAA"
"GL873521","55025349","55025397","chr8","93143344","93143391","8","38117995","CAGCCTGGCCAACAAAGTAAAAGACTCTGTCTCAGGAAAAAAAAAAAAA","CAGCCTGGGTGACAGAGCAAGACTCTGTCTCAGGAAAAAAAAAAAAAA"
"GL873522","1107948","1108051","chr16","7267150","7267251","37","6159202","CCAGGACTTTGGGGGGCTGGGCTGTGTGGGTTCCTTGAAGTCAGGAGCTCCTTACCAGTCTGCACAAAAGCAAGACCCCCACCTGTGCCAAATATAAAGAAATT","GCACTTTGGGAGGCCGAGGTAGGCAGGTTGCTTGAGGTCAGGTGTTTGAGACCAGCCTGGCCAACATGGCAAAACCCTGTCTCTACTAAAAATACAAAAATT"
"GL873522","13898695","13898752","chr6","33836596","33836654","13","19937901","GATCAGGCCATGGCACTCTAGTCTGGGCAACAGAGTGATACTCTGTCTCAAAAATAAA","ATCACGCCACTGCACTCCAGCCTGGGCGACAGAGCAAGACTCTGTCTCAAAAAAAAAAA"
"GL873522","14025252","14025507","chr1","121263072","121263346","89","107237820","GCAGGGGAGGGTGGCTCACACTGGCACTCTGGGAGGCTGAGGTGGACAGATTGAGATCAGGAGCTCAAGACAAATCTAAGAAAGACAAAGCCCCCATCTCTCCGAAAAACAGAGCACCCGTAATCACAGCTACTTGAGAGGCTGAGGCACAATACTCCCTTGAGCACAGAAGGTTGTAATGAGCTATGATCACACTACTTTATTCTATTCTGGGCAACAAAATAAGACTTTGTCTCAAAAAAAAAAAAAAAAAAAA","GACTGGGTGTGGTGGCTCATGCCTGTAATCTCAGCACTTTGGGAGGCTGAGTTGGGCAGATCGCTTGAGGTCAGGAGTTTGAGACCAGCCTGGCCAACATAGCGAAATCCTGTCTCTACTAAAATACTTATAATCCTAGCTACTCCAGAGGCTGAGGCATGGGAATCGCTTGAGCCCAGGAGGTGGAGGTTGCAGCCAGCTGAGATCACACCACTGCACTCTAGCCTGGGTGACAAAGCAAGACTCTGTCTCAAAAAACAAACAAACAAAAAAAA"
"GL873522","18936131","18936189","chr19","7142011","7142068","8","11794120","CACCACGGCACTATAGCCAGGGCAACAGAGCAAGACTCTGTCTCAAAAAAAAAAAAAGA","CACCACTGCACTCCCGCCTGGGTGACAGAGCAAGACTCTGTCTCAAAAAAAAAAAAAA"
"GL873522","19600461","19600499","chr22","45616822","45616863","5","26016361","CACTCTAGCCTGGGCAGCAGAGTGAGACTCTGTCTCAAA","GCACTCCAGCCTGGGCAACAGAGTGAGACTCTGTCTCAAAAA"
"GL873522","26077652","26077703","chr17","2999946","3000000","7","23077706","ACTCCAGCCTGGGGCAACAGAGACTCTGTCTCAAAAAAAAGAGAAAAGAAAA","ACTCCAGCCTGGGCAACAGAGCAAGACTCTGTCTCAAAAAGAAAAGAAAAGAAAA"
"GL873522","26362006","26362050","chr5","159181097","159181143","7","132819091","CCAGCCTGAGCAAGAGTGAGACTCTGGCTCTAAAAAAAAAAAAAA","CCAGCCTGGGCGACAGAGCAAGACTCTGTCTCAAAAAAAAAAAAAAA"
"GL873522","28582519","28582576","chr6","116829977","116830034","12","88247458","GCCACAGCACTTTAGCCTGAGCAACAGAGTGAGACTCTAAAAAAAAAAAAGAAGGAAA","GCCACTGCACTCCAGCCTGGGCAACAGAATGAGACTCTATCTCAAAAAAAAAAAAAAA"
"GL873522","35513470","35513534","chr1","199409125","199409184","11","163895655","GCCACCATGGACTCCAGTGTGGGTGACAGCTTGAGGCTCTGTCTCAAAAAAAAAAAAAAAAAAAA","CCACTGCACTCCAGCCTGGGTGACAGAGTGAGACTCTGTCTCAAAAAAAAAAAAAAAAAA"
"GL873522","40954970","40955017","chr10","108129192","108129237","7","67174222","AGCCTGGGCAACAGAGTATGACTTTGTCTCAAAAAACAAACAAACAAA","GCCTGGGCAACAGAGCAAGACTCTGTCTCAAAAAAAAAAAAAAAAA"
"GL873522","41901325","41901404","chr2","199517078","199517157","15","157615753","GACCAGGCATGGTGGCTCACACCTGTAATCTGAGTACTCTGTGAGGCCAAGGCTAGTGGATCACTTGAGGCCAGGAGTTC","GGCTGGGCACGGTGGCTCACGCCTGTAATCCTAGCACCTTGGGAGGCTGAGGCAGGTGGATCACTTGAGGCCAGGAGTTC"
"GL873522","42906597","42906775","chr3","123566614","123566800","48","80660017","GTCAGGCGTGGTGACTCACATCTGTAATTCTAGCACTCTGGGAGGCCAAGGTGGGTCAAATGCCGGCAGTATGAGACCAGCTGGAAGAAGAGCAAGACCCTGTCTTTACTAAAAATAGAACAACTAGCCAGTCATTGTAGGGCATGCCTATAGTCACAGCTACTCGGAAGGCTGAGGCA","GGCCAGGCGTGGTGACTGCATGCCTGTAATCCCAGCACTTTGGGAGGCCAAGGTGGGTGGATCACTTGAGGCCAGGAGTTTGAGACCAGGCTGGCCAACATGGTAAAACCCCATCTCTACTAAAAATACAAAAATTAGCCAGGCATGGTGGCGCACGCCTGTAATCCCAGCTACTCAGGAGGCTGAG"
"GL873523","4562658","4562730","chr4","9827298","9827369","20","5264640","GGTGGCTCATGCCAAGTAATCCCAGTAATTTGCAAGGCCAAAGATGGTGCATGATATCAGACCAGGACTTCAA","GGTGGCTCATGCCTATAATCCCAGTACCTGGGAGACCAAAGCAAGCAGATTGATTGAGGCTAGGATTTCAAG"
"GL873523","5567338","5567380","chr1","206523553","206523594","9","200956215","GCACTCTAGCCCAGGTGACAGAGCAAGAATCTGTGTAAAAAAA","TACACTCTAGCCTGGGTGACAGAGCAAGACTCTGTCTTAAAA"
"GL873523","8251960","8252035","chr6","113701086","113701160","14","105449126","GGCTGGGCATGGTGGCTCATATCTGTAATCCCAGCACTCTGGAAGGCCAATGTGGATGGATCTCTTGAGACTAGGA","GGCTGGGTGTGGTGTCTCATGCCTGTAATCCCACACTTTGGGAGGCCAAGGTGGGCGGATCACTTGAGGACAGGA"
"GL873523","11971063","11971161","chr14","65343177","65343275","20","53372114","GCTAGTACCCAGAAGTTGGAGGTTGCAGTGAGCTGGGATCATACCACTGCACTCTAGCCTCAGCAACAGAGAGATGCTATCTCAAAAAGAAAAGAAAAA","GCTTGAACCCAGGAGGCAGAGGTTGCAGTGAGCTGAGATCAGGCCACTGCACTCCAGCCTGGGCAACAGAGTGAAACTATGTATCAAAAAAAAAAAAAA"
"GL873523","28703426","28703503","chr16","56895095","56895167","25","28191669","GGAGGGATAGACAGGCCGGGATCACTGGAGGCCAGAAATTAAAGATAAACCTGGGCAACAGGCAAGATTCTAACTCTA","GGCCAAGGCAGCTGGATCCAGGAGTCCAGGAGTTCGAGACCAACCTGGGTGACATGGCAAAATCCTGTCTCTA"
"GL873523","38659009","38659055","chr19","52058881","52058919","11","13399872","CTGCACTTTAGCCTGGACAGTGGACGGAGACTCTGTCTCAAAAAAAA","CACTCCAGCCTGGGTGACAGAGACTCTGTCTCAAAAAAA"
"GL873523","39214292","39214375","chr14","27797020","27797106","19","11417272","GGGCAAGTGCAGAGGTTCACACCTGTAATCCTAGCATTTTGGGGGGGCTGAGGTAGGTCACTTGAGGCCATGAGTTTGAGACCA","GGCTAGGTGCAGTGGTTCAGGCCTGTAATCCCAGCACCTTTGGGAGGCTGAGGCGACAGGATCACTTGAGGTCAAGAGTTTGAGACC"
"GL873523","44374455","44374555","chr22","40227130","40227225","28","4147325","GGTGTGGCAGCTCACATCTGTAATCCTACCACAAGGCAGGAGGATCACTTGAGGTCAGGGGTTTGGGACCAATCTGGGCAACATGGCAAAAACCCATCTCT","GCCTGTAATCCCAGCACTTTCGGAGGCTGAGGCAAGTGGATCACTTGAGGTCAGGAGTTTGAGACCAGCCTGGCCAACATGGCAAAACCCCATCTC"
"GL873523","47639966","47640011","chr6","82812123","82812163","8","35172157","GTTTGAGTGACAGAGCAAGACTCTGTCTCAGAATAAAATAAATAAA","TGGGTGACAGAGCAAGACTCTGTCTCAAAAAAAAAAAAAAA"
"GL873524","3347594","3347642","chr9","84329641","84329686","9","80982047","CCAGTCTTGGTGACACAGTGAGACTATGTCTCTAAGAAAAAAAAGAAAA","CAGCCTGGGTGACAGAGTGAGACTCTGTCTTATAAAAAAAAGAGAA"
"GL873524","6477883","6477937","chr3","139580180","139580236","11","133102297","ATCATGCCACTGCACGCCAGCCAAGGTGACAGAGCAAGTCTCTGTTCTAAAAAAA","ATTGCACCACTGCACTCCAGCCTGGGTGACAGAGCAAGACTCTGTCTCAAAAAGAAA"
"GL873524","7606756","7606787","chr1","151606098","151606127","3","143999342","AGACTCTGTCTCAAAAAAAAAAAAAAAAAAAA","AACTCTGTTTAAAAAAAAAAAAAAAAAAAA"
"GL873524","13430508","13430567","chr1","241547543","241547599","13","228117035","GCCACTGCAATCTATCCAGGGTAATACAGCAAGACTTCTGTCTCCCAAAAAAAAAAAAAA","CACTGCACTCCAGCCTGGGTGACAGAGCGAGACTCTGTCTCAAAAAAAAAAAAAAAA"
"GL873524","16194498","16194559","chr4","40059407","40059455","18","23864909","GATCATGCCACTGCCTCCAGCCTTCTAGCCTGGGCAACAGAATGAGACTCTTTCTACAAAAA","GCGCCACTGCACTCCAGCCTGGGCGACAGAGTGAGGCTCTGTCTCAAAA"
"GL873524","37734923","37735225","chr7","37159419","37159704","73","575504","GGCTGGGCACAGTGGCTCATGCCTGTAATCCTGGCACTCTGGGAGACCAAGGTGGATGGATTACTTGAGCTCAGGAGTTCAAGACCAGTCTGAAGAAGGGCAAGTCTCCATCTCTACTAAAAATATAAAAATTAGCTGGACATGGTGGTGGCACCTGTACTCTCAGCTACTGGAAGGCTGAGGGAGGAGGATCACTTGAACCCAAAAGTCTGAGGTTGCCGTGAAGATGCTGCAACATTGAGCCATGAAGATGCTGCAACATCCTACCTAGGGCAACAAAATGATACTCTGTCTTAGAAAAAA","GGCTGGGCACGGTGGCTCATGCCTGTAATTCCAGCACTTTGGGAGGCCGAGGTGGGTGGATCACCTGAGGTCAGGAGTTCAAGACCAGCCTGGCCAACATGGCAAAACTCCGTCTCTACTAAAATACAAAAATTAGCCAGGCGTGGTGGTGTGCACCTATAGTCCCAGCTACTGGGGAGGCTGAGGCAAGAGAATCACTTGAACCAGGAGGCAGAGGTTGCTGTGAGCCAAGATCATGGCACTGCACTCCGGCCAGGGTGACACAGCGAGACTCTGTCTCAAAAAA"
"GL873524","41841000","41841060","chr17","82894316","82894375","10","41053316","CACTACACTCTAGCTTGAGTAACAGAGCAAGATTCTGTCTCAAAAAAAATAAATAAATAAA","CCACTGCACTCCAGCCTGGGCAACAGAGCTAGATTCTGTCTCCAAAAATAAATAAATAAA"
"GL873524","42151451","42151501","chr10","74788925","74788977","9","32637474","TACACTACAGCCTGGGCAACAGAGACTCTGTCTCAAAAAAAAATAAAGAAA","CACTCCAGCCTGGGCAACATGGTGAGACTCTGTCTCAAAAAATAATAAATAAA"
"GL873525","4124981","4125034","chrX","20090332","20090383","4","15965351","CTCTAGCCTGGGCAACAGCGTGAGACTCTGTCTCAAAAAAAAAAAAAAAAAAAA","CCAGCCTGGGCGACAGAGTGAGACTCTGTCTCAAAAAAAAAAAAAAAAAAAA"
"GL873525","8945600","8945753","chrX","102861896","102862028","45","93916296","CCGGGTGCAATGGCTCATGCCTATAATCCTAGCATTCAGGGAGGCCAAGGCAGGTAGATTGCTCAAGCTCTCCAGAGAGCTTGAGACCAGCCTAAACAAGAGCAAGACCAACCTGAGAAAGAGCAAGACCCTGTTTCTACTAAAAATAGAAAAA","CTGGGCGCAGTGGCTCACGCCTGTAATCCCAGCACTTAGGGAGGCCAAGGCAGGTGGATCACTTGAAGCCAGGAGTTCGAGACCACCAGCCTGGCCAATACAGCAAAACCCGTCTGTACTAAAAATACAAAAA"
"GL873525","9313128","9313170","chr2","199443022","199443061","5","190129894","GCTACAGAGTGAGATTCTGTCTCAAAGAAAAGAAAAAAAAAAA","CGACAGAGTGAGACTCTGTCTCAAAAAAAAAAAAAAAAAA"
"GL873525","19558364","19558409","chr2","226059644","226059688","6","206501280","CTAGGCAACAGAGGGAGACTCTATCTCAAAAAAAAAAAAAAAGAAA","TGGGCGACAGAGCGAGACTCTGTCTCAAAAAAAAAGAAAAAGAAA"
"GL873525","20135995","20136084","chr14","100310252","100310337","37","80174257","CCTAGCCAAGAACAAGATCCTGTCTAGACTGAAAATAGAAAAATTAGCCAAACATTATGTCCTAGCTACTTGGGAGGCTGAGACAAGAGA","CCAACATGGCAAAACCCCATCTCTACTAAAAATACAGAAAATTGGCCAGGCATGGTGTCGGGTGCCTGTAATCCCAGGCTACTAGG"
"GL873525","26389722","26389772","chr6","109986033","109986083","7","83596311","CAATGCACTCTAGCCTGGGGCAACAGAGTGAGACTCTGTCTCAAAAAAAAA","CATTTCACTCCAGGCTGGGCAACAGAGTGAGTCTCTGTCTCAAAAACAAAA"
"GL873525","27109737","27109817","chr2","178448522","178448604","15","151338785","GCGGAGGTTACAGTGAGCTAAGATCATGCCGCTGCATTACAGCCTGGGTGACAGAGGGAGACCTGAAAATAAACAAAACAA","GCGGAGGTTGCAGTGAGCCAAGATCATGCCACTGCACTCTAGCCTGGGTGACAGAGTGAGACCCTGTCTCAAAAAAAAAAGAA"
"GL873525","27288783","27288824","chr12","49753925","49753966","6","22465142","TGAGTGACACAGTGAGATTCTGTCTCCAAAAAAAAAAGAAAA","TGAGTAACAGAGCGAGACTCTGTCTCAAAAAAAAAAAAAAAA"
"GL873525","33131531","33131559","chr11","75893866","75893894","2","42762335","CTGGGCTACAGAGCGAGACTCTGTCTCAA","CTGGGCAACAGAGTGAGACTCTGTCTCAA"
"GL873525","36272020","36272087","chr5","174647874","174647933","16","138375854","AGACCACTGCACTACACTCCAGCTCTGGGGACAGAGTGAGTGAGACTTTGTCTCAAAAGAAGAAAAAA","GCACCACTACACTCCAGCCTGGGTGACAGAGGGAGACTCTGACTCAAAAAAAAAAAAAAA"
"GL873525","38316346","38316411","chr5","76478510","76478576","20","38162164","GGCACATACTCTTAATTCCAGCACTTTGGGAGACCAACGTGCGTAGACCATTAGACGCCAAGAGTT","TGGCTCACGCCTGTAATCCCAACACTTTGGGAGGCCAAGGTGGGCGGATCACTTGAGGACAGGACTT"
"GL873525","38457181","38457452","chr6","132462940","132463216","78","94005759","GGCTGGGCACAGTGGCTTGTACCTGAAATGCTAGTGCTCTAGGAAGCTGATGCAGAATGATCACTTGAACTCAGAAGCTCTAGACCAGCCTGACCAAGAGCAAGATCTTATCTGTACTAAAAATAGAAAAATTAGCCAAATGTTGTGGTCAGTTATTAGGGAGACTGATGCAAAATCGCTTGAGCCCAAGAGCCAGAGATTGCTGTGAGCTAGGCTGACACCCTGGCACTCTAGTCTGGGCTGCACAGTGAGACTTCTGTCTCAAAAACAAA","GGCTGGGCATGGTGGCTCCCATCTGTAATCTCAGCACTTTGGGAGACTGAGATGGGTGGATCGCTTGAGCCCAGGAGTTCCAGACCAGCCTGGGCAACACAGCAAAACTCTATCTCTACAAAAAATACAAAAATTAGCCAGGCGTGGGGGTACACACTATTCGGGAGGCTGAGGCAAGAGAATGTCTTCAGCCAGGAGGCAGAGGTTGCAGTGAGGCAAGATGACACCACTGCACTCCAGCCTGGGCATCGGAGCCAGACTCTGTGTCAAAAAAAAA"
"GL873525","44390109","44390188","chr3","37266155","37266225","16","7123954","GCCATTGCAGTCTAGCCTGGGGCAACAGAGTGAGACTCTATCACAAAACAAACAAACAAACAAACAAACAAACAAACAAA","CATTGCACTCCAGCCTGGGTGACAGAGTGAGACTCTATCTCAAAAAAACAAAACAAAACAAACAATAAAAA"
"GL873526","7265135","7265334","chr12","118290599","118290781","69","111025464","CGGGAATTTGAGACCAGCCAGAGCAAGAACAAAATTCCTTTCTCCACTAAAAATACAAAAATTAGCCAGGTATGATAATGTGCCTATAATCTCAACTATTTGTGAGACTGAAGCAGAATTGCTTGAGCCCCAGGGGTTTGAGGTTGGAGTAAGCTGGCCTGAGGCCATGAGACTGTAGCTCCGGGTGACAGAGCAAGACT","CCAGCCTGGCCAACATGGCAAAAACCCATCTCTACTAAAAATACAAAAATTAGCCAGGCATGGTGGAACACCCCTGTAGTCCCAGCTACTTGGGAGGCTGAGGCAGGAAAATCGCTTGAACCCAGGAGGCGGAGGTTGTAGTGAGCTGAGATCTGGCCACTGTACTCTAGCCTGGGTGGCAGA"
"GL873526","7344037","7344175","chr10","53879716","53879843","44","46535679","CTCTGGGAGGTCAAGGCTGGTGGAATGCTTTAGCTCAGGGGTTCAAGAGCAAAACCCCATCTCTACTAAAACAGTAGAAAAATTTAGCCGCGTGTTGTGGCCCTTGCCTGTAGTTCCAGCTACTTCAGAGGCTGAGGCA","CACATGAGGCCAGGAGTTAAAGACCAGCCTGGCCAACATGGCAAAACCTTGTCTCTACTAAAAATACAAAAATTAGCCAGGCGTGGTGGTGCGCGCCTGTAGTCCCTGGTACTCGAGAGGCTGAGGCA"
"GL873526","7718807","7718903","chrX","65651969","65652059","26","57933162","CCAAGCACAGTTACTCACACCTATAATCCTAGCACTTTGGGACGCTGGCGTGGGTGGGGTGGGAATTACTTGAGGCCAGAAGTCTGAAACCAGTCTG","GGCCAGGCATGGTGGCTCACGCCTGTAATCCCAGCACTTTGGGAGGCAAAGGTGGGTGGATCACTTGAGGCCAGAAGTTCAAGACCAGCCT"
"GL873526","10155833","10155881","chr12","29212041","29212088","7","19056208","CAGCCTAGGGGACAGAGCGAGACTGTGTCTCTAAACAAATAAATAACAA","CAGCCTGGGTGACAGAGCAAGACTCTGTCTCAAAATAAATAAATAAAA"
"GL873526","15020215","15020264","chr15","85446711","85446758","7","70426496","CTAGCCTGGACAACAAAGTGAGATTCTGTCTCCCAAAAAAAAAAAAAAAA","AGCCTGGACAACACAGCGAGACTCTGTCTCAAAAAAAAAAAAAAAAAA"
"GL873526","15357933","15358018","chr6","90680007","90680098","23","75322074","GGGAGTGGTGGCTCATGCCTGTAATCCTAGAATTTAGGGAGGCCGAGGCGAGTTCATGTGACACTAGGAGTTTGAGACGAGCCTAG","GACTGGGTGTGGTGGCTCATGCCTATAATCCCAGCACTTTGGGAGGCCAAGTCAGGCAGATCACTTGAGACCAGGAGTTAGAGACCAGCCTG"
"GL873526","16247435","16247579","chr11","86995674","86995816","40","70748239","GCCAGGCGCGGTGGCTCACGTCTGTAATCCTACAACTCTGAAAGACTGAGATGGGTGGGACACTTGAGGTGAGGAGTTTGAGATGAGCCTAACCAAGAGCAAGACCTCACGTCTCCTAAGAATGATGGAAAAATTAGCAGGGTGT","GGCCAGGCACGGTGGCCCATGCTTGTAATACCAGCACTTTGGGAGGCTTAGATGGGTGGATCACATGAGGCCAGGAGTTTGAGACCAGCCTGGCCAACATGGCAAAACTGTCTCTACTAAAAATACAAAAATTAGCCAGGTGT"
"GL873526","19097139","19097192","chrX","20090332","20090383","8","993193","ACTCTAGCCTGGGCAAGAGAGAGAGACTCTCTCCAAAAAAAAAAAAAAAAAAAA","CCAGCCTGGGCGACAGAGTGAGACTCTGTCTCAAAAAAAAAAAAAAAAAAAA"
"GL873526","30119190","30119280","chrX","47966026","47966115","12","17846836","GGAGCTAGAGGTTGCAGTGAGCCAAGATCATGCCACTGCACTCCAGTCTGGGCAAGAGAGCTAGACCCTGTCTTACAAAAAGAAAAAAAGA","GGAGGTGGAGGTTGCAGTGAGCCAAGATCATGTCACTGCACTCCAGCCTGGGCAACAGAGTGAGACTCTGTCTCAAAAAAAAAAAAAAAA"
"GL873526","41431246","41431532","chr10","35219114","35219392","91","6212132","GCCAAGTGTGGTGGCTCACACCCGTATCCTAGAGGCCAAGGATACATATGTGAGCCACTCTGGGAGGCCAAGGCAGGTAGATCGCTTGAGGTAAGGAGTTTGAGACCAGGCTGAGCAAGAACAAAACCCATCTCTACTAAAAATAGAAAATTAGCTAGGTGTTGTGATGGGTGCCTCTAGTGTCAGCCACTTGGGAAGCTGACATAGGAAGAGGTACGATGATGACAGGGCACTCTCGCCCAGGGCAACAGGTTGAGCCTCTGTCTCAAAAAACAAACAAACAAAAA","GGCCAGGCGCGGTGGCTCACACCTATAATCCCAGCACTTTGGGAGGCCGAGCCAGGTGGATCACTTGAGGTTAGGAGTTCGAGACCAGCCTGGCCAACATGGCAAAACCCCATCTCTACTAAAAATACAAAAATTAGCTGGATGTGGTGGTACGCGCTTGTAGTTCCAGCTACTGGGGAAGCTGAAGCAGGATAATCGCTTGCAGTGAGCTGAGATCACGCCACTGCACTCCAGCCTGGGTGACAGAGTGAGGCTCTGTCTCAAAAAAAAAAAAAAAAA"
"GL873527","1958392","1958437","chr4","56884229","56884275","4","54925837","TCTAGTCTTGGCAACAGAGTGAGACTCTGTCTCAAAAAATAAAAAA","CTCCAGTCTGGGCAACAGAGTGAGACTCTGTCTCAAAAAAAAAAAAA"
"GL873527","11562518","11562565","chr1","206524481","206524529","10","194961963","GCACTCTAGCCCAGGTGACGGACCAAGACTCTGTCAAAAAAAAAAGAA","TGCACTCCAGCCTGGATGACAGAGCAAGACTCTGTCTCAAAAAAAAAAA"
"GL873527","13448651","13448691","chr2","124178971","124179011","7","110730320","CACTGCACTCTAGCTGGTGCAACAGAGCAGGACTCTGTCTC","CAATGCACTCCAGCCTGGGTGACAGAGCAAGACTCTGTCTC"
"GL873527","16570408","16570481","chr1","108973218","108973294","14","92402810","TGGAGTGAGCTAAGATAACACCACTGCACTCTTCCAGGGCAACAGAGTAAGACTCTGTGTCAAAAAAAAAAAAA","TGCAGTGAGCCAAGATGCACCACTGCACTCCAGCCTGGGCAACAGAACAAGACTCTGTCTCAAAATAAATAAATAAA"
"GL873527","27442672","27442729","chr1","206524481","206524529","11","179081809","TGCACTCCAGCTGTGGTGATGAGGTGACAGAGCAAGACTCTGTCTAAAAAAACAAAAA","TGCACTCCAGCCTGGATGACAGAGCAAGACTCTGTCTCAAAAAAAAAAA"
"GL873527","35350185","35350310","chr7","81379082","81379209","38","46028897","GGCAGGGTGCTATGGCCACACCTACACCTCTAGGACTTTGGAGGACTGGGCTGGGCAGTTCTCTCAATGTCAGGAGATCCTTATCAGTTTGGAAAAAAGAAAGACCCTACCTCCACTAAATATACA","GGCAGGGTGCAGTGGCTCACACCTGTAAACCCAGCACTTTGGGAGGCTGAGGCAGGCAGATCACTTGATGTCAGGAGTTTGAGAACAGCCTGGCCAACATGGCAAAACCCAGTCTCTACTAAAATACA"
"GL873527","38005884","38006005","chrX","151016715","151016835","28","113010831","GAGAATCACTTGAGCCCAGGGGGTTGAGATTGCAGTGAGCTTGGGTGACACCACTGCCCTCTAGCCAAGGCAACAAAGTGAGACTATATCATAAAGAAAGAAAAAAAGAAAGAAAGGAAAGA","GAGAATCGCTTAAACCCGGGAGGTAGAGGTTGCAGTGAGCTGAGATCACGCCACTGCACTCTAACATGGGCAACAGAGCGAGACTTTGTTAAAAAAAAAAAAAAAAGAAAGAAAAGAGAAA"
"GL873528","705625","705663","chr10","45872770","45872809","5","45167145","CACTCTAGCCTGGGCAACAGAGTGAGTCTCTGTCTCAAA","CACTCCAGCCTGGGCAATAGAGCAAGTCTCTGTCTCGAAA"
"GL873528","2061187","2061236","chrX","84915358","84915406","9","82854171","GCTACTGCACTCCAGCCAGGGCAAGAGAGGGAGACTCTCTCTCAAAAGAA","GCCACTGCACTTCAGCTTGGGCAACAGAGTGTGACTCTGTCTCAAAAAA"
"GL873528","3196286","3196355","chr2","26796801","26796870","17","23600515","GAGATGACACCACTGCACTCCAGCCTGGATGACAGAGTGAGGCAAGATCTTTAAAAAATAAATAAGCAAA","GAGATCGCACCACTGCACTCCAGCCTCGGTGACAGAGCGAGACTCTGACTCAGAAAAAAAAAAAAAAAAA"
"GL873528","3447698","3447827","chr5","62703823","62703954","37","59256125","CTGAGGTGAGATGATCACTTGAGTCCAGGAGGCCACAGAGAGCTATGATCACACCACTGCACCTTAGCCTGGCTAGCAAAGCCAGGCTCTTCTCAAAATAAAATAAAACTAAAAACTAAAAATTAAAAAA","GCTGAGGTGAGAATCGCTTGAAACCAGGAGGCGAAGGTTGTGGTGAGCCGAGATCACACCACTGCACTTCAGCCTGGGTGACAAAGCAAGACTCTTTCTCTAAAATAAATAAATAATAAATAAATAAATAAA"
"GL873528","3448331","3448363","chr1","150640135","150640168","7","147191804","GCTGGGCATGGTGGTCATGCCTGTAATCTCAAC","GCCAGGCATGGTGGCATATGCCTGTAATCCCAGC"
"GL873528","3898066","3898155","chr16","56895095","56895167","34","52997029","GAGGCCAAGCCAGGTGGATCACTTAAGCCAGGAGTTCGAGACCAGCCGGTCTCTACTAAAAATAGAAAAAGTAGCCAGACATTGTACCGC","GGCCAAGGCAGCTGGATCCAGGAGTCCAGGAGTTCGAGACCAACCTGGGTGACATGGCAAAATCCTGTCTCTA"
"GL873528","16260648","16260705","chr6","33836596","33836654","13","17575948","ATCATGCCACTGCCCTCTACCCAAGGTGACAGAGGAGGACTCTGGCTCAAAAGCAAAA","ATCACGCCACTGCACTCCAGCCTGGGCGACAGAGCAAGACTCTGTCTCAAAAAAAAAAA"
"GL873528","17386474","17386601","chr3","175542528","175542659","38","158156054","GGCAGGGTGCTATGGATACATGCATAAATCTAGGTCTTTGGGGGGCCAGGCTGGTGGATCACTTGAAGTCAGGAGCTCCTTACTAGGCTGGCAAAATCAAGATCCCACCTCTTCCAAATATAGAAGAA","GGCCGGGTGCAGTGGCTCACGCCTGTAATCCCAGCACTTTGGGAGGCCGAGGTGGGTGGATCACTTGAGGTCAGGAGTTTGAGACCAGCCTGGCCAACATGGCAAAACCCCGTCTCTACTAAAAAAAGAAAA"
"GL873528","32295568","32295657","chr18","49265998","49266081","36","16970430","ATTAAAAATAAAGATGTAGGCCAGGTATAGCGGCTCCTGCCTACCATCCTTGCCATTCAGGAGGCTGAAGTATGTGAGTTTCTCCCTGGG","CTAAAAAAAATAATTAGCCAGGTGTGGTGGTACTTGCTTGTAATCCCAGCTACTTGGGAGGCTGAGGCACGAGAATTGCGTAAA"
"GL873528","32784631","32784683","chr12","6176072","6176123","9","26608559","CTGCACTCTACCCTTGGCAATAAATCAAGACTCTATCTCAAACAAACAAAAAA","ACTGCACTCCAGCCTGGGCAACAAAGCGAGACTCTATCTCAAAAAAAAAAAA"
"GL873528","37266632","37266706","chr12","50757981","50758056","27","13491349","AAAAAAAAAAAAATTAGCCGGTATAGCAGCTCATGCCTGTAGTCCCAGCTACTCCAGAGGCTGAGGTGGGAGGAT","TATATATATATATCAGCTGGGTATGGTGGTGCACGCCTGTAATCCCAGCTACTCAGGAGGCTAAGTCACAAGAATC"
"GL873528","37266755","37266881","chr4","39968119","39968241","33","2701364","GTGGCTCATGCCTGTAATCCAGCTATTTGGGAAGCTGAGGCAGGAAGACTACTTGAGTTCAGGAGTTTGAGACCAGCCTGAACAGTATAACAAGGTCTCATCTAGAAAAATACTAAAAAAAAAAAAA","TGGCTTATGCCTGTATTTCCAGCACTTTGGGAGGCTGAAACGGGCAGATCACTTGAGCTCAGGAGTTTGAGACCAGCTTGGGCAATATGGCAAAACCTCATTTACAATAAAAATTAAAAAAAT"
"GL873528","38327866","38327911","chr6","37859811","37859860","8","468055","ACTCCAGCCTGGGCAACAGAGACAGACTGTGTCTCAGGAAAAAAAA","CACTCCAGCCTGGGCAACAGAGCTAGACTCTATCTCAGGAAAAAAAAAAA"
"GL873529","13493510","13493626","chr19","21915061","21915183","45","8421551","GGCCACTTCTATAATTCAATGATTTTAAGGAGCTGGACTGGGTGGGTTTCTCAAAATCTGGAGCTTGTTACCAGCCTGAGCATAGCCAAACTCTTCCTCATGACCAAAAATACAGAA","GTGATGGCTCATGCCTGTAATTCCAATGCTTTGGGAGGCTGAGGCAGGTGGATTTTTTGTAATCAGAAGTTTGAGATCAGCCTGGAAAACATGGCAAAACTCAATCTCTACTAAAATACAAAA"
"GL873529","22015692","22015738","chr17","39550947","39550995","7","17535255","CAGCCTGGGCAACAGAGCCTCTATCTCAAAAAAAAAAGAAAAAAAAA","AGCCTGGGCAACAGAGCAAGACTCTGTCTCAAAAAAAAAAAAAAAAAAA"
"GL873529","24767593","24767619","chr7","100506107","100506135","13","75738514","GGTTACAGTGGCCACATATACCACATA","TTAGCCAGGTGCGGTGGCACATACCTATA"
"GL873529","25597573","25597822","chr8","30136731","30136986","68","4539158","GCCAGGTGTGGTGGCTCACGCCTGTAATTCCGGCACTCTGAGAGGCTGAGGGGGTGGACTCCTTGAGGAGAACAAACAGTCTGAGCAAGACCAAGACCCTGTCTCTACTAAAAATAGAAAAGCTAGCTGGGCGTTGTGGTGGGCACCTGTAATCCCAGCTACTCAAGGGCTGAGTTTGAGGTTGCTATGCCCTTCGGCACTCTACTGAGGTTGACAAAGGGAGACTTTATCTCAAAAAAAAAAAAAAAAA","GCCAGGCACAGTGGCTCACTCCTGTAATCCCAACACTTTGGGAGGCTGAGGCAGGCAGATCACTTGAGGCCAGGAGTTCAAGACCAGCCTGGCCAACATGGCAAAACCCCGTCTCTGCTAAAAATACAAAAATTAGCTGGGCATAGTGGCGGACGCCTGGAATCCCAGCTACTCGGGAGGCTGAGACAGGAGATCGCATCACTGCACTCCAGCCTGGGTGACAGAGGGAGACACTGTCTCAAAAAAAAAAAAAAAA"
"GL873529","32585183","32585451","chr5","16447876","16448143","76","16137307","CACTCTGAAGGTTGAAGCAGGAGGGTGATTTGATACCTGAAGTTTGAAACCAGCCTGGACAACATAGCAAGACCCCCCGTATCTAATGAAAATGCAAAACTAGCTAGGCAGGGTGATGTGCACCTGTCATCCCAGTGACTTGGGAGGCTGAGGTGGAAGGACCACTTGAACCCAGGAAGCGAAGGAGTCTGTGAGGTTAGACCATGAAACTTACACTCTAGCCTGTGTGACAGAACAAGACTCTGTCTCTTAAAAAAAAAAAAGACAAA","CACTTTGGGAGGCTGAGGTGGGCAGATCACTTGAGATCAGGAGTTCAAGACCAGCCTGGCCAACATGGCAAAACCCTGTCTCTACTAAAAATACAAAAATTAGCCAGGCGTGGTGGTGCATGCCTGTAGTCCCAGCTACTTGGGAGGCTGGGGCAGAAGAATTGCTTGAACCCAGGAGGTAGAGGTTGCTGTGAGCCGAGATTGCACCACTGCACTCCAGCCTCGGTGACAGAGCGAGACTCTGTCTCAAAAAAAAAAAAAGAAAAAA"
"GL873529","34103557","34103770","chr7","32827639","32827853","59","1275918","GGGCAGGCATGGTGGCTCACACCTGTAGTCCCAGCACGCTGTGGGGGCAAGGCAGAAGGATCGCTTGAGGCCAGGAGTTCAAGACTAGCCTGGGAAATATAACAAAGTCCTCTCCTCAAAAAATAAATAAAAACTAGCTGGGCATGGTGATTGCACCACAGCACTCTAGCCTGAGCACCAGAGTAAGACCTTGTCTCAAAAAAAAAAAAAAAGA","GGCCAGGCATGGTGGCTCACGCCTGTAGTCCCAGCACTTCGGGAGGCCAAGGCAGGAGTAGCACTTGAGGCCAGGAGTTTGAGACCAGCCTGGGACAACATGGCAAAACCCCATCTCCACTAAAAATACAAAAATTAGGCGGAGGCTGCAGTGAGCTTAGATTATGCCACTGCACTCCAGCCTGGGCAACAGAGAGCCTATTTAAAAAAAAAAAA"
"GL873529","37739402","37739457","chr15","46575458","46575514","11","8836056","GAGCCCCAACTACACCACTGCACTGCAGCCTGGGTGACAGAGTGATACTCTGTCTC","GAGCTGACATCACGCCACTGCACTCCAGCCTGGGTGACAGAGCGAGACTTTGTCTCA"
"GL873529","38499591","38499650","chr1","241547543","241547599","9","203047952","CACAACACTCTAGCCTGGGCAGCAACAGAGTGAGATTCTGTCTCAAAAAAAAAAAAAAAA","CACTGCACTCCAGCCTGGGTGACAGAGCGAGACTCTGTCTCAAAAAAAAAAAAAAAA"
"GL873530","16370723","16370770","chrX","56262676","56262723","10","39891953","CACTGTACTCTACCCCGGGCAACAGAGTGAGACTCTGTTTCCAAAAAA","CACTGCCCTCCAGCCTGGGCAACAGAATGAGACTCTGTCACACAAAAA"
"GL873530","19259858","19259914","chr14","40041146","40041201","9","20781288","ACAGCACTCTAGCCTGGGCAATAGAGTTGAGATTCTGTCTCAAAAAAAAAATTAAAA","CTGCACACTAGCCTGGGCAACAGAGTTAGACTCTGTCTCAAAAAAAAAAAAAAAAA"
"GL873530","19559197","19559258","chrX","121173921","121173982","6","101614724","CTGCACTCTAGCCTGGGCAGCAGAGCCAGATTCTGTCTCAAAAAAAAAAAAAAAAAAAAAAA","CTGCACTCCAGCCTGGGCAACAGAGCAAGATTCTGTCTCAAAAAAACAAAAAAGAAAGAAAA"
"GL873530","19988007","19988136","chr12","27744312","27744444","23","7756305","GGCTGGGTGAGGCTGCTCACGCCTATAATCCTAGCACTCTGGGAGGCAGAGGCAGGTGGATCACTTGAGCTCAGGAGTTGGAGACCAGCCCAAACAAAGCAAGACCTCATCTCTACTAAAAGCAGAAAAA","GGCTGGGCGCGGTGGCTCACACCTGTAATCCCAGCAGTTTGGGAGGCCGAGGCAGGCGGATCACTTGAGGCCTGGAGTTGGAGACCAGCCTGGCCAACACAGCAAAACCTCATCTCTACTAAAAATACAAAAA"
"GL873530","23331937","23332029","chr21","43927006","43927097","30","20595069","GGTGGCTCATACCTGTAATCTCAACATGTTGGGAGGCTGAGGATTAGCTGAGGCCAACAGTTTGAGACTAGTCTCATAACAACACTCCATCTC","GGTGGCTCATGCCTGTAATCCCAGCACTCTGGGAGGCTGAGGCAGGCAGATCAGGAGTTTGAGACTAGCCTAGGCAACATGGCAAAACCCTG"
"GL873530","29275107","29275158","chr17","59029749","59029798","11","29754642","TGCTTTCTAGCCTGGGGAAACAGAATGAGATTCTGTCTCCAAAATAAAAAAA","GCACTCCAGCCTGGGCAACAGAGTGAGACTCTGTCTCAAAAACAAACAAA"
"GL873530","30324569","30324633","chr5","119067630","119067697","13","88743061","GAGATGATGTCACTGCCCTCTGGCCTGGGATACAGAGCAAGACTCTGTCTCAAAAAAAAAAAAAA","GAGATCGCGCCACTGCTCTCCAGCCTGGGTGACAGAGCAAGACTCTGTCCCAAAAAAAAAAAAAAAAA"
"GL873531","2437695","2437745","chr4","56884229","56884275","6","54446534","ACTCTAGCCTTGGGCAACAGAGTGAGACTCTGTCTCAAAAAACAAAAACAA","CTCCAGTCTGGGCAACAGAGTGAGACTCTGTCTCAAAAAAAAAAAAA"
"GL873531","13220824","13220870","chr6","58013322","58013366","6","44792498","ATTCTAACCTGGGTGACAAAGTGAGACTCTATCTCAAAGAAAACAAA","ACTCCAGCCTGGGTGACAAAGTGAGACTCTGTCTCAAAAAAAAAA"
"GL873531","16762398","16762448","chr19","7373850","7373897","5","9388548","CCTGGGCAACAGAGTGAGATTCTGTCTCAAAAAAAAAAAAACTTCAAAAAA","GCCTGGGCAACAGAGTGAGATTCTGTCTCAAAAAAAAAAAAAAAAAAA"
"GL873531","18166590","18166637","chr12","64562025","64562076","11","46395435","ACTGCTCTCTACTTGGGGCAACAGAGCAAGAGTCTGTCTCAAAAAAAA","CACTGCATTCCAGCCTGGGCAACAGAGCAAGACTCTGTCTCAAAACAAACAA"
"GL873531","26733217","26733309","chrX","65651969","65652059","18","38918752","GGCTAGGCACAGTAGCTCTTGCCTATAATCCCAGCACTTTGGGAGACAAAGCAAGCAGGATCACTTGAGGCCAGCAGCTCCAGACCAGCCTAG","GGCCAGGCATGGTGGCTCACGCCTGTAATCCCAGCACTTTGGGAGGCAAAGGTGGGTGGATCACTTGAGGCCAGAAGTTCAAGACCAGCCT"
"GL873531","26951352","26951410","chr1","29037587","29037647","11","2086235","CACACCACGAAATACTAGCCTGAGCAACAGGGTGAGACTCTGTCTCAAAAAAAAAAAAA","TTGCGCCACTGCACTACAGCCTGGGCAACAGAGTGAGACTCTGTCTCAAAAAAAAAAAAAA"
"GL873532","1216768","1217043","chr12","118679184","118679460","63","117462416","GCCAGGCACCGTGGCTCATGCCTGTAATCCTAGCACTCTGGGAGGCCGAGGTGAGAGGATCACTTGAGGAAAGGAGCGTGAGACCAGCCTGAGCAAGAGCAAGGCTTCATCTCTACTAAACCCAAAAAATAATTAGCTGGGCATTGTGGCAGGTGCCTGTAGTCCCACCTGCTTGAGACTCTGAGGTACGAGAATTGTTTGAATCCAGAAATTTGATGTTGCTGTGAGCTGCTAGGCTGAGCCACAGCACTCTAGCTTGGGCAACAGAGCCAGGCT","GGCTAGGCGCAGTGGCTCATGCCTGTAATCCCAGCACTTTGGGAGGCCAAAGTGGGTGGATCACTTGAGGCCAGGAGTCCAAGACCAGACTGGCCAACATGGTAAACCCTCATCTCTACTAAAAATACAAAAAATTAGCTGGGCATGGTGGCAGGTGCCTGTAATCCCAGCTACTTGGGAGGCTGAGGCATGAGAATTGCTTGAACCCAGGAGGCAGAGGTTGCCGTGAGCCGAGATCATGCCACTGCACTCCAGCCTGGGCAACAGAGTGAGACTC"
"GL873532","2357235","2357285","chr8","110374","110426","9","2246861","GCAGTATAGCCTTGGCCACAGAATGAGACTCTGTCTCAAAAAAAAGAAAAA","CTGTACTCCAGCCTAGGCGACAGAGTGAGACTCTGTCTCAAAAAAAAAAAAAA"
"GL873532","3519767","3519895","chr12","68215865","68215983","34","64696098","GGGAATGGTAGCTCATGCATGTAATCCCAGCTTCTCTGGGAGGAGAAGCTGATATTCCTGAGGCAGGAATATCACTTGAGGCCAGAGTTTGAGGCCAGCCTGGCTAATATAGCAAAACCCTCATCTCTA","GGCTGAGCATGGTGGCTCATGCCTGTAATCCCAGCACTTTGGGAGGCTGAGGTGGGCAGATCACTTGAGGCCAGAAGTTTGAGACCAGCCTGGCCAACATAGTGAAACCCTGTCTCTAC"
"GL873532","10377900","10377946","chr1","100045711","100045757","8","89667811","GCCTGGGCGATAGAGTGAGACTCTATTCCTCAAAATAAAAAAATAAA","GCCTGGGCGACAGAGCGAGACTCTGTCTCAAAAAATAAAAAATAAAA"
"GL873532","22356131","22356412","chr3","32217614","32217905","73","9861483","GCTGGGCGCGGTGGCTCATGCCTGTAAGCACAACACTCTGGGAGGCTGAGGAGTGTGGATCACTTGAGCTCAGGAGTTCAAGACCAGCCCGAGCAAGAGGAAGATCTCGTCTCTAAAAATAGACAGGTGTTGCGGCACATGCCTATAGTTTCAACTACTTGGGAGGCTGAAGAAAGAGAATCACTTGAACCCAACAGACTGAGGTTGCTCTGAAATTGACACCATGACACTCTATTGAGGATGACAAAGTGGGACTCTGTCTAAATTAAAAAAAAAAAGAAA","GCCGGGCGCGGTGGCTCATGCCTGTAATCCCAGCACTTTGGGAGGCAGAGGAGGGTGAATCACTTGGGGCCAGGAGTTCAAGACCAGCCAGGGCAACATGGCAAAACCCCGTTTCTTCTAAAAACATATTTAGCTGGGTGTGGTGGCGTGTGCCTGTAATCCCAGCTACTTGGGTGGCTGAGGCATGAGAATCAGTTGAACCCTGGAGGCGGAGGTTGGTGAGCTGAGATTGCACCACTGCACTCCATCCTGGGTGACAGAGCAAGACTGTCAAAAAAAAAAAAAAAAAAAA"
"GL873532","25402950","25403003","chr6","155074828","155074873","10","129671878","CTCTAGCCTGGGTGACTGAGTCTCTGTCTCAAAAATAACAAACAAACAAAAAAA","TTCAGCCTGGGTGGAGACTCTGTCTCAAAAAAAAAAAAAAAAAAAA"
"GL873532","28427803","28427843","chr1","6480542","6480576","18","21947261","CATTTTGGGAGGCCAAGGTGGATGGGTCACTTGAGGCCAGG","TTAGCCAGGCATGGTGATGTGAGCTTGCGGTCCTA"
"GL873532","28696919","28696959","chr2","199443022","199443061","4","170746103","GCAACAGAGTGAGATTCTGACTCAAAAAAAAAAAAAAAAAA","CGACAGAGTGAGACTCTGTCTCAAAAAAAAAAAAAAAAAA"
"GL873533","8831264","8831276","chr5","43607607","43607618","7","34776343","CTGCCCAGCAGCC","TTAGCCGGGCGT"
"GL873533","16219939","16220194","chr8","30136731","30136986","65","13916792","GAGTACAGGGGGTCACACTCATAATCCCAGCACTTGGAGAGGCACAGGCAGGAGGATCACCTGAGGCCAGGAGTTCGAGACCAGCTTGAGCAAGAGCACAACCCTGTCTCTACTAAAAACAGAAAAATTAGCCAGGCATGGTGGTGTGCCTGCAAGTACCTCCCAGCTACTCAGGAGGCTGAGGGAGAGCGACTTGTCTGAACACTCCAGCCTAGACAACGGAGGAGACTCTATCTCTAAAACAAAAACAAACAAA","GCCAGGCACAGTGGCTCACTCCTGTAATCCCAACACTTTGGGAGGCTGAGGCAGGCAGATCACTTGAGGCCAGGAGTTCAAGACCAGCCTGGCCAACATGGCAAAACCCCGTCTCTGCTAAAAATACAAAAATTAGCTGGGCATAGTGGCGGACGCCTGGAATCCCAGCTACTCGGGAGGCTGAGACAGGAGATCGCATCACTGCACTCCAGCCTGGGTGACAGAGGGAGACACTGTCTCAAAAAAAAAAAAAAAA"
"GL873533","21755135","21755174","chr1","22433764","22433799","6","678629","TCTAGCCTGGAGCAACAGAGTGAGACTCTGTCTCAGAAAA","CAGCCTGGGTGACAGAGTGAGACTCTGTCTCAAAAA"
"GL873533","24051152","24051187","chr17","59748891","59748927","1","35697739","GACAGAGTGAGACTCTGTCTCAAAAAAAAAAAAAAA","GACAGAGTGAGACTCTGTCTCAAAAAAAAAAAATAAA"
"GL873533","28594749","28595049","chr6","112136412","112136708","82","83541663","CTGGGTGTGATGGTTCACACCTGTAATCCTGGCACTCTAGGAGGCCATGGCAGGTGGGTCACCTGAGCTTAGGAGATTAAGACCAGCCTGAGCAAGAGCAAGACCACCCTACAGACCCTCCATGATATCTACTAAAAATAGAAAAACTAGCTGAGTGTCTTAGCTATAGTCCCAGCTACTCGGGAGGTTAAGGCAAGAGAATCTCTTGAACACAGGAAATTGAGGTTGCTATGAGCCTGGACACTAAGGCACTTTACCCAGGGCTACTGAGTAAGACTGTGTCTCAAAAAAAAACAAAAAA","CTGGGAGTGGTGGCTCACACCTGTAATCCCAGCACTCTGGGAGGCCGAGGCAGGTGGATCACTTGAGGCCAGGAGTTTGAGACCAGCCTGGCCAACATGGCAAAACCTTATCTCTACTAAAAATACAAAAACTAGCCAGGCGTGGTGGTAGGCACCTGTAATCCCAGCTACTCAGGGGGCTGAGGCAAGAGAATCGCTTGAACCCGGGAGGTGGAAGTTACAGTGAGCCGAGATCGTGACACTGCACTCCAGCCTGGGCTACAGAACGAGACTCTGTCTCAAAAAAAAAAAAAAAAA"
"GL873533","31045243","31045368","chr1","185374982","185375099","29","154329739","GGCAGGGTGTGGTGGCTCACACCTGTAATCCCAGCACTTTAGGAGGCTAAGGTGGCATCATTTGAGGCCTGGAGTTTGAGACCATCCTGGGCAACATCTGGGCAACGTAGCAAAACTCTGTCTTTA","GGCCGGGTACAGTGGCTCACACCTGTCATCCCAGCACTTTAGGAGGCCAAGGTGGGCAGATCACTTGAGCCCAAGAGTTTGAGACCAGCCTGGGCAACATGGCAAAACCCCACCTCTA"
"GL873533","31046665","31046733","chr1","222766268","222766337","14","191719603","TTGCAGTGATTTAGATGACACCACTGCACTCTAGTCCAGGCAAGGGAGCAAGACTGTGTCTCAAAACAA","TTACTGTCAGTTGAGATCACACCACTGCACTCCAGCCTGGGCAACAGAGCAAGACTCTGTCTCAAAAAAA"
"GL873534","437782","438040","chr8","30136731","30136986","65","29698949","GGCCAGGCACAGTGGCTCCCGCCTATAATCCTAGCACTCTGGGAGGCCGAGGCAGGCAGATCACTTGAGCTCAGGAGTTCAAGACCAGCAAGAACTCTGACCAAAAGCAAGACCCTGTTTCTACTAATAACAGAAGTAAATAGCCGGGTATTGTGGCAGGCGCCCAAAGTCCCAGCTAGTTAGGAGGCTGAGGCCATGGCACTACCGGCACTACCCAGGGCAACAGAGTAAGACTCTGTCTCACAGAAAAAAAAAAAAA","GCCAGGCACAGTGGCTCACTCCTGTAATCCCAACACTTTGGGAGGCTGAGGCAGGCAGATCACTTGAGGCCAGGAGTTCAAGACCAGCCTGGCCAACATGGCAAAACCCCGTCTCTGCTAAAAATACAAAAATTAGCTGGGCATAGTGGCGGACGCCTGGAATCCCAGCTACTCGGGAGGCTGAGACAGGAGATCGCATCACTGCACTCCAGCCTGGGTGACAGAGGGAGACACTGTCTCAAAAAAAAAAAAAAAA"
"GL873534","827790","827866","chr1","157568265","157568341","16","156740475","TGAGCCCAGGATTTTGGGCCATTTCACTCCAACCTGGGTAACACAGCAAGACTCTGTCTTAAAAAAAAAAAAAAAAA","AGTGAGCCGAGATCACGCCACTGCACTCCAGCCTGGGTGACAGAGCAAGACTCTGTCTCAAAAAAAAAAAAAAAAAA"
"GL873534","3838775","3838863","chr8","97767533","97767617","32","93928758","CCAGAACTTTGGTGTGTGAGCTGTGCAGGTCATTTAACGTCAGGGGCTCCTTACCAGCCTGGCCAAAACAAAGACCCCATCTCCACCAA","GCACTTTGGGAGGCTGAGGTGGGAGGATCACTTGAGGCCAGGAGTTCAAGACCAGCCTCGCCAACAGAGCAAAACCCCGTCTCTA"
"GL873534","6292560","6292735","chr7","37199315","37199472","66","30906755","CCATTTCTACCAAAACCAGAAAAAATTAGCTGGGCATGGTGCGCCCCAGCAGTCCCAGCTTCTCCCCTGAGCCCGGAAGTTTGAAGTTGCAGTGTGCCATGATCATGTCATTGTACTCCAACCTGGATAAGAGGGAGCACTCCAGAGGGAGACCCTGTCCCTAAAAATAAAATAAA","CTAAAAATATGAAAACGGGCTGAACATGGTGGCCCACATCTGTAATCCCAGCATTTTGGGAGGCTGAGGTGGGAGGTGGAGGTTGCAGTGAGCCATGATGATGCCACTGCACTCCAGCCTGGGCAAAAGAACAAGACCCTGTCTCAAAACAAAACAAA"
"GL873534","6293194","6293310","chr1","244393463","244393579","26","238100269","GGCCAGGTTCAGTGGCTTATGCCTATAATCCTAGCACTCTGGGAGGCCGAGGCAGGTGGATTGCTTGAGCTCAGGATTGGATCAGTCTGAGCAAGAGCAAGACTCCATCTCTAAAAA","GGCCAAGTGTGGTGGCTCATGCCTGTAATCCTAGCACTTTGGGAGGCTGAGGCAGGCGGATTGCTTGAGCTCAGGAGTTCAAGACCAGCCTGGGCAACATGGCAAAACCCCATCTCT"
"GL873534","11893125","11893188","chr10","68628016","68628074","17","56734891","AATAAGCCAGAAATAGACCACTGCACTCTAGCCTAGGCCAGCAACAGAGTGAGACTCTCTCTTA","AGTGAGCCGAGATCACGCCACTGCACTCCAGCCTGAGCAACAGAGTAAGACTCTGTCCC"
"GL873534","14047497","14047672","chr2","219243825","219244002","49","205196328","GGCTGGGCCCAGTGGCTCACAAGTGTATTCCTAGAAATTGGGGAGGCTGAGGTGGGAGGAGCCCTTGAGATCAGGAGGTCATGACCGGCCTCAACAAGAGCAAAAGTCTCTGCTAAAAGTAGAAAAATTAGACAGTCCTCATGGCGGGCATCTGTAGTTCCAGCTACTCCAGAGAC","GGCTGGGCACGATGGCTCACGCCTGTAATCCCAACACTTTGGGAGGCCGAGGCGGGTGGATCACTTGAGGTCAGGAGTTCAAGACCAGCTTGGCCAACAGGGCAAAACCCTGTCTCTACTAAAAATACAAAAATTAGCCGGGCCTGGTGGCACGCGCCTGTATTCCAAGCTACTCCGA"
"GL873534","19575942","19575991","chrX","123394363","123394412","8","103818421","CACTCTAGCCTAGGGTAACAGAATGAGACTCTGTCTCAAGAAAAAAAGAA","CACTCCAGCCTGGGTAACAGAGCGAGATTCTATCTCAAAAAAAAAAGAAA"
"GL873534","30153904","30153970","chr1","199409125","199409184","9","169255221","GCCACTGCACTCTAGCCTGGGTAACAGAGTGAGACTCTGTCTCAATAAAAACAAAAAAGCAAAGAAA","CCACTGCACTCCAGCCTGGGTGACAGAGTGAGACTCTGTCTCAAAAAAAAAAAAAAAAAA"
"GL873535","2145894","2145932","chr4","89786600","89786638","2","87640706","ACAGAGTGAGACTCTGTCTCAAAAAAAAAAAAAAAAAAA","GACAGAGTGAGACTCTGTCTCAAAAAAAAAAAAAAAAAA"
"GL873535","4139108","4139232","chr16","30725794","30725924","34","26586686","GGCCAGTCATGTTATCTCATGCATATAATCCCAGCACATGGAAGGCCAAGATGGGAGGAGAACTTGCGGCCACAACTTTAAAACCAGCTTGAATGCCTGGAGACCCCATCTATAATAAAACAAAA","GGCCAGGCATGGTGGCTCACACCTATAATCCCAGCATTTTGGGAGGCCGAGATGGGAGGATCACTTGAGGCCAGGAATTCGAGACCAGCCTGGTCAAGAGTGGGAGACCCCCATCTGTATTTAAAAAAAAA"
"GL873535","8968548","8968649","chr17","1856699","1856809","38","7111849","ATTCCAGAACTTTAGGGGGCTGGGCTGGGTAGGTCCTTCAAAGTCAGGAGTTCCTTACCATCTTGGTCAAAAGCAAGATCCCACTTTCACCAAATACAGAAA","CTATAATTCCAGCACTTTGGGAGGCTGAGGCAGGCAGATCACTTGAGGGCAGGAGTTCGAGACCAGCCTGGCCAACATGGCAAAATCCTGTCTCTACTAAAAATATAAAAA"
"GL873535","17055357","17055521","chr14","58692619","58692790","39","41637262","GGCCTGGCACAGTGTCTCATGTCTATAATCCTAGCACTCTGGGAGGCTGAGGTGGGCAGATTGCTTGAGGTCAGGAGTTTAAGACCAATCTATATAACAGCAAGACCCTATCTCTACTACAATGGGAAAATTTGCTAGCCTGGTAATGTGTGCCTATAATCCTAG","GGCCAGGCACAGTGGCTCACGTCTATAATCCCAGCACTTTGGGAGGCCGAGGCAGGCAGATCACTTGAGGTCAGGAGTTCAAGACCAGCCTGGCCAACATGGCAAAACCCTGTCTCTACTAAAAATACAAAAATTAGCCGGGCGTGGTAGTGCACGCCTATAATCCCAGCTA"
"GL873535","18245982","18246017","chr16","28551535","28551571","4","10305553","AGCCTGAGCAACAGAGTGAGAATCTGTCTCAAAAAA","AGCCTGAGTGACAGAGTGAGACTCTGTCTCAAAAAAA"
"GL873535","21465317","21465360","chrX","15351065","15351106","20","6114252","CCCAGGAAAGGGAACACTAAGCGAAATTGTCACCACTAGATCTT","CCAGCCGGGCCAACATGGCGAAATCCCATCTCTACTACTACT"
"GL873536","2026065","2026115","chr2","131554483","131554532","11","129528418","GCCATGGCCCTCTAGCCTGGGTAACAGAATGAGATTCTATCTCCAAATAAA","GCCGCTGTGCTCCAGCCTGGGTAAGAGAATGAGACTCTGTCTCAAAAAAA"
"GL873536","5343329","5343502","chr9","125045202","125045365","55","119701873","GCCAGGCACATAGTGACTCATGCCTATAATCCTAGGAATTTGAGAGGCTGAGGTGAGATCACTTGAGACCACAAATTCAAGATCAATAAGAGGGAAGCCCCTATCTCTACTAAAACCAGAGAAAATTAGCCAGGGATAGTGGTGCATGCCTACTGTCCCAGCTACTTGGAAAGC","GGCCAGATGCAGTGGCTCATGCCTATAATCCCAGCACTTTGGGAGGCTGAGGTAGGCAGATCACTTGAGGCCAGGAGTTTGAGATCATCCTGGCCAACATGGCGAAACCCCATCTCTACTAAAAACACAAAAATTAGCCAGGCATGGTGGTGCATGTCTAAAAA"
"GL873536","9340138","9340191","chr7","102838459","102838510","7","93498321","GCCACATACACTCCACCCAGGGTGACAGAGTGAGACTCTGTCTCAGAAAAAAAA","CCACTGCACTCCAGCCTGGGTGACAGAGTGACACTCTGTCTCAAAAAAAAAA"
"GL873536","10642950","10643031","chr2","55521202","55521283","16","44878252","TGCAGTGAGCAAGGCTGACACCAGGGCACTCTAGCCTGGGCAACACAGCAAGGCTCTGTCTCCAAAAAACAAAACAAAACAA","TGCAGTGAGCCAAGATCACGCCACTGCACTCCAGCCTGGGCAACAGAGCGACACTCTGTCTCCCAAAAAAAAAAAAAAAAAA"
"GL873536","11093479","11093528","chr9","128774824","128774871","8","117681345","CAGCCTGGGTGACAGAGTAAGATTTTGTCTCAAAAAAATAAGTAAACAAA","CAGACTGGGTGACAGAGCAAGACTCTGTCTCAAAAAAAAAAAAAGAAA"
"GL873536","14717663","14717710","chr1","237279429","237279479","10","222561766","TCATGCCCAGCACTCTAGCCTGGGCAACAGAGGGAGACTCTGTCTCAA","GATTGCACCACTGTACTCCAGCCTAGGCAACAGAGTGAGACTCTGTCTCAA"
"GL873537","6240787","6240853","chr16","50137082","50137140","16","43896295","GCACTCTAGCCTGGGCAACAGAGTGGGACTCTGCCGATCCCAGCCCGCAAAAAAAGAAGAAGAAAAA","GCACTCCAGCCTGGGCAACAGAGTGAGACTCTGTCTCAAAAGCAAAAACAAAAACAAAA"
"GL873537","12723986","12724048","chr2","72094329","72094385","14","59370343","GCACTCTAGCCTGGGTGACAGAAGGAGACTCTAAGACCATCTCTTAAGAAAAAAACAAGAAAA","GCACTCCAGCCTGGGCCACAGAATGAGACTCTGTCTCCAAAGGAAAAAAACAAAAAA"
"GL873537","14396756","14397045","chr12","122604169","122604446","71","108207413","GGCCGGGCACAATGGCTCACACCTGAAATCCTAGCACTCTGGGAGACCAAGGTGAGTAGATCACTTCAGGTCAGGAGTTTGAGACCAGCCTGAGCAAACGGAGACCCGGTCTCTACTAAAAATAGAAAAAATACTTGGGTGTTGTGGCAGGTGCCTGTAGTCCCAGCTACGTGGAAGGCTGAGGCACGAGTTTCTCCTGAGCCTACGACAATGAGGTTGCTGTGAGCTGTGATGCCAGAGGACAACAAAGTGAGACTGTGCTTAAAAAAAAAAAAAAATCAAGAAAAAAA","GGCTGGGCACAGTGGCTCATATTTGTAATCCCAGCACTTTGGGAGGCCAAGGCAAGTGGATCACCTGAGGTCAGGAGTTTGAGACCACCCTGGCCAACACGGAAGAACCCTGTCTCTACTGAAAATACAAAAATTAGCTGGGCATGGTGGCACATGCCTGTAGTCCCAGCTACTCGAGAGGCTGAGGCAGAGGTTGCAGTGAGCCAAGATCACGCCACTGCACTCCAAACTGGGCGACAGAGCAAGACTCTGTTAAAAAAAAAAAAAAAAAAAAAAAA"
"GL873537","15050702","15050753","chr2","69874364","69874419","11","54823662","GTACTCTACCCTGGGACAACAGAGCGACTCTGTCTCAAAACAAATAAAAAAA","TGCACTCCAGCCTGGGCGACAGAGCAAGACTCTGTCTCAAAACAAACAAACAAAAA"
"GL873537","17231292","17231544","chr7","90696331","90696570","73","73465039","GCTGAGGCGGGTGGATTGCTTGAGCTCAGGAGTTTGAGACCAGCCTGAGCAAGAGCAAAACCTTGGCTCTAAAAACAGCCAGGCACTGCGGGGGCCACCTGTAGTCTCAGCTACTTGGGAGGCTGAGTCACGAGAAACCTGTGAACCCAACAGTTTGGGGTTGCTGTGAGCTGAGACAACATGGGCATGGGACTCTACTCAGGGCAACAGAGTGAGACTCTGTCTCAAAAAAAAATAAAGAAAAGAAAAAAAA","GGCTGAGGTGGGCGGATCACTTGAGGCCAGGAGTTTGACAGAAGCCTGGCCAAAATACAAAAATTAACCAGGCATGGTGGTGCATGCCTGTAATCCCAGCTACTCGGGAGGCTGAGGCACAAGAATCACTTGAACCCGGGAGGCGGAGGTTGCAGTGAGCTGAGGTTGTGCCATTGCAATCCAGCCTGGGCAACAGAGCCAGTCTCTGTCTCAAAAAAAAAAAAAAAAAAAAAAGAAGAA"
"GL873537","19461799","19461850","chrX","119090179","119090229","9","99628380","CACTCTAGCCTGGGGCAACGGAATAAGATTCTGTCTCAAAAACAACAACAAA","CACTCCAGCCTGGGCGACAGAACGAGATTCTGTCTCAAAAAAAAAAAAAAA"
"GL873537","19928758","19928809","chr19","10599481","10599533","10","9329277","GCCATGGTACTCTAGCCTGGGCAACAGAGTAAGACTCTGCCTAAAAAAAGAA","GCCACTGTACTCCAGCTTGGGCAACAGAGCAAGATTCTGTCTCAGAAAAAAAA"
"GL873537","21268585","21268679","chr14","100310252","100310337","36","79041667","GAGACTAGCCTGAGCAAGAGCAAGACACTATCTCTACTAAAAATAAGAAAGCTGGCTGGGCACAGTAGCTCACGCTTGTAAGCCTAGCACTCTGG","CCAACATGGCAAAACCCCATCTCTACTAAAAATACAGAAAATTGGCCAGGCATGGTGTCGGGTGCCTGTAATCCCAGGCTACTAGG"
"GL873538","1392555","1392600","chr16_KI270728v1_random","1351127","1351171","9","41428","CTGCTTTCTAGCCTGGGCAACAGATTGACACTCTGTTTCAAAAAAA","CTGCACTCCAGCCTCGGCAAAAGAATGAGACTCTGTCTCAAAAAA"
"GL873538","5841925","5842074","chr12","24774478","24774626","38","18932553","GGCAGGAAGTAGTAGCTCATGCCTGTAATCCTAGCACTCAGGGAGGCCAAAACGGGAGATTCACTTGAGGTCAGGTGTTCAAGACCAGCCAGACTAACAGCATGACTCCCATCTCTATTAAAAAAAATAGAAAAATAGGGGGGTGGGGTG","GACCAGGCACTGTGGCTCATGTCTATAATCCTAGCACTTTGGGAGGCCAAGGCTGGCAGATCACTTGAGGCTAGGAGTTTGAGACCAGCCTGGCCAACATGACAAAACCCCATCTCTACTAAAAATACAAAAATTAGCAGGGTGTGCTG"
"GL873538","6365464","6365518","chrY","16571113","16571163","9","10205649","ACTCTAGCCTAGGCAACAGAATGAGACTCTTTCTTAAAGAAACAAACAAACAAAA","TCCAGCCTGGGCAACAGAGTGAGACTCTCTCTCAAAAACAAACAAACAAAA"
"GL873538","12993706","12993781","chr1","50918032","50918107","12","37924326","GGCTGGGCATGGTGTTTCACACCTGTAATCCTGCACTTTGGGAGGCTGATGTGGGCAGATCACTTGAGGCTAGCAG","GGCAGGGTGTGGTGGCCCACTCCTGTAATCCTAGCACTTTGGGAGGCTGAGGTGGGCAGATCACTTGAGGCCAGAA"
"GL873538","21244877","21245005","chr15","62335862","62335993","39","41090985","GCAAGGTGCTATGACCACATCTGCAAATCTTGGCCTTTGCAGAGCCAGGCTGGGCAGGTTCCTTGAAGTCAGGAGCGCCTTACAAGCTTGGGCAAAATCAAGACCCCAGCTCTGCTAAATATAGAAGAA","GCCAGGTGCAGTGCCTCACACCTGCAATCCCAGCACTTTGGAAGGCTGAGGCGGGCAGATCCTTTGAGGTCAGGAGTTTGAGACCAGCCTGGCCAATATGGCAAAACCCCATCTCTACTAAAAATACAAAAA"
"GL873539","2469930","2470202","chr1","177942403","177942687","65","175472473","CTGAGCATGGTGGCTCACACCTGGGAGGCCATAGCAGGAAGATGGCTTGAGTTTAGGAGTTTGAGACAAGCCTAACCAAGAGCAAGACCCCATCTCTACTAAAAATAGAAAAATTAGCCAGGCATTATGGTGGGCACCTGTAGTCCTAGCTACTCAGGAGACTGAGACATGAGGGTCGCTTGAACCCAGGAGGTGGATGTTGCTGGGACCAAGGCAGTCAGTCTAGCCTAGGCAACAGAGTGACACTCTGTCTCAAAAAAAAAAAAAAAAGAA","CCAGGTGTGCTGGCTCATGCCTTGGGAGGCCGACGCAGGTGGATCACTTGAGGTCAGGAGTTTGAGACCAGCCTGGCCAACATGACAAAACTCCGTCTCTACTAAAAATACAAAAATTAGCTGGGCATGGTGGCATGCACCTGTAGTCCCAGCTACTCGGAAGGCTGAGACAGGAGAATTGCTTGAACCCAGGAGGCGGAGGTTCCAGTGAGCCGAGATCATGCCACTGCCCTCTAGCCTGGGCAACAGAGTGAGACTCTGTCTCAAAAAAAAAAAGAAGCAAAA"
"GL873539","3707440","3707629","chr2","85194249","85194443","44","81486809","GCTGGGCATGGTGGCTCATGCCTATAAGCCTAGCACTCTGGGAGGCCAAGGTGGGTTGATTACTTGAGCTCAGAAGTTCAAGACCAGCCTGAGCAAGGGCAAGACCCCCATCTCTACTAAAAATAGAAAAACTAGCTGGGTATAGTGGCACATGCTTGTAATCTGAGTTACAAGGAGGCTGAGGCAAGAG","CAGGAGTGGTGGCTCACACCTGTAATCCCAGCACTTTGGGGAGGCCAAGGCGGGTGGATTACTTGAGGCCAGGAGTTCGAGACCAGCCTGGTCAACATGGCAAAACCCCATCTCTACTAAAAATACAAAAATTAGCCGGGTGTGGTGGCGCACGCCTGTAATCCCAGCTACTTGGGAGGCTGAGGCAGGAGAATC"
"GL873539","6536931","6536979","chr7","63081379","63081428","9","56544448","ACTGGACTCCAGCCTGAGTGACAGAGAAAGAGTCTATCTTAAAATAAAA","ACTGCACTCCAGCCTGGGTGACAGAGTGAGACTCTGTCTCAAAAAAAAAA"
"GL873539","8007957","8008013","chr14","40041146","40041201","10","32033189","CTGCATGCTAGCTTGGGCAACACACCAAGACTCTGTCTCAAAAAACAAAACCAAAAA","CTGCACACTAGCCTGGGCAACAGAGTTAGACTCTGTCTCAAAAAAAAAAAAAAAAA"
"GL873539","11612289","11612410","chr7","67968422","67968541","49","56356133","CCAGACCCTTTGAGGGTCTAAGCTGGGCAGGTCCCTCAAAGTCAGGAGCTCCTTACAATGTGGTAAAAAGCAAGACACCACCTCTGCCAAATATAGACAAAAATCAGTCTGATGTTGTAGTG","TCCCAGCACTTTGAGAGGCAGAGGCAGGCGGATTGGTTGAGCTCAGAAGTTCAAGACCAGCCTGGCCAACATGGCAAAACCCCATCTCTACAAAAAATACAAAAATTGCTGGGTGTGGTG"
"GL873539","20072132","20072174","chr16","23562367","23562409","4","3490235","AGCCAGGGTGACTGAGTAAGACTCTATCTCAAAAAAAAAAAAA","AGCCTGGGTGACAGAGCAAGACTCTGTCTCAAAAAAAAAAAAA"
"GL873539","21010770","21010863","chr1","113165181","113165269","27","92154411","GGAGGCTAAGGTGGGTTGATGGGTTCATGCCAGGAGTTCGAGACCAGTCTGACCAACAAAGCAAAACCCATTACTACTAAATAAATAAACAAAA","AGGCCGGGCTTGGTGGATCACCTGAGGCAGGAGTTCGAGACCAGCCTGGCCAACATGGCAAAATCCCGTCTCTACTAAAAATACAAAAA"
"GL873540","13753549","13753825","chr2","47202696","47202984","70","33449147","GGCCAGATGTGGTGGCTCACACCTGTAATCCTAGCACTCTGGGCTAGGTGGAATTAGCACCTGGGGCAGAGTCTGAGACCACCCTGATCAAGAGCAAAACCCTGGCTCTACTAAAAATAGAAAAATTATCTGGGCATTGTGGCAGGCGCCTATAGTCCCAGCTACTCAGGAGGCTAAGGCAAGAGGATCTCTTGAGCCCAAGAGACTAAGGTTGCTGTGAGCTACGACACCACATCACTCTACCCAAGCCTATGGGGTGAGACTGTATCACAATAAA","GGCCAGGTGTGGTGGCTCATGCCTGTAATCCCAGCACTTTGGGAGGCTGAGGTGGGCGGATCACTTGAGGACAAGAGTTCAAAACCAGCCTGGCCAACATGGCAAAACCCCGTCTCTACTAAAAATACAAAAATTAGCTGGGCATGGTGGCAGGCACCTGTAATTCCAGCCACTTGGGGAGGCTGAGGCACGAGAATGGCTTGAGCCCAGGAGGCAGAGGTTGCAGTGAGCTGAGATCACACCACTGTACTCCAGCCTGGGTGACAGAGGGAGACTCTATCTCAAAAAA"
"GL873540","17134627","17134702","chrX","928998","929069","14","16205629","CACCACAGCACTCTACCCAGGACAACACAGCGAGACTCTGTCTCAAAAAAATAAAAATAAAATAAAATAAAATAAA","CTACTGCACTCCAGCCTGGGCAACAGAGCGAGACTCTGTCTCAAAAAAAAAAAAAAAAAAAAAAAAAAAAAA"
"GL873540","17783235","17783306","chr2","96313416","96313488","12","78530181","GGCTGGGTGTGGTGGCTCATATCTGTAATCCTAGCACTTTGGGAGGCTGAGGCAGGTGGATCATTTGAGGCC","GGCTGGGCATGGTGGCTCACACCTATAATCCCAGCACTTTGGGAGCCAAGGCAGGTGGATCACTTGAGGCCAG"
"GL873540","20287496","20287586","chr4","87964713","87964810","28","67677217","GGTGGCTCATCTCTGTAATCCCAGAACTTAGACAGACTTGAGGCCAGGACTTTGAGACCAGCTTGGTCAACACAGCAATACTCAGTCTCTA","CCAGGCTTGGTCCTCAAGTCTGTAATCCCAGCACTTTGATTGCTTGTGCTTAGGAGTTCAAGACCAGCCTGGTCAACATGGCAAAAACCCTGTCTCTA"
"GL873540","22130622","22130677","chr17","59029749","59029798","9","36899127","GCCACAGAACTCTAGCTTGGGCAACAGAGTGAGACTCTGTCTCACAAACAAACAAA","GCACTCCAGCCTGGGCAACAGAGTGAGACTCTGTCTCAAAAACAAACAAA"
"GL873540","22926059","22926097","chr7","154384743","154384779","5","131458684","GCCAGAGCGACAGAGTGAGACTCTGTCTCAAAAAAAAAA","CCTGGGCGACAGAGCGAGACTCTGTCTCAAAAAAAAA"
"GL873541","2125804","2125844","chr10","7730881","7730918","6","5605077","CCAGCCTGGGGGACAGAGCAAGACTATGTCTCCTAAAGAAA","CCAGCCTGGGTGACAAAGCAAGACTCTGTCTCAAAAAA"
"GL873541","7468945","7469063","chr5","95700602","95700726","36","88231657","GGGTGGGCACAGTGGTTCATGCTCATAATTCCACCACTTTGGGAAGCAAGGTAAGCAAATCACATGAAGCCAGGAGTATGAGGACAATAACAGCAAGATGTCATCTCTACAAAAAACAC","GGCCGGGCACAGTGCCTCATGCCTGTAATCCCAGCACTTTGGGAGGCCGAGGTGGGCAGATCGCTGAGGCCAGGAGTTTGAGACCAGCCTGGCCAACATGGCAAAATCCCATCTCTAAAAAAAAT"
"GL873541","12472253","12472293","chr8","98991367","98991403","7","86519114","TCCAGCCTGGGCTGCAAAGCGAGACTCTGTTTCAAAAAAAA","CAGCCTGGGTGACAAAGCAAGACTCTGTTTCAAAAAA"
"GL873541","16881582","16881665","chr20","43869959","43870051","30","26988377","TCACTTGATGCCATGAGTTTGAAATCTGCAAGAATAAGACCCCATCTCTACAAAAATAGAAAAAGTAGCAGGACATAGTGATGC","CTTGAGGCCAGGAGTCCGAGACCAGCCTGGCAAACACAGAGAAATCCCATCTCTACGAAAAATACAAAAATTAGCCAGGCATGGTAGTCTGCG"
"GL873542","14079115","14079166","chrX","118383721","118383769","9","104304606","CACTCCACCTGCGGACAGAGGGAGACTCTGTCTCCAAAAACAAAACAGAAAA","TCCAGCCTGGGACAGAGCGAGACTCTGTCTCCAAAAAAAAAAAAAAAAA"
"GL873542","16706232","16706438","chr17","58291185","58291399","66","41584953","AAACTCTGTCTCTACAAAAAAATTATTAAAAAAAAAATTAGGCAGGCATGGTGGTGGCACACACTTTTAATCCTAGCTACTGGGAAGGCTGAACCAAGAGGATTGGTTAAGGTTGCAGTGAGTTGTAACTGTACCACTGCACTCCAGTGTGAGTGACAGAGCAAGACGCTGTCTAAAAAATAAAAAAACAAGCAAACACAAACAAAA","TAGACCTCTGTCTTTACTAAAAATATAAAAATTAGCCAGGCATGCTGGCACACACTTGTAATCCCAGCTACTCAGGAGGTTGAGGCATGAGAATTGCTTGAATCTGGAAGGCAGAGGTTGCGGTGAGCCGATATTGAACCACTGCACTCCAGCCTGGGTGAAAGAGTAAGACTCTGTCTCAAAAAACCGAAACCAAAAACAAACAAACAAACAAA"
"GL873542","16706515","16706631","chr7","6625352","6625468","29","10081163","GCTGTGGCTCGCACTTATAATCCCAGCATTTTAGGAGGCTGAGGTGGGAGGATAGTTTGAAACCAGGAATTCCTGATCAGTCTGGGCAACACAGCAAGACCCTATCTCTAAAAAAAA","GTAGTGGCTCACACCTGTAATCCCAGCACTCTGGGAGTCTGAGGTGGGGGGATCACTAGAGGTCAGGAGTTTGAGACCAGCCTGGGCAACATAACAAAACCCCATCTCTACTAAAAA"
"GL873543","934813","935039","chr14","69791954","69792171","71","68857141","AAGAGTTCAAGACCAGCCCAAGCATAAGTAAGACCTTATCTCTACAAAAAAATGAAAAAAAAATTAGCTGGGTATGGTTGTGGGTGCCTATGTCCCCAGCTATTCAAGAGGTTGAACTATGAGGGTTGCCTGAGCCCAGGAATTTGAGGTTGCAGTGAGCTATGATAACACCATTGTACTCTACCCCAAGTAGCAAAGCAAGATCCTGACTCAGAAAATAGAATAAA","ACAAGCCTGTCCAACATGGCAAAACCCCGTCTCTACTAAAAAATACAAAAAAATTAGCTGGGCATGGTGATGTGCACCTGTAATCCCAGCTACTCAGGAGGCTGAGGCATGAGAATCACTTGAACCCAGGAGGCAGAGGTTGCAGTGAGCCAAAATCATGCCACTGCACTCCAGCCTGGGCGACAGAGCAACACCCTGTCTCAAAAAAAAAAAAAAAA"
"GL873543","935315","935405","chr10","15247682","15247772","16","14312367","GGCTGAACGAGGTGGCTCACACCTGTAATCCTAGTGCTTTGGGAGGCGGAGGCAGGAGGATCACTTGAGGCCAAGAGTTCAAGACCAGGCT","GGCTGGGTGTGGTGGCTGACACCTGTAATCCCAGCACTTTGGGAGGCTGAGGCGGGTGGTTCACTTGAGGCCAAGAGTCTGAGACCAGCCT"
"GL873543","2426109","2426165","chr8","101436061","101436118","9","99009952","GCATTATAGCCTGGAGAACACAGTGAGACTCTGCCTCAAAAAAAAAAAAAAAAAAAA","TGCACTCTAGCCTGGACAAGAGAGTGAGACTCTGTCTCAAAAAAAAAAACAAAAACAA"
"GL873543","2514957","2515002","chr4","39220565","39220610","5","36705608","TGGGCGACAGAGTGAGTCTCTGTCTCAACAAAACAAACAAAAAAAA","TGGGCGACAGAGAGAGACTCTGTCTCAAAAAAAAAAAAAAAAAAAA"
"GL873543","5625691","5625751","chr2","69874364","69874419","10","64248673","GCACTCTAGCCTGGGCAAGAGAGCAAGTGAGGCTCTGTCTCAACAAACAAACAAACAAAAA","TGCACTCCAGCCTGGGCGACAGAGCAAGACTCTGTCTCAAAACAAACAAACAAAAA"
"GL873543","5868157","5868206","chr9","84329641","84329686","9","78461484","TCTAGCCTGGGTGACAGAGTGAGACTCTGTTTTGAATTTAAAAAAATAAA","CAGCCTGGGTGACAGAGTGAGACTCTGTCTTATAAAAAAAAGAGAA"
"GL873543","16946626","16946669","chr2","202434856","202434899","3","185488230","GGTGACAGAGTGAGACTCTGTCTCAAAAAAAAAAAGAAAAAGAA","GGTGACACAGTGAGACTCTGTCTCAAAAAAAAAAAAAAAAAAAA"
"GL873543","18454166","18454228","chr14","40041146","40041201","12","21586980","CACTGCCCACACTAACCAGAGCAGCAGAGTTGAGACTCTGTCTCAAAAAATAAAGAAATAAAA","CTGCACACTAGCCTGGGCAACAGAGTTAGACTCTGTCTCAAAAAAAAAAAAAAAAA"
"GL873544","8333078","8333382","chr3","133529038","133529335","62","125195960","GGCCGTACACAGTGGCTCACACCTGTAATCCTAGCACTGTGAGAGGCTAAGGCAGGCAGATCACTTAAGGTCAGGAGTTTGAGACCAGCCTGAGCCAGACAGAGCAAAACCCTATTTCTACTAAATATAGAAAAATTAGTCACATGTTGTGGCATTCACCTATAGTTCCAGCTTCTTAGGAGGCTGAGGCAGGAGAATCATTTGAGCCCAAGAATTTGAGGTTAACATGAGCTAAGATGATACCACTGGATTCTACCCAGGGCAACAGAGTAATATTTTGTGTCTAAAGTAAAATAAAATAAAAA","GGCCGGGCACAGTGTCTCACACCTGTAATCCCAGCACTGTGGGAGGCCAAGGCAAGCTGATCACTTGAGGTCAGGAGTTCGAGACTAGCCTGGCCAACATGGCAAAACCCCATCTCCACTAAATATACAAAAATTAGCCAGGTGTGGTGATCCACACCTGTAATCCCAGCTACTCGGGAGGCTGAGGCAGGAGAATCGCTTGAACCCAGGAAGTGGAGGTTGCAGTGAGCCAAGATCACACCACTGCACTCCAGCCTGGGTGACAGACTAAGACTTTGTCTCAAAAAAAAAAAAAAAA"
"GL873544","11529086","11529218","chr2","216426029","216426161","23","204896943","GGCTGGGCACAGTGGCTCATGCCTATAATACCAGCACTTTGGGAGGCCAAGAAGGGAGGCTCACTTGAGGTCAGAAGTTTGAGACAAACCTGGAAAACATGACAAGACCCTATCTCTACCGAAGAAAAAAAAA","GGCTGGGCACGGTGGCTCACGCCTGTAATCCCAGCACTTTGGGAGGCCAAGGTGGGAGGATCACTTGAGGCCAGGAGTTCAAGACCAGCCTGGCCAACATGGCAAAACCCCATCTCTACTAAAAATACAAAAA"
"GL873544","19130625","19130665","chr7","140243115","140243155","0","121112490","GACAGAGCAAGACTCTGTCTCAAAAAAAAAAAAAAAAAAAA","GACAGAGCAAGACTCTGTCTCAAAAAAAAAAAAAAAAAAAA"
"GL873545","861609","861652","chr6","162649624","162649670","6","161788015","ACTCTAGCCTGGGCAACAGAGCAAGACTCTGTCTCAAAAAAAAA","ACTCCAGCCTGGGCAACAGTGCAATACTCTGTCTCAAAAAAAAAAAA"
"GL873545","870380","870434","chr8","38370381","38370434","10","37500001","CACTTTAGCCTGAGCAACAGACAACAGACTTTGTCTCAAAAAAAAAAAAAAAAAA","CTCCTGAGCCTGGGCGACAGAGCGAGACTCTGTCTCAAAAAAAAAAAAAAAAAA"
"GL873545","4066283","4066338","chr1","235537322","235537379","12","231471039","GCACTCTAGCCTGAGCAAAGGTGTGAGACTCTGTCTTGAGGAAAAAAAAAAAGAGA","TGCACTCCAGCCTGGGCAACAGAGTGAGACTCTGTCTCAAGAAAAGAAAAAAAAAAAA"
"GL873545","5581784","5581845","chr6","27770246","27770303","11","22188462","GCCATGGCAGTCTAGCCTGGGGCAACAGAGTGAGACTCTGTCTCAAAAAACAGTTAAAAAAA","CCATTGCACTCCAGCCTGGGCGACAGAGCGAGACTCTGTCTCAAAAAAAAAAAAAAAA"
"GL873545","9758416","9758472","chr17","21229746","21229801","8","11471330","CACTCAACCCTAGGACGACAGAGTAAGACTCTATCTCAAAAACAAACAAAAAAAGAA","CACTCCAGCCTGGGCGACAGAGCAAGACTCTGTCTCAAAAAAAAAAAAAAAAAGAA"
"GL873547","989197","989279","chr8","123449434","123449519","19","122460237","GGCTAGGTGTGGTGGCTCATGCCCATAATTCCAGCACTTGGGAGGTTGAGTCAGGCTTACTATGGGCCAGAAGTTTGAGACCA","GGCTGCGTGTGGTGGCTCATGCCTATAATCCCAGCACTTTGGGAGGCTGAAGTGGGCAGATCACTTGAGGCCAGGAGTTCAAGACC"
"GL873547","3159718","3159772","chr1","15812468","15812523","10","12652750","ACTGCACAACAGTTGGGCAACAAAGTGAGACTCTGTCTCAAAAGAAAAAGAAAAA","ACTGCACTCCAGCTTGGGCAACAGAGTGAGACTCTGTCTGTAAATAAATAAATAAA"
"GL873547","14863384","14863474","chr6","31800907","31800985","33","16937523","AAAATAAAAAAAATAACTGGGCATGACGGCGTTCACCTATAATCTCCACTAGTCAGGAGGCTGAGGCTGAAGGGTAGCTTGAATCTAGGAG","TTAGCTGGGCATTGTGGTGTGCACCTGTAATCCCAGCTACTCAGGAGGTGAGGCACGAGAATCACTTGAACCCAGGAGG"
"GL873547","14863527","14863668","chr19","38872593","38872724","36","24009066","GGGCAGGAATGGTAGTTCATGTCTATAATCCCAGCACTTTGGGAGGCTGAGGAAAGAGGATCAGTTGAGATTAGTTCTAGGGCAGGAATTCAATGCCAGCGTGGACACCATAGCAAAACCCTATCTCCATAAAAATAAGAAA","GGCCAGGCATGGTGACTTACGCCTGTAATCCCATCACTTTGGGAGGCTGAGGTGGGTGGATCACTTGAGGTCAGGAGTTCAAGCCAGCCTGGCCAACATGGCAAAACCCATCTCTATTAAAAATACAAAAAA"
"GL873547","17543364","17543412","chr6","17249675","17249723","9","293689","CTCTAGCCTGGATCAGAGCAAGACTCTATCTCAAAAAAAAAGGAGAAGA","CTCTAGCCAGGGTGACAGAGCAAGACTCTGTCTCAAAAAAAAAAAAAAA"
"GL873547","17900371","17900554","chr5","177027423","177027606","45","159127052","AAAATAACAACAATGGGCCAGGGACTGAGGCTCATGTCTGTACTCCCAGCTATATGGTAGGCTGAGGCAAGAGGATCACTTGAACCCAGGGGTTGGAAGTTGCTGTGAACCAGGTTGCTAGCACAGCACCCTCCAGTTGGGCAACAGAATGAGACTCTGTCTCAAAAAAAAAAGAAAAAGAAAA","TAAAAATACAAACATTAGCCAGGTGTGGTGGCTCACATCTGTAATCCCAGCTACTCAGGTGGCTGAGGCACGAGAATCGCTTGAACCCAGGAGGCTAAGGTTGCAGTGAGCCGAGATTGTGCCACTGCACTCCAGTCTAGGCAACACAGTTGAGACTTTGTCTCAAAAAAAAAAAAAAAAAAAA"
"GL873547","19229311","19229362","chrX","20090332","20090383","4","861021","CTAGCCTGGGCCACAGAATGAGACTCTGCCTCAAAAAAAAAAAAAAAAAAAA","CCAGCCTGGGCGACAGAGTGAGACTCTGTCTCAAAAAAAAAAAAAAAAAAAA"
"GL873548","3478024","3478105","chr6","160103253","160103334","21","156625229","GGAAGTGGCAGTGAGCAAGGCCAATATATGGCATTCTACCCTGGGCAACAGAGAGACTCTGCCAAAAAAAAAAAAAAAGAGA","GGAGGTTGCAGTGAGCCAAGATCTCACCACTGCACTCTAGCCTGGGCAACACAGTGAGACTCTGTCCAAAAAAAAAAAAAAA"
"GL873548","15328983","15329073","chr3","136411905","136412001","37","121082922","GCCTGATACATAGCAAAATACTATTACTAATAATAATACACAAGCTGGCACGGTGGCTCATGCCTGAACTCTCTGCCCTTGGGAGGCTGAG","CACCCAGGCCAATATGGCAAAATGCTCTCTCTACTAAAAATACACAATTAGCCGGGCGTGGTGGTCCATGCCTGTAATCCCAACTACTCAGGAGGCT"
"GL873548","15931912","15932014","chr7","84976193","84976293","25","69044281","AGGAGCACTTGAACCCAGGAGTTGGAGGTTGCCGTGAGCCAGGCTGATGCTACAGCATTCTAGCCTAGGCAACAGAGATTCTATCTTCAAAAAAAAAAAAAGA","TCACTTGAACCTGAGAGGTGGAGGTTGCAGTGAGCCAAGATCATGCCACTGCACTCTAGCCTGGGCAACAGAGCAAGAGTCTGTCTCAAAAAAAAAAAAAA"
"GL873548","15932388","15932669","chr18","47332827","47333115","75","31400439","GACTGGGCATAGGGGCTCACACCTGTAATCTCAGCACTCTGGGAAGTTAAGATGGGCCAATTCAAGATGGGAGTTGAAGACCACCCTGAGCAAGAGCAGGACCCATCACTATTAAAAATAGAAAAACTATCTGGGTGTTGTGGTGGGTGCCTATAGTCCCAGCTCCTTGGGAGGCTGAGGCACGAAGATCACTTGAGCCCAGGAGATTGAGATTGCCATGAGCTGGGATGCCAGGGTACTCTATCTAGGGTGACAGAGTGTCTCAAAAAACAAACAAAAAAA","GGCTGGGCGTAGTGGCTCATGCCTGTAATCTCAGCACTTTGGGAGGCTGAGGCAAGTGGATCACATGAGGCCAGGAGTTTGAGGCCAGCCTGGCCAGCATGGCAAAACCCCATCTCTATTTAAAATATAAAAATTAGCTGGGTGTGGTGGTGCATGCCTGTAGTCCCAGCTACTTGGGAGGCTGAGGCACGAGAATCGCTTGAGCCCACGAGGTGGAGGTTGCAGTGAGTTGAGATCATGCCACTGCACTCCAGCCTGGGCAACAGACTCAGTCTCAAAAAAAAAAAAA"
"GL873548","17071200","17071354","chr7","149177867","149178010","48","132106667","GGCTGAGTGTGGTGGCTCACACCTGTAATCCCAACACTTGGAGGCTGAGACGGAGGATTACTTGGGGCCAGAACCTAGAGACTTAGCTGGTTAACATAGCATGAGCATTTCTATACTAAAAAATTAGCCCGGTGAGGTGTGCACCTGTAGGCCCA","GGCTGGGTGTGGTGGCTCATGCCTGTAATCCCAGCACTTTGGGAGGCTGAGGCAGGTGGATTACTTGACACCAGGAGTTCGAGACCCCTGGTCAATATGGCAAAACCCCATCTCTACTAAAAATATAAAAATTACCTGAGCACA"
"GL873548","18105111","18105160","chr5_GL339449v2_alt","98572","98620","3","18006539","GCCTGAGGTAACAGAGCAAGATTCTGTCTCAAAAAAAAAAAAAAGAAAAA","GCCTAGGTAACAGAGCGAGATTCTGTCTCAAAAAAAAAAAAAAAAAAAA"
