"GL873520","195010","195064","chr12","123278055","123278109","11","123083045","CTGTAATCCCCACGCTTTGGAAGGCCAAGGCCAGAGAATCACTTGAGACCAGGAG","CTGTAATCCCAGCACTTTGGAAGACCAAGGCAGAAGGATTACTTGAACCCAGTAG"
"GL873520","364155","364221","chr1","206869856","206869920","15","206505701","GCTGGGCACACTTGCTGACTCCTGTAATATTAGCATTTTGGGAGGCTGAGGTAGGAGGATCACTATC","GGCCAGGCACAGTGGCTCATACCTGTAATCTCAGCACTCTGGGAGGCTGAGGTGGAGGATCACTT"
"GL873520","364242","364482","chr4","8030503","8030746","61","7666261","CACTCCTTGAAGCCAGGAGTTTAAAACCAGCCTGAGCAAAAGAAAGAACTTGTCTTCACAAAAAATGGAAAAATCAGCCAGACATGGTGGTGCACAACTATAGTCCCAGCTACTTAGGAGGCTGAGGCAGAGGATAGCTTGAGCCCAGGAGTTGGAGGCTGCAGTGAGCTACAATTGTGCTGCTGCACTCTAGCCCAGCCAACAGAGTAATCATGTCTCAAAAAGGAAAAAATAAGAAGAA","AGGCTCACTTAAGCCCAGGAGTTCAAGACTAGCCTGGGAAACATGGAAAAAACCCGTCTCCACAAAAAATACAAAAATTAGCCAGGTGTGATGGTGTACATCTGTAGTCCCAGCTACTCGGGAGGCTGAGGTAAGAGGATCACTTGAGCCGGGGAGGTCAAGGCTGCAGTGAGCTGTGATCATGCCACTGCACTCCAGCCTAAGCAACAGAATGAGACTCTGTCTCAAAAAAACAAACAAAAAA"
"GL873520","836691","836967","chr16","71495864","71496146","73","70659173","GGCCAGACATGGCGGCTCATGCCTGTAATCCTAGCACTCTAGGAGGCCAAAGCAGGTGGATCACCTGAGCTCAGGAGTTCAAGACCAGCCTGAGCAAGAATGAAACCCCTATATCTACTAAAAATAGAAAAACTAGCCAGGCATATTATTGGGCACCTTGTAAGCTCAACTACTTGGGAGGCTGAGGCAAGGGGAGAGCTTGAGCCCAAGTGTGAGGCTGCTATGACTTTGACATCACCCACACTATGCAGGGCACAGAGACTCTGTCTTATAAAAA","GCCAGGCACGGTGGCTCACGCCTATAATCCCAGCACTTTTGGAGGCCAAGGTGGGCAGATCACTTGAGCCCAGGAGTTCAAGACAGCCTGGGCAACATGGCAAAACTTTGTCTCTACAAAACATACAAAAATTAGCCAGGCATGGTGGTGGGCACCTGTAGTCCCAGCTACTTGGGAGGCTGAGGTGGGAGGATCACTTGAGCCTGAGAGGTCAAGGTTGCAGTGAGCTGAGATTACACCAGTGCACTCCAGACTGGGCAATAGAGACTCTGTCTCATAAAAA"
"GL873520","855517","855632","chr12","70395960","70396082","23","69540443","GCTGGGCTTAGTGGCTCACACCTGTAATCATAGCACTCTGGCAGGCCAAGGTAGATAGGTTGCCTGAGCTCAGGAGTTTGAGACTAGCCTGAGCAAGAGGGAATCCCATCTCTTAA","GGCTGGGCGCAGTGGCTCACACCTGTAATCCTAGCACTTTGGGAGGCCGAGGCAGGAGGGTCACATGAGCCCAGGAGTTTGAGACTAGCCTGGGCAACGTGGGGAGATCCCATCTCTATAAAA"
"GL873520","855661","855789","chr7","64891279","64891412","38","64035618","TAGCCAGGTGTTATGGTAGGTACCTATAATCCCAGCTGCCCGGGTGGCTGAGGCAAGAGGATCACTTGTGTCCAAGAGTTTGAGGTTATTGCAACAAAATGAGACTCTGTCTCAGAAAAAAAAAAAAAA","GGCCTGATGTGTTGGTGCAATCCTGTAATCCCAGCTCTTTGGGAGGTGGGGGCCAGAGGATTACTTGTGCCCAGGAGTTTAAGGCCAGTCTGGGCAACATAGTGAGACCCTGTCTCTAGAAAAAATAATAAACT"
"GL873520","997253","997561","chr5","140267030","140267341","82","139269777","GGCCAAGGGCGGCAGCTCACACCTGTAATCCCGGCACTCACACTCTGGGAGGCCCACGTGGGTAGACTGCCTGAGCTCAAGAGTTGGAGACCAGCCTGAGATTGAGACCCTGTCTCTATCAAAAATAGAAAAACAAGCCGGGCATTGTGATGGGTGCCTGTAGTCCCAGCTACTCAGTTGCTGAGGCAGGAGGATTGCTTGAGCCCAAGAGTTTGTTGCAATTTATGATGCCACAGCACTCTATCCAGGGCAACAGAGTGAGACTCTTGTCTCAAAAATAAATAAATAAATAAATAAATATCAAAAAAA","GGCCGGGTGCAGTGACTCACACCTTTAATCCCAACACTTTGGGAGGCCAAGGTGGGTGGATCATTTGACCTCAGGAGTTCGAGACCAGCCTGGGCAGTGAAACCCAGCCTCTACAAAAAATACAAAAATTAGCCAGGTGTGGTGGCACATGCCTGTAGTCCCAGCTACTTCAGGGGCTGAGGCAGGAGAATCGCTTGAACCTGGGAGGCAGAAGTTGCAGTTAGCCAAGATTGTGCCATTGCACTCCAGCCTGGGTGACAGAGTGAGACCCTGTCTCAAAAAAAATAAATAAATAAATAAATAAAAAATAAA"
"GL873520","1555589","1555687","chr1","205591588","205591688","30","204035999","GGTGGGGTGGCTCCTGCCAATACTTCTAGAACTCTGGGAGGCTGAGGCGGGCTGGCAGATACCTTGAGCTCAGGAGTTCCAGTGACACCTTGCCTCTAA","GGCTGGGCACAGTGGCTCATGCCTATAATCCTAGCACTTTGGGAGGCTGAGGTGGGCGGATCCCTTGAGCCCAGGAGTTCAAGACCAGCCTGACAACATGG"
"GL873520","1555718","1555869","chr3","112161498","112161642","45","110605780","AAGAAAAATTAGCCTTGCATTGTGGCAGGCACCACTAGTCCCAGCCAGTAAGGAGACGAAGGCTGGAGACTCACTTGTGCCCAGGAGTTTGAGGTTGCTGTGAACTATGACACCACAGCACTCTACCCAGGATCACAGAGTAAAACTCTGTC","TTAGCCAGGCATTGTGGCACACACCTATAGTCCCAGCTATTTGGGAGACGGAGGTGGGAGGACCACTTGAGCCTGGGAGGTCGAGGCTGCAGTGAGCTGTGATCCACCACTGCATTCCAGCCTGGACGACAGAGTGAGACCCTGT"
"GL873520","1843671","1843783","chr7","98653762","98653875","28","96810091","GCTGGGAGCAGTGACCACACCTAGGATCCTAGCTACACAGGAGACTGAGGCAGGAGCATCACTTGAGGCCAGGCATTTCAGACCAGCCTGGGCAAGACAGAAAGTATATCTCT","GGCCAGGTGCGGTGGCTCACACCTATAATCCTACCACTTTTGGAGACTGAGGCAGGAGGATCACTTGAGGCCAGGAATTTGAGACCAGCCTGGGCAACACAGTGAGACCCCAGC"
"GL873520","1981213","1981392","chr19","34700601","34700775","52","32719388","CCAGGTGCAGTGGCTCATACCTGTAACCCTAGCTACGTAGGAGCCTGAGGCAGGAAAACGGCTAGAGCCCAGTATGTGAGGCCATAATGAGTTGGGATCCGTCACTTTCCTGCACTTCAGCCTGGAGGGCAGAACAAAACCTTACCTCTTAAGAGAAAAAGAAGAAAAAGAAGAAGAGAA","GCCAGGTGTGGTGCCTCATGCCTTTAATCCCAGCACTTTGGAAGGCTGAGGCAGGAGGATCATTTAAGCCTGGGAGGTTGAGGCTATAGTGAGCTGTGATTGCACCACTGCACTCCAGCCTGGGTGACAGAGCAAGACCCTGTCTCTAGAAAAAAAAAAAAAAAAGAAAAGAAAA"
"GL873520","2522871","2523052","chr5","176413688","176413875","55","173890817","TAAAACCAGCCTTCTCTGCAAAATAAAAAAAAAAACAGTGGTATGCTCCTAGTCCCAACTCTGTGGGAGGCTGAGGCAGAAGGAAAGTTCACCCAGGGAGTTGAGGTTGCAGGAAGATGTTATCATACCACTGCATTCCAGCCAGGGAAACAGAGTAAGACCCTGTTCTAAAAGAAAACAAA","TCCTGTCTCTAAAAAATAAAAATAAACAAAAGAGGCAGGCGTGGTGATATGTGCCTCTAGTCCCAGCTACTCAGGAGGCTGAGGCAGAAGGATAACTTGAGCCCAGGAAGTCGAGGCTGCAGTAAGCTGTGATCGCTCCACTGCACTCCAGCCTGGGTGACAGAGCAAGACCCTGTCTCAGAAAAAAA"
"GL873520","3156179","3156320","chr7","73382672","73382820","42","70226493","GGATCCTGGTGGCCAGTGCCTGAGTTTCAGCAACTCAGAAGACTGAGGAGGAAACATTGCTTGAGCTCAGGAGTTTGAGGTTACAGTAAACTGTGATACCACTTCAGCCTGGGTCACAGAACAAGACCTCATCTCTTAAAAA","TTGGTATGGTGGCGAGTGCCTGTAGTCCCAGCTACTCAGGAGGCTGAGGTGGGAGGATGGCTGGAGTCCAGGAGATTGAGGCTGCAGTGAGCCATGATTATACCACTGCACTCCAGCCTGGGAAACAGAGTGAGACCCTGTCTTAAAAA"
"GL873520","3156355","3156462","chr2B","235241792","235241898","35","232085437","GTGGTTTGCACCTGTAATTCCAAAACTTTGGGAGGTGGAGGCAAAAGCATCTCTTGAGACTAGAAGTTCAAATCCAATCCGAGAGACACAATGAAACACTCCCACAGC","GGTGGCTCACACCTGTAATCTCAGCACTTTGGGAGGCTGAGGTGGGAGGATCATTTGAGCCCAGGAGTTCAAGAGCAACCTGGGCAACACAATGATATCCCACCTCT"
"GL873520","3704460","3704767","chr12","112927764","112928066","85","109223304","GGCCCAATGCTGTGCCTAAGACCTGTAATCCTAGTATTGTGGGAGGCCTAGGCAGGAGGATCACTTGAGCTTAAGAGTTCAGTCTTAGAGCCACCTGAGCAAGAGTGAAACCAAGTCTCTACTAAAAATAGAAAAAATCAGCCTGCATTATGGCAGAGACCTGTAGTCCTAACTACTCTGGAGACTGAGGCAGGAGGATTGGTTGAGCCCAGGAGATTGATACTGCTCCTGTGAGCTAAATTAACACCATAGGTTTCTAATCTAGGCAACAGACTGAGACTCTGTCTTAATAAAAACAAAAACAGAAA","GGCCAGGCGCAGTGGCTTACACCTGTAATCCTAGCATTTTGGGAGGCCAAGGCAGGTGGATCACTTGAGCCCAGGAGTTCAAGACCAGCTTGGGCAACATGGCGAAACCCAGTCTCTACAAAAAATATAAAAATTAGCCATGCATGGTGGTGTGTGCCTATAGTCCCAGCTACTAAGGAGGCTGAGGTGGGAGGATCGCCTGAGCCCAGGAGGTCCAGGTTGCAGTGAGCCAAGATCATACCACTGCACTCCAGGCCAGGCAACAGAATAAGACCCTGTCTCAAAAAAAAAAAAAAAAAAAAA"
"GL873520","4646827","4646971","chr3","157804150","157804293","51","153157323","GGAGCAGTGACTTATGCCTATAATTCTAGCACTTTGGGAGGCCAAGGTAAGGGACAGTTACTTCAGCCCAAACACAAAATAATGAGCTGGGCGGGTGTGGGGCATCCATCTGTAGTCCTAGCTTCTTGGGAGGCTGAGATGGAAG","GCTTGGCACAGTGGCTCACACCTGTAATCCCAGCACTTTGGGAGGCCGAGGAGGGCAGATCACTTGAGCCCAGGAGTTCAAGACCAGTCTGGGCAACATGGCACATGCCTGTAATCCCAGCTACTCCGGAGACTGAGGCATGAG"
"GL873520","5282804","5282974","chr6","117522072","117522244","41","112239268","TAGAAAAATTAGCAAGACGTAGTGGCAGGTGCCTCTAGTCCCAGCTTCTCAGAGGGTTGAGGCAAGAGGATTGCTCAAGGGTAAGAGTTTGAGATTTCTGTGAGCTCTGACACCACGGCATTCTAGCCAGAGTGACAGAGTGAGACTCTGTCTCAAAAAAAAAAAAAAAAA","TAAAAAAATTAGCCAGATGTGGTGGCATGTGCCTGTAGTTCCAGCTACTCGGGAGGCTGAGGCAGGAGGATTGCTTGAGCTCAGGAGTTCGAGGCTGCAGTGAGCTATAATTGTGCCACTGCACTCTAGCCTGGGTGACACAGTGAGACCTTGTCTTTAAAAAAAAAAAAAAA"
"GL873520","5282999","5283081","chr6","91350400","91350478","26","86067401","TGGGAGGCCAAGGCAAGTGGATTGCTTTTGCTCAGAAGCTCAAAACCAGCCCGAGCAACACTGAGACTCTAACTCTACTTAAA","TGGGAGGCTGCAGCAAGTGGATCACTTAAGCTCAGGAGTTCAAGATCAGCCTGGGCAACATGGCAAAACCCCATCTCTA"
"GL873520","5491957","5492147","chr5","69395923","69396109","46","63903966","GACCCTATCTCTACTAAAAATAGAAAAAAGTAGTCAGGCTGGTGGCAGACACCTGTAGTTCCAGCTACTTGGGAGGCTGAGGCAAGAGGATCGCTTGAACCCAAGAGTTTAAGGTTGCTGTGAGCTATCATGATGCCAGAGCACTGTAGCCTGGGGGACTGAATGAGTCTATGTCTCAAACAAACAAAAAA","AAATCTCATCTCTACAAAAAATACAAAAAGTTAGGCAGGTGTGGTGGTGCGTCCCTGTTGTCCCAGCTACTTGGGGGGCTGAGGCAGGAGGATGGCTTGAACCCGGGAGGTTGAGGCTGCAGTGACCCAAGATCATGCCAGTGCTCTGCAGCCTTGGTGACAGAGTGAGTCTCTGTCAAAAAAAAAA"
"GL873520","5492397","5492495","chr3","150492021","150492118","26","144999624","CCTGTAATCCTAGCACTCTGGGAGGCCGTGGCAGATAGACTGCTTAAACTCAGCCAGGAGTTGGAGACCAACCTGAGAAACAGCAAGACCCCATCTCTA","CCTGTAATCCCAGCACTTTGGGAGGCCAAGGCAGAAGGATTGCTTGAGGATAGGAATTTGAGACTAGCCTGGGCAACATAGCAAGACCTAATCTCTAC"
"GL873520","5714487","5714694","chr10","68890900","68891105","53","63176413","GGCTGGGTGTGGTGGCTCATGCCTGGAACCCTAGCATTCTTGAAGGTTGAGGTGGAAGGATTGCTTGAGCTTGGAAGTTCAAGACCAACCTGAATAAGAGTGGTCTTGAATCCCATCCCTACTAAATATAGAAAAATTAGCCAGGCCTCCTGGCGGGAGCCTGTAGACCCAGCTACTCAAGGGCTGAGGCAGGAGGATTGCTTAAGCC","GGCTGGGCTCTGTGGCTCATGCCTGTAATCCCAGCACTTTGGGAGGCTGAGGCAGGAGGATCACTTGAGCTCACAAGTTCGAGAGCAGCCTGGCAACACGGTGAAACCCCATCTCTACAAAAAATACAAAAAGTAGCCGGGCGTGGTGGCGTGGGCCTGTAGTCCCAGCTACTCAGGAGGCCAAGGTGGGAGGATAGCTTAAGCCC"
"GL873520","5820880","5821047","chr17","2421507","2421671","45","3399373","GGAATACAAGAAATCAGCCAGGCGTTGTGGCGGGTGCCTGCAGTCCCAGCTACTCAGGAGGCTGAGACAGGAAGATCATTTGAACCCAAGAGTTTGAACCCAAGCTGTGAACTAAGCTGACACCATGGCACTGTATGACCTGGGCTACAGAGTAAGACTCTGCCGCAA","AAAATACAAAAAATAGCCAGGCATGGTGGCATGCACCTGTAGTCCCAGGTACTCAGGAGGCTGAGCGGGGAGAATCGCCTGAGCCCAGAAAGTCGAGGCTGCAGTGAACCGTGATCACACCACTGCACTGTAGCCTGGGCGACAGAGTGAGACCCTGTCTGCAAA"
"GL873520","5821311","5821442","chr7","1949852","1949983","35","3871459","CCCGGCACCGGGGCGCACACCTGTAATTGCAGCACTCTGCTAGGCCCCATGGGAGGATTCCTTAAGCTCAGAAGTTTGAGATCAGCCTGAGCAAGACCAAGACTGCATTTCTACTAAGAATACAAGAAATTA","CTGGGCACAGCGGCTCACACCTGTAATCCCAGCATTTTGGAGGCCGAGGTGGGCAGATCTCTTGAGCCCAGGAGTTTGAGACCAGCCTGGGCAACATGGCGAAACCCCATCTCTACTAAAATACAAAAATTA"
"GL873520","5968255","5968329","chr8","49618718","49618798","26","43650463","GCCTGGGAGACTGAGGACCCTGTGAGCTATGACTGTGCCACTGTCCACTCTGGTCTGGGAGACCAAGGACACTGT","AGCCTGAGAGGTCAAGGTTGCAGTGAGCCTTGACTGTGCCACTGTACTCCAGCCTGGGCGACAGAAGGAAACACTGTCTCA"
"GL873520","5968307","5968388","chr12","92935797","92935880","26","86967490","CACTCTAGCCTGGGAGACCAAGGACGCTGTGAGCTATGACTGTGCCACTGTCCACCCTGGCCTGGGAGACTGAGGACCCTGT","TCGCTTGAGCATGGGAGGTTGAGGCTGCAGTGAGCCATGATGGTGCCACTGCATTCCAGCCTGGGTGACAGAGTGATACCCTGT"
"GL873520","5968359","5968433","chr1","102016715","102016780","23","96048356","GCCTGGAAGACTGAGGACCCTGTGAGCTATGACTGTGCCACTGTCCACTCTAGCCTGGGAGACCAAGGACGCTGT","CCTGGAAGGTTGAGGCTGCAGTAAGCCATGTTTGTGCAACTGCACTTTAGCCTGGGCAACAGAGTG"
"GL873520","5968411","5968492","chr12","92935797","92935880","26","86967386","CACTCTAGCCTGGGAGACCAAGGACGCTGTGAGCTATGACTGTGCCACTGTCCACTCTGGCCTGGAAGACTGAGGACCCTGT","TCGCTTGAGCATGGGAGGTTGAGGCTGCAGTGAGCCATGATGGTGCCACTGCATTCCAGCCTGGGTGACAGAGTGATACCCTGT"
"GL873520","5968463","5968544","chr12","92935797","92935880","25","86967334","CACTCTAGCCTGGGAGACCAAGGATGCTGTGAGCTATGACTGTGCCACTGTCCACTCTAGCCTGGGAGACCAAGGACGCTGT","TCGCTTGAGCATGGGAGGTTGAGGCTGCAGTGAGCCATGATGGTGCCACTGCATTCCAGCCTGGGTGACAGAGTGATACCCTGT"
"GL873520","5968943","5969005","chr1","32536680","32536736","21","26567737","GCCTGGGAAACCGAGGACGCCGTGAGCTGTGACCGTGCCACTGTCCACCCTGGCCTGGGAGAC","CAGGAGTCAAGGCTGCAGTGAGCCATGATCGTGCCACTGCACTCCAGCCTGGGCAAC"
"GL873520","5969043","5969116","chr22","44193010","44193076","21","38223967","CACTCTAGCCTGGGAGACCGAAGATGCTGTGAGCTGTGACTGTGCCACTGTCCACCCTGGCCTGGGAGACCGAG","CACTTGAGCCCAGGAGGCCAAAGCTGCAGTGAGCCGTGATTGTGCCACTGTACTCCAGCCTGGGCAA"
"GL873520","5969087","5969161","chr1","102016715","102016780","23","96047628","GCCTGGGAGATGGAGGATGCTGTGAGCTATGACTGTCCCACTGTCCACTCTAGCCTGGGAGACCGAAGATGCTGT","CCTGGAAGGTTGAGGCTGCAGTAAGCCATGTTTGTGCAACTGCACTTTAGCCTGGGCAACAGAGTG"
"GL873520","5969302","5969490","chr1","210609852","210610037","59","204640550","CAGGAGCTTGAGACCAGCCTGGGTGATAGGGAAACACCATCTCTACAAAAAAATTAGGTGGGCTTGGTGGTGCAGCCTGTAGTCCTAGCTGCTCAGGAAGCTGAGGCAGAAAGGCTGCTTGAGCCTGGGAGACGGAGGATGCTGTGAGCTATGACTGTGCCACTGTCCACCCTGGCCTGGGAGATGGAG","CCAGGAGTTTGAGACCAGCCTGGGTAACATGGTGAGATCCCATCTCTAAAAGAAGAAAAAAATAGCTGGGTGTGGTGGTGCACCCCTGTAACTCCAGCCACTTGGGAGGCTAAGGCAGGAAGATAACTTGAGCCCAGGAGGCTGAGGCTGCAGTGAGCCATGATTGTGCCACTGCACTACAGCCTG"
"GL873520","6451203","6451353","chr1","201769617","201769768","38","195318414","AATTAAAAATTTAGCCAGACGTGGAGGTGCACGCCTGTACTCCCAGCCACTTGTGAGGCTGAAGCAGGAGAATCACTTGAGCCCAGCAGTTTGAGGTTATTGTAAGCTATGATAGCAACACTGCATTCTAGCATAGGCAACAGAGTTAGAC","AAATGGGAAAATTAGTGAGGTGTGGTGACAAGCACCTGTAGTCCCAGCTACTTGTGAGGCTGAGGCAGGAGGATTGCTTGAGCCCAGGAGGTTGAGGCTGCAGTGAGCCATAATTGCACCACTGCACTCCAGTCTGGGCAACAGAGTGAGAC"
"GL873520","6451375","6451483","chr3","66913846","66913957","26","60462471","GGGCCGAGTGGCTTGTGCCTGTAATTCTTGAATTTGGGGAGGCTGAGGTAGGAGGATCACTTGAGGCAAGGAATTTGAGACTAGTCTGAGCAACATAGTGAGACTTCCT","GGGCGTGGTGCCTTATACCTGTAATCCCAGCACTTTGGGAGGCTGAGATGGGAGGATCACTTGAGTCCAGGAGTTTGAGACCAGCCTGGGAAACATAGGGAGACCTTGTCTC"
"GL873520","6556270","6556371","chr16","48979631","48979735","23","42423361","GGTCGTGTGCAGTGGCTCTCACCTGTAATCCCAGCACTTTGGGATATAGGCCAGATGTTCAAGACCAACCTGGGCAACATAGCAAGACCTGTCTCTACCAAA","GGCCAGATGCAGTGGCTCACACCTGTAATCCCAGCACTTTGGAGGCTGAGGAGGGCGGATTGTTCAAGACCAGCCTGGGCAACATGGCAAAACCCCATCTCTACA"
"GL873520","6556407","6556544","chr12","125747357","125747488","39","119190950","AATTGCCAGATGTGGTGGTACATGATAATAGTCCTGGCTACAGGCTGAGGCAAGGGGATTGCTTGAGCCCAGTGAGTTGATCAGGCCACTGCACTCCAGCTTGGGTGACAGAGTGAGACCTTGTCTCTAAAAAATAAA","AATTAGCTGGTGTGGTGGCACATGTCTGTAGGAGGCTGAGGCGGGGGGATCGCTTGAGCCCAGGGGGTGGAGGCTGCAGTGAGCTTTGCACTCCAGCTTGGGTGACAGAACCATACCCTGTCTCAAAAAAAA"
"GL873520","6565358","6565481","chr16","48316165","48316279","32","41750807","GGAGTGAGTGGTTCATGCTTATAATCCCAGTGCTTTGGGAGGCTGAGGCAAGAGGACCTCTTGATCCTGGGAGTTGTTTGAGGCTGAGGTGAGCTGTGATCTCTCCACTGTACTCCAGTCTAGG","GTGGTGCATGCTTGTAATCCTAGCGCTTTGGGAGGCTGAAGCAGAAGGATCACTTGAGCCCGGGAGATGAAGGCTGCAGTGAGCCATGACCACACCACTGTACTCCAGCCTGGGC"
"GL873520","6727483","6727613","chr19","41201509","41201640","27","34474026","GGCCAAGATGGTGGCTTGCCACTATGGTCCAGCTACAGGGGAGGCTGAGGTGGGAGGATCACTTAAGTTCAGGAGTTTGAGACCAGCCTGAGCAGCATAGTGAGACCCTGTCTCTCTAAAAAATAAAAAAT","GGCTGGGCATGGTGGCTCATGACTGTGATCTCAGCACTTTGGGAGGCTGAGGTGGGAGGACCGCTTCAGCTCAAGAGTTTGAGACCAGCCTGGGCAACATAGTGAGACCCTGTCTCCGAAAAATAAAGAATA"
"GL873520","7000146","7000370","chr7","48766301","48766528","66","41766155","ATTGCATAAGGTCAGGAGTTTGAGACCAACTTGAGCAAGACTGCGACCCTTATTCTACTAAAAATAGAAAAAGTAGCTGGGCACCATGGCTGGTGGCCTGTAGTGCCAGCTACTTGGGAGGCTGAGGTAAGAGGGTCTCTTGAGCCCAATAGATTTAGGTTGCTATGAGCTGTGACTCCACGACATTCTACCCAGGGCACTGAGTGAGACTCTGTCTCAAATAAA","GATTGCCTAAGCTCAGGAGTTCCAGACCAGCTTGGGCAACATGGGGAGACCCTGTCTCCACAAAAATACAAAAATTAGCTGGGCATGGTGGTGCATGCCTGTAGTCCCAGATACCTGGGGGGCTGAGGCAGGATGATGGCTTGAGCTTGGGAGGTTGAGGCTGCAGTGAGCTGTGATCACGCCACTACACTCCAGCCTGGGTGACGAAGCAGGACTCTGTCTTAAAAA"
"GL873520","7000394","7000441","chrX","10011804","10011850","12","3011410","GGCCCAGTGCAGTGACTCAACCCTTGTAATCCTAGTACCCTGAGAGGC","GGCCAGGCACAGTGGCTCATGCTTGTAATCCTAGCACTTTGGGAGGC"
"GL873520","7037755","7037977","chrX","110372845","110373060","64","103335090","GAGTTCAAGACCAGCCTGAGCAAGACTGAGACCTTGTCTCTACTAAAAATAGAAAAAAACTAGCTGGGTGAAGTAGCAGGCACCTGTAGTACCAGCTACTCAGGAGGCTGAGGCAAGAGGATTGCTCAAGCCGAAGAGTTTGATGATATGTGTGAACGTGAGGTAGGCTAACCGTGGGGAAACAAACAGAGTGAGACTCTGTTATAAAAAAAAAAAAAAAAAA","CAGCTTGGGCAACATGGCAAAACCTCATCTCTACAAAAAATACAAAAATTAGCTGGGTGTGGTGGCATGCACCTGTAGTCCCAGCTACTCAGGAGGCTGAGGTAGGAGGATTGCTTAAGCCCAGGAGGTTGACACTGCAATGAGCCATGATCACACCACTGTGCTCCAGCCTGGGCAACAGAGTGAGACTCTGTCTCCAAAAAAAAAAAAAAAAAA"
"GL873520","7038255","7038330","chr2A","75442552","75442638","23","68404297","GGCCAGGTGAGGAGGCACAGGCCTATAATCCTAGCACTCTGCACGTGGGTTGCTTGAGCTTAAGAGTTCAAGACCA","GGCTGGGTGTGGAGGCTCATGCCTGTAATCCCAGAACTTTGGGAGGCCAAGGCGGTGGATTGCTTGAGCTCAAGAGTTCAAGAACAG"
"GL873520","7064252","7064414","chr9","95220285","95220451","44","88156033","CTAGCCAGGTATTGTGGTGGGTCCCTAAAATCCCAGCTACTCAGGAGGCTGAGGCAAGAAGTTCACTTGAACCCAATAGTTTGAGGTTGCTGTGAGTTATGATGGCCTCCGCACTCTACCCAATGCAAAAGAGACTTGGTTTCCAAAATAAAGAAAAAGAAAA","TTAGCAGGGCATTGTGGGACATACCTATAGTCCCAGCTACTCAGGAGGCTGAGGTGGGAGGATCACTTGAGCCCAGGAGATTGAGGCTGCAGTGAGTCATGATTGCACCACTGCACTCCAGCCCGGGGACAGAGTGAGACTTTGTCTCAAAACAAAATAAAAAGAAA"
"GL873520","7064694","7064828","chr4","4276940","4277072","32","2787754","GGCCAGGCACAGTGGCTCATGTTTATAATCCCAGCACTCTAGGAGGCCAAGGTAGTTGACTGCTTAAGCTCAGAAGTTCAAGACCAGCTGGAGCAGGAGCCAGACTCCACTGCTACTAAAAATAGAAAAACAAAG","GGCCAGGCACAATGGCTCATGCTTGTAAACCCAACACTTTGGGAGGCCACGGTGGGTGGACCGCTTGGGCCCAGGAGTTCAAGACTAGCTGGGCAACATGGCAAAACCTCAACTCTACAAAAAAAAAAAAAAT"
"GL873520","7124889","7125125","chr4","75475919","75476175","82","68351030","GGTTGGACATGGTGGCTCATGCCTGTTATCCTAGCACTCTGGGAGGCAAAGCACTGCTTGAGCTCAAGAGCTGAGACCCGTCTCTACTAGAAATAGAAAAAGTTAGCTGGGTGTTGTGGTGGGCCCAACTACTCAGGAGCCTGAAGCAGAAGGATCGGTTTTGTTTGAGGTTTTGCTGTGGAGCCTGGGCTGATGCCACAGTACTCTTAGCCTGGGCAACAGAGTGAGACTGTTTCA","GGCTGGGCATGGTGGCTCCCACCTGTAATTCTAGCACTTTGGGAGGCTAAGGCAGGCAGATCGCTTGAGCCCAGGCAAAAACCCTGTCTCTACAAAAAATACAAAAATTAGCCAAGCCTGGTGGTGCACACCTGTGGTCCCAGCTACTCAGGAGGCTGAGGTGGGAGGATCACCTGAGCCTGGAGAGGTCCAGACTGCAGTGAGCCATGATTGCACCACTGTACTCCAGCCTGGGTGACAGAGTGAGACCCTATCCC"
"GL873520","7190570","7190679","chr7","69415452","69415559","28","62224882","TAATCCTAACACTCTGGGAATCCCAGGTGGGTGGATTGCTTGAGCTCAAGAGTTCAAGATCATCCTGAGCAAGAGCAAGACACCATCTCTACTAAAAATAGAGAAACTAT","TAATCTCAGCCCTTTGGGAGGCCGAGGTGGGAGGATTGCTTGAGGCCAGGAGTTTGAAACCAGCCTGGGCAACACAGCAAGACCCCATCTCTACAAAATAAAAAATAA"
"GL873520","7190940","7191094","chr14","30060638","30060790","41","22869698","CTAGCTGGGCATTGTGGCAGGGGGCCTGGAATCCCAGCTGCTTGGAGACGCTGTGGCAAGAGAATCATCTGAGCCCAAGAATTTGAGATTGCTGTGAGCAATGACACCATGGCACTCTATCCAAGGCAACAGAGTAAAGACTCTGTTTCAAAAAA","TTAGCTGGCATAGTGGCGCATGCCTGCAGTCGCAGCTATTTGGGAGGCTGAGGCAAGAGGATCACTTGAGCCCAGGAGTTCAAGGCTGCAGTGAGCCATGATCACACACAATGCACTTTAGCCTGGGCAACAGAGTAAGATTCTCTTTAAAAA"
"GL873520","7208044","7208133","chr10","56777092","56777186","29","49569048","AGGTGGGAGGATCACTTGAGCTTAGGAGTTTAAAACCAGGCTGAACAAGAGGGAGACTGGTCCCTACTAAAAAGAGAAAGGTTAGCCAGG","AGGTGGGTGGTTCACTTGAGGCCAGGAGTTTGAGACCAGCTGGGGCAACATAGGGAGACCCTGTATTTACAAAAAATTAAAAAATTGGCCAGGTG"
"GL873520","7209876","7209999","chr19","47379738","47379868","36","40169862","GGGCACGGCAGTGCACAATGATAGTCCCAGCTACTGGGGAGGCTGAGGTAAGAGGACTGCTTGAACCCGGAAGAGACCAGACTCTGTGACATCCTAAGACCATGTCTCAATAATAACAATAATT","GCCAGGTGCAGTGATGCATGCCTGTAGTCCCAGCTACTGGGGAGGCTGAGGTGCGAGGATCGCTTGAACCCAGAAGTTTGAGACCAGCCTGGGTAACATAGTGAGACCCTGTCTAAAAAAAAAAAAAAAAA"
"GL873520","7218062","7218184","chr19","60343822","60343943","22","53125760","GGCAGGGTGTAGTGGTTCATACCTGTAATCCCAGCACACTGGGAGGCTGAGGCGGGTGGATTGCTTAAGTTCAGGAGTTTGAGATCAGCCTGAGCAAGAGTGAGAGACCTCATCTCTACTGAA","GGCTGGGCATGGTGGCTCATACCTGTAATCCCAACACTTTGAGAGGCCGAGATGGGTGGATTGCTTAAGCTCAGGGGTTTGAGATCAGCCTGGGCAACATGGTGAAACCTCATCTCTACCAA"
"GL873520","7218216","7218379","chr17","14741482","14741644","46","7523266","AGCAGCCAGGCATGGTGGTACATGCCTGTAGTCCCAGCTAGATGGGCGGCTGAGGCAGGATGGCTTGAGCCCAAGAGTTTGAGGATCCTGTGAGTTGTCAGGACACCATGGCACTCTCCTCAGAGCAACAGAGTGAGTCTGTACCCCGCTCCAAAAAAAAGAGA","AATTAGCCAGGCATGGTGGCACATGCCTATAGTTCCAGCACTTTGGGAGGCTAAGGCAGGAGGATTGCTTGAGCCCAGGAGTTTGAAGTTACAGTAAGCTATGATCATGCCATTGCACTCTAGCCTGGGCAACAGAGTGAGACCTTGTCTCTAAAAAAAAAAA"
"GL873520","7231238","7231391","chr4","116649215","116649349","56","109417977","GGAGGCCACGAGTCCAAAATCAAGGCGTCACCAGCCTGAGCAAGAGCGAGACCCCATCTCTACTAAAAACTAGAAAAACTAGCTGGGCATTCTTTTGTCCCAGCTACTTGGGAGGCTGCGGCAAGAGGATCCCTTGATCCCAAGAGTGAGGCTG","TTTGAAACCAGCCTGGGCAACATGACAAAACCCTGTCTCTACAAAAACTAGCCAGGCATGGTGGTGCATGTCTTTAGTCCCAGCTACTCGGGAGGCTGAGGTGGAAGGATCACTTGAGGCAAGGAGGTTGAGGTT"
"GL873520","7306788","7307005","chr5","95391147","95391370","51","88084359","GGTTAGATGTGGTGGCTCACACCTGTAGTCCCAGAGCTTTGGGAGGCAGAGATGGGGATCACTTACATCCAGGAGTTCAAGACCAGCCTGGGCAACGTAGTGAGGCCCTGTCTCTAAAAAAAAAAAAAAAAAAAAAGTAAAAATTAGCTTGGTGTGACATGTGCCTGTAGTCTTAGTTACTTGGGAGGCTGAGGACAGAGGATTGCTTAAGTCTGAGA","GGGTGCAGTGGCTCAGTCCTGTAATCCCAGCATTTTGGAAGGCCAAGGTGGAAGGATCACTTGAGCCCAGGATTTCAAGACCAGCCTGGGCAACATAGTGAGACCCTGTCTCTACAGAAAAAAAAAAAAAAGAAAAGAAAAAGAAATTATATGGGTGTGGTGGCATGTGCCTGTAGTCCCAGCTACTTGAGGGGCTGAGGTGGGAGGACTGCTTGAGCCTGGGA"
"GL873520","7345786","7345916","chr9","6434593","6434712","36","911193","GCCCAGCATAGTGGTTCATGTCTGTATGTAACCTTAGCACTCTGGGAGGCCATGTTAGGAGGATCACTTGAAGTCAAGACCAGCCTAAGCAACATAGTAATATCCTGTCTCTATTAAAAACAGAAAAAAAT","GCTGAGCGTGGCAGCTCATGCCTGTAATACCAGCACTTTGGGAGGCCAAGGCAGGAGGATCACTTGAGCCCAGCCTTGGCAACATAGTGAGACCCTGTCTATATAGAAAATTTAAAAATT"
"GL873520","7346196","7346344","chr15","75968073","75968216","41","68621877","TTAGCTGTGTGTCGGGGCACATGCCTATAGTTTCAGCTATTCCAGAGGCTGAGGGAGGAGGAGCCCTTGAGTCTAGGACTTGCAGTAAATGGCCTCATGCCTGGGTAACAAAGCAAGACCTTGTCTCCAAAAAAATATAAAAAATAAAA","GCAGGTGTGATGGCATCTGCCTATAGTCCCAGCTATAGGAGGCTGAGGCAGGAGGATTGCTTGAGCCCAGGAGTGTGCACCACTGCACTCCAGCCTGGGTGACAGAGCAAGACCCTTTCTCCAAAAAATAAAAAATAAAATAAA"
"GL873520","7392948","7393085","chr1","6323463","6323606","32","1069485","GGCTGGGCACAGTGTACACCTATAATCCTAGTATTCTGGGAGGTTAAGGTGGGTGGTTACCTGATCTCAGGAGTTCAAGACCAGACTGAGGAAGAGCCAGACCCTGTCTCTACTAAAAATATAAAAACTAGCTGGGTA","GTCAGGCACGGTGGCTCACACCTGTAATCCCAGCACTCTGGGAGGCTGAGGTGGGTGGATCACTTGAGCTCAGGAGTTCCAGACCAGCCTGGGCAACATGGCGAAACCCCGTCTCTACCAAAAATACAAAAAATTAGCTGGGTT"
"GL873520","7393339","7393525","chr4","40109255","40109442","52","32715916","CCAAAACAAACACACACACAAAAAACTAGCTGAGTGTAGAGGCAGGTTCCTGTAGTCCCAGCTACTCAAGAGGCTGAGGCAAGTGGATTGCTTAAGCCCAGGGGTTTGAGGCTGCTGTGAGCTGTGTGAGGCCACAGCACTCTGCGGAGGGTGATTAAGACTGTCTCTACCAAAAAAAAAAAAAAAA","CCATCTCTACCAAAAAATACAAAAATTAGCTGGGTGTGGTGGCATGCACCTGTAGTCCCTGCTACTCGGGAGGCTGAGGTGAGAGAATCGCTTGAGCCTAGCAGTTTGAGGCTGAAGTGAGTCAAGATTGCGCCACTGCACTTCAGCCTAGGTGATACAGCACGACTCAATTAAAAAAAAAAAAAAAA"
"GL873520","7396148","7396250","chr2A","46982530","46982625","28","39586382","GGTCAGGTGCAGTGGCTCACACCCATAATCCTAGCACTCTGGGAGGCTGAAGTGGGAGGACAGCTTGACTAGCCAGAGCAAGAGAGAGACCCGATTTCTTTTC","GGCCAGGTGCAGTAGCTCATACCTGTAATCCCAGCACTTTAGGAGGCTGAGGCAGGAGGATCACTTGAGCCAGGAATTCAGGACCCTGTCTCTCTA"
"GL873520","7396525","7396748","chr15","55150547","55150740","81","47754022","TGAGAGACCCCATTTCAACCAAAAAGATAGAAAAGTCAACTTGGTGTTATGTCAGGCACCTCTTCCTTCTTGCTTCTTCCTCTAAAGAACAAACAAGTCCCAGCCATGCAGAAGGCTGAGGGAAGAAGTTCACTGGAGCCCAAGAGTTTGAGGTTGCTGTGAGCTAGGCTGATGCCACAACCCTCTACTTTGGGCAACAGCGTGAGACTGTGTCTCAAAACAAA","TGCAAGACTCCATTTCTAAAAAAAAAAAAATTAATTAGCTAGACATGCTGGCACATGCCTATAGTCCTAACTACTCAGAAGGCTGAGGCAGAAGCATCACTTCAGCCCAGGAGTTTGAAGCTCCAGTGAGCCATGATGGTGCCACTGCACCCAATCTGGGCAATAGAGCAAGACTCTGTCTCTAAAAAACAAAA"
"GL873520","7430688","7430948","chr1","66043471","66043739","71","58612783","GTCATCCCAGCACTCTGGGAGGCCCACACCAGTGGATCACTTGAGCTCAGGAGTTCAAGACCAGCCTAAGCAAACGTAAGACCCTGTCTCTTAAAAAGAAAATAGAGGGTATTGTAGTGGGCACCTATAGTCTTGGCTACTTATGAGGCTGAGGCAAGAGGATGGCTTGAGCCCAAAGTTTGAGGTTGTTGTGACCTATGGTGCCACTGCACTCTTCCCAGGGTGACAGAGTGAGACTCTTATCTTAAAAAAAAAAAAGAA","TAATCCTAGCACTTTGGGAGGCTGAGGCAGGTGGATCACATGAGCCCAGGAGTTTGAGACCAGCCTGGGCAACATGGCAAAATCCTGTCTCTACACACAATACAAAAATTAGCCAGGCATGGTGGTGGGCACCTGTAGTCCCAGCTACTCAGGAGGCTGAGGTGGGAGGATCACCTGAGCCCTGAAGGTTGAGGCTGCAGTGAGCCATGATTGTGCCACTGCACTCTAGTCTGGGTGACAGAGTGAGACCCTGTCTCAAAAAAGATAAA"
"GL873520","7431329","7431349","chr16","30284705","30284726","6","22853376","GCCAGGTACAGTGGCTCGCAC","GGCCTGGCACAGTGGCTCATAA"
"GL873520","7446204","7446383","chr7","64480791","64480976","49","57034587","AATAAAAATTTTTTTAAAAGGTAGGCATTGTGGAGATGCCTGTAGTCCCAGCTACTCGGGAGGCTGAGGCAAGAGGATGGGGCTTGAGTCGACAGTTTGAGGTTGCTGTGAGCTATATCGCTATGGCATTCTACCCCAGATGACAAAGTAAGACTGTCTCAAAAAAAAAAAAGAAAAGAA","GCTACAAAATTTTTTTTATTTAGCCAGACATGGTGGCATGTGCCTGTAGTCCCAGCTACTCAGGAGGCCAAGGCAGGAGGACTGCTGCAGGCTGAGAGTTCAAGGCTGCAGTGAGCTGTGATCAGGCCATTGCACTCCAGCCTGGGTGACAGAGTGAGACCATCTCAAAAAAAAAAAACAAAAAAA"
"GL873520","7446681","7446788","chr1","153330637","153330743","32","145883956","GGCTGAGTGGGGTGGCTCACTCCTATAATCCTAGCACTCTGGAGCCTGAAACAGGTGGATTGCTTGAGTTCCAGACCAGCCTGAGCAAGAGCAATATCCCATTCCTTT","GGCTGGGTGTGATGGCTCATGCCTGTAATCCTAGCACTTTGGGAGGCTGAGGCAGGTGGATCACTTGAGCCCAGGAGTTTGGGCAACATGACAGAACCCTGTCTCTA"
"GL873520","7585373","7585554","chr10","34038560","34038754","55","26453187","GGGCGTGGTGACTCTGGCCTGTAATCCTAGCACTCTAGGAGGCTGAGGTGGGAGGATTACTTGAAGTTCGAGACTAGCCTGGGCAAGAGCAACATCCTGTCTCTACTAAAAGTAGAAAAAGTAGCTGGGCATTGTGGTGGGCGCCTTGGGAGGGTGAGACAGGAGATCGCCTGAGCCTGTGA","GGGCATGGTGGCTCATGCCTGTAATTGCAGCAATTTGGGAGGCTGAGGCAGGAGAATCCCTTGAGCTCAGGAGTTTGAGATAATCCTGGGCAACATAGGGAGATCTCATCTCTACTAAAATTCAAAAAAATTAGCTGGGCATGATGGTGCAGCTACTTGGGGGTTGAGGCAGGAGGATCATTTGAGCCTGGGAAG"
"GL873520","7609028","7609228","chr10","25157524","25157713","49","17548496","CGAGACCCCATCTCTACTAAGAATACAAAAACTAGCCAGATTCTGTGAGGGGTGCCTATAGTTCCAGTTACTCTGGAGGATGAGGTAGGAGGAACACTTGAGCCCAGGAGTTTGAGGTTGCTGTGAGCTATGATGCCACCACACTGTATCCAGGGCAACAGAATGAAACTCTGTCTCAAAAAAAAAAAAAGAATAATAAAA","CCCCATCTCTACAAAAAATACAAAAATTAGCCAGATGTGATGGTGCATGCCTGTAGTCCCAGCTACTCAGGAGGCTGAGGTGGGAGGATCACTTGAGCCCAGGAGGTGGAGGTTGCAGTAAACCGAGATCATGACACTGCACTCCAGCCTGGGTGACAGGCTGTCTCAAAAAAAAAAAAAAAAAAAAAAA"
"GL873520","7609521","7609624","chr11","64413121","64413226","25","56803600","CGCAGGGTCTCATGCCTGTAATCCTAGCAGTCTGAGAGGTGGAGGTGGGTGGGTTGCTTAAGCTCAGGAGTTTGACACCAGCCAGAGCAAGAACAAGACCCCAA","GCAGTGGCTCATGCCTGTAATCCCAGCAGCTTTGGGAGGTCGAGGTGGGAGGATTGCTTGAGTCCAGGAGTTTAAGAACAGCCTGAGCAACAATAGTGAGACCTCG"
"GL873520","7805653","7805946","chr4","133155732","133156014","73","125350079","GTGGCTCACATCTGTAATCTTAGCACCGTGGGAGGCTGAGGTGGGAGAGTCACTTGAAGCCAGGAATTTGAGACCAGCCTGAGCAAGAGTGAGAGCCCATCACTACCAAAAATAGAAACAATTCTGGGCATGGTGGCCATGCCTATAGTCCCAGCTACTTGGGAGGCTGAGCAAGAAGGATTGCTTGGGCCCAGGAGGTGGAGGTTGCAGTGACCCTTGACGACACCACTGCACTCCACTATTGCCTATGACACCAGGCAATAGAATGAGAACCTGTCTCAAAAAAGAAAAAAA","GTGGCTCACACCTGTAATCCCAGCATTTTGGGAGGCTCAGGTGGGCAGATCGCTTGAGCTCAGGAGTTCAAGACCAGCCTGGGCAACATGGTGAGACCCCATCTCTACCAAAAAAAAATGAAAATTAGTTGGACGTTGTGGCACATGCCTGTAATCCCAGCTACTTGGGAGACTGAGGTGGGAGGATTGCTTGAGCTTGGGAGGTGGAGGTTGCAGTGAGCTGTGATCATACCACAGCACTCTAGCCTGGACAACAGAGTGAGACACTGTTTCAAAAAAAAAA"
"GL873520","8042292","8042471","chr17","26667751","26667927","51","18625459","CCTTGCCTCTCCAAAAAGAAATTTAAACATAATCTGGGCATGGTGCATATGCCTGGAGTCCTAGCTACCCAGAAGGCTGAGCCAGAAGATTAGCTTGAGCATGAGAGTGGAGGGTGCAGTAAACTGTGATCTTGCCACTTTACGTCAGCTTGGGCAAAAGAGCAAGACATTCTCTAAAAA","CCTGTCTCTACAAAAAATACAAAAATTAGCCAGGTGTGGTAGCATGTCCCTGTAGTCCCAACTACTTGGGAGGCTGAGGCAAGAGGATCGCTTGAGCCTGAGAGGTCGAGGCTGCAGTGAGCTGTGATTGTGCCACTGCACTCCAGCCTGGGCAACAGAGTGAGACCTCGTCTTAAA"
"GL873520","8095229","8095303","chr2B","187691240","187691317","20","179596011","GGCTGGGCTTAGAGGTGCATGCCTGTAATCCCACCACTTTGGGTGGGTGAGGCAGAAGGAGCTTCTTTTTTTTTT","GGCTGGGCGTGTTGGTGCATGCCTGTAATCCCAGCACTTTGGGAGGCCAAGGTGGGCGGATTGCTTGATTTTTATGTA"
"GL873520","8095551","8095771","chr3","112705804","112706025","60","104610253","TAGGAGGATCTCTTGAGGACAGCAGTTTAAGACCAGACTGGGCAACATAGTGAGACTCTGTCTCTACAAAAAAATACAACAGTTAGCTGGGCATAGTGGCCCACATCTGTCGTCTGAGCTAATTTGGAGGCTGCGGCGGAAGATGGTTTAAACACGAGAGTTGGAAGTTACAGTGAGCTATGATCTTACCATTGCACTCCCTCCTGGGCAAAAGAGTGAGA","GGTGAATCGTTTGAGTTCAGGAGTTTAAGACAAGCCTGAGCAACATGGTGAAACCCCATCTCTCCCAAAAATACAAAAATTAGCTGGGCATGTTGGTGCGTTGCCTGTGGTTCCAGCTACTTGGGAGGCTGAGGCTGGAAGATGGCTTGAGCTAGGAAGGTGGAGGTTATAGTGAGTTGAGATCATGCCACTGCACTCCAGCCTGGGCAACACAGTGAGACC"
"GL873520","8202153","8202336","chrX","20204279","20204463","57","12002126","CCAGGCATGATGGCTCATACCTATACTCCTTGCATTCTGGGAAACTGAGGTGAGAGGAACAGTTGAGCTCAGGAGTTTAAGACCAGCTTGAGCAATATCCAGTCTCTACTGAAAACAGAAAAAAATAGGTGGTATGGTGGCACAGGCCTGTACTCCTGGCTTCTTGAGAATCTGAGGCATAAGG","GCCAGGCATGGTGGCTCACACCTGTAATCCCAGCATTTAGGGAGGCAGAGGCGGGAGGATCACTTGAGCCCAGAAGTTCCAGACCAGCTTGAGTAATACAGTGAAACCCTGTCTCTACTAAAAATACAAAAAATAGCTGGGTGTGATGGCATGTGTCTGTAGTCCCAGCTACGTAGGAGGTTGAG"
"GL873520","8919461","8919631","chr12","68655262","68655438","40","59735801","GGCTGGGAACAGTGGCACTTGACTGTAATCCTAGCACTTTGGGAGACTGAAGCAGGAGGATCACTGTAGGCCAGGAGTTTGAGACCAGCTTGAGCAATACAGTGAGACGGGTCACTACTAAAAATTTTAAAACTTAGTTGGGTGTGGTGGTAAGTTCTTGTAGTGCAGCTA","GGCCAGGTGTGGTGGCTCATGCCTGTAATCCCAGCACTTTGGGAGGCTGAGGTGGGAGGATCACTTGAGGCCAGGAGTTTGAGACCAGCTTGGGCAACACAGTGTGATGCCATCTCTACAAAAACTTTAAAAATTAGCTGGGTGTGGTGGCATGTGTCTGTAATCCTAGCTACGCGG"
"GL873520","8921077","8921208","chrX","11074910","11075027","34","2153833","GATACTTAGGAGAATGAGGCAGGAGGATCACTTGAGCCCAGAAGTCTAGAAGTCTGAGACTGTACTGAGCTATGATGATGCCACTGTGCTCCAGCCAGGGCAACAGAGCATGACCCTGTCCCCAAAAATAAA","TTGGGAGCTGAGGCAGGAAGATCGCTTGAGCCCAGGCGGTTGAGGCTGCAATGAACCATGGTCGTGCCACTGCACTCCAGCCTGGGTGACAGAGCAAGACCCTGTCTCAAAAAATAAA"
"GL873520","9274861","9274934","chr5","82522019","82522092","12","73247158","GGCCAGGCGCAGTTGCCCCTGCCTGTAATCTCAGTACTTTGGGAGGCCAAAGCAGGAGGATCATTTGAGCCCAG","GACCAGGCGCAGTGGCTCATGCCTGTAATCCTAGCACTTTGGGAGGCTGAGGCAGGAGGATCACTTGAGGCCAG"
"GL873520","9340408","9340531","chr3","141643488","141643606","44","132303080","AAAATGAGTCTTGTGGTGGGAGCCTGTAGTCTCAGCTACTTGGGAGGCTGAGGCAAGAGGTGCTTGTGAGCTATAATGTCAAGGCACTCTACTGAGGGCAACAAAATAAAACTCAAAAAAAAAA","GCCAGGCATGGTGGCACATGCCTGTAGTCCCAACTGCTAGGGAGGCTGAGGCAGGAGGATCCCCTGAGTCCAAGAGTTCAAGACTAGCTTGGGCAGCATAGTGAAAATCATCACAAAAA"
"GL873520","9340555","9340672","chr13","30102743","30102860","26","20762188","GGGCACCGTGGCTCATATCTACAATCCTAGCACTCTGGGAGGCTGAGGCAGGTGAATTGCTTGAGTTCAGAAGTTCAAGACCAGCCTGAGCCAGAGAAAGTCCCCTTCTCTAAAATTA","GGGCACAGTGGCTCATACCTGTAATCCCAGCACTTTGGGAGGCTGAGGCAGGAGGATCTCTTGAGCCCAGGAGTTCAAAACCAGCCTGGGCAACATAGTAAGACCCTGTATCTAAAAG"
"GL873520","9366401","9366525","chr4","39994616","39994736","34","30628215","GGTCAGGCACTGTGGTTCATGCCTATAATTTAGCAGTTTGGGAGCACATGGTGGGAGGACTGCTTGAGCACAGAAGTTCAAAACCAGTTTGAGATGCCATGTCTACAAAAAATAGACAAATTACA","GCTGGTTGTGGTGGCTCATGCCTGTAATCACAGCACTTTGGGAGAGCAAGGTGGGAGGATTGCTTGAGGCCAGGAGTTCAAGGCCGGTGAGACCCCCACCTCTACAAAAAATAAAAAATTA"
"GL873520","9366784","9366942","chrX","70171446","70171606","38","60804662","TTACCAAAAATAAACAAACTAGCTAGGTGTGGTGGCACAGGGCTATAGTCCCAGCTACTCAGGAGGCTGAAGCAGGAGGATCACTTGAGCCCAGGAATGTGAAGTTACAGTGAGCTATGATGACACCACTGCATCCTAGTTGGGACAACAAAATGAGAC","CTCTACAAAAAATACAAAAATTAGCAGAGTGTGGTAGCATGCACCTGTAGTCCCAGCTACTTGGCAGGCTGAGGTGGGAGGATCACTGGAGCTCAGGAAATTGAGGCTACAGTGAGCCATGATCACACCATTGCACTCCAGCCTGGGTGACAAAGTGAGAC"
"GL873520","9409835","9409936","chr10","126300169","126300273","28","116890334","AAGAGGAGCTCTTGAGCTCAAGGGTTTGAGGTTGCTGTGAGCTATGACACCATAGCACTCTACTCAGGGTGAAAGAGTGAGACTGTCTCAAGAGAAAAAAAA","AAAAGAGGATCACTTTAGTCCAGGAGTTTGAAGCTGCAGTGAGCCATGATTGCACCACTGCACACCAGTCAGGGTGACAGAGTGAGACCCTGTCTAAATAAAAAA"
"GL873520","9410200","9410396","chr2B","173112129","173112318","45","163701929","GGCTGGGTGCAATGGCTCATGCCTGTAGTCCTAGCACTCTGGGAGGCCGAGGCAGGAGGATTGCTTGAGCTCAAGTATTCAAGACCAGCCTGAGCAAGAGTGAGACCCTGGTCTCTACTAAAAATAGAAAAACTATCCAGGCATTGTGATACCTGTGATGCCTGTAGTCCCAGGTATTCGGGAGGCTGAGGCAAGAG","GGCTGGGCGCAGTGCTCATGCCTGTAATCCCACCACTTTGGGAGGCTGAAGCAGGGTGATCACTTGAGCCTAGGCATCAAGACCAGCCTGAGCAACAGGGCAAAACCCTGTCTCTACAAAAAATGCGAAAAATTAGCCAGGTGTGTGGCACATGCCTGTAGTCCCAGCTACTTGGGAAGCTGAGGCGAGA"
"GL873520","9445951","9446171","chr20","30168602","30168803","68","20722651","GCTGGGCATGATGGATTATGCCTATAAGCCCAACACTTTGGGAGGCTGAGGCACAGGGGATCACTTGAGTTTAGGAGTTCAAGACTAACCTAAGCAATAGAAGAACTGAAGAATTCAAGAATAAGAAGACTCCAGCCTCTACAAAAAATAAAAAGTTAGCCAGTCATGGTAACCTATAGTCCTTACTACTCAGGAGGCTGAGGCAGGAAGATCAGTTGAGC","GACTGGGCACGGTGGCTCATGCCTGTAATCCCAGCACTTTGGGAGGCTGAGATGCGTGGATTGCTTGAGCCCAGGAGTTCAAGAACAGCCTGGGTAACATGGTGAAACACTGTCTCTACAAAAAATAAAAAATTAGCCGGGTATGATAGCGTGCACCTGTAGTCCTAGCTACTCAGGAGGCTGAGGTGGGAGAATCATTTGA"
"GL873520","9492575","9492795","chr8","134032985","134033200","66","124540410","GGGTGACAAACTGAAACTCTGTTTCAAAAAAAAAAAAAAACAAGAACATGGGCATCATGGCACATGCCTGCATTTCTGGTTACTCAGGAAGCTAAGGAAGCAGGATCACTTGAGCCCAGGAGATTGAGGCTGTAGTAAGCCTCAATTAGAATTGTAACACTCCACTTCAGCCTGGGCAACAGAGCAAAATCCTGTCTTTAAAATAGAATTATAATAAAAAA","CCAGCCTGAGAAACATGGAGAAACCCCATCTCTACAAAAAATACAAAAATTAGCTGGGCATGGTGGTGCATGCCTGAGGTCCCAGCTACTCAGGAGGCTGAGGAGGAAGGATCACTTGAGCCCAGGAGGTCGAGGCTGCAGTGAGCCATAATTGTACCACTGCACTCCAGCCTGGACAACAGAGAGATACCTTGTCTCAAATAAAGCAAAACAAAA"
"GL873520","9615015","9615121","chr16","1489125","1489234","21","8125890","GGCTGGGCACGGTGGCCCACACCAGTAATCCTAGCACTCTGGAAAGCTGAGGCAGGAGGATCCCTGAGCTCAGAAGTTCAAGACCAGCCTGAGCAAGAGTGAGACCT","GGCCGGGTGCGGTGGCTCACACCTGTAATCCCAGCACTCTGGGAGGCAGAGGCAAGAGGATCAACTGAAGCCAGGAGTTCAAGACCAGCCTGGGCAACAGAGTAAAACCC"
"GL873520","9615617","9615812","chr1","131868095","131868285","53","122252478","ACTGCATCTCTGCTAAAAATAGAAAAATGATCTGGGCATTGTGATGGATGACTATAGTTCCAGCTACTTGGAAACTGAGGTAGGAGGATCACTTGAGCCCAGGAGTTTGAGGTTGCTGTGAACTAGGCTGAAGCTATGGCCCTCTAGCTTGGGACAACAGAGTGAGACTTGGTCTCAAAAGGATGAAAATAAAAAA","CCCTGTCTCTACAAAAAAATTTAAAAATTAGCCGGACATGGTGGCACATGCCTGTAGTCCCAGCTACTCAGAAGGCTGAGGTGGAAGGATCACTTGAGCATGGGAGGTAGAGGCTGCAGTGAACTGTAATCACGCCATTGCACTCTAGCCTGGGCAACAAAGTGAGACTCTGTCTCAAAAAAAAAAAAAAA"
"GL873520","10281796","10282064","chr1","163605865","163606114","89","153324069","CTATAATCCCAGTGACTGTGGAAGCCAAGGCCAAGAGTTCAAGAACAGCCTCAGCAAAATAGCAAGACCATGACTCTAAAAAAAAAAAAAAAAGAAGAAGAAGAAGTAGCTGGGCAAGATGGCATGGTCAACAGTGACAACTACTCAGGAGAGTGAGGCAGGAGGCTCCCTTGAGCCCAGGATTTCAAGGTCACAGTGAGTTATGATTATGCCATTGCATTCTATACTTTAGCCTGGAGGACAGGAAGACCCTGTCTCTTAAAAAAAAA","CTGAGTCAAGCAGATGGCTTGAGCCCAGGAGTTTGAGACCAGCCTGGCAACATGGCAAAACCCTGTCTCTACAAAAAATACAAAAAACTAGCTGGGAATGGTGGCACATGCCTGTAGTCTCAGCTACTTGGGAAGCTGAGGCAGGAGGATCTCTTGAGCCTAGGAGGCTAAGGGTGCAGTGAGCCGTGAGCATGCCACTGCACATTAGCCTGGACAACAGAGCGAGACCCTGTCTCAAAAAAAAAAAAAA"
"GL873520","10437198","10437465","chr2B","163537750","163538014","70","153100552","GGCTGGGTGCAATGGCCCACACCTGTAATCCCATTACTCTGGGAGGCCAAGGTGGGTTTATCACTGGAGCTTCAGAGTCCAGACCTCCATCTTTACTAAAAATAGAAAAACTAGCCTGTCATGGTGGCAAGCATCTGTAGTCCCAGCTACTGGGGAGGCTGAGGCAAGAGGATCACTTTGAGCCCAAGAGACTGAGGTTGCTGTGAGCAATCATGATGCCACAGCATTCTATCCACAGTGACAGAGTGAGACTCTGTCTCAATACAAA","GGCTAGGTGTGGTGACTCATGCCTATAATCCCAACACTTTGGGAGGCCAAGGTGGGAGGATCACTTGAGCCCAGGAATGAGATCCCTGACTCTACAAAAAATACAAAAATTAGCCAAGCATGGTGGCCTGCAAGTGTAGTCCCAGCTACTCAGGAGGCTGAGGTGGGAGGATCACTTGAGGCCAGGAGGTCAGGGCTGCAGTAAGCCATGATAGTGCCATCACACTCCAGCCTGGGTGACAGAGGAGACCCTGTCCCAAAAAAAA"
"GL873520","10459322","10459373","chr2B","156509962","156510011","18","146050640","GGCTAGACACAGTGGCTTAACCCCAGCATTTTAGGAGGCTAAGGAGAATTAC","GGCTTATACCTGTAATCCCAGTACTTTAGGAGGCTGAGGCAGGAGGATCA"
"GL873520","10459657","10459890","chr1","35040967","35041209","56","24581310","TAAGGGAGGATCACTTGATGCCAGGAGTTTGAGACTAGCCTAGAGAATATACTGACACCCTCTCTACAGTAAATTAAAAAAAGTTAGCTGGGCATGGTGGCACACACCTGTAGTCCCAGCTACCTAGAGACTAAGGCGGGAGGATCACTTGAGCCCAAGAGTTCAAGGTTGTAATGAGCTACGGTCATTCTACTGCTCTCTAGCCTGAGCAAGAGAGTGAGATCCTGTCTCAAA","AGGCCAAGGCCGGAGGATCACTTGAGCCCAGGAGTTTGAGACCAGCCTGGGCAACATAGTGAGACCTGGTTCTACAAAAAAATAAAAAAATTAGCTGGGCATGGTGGCATACTCCTGTAGTCCCATCTACTTGAGGAGCTGAAGTGAGAGGATCACTTGAGCCCAGGAGGTCAAGGTTGCACTGAGCCGTGATTGTACTGCACTCCAGCCTGTGTGACAGAGTGAGACCCTGTCTCCAAAAAA"
"GL873520","10611964","10612256","chr18","31995604","31995903","67","21383640","CGGCGGCTCATACCTATAATCCCAGCACTCTGGGAGGCCGAGGCAGATGGATTACTTGAGCTCTGGAGCTTGAGACCAGCCTAAGCAAGAGTGAGACCCCCTCTATACTAAAAATAGAAAAAACTAGATAGGAGAAGTGGTGCACACCTGTGCTCCCAGCATCTTGGGAGGCTGAGATCAAAGGATCACTTGACCCCAGGATGTTGAGGTTTCTGTGAGCTTGATAATGCCAGGGCATTCTAGCCTAGGGCAACAAAGTGAGACTCTGTCTCAAAAAAAAAAAAAAAAAAAAA","GCCAGGCGTGGTGGCTCATGCCTGTAATCCCAGCACTTTGGGAGGCTGAGGCAGGTGGATCACTTGAGCCCAGGAGCTCAAGACCAGCCTGGGCAACATGGTGAAACTCCGTCTCTGCAAAAAATACAAAAATTAGTCAGGCATGGTGGTGAATGCCTGTCCTCCCAGCTACTTGGGAGGCTGAGGTGAGAGGATCACCTGAGCCCAGGAGGTTGAGGCTGCAGTGAGCTGTGATCATACCACTGCACTCCAGCCTGGGTGACAGAGTGAGACCCTGTCTCAAAAAAAAAAAAAAAAAAA"
"GL873520","10815554","10815622","chr4","187813543","187813607","17","176997989","GAGATCAGCCCCCATTGCTCTATCCTGGGCAACAGAACAAGACCCTGTCTCAAAAATAAATATATAAAA","GTGGTGTCACAGTACTCTAGCCTGGGCAACAGAGCAAGACCTTGTCTCAAAAAAAAGAAGAAGAA"
"GL873520","10818464","10818659","chr2B","191107105","191107296","49","180288641","GGCCAGGTGCAGTGGCTCATGCCTATACTCCTAACACTTTGGGAGTCTGAGGCAGGAAAACCACTTGAAGAGTTCTAGAGACTAGCCAGAGCAAGAGTGAGACCCCATCTCTACAGAAATTATAATAGAAAACTTAGCCCAGTGGGGTGGCAGATACCTATAGTCCCAGCTACTTGGGATGCTAAGGTAGAAAGAT","GGCCAGGAGCAGTGGCTCATGCCTATAATCCCAGCACTTTGGGAGGCCAAGGCAGGAAGAATCACTTGAGCCCAAGAGTTCAAGACCAGCATAGGCAACATAATGAGACCCCATCTCTACAAAAAAATAGAAAAATTAGCCAGGCATTGTGTTGCATACCTGTAGACCCAGCTACTTGGGAGGCCGAGGGAG"
"GL873520","10834027","10834092","chr17","59089048","59089110","18","48255021","ACACCACAGTACTCTAGTTAGGGCAGCGGAGCAAGGCTCTCTCTCCAAAAATAAAACAAAACAAAA","GCACCACTGCACTCCAGCCTGGGTGACAGAGCGAGACTCTGTCTCAAAAAAAAAAAAAAAAAA"
"GL873520","10834513","10834749","chr1","184412139","184412377","72","173577626","CCAGAAGTGGTGGCTCATGTTCATAATCCTAGCATTCTGGGAGGGGGAGGCAGGAGGATCGTTTGAGAATAGAGTTCAAGACCAGCTGGAGAAAGCACAAGAAGCATCTTTATAAAAACTAGGAAGAAAACTTAGCTGGGTATGTGAGGCACATTTGTGCTCCCAGCTACTTGGGAGGCTGAAGCAGGAAGATGGCTTAGCCCAGGAGTCAGAGGTTTCAGTGAGTTGTGATGACAC","GCATGGTGGCTCAAGCCTGTAATCCTAGCACTTTGGGAGGCCAAGGCAGGTGGATCACTTGAGCTCAGGAGTTCGAGACCAGCCTGGGCAACATGGCAAAACCTAATTTCTACAAAATATACAACAATTAGCTGGGCATAATGGCACATGCCTGTGGTCCCAGCTACTTGGGAGGCTGAGGTGGGAGGATCACCTGAGCCCAGGGAGGTAGAAGCTGCAGTGAGCTGTGATCACGCCAC"
"GL873520","11067047","11067318","chr12","132842077","132842339","84","121775030","GCAGTGGCTCATACCTGTAATATTAGCACTTGAGAGTTCGAGGCAGGAGGATCTCTTGAGCTCCAGAGTTCAAGACCAGCTGGGCAACACGGTTTTTTTCCTCCAAAAATAAATATAAAATTTAAAAAATTAACCAAGAATGATGGCATGCACCTGTAGGTCTAACAAATTAGGGGACTGAACCAGGAGGATCACCTGAACCTGGGAGCTGGAGGTTGTAGTCAGCTGTGTTATCAGTCTGGTGACAAGATGAGACCTTGTCTCACACAAAA","GTGGAGGCTCACGCCTCTCATCCCAGCACTTTGGGAGGCCCAGGCTGGAGGATCACTTGAGCCCAGGAGTTCAAGACCAGCCTGGGCAACATGGTGAGACCCTGTCCCTAAAAAAATTTAAATTAGCCAGGAGTGGTGGTGTGCACCTGTAGTCCCAGCTACTCAGGAGGCTGAGGCGGGAGGATCACTTGAGCATGGAGATTGAGGCTGCAGTGAGCTATGATCCAGCCTGGACAACAGAGCAAGACCCTGCCTCTAAAAAA"
"GL873520","11177255","11177490","chr7","153264241","153264490","74","142086986","AGCACATTGAAAGGCCAAAGAAGGAGGATCACATGAAGGCAGGAGTTAAAGATCAGCCTAAGCAACACTGAGAAACCCCATCCCTACAAATTAAAAAGAAAAATGGCATGCTCCTATAGTCCCAGCTACCTAAGAGGCTGAGGCAACATCACTGGAGCACAGGAGATTGCAGTGAGCTGTGATGACAACACTATACTCCACCCCAGCCAAAAGAATGAGACTGTCTCCAAACAAAA","AGCACTCTGGGAGGCCGAGGCAGGAGGATCACTTGAGCCCAAGAGTTCGACACCAGCCTGGGCAACATAGTGAGACCCCCATCTCTACAAAAAATAGAAAAATTACAGGCACATGCCTGTAGTCCCAGCTAATCAGGAGGCTGAGGCAAGAGGATCACTTGAGCCCAGGAGGTCAAGGCTGCAGTGAGCCATGACCACACCACTGCACTCCAGCCTGGGTGGCAGAGAAAGACCCTATCTCGAAAAAAAA"
"GL873520","11331031","11331179","chr9","136482738","136482873","39","125151707","GGCCTGGTGGGGTGGCTCACACCTATAATCCTAGCACTCCGGGAGGCTGAGGAGGGTAGATTGCCTGAGTTCAGGAGTTTAAGACCAGCCTGAATGAGAGTGAGCGAGACCAAGAATGAGACCTCATCTCTACTTAAAATAGAAAAACC","GGCCGGGCATGGTGGCTCACACCTATAATCCCAGCACTTTGGGAGGCCGAGGTAGGCAGATTGCTTGAGCTCAGGAGTTCAAGACCAGCCTGGGGAACATGATGAAACCCTGTCTCTACCAAAAACACAAAAAACT"
"GL873520","11331455","11331626","chr1","26355033","26355200","45","15023578","ATAGAAAAACTAGCTAGGCACTTGGTGGGTGCCTGTAGTTCCAGCTACTGGGGAGGCTGAGGCAAGAGGATCATTTAAGCCCAGGAGTTTAAAGTTGCTATGAGCTGTGATGACATCGTACTCTAGTCTGGGGCAATAGAGTGAGATTTTGTCTCAAGAATAAATAAATAAA","AACTAGCTGGGTGTGGCGGCGTGTGCCTGTAGTCCCAGCTACTTGGGAGGCTGAGGCAGGAGGATCACTTGAGCCCAGGAGTTCAAGGCTGCAGTGAGCTAAGATCATACCACTGCACTCCAGCCTGGGTAATAGAGTGAGATCCTGTCTCAAAAAAAAAAAAAAAAA"
"GL873520","12726775","12726901","chr14","48628295","48628431","43","35901520","TGGTGTACACATTTACCATGCTAGCTACTAGGGAAGTTGAGGCAGAAGAATCTCTTAAATTTATGACTTTGAGACCCACTTGGATAACAGAGTGAAACCCTATCTCAAATAAGGTAAAATGCAGAAA","GCTGGGTGTGGTGGCACATTTCTATAATCCCAGCTACTAGGGAGGCTGAGGCAGAAGGATCACTTGTACCAAGGAGTTTGAGACCAGCCTGGGTAACATGGCGAGACCCTGTTTCAATTTAAATAAAATTTAAAAAT"
"GL873520","12984110","12984309","chr6","160295055","160295260","61","147310945","GGTCAGTCACAGTGGCTTCTGCCTGTAATCTTAGCACTCTGGGAGGCTGAGGCAGGAAGATACCTTGAGCTTAGGAGTTGGAGACCAGCCTGAGCAAGACGGAGACCCTGAAAAACTAGCTTTAGCTGGGCATTGTGGTGGCTGCCTGTAGTACCAGCTATTCAGAAAGGTGAGGCAAGAAGACATTGCTGTGAACTAGG","GCAGGGCGCGGTGGCTCGTGCCTGTAATCCCAGCACTTTGGGAGGCCAAGGCAGGCAGATCACTTGAGCCCAGGAATTGGAGACCAGCCTGAGCAATGCAGTGAAAGCCCATCTCTACAAAAAATACAAAACTTAGCTGGGCGTGGTGGTGCATGCCTGTGATCCCAGTTACTTCGGAGGCTGAGGCACGAGAATCGCTTGAACCC"
"GL873520","13272940","13273050","chr1","204194922","204195027","30","190921982","TAAAAATAGAAAAACTAGCCAGGCATTGTGATGGGTGCCTGTAAGTCTCAGCTACTCGAGACACTGAAGCAAAAGGACTGCTTGAGCCCAAAGGTTTGAGGTTGCTGTGAG","AACTAAGAAAACTAGCCAGGCATGATGCTGCATGCCTGTAGTCCCAGCTCCTCGGGAGGCTGAGGTGGGAGGATCGCTTGAGCCCAGGAGGTTGAGACTGCAGTGA"
"GL873520","13273326","13273474","chr14","22969021","22969155","34","9695695","GCTGGGTGTGGTGGCTTATGCCTGTGCTGTAATCCTAGCACTTTGGGAGACTGAGACTGGTGGATTGCTTGAGCTCAGGAGTTTAAGACCAGCCTGAGCAAAAGTGAGACTCCATCCCCCTCATCTCGACTAAAAATAGAAAAACTATA","GCTAGGTGTGGTGGCTCATGCCTGTAATCCTAGCACTTTGGGAAGCCAAAGCTGATGGATCGCTTGAGCCCAGGAGTTTGAGACCAGCCTGGGCAACATGGCAAAACCCCATCTCTACAAAAAATACAAAAAGTA"
"GL873520","13285725","13285827","chr19","10581657","10581757","28","2704068","GCCTGGCACAGAGGAATGTACCTGAAGTTGTAGCTACTTGGGAGGCTAATGTAGGAGGATAGCTTGAGCCCAGCAGGTCAAGGCATAAAGAGATACTCTCTCT","GCTGGGCGCAGTGGGGCGCACCTGTAGTTACAGATACTTGGGAGGCTAAGGCAGGAGGATTGCTTGAGCCCGGGAGGTCAAGGCTGCAGTGAGCTAAGATC"
"GL873520","13386425","13386510","chr1","171135384","171135469","17","157748959","GACCCAGTGTGGTGGCCAACACCTATATTCCCAAGACTTTGGAGGCCAAGGAGGGAGGATCACTTGAGACCGGGAGTTCAAGTCCA","GACTGGGTGTGGTGGTCAATGCCTGTAATCCCAAAACTTTGGGAGGCCAAGATGGGAGGATCACTTGAGACCAGGAGTTTGAGACC"
"GL873520","13837374","13837426","chr12","113886085","113886132","16","100048711","GGAAGGTAAGCAAGAGGATCACTTGCACCCAAGAGTTTAAGGCCAACCAGGGC","GCCGAGGCAGGAGGATCACTTGAGCCCAGGAGTTCAAGACCAGCCTGG"
"GL873520","14195408","14195479","chr16","77525412","77525482","18","63330004","CAAGGTGGAAGGATTGCTTGAGCTCAGGAGTTGGAGACCAGCCTGAGCAAGAGAGAGACCCCACCTCTACTA","GAGGTGGGAGGATCGCTTGAGGCCAGGAGTTGGAGACAGCCTGGGCAACATAGTGATACCCTGTCTCTACC"
"GL873520","14195530","14195678","chr1","152128355","152128506","47","137932825","TAACTATGCATTGTGGTGGGCACCCAGCTACTCAGGAAGTTGAGAAAGGAAGATGACTGGTTTGACCCATGACTTTGAGGTTGCCTGTGAGCTATGATGATGCCAGGGACGCTAACCTGGGCAACACAATGAGATTCTGTCTTGTAAAA","TATCTGGGCATGCTGGCATGAGCCTATAGTCCCAGCTACTCAGGAAGCTGAGGTGGGAAGATTGCTTGAGCCTAGGAGTTCGAGGCTGCAGTGAGTTATTCATGCCACTGCACTCTAAACTGGGCAACAGAGTGAGACCCTGTCTAAAAAAA"
"GL873520","14853189","14853348","chr7","72520834","72520992","40","57667645","TTAGCTGGGTTTTGTGGTGGGTGCCTATATTCCCTGCTACGTGGGAGACTGAGACAGAAAGATCATTTGAACCCAGGAGTCTGAGGTTGCTGTGAGGTAGGCTAATGCCACAACATTCTAGCCTGGGGCAACAGAGTGAGGCTCTGTCTCAAAAAAAGAA","TTAGCCGAGCGTGGTGGTGTGCACCTGCCTTCCCAGCTACTGGGAGGCTGAGGCAGGAGGATCGATTGAGCCCAGGAGTTCGAGGCTGCAGTGAGCTAGGATGGCACCACCGAACTCCAGCCTGGGCAAAAGAGTGAGACTCTGTCTCAAAAATAATAA"
"GL873520","14853404","14853548","chr1","35356524","35356669","34","20503120","GGCCAGGTGTGGTGGCTCACACCTGTCTTAGCACTCTAGGAGGCAGGGGCAGGTGGATTGCTTGAGCTCGGGGGTTCAAGACCAGCCTGAGCAAAAGTGAGACCCCATCTCTATAAGAAAGAAAAAAAGAAAAAGAAAGAAAGAA","GGCATGGTGGTTCACACCTGTAATCCTAGAACTTTGGGAGGCTGAGGCAGGAAGATTGCTTGAGCTCAGGAGTTCCAGACCAGCCTGGGCAACATAGGAAGACCTCATCTCTGCTAAAAAAAAAAAAAAAAAAAAAAAAAAAAAAA"
"GL873520","14961854","14962134","chr1","62989763","62990046","68","48027909","GGCCAGGCACAGAGGCTCACACCTATAATCCTAGCATTCTGGGAGACCAAGGCAGGTCGATTGCTTCAGCTTGGGAGTCAAGACCAACCTGGGTGAGAGTAACATCCCATCTCTGGTAAAACTAGAAAAACTAGCCAGGTGTTGTGGTGGACACCTGTAGTCCCAGCTACTCAGGAGGCTGAGGCAAGAGGACCACTTGATTGCAGAAGTCTGAGGTTGCTGTGAGCTATGACACCACAGCACTCTATCCTCAGGGCAAAAGAGTGAAACTCTGTCTCAAA","GCTAGGCGCAGTGTCTCACGCCTGTAATCCCAGCACTTTGGGAGGCCAAGGCAGGTGGATTGCATGAGCTTAGGAGTTCAAGACCAACCTGGCCATCATGGTGAAACCCTGTCTCTACTAAAAGTACAAAAAATAGCCAGGTGTGGTAGTGCACACCTGTGGTCTCAGTTACTCAGGAGGCGGAGGTGGGAGGATCCCTTGAGCCCGGGAAGTTGAGGCTTCTGTGAGCCGTGATTGCACCACTACACTCCAGCCTGGGCAACAAAGCCAAACCCTGTCTCAAA"
"GL873520","14962157","14962175","chr10","70748075","70748093","0","55785918","ATAAAATAAAAAATAAAAA","ATAAAATAAAAAATAAAAA"
"GL873520","15341149","15341213","chr1","205199350","205199413","14","189858201","GGCCAGGAGTAGTCGTTCATGCCAGCAGTCCTAGCACTTTGGGAGGCTGAGGCAGGGAAATCACT","GGCCGAGTGCAGTGGCTCATGCCTGTAATCCCAGCACTTTGGGAGGCTGAGGCAGGAGGATCAC"
"GL873520","15603500","15603699","chr3","194266448","194266646","46","178662948","TTAAAATACAAAATTTAACTAGGTGTGGTGGTGTGACCCTGTAGTCCCTGCTACTCAGGAGGCTGAAGTGGGAGAATTGCTTGAGTCCAGGGGTTTCAGGCTGACGTGAGCTATGATCACATCACTGCACTGCAGTCCAGCCTGGGTGACAGAGCAAGACCCCATGTTTAAATAAAATGAAAAATAAAAATAAAAATAAA","TAGAATAATAAAATAATTAGCTGAGTGTGGTGGTGTGCACCTGGTAGTCCTTGCTACTCAGGAGGCTGAGGCAGGAGGATCTCTTGAGCCAGGAGGTTGAGGTTACAGTGAGCTATGATGACACCACTGTACTCCAGCACTCCAGCCTGAGTGACAGAGCAAGACCCTGCCAAAAAAGAAAAAAGAAAAAAAAAAAAAA"
"GL873520","15603975","15604100","chr8","44969533","44969656","34","29365558","GGTGTGTTGACTCATGCCTGTAGTTCCATCTACCAGGGAAGCTGAGACAGCGGGATTGCTTGAGGCTAGGAATTTGAGACCAGTCTGAGCAATAGAATGAAACCTTTGCCTAAAAAATAAAAATTA","GTGTGGTGGCTCATGCCTGAAATCCCAGCACTTTGGGAGGCTGAGACAGGCAGATGGCTTGAGCTCAAGAATTTGAGACCAGTCTGGGCAACATGGCAAAACCTTGTCTCTCTAGAAAAAAATA"
"GL873520","16288939","16288953","chr15","59755159","59755172","2","43466220","TAAAATGAAACAAAA","TAAAATAAATAAAA"
"GL873520","16288980","16289249","chr1","82482035","82482314","72","66193055","GGTTGGGCACGGAGGCTCACACCTATAATCCCAGCATTTGGGAGGCCAAGGCAGGTGGATGGATTGCCTGAGCTCAGGAGTTCAAGACCAGCCTGAGCAAGAATGAGACCCCTAAAAAATAGCCTGGCATGGCAGGTGTCTGTAGTCCCAGCTACTTGGGAGGCTGAGGCAAGAGAATCGGTTAAGCCCAGGAGTTTGAGTTTGCTGTGAGCTATGATGCCATGGCACTATACCAAGGGTGACAAAGTGAGAATATGTTTCAAGGGAAAG","GGCTGGGCATGGTGGCTCACACCTGTAATCCCAGCACTTTGGGAGGCAGAGGCAGGTGAATTGCCTGACTCCAGGAGTTTGAGACCAGCCTGGGCAACATGGTGAAAACCCATCTCTACAAAAAATTAGCCAGGTGTCATGGCACATGCCTGTAGTCCCAGCTACCCAGGAGGCTGAGGTGAGAGGATCACCTGAGCCCAGGAGGCATAGGCTGCACTGACCTGTGATCATGCCATTGCACTCCAGCCTGGGTGACAAGTGAGACTCTGTTTCAAAAAAA"
"GL873520","16713761","16714059","chr6","33919019","33919326","68","17205258","GGCTGGGTACAGTGGCTCACACCTGTAATCCTAGCACTCTGGGAGGCTGAGCAGGTGGATCACTTGAACTCAGGAGTTCAAGACTAGCCTCAACAAAAGTGAGACCTCATCTCTACTAAAAATAGAGAAATTAGCCAGTTGTTGTGGTGGGTGCCTATAGTCTCACCTATTTGGGAAGCTGAGGCAGGAGGATTGCTTAACACTGGGAGTTTGATTGCTGCAAGCTGGTCTGATGCCACAGCACTCTAGCCAGGGTGACAGACTCTGTCTCAAAAAACAAACAAACAACAACAACAAAA","GGCTGGGCACAGTGGCTCACACCTGTAATCCCAGCATTTTGGGAGGCTGAGGCGGGAGGATCACTTGAACTCAGGAGTTCGGGACCAGCCTGGGCAAAATAGTGAGACCTCATCTCTACAAAAAATAAACAAAAAATTAGCAGGTGTGGTGGTGTGTGCCTGTAGTCCCAGCTACTTGAGAGCTGAGGTAGGAGGATAGCTTGACTGTAGGAGGTCGAGGTTGCAGTGAGCCGAGATTGCACCACTGCACTCCAGCCTGGGGAACAGAACAAGACCTTGTCTCAAAAACAAAACAAAACAAAACAAAA"
"GL873520","16823190","16823416","chr18","18072528","18072742","64","1249338","AGAAGTTCAAGACTTAGCCTCAGCAAAAAAGAGACCCCTGTCTCTACTAAAAATAGAAAAATTAGCTGGGCGTGGTGGTGGCCCTGTAGCTCCTATAGTCCCAGCTACTAGAGAGGCTGAGGCAGAGGATTGCGTGAATCCAGAATTTTGAGGTTGCTATGAGGTAGGCTGAGGCCATGGCACTCTAGCCCAAGGGACAAAGCAAGGCTTTGTTTCAAAAAAAAGAA","TTGAGACCAGCCTCGGCAATATGGCAAAACTCTGTCTCTACTAAACATACAAAAAAATAGCTGAGAGTGGTGGCATGTGCCTATAGTCCCAGCTACTCGAGAGGCTGAGGAGGGAGGATCACTTGAACCTAGGAAGTTGAGGCTGCAGTGAACCATGATCATGCCACTGCACTCCAGCTTAAGTGACAGAGCAAGACCTTGTCTCAAAAAAAAAA"
"GL873520","16823679","16823767","chr11","101310524","101310608","19","84486845","GGCCAGATGTAATAGCTCTCGCCTGTAATCCTAGCATTCTGGGAGGCCAAGGCAGGAGGATCCCTTGAGCTCAGAAGTTCAAAACTTCT","GGCCAAGTGCAATAGCTCATGCCTGTAATCCTAGCACTCTAGGAGGCCAAGGCAGAAGGATCACTTGAACCCAGGCGTTTTAAAC"
"GL873520","16841001","16841217","chr12","3023384","3023607","61","13817617","AGGTCAAGAGTTCTTGACCTGATCAAAAAGTAAGACCCTGTCTCTACCAAAAATAGAAAAGATTAGCTGGGCATGGTGGTTTGCACTGGTAGTCCCAGCTACTCCGGAGGCTGAGGCAGGAGGGCCACTTGAGCCCAGGAGTTTGAGGTTGCAGTGAACTATGATGATACCATTAGCCAGGGCAACAGAGCAAGATTGTTAAAAAAAAAAAAAAAAA","AGCTTGAGACCAGCATGGGCAACATGGTGTGAAACCCCATCTCTACAAAAAATAGAAAAATCAGCTGGGCGTGGTGGCAGGCACTTGTAGTCCCAGCTACCCGGGAGGCTGAGGTGGGAGCATCACTTGAGCCAGGAGGTCGAGGCTGCAGTGAGCCAAGATTGCATCACTGCACTCCAGCCTGGGTGACAGAGCAAGAACCTGTCTCAGAAAAAAATAAAAAA"
"GL873520","16841491","16841559","chr1","12022321","12022381","20","4819170","GGATGCAATGGCTGACACCTGTAATCATAGCACTCTGGGAGGCTGAGGCAGCCTCTTTGAGGTCATGAG","GGCACAATGGCTCACACCTTAATCCCAGCACTTGGGAGGCTGCGGTGGGAGGATCATTGAG"
"GL873520","18025978","18026083","chr22","30458527","30458620","30","12432549","GCTGAGCTCACAGGTGAGGACTGCTTGAGGCTAGGAGTTCAAGACCAACCTAAACAACATAATAAGACTCTCATCTCTACAAAAAGTTTAAAAAAGAAAAAAAGAT","GGCGTGAGGATCACTTGAGGCCAGGAGTTCAAGACCAGCCTGGACAACATAGTAAGACCTCATCTCTACAGAAATAGTAATTTTTAAAAAAATT"
"GL873520","18428750","18428900","chr15","56158601","56158750","48","37729851","ACAAAATATATTTAAATTTAAGCTGGATGAGGTAGTACATGCCCATAGTCCCACCTACTAAGAAGGTTGAGGTGGGAAATCACTTGAGACTAAGAGTTCAAGTTTAACCTAGGCAATCTAAATACAATCACTTCTCTAAAAAACAAACAAA","AAAAAATACACAAGTTAACGGGGCATAATGGTGCATGCCTGTAGTCCCAGCTACTTGGGAGGCTGCGCGGCAAGAGGATCACTTGAGCCCAGGAATTCAAGTCCAGCCTGGGCAACAAAGCAAGACCCTGTCTCTTAAAAAACAAACAAA"
"GL873520","18715583","18715645","chr3","188157632","188157694","14","169442049","GGCCAGGTACACTGGCTCACACCTGTAATCTGGGCTCTTTGGAAGGCCAACTCAGTAAGATCA","GGCCGGCTGCAGTGGCTCACGCCTGTAATCCCAGCACTTTGGGAGGCCCATTCAGGAAGCTCA"
"GL873520","18994609","18994808","chr12","122209648","122209824","62","103215039","ACTAACCAGCTGTTATGGCAGGCCCTATAGTCCCAGCTACTCGGGAAACTGAGGCAAGGAGATTGCAGTTATTCAGGAGGCTGAGGCAAGATTGCCTGAGCCCAAGAGTTTAAGGTTGCTGTGAGCTATTATGCCACGGCACTGTACCCAGGGCAACAGACTGAGACTCTGTCTCACAATAATTAAGTAAAGAAAAAGAA","CCGCCAGGTACACACCTATAGTCCTAGCTACTCAGGAGGCTGAGGTAGGAGGATCACTCAGGAAGCTGAGGTAGGAGGAGTCCTGGGAGTTTAAGGCTGCAGTAAGCTAGGACTGTGCACTGCACTGCAGCCTGGGCAACAAAGCAAGACTCTGTCTCCAAAAAATAAAAAAACAAA"
"GL873520","18995090","18995224","chr8","35535333","35535466","29","16540243","GCTGGGCATGGTGGCTCAGGCTTGTAATCCTAGCACTTTGGAAGGCTGAGGTGGGTGGATTGCTTGAGTCTAGGAGTTTGAGACCAGCCTAAATGAGAGTAAGACTCTGTCTCTACTAACAAGAGAAAAACCAGA","GGCTGGGCATGTTGGCTCAGCCCTGTAATCCTAGCACTTTGGGAGGCTGAGGTGGGAGGATTGCTTGAGCCTGAGAGTTCGAGACCAGCCTGGGGAACACGGTGAAACCCTGTCTCTACAAAAAATAAAAATTA"
"GL873520","19079924","19079938","chr1","153358526","153358539","2","134278602","AAAAGAAAAGAAAAA","AAAAAAAAAAAAAA"
"GL873520","19080012","19080300","chr20","29117804","29118076","69","10037792","GGCCAGGCATGGTGGCTCATGCCTGTAATCCTAGCACTTTGGGAAGCCAGGAGGCAGGAGGTTTACTGGAAGTCAGGAGTTCAAGACCAGACTGAGTAGAAGATCCCATCTCAAGAAAAAATAGAAAAACTAGCCAGATGTTGTGCCAAGGCATCTGTAGTCCCAGCTACTCAAGAGGCTGAGGCAGGATTGCTTGAGCCCAGGAGTCTGAGGATTCAGGGTCCTATGATGACACCACTGCACTCTAACCAAGATGACAAAGTGAGACTCTATCTCAAAAAAAAAGAAA","GAGCACAGTGGCTCATGCCTATAATCCCAGCACTTTGGGAAGCCAAGATGGGAGGATTGCTTGAGCTCAGGAATTCAAGACTAGTGAATTCCCACCTCAACAAAAACTACAAAAATTAGCTGGGTGTGGTGGCATGCGCCTGTAGTCCCAGCTACTAGGGAAGCTGGAAGGATTGCTTGAGCCCAGGAAGTCAAGGGTGCAGTGAGCCATGATTGTACCACTGAACTCCAGCCTGGATGACAAAGCGAGACTCTGTCTCAAAAAATAAATAAA"
"GL873520","19096853","19097028","chrX","77781191","77781363","47","58684338","ACCCCATCTCTACAAAAAATAGAAAAATTAGCTGGGCATTGTAGCACATGTCTGTAGTTGCCGGTACTCAGGAAGCAGAGGCAGAAGGATCGCTTGCCCTAGGAGTTTGAGGCTGCAGGGAACTAGGCTGACGCCATGGCACTCTAGCCTGGGCAACAAGAGTGAGGCTCTGTCTC","CTGTCTCTACAAAAAATTTAAAAATTAGCTGGGAGTGGTGGCACACACCTATAGTCCCAGCTACTCAGGAGGCTGAGGTAGGAGGATCGCTTGAGCCTGGGAGATCGAGACTGCAGTGAGTTATGATGGCGCCACTGCACTCCAGCCTGGGTGACAGAGCAAGACCCCATCTC"
"GL873520","19124418","19124501","chr12","86867351","86867427","26","67742933","GTGGTTGACGATTGTAATCTCAGCACTCTGAGAGGCCACGGCAGGAGGATTACTTGAGGCCAGGAGTTTTGTTTTTTTGTTTTA","GTTCCTGCTTTTAATCCCAGCACTTTGAGAGGCCAAGGTGGGAGGATCACTTGAGACCAGGAGTTTGAGACCAGCCT"
"GL873520","19124805","19125041","chr7","45582388","45582615","61","26457583","TAAAGCCAGGAGTTTGAGACCAGTCCAGTCTGGGCAACATAGCCAGACTCTGTCTTTAAAAAATAAAAATAAAGAAGTTAGCTGGGTATAGTAGCAAATGCCTATAGTCTCAGCTACTTGGGAGGCTGAGGCAGGAGGATCACATGAGCCCAGGTGTTCGAGTCTACAGTGAGCTAGGACCGTTCCACTGCACTCCAGATTAAACAACAGAGAAAGACCCCATCTCAAATAAATAAA","TTGAGACCAGGAGTTCGAGACCAGCCTGGGCAGCATTGTGAAACCCCGTCTCTACAAAAATATAAGAATTAGCTCAGTGTGGTGGTGCATGCCTGTAGGCCCAGCTACTTGGGAGGCTGAGGTAGGAGGACCACTTGAGCCCAGGAGGTCAAGGCTACAGTGAACAAAGATTGTGCCACTACACTCCAGCCTTGGCAACAGAGTGAGACCCTGACTCAAAAAAAGAAA"
"GL873520","19439670","19439826","chr1","53015094","53015250","38","33575424","TAGCTGGGTGTTGTGGCTGACGCCTATAGTCCCAGCTATTCAGGAGACTGAGGCAAGAGGTTTGCTTAAGCCCAGGAGTTTGAGATTGCTGTGAGCTATGACACCATGGCACTCTACCAAGGGTGACAAAATTAGACTATCTTAAAAACAAAAAAAA","TTAGCCTCGTGTGGTAGCATGTGCCTGTGGTTCTAGCTATTCAGGAGGCTGAGGCAGGAGGATTGCTTGAGCCCAGGAGTTCAAGGTTGCAGTGAGCTATGATCATACCACTGCACTCCAACCTGGGTGACAGAGACACTATCTCAAAAAAAAAAAA"
"GL873520","19440103","19440210","chr5","140435722","140435823","24","120995619","GGCCAGATGTGGTGGCTCACACCTGTAATCTTAGCACTCTGGGAGGCTGAGATAGGTGGATTGCTTGAGCTCAGGAGTTCAAGACTGTCTTTAAAAATAGCTGGGTGT","GCCAGGCATGGTGGCTCACCCCTGTAATCTCAACACTTTGGGAGGCTGAGGCAGGTGGATAACTTGAGCTCAGGAGTTCAAGACCAGCCTGAACAACATGGT"
"GL873520","19452867","19453237","chr8","38994715","38995037","118","19541848","GGACAGGTGTGGTGGCTCACGCCTGTAAATCCCAGCACTCTGGAAGGCCAAGGCAGGTGGACCAGCCTTAAGCCTTCCTGAGCAAGGTGGACCAGCCTTGAGACCAGCCTGAGACCAGCCTGAGCAAAGTGATACCAGCCTTGAGACCAGCCTTGAGACCAGCCTGAGCAAAGTGATACCCCTTCTCTACTAAAAAAAATAGAAAAACTAGCCAGGTGTTGTGGTGGGTGCCTGTAATCCCAGCTACTTGGGAGGCTGAGGCAGGAGGATGGCTCAAACCCAGAATTTGAGGTTGCTGTGAGTTATGATGATGCCATAGCACTCTACCCAGGCCCACAGAGTCAAACTCTGTCTCAAAAAAAAAAAAGAAA","GGTCAGGCATGGTGGCTCACGCCTGTAATCCCAGCACTTTGGGAGGCCAAGTTGGGTGGATTGCTTGAGCCCAGCCTATTTATTTACTATCCTATTATGAGCTTGAGACCAGCCAGGGCAACATAGCAAAACTCCATCTCTACAAAAAATATAAAAATTAGCCAGGTGTGGTGGTGCACACCTATAGTCCCAGCTACTTGGGAGGCTAAGGTGGGAGGATCGCTTGAGCCTGGGAGGTGGAGGTTGCAGTGAACCAAGATCGTGTCACTGCACTCCAGGCTGGGCGACAGAGTGAGACATCTTCTCAATTAAAAAAAAAAAAA"
"GL873520","19597396","19597525","chr5","155192496","155192628","35","135595100","GCCAGGCATGATGGCGTGTGCCTGTAGTCCCAGCTATTTAGGGGGCTAACGTGGGAAGGTTGCTTAAGTTTAGGATTTCAAGAACAACCACAGCAACAGTGAAATTCTGTCTCAACAACATCAACAAAAA","GCCAGGCATGGTGGCTCATGCCTGTAATCCCAGGCACTTTGGGTGGCTAAGGTGGGTGGATCACTTGAGCCTAGGAGTTCAAGACCAGCCTAGGCAACATGGTGAAACTCTGGCTCTTCAAAAAATACAAAAA"
"GL873520","19646140","19646214","chr16","84186145","84186218","17","64540005","GAGTTTGAGGTTGCCATGAGCTGTGATGATGCCACAGCACTCTAACCAGAGCAAGAGTGAGAGTCTGTCTCAAAA","AGATTGAGGCTGCAATGAGCTGTGACAGTGCCACTGCACTCCAGCCTGGGTGAGAGTGAGAGCCTGTCTCGAGA"
"GL873520","19646471","19646680","chr1","53475640","53475847","55","33829169","GGCTAGGCACAGTGGCTCATGCCTAGAATCCTAATACTCTGGGAGGCTAAGGACAATAGATTTGCTGAGCTCAGGAGTTCAAGACTAGCCTGAGCAAGAGTGAGACTCCGTCTCTACTAAAAATAGAAAAATTAGCCAGGCCTGCGGCGGGCATCTGTAATCCCAGCTACTCAGGAAGCTGAGTCAAGAGGATCAAGAATTTGAGGTTGC","GCCAGGCACAGTGGCTCACACCTGTAATCCTACACTTTGGGAGGCCAAGGCGGACAGATCGCTTGAGCTCAGGAGTTCGAGACCAGCCTGGGCAACATGTTGAAACCCCGTCTCTATAAAAAACACAAAAATTGGCCTGGTGTGGTGGTGCGTGCCTGTAGTCCCAGCTACTCAGGAGGCTGAGATGGAAGGATTGCTTGAGCCTGGG"
"GL873520","19829693","19829801","chr2B","211630827","211630935","30","191801134","TTGAGGCTGCAGTATAGCATGATTACACCTGTGAATATTCACTGCACTCCAGCCTGGTGACACAGGGAGACTTCAACTCAAAAAACAAAAAAACAAAGGAAAAAGAAAA","TGAAACTGGGAAGTTGCTGCAGTGAGCTGAGATCACACTACTGCACTCCAGCCTGGATGACAGAGCGAGACCACATCTCAAAAAAAAAAAAAAAAAAAGGAAAAGAAAA"
"GL873520","19829941","19830167","chr1","75524436","75524665","53","55694495","GTCAGGTGTTACGGCTCATGCCTATAATCCTTAAACTTTGGAAGGCTGAGGCAGGAGGGTTATTTGAGGTCAGCAGTTGGAGACCAGCCTGAGCAAGAATGAGATGCTATCTCTACAAAAAATAGAAAAATTAGCCAGGCATGGCGGCATACGCCTGTAGTCTCAGTTACTTGGGAAGTTGAGATAGGAAGCTCACTTGAGTTCAGGAGTTCCAGGTTGCAGTGAGC","GCCTGGTGCCATGGCTCACACCTGTAATCCCAAAACTTTGGGAGGCTGATGCAGGTGGATTGCTTGAGTTCAGGAGTTTGAGACCAGCCTGGGCAACATGGAAAAGCCCCATCTCTACAAAAAATACAAAAATTAGCCAAGCATATTGGCCTGCGCCTGTAGTCCCAGCTACTTGGGAGGCTGAGGTGGGAGGATCGCTTGAGGCCAGGATATCGAGGCTGTAGTAAGCC"
"GL873520","20258539","20258747","chr1","26308582","26308805","61","6050043","CGTGATGGCTCACTCCTGTAATCCTGCACTCTGCAAGGCCGAGGTGGGAGAATCACTTCAGCTCAGGAGTTTGAGACTACCCTGACCAAGAGTAAAACCCTGTCTCTGTTAGAAAAACTAGCTTGGCAGGCATTGTGGTGAGCGCCTGTAATCCCAACTACTTGGGAGGCGGAGGCAAAAGGATCTCTTGAAGCCAAAGAGACTGCAGT","CTGGGTGCAGTGGCTCGCACCTGTAATCCCAGCACTTTGGGAGGCCGAGGCGGGCAGATCACTTGAGACCAGGAGTTCGAGACCAGCCTGAGCAACATAGAGAAACCCTGTCTCTACTAAAAATACAAAAATTAGCCAGGCATGGTGGTGTGTGTCTGTAGTCCCAGCTACTTGAGAGGCTGAAGTGGGAGGACTGCTTGAGCATGACAGGTCGAGGCTGCAGT"
"GL873520","20714166","20714262","chr8","38692653","38692753","27","17978487","CTGTGCCCAGAATTTTGAGGTTGCTGGGAGCTGTGATGCCAGAGCACTCTACCCAGGGCAACAAAGTGAAACTTTGCCTATAAAAAAGAAGAAAAAA","GCTTGAACCCGGGAGGTGGAGGTTGCTGTGAGCTGAGATCGCGCCACTGCACTCCAGCCTGGGCAACAAGAGTGAAAGTCCGTCTCAAAAAAAAGAAAAAA"
"GL873520","20714357","20714549","chrX","19208534","19208734","58","1505823","GCGCAGTGGCTCACACCTGTATTCCTAGCACACTGGGAGGCCATGACAGGTGGATTGCCTGAGCTCAGGAGTTGGAGACAGCCTAAACAAGAGCAAGACCATCTCTGAAAATAGCCAGCACTGTGGCCAGAGCCTATAGTCCCAGTTACTCAGAAGGCTTAAAGCAAGAGGATTGCTTGTGCCCAGAATTTTT","GGGCATGGTGGCTCATGACTATAATCCCAGCACTCTGGGAGGCCGAGGCAGGTGGATCTCTTGAGCCCAGGAGTTTGAGACCAGCCTGGGTAACATGGTGAGACGTGGTCTCTACAAAAAATTAGCCAGGCATGATGGTATGTGCCTATAGTCCCAGCTACTCAGGAGGCTGAGGCAGGAGGACCGCTTGAGCCCAGGAGG"
"GL873520","21947004","21947071","chr7","25491116","25491182","13","3544112","GAGGTCAGGAGTTGGAGGCCAGCTTGAGCGAAACTGCGAACCACCATCTCTACTAAAAATAGAAAACA","GAGCTCAGGAGTTTGAGACCAGCCTGGGCAACACAGTGAAACCCCATCTCTACTAAAAATACAAAAA"
"GL873520","21947099","21947267","chr1","151076684","151076838","53","129129585","AAACTAGCTGGTCATGGTGGCAGGCACTTGTAGTTGTACAGGACTACTGGGAAGTAGTCCTCTTGCTGAAGCAAGAGGAATTCTTGAGCTCAAGAGTTCAAGGTTGCCATGAGCTATGATGCTATGGCACTCTACCCAAGGGCAACAGAGTGAGACTCTATGTCTAAAA","AATAAGCTGAGCATGGTGGTCCATGCCTCTAGTCCTAGCTACTCAGGAGGCTGAAGCAGGAGGACCACTTGAGCCCAGGAGTTTCAGGTTGCAGTGAGCTATGATTGTACCACTGCACTCCAGCCTAGGCAACAGAGTGAGACCCTGTCTCAAAA"
"GL873520","22306739","22306919","chr15","65732462","65732652","47","43425723","GGCCAGGCACAGTGACTCATGCCTGTAATTCTAGCACTCTGGGAGGCTGAAGTAAAAGGATTACTTGAACTCGAGTGTTGAGACCATCTAGGCAACAGTGAGATCCCACCTCTACTAAAATTACAAAACAATTATTCAGGCTTTATGGCAGACATCTGTGGTCCCAACTACTGGGGAGGCT","GGCCAGGGGCAGTGGCTCATGCCTGTAATGCTAGCACTTTGGGAGGCTGAGGTGAGAGGATCACTTGAGCTTGGGAGTTTGAGACCAGCCTGAGCAACATGGTAAAAACCCGTCTCTACAAAAAATACAAAAATAATTAGCCAGGTGTGATGGCGTGCATCTGTAGTGCCAGCTACTCGGGAGGGTGAGAC"
"GL873520","23968712","23968862","chr1","151076684","151076838","43","127107972","AGTTTGTAAAATAGCCAGGCATGGTAGTGCCCAGCTACTCAGAAGGCTGAAGCAAGAGGACTGCTTGGACCCTGGAGTTTGAGGTTGTAGTGAGCTGTGACGATACCACTGTACTGTAGCTCAAGCCAAAAAAGCAAGATCCTGTCTCAAA","AATAAGCTGAGCATGGTGGTCCATGCCTCTAGTCCTAGCTACTCAGGAGGCTGAAGCAGGAGGACCACTTGAGCCCAGGAGTTTCAGGTTGCAGTGAGCTATGATTGTACCACTGCACTCCAGCCTAGGCAACAGAGTGAGACCCTGTCTCAAAA"
"GL873520","23969138","23969250","chr19","45830327","45830434","35","21861189","CACATGTAATCTAGCGTTTTGAGAGGGTGAGGTGGAAGGATGGCTTGAGGCCAGGGGGTCAAGACCAGCCTGGCTGAGTGACATAAGACTTATCACTACGAAAAGTTTGTAAA","GCCTGTAATCCCAGCACTTTGGGAGGTTGAGGTGGGGGGGTTGCTTGAGCCCAGGAGTTCAAGACCAGCCTGGGCAACATGGCAAAAACCCATCTTTACAAAAAAAAA"
"GL873520","23976817","23976899","chr1","50487356","50487438","33","26510539","CAAAAAAAAAAAAAAGTTTGAAGTTGCTGTGAGCTATGACGCCATAGCACTCTGAGGGTGACAAAGTGAGACTGTCAAAAAAA","CTTGGGAAGTTGAAGCTGCAGTGAGCTGTGATTGCACCACTGCACTGCAGTCTGGGTGACACAGTGAGACCCTATCTCAAAAA"
"GL873520","23977177","23977383","chr1","28317415","28317634","56","4340238","GGCCAGGTACGGTGGCTCATGCCTGTAGTCCTAGCACTTTAGGAGGCCGAGATGGGTGGATTATCTGAGCTCACAGGTTTATGACCTGCCTGAGCAACAGCGAGACCTCATCTCTAAAAACAGCTGGGCGTTGTGGCAGGTGCCTGTAGTCCCAGCTACTTGGGAGGCTGAGGCAAGAGACTCGCTTGAGCCTAAAAGTTTGAAGTT","GGCCGGGTGCGGTGGCTCATGCCTGTAATCCCAGCACTTTGGGAGGCCGAGGCGGGTGGATCATTTGAGCTCAGGAGTTCGAGACCAGCCTGGCCAACATGGTGAAACCCCGTCTCTACTAAAAATACAAAAATTAGCCGGGTCTGGTGGCTCACACCTGTAGTCCCAGCTACTTGGGAAGCTGAGGTAGGAGGATTGCTTGAGCCCAAGAGTTTGAGAC"
"GL873520","23984957","23985285","chr11","13315381","13315714","85","10669576","GGCTGGTCACAGTGGCTGACAACTATAATCCTACCACTCTGGGAGGCCAGAGCAGGTCGATTGCTTGAACTCAGGAGTTTGAGACCAGCATGAGCAAGAGTGAGGCCCGGTCTCTACTTAAAGTAGAAAAACTAGCTGGGCATTGTGGTAGGTGCCTGTCGTCCCAGACACTTCAGAGGCTGAGTCAGGAGGATCACTTCAGCCTAGAAGTCTTAACATTGCTGTGAGCTACGGTGATGCTACGTCACTCTAGCCAAAGTAACAAGTAAGACTCTGTCTCCAATAATAATAATAACTAAATAAATAAATAAATATTAAAAAACCAAAAA","GGTCTGGCGCAGTGACTCACGCCTATAATCCTAGCACTTTGGGAAGCTGAGGTGGACAGATCACTTGAGCCTAGGAGTTTGAGACCAGCCTGGGCAACATGGTGAAACCCCATCTCTACTAAAAGATAACAAAAATTAGCCGAGCATGGTGGCACATGCCTGTAGTCCCAGCTACTTGGGAGGCTGAGGTGGGAGGATCCCTTAAGCCTGAGAGGTGAAGGCTGCAGTGAGCGATGATCATGCCACTGCACTCCAGCCTAGGTGACAGAGTGAGACCCTGTCTCAAAAAAAATTAAATAAATAAATAAATAAATAAATAAAATAAAAAGAAAAA"
"GL873520","24076993","24077192","chr15","42378526","42378710","58","18301533","GAGACCCTGTCTTTATAAAAAAATATACAGAAAAAAAAATTAACTGGGTGTTGTGATGTGTGCCTGTAATTTATAGCTACTCAGGAGGCTGAGCCAGGAAAATTGCTCGAGCCCATCAGTTTAAAGTTATAATGAGCTATAGAGATGACACTGTACTCTAGCCATAGGAACAAAGCAGGGCCTTGTCTCAGATAAATAAA","TGACCCCATCTCTATTAAAAGAAAAAAAAATTACCTGGGCATAGTGGTATGCACCTGTATTCCTAGCTACTCAGGAGGCTGAGGTGGGAGGATCGCTTGAGCCCAGGAGTTTAAGGCTGCAGTGAGCTATGATTGCACCACTGCACTCCAGCCTGGGTGACAGAGCAAGACCTTGTCTCAAAAAA"
"GL873520","24077455","24077564","chr11","64413121","64413226","24","40335666","CCAGAAGCCATGGCTCATGCCTGAAATCCTTGCACTTTGGGAGGCTGAGATGGGAGGATTGCTTGAGGCCAGGAGTTTAAGATCACCCTGAGCAAGAGTGAGACCCTGCC","GCAGTGGCTCATGCCTGTAATCCCAGCAGCTTTGGGAGGTCGAGGTGGGAGGATTGCTTGAGTCCAGGAGTTTAAGAACAGCCTGAGCAACAATAGTGAGACCTCG"
"GL873520","24119939","24120127","chr19","4260754","4260938","43","19859185","GAAAGAAAAGAAAAGAAAAGAAAAAACTAGCCAGGTGTGGTGACATGCACCTGTAGTCCCAGGTACTCAGAAGACTGAGGCAGGAGGATCACTTAAGCACAGGAGTTCAAGGCTGCAGTGAGCTATGATCATGCCATTGTTCTCCAGCCTGAGTAATGAAGCAAGACCCTGATTCAAAACAAACAAAAA","TAAAAATAAAATAATAAAATAAGTTAGCCAGGTGTGATGTCGCGTGCCCATAGTCCCAGCTAATCAGGAGACTGAGGTGGGAGGATCTCTTGAGCCCAGGAGATCAAGGCTGCAGTGAGCTATGATCTCACCACTGCACTCCAGCCTGGGCAACAGAGCAAGACCCTGTCTCAAAAAAAAAAAAA"
"GL873520","24120406","24120554","chr7","64236111","64236253","31","40115705","GGCTGAGCAAAGAGGCTCGTGCCTGTGATCCAACACTTTGGGAGGCCAAGGTAAGAGGACTGCTTGAGGCCAGGAGTTTGAGACCAGCCTGGGCAACACAGTGAGACCCTATGTCTACCCCCCAAATTTTAAAACTAGCCAGGAGTGGG","GGCTGGGCATGGTGGTTCTTGCCTGTAATCCCAGCACTTTGGGAGGCTGAGGTAGGAGGACTGCTTGAGGCCAGGAGCTTGAGACCAGCCTGGGCAACATAGTGAGACTCCATCTCTACAAAAAAGTTTAAAAATTAGCCATG"
"GL873520","24205782","24205809","chr4","50872461","50872488","4","26666679","GGCCAGGTACAGTGGCTCAGGCCTGTAA","GGCCAGGCATGGTGGCTCATGCCTGTAA"
"GL873520","24206089","24206353","chr8","38450519","38450795","74","14244430","TTCATGCCTGTAATCCTAGCACTTGACCAAAGTAGATGTTTGTTTGAGGTCTTGAGTTTGAAAACAGCCTGAGCAAGAGGGAGAACCCATCTCTACTAAAAATAGAAAAACTAGCTGGGCGCTGTGGTAGGCATCTGTAGTCCCAGCTGCTCAGGAGGCTGAGGCAAGAGGATCACTTGAGCTCAGGAGTTTGAGGTTGCCGTGAATTATGATGCAATGGCACTCTACCCAGGGTGACAGAGTCAAACTATTTCAAAAAGAAAAA","TCATGCCTGTAATCCTAGCACTTTGCCAAGGTGGGTGGATTGCTTGAGTCTGGGAGTTTGAGACCAGCTGGGGCAACATGGCAAAACCCCATCTCAAAAAAAAATAGAAAAATTAGCCAGGTATGTTGGTGCACACCTGTAGTCACAGCTATTTAGGAGGCTGAGGCAGGAGAATTGCTTGAGCTGGGGAAATGGAGGTTGCAGTGACCTGAGATCATGCCACTGTACTCCAGCCTGGGTGACAGAGTGAGACCCTGTCTTCCAAAAAAAAAAAAAA"
"GL873520","24330161","24330280","chr1","62497910","62498028","33","38167749","GTGATGGCTCACGCCTATAATCCTAGCACTCTGGGAAGGTGGAAGTGGGCCTGAGCTCGGGAGTTTGAGACCAGCCTGAGCAACAGCAAGACTCTTTCTCAAAAAAAAAAAAAGCCAGAT","GTGTGATGGCTCACGCCTATAATCCCAGCACTTTGGGAAGGATAGTTTGAGCCGAGGAGTTTGAGACCAGACTGGGCAAAATAGCAAGATTCCATCTCTACAAAAAAATTAAAAAATTA"
"GL873520","24330554","24330700","chr9","96758608","96758759","36","72428054","TAGCTGGATGTTGTGGTGGATGCCTGTAATCCCAGCTACTTGGGAGACTGAGGCAAGAAGATCACTTGAGCCCAGGAGTTTGAGGTTGCTGTGAGCCACAGCACTCTATCCAGGGTAACAAAGTGTGAAACTGTCTCCAACAAAAAA","AATTGGCCAGGCGTGGTGGGATGCACCTGTAGTCCCAGCTACTTGGGAGGCTGAGGTGGGAGGATTGCTTGAGCCCAGGAGTTTGAGGTTGCAGTGATCACACCACTTTACTCCAGGCTGGACAACAGAGCGAGACCCTGTCTCAAAAAAAA"
"GL873520","24411858","24411868","chr12","124547022","124547032","0","100135164","ACAAAAAACAA","ACAAAAAACAA"
"GL873520","24412117","24412421","chrX","45065958","45066257","81","20653841","GGCACAGTGGCTCATGCTTATAATCCTAGCATTCTGAAAGGCTTAGGTGGGAGGATCACTTGAGCTTGGATCACTTGATCACTTGAGTTCAAGACTAGACTCTTTGAGTGAGACCCTGTCTCTACAAAAAATAGAAAAATTAGCCAGGCATTGTGGCAAGCACCTGTAGTTCCAGCTACTCAGGAGGCTGAAGCAGGAGTTTCACTTGAGCCCAGGAATTTGAGGTTGCTGTGAGCTAGGCTGATGCCACAGCACTCTGCCAGGGTGACAGAGCAGGACTCCCTCAGAAAAACAGTTACAAAAAA","CAGGTGTGGTGGCTCACACCTATAATCCAAGCACTTTGGGAGGCCAAGGTGGGAGGATCACTTGAGGCCAGAAGTTCGAGAGACCAGCCTGGGCAACATAGGGACACCTTGTCTCTACAAAAAATAAACAAAATTAGCCAGACGTGGTGGCTTGTGCCTGTAGTCCCAGCTACTCTGGAGGCTGAGGCAGGAGAATCACTTGAGCCCATGAAGCAGAGGTTGCAGTGAGCTGAGATCATGCCACTGCACTCCAGCCTGGGTGACAGAGCAAGACCTTGTCTTAAAAACACACACAAAAAA"
"GL873520","24450616","24450734","chr1","30884206","30884319","31","6433590","GCCAGGTGCAGCAGCTCATGCTTGTAATCCTAGCACTCTGGGAAGCCAAGCCCAAAAGATTGCTTGAGCTCAGGAGTTCAAGAGTGAGACCTGGGCTCTACTAAAAATAGAAAAAATTA","GGCCTGGCACGGTGGCTCATGCCTGTAATCCCAGTACTTTGGGAGGCCAAGGCGAGAGGATCACTTGAGCTCAGGAGTTCGAGGCCAGCCTCAAACTAAAAATACAAAAAATAA"
"GL873520","24451019","24451198","chr1","23483039","23483225","49","967980","AAATAAATAATAAGAATAGAAAAAATTAGCCAGGTGCTATGCTGTGCATCTGTAGTCCCAGCTATTGGAGAGGCTGAGGCAGGAGGATCACTTGAGCCCAGGCATTTGAGGTTTCAGTGAGCTATTATGAGGCCACTGTACTCTACCCAGGACAACAGTGTTTAAAAAAAAAAAAAAAAA","ATTACAAAAAATTAAAAAAAAAATTAGCCAAGTGCTGTGACACACACCTGTAGTCCCAGCTATTTGGGAGGCTGGGGTGAGAGGAGCCCTTGAGCCCAGGAGTTCGAGGTTGCAGTAAGCTATAATCATGCCACTGCACTCCAGCCTGAGTGACGGAATGAGACACTGTCTTAAAAAAAAAAAAAAA"
"GL873520","24514481","24514592","chr11","10043633","10043748","30","14470848","AAAAGAGGATTGCTTAAGCCCAAAAGTTTAAGGTTGCTGTGAGCTGTGACACTACAGCACTCCACCGAGGGTGATATAGTGAGACTCTTATTCAAAAAACAAAACAAACAAA","AGGTGGGAGGATCGCTTGAGCCCAGGAGGTCAAGGCTGCTGTGAGCCGTGACCGTACCACTGCACTCCAGCCTGGGTGATGGAGCAAGACCTTGACTCAAAAAAAAAAACAAAAAA"
"GL873520","24514871","24515060","chr2B","181819891","181820074","50","157305020","GGTTGGGTGCGGTGGCTCATGCCTGTAATCCCAACACTCTGGGAGGCTGAGGCTGGTGGATTGCTTGAGGTTAGGGGTTTGAAACCACGCTGAGCAAGAGCAAGACCCCAATCTCTAAAAGTAGCTGGGGGTAGTGGCAGCCATCTGTAGTCCCAACTACTTGGGAGGCTGAGGCAAGAGGATTGCTTAA","GGGTGTGGTGGCTCATGCCTGTAATGCCAGCACTTTGGGAGGCCAAGGCAGGCGGATTGCTTGAGCTCAGGAGTTTGAGACCAGCCTGGACAACATGGGAAATCCCATCTCTACAAAAAATTAGCCAGGTGTGGTGGCATGCACCTGTAGTCCCAACTACTCAGGAGGCTGAGGTGGGAGGATC"
"GL873520","24531725","24531992","chr4","166490541","166490817","77","141958816","CCAGGTGCAGTGACTCACACCTATAATCATAGCACTCAGTGGGAGGCTGAGCCATGTGGATTGCCTGAGCTCACAGGTTTGAGACCAGCCTGAGCAAGAGCGAGACTCCGTCTCTGAAAAAATAGCCAGGTGTTGTGGCAGGTGCCTGTAGTCCCATCAACTCAGGAGGTTGAGACAAGAGGATTCACTTGAACTCAAGAGTCTGAGGTTGCTGTGAGCTATGATACTACAGCACTCTACCGAAGGTGACAAAGTAAAACGCTGTCCT","CAGGTGCAGTGGCTCACACCTGTAATCTCAGCACTTTGGGAAGCCGAGGCAGGTGGATCACTTGAGCTCAGGAGTTTGAGACCAGCCTGGCCAACATGGCAAAACCCTATCTCTACAAAAAATTAGCCAGGCATGGTGGCATGTGCCTGTGGTCCCAGCTACTCTGGAGGCTGAGGTTGGAGGATCACTGGAGCCTAGGATGTGGAGGTTGCAGTGAGCCAAGATTGTACCACTGCACTCCAGCCTGGGTGACAAAGTGAGACCCCATCTCCAAAAA"
"GL873520","24532252","24532289","chr12","6739360","6739391","10","17792892","CCTGGCTTAAAACTCTGTCTTTAAAAAAAAAAAAAAAA","ATCCAAGACCCTGTCTTAAAAAAAAAAAAAAA"
"GL873520","24561906","24562065","chr5","131887533","131887691","36","107325627","TTAGCCAGTTGTTATGGCAGGCACCTGTAGTCCCAGCTACTCAGGAGATTGAGGCAGGAGGATTACTTGAACCCTGGAGTGTGAAGTTGTAGTGAGTGAGGATGAGGCCCTGGCACTCTAGCCTGGGCAACAACAGAGTAAGACTGTCTCAAAAAAGAAA","TTATCCAGGTGTGGTGGTAGGTACCTGTAGTCCCAGCTACTCAGGAGGCTGTGGTAGGAGGATAGCTTGAGCCCAGGAAGTTGAGGCTACAGTGAGCTGTGATTGTGCCACTGCACTCCAGCCTGAACAACAGAGCAAGACCTTGTCTCAAGAAAGAAA"
"GL873520","24562313","24562436","chr10","102649860","102649983","28","78087547","GTGTCTTACATCTGTAATCCTCACACTTTGGGAGCACAGGGTGGATGGATCTCTTGAGCTCAGGAGTTTGAGACCATCCTGAGCAAGAGTGAGACAGTATCTCTACAAAAAAATAGAAAAATCG","GGTGGCTCACACTGGTAATCCCAGCACTTTGGGACACCAAGGCAGGTGGATCACTTGAGCTCAGGAGTTAGAGACCAGCCTGCGCACATAGTGAAACCCTGTCTCAACAAAAAATACAAAAATA"
"GL873520","24562774","24562915","chr6","73955140","73955281","27","49392366","GGCTGGATGTGGTCACTCATGCCTTTAATCTTAGCACTTTGGAAGGCTAACATGGGAGAATTACTTGAGGCCAGGGGTTTGAGACCAGCCTGGGTAACACAGTGAGACCCCATTTCTAAAAAAAAAAAAAAATATATATATA","GGCTGGGTGCTGTGGCTCACGCCTGTAATCCTAGCACTTTGGGAGGCTGACGCAGGAGGATCACTTGAGCCCAGGAGTTTGAGACCAGCCTGGGCAACCAAGTGAGACCCTGTTTCTACAAAAAAAAAAAAATAGAAAAAAA"
"GL873520","24562937","24563087","chr19","35016844","35016992","41","10453907","ATAAATATTAGCCAGGGATGGCAGCACTTGCCTGTAGTCCCAACTATTTGGAAGGCTAAATAAAGCAAGAGGATTGCTTGAGCCCAAGAGTTTTAGGTTGCCATGAGCTAGGATGACACCACTGTACTCTATCCTGAGCCACACAGAGAGA","ATAAAAATAAGCCAGGTTTGGTGGCACATGCCTGTAGTCACAGCGACTTGGGAGGCTAAGGCAGGAGGATTGCTTGAGCCCAAGAGGTCGAAGCTGCAGTGAGCCATGAGCTCACCACTGCACTACAGCCTGGGCTACAGAGCAAGACC"
"GL873520","24575383","24575580","chr19","4784815","4785003","50","19790568","GGCCAGGTGTGGTGACTCACCCCTATAATCCCAGCACTCTTTGAGGCCAAGGTGGAAGGATCACTCGAGACCAAGAGTTCAAGAACAGCCTGAGCAACATAGCCAGAACTCCTCTCTACAAAAATAGAAAAATTAACTAGGCACTGTTGTACACAACTGTAATCCCAGCTATGGGGGAGGCTAAGGCAAGAGTATCTC","GGCCGGGTGTGGTGGCTCACGCCTGTCATCCCAGCACTTTGGGAGGCCAAGGCAGGTGGACCACTTGAGGCCAGGAGTTCAAGACCAGCCTGGACAACATGGTGAAACTCCATTTCTCCTAAAAATACAAAAATTAGCTGGGCGTTGTGGCACACACCTGTAGTCCCAGCTACTCGGGAGGCTGAGGCA"
"GL873520","24575875","24575985","chr16","54066802","54066913","21","29490927","AGGAGGACTTCATGAGGCCAAGAGTTTGAGGTTGCAGTAGCTATGGTCATGCCATTGCATGCTAGCCTGGGCAACAGAATAAGACCCTGTCTCAAAAAAAAAAAAAAAAAA","AGGAAGATCACTTGAGCCTAGGAGGTTGAGGCTGCAGTGAGCTGTGTTCATGCCACTGCACTCTAGCCTGGGAAACAGAGCCAGATCCTGTCTCAAAAAAAAAAAAAAAAAA"
"GL873520","24614027","24614196","chr3","189241423","189241586","36","164627396","TTAGCCAGGCATGGTGGCACATGCCTATAGTCCAAACTATTCAGGAGGCTAAGGCAAGAGCATCATTTCAGCCCAGGAGTTTCAGGCTGCAGTGAGCTATGATATCCTACTACACTCCAGCCTAAGTGACAGAGTAAGATCCCATCTCTAAGAAAAAATTTAAAAATAAA","TTAGCCAGGCATGATGGTGCATGCCTATAGTCACAGCTATTTGGGAAGCTGAAGCAGGAGGATATCTTGAGCCCAGGAGTTTGAGGATTGCAGTGAGCTATGATCACACTACTGCACTCCAGCCTATGTGACAGAGTGAGACCCTGTCTCAAAAAAAAAAAGAA"
"GL873520","24614468","24614601","chr18","64942649","64942792","34","40328181","GTGGTGGCCCATGCACATCATCCCAGCACTTTGGGAGGCGAAGGCAAGGAGTATTGCTTGCGGTCAGGAATCTGAGACCAGCCCAGGCAACACAAGAGCCCATCTCCACAAAAATAAAAAATTTGCCAGGCATT","CCAGGCATGGGTGGCTCATGCCTATTATCCCAGCACTTTGGGAGGCTGAGGCAGGAGGATTGCTTGAGGTGAGGAGTCTGAGACCAGCCTGGTCAGCACAGTGAGACCCTATCTGTACAAAAAATTAAAAAATTAGCCAGATGT"
"GL873520","24698626","24698725","chr10","37995824","37995924","26","13297198","TGTAAGCCCAAGTTTGAGGTTGCTGTGAGCTATGAAGTTGCCACCGCACTTCAGCCCTCGTGACAGAGAGAGACTGTCTCAAAAACAAAATTAAAAAAAA","AGAGCCCAAGAAGTTGAGGCTGCAGTGAGCTATGATTGTGCCACTGCACCCCAGCCTGGGTGACAGAATGAGACCCCGTCTCAAAAAAAATAAAAATAAAA"
"GL873520","24699007","24699208","chr1","37627847","37628063","58","12928840","GGCTTGGTGGCTCATACCTGGAATCCTAGCACTTTGAGAGGCTGAGGTGGGTGGAACTGCATAAGCCTAAGGAGTTCAAGACCAGCCTGAGCAAGAGTGTGACTCCCATCTCTACTAAAAATAGAAAAACTAGCCAGGCATGGCGCCTCCATTCCCAGCTTACTGGGGAGGGTGAGGGTAGAGGAGCTCTGAAGTGCAAGAG","GGCCAGCCATGGTGGCTCACACCTGTAATCCTAGCATTTTGAGAGGCCGAGGCAGGTGGATTGCTTGAGCCCAGGAGTTCAAGACAAGCCTGGGCAACACAGTGAAACCCCATCTCTATAAAAAATATGAAAAATTAGCCAGGCATGGTGGCAGGTGCCCATAGTCCCAGCTACTCAGGAGGTGGAGGTGGGAGGATCACTTGAACCCAGGAGGTTG"
"GL873520","24703201","24703492","chr11","47598528","47598812","87","22895327","TGGCTTTTGCCTGTAATCCTAGCATTTTGCAAGGCTGAGGTAGGAGGATCCTTTGAGGCCAGGAGTTTGAGACCAGCCTTGTGCAACTTAGCAAGACTTTGTACCTACAAAAAACTTTAAAATTAGCCAAGCATAGTCCAGCTAATTAGCAGTACAGTCCCAGGATGCTGAAGCAGGAAGACAGATTGAACCCAAGAGTGAGGTAATGAGCTGTATCACACTATTGTACTCTAATCTTGGTAAACAGAGTGAGACTCTGCCTCTAAAAAATATTTTAAAAATTTAAAAAACC","GGATTATGCCTATAATCCCAGCACTTTGGGAGGCTGAAGCAGGAGGTTTACTTGAGCCCAGGAGTTTGAGACCAGCCTGGGCAACACAGACCTGTCTCTACAAAAAATTTAAAAAATTAGCCAGGTGTGATGGCACACACCTGTAGTCCAAGCCACTTGGGAGGCTGAAGCGGGAGGATCGCTTGAGCCCAAGAGGTTGAGGCTGCAGTGAGCCATGATCGCACCACTGTACTCCAGCCTGGGTAACAGAGCGAGACCCTGTTTCAAAAAAAAAAAAAAAAAAGA"
"GL873520","24722065","24722251","chr19","39412956","39413144","52","14690891","TTTTTAAAGTAAAAATAAAAAAACTAGTTGGGTGTACTGACTGGCACATGTCAGTGGTCCCAGCTACTTGGGAGACTGAAGCAAGAGGATCACTTGTATCCAGGAAGTTGAGGTTGCTGTAAGCTAGGATGTCACCATAATCCTCCCAGGGCAACAGATTAGACTATCTCAAAAAAAAAAAAAAAAA","TATCCAAGTAATTTTTTAAAAATTAGCTGGGCGTGGTGGCGCGTGCCTGTAGTCCCAACTACTTGGGAGGCTGAAGCGGGAGGATCACTTGAGCCCAGGAGGTTGAGGTTGCAGTAAGCCATGACCACACCACTGTACTCCAACCTGGGCAACAGAGCAAGACCCTGTCTCCAAAAGAAAAAAAGAAAA"
"GL873520","24722513","24722648","chr22","40699320","40699454","27","15976807","GGCCAGGTGTATTGGCTCATACCTGTAATCTTAGCATTCTCGGAGCCCAAGCAGGGTGGACTGCTTGAGTGCAGGAGTTCAAGATCAGCCTGAGCAAGAGTGAGACTTCATGTCTACTAAAAATAGAAAAACTTGG","GGCCAGGTGTGGTGGCTCATACCTGTAATCCCAGCACTCTGGGAGGCTGAGATGGGAGGATTGCTTGAGTGCAGGAGTTCAAGACCAGCCTGAGAAAAATGGTGAGACTGTCTGTACAAAAAATAAAAAATAAGG"
"GL873520","24798738","24798999","chrX","41359591","41359865","70","16560853","CTGGACTTGGTGGCTCACGCCTGTAATCCTACCACTCTGCAGGCTGAGGTGGGTGGATTGCTTGAGCTCAGGAGTTTGAGACCAGTCTGAGCAAGAGCATGACCCTTGTCTTTAAAAGTATTGGGTATTGTGGTGGGCGCCTGTAGTCCCAGCAACATGGGAGGCTGAGGCAAGAGAATCACTTGAGCCCAGTATTTGAGGTTGCTCTGAGCTGTGATGCCATGACACTCTATTCAGGGTGACAAAGAGAGACTCTGTCTCC","GGCTGGGCCCAGTGGCTCACGCCTGTAATCCCAGCACTTTGGGAGGCTGAGGTGGGTAAATCACTTGAGCCCAGGAGTTTGAGACCAGCCTGGGCAACATGGCAAAACCCCATCTCTACCAAAAATTAGCCTAGTGTGATGGCACATGCCTGTAGTCCCAGCTACTTGGAAGGCTGAGGTGTGAGGATCACTTGAGCCCAGGAGGCCAAGATTGCAGTGAGCTGTGATCACGCCACTGCACTCCAGCCTGGGTGACAGAGCAAGACCCTGTCTCA"
"GL873520","24806668","24806896","chr11","32780230","32780455","73","7973562","GTGGTAACTCACAGATTAATCTCAATGCATTGGGAAGCTGAGGTAGAGGAACACTTGAGGCCATGTGTTCAAGAGCAGCTCAGGTAATGTAGTTAGTAGCCACTTGGGAAACTCAGGTAGGGTGATTGCTTGAGCCCTGGAGTTCCAGGCTGCAGTGAGCTACAATCATGCCACTGCACTCTAGCCTGGGCAACAGAAGCAGACCCTGTCTCTACTAAAAACAGAGAAA","GGGCACAGTGGCTCATGCTTGTAATCCCAGCACTTTGCGGGGCAGAGGTGGGAGGATTACTTGAGCCCAGGCTCCTGTAGTGGCAGGCGCCTGTAGTTCCAGCTACTTGGGAGGCTGAGGTGGGAGGATCGTTTGAGCCTGGAAGGTCAAGGCTGCAGTGAGCCATGATCACACCACTGCACTCCAGCTTGGGCAACAGAGTAATCCTGTCTGGAAAAAAAAAAAA"
"GL873520","24844342","24844416","chrX","8582163","8582238","16","16262179","AATTAGCTGGCATGGCAGCAGATGCCTGTAGTCCCAGCTATTAGGGAGGCTAAAGCAGGAGGATTGCTTGAGCCC","ATTATCCAGGCATGGTGGCACATGCCTGTAGTCCCAGCCACTCAGGAGGCTAAGGCAAGAGGATTACTTGAGCCTG"
"GL873520","24844694","24844728","chr22","41538096","41538127","9","16693402","GGCAAGACATCATCTCTCTAAAAATTTTTAAAAAA","GGCAAGACCTCATTTCTATAAAAAAGATAAAA"
"GL873520","24997951","24998123","chr3","132983013","132983186","45","107985062","CAAAAAGTGTAGCCGGGCGTTGTGGAGGGCGCCTGTAATCCCAGCTACTTGGGAGGTGAGGCAAGAGAATCACTGAAGCCCAAGAGTTTGAGGCTGCTGTGAGCTATGATAGCACGGTATTCTACCAAGGGCGACATAGTGGGACTTTGTCTCAAAAAGAAAAGGAAAAAAAA","CAAAAATTAGCCGGGCGTGGTGGTGTGTGCCTGTGGTCCCAGCTACTTTGGAGACTGAGGCAAGAGGATCACTTGAGCCGGAGAGGTCAAGGCTGCAGTGAGCCATGATTGTGGCACTGCACTCCAGCTTGGGTGACAGATTGAGACCCTGTCTCCATAAAACAAAATAAAAAA"
"GL873520","24998403","24998437","chr3","14591237","14591262","13","10407166","ACACAGCAGCATTATTCTTTAAGAACCAAAAAGTG","CACAAACAATTTAAAAACAAAAAATT"
"GL873520","24998719","24998871","chr12","120194504","120194648","34","95195785","GGTCAGGTGCAGTGGCTCATCCCCATAATCCTAGCACTTTGGGAGACTGTGGCAGGAGGATCACTTGAGACCAGGAGTTAAAAACCATCCTAAGTAACATAGCAAGACCTGTCTCTCTATAAAAATTGTACATAAGTGTTCACAGCACCATTA","GGCCAGGTGCAGTGGCTCATACCTGTAATCCCAGCACTTTGGGAGGCTGAGGCAGGAGGATCGCTTGAGTCCAGGAGTTCAAGACCAGCCTGGGCAACATAGCAAGACCCTTGTCTCTACAAAAAATTTTAAAAATTAGCTGGAT"
"GL873520","25132927","25133177","chr6","152212126","152212377","74","127079199","GGCTGGTTATGGTGGCTCACACTTGTAATCCTAGCACTTTGGGAGGCTGCAGCTAGAAGTTTGAGATCAGCAAGAGCACACACTGTCTCTACGAAAACAAAAATTAGCCGTGTGTAGTGGTGGGTGCCTGTAGTCTCAGCTATTTGGGGGCTGAAGCAGGAGGATTGCTTGAGCTGGAGGCTGCTGTAAGCTGTGATGAAGCCACTGCATTCTAGCTGAGGAGACAGATTAAGACTGTCAAAAAAAAAAAA","GGCTGGGTGTGGTGGCTCACGCTTGTAATCCCAGCACTTTGAGAGGCTGAGGTGAGAGAAAGTGAGATCCTGTCTCTACAAAAAATTTAAAAATTAGCTGGATGTGGTGGTACACACCTATAGTCCCAGCTACTTGGGAGGCTGAGGCAGGAGGATTGCTTGAGCCTGGGAGGTTGTGGCTGCAGTGAACTGTGATCATGTCCTCCAGCCTGGGTGACACAGCAAGACCGTGTCTCAAGCAAACAAAAAAAA"
"GL873520","25394434","25394485","chr8","21447243","21447289","10","3947191","TGCCTAAGTGAGAATTTGTCTCAAAAAAAAAAAAAAAAAGAAAAGAAAGAAA","GTGTGAGACCCTGTCTCAAAAAAAAAAAAAAAAAGAAAAAGAAAAAA"
"GL873520","25394760","25395026","chr9","127661530","127661799","73","102266770","GACCAGGTGTGGTGGCTTACTCCTGGATCCTAGCATTCTGGGAGGCTGAGGAGGGTGGATTGCTTGAGCTCAGGAGTTACCAGCCTGAGCAAGGGTGAAACCTTGTCTCTACTAAAAATAGAAAAACTAGCCAGGTGTAGTTCCACACCCCTGTAGTCCCACCTACTTGGAAGGCTGAGGCCAGAGGATGGCTCAAGCCCAAGAGTTTGAGGTTGCTGTGAGGTAGCAATACCATGGCACTTTATGCAGGTAAAATGCCTAAGCGAG","GCCAGGTGTGGTGGCTCCCGCCTGTACTCCCAGCACTCTAGGAGGCCTAGGTGGGTGGATCACTTGAACCCAGGAGTTCAGGACCAGCCTGGGCAACACGGCGAAACCCCATCTCTACAAAAAATATAAAAATTAGCCAGGCGTGGTGGCATACGCCTGTAGTCCCAGCTACTTGGGAGGCTGTGGCAGGAGAATTGCTTGAGCCCAGGAGGTCGAGGTTGCAGTGAGCTGAGATTGCACCACTGCACTCCAGCCTGGGTGACAGAGTGA"
"GL873520","25400012","25400071","chr1","42918832","42918891","12","17518820","CTGTGATCATACCATGTACTTCAGCTTGGGTGACAGACTGAGACCATGTCTCAAAAAAAA","TGGTCATGCCACTGCACTTCAGCCAGGGTGACAGAGTGAGACCCTGTCTCAAAAAAAAAA"
"GL873520","25419245","25419523","chr5","43470606","43470891","67","18051361","GTGGCCCATGCCTATAATCCTAGCACTCTGGAAGGCTGAGGAGGTTGGATTGCTTGAGCTTAGGAGTTTAAGACCTGAGCAAGAGTGAAACCCCATCTCTACTAAAAACAGAAAAACTAGCCTGGCATTGTGGTGTGGGCCTGTAGTTCCAGCTACTTGGGAGGTTGGGGCAAGAAAATTGCTTAAGCCCAAGAGATTGAGGTTGCTATGAATTGTGATGATGCCACTGCACTCTAGCCCGGGCAACAGAGTAAGATTCTGTTTAAAAAAAAAAAAAAA","GTGGCTCTTGCCTATAATCCCAGCACTTTGGGAGGCTGAGGAGGGCAGATTGCTTGAGCCCAGGAGTTCAAGACCAGCCTGGGCAACATGGGAAAACCTCGTCTCTACAAAAAACACAAAAATTAGCTGGGCATGGTGGCATGTACCTGTAGTCCTAGCTACTTGGGAGGCTGAGGCAGGAGGACTGCTTGAGCCTCTGGAGGCGGAGGTTGCAGTGAGCTGAGACCGCGCCACTGCACTCCAGCCTGGGTGATAGAACAAGACCCTGTCTCAAAAAAAAAAAAAA"
"GL873520","25424592","25424655","chr3","159732777","159732840","13","134308185","TGTAATCTCTACCCTTTGGGAGGCAGAGGCAGGAGGATTGCTTGAGGTCAAGAGTTTGAGACTA","TGTAATCCCAGCTCTTTGGGAGGCCGAGGCAGGAGGATCAGTTGAGCCCAGGAGTTCAAGACTA"
"GL873520","25424931","25425157","chr9","131013299","131013515","63","105588368","AAAAGAGTTTGAGACTAGCCTGGGCAATCTAGCAAGACACCCATCTCTACAAAAAAAAATTTAAAAATTAGTTTGGCATCGTAGTGCCTTAGTCTCAGCTACTTAGGAGGCTGAAGTGGGAGGATTGTTTGAGCTCAGGAGTTCAAAGCTGCCGTGAGCTATGATCATCCTCCTATGCTCCACTCACAGTGGCAGAAGCTCCATCTCTTAACAACAACAAAAAACAA","GTTTGAAACCAGCCTGGGCAACATAGCAAGACCTCGTCCCTACAAAAAATACAAAAATTAGCTGGGCATGGTGGCGTGTACCTGTAATCCCAGCTACTAAGGAGACTGATGTGGGAGGATTCCTTGAGCCCAGGAGTTCAAGGCTGCAGTGAGCTATGATTGCACCACTGCACTCCAGCCTGGGTGACAGAGACTCCGTCTTTATTAAACAAAGAAA"
"GL873520","25581622","25581918","chr6","160434513","160434809","61","134852891","GCCTGATGTGGTGGCTTACACCTATAATCCTAGCACTCTGGAAGGCCAAGGCAGGTGGACCACTTGAGCTCAGAAGTTCAAGACCAGCCTGAGCAAGTATGAGACCCAGTCTCTACTAAAAATGGAAAAAATTAGCCGGGGATAGTGGTATATGTCTGTAGTTCCAGCTACTTGGGAGGCTGAAGCAAGAGGATCGCTTAAACCTGGGAGGTTGAGGTTGCTGTGGGCTATGAATATGCTTCAGCACTCTACCCAGGCTGACAGAGTGAGACTCTGTCTCAAACAAAACAAAACAAA","GGCCGGGTGTGGTGGCTCACACCTGTAATCCCAGCACTTTGGGAGGCCAAGGCAGGCAGATCACTTGAGGCCAGGAGTTCAAGACCAGCCTGGCCAACATAGTGAAACCCTGTCTCTACAAAAAATACAAAACTTAGCCAGGCATGGTGGTGCATGCCTGTAGTCCCAGCTACTTGGGAGGTTGAGGAGGGAGGATCACTTGAACCTGGGAGGTTGAGGCTGCAGTGAGCCGAGATTATGCCACTGCACTCCAGCCTGGGCGATAGAATGAGACCCTGTCTCAAAGAAAAAAAAAAA"
"GL873520","25584355","25584602","chr14","49113692","49113946","63","23529337","TATAATCCTAGCACTCTGGGAGGCCAAGGCAAGAGGATCACTTGAGCTCAGGAGTTCATGACCAGCCTGAGTACAATAAAACCCTGTCTCTACTAAAAAATAGAAAAAATTAGCTGGCCATGGTGGCACGCACCTGTAGTCCTAGCTACTTGGGAGGTTGAGGCAGAAGGATCATTTGGGCCCAGATACTGAGGTTTACTGTGATGCTGCCGCCACTGCTCTCTAGGTTGAGCAACAGAGTGAGACTC","TGTAATCCCAGCACTTTGGGAGGCCAAGGCAGGAGGATCACTTGAGGTCAGGAGTTCAAGGCCAGCCTGGCTGACATGGTGAAACCCTGTCTCGACCAAAAATACAAAAAATTAGCCAGGCGTCATGGTAGGCGCTTGTAATCCCAGCTATTTGGGAGGCTGAGGCAGGAGAATTGCTTGAGCCTGGGAGGTCAAGGCTGCAGTTGAGTCATGATCACACCACTGCACTCCAGCCTGGGCAACAGAGCGAGACTC"
"GL873520","25754055","25754383","chr7","75649454","75649788","80","49895399","GGCCGGGTGCAGTGACTCACGCCTGTAATCTTAACACTTGGGGAGTCTGAGGTGGGAGGGTTGCTTGAGCTCAGGAGTTGGAGACCAGCCTGATCAAGAGTGAGACCCCATATCTACTACAAATAGAAAAATTAGCTGGATGTTGTGGCAGGCACCTGTAGTTCCAGCTACTCTGGAGGCTGAAGCAGAAGGATCACTTGAGCCCAAGTGTTTGAGGCTGCTGTGAGCTATGAAGATGCCATGGCACTCTACCCAAGGCACAGAGTGAGACTGGGTCTCAAAACAAAACAAAACAAAACAAAAGAAGAAGAAGAAGGAAAAAGAAAGAA","GGCTGGGGGTGGTGGCTCATGCCTATAATCCCAACACTTTGGGAGGCTGAGGTGGAAGGATCACTTGAGCTCAGGAGTTCGAGACCAGCCTGGTCATATAGCAAGACCCCATCTCTACAAAAAATTAAAAAATTAGCTGGGTGTGATGGCACACATCCCTGGTCCCAGCTACTCAGGAGGCTGAGGTGGGAGGATCCCTTGAGACCAGGGAGGTCAAGGCTGCAGTGAGCTATGATTGTGCCACAGTACTCCAGCCTCGGCGACAGAGTGAGATCCCATCTCCAAAAACAAACAAACAAACAAACAAAAAACACGAGAGAGAGAGAAAAGAAAAA"
"GL873520","25862641","25862755","chr10","22277763","22277870","29","3584878","GGCCAGGTGTGGTAGCTCACGCCTGTAATCCTAGCACTCTGGGAGGCCGAGAGGAGAGTTCAAGACTAGCCTAAACAAGAACAAGATCCTGTCTCTACTAAAAATAGAAAAACTT","GGCCAGGCATGGTGGCTCATGCCTGTAATCCCAGCACTTTGGGAGGCCAAGGAGTTTGAGACCAGCCTGGGCAACATGGCAAAACCCTGTTTCTACAAAAAATAAAAA"
"GL873520","25863044","25863204","chr4","75562087","75562252","40","49699043","ACTAACTGGGTGTCATGACACGTGCCTGCAGTCCCAGCTACTCAAGGCTGAAGCAAGAGGATCTCTTATGCCCAAGGGTTTGAGGTTCTATGAGCTGTGACACCACAACACTCAACCCAGGGTGTCAGAGTGAGACTTGGTCTCAAAAAAAAAAATAAGAA","TTAGCTGGGTGTGGTGGCATGCACCTGTAGTCCCAGCTACTTAGGAGGCTGAGGCAAGAGGATCACTTTAGCCCAGGAGGTGGAGGTTGCAGTGAGCTGAAATCATACCACTGCACTCCAGCCAGGGTGACAGAGTGAGACCTTGTCTCAAAAATAAATAAATAAA"
"GL873520","25987738","25987905","chr2B","181819891","181820074","48","155832153","GGTGGCTCATGCTATAATCCCAGCACTTTGTGAGGCCCAGGCAGGTGGGTTACTTGAGCTCAGTAGTTCAGACTAGCCTGAGCAAGAGTGAGACTCCATCTCTAAAAAACAGCCAGATGTTGTGGTGGGCACCTGTAGTTACAGCTCTTGGAAGGCTGAGGCAAGAGG","GGGTGTGGTGGCTCATGCCTGTAATGCCAGCACTTTGGGAGGCCAAGGCAGGCGGATTGCTTGAGCTCAGGAGTTTGAGACCAGCCTGGACAACATGGGAAATCCCATCTCTACAAAAAATTAGCCAGGTGTGGTGGCATGCACCTGTAGTCCCAACTACTCAGGAGGCTGAGGTGGGAGGATC"
"GL873520","25992853","25992979","chr10","99438003","99438128","24","73445150","GGCCGGGCATGGTGGCTCATACCTATAATCCTAGCACTCTGGGAGGCTGAGGCAGGTGGACTACTTGAGCCTATGAGTTCAAGACCATCCTGAGCAAACTCTATCTCTACTAAAAACAGAAAAACTT","GGCCAGGCATGGTGGCTCACGCCTGTAATCCCAGCACTTTGGGAGGCCAAGGCGGGTGGATCACTAGAGCCCAGGAGTTCAAGACCAGCCTGGGCAACCCCGTCTCTACTAAAAATACAAAAATTA"
"GL873520","25993253","25993425","chr19","13448557","13448737","53","12544696","CAAACAAACGAACAAAAACCTGAAAAACTAGACAGGCATCGTGGTGCACACTTACAATCCCAGCGTCTTAGGAGGCTGAGGCAATAGGACTTGCTTGAGCCTAAGAGTTTGAGGTTGCTATGAGCTATGACACCACGGCACTCTACCCAGAGCAACAGAGTGAGACTCTGTCT","AAAAAAAAAAAAAAAGGTTTTATTAGCCAGGCATTGTGGTACACACCTATAGTCCCAGCTACTCAGGAGGCTGAGGCAGGAGGATTGCTTGAGCCCAGGAGGTTGAGGCTGCAGTGAGCTATTTTCACACCACTGCACCCCAGCCCAGGCAACAGAGTGAGACTGTTTCTAAAAATAAAAA"
"GL873520","26083511","26083677","chr11","65348413","65348576","39","39264902","GAAATATTAGCCAGGCATTGTGATAGGCACTTGTGGTCCCAGCTACTCAAGAAGCTTAGGCAAGAGGATCACTTGAGCCCAAGAGTTTGAGGCTGCCGTGAGCTATGATGATGCCATAGCACTCTACCCAGGGTGACAGAGTGAAACTTTGCTTGAAGAAAAAAAAA","AAAAATTAGCTGGGCGTGGTGGCATGCACCTGTAGTCCCAGCTACTCGGGAAGCTGAGGTAGGAGGATCATTGAGCCCAGGAGGCTGAGGCTGCAGTGAGCCAGGATCATGCCACTGCACTCCAGCCCAGGTGACAGAATAAGGCCCTGTCTTCAAAAAAAAAA"
"GL873520","26083932","26084034","chr1","52405558","52405654","26","26321626","GGTGGCTCACACCTCTAATCCTAGCACTCTGGAAGGCCAAAACAGGTGGATTTGCTTGAGCTCAGGAGTTTGAGACCTGGTCTCTACTAAAAATAGAAATATT","GGTGGTTCACACCTATAATCCCAGCACTTTGGGAGGCCGAAGCTGGTGGGTTGCTTGAGCTCAGGAGTTCAAGACCGTTCTGGGCAACATGATGAAA"
"GL873520","26339759","26340032","chr9","124371769","124372047","73","98032010","ACACCTGTAATCCTAGCACTCTCAGAGGCTGAAGTGGGTGAATTACTTGAGCTCATGAATTTGAGACCAGCCTGAGCAAGAGTGAAACCTTGCCTCAGCTAAAAACAGAAAAACTAGCTGAGTGTTATGGCGGACACTGTAGTCTCAGTTACTCTGGAGGCTGAGGCAAGAGGATCTCTTGAGCCCAAGAGACTGAGGTTGCTGTGAGTTATGATGCCACAGCACCCTACCCAGAGTAATAGAGTGAGACTCTGTCTCAAAGAACAAAACAAAA","TTACACCTGTAATCCCAGCACTTTGGGATTACACAGGCGGATCACTTGAGCTCAGGAGTTTGAGACCAGCCTGAGCAACATGGTGAAACCCCATCTCTACAAAAAATACAAAAATTAGCTGAGCGTGGTGGTGTACGCCTGTAGTCCCAGCTACTCAGTACGCTGAGGCAGGAGAATTGCTTGAGCCTGGGAGGCGGAGGTTGCAGTGAGCCGAGAGTGCACCATTGCACTCTAGCCTGGAGAACAGAGTGAGACCCTGTCTCAAAACACACAAACAAA"
"GL873520","26353439","26353729","chr5","181078401","181078698","70","154724962","GGCTGGGTGTGGTAGCTAACGCCAGTAGTTCTAGCATTTTGGAAGGCCGACGTGAGTGGATTGCTTGAGCTCAGAAGTTTGAGACCAGCCAGACAAGAGTGCAACCCCATCTCCACTAAAAATAGAAAAATTAGCTGGGCATGGAGGAGGGCATCTGTAGTCCCAGCTACTAGGGAGGCTGAGGTAAGAAAATTACTCAAACCTGGGAGTTCGAGGTTGCTATGAGCTGTGATGTCACAGTACTTTACCCAGGGCGACACAGTGAGACTCTGTCTCAGGAAAAAAGGAAAA","GGCTGGGCGTGGTGGCTCACACCTGTAATCTCAGCACTTTAGGAGGCCAAGGTGGGAGGATTGCTTGAGCCCAGGAGTTTGAGACCAGCCTGGGCAACATGGCAAAATCCCATCTCTACAAAAAATACAAAAATTAGCTGGGCATGGGGATGCATGCCTGTAGTCCCAGCTGTTCAGGAGGCTGAGGTGGGAGGATCACTTGAGCCTGGGAGGTCAAGGCTGCAGTGAGCCATGATTGTGCCACTGCACTCCAGCCTGGGTGACAGAGTGAGACTGTGTCTCAAAAAAAAAAAAAAAA"
"GL873520","26560331","26560434","chr22","28684291","28684391","34","2123960","TGGAAGGTCAAGACAAAAGGATTGCTTAAGGAAAGGAGTTTGACCCTAGCCCAGACCACTTAGCAAGATCTCACCTCTAAACAGATTTAAAAATAAAAATTAAA","TTGAGAGGCCAAGATAGGAGGATTGATTAAGCCCAGGAGTTTGAGACTAGGCTGGGCAACATAGTGAGACCTCATCTCTACAGAAAATTTCTTAAAAATTT"
"GL873520","26560435","26560741","chr4","59043014","59043332","81","32482579","GCTGGGCACAGTGGCTCATGCCTGTAATCCTAGCACTCTAAGAAGATAAGGCAAATGGATTACCTGAGCTCAGGAGCTCAAGACCAGCCTGAGCAAGAGTGAGATTGTGTCTCTAAGAATAGCTGGGCACTGTAGCAAGAGCCTGTAGTCCCAGCTACTCCGGAGGCTGAGACAAAAGGATCACTCGAGCCCAGGAATTTGAGGTTGCTGTGAGCTAGGACACTACAGCACTCTACCAAGGGCAACAAAGTAAGACTCTGTCTCAAAAATAAATAAATACATAAATAAATATTAAAAAAAATAAAAA","CCAGGTACAGTGGCTCACATCTGTAATCCCAGCACTTTGGGAGACCATGGTGGGTGGAATACCTGAGGTCAGGAGTTTGAGACCAGCCTGAGCAACATGGTGAAACCCCATCTCTATGAAAATTAGCTGGGCATGGTAACGTGCCTGTAGTCCCAGCTACTCAGGAGGCTGAGGTGGGAAGATCTCTTGAGCCTGGAATGTCGAGGCTGCAGTGAGCCATGATCATACCACTGCACTCCAGCATGGGCAGCAGAGTGAGACCCTGTCTCAGAAAATAAATAAATAAATAAATAAATAAATAAATAAATAAATAAATAAA"
"GL873520","26560742","26560901","chr15","40628014","40628177","39","14067272","TTAGCCAAGCATAGTGGTATGCACCTATAATCCTATTTAGGAGGCTGAGACAAGACAGCCTGAGCCTAAGAATTTGAGGTTACAGAGAACTATGATCATACTACTGCACACCAGCCTGAGCAACAGAGCAAGACCCTGTTTCTTAAAAAAGGGAAAAGAA","TTAGCCAGGCATGGTGGTAACCACCTGTTGTCCTAGCTATTCAGGAGGCTGAGGCAGAAAGATTGCCTGAGCTCAGGAGTTTGAGGTTACAGAGAACTCTGATCATGCCACTGCACTGCAGCCTGGGCAACAGAGTGAGACTGTATCTCAAACAATCAAATAAA"
"GL873520","26576578","26576805","chr2B","176327742","176327962","51","149751164","ACCATCCTGAGCATGAGGTGGTAAATACTACCCATCTCTACTAAAAATACAAAAATTAGCTGAATGTTGTGGCAGGTGCCTATAGTCCCAGTTACTTGGGAGGCTAAGGCAAGAGGATCACTTGAGTCCAGGAATTTGAGGTTTCTGTGAACTAGGCCGATACCACCGCACTCTAACCTGGGGCAACAGAGTGAGACTCACTCTCAAAAAAAAAGAAAAAAAATAAAA","CAGCCTGGGCAACGTGGCAAAACCCCATCTCTACAAAAAATACAAAAACCTAGCTGGGTGTGGTGGTGGCATGAGCCTATAGTCCCAGTTACTTGGGAGGCTGAGGTGGGAGGATCACCTAAGCCTAGGAGGTTGAGGCTGCAGTGAGCCATGTGCACCACTGCACTCCAGCCTGGGTGACAGAGTGAGACTCTGTCTCAAAAAAAAAAAAAAAAAAAAAA"
"GL873520","26610606","26610702","chr5","114232280","114232369","18","87621674","CAGGTTCAGTGACTCAAAGCCTGTAATCCTAGCACTTTGGGAGGCCAAGGTGAGAGGATCACTTGAGACCAGGAGTTTAAGATGAGTCTGGGCAACA","GGTGGCTCACGCCTGTAATCCTAGCACTTTGGGAGGCTAAGGTGGGAGGATCACTTGAGCCCAGGAGTTAGAGATCAGCCTAGGCAACAT"
"GL873520","26730531","26730713","chr4","156475909","156476099","52","129745378","GGCTGGGCCCAGGAGCTCACACCTGTAATCCTGGCACGCTGGGAGGCTGAGGTAGGAGGACTCCTAGAGGTCAGCCTGAGCAAGAGGGAAATCCATCTGTACAAAAAATAGAAAACTTAGCTGGGCTTTGTGGTGGGTGCCTGTAGTCCTTCCATTCAGGAGGCTAAGGTGGGAAGATTTCTC","GGCCAGGCACAGTGGCTCACACCTATAATCCCAGCACTCTGGGAGACTGAGGCAGGAGGAGCCCAGGAATGTGAGACCAGCCTGGCCAACATGGTGAAACCCAGTCTCTACTAAAAATATAAAAATTAGCCTGGTGTGGTGGTGTGCGCCTGTAGTCCCAGCTACTTGGGAGGCTGAGGTGGGAGGATCAC"
"GL873520","26730986","26731095","chr8","71697593","71697698","24","44966607","AGGAAGATTTCTTGAGCCCAGGAGTCTGAGGTTCCAGTGATCAAATATGATGCTATTGCACTCAAGCCAGGGTAACAGAGTGAGATTCTATCTCAAAACAAAACAAAAAA","AAGATTACTTGAGCCTGGGAGGTTGAGACTGCAGTGATCCATGATTATGCCATTGCACTCCAACCTGGGTGATAGAGTGAGACCCTATCTCAAAACAAAACAAAAA"
"GL873520","26740845","26741014","chr6","117522072","117522244","42","90781227","TGAAAACATAGCCAGGCATTGTGGTGGGTGCCTGTAGTCCCAGCTACTCAGGAGACTGAGGCAAGAGGATCAATCACTTGAGTCCGAGTTTGAGGTTGCTGTGACTATGATGCCACAGTACTCTACCCAGGGTGACAGAGTGACACCCTACCTAAAAACAAAAAAACAAA","TAAAAAAATTAGCCAGATGTGGTGGCATGTGCCTGTAGTTCCAGCTACTCGGGAGGCTGAGGCAGGAGGATTGCTTGAGCTCAGGAGTTCGAGGCTGCAGTGAGCTATAATTGTGCCACTGCACTCTAGCCTGGGTGACACAGTGAGACCTTGTCTTTAAAAAAAAAAAAAAA"
"GL873520","26741293","26741389","chr9","132928277","132928378","28","106186984","GCACTCTGGGAGGCAGGGTGGGTGGACTGCTTGAGTTCAGGCGTTTGAGACCAGCCTGAGCTAGTGCAGGACCATGTCTCTAAAAAGATAGCCAGAA","GCACTTTGGGAGGCTGAGGCGGGAGGATTGCTTGAGCCCTGGAGTTCTAGACCAGCCTGGGCAACATAGTGAGACCCCGTCTCTACAAAAAATACAAAAATT"
"GL873520","26754569","26754581","chr1","204900615","204900627","0","178146046","GAAAAGAAAAAAA","GAAAAGAAAAAAA"
"GL873520","26754676","26754948","chr16","65783282","65783561","69","39028606","TGGCTCATGTCTATAGTCCTAGCACTCTGAGAGGCCGAGGAGGGTGGATTGCTTGAGCTTAGGAGTTTGAAGCCAGCCTGAGCAAGAGCAAGCCCCTGTCTCTAAAAAAATAGCTGGGCATTATGGCAGGGACCTATAATCCCAGCTACTTGGGAGGCTGAGGCAAAAGGATCACTTGAGCCCAAGAATTTGAAGTTGCTGTAAGCTCTGATGCCACAGAACTCTACCCAGGGCAACAAAATGAGACTGTATCTCAAAAAAAAAAAAAAAAAA","TGGCTCATGCCTATAATCCCAGCACTTCGGGAGGCCAAGGTGGGAGGATTGTTTGAGCTCAGGAGTCTGAGACCAGCCTGGGCAACATGGCAAAATGCTGTTTCTACAAAAAATTAGCTGGGCATGGTGGCATGCACCAGTAGTCCTAGCTACTCGGGAGGCTGAGGTGGGAGGGTTGCTTGAGCCTGGGAGGTCAAGGCTGCAGTGAGCTGTTATTGCATTGCTGCACTCCATCCTGGGCAACAGAACGAGACCCTGTCTCAAAAAAAAAAAAAAAAAA"
"GL873520","26766560","26766684","chr1","17388945","17389071","25","9377615","GCTGAGCACAGTGGCTCATGCCTGTAATCCTAGCACTTTGGGACACCAAGGCAGGATTGCTAGAGGTCAGGAGTTCGAAACCAGCCTGAGAAAGAGCTAGACTCCATCTCTACTAAAAATATATA","CTGGGCACAGTGGCTCATGCCTGTAATCCTAGCACTTTGGGAGGCCAAGACAGGATTGCTTGAGTTCAGGAGTTCAAGATCAGACTGGGCAATATGGTAAAACTCTGTCTCTACAAAAAAAGAATTA"
"GL873520","26766966","26767159","chr22","36671897","36672092","45","9904931","GTCTACTAAAAATAGAAAAATTAGCCATGTGTGGCGGTGCATGCCTGTAGTCCCATTCACTTGGGAGGCTGAGGCAGGAGGATTACTTGAGCACAGTAGTTTGAGGTTACAGTGAGTATTATGATACCACTGCACTCTAGACGGAGCTATAGAGCAAGACTGTCTCAAAACAAAAAACCAAGACAACAACAAAA","TCTACTAAAAATTAAAAGAAAATTTAGCTAAGTGTGGTGATGCACACCTGTAGTCCCAGCTACTTGGGAGGCTGAGGTGGGAGGCTTGCTTGAGCCCAGGGGATCAAGACTGCAGTGAGCTATAATCATGCCACTGCACTCTAGCCTGGGCAATAGAGTGAGACTGTCTAAAAAAAAAACACCAAAACACAAAGAA"
"GL873520","27017721","27017778","chr3","43275908","43275969","21","16258187","TGGCTCATGTTTGCAAACCCAGCAGAATGGAGGATCACTTACGCCTAGAAGTTCAAGA","CTGTAATACCAGTGCTTTGGGAGGCAGAGGCTGGAGGATCACTTGAAACCAGGAGTTCAAGA"
"GL873520","27040491","27040653","chr10","13478880","13479042","36","13561611","TTAGCTGGGCATGGTGGTATGTGCCTATTGTCCCAGGCACTCCAGAGGTTGAGGCAGAAGGATTGCATGAACCCAGGAATTTGAGGTTGCAGTGAGCTAGGCTGATGTCATTTGCATTCTAGCTTGGGTGACAAAGCAAGACTCTGTCTCAAGAAAAAAAAAA","TAGCTGGGCATGGTGGCGCATGCATGTAGTCCCAGCTATTCCAGAGGCTGAGGCAGGAGGATTACTTGAGCCCAGGAGTTCGAGGCTGCAGTGGGCTATGCTGGTGCCACTGCACTCCAGCCTGGGTGACAGAGCAAGTTCTTGTATCAAAAGAAAAAGAAAA"
"GL873520","27040928","27041070","chr1","68016867","68017010","33","40975939","GGTCAGACTCAGTGGCTCACATCTATAATCCTAGTACTCTGAAGGCCAAGGAAGGAGAATCGCTTGAACTTAGGAGTTTGAGACCAGCTTGAGCAAGAGCAAGACCCCATTTCTACTAAAAACAGACAAAAATTAGCTGGGCA","GGCTGGGTGCGATGGCTCACACCTGTAGTCCCAGCACTTGAGGAGGCCGAGGCAGGTGAATCACTTGAGTTTAGGAGTTTGAGACCAGCCTGAGCAACACTGCAAAACCCTGTCTCTACAAAAAAATACAAAAATTAGCTGGGC"
"GL873520","27050300","27050460","chr1","151076684","151076838","46","124026384","AGGGAAGGGAGGAAGCTGGGTATAGTGGCATCATCCCAGCTACCAGCTACTCTGGAGTCTGAAGCAAGCATTGCCTGAGCCTAGGACTTCAGGGTTACAGTGAGCTATGATCCTACCACTGCCGTCCAGCCTGGACAACAGAGTAAGACCCATCCCTAAAA","AATAAGCTGAGCATGGTGGTCCATGCCTCTAGTCCTAGCTACTCAGGAGGCTGAAGCAGGAGGACCACTTGAGCCCAGGAGTTTCAGGTTGCAGTGAGCTATGATTGTACCACTGCACTCCAGCCTAGGCAACAGAGTGAGACCCTGTCTCAAAA"
"GL873520","27050717","27050833","chr10","68954511","68954632","33","41903794","TGCCTTGTGCCTGTAATCCCAGAGACTCAGGAAGCTGAGGCCAGAGAAAAACATGAGGCCAAGAGTTCCAGACGAGCTGGGCAACATAGTAAGATTTTCTTTAAAAAAAAAAAAAAA","TGGCTTGCACCTGTAATCCCAGCACTTTCGGAGGCTGAGACAGGAGGATCACTTGAGCCCAGGAGTTTAAGACCAGCCTGGGCAACATAGCATGACCTCATCTCTAAAACAACAAAAAAGTA"
"GL873520","27102110","27102385","chr5","35154624","35154914","77","8052514","GGCTAGGTAAGGTGGCTCATACCTATAGTTCTAACATTCTGGGAGCCCCAAGTGGGTGGATTACCTGAGCTCAGGAGTTTGAGACCTGAGCAAGAATGACACCCATCTCTAAAAATAGCTGGGTGTTGTGGCAGGGACCTGTAGGCTCAGCTACTTGGGAGGCTGAGGCACGAGGATCACCTGAGCCTGAGAGTTTGAGGTTGCTGTGAGCTGTGATGCCATGGTACTCTATCGAGGGCAGCAAAGTAAGACTGTCTCATAAATAAATAAATAAAA","GGCCTTGCGTGGTGGCTCACACCTGTAATCCTAACACTTTGGGAGGCTGAGGTGAGTGGATTGCTTGAGCTCAGGAGTTTGAGACCAGCCTGGGCAACATGGTGAAAGCCCATCTCTACAAAAAATTAGCTGGGCATGGTGGCATGTGCCTGTAGTTCCAGCTACTTGGGGGGCTGAGGCAAGAGGATTGCTTGAACCTGGAGGTCGAGGCTGCAGTGAGCTGAGATGGTGCCACTGCACTCCAGTTGGATGACAAAGTGAGACCTTGTCTCAAAAAAACAAAAAAAGAAA"
"GL873520","27114924","27115097","chr7","142209558","142209723","42","115094634","AATAGAAAAATTAGCTGGATGTGGTGTTGCAGGCCTGCAGTCTCAGTTTCGCAAGAGGCTGAGACAAGAGGGTCGCTTGAGCCCAGGAGTTTGAGGTTACTGTGAACTATGATATTACAGCACTCTAGCCTGGGGCAACAGAGTGAGGCTCAGTCTCCAAAAAAAGAATAAAAA","AAGAAATTAGCTGGGTGTGGTGATAGGCACCTGCAGTCCCAGCTACTTAGGAGGCTGAGGTGAGAGGATCGCTTGAGCCCAGGAGTTTGAGGCTGCAGTGGGCTATGATCATATTACTGCACTCCAGCCTGGGCAACAGAACAGGCCCAGCCTATAAAAAAAAAAA"
"GL873520","27115370","27115503","chr14","68724332","68724466","21","41608962","GGCCAGGAGCAGTGGCTCATACCTGTAATCTTAGCATTCTGGGAGGCCAAGGCAGGTGGATTGCTTGAGCTGAGGAGTTCAAGACCAGCCTGAGCAAGAGCAAGACCTTATCTCTACTAAAAACAGAAAAATTA","GGCCAGGTGCGGTGGCTCATGCCTGTAATCTCAGCACTTTGGGAGGCCCAGACAGGAGGATTGCTTGAGCTTAGGAGTTCAAGACCAGCATGGGCAACATAGCGAGACCTTGTCTCTACTAAAAATAAAAAAAAT"
"GL873520","27123064","27123344","chr21","22352514","22352803","66","4770550","GCCGGGTGCAGTGGCTTATGACTATAATCCTAGTACTCTGGGAGGCCGAGGTGGGTGGATTGTCTGAGCTCAGGAGTTCAAGACCAGCCTGAGCAAGAACGAGACCCTGTCCCTAAAAAAAAAAAAAAGTAGCTGGGCATTGTGGCAGGCACCTTTAGTCCCAGCTACTTGGGAGGTTGAGGCAAGAGGATCACTTGAGCCCAAGAGTTTGAGGTTGATGTGAGCTATGACACCATGACACTCTACCCAGAGCAACAAATTGAGACACTGCCTCAAATAAG","GCTAGGCGCGGTGGCTCATGCTTGTAATCCCAGCACTTTGGGAGGCCAAGATGGGGTGGATTGCTTGAGCTCAGGAGTTCAAGACCAGCCTGGCCAACATGGCGAAACCCCATGTCTACAAAAAATACAAAAATTAGCTGGGTATGGTGGCGGGCACCTGTAGTCCCAGCTACTCAGGAGGCCGAGGCAAGAGGATTGCTTGAGCCTGGGAGGTGGAGGTTGAAGTGAGCTGAGATCACGCCAGTGCACTCAAGCCTGGGCGACAGAGTGAGACCCTGTCTCAAAAACAA"
"GL873520","27123370","27123392","chr5","152385731","152385749","5","125262361","ATTTTTAAGAAGAAAGAAAACAA","TTTTAAAAGAAAGTAAAAA"
"GL873520","27216242","27216395","chr4","73999846","74000000","52","46783604","GATCAGAAGTTCAAGACCAGCCTGGGCAATTTTTTGTAGATAGAAGACCCTATCTACAAAAAATTTTAAAAAATTAGCTGGGCATAGTGACGTAAGCCTGTAATCCCAGCAACTCAGGAGTTGGAGATTGCAGTGAGCCATGATCACAACACTG","CTTGAGCCCAGGAGCTCAAGAGCAGCCTGGGCAACATTGTGAGACCCTGTCTCCACAAAAATTTTTAAAAATTAGCTGAGTGTAGTGGTGCATGCCTATAGTCCCAGCTACTCAGGAGGCTGAGGTGGGAGGACTGCTTGAGCCAGGAGGTCAAG"
"GL873520","27216671","27216751","chr1","226849084","226849157","17","199632413","GGCTTGGTGCAATGGCTCATGCCTGTAATTCTAGCACTTTGGGAGGCCAAGTCTGGAGGATTGCTTAAGATCAGGAGTTCA","GGCTGGGTGCAGTGGCTCACCCTGTAATTCCAGTACTTTGGGAGGCCAAGGCAGGAGGATTCCTTGAGTCCAGA"
"GL873520","27402066","27402147","chr9","131064841","131064922","14","103662775","GGCTGGGCATCATGGCTCACACCTGTAATCCTAACACTCTGGAGGGCCAAGGAAGGAGGATCACTTGAGGTCAAGAGTTTGA","GGCTGAGGGTGGTGGCTCACACCTGTAATCCCAGCACTTTGGGAGGCCAAAGTAGGAGGATCACTTGAGCCCAAGAGTTTGA"
"GL873520","27402423","27402646","chrX","110372845","110373060","56","82970422","GAGTTTGAGACCAACCTGAGCCAGAGTGAGACCCTGCCTCCACAAAAAATAAAAAACTTAGCTGGGTGTGGCCGCATGCACCTATAGTCCAGCTACTCTGCAGGCTGAGGCAGGAGGATCTGTTGAACCCAGGAGTTTGAGGTTGTTGTGAGCTAGGCTGAAGACAGGGCACTCTAGCCTAGGGCAACAGAGTGAAATTCTATCTCAAAAAAAAAAAAAGAAAA","CAGCTTGGGCAACATGGCAAAACCTCATCTCTACAAAAAATACAAAAATTAGCTGGGTGTGGTGGCATGCACCTGTAGTCCCAGCTACTCAGGAGGCTGAGGTAGGAGGATTGCTTAAGCCCAGGAGGTTGACACTGCAATGAGCCATGATCACACCACTGTGCTCCAGCCTGGGCAACAGAGTGAGACTCTGTCTCCAAAAAAAAAAAAAAAAAA"
"GL873520","27656310","27656461","chr2A","43234513","43234661","31","15578203","GGCCAGATGCAGTGACTCACACTTATAATCTCAGCACTTTGGAATTCTGAGGCCAGGGCATTGTTTAAGGCCAGGAGTTTGAGACCAGCCTGGGAAAGATAGTGAGACCCCCCCATCTCTACAAAAAACTTTTTAAAAAATTAGCCAGAGAT","GGCTGAGTATGATGGCTCACACCTATAATCCCAGCACTTTGGAAGGCCGAGGCAAGAGGATTGCTTGAGGCCAGGAGTTTGAGATCAGCCTGGGCAACATAGGGAGACCCTGTCTCTACAAAAAAATTTTTAAAAAATTAGGCTGGGTG"
"GL873520","27656746","27656902","chr7","73242270","73242418","28","45585524","TAAGCCAGTCTTGGAGACACACACCTGTAGTCTCAGATGCTCAGGAGGCTGAGCCAGGAGGATCACTTGAGCCCAGAAGTTTGAGGCTAGAGTGAGCTATGATCATGCCACTGCACTCCAGCCTGAGGAACAGACTGAGACCCTATCTCTAAAAAAA","AGCCAGGTGTGGTAGCTTACACCTGTAGTCCCAGCTACTCAGGAAGCTGAGGCAGGAGGATTGCTTGAGCCCAGGAGTTTGAGGCTGCAGTGAGCTATGATCATGCCACTGCACTCTAGCCTGGGCAACAGAGACCTTGTCTAAAAAAA"
"GL873520","27670839","27670970","chr3","139922644","139922780","33","112251805","CAGTGGCTTGCACCTGTAATCCTAGCACTCTGGGAGGCTGAGGTGGGAGGATCCCTTGAGCTCGGGAATTTGAAACTAGCCTAAGTAAGCTGAGAACTAGTCTCTACTAAAAATAGAAAAATTAGCCAAGTT","CAGTGGGTCACACCTGTAATCCCAGCACTTTGGGAGGCTGAGGCGGGTGGACTGCTTGAGTCTAGGAGTTTGAGACTAGCCTGGGTAATATGGTGAAACCCCATCTCTACAAAAAATATAAAAAAGTAGCCAGGCGT"
"GL873520","27671248","27671382","chr9","123502427","123502560","32","95831179","TTAGCCAAGTGTTATGGCAGGTGCATATAGTCCCAGCTACTTAGGAAGCTGAGGCAGGAGAATCACTTGAGCCTGGGAATTTGAGGTTGCCATGAGCTATGATCACACCATTGCACTCTACCCAAGGTGACAGAG","TTAGCCAGGTGTGGTAGCACTTGCCTATAGTCCCAGCTACTCAGGAGACTGAGGTAGGAAGGTCACTTAAGCCCAGGAGTTTGAGGCTGCAGTGAGCCATGACTGCACCACTGCATTCCAGCCTGGGTGACAGA"
"GL873520","27730521","27730624","chr2B","223662267","223662357","33","195931746","TTACCTGAGTGTGGTAGCATTCACCTGTATGCTACTTAGGAGTTGCTGCTTGGGAGTCTGAGGCAGGATTGCCTAAACCCAGTAGTTTGAGGTTGCTGTGAGCC","GCTGAGTGTGGTGGCACTCCTGTAATACCAGCTACTTGGGAGGCTGAGGCAAGAGGATTGCTTGAGCCCAGGAGTTGGAGGGTGCTCTGAG"
"GL873520","27730903","27731021","chr3","142334864","142334987","30","114603961","GTGGCTCACATCTGTAATTTTAATACTCTGGGAGGCCAAGATGGGATCACTTGAGGCCAGGATGTAAGACCAGCCTGGGCAATAGTAATGCCCCATCATTACCAAAAATATAAAAATTA","TGGCTCACACCTGTAATCCCAGCACTTTGGGAGGCCAAGGTGGGCAGATCACTTGAGCTCAGGAATTCTAGCCCAGCCTGGGCAACATGGCAAAACCCCATCTCTACAAAAAATACAAAAATTT"
"GL873520","27739534","27739664","chr7","4325523","4325654","38","23414011","TAGTCTCAGCTTCTTGAGAGGCTGAGGCAGGAGGATTGCTTGAGCCCAAGAGTTTCAGGTTTCGATAAACTATAACGCCATGGCACTCTACCCAGGGGATGGAGTGGAGACTCTATCTCAAAAAGAAAAAA","GTAGTCTCAGCTACCCAGGAGGCTGAGGTGGGAGATCGCTTGAGCCCAGGAGGTGGAGGTTGCAGTAAGCCGAGATCACACTACAGCACTCCAGCCAGGGTGACAGAGTGAGACCCTGGCTCAAAAAAAAAA"
"GL873520","27739935","27740100","chrX","9218405","9218573","40","18521530","CCAGGCGCCATGGATCATGCCTGTAATCCCAGCACTCTGGGAGGCCAAGGTGGGTGGATTGCCTGAGCTCAGGAGTTTGAGAGTAGCCTGAGCAAAAGTAAGATTCCATCTCCATTGAAAATAGAAAAACTAGCCAGGTGTGGTAGTGGGCACCTGTAGTCTCAGC","GGCCAGGCGCAGTGCCTCACACCTGTAATCCCAGCACTTTGGGAGGCCGAGGCGGGTGGATCACTTGAGCTCAGGAGTTTGAGACCAGCCTGAGCAACATGGCAAAACCTCACCTCTACAAAAAAAATACAAAAATTAACCAGGCATGGTGGCAGGCACCTGTAGTCTC"
"GL873520","27760792","27760971","chr17","7216959","7217131","43","20543833","GGCCAGGTGTGGTGGCTCATACCTTTAATTTTAGTACTCTGGGAGGCCAAGGCAGGAGGATCACTTGAGCTCAGGAGTTCTAGACTAGCCTGAGAAGGAATGACACCCTGTCTCTACTAAAATACAAAAAAATTACCCAGGCATCATGGTGGGTGTCTATGGTTCCAGCTACTTGGGAGG","GGCCAGGTGCAGTGGCTCACGCCTGTAATCCTAGTACTTTGGGAGGCTGAGGCAGGGAGATCACTTGAGCTCAGGAGTTCGAGACCAGCCTGGGCAACAACCCTGTCTCTGCAAGAAATACAAAAATTAGTTGGGCGTGGTGGCGTGTGCTTGTAGTCCCAGCTACTCTGGAG"
"GL873520","27824057","27824232","chr7","76258302","76258476","43","48434245","AACTCCAAAAAATTAGCAGGGTGTTGTGGTGGGCACCTATAGTCCCAACTACTTAGGAGGCCAAGGCAGGAGGATCACTTGAACTCAGGAGTTTGAGGTTGCTGTGAGTTAAGCTGACATCATAGCACTCTAACCTGGGCAACAGAGTGAGATTCTGTCTCAAACAAACAAACAAA","AAACTTAAAAAATGAACCGGGCATGGTGGTGTGCACCTGTAGTCCCAGCTACCCAGGAGGCTGAGGCAGGAGGATCACTTGAGCCCAGGAGTTTGATGCTGCAGTGAACTATTATGGTGCCACTGCACTCCAGCCTGGGCGACAGAGCAAGACTTTGTCTCTAAAAGAAAAGAAA"
"GL873520","27824257","27824371","chrX","134402652","134402771","32","106578395","GGCTGGATGAGGTGGCTCATGCCTATAAACCTAGCACGTGTTGGACCCTGGGAGGCAGAAGGATCACTGGGAGTTTCTGACAAGCCTGAGCAAAAGCAAAACCCTGTCTCTACTA","GGCCAGATGTAGTGGCTCATGCCTGTAATCCCAGCACTTTGGGAGGCTGAGGTGGGAGGATCACTTGAGCCCAGGAGTTTGAGACCAGCCTGGGCAACATAGCAAGACCCTGTCTCTACT"
"GL873520","27906561","27906726","chr14","22042791","22042948","37","5863770","GGTGTGGTAGTGTGTACCTGTAGGCCCAGCTACTTGGGAAACTGAGGCAGGTGGATCACTTGAGCCCAGAAGGTTAAGGCTACGGTGAGCTGGGATCATACCTCTATACTCCAGCTTCAGCCTGGACAACAGAACAAGACCCTATCTCTTAAAAAAAAAAAAAAAA","GGGTGTGGTGGTGCACACCTGTAGTCCCAGCTACTTGGAAGACTGAGACAGGAGGATCATTTGAGTTTGGGAGGTCAAGGCTACAGTGAGCCATCATCGTGCTACTGCACTCCAGCCTGGGCAACAGAGCAAGACCATGTCTCAAAAAAAAAAAAAAA"
"GL873520","27983701","27983957","chr4","156627102","156627363","74","128643401","ACATTTGAAATCCTTATACTCTGGGAGGCCAGTGCAGGAAGACTGCTTGAACTCAGGAGTTCAAGACCAGCTGAGCAAGGGTGAGACCCCCATCTCTTCTAAAATACAAAAAATTAACTGGGCATTGTCATGGATGCCTATAGTCCCAGGTACTTGGGAGGCTGAAGCAGGAGGATTGCCTGTGATCTAGGCTGATGCCACAGCACTCTATCCTGGGGCAACAAAGTGAGACCCTGTCTCAAAAAAAAAAAAAAAAA","TGGTGCACACCTGTAATCCTAGCACTTTGGGAGGCTGAGGTGGGTGGATTGCTTGAGCCCAGGAGTTCAAAACCAGCCTGGGCAATATGGTGAAGCTCTGTCTCTATAAAAAATACACAAATTAGCCTGGCTTGGTGATGTGCGCCTGTAGTCCCAGCTACTTGGGAGGCTGAGGTGGAGGTTGCATGAGCCAAGATTGCACTACCCGACTCCAGCCTGGGAAACAGAGTGAGACCCTGTCTCAAAAAACAAAACAAAAAAA"
"GL873520","27995824","27995926","chr7","102094783","102094878","32","74098959","TAAATAAAGCCATGTGCTGTGGCAGGTGCCTATAGTCTCAGTTAAGAGTCTGAGATAAGAGAATCTCTTGAGCCCAAGAGTTTGAGGTTGCTGTGAGCTGTGA","ATAGCTGAGTGTGGTGGTGCATACCTCCAGCTACTTAGGAGGCTGAGGAAGGAGGATCTCTTGAGCCCAGGAGTTCGAAGCTGAGGTGAGCTATGA"
"GL873520","27996203","27996327","chr1","33670814","33670944","30","5674611","GCCGGGCGTGGTGGCTCACGCCTATAATCCTAGCACTCTGGGAAGCTGAGGCAGGTGTATTGCCTGGCTCACAGGTTTGAGACTGGCCTGAGCAATAGCAAGACCCAGTCTCTAAAAATAGCTAG","GGCCGGGAGTGGTGGCTCACGCCTGTAATCCTAGCACTTTGGGAGGTTGAGGCAGGTGGATTGCTTGAGCTCAGGAGTTCAAGACCAGCCTGGGCAACATGGTGAAACCCTGTCTCTACAAAAAATACAAA"
"GL873520","28064590","28064626","chr1","204640305","204640340","10","176575715","ATAGCCAAGTGTTGTAGTGGGCACCTGTAATCCCAGC","TTAGCCAGGTGTGGTGGTGCACACCTGTTGCCCCAG"
"GL873520","28064889","28064962","chr17","4396168","4396243","16","23668721","TTGAACTCAGGAGTTCAAGACCAGCTCTGGGCAAGAGTGAGACCCCACCTCTATTAAAAATAGAAAAAATAGGG","TTGAGCTCAGGAGTTCAAGATCAACCTGAGCAACACAGTGAGATCCCCATCTCTAAAAAAAAAAAAAAAAACAGGA"
"GL873520","28164578","28164729","chr1","45204679","45204839","40","17040101","CTGGGCATTATGGCAGGCACCTATAGTCTCAGCTACTTGGGAGACTGAGGCAAAAGAAACGCTTAGCCCAACAGATTGAGGTTGCTGTGAGCTGTGATGCCACAGCACTCTATCGAGGGTGTCAAAGTGAGACTCTTATCTCAAAAAAAAAA","TTAGCCAGGCATGATGGCGCATGCCTATAGTCTCAGCTACTTGGGGGGCTGAAGCAGGAGGATCACTTGAGCCCCAGAGATGGAGGCTGCAGTGAGTCAAGATCACGCCACTGCACTCCAGCCTGGGTGACAAAGTGAGACCTTGTCTCAAAAAAAAGAAA"
"GL873520","28170073","28170157","chr1","93105501","93105593","25","64935428","TTAGCCTGTAGTCCACTACTCAGGAGGTTGAAGCCAGAGGGTTGCTTGAGTCTAGAAGTTTTAGGCTGCAGTGAGCCATGATTAC","TTAATCGGGTGTTGTGGGGCTACTACTCAGGAGGCTGAAGTGGAGGATTGCTTGAGCACGAGAGTTTGAGTCTGCAGTGAGCTATGATTATGC"
"GL873520","28170435","28170503","chr7","102898891","102898953","21","74728456","GACTAGCCTAAGCGACAGCAGTGAGACCCCCATGTCTTCAAAATTGTAAAAAAAAAAATTAGCCTGTAG","GAGACCAGCCTGGGCAACATAGTGAGACCCCCATCTCTACCAAAATATCAAAAAATTACCTGG"
"GL873520","28204081","28204218","chr1","6924549","6924696","44","21279532","CCCAGCTGGGTTTTGTGGCAGGATGCCTAGAGTCTCAGCTACTCAGGAGGCTGAGGCAAAAGGATTGCTTGAACCCAGGAGGTTGCTGTGAGCTATGATGCCAAGGAACTCTACCCAAGGGATTAAAAAAAAAAAAAA","ATTAGCTGGGCATGGTGGTGCATGCCTGTGGTCCTAGCTACTCAGGAGGCTGAGGCAGGAGGATCACCTGAGCCCTAGAGTTTGAGGCTACAGTGAGTTATGATTGTGCCACTGCACTCTAAAAATAAAAATTAAAAAAAAAAAAAAA"
"GL873520","28204510","28204641","chr19","11805174","11805306","30","16399336","GGCCAGGTGAGGTGGCTCAGGCCTATAATCCTAGCACTCCGGGAGGCAAGAGCGGGTGGATTGCTTGAGCTCATGCGTTCAAAACCAGCCTAAGCAAGAGTGAGACCTTGTCTCTAAAAAACAGCTGGATGT","GGCCAGGTGTGGTGGCTTATGCCTGTAATCCCAGCACTTTGGGAGGCTGAGGGGGTGGATTGCTTGAGCCCAGGAATTTGAGACCAGCCTGGGCAACATAGTGAGACCTTGCCTCTACAAAAAAATGCGCAAG"
"GL873520","28319058","28319186","chr3","181121158","181121285","26","152802100","GGCTGGGCACAGTGGCTCAAGCCTATAATCCCAGCACTCTGGGAGGCCGAGGGAGATGGATTGACTGAGCTCAGGAGTTGGAGACCAGCCTGAGCAAGAGCGAGACCACATCTCAAAAAAAAACTAGCT","GGCCAGGCACAGTGGGTCACACCTGTAATCCCAGCACTCTGGGAGGCCAAGGCAGGTGGATTGGCTGAGCTCAGGAGTTTGAGACCAGCTTGGGCAACATGGTGAAACTCCCATCTCTAAAAATAATA"
"GL873520","28319445","28319615","chr2A","99383160","99383329","44","71063715","GGAAAAAAAGAAAAACTAGCTGGGCATTGTGGCAGGTACCTATAGTCCCAGCTACTCAGGAGGCTAAGGCAAGAGGATTGTTTGAGCCCAAGAGTTTGAGGTTGCTGTGAGGTATGATGCCATGGGACTCTACCAAGGGTGACAAAGTAAGACACTTATCTCAAAAAAAAA","AAAAAAAAAAAAAATTAGCCGGGCATGGTGGCATGTGCCTATAGTCCTAGCTACTTGGGAGGCTGAGGTGGAAGGATCACTTGAGCCTAGGAGGTTGAGGCTGCAGTGAGCTGAGACTGCACCACTGCACTCTAGCCTGGGTGACAGAGCCAGACCCTGTCTCAAAAAAA"
"GL873520","28382106","28382162","chr9","121928675","121928731","17","93546569","CACCTATAATCCCAGTGTTCTGGGAGGCTGAGGGGTTGGATACCTTGAAGTCAGGAG","GCTTATAATCCCAGTACTTTGGGAGGCTGAGGTGGGAGGATCAGTTGACCCCCAGAG"
"GL873520","28382439","28382638","chr1","23764688","23764900","61","4617751","TGAGGTCAGGAGACCTGGGAAACAGCAAGACCCCATCTCAAAAAAAAATTAGCCAGGTGTGGTGACCCATACCTAGTTACTCAGGAGTCTGAGATGGGAGGATCACTTGAACCCAGGAGGTCAAGGTTACAGTGAACTATTATTGAGTCATCATACTCCACTCTGGAAGACAGAGACACTGTCTCTAAAAATATAAACAA","GGAGTTCTAAACCACCCTGGTCAACACAGCAAGATGCTGTCTCTACAAGAGAAAAAAAGTAGCCAGGCATGGTGGCACATCCCAGGTACTCGGTAGGCTGAGGTGGGAGTATCACTTGAGCCCAGGAGTTCAAGGCTGCAGTGAGCTATGATTGCATCACTGCACTCTAGCTTGGGTGACAGAGCAAGACTGTTTCAAAAACAAACAAAAAAA"
"GL873520","28399129","28399245","chr3","46282834","46282948","21","17883705","GCTGGGCACAGAGGCTCACACTTGTAATCCTAGCACTCTGGGAGGCCAAGGTGGGTAGATTGCCTGAGCTCAGGAGTTTGAGACCAGCCTGAGCAAGAGCAAGACCTTGTCTCCAAA","GGGCACAGTGGCTCACACCTGCAATCCTAACACTTTGGGAGGTCAAGGTGGAAGGATTGCTTGAGCCCAGGAGTTTGAGACCAGCCTGGGAAACGTAGTGAGACCTTGTCTCAAA"
"GL873520","28399267","28399428","chr4","75562087","75562252","39","47162820","GCTGGGCATTGTGGTGAGCACCTATAGTCCTAGCTACTTAGGAGGCTGAGGCAAGAGAATCACTCAAGCCCAAGAGTTTGAGGTTGCTGTGAGCTATGACACCACAACAGTCAACCCCAGGGTGACTGAGTGAGACTGTCTCAAAGGCCAAAAAAAAAAAAA","TTAGCTGGGTGTGGTGGCATGCACCTGTAGTCCCAGCTACTTAGGAGGCTGAGGCAAGAGGATCACTTTAGCCCAGGAGGTGGAGGTTGCAGTGAGCTGAAATCATACCACTGCACTCCAGCCAGGGTGACAGAGTGAGACCTTGTCTCAAAAATAAATAAATAAA"
"GL873520","28418474","28418746","chr4","83896161","83896443","76","55477687","GGCTGGTCACAGTGGCTCACACCTGTAATCCCAGCACTCTGGGAGGCTGAGGCAGGTGGATTGCCTAAGCTCAGTAGCTTCAGACCAGTCTGAGCAAGAGCAAGACCCCATCTCTAAAACATATCCGGGAGGAGTTGTGGTAGGTGTCTACAGTCCCAGCTACCAGGAAGGCTGAGGCAAGAGAATTGCTTTTAGTCCAAGAGTTTGAGGTTGCTGTGAGCTATGATGCTATGGCACTCTACTGAGGGCGACAAAGTAAGAGCGTCTCAGGGG","GGCCAGGTGCAGTGGCTCACACCTGTAATCCTAGCACTTGGGAGGCTGAGGCAGGCAGATTGCTTAAGCTCAAGAGTTCGAGACCAGTCTGAGCAACACGGCGAAACCCCATCTCTACAAAAATCAGCCAGGCATGGTGGCACATGCCTATAGTCTCAGCTACTTGGGGGCTGAGGCAGGAGGATCGCTTGAACCCGGGAGGTTGAGGCTGCAGTGAGCCAAGATTGCGCCACTGCACTCCAGCCTGGAAGACAAAGTAAGACCTGTCTCAAAGGAAAAAAAA"
"GL873520","28419001","28419030","chr1","82530226","82530258","6","54111225","AGACTGTCTCAGAAAAACAAACAAAAAAAA","AGACCCTGTCTCCAAAAAAAAAAAAAAAAAAAA"
"GL873520","28451404","28451637","chr6","76240169","76240418","71","47788765","GGTTGGGTGCAGTGGTTCACAGCTATAATCTTTGGGAAGCAGAGGTGGGAGAATTGCTTAAGGCCAAGAGTTTGAGACTAGCTAGAGTCAGAACAATACCTTACTCCTACAAAAAAGTAGAAAAATTAGCTGGGCATGATGGGCTCCTGTAGTCCCAGCTACTCGGGAGGCTAAGGCAGGAAGATTGCATGAGCCCAAGAGTTTGAGGGTGCAGTGAACTATGACACCATTGTA","GGTTGGGCGCTGTGGCTCACGCCTATAATCCCAGCACTTTGGGAGGCTGAAGCAGTGGGATTGCTTGGTTCCAGGAGTTTGAGACCAGCTTGGGCAACATGGCAAAACCTCATCTCTACAAAAAAATACAAAAATTAGCCGGGTGTGGTGGTGCATGCCTGTAATCTCAGCTACTTGGGTGGCTGAGGTGGGGAGGATTGCCTGAGCCTGGGAAGTTGAGGCTGCAGTGAACCAAGATTGCGCCACTGCA"
"GL873520","28451891","28451984","chr7","72523261","72523343","28","44071370","TAACCTCTGTCCTACGGGCGCTAAGCAGACACCACTGTATTCTATCTAGCTTGGGCAATAGAGTGAGACCCTGTCTCAAAAGCAAACAAACAAA","GAGGCTGCACTGGGCCATGATCATAACTCTGTACTCCTGCCTGGGCAACAGAGTGAGACCCTGTCTCAAAACAAAAACCAAAA"
"GL873520","28466573","28466715","chr17","61486850","61486998","40","33020277","TTAGCTAGGCATGGTGATAGGTGCTTATAGTCAGGGCTACTTGGTAGGTGAGGCAAGAGGATCGCTTGAGCCATGGTTAGAGGCTGTCATGATCTGATGACGCCATTATACTTTAGTCTGGGCAACAGAATAAGACTCTATCT","TTAGCCAGGCATAGTGGCGTGTGCCTGTAGTCACAGCTACTTGGGAGGCCGGGGTCAGAGGATCACTTGAGCCCAGGTGTTTGAGGTTGCAGCGAACTATGATTGCACCAGTACACTTCAGCCTGGGCAACACAGTAAGACCCCATCTC"
"GL873520","28466964","28467100","chr4","97156139","97156283","38","68689175","GGCCAGGTGCAGTGGCTCACACTTGTAATCCTAGCGCATTCAGAGACCTTGAGGCTCACTTGAGGCCAGGAATTAAATATCTGCCTGGACAACAGCAAGACACTATCTCCACAAAAACAAAAAATTAGCTAAGCGGG","GGCCAGATGCAGCGGCTCACACCTGTAATCCCAGCACTTAGGCACACTGAGGCAGGAGGATCACTTGAGGCCAGGAGTTCAAAACCAGCCTAGGCAACACAGCATAACCCTACCTCTACAAAAAAAATTTAAAATTAGCTAAGTG"
"GL873520","28495046","28495204","chr1","22627977","22628134","34","5867069","TTGAGCATGGTGGTGTATACCTGTAGTGCCAGCTACTCAGGAGACTGAGATGGGAGGATTGCTTGAGCTTAAGAATTCAAGGTTACAGTGAGCTATGATCATGCCACTACACCCCATCCTGGATGACAGAGTGAGAGGCTGTCACTGGGAAAAAAAAAA","TTAGCTGGGCATGGTGATGCATGCCTGTAGTCCTAGCTACTCAGGAGGCTGAAGTGGGAGGATTGCTTGAGGTCAGGAGTTTGAGGTTACAGTGAGCTATGATCACTACTGTACTCCAGCCTGGGCAACAGAGTGAGACCCTGTCACTGAAAAAAAAA"
"GL873520","28495487","28495612","chr1","21214726","21214849","32","7280761","GACTGGGTGTGGTGGCTCATACTTATAAATCTCAGAGCCTGATGTGGAAGGATTGCTTGAAGCCAGCAGTTGGATACCTGCCTGGGTAATATAGCACAACCCCATTTCTAAGAAAAGAAAAAAATT","GCCGGGCACGATGGCTCATGCCTGTAATCTCCGTGCTTTAAGAGGAGGATTGCTTGAAGGCAGGAGTTTGAGACCAGCCTGGGCAACATAGCAAGACCTCCATCTCTACTAAAAAAAAAAATTA"
"GL873520","28510636","28510760","chr19","9742925","9743037","35","18767711","CAGAAAATACACAGGCAGAGCCAGTGTGGTGGTGCGTCCCTATAGTTCTGGCCACTCAGGAGGCTGAAGCATAAGGACTTGCTTGAGGCCAGCAGTTTGAGGCTACAGCGAGCTGTGATCCCACC","AAACATTAGCCAGGCACAGTGGTGCATGTCTATAGTTCTAGCTACTCAGGAGGCTGAGGTAGGAGGACTGCCTGAGCCCAGCAGGCTGAAGCTGCAGTGAGCAGTGATCACAC"
"GL873520","28570941","28571086","chr19","13740766","13740910","37","14830175","CTAGCCAGGCATCGTGGCAACAGCCTGTAGTCCCAGCAACTTGGGAGTCTGAGGCAAGAGGATTACTCAAGCTCAAGAGTTTGAGGTTGCTGTGAGCTATAATGACTATGGCACTCTAGCCAGGGCGGCAAAGTGAAATTCCATCT","GCCAGGCATGGTGGCTCACACCTGTAATCCCAGCTACTGGGGAGGCTGAGGCACGAGGATCACTCGAGCCCAGAAGGTCGAGGCTGCAGTGAGCTGTGATCACTTCACTGCACTCCAGCCTGGGTGACACAGTGAGACCCTATCT"
"GL873520","28571355","28571365","chr10","67853075","67853085","3","39281720","AGGATAAACTA","AAGATAAAAAA"
"GL873520","28571460","28571593","chr6","44741849","44741980","27","16170389","GCTGGGTATGGTGGCTCATGCCTGTAATCCTAACACTCTGGGATGCTGAGGAGGGTGCATTGCTTTGAGCTCAGGAATTCAAGACTAGCCTGAGCAAGAGTGAGACCCTATCTCTATTAAAAATAGAAAAACAA","GGCTGGGCACGGTGGCTCATGCCTGTAATCCCAACACTTTGGGAGGCTGAGGCGGGCGGATTGCTTGAGCCCAGGAGTTCAAAACCAGCCTGGGCAACATGGGGAGACCCTGTATCTCAAAAAAAAAAAAAA"
"GL873520","28575202","28575393","chr12","124378665","124378857","56","95803463","AGGTATGACATTTAAAATTTCCAAAAAAAAAAAAAATTGAAAAATTAGCTGGGTAAGCCTGTAATCTCAGCTACTTGGTAGCTGAGGCAGGAGGATCACTTGAACCCAGGAGTTTGAGGTTGCAATGAGCAACAAGGATGCACTCTAGCTCTGGCAATAGAGCAAGACTTTGTCTCAGAAATAAATAATAAA","AGCAATACCCCATCTCTAAAAAAAAAAAAAATTAGCCAGTCATGGTGGCGTGTGCCTGTAGTCCCAGCTACTGGGAGGCTGAGGTGGGAGGATCACTTGAGCCCAGGAGTTCAAGGCTGCAATGAGCTATAACTGTGCCACTGCACTCCAGCCTGGGTGACAGAACAAGACCCTGTCTCTAAAAATAATAAGA"
"GL873520","28575648","28575779","chr1","20323631","20323762","25","8252017","CCAGGCATGGTAGCTCACACCTATAATCCTAGCACTTTGGTGGGAGGCCAAGGCAGGATTATCTGAGCCCAGGAGTTCAAGACCAGCCTGAGCAAAATAGAATCCCCCATCTCTACAAAAAATTAAAAAATT","CCAGGTGTAGTAGCTCACACGTGTAATCCCAGCACTTTGGGAGGCCGAGGCAGGAGGATCACTGAGGCCAGGAGTTCAAGACCAGCCTGCGCAACACAGTAAGACCCTGTCTCTACAAAAAATTTAAAAATA"
"GL873520","28577826","28577917","chr19","38588582","38588671","23","10010756","TTAGCTGGGTATGGTGGCACATGCCTGTGGTCCTAACTACTCCAAGAAGCTGAGGCAGGTGGATCATTGAAGTCCAGCAGTTTGAAGTTGCA","TTAGCCAGGTGTGGTTGTGCACGCCAGTAGTCCTAGCTACTCAGGAGGCTGAGGCAGGAGGATTGCTTGAGCCCAGGAGTTTGAGGCTGC"
"GL873520","28578222","28578347","chr15","76007144","76007267","26","47428922","GGCTGGGCACAGTGGCTCATACCTTTAATCCTAGCACTTTGGGAGGCAGAGGCAAGAGGACTTCTGGAGACCAGCCTGGGCAAAATTGTGAGACCCTCAGCTCTATAAAATATTTTAAAAATTAGT","GGCTGGGCTTGGTGGCTCACACCTGTAATCCTAGCACTTGGGGAGGCTGAGGCAGGCAGATTGCTTGAGACCAGCCTGGGCAACATGGTGAAACCCTGTCTCTAAAAAAAAACCAAAAATTAGC"
"GL873520","28624829","28624859","chr3","48397626","48397656","7","19772797","GACACTTTCTTAAACGAAAAAAAAAAAGAAA","AGACCCTGTGTCTTAAAAAAAAAAAAAAAAA"
"GL873520","28625129","28625414","chr1","35238481","35238761","89","6613352","GGCCAGGTGTCATGGTTCACACTTGTAATTATAGCACTCTGAGAGACCCAAGCCTGAAGGATTGCTTAAGCTTGAGACCAGCCTGAGCAAGAGTGAGACCCTGTCTCCACTTGAAACACAAAAGTAACAGGGCATTGTGGTAGATGCCTATAGCCTATAGTCCCAATTACTGGGGAGGCTGCGACAGGAGATCACTTGAACCCAGGAGTCTGAGGTTGCTTTGAGGTAGGCTGACATCATGGCACTCTACCCTGGGCAACAGACTGTGACATTTTCTTTTCTTTTC","GGCCAGGTATGGTGGCTCACACCTGTAATCCCAGCACTTTGGGAGACTGAGGCAGATGGATCGCTTGAGCTCAGGAGTTCAAGACCAGCCTGAGCAACATAGTGAGACCCTGTCTCTATAAAAATACAAAAATTAGCTAGGCATGGTAGTGCATGCTTGTAGTCCCAGCTACTCAGGAGGCGGAGGCAGGAGGATCACTTGAGCCCAGGAGGCAGAGGTTGCAGTGAGCTGAGATTGTGCCACTGCATTCCAGCCTGGGTGACAGAGTCAGACCTTGTCTC"
"GL873520","28646007","28646275","chr1","23713043","23713310","73","4932964","CTGGGCACAGTGGCTCATGCCTGTAATCCCAGCACTCTGGGTGGCATAGGTGGGTGGATCACTTGAGCTCACTAGTTCAAAACCAGCCTGACCAAGTAAAAAACAAAAAAAGCCAGGTGTTGTGGCGGGCACCTGTAGTTCCAGCTACTCAGGAAGCTGAGGCAAGAGAATTACCTACGCCCAAGAGCTGGAGGTTGCTATGAGCTGTGATACCATGGCACACTACCGAGGGCAACAAAGTGAGACTCTGTCTCTAAAAAAAAAAAAAA","GGCCAGGCATAGTGGCTCATGCCTGCGATCTCAGCACTTTGGGAGGCCTAGGTGGGCAGATCACTTGAGTGCAGGAATTCAAGACCAGCCTGGGCAACATGGAGAAACCCCACCGGGAGTGGTGTTGCGCACCTGTAGTCCCAGCTACTCAGGAGGCTGAGGTGAGAGGATTGCTTGAGCCGGAGAGGTGAAGGTTGCAGTGAGCTAGATCATGCCACTGCAATCCTGCCTGGGCAACAGAGGGAGACCCTGTCTCAAAAAAATAAAA"
"GL873520","28713669","28713977","chr19","43374137","43374445","78","14660468","GGCTGGGCATAGTGGCTCACACCTGTAATCTTAGCACTCTGGGAGGCCAAGGCAGGTGGATTGCCTGAGCTCCCAAGTTCAAGACCAGCCTGAGCCAGTGCGAGACACCTTGTCTCTAAAAATAGATGGGTATTGTGGCAGACACTTGTTGTCCCAGCTACTTGAGAGGGGGAGGCAAGAGAATTGCTTGAGCCCAGGAGTTTGAGGTTGTGCAAGCTATGATAGCACAGTACTCCACCAGGGGCAACAAAGTGAGACTCTGTCTCAAAAATAAATAAATAAATAAATAAGTGAATAAAATAAAATAAA","GGCTGGACGTAGTGGCTCACACCTGTAATCCCAGCACTTTGGGAGGCTAAGGCAGGTGGATCACTTGAGCCCAGGAGTTCAAGACCAGCCTGAGCAACATGGCAAAGCCCCATGTCTACAAAAAATTAGCTGGGTGTGGTGGCACACGCATGTTGTCCCAGCTACTTGGGAGGCTGAGGTTGGAGGATTGCTTGACCCCGGGAAGTGGAGGCTGCAATGAGCCGAGATCACATCACTGCACTCAGCCTGGGTGACAAAGTAAGACCTTATCTCAAAAAATGATAATAATAAAATGTAAAAATGAAAAAA"
"GL873520","28724467","28724773","chr1","112740999","112741297","85","84016532","GGGCACTGTGGCTCACTCCTGTAATCCTAGCACTCTGAGAGGCCAAGGTGGGCAGATTGTTTGAAGCTCAGGAGTTTGAAACCAGCTGAGCAAGAATGAGACCCTGTCTCTACTTAAAAAAAAAAAAATAGAAAAATAAGTTGGGCATCATTGAAAAACTAGCCAGGCATTGTTGTGGGTGCTTATAATCCCATCTACTCAGGAGGCTGAGGCAAGAGGATCACTCGAGCCCAGAAGTCTGAGGTTGCTGTGAGCTATGATGTTTTGACACTCTACCCAGGGCAACAGAATGAGACTCTGTCTCAAA","GGGCGCAGTGGCACACGCCCATAATCCCAGCACTTTGGGAGGCCAAGGCGGGCAGATCACTTGAGCTCAGGAGTTCAAGACCAGCCTGGCCAACATAGTGAGACCCTATCTCTACAAAAAAAAAAAAACACACACACACACATAAAAATTAGCCAGGTGCGGTGGTGCACACCTGTAGTCCCAGCTACTCAGGAAGCTGAGGTAGAAGAATCATCTGAGCCCAGGAGGCCGAGACTGCAATGAGCCAAGATTGTGCCACTACACTCCAGCCTGGGTAACAGAGTGAGACCCTGTCTCAA"
"GL873520","28724802","28724815","chr1","62222108","62222122","1","33497306","ATAAATAAAATAAA","ATAAAATAAAATAAA"
"GL873520","28751141","28751235","chr11","3748207","3748305","31","25002934","TCACTTGAGTCCGAGAGTTTAAGGTTGGTATTAGCTATGACACCAAGGTACTTTACTGAGGGCAATAAAGTGAGACTCTGTCTCAAAAGCAAAAA","TCACTTAAGTCCAGGAGGTTAAGGCTGTAGTAAGCCATGATCATACTACTGCACTCCAGCCTGAGTAACAGAGAAAGACCCTGTCTCTAAAAAAAAAAA"
"GL873520","28751506","28751699","chr11","65171233","65171432","54","36419727","GGCCAAGACGCCATGGGTCACACCTATAATCCTAGCACTCTAGGAGGCTGAGGAGGGCAAACTGCCTGAGCTCATGGGTTCGAGACCAGCCTGAGCAAGAGTGAGCCCCTGTCTCTAAAAATAGCCAGGCATCATGGCTGGTGCCTGTAGTCCCAGCTACTTGGGAGACTGAGGCAACAGAATCACTTGAGTCC","GCCGAGCATGGTGGCTCATGCCTGTAATCCTAGCACTTGGGGAGGCCGAAGGCAGACAGATTGCTTGAGCTCAGGAGTTTGATACCAGCCTGGGCAACATGGTGAAACCCTGTCTCTATAGAAAAATTAGCCAGGCATGATGGCGTCCCCCATGTAGTCCCAGCTACTCAGGGGATTGAGGCAGGAGGATTGCTTGAGCC"
"GL873520","28762341","28762651","chr11","48115687","48115995","70","19353346","GACCAGGCACAGTGGCTCATGCCTATGATCCTAGCACTCCAAGAGGCCAAGTCCAGTAGATCACTTGAACTCAGGAATTCAAGACCAGGCTGAGCAAGAGTGAGACCCCTAATCTCTACTAAAATAGAAAAATTAGCTGGGAGTTGTGGTAGCCGCCTGTAGTCCCAGCTACTTGGGAAGCTGAGGCATGAGGATTGCTTGAGCCCAAGAAGTTGAGGGTACTATGTGCTCTGATGATGCCATGGCACTCAACCATGGGTGGATAAAGTAAGATTCTGTCTCAAAAAAAAAAAAGAAAGAAAGAAACAAAA","GCTGGGCACAGTGGCTCATGCCTATAATCCTAGCACTCTGGGAGGCCAAGGCAGGAGGATTGCTTGAGCTCAGGAGTTTGAGACCAGCTGGGTAATGTAGTGATACACCATCTCTACAAAAAATACAAAAATTAGCTGGGTGTGGTGGTGCGCGCCTGTAGTCCCAGCTCCTTGGGAAGCTGAGGTAGGAGGATTGCTTGAGCCTGGGCGGTTGAGGCTGCAGTGAGCTGAGATTGTGCCACTACACTCCAGCCTGGGTGACAGAGCAAGACCCATCTCAAAAAAAAAAAAAAAAAAAAAAGAAAGAAA"
"GL873520","28766392","28766544","chr17","14741482","14741644","40","14024910","TAGCCAGGGGTTATAATGGATGCCTATAGTCCCAGCCACTTGGGAGGCTAAGGGAAAAGGATTGCCTGAGCCAAAGAGTTTGAGATTGCTGTAAGCTATGATGCCAGAGCACTCTACCAAGGGCAACAAAGTGAGACTACCAAAAAAAAAAAA","AATTAGCCAGGCATGGTGGCACATGCCTATAGTTCCAGCACTTTGGGAGGCTAAGGCAGGAGGATTGCTTGAGCCCAGGAGTTTGAAGTTACAGTAAGCTATGATCATGCCATTGCACTCTAGCCTGGGCAACAGAGTGAGACCTTGTCTCTAAAAAAAAAAA"
"GL873520","28766815","28766971","chr2A","39484218","39484374","43","10717403","GGCCTGGCACAGTGACTCATGCCTGTAATCCCAGCACTTGGGAGGCTGAGGCAGGTAGATTGCCTGAGCTCATAGGTTCGAGCCCAGCCAGAGCCAGAACAAGACCTTATTTCTAAAAATAGCCAGTGATTCTCTGTCTCCAAAAAAATAAAAAATA","GCCAGGCACTGTGGCTCACGCCTGTAATTCCAGCACTTTGAGAGGCTGAGGCAGGAGGATTGCTTGAGCCCAGGAGGTTGAGGCAGTGAGCCATGATCATGCCACTGTACTTTGGCCTGGGTAACAGAGTGAGACCCTGTCTCAAAAAATAAAAAAA"
"GL873520","28784630","28784761","chr3","37772564","37772695","32","8987934","CAGCTTCTCAGGAGGCTGAGGCTAGAGGAATGCTTGAGCCCAGGAGGTTGAGGCTGCAAGTGACCACACCATTGCGCTCCACCCTGGTTCAGAGAGTGAGATCTTGTTTCTTAAAAAAAAAAAAAAAAAGAA","CAGCTACTCAGGAGGCTGAGACTGGAGTATCCCTTGAGCCCAGGAAGGAGTGGTTGCAGTGAGCCAAGATCGCAGCACTGCACTCTGGTTAACAGAGTGAGGTCCTGTCCCAAAAAAAAAAAAAAAAAAAAA"
"GL873520","28870588","28870809","chr5","161105691","161105906","55","132235103","GGCTGGGCGTGGTGGCTCACTCCTGTAATCCTAGCACTCAGGAAAGCCGAAGTGGGTGGATTGCCTGAGTTCAGGAGTTTAAGCCCAGCCTGAGCAAGAGCAGGTCTCCGTCTCTACTAAAAATAGAAAAAAACTAGCCGTGCATTGTGGCAGAAATTTGTAGTCCCAGCCACTTGGAAGACTGAGGCAAGAGGATTGCTTCAGTCTAAGAGTTCGAGGTTG","GCTGGGGTTGATGGCTCCTACCTGTAATCCCAGCACTTTGGGAGGCTGAGGTGGGAGGATTGCTTGAAGTCAGGAGTTTGAGACCAGCCTGAGCAACATAGTGAGACCCCGTCTCTACAAAAAATAAAAAATAAGCCAGGCATGGTGGGATACACACCTGTAGTCCCAACTACTTGGGAAGCTGAGGCAGGAGGATTGCTTAAGCCTGGGAGATTG"
"GL873520","28871086","28871164","chrX","51980163","51980248","20","23109077","GAGTTCGAGGTTGTAAGCTGTGACACCACAGCACTCTACCCAGGGAGACAGAGTGAGACTCTGTGTTTAAAAAAAAAAA","GAGGTTGAGGCTGCAGTGAGCCATGACTGCACCACTGCACTCCAGCCTGGGTGACAGAGTGAGACCCTGTCTTTAAAAAAAATAAA"
"GL873520","28899250","28899352","chr1","8706059","8706159","31","20193191","GTCTCTGCAAAAAAATTGAAAAATTAGCCAATCATGGTAGAGCATACCTGTAGTTCCAGGCTACTTGTGAGGCTGAGGCAGGAGGATAACTGGAGCCTAGGAT","TTAAAATTAAAATTAAAAAATTAGCCAGGCATAGTGGCACACACCTGTAGCCTCCCAGCTACTCCAGAAGCTAAGGTGGGAGGATAACTTGAGCATGGGAG"
"GL873520","28899625","28899702","chr10","22295373","22295445","21","6604252","AGCTGGAGCCCTGGATTTTGAGGTGTACTCTAGACTGAGCAACTGAGCAAGACCCTATCTTAAAAAAAAAAAAAAAAA","AGTGAGGTGGATTGTGCCACTGCACTCCAGCCTGGGCAACAGAGTGAGACCCTGTCTCAAAAAAAAAAAAAAA"
"GL873520","28902953","28902966","chr1","204900615","204900627","1","175997662","GAAAAGAAAAAAAA","GAAAAGAAAAAAA"
"GL873520","28903200","28903451","chr9","131903972","131904244","71","103000772","GCCTCTAATCCTAGCCCTCTGGGAGGCCTAGACAGGTGGATTGCTTGAACTCATAAATTCGATACCAGCTGAGCTAGAGCAAGACCCCTGCCTCTAAAAATAGCCAGGTGTTGTGGCCAGCACTTGTAGTCCCAGCTACTCAGGAGGCTGAGGTAAAAGAATAGCTTGAGCCCAGGAGTCTGAGGTTGCTGTAAGCTATGATGCCACTGCACTCTACCAGGGTGACAAAGTGAGACTTTCAAAAAAAAAAGC","GCCTGTAATCCCAGCACTTTGGGAGGCTGAGGCAGGTGGATCACTTGAGCTCAGGAGTTCAAGACCAGCCTGAGCAACAACATGGTGAGACCCCATCTCTACATACATTAGCCAGACATGGTGGTGCACACTTGTAGTCCCAGCTACTCAGGAGGCTGAGGCATGAGAATCGCTTGAGCCCAGGAGGTGGAGGTTGCGGTGAGCTGAGATTGCACCACTGCACTCCAGCCTGGGCAACAGAGTATGACCCTGTCTCAAAAAAAAAAAAAAAAA"
"GL873520","28922151","28922284","chr5","155192496","155192628","29","126270345","GCCAGGTTCAGTGGTGTGTGCCTGTAGTCCCAGTTACTCAGGATGCTAAAGTGGGAGGATCACTTGAGCCTAGGTGTTCAAGGCCAGCCTGGGCAACATAGTAAAACTCTGTCTCTCCCCAGAAAAGGCTAAAA","GCCAGGCATGGTGGCTCATGCCTGTAATCCCAGGCACTTTGGGTGGCTAAGGTGGGTGGATCACTTGAGCCTAGGAGTTCAAGACCAGCCTAGGCAACATGGTGAAACTCTGGCTCTTCAAAAAATACAAAAA"
"GL873520","29008396","29008423","chr7","123796134","123796164","8","94787738","CCAACTTGGACAACATAGTCAGACCCCA","ACCAGCCTGGGCAACATAGTGGGACCCCATC"
"GL873520","29008702","29008890","chr6","108342309","108342492","49","79333607","AGACCCCATCTCTTAAAAAAAAATTTAGTCAAGTATTGGTGGCTCATGTCTATAGGCCTAGCTACTCAGAGGCTGAGGCAGGAGGATGGCCTCAGCCCAAGAATGTGAATTTACAGTGATCTATGATCAGGCCACTGTACCCTGGCTAGGGTGACAGAGTGAGACCCTGTCTCTAAAAGAACAAAAAAA","CAAAAAAATAATTTTAAAAAAAAGCAGCCAGGTATGGTGGTATGTGCCTGTAGTCCTAGCCACTCAGGAGGCTGAGACAGGAGGATCACTTGAGCCCAGGAATTTGAGGTTACAGTGAGCCATGGTCACGCCACTGTACTCCAGCCTGGGCTACAGAGTGAGACCCTGTTTCTAAAAATAAAAA"
"GL873520","29146685","29146907","chr3","132044750","132044972","70","102898065","CTGAGGTGGAGGATCACCTGAAGTCAGGAGTTTGAGACCAGCCAGGGCAATGTAGTAAGACCTGTCTCTAAACAAAATTTTTATAAAAAAATTAGCCAGGTGTGGTGTCATGTACCTATAGTCTCAACTATTCTCGAGGCTGAGGCAGTAGAAACACTTGAGCCCAGGAGTTTGACACTACCCTGGACAATATAGCAGGACCTCATTTAAAAAAAAAAAAATC","TGGGAGGCTGAGGTGGGAGGATTGCTTGCGCTCAGGAGTTTGAGACCAGCCGGGGCAACATGGTGAAAACAGGTCTCTACAAAAAAATTTTTAAAAATGAAAAATTATCTGGCTCACACCTGTAGTCTCAGCTACTCGGGAGGCTGAGGCAGGAGTAACACTTGAGCCCAGGAAGTTCCCTTTAGCCTGGGTGACAGAGCAAGACCCTGTCTCTAAAAAATAA"
"GL873520","29147002","29147019","chr6","109504975","109504990","2","80357973","AAAAAAAACAAAAAACAA","AAAAAAAAAAAAAAAA"
"GL873520","29180911","29181080","chr1","26355033","26355200","36","2825878","ACTTAGCTGAGTGTGGTAGTGTTTGCCTGTAGCCCAGCTGCTGGGGAGGCTGAGGCAGGAGGATTGCTTGAGCCCACGAGTTTGAGGTTGCCAAGTAAGCTATGATGATGATGCCACTACACTCTAAACTGGGCAACAGAGTGAGATTCTATCTCAAAAACAAAACAAAA","AACTAGCTGGGTGTGGCGGCGTGTGCCTGTAGTCCCAGCTACTTGGGAGGCTGAGGCAGGAGGATCACTTGAGCCCAGGAGTTCAAGGCTGCAGTGAGCTAAGATCATACCACTGCACTCCAGCCTGGGTAATAGAGTGAGATCCTGTCTCAAAAAAAAAAAAAAAAA"
"GL873520","29181108","29181209","chr8","21452005","21452106","19","7729103","TCATTCCTATAATCCTAGCATTTTGAGAGGCTGAGGGAGGAGGTTTGCTTGAGGCCAGGAGTTTGAGACCAGCCTGGGCAATACCAAGACCCAGTCTCTACC","CATGCCTATAATCCCAGCACTTTGAGAGGCTGAGGCAGGAGGATCGCCTGAGCCCAGGAGTTCGAGGCCAGCCTGGGCAACATAGCAAGACCCCATCTTTAA"
"GL873520","29282320","29282433","chr1","28371462","28371583","32","910858","CAAGCATATAGTCCTAGCTACTCAGGAGACTAAGACAGGATGATCACTTGAGTCCAGGAGTTCAAGACCAACCTGGGTGATACAATGAGATCCATCTCTAGAAACAATTCAAAA","TCATGCATATAATCCCAGCTACTTGGGAGGCTGAGGCAAGAGGATCACTTGAGCCCAAGGAGTTCAAAACCAGCCTGGGCAACATAGTGACACATGTGTCTACTAGAAAGAGATACAAAAAT"
"GL873520","29428719","29428848","chr1","10107868","10107993","38","19320851","GGCCAGGTACAGCAGCTCACACCTGTAGTCTTACCATTTTGAGAGGCCACAGTAGGAGGGCAGGAGTTTGAGACCACCCTGAGCAACATAGACCTTTTCTCCACAGAAAGTTTTTTAAAAATTAGCAAGG","GTGCGGTGGCTCACACCTGTAATCCCAGCACTTTGGAGGCCAAGACAGGAGGAGCACTTGAGCCCAGCATGAGCAACAGAGTGAGACCCTGTGTCTACAAAAATTTTTTTAAAAATTAGCCAGGCA"
"GL873520","29429122","29429283","chr12","110071311","110071466","41","80642189","TAAAAATTAGCTAGGCATGGTGGCACAGGCCTATAGTCTCAGCTACTTGAAAGGCTAAGGCAAGAAGATAGCTTGAGCCCAGGAGTTCAAGGTTACAGTAAGCTATGATGTCTCCACTGCATGCTAGCCTAGTCAACAAAATGAGAAAAAAAAAAAAGGAAA","AGAATTAGCCAGGCATGGTAGTGCATGCCTATAGTCCTAGCTACTTGGAAGGCTGAGGTGAGAGGATCACTTGAGCCCAGGAGTTCAAGGCTGCGGTGAGCTCTGATCACACCACTGCATTCCAGCCTAGGCAACTGAGAAAACTTCATTTCAAAA"
"GL873520","29462369","29462591","chr3","33097638","33097860","65","3635269","AAAAAAAAAAGAATTTGAAAACAGCCTGAGTAAGAGCAAGACCCTGTCTCTACTAAAAATAGAAAACTTGGCTGAGCCTGATGGCAGGTATCTGTAGTCCCAGCTACTCAGGAGGCTGGGACAAGAGGATTGCTTGAGCCTAGGAGTTTGATTTGCTGTGAGCTCTAATGACACCACCACAGTCTACCAGGGTGAAAGGTGAAACTCTGCTTAAAAAAAAAAA","CAAACAAACAAACAAAAATCAGCCTGGGTAACAAAGCAAAACCCTGTCTCTATAAAAACTTTGAAAATTAGCTGGGCGTGGTGGCTTGCACCTGTAGTCCCAGTTACTCAGGAGGCTGAGGTGGGAGGATCACTTGAGTCCAGGAGGTCGAGGTTGCGGTAAGCTGAGATCAGGTCACTGCATTCCAGCCTGGATGATAGTGTGACCTTGTCTAAAAAAAAAA"
"GL873520","29462868","29462950","chr3","39920305","39920389","15","10457437","GGCTGGGCGCAGCAGCTCATGCCTATAATCCTAGCACTCCGGGAGGCTGAGGCAGGTGGATTGCTTGAGTTCAAGAATTTGAA","GGCTGGGCACAGTGGTTCATGCCTATAATCCTAGCACTTTGGGAGGCTGAGGCAGACAGATTGCTTGAGACCAGGAGTTTGAGAC"
"GL873520","29557392","29557436","chr13","61040956","61041001","12","31483564","GCCACTATACTCCAGCCTCAATGACAGAGGGAGAGCCTGTCTGAA","GCTACTACACTCCAGCCTGAGCGACAGAACGAGACCTTGTTTCAAA"
"GL873520","29557912","29558044","chr10","32672454","32672587","27","3114542","GACCTGGCACAATGGCTCACATCTATAATCTTAGCACTTGGGGAAGCTGGGGCAGGATGATCACTTGAGGCCAGGAATTCAAGACCAGCCAGAACAAAAGCAAGACCCTCATCTCTATAAAGAATACAAAAAT","GGCCAGGCACACTGGCTCACACCTATAATCCTAGCACTTTGGGAGGCTGAGGCAGGAGGATTGCTTGAGGCCATGAGTTCGAGACCAGCCTGAGCAACATAGCAAGACCTTGTTAATATAAAAAATAAAGAAAT"
"GL873520","29628951","29629020","chr19","14960494","14960556","23","14668457","GGGAAGTCAGCCTGGAATGGGGCTGATGCCACCACATTCTAGCCTGGGCAATAGAGTAAGGCTCTGCCTC","TTGCGGTGAGCTTTGATCATGCCACAGCAGTCCAGCCTGGGCAACAGAGCAAGACCCTGTCTC"
"GL873520","29847435","29847632","chr3","185817789","185817985","62","155970354","GGCCTGGTATTGTGGCAGGCACCTGTAGACCCAGCTACTTGGGAAGCTGAGGCAAGAAAATTGCTTAAGCCCAAGTGTTGGCAGTTACTGTGAGCTATGATGCCATAGCATGCTACTGAGGGCCACAAAGTGAGACTCGTCTCAAAATAAATAAATAAATAAATATTTTAAAAAAACAAAAGAAAATTAAAGAAAAAA","TAGCCAGGTGTGGTAGCATGTGCCTGCAGTGCCAGCTACTCAGAGGCTGAGGCAGGAGGATTGCTTGAGCCCCAAAGCTGGGGAAGTCATGGTGAGCTATGATCACATTACTACACTCTAGTCTGAGCAACAGAGTGAGAACCCTGTCTCCTAAAAAATAAATAAATAAATAAATAAATAAGAATAAAAGTAAAAAA"
"GL873520","29847891","29848026","chr3","130995649","130995777","35","101147758","GGCTGGGCATGATGGGTCATGCCTGTAATCCTAGCACTTTGGAGGCTGAAGCAGGTGTATTGCCCTGAGCTCAGAAGTTCGAGACCGGCCTAAGTCAGAGTGAGACCCCCGTCTGAATAAAAAAAAGCCAGGTGTC","GGCTGGGCATGGTGGTTCATGCCTATAATACCAGCACTTTGGGAGGCGAAGGCAGGAGGATCACTTGAGCCCAGGAGTTCAAGAACAGCCTTAACATAGTGAGACCCCATCTGTATAAAAATAGAAAAT"
"GL873520","29870290","29870575","chr11","63662702","63662957","105","33792412","GTGCAGTGGCACATGCCTATAGTCAGCCCCAAGTACTTGAGAGGCTAAAGCAGGGAAATCACTTGAGCCCAGGAGTGCAAGGCTNNNNNNNNNNNNNNNNNNNNCAAGTGCAGTGGCACATGCCTATAGTCAGCCCCAAGTACTTGAGAGGCTAAAGCAGGGAAATCACTTGAGCCCAGGAGTGCAAGGCTGCAGGGTGCTGTGATTATGCCGGTGAATAACCACGGCACTCCAGCCTAGAAAACACAGCAAGACTTTCTCTCTAAAAAAATAAAATAAACATAAA","GGCTGGGCACAGTGGCTCATACCTGTAACCCCAGCACTTTGGGAGGCCAAGGTGGGCCAATCACTTGAGCCCAGAATTTCGAGACCAGCCTGGGCAACATGGAGAAACCCCCAGGTACTCGGGAGGCTGAGTTGGGAGAATCACCTGAGCCTGGGAAGTCAAGGCTGCAGTGACCCATGATTGCATGATTGCATCACTGCACTCCAGCCTGGGTGACAGGAGTGAGACCCTGTGTCAAAAAAAAAAAAAAACAAAA"
"GL873520","29946364","29946488","chr3","42986515","42986643","29","13040151","GCTGTTGCTCACACCTGTGATCTTAGCACTGTGGGGGGCCAAGGCAGGAGAATCACTTGAGCTCAGAAGTTTGAAACCAGCCTGAATAAGAGTGAGATCCTGTCTCTATTAAAAATAGAAAAATT","GGTGTGGTGGCTCATGCCTGTAATCCCAGCACTTTGGGAAGCGAAGGCAGGCAGATCACTTGAGCTCAGCAGTTTGAGACCAGCCTGGGCAACACGGTGAAACCCTGTCTCTACTAAAAATGCAAAACT"
"GL873520","29946766","29946938","chr5","97924506","97924665","50","67977740","ATAAAATAGAAAAATTAGTGAAGCATTATGGTGGGTGCTTATAGTGCTAGTTACTCAGGAGGCTGAGGCAAGAGAATCGCTCAAACCCAGGAGTTTGAGGTTGCTGTGAGCTAGGCTGATTGCCACAACATTCTAGCCTAGGCAACAGATGAGACTGTCTTGAAAGGAAGAAA","TCAAATAACCAAGTGTGATAATGTGCTTCTGTAGTCCCAGCTACTCAGGAGGCTGAGGTAGGAGAATCGCTTGAGCCCAGGAGTTCAAGGCTGCAGTGAGCTATGATTGTGCCACTGCACTCCAGCCTAGGCAACAGAGCAAACCCTGTCTCTAAAAAAA"
"GL873520","30073399","30073522","chr7","23837442","23837565","25","6235957","GGCTGGGTACACTGACACACACCTATAATCCCAGAATTTAGGGAGGCCAAGGCAAGAGGATTTCTTAAGGCCAGGATTTTGAGACCTCCTTGGGCAATATAGCAAGACCTCTATCTCTATAGAA","GGCTGGGTGTAGTGGCTCACACCTGTAATCCCAGCACTTTGGGAGGCCAAGGCAGGAGGATTGCTTGAGCCCAGGAGTTTGAGACCAGCCCAGGCAACATAGCAAGACCCCATCTCTACACAAA"
"GL873520","30073826","30074010","chr2A","71008073","71008252","42","40934247","TCAGAATTTTTTAAAAATTAGCCAGGAGGTACGATATGCACCTATATTCCTACCTACTCAGGAAAATGAGGCAGGAAGATTGCTTGAGCCCAGGAGTTCAAGGCTGTAGTAAGCTATGATAACACCACAGCACTCTAGCTTGGGAAACAGAGCAAGACCCTGTCTCTAAAAAAATAAATAAATAA","TCTACAGAAAATTTTTAGAATTAGCCTGGTGTGGTGGCACACAGTAGTCCCAGCTACTCAGAAGACTGAGGCAGGGGGATCACTTGAGCCAGGAGTTCAAGGCTACAGTAAGCTATGATCACACCACTGCACTCTAGCCTGGGTGACAGAGCAAGACCCTATCTCTTAAAAATAAAAAAA"
"GL873520","30134630","30134940","chr17","19505178","19505492","79","10629452","GGCTGAGCACAGTGGTTCACACCTGTAATCCTAGCACTCTGGGAGGCCAAGGTGGGTGGATTGCCTGAGCTCACAAGTTTGAGATCAACTTGAGCAAGAGCAAGACTTATCTCTAAAAAACAGCCTGGCATTGTGGTAGGCGCCTGTAGTCCCAGCTACTTGGGAGGCTGAGGCAAGAGAATTGTTTAAGCCCAAGAGTTTGAGGTTGCTGTGAGCTGTGATGCCACAGCACTCTTCCAAGGGTGACAAGTGAGACTCTGTCTCAATAAATAAATAAATAAAAATAAATAAACTAAAATAAAATATAAAAA","GGCTAGGCATGGTGGCTCACACCTGTAATCCCAGCACTTTGGGAGGCCAAGGCAGGCAGTTCACTTGAGCGCAGGAGTTTGAGACCAGCCTGGGCAACATGGCAAAACAAAAAAAATGCAAAAATTTAGCCTGTCATTGTGGTGTGCGCCTGTAGTCTCAGCTACTCTGGAGGCTGAGGCGGGAGGATTGATTGAGCCCAGGAGGTTAAAGCTGCAGTGAGCTGTGATTGTGCCACTGCACTCCAGCCTGGGTGACAGAACGGGACCCTGTCTCAAAACATAAAAATATAAATAAATAAATAAATAAATAAATAA"
"GL873520","30230386","30230482","chr9","134967343","134967439","21","104736957","CTAGCTGGGCAGGTGGCACACACCTATAGTCCCAGCTACTGGGGAGGCTAAGGAAAGAGGATTGCTTGAGCCCAAAGAGTTTGAGGTTGCTGTGAAC","TTAGCCGGGCATGGTGGGTGCATACCTGTAGTCCCAGCTACTTGGGAGGTTGAGGCAGGAGGATAGCTTGAGCCCAGAAGCGGAGGTTGCAGTGAGC"
"GL873520","30230760","30230866","chr11","9113600","9113699","32","21117160","GCTCACGCCTATAATCCTAACACTCTGGGAGATGGATTGCTTGAACTTAGGAGTTCAAGAACAGCCTGAGCAAGAGGGAGACCCTCTATTAAAAATAGAAAAACTAT","GACTCAGGCCTTTAGTCCTAGCACTTTGGGAGGATCACTTGAATCCAGGAGTTTGAGAACAGCCTGGGTCACATAGCGAGACCCCATCTGTATAAAAAAC"
"GL873520","30284821","30285016","chr11","68059992","68060183","48","37775171","TAAAAAAATAAACATAGAAAAACTAGCCAGGCGTTGTGGCACACACCTGTAGTTCCAGCTACTTGAGAGTCTGAGGCAAGAGGATCTCTTAAGCTCAAGAATTTGAGGTTGCTGTGAGCTATGATGATGCCATGGCACTCTACCCAGGACAACACAGAGAGATACTTGTCTCAAAAAACCAAATAAATAAAATAAA","AAAAACATTTTAAAGAAACAAAAATTAGCCACGCATGGTGGCACGCCCCTGTAGTCCCAGGTACTTGGGAGTCTGAGACAGGAGGATTGCTCGAGTCCAGCAGTTCAAGGCTGCAGTGAGCTATGATGGCGCCACTGCACTCCAGCCTGGGTAACAGAGAGAGATCCTGTCTCAAAAAAATAAATAAATAAA"
"GL873520","30285294","30285426","chr10","71691756","71691890","28","41406462","GGCCAGCCATGTTGGCTTATGCCTGCAATCCTAGTACTCTGAGAGGCTGAGGTGGGTGGATTGCTTGAGCTCAAGAGTTTGAGACCACTCTGAGCAAGAGTCAGACCCTGTCTCTGCTAAACATAGAAAAACT","GGCCAGGCACGGTGGCTCATGCCTGTAATCCTAGCACTTTGGGAGGCCGAGGCTGGTGGATCACTTGAGGGCAGGAGTTTGAGACCAGCCTGGGCAACATGGCGAAACCCTGTCTCTACTAAAAATACAAAAATT"
"GL873520","30313373","30313488","chr4","57057483","57057599","22","26744110","GGCCATGTGAGGTGGCTCACACTTACAATCCCAGCAATTTGGAAGGCTGAGGTAGGAGGATTGCTTGAGCCCAGGCATTCAAGATCAGCCAGGGCAACATAGTCAGACTTCATTCT","GGCCATGGGTGGTGGCTCACGCTTATAATCCCAGCACTTTGGGAGGCCAAGGCAGAAGGATTGCTTGAGCCCAGGAGTTTAAGATCAGCCTGGGCAATATAGTAAGATCCTGTCTCC"
"GL873520","30313521","30313708","chr7","2180893","2181077","47","28132628","ACACAAAAGTTAGCTGGCCACATGACATACACCTATGGTCCCAGCTACTTGGGAGACTTAGGCAGGAGGATCACTTGAGTCCACAAGTTTGAGGTTGCAGTGAGCTATGATGACACAGCTGCATTCTAGCCCAGGCAACAGAACAAGACTCTTATCTAAAAAAAAAAAAAAAAGAAAGAAAAAAGAAA","TCCAAAAAATTAGCCAGGCATGGTAGCATGCACCTGTAGTCCCAGCTATTCGGAAGACTGAGGTGGGAGGATCAGTTGATCCCAGGAAGTTGAGGCTGCAGTGAGCTGTGATCATGCCCCTGCATTGCAGCCTGGGCAACAGAGCAAGACTGCATCTCAAAAAAAAAAAAAAAAAGAAAAGAAAA"
"GL873520","30326316","30326597","chr1","129548332","129548620","71","99222016","GCAGTGGCTCACACCTGTAATCCTAGCACTCTGGGAGGCCAAGGTGGGTGGATCACCTGAGCTCATGAGTTCAAGACCAGCCTAAGCAAGAGCAAGACTCTGTCTCTACTGAAAAATAGAAAAAAACAGCCAGGTGTTGTGGCTGGTCCCAGCTACTTGGGAGGCTGAGGCAAGAGGATCTGTTGAACCCAAGAATTTGAGGTTGCTGTGAGCCATGATTACACCACCGCACTCAACCCAGGATAACAGAATGTAACTATGTCTCAAAAAACTTAACAAAAC","GCTGTGGCTCACACCTGTAATCCCAACACTTTGGGAGGCCAAAGTGGGCAGATCGCTGGAGCTCAGGAGTTCAAGACCAGCCTGGGCAACAAGGTGACACTCTGTCTACACAAAAAATACAAAAAAATTAGCTGGGTGTGGTAGCGTGCCTGTGATCCCAGCTACTCGGGAGGCTGAGGTGGGAGGACTGCTTGAGCCCAGGAGGTCAAGGCTGCAGTGAGCCATGATCACGCCACTGAACTCCAGCCTGGGTGACAGAGCAAGACCCTGTCTCAAAAAAAAAAAAAAA"
"GL873520","30359503","30359632","chr1","33670814","33670944","31","3311311","GGCCAGGAATGGTGGCTCATGCCTATAATCTTAGCACTCTGCAAGGCGGAGGTGAGTGGGTTGCCTGAGCTCAGGAGTTCAAGACCAGCCTGAGCTAGAGCGAGACCCTATCTCTAAAAATAGCTGGGCA","GGCCGGGAGTGGTGGCTCACGCCTGTAATCCTAGCACTTTGGGAGGTTGAGGCAGGTGGATTGCTTGAGCTCAGGAGTTCAAGACCAGCCTGGGCAACATGGTGAAACCCTGTCTCTACAAAAAATACAAA"
"GL873520","30359914","30360069","chr1","24326427","24326572","41","6033487","TATCTGGGCATTGTGGTGAGTGCCTATAGTCCCAGCTACGTGGGGGGCTAAGGCAAGAGGATCACTTGTGCCCAAGTGTTTGAGGTTGCTGTGTGACACCACAACACTCTACCACGAGCAACAAAGTAAGACTCTGTCTCAAAACAACAACAAAAA","TAGCTGGGTGTACTGGTGCATGCCTGTAGTCCCAGCTACTCAGAAGGCTGAGGCAGGAGGATCACTTGAGCCCCAGTGTGTAGACATTGCACCACTGCATTCCAGCCTGGGCAACAGAGTGAGACCCTGTCTCAAAAAAAAAAAAA"
"GL873520","30370218","30370370","chr6","34753417","34753561","45","4383199","TAGTGTGTACCTATAGTCTCAGTTACTTAGGAGGCTGAGGCAGGGGGATTGTTGAGGTTAGGAATTCAGGGCTATAGTGTGCAGTGATTGTAGCCATCAATAACCATTGTACTCCAGCCTGTGTAACACATTGAGACCCTGTTGGACAAAAAA","GGTGGGTACAGCTGTAGTCCCAGCTACTTGGGAGGCTGAGGAGGGAGGATTGCTTGAGCCTAGCATCAAGGCTGCAGTGAGCCGTGATTGCACCAGTACATTCCAGCCTGGGTTACAGATCAAGACCCTGTTAACAACAAAAAAA"
"GL873520","30438097","30438274","chr14","68940146","68940336","58","38502049","GGCCAGGCACGGTGGCTCGCACCTGTAATCCCAGCACTCTCGGAGGCCGAGGCAGGTGGATTGCCTGAGCTCACAGGTTTGAAGCCAGCCTGAGCCAGAACAAGACCCCATCTCTAAAAATAGCCAGGTGTTGTGGCAGGTGCCTTTAGTCCCAGCTATTTGTTTTTTCTTTTTTTTT","GGCAGGGTGTGGTGGCTCACACCTGTAATCCCAGCACTTTGGGAGGCTGAGGCAGGCAGATTGCTTGAGCTCAGGAGTTTGAGATCAGCCTGGGCAACATGGTGAAACTCCATCTCTACAAAAAATTAGTCGGGCGTGGTGGCACGTGCCTGTAGTCCCAGCTACAGGGGGGCTGGGATGGGAGGATTGCT"
"GL873520","30438368","30438494","chr18","47147618","47147743","32","16709250","AGTCCCAGCTATTTGAAAGGCTGAGGCAAGAGAATCACTTGAGCCCAAGAGTTTGAGGTTGCTGTGAGCTGTGAAGTCACAGCACTCTACCGAGGGCGACAAAGTGAAACTCTGTCTCCAAAAAAAA","CAGCCACTTTGAGGGCTGAGGTAAGAGGATCACTTGAGCCCAAGAAGTAGAGGCTGCAGTGAGCTGTGATCACACCACTGTACTCTAGTCTGGACTACAGAGTGAAACCCTGTTTCAAAAATGAAA"
"GL873520","30439086","30439214","chr13","75260005","75260136","31","44820919","GGCTGGGTGCAATGGCTCATACCTGTAATCCTACCACTCTGGGAGGCTGAGGCGGGTATTTGCCTGAGCTCAAGAGTTTGAGACCAACCTGAGCAAGAAACCCCATCTCTAAAAAATAGCCAAGCAGGG","GGCCGGGCACAGTGGCTCACACCTGTAATCCTAGCACTTTGGGAGGCCAAGGCGGGCGGATTGCCTGAGCTCAGGAGTTTGAGACCAGCCTGGGCAACATGGTGAAACCCCGTCTCTAAGAAAATACAAAAA"
"GL873520","30439472","30439634","chr1","40980708","40980865","40","10541236","AATAGCCAAGCATTGTGGCAGGTGCCCCTAGTTCCAGCTACTTGGGAGGCTGAGGCAAGAGAATTGTTTAAGCCCAAGAGTTTGAGGTTGCTGTGAGCTGTGATGCTACTGAACTCCACCGAGGGTGACATAGTAAGACTCTATCTCAAAAGAACCAAAAAAA","TTAGCCAGGCATAGTGACACATGCCTGTAGTCCCAGCTACTTGGGAGGCTGAGGCAGGAAGATTGTTTGAGCCCAGGATGCAGAGGTTGCAGTGAGTGATGATGGTGGCACTGTACTCCAGCCTGGGTGACAGAGCAAGACCCTTTCAAAAAAAAAAA"
"GL873520","30548879","30549079","chr12","102223204","102223416","53","71674325","GCTAGGCGCTGTGGTTCATGCCTGTAATCCCAGCACTTGGGAAGCCAAAGCAGGCGGATTGCTTGAGCTCACAGGTTCAAGACCAGCCTGAGCCAAAGCAAGACCTCGGTCTCTAAAAATACCCGGGCATTGTGGCAGTCACCTGTAGTCCCAGCTACTTGGGAGGCTGAGGCAAAAGAATCACTTAAAACCCAAGAGTTG","GGCCAGGTGCTGTGGTTCATGCCTGTAATCCCAGCACTTTGGGAGGCTGAGGCAGGAGGATTGCTTGAGTCCAGGAGATCAAGACCAGTCAGGGTAACACAGTAAGACCCTGTCTCTACAAAAATTAGCCAGACGTTGTGGCATGCGCCTGTAGTCCCAGCTACTTGGGAAGCTGAGGTGGAAGGATCACTTGCACTCCGGTGGGCCTAGACT"
"GL873520","30549359","30549464","chr10","72113907","72114011","31","41564548","TAAATAAAACCCTAGAGTATGAGGTTGCTGTGAGCTGTGAAGCCACAGCACTCTACTAAGGGTGAAAAGGTGAGACTGTCTCAAAAAAAAAAAAAAAAAAGATAAA","TTGAACCCAGGAGGTTCAGGCTGCAGTAAGCTGTGATCGTGCCACTGCACTCCAGCCTGGGTGAAAAAGCAAGATCCTGTCTCCAAAAAAAAAAAAAAAAAAAAA"
"GL873520","30571690","30571775","chr11","45653525","45653611","21","15081835","GGCTAGGCACAGTGGCTCACACCTGTAATGCTAGAACTCTAGGAGCCAAGGTCTGAGAATTGCTTGACATAAGAAGTTCAAGATCA","GGCCAGGCGTGGTGGCTCACACCTGTAATTCCAGCACTTTGGGAGGCCGAGGTGGGCAGATCCCTTGAGCTCAGAAGTTCAAGACCA"
"GL873520","30571880","30572094","chr20","3594756","3594966","68","26977124","AAAAAAAGAAGTTCAAGATCAAAGCAAGCAGGACAGCAAGATGCCTGTTTCTACATAAAGTACAAAAAAAAAAAAATCAGTCAGTGCAGTAGAGCCAACGTGTAGTCCCAACTACTTGGGAGGCTGAGGCAAGAGGATTACCTCAGTCCAGGAGTTTGAGGTTGCAGTGAGCTGTGATGATGCCTCTGTACTCTGGCTTCAGTGACAGAGGGAGA","AAGGCCAGGAGTTCCAGACCAGTCCTGGCAACACAGTGATACTCTGTCTCTACAAAAAAAAATTTTTTCAATTAGTCCCATGTGGTGGCACACACTTGTAGTGTCAGCTACTGGGGAGGCTGAGGCTGAGGATCACTTGAGCCCCAGGAGTTTGAGGTTGCAGTGAGCCACGATTATGCCTCTGCACTCCAGAGTGGGCAACAGAGTAAGA"
"GL873520","30598990","30599189","chr1","157516224","157516416","51","126917234","GGCTGGATGTAGTGGCTTGCATATGTAATCCTAGCATGTTGGGAGGCTAAGGCAGGTGAATTACCTGAACTCAGGAGTTGGAGGCCAGCCTGAGTAAGAATCAGACCTTGTCTCTACTACAAATAAAAAAAACTAGCTGGACAAGGTGGCACATGCCTGTAGTCCCAAGTATTCAGAAGGCTGATAGAAGAGGATAGCTT","GTCAGGCGCAGTGGCTCACGCCTGTAATCCCAGCACTTTGGGAGGCTGAGGCAGGAGGATCACTTGAGCTCAGAAGTTTGAGACCAGCCTGGGCAACATGATGAAACCCCATCTCTACTAAAAATTCAAAAAATTAGCTGGGCATGGTGGCACATGCCTGTGGTCCCAGGTACTCAGAGGCTGAAGTGGGAGG"
"GL873520","30709126","30709140","chr19","1689356","1689368","2","29019770","CAACAAAAAAGCAAA","CAAAAAAAACAAA"
"GL873520","30709393","30709575","chr10","34948901","34949081","59","4239508","ATATCTGGGCATTGTGGCAGGTGCCTGTAGCTGGGCTGGGCATTGTGGCGGGTGCCTGTAGTCCCAGCTACTCTGGAGGCTGAAGGAAGAGAATCACTTAAGTGCAAGAGTTTGAGGTTGCTGTGAGCTATGACACTACAGCACTCTACCAAGGGCAGCAAAGTAAGACTGTGTCTTAAATAA","TTAGCAGGGCACAGTGGTGTGTGCCTGTAGCTGAGCATGGTGGGGGGCACCTGTGGTCCCAGCTACATAGGAGGCTGTGGCGGGTGGATCGCTTGAGCCCAGGACTTAAGGCTGCAGTGAGCTATGATTGTACCACTCTACTCCCATTTAGGAGACAGAGCAAGACCCTGTCTCAAATAAA"
"GL873520","30709852","30709981","chr1","123899818","123899948","30","93189966","GGCCAGGTGCAGTGGCTCATTCCTGTTATCCTAACACTCTGGGAGGCCGAGGCAGGTAGACTGCCTGAACTCACAGGTTCGAGACCGGCCTGAGACAGAGCAAGACCCCATCTCTAAAAATAGCTAGGTT","GGCCAGGTGCAGTGGCTCATGTCTGCAATCCCAACACTTTGGGAGGCCCAGGCAGGTGGATTGCTTGAATTCAAGAGTTGGAGACCAGCCTAAGCAACACAGTAAGATCCAGTCTCTATAAGTTATAGTTA"
"GL873520","30735675","30735777","chr17","35934082","35934183","25","5198407","TGCAACAAGCCAAGATTTTGAGGTTGCTGTGAGCTATAACACCACGGCACTCTACCCAGGGTGACAGGGTGAGACTCTGTCTCAAAAAAAAAAAAAAAAAAGA","TGAACCCAGGATGTTGAGGCTGCAGTCAGCTGAGATCATACCATGGCATTCCAGCCTGGGTGACAGAGTGAGACCCTGTATCAGAAAAGAAAAAAAAAAAAA"
"GL873520","30736015","30736207","chrX","154541353","154541531","64","123805338","GGCTGGGCAATGTGGCTCAAACCTGTAATCCTAGCCACTTTGGGTAGACTACTTGAGCTCAGGAATTCAAGACCAGCTTGAGCAAGAGCAAGATCCTTTCTCTACTAAAAACCCCCAAATTAGCTAGATGTTGTGGCAAGTACCCATAGTCCCAGCTACTTAGGGAAGTTAAGGCAACAAAATCTCTCTTTCT","GGCTGGGCGCTGTGACTCACACCTGCAGTGCCTGCACTTTGGGAGGCTGAGCTGGGAGGATCACTTGAGCCCAGGAGTTCGAGACATTCGTCTACAAAAAATACAAAACGTAGCCTGGTGTGGTGGCACGTGCCTGTAGTCCCAGCTACTCAGGAGGCCAAGGCAGGAAGATCACTTGA"
"GL873520","30745605","30745634","chr6","26220221","26220255","8","4525384","GGCTGGGCATGGTGGCCCGCAACGTAACCC","GGCTGGGGATGGTGGCTCACTCACACCTGTAATCC"
"GL873520","30745721","30745974","chr20","30153842","30154087","75","591879","CCTAGCACTTTGGGAGGTGTGGCGGGAGGATTGCCCAAGGTCAGGAGTTGACCCAGTCTGAGCAAGAGTGAGATCCAATGTCTATTAAAAATAGAATTAGCTGGAGTTGTAGTCTCAGCTACTTGGGAGGCTGAAATAGGAGGATTTCTTGAGCCTAGGACTTTGAGATTGCTTTGAGCTAGGCTGAGCTGGGCATTCTAGCTTGGGTAATAGAGTGATACTCTTGTCTCCAAAAAAAAAAAAAAAAAAAGAAA","CCAGACACTTTGGGAGGCTGAAGTGGGAGGATTGCTTGAGTTTAGGAGTTTAAAACCAGTCCGTGCAACGTGGTGAAATCCCATCTCTACAAAAGTAAAAAAAGGTAGTCCCAGCTACTTGGGAGGCTGAGGCAGGAGGACTGCTTAAGCCTGGGAGGTTGAGGCTACAGTGAGCTATGATCGTGCTGCTGCACTCCAGCCTGGGCAACAGAGGGAGACCCTGTCTCAAGAAGAAGAAGAAAAAAA"
"GL873520","30809431","30809592","chr19","10396413","10396579","40","20413018","CTAGATGGGCATTGTGATGAGCACCTGTAATCCCAGCTACTCAGTAGGCTGAGGTAAAAGGATCACCTGAGCCCAACAGTAAGTTGCTATGAGCTATGATGATGCTATGGCACTCAACCTAGGATGACAGAGTAAGACCTTGTGACAAAAGAAAAAAAAAAA","TTAGTTGGACATGGTGGCAGGCACCTGTAGTCCCAGCTACTCTGGAGGCTGAGGTGGAAGGATCACCTGAGCCCAAAGAGGTTGAGGCTGCAATGAGCCATGATCACACCACTGTGCTCCCACCTGGGTGACAGAGTAAGACCCTGTCTCCAAAAAAAAAAAGACAA"
"GL873520","30809848","30809977","chr14","56449763","56449895","24","25639915","CTAGGCACAGTGGCTCATGCCTATAATCTTAGCAGTTTGGGAGGCCAAGGCAGGTGGGGTACTTGAGCTCAGGAGTTCAAGACCAGCCTGAACAAGAGTAAGACCCTGTCTCTATTAAAAATAGACAAAT","GCCAGGCACAATGGCTCAGCCTATAATCCTAGCACTTTGGGAGGCCGAGGCAGGAGGATCACTTGAGCCCAGGAGTTCAAGATCAGCCTGGGCAACATGGTAAGACTCTGTCTCTATTAAAATAAAAAAATTA"
"GL873520","30843503","30843761","chr5","160965650","160965917","77","130122147","GGCTGGGTGGGGTGCCTCACGCCTATAATCCTGGGAGACCGAGATTTGAGTTCATGAGTTCAAGACCAGCCTGAGCAAGAATGAGACCCTGTCTCTAAAAAATAGCCAGGTATTGTAGCAGGCGCAAGAGTCCCAGCTACTTGGGAGGCTGAGAAAAGGATCACTTGAGCCTAGGAGTTTGAGGTTGCTGTGAGCGTGACGCCACGGCACTCTACTGAGGATGACAAAGTGAAACTCTGTCTCAAAAAAAAAAAATGGA","GGCTGGGTGTGGTGGCTCACACCTGTAATCCCAGCAATTTGGGAGGCTGAGCCCGAGTTCAAGACCAGCCTGGGCAACATGGCAAAATCCTGTCACTAAAAAAATTAGCCAGGTGTGCTGGTGTGCACCTGTAGTCCCAGCTACTTAGGAGGCTGCTGTGGGAGGATCACTTGAGCCCAGGAGATCGAGACTTCAGTGAGCCACAATGATGCCACTGCACTCAAGCCTGGGTGACAGAGTGAGACCTTGTCTTTAAAAAAAAAGAAAA"
"GL873520","30902115","30902234","chr6","43456091","43456203","38","12553976","CCCAGCCCAGCTAATTTTTAGCTCCTGAACCCAGGAGTCTGAGAATGCTGTGAGCTAGGTTGATGCCATGGCACTCTAGCTTGGGGCAATAGAATGAAACTCAGCCTCAAAAAAAAAAAA","CAGAAAAAGAAAATAGCTTGAACCCAGGAGGCAGAGGTTGCAGTGAGCCAAGATCACACCACTGCACTCCAGCCTGGGCGACAGAGTGAGACTCCATCTCAAAAAAAAAAAAA"
"GL873520","30902488","30902601","chr16","83881153","83881256","39","52978665","AGGCCAAGGTAGAAGGATAGCTTGAGCTCAGAAGTTTAAGAAAAAACCTGAGCAAGAGCAAGACCCTCTCTCTACTGAAAATAAGAAAACATTAGCCCGGCTAATTTGTGTTTG","CAAGGCCGGTGGATTGCTTGAGTCAGGAGTTCGAGACCAGCCTGGGCAACATGGTGAAACCCTCATCTCTACAAAAAATACAAAAATTAGCCAGGCATGGTAGC"
"GL873520","30922889","30922964","chr8","51676309","51676385","16","20753420","GAGGATCACTTGAGGCCAGAGTTCAAGATCAGCCTGGGCAACATGGTGAAACTCTAACTACAACCAAAAAAAAATT","GATCACCTGAGCCCAGGAGCTCAAGATCAGCCTGGGCAACATGGTGAAACACCATCTTTACAAAAAACACAAAAATT"
"GL873520","30939061","30939193","chr19","11623766","11623900","28","19315295","GGCCAGGCATGGTGGCTCATACCTGTAATCCTAGTGCTCTGGAAGGCCAAGGTGGGTGGATTGCCTGAGCTTAGGAGTTCAAGACCAGCCTGCGCTACAGTGAGACCCCATCTTTAAAAAAATAGCTGGGTGT","GGCTGGGCATGGTGGCTCACAACTGTAATCCCAGCACTTTGGGAGGTCAAGGTGGGTGGATTATCTGAGCTCAGGAGTTTGAGACCAGCCTGGGCAACATGAGGAGACCCCATCTATACAAAAAATAGAGAAATT"
"GL873520","30939465","30939633","chr4","75562087","75562252","36","44622622","TAGCTGGGGGTTGTGGGGGGCACCTGTAGTCCCAGATACTCAAGAAGCTGAGGCAATAGGATCACTTGAGCCCAAGAGTTTGAGGTTGCTGTGAGCAATGACACCATGGCACTCTACTCAGGGTGACATAAGTGAGACTCTGTCTCAAAAAATAAAATAAAATAAAATA","TTAGCTGGGTGTGGTGGCATGCACCTGTAGTCCCAGCTACTTAGGAGGCTGAGGCAAGAGGATCACTTTAGCCCAGGAGGTGGAGGTTGCAGTGAGCTGAAATCATACCACTGCACTCCAGCCAGGGTGACAGAGTGAGACCTTGTCTCAAAAATAAATAAATAAA"
"GL873520","30966810","30966860","chr2A","17875099","17875148","13","13091711","TTGAGCTCAGAAGTTAGAGAACAGCCTGAGCAACAGTGGTAACCCATCTCT","GAACCTAGAAGTTCGAGACCAGCCTGGGCAACATGGGGAAACCTCATCTC"
"GL873520","31045187","31045251","chr1","125163968","125164027","16","94118781","TGGGAGCCTTTGAAAATGCCACTGTACTCTATCCTGGGCAACAGAGTGAGCCCCTGTCTCAAAAA","AGCTGTGATCACACCACTGCAGTCCAGCCTGGGCAACAGAGTGAGACCCTGTCTCTAAAA"
"GL873520","32683594","32683876","chr9","15389503","15389792","81","17294091","GCCAGGAGCAATGGTCCATGTCTGTAATCCCAGTGTTTGGGGTGGGCAAGGCAGGAGGATCACTTGAGACCAGGAGTTCTGAAACTACAAGGGCAAGATGCCTTCTTTAAAAATAAAATAAGAAAAATTAGCCAGATGAGAGGGAATATACTGGTAATTCTAACTATGCTTTAGACTGGGGCAGAGGGAATCACTTGAGCACACCAATCTGAGGCTGCAGTGAGCCTGATTACACTAATGCCTCCAGCCTGGGTAACAGAGTGAGACCCTTTCTCAAAATAAA","GCTGGGGATGGTGGCTCACACCTGTAATCCCAGCACTTTGGGAGGCCAAGGCAGGAGGATCACTTGAGCCCAGGAGTTTGAGACCAGCCTGGGCAACATAGTGGGACCCTGTCTCTACCAAAAAATACAAAAATTAGCCAGGCGTGGTGGTGCACACCTGTAGTCCCAGTTACTTGGGAGGCTGAGGCAAGAGAATCGCTTGAACACAGAAAGTCGAGGCTGCAGTGAGCCATGATGGCACCACTGCACTCCAGCCTGGGTGACAGAAGTGAGATCCTGTCTCAAAAAAA"
"GL873520","32826910","32827176","chr1","45387048","45387332","79","12560138","GGTGCCTCACACTTGTAATCCCAGCAGTCGGGGAGGCCGAGGTAGATCATGATGTGAGCTCATGAGATTGATACCAGTTTAAGCAAGAGTGAGATCCTGTCTCTAAAAATAGCCAGGATCTGTGGCCAGTGCCTGTAGTCCCAGCTACTTGGGAGGGTGAGGCAAGAGAATCACTTGAGCCCAAAATATGCTTGTAGTGAGCAGTGACAGCACAGCACTCAACTGAGAGAGTCACTGAGACTCTCTCTCAAAAAAAAAAAAAAAGAA","GCATGGTGGCTCACACCTGTAATCCTAGCATTTTGGGAGGCCAAGGTGGGTGGATTACTTGAGTTCAGGAGTTCAAGACCAGCCTGGGCAACATGGCAAAACCCTGTCTCTACAAAATATTAGCCAGGTGTGGTCAGTCGCCTGTAATCCCAGCTACTTGGGGGCTGAGGCAGTAGGATCACTTGATCCCAGGAGATAGAGGCTGCAGTGAGTCAAGATCACACCACTGCACTGCAATCTGGGTGACAAAGTGAGACCCTGTTTCATTAAAAAAAAAAAAAAAAA"
"GL873520","33661917","33661934","chr19","53907499","53907515","2","20245582","AAAGAAAGAAAGAAAAAA","AAAGAAAAAAGAAGAAA"
"GL873520","33661967","33662226","chr12","11951352","11951618","65","21710615","GGCTGGGCATGGTGGCTCACACCTGTAATCCTAGCACTCTGGGACGCTGAGGCAGATGGATTGCTTAAGTTCAGGAGTTGAAAACCAGCCTGAGCAAGTTAGAGACCCCATCTCTAAAAAGTAGCCAGGCATTGTGGCAGGTGCCTGTAGTCCCAGCTATGTGGGAGGCTGAGGCAAGATCACTTGAGCCGAAGAGTTTGAGGTTGCTGTGATCTATGATGCCATGGCACTCTACCAAGGGAGACAAAGTGAGACTCTTT","GGCCAGGCGCGGTGGTTCACACCTGTAATTGCAGCACTGGGAGACTGAGGCAGATGGATTGCCTGAGCCCAGGAGTTCAAGACCAGCCTGGGCAACATGACGAAGCCATCTCTACAAAAAATTAGCCAGGCATGGTGGCACATGCCTGTGGTCCTAGCTACCCAGGAGGCTAAGGTGGGAGAATCACCTGAGCCCAGGAGGTTGAGGTTGCAGTGAGCTGTGATTGCACCACTGCACTCTAGCCTGGGCGACAGGATGAGACCCTGT"
"GL873520","33700295","33700310","chr1","153358526","153358539","3","119658231","CAGAAAAAAAATAAAA","AAAAAAAAAAAAAA"
"GL873520","33700590","33700855","chr4","157101876","157102138","71","123401286","AGCAGTCTGAGAGGCTGAGGGCGGAGGATTGCTTAGGGCCAGGAGATCAAGAACAGCCTAAGCAAGAGTGAGACCCCAGCTCTACAAAAAATAAAAAAATTATTTGGGTGTGGTGGAATTGGTCTATAGTTCCAGTTACTTGGGAGGCTAAGTTCAAGGAGAATCTCTTGAACCCAGGAGTTTGAAGTTGCAGTGAGCTATGGTGATGCCACTGCACTGAAGCCAGGGTGACAGAATGAGACACTCCCTCAAAAAGAAGAAATCAT","CACTTTGGGAGGCCAATGCAGGAGGATCACTTGAGCCTAGGAGTTCAAGACCAGCCTGGGCAACATAGTGAGATGCCACCTCTATAAAAAATAAAAAATTAGCCGGGTGTGGTGGCACATGCATTTAGTCCCAGTTACTCAGGAGGGTAAGTTGGGAGAATCACTTGAGCCTAAGAGGTTGAGGCTGCAGTGAGGTGTGATCACACCACTGCACTCCAGCCTCGATGACAGAGTGAGACCTTGTCTCAAAAAAAAGAAAGAAA"
"GL873520","34665859","34665976","chr9","125229761","125229881","24","90563902","GGCCAGGAGCAGGGACTCACATCTGTAATCCCAGCACTCTGGGAAGCCAAGGCAGGTGGATTACCTGAGCTTAGGACTTGAAGACCACTCTGAGCAAGAGCAAGATCCCATCTCTACA","GGCCAGGCGTAGTGGCTCACACCTGTAATCCCAGCACTTTGGGATACCAAGACAGGTGGATCTCTTGAGCTCAGGAGTTCAAGACCAGCCTGGGCAACATGGCAAAACCCCATCTCTACAA"
"GL873520","34666000","34666143","chr1","204554335","204554487","46","169888335","AGAAACACTACAGGGCTGTTGGAGCAGGCACCTGAAATCCCAGCTACTCAAGAGGCTGAAGCAAGAGGACTTCTTGAGCCCAAGATTTTGAGGTTGCTATGAGCTATGGCCCTCTACCAAGGGTGACAAAATGAGACTCTGTTT","AAATTAGCCAGGTGTGGTGGTGCACACCTGTAGTCCCAGCTACTCAGGAGGCTGAGGCAGGAGGATTGCTTGAGCCCAGGAGGTTGAGGCTGCAGTGAGCCATGATCGTGCCACTGTACTCCAGCCTGGGCAACAGAGCAAGACCCTGTCTTA"
"GL873520","35642373","35642461","chr2A","75442552","75442638","19","39800179","GGCTGGGTATGGTGGGTTAAACCTATAATCCTAGAACTCTGGAAGACCAAGGCAGGTGGATTGCTTGAGCTCAGGAGTTCAAGTCTTTC","GGCTGGGTGTGGAGGCTCATGCCTGTAATCCCAGAACTTTGGGAGGCCAAGGCGGTGGATTGCTTGAGCTCAAGAGTTCAAGAACAG"
"GL873520","35642847","35643062","chr7","31535023","31535230","61","4107824","CAAGACTAGCCTGAGCAAGAGCAAGACTCTGTCTCTACTAAAAATAGGGAAACTGAGCTGGGTGTGGTGATGCACATCTATAGACCCAGCTACTTAGGAGGCTAAGGTAAAAGAATTACTAGAGCTCATGGGGTTTTAAGTTGCTGTGAACTAAGATGACATCATGACACTCTGCTTATGGTTACAGAATGAGACTCTGTCTCAAAAAAAATAAAA","ACCAGCCTGGGCAACATGGCAAAACTCTGTCACTACAAAATTACAAAACTTAGCTGGATGTGGTGGCACACACCTATAGTCCCAGCTACTCAGGAGGCTGAAGTCAGAGGACTGCTTGTGCCAGAGAGGTTGAGGTTGCAGTGAGCCAAGATCACAACACTGCACTCCAGCCTGGGTGACAGAGTGAGACCCTGTCTTGAAAACAAAA"
"GL873520","36231781","36231955","chr7","29929190","29929365","50","6302591","ACAAAAAACAGCAGGGCCTGTTAGTTTGCACTTGTGGTCCCAACTACTTGGAAGGCTGAGGCAGAAGGATCACTTGAACCCAAGAGTTCAAGGATGCAGTGTGTGATACCTGTGCATGTGAACAGTCCCTGCCCTTCTGCCTGAGCAATGCAGGGGAGACCCTATCTCTAAAAAA","ATAAAAATAAAGTGGGGCATATTGGTGTGCACCTGTAGTTCCAGCTACTCAGGAGGCTGAGGCAGGAGGATCTCTTGAGCCCAGGAGTTTTGAGGCTATAGTGTGCTTTAATTGGGCCTGTGGACAGCCACTGCACTCCAGCCTGCACAACATCATGAGACGTTGTCTCTAAAAAA"
"GL873520","36378848","36379121","chr9","131903972","131904244","69","95525124","GGCCAGGCATGGTGGTTCATGCACTCTGGGGGGGCTGAGGCAGGTAGATCACCTGAGCTTAGGAGTTTGAGACCAGTCTGAGTAAAAGTGAAATCCTATCTTTAAAAAATAGCCAGGCATTGTGGTGGGCTCCTGTAGTCCCAGCTACTTGGGAGGCTGAGGCAAGAGAATCCCTTGAGCCCAAGAGTTTGAGGTTGCTGTGAGCTGTGATGCCACGGTATTCTACCAAGGGCAGCAAAGTAAGATTCTGTCTTAAAAAAAACAAAGACAAAAA","GCCTGTAATCCCAGCACTTTGGGAGGCTGAGGCAGGTGGATCACTTGAGCTCAGGAGTTCAAGACCAGCCTGAGCAACAACATGGTGAGACCCCATCTCTACATACATTAGCCAGACATGGTGGTGCACACTTGTAGTCCCAGCTACTCAGGAGGCTGAGGCATGAGAATCGCTTGAGCCCAGGAGGTGGAGGTTGCGGTGAGCTGAGATTGCACCACTGCACTCCAGCCTGGGCAACAGAGTATGACCCTGTCTCAAAAAAAAAAAAAAAAA"
"GL873520","37318094","37318274","chr3","132105504","132105678","63","94787410","TCTTTACCAAAAAAAATAAGATATGGTTGAACGTGATGGCACATGCCTGTAATCCCAACTACTCAGAAGCAGAGGTAGGGTAATAGAGGCTGTAATGCAGTATAATTGTGCTTATGAACAGGACCCGTGCTCCAGCATGGTTAACATAACAAGACTGTGTCTCTAAAGAAAAAAATAATAA","CATACAAAAAGAATTATCTGGGTATGATGGCACACGCCTGTAGTCTCAGCTATTCAGGAGGCTGAGGTAGGAGTGCTGGAGCCTTGGAATCAGAGGTTGCAATGAGCCAAGATTGCACCACTGCACTCCAGCCTAGGGCAAATACAGGCCCTGTCTCAAAAAAAAAAAAAAAAAA"
"GL873520","37705594","37705782","chr8","58820809","58821002","51","21115215","GGCTGAGTGTGTTGGCTCATGCTTGTAATCGCAGTACTCTGGGAGGCTGAGGTAGAAGGATTATTGGAGCTCAGGAGTTTGAGACCAGCCTGAGTAAGAGTGAGACCCTGTCTCTAAAAGTAGCCTGGCATGGTGGCAAGGCACCTGTAGGCAAGCTACTGAGGGCTGAGGCAAGAGGTTTGCTTAAGC","GGCCAGGTGCAGTTGCTCATGCCTGTAATCCCAGCACTTTGGGAGGCTGAGGTGGGAGGATTGTTTGAGCTCAGGAGTTCAAGAGCAGCCTGGGCAACATGATGAAACCCCATCTCTACAAGAAATTAGTCTGGCATGGTTGCACATGCCTGTAGTCTCAGCTACTAAGGAGGGTGAGATGAGATGCTTGAGCC"
"GL873520","37853130","37853248","chr8","66211647","66211769","27","28358517","GGCTTATACCTGTAATCCTAGCCCATTGGGAGACCAAGGTAAGAAGACTGCTTGAGTCCAGGAGTTCAAGACCAGCCCGAGCAAGAGCGAGACCTGTCTCAATAAAAAATAGAAAAATT","TGGCTCACACCTGTAATCCCAGAACTTTGGGAGGCCGAGACAGGCAGATTGCTTAAGCCCAGGAGTTCGAGACCAGCCTGAGCAACATGGTGAAACCCTGTCTCTACAAAAAATACAAAAATT"
"GL873520","37853526","37853701","chr11","65348413","65348576","39","27494887","TAGAAAAATTAGCTGGGCATGGTGACATGTACCTGTAGTCCCAGCTACTCAGAAAGTTGAGGCAGGAGGATTGCTGGAGGCCAGAAGGTTAAGGGTGCAGTGAGCTATAATGAGGCCACTGCACAACACACACTAGCCTGGTTGACAGAATGAGACCCTGTCTAAAAAAAAAAAAA","AAAAATTAGCTGGGCGTGGTGGCATGCACCTGTAGTCCCAGCTACTCGGGAAGCTGAGGTAGGAGGATCATTGAGCCCAGGAGGCTGAGGCTGCAGTGAGCCAGGATCATGCCACTGCACTCCAGCCCAGGTGACAGAATAAGGCCCTGTCTTCAAAAAAAAAA"
"GL873520","37876638","37876766","chr1","132771251","132771380","28","94894613","GGCTGGGCGCAGTGGCTCATATCTATAATCCCAGCACTCTGGGAGGCTGAGGCGGGCAGATCAACTGAGCTTATGAGTTAAGACCAGCCTGAGCTAGAGTGAGACCCTGCCTCTAAAAATAGCCAGACA","GGCTGGGTGCGGTGGCTCATACCTGTAATCCCAGCACTTTGGGGGGCCGAGGCAGGCAGATCACTTGAGCCCAGGAGTTTGAGACCAGCCTGAGCAACATGGCGAAATCCTGTCATAAAAATTAGCCAGA"
"GL873520","37877040","37877230","chr10","103694912","103695079","62","65817872","TTAATTGATTAATTAAATAAAAAAATAAAAATAGCTGGGCATTAAGGTGGGCAGGTGCCTGTGGTCCCAGCTACTTGGGAGGAGGAGGCAAGAAAATTGCTTGAGCCCAACAGTCTTAGGTTGCTATAAGTTATGACACCATAGCACTCTACCAAGGGCAACTCTATCTCAAATAACAGAAAAGAAAAAAA","GAAAAAAAGAAAAATACAAAAATTAGCCAGACATTTTGGTGCATGCCTGTAGTCCCAGCTACTTAGGAGGCTGAGGTGAGAAGATCATTTGAGCCCAGGAGATCGAGGGAGCAATGAGCTGTGCACCACTGCACTCCAGGCCCCATCTGAAAAAAATAAGAAAAGAAA"
"GL873520","38140961","38141051","chr5","176787843","176787932","16","138646882","GGGCAGGCCAGTGGCTAATGCTGGTAATCCCAGCACTTTAGTAGGAGGCTGAGGCAGAAGGATCACTTGAGACCAGGAGTTCTACACCAGC","GGCTGTGTGCAGTGGCTCATGCCTGTCATCCCAGCACTTTGGGAGGCTGAGGCAGGAGGATCACTTGAGCCCAGGAGTTCTAGACCAGCC"
"GL873520","38180172","38180312","chr2B","122225199","122225334","28","84045027","GCCAGGCACTGTGGCTCACACCTGTAATCCTAGCACTCTGGGAGGCTAAGAAGGGAGGACAGCTTGAGCTCAGTAGTTTGAGACCAGCATGAGCAAGAACAAGAATAAGTCCCCATCTCTACTAAAAGTAGAAAAACTAGT","GGCCAGGCACAGTGGCTCACACCTGTAATCCCAGCACTTTGGGAGGCCAAGGTGGGAGGATCGCTTGAGCTCATGAGTTTGAGAACAGCCTGGGCAACATAGTGAGACCCCATCTCTACAAAAAATACAAAAATCG"
"GL873520","38180601","38180755","chr22","41335439","41335594","39","3154838","AACTAGCCAGGTGTCCTGGCAGGCATCTATAGTCCAACTACTTGGGAGTCTGAGGCAGGAGGATCTCTTGAATCTTGAGTTCGATGTTGCTGTGAGCTATGATGCCATGGCAGTCTATCCAGTGTGACAGAGTGAAACTCTGTCTCAAAAAAAAA","AATTAGCCAGGTGTGGTGGCATGCACCTATAGTCCCAGTTACTTGGGGGGCTGAGGTGGGAGGATCGCTTGAGCCTGGAAGATCGAGACTAGTGAGCCATCATCATGCCACTGCACTTCAGCCTGGGTGACAGAGTGAGATTCTGTCTCAAAAAAA"
"GL873520","38201521","38201598","chr11","47970749","47970820","20","9769228","GTTTGAGATTATATGCTAGCCTGGGAAACAGAGTAAGATTGTGTCTCAAAAACAAACAAACAAACAAACAAACAAACA","GTGCCACTGTACTGCAGCCTGGGTGACACAGCAAGACCCTGCCTCAAACAAACAAACAAACAAACAAACAAA"
"GL873520","38201871","38202092","chr1","28317415","28317634","50","9884456","GGTTGGGTGTGGTGGCTCAGGCCTGTAATCCCAGCACTCTGGGAGGCTGAGGCAGGAGGATCCCTTGAGGTCAGGAGTTTGAGACCAGCCTGAGCAAAAGCAAGACTGAGGCTCAGCTAAAAATAGGAAAAATTAGCGGGGCATTGTGGTGGGTGTCTGTAGTCCCAGCTACTTGGGAAGCTAAGGTAGAAGGATCTCTTGAAGCTAAGAGTTTGAGATTAT","GGCCGGGTGCGGTGGCTCATGCCTGTAATCCCAGCACTTTGGGAGGCCGAGGCGGGTGGATCATTTGAGCTCAGGAGTTCGAGACCAGCCTGGCCAACATGGTGAAACCCCGTCTCTACTAAAAATACAAAAATTAGCCGGGTCTGGTGGCTCACACCTGTAGTCCCAGCTACTTGGGAAGCTGAGGTAGGAGGATTGCTTGAGCCCAAGAGTTTGAGAC"
"GL873520","38256108","38256203","chr3","138269427","138269522","21","100013319","CTGGGTGCAGTGCCTCATGCCTATAATACTTGCACTCTGGGAGGGCAAGGCAGGGAGACCCCTTGAGTTCAGGAGTTTAGGACCAGCCTGAACAAG","GGCTGGGTGCAGTGGCTCACGCCTGTAATCCTAGCACTTTGGGAGGCCAAGGTGGGCAGATCACTTGAGCCCAGGAGTTGAGACCAGCCTGGGCAA"
"GL873520","38256477","38256680","chr6","32526542","32526748","48","5729935","GAGACCAGCCTGAGCAAGAGTGAAACACCATCTCTACTGAAAATAGAAAAAAATTAGGTGGGCCTTGTGGCAGGTGCCTGTAGTCCCACCTACTTGGGAGGCTGAGGCAGGAGGATCACTTAAACCCAGGAGTTTGAGGTTGCTGTGAACTAGGCAGATGCCATGGCACTCTAGCCTGGGGAACAGAATGAGACTGTCTCAAAA","AGACCAGCCTGGGCAACATGACAAAACACTGTCTCTACAAAAAAAAATAAAAAAAATGAGCTGGTCATGGTGGCATGTGTCAGTGGTCCCAGCTACTTGGGAGGCTAAGGCAGGAGGATCACCTAAGCCTGGGAGTTTGAGGCTGCAGTGAGCTGTGATCATGCCACCGCACTCCAGCCTGTGTAACAGAGTGAGAGCCTGTCTCAA"
"GL873520","38263454","38263613","chr5","17324535","17324688","43","20938919","GGCCAGGTACAGTGGCTCATACTTGTAACCCCAGCAGTCTGGGAGGCTGAGGTGGGAGAATCACTTGAGCTGATGAGTTTGAGACCAACCTGAGCAAGACCAAGACCCTGTCTTGAAAATTGAAAATTGAAAAATTTGAGCGAAAAAAATCGAAAAATTT","GGCCAGGTGCAGTGGCTCATGCCTGTATTCCCAGCACTTTGGGAGGCTGAGGCGGGAGGATCACTTGAGCCCAGGGGTTTGAGACCAGCCTGGGCAACATAGTGAGACCCCATCTCTATAATTAAAAAAAAAATTAAAAAATGTTAAACAGGTG"
"GL873520","38263889","38264084","chr10","113366841","113367018","54","75102952","GAAAAATTAGCCAGTCATTATAGCATTTGCTTGTAGTCCCAGCTACTTGGGAGGCTGAGGCAGGAGGATGACTTGAACCCAGGAGTATGAGGTTGCTATGAGCTAGGCTGATGCTGTGGCATTCTAACCGCGGGCAACATGCCACTCTAGTCTGGGCAACAGAGTGAGACTGTCTCAATACAAAACAAAACAACAA","AAAAATTAGCCAGGCATGGTGGCATGTGCTTGTAATCCCCACTACCTGGGAAGCTGAGGTGGGAGGATTGCTTGACCCCGGGAGGTTGAGGCCACAGTGAGCCGTGATTGTGACCATGTGACTGCACTCCAGCCTGGGTAACAGTGTGAGACACTGTCTCAAAAAAAAAAAAAAAAAA"
"GL873520","38446721","38446819","chr1","205591588","205591688","19","167144867","GGCTGGGCACAGTGGCTCACACCTATAATGCTAGCACTCTGGCAGGCCAAGGTGGGAGGATCACTTAAGGCCAAGAGTTCAAAACAAGCCTGAGCAGAG","GGCTGGGCACAGTGGCTCATGCCTATAATCCTAGCACTTTGGGAGGCTGAGGTGGGCGGATCCCTTGAGCCCAGGAGTTCAAGACCAGCCTGACAACATGG"
"GL873520","38447055","38447319","chr2B","172294825","172295064","74","133847770","AAAAAAAAAAAAGACAAGCCTGAGCAAAAGTGAGACCCCATTTCTACAAAAACAAACAAACAACAACAACAAAATACACTGAAAAAAAGCAGCTGGCCATGGTGGCACACGCCTGTAGTTTTAGCTACTCAAGAGGCTGAGGCAGGAGGATAGCTTGAGCCCAGGAGTTTGAGGTTGCACTGAGATGTAATGATACACTGCACTCTAGCCAGGAAGACAGAGTGAGACTCAGTCTCAAAAAAATAAATAAATAAAAACAAACAAA","CCAGCCTGGGCAATATGGTGAAACCCCTCCTCTACAAAAAAAAAAAAAAAAAAAAAAAAAAAAAAAAAATTAGCTGGGCATGGTGGCTTGCACCTGTAGTCCCAGATACTCTTGAGGCTGAGGTGGGAGGATTGCTTGAGCCCTGGAGTTTGAGGCTGCAATGAGCTGTAACTGTGCCACTGCACTCCAGCCTGGGAAACAGAGTGAGCCCCTGTCTCAAAAAAAATAAACAAATAAAAA"
"GL873520","38591692","38591748","chr22","29413666","29413719","16","9178026","TTGTAGCCCAAGCCACAGAGTAAGACCCTGTTTTTAAAAAAAAAGGAAAGAAAGAAA","TCCAGCCTGGGTGACAGAGTTAAGACCCTGTCTCAAAAAAAAAAAAAAAAAAAA"
"GL873520","38591830","38592053","chrUn_GL395619","14359","14583","58","38577471","GGCCAGACACAGTGCCTCGTGCCCGTAATCCCAGCACTTTGGGAGGCTGAGGTAGGAGGACCACTTGAGGCCAGGAGTTGAGACCAACCTGAGCAAGAATGAGGCCCTATCTCTGCAAAAAATAGAAACATAAGCTGGGTGTGGTGCTTGGGATGCAAGAGAATCATGTAAGCCCAGGAATTTGAGGTTGCAGTGAGCTATGATGACATTGCTACACTCTAGCC","GGTCAGGTGTAGTGACTCATGCCTGTGATCCCAGCACTTTGGGAGGCCAAGGTGGGAGAATCACTTGAGACCAGGAGTTTGAGACCAGCATGGACAACATAGTGAAACCCCATCTCTACAAATAATAAAAAAATTAGCCAGGCGTGCTGAGGCAGGAGGAGGATCACTTGAGCCCAGGAGGTTGAGGCTGCAGTGAGCCATGATCACATCACTGCACTCCAATCT"
"GL873520","38619115","38619310","chr6","126227065","126227269","43","87607950","GGCCAGGCACAGTGGCTCACACTTGTAATCTTAGCACTCAGGGAGGCCGAGGCGGGTGGATCACCTGAGCTCAGGAGTTGGAGACCAGCCTAAGCAAGAGTGAGACCCTGTCTCAAAAAAAGAAAAAAAATAGCTAGGTGTTGTGGCAGGCACCTGTAGCCCCAGCTACTCAGGAGGCTGAGGCAAGAGGATTGCT","GGCCAGATACATTGGCTCACACCTGTAATCCCAGCACTTTGGGAGGCCCAGGCAGGTGGATCACTTGAGGCCAGGAGTTCAAAACTAGCCTGGTCAACATGGTGAAACCCTATCTCCAGAAAAAGCACACACAAAAAATTAGCTGGGTGTGGTGGCACACACCTGTAGTCCCAGCTACTTGGGAGGCTGAGGCAAGAGAATCACT"
"GL873520","38622736","38622996","chr2B","201294576","201294850","64","162671840","GGCCAGGTGTGGTGGTTCATGCCTATAATCCCAGCACTTTGGAAGGCTGAAGTGGGCGGATCACCTGAGCTCATGAGTTTGAGACCAGCCTGAGCTAGAGTGAGACCCTATCTCTAAAAATAGCCAGGCTTTATGGCAGGTGCCTGTAGTCCTAGCTACTAGGGAGGCTGAGGCAGGAGGATTGCTTGTGCCCAGGAGTTTGAGGTTACTGTGAGCTAGGCTGAGGCAACAGAGGAAGATGATGTCAAAAAATAAAAATAA","GCCCAGTGCAGTGGCTCATGCCTGTAATCCCAGCACTTTGGGAAGCCAAGGTGGGTGGATCACTTGAGCTCAGGAGTTCGAGGCCAGCCTGGGCAATATGGTGAAACCCTGTTTCTAAAAATTAGCCAGACATAGTGGTGTGCGCCTGTAGTCCCAGCTACTTGAGAGGCTGAGGTGGGAAGATTGCTTGAGCCCAGGAGGTTGTTGAGGCTGCAGTGACCCATGACTGAGCCACTGCAGTAGAGAGAGATCGTGTCTCAAAAAAAAAAAAAAAA"
"GL873520","38634570","38634692","chr16","30992766","30992877","35","7641804","AAGACGATCTCTTGAGTCCAAGAGTTTGAGGTTGCTGTAAGGTATGATTGCACTGTGGCACTCTATTCACTCTATCCAGGGCCACAGAGACCTCTTGTCTCAAAACAAAAACAAAAACAAAAA","TGAAGGATCTCTTGAGCCCAGGAGTTTGAGGCTGCAGTGAGCTGTGATTGCACCACTGTACTCCAGCCTGGGCAACAGAGTGCTGTCTCAATAAAAAAAAAAAAAAAAAGAA"
"GL873520","38634812","38635007","chr4","173141925","173142112","59","134507113","GGCCAGGCACGGTGGCTCACACCTGTAATCCTTGCACTCTGGAGGCCAAGGCCATGGATTGCTTGAATTTAGGAACTCAAGACTAGTCTGAGCAAGAGTGAGATGCTGTCTCTACTAAAACCAGAAAAAACAGCCAGGCTTGGTAGCCCATGCTGTTGTTCTAGCTCCTTCGGAGAATGAGGCAAAAAGATCTCGA","GGCCAGATGTGGTGGCTCACACCTGTAATCCTAGCACTTCGGGAGGCCAAGGCAAATGGATTGCTTGAGCTCAGGAGTTCAAGACCAGCCTGGGGAACACGGTGAAACCCCAACTCTACAAAAAAATACAAAAATTAACCAGGCATGGTAGCACGTGCCTGTGGTCCCAGCTACTTGGGAGGCTGAGG"
"GL873520","38775340","38775465","chr19","18374470","18374591","34","20400870","GGTTCACGCCTATAATCCTAGCACACTGGGAAGCCGAGATAGAAGGATCACTTGAAGTCAGGAATTAGAGACAAGGCTGAGCAAGAACGAGACTCCATCTCTATTAAAAATAGAAAAAAATTAGCC","GGCTCACCCCTCTAATCCCAGCACTTTGAGAGGTCGAGGTGGGAGGATCACTTGACCCCAGGAGTTTGGGACTAGCCTGAACAACATAGCAAGACCCCATCTCTATAAAAAATAAAGAATTA"
"GL873520","38775744","38775904","chr10","86074239","86074399","39","47298495","TTAGCTAGACGTGGTAGCATGCACTTAATAGTCCCAGCAATTCGGGAGCTTGGGGCAGGAGGATCACTTGAGACTAGGAATTTGAGGTTACAATGAGCTATGCTGATGTCACTTGCACTCTACTCTACCTAACAGAGTGAGACCCTATCTCAAAAAAAAAA","TTAGCTGGGCGTGGTAGTACACACCTATAGTCCCAGCTACTTGTGAGGCTGAGGCAGGAGGATCACTTGAGCCTGGGAGGTGGAGGTTGCAGTGAGCTATGATCACACCTCTGCACTCTAGGCTGGGTAACAGAGCAAGACACTGTCTCAAAATAAATAAA"
"GL873520","38777233","38777352","chr7","100610245","100610350","37","61833012","GAAAAAAAGTGACATCCTATCTTTATTAAAAATAGAAAAATCAGTGAGGCATAATGGCAGGCACCTGTAATCCCAGCTACTGAGGGAAACTAAGGCAGGAGGATAGCTTGAATCCAGGAG","AGCAAGACCCTGTTTCTACAAAATATAAAAAATTAGCCAGGTGTGGTGGCATGCACCTGTAGTCCCAGCTACTTGGGAGACTGAGGCAGGAGGATCACTTGAACCC"
"GL873520","38777619","38777708","chr12","35733595","35733666","24","3044024","GGCCAGGCACAATGGCTCATGCCTATAATCCCAGCACTTCGAGAGGCCAAGGCAGGAGTTTGAAAAAAGCCGGAGCAAAAGTGATATCCT","GGCCAGGCGCAGTGGCTCATGCCTATAATCCCAGCACTTTGAGAGGCCAAGGCAGGAGGATCACTTGAGACC"
"GL873520","38835751","38835961","chr1","160662953","160663162","62","121827202","CCAGAGTGACAGAGTGAGACTCAGTTTCAACAAAAAAAGAAAAAACTTAGCTGAGTGTGGAGGCTCGTGCCTTAGTCCAGGTACTCAGGAAGTTGAGGCAGGAGGATTACTTGAGCCTAGGAGTTTGAGGTTCTTTCTTGTGCATTATGAATCTAGGGCACTCTAGCCTGGGGCAACAGAATGAGACTGTCTCTCTCGAAAATAAATAATA","CCAGCGTGGGCAACATGGTAAGACCCCATCTCCACAAAAAATACAAAAATTAGCTGGGTGTGGTGGCACATGCCTGTAGTCCCAGCTACTCAGGAGGCTGAGGTAGGAGGATTGCTTGAGCTCAGGAGGTCAAGGCTGCAGTGAGCCGTGATGGTGCCACTGCACTCCAGCCTGGGTGACAGAGTGAGACCTTGTCTCACAATAAACAAA"
"GL873520","38838258","38838379","chr5","83876385","83876512","33","45038127","GTCCCAGCTACTTGGGAGGCTGAGGCAAGAGGATCATTTGAGCCCGGGAGTTTGAGGTTTCAGTGAGCTTTGTTGAGGCCTTGGCACTCCAGTGCAAAACTCTTTCTCAAAACAAAGAAAAA","TAGTTCCAGCTACTCAGGGGCTGAGGTGGGAGGATCACTTGAGCCCGGGAAGTCAAGGTTGCAGTGAACTGTGATCATGCCACTGCACTCCAGCGTGCATGACACACTGTCTCAAAAAAAAAAAAAAA"
"GL873520","38838745","38838907","chrX","9218405","9218573","42","29620340","GGTCAGGCTTGGTGGCTCACATCTGTAATTCTATCTCTTTGGGAGGCTGAGGCAGCAGGAGCCTTTGAGCTGAGGAGTTTCAGACCATCCTTGGAAGAGTAAGACCCCATCTCTACTGAAAATAGACAAATTAGCCAGGTGTTGTGGCAGGCATCTGTAGTCT","GGCCAGGCGCAGTGCCTCACACCTGTAATCCCAGCACTTTGGGAGGCCGAGGCGGGTGGATCACTTGAGCTCAGGAGTTTGAGACCAGCCTGAGCAACATGGCAAAACCTCACCTCTACAAAAAAAATACAAAAATTAACCAGGCATGGTGGCAGGCACCTGTAGTCTC"
"GL873520","38841519","38841630","chr2B","129617509","129617619","31","90775990","GGCTGGGCATGGTGGCTCAAGCCTGTAATCCTAGCACCACTGGAGGCTAAAGTGGAAGGGAGACCAGCCTATGCAAGAGTGAGACGACATCTCTACTAAAAATAGAAAAATC","GGCGGGGCACGGTGGCTCACACCTGTAACCCTAGCACTTTGGGAAGCAAAGGTTGGGGAATCACTTGAGGGCAATGTAGTGAAACCCCATCTCTACAAACAAATAAAAAAT"
"GL873520","38841883","38842083","chr1","129579906","129580093","52","90738023","TTTGTTTAAATAAATAAAATAAAATAATAAAAATAGAAAAATTAGCTAGGTGTGGTGGCACACACCTTTAGTCCCAGCGGCTTGGGAGGCTGAAGCAGGAAGACCACTTGAGCCAGGAGTTAGAAGTTGTAGTGAGCTATGATATTGCCACTGCACTCTGGTCCAGGCAACAGAGCAAGATCCTGTCTTAAAAAAAAAGAA","ACCATCTCTAAAAAAAAAATTTTAAAACATTAGCTGGGTGTGGCGGCACTCACCTGTGGTCCCAGCTACTTGGAAGGCTGAGGCAGGAAGATCCCTTGAGCCCTGGAAGTTGAAGCTGCAGTGAGCCATGATCACGCCACTGCACTCCAGCCTGGACAGCAGAGGAAGACTGTCTCAAAAAAAAAAAA"
"GL873520","38893868","38894057","chrX","27492711","27492912","55","11401157","GCAATGACTCACGCCTGTAATACTAGTACTTTGGGAGGCTGAGGCAGGTGGATAGTGGATCACTTGAGCTCAGGAGTTGGAGACCAGCCTGAGCAAGACGCCAAATCTACTAATAGAAAAACTACCCAAGTGTCATGGAGGGTGCCTGTAGTCCCTGCTACAGGGAGGCTGAGGCAAGAGGATCACTTGA","CCAGGCGTAGCCACTCACGCCTGTTATCCTAGCACTTTGGGAGGCTGAGACAGGTGGATTGCCTGAGCTCAGGAGTTCGAGACCAGCCTGGGAAACACGGTGAAACCCCTGTCTCTACAAAAATACAAAAAATTAGCCAGGTGTGGTGGTGTGTGTCTGTTGTCCCAGCTACTTGGGAGGCTGAGGCATAAGAATCGCTTGA"
"GL873520","38918608","38918624","chr3","50302164","50302181","3","11383556","CAAAAACAAAATAGAAA","CAAAAACAAAAACAAAAA"
"GL873520","38918901","38919125","chr15","79808301","79808518","67","40889400","GTTCGTGACCAGCCTGGGCAACACAGTAAGAGCCTGTGCCTACAAAAAATAATTTAAAGCTTAGCCAAGTGCCATGCACATCTCCATAGCCCCAGCTGCTCTGGAGGCTGAGGTGGGAGGACCGCTTGGCCCTCAGAGGTTCAGGTTAGGTGAGTTATGTTAACACTGCTACACTCTAGCCTGGGCGACAGAAAATGATCCTGTCTTTAAAAAAAAAAAAATGGA","GTTGGAGACCAGCCTGGGCAACATGGTGAGACTCCGTCTCCACAAACATTAAAAAGTTAGCAGGGCATGGTGGCATGCCTGTGCTTCCTGGAGGCTGAGGTGGGAGGAGCGCTTTGAGCCTAGGAGGTTGAGGCTGTGGCAGTGAGTCATGTTTGCGCCACTGTACTCCAGCCTGGGTGACAGAGTGAGACCCTGTCTCCAAAACAAAAAAAAAAAAA"
"GL873520","38924224","38924315","chr5","114232280","114232369","27","75308056","CTGGGTGCAGAGGCTTAAATCCCAACACTTTAGAAAGCCAAGGGGGGAGCATCACTTGAGCCCAGGAGTTGGAGGTTACCGCAAGCTATAAT","GGTGGCTCACGCCTGTAATCCTAGCACTTTGGGAGGCTAAGGTGGGAGGATCACTTGAGCCCAGGAGTTAGAGATCAGCCTAGGCAACAT"
"GL873520","38937636","38937828","chr6","108647140","108647303","65","69709504","TATAGCCGGGAGTTGTGGCAGGCACCTGTAGTCCCAACTACTTGGGAGGCTGAGGCAGGCACCTGTAGTCCCAACTACTTGGGAGGCTCAAGAGAATTCCTTGAGCCCAAGAGTCTGAGGTTGCTGTGAACTATGATGCCATGACAGCTCTACCAAGGTCAACAAAGTGAGGCTCTGTCTCAACAAAATAAAA","ATTAGCCAGGTGTGGTGGCATGCACCTGTAGTCCTAGCTACTTGGGAGGCTGAGGCAGGAGGATTGCTTGAGCCCAGCACTTCGAGGTTATGGTGAGCTATGATCGCGCCACCACACTCCAGCATGGGCAACAGAGCAAGACTCTGTCTCAAAAAAAGAAAAAA"
"GL873520","38938111","38938242","chr19","46598645","46598780","27","7660534","GGCTGGGCACAGTGGCTCACACCTGTAATCCCAGCACTCTGGGAGGCTGAGGCAAGTGAATGGACCTGAGCTCACAGGTTTGAGACCAGCCTGAGCCAGAGTGAGACCTCGTCTCTAAAAATAGCTGGGAGT","GGCTGTGCGCAGTGGCTCACGCCTGTAATCCCAGCACTTTGGGAGGCTGAGGCAGGAGAATCACTTGAGTTCAGGAGTTTGAGACCAGCCTGGGCAACATAGTGAGACCTCGTCTCTATGAAAAAATACAAAAATT"
"GL873520","38960090","38960255","chr17","27004218","27004389","42","11955872","AGTTAGCTGGGCATGGAGGCACATCTCTACAATCTCAGCTATTGAGGAGGCGGGAGCAGGAGGATTGCTTAGGCCCAGAAGTTTGAGGTTGCTGTGATCTAGGCTGAGGCCACGACATTCTAGTGTGGGCAACAGAGTGACACTCTGTCTCAAAAAAAGAAAAAAA","AGTTAGCTGAGTGTAGTGGCATGGTACCTGTAGTCCCAGCTATTCAGGAGGCTGAGGCAGGAGGATAGCTTGAGCCCAGAAGTTAGAGGTTACAGTGAGCTATGATCATGCCACTACATTCTAGCCTGGGCAACAGTGTGAAACCTTGTCTCAAAGAAAACAAAAACAAAAA"
"GL873520","38960534","38960673","chr1","86131184","86131317","38","47170650","GGCCAGGCGTGGTGGTCCCACCCCTATAATCCTAGCACTAGGGAAGATCATGGGGGATGATAGCTTGAACTCAGGAATTTGAGATCAACCTAAGCAAAAGAAGACTCGAGTTCAGTCTCTATTAAAAACAGAAAAGTGTA","GGCCAGGTGTGGTGGCTCACACCTGTAATCCCAGCACTTTGGGAGGCTGAGGCAGGAGGATACCTTGAGCCCAGGAGTTCGAGATCAGCCTGGACAATAAAGTGAGACCCTGTCTCTACTAAAAATGAAAATTA"
"GL873520","38965595","38965670","chr14","33940179","33940257","21","5025416","ATGCCTAGAGTTCTAGCACTTAGGGAGGTCATGGTGGGAGGATCACTTGAACTCAGGAGCTCAAGACTAGCCTGAG","CACGCCCCTAATCCCAGCACTTTGGGAGACCAAGGCAGGAGGATCACTTGAGCTCAGGAGATCCAGACCAGCCTGGGCA"
"GL873520","38988026","38988157","chr17","5352968","5353099","30","33635058","GGTTGGGTGCCGTGGCTCATGCCTATAATCCTAACATTCTGGGAGGCTGAAGTGGATAGAGCAGTTGCTTCAGTTCAGTAGTTTGAGGCAAGCCTGAGCAAGAGTGAGACCCCGTCTCTAAAAACAAAAAAC","GGCTGGGTGCAGTGGCTCATGCCTGTAATCCCAATATTTTGGGAGGTTGAGGTGGGAGGATCACTTGAGCCCAGGAGTTTGAGGCCAGCCTGGGCAGCAAAGTGAGACCCTGGCTCTACAAAAAATAAAACT"
"GL873520","38988179","38988369","chr17","47777858","47778040","61","8789679","TAGATAAAGTTGTTAGACAACTTAGATAGTTAGACAACAAACAATAGATAAAGTTGGGCTTAGTCTTAGCTATTCTGGAGGCTGAGGCAGGAGGACCTTGTGAGCCCAGGAGTTTGAGGTCGCATTGAGCTATGATAATACCCCTGCACTCTATAGGGGCAACAGGACAAGATTCTGACTGAAAAAAAGAA","CAAAAAACGTTTTGTAAATAAAAATTAGCCGGGCATGGTGGCACATCCCTGTAGTCCTAGCTACTCAGGAGGCTGAGGCAGGAGGATTGCTTAAGCCAAGGAGTTTGAGGCTGCAATGAGCCATGATCATGCCACTGCACTCCAGCCTGGGTGACAGGGCAAGAGTCTCTCTCTAAAAAAAAA"
"GL873520","38998100","38998244","chr16","45369279","45369403","50","6371179","CCCCCATCTCTACTAAAAATAGGAAAATTAGCCAAGTATGGTGGTGCACACCTGTAGTCCCAGCTGCTTGGGAGGCTAAAGCAGGAGTTTGAGGTTGCTTTGAGCTATAATACTATTGTCCTCATGCCTGGGCAACAAAGCAAGA","GACCCCATTTCTAAAAAAAAAAAAAAATTTAGCCGGGCATGGTGGTGCATGCCTGTAGTCCCAACTACTTGGGAAGCTGAGGTAGGTGGGTTGCTTGAACCCAGGAGTTCAAGGCTGCATTAAGC"
"GL873520","38998507","38998619","chr6","70004423","70004538","31","31005916","CTGGGGGCAGAGGCTCACACCTGCAATACTAGCATTTTCAGAGCCCAGCTGGGAAAATCACTTGGAGTTAGAGTTCAAGACCAACCTGAGCCTCATAGAAAGGACCCCATCTC","GGCTGGGCACAATGGCTCAAGCCTGTAATCCTAGCATTTTGGGAGGCCTAGGCGGGAAGATCACCTGAGTCCAGGAGTTCAAGACCAGCCTGGGCAACATGGAAAGACTGCGTCTC"
"GL873520","39100369","39100676","chr11","10830794","10831101","67","28269575","GACCAGGCACAGTGGCTCACATCTATAATCCTAGCTCTCTAGGGGGCTGAGGCAGAAGGATCACTTGAACTAGGAGTTCAAGACCAGCCTGAGCAAGAGTGAAACTCTGTCTTTAGTAAAAATAGAAAAATTAGCTAGGTGTGATGGTGAGTGCCTATAGTCCCACCTACTTGGGAGGCTGAGGGAAGAGGATTGCAGGAACCCAGGAGTTTGAGGTTGCTGTGAGCAGGTCTGATTCCATGGCACCCTAGCCTGGGCAACAGAGCAAGACTCTGTCTCAAACAAAAAAAAAAAAAAAGAAAAGAAAA","GGCTGGGTGCCATGGCTCACACCTGTAATCCCAGCACTTTAGGGGGCTGAGGCAGGCAGATCACTTGAGCTCAGGAGTTCAAGACCAGCTTGGGCAACATGGTAAAATCCTGTCTCTACAAATACAAAAATTAGCTGGGTGTGGTGGTGTGTGCCTGTAGTCCCAGCTACTTGGGAGCTGAGGTGGGAGAATCACTTGAGCTTGGGAGGTGGAGGTTGCAGTGAGACAAGATTGTGCCACTGCACTCCAGCCTGGGCAACAGAGCAAGACCCTGTCTCAAAAAAAAAAAAAAAAAAAAAGAAGAGAAA"
"GL873520","39181084","39181399","chrX","19491904","19492217","80","19689180","GCCGGGAGAGGTAGCTCATCCTGTAACCTTAGCACTCTTGGCGGCCCAGGCGGGGGTACTGCTTGAGCTCAGGAGTTCAAGAGTAGCCTAAGCAAAAGTAAGACCTCATCTCTACCAAAAAAAAAAAAAATAGCTGGGCGTTGTGGCAGGGCTTATAGTTCCAGCTACTTGGGAGGCTGAGGTAAGAGAATAGCTTGAGCCAAGAGTTTGAAGTTGGTGTGAACTATAAGAATACCACAGTACTCTATCCGGGGCAACAGAGTGAGACTGTCTCAAAAAATAAAACAAAACAAAACAAAAAAGCAAAAACAACAAA","GGCCAGATGTGGTGGCTCACACCTGTAATCCCAACACTTTGGGAGGCAGAGGTGGGAGGATTGCTTGACCCCAGGAGTTCAAGACCAGTCTGGGCAACATAGTGAGACCCCCATCTCTACAAAAAATGAAAAAAATAGCTGGGCATGGTGGTAGATGCTTGTAGTCCCAGCTACTTGGGAGGCTGAGGTGGGAGGATCCCTTGAGCCCAGGAGTTTGAGGTTGCAGTGAGCTGTAATCGCACCACTGCACTCCAGCCTGGGCAACAGAGCGAGACTCCATCTCAAAAAAAAACAAAACAAAACAAAACCCAAAA"
"GL873520","39400614","39400695","chr1","171135384","171135469","17","131734770","GGCCAGATGTGGTGGTACAACGTGTAATTCCAGGACTTTAGGAGGCCAAGACAGGAGGATCACTTGAGACCAGGAGTTTGAG","GACTGGGTGTGGTGGTCAATGCCTGTAATCCCAAAACTTTGGGAGGCCAAGATGGGAGGATCACTTGAGACCAGGAGTTTGAGACC"
"GL873520","39436258","39436537","chr15","56149582","56149856","67","16713324","GGCTTAGCATGGTGGCTTATGCCTGTAATCCCAGCACTTTGGGAGGCCAACACAGGAGGATAATTGTTTTGAAGAAGTGCGAGACCAGCCTGGGCAATGCAGTGAAATTATGCCTCTACAAAAAATAAAAAATAAATTAGCCGGGCATGGTGGCACACACCTACAGTCTCAGCCACTGGGAGGATGAGGTAGCAGGACTGCTTGAGCCCAAATTGAGGCTGTAGTGAGCTGTAATCACACCACTGCATTCTAGCCTGGGGAATAGGGTGAGACCCTGTCT","CCAGGCGTGGTGGCTCATGCCTGTAATCCCAGCACTTTGGGAGGCCAAAGCAGGCGGATCGCTTGAGCCCAGGAGTGAGACCAGCCTGGGCAACATGGCAAAACCCTGTCTCTACAAAAAATACAAAACATTTGCCAGGCATGGTGGCACACGCCTATAGTCCCAGCTACTTGGGAGGCTGAGGTCAGAGGATCGCTTGAGCCCAGGAGGCAGAGGTTGCTGTGAGCCAAATCACACCACTGCATTCCAGCCTGGACAACAGAGTGAGACCCTGT"
"GL873520","39449643","39449720","chr7","102837672","102837750","23","63388029","CAGACCACCCAGCAGTTTGGGAGTTTGAGATCGCCTGGGCAATATAGTGAAACCTCATGTCTACAAAATATTAAAAAA","GGATGATAACTTCAGCCTAGGAGTTTGAGACCAGCCTGGGCAATATGGTGAAACCCCATCTCTATTTAAAAAAAAAAAA"
"GL873520","39463292","39463428","chr16","69859782","69859925","50","30396490","AGGTGGGAGGATCACTTGAGCTTGGGACCAGCCTGAGCAAAAGTGAGACCCTCTCACTACTAAAAATAGTAAAAATAAGCCAGGCATGGTGGCATATGCCCATAGTCCCAGGAGGCTGAGGCAGGAAGATTGCTTGA","AGGTGGAAGGATAACTTGAGCCCAGGGGTTCAGGACCAGCCCGGGGAACATGGCAAAACCCCATCTCTACAAAAAATACAAAAACTAGCTGGGCATAGTGGTGGATGCCCGTAGTCCTAGCTCCTCAGGAGGCTGAGGTGGGAG"
"GL873520","39493346","39493419","chr10","22295373","22295445","13","17197973","AATGAGCTGTGATGAGGCCACTGCACTCTAGCCTAGGTAACAGAGTGAGACCCTCTCTTAGGAAAAAAAAAAAA","AGTGAGGTGGATTGTGCCACTGCACTCCAGCCTGGGCAACAGAGTGAGACCCTGTCTCAAAAAAAAAAAAAAA"
"GL873520","39543134","39543377","chr9","76348106","76348341","69","36804972","GGTCTGGTGTGGTGACTTACACTTATAATCCTAGCAGTCTGGGAGGCCAAGGTGAGAGAATCACGTAAGCTCAGGAGTTCAAGACCAGCTTAAGAAAAATTGAGACCCTGTCTATTCTACAAAATAGAAGACTTAGCAGGCTGTTGTGGCAGGGGCCCATAGTCTGCTGTGAGCTAAGCTGATGCCACTGCACTCTAGCCCAGGCAATAGAGTGAGATTCTGTCTCAAAAAAAAAAAAAAAAAA","GGCCAGGTGTGGTGATTCACACCTATAATCCCAGCACTTTGGGAGACTGAGGTGAGAGGATCACTTGAGCATAGGAGTTCAAGCCCAGCCTGGGCAATGTAATGAGACCTCTATCTACAAAAAATGAGGCAGGAGTTGGGAGGCAAGAGGTCAAGACTGCAATGAGCCATGATCCTGCCACTATACTCCTGCCTGGGTGATGGGAGACCCTGTCTCAAAAAAAAAAAAAAAAAAAA"
"GL873520","39762416","39762556","chr17","62542157","62542290","46","22779741","GCTGGGTGCAGCAACACACACACGTCTATACTTCCAAATACCTGGGAGGCTGAGGTGGGAGGATCATTTGAACTCAGGAATTTCAGACCAGGCTGGGCTCAGGAGTTGGAGACCAGCCTGAGCAAGAGTGAGACCCATCTC","GCTGGGTGCAGTAGCTCACGCCTATAATCCCAGCACTTTGGGAGGCCAAGGCGGGAGGATCACTTGAGCCCAGGAGTTTCAGACCAGCCTGGGCAACAAAGCAAGACCCTGTCTCTACAAAAGAATAAAAAACT"
"GL873520","39975349","39975482","chr1","133322333","133322464","26","93346984","GGCCAGGCGTGGTGCCTCACACCTGTAATCCTAGCATGCTGGGAGGCTGAGGTGGGAGGATCACTTGAGCTTAGGAGTTTTAAGACCAGACTGAGCAAGGGTAAGACTGTCTCTAAAAAAAATAAATAAAGTAG","GGCCAGGTGTGGTGGCTCACATCTGAATCCCAGCACTTTGGGAGGCCGAGGTGGGAGGATCGCTTGAGGCCAGGAGTTCAAGACCAGCCTGGGCAACATGGTGAGACTGTCTCTACCATAAATAAATAAATA"
"GL873520","40070095","40070209","chr2A","26152265","26152368","29","13917830","GCACAGTGGCTCATGCCTATAATCCTAATACTCTGGGAGGGTGAGGTGGGTGGTATGTTTGAGTTGAGACCAGCCTGAGCAAGAGACTCCATCTCTACTAAAAATAGAAAAAGAA","GGCACTGTGGCTCATGCCTGTAATCCAAGCACTTTGGGAGGCTGAGGCGGGTGGATCTCTTGAGCCTAGTCTGAGCAACCCATCTCTACAAAAAATACAAAAAT"
"GL873520","40070487","40070673","chrX","22191319","22191506","59","17879168","TAGAAAAAGAAAAAAACCACAAACCAAAAACTAGCCATGCATGGTGGCATGTTTCTGTAGTCTCAGCTATTGGGGAGGCTAAAGCAACAGAGTCACTTGAGCCCTAAAGTCTGAGGTTGCTTTGAGATATGATGCCGCCACCACACTATATCCTGGGCAACGGACTGTCTCAAAAAAAAAAAAAAAA","TTAAAAAAAAACAAATAAATAAAAATTAGTTGGGCACGGTGGTTCGCACCTGTAGTCCCAGCTACTTGGGAGGCTGAAGCAAGAGGATCACTTAAGCCCAGGAAGCAGAGGTTGCATTGAGCCGAGATTGCGCCAATGCACTTCAACCTGGGCGACAGAGGGAGATCCTGTCTCAAAAAATAAAAAAA"
"GL873520","40081189","40081228","chr17","7399776","7399812","8","32681413","TAGGCAACATAGCAAGACCTCATCTCTACAAAAAATAGTT","TGGGCAACATGGTGAGACCTCATCTCTACAAATAATA"
"GL873520","40081515","40081683","chr11","71901326","71901495","42","31819811","ATAGAAAAGTTAACTGGGTAACAATGGTGCACACCTGTACTTCTAGCAACTCAGGTGGCTGAAGCAGGAGGATCATTTGAGCCCATGAGTTTGAAGTTGCATGAGCTATGATCTGGCAACTTCACTTCAACCTGGGTGACAGAACAAGACCCTATGTCTAAAAAATAAA","AAATAAAATTAGCTTGATGTGGTGGTGCACACCAGTAATCCCAGCTACTTTGGAGGCTGAGACAGGAGGATCACTTGAGCCCAGGAGTTCAAGGTTACAGTGAGCTATGATCACACCACTGCACTCCAGCCTGGGTGACAGAGCGAGACCCTGTCTCTAAATTAAAAAAA"
"GL873520","40118639","40118929","chr2A","20969881","20970161","84","19148758","GGCCAGGTATAGTGGCTCCAACCTGTAAACCTAGCACTCTGGGAGGCTGAGGTGAGGCCAGAGGATCACTTGAGGTCTGGAGTTGGAGACTAGCCTGAGCAAGAGTGAAATCCTAAGGCTCCATCTCAACTAAATAACCAGAAAAAATTAGCCAGGCGGCATGCTGGTGTGCGTGTAGCCCCAGCTGCTCACTAGGCTGTGGCAGAAGGATCCCTTGACCCAGGGAGTTTGAGGCCGCTGTGGCTATAATGATGCCACTGCTCTCTACTCTATCTCAAAAAAAAGAAAAAA","GGCCTGGTGTGGTGGCTCACACCTGTAATCCCAGCACTTTGGGAGGCTGAGGCAGGAAGATCACTTGGGCCCAGGAGTTTGAGACCAGCCTGCGTAACATAGGGAGACAGACCATCTCTACAAAAAATTTGAAAAATTAGCCAGGCGTGGTGGTGTGTGCCTGTAGCCCCAGCTACTCAGAAGGCTGAAGTGGGAGGATCTCCTTGAGCCTGGGAGGTCAAGGCTGCTGTGACAGAGTGAGACCCTGTCTCAAAAAAAAAAAAAAAAAAGAAAAAAGAAAA"
"GL873520","40780009","40780095","chr2A","75442552","75442638","15","34662543","GGCCAGGGTGGTGGCTCATTCCTGTAATCCTAGTACTCTGGGAGGCCAAGGTAGGTATATTGCCTGAGCTCAAAAGTTCAAGACCAG","GGCTGGGTGTGGAGGCTCATGCCTGTAATCCCAGAACTTTGGGAGGCCAAGGCGGTGGATTGCTTGAGCTCAAGAGTTCAAGAACAG"
"GL873520","40780356","40780581","chr4","112086665","112086886","69","71306309","AAAAGAAAGTTCAAGACCAGCCTGAGCAAGAGTGAGACCCTATCTCTAAAAATAGCCAGATTCCTTGTGGCGAGTGCCTGTAATCCCAGCTACTTGGGAGGCTGAGGCAAGAGGATCACTTGAGCCCAAGAGTTGGAGGTTGTTGTGAGCTGTGATGTCAGGGCGCTCCACCAAAGGTGATCGAGTGAGAGTCTGTCTTAAAAACCAAAACGAACAAAAAAATAAA","AGCTCGCGTGTTCGAGACCAGCTTGGGCAACATGGCAAAACCCCATGTCTACAAAATTAGCTGGGTGTGGTGGCGTATGCCTGGTAGTCCCAGCTACTTGTGGGGCTGAGATGGGAGGATCGCTTGAGCCCAGGAGGTCAAGGCTGCCGTGAGCTGAGATCATGCCCAGCCCGGGTGATAAAGTGAGACCCTGTGTCAAAAAAAAAAAAAAAAAAAAAAAAA"
"GL873520","41173929","41174043","chr8","133562049","133562163","21","92388120","GGTCAGGTGTGGTGGCTCATACCTGTAATCCTAACACTCTGGGAGGCCGAGGCAGGTGGATGACCTGAGCTCAAGAGTTCGAGACCAGCCTAAGCCAGAGCAAGACCTCATCTCT","GGCCAGGCATGGTGGCTCATGCCTGTAATCCCACCCCTTTGGGAGGCTGAGGCAGGTGGATCACTTGAGCTCAGGAGTTAGAGACCAGCCTGGGTAACAGTGAAACCTCATCTCT"
"GL873520","41174070","41174258","chr16","28165986","28166166","51","13008084","CAAAACCCCTCAAATCCAGGGGTTGTGATGGGTACCTGTAGTCCTAGCTACTTGGAAGTCTGAGGCAAGAGAATCGCTTGAGGCCAACAGTTTGAGGTGAGGTTGCTGTGAGCTGTGACACCACAGCACTCTACCAAGGGTAACAAAGTAAGACTGTCTCAAAACAAACAAACAAACAGACAAACAGAC","AAACATTAGCCAGGCGTAGTGGTACATACCTGTAGTCCTAGCTACTCGGGAGGCTGAGGCAGGAGGATCGCTTGAGCCAAGGGAGGTCGAGACTGCAGTGAGCTGTGATTGCACCACTGCACTCCAGCCTAAGTGACAGAGCAAGACTCTGTCTCAAAACAAAACAAAACAAAAACAAAAC"
"GL873520","41374051","41374157","chr4","4013806","4013924","27","37360245","CATGCATGTAATCCCAGCATGGAGGTGGGAGGATCACTTGAGGCCAGAAGTTCAAGCCCAGCATGGGCAAGAGTGAAACCCTGTCTTTACAAAAAATAGAAAAATTA","CATGCCTGTAATCCCAGCACTTTGAGAGGCCAAGGCAGGAGGATCACTTGAGCCCAGGAGTTCAAGACCAGCCTAGACAACATGGCAAAACCTGGTCTCTACAAAAAATTTAAAAATTA"
"GL873520","41655174","41655360","chr7","106915754","106915944","47","65260580","TAGATAAATAAAAATAAAAATAGCTAGGTTTTGTGGCAGGCACCTGAAGTCCTAGCCACTTGGGAGGCTGAGGCAAGAGAATCGCTTGAGCCCGAGAGTTTGAGGTTGCTGTGAGCTGTGACGCTATGGCACTCTACCCAGGGCAACTGAGTGAGACCGTCTCAATAAAAACAAACAAATAAAAAAA","AAAAAAAAAACACAAAAAAATTAGCCAGGCATGGTGGCAGGCGCCTGTAGTCCCAGCTACTTGGGAGGCTGAGGCAGGAGAATGGCATGAACCCAGGAGGCAGAGCTTGCAGTGAGCCGAGATCACGCCACGGCACTCTAGCCTGGGTGACAGAGCGAGACTCTGTCTCAAAAACAAACAAACAGAAAAAA"
"GL873520","41655637","41655766","chr3","10198298","10198431","32","31457339","GGCTGTGAGCTGTTGCTCATGCCTCTAATCCCAGCACTTGGGAGGCCAAGGCAGGTAGATTGCCTGAGCTAACAGGTTTGAGACCAGCCTGAGCCAGAGCGAGACCTCATCTCTAAAAATAGCTGGGTGT","GGCTGGGTGCAGTGGCTCATGCCTATAATCCCAGCACTTTGGGAGGTCCAAGCAGGAGGATCACTTGAAGCTAAAAATTTGAGACCAGCCTGGGAAACACAGCAAGACCTCATCTCTATAAAAAATAAAAGAAT"
"GL873520","41699514","41699677","chr1","26675214","26675385","41","15024300","CAGTCAGGCATTGTAGTAAGTGCCTTTAGTACCAACTACCTCGGGAGGCTGAGGCAAGAGGATTGCTGGAGCCCAAGAGTTGGAGGTTGCTGTAAGCTATGATGCCATTGTACTCTACCAAGGGCGACAAAATGAGACCCTGTCTGGAAAAAAAAAAAAAAAAA","AGTCAGGCATGGTGCTGTGCGCCTGTAGTCTCAGCTACTCGGTAGGCTGAGGTAGGAAAATTGCTTGAGCCCAGGGAGGTGGAGGCTTCTGTAAGCCATGATTGTGCCACTGCACTCCATCCAGCCTGGGCGATAGAATGAGACCCTGTCTCAAGAAAAAAAAAAAAAAGAA"
"GL873520","41699951","41700076","chr8","67480738","67480869","31","25780787","GGCTGGATGTGGTGGCCCATAATCCCAGCAGTGTGGGATGCTAAGGCAGGTGGATTGTTTGAGTTCAGGAGGTCTAGAACAGCCTGAGCAAGAGTGAGACTCCGTCTCTTAAAAAAAAAAAAAACA","GCTGGGTGTGGTGGATCACACCTACAATCCCAGTACTTTAGGAGGCCAAGGCAGGTGGATTGCTTGAGCCCAGGAGTTCAAGAACAGCCTGGGCAACATGGTGAAACCTTGTCTCTCCAAAAAAAAAAAAAA"
"GL873520","41705606","41705739","chr1","86131184","86131317","25","44425578","GGCCAAGAGTGGTGGCTCACACCTGTAATCCCAGCAGTCTGGGAGGCCAAGGCAGGAAGATCCCTTGAGCTCAGGAATTTGAGACCAGCCCCAGCCAAAGCAAGACCCTGTCTGTACTAAAAGTATAAAAATTA","GGCCAGGTGTGGTGGCTCACACCTGTAATCCCAGCACTTTGGGAGGCTGAGGCAGGAGGATACCTTGAGCCCAGGAGTTCGAGATCAGCCTGGACAATAAAGTGAGACCCTGTCTCTACTAAAAATGAAAATTA"
"GL873520","41705995","41706189","chr6","44236537","44236703","57","2530542","GAAAAATTAACTGGGCATGGTGTAGGTGCCTGTCATCCCAGCTACTCAAGAGGTTGAGGCAGGAGGATTGCTTGAACCCAGGAGTTTGAGGTTACTCCAAGTGAGGCTTGAGCAGATTCCAGATAGGCTAGGCTGAGGCCAACTAGATACTCTAGCCCAGGTGACAGAAACTCTGTCTCAAAAACAAACAAAAAA","AAATTAACTGGGCATGGTGGCATGTGCCTGTGCTCCCAGCTACTTGGGAGGCTGAGGCAGGAGGATTGCTGGAGCCCAGGAGGTTAAGGCTGCAGTGAGCTCTTAATTGTGCCACTGCACTCCAGCCTGGGAGACAGAGCAAGACTCTGTTTCAAAAAAAAAAAAAA"
"GL873520","41735091","41735282","chr14","30159012","30159190","58","11576079","CAAGACCCAGTTTCTAAAAGAAATGGCTGGGAATAGCTGGGCACTGCAGCAGGCACCTGTAGTCCCAGCTACCCAGGAGGCTGAGGTAGGAGGCTCCCTTTAGTCTAAGAGTTTTAAGTTGCTATGACCTATAACGCCACTGCACTCTACCAAGGACAACAAAGTGAGACTTTTTCTCAAAAAAAAGAAGAA","CCCATCTCTACAAAAAATTAGCTAGACATGGTGATGCACGCCTGTATTCCCAGCTACTCAGGAGGCTGAGTTGAGAGGATCACTTGAGCCTAGGGAGGTCAAGTCTGCAGTGAGCCATCATCACGCCACTGCACTCCAGCCTGGCAACAGAGTGAGATCCTGTCTAAAAAAAAAAAGAA"
"GL873520","41735558","41735676","chr6","111118677","111118792","23","69383119","GACCAGGCACAGCCGCTCACATCTATAATCCTAGCACTCTGGGAGGCCAAGGTGGGTGGATTGCTTGAACTCAGGAGTTTGAGACCAGCCTAAGCAAGATTAAGACCCAGTTTCTTTTC","CCAGGCACAGTGGCTCACACCTGTAATCCCAGCACTTTGGGAGGCCGAGGTGGGTGGATTGCTTGAGCCCAGGAGTTTGAGACCAGCCTGGGCAACATGGTGAAACGTTGTCTTTA"
"GL873520","41872933","41873080","chr7","67204115","67204268","35","25331182","ATTGGCCATGTGTTCGGGTAGGTGCCTATAGTCTCAGCTACTTCGGAGGCTGAGGCAGGACTGCTTGAGCCCAGGAGTTTGAGGCTACTGTGAGCTAGACTGATGCCAAGGCATTCTAGCCTGCACAACAGAGTGAGAACCTATCTCA","GAAAATTAGCCAGGTGTGGTTGTACGTGCCTGTAGTCCCAGCTACTTGGGAGGCTGAGCCAGGAGGATTGCTTGAGCCCAGGAGTTTGAGGCTACAGTGAGCTGTGATTGAGCCACTGCACTCTAGCCTGGGCAACAGAGCAAGACTCTATTTC"
"GL873520","41873340","41873467","chr19","58544269","58544394","30","16670929","CTCACGGGTAATCCTAGCATTCTGGGAGGCCGAGGCAGGTGGATTGCTTGAGCTCAGGAGTTCATCAAGACCAGCCTGAGCAAGAGTTAGACCCTATCTTTACCAAAAACTCAAAAATTAGCCAGGTG","CTCACGCCCGTAATCCCAGCACTTTGGGAGGCTGAGGCGGGCGGATGGCTTGAGCCCAGGAGTTCGAGACCAGCCTGGCCAGCATGGTAAAACCTCATCTCTAACAAAAACATAAAAATTAGCCAG"
"GL873520","42044194","42044279","chr4","167339239","167339324","26","125295045","TACAGGAAATCTGGGCACAGTCGCAGTAGTCCCAGCTACTCAGGAGGCTGAAGTACAAAGACTACTTGAGCCCAGTAGAAACAGAG","CCGGGAGCAGTGGCACACACCTGTAGTCCCAGCTACTCCAGAGGCTGAAGTAGGAAGATTGCTTGAGCCCAGAAAGTCAAGGCTGA"
"GL873520","42166664","42166952","chr12","131735175","131735464","72","89568511","CTGGACGCAGTGGTTCACTCTTAAAATCCTACTACTTTGGGAAGCCGAGGCAGGTAGATTACTTGAGCTCACAGGTTCAAGACCAGCCTGAGCAAGAGTGAGACCCCATCTCTACTAAGAACAGAAAAATTAACCAGGCATCATGGTGGTCACCTGTAGTCTCAGCTACTTGGCAGGCTGAGGTAAAAGGATCACTTGAACCCAAGAGACTAAAGTTACTGTGAGCTGTGTTGATACCCTGCACTCTACCAAGGGCAGCAAAGTAAGACTCTGTCTCAAAAACAAACAA","GCTGGGCGCAGTGGCTCACACCCATAATCCCAGCACTTTGGGAGGCCGAGGCAGGAGGATTGCTTAAGCCCAAGAGTTCAAGACCAGCCTGAGCAACATGGTAAAACCCCATCTCTACAAAAAATACAAAACTTAGCCAAGTGTGATGCTGGGCAACTGTAAACCCAGCTACTTGGGAGGCTGAGGTCGGAGGATCACTTGAACCCGGGAGGCGGAGGTACAGTGAGCCGAGACTGCACCACTGCACTCCAGCCTGGGTGACACAGTGAGGCTCTATCTCAAAAAACAAA"
"GL873520","42378500","42378685","chr18","6705679","6705860","49","35672821","GAATTAGCCAACCATAGGTAGTGGCATGCATCTATAGTCTTAGCTACTTTGGAGGCTGAGACAAGAAGACTGCTCATCCAGAAGTTTAGAGGCTACAGTGAGCAACATATGGTCACATCACTGCACTCCAGTCTGGGGCACACAGCAAGACCCTATCTTTAAAGGGAAAAAAAGTAAAAATAGAAA","CAATTCGCTGGACATGGTGGTCCTCACCTATAGTCCCAGGTACTTGGGAGGCTGAGGCAGGAAGATTGCTGGAGCCCAGCAGTTTGAAGCTGCAGTGACTAATGATGGCACCACTGCACTCCAGCCTGGGTGACACAGTGAGACCCTATCTCTTAAAAAAAAAAAAAGAAAAAAAAAAAAAA"
"GL873520","42378960","42379104","chr19","43813583","43813714","47","1434623","CCTGTCCTCCCAAGGTTTGGAAGGCCAGGCGGGAGGATCACTCCAGGCCAGGAGCTCAAGACCAGCCTGGGCAACAGAGTGAGAACCACCCCTCTCCCTTCCCTACCCTGTCTCTACAAAAAATTTCTTAAGAATTAGCCAACCA","CACGGCTGTAATCCCACCAGTTTGGGAGGCCGAGGTGGGAGGATCACTTAAGCCCAGGAGTTCAGGACCAGCTTGGGCAACATAGTGAGACCCTGCCTCTATAAAACATTTTTTTAAAAATTAGCCAAGCTG"
"GL873520","42492955","42493239","chr18","53835705","53835983","77","11342750","GGGCAGGTGTAGTAGCTAATGGCTGTAATCAGAGCACTCTCGAAGGCTGAGGCAGTTAGATTCCTTGAGCTCAGGAGTTTAAGACTAGCCTGAGCAAGAGAGTAGACCCTGTCTCTACTTAAAATAGAAGAAAAATTAGCTGGGAACTATCATGGGCACTTGTAGTCCCAGCTACTTGAGAGACTGACCCAGGAGGACTGCTTGAAGTCAGGAGTTTAAGGTTGTTGTAAGCAAGGCTGACACCATGGCACTCTACCCTGGGCAAGAAATTGAGACTTTGTCTCA","GCATGGTGGCTCATGCCTATAATCCCAACACTTTGGAGGGCCGAGGTGGGCAGATTGCTTGAGCTCAGGAGTTCAAGACCAGCCTGGGCAACATGGTGAAACCCTATCTCTACAAAAAAAATACAAAAATTAGCTGGGAATTATGGTGTGTGCCTGTGGTCCCAGCTACTTGAGAGGCTGAGGTGGGAGGATCGTTTGAGCCCAGGAAGCAGAGGTTGCAGTGGGCCATGACTGCACCACGGCACTCCAGCCTGGGCAATAGAGTGAGACCCTGTCTCA"
"GL873520","42493261","42493274","chr7","101964303","101964315","1","59471042","TAAAAATAAATAAA","TAAAAATAAAAAA"
"GL873520","42575466","42575801","chr17","59428518","59428842","91","16853052","CTCAGCACCTGTAATCCCAGCACTTTGGGAAGCTGGGACTAGAGCATTGCTTGAGGCTAGGAGTTGAGACCAGTCTGGGCAATATAGTGAGACCACATCTCTACAAAGATAAGAAAAAAATTAGCTGGGCATGGTGTTGTACACCTGTAGTCCCAGCTACTATTGAGACTAAGGCCACAGAATCACTTGAGTCCAAGTGTTTAAGGGTGCAGTGAGCTATAATCGTGATACTGCACTGTGGCCGGGGTGACAGAGCAAGACTCTGTCTCAAAACAAAACAAAACAAAAACAACAAAAAACCACACACACACACACAAAAAAGAAAGAAAAAGAAAA","ATGCCTGTAATCCCAGTACTTTGGAAGACTGAGGCGGGAGGATCGCTTGAGCTCAGAAGTTTGACACCAGCCTGGGCAACATGGTGAAACACCGTCTCTACAAAAAATACAAAAATTAGCTGGGCATGATGGCGCATGTCTGTAGTCCCAGCTACTTGGGAGCCTGAGGTGGGAGGATTGCTTAACCCCCGGAGGTCGAGGGAGCAGTGAGCCGAGATCGCACCACTGCACTCCAGCCTGGGTGACAGAGTGAAACCTTGTCTCAAAACAAAACAAAACAAAACAAACAAAAAAACCCCAAAAAACAAACAACAACAACAAAAAA"
"GL873520","42648837","42648969","chr1","154736677","154736806","48","112087840","GAGGTGGGTGGATTACTTGAGCTCATGAGTTTGAGACCAGCCTGAGCAAGAGTGAGACCCCCATCTCTAAGAATATAACCAGGCATTGTGGCAGGCTCCTATAGTCCCAGATACTTGGGAGGCTGAGGCAAGA","GAGGTGGGCGGACCACTTGAGCTCAGGAGTTCGAGACCAGCCTGGACAATGTGGCAAAACCCTGTCTCTACAAAAATCACAACTAGCCAGGCGTAGTGGTGTGTGCCTGTAGTTCTGTTACCAGAAAGGC"
"GL873520","42668222","42668433","chr6","15398399","15398617","50","27269823","GGCTGGGCATGGTGGCTCACGCCTATAATCCTAGCACTCTAGGAGGCCAAGGCCAGTGGATCACCTGAGCTCAGGAGTTTGAGACCAGCCTGAACAAGAGTGAGACTTCATCTCTACCAAAAATAGAAACTCTGACTGGGTGTTTTGGCAGGCACCTATAGTCCCAGCTATTTGGGAGGCTGAGGCAAGAGGATTACTTGAGCCCAAGAGGT","GGCCTGGCAAGGTGGCTGAGACCTGTAATCCTAGCACTTTGGGAGGCCAAGGCCAGTGAATCCCTTGAGCTCGAGCTCAGGAGTTCAAGACCAGGCTGGCCAACATGTAGAAACCTTATCTCTACAAAAAATACAAAAAGTAGCTGGGTGTGATGGCGCACACCTCTAGTCCCAGCTACTTGGGAGGCTGAGGTAGGAGGATCACTTGAGCCTGGGGGG"
"GL873520","42711106","42711227","chr5","138633807","138633926","33","95922701","GCTGGGTGTGGTGGCTACCACCTGTAATCCTAGCACTCAAGGTGAGTGGATTGCCTGAGCTCAGGGGTTTGAGACTAGCCTTAGCAAGAGTGAGATCCTGTCTCTACTAAAACTAAGAACAA","GGCTGGGCGAGCTGGCTCACACCTGTAATCCCAGCACTTTGGGAGGATCACTTGAGCCCAGTAGTTTGAGACCAGCCTGGACAACATGGTGAAACCCTGTCTCTACAAAAAGTACAAAAA"
"GL873520","42711474","42711666","chr6","108342309","108342492","58","65630835","ATAAAAATAGAATAAAAATTGGAAAATAAAACACACTAGTCAGGGTGTTGTGGTGGGTGCCTGTAGTTGTAGCTACTCAGGCAGATGAGGCAAGAGCATTGCTTGAGTCCAAGAGTTTGAGGTTGCTGTGAGCTATGATGCCACCGCATTCTACCCAGGGCTACAATGAAACTTTGTCTCCAAAAAAAAAAAA","CAAAAAAATAATTTTAAAAAAAAGCAGCCAGGTATGGTGGTATGTGCCTGTAGTCCTAGCCACTCAGGAGGCTGAGACAGGAGGATCACTTGAGCCCAGGAATTTGAGGTTACAGTGAGCCATGGTCACGCCACTGTACTCCAGCCTGGGCTACAGAGTGAGACCCTGTTTCTAAAAATAAAAA"
"GL873520","43265558","43265802","chr10","92588426","92588661","91","49322868","CACTTGGTTGCTCAGGCAGTCTGAAACAATTGGCAACATTGACTGAAGTCCTTACTGATTTTTTTGTTAACAGAAAAGAAACTAAAAGGGGCGGTGTTGTGCCCCTGAGCCCCTTTGGGAGCTGGAGGCAGAAGTGTGCTGTGCGTGAGCCCAGGAGTTGGGCATCTATGGGACATCCGTGAACAGCCCTGCACTCCAGCCTGGGCAACATACTGAGACCTTGTCACTTAGAAAAGAAACTAAAA","ATCACTTGAGGCCAGGAGTTTCAGAACAATCTGGGCAACATGGCAAGACTCTGCCTCTACAAAAAATACAAAAATTAGCTGGGTGTGGTGGCATGCACCTGTAGTCCCAGCTACTCCGGAGGCTGAGGTGGATCACCTGAGCCTGGGGAGGTTGAGGCTGCAATGTGCCATGATCACACCACTGCACTCCAGCCTGGGCGACAGAGAGGGACCCTGTCTCCAAAAAAAAAAAAAAA"
"GL873520","43348082","43348288","chr9","35338333","35338546","62","8009749","TGAAATAAAAAACCCCAAAACCCCAAACAACATTTAGCTGGCATGGTGGCATGAAATGTAGTCCAGCTACTTAGAAGCTGAAGCAAGAGACTCTCTTGAGCCCAGGAGTTCAGGGCTATAATAAGCTATGATCGTGTCTCCATATTCCATTTTGGGCAACAAAGTGAGACCCTCACTAAAAAAAAAAAAAGAGAGAGAGAGAGAAAA","TGGTGAAACCCCGTCTCTACAAAAAATACAAAAATTTAGCAGGGCATGGTGGTATGCACCTGTAGTCCCAGCTACTTGGAGGGCTGAGGCAGGAGGATAGCTTGAGCCCAGGAGGTCGAGGCTGCAGTGAGCTGTGATCGTGCCACTGCACTCCAGCCTGGGTGACAAAGTAAGACCCTGTCTCAAAAAAAAAAAAAAAGAAAAGAAAAGAAAA"
"GL873520","43348624","43348735","chr9","120633133","120633241","18","77284509","GGTGGCTCACACCTGTAATTCCATCACTTTAGGAGGTCAAGGCACGAAAATCGCTTGAGCCTAGGAGTTTGAGACCAGCCTGAGCAACATAGTGAGACCTCATCTCTACCAA","GGTGGCTTATACCTGTAATCCCAGCACTTTAGGAGGCTGAAGCAGGAGGATCGCTTGGGCCCAGGAGTTTGAGACCAGTCTGGGCAACATAGTGAGACCTTATCTCTAC"
"GL873520","43392881","43392994","chr3","54173188","54173303","27","10780307","GGTGGCTTATGCTAGCTCCCACCACTTTGGGAGGCTGAGGCAGAAGTAGCTTGAGGCTAGGAATTCAAGGCCAGCCTAGGCAACATAGTGAGACCCCCATCTTGCAAAAAAAAC","GGCTGGGAGCAGTGGCTCCCAGCACTTCAGGAAGCTGAGGCAGGAAGATCACTTGAGACCAAGAGTTCAAGACCAGCCTGGGCAACATAGTGAGACCCCATCTCTACAAAAAATAA"
"GL873520","43393269","43393461","chr10","13141511","13141690","49","30251758","ATCTTACAAAATAAATCTTTAAAAAATTAGCTGAGCATGGTGGCATACACATGCAATCCCAGCTATGTGGGAGGCTGAGGTAGGAAGATCACTTGCGCAGGAGTGTGAGGCTACATGAGCTTTGATCACACCACTGTACTTCTGCCTAGGCAACAGAGCAAGATCCTATCTCGTCTCTAAAAACAAAAACAAA","CAAACACAAACAAAAATTAGCTGGGCATGGTGGCACACACCTATAATACCAGCCACTTGGGAGGCTGAGGTGGGAGGATCACCTGAGCACAGGAGGTTGAGGCTGCAGTGAGCTGTGATCTCACCAGTGTACTCCAGCCTGGGTGACAGATCAAGACCCTGTCTCTCAAAGAAAAAAAAA"
"GL873520","43443204","43443378","chr1","11368391","11368550","45","32074813","CTAAAATAAAATAAAATAATTAGCTGGGGGGAGTGGCACATGCCTATAGTACCAGCTATTCAAGAAGCTGAAGCAGGAGGATCACCTGAGCCCAGGAGCAGGAGGTTATAGTGATGCCACTGCATTTTAGCCAGGTGACAGCATAGTGAGACCCTGTCTCAAAAAACAAAAAAGA","ATACAAAAAGTATCAAGGTGTGGTGGCACACGCCTGTAGTCCCAGCTACTTGAGGGGCTGAAGCAGCAGGATCACTTGAGCCCAGGAGGTCGAGGCTACATCATGCCACTGTACTTCAGCCTGGGTGACAAAGTGAGACCCTGTCTCCAAAAAAATAAAA"
"GL873520","43443655","43443669","chr4","39662591","39662605","2","3781064","GAAAGAAAAGAAAAA","AAAGAAAAAGAAAAA"
"GL873520","43495789","43495886","chr10","126300169","126300273","26","82804380","AAGAAAAATCACTTTAGCCCAAGGGTTTGAGATGCTGTGAGCTATGACACAGGGCACTCTACCCAGGGTGACAAAGTGAGATTCTGTCTCAAAAAAAA","AAAAGAGGATCACTTTAGTCCAGGAGTTTGAAGCTGCAGTGAGCCATGATTGCACCACTGCACACCAGTCAGGGTGACAGAGTGAGACCCTGTCTAAATAAAAAA"
"GL873520","43496158","43496341","chr3","50710207","50710402","49","7214049","GGCTGGGCCTGGTGGATCACACCTGTAATCCTACCACTGTGAAAGGCCAGGGCAGTAGATTGACTGAGCTCAGGAGTTCAAGACCAGCCTGAGCCAGAGCAAGACCCTGTCTCTAAAAATAGCCAGGTGTTGTGGCAGGCACCTGTAGTTACAGCTACTCTGGAGGCTAAAACAAGAGAATCAC","GCTGGGTATGGTGGCTCACACCTGTAATCCTAGCACTTTGGGAGGCCAAAGCAAGCAGATTACTTGAGCCCAGGAGTTCAAGACCAGCCTGGGCAATATGGCAAACCCTGCCTCTACAAAAATACAAAAATTAGCCAGGCGTGGTGGCACGTGTCTGTGGTCCCAGTTACTCAGGAGGCTAAGGTGGGAGGATCAC"
"GL873520","43560725","43560820","chr10","102848642","102848738","23","59287917","CTGTGATCTTTACACTCTGGGAGGCCAAGGTGGGAGGATTGCTTGACCTTAGGAGTTTGAGACTAACCTGAGCAAGAGTGAGACCCCTACTTCTAT","CCTGTAATCGTAGTGCTTTGGGAAGCCCAGGTGGGAGGACTGCTTGAGGCCAGGAGTTTGAGACCAGCCTGGGCAAATAGTGAGACCCCATTTCTAC"
"GL873520","43560842","43561016","chr7","72706431","72706599","43","29145589","ATATCTGGGTATTGTGGCAGGCACCTGTAGTTCCAGCTACTTGGGAGGCTGAAACAGGAGGATCCCTTGGGCCCAGGAGTCTGAGGTTGCTGTGAGGTGGGCTGATGCTGCAGAACTCTAGCCTGGTCAACTGAGTGAGACTCTGACTCATAAGTAAATAAATAAATAAATTAAT","TTACCTGGGTTTGGTGGTATGCACCTGTAGTTCCAATTCCTTGGGAAGCTGAGGCAGGAGGATCGCTTGAGCCCAGGAGTTTGAGGCTGCAGTGAGCCATGATCACACCACTGCACTCCAGCCTGGACCACAGAGTGAGACTCCAACTCTAAAAATAAAAAAATCAAAA"
"GL873520","43577896","43578108","chr6","151205593","151205791","58","107627697","ATATCAAGACCCTGTCTCTATTAAAAAAAAAAAATTAAAAATTAGCAAGGTGTGGTGGAACCCACCTGTATCCCAGCTACTTGGGAGGCTAAGGCAGGGAGATTACTTGAGCCCAGGAATTTAAAGTTGTAGTGAGCTATTTGGCACCACTGCATTCAGAGCCCAGACAACAGAGCAAGATTCTATCTCCATAAAAGAAAGAGAAAAGAAGAA","TCCTGTCTCTACAAAATAAAAATTAAAAAATTAGCCAGGTGTGGTAGCACACATCTGTAGTCCCAGCTACTTGGGAGACTGAGTCAGGAAGATCCCTTGAGCCGAAGGAGTTCAAGGTTGCATTGAGCTATGATCAGTGCCACTGCACTCCAGCCTGGGCAACAGAGATCCTATCTCAAAAAAAAAAAAAAAAAAAAAA"
"GL873520","43578689","43578781","chr7","74615261","74615355","24","31036572","GTGTGATGACGCACACCTGTAATCCTAGCACATTGGGGTGCCCAGGTGGGAAGACTGGTTGAGGCCAAGAGTTCCAGACCAACCTGAGCAACA","GGTGTGTTGGCTCATGCCTGTGATCCCAGCACTTTGAGGGGGCTGAGGTGGAAGGATCACTTGAGACCAGGAGTTCAAGACCAGCCTGGGCAACA"
"GL873520","44790253","44790537","chr16","24788435","24788724","66","20001818","GGTCGGGTGTGGTGGCTCACGCCTATAATCCTAGCACTTTGGGTGGCCAACGTGGGAGGATTGCTTGAGGTCAGGAGTTTGAGACCAGCCTGAACAAGAGCAAGATCCAGTCTCTACAAAAAAATAGAAAAATTAGCCAGGTGTGCTGGCGGGTGCAGTGGTCCCAGCTACTCAGGAGGCTGAGGAAGGAGGATCACTTGATCTCAGGGATTTGAGATTTCTATGAGCTATGATGAGGCCATGGCATGCTATCTGGGATAACAGAGTGAAACTCTGTATAAAGGA","GGCCGGGTGCAGTAGCTCACGCCTATAATCCTAGCACTTTGGGAGGCTGACGGGGGTGGATTGCTTGAGCCCAGGAGTTCAAAACCAGCCTGAGCAATATGGCAAGACCTTGTCTCTACAAAAAATAAAAAATTAGCCAAGCGTGGTGGCATGTGCCTGAGTCCCAGCTACTCAGGAGGCTGAGGTGGGAAGATCACTTAAGCCTGGGAGGTTGAGGTTGCAATGTGCCATGATCATGCCATTGCACTCCAGCCTGGGTGAAAGAGTGAGAACTTGTCTTAAAAATAAAA"
"GL873520","44943661","44943783","chr5","58170771","58170895","26","13227110","GGCCAGGTGTGGTGGCTCATCCCTCTAATGCCAGTACCTTACGAGGACTAGGCAGGAACATCACTTAAGGCCAGGAGTGTGAGACCAGCCTAAGCAGCACGGTGAGACCCTGCTTCTACAAAA","GGCCAGATGTGGTGGCTCACACCTATAATCCCAGTACTATGAGAGGCTGAGGCTGGAGAATCTCTTGAGGCCAAGAGTTTGAGAACAGCCTGGGCAACATGGTGAAACCCTGTCTCTCTACAAAA"
"GL873520","44962468","44962642","chr16","1604263","1604439","45","43358205","ACTAGCCAGACATAATGATAGCCACCTGTAGTCCTAGCTACTCTGGAGGCTGAAGCAAATAGGTTGCTGCAGCTCAAGAGTTTGAGGTTTCTGTGAGCTATGATACCACAGCACTCTATCCCAGGGTGACAGAGTGAGATTCTGATTCAAAAACAAACAAACAGAAAAAAAAAAA","AATTAGCCAGGCATGGTGATTGGCACCTGTGGTCCCAGCTACTTGGGAGGCTGAGGCAGGAGGATGAATTGACCCCAGGAGTTTGAGGCTGCAGTGAGCTATGATGGCACCACTGCACTCTAGCCTGGGCGACAGGATGAGATCTGTAAAAAAATAAATAAAAATGAAAATAAAAAA"
"GL873520","44962670","44962797","chr3","130205155","130205282","30","85242485","GGCCAGGCAAGGTGGCACAGGCCTTTCATTCTGGCATCCTGGGAGGCCAAGGAAGGCTGATTGCTTGATCTTAGGAGTTTGAGACCAGCTTGAGAAAGAGCAAGACCCTGTCTCTACTAAAAATAGAA","GGCCAGGCATGGTGGCTCACGCCTATAATCCCAGCACTTTCAGAGGCCGAGGCAGGAGGATTGCTTGAGCCCAGGAGTTTGAGACCAGTTGGGCAACATAGCAACACCCTATCTCTACAAAAACAAAA"
"GL873520","45348559","45348775","chr5","138934606","138934827","56","93586047","AGGATCTCTTGATTTCAGGAGTTCAAGACCAGCCTGAGCAACAGCAAGACTCTTGTCTCTAAAAAATAGAAAAAAATTAGCTTGGCATGGTGGCATATACCTGTAGTCCCAGCTACTCAGGAGACTGAGGCAAGAGAATCATTTGAGCCCAGGAGTTTGAGGATGCTGTGAGCTATGATGCACTGCACTCTGACCCTGGTGACAAAGCAAGACTCTG","GTATCACTTGAGGCCAGGAGTTTGAAACCACCTGGGCAACATAGAGAGACCCAGTCTCTACAAAAATTTTAAAAATTAGCTGGGCATGGTGGCACATGCCTGTAGTCCCATCTACTCAGGAAGCTGAGGCGGGAGGATCGCTTGATCCCAGAAGTTTGAGGTTGCAGTGAGGTGTGATTGAGCTATTGCCCTCCAGCCTGGGTGACAGAGGAAGACTGTATC"
"GL873520","45349053","45349069","chr17","28917621","28917636","6","16431432","AGCAGAAGCATCTCTTT","GGGAGACCCTCTCTGT"
"GL873520","45349305","45349362","chr5","59283799","59283860","16","13934494","GGTGTGGTGGCTCATGCTGTAATTGTGGCACTATTGGAAGCCTAGGTGGAAGGATCCC","CCAGGTGAGGTGGCTCATATCTATAATCTTAGCACTTTGGGAGGCCAAGGTGGGAGGATCAC"
"GL873520","45449183","45449341","chr14","44020125","44020298","49","1429058","GGCCAGGCACAGTGGCTCACACTTATAATCCTAGCACTCTGGAAGGCCGAGGTGGATTGCTTGAGCTCAGAAGTTTGAGACCAGCCTGAGCAAGAATGAGACTCCCAAGAGTAAGCCGGACATTGTGGTAAGTGCCTGTAGTCCCATCTTGCCTCAGGA","GGCCAGGTGCAGTGGCTCACGCCTATTATCCCAGCACTTTGGGAGGCCAAGGAAGGTGGATCACTTGAGCCCAGGAGTTCAAGACCAGCCTGGGCAACATGGCGAAACCTGTCTCTACCAAAAAAGTAGCCAGGCATGGTGGTGTGTGCCTGTAGTCCCAACTATCAGGAGGCT"
"GL873520","45449980","45450036","chr12","131011612","131011659","17","85561632","AGGAGGCTGAGGCAAGAGGATCGCTTAAGCACACAGGAGTTTGAGGTTCCTGTGAAC","GGGAGGCTGAGGCAGGAGGATCACTTGAGCCCAGGAGTCTGTGAACAG"
"GL873520","45540492","45540666","chr19","14071437","14071611","40","31469055","TAAACAAAAAAGAAAATTTAGCTGGGCATGGTGGCACAGGCTTGTAATTCCAGCTACTTGAGAGGCTGAGGCAGGAGAATCACTTAAGACCAGGGGTTTGAGGCTGCAGTAAGCCTGGATAGTACCACTATACTCTGGCCTAGGCAACAGAAGAGATCCTGTCTTACAAAAAAAA","TTAAAAAATAAAAAAAATTAGCCAGGCATGGTGGCATGCGTCTGGAATCCCAGCTACTTGGGAGGGTGGGGCAGGAGGGTCACTTGAGGCCATGAGTTTGAGGCTGCAGTGAGCCATGATTGCACCAGTGGCACTCCAGCCTGGGCAACAGAGCAAGATCCTGTCTCAAAAAAAA"
"GL873520","45540942","45541023","chr11","13513785","13513857","24","32027157","GAGAGGCTGGGGCAGGAGGATCACTTGAGATCCGCCTGAGGTACATAGGAAGACCCCTTCTCTACAAAAAGTAGAGAATTTA","GAGGCTGAGGTGGGAGGATCACTTGAAGCCAGCCTCAGCAACATGATGAGACCCTGTCTCTACAAACAAAATA"
"GL873520","45543782","45543793","chr1","57763960","57763970","1","12220178","CAAAGAAAAAAA","AAAGAAAAAAA"
"GL873520","45543819","45543974","chrX","130120395","130120548","36","84576576","AGCCAGGCATAGGTGTCTGCACCTAAAGTCCCAGATACTCTGGAGGCTTAGATAGGAGGATCACTTGAGCCCAGTTCAAGACTGCAGTGAACTGTGATTGTGCCACTGTACCCAAGGCCTGGACAAGACAGTTGAGACTCTGTTTCTAAAAAAACA","TAGCTGGGCATGGTGGTATGTGCCTACAGTCCCAGTTACTCGGGAGGCTGAGGCAGGAGGATCACTTGAGCCCAGGAGTTCAAGGCTGCAGTGAGCTATGATTGTGCCACAGCACTCCAGCCTGGGCGACAGAAGGAGACTCTGTCTCTAAAAA"
"GL873520","45716088","45716154","chr10","34237244","34237311","19","11478844","TTACATCTGTAATCCCAGCATTTTGGGAGACCGAGGTAGAAGAATCATTTGAGGATTTCTTTTTTTT","TCACACCTGCAATCCCAGCACTTTGGGAGGCCGAGGCAGGAGGATCACTTGAGCCCATTAGTTTAAGA"
"GL873520","45716384","45716625","chr20","3698718","3698967","85","42017666","ATGCCATTTGAGGACTTCTTGGGGCCAGGAGTTCAAGAACAGGCTGGATAACAGAGTGAAACCCTGTCTGTACAAAATTTGTTGTAAAAATAGCCAGGCGTGGTGGTGCATACATGCAGAATCACTGGAGGCCAGGGGTTGGAGGCTGCAGTAAAGTATGACTGTACCATTGCACTCTAGCCTGGGTGATAGAAGGAACTTTTGTCTCTTTAAAAAAAAAAAAAAACACCTCAAAAACAAAA","CTTTGGAAGGCCAAGGTGGGAGGATTGCTTGAGCTCAGGAGTTGAAGGCCAGCCTGGACAACATAGCAAGACCCTGTCTCTACTAAATATTTAAAATTTAGCTGGGTGTGGTGGTGCATGCCTGTGGTGGGAAGATCACTTAGCCAGGGAGGTCCAGGCTGCAGTGAGCCGTGATCACACTACTGTACTGTAGCCTGGGTGACAGAGTAAAGACCTTGTCTCCAAAAAAAAAAAAAAAAAAAAAAAAAAA"
"GL873520","45829719","45829905","chr22","17397123","17397300","63","28432596","TGACAGCCCATCTTTAAAAATAGCCAGATATTGTGGAGAGAGCCTGTAGTCCCAGTTACTTGGGAGGCTGAGGCAAGAGAATCACTTGAGGGCTGCTCAAAGGAGTAGGGAGCCGGCACTATGTGCCTGAGGTGGCAGGTTCAAACCCAGACCCAGTCAAAAATTGCAAAAAAAAAAAAAAAAAAAA","GTCTCTACCAAAAATACAAAACTTAGCCAGGCATGGTGGTGCATGCCTGTAGTGCCAGCTACTTGGCAGGCTGAGGTAGGAGGATGACTTGAGCCTAGGAGGCAGAGGCTGCAGTGAGCCGAGATTGTGCCTCTGCAACAGAGCCAGACCCTGTCTCAAAAAAAAAGAAAAAAAAAAA"
"GL873520","45830177","45830287","chr1","3738751","3738859","22","42091426","GGCTGGGCACAGTGGCTCATGCCTGTAATCCCAGCATTCTGGGAGGCAGAGGTGGGGGGACTGCCTGAGCTCAGGTGTTTGAGACCAGCCTGAGCAAGAGCAAGATCCATC","GGCTGGGCGCAGTGGCTCATGCCTGTAATCCCAGCATTTTGGGAGGCCGAGGCGGGTGATCACTTGAGCCCAGGAGTTCGAGACCAGCCTGGGCAACATGAGAAACCCC"
"GL873520","45838653","45838989","chr7","66195495","66195820","91","20356842","GGTCGGGCACAGTGACTCGTGCCTATAGTCCTAGCACTTGGGGAAGCTGAGGCAGGAGAATCATTTGAGCTCAGGGATTTGAGACCAACCTGACCAAGAATGAGACCCCATCTCTACTACAAATAGAAACTCAGTCTCTACTAAAAATAGAAAAATTATCCAGGTATTATGGTGCATGCCAGTAGTTCCAGCCATTTGAAAGGCAGAGATAGGAGGGTCACTTGAGCCTAGGAGTTGGAGATTGCGGTGAGCTGTGATGATACCACTGCACTTTACCCAGGGCACAGAGCAAGCCTATATCTCTAAACAAAACAAAACAAAACAAAACCCAAAAAAA","GCCAGGCACGGTGACTCATTCCTGTAATCCCAGCGCTTGGGGAGGCTGAGGCAGGAGAATCATTTGAACCCAGGAGTTCAAGACCAGGCTGGGAAAAAATGTGAGACCCTCATCTCTACAAAAAAAAACAAAAAAAAACAAAAAAAAAAAACAGGTTTTAGTGGTGCATGCCTGTAGTTCTAGCTACTTGAGAAGCTGAGGTAGGAGGATGGCTTGAGCCCAGGAAATCGAGGCTACAATGAGCTGAGACCATGCCACTGCACTCCAGCCCAGGTGACAGAGCAAGACCCTGTCTCAAAAAAAATAATAATAATAAAATAAATAAA"
"GL873520","45839269","45839283","chr5","61069525","61069536","3","15230256","CCCAAAAAACATAAA","CAAAAAACAAAA"
"GL873520","45863607","45863868","chr4","84261807","84262064","66","38398200","AATCCTAGCACTCTTGAGAGGCCAAGGCAGGTAGGTGAATTGCTTAAGCCCAAGAGTTCAAGACCAACCTGAGCAAGGGTGAGAACCTATCTCTACTAAAAATAGAAAAATAGGTTATTGTCATGGATGCCTGTAGTCCCAGCTACTTAGGAGGCTGAGGCAGGAGGATGGCTTGAGCCCAGGGTTTTGAAGTTGCTATGAGCTAAGACTTCATGGCAATCTAGCCTGGGCAACAGAGTGAGACTCTTGTCTCCAAAAGAAA","AATCCTAGCACTTTGGGAGGCTGAGGTGGGTGGATTGCTTGAATTCAGGAGTTTGAGACCAGCCTGGGCAACATGGCAAAACCATCTCTACAAAAAATACAAATAGCTGGGCATGGTGAGGAGTGCCTGTAGTCCCAGCTACTCGGGAGGCTGAGGTGGGAGAAGCACTTGAGCCTGGGAGGTTGAAGTTGAAGTGAGCCGAGATCTTGCCATTGCACTCCAGCCTGGGCAACAGAGTGAAACCTTGACTCAAAAAAA"
"GL873520","45864145","45864173","chr1","15984496","15984525","7","29879649","GATGGCTCACACCTGTAATCCTAGCACTC","GGTAGCTCATGCCTGTAATCCCAGCACTTT"
"GL873520","45877298","45877332","chr4","130475663","130475698","7","84598365","GAGTGAGACTATCTTTAAAAAAAAAAAAAAAAAAA","AGCGAGACTCTGTCTCAAAAAAAAAAAAAAAAAAAA"
"GL873520","45877612","45877801","chr3","124384227","124384410","53","78506615","CCAGACTGAGCAACATACATAGTGTTTTACATAAAACAGAAAAATAAGCGAGATGTGGTAGTGCATGTCTATAGTCTAAGCTACTCAGGAGCTTGAGGCAGGAGGATCACTGGAGCCTAGGAGTTTGAGGCTGCAGGGAACTATGATGACACCACTGCACTCTAGCTCAGGCAACAGAGTGAGACTATCT","GCATAGTAAGAAACCATCTCTACTTTAAAAAAAAGAAATAGCTGGGCGTGGTAGCACACGCCCATAGTCCCAGCACTAAGGAGGCTGAGGCGGGAGGATTGCTTGAGCCCAGGAGTTTGAGGCTGCAGTGAGCTAGGATCACACCACTGCACTCCAGCCTGGGAGACAGAGCAGGACCCTGTCT"
"GL873520","45967811","45967920","chr2A","107021476","107021589","25","61053665","GCAATGGCTCATACCTGTAATCCTAGTGTTTTTGGAAGCTGAGCTGGGAGGACTGCTTGAAGCCAGGAGTTTGAGACTAGCCTAAGCGACATAGCAAGACCTGTCTCCAC","GGTACAGTGGCTCATGCCTGTAATCCCAGAGCTTTGGAAGGCTGAGGTGGGAGGACTGCTTGAGGCCATGTATTCGAGACCAGCCTGGGCAACATAGTGAGATCCTGTCTCTTC"
"GL873520","45967945","45968041","chr16","49104397","49104493","26","3136452","TAGGGCATGGTGGTACGCACCTCTAGTCCCAGATACTCAAGAGGCTGAGGCAGGAGGGGTTCTTGAGCCTCGAAGTTTGAGGTTGCAATGAGCTATG","TTAGGTGGGCATGGTGGTGCATGCCTTTAGTCCCAGCTACTCAGGAGGCTGAGGCAGGAGGATTGCTTGAGCCCAAAAATTCGAGGTTACACAGAGC"
"GL873520","46008071","46008247","chr12","19632386","19632550","48","26375685","TAAAAAGAGAAAAGTTAACCAGGCACTGTGACACACACCTATAGTCCCAGCTACATGGGAGGCTGAGGCAGGAGGATCCCTTAAGCCCAGAAGTTTGAGGTTGCCATATACTAACCTGAGGCTGTGGCACTGTAGCCCAGGTGACAGACAGAGACTTCATCTCCAAAAAAAAAAAAA","AAAAATAAAAAATTAGCCACGCATGGTGGCATATACCTGTAGTCCTAGCTACTTAGGAGGCTGAGGCAGGAAGATCACTTGAGCTCAGGAGGACCGGGCTGCAGTGTACTCCACTGCACTCCAGCCTGGGTGACAGAGTGAGAATCTATCTCAAAAAAAAAAAAA"
"GL873520","46008522","46008651","chr1","44242245","44242379","31","1766277","CTGGGCACAGTGGCTCATGGCTGTAATCCCAGCACTCTGGGAGGCCAAGCTAGAAGGATCCCTTGAGCCTAAGAGCTTGAAATAGTCTGAACAAGAACTAAACCCTGTCTCTACTAAAAAGAGAAAAGGT","GCTGGGCACAGTGGCTCATGCCTATAATCCCAGCACTTTGGGAGGCCAAGGCAGGGGTATTGCTTGAGCCCAGGAGTTTGAGAGCAGCCTGGGCAACATGGTGAAACCCCATCTCTACTAAAAATAGGAAAAATT"
"GL873520","46034541","46034832","chr3","145918623","145918917","74","99884082","GGCTGGGCATAGTGGCTCCTTCCTCAAATCATAGTACTTTGGAAGGCCAAGATGGGAAGATCCCTTGAGCCCAAGAGTTCCAGAGTAGTCTGGACAACATAGTGAGACCCAATCTCTACAAAAAAAAAAAACTTATCCCAGAATGGTGGGATGCACTTCTAGGTTGTACTTACTCAGGAGGTTGAGCCAAGAGGATAGCTTGAGCCTGGGAGGTGGAGGTTTCAGTGAGCTGATCACACTATTACATTCCAGCCTAGGTGACAGACCATGTTTCCCATTAAAAAAAAAAAAA","GGCAGGGCACGGTGGCTCATGCCTGTAATCCCAGCACTTTGGGAGGCCAAGGCAGGCAGATCACTTGAGCCCAGGAGTTCAAGACCAGCCTGGGCAACATGGCAAAACCCTATCTCTACCAAAAATACAAAAATTAGCCAGGTGTGGTGGCATGCACCTATAGTCCCTGCTATTCAGGAGGCTGAGGTAGAAGGATTGCTTGAGCCTGGGGGGCGGAGGTTGCAGTGAGCTAAGATCAGCCACTACACTCCAGCCTGGGTGACAGAGTGAGACCCCTTCTCAAAAAAAAAAAAAA"
"GL873520","46035448","46035702","chr19","10565750","10565977","75","35469698","GTCTGTAATCCTAGTACTCTGGATGGCTGAAATGGGTGGGTTGTTTGAGCTCAGGAGTTTGAAACCAGCCTAAGCAAGAGTGAGACCCCATTATCTGCTAAAAAAACAAAACAAAACAAAAAGAAACTAGCTAGTTGTTGTGATGCATGGTCTATAGTCCCAGCTACTTGGGAGGCTGAGGCAAGAGGATTACTTGAGCCCAACAGTTTGCAGTTGCAGTGAGCTATGATGACACCATGGCACTCTACCTAGACT","TCCCAGCTACTCAGGAGGCTGAGGTGGGAGGATCGCTTGAGCCTAGGAGTTTGAGACCAGCCTGGACAACATGGTGAGACCCCTTCTCTACAAAAACTACAAAAATCAGCTGGGCATGGTGGCGTGTGCCTGTAGTCCCAGCTCCTTGGGAGGCTGAGGCAAGAGGATTGCTTTAGCCCAGTAAGTCGAGGGTGCAGTGAGCCATGATCACACCACTGCACTCCAGCC"
"GL873520","46035776","46035809","chr4","130475663","130475698","7","84439887","ACCTAGACTCTGTCTCAATTGAAAAAAAAAAAAA","AGCGAGACTCTGTCTCAAAAAAAAAAAAAAAAAAAA"
"GL873520","46046921","46047036","chr10","13025991","13026109","24","33020930","GCTGGGCATGGTGGCTCATGTCTGTAGTCCTAGCACTCTGGGAAGCTGACGTGTGTGGATTGCTTGAGCTTGGGAATTCAAGACCAGCCTGAGTAAGAGCAAGACCCAGTCTCTAC","GGCTGGGCGCGGTGGCTCATGCCTGTCATCCCAGCACTTTCGGAGGCCGAGGTGGGAGGATTGCTTGAGCCCGGGAGTTCAAGACCAGCCTGGGCAACATGGCAAAACCCTGTCTCTAC"
"GL873520","46047311","46047522","chrX","12725035","12725233","66","33322276","AAGACCTGGTTTCTACCTATAGTAAAAAACTAGCTATGTGTTGTGGCAGGCACCTGTAGTGCCAGTTACTTGGGCAGCTGAGGCAAGAGGATCGCTTGAGCCCAAGAATTTTAGGTTGCAATGAGCTATGATGCCATGATCCTCAATGCAGGGCAACAGAGTGAGACTCTGTCTTACCACCCCCCCCCAAAAAAAAACAAAGAAAAGAAAAA","CCATCTCTACAAAAAATACAAAAATTAGCTTGGTATGGTGGCGTGTACCTGTAGTCCCAGCTACTCGGGAGGCTGAGGCAGGAGGATCACTTGAGCCCAGGAGGTCGAGACTGCAGTGAGCGGTGATCACACCACTGCACTCCAGCCTGGGCAAGAGAGTGAGACTCTGCAAAAAAAAAAAAAAAAAAAAAAAGAAAAA"
"GL873520","46985483","46985584","chr3","145867232","145867336","20","98881749","GACCAGGCATGGTGGCTCATACTTATAATCCGAGCACTCTGGGAGGCCAGGGTGGGAGGATCACTTGAGCTCAGGAGTTTAAGACCAGCCTGAGGGATGGTG","GGCCAGGTGTGGTGGCTTATGCCTATAATCCTAGCACTTTGGGAGGCAAAGGTGGGAGGATCATTTGAGCTCGGGAGTTCAAGACCAGCCTAAGCAACATAGTGA"
"GL873520","47089553","47089712","chr18","19202905","19203059","39","27886648","ATTAACTAGACCTGATGGTACATGCCTATAGTCCCAGATACTTGGGAGGCTGAGGCAGGAGGACTGCTTGAGCCCTAGAGTTTGAGGTTATAATAATCTATGATGATGCCACCATTCTATGATGTGCCTGGGCAACAGAACAAGACTGTCTCAAGAAAAA","TTAGCCAGGCATGGTGGTACATGCCTGTAGTCCCACCTACTCAGGAGACTGAGGCAGGAGGATTGCTTGAGCCCAGGAGTTTGAGATTACAGTGAGCCATGATGGTGCCACTGCACTGCAGCCTGGGCAACAGAGCAAGATTCCATCTCTAGAAA"
"GL873520","47089991","47090112","chr2B","178947034","178947160","29","131857043","CAAGTGTGGTGGCTCATGCCTGTAATCCTAGCACTCTGGGAAGCCAAGGCTGGTTAGGCCAATAGTTCAAGACCAGCCTGAGCAAGAGCAAAACCCTGTTTCTACAAAAAGTAAAAAAATCA","GGGCGAGGTGGCTCACGCCTGTAATCCCAGCACTTTGGGAGGCAAGGCAGCACTTTTGAGCCCAGTAATTCAAGACCAGCCTGAGCAACATGACAAAACCCCATCTCTACAAAAAATACAAAAATTA"
"GL873520","47123665","47123706","chrX","48669161","48669195","10","1545496","CAAAAACAAAAACAAACAAAAAAAATAATAAAATAAAATAAA","GAAGCAAAAAAAAAAAAAAAAAAAAAAAAAAAAAA"
"GL873520","47124013","47124288","chr4","83896161","83896443","78","36772148","GACCAGGCATGGTTGCTCATGTCTGTAAGCCTAGCACTCTGGTAGGCTGAGGCAGGTAGATTGCCTGAGCTCACAGGCTCAAGACCAGCCTGAGCAAGAGACCCGATCTCTAAAAATAGCTGGGCGTTGTGGTAGGCGTCTATAGTCTTAGCTACTCGGGAGGCTGAGACAAGAGAATTCCTTAAGCCCAGGAGTTTGAGGTTGCTGTAAGCTATGATGCTATAGCACTCTACCAAGGGTAACATAGTGAGACTCTGTCTCAAAATAAAATAAACT","GGCCAGGTGCAGTGGCTCACACCTGTAATCCTAGCACTTGGGAGGCTGAGGCAGGCAGATTGCTTAAGCTCAAGAGTTCGAGACCAGTCTGAGCAACACGGCGAAACCCCATCTCTACAAAAATCAGCCAGGCATGGTGGCACATGCCTATAGTCTCAGCTACTTGGGGGCTGAGGCAGGAGGATCGCTTGAACCCGGGAGGTTGAGGCTGCAGTGAGCCAAGATTGCGCCACTGCACTCCAGCCTGGAAGACAAAGTAAGACCTGTCTCAAAGGAAAAAAAA"
"GL873520","47755241","47755409","chr7","99308824","99308983","46","51553583","CAGCTGGGTGTCATGGTGATGTAGCCTCTCAAGTAGTGCCCCAAGTACTTGAGAGGCTAAGGCAGGAGGATTGCTGGAGCCCAGGAGTCCAAGGTGCAGTGAGCTATGATGATGCCACGACATTCTACTCAGGGGGACATAATAAGACTCTGTAACAACAAAAACAAAA","TTAGCTGTGCATGATGGTGTGCGCCCGTAGTTCCAGCGACTTGGGAGGCTGAGGCAGGAGGACGGCTTGAGCCCAGGAGTTAAAAGGCTGCAGTGAGTTATAATGGTGCCACTACATTCTAGCCTGGGTGACAGAGTGAGACTCTGTCTGTAAACCAAAA"
"GL873520","47755460","47755569","chr2B","117266225","117266335","26","69510765","GCCTGGTGCAGTGGGTCAAGCCTTTAATCCTAGCACTCTGGAAGGCTGAGGCAGGAGGATGGCTTGAGCTCAGGAGTTAGAGATTTTCCTGAGCAAGAGCCAGACCCTAT","GCCAGGTGCAGTGGCTCATGCCTTTAATCCTAGTAATTTGAGAGGCTGAGGCAGGAGGACAGCTTGAGCCCAGGAGTTCGAGACCAACATGGGTAACTCAGTGAGACCCTG"
"GL873520","47805439","47805547","chr16","68752170","68752283","30","20946731","CTGCGTACAGTGGTTCATGCCTGTAATCCTGGTACTCTGGTAGGCCAAGGCATATGGATTGCCTGAGCTCAGAAGTTGAAGACCAGCAAGAGCAAGACCTCATCTCTAA","GCTGGGCACTGTGGCTCATTCCTGTAATCCCAGCACTTTGGAGGCTGAGGCACAAGGATTGCTTGAGCTCAGGAGTTCAAGACCAACCTCGACAACATAGCAAGACCTCATCTC"
"GL873520","47805574","47805725","chr7","73242270","73242418","42","25436696","TAGCCTGGCATTGTAGCGAGTGCCTGTAGTCCCAGGTACCAGGGAGGCGGAGGCAAGAGAATCGCTTTGAGCCCAAGAGTTTGAGGTTGCTGCGAGCTACGTATGATGCCATGCCACTCAACTGACAAAGTAAAACTGTCTCCAAAAAAAAA","AGCCAGGTGTGGTAGCTTACACCTGTAGTCCCAGCTACTCAGGAAGCTGAGGCAGGAGGATTGCTTGAGCCCAGGAGTTTGAGGCTGCAGTGAGCTATGATCATGCCACTGCACTCTAGCCTGGGCAACAGAGACCTTGTCTAAAAAAA"
"GL873520","48155219","48155407","chr17","15628869","15629052","46","32526350","TTGAGAGAGAGAAAGAAAAAGAAGACAGATGTGAAGGCACAGACTTCTAGTCTCAGCTACTCAGGAGGCTTAGGCAAGAGGATTCATCGAGCCCAGAAGTTTGAGGTTACAGTGAGCTATGATGATACCACTGTACTGTAGCCTGAGCAACAGAGTGAGACCCTGTCTCAGAAATAAAAAAAAAAGAAA","GAAAAGGAAAAAAAAAATTAGTCGGGCGTGGTGGCACACGCCTGAAGTCCCAGCTACTCTGGAGGCTGAGGTAGGAGGATCATCTGAGCCTAGGAAGTCAAGGCTGCAGTGAGCCCTGATTACACCACTGCACTCTAGCCTGTGTGACAGAGTGAGACCCTGTCTCAAAAAAAAAAAAAAAAAA"
"GL873520","48155692","48155829","chr2A","9307125","9307261","33","38848567","GGCTGAGCATGGTGATTCATGCCTCCAATCCTAGCATTTTGGGAGGCCAAGGAAGGAGGATTGCTTTAGGCCAGGATTTCAAGACCAGTGTAAGAGTGAGAACTCATCTCAACAAAAAATAGAAAAATAAGTTAGATG","GGCTGGGCACGGTGGTTCACGCCTATAATACCAGCACTTTGGGAGGGCAAGGCAGGAGGATCGCTCGAGTCCAGGAGTTCAAGACCAGCCATGACATGGTGAAACCTTCTCTACAAAAAATACAAAAATTAATCAGG"
"GL873520","48431188","48431423","chr16","19469606","19469837","74","28961582","GGCCCAGTGCGGTGGCTCACAGCTGTAATCCTGACACTGTGGGAGGCCAAGGCAGGTGGATTTCTTGAGCTTATGAGTTCCAGAGCAGACTGAGCAAGAGTGAGCTCCCATGTCTGAAAAAATAGCCAGGTACCTGTAGTCCTAGCCACTTGGGAAGTTGAGGCAAGAGGATCGGAGATGCCATGGGACTCTACTGGGGGTGACAAAGTGAGACTCTGTTGCAAAAAAAAAAAAAA","GGCCCAGTACAGTGGCTCATATCTGTAATCCCAGCACTTTGGGAAGCCAGTGCAGAAGGATTGCTTGAGCCCAGGAGTTCAAGACCAGCCTGAGCAACATGGTGAGATCTCGTCTCTACCAAAAATTTAAAAGTTAGCCCAGGAAGTTGAGGCTGCAGTGAGCTGTGATTGCTCCACTGCACTCCAGCCTGGGTGACAGAGCAAGATTCTGTCTCTTAAAAAAAAAAAAAAA"
"GL873520","48790409","48790697","chr17","8859469","8859767","86","39930940","GCACTCTGGGAGGCTGAGGTGGGCAGATTGCTTGAGTTCACCAACTTGAGACAAGCCTCAGCAGGAGCTAGACCCTGTCTCTAAAAATAGCTGCGCATTGTGTTGGGCCCCTATAGTCCCAGCTACTCAGGAGGCTGAGGCAAGAGGATTGCTTGAGCTCAAGAATTTGAGGTTGCTGTGAGCAATAATGCCGTAGCACTCAACGTCAGGGCAACAGAGTGAGAGTGTGTCTCAAAAAATAAATAAATAAATAAATAAAGAAAGAAAGAAAAGAAAAGAAAAAAGAAAA","GCACTTAGGAAGGCTGAGGTGGGAGGATCACTTGAACTCAGGATTTCGAGACCAGCCTGGGCAACATGGTGAAACTCCATCTCTACAAAAAATAGCCCAGTGTGGTGGCACACACCTGTAGTCCCAGCTACTTGGGAGGCTGAGGCGAGAGGATCACTTGAACCTGGGAGGTTGAAGCTACAGTGAGCGGAGACTGTGCCACTGCTCTCCAGCCTTGGTGACAGAGTGAGACCCTGTCTCAAAAAAAAAAAAAAGAAAGAAAGAAAAGAAAAAAGAAAGAAAAAGAAAAAAAAAGAAAA"
"GL873520","48817237","48817438","chr7","42825968","42826150","71","5991269","CAACAAAACAAAAACAAAACACACACCCCTATAACCTGTCTCTAAAGAAAAGTTGAATAAATGAGCTGGGCCTAGCTACTAGGAGGTTGAGGCAGGAGAATCATTTGGGCCTAGGAAGTGGAGGTTTTAGTGATCTATGATTGCACCAAGTGCACACTAGCTTGGCTGACGAGCAATAAATGCCCTGTCTCTAGAAAAAAGA","GAAAAGAAAAGAAAAAAAGAAAATTAGCTTGATGTGGTGGTTGTGCACCTTTAGTCCTAGCTACTCAGGAGGCTGAGGCAGGAGGATTGTTTGAGCCCAGGAGGTTGAGGCTGCAGTGAGCCATGATTGCACCACTGCACTCCAGCCTGAGCAACAGAGTAAGACCTCATCACTAAAAACAAA"
"GL873520","48817530","48817648","chr10","67044815","67044930","30","18227285","GCCAGGTGTGGTGTGGCTCATGTCTGTAGTTTCAGCTTTTGGAAAGCCAAGATAGGAGGATAGCTAGAGAGCAGGAGTTCAAGACCAGCCTCCACAATGTAATAGAACACACTCCCATA","GCCGGGTGTGGTGGCTCATGCCTGTAATCCCAACAATTTGGGAAGCCAAGGCAGGAGGATTGCTTGAGCCCAGGAGTTTGAGACCAGCCTGGGCAACATAATGAGACCCATCTCTA"
"GL873520","48969683","48969843","chr12","38136668","38136827","40","10833015","GTGGTGTTGTTTTGTGCCCCTGTAGTCCCAGCTATTTGGGAGGCTGATGCAAGAGCATAGCTTAAGCCCATGAGTTTGAGGTTGCTGTGAGCTGTGATGCCACAGCACTCTACCAAGGGGGACAATGTGAGACTCTGTCTAAGAAAAAAAGAGAGACAAAA","GGGCATAGTGGTGTGCACCTGTAGTCCCAGCTACTTGGGAGGCAGAGGCAAGAGGATTGCTTGAGCCCAGGAGTTTAAGGTTACAGTGAGCTATGATCAGGCCACTGCACTCCAGTCTGGGTGACAGAGGGAGACCCTGTCTCTAAAAGAAACAAAAAAA"
"GL873520","48969872","48969996","chr1","158002411","158002534","35","109032539","CCGGGTAGGGTGGCTCACACTTGTAATCTCTTGGCACTTGGGAGGCCAAGGTGGGCAGATTGTCTGAGCTCACAGGTTCCAGACCAGCCTGAGCAAAAGTGAGGCCCCATCTCACTTTTGGGGCA","GGCCAGGTATGGTGGCTCATGCCTGTAATCCCAGCACTTTGGGAGGCCAAGGTGGGAGGATTGCCTGAGCTCAAGAGTTCAAGACCAGCCTGGGCAATTTGGTGAAACCCCATCTCTACAAAAA"
"GL873520","49219313","49219619","chr6","53662657","53662943","85","4443344","CACCTGTAATCCTAGCATTCGGGGGGGCCGAGGTGGGGAGATCCCTTGAGCTTAGGAATTTGAGACCAGCCTGAGCAAGAGTGAGACTCCATCTCTACTAAAAATAGAAAACTAGTCAGGCATCGCGGCAGGTGCCAACAGTCCCAGATGCTTAGGAGGCTGAGGCAGGAGGATGGCCTGAAAGGAATCTGTGGTTGCAGTGAGATAGGCTGACACTATGGCACTCCAGCCAGGGCAACAGAGTGAGACTCTGTCTCAAAACAAAACAAAACAAAACAAACAAACAAACAACAACAATAACAAAAAA","CCTGTAATCCCAGCACTTTGGGAGGCCGAGGCAGGAGGATTGCTTGAGCTCAGGAATCTGAGACCAGCCTGGGCAACCTGGTGAAACCCCATCTCTACCAAAAAATACAAAAATTAACCAGGCATGGTGACACGTGCCTGTAATCCCAGCTACTTGGGAGGCTAAGGTGGGGAGATTGCTTGAGCCTGGGGCATGGTGTGATTGCGCTACGGCTCTCCAGCCTGGACAACAGAGCAAGACCCTGTCTCAAAATAAAACAAAACAAAACAAAACAAGACAAAACAAAA"
"GL873520","50643212","50643386","chr7","102875730","102875904","42","52232518","AATAAAAAAATTTAGCTGGGTGTCCTGGTGTGGCCCTGTCCTCTCAGCTACTTGGGAGGCTAAGGCAAGAATATTGCCTGAGCCCAGGAGGTGGAGGTTCCAGTGAGCTCTGATGCATCCACTGCACTCTACCAGGGTGAAAAACCAAGACTCTGCCTCAAAAAAGAAAAAAAAA","CCACACAAAAAATTAGCTGGGTGTGGTGGTGTAGCTGTAGTCCCAGCTACTAGGGAGGCTGAGATGGGAGGATCACCTGAGCCCAGGAGGCAGAGGTTGCAGTGAGCTGTGATCACACCACTGCACTCTTGCTTGGGTGACAGAGTGAGACCCTGTCTCAAAAAAAAAAAAAAAA"
"GL873520","51211323","51211567","chr3","27562420","27562669","67","23648903","AGGATTTTGGGAGGCTGAGGCAGGAGGATTACTTGAGGCCAGGAGTTCAAGACAAGCCTGAGCAAGAGAAAGATCCTGTCTCTACTAAAAGTAGAATAAATTATCTGGGTGTGGTGGAACCCACCTATAAGTCCAGCTATTTGGGAGGCTGAGGCAGGAGGATCATTTGAGCCCGTGAGATTGTGGATGCAATGAACAATAGTCATGCCCTGCATTCTAGCCTACCTAGCAGAGTGAGACCCTGT","CACTTTGGGAGGTCGAGGTGGGTGGATCACTTGAGGCCAGGAGTTCAAGACGAGCCTGTCCAATGTGGTGAAACCCTGTCTCTACTAAAAATATAAAAGTTAGCCAAGTGTGGTGGTGCATGCCTGTGGTCCCAGCTACTCGGGAGGCTGAGGCAGGAGGATTGCTTGAGCCCAGGAGGCAGAGGCTGCAGTGAACTGTGATCATGCCACTGCACTCCAGCCTGAGTGACAGAGTGAGACCCTGTTTCAA"
"GL873520","51872711","51872871","chr20","42303703","42303856","54","9569008","CACACTAGCCCAGTGTTGTGGTGGGTACCTGTAGTCCCAGCTACTTGGGGGTGGGGGGTGGGGGCTGAGACAAAAGGGGATCACTTGAGCCTGATAGTTTGAGGGTGCTTTGGGCTATGATGCTACAGCACTCTACTAAGGGTGACTGAATGAGACTCTGT","TAGCCGGTGTGGTGGTGCACGCCTGTAGTCCCAGCTATGGGGTGGGGGCGGGGGGATGCTGAGGAGGGAGGATCACTGGAGCACAGGTAGTGGAAGCTGCAGTGAGCTGTGATTGTGCCACTACACTCCAGCCTGGGTGACAGAGGGAGACCCT"
"GL873520","51872897","51873007","chr12","118441466","118441585","31","66568569","CTGGGTGTAGTGCTTCAGGCCTGTAATCCTAGAATTCTGGGATGCCAGAGGGGGAGATCACCAGAGCTCAATTCCAGACCAGTATGAGCAAAGAAAGATCCTGTCTCTACT","GGCTGGGTGTGGTGGCTCATGCCTGCAATCCTAGCACTTTGGGAGGCCGAGGAGAGAGGATCACTTGAGCCCAGGAGTTCAAGACCAGTCTGGGCAACATAGGGAGACCCTGTCTCTACA"
"GL873520","51989811","51990119","chr4","25114090","25114405","84","26875721","GGCTCAGTGAAGTGGCTCACACATGTAATCCCAGCACTCTAGGAGGCTAAGGCAGATGGATTGCCTGAGCTCAGTTCAAGATCAGCCTGAGCAAGAGCAAGGGACCTTCTCTGCCAAAAATAGAAAAAATTAGTTGGGCATTGTGGTGAGTGACTGTAGCCCCAGGTACTTGGAAGGCTGAGGCAAGAGGGTAGTTGAGCCCAGGAGTTTGAGATTTCTGTGAGCTATGACACCTGGCCACTCTACTCAGGGAGATGAAGTAACTCTGTCAAAATAAAATAAAATAAAATAAGTAGAAAAGAAAAAGAA","GCTGGGTGCAGTGGCTCACACCTGTAATCCCAGCACTTTAGGAGGCTGAGGCGGATGGATTGCTTGAGCTCAGGAGTTCAAGACCAGCCTGGGCAAGATGACAAAACCCTGTCTCTACTAAAAATACAAAAAGTTAGCTGGGCATGGTGGCTTGCACCTATAGTCCCAGCTACTTGTGGGGCTGAGGCAGGAGGATGGCTTGAACCCAGGTGGTCGAGGCTTCAGTGAGCCAAGATGATGCCACTGCACTCCAGCCTGGTGACAAAGTGAGACCCTGTCTCAAAAACAAACAAAAAAACCCACAAAAAAACAAAAA"
"GL873520","52014243","52014355","chr10","102871603","102871717","29","50857360","GGTAGCTCATGGCTATTATCCCAGCACTTTGGGAGGCCTAAGTGAGAGGATTGCTTAAGGCCATATGTTCCAGACCAACCTGAAGATATGCAAGTCCCAGACTGTGCAATAAA","GGTGGCTCATGCCTGTAATCCCAGCACTTTGGGAGGTCAAGGTGGGAGGACTGCTTGAGCCCAGGAGTTCCAGACCAGCCTGGGCAGCATAGTGAGATCCCATCTCTTAAAAAAA"
"GL873520","52014390","52014528","chr7","140675155","140675295","40","88660765","GCCAGATGCATATGCCAGCTACTAGAGAGGCTGGGGCAGGTGGATCATTAGAGCCCAGGAATTCAAGTTTGCAGTAAGGTATGATGGGGTTACTACATTACAACCTGGGTAACATAGTAAAACCCATCTCAAGAAAAAA","GTAGCTGGGCATGGTGGCTACCTCAAGAGGCTGAGGCAGGAGAATCACTTGAGCCCAGAATTTCAAGGTTGCAGTGAGCTGTGATTGCCTTATTGCATTCCAACCTGGATGACAAAGCAAGACCTTGTGTCCAAAAAAAAA"
"GL873520","52908068","52908081","chr1","172062035","172062048","2","119153967","AAATAATAAATAAA","AAAAAATAAAAAAA"
"GL873520","52908108","52908372","chr11","57816849","57817130","75","4908741","GGCCAGGCGGAGTGGCTTATGCCTGTAATCCTAGCACCCTGGGAGGCTGAGGCAGATGGATTGCTTGAGCTCACGGGTTCGAGACCTCTGAGCAAAAGCAAGACCCCATCTCTAAAAACAGCCAGTTGTTGTGGTGGGCACCTATAGTCCAGCTACTCGGGAGGCTGAGGCAAAAGAATCACTAGAACCTAAGAGTTTGATGTCGTTATGACCTGTGGTGCCACAGCATTCTACCAATAGTGACAAAGTAAGACTCTGTCTCAAA","GGCCAGGCACAGTGGCTCACACCTGTAATCCTAGCACTTTGGGAGGCCAAGGCAGGTGGATTGCTTGAGCCCAGGAGTTTGAGACCAGCCTGGGCAACATGGCAAAACCTCATCTCTACAAAAATTAGCCAGACATGGTGGTGGGTGCCTGTAGTCCCAGCTACTCAGGAGGCTGAGGTAGGAGGATCATCTGAGCCCAGGAGGTCGAGACTGCAGTGAGCCATGATCATGCCACTGCACTCCAGCCTGAGTGACAGAGTGAGATCCTGTCTCAAACAAAAA"
"GL873520","53315575","53315859","chr5","78078040","78078324","79","24762465","GGCTGGGCACAGTGGCTCATGCCTATAATCCTGACACTAAGAGAGGCTGACGTGGGAGGATCATTTGAGCTCAGAAGTTAAAGACCAGAATGAGCAAACTAAAACTTAGTAGCCATCTCTACTAAAACCAGGGGGGAAAAAATGAGCCAGGCATTGTGGAAGCTGCTTGTAGTCCCAGCTACTCAGGAGGCTGAAGTAGGAGGATCGCTTGAACCCAGGAGGTAGCTCTGAGGTAGGCTGATTCCATGGCACACTAGCCTATCTCAAAAAAAAAAAAAAAAAAAA","GGCTGGGTGCAGTGGCTCATGCCTATAATCCCAACACTTTGGGAGGCTACGGCGGGCAGATCACTTGAGCTCAGGAGTGCAAGACCAGCCTGAGCAACATAGCAAATCTCTTTCTCTACAAAAAAATACAAAAATTAGCTGGGCATGGTGATATGCACCTGTGGTCCCATCTACTCAAGAAGCTGAGGTAGGAAGATCACTGGAGCCAGAGAGGTTGAGTCTGCAGCGAGCTGTGATGTGCCACTGCACTCCAGCCTGTCTCAAAAAAAAAAAAAAAAAAAAAAA"
"GL873520","53876961","53877077","chr7","75880962","75881082","36","22004001","GACTGAGTGTGGTGTCTTAGGCCTATGAAGCCTGCAAAGCCAAGGAGGAAGGATCCTTGGAGACCAAAGTTCAAGACCAGCCTAGCACCAATATGGAATCTCTTATCTCTACAAAAA","GGCTGAGTGCAGTGGCCCATGCCTGTAATCTCAGCACTTTAAGAGGCCAAGGTGGGAGGATCTTGTGAGCCCAGAAGTTCAAGACCAGCCTGGGTAACATAGGGAGATCCTTTCTCTACAA"
"GL873520","54245080","54245369","chr16","73702462","73702756","74","19457382","GTGTGGTGGCTCACACTAGTGACCCTAGCACTCTTGGAGGCCAAGGTGGGAGTTCAACCTGGGAACTCCAGGGTGGGAACAGCCTGAGCAAGAGTGAAAACCCATCTCTACAAAAAAATAAAAAAATCAGTCAAGCCTTGTGGTGCAGGCCTGTAGTCCCAGCTACTGGGGAGGCTGAAGCAGGAAGATCGCTTGAACCCAAGAGGTGGAGGTTACTATGCGCTAGGGTGATGCCATGGCACTCTAGCCTGGTCAATGGAGTTAGACTCTGTCTCAAAGGAAAAAAAAAA","GGCTGGGTATGATGGCTCACACCTATAATCCCAGCACTTTGGGAGGACAAGGTGGGTGTATCACCTGAGGTCAGGAGTTTGACACCAGCCTGAGCAACATGGCAAAACCTGTCTCTACACAAAAATACAAAAATTAGCCAGGCATGGTGGCACATGCCTACAGTCCCAGCTACTCGGGAGGCGGAGGTGGGAGGGTGGCTTGAGCCCAAGAGGTCGAGGCTGCAGTGAGCCACGGTCATGCCATTGCACTCCACCCTGGGCAAAAGAGTGAGACCCTGTCTCAAAAAAAAAAAAA"
"GL873520","54612202","54612363","chr7","132712253","132712405","46","78100051","TCCTAAGACCCCATCTATAAAAATAGCCACACGTTGTAGCACATGTCTGTAGTCCCAGCTACTTGGGAGGCTGAGGAAAGAGAGTTGCTTGAGCCTAAGAGTTTGAGGTTGCTGTGAGCTGTGACTCCAGGATGACAGAGTAAGACTCTGTCTCAAAAAAAA","GAATTAAATAAAAATTAGCAGGGCATGGTGGCATGTGCCTGTAGTGCCAGCTACTTGGGAGGCTGACGCCAGAGGATTACTTGAGCCCAGGAGTTGGAGGTTACAGTGATCATGCCACTGCATGACAGAGTGAGACCCTGTCTCAAAAAAAAA"
"GL873520","54612633","54612770","chr10","6793589","6793716","37","47819044","GGCTAGGCACAGTGGCTCATGCCTGTGATCCTAGAACTTGGGGAGTCTGAGGCAGAGTTGCTTAAGTTCAGGAATTTGAGATCAGCCTGAGCAAGAGCAAGACCCCATCTATATTTCTAAACATTTCTTTCTTCTTTC","GGCCAGGCACAGTGGCTCATGCCTGTAGTCCCAGTACTTTGGGAGGCTGAGGTAGGAGGATCCCTTGAGTCCAGGAATTTGAGACCAGCCTGGGCAACAAGACCCCGTCTCTACAAAAAAATTTTTAA"
"GL873520","54796729","54797021","chr12","38595520","38595819","92","16201209","GGCTCATGCCTGTAATCCCAGCACTCTGGGAGGCCGAGGGGTGGACTGCTTGAACTCACAGGTTCAAGACCAGCCTGAGTCAGAGTGACACCCTGGCTCAAAAACTAGCCAAGTGCTGTGGTGGGCACCTGTAGTTCCAGGTACTCGGGAGGCTGAAGCTAGAGAATTGCTTGAGCCTAAGAGTTTGAGGTTGCTGTGAGCCATGACACCACGGCACTCTACCAAGGGTAACTCTGTCTCAAAAAAATAAAATAAAATAAAATATTCTAAAAAACAAAAAAGAATAAGAAGAA","GGCGTGGTGGCTCACACCTGTAATCCTAGCACTTTGGGAGGTCGAGGTAGGCGGACTGCTTGAGTCCAGGAGTTCAAGACCAGCCTGGGCAACATGACGAAATGCTGTCTCTACAAAACAATTAGCCAGGTGTGGTGGTGTGCACCTGTAGTCCCAGCTACTCAGGAGGCTGAGATGGGAGGATCGCTTGAGCTTGGGAGGTGGAGGTTGCAGTGAGCCGAGACTGCACCACTGCACTCCAGCCTGGGCAACAGAGCAAGACACTGATTAAAAAAAAAAAAGAAAAAGAAAAAAAAGAAA"
"GL873520","54872277","54872497","chr11","59289006","59289211","64","4416729","GGCTGGGTATGCAGGCTCATACGTGTCATCCCAGTAGTTTGGAAGGCTAAAGCAGGAGGATCAGTTGAGGCCAGGAGTTCAAGACCAGTCTAGGCAACATAGTGAGACCCTGTCTCTATAAAAAAAATTTTTTTTTAAATTAGCCAAGCCCCCACTTGGGAGGCTGAGGTAGGTGGATTGCCTGAGCTCACGAGTTTGAGACCAGCTTGAACCAGAGTGAT","GGCCGGGTGCGGTAGCTCATGCCTATAAGCCTGGCATTTTGGGAGGCCAAGGTAGGAGGATCAGTTGAGCCCAGGAGTTCAAGACCAGCCTGGGCAACATAGTGAGACCTCTATCTCTACAAATAAAAAAATAAATAAATTAGCCTACTTGGGAGGCTGAGGTGGGAGGATCCCTTGAGTCTGGGAAGTCAAGGTTGCAGTGGGCC"
"GL873520","54947208","54947304","chr17","36295068","36295161","26","18652140","AGCTGAGTTTAGTAGTATGATCCTATTGTCTCAGGTACTGAGGAGGCTGAGATAGGAGGACTACTTGAACTCAGGAGTTTGAGACCAGCCTGGGCAA","GCTGGGCACAGTAGTTCATGCCTATTGTCCCAGCACTTTGGGAGGCTGATATGGGAGGATCACTTGAGCCCAGGAGTTCAAGGCCAGCCAGGGC"
"GL873520","54983661","54983905","chr17","1305450","1305706","79","53678211","TGGCTCATAACTGTAAGCTTAGTACACGGGGAGGCCAAAGCAGAAGGATTGCTTGAGGCCAGGAGTTCAAGACTAGGCTGACCAAGACCAAGGTGCCATCTCTATAAAAAATAGGAAAAAATAGCCAAGCGTAGTGTGCATGCCTTAGTCCCAGCTACTTGGAAGGCTGAGGCAGGAGGGTTGTATAAGCCCGGGAGACAAAGCCACTGCACTCTAAACAGAGTGACAGAGCAAGATTCTGTCTC","GCTCACGCCTGTAATCCCAATACTTTGGGAGGCCGAAGGCAGGAGGATCATGTGAGCCTAGGAGTTCAAGACCAGCCTGGGCAGCAGGTGAGACCCTATCTCTACAAAAAATACAAAAACTAGCCAGGCATGGTGATGTGTGCCTGTCGTCCCAGCTTCTCAGGAGGCTGAGGCAGGAGGATTGCTTGAGCCTGGGAGGTCAAGGCTGCAGTGAGCATTCCAGCCTGGGTGACAGAGTGAGACCCTGTCTCCAAAAA"
"GL873520","56563199","56563477","chr1","45387048","45387332","77","11176151","GGTGGCTCATGCCTGTAATCCTAGAACTCTGGGAGGCCCAGATGGTTGGATTACCTGAGCTTACAGAGTTCAAGACCAGCCTGAGCCAGAGTGAGACCTGGTCTCTAAAAATAGCTAGGCATTGTGGTTGGTGATTATAGTCCAAGCTAGGTGGAAGGCTGAGGCAAGACAATCACTTGAGTCTAAGAGTTTGAGGTTGCTGTGAGTGGAGATGCCACAGCACTCTACCGAGGGTAACAAAGTGAGACTTTGTCTCAAAAAAAAAAGAAAGAAAGAAAA","GCATGGTGGCTCACACCTGTAATCCTAGCATTTTGGGAGGCCAAGGTGGGTGGATTACTTGAGTTCAGGAGTTCAAGACCAGCCTGGGCAACATGGCAAAACCCTGTCTCTACAAAATATTAGCCAGGTGTGGTCAGTCGCCTGTAATCCCAGCTACTTGGGGGCTGAGGCAGTAGGATCACTTGATCCCAGGAGATAGAGGCTGCAGTGAGTCAAGATCACACCACTGCACTGCAATCTGGGTGACAAAGTGAGACCCTGTTTCATTAAAAAAAAAAAAAAAAA"
"GL873520","57288880","57288998","chr1","39237954","39238080","32","18050926","GCAATCCCAGCTCCTCGGGAGGCCGAGCCTAGGACGTTGGGGCTGCAGTGGGCAATGATGAAAGCACTCTGCTCTAGCCTGGATGACAGAGTGAGACTCTGTCTCAAAAAAAAAAAAAA","GCTGTAGTCCTAACTACTTGGGAGGCTAAGCCCAGGAGTTTTCAGGGCTGCAGTGAGCTATGATTGCACCACTACACTCCAGCCTGGATGACAGAGTAAGACCCTGTCTGTAAAAGAGAAAAAAAAA"
"GL873520","57298525","57298785","chr7","92816329","92816597","66","35517804","GGCTAGGCACCGTGGCTCATGCCTATAATCCCAGCACTCTGGGAAATTGAGCCAGGAGGATCCCTTGAGCTCAGGCATTGAAAACCAGCCTGAGCCAGAGTGAAACTCCTTCTCTACTAAAAACAGAAAAATTAGCCAGAAGTTGTGGCAGGCACTTGTAGTCCCAGCTACTCTAGAGGCTGAGGCAGGAAGATCGCTTCCTCCCAGGAGTCTGAGGTTGTTGTGAGCCGGGGTGATGCCATGTCTAGCCTGGGGCAACAG","GGCTGGGCACAGTGGCTTACGCCTGTAATTCCAGAACTTTGGGAGGCTGAGGCAGGAGGATCGCTTGAGCCCAGGAGTTCAAGACCAGCCTGGCCAACATGGCGAAACTCTGTCTCTACAAAAAATACAAAAATTAGCCAGGTGTGGTGGTGTGCCTCTGTAGTCCCAGCTACTTGAGAGGCTGAGGTGGAAGAATGGCTTGAGCCCAGGAGGCGGAAGTTGCAGTGAGCCGAGATAGTGCTACCCAACTCCAGCCTGGGTGATAGAGC"
"GL873520","57545359","57545555","chr1","38239660","38239872","47","19305699","GGCTGGGTACAGCAGCTTACACCTGTAATCCTAGCACTTTGGAAGGCTGAGAAGGGAGGATCACTTGAGGCCAGGAGACCAGCCTGAGCAATGGTGAGACCCTATCTTTACAAAAAATAGAAAAAATAGCTGAGTGTGGTGGCATGTGCCTGGAGTCTCATTCAGGAGGCTGAGGTAGGAGGCTCACTTGAGCCAGG","GGCTGGGCACAGTGGCTCACGCCTGTAACCCCAGCACTTTGGAAGGCTGAGGCCAGAGGATCACTTGAAGCCAGGAGTTCAAGACCACCCTGGGCAACATAATGAGAACCCCATCTCTACAAAAAATAGAAAAACCTAGCTGGGCATGGTGGCACATGGCTGTAGTCCCATCTACTCAGGAGGCTGAGGCAGGTGGCTTGCTTGAGCCCAGAG"
"GL873520","57828650","57828972","chr4","124296547","124296860","92","66467897","GGTCAGGCGAGATGGCTCATGCCTATAATCCCACCACTCTGGGAGGCTGAGGCAGGTGGGTTGCTTGCACTCAGTAGTTCGAGACCAGCTTGAACAAGAGTGAGACCCCGTTTCTACTAAAAATAGAAAAATTAGCCACGCATTATGGCCCATAGTCCCAGCTGCTTGGGAGACTAAAGCAAGAGGACTGCTTGAACCTTGAGGTTGCTGTAAGCTAGGCTGATGCCATTGGCACTCTAGCCTGGTCCAAATGAGTCTCGGCTTCAAAAACAAAACAAAACAAAACAAAACAAAAAAAACCAGCAAAAACAAACAAACAAAAA","GGCCAGGTGTGGTGGCTCACGCCTATAATCCCAGCACTTTAGGAGGCTAACGCAGGAGGATTGCTTGAGCTCAGGAGTTTGAGACCAGCTTGACCAACATGGTGAAACCCTGTCTACAGAAAATAAAAAAATTAGCTGGGCATGGTGGTGCGTGCCTGTGGTCCCAGCTACTCAGGAGGCTGAGGTGGGAGGTCAAGGCTGCAGTAAGCCGAGATCATGCCACTGCACTCTAACCTGGGTGACAGAGTGAGATCCTGTCTCAAAACAAACAAACAAAACAAACAGCAACAACAACAAAAAAACAAAAACAAAAA"
"GL873520","57924885","57925073","chr11","65171233","65171432","49","7246348","GCCAGGCATGGTGGCTCATGCCTGTAATCCTATCACTCTGGGAGGCTGAGGCAGGTGGATCACTTGAGCTCAGTTCAAAACTTTCCTGAGCAAGAGTGAGTCCCTCTCTCTAAAAACCAGCCAGGCATTGTGGGAGGCCCCTGTTGTCCCAGCTACTTGGGAGGCTGAGGCAAGAGGATTGTTTGAGCC","GCCGAGCATGGTGGCTCATGCCTGTAATCCTAGCACTTGGGGAGGCCGAAGGCAGACAGATTGCTTGAGCTCAGGAGTTTGATACCAGCCTGGGCAACATGGTGAAACCCTGTCTCTATAGAAAAATTAGCCAGGCATGATGGCGTCCCCCATGTAGTCCCAGCTACTCAGGGGATTGAGGCAGGAGGATTGCTTGAGCC"
"GL873520","58119856","58119916","chr9","129122875","129122926","16","71003019","CCTTTGTACTCCAACTTGGGCAACAGATCAAGACCCTGTCTCTACAAAAGGTTAAAAAATT","CCACTGCATTCCACCTTGGGCAACAGAGCAAGACCCCGTCTCCAAGAAAAAA"
"GL873520","58195723","58195912","chr11","84571664","84571855","55","26375941","CCAAGTGCAGTGGCTCACACCTGTAATCCCAGCACTCTGGGAAGCCAATATAGATAGATCACTTGAGTTCACAAGTTCAAGAGCAGCCTGAGCAAGAATGAGACCTTGAATCTAAAAATACTCAGGCATTGAGGAGAGCGCCTGCAGTCCCAACTACTCAGGAGGCTGAGGCAAGAGAAGCACTGTGAGC","GGCTAGACACGCTGGCTCACACCTGTAATCCCAGAACTTTGGGAGGCCGAGGCAGATGGATCGTTTGAGCCCAGGAGTTCCAGACCAGCCTGGGCAACATGATGAAATCCCTACAAAAATTAGCCAGGCATGGTAGTGCACACCTGTAGTCACAGCTACTCAGGAGGCTGAAGTGGGAGGATCACTTGAGCC"
"GL873520","58610776","58610791","chr1","131951482","131951496","2","73340706","AATAAATAAAAATAAA","AAAAAATAAAAATAA"
"GL873520","58610816","58611066","chr4","9567114","9567374","72","49043702","GTTCATGCCTATAATTCTAGCATTTTGGAAAGCCAAGGTGGAAGGATCACTTGAGCCCTGGTGTTCAGGACCAGTCTGGGCAACATAGTGAGACCCTGTCTCTATAAAAAAATTTTAAAAATTAGCCACACATGATGGTATGCATCTGTAGTTCTAGCAGGAGGCTTGCTTAAGACTAGCAGTTTGAGGTTATAGCGTGCTATGACTATACCACTGCACTTCAGCCTGGGTGACAGAGTAAGACCCTGTCT","CATGCTTGTAATCTCAGCACTTTGGGAGGCCAAGGTGGGAGGATAACTTGAGCCCAGGAGTTCCAGACCAGGTTGGGAAACATAGTAAGACTCTATCCCCACAAAAAAATTTAAAAAGTAGCCAGGTATGGTGGCATGCACTTGTCCCAGCTACTCAGGAGGCTGAGGTGGGAGGATAGCCTGAGTCCAGGAGGTGGAGGCCGCAGTGAGTCATGATCACACCACTGCACTTCAGCCTGGGTGACAGAGTGAGACCCTATC"
"GL873520","58837052","58837254","chr3","161948018","161948202","66","103110966","GAAAGAAAATTTAGTTGGACATGGTGATCAATCGTACACCTATAGTCCCAGCTATAGTAGCCCCACCTATAGCTACTCAGAAACTGAGGCAGGAGGATGGCTTGAGTTGAGGAGTTTGAGTTTTATAGCAACTGGTGTTTGATGACACATGGTGCACTCCTGCCTGGGTGACAGACTGGGACCTTGTCTAAGGGAAAAAAAAA","GAAAAAAAATTACCTGAGCATGGTGGCACAGCTGTAGTCCCACATCTGTAGTCCCAGCTACTTGGGAAGCTGATGCGGGAGGATCGCTTGAGTCAAGGAATTTGAGGTTGCAGTAAGATACGATCATCCTGCTGCACTCCAGCCTGGCTGACAGAGTTAGACCCTATCTCAAATAAATAAATAAA"
"GL873520","58837531","58837672","chr19","50513137","50513275","29","8324394","GGCTGGGCTCAGTGGCTCACTCCTATAACAACAGCACACTGGGAGGCTGAGGCAGAGGGTAGCTTGTGCCCAGGAGGTCAAGACCAGCCTTAGCAATGTAGTGAGACCCTGTCTCTACAAAAAATTAAAAAAAGAAAGAAAG","GGCCGGGCACGGTGGCTCACACCTGTAATCCCAGCACTTTGGGAGGCTGCAGCAGGAGGGTCGCTTGTGCCCAGGAGTTCTAGACCAGCCTGGGCAACATAGGGAGACCACGTCGCTACAAAAATTAAACAAAAAAAAA"
"GL873520","59079530","59079750","chr5","107012557","107012771","58","47933027","AGAGACCCTGTCTCTTAAAAAAGTAACAAGTGAGCCAGGGGTGGTGGGCAGGCACCAGTAGTCCAAGCTACCAGCTATTGAGGAGGCTGAGGTAGGAGGTTCACTTGATCCCAGGAGTTCAAGGCTTCTGTGAGCTATAATAGTGCCACTGCACTCTACCGTGGGTGAGAGAGTGAGATTCTATCTCAAAAACAATAAATAAATAAATAAATAAATAAATA","GTGAGACCCCATTTCTACAAAAAAAGTAACACATTTAGCTAGGTGTGGTGGCATGTGTCTGTAGTCCCAGCTATCTGGGAGGCTGAGATGAGAGGGTTGCTTGACCCCAGGAGTTTGAGGCTGCTGTGAGCTATGATTATGCCACTGCACTCCAGCCTAGGTGACAGAGCAAGACTCCATCTCTAAAAGAAAAAAAATTAAATAAAGAATAAAAA"
"GL873520","59080022","59080137","chr1","18879118","18879234","18","40200904","GGCTAGGCGCAGTAGCTCACACCTGTAATCCCAGCACTTTGGGAGGCTGAGATAAGAGGATTGCTTAAAGTCAGGAGTTTGAGACAAGCCTAGGCAACATAGTGAGACCTTGTCTC","GGCCGGGCGCAGTCGCTCACACCTGTAATGCCAGCACTTTGGGAGTCTGAGGCGAGAGGATCGCTTCAGCCCAGGAGTTTGAGACCAATCTGGGCAACATAGTGAGACCTTGTCTCT"
"GL873520","59295039","59295257","chr3","176349138","176349361","65","117054099","AAGGTGGAAGGATTGTTTAAGGCCGGGAGTTTGAGACCAGCTTGGGCTGCATAGTGAGCCCTTGTCTCTATAAAAGATAATTAAAAATTAGCCAATCATGGTGTTGTGCACCTATATTCCTAGTTGCTTGGGAGGTAGAGGTGGGAGGATCCCTTGAGTCCAGGAGTTTGAGGTTACAGTTATCTATGATTGTGCAACTGCACTCCAGCCTAGGAGACA","GGAGGCCAAGATGGGTGGATCACTTAGCCTGAGAGTTTGAGATTAGCCTGGGCAACATAGTGAAACCTTGTCTCTATAAAAAATAGAAAAATCAGCCAAGCGTGTTGGCCTGTGCCCATAGTCCTACTATTCGGGAAGCTGAGGTGGGAGGATTGTTTGAGGCCAGGAAGTTGAGGCTGCAGTGAGCCATGATCGTACCACTGCACTCCAGCCTGGGCAACAGA"
"GL873520","59295642","59295694","chr1","11616656","11616707","14","47678986","GGCCAGGTGCAATAGCTCAACATCTATAAACCTAACAGTTAGGGAGGCCAAGG","GGCCTGGTGTGGTGGCTCATGACTGTACTCCTAGCACTTTGGGAGGCCAAGG"
"GL873520","59444812","59444943","chr6","5144123","5144255","28","54300689","GGCCCGTCGCAGTGGCATGCCTGTACTCCCAGCTACTTAGGAGGCTGAGGCAGGAGGATCATTTGAGCCCAGGAGTTCAGGGCCAGCCTTGGTAATATCATAAGACCTTATCTCAATAAATAAATACATAAA","GGCCGGGCACGGTGGCTTATGCCTGTAATCGCAGCACATTGGGAGGCCGAGGCAGGTGGATCACTTGAGCCCAGGAGTTCAAGACCATCCTGGGTAACATGATGAAACCCTATCTCAACAAAAAGCACAAAAA"
"GL873520","59488429","59488563","chr11","117203995","117204130","23","57715566","GGCCGGGCACGGTGGCTCACACCTGTAATCCTAGCACTTTGGGAATCCAGAGTGGGTGGATTGCCTGAGCTCAGGAGTTCAAGACCAGCCTAGGAAAGAGTGAGACCCCCATCTCTATTAAAAATAATAAAACTA","GGCTGGGCACGGTAGCTCACACCTGTAATCCCAGCACTTTGGGAAGCCAAGGTGGGTGGATCACCTGAGATCAGGAGTTCGAGACCAGCCTGACCAATATAGTGAAACCCTGTCTCTACTAAAAATACAAAAATTA"
"GL873520","59488852","59488964","chr12","116303717","116303824","29","56814865","TAATAATAAAACTAACCAGGTGTTGTGGTGGGTGCCTGTAGTCCCAGCTACTTGGTAGGCTGAGGCAAGAGGATCACTGGAACCTAGGAGTTTGAGGTTGCTGTGAGCTATGA","AGAAATTATCCGGGCGTGGTGGTGCATACCTGTAGTCCCAGCTACTTGGGGGGCTGAGGCAAGAGGATCACTTGAACCCATGAGGTCGAGGCTGAAGTGAGTCAAGAT"
"GL873520","59702324","59702606","chr7","142179061","142179347","79","82476737","GGCCAAGCTCCATGGCTCACACCTGTAATCCCAGTACTCTAGGAATCTGAGGCAGGTGGATTGCTTGAGCTCAAGAGTCCAAGACCATCTGAGCAAGATCAAGACCCTATCTCTACTAAAATAGAAAAAACTAGCCAGGCGTCTGTAGTCCCATCTACTCAGGAGGCTGAGGCAAGAGGATCACTTGAACCCAGGAGTTTCAAATTGCTTACAATGATGACATGGCAGTCTACCCAGGTGACAAAGTGAGAATGTCTCAAAAATAAATAAATAAATAAATAAA","GGCCAGGTACACTGGCTCACACCTGTAATCCCAACACTTTGGGAAGCCAAGAGGTGGATCACTTGAGTCCAAGAATTTGAGATCAGCCTGGGCAACATGGCAAAACCTCATCTCTACAAAATATACAAAAATTAGCCAAGAGTAGTAGTCCCAGCTACTGAGAAGGCTGAGGCGGGAGAATCACTTGAGCTCAGGAGGTTGGGGTTACAGTGAGCCATGATCACGCTGCACTCCAGTCTGGATGACAGAATGAGACCCTGTCTCAAATAAAATAAAATAAAATAAAA"
"GL873520","59733954","59734112","chr5","58048068","58048230","46","1685886","GGCTGGGTACAGTGGTTCACGCCTATAATCCCTGCACTGTGGAAGGCCAAGGCAGGAGGATCACTTGAGGCCAGCTGGGCAACATGATGAGACCTCCTCTCTACAAAAAATAAAAAATTAACTGGTCATGAAGTGCTCCTAATTGCAACTACTTGGGAG","GGCTGGGTGCAGTGGCTCAAACCTGGAATCCCAGCTCTTTGGGAGGCCAAGGTAGGAGGCTTCCTTGAGCCCAGAAGCTGCCCGAGCAACCTGATGAGACCTCATCTCTACAAAAAAATTTTAAAAATTAGCTGGCCATGTTGGTATGCACTTGCAGTCCCAG"
"GL873520","59748052","59748204","chr9","107965230","107965384","36","48217178","GGGGGGGTGCCTATAGTCCCAGCTACTTGGGAGGCTGAAGCAAGAGAATCGCTTGAGCCCAAGAGTTTGAGGTTGCTTTGAGCTATGACACCAGGGCACTCTACCAAGGGTTACAAAGTGAGACTCTGTCTAAAAAAAAAAAAAAAAAAAAAA","GTGTGCGTCTGTAGTCCCAGCTACTTGGGAGGCTGAGGCGGGAGGATCACTTGAGCCTGGGAGGTGGAGGTTGCAATGAGCCAGGATTGCACCACTGCACTCTAGCCTGGGCGACAGATTGACACCCAGTCTCAAAAAAAAAAAAAAAAAAAAAA"
"GL873520","59748227","59748348","chr5","135417982","135418104","33","75669755","GTGGTGGTTCATGCCTGTAATCCTAGCACTCTGGGAGGCCGAGGTGGTGGATTGCCTGAGCTCACAGGTTCCAGACTTGTCTGAGCAAGAGTAAGACCCCATCTCTAAAAATACCACGGTGT","GTGGTAGCTCATGCCTGTAATCCCAGCACTTTGGGAGTCTGAGGCAGGAGGATTGCTTGAGCCCAGAAGTTCAAGAACAGCCTGGGCAACATGGCAAGACCCTGTCTTTAAAAATAAAAAATA"
"GL873520","59753771","59753932","chr2B","142679116","142679276","48","82925345","TAGAAAAATTAGCCAGGCAATATGGCATATGTCTGTAGTCTCAGCTACTGGAGAGGCTGAGGCAAGAAAATCTCTTGAGCCCAGGAGTTTGAGGTTGCTGTGAAGTATAAGGCTGCCAGGGCAAGAGAGTGAGACTCTGTCATAACAATAAATATAAATAAA","GAAAATTAGCCAGGCATGGTAGTGTGCACCTGTATTCCTAGCTATTCTGGAGGCTGAGGAGGGAGAATCACTTGAGCCCAGGAGTTTGAGGTTGCAGTGAGCTATGATTATGCCTCCAGCCTGGGTGACAGAGTGATATCCTGTCTCTAAAAATAAATAAA"
"GL873520","59754202","59754334","chr2B","175856639","175856773","29","116102437","GGCTGGGCACAGCAGTGGCTCACACCTGTAAGAGCACTCTGGGAGGCAAAGGTGGGTGGATTGCTTCAGTTTAGGAGTTCAAGACCAGCCAGGGCAAGAACGAGATCCCATCTCTACTAAAAACAGAAAAATG","GGCTGGGCACGGTGGCTCACACCTGTAATCCCAGCACTTTGGGAGGCCAAGGTGGGCGGATCACTTGAGCTCAGGAGTTCAAGACCAGCCTGGGCAATGTGGTGAAACCCTGTCTCTACAAAAAATATAAAAATT"
"GL873520","59757203","59757413","chrX","16900422","16900632","59","42856781","GCTGGACATGGTGGCTCATAATCCCAGGACTTTGGGAGGTTGAGGTGGGAAGATTGCTTGAGGCCAGGAGTTTAAGACCAGCCTGAACAATATAGCAAGACTCATTTCTACCAAAAAAAAAAAAAAATTAAATTAAAAATTAGCCATGTAAGATGGTGCTCACCTGTACTCCCAGCTACTCAGAAGGCTGAGGCAGGAGCATCTCTCTCTC","GACTGGGGGCAGTGGCTCACACCAATCCAAGCACTTTGGAAGGCCAAGGAGGGAGGATCCTTTGAGCCCAGGAGTTCAAGACCAGCCTGGGCAACATAGTAACACCAAGTCTCTACCAATAAAATGAAATAAATAAATAAAAATTAGCCAGGCATGGTGGTGCATGCCTCTAGTCCCAGCTATTTGGGAGGCTGAGGTGGGAGGATCACTT"
"GL873520","59757956","59758049","chr8","19092060","19092155","28","40665896","AAAGGCAGGAACATCTCTTGAGCCCAGGAGTTATGATTGTGTCACTGTATCTGCATACCAGCCTTGGTGACAGAACAAGACCCTATCTCTAAAA","AGGCAGGAGGATCGCTTGAGCCCAGGAAGTCGAGGCTGCAGTGAGCCATGATCATATTTGCCAGCCTGGGTGACAGAGCAAGACCATCTCAAAGAA"
"GL873520","59796407","59796565","chr7","73548114","73548252","54","13751707","AATAAAAAGAGTTTCAGAACAGCCTAAACAAAAACGAGACCCTGTCTCTACTAAAAATAGAAAAATTAGCCAGGTGCTATGGAGTGTGCCCATAGTCCTAGCTACTCAGGAGGCAGAGAAACAAGGATCGAGTAAGACCAGGAGTCTGAGGATGTAGTG","GGAGTTTGAGATCAGCTTGGGAAACAGGGAGACCCCATCTCTACAAAAAACACAAAAATTAGTCGGGCATATTGTGGCACAGCTACTCAGGAGGCTGAGATGGGAGGATTGCTTGAGACTCAGAGGTTGAGGCTGCAGT"
"GL873520","59796840","59796926","chr17","74040588","74040675","18","14243748","GCTGGGCTGTGGTGGCTCATGCCTGTAATGCTTGCATTCTGGGAGGCGGTGACAGGAGGATTGCTTAAGCTCAGGAGTTTGAGAACA","GGCTGGGTGCGGTGGCTCATGCCTGTAATCCTAGCACTTTGGGAGGCTGGGGTCAGAGGATCACTTGAGCCCAGGAGTTTGAGGCCAG"
"GL873520","59860029","59860166","chr15","72828382","72828514","44","12968353","AACATGCAAAACATGTTGACTGGCCACAGTGGTTCATACTGATAGTCCCAGCTACTCAGAGGCTGAGACTGAGGATCACTTGAGCCCAGGAATTGGAGACCAGCAAAAATGAGACTGAATCACTACAAAGAAAAGAAA","AAAAATACAAAAAATTAGCTGGGCATGGTGGTTCATGCCTGTAGTCCCATCTACTCAGGAGGCTGAAGTGGATCACCTGAGCCCAGGAAGTTGAGGCTACAGTGAGCCGTGATCACGCCACTGCACTCCAGCC"
"GL873520","59872404","59872609","chr11","64412226","64412406","70","4539822","TCTATCTTTATTTCTACTAAAAATAGAAAAATTAGCTGGGTGTTGTGGTGGGTGCACCTGCAGGTGTGCACCTGTAGTTCCAGCTACTGAGGAGGCTGAGGCAAGATGATCTATCACTGGTACCCCAGAGTTCAGGGTTGCTGTGAGCTACGATGGCATGGAACTCTATCACCCTGGAGTGAGAAGCTGTCTTAAAAAAAAAAAAA","CGTGCCTTATCTCTATGAAAAATTAAAATATTAGTCAGATGTGGTTGCACATACCTGTAATCCCAGCTACGCTGGAGGCTGAGGCAAGAGGATTGCTTGAACCTGGAAGGTAGAGGGTACAGTGAGCTATGATCGCATCAGCCTAGACGGAAGAGTGAGACCGTGTCTCAAAAAAAAAAAA"
"GL873520","59872884","59872975","chr7","153675196","153675287","23","93802312","GGCCCTACACAGAGGCTCACACCTATAATCTTAGCACTTTGGTAGGCTGAGGCAGGTGGAGCTCAGGAGTTTGAGACCAGCCTGAGCAAGAG","GGCCGAGTGTGGTGGCTCACACCTGTAGTCCTAGCACTTTGGGAGCCCGAGGTGGGTGGGCTCAAGGGTTCGAGACCAGCCTGGGCAACATG"
"GL873520","59880483","59880583","chr16","30645209","30645308","29","29235274","ATACTAGGACTCTGGAAGGCTGAGGTGGGTGGATAGCCTGAGTTTAGGAGTGAGAAACCAGACTAAGTAAAGGGGAGAGCCCATCTCTACTAAAAATAGAA","AATCCCAGCACTCAGGGAGGCTGAGGTGGGAGGATTACTTAAGGCCAGGAGTTCGAGATCAGCCTGGGCAAGAGTGAGACCCCATCTCTATTAAAAAAAA"
"GL873520","59880605","59880767","chr7","4163696","4163856","41","55716909","TAGCCAGGCATTGTGGCAGGTGCCTTTAGTTCCAGCTACTGGGGAGGCTGAGGCAAGAGGATGACGTGAGCCAAGGAATTTGAGGTTGCTGTAAGCTATGTCACCACAGCACTGGCTAGCCAGGACATTAGAGTGAGACTTTCAAAACAAACAAACAACAAAA","CTAGCCGGGCATGGTCGCATGTGCCTGTAGTCCCAGCTACTCGGGAGGCTGAGGTGGGAGGATCACCTGAGCCAGAGGAGGTTGAGGCTGCAGTGAGCTGTGATCATGCCACTGCACTCCAGCCTGGGAGACAGAATGAGACCATTAAAAAAAAAAAAAAA"
"GL873520","59993886","59994033","chr7","73242270","73242418","36","13248384","GCCAGGTGTTGTGTTGGGCACCTGTAGTCCCAGCTACTCAGGAGGCTGATGCAAGGAGATTGCTGGAGCCCAAGAGTTTGAGGTTGCTGTGAGCTATGATTTTACACTCTATTGAGGGCTACAAAGTGAGACTCTGTCTCAAAAAAAA","AGCCAGGTGTGGTAGCTTACACCTGTAGTCCCAGCTACTCAGGAAGCTGAGGCAGGAGGATTGCTTGAGCCCAGGAGTTTGAGGCTGCAGTGAGCTATGATCATGCCACTGCACTCTAGCCTGGGCAACAGAGACCTTGTCTAAAAAAA"
"GL873520","59994286","59994410","chr3","50175665","50175792","33","9818621","GGCAGGGTGTGCTGGCTCACACCTGTAATCCTAGCACTCTGGAGGCAGGTGGATTGCTTGAGCTCACAGGTTGGAGACCAGCCTAAGCCAGAGCGAGACCTCATCTCTAAAAATAGCTGGGTGCT","GACCAGGTGCGGTGGCTCACACCTGCAATCCCAGCACTTTGGGAGGCAGGAGTACTGCTTGAAGCCAAGAGTTGGAGACCAGTCTGGGCAATACAGTGAGACCTCATCTCTTAAAAAAATATGAAAAC"
"GL873520","60001676","60001784","chr1","24082805","24082919","26","35918871","CCAGGCAGAGTGGCTTGCACGTCTAATCCCAGCAACTCGGGAGGCTGAGGTAAGATAGCTTGATCCCAGAAGTTTGAGATCAGCCCAGGCAACATAGCAAGACCCTTCC","GGCCAAGCACAGTGGCTCACACCTGTAATCCCAGCACCTTGGGAGGCTGAGGCAGGCAGATCACTTGAGCCCAGGAGTTTGAGACCAGCCCAGCCAACATAGTGAGACCACACCT"
"GL873520","60002069","60002093","chr3","52593354","52593373","10","7408715","CAAGTCCCTGTATTTATTTACATTA","AACCCTGTCTTTTAAAAAAA"
"GL873520","60002367","60002552","chr1","145456729","145456906","45","85454362","AAGACCCTGTCTTTAAAAATGAAAAAAAAATTAGTCAAGCATTGCCTGTAGTCCCAGCTACTCAGGAGGCTGAGGCAGAAGGACTGCTTGAGCTCAGGAATTCAAGGCTACAGTGAGCTATGATCTTCCCACTGCGTTCTAGCCTGGGCAACATAGCAAGACCTTGTTTCTCAAAAGAAATAAAAA","CAAACTTTTTTTTAAAAATTAGCCAGGCATGGTTGCATATGCCTGTAGCCTCAGCTACTCAGGAAGCTGAGGCAACAGGATTGCTTGAGCCCAGGAATTCAAGGCTGCAGTGAGCTATGACCATGCCACTGCATTCCAGCCTGGGTGAGAAAGTGAGGCCCTGTCTCAAAAAATAAAA"
"GL873520","60096085","60096352","chr1","52313483","52313748","70","7782602","TGGTTCACACCTGGAATCCGAACACTCTGGAAGGCCAAAGCAGGAGGATACATTGAGGCCAGGACTTGGAGATCAGCCAGAGTAAGAACGTAAACCCATCTCTACAAAAAAGTCCAAAAATTAGCTAGACCTGGTGGTACTTGCCTATAGTCCCAGCTACTTGGGAGACTGAGGCAGGAGGATTATTTGATTTCAGGAGTTCAAGGATATAGTGAGCTATGATGAACCACCACTGCACTCTAGCCCAGGGCACAAAGTAAGACCCTAT","GCTGTGGCTCACACCTGTAATCCCAGCACTTTGGAAAGCCAAGGCAGGAGGAACACTTGAGGCCAGGAGTTTGAGACCGGCCTGGGCAATGTGGTCAAATTCTATCCCTACAAAAAAAAAATTAGCCAGATGTGATGGTGCATGCCTGTAGTCCCAGCTACTTGGGAGGCTGAGGCAGGAGGATTGCTTGAGCCCAGGAATTTGAGGTTGCAGTGAGCTGTAATTATGCCACTGCATTCCAGTCTGGGTGACAGAGTAAGACCCTG"
"GL873520","60096631","60096676","chr14","76289724","76289766","10","16193093","CCCAAGACCCTGTTTCTAAAAATAAAAAATAAAACAAAACAAAAAA","AAGACCCTGTCTCAAAAAAAAAAAAAAAAAAAAAAAAAAAAGA"
"GL873520","60097498","60097690","chr10","29149290","29149482","59","30948208","GTGAGACCCTCATCTCTATAAAATATTAAAAAATTAGCTGGGTGTAGTAGTTGCAGCTACTCTGGAGGCTGAGGCAGGAGGCTCTCTTGAGCTCAGGTGTTTGAGGTTGCAGGGAGCTATGATGATACCACTGCACTCTAGCCCAAGCAACCATGTAACATGGTGAAATGCTGTCTCCAAAAAACTAAAATAG","GAGACTCTGTCTCTTAAAAATTTTTAAATTAGCCAGGCATGGTGATGCACACTTGTAGTTCCAGGTACTCAGGAGGCTGAGGCAGGAGGATGACTTGAGCCCAGGAGTTCGAGGCTGCAGGGAGCTATGATTGCACCACTGCACTCCAGCCTGGACAACAGAGGAAGACCCTGTCTCAAAAAAAAAAAAAAAA"
"GL873520","60097947","60097967","chrX","44352616","44352634","4","15745331","ACCTAAAAAACGAAAATAAAA","AACTAAAAAAAAAAAAAAA"
"GL873520","60148045","60148161","chr8","84143489","84143607","25","23995444","CAGGCGTGGTGGCTCACACCTGTAATCCTAGCACTCTGAGAGGCTCAGGTGGGTGGATTGCTTGAGCTTAGGAGTTTGAGATTAACCTGAGCATGAGTGAGACCTCCCATCTCTACT","GTCAGGCGCAGTGGCTCACACCTGTAATCCCAGCACTTTGGGAGGCAAAGGTGGGTAGATTGCTTGAGCCCAGGAGTTTGAGACCAGCCTGGGCAACATGGTGAAACCCCAACTCTACA"
"GL873520","60148198","60148349","chr20","44314518","44314670","41","15833680","TGAGTCAGGCATGGTGGTGGGCACCTGTAGACCCACCTACTAGGGAGACTGAGGCAAGAGGATTGCTCAAGCCCAAAAGCTTGAGGTTGCTATGAGCTAAGGCTAATGCCATGATGCTCTAGTCTGGAGGGAGAGTGAGACTCTGTCTCAAA","ATTAGTTGTGCATGGTGGCGCTCACCTGTAGTCCCAGCTACTTGGGAGGCTGAGGCTGGAGGATTGCTGGAGCCTCAGAGGTGGAGGTTGCAGTGAGCCGAGATCTTGCCACTGTACTCCAGCCTGGGCGACAGAGAAAGACCCTGTCTCAAA"
"GL873520","60148376","60148391","chr1","62222108","62222122","3","2073732","GTAAAATAAAAGACAA","ATAAAATAAAATAAA"
"GL873520","60151702","60151785","chr9","131064841","131064922","18","70913139","GGCCAGGGGGCAATGGCTCCAGCCTATAATCCTAGCACTCTGGGAGGCCAAAGCTGGAGGATCACTTGAGCTCTGACGTTTGAG","GGCTGAGGGTGGTGGCTCACACCTGTAATCCCAGCACTTTGGGAGGCCAAAGTAGGAGGATCACTTGAGCCCAAGAGTTTGA"
"GL873520","60212018","60212102","chr1","182734589","182734668","27","122522571","AAAAAGAGTTTGAGCTTGCTGTAAGCCATAAGGTCATGGAACTCTACCAAGGGCAACAAAGTGAGACTGTCTTTAAAAAAAAAAA","CTGGGAGGTGGAGGTTGTGGTGAGCCACAGTACTGCACTCCAGCCGGGGCAACACAGTGAGACTCTCTCTTAAAAAAAAA"
"GL873520","60212382","60212585","chr16","49071679","49071900","60","11140703","GGCCAGGCGCAGTGGCTCACTCCTGTAATCCTAGCACTCTGGGAGGCTAAGGCGGGTACTGCCTGAGCTTACAGATTCAAGACCAGCCTGAGCAAGGGAGAGACCCTGTCCCTAAAATACAGGTGGGCTTTGTGGCAGGTTCCTATAGTCCCAGCTACTCCGGAGCTGAGACAAGAGAATCTCTTGAGCTTAAGAGTTTGAGCT","GGCTGGACGGAGTGGTGCACACCTGTAATCCCAGCACTTTGGGAGGCTGAGGCGGGTGGATTGCTTGAGCTCAAGAGTTTGAGACCAGCCTGTACATATGATGAGACCCCGTCTCTACAAATACAAGAAAAGTTAGCTGGACGTGGTGGCACGTGCCTGTGGTCCCAGCTACTCGGGAGGCTGAGGCAGGAGCTGATTGCTTGAGCCTGGGAGGTCCAGGCT"
"GL873520","60218357","60218554","chr2A","65679864","65680053","56","5461507","CCCAAGACCCCATTTCTTTAAAAAAAAAAAAAAATTGGCCAACCATGGTGGTTAACATCTGTAACCCCAGCTGAGTCTGAGGAGGGAGGATCACTTGGGCCCAGGAGTTTGAGGCTACACTGAGCTATGATTGCACCGCTATATTCTAAGCCTAAGCAACAGAGTAAAACCCCGTCTTAAAAAAAAAAAAGAAAGAAA","CCCATCTCTACAAAAAAACACAAAAATTGGCCACCTGGGACTACACCTGTAGTCCCAGCTAGTAGGGAGGCTGAGGTGGGAGGATTGCTTGAGCCCAAGACGTTGAGGTTGCAGTGAGCTGTGTTTGCACCACTGTACTCAAGCCTGGGCGACAGAGCGAGACCTTGTCTCAAAAAAAAAAAAAAAAAAA"
"GL873520","60218807","60218932","chr19","3405645","3405773","34","56813162","GGCTGGATACAATAACTCATGTTTGTAAACCTACCCTTTTAAAAGGCAAAGGCAATAGGGATCACTTGAGGCCAGGAGTTTGAGACTAGCCTGAGCAATACAGCAAGACCCCATTTCTCTTATTTC","GGCTGGACACAGTGGCTCACGTCTGTAATCCCAACACTTTGGGAGGCCAAGGCAAGAGGATCACTTGAGGCCAGGAGTTCCAGACCAGCTTGAGCAACACAGTGAGACCCTATTTCTACAAAAAAAATA"
"GL873520","60599092","60599268","chr16","24141306","24141479","44","36457786","TATATATTTTTCAAATGTATGCCTATAGTCCCAGCTACTCAGGAGATACCGGGGCAGAAGAATCACTTGAGCCCAGGAATTCAAGGTTATAGTGAACTATGATCATGCCACTGCACTTTGGCCTGGGTAACAGAGCAAGAGACCGTGTCTTTAGAAAAAAAATAAAAATAAAAAAGA","TTAGCTCAGCATAGTTGCATGCACCTGTAGTCCCAGCTACTCAAGAAGCTGAGGCAGGAGAATCACTTGAGCCCAGGAAGTCAAGGTCCCAGTGAGCTATAATTGTGCCACTGCACTCCAGCCTGGGTGACAGAGCAAAACCATGTCTCTTAAAAAACAAAAGAAAACAAAAAA"
"GL873520","60599551","60599606","chr6","114822497","114822551","17","54222946","AGGAGTTCGAGACCACCCTGGATGACACAGTAAGACCCATCTCTAAAAGTAATTCA","CCAGGAGTTAGGGACCAGCCTGGGCAACACAGCAAAGCCCCATTTCTAAAAAAAA"
"GL873520","60618402","60618452","chr20","25558909","25558965","15","35059493","GGAGGATCGCTTGAGCCCAGGAATCGAGGTTGCAAGGAGCCTTGATCTCAC","GGAGGATCGCCTGAGCCCAGGAGGTCTGGGCTGCAGTGGGCCATGATCATGCCACTG"
"GL873520","60838810","60839064","chr5","171848001","171848259","81","111009191","GGCTGAGAGTGGTGGCTTCTAACAGTCCGAGAGGTTGAGGCTTGAGCTCAGGAGTTACAGGTCAACCTGAGCAACCCCTGCCTACTAAAAATAGAAAAAATTAGCTGGGCATTGTGGTGAGTGCCTGTAGTCCTACCTACTGGGAGACTGAGGCAGGTGGATCTCTCAAATTCAGGAGTTTGAGGCTGTCGTGAACTACGACGCCACAGCACTCAGGCCTGAGCAACAGTGAGACTGTCTCACACACACAAGAAA","GGCCAGGCAAAGTGGCTCATGCCTGTAATCCCAGCACTTTGGGATCACTTGAGCCAGGAGTTCAAGACAACATGATGAAACCCCGTTTCTACCAAAAACACAAAAAAATTAGCTGGGCATGGTGGTGCACGCCTGTAGTCCCAGCTACTTGGGAGGCTGAGGCAGGAGGATCGCTTGAGCTCAGGAGGTCGAGGCTGCAGTGAGCACTGACTGTGCCACTGCACTCCAGCCTGGACAACAGATAGAGACCTCGTCTCAA"
"GL873520","60890558","60890822","chrX","9126809","9127055","74","51763749","AGAAGTTTGAGACCAGCCTGAGCAAGAATGAGACCTCATCTCTATAGACAAATAGAAAAATTAACCACTACAGGCATGGTGGTATGTGCCCATAGTCAAAGATACTCAGGAGGCTGAGGCAGGAGGATCACTTGAGCCCAGTAGTTAGAGGTTGCAGTGAGCTATGATGACATCCTAACACTCTAGCCAAGGCAACAGAGTGAGTGAGACTCTGTCTCAAAAATAAATAAATAAATAAATAAATAAAAGAAAAGAAAAAAAAGAA","ACCAGCCTGGGCAACATGGTGAGACCTCATTTCTACTAAAAATACAAAAAAATTATCTGGGTGTGATGGTACGTGCCTGTGGTCTTAGTTACTTGGGAGGCTGAGATGGGAGGATTGCTTGAGCCCAGGAGGTTGAGGCTGCAGTGAGCCATGATCACACCACTGGATTCTAGCCTGGGTGACAACAGTGAGACCCTGTCTCAAAAATAAATAAATAAATAAATAAATAAATAAATAAATAAATAAA"
"GL873520","60903513","60903710","chr8","38561134","38561339","57","22342379","GACCAGCCTGAGTAAGAGTGAGACCTTATCTCTAAAAAAATAGCTGGGAGTTATGGCAGGTGCCTGTAGTCCCAGCTACTTGGAAGGCTGAGGCAAGAGGATCACTGGAGCCCATGACTTTGAGGTTGTTGTGAGCTATCATGCCATGGCACTTTACCCTGGGTGATAAAGTAAGACACCATGAAAGAAAGAGAGAAA","CAGCCTGGGTAACGTGGTGAGACCACATCTCTAAAAAAATTAGCTGGGCTTGGCAGCACATACCTGTAGTCCCAGCTACTTGGGAGGCTGAGGCGGGAGCATCGCTTGAACCCAGGAGGTAGAGCCTGCAGTGAGCGAGACTGTATCTCTGCACTTCAGCCTGGGTGACAAAGTGAGACACCATCTTAAAAAAAAAGAAAGAAAGA"
"GL873520","60903994","60904078","chr19","44122957","44123041","20","16781037","CTGGGCACAGTGGCTCACACTTGTAATTCTAGCACTCTTCAAGGCCAAGCTAGGCGGATTGCCTGGGTTCAAGAGTTGGAGACCA","CTGGGCACAGTGGTTCATCCCTGTAACCCAGCACTTTGGGAGGCCAAGGTGGGAAGATTGCTTGAGCTCAAGAGTTTGAGACCAC"
"GL873520","61127875","61128124","chr12","40543558","40543815","61","20584317","AGGCCAAGGCAGGTGGATTACTTGAGCTCAGGAGTTTGAGACCAGATGGAGTAAGGGTGAGACCTCCATCTCTACTAAAAATAGAAAAACTAGCCAGGCATCATGGCAGGTGCCTGTAGTCCCAGCTACTTGGGAGGCTGAGGCAGAAGGATCACTTGAGCCCGGGGTTTGAGGTTGCTGTGAGTCAGGCTGATGTCACAACATTCTACCAGGGCAACACAGTAAGACTCTGTCTCAAAAAAAAAAAAAA","AGGCCAAGGCGGGTGGATCACTTGAGCTCAGGAGTTTGAGACCAGCCTGGGCAACATGGCGAAACTCCATCTCTACAAAAATTACAAAAATTAGCTGGGCATTGGTGGTGCACACCTGTGGTGCCAGCCACTCAGGAGGCTGAGGTGGGAGGACCTCTTAAGCCTGGGAGGCAGTGGTTGCAGTGAGCTGAGGTCATGACACTACTCCATTCCATCCTGGGCAACAGAGTGAGGCCCTGTCTCAAAAAAAAAAGAAAA"
"GL873520","61204249","61204420","chr6","117522072","117522244","43","56317823","GAGAAAAACTGACTGGGCATTGTGGAAGGTGTCTGTAGTCCCAGCTACTCGGGAGGCTGAACCAAGAGGACTGCTCAAGCTCAAGAGTTTGGAGTTGCTGTGAGCTATAATGATGCTACAGCACCCTGCCCAGGGTAACAGAGTAAGACTTTAGCTCAAAAAAAAAAAAAAA","TAAAAAAATTAGCCAGATGTGGTGGCATGTGCCTGTAGTTCCAGCTACTCGGGAGGCTGAGGCAGGAGGATTGCTTGAGCTCAGGAGTTCGAGGCTGCAGTGAGCTATAATTGTGCCACTGCACTCTAGCCTGGGTGACACAGTGAGACCTTGTCTTTAAAAAAAAAAAAAAA"
"GL873520","61204698","61204831","chr12","96301849","96301984","29","35097151","GGCCAAGCGTGGTGGCTCCTGTCTATAATCCTAGCACGCTGGAGGGCCAAGGCAGATGGATTCCTTGAGCTCAGGAGTTAAAGATCAGCCTGAGTAAGAATGAGACCTCCATCTCTACTAAAAAGAGAAAAACT","GGCCAAGCATGGTGGCTCCTGCCTATAATCCCAGCACTTTGGGATGCCAAAGCAGGCAGATTACTTGAGCTCAGGAGTTCAAGACCAGCCTGGGCAACATGGTGAGACCCCATCTCTATTTTAAAAAATAAAAAAA"
"GL873520","61310865","61311035","chr14","88541197","88541366","41","27230332","GCTGGGCATTGTGGAGGGCACCTGTAGTCCCAGCTACTTGGGAGGCTGAGACAAGAGGCTCACTTGAGCCCTGGAGCTGAAGGTTTCTGTGAGCTGTGACACCATGGCACTCTACCAAGGGCAACATAGTAAAACTCTGTCTCAAAAAAAAATAGAAGTAGAAAAAGAAAA","GCTGGGCATGGTGGCTTATGCCTATAATCCCAGTACTTTGGGAGGCTGAGGCAGGAGGATAACTTGAGCCCTGGAGTCAAGGTTGCAGTGAGCTGTGATGGCACCACTGCACTGCAGCCTGGGTGACAGAGCAAGAACCTGTCTCAAAAAAAAAAAAAAAAAAAAAAAAA"
"GL873520","61311320","61311450","chr7","72684162","72684298","31","11372842","CCAGGCGCGGTGGCTCACACCTATAATCCTAGCACTCTGGGAGGCCGAGACAGGTAGATTGTTGGAGGTCAGGAGTTTGAAACCAACCTGAGCCAGAGTGAGCCCCCATCTTTAAAAAAACTAGCTGGAGC","GCCAGGCATGGTGGCTCACACCTGTAATCCCAGCACTTTGGGAGGCTGAAGCAGGAAGACTGCTTGAGGCCAGGAGTTTGAGACCACCCTGCACCACATAGCGAGACCGCATCTCTACTAAGAAATTAGCTGGGCAT"
"GL873520","61632558","61632764","chr12","61622891","61623093","58","9667","GGCCAGGTGCAGTGGCTCACACCTGTAATTCTAGCACTCTGGGAAGCCAAGACAGGAGAATCCTTTGAGTTTGGGAGTTCAAGACCAGTCTGAGCAAGAGCAAGACCCCATCTCTATTAAAAGTAGAAAATATTAGCCACATGTCCTGGCTACTGAGAGCTACTCAGGAGCCTGAAGCAGGAGGATCATTTGCCTGGGCAGCAGAGG","GGCTGGGCATAGTGGCTCACACCTATAATCCCAGCATTTTGGGAGGCCGAGGTGGGAGAATCACTTGAGCCCAGGAGTTCGAGACCAGTCTGGGCAACATGGCAAGACCCTGTCTCTACAAAAATTAAAAAATTAGCCAAGTGTGGTGGCTGTGGTCCCAGCTACTCAGGAGGCTGTGGTGGGAGGATCTCCTGGGCCTGGGA"
"GL873520","62111475","62111518","chr11","2140149","2140197","13","59971326","CCTGTAATCTAAGTACTTTGGGAAGCCAAGTGGAAGGATCTTTC","CTTGTAATTCCAGCACTTTGGGAGGCCAAGGTGGGAGGATCACTTGAGC"
"GL873520","62111756","62112003","chr3","130809410","130809642","65","68697654","CTGGTGGAAGGATCTTTCTAATTGAGGCCAGAAGTTTGAGACCAGCCTAAGCAACATGGCAAGACCCTATAACCATGTAAAATAGAAAAATTAGCTGGGTGTGGTGGTGCACACCTGTAGTACCAGATACTCGAGAGGCTGAGGCAGGAGGTTTGCTGGAGCCCAGGAGTTTGAGGTTACAGTGAGCTATAATGACACCACCACACCTTAACTCAGGCAAAAGAGCAAGACCCTTTCTCAAAAGAAAA","CCGGAGAGGGTAGATTTCTTGAGCCCAGGAGTTCAAGACCATCCTAGGCAACATGGCTACAAAAAATAGAAAAATTAGCTGGGCATGGTGGTGTGCACCTGTGGTCCCAGGTACTCAGGAGGCTGAGGTGGGAGGATTGCTTGAGCCTGGGAGGTTGAGGCTGCAGTGAGCCATGATTGCACCACTGCACTCCAGCCTGGGCAACAGAGCAAGACCCTGTCTCAAAAAAGAAA"
"GL873520","62249107","62249260","chr10","17058131","17058282","38","45190976","ACAATTAGACAGGTGTAGTGGCACAAGCCTATAGTCCCGCTACTCGGAAGGCTGAGGCAGGAGGATCACTCGAGCCCAAGAGTTGGAGGTCACTGTGAGCTATGACACCATGACATTCTCCCCAGGGTAACAGAATGAGATTCTGTCTCAAAAA","AAAAATTAGGCATGGTGGCATGTGCTTGTGCCAGCTACTCAGGAGGCTGAGGCAGGAGGATCACTTGAGCTCAAGAGGTGGAGGCTACAGTGAGCCATGATTGCACCACTGCACTCCAGCCTGGGCAACAGAGTGAGACCCTGTCTCAAAAA"
"GL873520","62249287","62249403","chr22","16925544","16925667","25","45323743","GGCTGGGCGTGGTGGCTCACATTGTAAATTCTAGCACTCTGAGAGGCCGAGGTGGGTGGATTGCTTGAGGCTAGGAGTTAGAGACCTGAGCAAGAGTGAGACTCTGTCTCTGCTAAA","GACTGGGCATGGTGGCTCACACCTGGAATCCCAGCACTTTGGGAGGCCAAGGTGGGTGGTTTGCTTGAGCCCAGGAGTTCGAGAGCAGCCTGGGCAATATTGTGAGACTCTGTCTCTACAAAAT"
"GL873520","62409859","62410146","chr6","37880818","37881108","74","24529041","GACTAGGTGCAGTGGCTCACACCTATAATCCTAGCACTGTGGAAGGCCAAGGCAGGTGGATTAGTTAAGCTCAGGAGTTTGAGACCAGCCTGAGCAAGAGTGAAACTCCATCTCTGCTACAAATAGAAAAACCAGCTAGGCAGAGTGACATGCTCCTGCAATTCCAGGTACTTGGAAGACTGAGGTAAGAGGATCATTCAAGCCCAGAATGAGAGGATGCTGTGAGCTATGATGCCACAGCACCCAGTGAGGCTATCTCAAAAAAAAAAAAAAAAAAAAAGAAAGAAA","GGCCAGGCGCAGTGGCTCACACCTGTAATCCTGGCACTTTGGGAGGCTGAGGCGGGTGGATTGCTCGAGCTCAGGAGTTCAAGATCAGCCTGGGCAACATGGTGAAATCCCATCTCTACAAAAAATACAAAAAATTAGCTGGGTGTGGTGGCACATGCCTGTGGTCCCAGCTACTTGGGAGGCTGAGGTAAGAGGATTACCTGAGCCCAGAAGGCCAAGGCTACAGTGAGCCGTGATCATGCCACTGCACGCCAGCCTTTTTCAAAAAAAAAAAAAAAAAAAAAAGACAAA"
"GL873520","63481106","63481324","chr10","7622016","7622239","66","55859090","GAAAACAGTCTGAGATGAGCCTGAGTAAGAACAAGACCCCGTCTCTACTAAAAATAGAAAAACTAGCTAGTGTGTTGGTGGATCCCTGTCATCCCAGGTACTTGGGAGGTTGAGGCAGGACCACTGGAGCCCAAGAGTTTGAGGTTGCTGTGAGCTATCACACTACAGCACTCTACTGAGGGTAACAAAATGAGACACTGTCTCATGAGAAAAAAGAAA","CAGGAGTTTGAGATCAGCCTGAGCAACATGGCAAAATCCCATCTCTACTAAAAATACAAAAATAAGCTGGGTGTGGTGGTGTGCTCCTGCAGACCCAGATACTCGGGAGGCTGAGATGGAAGGATCTCTTGAGCCTGGAAGTTTGAGGCTGTAGTGAGCTGTGATCATACCACTGTACTCCAGCCAGGGTGACACAGCAAGACCCTGTCTCAAAACAAAAAAAA"
"GL873520","63481596","63481682","chr3","39920305","39920389","13","23561291","GGCCAGGCACAGTGGCTCACACCTATAATCCTAGCACTCTGGGAGGCTGAGGCAGGCAGATTGCTTGAGCTCAAGAGTCTGAGACGA","GGCTGGGCACAGTGGTTCATGCCTATAATCCTAGCACTTTGGGAGGCTGAGGCAGACAGATTGCTTGAGACCAGGAGTTTGAGAC"
"GL873520","63984607","63984688","chr22","40046115","40046198","21","23938492","GGCTCATGTCTGTAATCCTAGTAGTTTGGGAGGTTGAGATAGGAGGATAGTGTAAGGCCAGGATTTTAAGAACAGTCTGAGT","GTGGCTCATGCCTGTCATCCCATCACTTTAGGAGGCTGAGGTGGGAGGATCACTTGAGACCAGGAGTTTAAGACCAGCCTGAGA"
"GL873520","63984964","63985013","chr12","123527171","123527211","18","59542207","AAAGAAGAGACTGAGCAACACAGTGAGATTATATAGCAAAATAATAATAA","AATTAAAAAATTTAAAAAGTGAATGAGATAAAAAAAAAAAA"
"GL873520","63985042","63985199","chr10","96290088","96290255","47","32305046","AAAAGAAAAAAATTAGCGAGGCATAGTAGCACATGGCTATAGCTCCAGCTACTTGAGAGAGTGAGGCAGGAGTTTGTTTGAGCCTGGGAAGTCGAGGTTGCAGTGAGCCATAATGGTGCCACTGCACTGTAAAACAGCAAGAGACCACCCCTCAAAAA","CAAAAAATACAACAATTAGCTAGGCATGGTGGCACATGCCTGTAGTCCCAACTATTTGAGAGGCTGAGGTGGGAAGATTGCTTTAGCCCCCGAAGTTGAGGCTCCAGTGAGCCAAGATTGTGCCACTGCACTTGAATCTGGGTGACAGAGCAAGACCCTGTCTCAAAA"
"GL873520","64280098","64280238","chr14","74041742","74041876","35","9761644","TAATCCTAGCATTTTGAGAGGCCAAGGAAGGAGGATCATTGGGCCCAGAAGATTGAGGCTGCAGTGAGCTGGGATTGCAGCATCATGGCATGTCTCCAGCCTGGGCAACAGTCTGAGATCCTGTCTTTAAAAAAAAAAAAA","GTCCCAGCTACTTGGAAGGCTGAGGCAGGAGGATCACTTGAGCCTGGGAGGCTGAGGCTGCAGTGAGTTGAGATCACACCACTGCACTCCAGCCTGGGCAACAGAGTGAGACCCTGTCTAAAAAAAAAAAAAAAA"
"GL873520","64390458","64390731","chr9","129896598","129896884","83","65506140","GCTAGGCCTGGTGGCTTGTGTCTGTAATCTTAGCACTCTAGAAAGATAAGGCAGGTAGGTAGATTTCCTGAACCCAGGAGTTCAAGACCTGCCCGAGCAAGAGGGAGACCTCACCTCTATTAAAAATAGAAAAACTAGCAGATCTGGCAGGTGCCTTTAGCCCCAGCTATGTGGTAGGTTGAGGTAAGAGGGTCACCTGATCCCAAGAGTTTGAGGTTTCTGGAGCTATGATGCCATAGTACTCTAGACAGGGCAATAGAGCAAGACTGTCCCA","GCCAGGTGTGGTGGCTCATGCCTGTAATCCCAGCACTTTGGGAGGCTGAGGCGGGAGGACTGCTTGAACTCAGGAGTTCAAGACCAGCCTGGGCAAGATGGTGAGACCTCATTTCTACTAAAAAAAGGAAAAAAAAATAGCCAGGTGTAGTGGTGCATGCCTGTACTCCCAGCTACTGGGTAGGCTGAGATGGGAGGATTGCTTGAGCCCCAGAGATTGAGGCTGCAGTGAGCCATGTTTGTGCCACTGCACTCCAGCCTGGACAACAGAGCAAGACCCTGTCTCAA"
"GL873520","64390763","64390781","chr8","126405290","126405308","3","62014527","GAGACAAAAAACAAAAAAA","AAGCCAAAAAACACAAAAA"
"GL873520","64761525","64761688","chr10","19288424","19288579","45","45473101","TACTAAAATAAGCCGGGTGTTGTGGCAAGCTCCTGTAAATCCCAGCTGCTTGAGAAGCTGTGGCAAGAGAACTGCTTGAGCCCAAGAGTTTGAGGTTGCTGTGAGATGTGACGCTATGGCACTCCACCAAGCAAGGGCAACAAAGTGACACTCTGTCTCAAAAA","TTAGCCAGGTGTGGTGGTGTGCACCTGTGGTCCCAGCTTCTTGAGAGGCTAAGGCAAGAGGACTGCTTGAGCCTGAGAGTTCGAGGCTGCAGTGAGCCATGTTCACACCACTGGACTCCAGCCTGGGCAACAAAGTGAGACCCTGTCTCAAAAAAA"
"GL873520","64761718","64761830","chr21","23033355","23033468","26","41728363","GGATGGGCACGGTGACTCATGCCTGTAATCCTAGCACTCTGGGAGGCCGAGGCAGGCGGATTGCTTGGATTCACTGACAAGATCAGCCTGAGCAAGAGCACAGACCCCTTCTT","GGCCAGGCATAGTGGCTCATGCCTGTAATCCCAGCACTTTGGAAGGCCGAGGCAGGAGGATTGCTTGGAGCCCAGGAGTTCGAGACCAGCCTGAGCAGCATAGACCCCTATCTC"
"GL873520","65203840","65204008","chr6","16993982","16994146","52","48209858","AAAAATCACAATAAACCTGGGCATTGTGGGACACACTTGTGGTCCCAGCTACTTGGAAAGCTGAGGCAAGAGGATCCCTTGAGCCCAGTCCACCATTCAGGTCCAGAGGAAGAGGCACTGCCCTCCAGCCTGGGACTCTAGTGAGACCTCCTCTCTTAATAAAAAAGAA","AAAATAAAAAGTTAGCTGGCCATGGTGGCACACACCTGTGGTCCCAGCGACTCAGGAGGCTGAGGCACAAAGATTGCTGGAGCCTAGGAGGTTGAGGCTGCAGTGAACCACTGCACTCCAGCCTGGGTGACAGAGAGACCCTGTCTCTTAGAAAAGAAAAGAAAA"
"GL873520","65233615","65233893","chr12","113638468","113638747","72","48404853","GACTGGGCAAGGTGCCTCACCCTGGTAGCCTAGCACTCTGGGATGCCAGGATGTGTGGATTGTTTGAGCTCAGGAATTGCAGACCACCCTAAGTAGGAGTGAGATCCCATCTCTACTAAAACAGAAAAACTATCCAGGTGTCATGGCAGGCACTGATAGTCCCAGCTACTGGGGAGCCTGAGACAAGAGGATTGCTTGAGCCCAGGAGTTTGAGGTTGCTGTGAGGTATAATAACACCACAGCCCTCTAGCCTGGGCAACAGAGTGAGACTATGTCTCA","GGCCGGGTGCGGTGGCTGATGCCTGTAATCTCAGCACTCTGGGAGGCCAAGGTGGGAGGCTTGTTTGAGCCCAGGAATTCCAGCCCAGCCTGTGTAACACAGAGAGACCCCATCTCTACAAAAAATAATAAGATTAGCTGGGGGTAGTGGCATGTGTCTATAGTTCCAGCTACTCGGGAAGCTGAGGCAGGAGGATCACTTGAGCCCAGGAGGTTGAGGTTGCAGTGAGCTATGATCACTCCACTGCACTCCAGCCTGGGCAACAGAGCAAGACCCTGTC"
"GL873520","65233919","65233934","chr4","2195053","2195068","3","63038866","CCAAAACGAAAGAAAA","ACAAAACAAAACAAAA"
"GL873520","65359603","65359765","chr10","35735599","35735752","41","29624004","GTGGCTCATGCCTGTAATCCAGCACTCTGGGAGGTCAAGGCTAGATGATCACTTGATTGAGTCCAGGACGTCCAGGCTGCAGAGAGCTGTGACTCTGCCACTGTACTCCAGCCTGGGTGTAGCATGAGACCTTGTATCTAAAAACAAGCACCAAACAAAAAAA","GTGGCTCAAACCTGTAATCCCAGCACTTTGGGAGGCCAAGGCCAGAGGATCACTTGATCCCAGGAGGCTGACGCTGCAGTGAGCCGTGATCATGCCACCACACTCCAGCCTGAGCAACACAGTGAGACGTTGTCTCTAAAAAAGAAAAAGAAAA"
"GL873520","65811521","65811636","chrX","5419188","5419305","32","60392333","GTAGCAGTTACTTAGGTGGCTGAGGCAGGAGGATCACTTGAACCTAGGAGTTCACGGTTGTTGTGAGCTATTATGATGCCAGTGCACTCTCCCCCAGAGGGATAGAGTGAGACTCT","GTCCCAGCTACTCTGGGAGGCTGAAGTGGGAGGATCACTTGAGCCTGGGAAGTTGAGGCTGCAGTGAGGTATGATTGTGCCAGTGCACTCCAGCCTGGCTGAGAGAGTGAGTCTCCGT"
"GL873520","65812040","65812202","chrX","9218405","9218573","37","56593635","GACCAGGCACGGTAGCTCACTCCTGTAATCCTGGCACTCTGGGAGACTGAGGCAGGTGGATTGCTTGAGCTCGGGAGTTGGAGATCAGCCTGAGCAAGAGCAAGACCCCATCTCTACTAAAAATAGAAAAACTAGCTGGGCTTTGTGCAGTCACCTGTAGTTA","GGCCAGGCGCAGTGCCTCACACCTGTAATCCCAGCACTTTGGGAGGCCGAGGCGGGTGGATCACTTGAGCTCAGGAGTTTGAGACCAGCCTGAGCAACATGGCAAAACCTCACCTCTACAAAAAAAATACAAAAATTAACCAGGCATGGTGGCAGGCACCTGTAGTCTC"
"GL873520","65944653","65944944","chr7","133126957","133127257","74","67182304","GGCCAGGCACAGTGGCTGACACCTATAACCCTAGCATTCTAGGATGCCAAAGCAGGTGGACTGCTTGAGCTCAGGAGTTTGAGACCAGACTGAGCAAGAGTGATTCCAGAACTCTACAAGAAGTAGAAAAATTAGCTAGGCATGGTGGCTCATGCCTATAGTCCCAGCTACACTGTAGGAGGCTAAGGCAGGATAGCTTGAGCCCTGCCTGTGGCTTGCTGTGAGCTGTGACACCAGGGCACTCTACCCAAGATGACAGAGGGACACTCAGTCTCAAAAAAAGAAAAAAAAA","GACCAGGCACAGTGGCTCACACCTGTAATCCCAGCACTTTGGGAGGCCAAGGCAGGTGGAATGCTTGAGTCCAGAAGTTCCAGACCAGCCTGGGCAACATGGTGAAACCCTGTCTCTACAAAAAATACAAAAATTAGCTGGGCATGGTGGCACATGCGTGTAGTCCCAGCTACTCAGGAGGCTGAGGCAGGAGGATTGCTTGTGGCCAGAAGGTTGAGGCTGCAGTGAGCCAAGATTGCACCACTGCACTCCAGCCTGGGTGACAGAGTGAGACCCTGTCTCAAAAAATAAAAAATAAAAA"
"GL873520","66312570","66312862","chr6","39411163","39411467","78","26901407","GGGCCGGTGGCTCTGCCTGTAATCCCAGCACTTGAGAGGCCAAGGTGGGTGGATTGCTTGAGCTCACAGGTTTGAGACCAGCCTGAGTCAGAGAGACACTTTATCTCTAAAAATAGATGGGTGTTGTGATGAGTGCCTGTAGTCCCAGCTACTTGAGAGACTGAGGCAAGAGAATCATTTAAGCCCAGGAATTTGAGGCTGTTGTGAGCTATGATGCCATGGCACTCTACTAAGGGTGACAAAGTGGTACTCTCTCTCAAAATAAATAAATAAATAAATAAATAAGAAGAAAA","CTGGGCGCGGTGGCTCACAGCTGTAATCCCGCATTTTGGGAGGCCAAGGTGGGCAGATTGCTTGAGCTCAGGAGTTTGAGACCAGCTATAGTCAACGTGGAGAAACCCCGTTTCTACAGAAATTAGCCAGGTGTAGTGGTGAGTGCCTGTAGTCCCAGCTACTTGGGAGGCTGAGGTGGGAGGATGACTTGAACCTGGAAGGTTGAGTTTGCACTGAGCCAAGATGGCAACACTGCACTCCAGCTGGGGCGACAGAGTGAGACCCTGTCTCAAAATAAATAAATAAGTAAATAAAAATAAATAAA"
"GL873520","66697774","66697947","chr12","66258613","66258792","41","439161","AAAAATAGAAAAACTAGCTGGGCATCATGGCAGATGCCCATAGTCCCAGGTAGTCTGGAGGCTCAGGCAGGAGGATCACTTGAGCCCAGGAGATTGAAGTTGCTGTGAGGTGTGATGCCATAGCACTCTATCCTAGGGCAACAAAGCGAGACTCTGTCTCAAAAAAAAAAAAAA","AAAAAACAAAAATTAGCCAGGCATGGTGGTACATGCCTGTAGCCCCAGCTATTCTGGTGGCTGAGGCAGGAGGATTGCTTGAGCCCAGGAGGTTGAAGCTGCTGTGAGCCGTGATTGGACCACTGCACTCCAGCCTGGGGGACAGAGTGAAACTGTGTCTCAAAAAAAAAAAAAAAAAAA"
"GL873520","66905740","66906006","chr1","109854612","109854879","75","42948872","CTGGTTGCAGGGGCTCATGTGACATGTAATCCTACCACTCTGGGAGGCCAAGGCGGGAGGATCACATAAGCTCAGGTATTTGAGACCAGCCTATAAGAGTGAGACTCTGTCTCTATTAAAACTAGAAAAGTTAGCTAGACATTGTGGTGGGCACTTGTAGTCCCAGCTACTCAGAAGGCTGAGGCAAGAGGATCCCCTGAGCCTGAGAGTTTGAGGTTGCTGTGCTGCCCAGGGCACAGAGGTAGCCTCTGTCTCAAAAAGAATAAA","GACTGGGTGCAGTGGCTGACACCTGTAATCCCAGCACTTTGGGAGGCCAAGGTGGGCAGATCACTTGAGCTCAGGGGTTTGAGACCAGCCTGGGCAACATGGTGAAACCCCATCTCTACTAAAAATACAAAAATTAGCTGGGCATGATGGTGTGCCCCTGTGGTCCCAGCTACTTGGGAGGCTAAGGTAGGAGGACCATTTGAACCCAGGAGGTTGAGGTTGCAGTGAGCCATGATGGCACCAGAGTAAGACCCTGTCTCACAAAAAA"
"GL873520","67860832","67861100","chr1","76509011","76509296","71","8648179","GGGCATGGTGGCTTATCCTATACTCAATCCTAGCACTCTGGGAGGCCAGGCAGGAGGATCTCTTGAGCTTGGGAGTTTGAGATTAGACTAAGCAAGAGTGAAATCCTGTCTCTACTAAAAAAGAAAAATTAGCCAAGTGTTGTAGTGGGCACCTGTAGTCCCAGCTACTCAAGAGGCTGAGGCAGGAGGATTGCTTGAGCCCCGAAGTTTGAGGTTGCTATGAGCTGGGCACTCTATTCTGGGCAACAGAATGAGATTCTGTCTCAAAA","CCAGGTGTGGTGGCTTACACCTATAATCCCAGCACTTTGGGAGGCCAAGGCAGGAGATCACTTGAGCTTAGGAGTTTGAGACCAGCCTTGGCAACACAGTGAGACCCTGTCTCTACAAAAAATACAAAAATCAGCCATGTGGGATGGTGCCCACCTGTAGTCCCAGCTACTCAGGAGGCTGAGGTGGGAGGATGGCTTGAGCCAGGGAGATAGAAGTTGCAGTGAGCCAAGATTGTGCCACTGCTTTTCAGCCTGGGCAACAAAGTCAGACTCTGTCTCAAAAAAA"
"GL873520","69062088","69062263","chr7","70866847","70867027","48","1804759","TTAAAAAAAAAAAAAATAGAAAGACTGGCTAGACGTTCTGGCTGGTGTCTGTAGTCCCAGCTACTAGGGAGGCTAAGGCAAAAGAATCACTTAAGCCCAAGAGTTTGAGGTTGCTGTGAGCTATGATGGCACAGCACTTTACCAAGGGTGACAAAGTGAGACTCTGTCTCTAAAAA","CTTATTTAAAAAAAAAAAAATAGCTGGGCATGGCCATGGTGGCACATGCCTGTAGTCCCAGCTACTCGGGAGACTGAGGCAAGAGGATCCCTTGAGCCCAGAAATTGGAGGAGGCAGTGAGCTATGATTGTGCCACTGCACTCCATCCTGGGTGACAAAGCAAGACTCCATCTCAAAAAAA"
"GL873520","69062538","69062668","chr13","30541906","30542038","27","38520632","GGCTGGGTGTGGTGGGTCACACCTATAATCCTAGCACTCTGAGAGGCTGAGGTGGGTGGATTGCCTGAGCTCAGAGTTTGAGACCAGCCTAAGCAAGAATGAGACACATCTCTATTAAAAATAGAAAGACT","GGCTGGGTGCGGTGACTCACACCTATAATCCCAACACTTTGGTAGGCTGAGGTGGGTGGATTGATTGAGCCCAGAAGTTTGAGACCAGCCTGGGCAAAATGGTGCAACCCCATCTCTACAAAAAATACAAAAA"
"GL873520","69122097","69122374","chr2B","205101704","205101992","75","135979607","GGGTGGGAGCAGTGACTCATGCCTGTAACCTTAACACTCTGGGAGGTCAAGATGGGTAGATCACCTGAGTTCAGGAGTTCGAAACCAGTTTGAGCAAGAGCAAGACCCCATCTCTACTATAAATAGAAAAACTATCCGGTGTTGTAGTGGGTGCCTGTAGGCCCAACTACTTGGGAAGCTGAGGCAAAAGGATCACATGAGTCCAGGAGTTTGAGGTTGCTGTGAGCTATAATGCCAGGACACTCTACCCAGGACGTCAGAGTGAGAGAGTCTCAAAA","GGCTGGGCACAGTCACTCATGCCTGTAATCCCAGCACTTTGGGAGGCTGAGGTGGGTGGATCCCTTGAGTCCAGGAGTTCGAGAGCAGCCTGGGCAACAGGGCGAAACCCTGTCTCTACTAAAAGTACTAAAATTAGCCAGGTGTGGTTGCATGTGCCTGTAGTCCCAGCTACTAGGGAAGCTGAAGTGGGAGGATCACTTGAGCCCAGGAGGTGGAGGCTGCAGTGAGCTGTGATCATGCCACTGGCACTCCAGCCTGGATGACAGAGTAAGACCCTATCTCAAAAAA"
"GL873520","69132087","69132220","chr5","89100215","89100340","36","19968128","GCTGGACACGGTAGCTCATGATTGTAATCCTAATACTTTGGGAGGCTGAGGCAGGTGGATTGATTGCCTGAGCTCACAGGTTCAAGATCAGCCTGAACCAGAGAGAGACCCCCTCGTCTAAAAATAACTGATTG","GGTTGGGAGCCGTGGCTCATGACTGTAATCCCATAACTTTGGGAGACAGAGGCAGGAAGATTGCCTGAGCTCACAAGTTCAAGACCAGCCAGAACAATGCGGTGAAACCCCATCTCTACAAAAAAT"
"GL873520","69132506","69132665","chr1","54558782","54558941","40","14573724","AAAAAAAAAGCTAGGTATCGTGGCTGGCACCTGTAGTCCCAGCTACTTGGGAGGCTGAGGCAAAAGAATCACCTGAGCCCAGGAGTTAGAGGTTGCTGTGAGCTATGACGCCATGGCACTCTATCAAAGGTGATAGAGTTAGACTCTGTTTCAAAAAAAA","AGAATTGACTGGGTATGGTGGCACATGCCTACAGTCCCAGCTACCTGGGAGGCTGAGGCAAGAGGATCGTGTGTGCCCAGGAGTTCGAGGCTGCAGTGAGCTATGATCACGCCATTGCACTCAGCCTGGATGATAGAGTAAGACCCTGTCCCTAAAAAAA"
"GL873520","69353400","69353535","chr4","62502184","62502318","29","6851216","GGCTGGGCATAGTGGTTCATGCCTGTAGTTCTATCTCTCTGGGAGGCTGAGGCGGGTGGATTGCTTGAGCTCGGGAGTTCAAGACCAATCTGAGCAAGAGTGAGACCCCATTTCTATTTTAAAAAAGTAGAAAAGT","GGCTGGGCATGGTGGCTCATGCCTGTAATTCTAGCACTTTGGGAGGCTGAGACGGGTGGATTGCTTGAGCCCAGGAGTTCAAAACCAGCCTGGGCAACAATGTGAAACCCTGTCTCCACAAAAAATACAAACATT"
"GL873520","69353815","69353988","chr10","56775428","56775612","44","12578387","CTAGCTAGGCATTGTGGGCACCTGTAGTCTTAGCTACTTGGGAGACTGAGGCAAGAGGATTGCTTCAGTCTAAGAGTTTGAGGTTGTTGTCAGCTGACACCACAGTGCTCTAGCCCAGGCAATAGAATGAGACTCTGTCTCAGAAATAAATAAATAAATAAATAATAAAATAAA","TTAGCCAGTTGTGGTGGTGCACAGCTGTAGTCCTAACTACTTGGGAGACTGAAGCAGGAGGATTGCTTGAGCCCAAGAGTTTGAGACTGCAGCAAGCTATGATTGTGCCACTGCGCTCCAGCCTGGGCAACAGAGGAAGACTCTGTCTCTATAAATAAATAAATAAATAAATAAATAAATAAATA"
"GL873520","69844761","69844932","chr10","90868422","90868591","50","21023661","TACACAAATTAGCTGAGCACAGTGGCTCCTGCTAATAGTCTTAGCTACTCAGGAGGCTGAGACAGGAGGATTGCTTGAGGCCAAGAGTTTGAGGCTGTCGTGTACAATGATCACATTAATGAATAGCCACTGCCCTCCAGCCTGGACAATGTAGCAAGGGGTTATCTCCAAA","AAAATGTAAAATTTGGCCAAGCAAAGGTGGCATACATGCCTGTAGTCCCAGCTATTCAGGAGGCTGAGGCAGGAGGACTGCTTGAGCCCAGGAGTTTGAGGCTGTAGTGGGCTGCGATCATACCAGTGAATAGCTACTGCACTCCAGCCTGGACAACATAGCAGAAACCC"
"GL873520","70264235","70264511","chr1","28750736","28751025","63","41513499","GGTGTGGTGGCTCACGCCTATAATCCTAGCTCTCTAGGAGGCTGAAGCAGATGGATTGCTTGAGCTCAGGCATTGGAGACCAGCCTGAGCAAGAGCAAGACCCTGTCTCTAAAAAAACTAGCTGGGTGTTGTGGCAGGCACCTGTAGTCCTAGCTACTTGGGAGGCTGAGGTAGGAGAATCACTTGAGCCCAGGAGTCTGAGATTGCCGTGAGCTGTGATGCCACAGCTCTCTACCGAGGGCAACAAAATGAGACTCTGTCTCAAAGAAGAGAAAAA","GGTGTGGTGGCTCACGCCTATAATCCCAGCACTTTGGGAGGCTGAGCCAGGTGGATTGCTTGAGCACAGGAGTTTGAGACCAGCCTGCACAATATGGCAAAACCCTGTCTCTACAAAAACTACATATATTAGCCAGGTGTGGTGGTATGTGCCTGTAGTCCCAGCTACTTGGGAGACTGAGGCAGGAGGATCAATTGAGCCCAGGTGGTTGAGGCTGCAGTGAGCTGTGACTGCATCACTGCACTCTAGCCTGGACGACAGAGCAAGACCCTGTCTCCAAAAAAAAAAAA"
"GL873520","70264772","70264787","chr1","172062035","172062048","2","101797263","AATAAAATAAATAAAA","AAAAAATAAAAAAA"
"GL873520","70431995","70432168","chr7","119029682","119029843","46","48597687","GGGGCATGGTGGCGCGTGCCTATAGTGTTAGCTACTCAGGAGGCTGAGGCAGGAGGATCACTTGAACCAGAAATTCAAGGTTACAGTGAGCTGTGACACACCACTCCAACCACTCCAGCCTGGAGGATAGGAGGATAGAGCAAGACACCATCTCTAAGTAGAGAAAAGAAAAAA","TAGCTAGGCATGGTGGTGTGTGTCTGTAGCCCTAGCTACTCAGTAGGCTAAGGCAGGAGGATCACTTGAGCCCAAGTTCAAGGTTACAGTGAGCTATGATTGTGCCACTGCACTCCAGCCCACGTGATAGAGCAAGACTCTATCTCTTAAAGAAAAAAAAAA"
"GL873520","70432195","70432319","chr7","55380099","55380223","24","15052096","GGTCAGGTTACAGTGGCTCATGCCTGTAACTCCAGTGCTTTGGGAGGCCAAGGTGGAAGGATCACTTGAGCCCAGAAGTTTGGGACCATCCTGAGCAACATAACCAGATCCTAACTCTAATAAGA","GGTCAGGCACAGTGGCTCATGCCTGTAATCCCAGCACGTTGGGAGGCCAAGGCAGGAGGATCACTTGAGCCCAGGAGTTTGCGACCAGCTTGGGCAACATGGTGAGACCCTATCTCTACAAAGAA"
"GL873520","70561444","70561605","chr17","5354151","5354316","34","65207293","AATTAGCCAGGCATGGTGGCTCAGGCTTGTAGTCCTAGCTATTCAGGAGGCTGAGGCAAGAGAATCACTTGAGCCTAGAAGTTTGAGGTTGCTGTGAGCTATGACGCCATGGCACCCTACCCAGGGTGACTGAGTGAGACTGTCTCAAAAAAAAAAAAAAAA","TTAGCCAGGCATGGTGGTACATGCTTGTAGTCCCAGCTACTTGGGAGGCTGAGGTGGGAGAATCCCTTGAGCCCAGGAGTTTGAGGTTGCAGTGAGCTATGATTGTGCCACTCTGCATGCCAAGTCTGGGTGACAGTGAAACTGTCTCAAAAGAAAAAAAAGAAAA"
"GL873520","70561626","70561754","chr5","38564696","38564817","26","31996930","GGCTGGGTGCAGTGGCTGATGCCTGAAATCCTAGCATTCTGGCAAGCTGAGGTGGCAGGTGGATTGCTTGAGCTCAGGAGTTTGAGACCAGCCTGACCAAGAGCAAGACCCTGTCTCTACTAAAAATAA","GGCTGGGTGCAGTGGCTCATGCCTATAATCCTAACATTTTGGGAAGCTGAGGTGGGTGGATCGCTTGAGCCCAGAAGTTTGAGACCAGCTTGGGCAACATAGTGAGACCCTGTCTCTATAAA"
"GL873520","70984973","70985269","chr19","61169515","61169813","69","9815458","GCACAGAGGCTCATACCTATAATCCTAGCACTCTGAGAGGCCGAGGTTGGTGGATCACCTAAGCTCAGGAGTTTGAGACCAGCATGAGCAAGAATGAGACCCTATCTCTACTAAAAATAGAAAAACTAGCCAGATGTTGTGGTGGGTGCCTGTAGTCCCAGATACTTAGGAGGCTGAGGCAGGAGGATGGCTTCAGCCCAAGAGACTGAGGTTGCTATGAGCTGTGAAGCCATGGCACTCTACTGAGGGCAACAAAGTGAGACTGTGTCTCAAACAAATAAAATAAAATAAAAATAA","GGGCACAGTGGCTCTTTCCTGTAATCCCAGCACTTTGAGAGGCTGAGGTGGGAGGATCACTTGAGTCCAGCAGTTTGAGACCAGCCTGGGCAATACAGTGAGACCCTGTCTCTACAAAAAATATAAAAATTAGCTGGGTGTGTTGGTGCCTGCCTGTGGTCCCAGCTGCTCAGGAGGCTGAGCCAGGAGGATGGCTTGAGCCCAGGAGGTCGGGGCTGCAATGAGCCGAGAGGTCATGCCACCGCTCCAGCCTGGGCGACAGAGAGAGACCCTGTCTTAAAAAAAAAAAAAGAAAAAAA"
"GL873520","71031217","71031408","chr4","57296207","57296386","48","13735010","AAAAAAGATAGAAAAATAAAGTGAGCATAGTGGTGTGTCATAAGTAGTCCCAGCTACTTGGCAGGCTGAGGCAGGAGCATTGCTTGAGTCCAGGAGTTTTAGGTTGCAGTGAGCTGTGATGACATGATGCCACTGTGCTCTATCCTAGGCAACAGAGCAAAACCCTGTGTCAAACAACAACAACAATAAAAA","AAAAAAGAAAAATTAGCCAGGCATGGTGGCATGTGCCTGCAGTCCCAGCTACTCAGGAGACTGAGGTGGGAGGATTGCTTGAGCCAGGGAGATTGGGGCTGCAGTGAGCTGTGATATCATGCCACTGTACTCCAGCCTAGGCCGCAGAGTGAGACCCTGTCTCAAAACAAAAACAAAAAA"
"GL873520","71031681","71031796","chr19","18214436","18214546","24","52817245","CTGTAATCCTAGCACTTTGGTAGGTTGAGGTGGGAGGATTGTTTGAAGCTAGGAATTCAAGACCAGTCTTGGCAACATAGTGAGACCCTGTCTCTGCAAAAAATTAGAAAAATAAT","TGCAATCCCAGCACTTTGGGAGGTTGAGGCAGGAGGATCACTTGAGCCCAGGATTCGAGATCAGCCTGTGCAACATGGTGAGACCCTGTCTCTACAAAAAGTAGAAAAATT"
"GL873520","71086533","71086689","chr8","38296068","38296228","42","32790465","CTAGCTGGGTGTTATGGTGGGCACCTGTAGTCCCAGCTACTCCGAAGGCGGAGGCAAGCAGATCACTTAAGTCCAAGAGTTTGAGATTGCTGTAAGCTATGATGATGCCCTGGATTTCTACTCAGCATGACAGAGTGACACTGTCTCAAAAATAAAA","TTTAGCTTGGTGTGGTGGTGGACACCTGCAATCTCAGCTACTCAGGAGGCTGAGGCAGGAGGATCACTTGAGTCCAGGAGTTTGAGGCTGCAGTAAGCAATGATTGTACCATTGCATTCCAGCCTGGGTGACAGAGTGAGACCCCATCTAAAAAAAAAAAA"
"GL873520","71086953","71087087","chr22","28422281","28422416","25","42664672","GGCATGGGGTGGTGGCTCACACCTGTAATCCTAGCACTCTGGGAAGCCTAGAGGGGTGGATTGCTTGAGCTCCGGAGTTCAAGACCAACCTTGAGCAAGAATGAGACCCCATCTCTACTAAAAATAGAAAAAGTA","GGCAGGGCGTGGTGCCTCACACCTGTAATCCCAGCACTTTGGGAGGCTGAGGTGGGAGGATCGCTTGAGTCCAGGAGTTCAAGACCAGCCTGGGCAACATGGTGAAACCCCATCTCTACTAAAAATAAAAAAATTT"
"GL873520","71331890","71332125","chr20","30673841","30674091","64","40658049","GCCTGTAATCCTATCACTTTGGGAGGCTGAAGTGAGTGGATTACTTGAGCTCAGGAGTTTGAGACCAGCCTAAGCAAGAGCATGACTCTGTCTCTACTAATTAGAAAAATCAGCCAGGCATGGTGGCAGGCACCTGTAGTCCCAGCTACTTGGGAGGCTGAGGCAAGAGGATTGCTTGAGCCGAAAAGGTTGCTGGGAGCTACGATGCCAGAGCAACAGACTAAGACTCTGTCTCA","CACGCGTGTAATCCTGGCACTTTGGGAGGCCGAGGCAAGCGGATTGCTTGAGCTCAAGAGTTCGAGACCAGCCTGGGCAACATGGCAAAATCCTGTTTCTACGAAAAAAATACAAAAATTAGCCGGGCATGGTGGCACACACCTGTAGTCCCAGCTGCTTGGGAGGCTGAGGCAAGAGGATTGCTTGAGCCCGGGAGGTAGAGGCTGCAGTGAGCTGAGATCACGCCACTGCACTCCAGCCTGGGCGACAG"
"GL873520","71345766","71346024","chr1","36477448","36477714","67","34868318","CCAAGTGCAGCAGCTCCCACCTAAAATCCTAGCACTCGGGGAGGCCAAGGAGGGTGGATCACTTGAGAGCAGAAGTTCAAAACCAGCCTGAGCAAAGGGTGATCCCATCTCTACTAAAAATAGAAAAATGGGTTGGTCACAGTGGCAGGTGCCTGTAGTCCCAGCTATTTAGGAGGATAAGGCAGGAGGATCACTTGAGCCCAGGAGTTTGAGGTTGCTCTGAGCTAAGCTGATGCCACTCTAGTCTGGGCAACACAGC","CCAGGTGCAGTAGCTCACCCCTGAAATCCTAGCACTCTGAGAGGCCAAGGCGGGTGGATCACTTGAGCCCAGGAGTTTGAGACCAGCCTGGGCAACATAGTAAGACCTCATCTCTACAACAAATACAAAAATTAACTGGGCATGGTGGTTTGTGCCTATAGTCTCAGCTACTCAGGAGGCCGAAGCAGGAGGATCATCTGAGCCTGGGAGGTCAAGGTTGCAGTGAGCCGTGATCAAGCCACTGCACTCCAGCCTTGGCCACAGAGC"
"GL873520","71346046","71346069","chr9","124703980","124704002","4","53357934","TTGTTAAAAAAAAATAAAAAAGAA","GTCTTAAAAAAAAAAAAAAAAAA"
"GL873520","71514260","71514298","chr19","16922261","16922295","7","54591999","CAGAGTGAGACTCTTGTCTCAAAAAAATAAAATAATAAA","AAGTGAGACTCTGTCTCTAAAAAAAGAAAAAAAAA"
"GL873520","71514393","71514660","chr22","25275994","25276259","77","46238399","GGCCAAGTGCCATGGCCCATACCTATATAATCCAGCACTCTTGAGAGGTCAAGGCAAGAGAATACCTTGAGCTAGACTTCCAGACCAGCCTGAGCAAGAACAAGACTCTGTCTCTGCTGAAAATAGAAAAACTAGCCAGGCATGGTGGTGGGTGCCTCTAGTTCAGCTACTCAGGAAGCTGAGGCAAAAGAATCACTTGAACAAGAGTTTGAGGTGTGATCTAGGCTGATGCCATGGAACTGTAGCCTAGGGCAACAGAGTGAGACTA","GGCCAGGTGCAATGGCTCATGCCTGTAATCCCAACACTTTGGGAAGCCAAGGCAGGCCAATCACTTGAGCTCAGGAATTCGAGACCAGCCTGAGCAACGTGGCAAAATCCTGTCTCTACAAAAAATAGCCAGGCATGGTGGTGGGTGCCTGTAATCTCAACTACTCGGAGGCTGAGGTGGGAGGATCGCTTGAGCCTGGGAGGCGGAGGTTGCAGTGAGCCATGATTGCGCCACTGAACTTCAGCTGGGGCGACAGAGTGAGACTC"
"GL873520","71587735","71587853","chr1","93453408","93453531","26","21865673","GTTGGGCACAGTGGCTCACATCTATAATCCCATCTACTTGAGAAGACTGATGCAGGTTTACCTGAGCCTAGGAGTTTGAGAACAGCTTGGGCAACATAATAAAAGCCCATCTCAAAAAA","GGCCGGGCACAGTGGCTGACACCTATAATCCCAGCACTTTGAGAGGCTGAGGTGGGAGGATCCATTGAGCCTAGGAGTTTGAGACCAGCCTGGGCAACATAGTAAAACCCCATCTCTGCAAAAA"
"GL873520","71662488","71662658","chr5","74746592","74746764","42","3084104","TTAACCAGGCATAGTGGAGGGAACCTGTAGTCCCAGCTATTCTGGAGGCTGATGCAGGAGGATCATTCGAGCCCAGGAGTTGGGGGGTGCTGGAAGCTATGATGATGTCACTGCACTCTACCCAGGGAGACACAGCAAGACTCTCTGCAAAAAGAAGAAGAGACGAGAAAA","TAACCAGGCATGGTGGTGTGTACCTGTAGTCCCAGTGACTGGGGAGGCTGAGGCAGGAGGATCACTTCAGCCCAGGACTTTGAGGCTACAGCGAGCTACGATTGTGCCACTGCATTCCAGGCTGGGTGACAGAGCAAGACGGTGTTTGAAATAAAGAAAAAGAAAAGAAAAAA"
"GL873520","71662950","71662998","chr1","40803029","40803077","13","30859921","AGTCTGAGCAAGAGTGAGACCCTGTATTTACTAAAAATAGAAAAATTAG","AGCCTGAGCAATATAGTGAGAACTTCTCTCTACAAAAATTAAAAAATTA"
"GL873520","71712370","71712500","chr3","132031399","132031533","29","60319029","CCAGGCATGGTGGCTCATACCTATAATCCTAGCACTCTGGATCTCCAAGGTAGGTGGATTGCTTGAGCTCACAAGTTCGAAACCAGCCTGAGCCAGAGCGAGACCCTGTCTCTATTAAAAATAGAAAAACT","GGCCAGGCATGGTGGTTCATGCCTATAATCTCAGCACTTCAGGAGGCCAAGGCAGGTGGATCACTTGAGCCCAGGAGTTCGAGACCAGCCTGAGCAACACGGCAAAACCCCGTCTCTACAAAAAATACAAAAATT"
"GL873520","71712775","71712792","chr1","131951482","131951496","4","60238707","TAAAAATATAAAAACTAT","AAAAAATAAAAATAA"
"GL873520","71713073","71713252","chr5","39633857","39634030","47","32079216","AGATAATAGAAAAACTAGCTGGGCATTATGGCGGGCACCTATAGTCCCAGCTACTCAGGAGGCTAAGGCAGGAGGATCACTTGAGCCCAAGAGTTTGAAATTGCTAGGAGCTATGATGCTATGGGACTCTACCCAGGGCGAAACAGTAAAATTATGTCTCAAAAAACAAAAATTAAAAAA","AAAAAATACAAAAATTAGGTGGGTGTGGTGGCAGGCACCTGTAGTTCCAGCTACTTGGGAGGCTGAGGCAGGAGGATCACTTGAGCCTGGGAGGTCAAGGCTGCAGTGAGGTGGAGCATTGTAATCTAGCCTGTGTGACAGAGTAAGAGCCTGTCTCAAAAAACAAAAATAAAA"
"GL873520","71715674","71715793","chr1","134480867","134480991","30","62765193","GGCTGATACCTGTAATCCTAACACTCTGGGAAGCAAAGGCAGGATTCCTTAAGGTTAGGAGTTCAAGAACAGCCTGAGCAAGAGTAAGCCCCGTCTCTACTGAAAATAGAAAAATTAAGT","GTGGCTCATGCCTGTAATCCCAGCACTTTGGGAGGCCAAGGAGTGAGGATTGCTTAAGTCCAGGAGTTCAAGAACAGCCTGGGAAACATAGTAAGATCCTGTCTCTACAAAAAATAAAAAATTGT"
"GL873520","71716045","71716235","chr19","13448557","13448737","51","58267488","CAAAAAAAAAGAAAGAAAGAAAAAGAAAAATTAGCTGGGCATTGTGGCAGGCATCAACAATCCCAGCTACTTGGGAGACTGAGGCAGGAGGATCTTTTGAGTCCAGGAATTTGAGATTGCTGTAAGCTAGGCTGATGCCACAGCACTCTAGCCTAGGCATCAGAGAGAGACTCTATCTCAAAAAGACAAAA","AAAAAAAAAAAAAAAGGTTTTATTAGCCAGGCATTGTGGTACACACCTATAGTCCCAGCTACTCAGGAGGCTGAGGCAGGAGGATTGCTTGAGCCCAGGAGGTTGAGGCTGCAGTGAGCTATTTTCACACCACTGCACCCCAGCCCAGGCAACAGAGTGAGACTGTTTCTAAAAATAAAAA"
"GL873520","71721242","71721360","chr1","32371726","32371849","31","39349516","GGATCAAGCCTGTAATCTCAGCATTCTGGGAGACTGAGGCAGGGGATCTCCTGAGCCCATGAGTTTGAGACCAGCTCTGAGCTAAAGGGAGACCCTGTCCCTAAAAAAACAGCTGCTGG","GTGACTTATGCCTGTAATCTCAGCACTTTGGCAGGCTGAGGAGGGTGAATCCCTTGAGCCCAAGAGTTTGAGACCAGCCTGGGCAACATAGGGAGACCCTGTCTCTGTACAAAATACAAAAATT"
"GL873520","71721650","71721811","chr4","75562087","75562252","42","3840437","CAGCTGGGCGACAACGCAGGCACCTATAGTCCTAGCTACTCAGGAGGCTGAGACAAGAGAATTGCTTCAGCCCAAGAGTTTGAGGTTGCTGTGAGCTATGACGCCATCCCAGCACTCTACAGGAGGTGACAAAATGAGACTCTCTCAAAAAAAAAAAAGAAA","TTAGCTGGGTGTGGTGGCATGCACCTGTAGTCCCAGCTACTTAGGAGGCTGAGGCAAGAGGATCACTTTAGCCCAGGAGGTGGAGGTTGCAGTGAGCTGAAATCATACCACTGCACTCCAGCCAGGGTGACAGAGTGAGACCTTGTCTCAAAAATAAATAAATAAA"
"GL873520","71738069","71738113","chr19","42973848","42973891","12","28764221","CCAGAGCAACAAAGTTAAACTCTATGTCAAAAAAATAAAAAATAT","AGCCTGGGCAACAGAGTGAAACTCCATCTCAAAAAAAAAAAAGA"
"GL873520","71738384","71738456","chrUn_GL394842","4208","4284","23","71734176","TAAAATAAAATATAGTCAGGTATAACAGGGCATGTCTGTAATCCTAGCTACTTGAGAGGTTGAGGCTGGAGGA","TACAGATAGAGAAAAATAGCCAGCCACGATGGCTCATGCTTGTAATCCCAGCACTTGGGAGGTTGAGGCAGGCGGAT"
"GL873520","71738738","71738846","chr3","185862422","185862530","31","114123684","TGGGGCTGGAAGATTGATTGAACCCAGGAGGGTGAGGCTGCAGTGAGCTATGACTACACCACTGTACTCTATTCTGGGCAAGATCCTATTCTCTATAAATAAATAAAAA","CGAGGTGGGAAGATTGCTTGAGCCCAGGAGGTTGAGGTTCCAGTGAGCTATGATTACACAACTGCACTCCAGCCTGGTGGCAGAGTGAGACCCCGACTCAAGAAAAAAA"
"GL873520","71765107","71765191","chr19","13677223","13677304","25","58087884","TGGCTCAAATCTGTAATCCTAGCTTTCTGTGAGGCATAGGCAGGAGAGAGGATCCTTTGAGCTCAGTTCAAAACCAACCTGGGCA","TGGTTCACGTCTGTAATCCTAGCACTTTGGGAGGCCAAGGCAGGCAGATTGCTTGAGCTCAGGAGTTAGAGACCAGCCTGGG"
"GL873520","71765470","71765741","chr2A","43992291","43992526","94","27773179","CCAAAAAACAAAAAACAAAGACCAGCCTGGATATGAGCAAAACCCTACTCTACTAAAAATGAAAAATTTGTAGTGGACACTTGTAGTCCTAGCTACTTGGGAGGCTGAGGAAAGAGGATCGCTTCAGCCTAGGATTTGAGGTTGCTGCAACTTAGGCTGACACTATGGCACATTGCACGGCACATCCCCCATGGCACTCCAGCCTGGGAAACAAAGTGAGATTCTGTCCCACAAACAAACAAACAAACAAAAAAAAAAAAAAGAAAGAAAGA","CCAGGCTAGACAATATAACAAGACCCCATCTCTACAAAAATAATTTTAAAAATTAGCTGGATGTGGTGGCATGCACCTGTAGTCCCAGATATTTGGGAGGCTGAGGTGGGAGGATCGCTTGAGCCCAGGAGGTTGAGGCTACAGTGAGCCATGATCATGCCACTGCACTTCAGCCTGAGCAACAGAGAAAGACCCTGTCTCAAAACAAAACAAAACAAAAAAGAAAGAAAAGAAAA"
"GL873520","71859434","71859575","chr15","20896405","20896549","32","50963029","CCAGGCACGGTGGCTCACAGTGTAATCTTAGCATTCTGGGAGACCAATACGGGAGGATCCCTTGAGCTCAGAAGTTTGAGACCAGCCTGAGCAAGACCAAGACCCCCATCTTTACTAAAAATAGAAAAATTAGCCAGGCGGG","GCCAGGTGCAGTGGCTCACGCCTATAATCCCAGCACTTTGGGAAGCCAAGACGGGAAGATTGCTTGAGCCCAGGAGTTTGAGACCAGCCTGAGTGACATAGCAAGACCCCCATCTCTACTAAAAATTTAAAAATTAGCCAAGCAT"
"GL873520","71859848","71860010","chr6","108647140","108647303","33","36787292","TTAGCCAGGCATTGTGGCTGGCACCTATAGTTCTAGCTACTTGGGAGGCTGAGGCAGGAGGATTGCTTGAACCCAGGAGTTTAAGGTAGCTTTGAGCTATATTCACGCTACAGCACTCTACCCAGGGCAACAAAGGGAGACTCTGTCTCAAAATAAAAAAAAA","ATTAGCCAGGTGTGGTGGCATGCACCTGTAGTCCTAGCTACTTGGGAGGCTGAGGCAGGAGGATTGCTTGAGCCCAGCACTTCGAGGTTATGGTGAGCTATGATCGCGCCACCACACTCCAGCATGGGCAACAGAGCAAGACTCTGTCTCAAAAAAAGAAAAAA"
"GL873520","71889809","71889896","chr4","102587702","102587786","18","30697893","GACCATGCATGGTGACTCATCACCTGTAATCCTAGCACTGTGGGAGGCAAAGGCAGAAGGACCACTTGACCTCAGGAGTTCGAGACTA","CCAGGCATGGTGGCTCATGCCTGTAATCTCAGCACTTTGGGAGGCCGAGGTAGGAGGATCACTTGAGCCCAGGAGTTCAAGACCA"
"GL873520","71906463","71906554","chr1","100475713","100475809","24","28569250","AGGCTAAGCTGGGAGGACTGATTGAGGCTAGGGGTTTGAGACCAGTTTGGACAACACAGCAAGACCTTGTCTCTATAAAAAATAGAAATTTA","GCCAAGGTAGGAGGATTGCTTGAGCTCAGGAGTTTGAGACCAGCCTGGGCAACACAGAAAGACCTTGTCTCTCTTAAAAATAAAAATAAAAAATATA"
"GL873520","71906841","71906992","chr12","112046931","112047085","37","40140090","ATTAATTAGCCAGACATGGTGGCATGCACTGTAGTCCCAGATGCATGGGACTGAAGCAGGAGGATCACTTAAGCCTAGGCATTCATTCAAAGTTGCAGTGAGCTACAATGGTGCCACTGCACTCTAGCCTGGCAGCAGAGTAAGACCCTATC","TAATAATTAGCTGGTCATGGTGACACGCACCTATAGTCCCAGCTACTAGGGAGGCTGAAGCAGAAGGACCGCTTGAGCCCAGGAGATCAAGGTTGCTGTGAGCTACGAATGCGCCACTGCACTCTAGCCTGGGCAACAGACCAAGACCCTGTCTC"
"GL873520","71931007","71931245","chr1","31981787","31981992","76","39949220","AGCCTGGACAACATAATGAGACACATACACACCCCCCACAATCTCTTCAGAAAATTTTTTAAAAGATTAGCCAGGCATAGGGGTGGCTGACCTAGGTGGTAGTGCTAGCTACTCACAAGGCTGAGGCAGGGGGATCACTTAAGCCCAGAAGTTTCAGGCTGAAGTGAGCCTCTACCCTGAACTACACAGGCCACTACATTCTCACCTGGGCAACAGAGTGAGACCCTGTTTTAAGAAAA","CAGCCTGGGCAACATGGCAAAACCCTCTCTCTACAAAAAAATATAAAAAATTATCCAGGCATAGGGGTGCATGCCTGTAGTCCCAGCTACCTGGGAGGCTGAGGCAGGAGGAACATTTGAGCCTGGGATTCAGAGGTTGCAGTGAGCCGAGAACACGCTATTACACTCCAGCCTGGGCGACAGAGAGAGACCCTGTCTCAAAAAAA"
"GL873520","71932480","71932573","chr8","83164751","83164843","25","11232271","GTAGCTTACTCCTCGAATCCTAGCACTGTGGGAGGCCCAAGCACTAGCATCCTTTGAGCTCAGGAGTTTGAGACCAGCCTGAGCAAGAAGGTGA","GGTGGCTCATGCCTGTAATCCAAGCACTTAGGGAGGCAGAAGCAGGAGGATCACTTGAGCCCAGCAGTTTGAGACTAGCCTGGGCAAGATAGT"
"GL873520","71942126","71942402","chr1","45387048","45387332","80","26555078","TGCCTCACGCCTGTAATCCTAGCATTCTGTGAGGCCAAGTCAAGTGGATTGCTTGAGCTCACAAGTTCCAGACCAGCTTGAGTGAGAGCAAGACCCTGTCTCTAAAAAATAGCCAGGCGTTGTGGCAGGCACCTGTAGTCCTAGCTACTTGGGAGGCTTAGGCAGAAGGATCGCTTGAGCCCAAGTATTTGAGGTTTCTGTGAGCTATCACACCATGGTACTCTTCCAAATATGACAGAGAGAAATTCTATCTCAGATAAATAAATAAATAAATAAA","GCATGGTGGCTCACACCTGTAATCCTAGCATTTTGGGAGGCCAAGGTGGGTGGATTACTTGAGTTCAGGAGTTCAAGACCAGCCTGGGCAACATGGCAAAACCCTGTCTCTACAAAATATTAGCCAGGTGTGGTCAGTCGCCTGTAATCCCAGCTACTTGGGGGCTGAGGCAGTAGGATCACTTGATCCCAGGAGATAGAGGCTGCAGTGAGTCAAGATCACACCACTGCACTGCAATCTGGGTGACAAAGTGAGACCCTGTTTCATTAAAAAAAAAAAAAAAAA"
"GL873520","71967300","71967397","chr12","110843818","110843910","27","38876518","GAGAGAGAATTTGAGGTTGCTGTGAGCTATGATGCCACAGTATTCTACTCAGGGCAACAGAGTAAGTGAGACTCTGTCTCAATAAATAAATAAATAAA","CGAGAGGTCGAGGCTGCTGTGAGCCATGATCGCACCACTGCACTCCAGCCTGGGCGACAGAGTTGAGACCCTGTCTCAAAAAAGAAAAAAAAA"
"GL873520","71967680","71967795","chr16","29587398","29587507","36","42380282","AAAAGAAAAGAAAAAAATAGAGAAAATAGCCAGCCGTTGTGGTGGGCACCTGTTATCCCAGCTACTTGAGAGGCTGAGGTAAGAGGATCTCATGAGTCTAAGAATTTGAGGTTGCT","AGAAAGAAGAAAAGAAAATTAGCCAGGTGTGGTTGCATGCACCTGTAGTCCCAGCACTTTGGGAGGCCAAGGCAGGAGGATCAATCAAGGCTAGGAGTTTGAGACTGCAG"
"GL873520","71968030","71968159","chr12","60741612","60741746","25","11226418","GCCAGGCATGGTGGTTCATACCTATAATTCTGGCACTCTGGAATGCTAAGGCAGGTGGATTGTTTGAGCCCAGGAGCTGGAGACCAGCCAGAGCAAGAGCAAGACCCCTCTACCAAAAATAGAAAAACTA","GGCCAGGCATGGTGGTTCATACCTGTAATCCAAGCACTATGGGATGCTGAGGCAGGAGGATCATTTGAACCCAGGAGCTTGAGACCAGCCTGGGCAACATGGCAAGACCCCGTCTCTACAAAAAATACAAAAATT"
"GL873520","71978122","71978223","chr16","14747892","14747988","28","57230230","CCTCTGAGCCCAAGAGCTGAAGGTTGCTGCTAGGGTAACACCATGACAGTCTAGCTTGGGGCAACAGAGTAAAATTCTGTCTCAAAAAAAAAGAAGAAAAAA","CCCAGGAGGTCGAGGCTGCAGTGAGCTGAGATCACACCACTACACTCCAGCCTAGGCAACAGAGTAAGACCCTGTCTCAAAAAAAAAAAAAAAAAAA"
"GL873520","71978477","71978693","chr14","57676777","57676992","58","14301700","GTTGGACGCAGTGGCTCACCCTTTTAGTCCTAGCACTATGGGAAGCCAGATAGGATGATCCCTTGAGCTCAGGAGTTCGAGATTAGCCTGTGCAAGAGCAAGACCCCGTCTCTACTAAAAAATAAAAAAAATTAGCTGGAGGTCATGGTAGGTGCCTGTAATCCAGCTGCTTGGTAGGCTGAGGCAGTAGGATCACTTTAGCCCAAGAGTTTTTCTG","GCCAGGCATGTTGGCTCATACCTGTAAAGCCAGCACTTTGGGAGGCCAAATCAGGAGGATCACTTGAGCCCAGGGGTTCAAGACCAGCCTGAGCAACATAGTCCAACCTCATCTCTACTAAAAATAAAAAATAGTAGCCAGGCGTGGTGGCATGCCTGTAGTCCCACCTACTTGGAAGGCTGAGGCAGGAGGATCACTTGAGCCCAGGAGATCTAG"
"GL873520","71986255","71986513","chr15","72672161","72672426","72","685906","GCCAGGCACAGTAGCTCATGCCTGTAATCCCAGCACTCTGAGAGGCCAAGGCCGGCAGATAGCATGAGCTTACAAGTTTGAGACCAGCTCTGAGCAAGAATGAGACCCTGTCTCTAAAAATAGCCAGGTGTTGTGGTGGGCGTCTATAGTCCCAGCTACTCAGGAGGCTAAGGCAAGAGAATAGTTTGAGCCTAAGAGTTTGAGGGTGCTGTGAGCTATGAGGTCACCGCACTCTATTGGAGGCAGCAAAGCGAGACTC","GACCAGGTGCAGTGGATCCTGCCTGTAATCCCAGCACTTTGGGAGGCTGAGGTGGGCAGATTACTTGAACCCAGAAGTTTGAGACCAGCCTGGGCAACATGGCAAAACCCTGTCTCTACAACAAATTAGCCAGGTGTGGTGGTGCCCACCTGTGGTCCCAGCTACTCGGGAGGCTGAGGTGGGAGGATCACTTGAGCCTAAGAGGTCAAGGCTGCAGTGAGCTGTGATCACACCACTGCATTCCAGCCTGTGCCACAGAGGAAGAC"
"GL873520","71986546","71986558","chr6","96888780","96888792","1","24902234","TAAAAAAATAAAA","GAAAAAAATAAAA"
"GL873520","71995816","71995902","chr6","152887479","152887553","24","80891663","GTAATCCTAGCACTCTGGGAGACTGAGGGAGGAAGATCTCTTGAGCTCAGGCTCAGGAGTTCGAGACCAGCTTGAGCAAGTAGTGAA","GTAGTCCTAGCTACTCGAGGGCTGAGGCAGGAAGATTGCTTGAGCCCTGAAGTTCAAGACCAGCCTGAGCAGCAT"
"GL873520","72046628","72046682","chr10","43406320","43406376","19","28640308","TTGGGAAACTGAGGCAGGAGAATCACTTGAGTTTGAGGTGAAAGTGAGCTGTGAT","TACTGGAAGGCTGAGGTGGGAGGATCACTTGAGCTGCGGAGGTCAAGGCTGTGATGA"
"GL873520","72046958","72047043","chr1","176948461","176948538","19","104901503","GTGAGCTGAGATGATGCCAACTGCACTCTAGCTGGGGTGATAGAGCCAGACCTTATCTCAAAAACAAAAAAAGAAGAAAAGAAAAA","GTGAGCTGAGATCACGCCACTGCATTTCAGCCTGGGTGTCAGAGTGAGACCTTATCTCAAAAAAAAAAAAAAAAAGAA"
"GL873520","72064016","72064255","chr4","161990747","161990980","74","89926731","AAAGCAGGATTTCTTAAGTTCAAGAGTTTGAGAACAGCATGAGCAAGAGCAAGACCCCCATCTCTACTAGAAATAAAAAAAGTTAATCAGGTCTTGTGGCAGGTGCCTTTAGTCCCACCTACTCTCAAAAGGTTGAGGCAGGAGTATCACTTGAACCCAGGAGTTTGAGGTTGCTGTAAGCTAGGTTGCTGTGAGCTGGGCAACAGGAGGAGGCTGTCTCCAAAAAAAAAAAAAAAAAAA","GGATTGCTTGAGCCCAGGAACTCGAGACCAGACTGAGCAACATGGCAAAACCCATCTCTACAAAAAATACAAAAATTAGCTGGCGTGGTGGCACATGCCTCTAGTCCCAACTACTCAAGAGGCTGAGGTGGGAGGATCACTTGAGCCCGGGAGGCGGAGGTTGCAGTGAGCAGAGATCATGCCACTGAATTACTCACTCCAGAGTGAGACTCTGTCAAAAAAAAAAAAAAAAAA"
"GL873520","72064350","72064426","chr11","47919834","47919912","18","24144516","GGCAGGGCATAGTGGCTCATGCCTGTAATTCCAGCACTCTGGGAAGCCAAAGCAGGAGGATTTCTTTCTTTTTTTTT","GGCTGGGCACAGTGGCTCATGCCTGTAATCCCAGCACTTTGGGAGGCCAAGGCAGGAAGATCACTTAAACCCTAGAGTT"
"GL873520","72100882","72100981","chr17","73310455","73310554","19","1209573","GGTGGCTCACACCTGTAAACCCAGTACTCTAGGAGGCTAAGGCTGGTAGATCACTTGAGCTCAGGAGTTCAAGACCAGCCTGAGCAAGAATGAGACCCTA","GGTGGCTCACGCCTATAGCCCAGCACTTTGGGAGGCCAAGGCAGGAGGATCACCTGAGGTCAGGATTTTGAGACCAGCCTGAGCAAGATAGAGACACCTA"
"GL873520","72101237","72101434","chr8","99316510","99316708","53","27215273","TGAATGAGACCCTGTCTCTACTAAAAATAGAAAAACAAGCTGGGCGTCATGGCAGACACCTGTATTCCCAGCTACTCAGGAGGTTGAGGCAAGAGGATCACTTGAGCCCAAAGAGTTTGAAGTTGCTGTGAGTGATGATGATGCGATGGCACTCTACCCAGGGCAACAGAGTAAAACTTTGTTTCAAGAAAAAAAAAA","TGGCAAAACCTCGTCTCTACAAAAAACACAAAAAATTAGCTGGTGGTGGTGGCACGTGCTTGTATTCCCAGCTACTGGGGAGGTTGAGATGAGAGGATCACCTGAGCCCAAGAGGTCAAGGCTGCAGTGAGCTGTGATTATGCCACTGCACTCCAGCCTGGGCAACAGAGTGAGACCCTATATCAAAAAAAAAAAAGAA"
"GL873520","72195648","72195848","chrX","27492711","27492912","47","44702937","GGCCAGGTTCAGTGGCTCATGCCTGTAATTCTAGCACCCTGGGAGACCAAGGCAGGTGGATTGCTTAAGCTCAGGAGTTCGAGATCAACCTGAGGAAGAGCAAGACCTCGTCTCTACTAAAAATAGAAAAACTAGCCAGGTGTTGTGGCAGTTTCCTATAGTCCCAGCTACTTGGGAGACTGAGGCAAGAGAATCACTTGA","CCAGGCGTAGCCACTCACGCCTGTTATCCTAGCACTTTGGGAGGCTGAGACAGGTGGATTGCCTGAGCTCAGGAGTTCGAGACCAGCCTGGGAAACACGGTGAAACCCCTGTCTCTACAAAAATACAAAAAATTAGCCAGGTGTGGTGGTGTGTGTCTGTTGTCCCAGCTACTTGGGAGGCTGAGGCATAAGAATCGCTTGA"
"GL873520","72196102","72196199","chr4","104162392","104162491","27","31966290","GAGGATTACTTAAGCCTGAGAGTTTGAGGTTGCTGTGAGCTATAATGCCATAGTACTCTACCCAGGGCAACAGAATCTTATTCTGTCTCAAAACAAAA","GGAGGATCACTTGAGCCTGAAAGGTTGAGGCTGCAGTAAGCTTCATCACCCACTGCACTCCAGCCTGGGTGACAGAGTGAAACCCTGTCTCAAAACAAAA"
"GL873520","72206479","72206765","chr9","104142695","104142990","72","31936216","GGGTGTGGTGATGGCTCATGCCTATAATCCTCACACTTTGGGAGGCCGATGTGGGAAGATCACTTGAGCTCAGGACTTCAAGACCAGCTTGAGCAAGAATGAAACTCCATATCTGCTAAAACTAGAAAAATTAGCTGGGCATTGTTACATGTGCCTGTAGCATCCTAACCACTTAGGAGGCTGGGGCAAGAGGATGGCTTGAGCCCAGGAGCTGGAAGTTATACTCCAGTTACACTACACTCTAGCTAGGGAGACAGAACAAAACTCTGTCTCAAAAACAAACAAAA","GGCTGGGTGTGGTGGCTCATGCCTGTAATTCCAGCACTTTGAGAGGCTGAGGTGGGCAGATCACTTGAGCTCAGGAGTTCAAGACCAGCCTGGGCAACATGGCAAAACTCCATCTCTACAAAAAATACAAAAATTAGCAGGCATGGTGGTACATGCCTGCAGTCCCAGCTACTCGGGAGGCTGAGGTGGGAGGATTGCTTGAGTCTGGGAGGTGGAGGTTGCAGTGAGCCGAGATCCACTACTGCACTCCAGCCAGGGTGACAGAGCAAGACACTGTCTCAAAAATAAAAATAAAA"
"GL873520","72207778","72207917","chr14","74199793","74199926","35","1992015","TTAGCTGAGTGCTTTGTTGAGCACCTGTAGTCTCAGCTATTTGGGAGGCTGAGGCAAGAGGATAACTTGAGCCCGGGAGTTTGAGGTTGCTATGAGCTAGGCTGAGGCTGACACCATGGCACTCTACCCAGGGCAACAGA","TTAGCCAGGTATGGTGGTGCACACCTGTAGTCCCAGCTACTTGGGAGACTGAGGCAGGAGGATTGCTTGATCCCAGGAGTTGAGGCTGCTAAGAGCTATGATCATGTCACTGCACTCCAGCCTGGGCAACAGAG"
"GL873520","72208172","72208304","chr12","99234635","99234766","24","27026463","GGCCAGGCAGAGTGGCTCATGTCTGTAATCCTAGCACTCTGGGAGGTCAAGCCAGGAGGATCTCTTGAAGCTGGGAGTTCAAGACCAGCATAAGCAAGAAGACCACATCTCTACTAAAAATATAAAAATTAAG","GGCCAGGCATAGTGGCTCATTTCTGTAATTTCAGCATTTTGGGAGGCCAAGACAGGAGGATCACTTGAAGCTAGGAGTTCAAGACCAGCCTGGTCAACATAAGACCCCATTTCTACAAAAATTTAAAAATTA"
"GL873520","72272447","72272600","chr1","151076684","151076838","41","78804237","AAAAAAAAGACCAGGTGTGGTGGAATGCACCTGTGTAGTCCCAGCAACTTGGGAGGCTGACGCAGGTGTACTGCCCAGGAATTTGAGGTTTTAGTGAGCTATGATGACACACTGTACTCTAGCTCAGGCAACAGAGTGAGACCCTGTTTTAAAA","AATAAGCTGAGCATGGTGGTCCATGCCTCTAGTCCTAGCTACTCAGGAGGCTGAAGCAGGAGGACCACTTGAGCCCAGGAGTTTCAGGTTGCAGTGAGCTATGATTGTACCACTGCACTCCAGCCTAGGCAACAGAGTGAGACCCTGTCTCAAAA"
"GL873520","72272820","72272951","chr17","7314531","7314656","27","64958289","GGCCGGGCACAGTGGCTTACAAATGTAACCCTAGCACTTTGAGAAGCTGATATGGGAAGATCACTTGAGGCCAGGAGTTTGAGACCAGCCTGAGCAACTCTGCAAGACCCCATCTTTAAAAAAAAATTGGAT","GGCTGGGCACAGTGGCTCACGTCTGTAATCCTAGCACTTTGGGAGGCTGAGGTGGAAGGATCACTTGAGCCCAGGAGTTTGAGACCACCCTGACCAACACAGTGAAACCCCATCTCTAAAAAAAGT"
"GL873520","72285522","72285642","chr1","84693698","84693811","38","12408176","AAGACCCCATCTTTAAAAATAGCTGAGAGTTGTGGCTGGAGCCTGTAGTTCTAGTTACTTTGGCGGTTGAGGCAAGAGAATTACTTGAGCCCAAGAGTTTGAGGTTACTGTGAGCTATGAT","AATAATAATAAAAGCCTGTTGTGGTGGTGTACACCTGTAGTCCCAGCTACTTGGGAGGTTGAAGCAGGAGGATTGTGGAGTCCAAGAGTTCAAGATTACGGTGAGCTATGATTG"
"GL873520","72285915","72286025","chr8","6607482","6607593","29","65678433","GCTGATCGAGGTGGCTCACGCCTATAATCCTAGCACTCCGGAAGGCTGAGGTAGGTGGGTGGACTGTCCTCACAGGTTGGAGACCAGCCTGAGCAAGACCGAGACCCCATC","GCTGGGCAAAGTGGCTAACACCTGTAATCCCAGCACTTTGGGAGGCTGAGGTAGTTGGAATGCTTAAGCCCAGGAGTTTGAGACCAGCCTGGGCAACATAGGAGACCCCATC"
"GL873520","72316870","72316922","chr1","33202560","33202612","8","39114310","AGAACAGCCTGGGAAACATAGTGAGACCTTATCTCTACAAAAAATTAGAAAAA","ACCAGCCTGGGCAACATAGTGAGACCTCATCTCTACAAAAAATTAAAAAATTA"
"GL873520","72317017","72317185","chr11","19120205","19120379","51","53196812","AATTAGAAAAATTAGCCGGGTACAGAGGTGCTGTGAAATGAACTTTATCAGGGGGTTCAAACTGTGTCCCATAGAACCCAGGAATTGAAGACTGCAGTGAGCTATGATCATGCCACTGCCCTCCAGCCTGAGTGACAGAGTGATACCCTATCTCAAAAAAGGAAAGGAA","GAGTAAAAGAATTAGTTGGGCATGGTGGCATATGCCTGTAGTCCTAGCTACTCAGGAGGTGGAGGCAGGAGGATGGCTTAAGCCCAGGAGGTCAAGGCTGCAGTGAGCTATGATCATGCCACTGCGCTGCAGCCTGAGTGACAGAGTGAGACCCTACCTCAAAACAAAAAAAGAA"
"GL873520","72365043","72365317","chr11","57816849","57817130","71","14548194","GCCTGGCATGGTCGCTCACACCTGTAATTTTAGCACTCTGTGAGGATGAGGAGGATAGATTGCTTGAGCTCAGGAGTTCCAGACCAGCCTGAACAAGAGAGCCACCCCAACTCTAAAAATAGCCAGGCATTGTGGCGAGCACCCATAGTCCCAGCTACTCAAGAGGCTGAGGCCAGAGAATCACTTGAGCCCAGGAGTTTGAGGTTGCTGTTGAGTTGTGATGCCACGGCACTCTAGCAAGGGTGACAAAGTGAGACTTTTATCTTAAAACAACA","GGCCAGGCACAGTGGCTCACACCTGTAATCCTAGCACTTTGGGAGGCCAAGGCAGGTGGATTGCTTGAGCCCAGGAGTTTGAGACCAGCCTGGGCAACATGGCAAAACCTCATCTCTACAAAAATTAGCCAGACATGGTGGTGGGTGCCTGTAGTCCCAGCTACTCAGGAGGCTGAGGTAGGAGGATCATCTGAGCCCAGGAGGTCGAGACTGCAGTGAGCCATGATCATGCCACTGCACTCCAGCCTGAGTGACAGAGTGAGATCCTGTCTCAAACAAAAA"
"GL873520","72365603","72365622","chr8","92800630","92800648","3","20435027","GAAAAACAACAACAACAAAA","AAAGACAACAACAAAAAAA"
"GL873520","72523042","72523246","chr6","13732200","13732409","55","58790842","GGCTGAGAGCAGTGGCTCACACCTGTAATCCCAGCACTCTGGAAGGCCCGAGGCAGGTGGATTGCCTGAGCTCAGTTAGAGACCAACCTGAACAAGAGAGAGACCTGGCCTCTAAAAAAATGAAAAATAGCCAGGTGTTGTGGTGGACGCCTATAATCCTAGCTACTCAGGGGACTGAAGCAAGAGAATTGCTTGAGTCCAGGAG","GGCCGGGCGCGGTGGCTCACACTTGTAATCCCAGCACTTTGGGAGGCTGAGGCGGGCGGATCATGAGTTCAAGAGATTGAGACCATCCTGCTAACACGGTGAAACCCCGTCTCTACTAAAAATACAAAAAAGTAGCTGGGCCTGGTGGCGGGCGCCTGTAGTCCCAGCTACTCAGGAGGCTGAGGCAGGAGAATCACTTGAACGCAGGAG"
"GL873520","72523515","72523623","chrX","6615952","6616053","29","65907563","AGCCCAGGAGTCTTGAGGTTGCTGTGAGCTATGATGATGCCACAGTACTCTACCAGGGTGACAAAGTAAGATTCTGCCTCAAATAAATAAATAAATCAGAAAGAAATAA","AGCCCAGGGAGGTCGAGGTTGCAGTGAGCCATGATCTTGCCATTGCACTTCAGCCCGGGTGACAAAGTAAGACCTTGTCTTAAAATAAATAAATAAATAAAA"
"GL873520","72537231","72537318","chr11","47859603","47859693","21","24677628","GCACAGTAGCTCACACCTGTAATCCTAGTACTCTGGAAGACTAATGCGGGTGTATCGCCTGAGCTCAGGAGTTCAAGACCAGCCTGAG","GGGCACGGTAGCTCACACATGTAATCCTAGCACTTTGGGAGGCCAAGGCGGGCAGATTACCTGAGGTTGGGAGTTCAAGACCAGCCTGGCC"
"GL873520","72537595","72537788","chr19","6241772","6241964","53","66295823","GACCAGCCTGAGCCAGAGCAAGATGCAGTCTCAACTAAAAAAAATTAGAAAACTAGCTGGGCAGCATTGTGGGCACCTGCAGTCCCAGCTACTCAGGGGGCTGAGGCAAGAGGATCCCTTAAACCCAGGAGTTTGAGGTTGCTGTGAGTTATGACACCATGGCACTCTACCCAGGGCGACAGCGGAAGACTCTG","ACCAGCCTGGACAACATAGTGAGACCGCCATCTCTAAAAAATATGAAAATTAGCCGGGGATGGTGGTGCATGTGTAGTCCCAACTACTCAGAAGGCTGAGGCAGGAGGATTGCTTAAGCCAAGGAGGTTGAGGCTGCCATGAGCCATGAACGCACCATTGCACTCCAGCCTTGGGTGACAGAGCAAGACCCTG"
"GL873520","72565866","72566023","chr9","6760251","6760419","46","65805615","TTAGTCAATTATTGTGGTAGACAATTGAAGTCCCAGCTACTTGGGAAGCCAACAAAATCGCTTGAGCCCAAGAGTTGGAGGTTGCTGTGAGCTGTGATGCTAAAGCACTCTAACCATGGTGACAGCCCGAGAATATCTCAAAAAAAAAAAAAAAAAAA","TTAGCCAGGAATGGTGGCACACACCTGTAGTCCCAGTTACTCAGGAGGCTGAGGCACGAAAACCGCTTGAACCTTGGAGGGGGAGGTTGCAGTGAGCTGAGATCAAACCACTGCACTCTAGCCTGGGTGACAGAGTGAGATTCTGTCTCAAAAAAAAAAAAAAAAAAAA"
"GL873520","72566306","72566440","chr14","19228345","19228477","30","53337961","GACTGAGTGTGTTGGCTCACTCCTGTAATCCTAGCACTCTGGGAGGCTGACGGGGAAGGATTATGTAAACTCAGGAGTTTGAGACCAGCCTGAGCAAGAGCGAGACACCTGTCTCTGATAAAAATAGAAAAAAAA","GGCTGGGTGTGGTAGCTTACACCTGTAATCCTAGCACTTTGAGAGGCCGAGGCAGGAGGATCACTTGAGCTCAGGAGTTTGAGACCAGCCTAGGCAACATGGTGAGACCTTGTCTCTACAAAAAAAAAAAAAA"
"GL873520","72588707","72588908","chr6","84591535","84591736","52","12002828","GGCCAGGTGGTGAGTCATACTTGTTTATCCTAGGCACTCTGGGAGGCTGAAGCGAGAGGATCCCTTGAGCTCAGGAGTTTCAGACCAGCCTGAGCAAAAGTGAGATGCTGTCTCTACTAAAAATAGAAAAATGAGCCAGGCATTGTGGCTGACCCCTGTAGTCCCAGCTACTCAGGAGGTTGAGTCAAGAAAATCTCTTGAG","GGCTGGGAGCGGTAGTTCATGCCTGTAATCCCAGCACTTTGGGAGGCTGAGGAGGGTGGATCACTTGAGCTCAGGAGTTTGAGACCAGCCTGAGCAACATGATGAAACCCTGTCTCTACAAAAAATACAAAAATTAGCAGGGCGTGGTGGCATGTGCCTGTAGTCCCAGCTACTTAGGTGGCTGAGGTGGGTCACTTGGGCC"
"GL873520","72589148","72589260","chr16","30992766","30992877","30","41596382","GAAAATCTCTTGAGTCCAAGAATTTGAGGTTGCTTTGAGCTTTGATGCCAGGGCACACTACCCAGGGCAACAGAGTGAGACTATCTAAAAAAAAAAAGAAAGAAAGAAAGAAA","TGAAGGATCTCTTGAGCCCAGGAGTTTGAGGCTGCAGTGAGCTGTGATTGCACCACTGTACTCCAGCCTGGGCAACAGAGTGCTGTCTCAATAAAAAAAAAAAAAAAAAGAA"
"GL873520","72589501","72589748","chr21","19031879","19032139","72","53557622","AGAGAGAGAGAGAAAATCCCTTGAGTTTAGGTGTTTTGAGACCATCCTGAGCAAGAGCAAGACCCCATCTCTACTAAAAATAGAAAAATTAGCTGGGCATTGGGGCACATGCCTGTAGTCCCAGCTATTCATGGGATTGAGGCAAGAGGATCGCTTGATCCCAGTAGTTAGAGGTTTCTTTGAGCTGTGATGATTCCACTGCACTCTAGTCTGGAGCGCTCAAGAAGTAAGAAAGAAAGAAATGAAAA","TGGGAGGCTGAGGCTGGCAGATCACTTGAGTGCAGGAGTTTGAGACCAGTCTGGGCAACATGGTGAAACCCCATCTCCATAAAAAAATACAAAAATTGGCTGGGCATGGTGGCACACACCTGTGGTCCCAGCTATGTGGGAGACTGAGGCAAGAGGATCGCTTGAGCCCAGGAGGTCGAGGCTACAGTGAGCTGTGATTGTACCACTGCACTCCAACCTGGGCCCTGTCTCCAAAAAAAAAAAAAAAAAAAAAAAAAAGAA"
"GL873520","72589838","72589899","chr12","82211329","82211392","14","9621491","GGCACAGTGGTTCACCCTGTAATCTTAACACTCTGGGAGGCTAAGGCAAGAGAATCCCTTGA","GGCTGAGTGGTGCATGCCTGTAATCCCAACACTTTGGGAGGCTGAGGCAGGATAATCACTTAAG"
"GL873520","72601213","72601289","chr8","129850906","129850982","21","57249693","TGGCCAAGCATTGTGGCGGGCACCTATAGTCCCACCTACTTGGGACATTAAGGCAAGAGAATCACTGGAGCCCAAGA","GCCAAGAGCAGTGGCTCGCACCTATAATCCCAACAATTTGGGATGCCAAAGCAAGAGGATCACTTGAGCCCGAAGAG"
"GL873520","72601537","72601665","chrX","47965157","47965279","31","24636380","GACCAGGCACGGTGGTTCGTACCTGTAATCCTAGCACTTTGGGAGGCCACAGGGGTGGATTGTCTGAGCTCACAGTTCAAGACCAGCCTGAGCCAGAGTGAGACCTCATCTCTAAAAATGGCTGAGCAT","GGCCAGGCACGGTGGTTCGCACCTGTAATCCCAACACTTTGGGAGGCCAAAGCGGGAGGATTGTTTGAGGCCAGGAGTTCAAGACCAGCCTGGGCAACATGGTGAAACCCCATGTCTACAAAA"
"GL873520","72672495","72672621","chr16","28131355","28131479","25","44541140","GGCCAGGCATGATGGCTCAAACCTGTAATTCTAGCATTCTGGGAGGCCAAGGCAGGAGGATTACTTGAGTCCAGGAGTTTAAGATTAGATTGGGCAACAGAGAGAAACCCTACCTCTATTTAAAAAA","GGCCAGGCGTGGTGGCTCACACCTGTAATCCCAGCACTTTGGGAGGCTGAGGCAGGAGGATCACTTGAGCCCAGGAGTTTCAGAGCAGCCTGGGCAACATGGTGAGACCCTGTCTCCATTAAAAA"
"GL873520","72698154","72698197","chr11","61598286","61598326","10","11099868","GGGAGGAATCCCTGGAGCTCAGGAGTTCAAGACTAGCTTGAGCT","GGGAGGATCTCTTGAGCCCAGGAGTTCAAGACCAGTCTGGG"
"GL873520","72698470","72698682","chr3","68572234","68572433","69","4126236","CCAGCTTGAGAAAGACAACCCTACCTAACCCCACCTCTGTCTCTACTAAAAATAGAGAAAAAAATTAGTGGGTATTGTGGTTGGCACCTGCTAGTCCCAGCAACTCTGGAGACTGACTGAGGCAAGAGGATCACTTGAACTCAAGAGTGTGAGATTGCTGTGATCTAATCTGACGTCATGGCACCCTATCCTGGGCAGACTGAGACTTTGTCT","CCAGCCTGGGCAACGTGGCAAAACCTCGTCTTTACTAAAAATACAAAAAAATAGCTGGGTATGATGGTGAGCACCTGTGGTCCCAGCTACTCGGGAGGCTGAGGTGGGAGGATCACTTGAGTCAGGAGGTCAAGGCTGCAGTGAGCCGAGATTGCACCACTGCACTCCAGCCTGGAGGACAGAGTAAGACCCTGTCTCAA"
"GL873520","72749150","72749265","chr16","19352384","19352496","35","53396766","TTAATTAATTAAAAAGAAGATTGCTTGAGCCTAAGAGTTTGAGGTTGCTGTGAGCTATGAGCCCATAGCATTCTACCTAGGGCAACAGAGAGAGACTCTGTCTCAAAGAAAAAAAA","TAAGGCAGGAAGATTGCCTGAGCTCAGGAGGTTGAGGCTGCAGTGAGCCATGATCATGCCACTGCACTCCAGCCTGAGCAACAGAGTGAGACCCTGTCTCAAAAATAAATAAA"
"GL873520","72749541","72749737","chr15","41382188","41382391","53","31367353","GGCCCAGTGTGGTGGCTCACTCCTGTAATCCTAGCACTCTGGAAAGCCCAGGTGAGTGGATTGTCTGAGCTTAGAAGACCAGCCTGAACAAGAGTGAGACCCTATCTCTACTAGAAATAGAAAAACTAGCCGGGCATTGTGGCAGGTGCCTATAGTTCCAGCTACTCAGGAGGCTGAGGCAAGAAGATTGCTTGAGA","GGCCGGGTGTGGTGGCTCACACCTGTAATCCCAGGACTTTGGGAGGCCAAGGTAGGAGGATCGCTTGATCTCAGGAGACCAGCCTGGGCAACATGGCAAAATCCTGTCTCTACTAAAAATACAAAAATTAGCTGGGCATGGTGGTGTATGCCTGTGGTCCCAGCTACTTGGGAGGCAGAGGTAGAAGGATCGCTTGAGCCCGGG"
"GL873520","72785691","72785814","chr2A","26341169","26341295","35","46444522","GGCCAGGTGCAGAGACTTGTGCTTGTAGTCTCAGCTATTCGGGAGGTTGAGGCAAGAGGACTACTTAAGTGCCATAGACTAGCCTGAGAAAACATAGTGAAACCTTGCCTCATCTTTTACAAAA","GGCCAGGTGCGATGGCTCATGCCTGTAATCCCAGCACTTTGGGAGGTTGAGGCCAGTGGATCACTTAAGCGCTGAAGTTCAAGACCAGCCTGGGCAACATACTGAAACCCCCATCTTTTAAAAAAAT"
"GL873520","72786129","72786263","chr13","49733690","49733818","37","23052439","GGCTGGATGTGGTGGCTCATGCCTTTAATGCTAGCACTCTGGGAGATGGAGGCGGAGACAGGTCTGTTGTCTGAGCTCACAGGTTCAAGACCAGCCTCCGCAAAAGTGAGACCTGCCTCTAAAAATAGCCAGGCA","GGCTGGGTGTGGTGGCTCATGCCTGTAATTCCAGCACTTTGGGAGGTGGAGGTGGGATGATTGCCTGAGGGCTGGATTTCTAGACCTGCCTGGGCAACATAGTGAGACCCTGTCTATAAAAAAATCCAC"
"GL873520","72786538","72786681","chr20","48810763","48810904","42","23975775","GAAATAAAAATAGCCAGGCACTGTGGCAGACACCTGTAGTCCCAGCTACTCGGGGAGGCTGAGGAAAGAAAATTACTTAAGCCCTAAGAGGCTAAAGTTGCTGTGAGCTATGATGGTCATAGCACTCTTCCAGGGGCAACAAAG","AAAAAAAAAATTATCCAGGCATGGTGGCATGTGCCTGTAGTCCCAGCCACACAGGGGGCTGAGGCAGGAGGATTCCTTTAGCATAGGAATTCAAGGCTGCAGTGAGCTATGATTGCACACTGCACTACAGCCTGGGCAACAG"
"GL873520","72819561","72819869","chr3","139568018","139568337","77","66748457","GGTTGGGAGTGGTGTCTCATTCCTATAATCTCAGCACTTTGGGAGGCCAACGCTGGCAGATTGCCCAAGCTCAGGAGTTCAAGACCAGCCTGAGCTAGAGCGAGATCCTGTCTCTAAAATTAGCTGGGTGTTGTGGCAGGTGTCAGTAGTCCCAGCTATCAGGAGGCTGAGGCAAGAGAATCACTTGAGACCAAGAGTTTAAGGTTGCTGTGAGCTATGACACCACAGCACTCTATCAGGGGTGACAAAGTGAGACTCTGCCTCAAAAATAAATAAATAAATAAACAAAAAATAAAATAAAATAAAGAA","GGCTGGGTGTGGGGTTCACACCTATAATCTCAGCACTTTGGGCAGCTGAGCTGGGAGGACTGCTTAAGGCCAGGAGTTTATGACCAGCCTGGGCAACAGAGTGAGATCCAGTCTCTATAAAAATTAGCCAGGTGTGGTGGTGCCTGCCTGTAGTCCCAGCTACTTAGGAGGCTGAGGTAGGATTATCACTTGAGCCCAAGAGTTTGGGGCTGCAGTGAGCTATGATTGGGTCTCTGCACACTAGCCTGGGCAAAAAAGTGACATTCTGTCTCAAAAAAATAAATAAATAAATAAATAAAAATAAAGAACAACAAGAAAAA"
"GL873520","72830940","72831132","chrX","40886735","40886926","48","31944205","CCTCCATCTCTTCAATAATAGAAAAATTAGCTGGACATGGTTCCATGCATCAATAGTCCCAACTACTCAGGAGGCTGAGGCAAGAGGATTTCTTGAGCCTAGGATGTTAGAGACTTTAATGAGCTATGACAACACCACTATACTCCTGCCCAAGCAACAGAGCAAGACCCTGTTTCAATAAAAAAAAATAAAA","AATTTCATCTCTTAAAAAATACAAAAATTAGCTGGGGGTAGTGGTGCACAGCTGTAGTCCCAACTACTCGGGAGGTTGACGCAGGAGGATCACTTGAGCCTGGGAAGTTGAGGCTATAGTGAGCTGTGATGGCACCACTGTACTCCAGCCTGGGTGACAGAGTGAGACCTTGTCTCAAAAAAAAAAAAAAAA"
"GL873520","72831154","72831250","chr5","13406563","13406658","20","59424591","GGCCTGGGCACAGCAGCTTATGCCTATAATCCTAGAACTTTGGGAGACCAAGGCAGGAGGACTGCTTGAGGCCAGGAGTTGAAGACCATCCTGAACA","GGTTGGACACAGTGGCTCATGCCTATAATTCCAGCATTTTGGGAGGCCAAGGCAAGGGGATCACTTGAAGCCAGGAGTTCAAGACCAGCCTGAGCA"
"GL873520","72846280","72846400","chr22","36757324","36757446","28","36088956","GTAGTCCTAGCACTTTGGAAGGCTGAGATGGTAAGACTGCTTGAGGCTAGGAGTTCAAGACCTGCCTGGGCAATATAGTGAGACCTCACTTCTAAAATATATATATATATAGTAAAAAAAA","GTGATCCTAGCACTTTGGGAGGCCCAGATGGGAGGACTGCTTGAGGCCAGGAGTTCAAGACCAGCCTGGGCAACATAGTGAGACCTCATCTCTATAAAAAGAGTTAAAAAATTATCCAGGCAC"
"GL873520","72846688","72846865","chr11","71620673","71620849","48","1226015","TGGGTGTGATTAAATATTACCTGGGTGTGATAGGGCACTCTTGTAGTCTTATCTACCCAGGTGACTGAAGCAAGAGGATTGCCTGCGCCCAGCAGTTTAAGGATGTAGTGAGCTGTGGTTGAGCCATGGCACTCCAGCCTAGGTGACAGAGCTAGGCCCTCTCTTAAAAAGAAAAAAA","AAACTTTTTATTTTAATTAGCTGGACGTGGTGGTATGCACTTGTAGTCCCACTACTCAGGAGGCTGAGGCAGGAGGATTGCTTGAACCCAGGAGTTCAAGACTGCAGGAGCTATGATTGTGCCATTGCACTCCAGCCTGGCTGACAGAGTAAGACCCTTTCTCTTAAAAAAAAAAAA"
"GL873520","72852126","72852331","chr20","33705901","33706099","55","39146225","TGAGACCCAATCTCTATATAAATAGAAAAATCAGTCAGATGTGGTGGTGCATACCTATAGTCCCAGCTATTGGGGAGACTGAGGCAGGAGGATAGTGTGGGCCTCCTGCCCAAGAGTTTGAGGTTGCCATGAGCTATTATGACACCATTGCACTCTACGCAGGATGGCAGAGTGAGACCCTGTCTCAAAAGGAAAAAAAATGAAAA","TGAGACCCCGTTTCTACATAAAAATGCAAAAATTAGCCAGGTGTGGTTATGCATACCTGTAGTCCCAGCTACTCAGGAGGCTGAGGTGAGAGGATTGCTTGAGCCCTGGAGTTCAAGCCTGCAGTGAGACATGATTGCACCACTGCACTCCAGCCTGGGAGACATAGTGAGACCCTGTCTCAAAAAAAAAAAAAAAAAA"
"GL873520","72852609","72852699","chr9","110520976","110521068","28","37668367","GGCTAGGTATAGTGGCTTGTGCCCATAATCCTGGCATTCTAGCAGACTGAGGCAGGAGGATCAAGAAGAGCCAGAGCAAGAATGAGACCCA","GGCCTGGTGCAGTGGCTCATGCCTGTAATCCGAGCACTTTAGAAGGCTGAGGCAGGAGGATCACTTGAGCCCAGGAGTTCAAGATCAGCCTGG"
"GL873520","72856443","72856538","chr3","49642271","49642364","16","23214172","GGCGGGGTGCAGTGGCTCACACCTCTAATCCCAGCACTCTGGGAGGCCAAGGTGTGTGGATTGCCTGAGCTCACAGGTTCAAGACAAGCCTGAGAT","GACCGGGTGCAGTGGCTCACACCTGTAATCCTAGCACTTTGGGAGACCAAGGTGTGAGGATTGCCTGAGCCCATGAGTTAAAGACCAGCCTGGC"
"GL873520","72856786","72856975","chr8","38561134","38561339","60","34295652","CCAGCCTGAGCCAGAGTGAGACCTCATCTCTAAAAATAGCCAGGCTTTGTGCAGGCACCTGTAGTCCTCATTACTTGGGAGCCTGAGGCAAGAGAATTGCTTGAGCCCAAGAGTTTGAGGTTGTTGTGAGCTATAATGCCATAGCATTCTACCAAGGGTGACAAAATGAAACTCAAAAAAAAAAAAAGAA","CAGCCTGGGTAACGTGGTGAGACCACATCTCTAAAAAAATTAGCTGGGCTTGGCAGCACATACCTGTAGTCCCAGCTACTTGGGAGGCTGAGGCGGGAGCATCGCTTGAACCCAGGAGGTAGAGCCTGCAGTGAGCGAGACTGTATCTCTGCACTTCAGCCTGGGTGACAAAGTGAGACACCATCTTAAAAAAAAAGAAAGAAAGA"
"GL873520","72859692","72859855","chr3","189241423","189241586","42","116381731","AAATATCCAGACAGTGTTGCAGGTGCCTGCAGTCCCAGCTACTGGAGAGGCTGAAGCAAGAGGATCTTCTGAGCCCAAGAGTTTGAGGTTGCTGTGAGCTAGGACACCATGGCACTCTACCAAGAGTGACAACATGAGACACTGTCTCAAAAAAAAAAAACAAA","TTAGCCAGGCATGATGGTGCATGCCTATAGTCACAGCTATTTGGGAAGCTGAAGCAGGAGGATATCTTGAGCCCAGGAGTTTGAGGATTGCAGTGAGCTATGATCACACTACTGCACTCCAGCCTATGTGACAGAGTGAGACCCTGTCTCAAAAAAAAAAAGAA"
"GL873520","72860147","72860283","chr1","33670814","33670944","26","39189333","GGCCAGGCATGGAGTAGCTCATGCCTATAATCCTAACACTTTGGGAGGCTGAGGCAGGTGGATTGCTTGAGCTCAGGAGTTCAAGACCAGCCTGAGCAAGAGCAAGACCCCCTGTCTCTTAAAAAAATAGCCACTTG","GGCCGGGAGTGGTGGCTCACGCCTGTAATCCTAGCACTTTGGGAGGTTGAGGCAGGTGGATTGCTTGAGCTCAGGAGTTCAAGACCAGCCTGGGCAACATGGTGAAACCCTGTCTCTACAAAAAATACAAA"
"GL873520","72875827","72875962","chr1","152310097","152310225","34","79434270","GACTAGGTGCGGTGGCTTGCACCTTTAAATCCAGCATTCTGGGAGGCCGAGGCCATGGATTGCTTGGAGTCAGGAATTCAAGACAAGCCTGAGCAAGAGTGAGACCCTCATATCTCTACTAAAAACAGGAAAACTA","GGCCAGGCATGGTGGCTCACACCTGTAATCCCAGCACTCTGGGAGGCCGAGGCCAGCAGATTGAGTACAGGAGTTTGAGACCAGCCTGGGCAACAGTGAAACCTCGTCTCTACTAAAATACAAAAAATT"
"GL873520","72876242","72876423","chr12","66258613","66258792","47","6617629","TAAAAACAGAAAAACTTGCTGGCTATCATGGTGCATACTTGTAGTCCCAGTTACCTGGGAGGCTGAGGCAAGAGGATTGCTCAAGCCTAAGACTTTGAGGTTGCTGTGAGCTATGATGGTAGGCACTCTAGTCTGGGGCAATAAGAGTGAGACTCTGTCTCAAAAGAAAAAAAAATTAAAAA","AAAAAACAAAAATTAGCCAGGCATGGTGGTACATGCCTGTAGCCCCAGCTATTCTGGTGGCTGAGGCAGGAGGATTGCTTGAGCCCAGGAGGTTGAAGCTGCTGTGAGCCGTGATTGGACCACTGCACTCCAGCCTGGGGGACAGAGTGAAACTGTGTCTCAAAAAAAAAAAAAAAAAAA"
"GL873520","72909896","72909998","chr10","59492409","59492502","34","13417487","AAACAGGAGGATTCTTTGAGCCCAGGAGTTAAAGGCTGGCACTATTTATACTTCAGCCGGGACAAGAGAATGAGACCCTGTTTCTATTTTTAAGAAAGAAAAA","AGGCAGAAGGATCACTTGAGCCCAGGAGGTCGAGGCTGCAGTGAATTGTGATTGTGCCAGGCAACAGATACAGACCCTGTCTCAAAAGAAAAAA"
"GL873520","72910267","72910468","chr9","37771894","37772087","58","35138373","GGCTGGATATAGTGACCCATACTTGTATTCCCAGCAGTTTGGTGGAGAGGCTACAATGGGAAGATTGCTTGGGGCTGGAGTTTGAGACTAGTCTGAGAAACAAAGCAAGACCGTGTCTCTACAGAACATAAATAAAAAATTTGGCTGGGCATGGTGGTGTGCACTTGTAGTCTCGGCTACTAAGGAGGCAGAAACAGGAGGA","GGGCAGGTGTGGTGGCTCATGCCTGTAATCCCAGCACTGTGGGAGGCCGAGGCAGGAGGATCACTTGAGCCCAGGAGTTTGAGACCAGCCTGGGCAATATAGGGAGACACTGTCTCTACAAATAATTTAAAAATTAGCTGGCCATAGTGATGTACGCCTGTGGTCCCAGCTACTCAGGAGGCTGAAGCAGGAGG"
"GL873520","72910901","72910936","chr19","9990646","9990679","11","62920255","CACTTGAGCCCGAAAGTTCAAGGCTAGCCTGGACAA","CTTGAGCCCAGGAATTCGATGCCAGCCTAAGCAA"
"GL873520","72916757","72916848","chr15","37377465","37377541","32","35539292","AAAAAAGTTTGACGATGCTGTGAGTTATGCAGCAGTACTCTACCAAGGGCAACAAACAGACTGTCAAAAAAAAAAAAAAAAAGGGAAAAGAA","AAATAGCTATGATCATATCACTGTACTCCAGCCCAGGTGACAAAGAGACCCTGTCTCAAAAAAAAAAAAAAAAAAAA"
"GL873520","72916937","72917022","chr1","21836229","21836318","20","51080708","GCCAGGCATTGTGGCGGGCGCCTGTAGTCTCAGCTACTTGGGAAGCTGAGGCAAGAAGATCACTTTAACCCAAGAGTTTGAACTTG","GGCCAGGCATGGTGGCACGTGCCTGTAATCCCAGCACTTTGAGAGGCTGAGGCAGGAAGATCACTTGAGCCCAAGAGTTTGAGAACAGCC"
"GL873520","72917555","72917693","chr1","33670814","33670944","38","39246741","GCTGGGAGCAGTGTCTCACTCCTATAATCCTAGTACCCTGGGAGTCTGAGGCAGGTGGATTGCTTGAGCTCAGGAGTTCAAGACCAGCCTGAGCCAGAGCAAGACCCTGTCTCAAAAAAAGGCCGGGGGCGGGGGGGAA","GGCCGGGAGTGGTGGCTCACGCCTGTAATCCTAGCACTTTGGGAGGTTGAGGCAGGTGGATTGCTTGAGCTCAGGAGTTCAAGACCAGCCTGGGCAACATGGTGAAACCCTGTCTCTACAAAAAATACAAA"
"GL873520","72954173","72954287","chr1","149917067","149917179","26","76962894","GCTCGTGCCCATAATCCTAGCAGTCTGGGAGGCAAAGGCAGGTGGATTGCTTGAGCTCAGGAGTTCGACACCAGCCTGAGGCAGAGTGAGACCCTGTCTCTAAAAAAAGAAAACA","ATGCCTGTAATCCCAGCACTCTGGGAGGTCAAGGCAGGAGGATCCCTTGAGCTCAGGAGTTTGAGACCAGCCTAAGCAGGATAGTGAGACCCTCATCTCTACAAAAAAAAAAA"
"GL873520","72954546","72954724","chr1","184532449","184532625","43","111577903","GAACAATTAACTGGGTATCATGGCATACACCTATAGTCCCAGCTACTCAGGAGGCTGAGGCAGGAGGATTGGTTGAAACCAGGAGTTCGAGGTTGCTGTGATTTATTATTACGTTGCTGTGCTCTAACTGGGGCAACAGAGTAAGACTGTCTCCAAAAAAAAAAAAAAAAAGAAAGAAA","AATTAGCTGGGCATGGTGGCATGCACCTATAATCCCAGCTACTCAGGAGGCTGAGGTGGGAGGATCTCCTGAGTCCAGGAGTTCGAGGCTGCAAGTGAGCTATGATCGTGCCAGTGTTCTCCAGCCTGGGCAACAGAGTGAGACCTGGTCTCTAAAAAATAAAAAAATAAAAATAAA"
"GL873520","72959829","72959849","chr19","11811175","11811192","4","61148654","CAAAACTGTAAAAAAATAAAA","CACAATGAAAAAAATAAA"
"GL873520","72959944","72960241","chr17","24444892","24445190","94","48515052","GTGGCCCACACCTGTTAATCCCAGCAATTTCAGAGGCCCAAGTGGGAGGATTGCTTAAGACTGGGAGTTCAAGACTAGCCTGGACAAGATAGCCAGAGTCTGTCTCTGAAATTTTTTTTTTTTTTTTAGTTAGCTGGGTGTGGTGGCATGTGTATGTAGTTTTAACTGTTTGGAAGGCTGGTGGAGGAAGATAACTAAGTGCAGGACTTGCAGGTTGTGGTGAGCTATGATTGTATGTACCACTGTACTCCAGCCAATGCAACAGAGTAAGACCCCTATCTTTAAAAAAAAGGAGCGG","GGCTGGGCACAGTGGCTCATGCCTGTAATCTCAGCACTTTGGGAGGCCAAGACAGGAAGATCGCTTGAACCTAGGAGTTCAAGACCAGCCTGGGCAACATAGTGAGACAGTGTCTCTACAAATTTTTTTTTTTTTTTAATTAGCTGGGTATGGTAGTGCACACCTGTAGTCTCAGCTACTTGGGAGGCTGAGGCGGGAGGATCACCTGAGTGCGGGAGGTCAAGGCTGCAGTGAGCAGTGGTCATGCCACTGCACTCCAGTGTGGGCAACAGAGTGAGACCCTGTCTCAAAAAAAAAAA"
"GL873520","72987852","72988108","chr4","38339349","38339590","66","34648503","GAAATTCCGAGGTGGGACAACCTCTTGAGGCTAGGAGTTTGAGACCTGAGACCTACCTAGGCACCACAGCGAGACCCTATCTCCATAAAATATAAAAAAATCAGCTAGGCATGGTGGTGCACACCTATACTCCTAGCTACTTGGAAGGCTGAAGCAGGAGGATCACTTGAGCCAAGGAATTTGAGGTTGCAGTGAGCTATGATCACACCATAGCAAGCCTAGGCAACAGAATAAGACCCTGTCTCCAAATAAATAAA","GAAGTGAGTGGATGGCTTGAGCTCAGGAGTTTGAGACCAGACTGGGCAACATGGTGAAACCCCATCTCTACAAAAAATACAAAAATTAGCCAGGCGTGGTGGTTCGCACCTATAATGCCAGCTACTTGGGGGGCTGAGGCAGGAGGATAGCTTGAGCCCAGGAAGTGGAGGTTGCAGTGAGCTGAGATCACATCACTGCAGTCCAGCCTGGGTGATAGAGTGAGACCCTGTCTCAAAAAAAA"
"GL873520","72988368","72988403","chr8","123409770","123409807","13","50421402","GCCTATAATCCTAGCACTTTGAAATTCCGAGGTGAG","CTCATGCCTATAATCCTAGCACTTTGGGAGGCAGGCAG"
"GL873520","73061340","73061536","chr20","4833312","4833507","57","68228028","GGCTGGGCACAATGCCTGACCCATATAATCCTAGCACTCTGGGAGGCCAAGGCGGGGAGGGACAGGATTGCCTGAGCTCACAAGTTCAAGACCAGCCTGAGTCAGAGCAAGACCTCGTCTCTAAAATATAGCCAGGTGTTGTGGCCGGCACCTGTAGTCCCAGCTACTTGGGAGGTTGAGGCAAGAGAATCTCTTAA","GGCTGGGCCCAGTGGCTCACATTTGTAATCCCAGTACTTTGGGAGGACAAGGCAGGCGTATCACTTGAGCCCAGAAGTTCGAGACCAGCCTGGGTAACACAGCAAAACCCCGTCTCTACAAAAAATTAGCCAGGTGTGGTGGTGCATGCTTGTAGTCCCAGCTACCAGGCAAGCTGAAGAGGAAGCATCACCCTCA"
"GL873520","73061812","73061921","chr2B","206563725","206563834","29","133501913","GGAGAATCTCTTAAGCCCAAGAGTTTGAAGTTGCTGTAAGCTGTGATGCCACAACACTCTACCAAAGGAAACAAAGTGAGACTCTGGCTCAGAAAAACAAACAAACAAAA","GGAGTGTCACTTGAGCCTGGGAGTTTGAGGTTGCAGTGAGCTGTGATTGCATCATGCACTCCATCCTGGGCAAAAGAGTGAGACCCTGTCTCAAAAAAAAAAAAAAAAAA"
"GL873520","73083143","73083268","chr7","99782297","99782421","34","26699154","CAGTGGCTCACATCTGTAATCCCAGCACACTGGGAGGCTGAGGAGGGCGGATTGCCTGAGCTCACAGGTTTGAGTCCAGCCTGAGCAAGAGCAAGACCCCTGACTCTAAAAATAGCCAGGTGTGAA","GGTGGCTCACGACTGTAATTCCAGCACTTTAGGAGGCTGAGGCGGGAGGATTGCTCGAGGCCAGGAGTTCAAGACCAGCCTGAGCAACGTACCGAGACCCTGTCTCTATAAAAATTAGAAGGTTA"
"GL873520","73083525","73083631","chrX","48956519","48956618","29","24127006","TAAAAATAGCTGGGCAATGTGGCTGGTGCATGTATTCCTAGGTACTTGGGAGGCTGAGGCAAGAGAATTGCTTGAGCCCAAGAGTTTGAGATTGCTGTGAGCTGTGA","GCTGGGCATGGTGGTGTGTGCTCATAGTCCTAGCTGCTGGGGAGGCTGAGGTGAGAGGACTGCTTGAGCCCAGGAATTTGAGACTGTAGTGAGCTGTGAT"
"GL873520","73086014","73086142","chr10","95119450","95119581","30","22033436","CTGGGCACAGTGGCTCACGCCTATTATCCCAGCACTTGGGAGGCTGAGGCAGATGGATTGCCTGAGCTCAGGAGTTTGAGACCAGGTGAGCTAGAGCAAGACCCCCATCTCTAAAAATAGCTGGGCATT","CCGGGTAGAGTGGCTCATTCCTGTAATCCCAGCACTTTGGGAGGCTGAGGCAAGAGGATTGCTTGAGGTCAGGAGTTCGAGACCAGCCTGAGCAATGTAGCAAGACTCCACCTCTACAAAAAATGAAAAGCT"
"GL873520","73086410","73086584","chr12","96671998","96672172","39","23585588","AATTAAAATAGCTGGGCATTGTGGCAGGGGTCTGTAGTCCCAGCTACTTGGGAGGCTGAGGTAAGAGAATCACTTAACCCCAGGAGTTTGAGGTTGCTGTGAGCTATGACACCATAGCACTCTACCAATGGTGACAAAGTGAGCCTCTGTCTCAAAAAAAAAAAGTAAATAAAAA","AATTAGCTGAGCATGGTGGCAGGCACCTGTAGTCCCAGCTACTTGGGAGGCTGAGGGAGGAGGGTCACTTGAACCCAGGAGTTTGAGGCTGCAATGAGCTATGACTGCATCAGTGCACTCTAGCCTGGGCAGTAGAGTGAGACCCTGTCTCACAAAAAAAAGAAGGAAAGAGAAA"
"GL873520","73111621","73111695","chr4","25785731","25785810","15","47325890","GGCCTGGCGTGGCTCATGCCTCTAATCCTAGCACTCTGGGAGGCCGAGGTAGGTGGATTACTTGAGCTCACAGGT","GGCCTGGTGCAGTGGCTCATGCCTATAATCTCAGCACTTTGGAAGGCCGAGGTGGGGGGATCACTTGAGCCCAAGCAGTT"
"GL873520","73111955","73112180","chrUn_GL394560","7392","7612","71","73104563","TGAGCTCACAGATTGGAGACCAGCCTGAGCAATAGCAAGACCCCGTCTCTAAAAATAACCAGGTATTGTGGAAGGCACCTGCAATCCCCACTACCTGGGAGACTGAGGCAAGAGAATCGCTTGAGCCCAGGAGTTTGAGGTTGTTGTATGCTATGATGCCACGGCACTCTACTGAGGGCAACAAAGTGAAACTCTATCTTAAAAAAGAAAAGAAAAGAAAAAGAAA","GAGCCCAGGAGTTCGAGACTAGCCTGGGAAACATTGCAACCCCATCTCTACAAAGAATAAAAAAATTAGCTGGGAGTGGTGGTCCCAGCTACTTGGGAGGCTGAGGCAGGAGAATCATTTGAGCCCAGGAGGTTGAGGCTGCAGTGAGCCATGTTAGTGCCATTGCACTCCAGCCTGGGTGACAGAGTGAGATCTTGTTTAAAAATAAAGAAAGAAAGAAA"
"GL873520","73125194","73125383","chr7","4237351","4237553","49","68887843","GGCTGGGCGTGGTGGCTCATGCCTGTAATCCCAGCACTCTGGGAGGCTGAGGCAGGTGGATTTGCTAGATCTCAGGAGTTGGATACCAGCCTCGGCAAGAGCAAGACTCCATCTCTAAAAATAGCTGGGCATTGTGTTGGGCACCTGTGGTCCCAGTTACTCAGGAGGCTGAGGCAAAAGGCTCACTTGA","GGTCAGGCATGGTGGCTCATGCCTGTAATCCCAGCACTTTGGGAGGCCGAGGTGGGCAGATTGCTTGAACTCAGGAGTTGAAGACTAGCCTGGGCAACACGGCAAAACCCCATCTCTACTAAAACTACAAAAACTAACTGGGCATGGTGGCACGCGCCTGTAGTCCCAGCTACTGGGGAGGCTGAGGTAGGAGGATCACTTGA"
"GL873520","73125656","73125758","chr3","46775769","46775871","28","26349887","GGATCACTTGAGTCCAAGAGTTTGAGGTGGCTGTGAGTTATGACACTACCAGCACTTTACTGGGAGCAACAAAGTGAGACTCTGTCTCAAAAAAAAAAAAGAA","ATCACTTGAGCCTTGGGGGTTGAGGCTGCAATGAGTCATGACTGTGCCATTGCACTCTAGCCTGGGCAACAGAAAAGAGACCCTGTCTCAAAAAAAAAAAAAA"
"GL873520","73447089","73447356","chr3","133065732","133066007","74","59618643","GGCTGGGTGCGGTGGCTCACGCCTGTATTCCCAATACTTGGGAAGTTCAGGGGTTGGATTGCCTGAGCTCACAGGTTCAAGACCAGTCTGAGCCAGAGTGAGACCTCATCTCTAAAAAAATACCCGGGCATTGTGGTGGGTACCTGTAGACCCAGCTACTTGGGAGGCTGAGGCAAGAGAATGACTTGAGCCTGAGAGTTTGTGGTTGCTGTGAGCTACAATGCCTTGGCACTCTGTTGAGCATTACAAAGTGAGACTCTGTCTCAAG","GGCCGGGTGCAGTGGCTCACGCCTGTAATCCCAGCACTTCAGAAGGCCAAGGCAGGAGGATCACTTGAGCTTAGGAGTAGAGACCAGCCTCAGCAACATGGTGAAACCCCATCTCTACAAAAAATTAGCCGGGCATAGTGGTGCGTGTCTGAAGTCCCAGGTACTGGAGAGGCTGAGGCAGGAGGATCACTTGAGACTGGGAGGTCAAGGATGCAGTGAGCTGTGATAGTGCCATTGCACTCCAGCTGGGGCAACAGAGCGAGACCTTGTCTCAAA"
"GL873520","73447378","73447393","chr1","153358526","153358539","2","79911148","AAAAAAAAACCAAAAA","AAAAAAAAAAAAAA"
"GL873521","58193","58339","chr1","40759650","40759803","42","40701457","TTAGTCAGGCATTGTGGCAACTTAGGCATAGCTACATGGAAGGCTTAGACAAGAGAATCACTAGAGTCCAGGAATTGGAGGTTGCTGTGAGCTACGATGCCATAGCACTCAAGCCTGGGGCAACAGTGTGAAACTCTATCTCAAAAA","ATTAGCCAGACATGGTGGTGCACATCTGTAGGCCTAGCTACTTGGGAAGCTGAGGCAGGAAGACTGCTTGAGCCCAGGAGTTTGAGGCTGCAGTGAACTATGATGACATCACTGCACTCCAGCCTGGGCAAGAGTGAAACTGTTTTTTAAAAAA"
"GL873521","58369","58496","chr11","12504072","12504193","41","12445703","GGTGTGGTGATTGATGCCTGTAAGTCTAGCACTTTGAGGAGAGTGGATCCCTCTGAGGAGGGTGGATCTGTTGAGCTCAGATACTCAAGACCAGACTGAGCAAGACTGAGACCCCCCCATTTTTACAA","GGCCTGGTGCAGTGGCTCAGACCTGTAATTCCAGCACTTTGGGAGGCCTGGGTAGGTGGACTGTTTGAGCTCAGATGTTTGAGACCAGCCTGGGCAACATGACAAAACCCCATCTCTACATA"
"GL873521","119441","119613","chr3","50079465","50079644","54","49960024","CAACAAAAAAAAAAACAGATGACATAGTGGTTCACACCTGCAGTTGCAGCTAATGGGGAGACTTAAGACAGGAAAATCACTTGAACTCAGGCATTTGAACTTTCAGTGAGCTATGCTGATGCCACTGTACCTTAGTCATGACAGCAGAGCAAGAACCGGACTAAAAAAAAAAA","ACAAAAAGAAAAAACAATTAGCAAGGCCTGGTGGTACACACTTGTAGTCCCAGCTATTTGGGAGGCTGAGGTGGGAGGATCACTTGAGCCCAGGAGTTCAAGGTTACAGTGAGCTATGATCATGCCACTGCACACTAGCCTGGGCATCAGAGAGAGTTCCTGTCTCTAAGAAAAAAAAAA"
"GL873521","119642","119758","chr4","150658849","150658965","24","150539207","GGCTGGACCTGGTGGTTCACACTTGTAATCCTGGCACTTTGGGAAGCCAAGGTGGGAGAACTGGGTGAGGTCAGGAGTTTAAGACCAGCCTGAATGACATAGCAAGATCTCATCTCT","GGCTGGTTATGGTGGCTGACACCTGTAACCCTAGTACTTTGGGAGGCCCAGGTGGGAGGATTGCTTGAGGCCAGGAGTTTAAACCAGCCTGGGCAACATAGCAAGACCTCATTTCTT"
"GL873521","610584","610857","chr11","57816849","57817130","68","57206265","GGCCATGTGCAGTGGCTCACACCTGTAATCCTAGCACTCTGGGAGGCTAAGGCAAATGGATTGCTTGAGCTCAGGAGTTCAAGACCAGCCTGAGCAAGAGCTAGAACTGACCCCATCTCTAAAAAATGCCAGGCAATATGGTGGAGTCTAGAGTCCCAGCTACTCGAAGGCTAAGGTAGAAAGATGGCTTAAGCCCGAGAGTTTGAGGTTGCAGTGAGCCGTGACACCATGGCACACTCTACTGAGGGTGACAAAGTGAGATTCTGTCTCCAAA","GGCCAGGCACAGTGGCTCACACCTGTAATCCTAGCACTTTGGGAGGCCAAGGCAGGTGGATTGCTTGAGCCCAGGAGTTTGAGACCAGCCTGGGCAACATGGCAAAACCTCATCTCTACAAAAATTAGCCAGACATGGTGGTGGGTGCCTGTAGTCCCAGCTACTCAGGAGGCTGAGGTAGGAGGATCATCTGAGCCCAGGAGGTCGAGACTGCAGTGAGCCATGATCATGCCACTGCACTCCAGCCTGAGTGACAGAGTGAGATCCTGTCTCAAACAAAAA"
"GL873521","1502062","1502265","chrX","121141350","121141549","52","119639288","CAAACAAAAAAAGACTAGTCTCTACTGAAAATAGAAAAACTAGCCGGGTATTGTGGCAGGCTCCTGTACTCCCAGCTACTTGGGAGGCTGAGGCAAGAGGATCACTTGAGCCCACGAGTTTGAGCTTTCTGTGAACTATGATAATGTCACAGCACTCTACCCAGGGTGACAGAGTGAGATTCTGTGTCAAAAAAATAAAGAAAA","GAAACAAAGCAAGACCCCATCTCTACAAAAAATTTAAAAATTAGCTGGGCCCAGTGGTGTGTACCTGTAGTTCCAGCTATTTAGGAGGCTGAGGCAGGAGGATCCCTTGAGCCCAAGAGTTCAAGGTTGAAGTGAACCATGACTACGCCACTGCACTCTAGCCTGGGGACAAAGTGAGACCTTGTCTCAAAAATAAAAAA"
"GL873521","1502500","1502603","chr19","19649787","19649888","25","18147287","GCCAGGTGCAGTGGCTCATGCCTATAATCCTAGCACTCAGGAAGGCCAAGGCAGGTAGATTGAGTTTGAGACCAGCCTGACTAAGAGCAAGACTGGTCTCTATA","GCCAGGCATGGTGGCTCATGCCTGTTATCCTAGCACTTTGGGAGGCTAAGGCGGGAGGAGTTTGAGACCAGCCTGGGCAACATAGCCAGACCCTGTCTCTTA"
"GL873521","1595405","1595517","chr21","23033355","23033468","23","21437950","GCTGGGCATGGTAGCTCATGCCTGTAATCCCAGCACTCTGGAAGGCCGAGGCAGGTGAATTGCCTAAGCTCACAAGTTCAAGGCCACCCTGAGCCCAGCAAGACCCTATCTGT","GGCCAGGCATAGTGGCTCATGCCTGTAATCCCAGCACTTTGGAAGGCCGAGGCAGGAGGATTGCTTGGAGCCCAGGAGTTCGAGACCAGCCTGAGCAGCATAGACCCCTATCTC"
"GL873521","1595795","1595978","chr3","132688217","132688402","51","131092422","TGAGACCCATCTCTAAAAATAGCCAGGCGTTGTGGTGGGCGCCTATAGTCCCCGCTATTCTGGAGACTGAGGCAAGAGAATCACTTAAGCCCAAGAGTTTGAGGTTGCTGTGAGCTGTGACACTATGGCCCTCTACCAAGGGTGACAAAGTGAGACTCTGGCTCAAAAAGAAAGATAAAAAAAA","TACAGAAAAATTTTTAAAAAATTAGCCATGTGTGGTGATGCGCACCTGTAGTCCCAGCTACTCTGGAGGCTGAGGTGTGAGGATCACTTGAACCCAGGAGTTCGAGGCTGCAGTGAGCCATGATCATGCCACTGCACTCCAGCCTGGGTGACAGAGTGAGACCTTGTCTGAAAAAAAAAAAAAAAA"
"GL873521","1759823","1760095","chr20","35179301","35179570","73","33419478","CTAGCATCCTGGGAGGCTGAGGCAGGTGGACTGTCTGAGCTCATGAGTTTGAGACCAGCTTGAGTAAGGGAGACCCTGTATCTACTAAAAATAGAAAAACTAGCCAAGCATGGCGGCACATGCCTGTAGTCCGAACTGCTTGGGAGGCTGAGGCAAGAGTATCACCTAAGCCCAAGAGTTTGAGGTTGCTCTGAGCTATGAAACCAGGGCAGGGTCCTCTACCCAGGGTGACAAAGTCAGACTGTCTCCAAAAAAAAAAAAAAAAAAAAAAAA","CCAGCATGGTGGGAGGCCGAGGTGGGCAGATCGCTTGAGTCCAGGAGTTTGAGACCAGCCTGGGCAACATGGCGAAACCCCGTCTCTACAAAAAATACAAAAATTAGCCAGCATGGTAGCCCACGCCTGTAGTCCCAGCTGCTTGGGAGGTTGAAGTGGGAGCATCACTTGAGCCTGGGAGGCGGAGGTTGCAGTGAGCTGTGATCTGCACTCCAGCCTGGGTGACAGAGCGAGACTCTGTCTCAAAAAAAAAAAAAAAAAAAAAAAAAA"
"GL873521","1760611","1760644","chr1","206552735","206552767","4","204792124","GGCTGGGAGCCGTGGCTCACCCCTGTAATCCTAG","GGCTGGGAGTAGTGGCTCACGCCTGTAATCCTA"
"GL873521","1978757","1978896","chr19","10086469","10086601","36","8107712","GGGTGCAATGGCTCATTCCTACAACCCTAACATTTTGGGAGGCCTGGGTGGGAGGAAAGCTTGGGACCCGTAGTTTGAGATCAGCCTGAGCAACACAGTGAGATGCTGTCTCTACAAAAAATTAGCCTAGTATGGTGGTG","GGGTGCAGTGGCTCACACCTATAATCCTAGCAGTTTGAAAGGCTGAGACGGGTGGATCGCTTGAGCCCAGGAGTTCAAGACCAGCCCGGGCAACATAGTGAGACCCTGTCTCTACAAAAAATTAGAGGATGTG"
"GL873521","1984940","1985104","chr19","18092803","18092966","37","16107863","AAAATGAGCCTGGTGTGGCAGCACTTGCTTGTGGTCCCAGCTACTTAGGAGGCTGAGGCAGCAGAATTGCCTGAGTCCAGGAGTTTGAGATTGCAGGGAGCTATAACCATACCACTTCATTCCAGCCTGGGCAACAGAGCAAGGCCCTGTCTCAACCAAACAAAA","AATTAGCAGGCTGTGGTAGCATGTGCTTGAGGTCTCAGTTACTTGGGAGGCTGAGGTGGGAGGATCACCTGAGCCCAGGAGTTCAAGGCTGCAGTGAGCTATGATCACACCACTGCACTCCAGCCTGGGCAACAGAGCAAGATGCTGTCTCAAAAAAAAAAAAA"
"GL873521","2126971","2127283","chr1","18920994","18921309","78","16794023","GCCAGGTGCAATGGCTCATGCCTGTAATCATAGCACTCTGGGAGGCTGAGACTGGAGGATTACTTGAGCTCAGGGTTTCGAAATCAGCTTGAGCAAGAGTGAGACCCCCATCTCTACAAAAATAGAAAAACTAGCCAGGTGTTGTGGTGGGCACCTGTAGTCCTAGCTATTTGGGAGGCTGAGGCCAGAGGACAGCTCAAGTCCGGGAGTTTGAGGTTGCTGTGAGTTGTGACAGCACAGATGTCTACAGAGGGTAACAAAGAAAGACTCTGTCTCAAAAATGAATGAATAAATAAGTAAATGAATAAATAAA","GGCCAGGTGCATTGGCTCATGCCTGTAATCCTAGCACTTTGGGAGGCTGAGGCAGGCAGATTGCTTGAGCCTGGGAGTTTGAGACCAGCCTGGGCAACATGGCAAAACTCTATCTCTACAAAAAATACAAAAATTAGCCTGGCGTGGTAGCGTGAGCCTGTAGTCCCAGCTACTGGGGAGGCTGAGGTTGGAGGATAGCTTGAGTCCGGGAGGTCGAGGCTGTAGTGAGCTGTGATCACACCACTGCACTCCAGCCTGAGAGACAGAGAGAGATCTTTTCCCAATAAATAAATAAGTAAGTAAATAAATAAATAAA"
"GL873521","2389393","2389473","chr1","36080957","36081040","20","33691564","TTGGGAGACTGAGGCAGGAGGATTCCTTGAAGCCAGGAGTTCAAGACCAGCCTGAACAGGAGTGAGACTCTGACCATATAA","CTTTGGGAGGCTGAGGCAGGGGGATTGCTTGAGCCCAGGAGTTCAAGACCAGCCTGGGCAATATAGCGAGACCCTCATCTCTAC"
"GL873521","2389498","2389674","chr1","31190959","31191130","48","28801461","CCCCAGAAAAACAGAAAAATTAGCCAGGTATGGTGGTATGGGTCTATAGTCCCAGCTGCTTGAAGGCCAAGGCAGGAGGATTACTTGAAGCCCAAGAGTTTAAGGCTACAGTGAACTATGACGATGTCACTGCACTCTAGCCCAGTTGACAGGGAATGAATCTGTTTCAAAAAAAAA","CACACACACACACAAAAATTAGCCAGTGTGGTGGTATACTCCTATAGTCCTAGCTGCTCGGGAGGCTGAGACAGGAAGGTCACTTGAGCCTAGCAATTTAATGCTGCAGTGAGCTATGATTGTGCCACTGCACTCCAGCCTGGGCAGCAGAGTGATACTCTGTTTCAAAAAA"
"GL873521","2550002","2550150","chr19","3288108","3288256","38","738106","CCCTCAGCTTTGCATGGTGATATGCACCTTTGGTCCCAGCTGCCTCAGGAGGTTGAGGCATGAGGATCCCTTGAGCCCACAGTTTGAAGCTGCAGTGGGCTATGATGGTGACACTACACTCTAGCCAGGGAGACAAAGTGAGGCTCTAT","AGTTAGCTGGGCATGGTGGTATGGGCCTGTGGTCCCAGCTACTCAGGAGGCTGAGGCAGGAGCATCTCTTGAGCCAAGGAGGTCGAGGCTGCAGTGAGCTGAGATTGCGCCACTGCACTCCAGCCTGGGTGACAGAGTGAGATCCTGTC"
"GL873521","2550422","2550560","chr7","34482046","34482189","32","31931624","CTGAGTGTGGTGGCCCCTGTCTGTAATCCCAGCCCTTTGGAAGGCTGAGAAGAGGATCACGTGAGGCCAGGAGGTTGAGAACAGTGTGGGCAACACAATGAGACCCATCTCTAAAACAAGTTTAAAAATCAGCTGGGCT","GGCTGGGCATGGTGGCTCATGCCTGTAATCCCAGCACTTTGGGAGGCTGAAGTGGGAGGACTGCTTGAGGCCAAGAGCTTGAGACCAGCCTGGGCAACATAGTGAGACTCCATCTCTACAAAAAGTTTAAAAATTAGCAAGGGT"
"GL873521","2565293","2565460","chr12","36177409","36177585","39","33612116","AACAATAAAAATTATCCAGATATGGTGGTGTGTGCCTGTAGTGCCAACAGCTAGGGAGGCTGAAGCAGGAAGATCGCTGGAGCCCATGAGTTTGAGATTGCAGTGAGCTGTGAGGCCACTGCGCTCTACCCTGGGTGAGAGAGTAAGACCCTGTCTTGAAAAAACAAA","TAAAAAATTAAAAAATTAGCCAGATGTGGTGGTGCGTGGCTGTGGTCCCAACTACTCTGGAGGCTGAAATGGAAGGATTACTTGAGCCCATGAGGTTGAGGCTGCAGTGAGCTGTGACTGAGCCACTGCACTCCAGCCTGGGTGACAGAGTGAGACCCTGTTTCAAAAAAAAAAGAA"
"GL873521","2565490","2565601","chr12","111694807","111694920","25","109129317","CCAGATACAGTGGCTTACACCTGTTATCCTAGCACTTGGGAGGCCAAAATGAGAGGCTTGCTTAAGTCCAGGAGTTTGAAACCAACCTGTGCATGAGCAAGACCCCATCTCT","GGCCAGGTACAGTGGCTCACACCTATAATCTCAGCACTTGGGAGGCCAAGGTGGGAGGATCACTTGAGTCCAGGAGATTGAGACCAGCCTGGCAACATAGCAAGACCCTATCTC"
"GL873521","3217868","3218143","chr10","9473915","9474197","72","6256047","GGCTGGGTGCAGTGGCTCATGCCTATAATTTTAGCATTCTGGGAGGCCTGAATAGGAGGATCCCTTGAGCTCAGGAGTTTACCAGCCCAAGCAAGAGTGAGACCCCATTTCAACTATAAATAGAAAAACTAGCTGGACGTGGTAGCGTCTGCTTGTATCCTAGCTACTGAGGTGGCTGAAGTAGGAGGATCATTTGAGCCCAAGATTTGGTGATAGCAGTGAGCTAGGCTCATACCATAGCACTCTAGCCTGGGCAGCAAAGTGAGACTATCTCAA","GGCTGGGTGCAGTGGCTCACACCTGTAACTTTAGCACTTTGGGAAATCAAGGAAGGTGGATCACTTGAGCCTAGGAGTTTGAGACCTGGACAACGTAGTGAGACCCCATTTCTACAAAATAAAACAAAAACTAGCTGGGCATGGTGGCATGCTCCTATAGTCCCAGCTACTCAGGGGCCTGAGGTGGGAGGATCGTTTGAGCCCAGGAGGTGGAGGTTGCCGTAAGCCAAGATCATGCCACTACACTGCAGCCTGGGAGACAGAGTGAGACCCTGTCTCAAAA"
"GL873521","3218164","3218191","chrX","137081199","137081225","4","133863035","AAAAAAAAAAAAAGGAAGAAGAAGAAAA","AAAAAAAAAAAAAAAAAGGAAAGAAAA"
"GL873521","3495930","3496043","chr1","9156973","9157091","28","5661043","GACCAGGCCCAGTGGCTCACTCCTATAATCCCAGCACTCTGAGAGGCCAAGGCAGGAGTTTGAGACCAGCTTGAGCAAAAGCAATACCCTATCTATAAAAAAAATAGCCAGGCT","GGCTGGGTGAGGTGGCCTCACGCCTGTAATCCCAGCACTTTGGGAGGCCAAGGCAGGAGTTTGAGACCAGCCTGGGCAATACAGTGAGACCCCATCTCCAAAAAAAAAATTAGTGGGGC"
"GL873521","3496294","3496455","chr4","75562087","75562252","37","72065793","TAGCCAGACATGGTGGCAGGTTCCTGTACTCCCAGCTACTTAGAGGCTGAAGCAAGAGGATAGCTTGAGACCAAGAGTCTGGAGGTTGCCATAAACTATGATGCCATAGCACTCTACCCACGGTGACAGAGTGAGATTCTGTCTCAAGAATAAATAAATAAA","TTAGCTGGGTGTGGTGGCATGCACCTGTAGTCCCAGCTACTTAGGAGGCTGAGGCAAGAGGATCACTTTAGCCCAGGAGGTGGAGGTTGCAGTGAGCTGAAATCATACCACTGCACTCCAGCCAGGGTGACAGAGTGAGACCTTGTCTCAAAAATAAATAAATAAA"
"GL873521","3515961","3516093","chr1","109402188","109402317","37","105886227","CTGGGCACAGTAGTATGTTCTTGTAATCCCAGTTTGGGAATGGGAGGCTGAAGCAGGAGGATCTCTTGCACCTAGGAGTTCAAGTCCAGCCTGGGCCACTTAGGTAAACACTCCTATACACACAATAAATAAA","GGCTGGGACGGTGGCTCATGCCTGTAATCCCACACTTTGGGAGGCTGAGCTGGCAGATTGCTTGAGCCTAGGAGTTCAAGACCAGCCTGGGCAACATGGTGAAACCCCACCTTTACAAAAAATAAATAAA"
"GL873521","3526495","3526609","chr6","8494714","8494833","23","4968219","GGGTGTGGTGGCTCATGCCCATAATCACAACACTTTGGGAGGTGAGGCAAAATGGTCACTTGAGACTAGGAGTTCAAGATCAGCCTGGGCAACATAGCAAGACTCTGGGTCCACA","GGCCAGGTGTGGTGGCTCATGCCTGTAATCCCAACATTTTGGGAGGCTGAAGCAGAGAGGTTGCTTGAGACCAGGAGTTCAAGACCAGCCTGGGCAACATAGCAAGACCCTCTCTCTACC"
"GL873521","3526643","3526661","chr3","50246504","50246521","6","46719861","TTAAAAAACAAACATTTGC","AAAAAAAAAAAAAATTTT"
"GL873521","3544998","3545149","chr5","35290577","35290728","43","31745579","AGCCCAACAAAATGAGGGGGGCATTGTGGTGGACGCCTGTAGTCCCAGTCACTCAGAAGGCTGAGACAAGGGAATCGCTTGAGTCCAAGATTTGAGGTTGCTGTGAGCTATGATGGCACAGCACTCGACCCAGGGCAACAGAGTGAGACTCT","ATAGAAAAACTAGCCAGCATGGTGGCTCACGCCTGTAGTCCCAACTACTCAGAAGGCTGAGGCAGGAGGATCGATTGAGCCTGGGAGGTCAAGGCTGCAGAGAGCCATGATTGTGCCACTGCACTCTAGCTTGGGCAACAGAGTGAGACTCT"
"GL873521","3545179","3545299","chr8","123644856","123644976","23","120099677","GGCCAGGGTGCAGTGGCTCATGCCTGTAATCCTAGCACTCTGGAAGGCTGAGGCGGGTGGATTGCTTGAGCTCAGGAGTCGGAGGTCAGCCTGAGCAAGAGAAGGATCCCATCTCTACTGA","GGTTGGGTGCAGTGGCTCATGACTGTAATCCCAGCACTTTGGGAGGCTGAAGCAGGTGGATTGCTTGAGCCCAGGAGTTGGAGATCAGCCTGGGCAACATAGTAAGACCCTGTCTCTACAA"
"GL873521","3553893","3554058","chr11","78192954","78193119","45","74639061","AATACTGACCAGGTGTAGTGAGTGGTGCATGCCTATAGTCTCAGTTACTTGGAAGGTTGAGGCAAAAGGATTGCTCAAACACAAGAGTTTTAGGTTGCTGTGAACTATGATGCTACAGCACTCTACCAGGGCAACAGAGTAAGACTGTGTCTCAACAACAAACAAA","ATTAGCCAGGCATGTTGGTGCATGCCTATAGTCCTAGCTACTTGGAAGGCTGAGGCATGAGGATGTACTGAGCCCAAGAGTTCCAGGTTAGAGTGAGCTATGATCATGTCACTGCACTCTAGCCTGGGCAACATAGCAAGACCCTGTCTCTAAAACAAAGCAAAAA"
"GL873521","3554086","3554201","chr1","91242641","91242760","22","87688555","GGGTGCAGTGGCTCACGCCTATAATCCTAACACTCTGGGAGGCCAAGGTAGGTGGATCACTTGAGTTTGAGGAGTTTGAGACCAGCCTGAGCAAGAGAAAGACCCCATCTCTACTA","GCCAGGCGCAGTGGCTCACACCTATAATCCCAACACTTTGGGAGGCCAAGGCAGGAGAATCACTTGAGGCCAGGAGTTTGAGACCAGCCTGAGCAACATAGCAAGACCTTGGCTCTACTA"
"GL873521","3593976","3594262","chr16","24608122","24608413","74","21014146","GGCTGGGCACAGTGGCTCACACCGGTAATCCCAGCACTCTGGGAGGCCGAGGCAGGTGGATTACCTGAGCTCACAGTTTCGAGACCAGCCTGAGCAAGAGTGAGACCCCCCCCCCAATCTCTAAAAATAGCTGGGCGTTATGGCCAGGTGCCTGTAATCCCAACTATTTGGGAGGGTGAGACATGAGAGTCAGTCACTTTGAGCCAAGAGTTTGAGGTTGCTGTGAGCTGTGTGCCACAGCATCCTACCGAGGGTGACAAATTGAGACTGTGTCTCACAAAAAAGAA","GGCCAGGCGCAGTGGCTCACACCTGTAATCCCAGCACTTTGGGAGGCTGAGGTGGGTGGATTACTTGAGCTCAGGAGTTTGAGACCAGCCTGGGCAATATAGTGAAACCCTATCTCTACCAAAAACACAAAAATCTAGCTGGGCATGGTGGCACGTGCCTGTAGTCCCAGCTACTCGGGAGGCTGAGGCAGGAGGATCACTTGAGCCTGGGAGGCAGAGGTTGCAGTGAGCCATGATTGCGCCAGTGCACTCCAACCTGGGTGACAGAACAAGACCCTGCCTCAAAAAAGAA"
"GL873521","3621527","3621631","chr8","21452005","21452106","29","17830478","TCACATTTATAATTCCAGCACTCTGGGAGGCCGAGGCAGGAGAAACCCTTGGGCTCAGGAATTCAGGGGCCAGCCTGAGCAAGAGCCAGGCCCAGTCTCTACTAA","CATGCCTATAATCCCAGCACTTTGAGAGGCTGAGGCAGGAGGATCGCCTGAGCCCAGGAGTTCGAGGCCAGCCTGGGCAACATAGCAAGACCCCATCTTTAA"
"GL873520","60838810","60839064","chr5","171848001","171848259","81","111009191","GGCTGAGAGTGGTGGCTTCTAACAGTCCGAGAGGTTGAGGCTTGAGCTCAGGAGTTACAGGTCAACCTGAGCAACCCCTGCCTACTAAAAATAGAAAAAATTAGCTGGGCATTGTGGTGAGTGCCTGTAGTCCTACCTACTGGGAGACTGAGGCAGGTGGATCTCTCAAATTCAGGAGTTTGAGGCTGTCGTGAACTACGACGCCACAGCACTCAGGCCTGAGCAACAGTGAGACTGTCTCACACACACAAGAAA","GGCCAGGCAAAGTGGCTCATGCCTGTAATCCCAGCACTTTGGGATCACTTGAGCCAGGAGTTCAAGACAACATGATGAAACCCCGTTTCTACCAAAAACACAAAAAAATTAGCTGGGCATGGTGGTGCACGCCTGTAGTCCCAGCTACTTGGGAGGCTGAGGCAGGAGGATCGCTTGAGCTCAGGAGGTCGAGGCTGCAGTGAGCACTGACTGTGCCACTGCACTCCAGCCTGGACAACAGATAGAGACCTCGTCTCAA"
"GL873520","60890558","60890822","chrX","9126809","9127055","74","51763749","AGAAGTTTGAGACCAGCCTGAGCAAGAATGAGACCTCATCTCTATAGACAAATAGAAAAATTAACCACTACAGGCATGGTGGTATGTGCCCATAGTCAAAGATACTCAGGAGGCTGAGGCAGGAGGATCACTTGAGCCCAGTAGTTAGAGGTTGCAGTGAGCTATGATGACATCCTAACACTCTAGCCAAGGCAACAGAGTGAGTGAGACTCTGTCTCAAAAATAAATAAATAAATAAATAAATAAAAGAAAAGAAAAAAAAGAA","ACCAGCCTGGGCAACATGGTGAGACCTCATTTCTACTAAAAATACAAAAAAATTATCTGGGTGTGATGGTACGTGCCTGTGGTCTTAGTTACTTGGGAGGCTGAGATGGGAGGATTGCTTGAGCCCAGGAGGTTGAGGCTGCAGTGAGCCATGATCACACCACTGGATTCTAGCCTGGGTGACAACAGTGAGACCCTGTCTCAAAAATAAATAAATAAATAAATAAATAAATAAATAAATAAATAAA"
"GL873520","60903513","60903710","chr8","38561134","38561339","57","22342379","GACCAGCCTGAGTAAGAGTGAGACCTTATCTCTAAAAAAATAGCTGGGAGTTATGGCAGGTGCCTGTAGTCCCAGCTACTTGGAAGGCTGAGGCAAGAGGATCACTGGAGCCCATGACTTTGAGGTTGTTGTGAGCTATCATGCCATGGCACTTTACCCTGGGTGATAAAGTAAGACACCATGAAAGAAAGAGAGAAA","CAGCCTGGGTAACGTGGTGAGACCACATCTCTAAAAAAATTAGCTGGGCTTGGCAGCACATACCTGTAGTCCCAGCTACTTGGGAGGCTGAGGCGGGAGCATCGCTTGAACCCAGGAGGTAGAGCCTGCAGTGAGCGAGACTGTATCTCTGCACTTCAGCCTGGGTGACAAAGTGAGACACCATCTTAAAAAAAAAGAAAGAAAGA"
"GL873520","60903994","60904078","chr19","44122957","44123041","20","16781037","CTGGGCACAGTGGCTCACACTTGTAATTCTAGCACTCTTCAAGGCCAAGCTAGGCGGATTGCCTGGGTTCAAGAGTTGGAGACCA","CTGGGCACAGTGGTTCATCCCTGTAACCCAGCACTTTGGGAGGCCAAGGTGGGAAGATTGCTTGAGCTCAAGAGTTTGAGACCAC"
"GL873520","61127875","61128124","chr12","40543558","40543815","61","20584317","AGGCCAAGGCAGGTGGATTACTTGAGCTCAGGAGTTTGAGACCAGATGGAGTAAGGGTGAGACCTCCATCTCTACTAAAAATAGAAAAACTAGCCAGGCATCATGGCAGGTGCCTGTAGTCCCAGCTACTTGGGAGGCTGAGGCAGAAGGATCACTTGAGCCCGGGGTTTGAGGTTGCTGTGAGTCAGGCTGATGTCACAACATTCTACCAGGGCAACACAGTAAGACTCTGTCTCAAAAAAAAAAAAAA","AGGCCAAGGCGGGTGGATCACTTGAGCTCAGGAGTTTGAGACCAGCCTGGGCAACATGGCGAAACTCCATCTCTACAAAAATTACAAAAATTAGCTGGGCATTGGTGGTGCACACCTGTGGTGCCAGCCACTCAGGAGGCTGAGGTGGGAGGACCTCTTAAGCCTGGGAGGCAGTGGTTGCAGTGAGCTGAGGTCATGACACTACTCCATTCCATCCTGGGCAACAGAGTGAGGCCCTGTCTCAAAAAAAAAAGAAAA"
"GL873520","61204249","61204420","chr6","117522072","117522244","43","56317823","GAGAAAAACTGACTGGGCATTGTGGAAGGTGTCTGTAGTCCCAGCTACTCGGGAGGCTGAACCAAGAGGACTGCTCAAGCTCAAGAGTTTGGAGTTGCTGTGAGCTATAATGATGCTACAGCACCCTGCCCAGGGTAACAGAGTAAGACTTTAGCTCAAAAAAAAAAAAAAA","TAAAAAAATTAGCCAGATGTGGTGGCATGTGCCTGTAGTTCCAGCTACTCGGGAGGCTGAGGCAGGAGGATTGCTTGAGCTCAGGAGTTCGAGGCTGCAGTGAGCTATAATTGTGCCACTGCACTCTAGCCTGGGTGACACAGTGAGACCTTGTCTTTAAAAAAAAAAAAAAA"
"GL873520","61204698","61204831","chr12","96301849","96301984","29","35097151","GGCCAAGCGTGGTGGCTCCTGTCTATAATCCTAGCACGCTGGAGGGCCAAGGCAGATGGATTCCTTGAGCTCAGGAGTTAAAGATCAGCCTGAGTAAGAATGAGACCTCCATCTCTACTAAAAAGAGAAAAACT","GGCCAAGCATGGTGGCTCCTGCCTATAATCCCAGCACTTTGGGATGCCAAAGCAGGCAGATTACTTGAGCTCAGGAGTTCAAGACCAGCCTGGGCAACATGGTGAGACCCCATCTCTATTTTAAAAAATAAAAAAA"
"GL873520","61310865","61311035","chr14","88541197","88541366","41","27230332","GCTGGGCATTGTGGAGGGCACCTGTAGTCCCAGCTACTTGGGAGGCTGAGACAAGAGGCTCACTTGAGCCCTGGAGCTGAAGGTTTCTGTGAGCTGTGACACCATGGCACTCTACCAAGGGCAACATAGTAAAACTCTGTCTCAAAAAAAAATAGAAGTAGAAAAAGAAAA","GCTGGGCATGGTGGCTTATGCCTATAATCCCAGTACTTTGGGAGGCTGAGGCAGGAGGATAACTTGAGCCCTGGAGTCAAGGTTGCAGTGAGCTGTGATGGCACCACTGCACTGCAGCCTGGGTGACAGAGCAAGAACCTGTCTCAAAAAAAAAAAAAAAAAAAAAAAAA"
"GL873520","61311320","61311450","chr7","72684162","72684298","31","11372842","CCAGGCGCGGTGGCTCACACCTATAATCCTAGCACTCTGGGAGGCCGAGACAGGTAGATTGTTGGAGGTCAGGAGTTTGAAACCAACCTGAGCCAGAGTGAGCCCCCATCTTTAAAAAAACTAGCTGGAGC","GCCAGGCATGGTGGCTCACACCTGTAATCCCAGCACTTTGGGAGGCTGAAGCAGGAAGACTGCTTGAGGCCAGGAGTTTGAGACCACCCTGCACCACATAGCGAGACCGCATCTCTACTAAGAAATTAGCTGGGCAT"
"GL873520","61632558","61632764","chr12","61622891","61623093","58","9667","GGCCAGGTGCAGTGGCTCACACCTGTAATTCTAGCACTCTGGGAAGCCAAGACAGGAGAATCCTTTGAGTTTGGGAGTTCAAGACCAGTCTGAGCAAGAGCAAGACCCCATCTCTATTAAAAGTAGAAAATATTAGCCACATGTCCTGGCTACTGAGAGCTACTCAGGAGCCTGAAGCAGGAGGATCATTTGCCTGGGCAGCAGAGG","GGCTGGGCATAGTGGCTCACACCTATAATCCCAGCATTTTGGGAGGCCGAGGTGGGAGAATCACTTGAGCCCAGGAGTTCGAGACCAGTCTGGGCAACATGGCAAGACCCTGTCTCTACAAAAATTAAAAAATTAGCCAAGTGTGGTGGCTGTGGTCCCAGCTACTCAGGAGGCTGTGGTGGGAGGATCTCCTGGGCCTGGGA"
"GL873520","62111475","62111518","chr11","2140149","2140197","13","59971326","CCTGTAATCTAAGTACTTTGGGAAGCCAAGTGGAAGGATCTTTC","CTTGTAATTCCAGCACTTTGGGAGGCCAAGGTGGGAGGATCACTTGAGC"
"GL873520","62111756","62112003","chr3","130809410","130809642","65","68697654","CTGGTGGAAGGATCTTTCTAATTGAGGCCAGAAGTTTGAGACCAGCCTAAGCAACATGGCAAGACCCTATAACCATGTAAAATAGAAAAATTAGCTGGGTGTGGTGGTGCACACCTGTAGTACCAGATACTCGAGAGGCTGAGGCAGGAGGTTTGCTGGAGCCCAGGAGTTTGAGGTTACAGTGAGCTATAATGACACCACCACACCTTAACTCAGGCAAAAGAGCAAGACCCTTTCTCAAAAGAAAA","CCGGAGAGGGTAGATTTCTTGAGCCCAGGAGTTCAAGACCATCCTAGGCAACATGGCTACAAAAAATAGAAAAATTAGCTGGGCATGGTGGTGTGCACCTGTGGTCCCAGGTACTCAGGAGGCTGAGGTGGGAGGATTGCTTGAGCCTGGGAGGTTGAGGCTGCAGTGAGCCATGATTGCACCACTGCACTCCAGCCTGGGCAACAGAGCAAGACCCTGTCTCAAAAAAGAAA"
"GL873520","62249107","62249260","chr10","17058131","17058282","38","45190976","ACAATTAGACAGGTGTAGTGGCACAAGCCTATAGTCCCGCTACTCGGAAGGCTGAGGCAGGAGGATCACTCGAGCCCAAGAGTTGGAGGTCACTGTGAGCTATGACACCATGACATTCTCCCCAGGGTAACAGAATGAGATTCTGTCTCAAAAA","AAAAATTAGGCATGGTGGCATGTGCTTGTGCCAGCTACTCAGGAGGCTGAGGCAGGAGGATCACTTGAGCTCAAGAGGTGGAGGCTACAGTGAGCCATGATTGCACCACTGCACTCCAGCCTGGGCAACAGAGTGAGACCCTGTCTCAAAAA"
"GL873520","62249287","62249403","chr22","16925544","16925667","25","45323743","GGCTGGGCGTGGTGGCTCACATTGTAAATTCTAGCACTCTGAGAGGCCGAGGTGGGTGGATTGCTTGAGGCTAGGAGTTAGAGACCTGAGCAAGAGTGAGACTCTGTCTCTGCTAAA","GACTGGGCATGGTGGCTCACACCTGGAATCCCAGCACTTTGGGAGGCCAAGGTGGGTGGTTTGCTTGAGCCCAGGAGTTCGAGAGCAGCCTGGGCAATATTGTGAGACTCTGTCTCTACAAAAT"
"GL873520","62409859","62410146","chr6","37880818","37881108","74","24529041","GACTAGGTGCAGTGGCTCACACCTATAATCCTAGCACTGTGGAAGGCCAAGGCAGGTGGATTAGTTAAGCTCAGGAGTTTGAGACCAGCCTGAGCAAGAGTGAAACTCCATCTCTGCTACAAATAGAAAAACCAGCTAGGCAGAGTGACATGCTCCTGCAATTCCAGGTACTTGGAAGACTGAGGTAAGAGGATCATTCAAGCCCAGAATGAGAGGATGCTGTGAGCTATGATGCCACAGCACCCAGTGAGGCTATCTCAAAAAAAAAAAAAAAAAAAAAGAAAGAAA","GGCCAGGCGCAGTGGCTCACACCTGTAATCCTGGCACTTTGGGAGGCTGAGGCGGGTGGATTGCTCGAGCTCAGGAGTTCAAGATCAGCCTGGGCAACATGGTGAAATCCCATCTCTACAAAAAATACAAAAAATTAGCTGGGTGTGGTGGCACATGCCTGTGGTCCCAGCTACTTGGGAGGCTGAGGTAAGAGGATTACCTGAGCCCAGAAGGCCAAGGCTACAGTGAGCCGTGATCATGCCACTGCACGCCAGCCTTTTTCAAAAAAAAAAAAAAAAAAAAAAGACAAA"
"GL873520","63481106","63481324","chr10","7622016","7622239","66","55859090","GAAAACAGTCTGAGATGAGCCTGAGTAAGAACAAGACCCCGTCTCTACTAAAAATAGAAAAACTAGCTAGTGTGTTGGTGGATCCCTGTCATCCCAGGTACTTGGGAGGTTGAGGCAGGACCACTGGAGCCCAAGAGTTTGAGGTTGCTGTGAGCTATCACACTACAGCACTCTACTGAGGGTAACAAAATGAGACACTGTCTCATGAGAAAAAAGAAA","CAGGAGTTTGAGATCAGCCTGAGCAACATGGCAAAATCCCATCTCTACTAAAAATACAAAAATAAGCTGGGTGTGGTGGTGTGCTCCTGCAGACCCAGATACTCGGGAGGCTGAGATGGAAGGATCTCTTGAGCCTGGAAGTTTGAGGCTGTAGTGAGCTGTGATCATACCACTGTACTCCAGCCAGGGTGACACAGCAAGACCCTGTCTCAAAACAAAAAAAA"
"GL873520","63481596","63481682","chr3","39920305","39920389","13","23561291","GGCCAGGCACAGTGGCTCACACCTATAATCCTAGCACTCTGGGAGGCTGAGGCAGGCAGATTGCTTGAGCTCAAGAGTCTGAGACGA","GGCTGGGCACAGTGGTTCATGCCTATAATCCTAGCACTTTGGGAGGCTGAGGCAGACAGATTGCTTGAGACCAGGAGTTTGAGAC"
"GL873520","63984607","63984688","chr22","40046115","40046198","21","23938492","GGCTCATGTCTGTAATCCTAGTAGTTTGGGAGGTTGAGATAGGAGGATAGTGTAAGGCCAGGATTTTAAGAACAGTCTGAGT","GTGGCTCATGCCTGTCATCCCATCACTTTAGGAGGCTGAGGTGGGAGGATCACTTGAGACCAGGAGTTTAAGACCAGCCTGAGA"
"GL873520","63984964","63985013","chr12","123527171","123527211","18","59542207","AAAGAAGAGACTGAGCAACACAGTGAGATTATATAGCAAAATAATAATAA","AATTAAAAAATTTAAAAAGTGAATGAGATAAAAAAAAAAAA"
"GL873520","63985042","63985199","chr10","96290088","96290255","47","32305046","AAAAGAAAAAAATTAGCGAGGCATAGTAGCACATGGCTATAGCTCCAGCTACTTGAGAGAGTGAGGCAGGAGTTTGTTTGAGCCTGGGAAGTCGAGGTTGCAGTGAGCCATAATGGTGCCACTGCACTGTAAAACAGCAAGAGACCACCCCTCAAAAA","CAAAAAATACAACAATTAGCTAGGCATGGTGGCACATGCCTGTAGTCCCAACTATTTGAGAGGCTGAGGTGGGAAGATTGCTTTAGCCCCCGAAGTTGAGGCTCCAGTGAGCCAAGATTGTGCCACTGCACTTGAATCTGGGTGACAGAGCAAGACCCTGTCTCAAAA"
"GL873520","64280098","64280238","chr14","74041742","74041876","35","9761644","TAATCCTAGCATTTTGAGAGGCCAAGGAAGGAGGATCATTGGGCCCAGAAGATTGAGGCTGCAGTGAGCTGGGATTGCAGCATCATGGCATGTCTCCAGCCTGGGCAACAGTCTGAGATCCTGTCTTTAAAAAAAAAAAAA","GTCCCAGCTACTTGGAAGGCTGAGGCAGGAGGATCACTTGAGCCTGGGAGGCTGAGGCTGCAGTGAGTTGAGATCACACCACTGCACTCCAGCCTGGGCAACAGAGTGAGACCCTGTCTAAAAAAAAAAAAAAAA"
"GL873520","64390458","64390731","chr9","129896598","129896884","83","65506140","GCTAGGCCTGGTGGCTTGTGTCTGTAATCTTAGCACTCTAGAAAGATAAGGCAGGTAGGTAGATTTCCTGAACCCAGGAGTTCAAGACCTGCCCGAGCAAGAGGGAGACCTCACCTCTATTAAAAATAGAAAAACTAGCAGATCTGGCAGGTGCCTTTAGCCCCAGCTATGTGGTAGGTTGAGGTAAGAGGGTCACCTGATCCCAAGAGTTTGAGGTTTCTGGAGCTATGATGCCATAGTACTCTAGACAGGGCAATAGAGCAAGACTGTCCCA","GCCAGGTGTGGTGGCTCATGCCTGTAATCCCAGCACTTTGGGAGGCTGAGGCGGGAGGACTGCTTGAACTCAGGAGTTCAAGACCAGCCTGGGCAAGATGGTGAGACCTCATTTCTACTAAAAAAAGGAAAAAAAAATAGCCAGGTGTAGTGGTGCATGCCTGTACTCCCAGCTACTGGGTAGGCTGAGATGGGAGGATTGCTTGAGCCCCAGAGATTGAGGCTGCAGTGAGCCATGTTTGTGCCACTGCACTCCAGCCTGGACAACAGAGCAAGACCCTGTCTCAA"
"GL873520","64390763","64390781","chr8","126405290","126405308","3","62014527","GAGACAAAAAACAAAAAAA","AAGCCAAAAAACACAAAAA"
"GL873520","64761525","64761688","chr10","19288424","19288579","45","45473101","TACTAAAATAAGCCGGGTGTTGTGGCAAGCTCCTGTAAATCCCAGCTGCTTGAGAAGCTGTGGCAAGAGAACTGCTTGAGCCCAAGAGTTTGAGGTTGCTGTGAGATGTGACGCTATGGCACTCCACCAAGCAAGGGCAACAAAGTGACACTCTGTCTCAAAAA","TTAGCCAGGTGTGGTGGTGTGCACCTGTGGTCCCAGCTTCTTGAGAGGCTAAGGCAAGAGGACTGCTTGAGCCTGAGAGTTCGAGGCTGCAGTGAGCCATGTTCACACCACTGGACTCCAGCCTGGGCAACAAAGTGAGACCCTGTCTCAAAAAAA"
"GL873520","64761718","64761830","chr21","23033355","23033468","26","41728363","GGATGGGCACGGTGACTCATGCCTGTAATCCTAGCACTCTGGGAGGCCGAGGCAGGCGGATTGCTTGGATTCACTGACAAGATCAGCCTGAGCAAGAGCACAGACCCCTTCTT","GGCCAGGCATAGTGGCTCATGCCTGTAATCCCAGCACTTTGGAAGGCCGAGGCAGGAGGATTGCTTGGAGCCCAGGAGTTCGAGACCAGCCTGAGCAGCATAGACCCCTATCTC"
"GL873520","65203840","65204008","chr6","16993982","16994146","52","48209858","AAAAATCACAATAAACCTGGGCATTGTGGGACACACTTGTGGTCCCAGCTACTTGGAAAGCTGAGGCAAGAGGATCCCTTGAGCCCAGTCCACCATTCAGGTCCAGAGGAAGAGGCACTGCCCTCCAGCCTGGGACTCTAGTGAGACCTCCTCTCTTAATAAAAAAGAA","AAAATAAAAAGTTAGCTGGCCATGGTGGCACACACCTGTGGTCCCAGCGACTCAGGAGGCTGAGGCACAAAGATTGCTGGAGCCTAGGAGGTTGAGGCTGCAGTGAACCACTGCACTCCAGCCTGGGTGACAGAGAGACCCTGTCTCTTAGAAAAGAAAAGAAAA"
"GL873520","65233615","65233893","chr12","113638468","113638747","72","48404853","GACTGGGCAAGGTGCCTCACCCTGGTAGCCTAGCACTCTGGGATGCCAGGATGTGTGGATTGTTTGAGCTCAGGAATTGCAGACCACCCTAAGTAGGAGTGAGATCCCATCTCTACTAAAACAGAAAAACTATCCAGGTGTCATGGCAGGCACTGATAGTCCCAGCTACTGGGGAGCCTGAGACAAGAGGATTGCTTGAGCCCAGGAGTTTGAGGTTGCTGTGAGGTATAATAACACCACAGCCCTCTAGCCTGGGCAACAGAGTGAGACTATGTCTCA","GGCCGGGTGCGGTGGCTGATGCCTGTAATCTCAGCACTCTGGGAGGCCAAGGTGGGAGGCTTGTTTGAGCCCAGGAATTCCAGCCCAGCCTGTGTAACACAGAGAGACCCCATCTCTACAAAAAATAATAAGATTAGCTGGGGGTAGTGGCATGTGTCTATAGTTCCAGCTACTCGGGAAGCTGAGGCAGGAGGATCACTTGAGCCCAGGAGGTTGAGGTTGCAGTGAGCTATGATCACTCCACTGCACTCCAGCCTGGGCAACAGAGCAAGACCCTGTC"
"GL873520","65233919","65233934","chr4","2195053","2195068","3","63038866","CCAAAACGAAAGAAAA","ACAAAACAAAACAAAA"
"GL873520","65359603","65359765","chr10","35735599","35735752","41","29624004","GTGGCTCATGCCTGTAATCCAGCACTCTGGGAGGTCAAGGCTAGATGATCACTTGATTGAGTCCAGGACGTCCAGGCTGCAGAGAGCTGTGACTCTGCCACTGTACTCCAGCCTGGGTGTAGCATGAGACCTTGTATCTAAAAACAAGCACCAAACAAAAAAA","GTGGCTCAAACCTGTAATCCCAGCACTTTGGGAGGCCAAGGCCAGAGGATCACTTGATCCCAGGAGGCTGACGCTGCAGTGAGCCGTGATCATGCCACCACACTCCAGCCTGAGCAACACAGTGAGACGTTGTCTCTAAAAAAGAAAAAGAAAA"
"GL873520","65811521","65811636","chrX","5419188","5419305","32","60392333","GTAGCAGTTACTTAGGTGGCTGAGGCAGGAGGATCACTTGAACCTAGGAGTTCACGGTTGTTGTGAGCTATTATGATGCCAGTGCACTCTCCCCCAGAGGGATAGAGTGAGACTCT","GTCCCAGCTACTCTGGGAGGCTGAAGTGGGAGGATCACTTGAGCCTGGGAAGTTGAGGCTGCAGTGAGGTATGATTGTGCCAGTGCACTCCAGCCTGGCTGAGAGAGTGAGTCTCCGT"
"GL873520","65812040","65812202","chrX","9218405","9218573","37","56593635","GACCAGGCACGGTAGCTCACTCCTGTAATCCTGGCACTCTGGGAGACTGAGGCAGGTGGATTGCTTGAGCTCGGGAGTTGGAGATCAGCCTGAGCAAGAGCAAGACCCCATCTCTACTAAAAATAGAAAAACTAGCTGGGCTTTGTGCAGTCACCTGTAGTTA","GGCCAGGCGCAGTGCCTCACACCTGTAATCCCAGCACTTTGGGAGGCCGAGGCGGGTGGATCACTTGAGCTCAGGAGTTTGAGACCAGCCTGAGCAACATGGCAAAACCTCACCTCTACAAAAAAAATACAAAAATTAACCAGGCATGGTGGCAGGCACCTGTAGTCTC"
"GL873520","65944653","65944944","chr7","133126957","133127257","74","67182304","GGCCAGGCACAGTGGCTGACACCTATAACCCTAGCATTCTAGGATGCCAAAGCAGGTGGACTGCTTGAGCTCAGGAGTTTGAGACCAGACTGAGCAAGAGTGATTCCAGAACTCTACAAGAAGTAGAAAAATTAGCTAGGCATGGTGGCTCATGCCTATAGTCCCAGCTACACTGTAGGAGGCTAAGGCAGGATAGCTTGAGCCCTGCCTGTGGCTTGCTGTGAGCTGTGACACCAGGGCACTCTACCCAAGATGACAGAGGGACACTCAGTCTCAAAAAAAGAAAAAAAAA","GACCAGGCACAGTGGCTCACACCTGTAATCCCAGCACTTTGGGAGGCCAAGGCAGGTGGAATGCTTGAGTCCAGAAGTTCCAGACCAGCCTGGGCAACATGGTGAAACCCTGTCTCTACAAAAAATACAAAAATTAGCTGGGCATGGTGGCACATGCGTGTAGTCCCAGCTACTCAGGAGGCTGAGGCAGGAGGATTGCTTGTGGCCAGAAGGTTGAGGCTGCAGTGAGCCAAGATTGCACCACTGCACTCCAGCCTGGGTGACAGAGTGAGACCCTGTCTCAAAAAATAAAAAATAAAAA"
"GL873520","66312570","66312862","chr6","39411163","39411467","78","26901407","GGGCCGGTGGCTCTGCCTGTAATCCCAGCACTTGAGAGGCCAAGGTGGGTGGATTGCTTGAGCTCACAGGTTTGAGACCAGCCTGAGTCAGAGAGACACTTTATCTCTAAAAATAGATGGGTGTTGTGATGAGTGCCTGTAGTCCCAGCTACTTGAGAGACTGAGGCAAGAGAATCATTTAAGCCCAGGAATTTGAGGCTGTTGTGAGCTATGATGCCATGGCACTCTACTAAGGGTGACAAAGTGGTACTCTCTCTCAAAATAAATAAATAAATAAATAAATAAGAAGAAAA","CTGGGCGCGGTGGCTCACAGCTGTAATCCCGCATTTTGGGAGGCCAAGGTGGGCAGATTGCTTGAGCTCAGGAGTTTGAGACCAGCTATAGTCAACGTGGAGAAACCCCGTTTCTACAGAAATTAGCCAGGTGTAGTGGTGAGTGCCTGTAGTCCCAGCTACTTGGGAGGCTGAGGTGGGAGGATGACTTGAACCTGGAAGGTTGAGTTTGCACTGAGCCAAGATGGCAACACTGCACTCCAGCTGGGGCGACAGAGTGAGACCCTGTCTCAAAATAAATAAATAAGTAAATAAAAATAAATAAA"
"GL873520","66697774","66697947","chr12","66258613","66258792","41","439161","AAAAATAGAAAAACTAGCTGGGCATCATGGCAGATGCCCATAGTCCCAGGTAGTCTGGAGGCTCAGGCAGGAGGATCACTTGAGCCCAGGAGATTGAAGTTGCTGTGAGGTGTGATGCCATAGCACTCTATCCTAGGGCAACAAAGCGAGACTCTGTCTCAAAAAAAAAAAAAA","AAAAAACAAAAATTAGCCAGGCATGGTGGTACATGCCTGTAGCCCCAGCTATTCTGGTGGCTGAGGCAGGAGGATTGCTTGAGCCCAGGAGGTTGAAGCTGCTGTGAGCCGTGATTGGACCACTGCACTCCAGCCTGGGGGACAGAGTGAAACTGTGTCTCAAAAAAAAAAAAAAAAAAA"
"GL873520","66905740","66906006","chr1","109854612","109854879","75","42948872","CTGGTTGCAGGGGCTCATGTGACATGTAATCCTACCACTCTGGGAGGCCAAGGCGGGAGGATCACATAAGCTCAGGTATTTGAGACCAGCCTATAAGAGTGAGACTCTGTCTCTATTAAAACTAGAAAAGTTAGCTAGACATTGTGGTGGGCACTTGTAGTCCCAGCTACTCAGAAGGCTGAGGCAAGAGGATCCCCTGAGCCTGAGAGTTTGAGGTTGCTGTGCTGCCCAGGGCACAGAGGTAGCCTCTGTCTCAAAAAGAATAAA","GACTGGGTGCAGTGGCTGACACCTGTAATCCCAGCACTTTGGGAGGCCAAGGTGGGCAGATCACTTGAGCTCAGGGGTTTGAGACCAGCCTGGGCAACATGGTGAAACCCCATCTCTACTAAAAATACAAAAATTAGCTGGGCATGATGGTGTGCCCCTGTGGTCCCAGCTACTTGGGAGGCTAAGGTAGGAGGACCATTTGAACCCAGGAGGTTGAGGTTGCAGTGAGCCATGATGGCACCAGAGTAAGACCCTGTCTCACAAAAAA"
"GL873520","67860832","67861100","chr1","76509011","76509296","71","8648179","GGGCATGGTGGCTTATCCTATACTCAATCCTAGCACTCTGGGAGGCCAGGCAGGAGGATCTCTTGAGCTTGGGAGTTTGAGATTAGACTAAGCAAGAGTGAAATCCTGTCTCTACTAAAAAAGAAAAATTAGCCAAGTGTTGTAGTGGGCACCTGTAGTCCCAGCTACTCAAGAGGCTGAGGCAGGAGGATTGCTTGAGCCCCGAAGTTTGAGGTTGCTATGAGCTGGGCACTCTATTCTGGGCAACAGAATGAGATTCTGTCTCAAAA","CCAGGTGTGGTGGCTTACACCTATAATCCCAGCACTTTGGGAGGCCAAGGCAGGAGATCACTTGAGCTTAGGAGTTTGAGACCAGCCTTGGCAACACAGTGAGACCCTGTCTCTACAAAAAATACAAAAATCAGCCATGTGGGATGGTGCCCACCTGTAGTCCCAGCTACTCAGGAGGCTGAGGTGGGAGGATGGCTTGAGCCAGGGAGATAGAAGTTGCAGTGAGCCAAGATTGTGCCACTGCTTTTCAGCCTGGGCAACAAAGTCAGACTCTGTCTCAAAAAAA"
"GL873520","69062088","69062263","chr7","70866847","70867027","48","1804759","TTAAAAAAAAAAAAAATAGAAAGACTGGCTAGACGTTCTGGCTGGTGTCTGTAGTCCCAGCTACTAGGGAGGCTAAGGCAAAAGAATCACTTAAGCCCAAGAGTTTGAGGTTGCTGTGAGCTATGATGGCACAGCACTTTACCAAGGGTGACAAAGTGAGACTCTGTCTCTAAAAA","CTTATTTAAAAAAAAAAAAATAGCTGGGCATGGCCATGGTGGCACATGCCTGTAGTCCCAGCTACTCGGGAGACTGAGGCAAGAGGATCCCTTGAGCCCAGAAATTGGAGGAGGCAGTGAGCTATGATTGTGCCACTGCACTCCATCCTGGGTGACAAAGCAAGACTCCATCTCAAAAAAA"
"GL873520","69062538","69062668","chr13","30541906","30542038","27","38520632","GGCTGGGTGTGGTGGGTCACACCTATAATCCTAGCACTCTGAGAGGCTGAGGTGGGTGGATTGCCTGAGCTCAGAGTTTGAGACCAGCCTAAGCAAGAATGAGACACATCTCTATTAAAAATAGAAAGACT","GGCTGGGTGCGGTGACTCACACCTATAATCCCAACACTTTGGTAGGCTGAGGTGGGTGGATTGATTGAGCCCAGAAGTTTGAGACCAGCCTGGGCAAAATGGTGCAACCCCATCTCTACAAAAAATACAAAAA"
"GL873520","69122097","69122374","chr2B","205101704","205101992","75","135979607","GGGTGGGAGCAGTGACTCATGCCTGTAACCTTAACACTCTGGGAGGTCAAGATGGGTAGATCACCTGAGTTCAGGAGTTCGAAACCAGTTTGAGCAAGAGCAAGACCCCATCTCTACTATAAATAGAAAAACTATCCGGTGTTGTAGTGGGTGCCTGTAGGCCCAACTACTTGGGAAGCTGAGGCAAAAGGATCACATGAGTCCAGGAGTTTGAGGTTGCTGTGAGCTATAATGCCAGGACACTCTACCCAGGACGTCAGAGTGAGAGAGTCTCAAAA","GGCTGGGCACAGTCACTCATGCCTGTAATCCCAGCACTTTGGGAGGCTGAGGTGGGTGGATCCCTTGAGTCCAGGAGTTCGAGAGCAGCCTGGGCAACAGGGCGAAACCCTGTCTCTACTAAAAGTACTAAAATTAGCCAGGTGTGGTTGCATGTGCCTGTAGTCCCAGCTACTAGGGAAGCTGAAGTGGGAGGATCACTTGAGCCCAGGAGGTGGAGGCTGCAGTGAGCTGTGATCATGCCACTGGCACTCCAGCCTGGATGACAGAGTAAGACCCTATCTCAAAAAA"
"GL873520","69132087","69132220","chr5","89100215","89100340","36","19968128","GCTGGACACGGTAGCTCATGATTGTAATCCTAATACTTTGGGAGGCTGAGGCAGGTGGATTGATTGCCTGAGCTCACAGGTTCAAGATCAGCCTGAACCAGAGAGAGACCCCCTCGTCTAAAAATAACTGATTG","GGTTGGGAGCCGTGGCTCATGACTGTAATCCCATAACTTTGGGAGACAGAGGCAGGAAGATTGCCTGAGCTCACAAGTTCAAGACCAGCCAGAACAATGCGGTGAAACCCCATCTCTACAAAAAAT"
"GL873520","69132506","69132665","chr1","54558782","54558941","40","14573724","AAAAAAAAAGCTAGGTATCGTGGCTGGCACCTGTAGTCCCAGCTACTTGGGAGGCTGAGGCAAAAGAATCACCTGAGCCCAGGAGTTAGAGGTTGCTGTGAGCTATGACGCCATGGCACTCTATCAAAGGTGATAGAGTTAGACTCTGTTTCAAAAAAAA","AGAATTGACTGGGTATGGTGGCACATGCCTACAGTCCCAGCTACCTGGGAGGCTGAGGCAAGAGGATCGTGTGTGCCCAGGAGTTCGAGGCTGCAGTGAGCTATGATCACGCCATTGCACTCAGCCTGGATGATAGAGTAAGACCCTGTCCCTAAAAAAA"
"GL873520","69353400","69353535","chr4","62502184","62502318","29","6851216","GGCTGGGCATAGTGGTTCATGCCTGTAGTTCTATCTCTCTGGGAGGCTGAGGCGGGTGGATTGCTTGAGCTCGGGAGTTCAAGACCAATCTGAGCAAGAGTGAGACCCCATTTCTATTTTAAAAAAGTAGAAAAGT","GGCTGGGCATGGTGGCTCATGCCTGTAATTCTAGCACTTTGGGAGGCTGAGACGGGTGGATTGCTTGAGCCCAGGAGTTCAAAACCAGCCTGGGCAACAATGTGAAACCCTGTCTCCACAAAAAATACAAACATT"
"GL873520","69353815","69353988","chr10","56775428","56775612","44","12578387","CTAGCTAGGCATTGTGGGCACCTGTAGTCTTAGCTACTTGGGAGACTGAGGCAAGAGGATTGCTTCAGTCTAAGAGTTTGAGGTTGTTGTCAGCTGACACCACAGTGCTCTAGCCCAGGCAATAGAATGAGACTCTGTCTCAGAAATAAATAAATAAATAAATAATAAAATAAA","TTAGCCAGTTGTGGTGGTGCACAGCTGTAGTCCTAACTACTTGGGAGACTGAAGCAGGAGGATTGCTTGAGCCCAAGAGTTTGAGACTGCAGCAAGCTATGATTGTGCCACTGCGCTCCAGCCTGGGCAACAGAGGAAGACTCTGTCTCTATAAATAAATAAATAAATAAATAAATAAATAAATA"
"GL873520","69844761","69844932","chr10","90868422","90868591","50","21023661","TACACAAATTAGCTGAGCACAGTGGCTCCTGCTAATAGTCTTAGCTACTCAGGAGGCTGAGACAGGAGGATTGCTTGAGGCCAAGAGTTTGAGGCTGTCGTGTACAATGATCACATTAATGAATAGCCACTGCCCTCCAGCCTGGACAATGTAGCAAGGGGTTATCTCCAAA","AAAATGTAAAATTTGGCCAAGCAAAGGTGGCATACATGCCTGTAGTCCCAGCTATTCAGGAGGCTGAGGCAGGAGGACTGCTTGAGCCCAGGAGTTTGAGGCTGTAGTGGGCTGCGATCATACCAGTGAATAGCTACTGCACTCCAGCCTGGACAACATAGCAGAAACCC"
"GL873520","70264235","70264511","chr1","28750736","28751025","63","41513499","GGTGTGGTGGCTCACGCCTATAATCCTAGCTCTCTAGGAGGCTGAAGCAGATGGATTGCTTGAGCTCAGGCATTGGAGACCAGCCTGAGCAAGAGCAAGACCCTGTCTCTAAAAAAACTAGCTGGGTGTTGTGGCAGGCACCTGTAGTCCTAGCTACTTGGGAGGCTGAGGTAGGAGAATCACTTGAGCCCAGGAGTCTGAGATTGCCGTGAGCTGTGATGCCACAGCTCTCTACCGAGGGCAACAAAATGAGACTCTGTCTCAAAGAAGAGAAAAA","GGTGTGGTGGCTCACGCCTATAATCCCAGCACTTTGGGAGGCTGAGCCAGGTGGATTGCTTGAGCACAGGAGTTTGAGACCAGCCTGCACAATATGGCAAAACCCTGTCTCTACAAAAACTACATATATTAGCCAGGTGTGGTGGTATGTGCCTGTAGTCCCAGCTACTTGGGAGACTGAGGCAGGAGGATCAATTGAGCCCAGGTGGTTGAGGCTGCAGTGAGCTGTGACTGCATCACTGCACTCTAGCCTGGACGACAGAGCAAGACCCTGTCTCCAAAAAAAAAAAA"
"GL873520","70264772","70264787","chr1","172062035","172062048","2","101797263","AATAAAATAAATAAAA","AAAAAATAAAAAAA"
"GL873520","70431995","70432168","chr7","119029682","119029843","46","48597687","GGGGCATGGTGGCGCGTGCCTATAGTGTTAGCTACTCAGGAGGCTGAGGCAGGAGGATCACTTGAACCAGAAATTCAAGGTTACAGTGAGCTGTGACACACCACTCCAACCACTCCAGCCTGGAGGATAGGAGGATAGAGCAAGACACCATCTCTAAGTAGAGAAAAGAAAAAA","TAGCTAGGCATGGTGGTGTGTGTCTGTAGCCCTAGCTACTCAGTAGGCTAAGGCAGGAGGATCACTTGAGCCCAAGTTCAAGGTTACAGTGAGCTATGATTGTGCCACTGCACTCCAGCCCACGTGATAGAGCAAGACTCTATCTCTTAAAGAAAAAAAAAA"
"GL873520","70432195","70432319","chr7","55380099","55380223","24","15052096","GGTCAGGTTACAGTGGCTCATGCCTGTAACTCCAGTGCTTTGGGAGGCCAAGGTGGAAGGATCACTTGAGCCCAGAAGTTTGGGACCATCCTGAGCAACATAACCAGATCCTAACTCTAATAAGA","GGTCAGGCACAGTGGCTCATGCCTGTAATCCCAGCACGTTGGGAGGCCAAGGCAGGAGGATCACTTGAGCCCAGGAGTTTGCGACCAGCTTGGGCAACATGGTGAGACCCTATCTCTACAAAGAA"
"GL873520","70561444","70561605","chr17","5354151","5354316","34","65207293","AATTAGCCAGGCATGGTGGCTCAGGCTTGTAGTCCTAGCTATTCAGGAGGCTGAGGCAAGAGAATCACTTGAGCCTAGAAGTTTGAGGTTGCTGTGAGCTATGACGCCATGGCACCCTACCCAGGGTGACTGAGTGAGACTGTCTCAAAAAAAAAAAAAAAA","TTAGCCAGGCATGGTGGTACATGCTTGTAGTCCCAGCTACTTGGGAGGCTGAGGTGGGAGAATCCCTTGAGCCCAGGAGTTTGAGGTTGCAGTGAGCTATGATTGTGCCACTCTGCATGCCAAGTCTGGGTGACAGTGAAACTGTCTCAAAAGAAAAAAAAGAAAA"
"GL873520","70561626","70561754","chr5","38564696","38564817","26","31996930","GGCTGGGTGCAGTGGCTGATGCCTGAAATCCTAGCATTCTGGCAAGCTGAGGTGGCAGGTGGATTGCTTGAGCTCAGGAGTTTGAGACCAGCCTGACCAAGAGCAAGACCCTGTCTCTACTAAAAATAA","GGCTGGGTGCAGTGGCTCATGCCTATAATCCTAACATTTTGGGAAGCTGAGGTGGGTGGATCGCTTGAGCCCAGAAGTTTGAGACCAGCTTGGGCAACATAGTGAGACCCTGTCTCTATAAA"
"GL873520","70984973","70985269","chr19","61169515","61169813","69","9815458","GCACAGAGGCTCATACCTATAATCCTAGCACTCTGAGAGGCCGAGGTTGGTGGATCACCTAAGCTCAGGAGTTTGAGACCAGCATGAGCAAGAATGAGACCCTATCTCTACTAAAAATAGAAAAACTAGCCAGATGTTGTGGTGGGTGCCTGTAGTCCCAGATACTTAGGAGGCTGAGGCAGGAGGATGGCTTCAGCCCAAGAGACTGAGGTTGCTATGAGCTGTGAAGCCATGGCACTCTACTGAGGGCAACAAAGTGAGACTGTGTCTCAAACAAATAAAATAAAATAAAAATAA","GGGCACAGTGGCTCTTTCCTGTAATCCCAGCACTTTGAGAGGCTGAGGTGGGAGGATCACTTGAGTCCAGCAGTTTGAGACCAGCCTGGGCAATACAGTGAGACCCTGTCTCTACAAAAAATATAAAAATTAGCTGGGTGTGTTGGTGCCTGCCTGTGGTCCCAGCTGCTCAGGAGGCTGAGCCAGGAGGATGGCTTGAGCCCAGGAGGTCGGGGCTGCAATGAGCCGAGAGGTCATGCCACCGCTCCAGCCTGGGCGACAGAGAGAGACCCTGTCTTAAAAAAAAAAAAAGAAAAAAA"
"GL873520","71031217","71031408","chr4","57296207","57296386","48","13735010","AAAAAAGATAGAAAAATAAAGTGAGCATAGTGGTGTGTCATAAGTAGTCCCAGCTACTTGGCAGGCTGAGGCAGGAGCATTGCTTGAGTCCAGGAGTTTTAGGTTGCAGTGAGCTGTGATGACATGATGCCACTGTGCTCTATCCTAGGCAACAGAGCAAAACCCTGTGTCAAACAACAACAACAATAAAAA","AAAAAAGAAAAATTAGCCAGGCATGGTGGCATGTGCCTGCAGTCCCAGCTACTCAGGAGACTGAGGTGGGAGGATTGCTTGAGCCAGGGAGATTGGGGCTGCAGTGAGCTGTGATATCATGCCACTGTACTCCAGCCTAGGCCGCAGAGTGAGACCCTGTCTCAAAACAAAAACAAAAAA"
"GL873520","71031681","71031796","chr19","18214436","18214546","24","52817245","CTGTAATCCTAGCACTTTGGTAGGTTGAGGTGGGAGGATTGTTTGAAGCTAGGAATTCAAGACCAGTCTTGGCAACATAGTGAGACCCTGTCTCTGCAAAAAATTAGAAAAATAAT","TGCAATCCCAGCACTTTGGGAGGTTGAGGCAGGAGGATCACTTGAGCCCAGGATTCGAGATCAGCCTGTGCAACATGGTGAGACCCTGTCTCTACAAAAAGTAGAAAAATT"
"GL873520","71086533","71086689","chr8","38296068","38296228","42","32790465","CTAGCTGGGTGTTATGGTGGGCACCTGTAGTCCCAGCTACTCCGAAGGCGGAGGCAAGCAGATCACTTAAGTCCAAGAGTTTGAGATTGCTGTAAGCTATGATGATGCCCTGGATTTCTACTCAGCATGACAGAGTGACACTGTCTCAAAAATAAAA","TTTAGCTTGGTGTGGTGGTGGACACCTGCAATCTCAGCTACTCAGGAGGCTGAGGCAGGAGGATCACTTGAGTCCAGGAGTTTGAGGCTGCAGTAAGCAATGATTGTACCATTGCATTCCAGCCTGGGTGACAGAGTGAGACCCCATCTAAAAAAAAAAAA"
"GL873520","71086953","71087087","chr22","28422281","28422416","25","42664672","GGCATGGGGTGGTGGCTCACACCTGTAATCCTAGCACTCTGGGAAGCCTAGAGGGGTGGATTGCTTGAGCTCCGGAGTTCAAGACCAACCTTGAGCAAGAATGAGACCCCATCTCTACTAAAAATAGAAAAAGTA","GGCAGGGCGTGGTGCCTCACACCTGTAATCCCAGCACTTTGGGAGGCTGAGGTGGGAGGATCGCTTGAGTCCAGGAGTTCAAGACCAGCCTGGGCAACATGGTGAAACCCCATCTCTACTAAAAATAAAAAAATTT"
"GL873520","71331890","71332125","chr20","30673841","30674091","64","40658049","GCCTGTAATCCTATCACTTTGGGAGGCTGAAGTGAGTGGATTACTTGAGCTCAGGAGTTTGAGACCAGCCTAAGCAAGAGCATGACTCTGTCTCTACTAATTAGAAAAATCAGCCAGGCATGGTGGCAGGCACCTGTAGTCCCAGCTACTTGGGAGGCTGAGGCAAGAGGATTGCTTGAGCCGAAAAGGTTGCTGGGAGCTACGATGCCAGAGCAACAGACTAAGACTCTGTCTCA","CACGCGTGTAATCCTGGCACTTTGGGAGGCCGAGGCAAGCGGATTGCTTGAGCTCAAGAGTTCGAGACCAGCCTGGGCAACATGGCAAAATCCTGTTTCTACGAAAAAAATACAAAAATTAGCCGGGCATGGTGGCACACACCTGTAGTCCCAGCTGCTTGGGAGGCTGAGGCAAGAGGATTGCTTGAGCCCGGGAGGTAGAGGCTGCAGTGAGCTGAGATCACGCCACTGCACTCCAGCCTGGGCGACAG"
"GL873520","71345766","71346024","chr1","36477448","36477714","67","34868318","CCAAGTGCAGCAGCTCCCACCTAAAATCCTAGCACTCGGGGAGGCCAAGGAGGGTGGATCACTTGAGAGCAGAAGTTCAAAACCAGCCTGAGCAAAGGGTGATCCCATCTCTACTAAAAATAGAAAAATGGGTTGGTCACAGTGGCAGGTGCCTGTAGTCCCAGCTATTTAGGAGGATAAGGCAGGAGGATCACTTGAGCCCAGGAGTTTGAGGTTGCTCTGAGCTAAGCTGATGCCACTCTAGTCTGGGCAACACAGC","CCAGGTGCAGTAGCTCACCCCTGAAATCCTAGCACTCTGAGAGGCCAAGGCGGGTGGATCACTTGAGCCCAGGAGTTTGAGACCAGCCTGGGCAACATAGTAAGACCTCATCTCTACAACAAATACAAAAATTAACTGGGCATGGTGGTTTGTGCCTATAGTCTCAGCTACTCAGGAGGCCGAAGCAGGAGGATCATCTGAGCCTGGGAGGTCAAGGTTGCAGTGAGCCGTGATCAAGCCACTGCACTCCAGCCTTGGCCACAGAGC"
"GL873520","71346046","71346069","chr9","124703980","124704002","4","53357934","TTGTTAAAAAAAAATAAAAAAGAA","GTCTTAAAAAAAAAAAAAAAAAA"
"GL873520","71514260","71514298","chr19","16922261","16922295","7","54591999","CAGAGTGAGACTCTTGTCTCAAAAAAATAAAATAATAAA","AAGTGAGACTCTGTCTCTAAAAAAAGAAAAAAAAA"
"GL873520","71514393","71514660","chr22","25275994","25276259","77","46238399","GGCCAAGTGCCATGGCCCATACCTATATAATCCAGCACTCTTGAGAGGTCAAGGCAAGAGAATACCTTGAGCTAGACTTCCAGACCAGCCTGAGCAAGAACAAGACTCTGTCTCTGCTGAAAATAGAAAAACTAGCCAGGCATGGTGGTGGGTGCCTCTAGTTCAGCTACTCAGGAAGCTGAGGCAAAAGAATCACTTGAACAAGAGTTTGAGGTGTGATCTAGGCTGATGCCATGGAACTGTAGCCTAGGGCAACAGAGTGAGACTA","GGCCAGGTGCAATGGCTCATGCCTGTAATCCCAACACTTTGGGAAGCCAAGGCAGGCCAATCACTTGAGCTCAGGAATTCGAGACCAGCCTGAGCAACGTGGCAAAATCCTGTCTCTACAAAAAATAGCCAGGCATGGTGGTGGGTGCCTGTAATCTCAACTACTCGGAGGCTGAGGTGGGAGGATCGCTTGAGCCTGGGAGGCGGAGGTTGCAGTGAGCCATGATTGCGCCACTGAACTTCAGCTGGGGCGACAGAGTGAGACTC"
"GL873520","71587735","71587853","chr1","93453408","93453531","26","21865673","GTTGGGCACAGTGGCTCACATCTATAATCCCATCTACTTGAGAAGACTGATGCAGGTTTACCTGAGCCTAGGAGTTTGAGAACAGCTTGGGCAACATAATAAAAGCCCATCTCAAAAAA","GGCCGGGCACAGTGGCTGACACCTATAATCCCAGCACTTTGAGAGGCTGAGGTGGGAGGATCCATTGAGCCTAGGAGTTTGAGACCAGCCTGGGCAACATAGTAAAACCCCATCTCTGCAAAAA"
"GL873520","71662488","71662658","chr5","74746592","74746764","42","3084104","TTAACCAGGCATAGTGGAGGGAACCTGTAGTCCCAGCTATTCTGGAGGCTGATGCAGGAGGATCATTCGAGCCCAGGAGTTGGGGGGTGCTGGAAGCTATGATGATGTCACTGCACTCTACCCAGGGAGACACAGCAAGACTCTCTGCAAAAAGAAGAAGAGACGAGAAAA","TAACCAGGCATGGTGGTGTGTACCTGTAGTCCCAGTGACTGGGGAGGCTGAGGCAGGAGGATCACTTCAGCCCAGGACTTTGAGGCTACAGCGAGCTACGATTGTGCCACTGCATTCCAGGCTGGGTGACAGAGCAAGACGGTGTTTGAAATAAAGAAAAAGAAAAGAAAAAA"
"GL873520","71662950","71662998","chr1","40803029","40803077","13","30859921","AGTCTGAGCAAGAGTGAGACCCTGTATTTACTAAAAATAGAAAAATTAG","AGCCTGAGCAATATAGTGAGAACTTCTCTCTACAAAAATTAAAAAATTA"
"GL873520","71712370","71712500","chr3","132031399","132031533","29","60319029","CCAGGCATGGTGGCTCATACCTATAATCCTAGCACTCTGGATCTCCAAGGTAGGTGGATTGCTTGAGCTCACAAGTTCGAAACCAGCCTGAGCCAGAGCGAGACCCTGTCTCTATTAAAAATAGAAAAACT","GGCCAGGCATGGTGGTTCATGCCTATAATCTCAGCACTTCAGGAGGCCAAGGCAGGTGGATCACTTGAGCCCAGGAGTTCGAGACCAGCCTGAGCAACACGGCAAAACCCCGTCTCTACAAAAAATACAAAAATT"
"GL873520","71712775","71712792","chr1","131951482","131951496","4","60238707","TAAAAATATAAAAACTAT","AAAAAATAAAAATAA"
"GL873520","71713073","71713252","chr5","39633857","39634030","47","32079216","AGATAATAGAAAAACTAGCTGGGCATTATGGCGGGCACCTATAGTCCCAGCTACTCAGGAGGCTAAGGCAGGAGGATCACTTGAGCCCAAGAGTTTGAAATTGCTAGGAGCTATGATGCTATGGGACTCTACCCAGGGCGAAACAGTAAAATTATGTCTCAAAAAACAAAAATTAAAAAA","AAAAAATACAAAAATTAGGTGGGTGTGGTGGCAGGCACCTGTAGTTCCAGCTACTTGGGAGGCTGAGGCAGGAGGATCACTTGAGCCTGGGAGGTCAAGGCTGCAGTGAGGTGGAGCATTGTAATCTAGCCTGTGTGACAGAGTAAGAGCCTGTCTCAAAAAACAAAAATAAAA"
"GL873520","71715674","71715793","chr1","134480867","134480991","30","62765193","GGCTGATACCTGTAATCCTAACACTCTGGGAAGCAAAGGCAGGATTCCTTAAGGTTAGGAGTTCAAGAACAGCCTGAGCAAGAGTAAGCCCCGTCTCTACTGAAAATAGAAAAATTAAGT","GTGGCTCATGCCTGTAATCCCAGCACTTTGGGAGGCCAAGGAGTGAGGATTGCTTAAGTCCAGGAGTTCAAGAACAGCCTGGGAAACATAGTAAGATCCTGTCTCTACAAAAAATAAAAAATTGT"
"GL873520","71716045","71716235","chr19","13448557","13448737","51","58267488","CAAAAAAAAAGAAAGAAAGAAAAAGAAAAATTAGCTGGGCATTGTGGCAGGCATCAACAATCCCAGCTACTTGGGAGACTGAGGCAGGAGGATCTTTTGAGTCCAGGAATTTGAGATTGCTGTAAGCTAGGCTGATGCCACAGCACTCTAGCCTAGGCATCAGAGAGAGACTCTATCTCAAAAAGACAAAA","AAAAAAAAAAAAAAAGGTTTTATTAGCCAGGCATTGTGGTACACACCTATAGTCCCAGCTACTCAGGAGGCTGAGGCAGGAGGATTGCTTGAGCCCAGGAGGTTGAGGCTGCAGTGAGCTATTTTCACACCACTGCACCCCAGCCCAGGCAACAGAGTGAGACTGTTTCTAAAAATAAAAA"
"GL873520","71721242","71721360","chr1","32371726","32371849","31","39349516","GGATCAAGCCTGTAATCTCAGCATTCTGGGAGACTGAGGCAGGGGATCTCCTGAGCCCATGAGTTTGAGACCAGCTCTGAGCTAAAGGGAGACCCTGTCCCTAAAAAAACAGCTGCTGG","GTGACTTATGCCTGTAATCTCAGCACTTTGGCAGGCTGAGGAGGGTGAATCCCTTGAGCCCAAGAGTTTGAGACCAGCCTGGGCAACATAGGGAGACCCTGTCTCTGTACAAAATACAAAAATT"
"GL873520","71721650","71721811","chr4","75562087","75562252","42","3840437","CAGCTGGGCGACAACGCAGGCACCTATAGTCCTAGCTACTCAGGAGGCTGAGACAAGAGAATTGCTTCAGCCCAAGAGTTTGAGGTTGCTGTGAGCTATGACGCCATCCCAGCACTCTACAGGAGGTGACAAAATGAGACTCTCTCAAAAAAAAAAAAGAAA","TTAGCTGGGTGTGGTGGCATGCACCTGTAGTCCCAGCTACTTAGGAGGCTGAGGCAAGAGGATCACTTTAGCCCAGGAGGTGGAGGTTGCAGTGAGCTGAAATCATACCACTGCACTCCAGCCAGGGTGACAGAGTGAGACCTTGTCTCAAAAATAAATAAATAAA"
"GL873520","71738069","71738113","chr19","42973848","42973891","12","28764221","CCAGAGCAACAAAGTTAAACTCTATGTCAAAAAAATAAAAAATAT","AGCCTGGGCAACAGAGTGAAACTCCATCTCAAAAAAAAAAAAGA"
"GL873520","71738384","71738456","chrUn_GL394842","4208","4284","23","71734176","TAAAATAAAATATAGTCAGGTATAACAGGGCATGTCTGTAATCCTAGCTACTTGAGAGGTTGAGGCTGGAGGA","TACAGATAGAGAAAAATAGCCAGCCACGATGGCTCATGCTTGTAATCCCAGCACTTGGGAGGTTGAGGCAGGCGGAT"
"GL873520","71738738","71738846","chr3","185862422","185862530","31","114123684","TGGGGCTGGAAGATTGATTGAACCCAGGAGGGTGAGGCTGCAGTGAGCTATGACTACACCACTGTACTCTATTCTGGGCAAGATCCTATTCTCTATAAATAAATAAAAA","CGAGGTGGGAAGATTGCTTGAGCCCAGGAGGTTGAGGTTCCAGTGAGCTATGATTACACAACTGCACTCCAGCCTGGTGGCAGAGTGAGACCCCGACTCAAGAAAAAAA"
"GL873520","71765107","71765191","chr19","13677223","13677304","25","58087884","TGGCTCAAATCTGTAATCCTAGCTTTCTGTGAGGCATAGGCAGGAGAGAGGATCCTTTGAGCTCAGTTCAAAACCAACCTGGGCA","TGGTTCACGTCTGTAATCCTAGCACTTTGGGAGGCCAAGGCAGGCAGATTGCTTGAGCTCAGGAGTTAGAGACCAGCCTGGG"
"GL873520","71765470","71765741","chr2A","43992291","43992526","94","27773179","CCAAAAAACAAAAAACAAAGACCAGCCTGGATATGAGCAAAACCCTACTCTACTAAAAATGAAAAATTTGTAGTGGACACTTGTAGTCCTAGCTACTTGGGAGGCTGAGGAAAGAGGATCGCTTCAGCCTAGGATTTGAGGTTGCTGCAACTTAGGCTGACACTATGGCACATTGCACGGCACATCCCCCATGGCACTCCAGCCTGGGAAACAAAGTGAGATTCTGTCCCACAAACAAACAAACAAACAAAAAAAAAAAAAAGAAAGAAAGA","CCAGGCTAGACAATATAACAAGACCCCATCTCTACAAAAATAATTTTAAAAATTAGCTGGATGTGGTGGCATGCACCTGTAGTCCCAGATATTTGGGAGGCTGAGGTGGGAGGATCGCTTGAGCCCAGGAGGTTGAGGCTACAGTGAGCCATGATCATGCCACTGCACTTCAGCCTGAGCAACAGAGAAAGACCCTGTCTCAAAACAAAACAAAACAAAAAAGAAAGAAAAGAAAA"
"GL873520","71859434","71859575","chr15","20896405","20896549","32","50963029","CCAGGCACGGTGGCTCACAGTGTAATCTTAGCATTCTGGGAGACCAATACGGGAGGATCCCTTGAGCTCAGAAGTTTGAGACCAGCCTGAGCAAGACCAAGACCCCCATCTTTACTAAAAATAGAAAAATTAGCCAGGCGGG","GCCAGGTGCAGTGGCTCACGCCTATAATCCCAGCACTTTGGGAAGCCAAGACGGGAAGATTGCTTGAGCCCAGGAGTTTGAGACCAGCCTGAGTGACATAGCAAGACCCCCATCTCTACTAAAAATTTAAAAATTAGCCAAGCAT"
"GL873520","71859848","71860010","chr6","108647140","108647303","33","36787292","TTAGCCAGGCATTGTGGCTGGCACCTATAGTTCTAGCTACTTGGGAGGCTGAGGCAGGAGGATTGCTTGAACCCAGGAGTTTAAGGTAGCTTTGAGCTATATTCACGCTACAGCACTCTACCCAGGGCAACAAAGGGAGACTCTGTCTCAAAATAAAAAAAAA","ATTAGCCAGGTGTGGTGGCATGCACCTGTAGTCCTAGCTACTTGGGAGGCTGAGGCAGGAGGATTGCTTGAGCCCAGCACTTCGAGGTTATGGTGAGCTATGATCGCGCCACCACACTCCAGCATGGGCAACAGAGCAAGACTCTGTCTCAAAAAAAGAAAAAA"
"GL873520","71889809","71889896","chr4","102587702","102587786","18","30697893","GACCATGCATGGTGACTCATCACCTGTAATCCTAGCACTGTGGGAGGCAAAGGCAGAAGGACCACTTGACCTCAGGAGTTCGAGACTA","CCAGGCATGGTGGCTCATGCCTGTAATCTCAGCACTTTGGGAGGCCGAGGTAGGAGGATCACTTGAGCCCAGGAGTTCAAGACCA"
"GL873520","71906463","71906554","chr1","100475713","100475809","24","28569250","AGGCTAAGCTGGGAGGACTGATTGAGGCTAGGGGTTTGAGACCAGTTTGGACAACACAGCAAGACCTTGTCTCTATAAAAAATAGAAATTTA","GCCAAGGTAGGAGGATTGCTTGAGCTCAGGAGTTTGAGACCAGCCTGGGCAACACAGAAAGACCTTGTCTCTCTTAAAAATAAAAATAAAAAATATA"
"GL873520","71906841","71906992","chr12","112046931","112047085","37","40140090","ATTAATTAGCCAGACATGGTGGCATGCACTGTAGTCCCAGATGCATGGGACTGAAGCAGGAGGATCACTTAAGCCTAGGCATTCATTCAAAGTTGCAGTGAGCTACAATGGTGCCACTGCACTCTAGCCTGGCAGCAGAGTAAGACCCTATC","TAATAATTAGCTGGTCATGGTGACACGCACCTATAGTCCCAGCTACTAGGGAGGCTGAAGCAGAAGGACCGCTTGAGCCCAGGAGATCAAGGTTGCTGTGAGCTACGAATGCGCCACTGCACTCTAGCCTGGGCAACAGACCAAGACCCTGTCTC"
"GL873520","71931007","71931245","chr1","31981787","31981992","76","39949220","AGCCTGGACAACATAATGAGACACATACACACCCCCCACAATCTCTTCAGAAAATTTTTTAAAAGATTAGCCAGGCATAGGGGTGGCTGACCTAGGTGGTAGTGCTAGCTACTCACAAGGCTGAGGCAGGGGGATCACTTAAGCCCAGAAGTTTCAGGCTGAAGTGAGCCTCTACCCTGAACTACACAGGCCACTACATTCTCACCTGGGCAACAGAGTGAGACCCTGTTTTAAGAAAA","CAGCCTGGGCAACATGGCAAAACCCTCTCTCTACAAAAAAATATAAAAAATTATCCAGGCATAGGGGTGCATGCCTGTAGTCCCAGCTACCTGGGAGGCTGAGGCAGGAGGAACATTTGAGCCTGGGATTCAGAGGTTGCAGTGAGCCGAGAACACGCTATTACACTCCAGCCTGGGCGACAGAGAGAGACCCTGTCTCAAAAAAA"
"GL873520","71932480","71932573","chr8","83164751","83164843","25","11232271","GTAGCTTACTCCTCGAATCCTAGCACTGTGGGAGGCCCAAGCACTAGCATCCTTTGAGCTCAGGAGTTTGAGACCAGCCTGAGCAAGAAGGTGA","GGTGGCTCATGCCTGTAATCCAAGCACTTAGGGAGGCAGAAGCAGGAGGATCACTTGAGCCCAGCAGTTTGAGACTAGCCTGGGCAAGATAGT"
"GL873520","71942126","71942402","chr1","45387048","45387332","80","26555078","TGCCTCACGCCTGTAATCCTAGCATTCTGTGAGGCCAAGTCAAGTGGATTGCTTGAGCTCACAAGTTCCAGACCAGCTTGAGTGAGAGCAAGACCCTGTCTCTAAAAAATAGCCAGGCGTTGTGGCAGGCACCTGTAGTCCTAGCTACTTGGGAGGCTTAGGCAGAAGGATCGCTTGAGCCCAAGTATTTGAGGTTTCTGTGAGCTATCACACCATGGTACTCTTCCAAATATGACAGAGAGAAATTCTATCTCAGATAAATAAATAAATAAATAAA","GCATGGTGGCTCACACCTGTAATCCTAGCATTTTGGGAGGCCAAGGTGGGTGGATTACTTGAGTTCAGGAGTTCAAGACCAGCCTGGGCAACATGGCAAAACCCTGTCTCTACAAAATATTAGCCAGGTGTGGTCAGTCGCCTGTAATCCCAGCTACTTGGGGGCTGAGGCAGTAGGATCACTTGATCCCAGGAGATAGAGGCTGCAGTGAGTCAAGATCACACCACTGCACTGCAATCTGGGTGACAAAGTGAGACCCTGTTTCATTAAAAAAAAAAAAAAAAA"
"GL873520","71967300","71967397","chr12","110843818","110843910","27","38876518","GAGAGAGAATTTGAGGTTGCTGTGAGCTATGATGCCACAGTATTCTACTCAGGGCAACAGAGTAAGTGAGACTCTGTCTCAATAAATAAATAAATAAA","CGAGAGGTCGAGGCTGCTGTGAGCCATGATCGCACCACTGCACTCCAGCCTGGGCGACAGAGTTGAGACCCTGTCTCAAAAAAGAAAAAAAAA"
"GL873520","71967680","71967795","chr16","29587398","29587507","36","42380282","AAAAGAAAAGAAAAAAATAGAGAAAATAGCCAGCCGTTGTGGTGGGCACCTGTTATCCCAGCTACTTGAGAGGCTGAGGTAAGAGGATCTCATGAGTCTAAGAATTTGAGGTTGCT","AGAAAGAAGAAAAGAAAATTAGCCAGGTGTGGTTGCATGCACCTGTAGTCCCAGCACTTTGGGAGGCCAAGGCAGGAGGATCAATCAAGGCTAGGAGTTTGAGACTGCAG"
"GL873520","71968030","71968159","chr12","60741612","60741746","25","11226418","GCCAGGCATGGTGGTTCATACCTATAATTCTGGCACTCTGGAATGCTAAGGCAGGTGGATTGTTTGAGCCCAGGAGCTGGAGACCAGCCAGAGCAAGAGCAAGACCCCTCTACCAAAAATAGAAAAACTA","GGCCAGGCATGGTGGTTCATACCTGTAATCCAAGCACTATGGGATGCTGAGGCAGGAGGATCATTTGAACCCAGGAGCTTGAGACCAGCCTGGGCAACATGGCAAGACCCCGTCTCTACAAAAAATACAAAAATT"
"GL873520","71978122","71978223","chr16","14747892","14747988","28","57230230","CCTCTGAGCCCAAGAGCTGAAGGTTGCTGCTAGGGTAACACCATGACAGTCTAGCTTGGGGCAACAGAGTAAAATTCTGTCTCAAAAAAAAAGAAGAAAAAA","CCCAGGAGGTCGAGGCTGCAGTGAGCTGAGATCACACCACTACACTCCAGCCTAGGCAACAGAGTAAGACCCTGTCTCAAAAAAAAAAAAAAAAAAA"
"GL873520","71978477","71978693","chr14","57676777","57676992","58","14301700","GTTGGACGCAGTGGCTCACCCTTTTAGTCCTAGCACTATGGGAAGCCAGATAGGATGATCCCTTGAGCTCAGGAGTTCGAGATTAGCCTGTGCAAGAGCAAGACCCCGTCTCTACTAAAAAATAAAAAAAATTAGCTGGAGGTCATGGTAGGTGCCTGTAATCCAGCTGCTTGGTAGGCTGAGGCAGTAGGATCACTTTAGCCCAAGAGTTTTTCTG","GCCAGGCATGTTGGCTCATACCTGTAAAGCCAGCACTTTGGGAGGCCAAATCAGGAGGATCACTTGAGCCCAGGGGTTCAAGACCAGCCTGAGCAACATAGTCCAACCTCATCTCTACTAAAAATAAAAAATAGTAGCCAGGCGTGGTGGCATGCCTGTAGTCCCACCTACTTGGAAGGCTGAGGCAGGAGGATCACTTGAGCCCAGGAGATCTAG"
"GL873520","71986255","71986513","chr15","72672161","72672426","72","685906","GCCAGGCACAGTAGCTCATGCCTGTAATCCCAGCACTCTGAGAGGCCAAGGCCGGCAGATAGCATGAGCTTACAAGTTTGAGACCAGCTCTGAGCAAGAATGAGACCCTGTCTCTAAAAATAGCCAGGTGTTGTGGTGGGCGTCTATAGTCCCAGCTACTCAGGAGGCTAAGGCAAGAGAATAGTTTGAGCCTAAGAGTTTGAGGGTGCTGTGAGCTATGAGGTCACCGCACTCTATTGGAGGCAGCAAAGCGAGACTC","GACCAGGTGCAGTGGATCCTGCCTGTAATCCCAGCACTTTGGGAGGCTGAGGTGGGCAGATTACTTGAACCCAGAAGTTTGAGACCAGCCTGGGCAACATGGCAAAACCCTGTCTCTACAACAAATTAGCCAGGTGTGGTGGTGCCCACCTGTGGTCCCAGCTACTCGGGAGGCTGAGGTGGGAGGATCACTTGAGCCTAAGAGGTCAAGGCTGCAGTGAGCTGTGATCACACCACTGCATTCCAGCCTGTGCCACAGAGGAAGAC"
"GL873520","71986546","71986558","chr6","96888780","96888792","1","24902234","TAAAAAAATAAAA","GAAAAAAATAAAA"
"GL873520","71995816","71995902","chr6","152887479","152887553","24","80891663","GTAATCCTAGCACTCTGGGAGACTGAGGGAGGAAGATCTCTTGAGCTCAGGCTCAGGAGTTCGAGACCAGCTTGAGCAAGTAGTGAA","GTAGTCCTAGCTACTCGAGGGCTGAGGCAGGAAGATTGCTTGAGCCCTGAAGTTCAAGACCAGCCTGAGCAGCAT"
"GL873520","72046628","72046682","chr10","43406320","43406376","19","28640308","TTGGGAAACTGAGGCAGGAGAATCACTTGAGTTTGAGGTGAAAGTGAGCTGTGAT","TACTGGAAGGCTGAGGTGGGAGGATCACTTGAGCTGCGGAGGTCAAGGCTGTGATGA"
"GL873520","72046958","72047043","chr1","176948461","176948538","19","104901503","GTGAGCTGAGATGATGCCAACTGCACTCTAGCTGGGGTGATAGAGCCAGACCTTATCTCAAAAACAAAAAAAGAAGAAAAGAAAAA","GTGAGCTGAGATCACGCCACTGCATTTCAGCCTGGGTGTCAGAGTGAGACCTTATCTCAAAAAAAAAAAAAAAAAGAA"
"GL873520","72064016","72064255","chr4","161990747","161990980","74","89926731","AAAGCAGGATTTCTTAAGTTCAAGAGTTTGAGAACAGCATGAGCAAGAGCAAGACCCCCATCTCTACTAGAAATAAAAAAAGTTAATCAGGTCTTGTGGCAGGTGCCTTTAGTCCCACCTACTCTCAAAAGGTTGAGGCAGGAGTATCACTTGAACCCAGGAGTTTGAGGTTGCTGTAAGCTAGGTTGCTGTGAGCTGGGCAACAGGAGGAGGCTGTCTCCAAAAAAAAAAAAAAAAAAA","GGATTGCTTGAGCCCAGGAACTCGAGACCAGACTGAGCAACATGGCAAAACCCATCTCTACAAAAAATACAAAAATTAGCTGGCGTGGTGGCACATGCCTCTAGTCCCAACTACTCAAGAGGCTGAGGTGGGAGGATCACTTGAGCCCGGGAGGCGGAGGTTGCAGTGAGCAGAGATCATGCCACTGAATTACTCACTCCAGAGTGAGACTCTGTCAAAAAAAAAAAAAAAAAA"
"GL873520","72064350","72064426","chr11","47919834","47919912","18","24144516","GGCAGGGCATAGTGGCTCATGCCTGTAATTCCAGCACTCTGGGAAGCCAAAGCAGGAGGATTTCTTTCTTTTTTTTT","GGCTGGGCACAGTGGCTCATGCCTGTAATCCCAGCACTTTGGGAGGCCAAGGCAGGAAGATCACTTAAACCCTAGAGTT"
"GL873520","72100882","72100981","chr17","73310455","73310554","19","1209573","GGTGGCTCACACCTGTAAACCCAGTACTCTAGGAGGCTAAGGCTGGTAGATCACTTGAGCTCAGGAGTTCAAGACCAGCCTGAGCAAGAATGAGACCCTA","GGTGGCTCACGCCTATAGCCCAGCACTTTGGGAGGCCAAGGCAGGAGGATCACCTGAGGTCAGGATTTTGAGACCAGCCTGAGCAAGATAGAGACACCTA"
"GL873520","72101237","72101434","chr8","99316510","99316708","53","27215273","TGAATGAGACCCTGTCTCTACTAAAAATAGAAAAACAAGCTGGGCGTCATGGCAGACACCTGTATTCCCAGCTACTCAGGAGGTTGAGGCAAGAGGATCACTTGAGCCCAAAGAGTTTGAAGTTGCTGTGAGTGATGATGATGCGATGGCACTCTACCCAGGGCAACAGAGTAAAACTTTGTTTCAAGAAAAAAAAAA","TGGCAAAACCTCGTCTCTACAAAAAACACAAAAAATTAGCTGGTGGTGGTGGCACGTGCTTGTATTCCCAGCTACTGGGGAGGTTGAGATGAGAGGATCACCTGAGCCCAAGAGGTCAAGGCTGCAGTGAGCTGTGATTATGCCACTGCACTCCAGCCTGGGCAACAGAGTGAGACCCTATATCAAAAAAAAAAAAGAA"
"GL873520","72195648","72195848","chrX","27492711","27492912","47","44702937","GGCCAGGTTCAGTGGCTCATGCCTGTAATTCTAGCACCCTGGGAGACCAAGGCAGGTGGATTGCTTAAGCTCAGGAGTTCGAGATCAACCTGAGGAAGAGCAAGACCTCGTCTCTACTAAAAATAGAAAAACTAGCCAGGTGTTGTGGCAGTTTCCTATAGTCCCAGCTACTTGGGAGACTGAGGCAAGAGAATCACTTGA","CCAGGCGTAGCCACTCACGCCTGTTATCCTAGCACTTTGGGAGGCTGAGACAGGTGGATTGCCTGAGCTCAGGAGTTCGAGACCAGCCTGGGAAACACGGTGAAACCCCTGTCTCTACAAAAATACAAAAAATTAGCCAGGTGTGGTGGTGTGTGTCTGTTGTCCCAGCTACTTGGGAGGCTGAGGCATAAGAATCGCTTGA"
"GL873520","72196102","72196199","chr4","104162392","104162491","27","31966290","GAGGATTACTTAAGCCTGAGAGTTTGAGGTTGCTGTGAGCTATAATGCCATAGTACTCTACCCAGGGCAACAGAATCTTATTCTGTCTCAAAACAAAA","GGAGGATCACTTGAGCCTGAAAGGTTGAGGCTGCAGTAAGCTTCATCACCCACTGCACTCCAGCCTGGGTGACAGAGTGAAACCCTGTCTCAAAACAAAA"
"GL873520","72206479","72206765","chr9","104142695","104142990","72","31936216","GGGTGTGGTGATGGCTCATGCCTATAATCCTCACACTTTGGGAGGCCGATGTGGGAAGATCACTTGAGCTCAGGACTTCAAGACCAGCTTGAGCAAGAATGAAACTCCATATCTGCTAAAACTAGAAAAATTAGCTGGGCATTGTTACATGTGCCTGTAGCATCCTAACCACTTAGGAGGCTGGGGCAAGAGGATGGCTTGAGCCCAGGAGCTGGAAGTTATACTCCAGTTACACTACACTCTAGCTAGGGAGACAGAACAAAACTCTGTCTCAAAAACAAACAAAA","GGCTGGGTGTGGTGGCTCATGCCTGTAATTCCAGCACTTTGAGAGGCTGAGGTGGGCAGATCACTTGAGCTCAGGAGTTCAAGACCAGCCTGGGCAACATGGCAAAACTCCATCTCTACAAAAAATACAAAAATTAGCAGGCATGGTGGTACATGCCTGCAGTCCCAGCTACTCGGGAGGCTGAGGTGGGAGGATTGCTTGAGTCTGGGAGGTGGAGGTTGCAGTGAGCCGAGATCCACTACTGCACTCCAGCCAGGGTGACAGAGCAAGACACTGTCTCAAAAATAAAAATAAAA"
"GL873520","72207778","72207917","chr14","74199793","74199926","35","1992015","TTAGCTGAGTGCTTTGTTGAGCACCTGTAGTCTCAGCTATTTGGGAGGCTGAGGCAAGAGGATAACTTGAGCCCGGGAGTTTGAGGTTGCTATGAGCTAGGCTGAGGCTGACACCATGGCACTCTACCCAGGGCAACAGA","TTAGCCAGGTATGGTGGTGCACACCTGTAGTCCCAGCTACTTGGGAGACTGAGGCAGGAGGATTGCTTGATCCCAGGAGTTGAGGCTGCTAAGAGCTATGATCATGTCACTGCACTCCAGCCTGGGCAACAGAG"
"GL873520","72208172","72208304","chr12","99234635","99234766","24","27026463","GGCCAGGCAGAGTGGCTCATGTCTGTAATCCTAGCACTCTGGGAGGTCAAGCCAGGAGGATCTCTTGAAGCTGGGAGTTCAAGACCAGCATAAGCAAGAAGACCACATCTCTACTAAAAATATAAAAATTAAG","GGCCAGGCATAGTGGCTCATTTCTGTAATTTCAGCATTTTGGGAGGCCAAGACAGGAGGATCACTTGAAGCTAGGAGTTCAAGACCAGCCTGGTCAACATAAGACCCCATTTCTACAAAAATTTAAAAATTA"
"GL873520","72272447","72272600","chr1","151076684","151076838","41","78804237","AAAAAAAAGACCAGGTGTGGTGGAATGCACCTGTGTAGTCCCAGCAACTTGGGAGGCTGACGCAGGTGTACTGCCCAGGAATTTGAGGTTTTAGTGAGCTATGATGACACACTGTACTCTAGCTCAGGCAACAGAGTGAGACCCTGTTTTAAAA","AATAAGCTGAGCATGGTGGTCCATGCCTCTAGTCCTAGCTACTCAGGAGGCTGAAGCAGGAGGACCACTTGAGCCCAGGAGTTTCAGGTTGCAGTGAGCTATGATTGTACCACTGCACTCCAGCCTAGGCAACAGAGTGAGACCCTGTCTCAAAA"
"GL873520","72272820","72272951","chr17","7314531","7314656","27","64958289","GGCCGGGCACAGTGGCTTACAAATGTAACCCTAGCACTTTGAGAAGCTGATATGGGAAGATCACTTGAGGCCAGGAGTTTGAGACCAGCCTGAGCAACTCTGCAAGACCCCATCTTTAAAAAAAAATTGGAT","GGCTGGGCACAGTGGCTCACGTCTGTAATCCTAGCACTTTGGGAGGCTGAGGTGGAAGGATCACTTGAGCCCAGGAGTTTGAGACCACCCTGACCAACACAGTGAAACCCCATCTCTAAAAAAAGT"
"GL873520","72285522","72285642","chr1","84693698","84693811","38","12408176","AAGACCCCATCTTTAAAAATAGCTGAGAGTTGTGGCTGGAGCCTGTAGTTCTAGTTACTTTGGCGGTTGAGGCAAGAGAATTACTTGAGCCCAAGAGTTTGAGGTTACTGTGAGCTATGAT","AATAATAATAAAAGCCTGTTGTGGTGGTGTACACCTGTAGTCCCAGCTACTTGGGAGGTTGAAGCAGGAGGATTGTGGAGTCCAAGAGTTCAAGATTACGGTGAGCTATGATTG"
"GL873520","72285915","72286025","chr8","6607482","6607593","29","65678433","GCTGATCGAGGTGGCTCACGCCTATAATCCTAGCACTCCGGAAGGCTGAGGTAGGTGGGTGGACTGTCCTCACAGGTTGGAGACCAGCCTGAGCAAGACCGAGACCCCATC","GCTGGGCAAAGTGGCTAACACCTGTAATCCCAGCACTTTGGGAGGCTGAGGTAGTTGGAATGCTTAAGCCCAGGAGTTTGAGACCAGCCTGGGCAACATAGGAGACCCCATC"
"GL873520","72316870","72316922","chr1","33202560","33202612","8","39114310","AGAACAGCCTGGGAAACATAGTGAGACCTTATCTCTACAAAAAATTAGAAAAA","ACCAGCCTGGGCAACATAGTGAGACCTCATCTCTACAAAAAATTAAAAAATTA"
"GL873520","72317017","72317185","chr11","19120205","19120379","51","53196812","AATTAGAAAAATTAGCCGGGTACAGAGGTGCTGTGAAATGAACTTTATCAGGGGGTTCAAACTGTGTCCCATAGAACCCAGGAATTGAAGACTGCAGTGAGCTATGATCATGCCACTGCCCTCCAGCCTGAGTGACAGAGTGATACCCTATCTCAAAAAAGGAAAGGAA","GAGTAAAAGAATTAGTTGGGCATGGTGGCATATGCCTGTAGTCCTAGCTACTCAGGAGGTGGAGGCAGGAGGATGGCTTAAGCCCAGGAGGTCAAGGCTGCAGTGAGCTATGATCATGCCACTGCGCTGCAGCCTGAGTGACAGAGTGAGACCCTACCTCAAAACAAAAAAAGAA"
"GL873520","72365043","72365317","chr11","57816849","57817130","71","14548194","GCCTGGCATGGTCGCTCACACCTGTAATTTTAGCACTCTGTGAGGATGAGGAGGATAGATTGCTTGAGCTCAGGAGTTCCAGACCAGCCTGAACAAGAGAGCCACCCCAACTCTAAAAATAGCCAGGCATTGTGGCGAGCACCCATAGTCCCAGCTACTCAAGAGGCTGAGGCCAGAGAATCACTTGAGCCCAGGAGTTTGAGGTTGCTGTTGAGTTGTGATGCCACGGCACTCTAGCAAGGGTGACAAAGTGAGACTTTTATCTTAAAACAACA","GGCCAGGCACAGTGGCTCACACCTGTAATCCTAGCACTTTGGGAGGCCAAGGCAGGTGGATTGCTTGAGCCCAGGAGTTTGAGACCAGCCTGGGCAACATGGCAAAACCTCATCTCTACAAAAATTAGCCAGACATGGTGGTGGGTGCCTGTAGTCCCAGCTACTCAGGAGGCTGAGGTAGGAGGATCATCTGAGCCCAGGAGGTCGAGACTGCAGTGAGCCATGATCATGCCACTGCACTCCAGCCTGAGTGACAGAGTGAGATCCTGTCTCAAACAAAAA"
"GL873520","72365603","72365622","chr8","92800630","92800648","3","20435027","GAAAAACAACAACAACAAAA","AAAGACAACAACAAAAAAA"
"GL873520","72523042","72523246","chr6","13732200","13732409","55","58790842","GGCTGAGAGCAGTGGCTCACACCTGTAATCCCAGCACTCTGGAAGGCCCGAGGCAGGTGGATTGCCTGAGCTCAGTTAGAGACCAACCTGAACAAGAGAGAGACCTGGCCTCTAAAAAAATGAAAAATAGCCAGGTGTTGTGGTGGACGCCTATAATCCTAGCTACTCAGGGGACTGAAGCAAGAGAATTGCTTGAGTCCAGGAG","GGCCGGGCGCGGTGGCTCACACTTGTAATCCCAGCACTTTGGGAGGCTGAGGCGGGCGGATCATGAGTTCAAGAGATTGAGACCATCCTGCTAACACGGTGAAACCCCGTCTCTACTAAAAATACAAAAAAGTAGCTGGGCCTGGTGGCGGGCGCCTGTAGTCCCAGCTACTCAGGAGGCTGAGGCAGGAGAATCACTTGAACGCAGGAG"
"GL873520","72523515","72523623","chrX","6615952","6616053","29","65907563","AGCCCAGGAGTCTTGAGGTTGCTGTGAGCTATGATGATGCCACAGTACTCTACCAGGGTGACAAAGTAAGATTCTGCCTCAAATAAATAAATAAATCAGAAAGAAATAA","AGCCCAGGGAGGTCGAGGTTGCAGTGAGCCATGATCTTGCCATTGCACTTCAGCCCGGGTGACAAAGTAAGACCTTGTCTTAAAATAAATAAATAAATAAAA"
"GL873520","72537231","72537318","chr11","47859603","47859693","21","24677628","GCACAGTAGCTCACACCTGTAATCCTAGTACTCTGGAAGACTAATGCGGGTGTATCGCCTGAGCTCAGGAGTTCAAGACCAGCCTGAG","GGGCACGGTAGCTCACACATGTAATCCTAGCACTTTGGGAGGCCAAGGCGGGCAGATTACCTGAGGTTGGGAGTTCAAGACCAGCCTGGCC"
"GL873520","72537595","72537788","chr19","6241772","6241964","53","66295823","GACCAGCCTGAGCCAGAGCAAGATGCAGTCTCAACTAAAAAAAATTAGAAAACTAGCTGGGCAGCATTGTGGGCACCTGCAGTCCCAGCTACTCAGGGGGCTGAGGCAAGAGGATCCCTTAAACCCAGGAGTTTGAGGTTGCTGTGAGTTATGACACCATGGCACTCTACCCAGGGCGACAGCGGAAGACTCTG","ACCAGCCTGGACAACATAGTGAGACCGCCATCTCTAAAAAATATGAAAATTAGCCGGGGATGGTGGTGCATGTGTAGTCCCAACTACTCAGAAGGCTGAGGCAGGAGGATTGCTTAAGCCAAGGAGGTTGAGGCTGCCATGAGCCATGAACGCACCATTGCACTCCAGCCTTGGGTGACAGAGCAAGACCCTG"
"GL873520","72565866","72566023","chr9","6760251","6760419","46","65805615","TTAGTCAATTATTGTGGTAGACAATTGAAGTCCCAGCTACTTGGGAAGCCAACAAAATCGCTTGAGCCCAAGAGTTGGAGGTTGCTGTGAGCTGTGATGCTAAAGCACTCTAACCATGGTGACAGCCCGAGAATATCTCAAAAAAAAAAAAAAAAAAA","TTAGCCAGGAATGGTGGCACACACCTGTAGTCCCAGTTACTCAGGAGGCTGAGGCACGAAAACCGCTTGAACCTTGGAGGGGGAGGTTGCAGTGAGCTGAGATCAAACCACTGCACTCTAGCCTGGGTGACAGAGTGAGATTCTGTCTCAAAAAAAAAAAAAAAAAAAA"
"GL873520","72566306","72566440","chr14","19228345","19228477","30","53337961","GACTGAGTGTGTTGGCTCACTCCTGTAATCCTAGCACTCTGGGAGGCTGACGGGGAAGGATTATGTAAACTCAGGAGTTTGAGACCAGCCTGAGCAAGAGCGAGACACCTGTCTCTGATAAAAATAGAAAAAAAA","GGCTGGGTGTGGTAGCTTACACCTGTAATCCTAGCACTTTGAGAGGCCGAGGCAGGAGGATCACTTGAGCTCAGGAGTTTGAGACCAGCCTAGGCAACATGGTGAGACCTTGTCTCTACAAAAAAAAAAAAAA"
"GL873520","72588707","72588908","chr6","84591535","84591736","52","12002828","GGCCAGGTGGTGAGTCATACTTGTTTATCCTAGGCACTCTGGGAGGCTGAAGCGAGAGGATCCCTTGAGCTCAGGAGTTTCAGACCAGCCTGAGCAAAAGTGAGATGCTGTCTCTACTAAAAATAGAAAAATGAGCCAGGCATTGTGGCTGACCCCTGTAGTCCCAGCTACTCAGGAGGTTGAGTCAAGAAAATCTCTTGAG","GGCTGGGAGCGGTAGTTCATGCCTGTAATCCCAGCACTTTGGGAGGCTGAGGAGGGTGGATCACTTGAGCTCAGGAGTTTGAGACCAGCCTGAGCAACATGATGAAACCCTGTCTCTACAAAAAATACAAAAATTAGCAGGGCGTGGTGGCATGTGCCTGTAGTCCCAGCTACTTAGGTGGCTGAGGTGGGTCACTTGGGCC"
"GL873520","72589148","72589260","chr16","30992766","30992877","30","41596382","GAAAATCTCTTGAGTCCAAGAATTTGAGGTTGCTTTGAGCTTTGATGCCAGGGCACACTACCCAGGGCAACAGAGTGAGACTATCTAAAAAAAAAAAGAAAGAAAGAAAGAAA","TGAAGGATCTCTTGAGCCCAGGAGTTTGAGGCTGCAGTGAGCTGTGATTGCACCACTGTACTCCAGCCTGGGCAACAGAGTGCTGTCTCAATAAAAAAAAAAAAAAAAAGAA"
"GL873520","72589501","72589748","chr21","19031879","19032139","72","53557622","AGAGAGAGAGAGAAAATCCCTTGAGTTTAGGTGTTTTGAGACCATCCTGAGCAAGAGCAAGACCCCATCTCTACTAAAAATAGAAAAATTAGCTGGGCATTGGGGCACATGCCTGTAGTCCCAGCTATTCATGGGATTGAGGCAAGAGGATCGCTTGATCCCAGTAGTTAGAGGTTTCTTTGAGCTGTGATGATTCCACTGCACTCTAGTCTGGAGCGCTCAAGAAGTAAGAAAGAAAGAAATGAAAA","TGGGAGGCTGAGGCTGGCAGATCACTTGAGTGCAGGAGTTTGAGACCAGTCTGGGCAACATGGTGAAACCCCATCTCCATAAAAAAATACAAAAATTGGCTGGGCATGGTGGCACACACCTGTGGTCCCAGCTATGTGGGAGACTGAGGCAAGAGGATCGCTTGAGCCCAGGAGGTCGAGGCTACAGTGAGCTGTGATTGTACCACTGCACTCCAACCTGGGCCCTGTCTCCAAAAAAAAAAAAAAAAAAAAAAAAAAGAA"
"GL873520","72589838","72589899","chr12","82211329","82211392","14","9621491","GGCACAGTGGTTCACCCTGTAATCTTAACACTCTGGGAGGCTAAGGCAAGAGAATCCCTTGA","GGCTGAGTGGTGCATGCCTGTAATCCCAACACTTTGGGAGGCTGAGGCAGGATAATCACTTAAG"
"GL873520","72601213","72601289","chr8","129850906","129850982","21","57249693","TGGCCAAGCATTGTGGCGGGCACCTATAGTCCCACCTACTTGGGACATTAAGGCAAGAGAATCACTGGAGCCCAAGA","GCCAAGAGCAGTGGCTCGCACCTATAATCCCAACAATTTGGGATGCCAAAGCAAGAGGATCACTTGAGCCCGAAGAG"
"GL873520","72601537","72601665","chrX","47965157","47965279","31","24636380","GACCAGGCACGGTGGTTCGTACCTGTAATCCTAGCACTTTGGGAGGCCACAGGGGTGGATTGTCTGAGCTCACAGTTCAAGACCAGCCTGAGCCAGAGTGAGACCTCATCTCTAAAAATGGCTGAGCAT","GGCCAGGCACGGTGGTTCGCACCTGTAATCCCAACACTTTGGGAGGCCAAAGCGGGAGGATTGTTTGAGGCCAGGAGTTCAAGACCAGCCTGGGCAACATGGTGAAACCCCATGTCTACAAAA"
"GL873520","72672495","72672621","chr16","28131355","28131479","25","44541140","GGCCAGGCATGATGGCTCAAACCTGTAATTCTAGCATTCTGGGAGGCCAAGGCAGGAGGATTACTTGAGTCCAGGAGTTTAAGATTAGATTGGGCAACAGAGAGAAACCCTACCTCTATTTAAAAAA","GGCCAGGCGTGGTGGCTCACACCTGTAATCCCAGCACTTTGGGAGGCTGAGGCAGGAGGATCACTTGAGCCCAGGAGTTTCAGAGCAGCCTGGGCAACATGGTGAGACCCTGTCTCCATTAAAAA"
"GL873520","72698154","72698197","chr11","61598286","61598326","10","11099868","GGGAGGAATCCCTGGAGCTCAGGAGTTCAAGACTAGCTTGAGCT","GGGAGGATCTCTTGAGCCCAGGAGTTCAAGACCAGTCTGGG"
"GL873520","72698470","72698682","chr3","68572234","68572433","69","4126236","CCAGCTTGAGAAAGACAACCCTACCTAACCCCACCTCTGTCTCTACTAAAAATAGAGAAAAAAATTAGTGGGTATTGTGGTTGGCACCTGCTAGTCCCAGCAACTCTGGAGACTGACTGAGGCAAGAGGATCACTTGAACTCAAGAGTGTGAGATTGCTGTGATCTAATCTGACGTCATGGCACCCTATCCTGGGCAGACTGAGACTTTGTCT","CCAGCCTGGGCAACGTGGCAAAACCTCGTCTTTACTAAAAATACAAAAAAATAGCTGGGTATGATGGTGAGCACCTGTGGTCCCAGCTACTCGGGAGGCTGAGGTGGGAGGATCACTTGAGTCAGGAGGTCAAGGCTGCAGTGAGCCGAGATTGCACCACTGCACTCCAGCCTGGAGGACAGAGTAAGACCCTGTCTCAA"
"GL873520","72749150","72749265","chr16","19352384","19352496","35","53396766","TTAATTAATTAAAAAGAAGATTGCTTGAGCCTAAGAGTTTGAGGTTGCTGTGAGCTATGAGCCCATAGCATTCTACCTAGGGCAACAGAGAGAGACTCTGTCTCAAAGAAAAAAAA","TAAGGCAGGAAGATTGCCTGAGCTCAGGAGGTTGAGGCTGCAGTGAGCCATGATCATGCCACTGCACTCCAGCCTGAGCAACAGAGTGAGACCCTGTCTCAAAAATAAATAAA"
"GL873520","72749541","72749737","chr15","41382188","41382391","53","31367353","GGCCCAGTGTGGTGGCTCACTCCTGTAATCCTAGCACTCTGGAAAGCCCAGGTGAGTGGATTGTCTGAGCTTAGAAGACCAGCCTGAACAAGAGTGAGACCCTATCTCTACTAGAAATAGAAAAACTAGCCGGGCATTGTGGCAGGTGCCTATAGTTCCAGCTACTCAGGAGGCTGAGGCAAGAAGATTGCTTGAGA","GGCCGGGTGTGGTGGCTCACACCTGTAATCCCAGGACTTTGGGAGGCCAAGGTAGGAGGATCGCTTGATCTCAGGAGACCAGCCTGGGCAACATGGCAAAATCCTGTCTCTACTAAAAATACAAAAATTAGCTGGGCATGGTGGTGTATGCCTGTGGTCCCAGCTACTTGGGAGGCAGAGGTAGAAGGATCGCTTGAGCCCGGG"
"GL873520","72785691","72785814","chr2A","26341169","26341295","35","46444522","GGCCAGGTGCAGAGACTTGTGCTTGTAGTCTCAGCTATTCGGGAGGTTGAGGCAAGAGGACTACTTAAGTGCCATAGACTAGCCTGAGAAAACATAGTGAAACCTTGCCTCATCTTTTACAAAA","GGCCAGGTGCGATGGCTCATGCCTGTAATCCCAGCACTTTGGGAGGTTGAGGCCAGTGGATCACTTAAGCGCTGAAGTTCAAGACCAGCCTGGGCAACATACTGAAACCCCCATCTTTTAAAAAAAT"
"GL873520","72786129","72786263","chr13","49733690","49733818","37","23052439","GGCTGGATGTGGTGGCTCATGCCTTTAATGCTAGCACTCTGGGAGATGGAGGCGGAGACAGGTCTGTTGTCTGAGCTCACAGGTTCAAGACCAGCCTCCGCAAAAGTGAGACCTGCCTCTAAAAATAGCCAGGCA","GGCTGGGTGTGGTGGCTCATGCCTGTAATTCCAGCACTTTGGGAGGTGGAGGTGGGATGATTGCCTGAGGGCTGGATTTCTAGACCTGCCTGGGCAACATAGTGAGACCCTGTCTATAAAAAAATCCAC"
"GL873520","72786538","72786681","chr20","48810763","48810904","42","23975775","GAAATAAAAATAGCCAGGCACTGTGGCAGACACCTGTAGTCCCAGCTACTCGGGGAGGCTGAGGAAAGAAAATTACTTAAGCCCTAAGAGGCTAAAGTTGCTGTGAGCTATGATGGTCATAGCACTCTTCCAGGGGCAACAAAG","AAAAAAAAAATTATCCAGGCATGGTGGCATGTGCCTGTAGTCCCAGCCACACAGGGGGCTGAGGCAGGAGGATTCCTTTAGCATAGGAATTCAAGGCTGCAGTGAGCTATGATTGCACACTGCACTACAGCCTGGGCAACAG"
"GL873520","72819561","72819869","chr3","139568018","139568337","77","66748457","GGTTGGGAGTGGTGTCTCATTCCTATAATCTCAGCACTTTGGGAGGCCAACGCTGGCAGATTGCCCAAGCTCAGGAGTTCAAGACCAGCCTGAGCTAGAGCGAGATCCTGTCTCTAAAATTAGCTGGGTGTTGTGGCAGGTGTCAGTAGTCCCAGCTATCAGGAGGCTGAGGCAAGAGAATCACTTGAGACCAAGAGTTTAAGGTTGCTGTGAGCTATGACACCACAGCACTCTATCAGGGGTGACAAAGTGAGACTCTGCCTCAAAAATAAATAAATAAATAAACAAAAAATAAAATAAAATAAAGAA","GGCTGGGTGTGGGGTTCACACCTATAATCTCAGCACTTTGGGCAGCTGAGCTGGGAGGACTGCTTAAGGCCAGGAGTTTATGACCAGCCTGGGCAACAGAGTGAGATCCAGTCTCTATAAAAATTAGCCAGGTGTGGTGGTGCCTGCCTGTAGTCCCAGCTACTTAGGAGGCTGAGGTAGGATTATCACTTGAGCCCAAGAGTTTGGGGCTGCAGTGAGCTATGATTGGGTCTCTGCACACTAGCCTGGGCAAAAAAGTGACATTCTGTCTCAAAAAAATAAATAAATAAATAAATAAAAATAAAGAACAACAAGAAAAA"
"GL873520","72830940","72831132","chrX","40886735","40886926","48","31944205","CCTCCATCTCTTCAATAATAGAAAAATTAGCTGGACATGGTTCCATGCATCAATAGTCCCAACTACTCAGGAGGCTGAGGCAAGAGGATTTCTTGAGCCTAGGATGTTAGAGACTTTAATGAGCTATGACAACACCACTATACTCCTGCCCAAGCAACAGAGCAAGACCCTGTTTCAATAAAAAAAAATAAAA","AATTTCATCTCTTAAAAAATACAAAAATTAGCTGGGGGTAGTGGTGCACAGCTGTAGTCCCAACTACTCGGGAGGTTGACGCAGGAGGATCACTTGAGCCTGGGAAGTTGAGGCTATAGTGAGCTGTGATGGCACCACTGTACTCCAGCCTGGGTGACAGAGTGAGACCTTGTCTCAAAAAAAAAAAAAAAA"
"GL873520","72831154","72831250","chr5","13406563","13406658","20","59424591","GGCCTGGGCACAGCAGCTTATGCCTATAATCCTAGAACTTTGGGAGACCAAGGCAGGAGGACTGCTTGAGGCCAGGAGTTGAAGACCATCCTGAACA","GGTTGGACACAGTGGCTCATGCCTATAATTCCAGCATTTTGGGAGGCCAAGGCAAGGGGATCACTTGAAGCCAGGAGTTCAAGACCAGCCTGAGCA"
"GL873520","72846280","72846400","chr22","36757324","36757446","28","36088956","GTAGTCCTAGCACTTTGGAAGGCTGAGATGGTAAGACTGCTTGAGGCTAGGAGTTCAAGACCTGCCTGGGCAATATAGTGAGACCTCACTTCTAAAATATATATATATATAGTAAAAAAAA","GTGATCCTAGCACTTTGGGAGGCCCAGATGGGAGGACTGCTTGAGGCCAGGAGTTCAAGACCAGCCTGGGCAACATAGTGAGACCTCATCTCTATAAAAAGAGTTAAAAAATTATCCAGGCAC"
"GL873520","72846688","72846865","chr11","71620673","71620849","48","1226015","TGGGTGTGATTAAATATTACCTGGGTGTGATAGGGCACTCTTGTAGTCTTATCTACCCAGGTGACTGAAGCAAGAGGATTGCCTGCGCCCAGCAGTTTAAGGATGTAGTGAGCTGTGGTTGAGCCATGGCACTCCAGCCTAGGTGACAGAGCTAGGCCCTCTCTTAAAAAGAAAAAAA","AAACTTTTTATTTTAATTAGCTGGACGTGGTGGTATGCACTTGTAGTCCCACTACTCAGGAGGCTGAGGCAGGAGGATTGCTTGAACCCAGGAGTTCAAGACTGCAGGAGCTATGATTGTGCCATTGCACTCCAGCCTGGCTGACAGAGTAAGACCCTTTCTCTTAAAAAAAAAAAA"
"GL873520","72852126","72852331","chr20","33705901","33706099","55","39146225","TGAGACCCAATCTCTATATAAATAGAAAAATCAGTCAGATGTGGTGGTGCATACCTATAGTCCCAGCTATTGGGGAGACTGAGGCAGGAGGATAGTGTGGGCCTCCTGCCCAAGAGTTTGAGGTTGCCATGAGCTATTATGACACCATTGCACTCTACGCAGGATGGCAGAGTGAGACCCTGTCTCAAAAGGAAAAAAAATGAAAA","TGAGACCCCGTTTCTACATAAAAATGCAAAAATTAGCCAGGTGTGGTTATGCATACCTGTAGTCCCAGCTACTCAGGAGGCTGAGGTGAGAGGATTGCTTGAGCCCTGGAGTTCAAGCCTGCAGTGAGACATGATTGCACCACTGCACTCCAGCCTGGGAGACATAGTGAGACCCTGTCTCAAAAAAAAAAAAAAAAAA"
"GL873520","72852609","72852699","chr9","110520976","110521068","28","37668367","GGCTAGGTATAGTGGCTTGTGCCCATAATCCTGGCATTCTAGCAGACTGAGGCAGGAGGATCAAGAAGAGCCAGAGCAAGAATGAGACCCA","GGCCTGGTGCAGTGGCTCATGCCTGTAATCCGAGCACTTTAGAAGGCTGAGGCAGGAGGATCACTTGAGCCCAGGAGTTCAAGATCAGCCTGG"
"GL873520","72856443","72856538","chr3","49642271","49642364","16","23214172","GGCGGGGTGCAGTGGCTCACACCTCTAATCCCAGCACTCTGGGAGGCCAAGGTGTGTGGATTGCCTGAGCTCACAGGTTCAAGACAAGCCTGAGAT","GACCGGGTGCAGTGGCTCACACCTGTAATCCTAGCACTTTGGGAGACCAAGGTGTGAGGATTGCCTGAGCCCATGAGTTAAAGACCAGCCTGGC"
"GL873520","72856786","72856975","chr8","38561134","38561339","60","34295652","CCAGCCTGAGCCAGAGTGAGACCTCATCTCTAAAAATAGCCAGGCTTTGTGCAGGCACCTGTAGTCCTCATTACTTGGGAGCCTGAGGCAAGAGAATTGCTTGAGCCCAAGAGTTTGAGGTTGTTGTGAGCTATAATGCCATAGCATTCTACCAAGGGTGACAAAATGAAACTCAAAAAAAAAAAAAGAA","CAGCCTGGGTAACGTGGTGAGACCACATCTCTAAAAAAATTAGCTGGGCTTGGCAGCACATACCTGTAGTCCCAGCTACTTGGGAGGCTGAGGCGGGAGCATCGCTTGAACCCAGGAGGTAGAGCCTGCAGTGAGCGAGACTGTATCTCTGCACTTCAGCCTGGGTGACAAAGTGAGACACCATCTTAAAAAAAAAGAAAGAAAGA"
"GL873520","72859692","72859855","chr3","189241423","189241586","42","116381731","AAATATCCAGACAGTGTTGCAGGTGCCTGCAGTCCCAGCTACTGGAGAGGCTGAAGCAAGAGGATCTTCTGAGCCCAAGAGTTTGAGGTTGCTGTGAGCTAGGACACCATGGCACTCTACCAAGAGTGACAACATGAGACACTGTCTCAAAAAAAAAAAACAAA","TTAGCCAGGCATGATGGTGCATGCCTATAGTCACAGCTATTTGGGAAGCTGAAGCAGGAGGATATCTTGAGCCCAGGAGTTTGAGGATTGCAGTGAGCTATGATCACACTACTGCACTCCAGCCTATGTGACAGAGTGAGACCCTGTCTCAAAAAAAAAAAGAA"
"GL873520","72860147","72860283","chr1","33670814","33670944","26","39189333","GGCCAGGCATGGAGTAGCTCATGCCTATAATCCTAACACTTTGGGAGGCTGAGGCAGGTGGATTGCTTGAGCTCAGGAGTTCAAGACCAGCCTGAGCAAGAGCAAGACCCCCTGTCTCTTAAAAAAATAGCCACTTG","GGCCGGGAGTGGTGGCTCACGCCTGTAATCCTAGCACTTTGGGAGGTTGAGGCAGGTGGATTGCTTGAGCTCAGGAGTTCAAGACCAGCCTGGGCAACATGGTGAAACCCTGTCTCTACAAAAAATACAAA"
"GL873520","72875827","72875962","chr1","152310097","152310225","34","79434270","GACTAGGTGCGGTGGCTTGCACCTTTAAATCCAGCATTCTGGGAGGCCGAGGCCATGGATTGCTTGGAGTCAGGAATTCAAGACAAGCCTGAGCAAGAGTGAGACCCTCATATCTCTACTAAAAACAGGAAAACTA","GGCCAGGCATGGTGGCTCACACCTGTAATCCCAGCACTCTGGGAGGCCGAGGCCAGCAGATTGAGTACAGGAGTTTGAGACCAGCCTGGGCAACAGTGAAACCTCGTCTCTACTAAAATACAAAAAATT"
"GL873520","72876242","72876423","chr12","66258613","66258792","47","6617629","TAAAAACAGAAAAACTTGCTGGCTATCATGGTGCATACTTGTAGTCCCAGTTACCTGGGAGGCTGAGGCAAGAGGATTGCTCAAGCCTAAGACTTTGAGGTTGCTGTGAGCTATGATGGTAGGCACTCTAGTCTGGGGCAATAAGAGTGAGACTCTGTCTCAAAAGAAAAAAAAATTAAAAA","AAAAAACAAAAATTAGCCAGGCATGGTGGTACATGCCTGTAGCCCCAGCTATTCTGGTGGCTGAGGCAGGAGGATTGCTTGAGCCCAGGAGGTTGAAGCTGCTGTGAGCCGTGATTGGACCACTGCACTCCAGCCTGGGGGACAGAGTGAAACTGTGTCTCAAAAAAAAAAAAAAAAAAA"
"GL873520","72909896","72909998","chr10","59492409","59492502","34","13417487","AAACAGGAGGATTCTTTGAGCCCAGGAGTTAAAGGCTGGCACTATTTATACTTCAGCCGGGACAAGAGAATGAGACCCTGTTTCTATTTTTAAGAAAGAAAAA","AGGCAGAAGGATCACTTGAGCCCAGGAGGTCGAGGCTGCAGTGAATTGTGATTGTGCCAGGCAACAGATACAGACCCTGTCTCAAAAGAAAAAA"
"GL873520","72910267","72910468","chr9","37771894","37772087","58","35138373","GGCTGGATATAGTGACCCATACTTGTATTCCCAGCAGTTTGGTGGAGAGGCTACAATGGGAAGATTGCTTGGGGCTGGAGTTTGAGACTAGTCTGAGAAACAAAGCAAGACCGTGTCTCTACAGAACATAAATAAAAAATTTGGCTGGGCATGGTGGTGTGCACTTGTAGTCTCGGCTACTAAGGAGGCAGAAACAGGAGGA","GGGCAGGTGTGGTGGCTCATGCCTGTAATCCCAGCACTGTGGGAGGCCGAGGCAGGAGGATCACTTGAGCCCAGGAGTTTGAGACCAGCCTGGGCAATATAGGGAGACACTGTCTCTACAAATAATTTAAAAATTAGCTGGCCATAGTGATGTACGCCTGTGGTCCCAGCTACTCAGGAGGCTGAAGCAGGAGG"
"GL873520","72910901","72910936","chr19","9990646","9990679","11","62920255","CACTTGAGCCCGAAAGTTCAAGGCTAGCCTGGACAA","CTTGAGCCCAGGAATTCGATGCCAGCCTAAGCAA"
"GL873520","72916757","72916848","chr15","37377465","37377541","32","35539292","AAAAAAGTTTGACGATGCTGTGAGTTATGCAGCAGTACTCTACCAAGGGCAACAAACAGACTGTCAAAAAAAAAAAAAAAAAGGGAAAAGAA","AAATAGCTATGATCATATCACTGTACTCCAGCCCAGGTGACAAAGAGACCCTGTCTCAAAAAAAAAAAAAAAAAAAA"
"GL873520","72916937","72917022","chr1","21836229","21836318","20","51080708","GCCAGGCATTGTGGCGGGCGCCTGTAGTCTCAGCTACTTGGGAAGCTGAGGCAAGAAGATCACTTTAACCCAAGAGTTTGAACTTG","GGCCAGGCATGGTGGCACGTGCCTGTAATCCCAGCACTTTGAGAGGCTGAGGCAGGAAGATCACTTGAGCCCAAGAGTTTGAGAACAGCC"
"GL873520","72917555","72917693","chr1","33670814","33670944","38","39246741","GCTGGGAGCAGTGTCTCACTCCTATAATCCTAGTACCCTGGGAGTCTGAGGCAGGTGGATTGCTTGAGCTCAGGAGTTCAAGACCAGCCTGAGCCAGAGCAAGACCCTGTCTCAAAAAAAGGCCGGGGGCGGGGGGGAA","GGCCGGGAGTGGTGGCTCACGCCTGTAATCCTAGCACTTTGGGAGGTTGAGGCAGGTGGATTGCTTGAGCTCAGGAGTTCAAGACCAGCCTGGGCAACATGGTGAAACCCTGTCTCTACAAAAAATACAAA"
"GL873520","72954173","72954287","chr1","149917067","149917179","26","76962894","GCTCGTGCCCATAATCCTAGCAGTCTGGGAGGCAAAGGCAGGTGGATTGCTTGAGCTCAGGAGTTCGACACCAGCCTGAGGCAGAGTGAGACCCTGTCTCTAAAAAAAGAAAACA","ATGCCTGTAATCCCAGCACTCTGGGAGGTCAAGGCAGGAGGATCCCTTGAGCTCAGGAGTTTGAGACCAGCCTAAGCAGGATAGTGAGACCCTCATCTCTACAAAAAAAAAAA"
"GL873520","72954546","72954724","chr1","184532449","184532625","43","111577903","GAACAATTAACTGGGTATCATGGCATACACCTATAGTCCCAGCTACTCAGGAGGCTGAGGCAGGAGGATTGGTTGAAACCAGGAGTTCGAGGTTGCTGTGATTTATTATTACGTTGCTGTGCTCTAACTGGGGCAACAGAGTAAGACTGTCTCCAAAAAAAAAAAAAAAAAGAAAGAAA","AATTAGCTGGGCATGGTGGCATGCACCTATAATCCCAGCTACTCAGGAGGCTGAGGTGGGAGGATCTCCTGAGTCCAGGAGTTCGAGGCTGCAAGTGAGCTATGATCGTGCCAGTGTTCTCCAGCCTGGGCAACAGAGTGAGACCTGGTCTCTAAAAAATAAAAAAATAAAAATAAA"
"GL873520","72959829","72959849","chr19","11811175","11811192","4","61148654","CAAAACTGTAAAAAAATAAAA","CACAATGAAAAAAATAAA"
"GL873520","72959944","72960241","chr17","24444892","24445190","94","48515052","GTGGCCCACACCTGTTAATCCCAGCAATTTCAGAGGCCCAAGTGGGAGGATTGCTTAAGACTGGGAGTTCAAGACTAGCCTGGACAAGATAGCCAGAGTCTGTCTCTGAAATTTTTTTTTTTTTTTTAGTTAGCTGGGTGTGGTGGCATGTGTATGTAGTTTTAACTGTTTGGAAGGCTGGTGGAGGAAGATAACTAAGTGCAGGACTTGCAGGTTGTGGTGAGCTATGATTGTATGTACCACTGTACTCCAGCCAATGCAACAGAGTAAGACCCCTATCTTTAAAAAAAAGGAGCGG","GGCTGGGCACAGTGGCTCATGCCTGTAATCTCAGCACTTTGGGAGGCCAAGACAGGAAGATCGCTTGAACCTAGGAGTTCAAGACCAGCCTGGGCAACATAGTGAGACAGTGTCTCTACAAATTTTTTTTTTTTTTTAATTAGCTGGGTATGGTAGTGCACACCTGTAGTCTCAGCTACTTGGGAGGCTGAGGCGGGAGGATCACCTGAGTGCGGGAGGTCAAGGCTGCAGTGAGCAGTGGTCATGCCACTGCACTCCAGTGTGGGCAACAGAGTGAGACCCTGTCTCAAAAAAAAAAA"
"GL873520","72987852","72988108","chr4","38339349","38339590","66","34648503","GAAATTCCGAGGTGGGACAACCTCTTGAGGCTAGGAGTTTGAGACCTGAGACCTACCTAGGCACCACAGCGAGACCCTATCTCCATAAAATATAAAAAAATCAGCTAGGCATGGTGGTGCACACCTATACTCCTAGCTACTTGGAAGGCTGAAGCAGGAGGATCACTTGAGCCAAGGAATTTGAGGTTGCAGTGAGCTATGATCACACCATAGCAAGCCTAGGCAACAGAATAAGACCCTGTCTCCAAATAAATAAA","GAAGTGAGTGGATGGCTTGAGCTCAGGAGTTTGAGACCAGACTGGGCAACATGGTGAAACCCCATCTCTACAAAAAATACAAAAATTAGCCAGGCGTGGTGGTTCGCACCTATAATGCCAGCTACTTGGGGGGCTGAGGCAGGAGGATAGCTTGAGCCCAGGAAGTGGAGGTTGCAGTGAGCTGAGATCACATCACTGCAGTCCAGCCTGGGTGATAGAGTGAGACCCTGTCTCAAAAAAAA"
"GL873520","72988368","72988403","chr8","123409770","123409807","13","50421402","GCCTATAATCCTAGCACTTTGAAATTCCGAGGTGAG","CTCATGCCTATAATCCTAGCACTTTGGGAGGCAGGCAG"
"GL873520","73061340","73061536","chr20","4833312","4833507","57","68228028","GGCTGGGCACAATGCCTGACCCATATAATCCTAGCACTCTGGGAGGCCAAGGCGGGGAGGGACAGGATTGCCTGAGCTCACAAGTTCAAGACCAGCCTGAGTCAGAGCAAGACCTCGTCTCTAAAATATAGCCAGGTGTTGTGGCCGGCACCTGTAGTCCCAGCTACTTGGGAGGTTGAGGCAAGAGAATCTCTTAA","GGCTGGGCCCAGTGGCTCACATTTGTAATCCCAGTACTTTGGGAGGACAAGGCAGGCGTATCACTTGAGCCCAGAAGTTCGAGACCAGCCTGGGTAACACAGCAAAACCCCGTCTCTACAAAAAATTAGCCAGGTGTGGTGGTGCATGCTTGTAGTCCCAGCTACCAGGCAAGCTGAAGAGGAAGCATCACCCTCA"
"GL873520","73061812","73061921","chr2B","206563725","206563834","29","133501913","GGAGAATCTCTTAAGCCCAAGAGTTTGAAGTTGCTGTAAGCTGTGATGCCACAACACTCTACCAAAGGAAACAAAGTGAGACTCTGGCTCAGAAAAACAAACAAACAAAA","GGAGTGTCACTTGAGCCTGGGAGTTTGAGGTTGCAGTGAGCTGTGATTGCATCATGCACTCCATCCTGGGCAAAAGAGTGAGACCCTGTCTCAAAAAAAAAAAAAAAAAA"
"GL873520","73083143","73083268","chr7","99782297","99782421","34","26699154","CAGTGGCTCACATCTGTAATCCCAGCACACTGGGAGGCTGAGGAGGGCGGATTGCCTGAGCTCACAGGTTTGAGTCCAGCCTGAGCAAGAGCAAGACCCCTGACTCTAAAAATAGCCAGGTGTGAA","GGTGGCTCACGACTGTAATTCCAGCACTTTAGGAGGCTGAGGCGGGAGGATTGCTCGAGGCCAGGAGTTCAAGACCAGCCTGAGCAACGTACCGAGACCCTGTCTCTATAAAAATTAGAAGGTTA"
"GL873520","73083525","73083631","chrX","48956519","48956618","29","24127006","TAAAAATAGCTGGGCAATGTGGCTGGTGCATGTATTCCTAGGTACTTGGGAGGCTGAGGCAAGAGAATTGCTTGAGCCCAAGAGTTTGAGATTGCTGTGAGCTGTGA","GCTGGGCATGGTGGTGTGTGCTCATAGTCCTAGCTGCTGGGGAGGCTGAGGTGAGAGGACTGCTTGAGCCCAGGAATTTGAGACTGTAGTGAGCTGTGAT"
"GL873520","73086014","73086142","chr10","95119450","95119581","30","22033436","CTGGGCACAGTGGCTCACGCCTATTATCCCAGCACTTGGGAGGCTGAGGCAGATGGATTGCCTGAGCTCAGGAGTTTGAGACCAGGTGAGCTAGAGCAAGACCCCCATCTCTAAAAATAGCTGGGCATT","CCGGGTAGAGTGGCTCATTCCTGTAATCCCAGCACTTTGGGAGGCTGAGGCAAGAGGATTGCTTGAGGTCAGGAGTTCGAGACCAGCCTGAGCAATGTAGCAAGACTCCACCTCTACAAAAAATGAAAAGCT"
"GL873520","73086410","73086584","chr12","96671998","96672172","39","23585588","AATTAAAATAGCTGGGCATTGTGGCAGGGGTCTGTAGTCCCAGCTACTTGGGAGGCTGAGGTAAGAGAATCACTTAACCCCAGGAGTTTGAGGTTGCTGTGAGCTATGACACCATAGCACTCTACCAATGGTGACAAAGTGAGCCTCTGTCTCAAAAAAAAAAAGTAAATAAAAA","AATTAGCTGAGCATGGTGGCAGGCACCTGTAGTCCCAGCTACTTGGGAGGCTGAGGGAGGAGGGTCACTTGAACCCAGGAGTTTGAGGCTGCAATGAGCTATGACTGCATCAGTGCACTCTAGCCTGGGCAGTAGAGTGAGACCCTGTCTCACAAAAAAAAGAAGGAAAGAGAAA"
"GL873520","73111621","73111695","chr4","25785731","25785810","15","47325890","GGCCTGGCGTGGCTCATGCCTCTAATCCTAGCACTCTGGGAGGCCGAGGTAGGTGGATTACTTGAGCTCACAGGT","GGCCTGGTGCAGTGGCTCATGCCTATAATCTCAGCACTTTGGAAGGCCGAGGTGGGGGGATCACTTGAGCCCAAGCAGTT"
"GL873520","73111955","73112180","chrUn_GL394560","7392","7612","71","73104563","TGAGCTCACAGATTGGAGACCAGCCTGAGCAATAGCAAGACCCCGTCTCTAAAAATAACCAGGTATTGTGGAAGGCACCTGCAATCCCCACTACCTGGGAGACTGAGGCAAGAGAATCGCTTGAGCCCAGGAGTTTGAGGTTGTTGTATGCTATGATGCCACGGCACTCTACTGAGGGCAACAAAGTGAAACTCTATCTTAAAAAAGAAAAGAAAAGAAAAAGAAA","GAGCCCAGGAGTTCGAGACTAGCCTGGGAAACATTGCAACCCCATCTCTACAAAGAATAAAAAAATTAGCTGGGAGTGGTGGTCCCAGCTACTTGGGAGGCTGAGGCAGGAGAATCATTTGAGCCCAGGAGGTTGAGGCTGCAGTGAGCCATGTTAGTGCCATTGCACTCCAGCCTGGGTGACAGAGTGAGATCTTGTTTAAAAATAAAGAAAGAAAGAAA"
"GL873520","73125194","73125383","chr7","4237351","4237553","49","68887843","GGCTGGGCGTGGTGGCTCATGCCTGTAATCCCAGCACTCTGGGAGGCTGAGGCAGGTGGATTTGCTAGATCTCAGGAGTTGGATACCAGCCTCGGCAAGAGCAAGACTCCATCTCTAAAAATAGCTGGGCATTGTGTTGGGCACCTGTGGTCCCAGTTACTCAGGAGGCTGAGGCAAAAGGCTCACTTGA","GGTCAGGCATGGTGGCTCATGCCTGTAATCCCAGCACTTTGGGAGGCCGAGGTGGGCAGATTGCTTGAACTCAGGAGTTGAAGACTAGCCTGGGCAACACGGCAAAACCCCATCTCTACTAAAACTACAAAAACTAACTGGGCATGGTGGCACGCGCCTGTAGTCCCAGCTACTGGGGAGGCTGAGGTAGGAGGATCACTTGA"
"GL873520","73125656","73125758","chr3","46775769","46775871","28","26349887","GGATCACTTGAGTCCAAGAGTTTGAGGTGGCTGTGAGTTATGACACTACCAGCACTTTACTGGGAGCAACAAAGTGAGACTCTGTCTCAAAAAAAAAAAAGAA","ATCACTTGAGCCTTGGGGGTTGAGGCTGCAATGAGTCATGACTGTGCCATTGCACTCTAGCCTGGGCAACAGAAAAGAGACCCTGTCTCAAAAAAAAAAAAAA"
"GL873520","73447089","73447356","chr3","133065732","133066007","74","59618643","GGCTGGGTGCGGTGGCTCACGCCTGTATTCCCAATACTTGGGAAGTTCAGGGGTTGGATTGCCTGAGCTCACAGGTTCAAGACCAGTCTGAGCCAGAGTGAGACCTCATCTCTAAAAAAATACCCGGGCATTGTGGTGGGTACCTGTAGACCCAGCTACTTGGGAGGCTGAGGCAAGAGAATGACTTGAGCCTGAGAGTTTGTGGTTGCTGTGAGCTACAATGCCTTGGCACTCTGTTGAGCATTACAAAGTGAGACTCTGTCTCAAG","GGCCGGGTGCAGTGGCTCACGCCTGTAATCCCAGCACTTCAGAAGGCCAAGGCAGGAGGATCACTTGAGCTTAGGAGTAGAGACCAGCCTCAGCAACATGGTGAAACCCCATCTCTACAAAAAATTAGCCGGGCATAGTGGTGCGTGTCTGAAGTCCCAGGTACTGGAGAGGCTGAGGCAGGAGGATCACTTGAGACTGGGAGGTCAAGGATGCAGTGAGCTGTGATAGTGCCATTGCACTCCAGCTGGGGCAACAGAGCGAGACCTTGTCTCAAA"
"GL873520","73447378","73447393","chr1","153358526","153358539","2","79911148","AAAAAAAAACCAAAAA","AAAAAAAAAAAAAA"
"GL873521","58193","58339","chr1","40759650","40759803","42","40701457","TTAGTCAGGCATTGTGGCAACTTAGGCATAGCTACATGGAAGGCTTAGACAAGAGAATCACTAGAGTCCAGGAATTGGAGGTTGCTGTGAGCTACGATGCCATAGCACTCAAGCCTGGGGCAACAGTGTGAAACTCTATCTCAAAAA","ATTAGCCAGACATGGTGGTGCACATCTGTAGGCCTAGCTACTTGGGAAGCTGAGGCAGGAAGACTGCTTGAGCCCAGGAGTTTGAGGCTGCAGTGAACTATGATGACATCACTGCACTCCAGCCTGGGCAAGAGTGAAACTGTTTTTTAAAAAA"
"GL873521","58369","58496","chr11","12504072","12504193","41","12445703","GGTGTGGTGATTGATGCCTGTAAGTCTAGCACTTTGAGGAGAGTGGATCCCTCTGAGGAGGGTGGATCTGTTGAGCTCAGATACTCAAGACCAGACTGAGCAAGACTGAGACCCCCCCATTTTTACAA","GGCCTGGTGCAGTGGCTCAGACCTGTAATTCCAGCACTTTGGGAGGCCTGGGTAGGTGGACTGTTTGAGCTCAGATGTTTGAGACCAGCCTGGGCAACATGACAAAACCCCATCTCTACATA"
"GL873521","119441","119613","chr3","50079465","50079644","54","49960024","CAACAAAAAAAAAAACAGATGACATAGTGGTTCACACCTGCAGTTGCAGCTAATGGGGAGACTTAAGACAGGAAAATCACTTGAACTCAGGCATTTGAACTTTCAGTGAGCTATGCTGATGCCACTGTACCTTAGTCATGACAGCAGAGCAAGAACCGGACTAAAAAAAAAAA","ACAAAAAGAAAAAACAATTAGCAAGGCCTGGTGGTACACACTTGTAGTCCCAGCTATTTGGGAGGCTGAGGTGGGAGGATCACTTGAGCCCAGGAGTTCAAGGTTACAGTGAGCTATGATCATGCCACTGCACACTAGCCTGGGCATCAGAGAGAGTTCCTGTCTCTAAGAAAAAAAAAA"
"GL873521","119642","119758","chr4","150658849","150658965","24","150539207","GGCTGGACCTGGTGGTTCACACTTGTAATCCTGGCACTTTGGGAAGCCAAGGTGGGAGAACTGGGTGAGGTCAGGAGTTTAAGACCAGCCTGAATGACATAGCAAGATCTCATCTCT","GGCTGGTTATGGTGGCTGACACCTGTAACCCTAGTACTTTGGGAGGCCCAGGTGGGAGGATTGCTTGAGGCCAGGAGTTTAAACCAGCCTGGGCAACATAGCAAGACCTCATTTCTT"
"GL873521","610584","610857","chr11","57816849","57817130","68","57206265","GGCCATGTGCAGTGGCTCACACCTGTAATCCTAGCACTCTGGGAGGCTAAGGCAAATGGATTGCTTGAGCTCAGGAGTTCAAGACCAGCCTGAGCAAGAGCTAGAACTGACCCCATCTCTAAAAAATGCCAGGCAATATGGTGGAGTCTAGAGTCCCAGCTACTCGAAGGCTAAGGTAGAAAGATGGCTTAAGCCCGAGAGTTTGAGGTTGCAGTGAGCCGTGACACCATGGCACACTCTACTGAGGGTGACAAAGTGAGATTCTGTCTCCAAA","GGCCAGGCACAGTGGCTCACACCTGTAATCCTAGCACTTTGGGAGGCCAAGGCAGGTGGATTGCTTGAGCCCAGGAGTTTGAGACCAGCCTGGGCAACATGGCAAAACCTCATCTCTACAAAAATTAGCCAGACATGGTGGTGGGTGCCTGTAGTCCCAGCTACTCAGGAGGCTGAGGTAGGAGGATCATCTGAGCCCAGGAGGTCGAGACTGCAGTGAGCCATGATCATGCCACTGCACTCCAGCCTGAGTGACAGAGTGAGATCCTGTCTCAAACAAAAA"
"GL873521","1502062","1502265","chrX","121141350","121141549","52","119639288","CAAACAAAAAAAGACTAGTCTCTACTGAAAATAGAAAAACTAGCCGGGTATTGTGGCAGGCTCCTGTACTCCCAGCTACTTGGGAGGCTGAGGCAAGAGGATCACTTGAGCCCACGAGTTTGAGCTTTCTGTGAACTATGATAATGTCACAGCACTCTACCCAGGGTGACAGAGTGAGATTCTGTGTCAAAAAAATAAAGAAAA","GAAACAAAGCAAGACCCCATCTCTACAAAAAATTTAAAAATTAGCTGGGCCCAGTGGTGTGTACCTGTAGTTCCAGCTATTTAGGAGGCTGAGGCAGGAGGATCCCTTGAGCCCAAGAGTTCAAGGTTGAAGTGAACCATGACTACGCCACTGCACTCTAGCCTGGGGACAAAGTGAGACCTTGTCTCAAAAATAAAAAA"
"GL873521","1502500","1502603","chr19","19649787","19649888","25","18147287","GCCAGGTGCAGTGGCTCATGCCTATAATCCTAGCACTCAGGAAGGCCAAGGCAGGTAGATTGAGTTTGAGACCAGCCTGACTAAGAGCAAGACTGGTCTCTATA","GCCAGGCATGGTGGCTCATGCCTGTTATCCTAGCACTTTGGGAGGCTAAGGCGGGAGGAGTTTGAGACCAGCCTGGGCAACATAGCCAGACCCTGTCTCTTA"
"GL873521","1595405","1595517","chr21","23033355","23033468","23","21437950","GCTGGGCATGGTAGCTCATGCCTGTAATCCCAGCACTCTGGAAGGCCGAGGCAGGTGAATTGCCTAAGCTCACAAGTTCAAGGCCACCCTGAGCCCAGCAAGACCCTATCTGT","GGCCAGGCATAGTGGCTCATGCCTGTAATCCCAGCACTTTGGAAGGCCGAGGCAGGAGGATTGCTTGGAGCCCAGGAGTTCGAGACCAGCCTGAGCAGCATAGACCCCTATCTC"
"GL873521","1595795","1595978","chr3","132688217","132688402","51","131092422","TGAGACCCATCTCTAAAAATAGCCAGGCGTTGTGGTGGGCGCCTATAGTCCCCGCTATTCTGGAGACTGAGGCAAGAGAATCACTTAAGCCCAAGAGTTTGAGGTTGCTGTGAGCTGTGACACTATGGCCCTCTACCAAGGGTGACAAAGTGAGACTCTGGCTCAAAAAGAAAGATAAAAAAAA","TACAGAAAAATTTTTAAAAAATTAGCCATGTGTGGTGATGCGCACCTGTAGTCCCAGCTACTCTGGAGGCTGAGGTGTGAGGATCACTTGAACCCAGGAGTTCGAGGCTGCAGTGAGCCATGATCATGCCACTGCACTCCAGCCTGGGTGACAGAGTGAGACCTTGTCTGAAAAAAAAAAAAAAAA"
"GL873521","1759823","1760095","chr20","35179301","35179570","73","33419478","CTAGCATCCTGGGAGGCTGAGGCAGGTGGACTGTCTGAGCTCATGAGTTTGAGACCAGCTTGAGTAAGGGAGACCCTGTATCTACTAAAAATAGAAAAACTAGCCAAGCATGGCGGCACATGCCTGTAGTCCGAACTGCTTGGGAGGCTGAGGCAAGAGTATCACCTAAGCCCAAGAGTTTGAGGTTGCTCTGAGCTATGAAACCAGGGCAGGGTCCTCTACCCAGGGTGACAAAGTCAGACTGTCTCCAAAAAAAAAAAAAAAAAAAAAAAA","CCAGCATGGTGGGAGGCCGAGGTGGGCAGATCGCTTGAGTCCAGGAGTTTGAGACCAGCCTGGGCAACATGGCGAAACCCCGTCTCTACAAAAAATACAAAAATTAGCCAGCATGGTAGCCCACGCCTGTAGTCCCAGCTGCTTGGGAGGTTGAAGTGGGAGCATCACTTGAGCCTGGGAGGCGGAGGTTGCAGTGAGCTGTGATCTGCACTCCAGCCTGGGTGACAGAGCGAGACTCTGTCTCAAAAAAAAAAAAAAAAAAAAAAAAAA"
"GL873521","1760611","1760644","chr1","206552735","206552767","4","204792124","GGCTGGGAGCCGTGGCTCACCCCTGTAATCCTAG","GGCTGGGAGTAGTGGCTCACGCCTGTAATCCTA"
"GL873521","1978757","1978896","chr19","10086469","10086601","36","8107712","GGGTGCAATGGCTCATTCCTACAACCCTAACATTTTGGGAGGCCTGGGTGGGAGGAAAGCTTGGGACCCGTAGTTTGAGATCAGCCTGAGCAACACAGTGAGATGCTGTCTCTACAAAAAATTAGCCTAGTATGGTGGTG","GGGTGCAGTGGCTCACACCTATAATCCTAGCAGTTTGAAAGGCTGAGACGGGTGGATCGCTTGAGCCCAGGAGTTCAAGACCAGCCCGGGCAACATAGTGAGACCCTGTCTCTACAAAAAATTAGAGGATGTG"
"GL873521","1984940","1985104","chr19","18092803","18092966","37","16107863","AAAATGAGCCTGGTGTGGCAGCACTTGCTTGTGGTCCCAGCTACTTAGGAGGCTGAGGCAGCAGAATTGCCTGAGTCCAGGAGTTTGAGATTGCAGGGAGCTATAACCATACCACTTCATTCCAGCCTGGGCAACAGAGCAAGGCCCTGTCTCAACCAAACAAAA","AATTAGCAGGCTGTGGTAGCATGTGCTTGAGGTCTCAGTTACTTGGGAGGCTGAGGTGGGAGGATCACCTGAGCCCAGGAGTTCAAGGCTGCAGTGAGCTATGATCACACCACTGCACTCCAGCCTGGGCAACAGAGCAAGATGCTGTCTCAAAAAAAAAAAAA"
"GL873521","2126971","2127283","chr1","18920994","18921309","78","16794023","GCCAGGTGCAATGGCTCATGCCTGTAATCATAGCACTCTGGGAGGCTGAGACTGGAGGATTACTTGAGCTCAGGGTTTCGAAATCAGCTTGAGCAAGAGTGAGACCCCCATCTCTACAAAAATAGAAAAACTAGCCAGGTGTTGTGGTGGGCACCTGTAGTCCTAGCTATTTGGGAGGCTGAGGCCAGAGGACAGCTCAAGTCCGGGAGTTTGAGGTTGCTGTGAGTTGTGACAGCACAGATGTCTACAGAGGGTAACAAAGAAAGACTCTGTCTCAAAAATGAATGAATAAATAAGTAAATGAATAAATAAA","GGCCAGGTGCATTGGCTCATGCCTGTAATCCTAGCACTTTGGGAGGCTGAGGCAGGCAGATTGCTTGAGCCTGGGAGTTTGAGACCAGCCTGGGCAACATGGCAAAACTCTATCTCTACAAAAAATACAAAAATTAGCCTGGCGTGGTAGCGTGAGCCTGTAGTCCCAGCTACTGGGGAGGCTGAGGTTGGAGGATAGCTTGAGTCCGGGAGGTCGAGGCTGTAGTGAGCTGTGATCACACCACTGCACTCCAGCCTGAGAGACAGAGAGAGATCTTTTCCCAATAAATAAATAAGTAAGTAAATAAATAAATAAA"
"GL873521","2389393","2389473","chr1","36080957","36081040","20","33691564","TTGGGAGACTGAGGCAGGAGGATTCCTTGAAGCCAGGAGTTCAAGACCAGCCTGAACAGGAGTGAGACTCTGACCATATAA","CTTTGGGAGGCTGAGGCAGGGGGATTGCTTGAGCCCAGGAGTTCAAGACCAGCCTGGGCAATATAGCGAGACCCTCATCTCTAC"
"GL873521","2389498","2389674","chr1","31190959","31191130","48","28801461","CCCCAGAAAAACAGAAAAATTAGCCAGGTATGGTGGTATGGGTCTATAGTCCCAGCTGCTTGAAGGCCAAGGCAGGAGGATTACTTGAAGCCCAAGAGTTTAAGGCTACAGTGAACTATGACGATGTCACTGCACTCTAGCCCAGTTGACAGGGAATGAATCTGTTTCAAAAAAAAA","CACACACACACACAAAAATTAGCCAGTGTGGTGGTATACTCCTATAGTCCTAGCTGCTCGGGAGGCTGAGACAGGAAGGTCACTTGAGCCTAGCAATTTAATGCTGCAGTGAGCTATGATTGTGCCACTGCACTCCAGCCTGGGCAGCAGAGTGATACTCTGTTTCAAAAAA"
"GL873521","2550002","2550150","chr19","3288108","3288256","38","738106","CCCTCAGCTTTGCATGGTGATATGCACCTTTGGTCCCAGCTGCCTCAGGAGGTTGAGGCATGAGGATCCCTTGAGCCCACAGTTTGAAGCTGCAGTGGGCTATGATGGTGACACTACACTCTAGCCAGGGAGACAAAGTGAGGCTCTAT","AGTTAGCTGGGCATGGTGGTATGGGCCTGTGGTCCCAGCTACTCAGGAGGCTGAGGCAGGAGCATCTCTTGAGCCAAGGAGGTCGAGGCTGCAGTGAGCTGAGATTGCGCCACTGCACTCCAGCCTGGGTGACAGAGTGAGATCCTGTC"
"GL873521","2550422","2550560","chr7","34482046","34482189","32","31931624","CTGAGTGTGGTGGCCCCTGTCTGTAATCCCAGCCCTTTGGAAGGCTGAGAAGAGGATCACGTGAGGCCAGGAGGTTGAGAACAGTGTGGGCAACACAATGAGACCCATCTCTAAAACAAGTTTAAAAATCAGCTGGGCT","GGCTGGGCATGGTGGCTCATGCCTGTAATCCCAGCACTTTGGGAGGCTGAAGTGGGAGGACTGCTTGAGGCCAAGAGCTTGAGACCAGCCTGGGCAACATAGTGAGACTCCATCTCTACAAAAAGTTTAAAAATTAGCAAGGGT"
"GL873521","2565293","2565460","chr12","36177409","36177585","39","33612116","AACAATAAAAATTATCCAGATATGGTGGTGTGTGCCTGTAGTGCCAACAGCTAGGGAGGCTGAAGCAGGAAGATCGCTGGAGCCCATGAGTTTGAGATTGCAGTGAGCTGTGAGGCCACTGCGCTCTACCCTGGGTGAGAGAGTAAGACCCTGTCTTGAAAAAACAAA","TAAAAAATTAAAAAATTAGCCAGATGTGGTGGTGCGTGGCTGTGGTCCCAACTACTCTGGAGGCTGAAATGGAAGGATTACTTGAGCCCATGAGGTTGAGGCTGCAGTGAGCTGTGACTGAGCCACTGCACTCCAGCCTGGGTGACAGAGTGAGACCCTGTTTCAAAAAAAAAAGAA"
"GL873521","2565490","2565601","chr12","111694807","111694920","25","109129317","CCAGATACAGTGGCTTACACCTGTTATCCTAGCACTTGGGAGGCCAAAATGAGAGGCTTGCTTAAGTCCAGGAGTTTGAAACCAACCTGTGCATGAGCAAGACCCCATCTCT","GGCCAGGTACAGTGGCTCACACCTATAATCTCAGCACTTGGGAGGCCAAGGTGGGAGGATCACTTGAGTCCAGGAGATTGAGACCAGCCTGGCAACATAGCAAGACCCTATCTC"
"GL873521","3217868","3218143","chr10","9473915","9474197","72","6256047","GGCTGGGTGCAGTGGCTCATGCCTATAATTTTAGCATTCTGGGAGGCCTGAATAGGAGGATCCCTTGAGCTCAGGAGTTTACCAGCCCAAGCAAGAGTGAGACCCCATTTCAACTATAAATAGAAAAACTAGCTGGACGTGGTAGCGTCTGCTTGTATCCTAGCTACTGAGGTGGCTGAAGTAGGAGGATCATTTGAGCCCAAGATTTGGTGATAGCAGTGAGCTAGGCTCATACCATAGCACTCTAGCCTGGGCAGCAAAGTGAGACTATCTCAA","GGCTGGGTGCAGTGGCTCACACCTGTAACTTTAGCACTTTGGGAAATCAAGGAAGGTGGATCACTTGAGCCTAGGAGTTTGAGACCTGGACAACGTAGTGAGACCCCATTTCTACAAAATAAAACAAAAACTAGCTGGGCATGGTGGCATGCTCCTATAGTCCCAGCTACTCAGGGGCCTGAGGTGGGAGGATCGTTTGAGCCCAGGAGGTGGAGGTTGCCGTAAGCCAAGATCATGCCACTACACTGCAGCCTGGGAGACAGAGTGAGACCCTGTCTCAAAA"
"GL873521","3218164","3218191","chrX","137081199","137081225","4","133863035","AAAAAAAAAAAAAGGAAGAAGAAGAAAA","AAAAAAAAAAAAAAAAAGGAAAGAAAA"
"GL873521","3495930","3496043","chr1","9156973","9157091","28","5661043","GACCAGGCCCAGTGGCTCACTCCTATAATCCCAGCACTCTGAGAGGCCAAGGCAGGAGTTTGAGACCAGCTTGAGCAAAAGCAATACCCTATCTATAAAAAAAATAGCCAGGCT","GGCTGGGTGAGGTGGCCTCACGCCTGTAATCCCAGCACTTTGGGAGGCCAAGGCAGGAGTTTGAGACCAGCCTGGGCAATACAGTGAGACCCCATCTCCAAAAAAAAAATTAGTGGGGC"
"GL873521","3496294","3496455","chr4","75562087","75562252","37","72065793","TAGCCAGACATGGTGGCAGGTTCCTGTACTCCCAGCTACTTAGAGGCTGAAGCAAGAGGATAGCTTGAGACCAAGAGTCTGGAGGTTGCCATAAACTATGATGCCATAGCACTCTACCCACGGTGACAGAGTGAGATTCTGTCTCAAGAATAAATAAATAAA","TTAGCTGGGTGTGGTGGCATGCACCTGTAGTCCCAGCTACTTAGGAGGCTGAGGCAAGAGGATCACTTTAGCCCAGGAGGTGGAGGTTGCAGTGAGCTGAAATCATACCACTGCACTCCAGCCAGGGTGACAGAGTGAGACCTTGTCTCAAAAATAAATAAATAAA"
"GL873521","3515961","3516093","chr1","109402188","109402317","37","105886227","CTGGGCACAGTAGTATGTTCTTGTAATCCCAGTTTGGGAATGGGAGGCTGAAGCAGGAGGATCTCTTGCACCTAGGAGTTCAAGTCCAGCCTGGGCCACTTAGGTAAACACTCCTATACACACAATAAATAAA","GGCTGGGACGGTGGCTCATGCCTGTAATCCCACACTTTGGGAGGCTGAGCTGGCAGATTGCTTGAGCCTAGGAGTTCAAGACCAGCCTGGGCAACATGGTGAAACCCCACCTTTACAAAAAATAAATAAA"
"GL873521","3526495","3526609","chr6","8494714","8494833","23","4968219","GGGTGTGGTGGCTCATGCCCATAATCACAACACTTTGGGAGGTGAGGCAAAATGGTCACTTGAGACTAGGAGTTCAAGATCAGCCTGGGCAACATAGCAAGACTCTGGGTCCACA","GGCCAGGTGTGGTGGCTCATGCCTGTAATCCCAACATTTTGGGAGGCTGAAGCAGAGAGGTTGCTTGAGACCAGGAGTTCAAGACCAGCCTGGGCAACATAGCAAGACCCTCTCTCTACC"
"GL873521","3526643","3526661","chr3","50246504","50246521","6","46719861","TTAAAAAACAAACATTTGC","AAAAAAAAAAAAAATTTT"
"GL873521","3544998","3545149","chr5","35290577","35290728","43","31745579","AGCCCAACAAAATGAGGGGGGCATTGTGGTGGACGCCTGTAGTCCCAGTCACTCAGAAGGCTGAGACAAGGGAATCGCTTGAGTCCAAGATTTGAGGTTGCTGTGAGCTATGATGGCACAGCACTCGACCCAGGGCAACAGAGTGAGACTCT","ATAGAAAAACTAGCCAGCATGGTGGCTCACGCCTGTAGTCCCAACTACTCAGAAGGCTGAGGCAGGAGGATCGATTGAGCCTGGGAGGTCAAGGCTGCAGAGAGCCATGATTGTGCCACTGCACTCTAGCTTGGGCAACAGAGTGAGACTCT"
"GL873521","3545179","3545299","chr8","123644856","123644976","23","120099677","GGCCAGGGTGCAGTGGCTCATGCCTGTAATCCTAGCACTCTGGAAGGCTGAGGCGGGTGGATTGCTTGAGCTCAGGAGTCGGAGGTCAGCCTGAGCAAGAGAAGGATCCCATCTCTACTGA","GGTTGGGTGCAGTGGCTCATGACTGTAATCCCAGCACTTTGGGAGGCTGAAGCAGGTGGATTGCTTGAGCCCAGGAGTTGGAGATCAGCCTGGGCAACATAGTAAGACCCTGTCTCTACAA"
"GL873521","3553893","3554058","chr11","78192954","78193119","45","74639061","AATACTGACCAGGTGTAGTGAGTGGTGCATGCCTATAGTCTCAGTTACTTGGAAGGTTGAGGCAAAAGGATTGCTCAAACACAAGAGTTTTAGGTTGCTGTGAACTATGATGCTACAGCACTCTACCAGGGCAACAGAGTAAGACTGTGTCTCAACAACAAACAAA","ATTAGCCAGGCATGTTGGTGCATGCCTATAGTCCTAGCTACTTGGAAGGCTGAGGCATGAGGATGTACTGAGCCCAAGAGTTCCAGGTTAGAGTGAGCTATGATCATGTCACTGCACTCTAGCCTGGGCAACATAGCAAGACCCTGTCTCTAAAACAAAGCAAAAA"
"GL873521","3554086","3554201","chr1","91242641","91242760","22","87688555","GGGTGCAGTGGCTCACGCCTATAATCCTAACACTCTGGGAGGCCAAGGTAGGTGGATCACTTGAGTTTGAGGAGTTTGAGACCAGCCTGAGCAAGAGAAAGACCCCATCTCTACTA","GCCAGGCGCAGTGGCTCACACCTATAATCCCAACACTTTGGGAGGCCAAGGCAGGAGAATCACTTGAGGCCAGGAGTTTGAGACCAGCCTGAGCAACATAGCAAGACCTTGGCTCTACTA"
"GL873521","3593976","3594262","chr16","24608122","24608413","74","21014146","GGCTGGGCACAGTGGCTCACACCGGTAATCCCAGCACTCTGGGAGGCCGAGGCAGGTGGATTACCTGAGCTCACAGTTTCGAGACCAGCCTGAGCAAGAGTGAGACCCCCCCCCCAATCTCTAAAAATAGCTGGGCGTTATGGCCAGGTGCCTGTAATCCCAACTATTTGGGAGGGTGAGACATGAGAGTCAGTCACTTTGAGCCAAGAGTTTGAGGTTGCTGTGAGCTGTGTGCCACAGCATCCTACCGAGGGTGACAAATTGAGACTGTGTCTCACAAAAAAGAA","GGCCAGGCGCAGTGGCTCACACCTGTAATCCCAGCACTTTGGGAGGCTGAGGTGGGTGGATTACTTGAGCTCAGGAGTTTGAGACCAGCCTGGGCAATATAGTGAAACCCTATCTCTACCAAAAACACAAAAATCTAGCTGGGCATGGTGGCACGTGCCTGTAGTCCCAGCTACTCGGGAGGCTGAGGCAGGAGGATCACTTGAGCCTGGGAGGCAGAGGTTGCAGTGAGCCATGATTGCGCCAGTGCACTCCAACCTGGGTGACAGAACAAGACCCTGCCTCAAAAAAGAA"
"GL873521","3621527","3621631","chr8","21452005","21452106","29","17830478","TCACATTTATAATTCCAGCACTCTGGGAGGCCGAGGCAGGAGAAACCCTTGGGCTCAGGAATTCAGGGGCCAGCCTGAGCAAGAGCCAGGCCCAGTCTCTACTAA","CATGCCTATAATCCCAGCACTTTGAGAGGCTGAGGCAGGAGGATCGCCTGAGCCCAGGAGTTCGAGGCCAGCCTGGGCAACATAGCAAGACCCCATCTTTAA"
"GL873520","60838810","60839064","chr5","171848001","171848259","81","111009191","GGCTGAGAGTGGTGGCTTCTAACAGTCCGAGAGGTTGAGGCTTGAGCTCAGGAGTTACAGGTCAACCTGAGCAACCCCTGCCTACTAAAAATAGAAAAAATTAGCTGGGCATTGTGGTGAGTGCCTGTAGTCCTACCTACTGGGAGACTGAGGCAGGTGGATCTCTCAAATTCAGGAGTTTGAGGCTGTCGTGAACTACGACGCCACAGCACTCAGGCCTGAGCAACAGTGAGACTGTCTCACACACACAAGAAA","GGCCAGGCAAAGTGGCTCATGCCTGTAATCCCAGCACTTTGGGATCACTTGAGCCAGGAGTTCAAGACAACATGATGAAACCCCGTTTCTACCAAAAACACAAAAAAATTAGCTGGGCATGGTGGTGCACGCCTGTAGTCCCAGCTACTTGGGAGGCTGAGGCAGGAGGATCGCTTGAGCTCAGGAGGTCGAGGCTGCAGTGAGCACTGACTGTGCCACTGCACTCCAGCCTGGACAACAGATAGAGACCTCGTCTCAA"
"GL873520","60890558","60890822","chrX","9126809","9127055","74","51763749","AGAAGTTTGAGACCAGCCTGAGCAAGAATGAGACCTCATCTCTATAGACAAATAGAAAAATTAACCACTACAGGCATGGTGGTATGTGCCCATAGTCAAAGATACTCAGGAGGCTGAGGCAGGAGGATCACTTGAGCCCAGTAGTTAGAGGTTGCAGTGAGCTATGATGACATCCTAACACTCTAGCCAAGGCAACAGAGTGAGTGAGACTCTGTCTCAAAAATAAATAAATAAATAAATAAATAAAAGAAAAGAAAAAAAAGAA","ACCAGCCTGGGCAACATGGTGAGACCTCATTTCTACTAAAAATACAAAAAAATTATCTGGGTGTGATGGTACGTGCCTGTGGTCTTAGTTACTTGGGAGGCTGAGATGGGAGGATTGCTTGAGCCCAGGAGGTTGAGGCTGCAGTGAGCCATGATCACACCACTGGATTCTAGCCTGGGTGACAACAGTGAGACCCTGTCTCAAAAATAAATAAATAAATAAATAAATAAATAAATAAATAAATAAA"
"GL873520","60903513","60903710","chr8","38561134","38561339","57","22342379","GACCAGCCTGAGTAAGAGTGAGACCTTATCTCTAAAAAAATAGCTGGGAGTTATGGCAGGTGCCTGTAGTCCCAGCTACTTGGAAGGCTGAGGCAAGAGGATCACTGGAGCCCATGACTTTGAGGTTGTTGTGAGCTATCATGCCATGGCACTTTACCCTGGGTGATAAAGTAAGACACCATGAAAGAAAGAGAGAAA","CAGCCTGGGTAACGTGGTGAGACCACATCTCTAAAAAAATTAGCTGGGCTTGGCAGCACATACCTGTAGTCCCAGCTACTTGGGAGGCTGAGGCGGGAGCATCGCTTGAACCCAGGAGGTAGAGCCTGCAGTGAGCGAGACTGTATCTCTGCACTTCAGCCTGGGTGACAAAGTGAGACACCATCTTAAAAAAAAAGAAAGAAAGA"
"GL873520","60903994","60904078","chr19","44122957","44123041","20","16781037","CTGGGCACAGTGGCTCACACTTGTAATTCTAGCACTCTTCAAGGCCAAGCTAGGCGGATTGCCTGGGTTCAAGAGTTGGAGACCA","CTGGGCACAGTGGTTCATCCCTGTAACCCAGCACTTTGGGAGGCCAAGGTGGGAAGATTGCTTGAGCTCAAGAGTTTGAGACCAC"
"GL873520","61127875","61128124","chr12","40543558","40543815","61","20584317","AGGCCAAGGCAGGTGGATTACTTGAGCTCAGGAGTTTGAGACCAGATGGAGTAAGGGTGAGACCTCCATCTCTACTAAAAATAGAAAAACTAGCCAGGCATCATGGCAGGTGCCTGTAGTCCCAGCTACTTGGGAGGCTGAGGCAGAAGGATCACTTGAGCCCGGGGTTTGAGGTTGCTGTGAGTCAGGCTGATGTCACAACATTCTACCAGGGCAACACAGTAAGACTCTGTCTCAAAAAAAAAAAAAA","AGGCCAAGGCGGGTGGATCACTTGAGCTCAGGAGTTTGAGACCAGCCTGGGCAACATGGCGAAACTCCATCTCTACAAAAATTACAAAAATTAGCTGGGCATTGGTGGTGCACACCTGTGGTGCCAGCCACTCAGGAGGCTGAGGTGGGAGGACCTCTTAAGCCTGGGAGGCAGTGGTTGCAGTGAGCTGAGGTCATGACACTACTCCATTCCATCCTGGGCAACAGAGTGAGGCCCTGTCTCAAAAAAAAAAGAAAA"
"GL873520","61204249","61204420","chr6","117522072","117522244","43","56317823","GAGAAAAACTGACTGGGCATTGTGGAAGGTGTCTGTAGTCCCAGCTACTCGGGAGGCTGAACCAAGAGGACTGCTCAAGCTCAAGAGTTTGGAGTTGCTGTGAGCTATAATGATGCTACAGCACCCTGCCCAGGGTAACAGAGTAAGACTTTAGCTCAAAAAAAAAAAAAAA","TAAAAAAATTAGCCAGATGTGGTGGCATGTGCCTGTAGTTCCAGCTACTCGGGAGGCTGAGGCAGGAGGATTGCTTGAGCTCAGGAGTTCGAGGCTGCAGTGAGCTATAATTGTGCCACTGCACTCTAGCCTGGGTGACACAGTGAGACCTTGTCTTTAAAAAAAAAAAAAAA"
"GL873520","61204698","61204831","chr12","96301849","96301984","29","35097151","GGCCAAGCGTGGTGGCTCCTGTCTATAATCCTAGCACGCTGGAGGGCCAAGGCAGATGGATTCCTTGAGCTCAGGAGTTAAAGATCAGCCTGAGTAAGAATGAGACCTCCATCTCTACTAAAAAGAGAAAAACT","GGCCAAGCATGGTGGCTCCTGCCTATAATCCCAGCACTTTGGGATGCCAAAGCAGGCAGATTACTTGAGCTCAGGAGTTCAAGACCAGCCTGGGCAACATGGTGAGACCCCATCTCTATTTTAAAAAATAAAAAAA"
"GL873520","61310865","61311035","chr14","88541197","88541366","41","27230332","GCTGGGCATTGTGGAGGGCACCTGTAGTCCCAGCTACTTGGGAGGCTGAGACAAGAGGCTCACTTGAGCCCTGGAGCTGAAGGTTTCTGTGAGCTGTGACACCATGGCACTCTACCAAGGGCAACATAGTAAAACTCTGTCTCAAAAAAAAATAGAAGTAGAAAAAGAAAA","GCTGGGCATGGTGGCTTATGCCTATAATCCCAGTACTTTGGGAGGCTGAGGCAGGAGGATAACTTGAGCCCTGGAGTCAAGGTTGCAGTGAGCTGTGATGGCACCACTGCACTGCAGCCTGGGTGACAGAGCAAGAACCTGTCTCAAAAAAAAAAAAAAAAAAAAAAAAA"
"GL873520","61311320","61311450","chr7","72684162","72684298","31","11372842","CCAGGCGCGGTGGCTCACACCTATAATCCTAGCACTCTGGGAGGCCGAGACAGGTAGATTGTTGGAGGTCAGGAGTTTGAAACCAACCTGAGCCAGAGTGAGCCCCCATCTTTAAAAAAACTAGCTGGAGC","GCCAGGCATGGTGGCTCACACCTGTAATCCCAGCACTTTGGGAGGCTGAAGCAGGAAGACTGCTTGAGGCCAGGAGTTTGAGACCACCCTGCACCACATAGCGAGACCGCATCTCTACTAAGAAATTAGCTGGGCAT"
"GL873520","61632558","61632764","chr12","61622891","61623093","58","9667","GGCCAGGTGCAGTGGCTCACACCTGTAATTCTAGCACTCTGGGAAGCCAAGACAGGAGAATCCTTTGAGTTTGGGAGTTCAAGACCAGTCTGAGCAAGAGCAAGACCCCATCTCTATTAAAAGTAGAAAATATTAGCCACATGTCCTGGCTACTGAGAGCTACTCAGGAGCCTGAAGCAGGAGGATCATTTGCCTGGGCAGCAGAGG","GGCTGGGCATAGTGGCTCACACCTATAATCCCAGCATTTTGGGAGGCCGAGGTGGGAGAATCACTTGAGCCCAGGAGTTCGAGACCAGTCTGGGCAACATGGCAAGACCCTGTCTCTACAAAAATTAAAAAATTAGCCAAGTGTGGTGGCTGTGGTCCCAGCTACTCAGGAGGCTGTGGTGGGAGGATCTCCTGGGCCTGGGA"
"GL873520","62111475","62111518","chr11","2140149","2140197","13","59971326","CCTGTAATCTAAGTACTTTGGGAAGCCAAGTGGAAGGATCTTTC","CTTGTAATTCCAGCACTTTGGGAGGCCAAGGTGGGAGGATCACTTGAGC"
"GL873520","62111756","62112003","chr3","130809410","130809642","65","68697654","CTGGTGGAAGGATCTTTCTAATTGAGGCCAGAAGTTTGAGACCAGCCTAAGCAACATGGCAAGACCCTATAACCATGTAAAATAGAAAAATTAGCTGGGTGTGGTGGTGCACACCTGTAGTACCAGATACTCGAGAGGCTGAGGCAGGAGGTTTGCTGGAGCCCAGGAGTTTGAGGTTACAGTGAGCTATAATGACACCACCACACCTTAACTCAGGCAAAAGAGCAAGACCCTTTCTCAAAAGAAAA","CCGGAGAGGGTAGATTTCTTGAGCCCAGGAGTTCAAGACCATCCTAGGCAACATGGCTACAAAAAATAGAAAAATTAGCTGGGCATGGTGGTGTGCACCTGTGGTCCCAGGTACTCAGGAGGCTGAGGTGGGAGGATTGCTTGAGCCTGGGAGGTTGAGGCTGCAGTGAGCCATGATTGCACCACTGCACTCCAGCCTGGGCAACAGAGCAAGACCCTGTCTCAAAAAAGAAA"
"GL873520","62249107","62249260","chr10","17058131","17058282","38","45190976","ACAATTAGACAGGTGTAGTGGCACAAGCCTATAGTCCCGCTACTCGGAAGGCTGAGGCAGGAGGATCACTCGAGCCCAAGAGTTGGAGGTCACTGTGAGCTATGACACCATGACATTCTCCCCAGGGTAACAGAATGAGATTCTGTCTCAAAAA","AAAAATTAGGCATGGTGGCATGTGCTTGTGCCAGCTACTCAGGAGGCTGAGGCAGGAGGATCACTTGAGCTCAAGAGGTGGAGGCTACAGTGAGCCATGATTGCACCACTGCACTCCAGCCTGGGCAACAGAGTGAGACCCTGTCTCAAAAA"
"GL873520","62249287","62249403","chr22","16925544","16925667","25","45323743","GGCTGGGCGTGGTGGCTCACATTGTAAATTCTAGCACTCTGAGAGGCCGAGGTGGGTGGATTGCTTGAGGCTAGGAGTTAGAGACCTGAGCAAGAGTGAGACTCTGTCTCTGCTAAA","GACTGGGCATGGTGGCTCACACCTGGAATCCCAGCACTTTGGGAGGCCAAGGTGGGTGGTTTGCTTGAGCCCAGGAGTTCGAGAGCAGCCTGGGCAATATTGTGAGACTCTGTCTCTACAAAAT"
"GL873520","62409859","62410146","chr6","37880818","37881108","74","24529041","GACTAGGTGCAGTGGCTCACACCTATAATCCTAGCACTGTGGAAGGCCAAGGCAGGTGGATTAGTTAAGCTCAGGAGTTTGAGACCAGCCTGAGCAAGAGTGAAACTCCATCTCTGCTACAAATAGAAAAACCAGCTAGGCAGAGTGACATGCTCCTGCAATTCCAGGTACTTGGAAGACTGAGGTAAGAGGATCATTCAAGCCCAGAATGAGAGGATGCTGTGAGCTATGATGCCACAGCACCCAGTGAGGCTATCTCAAAAAAAAAAAAAAAAAAAAAGAAAGAAA","GGCCAGGCGCAGTGGCTCACACCTGTAATCCTGGCACTTTGGGAGGCTGAGGCGGGTGGATTGCTCGAGCTCAGGAGTTCAAGATCAGCCTGGGCAACATGGTGAAATCCCATCTCTACAAAAAATACAAAAAATTAGCTGGGTGTGGTGGCACATGCCTGTGGTCCCAGCTACTTGGGAGGCTGAGGTAAGAGGATTACCTGAGCCCAGAAGGCCAAGGCTACAGTGAGCCGTGATCATGCCACTGCACGCCAGCCTTTTTCAAAAAAAAAAAAAAAAAAAAAAGACAAA"
"GL873520","63481106","63481324","chr10","7622016","7622239","66","55859090","GAAAACAGTCTGAGATGAGCCTGAGTAAGAACAAGACCCCGTCTCTACTAAAAATAGAAAAACTAGCTAGTGTGTTGGTGGATCCCTGTCATCCCAGGTACTTGGGAGGTTGAGGCAGGACCACTGGAGCCCAAGAGTTTGAGGTTGCTGTGAGCTATCACACTACAGCACTCTACTGAGGGTAACAAAATGAGACACTGTCTCATGAGAAAAAAGAAA","CAGGAGTTTGAGATCAGCCTGAGCAACATGGCAAAATCCCATCTCTACTAAAAATACAAAAATAAGCTGGGTGTGGTGGTGTGCTCCTGCAGACCCAGATACTCGGGAGGCTGAGATGGAAGGATCTCTTGAGCCTGGAAGTTTGAGGCTGTAGTGAGCTGTGATCATACCACTGTACTCCAGCCAGGGTGACACAGCAAGACCCTGTCTCAAAACAAAAAAAA"
"GL873520","63481596","63481682","chr3","39920305","39920389","13","23561291","GGCCAGGCACAGTGGCTCACACCTATAATCCTAGCACTCTGGGAGGCTGAGGCAGGCAGATTGCTTGAGCTCAAGAGTCTGAGACGA","GGCTGGGCACAGTGGTTCATGCCTATAATCCTAGCACTTTGGGAGGCTGAGGCAGACAGATTGCTTGAGACCAGGAGTTTGAGAC"
"GL873520","63984607","63984688","chr22","40046115","40046198","21","23938492","GGCTCATGTCTGTAATCCTAGTAGTTTGGGAGGTTGAGATAGGAGGATAGTGTAAGGCCAGGATTTTAAGAACAGTCTGAGT","GTGGCTCATGCCTGTCATCCCATCACTTTAGGAGGCTGAGGTGGGAGGATCACTTGAGACCAGGAGTTTAAGACCAGCCTGAGA"
"GL873520","63984964","63985013","chr12","123527171","123527211","18","59542207","AAAGAAGAGACTGAGCAACACAGTGAGATTATATAGCAAAATAATAATAA","AATTAAAAAATTTAAAAAGTGAATGAGATAAAAAAAAAAAA"
"GL873520","63985042","63985199","chr10","96290088","96290255","47","32305046","AAAAGAAAAAAATTAGCGAGGCATAGTAGCACATGGCTATAGCTCCAGCTACTTGAGAGAGTGAGGCAGGAGTTTGTTTGAGCCTGGGAAGTCGAGGTTGCAGTGAGCCATAATGGTGCCACTGCACTGTAAAACAGCAAGAGACCACCCCTCAAAAA","CAAAAAATACAACAATTAGCTAGGCATGGTGGCACATGCCTGTAGTCCCAACTATTTGAGAGGCTGAGGTGGGAAGATTGCTTTAGCCCCCGAAGTTGAGGCTCCAGTGAGCCAAGATTGTGCCACTGCACTTGAATCTGGGTGACAGAGCAAGACCCTGTCTCAAAA"
"GL873520","64280098","64280238","chr14","74041742","74041876","35","9761644","TAATCCTAGCATTTTGAGAGGCCAAGGAAGGAGGATCATTGGGCCCAGAAGATTGAGGCTGCAGTGAGCTGGGATTGCAGCATCATGGCATGTCTCCAGCCTGGGCAACAGTCTGAGATCCTGTCTTTAAAAAAAAAAAAA","GTCCCAGCTACTTGGAAGGCTGAGGCAGGAGGATCACTTGAGCCTGGGAGGCTGAGGCTGCAGTGAGTTGAGATCACACCACTGCACTCCAGCCTGGGCAACAGAGTGAGACCCTGTCTAAAAAAAAAAAAAAAA"
"GL873520","64390458","64390731","chr9","129896598","129896884","83","65506140","GCTAGGCCTGGTGGCTTGTGTCTGTAATCTTAGCACTCTAGAAAGATAAGGCAGGTAGGTAGATTTCCTGAACCCAGGAGTTCAAGACCTGCCCGAGCAAGAGGGAGACCTCACCTCTATTAAAAATAGAAAAACTAGCAGATCTGGCAGGTGCCTTTAGCCCCAGCTATGTGGTAGGTTGAGGTAAGAGGGTCACCTGATCCCAAGAGTTTGAGGTTTCTGGAGCTATGATGCCATAGTACTCTAGACAGGGCAATAGAGCAAGACTGTCCCA","GCCAGGTGTGGTGGCTCATGCCTGTAATCCCAGCACTTTGGGAGGCTGAGGCGGGAGGACTGCTTGAACTCAGGAGTTCAAGACCAGCCTGGGCAAGATGGTGAGACCTCATTTCTACTAAAAAAAGGAAAAAAAAATAGCCAGGTGTAGTGGTGCATGCCTGTACTCCCAGCTACTGGGTAGGCTGAGATGGGAGGATTGCTTGAGCCCCAGAGATTGAGGCTGCAGTGAGCCATGTTTGTGCCACTGCACTCCAGCCTGGACAACAGAGCAAGACCCTGTCTCAA"
"GL873520","64390763","64390781","chr8","126405290","126405308","3","62014527","GAGACAAAAAACAAAAAAA","AAGCCAAAAAACACAAAAA"
"GL873520","64761525","64761688","chr10","19288424","19288579","45","45473101","TACTAAAATAAGCCGGGTGTTGTGGCAAGCTCCTGTAAATCCCAGCTGCTTGAGAAGCTGTGGCAAGAGAACTGCTTGAGCCCAAGAGTTTGAGGTTGCTGTGAGATGTGACGCTATGGCACTCCACCAAGCAAGGGCAACAAAGTGACACTCTGTCTCAAAAA","TTAGCCAGGTGTGGTGGTGTGCACCTGTGGTCCCAGCTTCTTGAGAGGCTAAGGCAAGAGGACTGCTTGAGCCTGAGAGTTCGAGGCTGCAGTGAGCCATGTTCACACCACTGGACTCCAGCCTGGGCAACAAAGTGAGACCCTGTCTCAAAAAAA"
"GL873520","64761718","64761830","chr21","23033355","23033468","26","41728363","GGATGGGCACGGTGACTCATGCCTGTAATCCTAGCACTCTGGGAGGCCGAGGCAGGCGGATTGCTTGGATTCACTGACAAGATCAGCCTGAGCAAGAGCACAGACCCCTTCTT","GGCCAGGCATAGTGGCTCATGCCTGTAATCCCAGCACTTTGGAAGGCCGAGGCAGGAGGATTGCTTGGAGCCCAGGAGTTCGAGACCAGCCTGAGCAGCATAGACCCCTATCTC"
"GL873520","65203840","65204008","chr6","16993982","16994146","52","48209858","AAAAATCACAATAAACCTGGGCATTGTGGGACACACTTGTGGTCCCAGCTACTTGGAAAGCTGAGGCAAGAGGATCCCTTGAGCCCAGTCCACCATTCAGGTCCAGAGGAAGAGGCACTGCCCTCCAGCCTGGGACTCTAGTGAGACCTCCTCTCTTAATAAAAAAGAA","AAAATAAAAAGTTAGCTGGCCATGGTGGCACACACCTGTGGTCCCAGCGACTCAGGAGGCTGAGGCACAAAGATTGCTGGAGCCTAGGAGGTTGAGGCTGCAGTGAACCACTGCACTCCAGCCTGGGTGACAGAGAGACCCTGTCTCTTAGAAAAGAAAAGAAAA"
"GL873520","65233615","65233893","chr12","113638468","113638747","72","48404853","GACTGGGCAAGGTGCCTCACCCTGGTAGCCTAGCACTCTGGGATGCCAGGATGTGTGGATTGTTTGAGCTCAGGAATTGCAGACCACCCTAAGTAGGAGTGAGATCCCATCTCTACTAAAACAGAAAAACTATCCAGGTGTCATGGCAGGCACTGATAGTCCCAGCTACTGGGGAGCCTGAGACAAGAGGATTGCTTGAGCCCAGGAGTTTGAGGTTGCTGTGAGGTATAATAACACCACAGCCCTCTAGCCTGGGCAACAGAGTGAGACTATGTCTCA","GGCCGGGTGCGGTGGCTGATGCCTGTAATCTCAGCACTCTGGGAGGCCAAGGTGGGAGGCTTGTTTGAGCCCAGGAATTCCAGCCCAGCCTGTGTAACACAGAGAGACCCCATCTCTACAAAAAATAATAAGATTAGCTGGGGGTAGTGGCATGTGTCTATAGTTCCAGCTACTCGGGAAGCTGAGGCAGGAGGATCACTTGAGCCCAGGAGGTTGAGGTTGCAGTGAGCTATGATCACTCCACTGCACTCCAGCCTGGGCAACAGAGCAAGACCCTGTC"
"GL873520","65233919","65233934","chr4","2195053","2195068","3","63038866","CCAAAACGAAAGAAAA","ACAAAACAAAACAAAA"
"GL873520","65359603","65359765","chr10","35735599","35735752","41","29624004","GTGGCTCATGCCTGTAATCCAGCACTCTGGGAGGTCAAGGCTAGATGATCACTTGATTGAGTCCAGGACGTCCAGGCTGCAGAGAGCTGTGACTCTGCCACTGTACTCCAGCCTGGGTGTAGCATGAGACCTTGTATCTAAAAACAAGCACCAAACAAAAAAA","GTGGCTCAAACCTGTAATCCCAGCACTTTGGGAGGCCAAGGCCAGAGGATCACTTGATCCCAGGAGGCTGACGCTGCAGTGAGCCGTGATCATGCCACCACACTCCAGCCTGAGCAACACAGTGAGACGTTGTCTCTAAAAAAGAAAAAGAAAA"
"GL873520","65811521","65811636","chrX","5419188","5419305","32","60392333","GTAGCAGTTACTTAGGTGGCTGAGGCAGGAGGATCACTTGAACCTAGGAGTTCACGGTTGTTGTGAGCTATTATGATGCCAGTGCACTCTCCCCCAGAGGGATAGAGTGAGACTCT","GTCCCAGCTACTCTGGGAGGCTGAAGTGGGAGGATCACTTGAGCCTGGGAAGTTGAGGCTGCAGTGAGGTATGATTGTGCCAGTGCACTCCAGCCTGGCTGAGAGAGTGAGTCTCCGT"
"GL873520","65812040","65812202","chrX","9218405","9218573","37","56593635","GACCAGGCACGGTAGCTCACTCCTGTAATCCTGGCACTCTGGGAGACTGAGGCAGGTGGATTGCTTGAGCTCGGGAGTTGGAGATCAGCCTGAGCAAGAGCAAGACCCCATCTCTACTAAAAATAGAAAAACTAGCTGGGCTTTGTGCAGTCACCTGTAGTTA","GGCCAGGCGCAGTGCCTCACACCTGTAATCCCAGCACTTTGGGAGGCCGAGGCGGGTGGATCACTTGAGCTCAGGAGTTTGAGACCAGCCTGAGCAACATGGCAAAACCTCACCTCTACAAAAAAAATACAAAAATTAACCAGGCATGGTGGCAGGCACCTGTAGTCTC"
"GL873520","65944653","65944944","chr7","133126957","133127257","74","67182304","GGCCAGGCACAGTGGCTGACACCTATAACCCTAGCATTCTAGGATGCCAAAGCAGGTGGACTGCTTGAGCTCAGGAGTTTGAGACCAGACTGAGCAAGAGTGATTCCAGAACTCTACAAGAAGTAGAAAAATTAGCTAGGCATGGTGGCTCATGCCTATAGTCCCAGCTACACTGTAGGAGGCTAAGGCAGGATAGCTTGAGCCCTGCCTGTGGCTTGCTGTGAGCTGTGACACCAGGGCACTCTACCCAAGATGACAGAGGGACACTCAGTCTCAAAAAAAGAAAAAAAAA","GACCAGGCACAGTGGCTCACACCTGTAATCCCAGCACTTTGGGAGGCCAAGGCAGGTGGAATGCTTGAGTCCAGAAGTTCCAGACCAGCCTGGGCAACATGGTGAAACCCTGTCTCTACAAAAAATACAAAAATTAGCTGGGCATGGTGGCACATGCGTGTAGTCCCAGCTACTCAGGAGGCTGAGGCAGGAGGATTGCTTGTGGCCAGAAGGTTGAGGCTGCAGTGAGCCAAGATTGCACCACTGCACTCCAGCCTGGGTGACAGAGTGAGACCCTGTCTCAAAAAATAAAAAATAAAAA"
"GL873520","66312570","66312862","chr6","39411163","39411467","78","26901407","GGGCCGGTGGCTCTGCCTGTAATCCCAGCACTTGAGAGGCCAAGGTGGGTGGATTGCTTGAGCTCACAGGTTTGAGACCAGCCTGAGTCAGAGAGACACTTTATCTCTAAAAATAGATGGGTGTTGTGATGAGTGCCTGTAGTCCCAGCTACTTGAGAGACTGAGGCAAGAGAATCATTTAAGCCCAGGAATTTGAGGCTGTTGTGAGCTATGATGCCATGGCACTCTACTAAGGGTGACAAAGTGGTACTCTCTCTCAAAATAAATAAATAAATAAATAAATAAGAAGAAAA","CTGGGCGCGGTGGCTCACAGCTGTAATCCCGCATTTTGGGAGGCCAAGGTGGGCAGATTGCTTGAGCTCAGGAGTTTGAGACCAGCTATAGTCAACGTGGAGAAACCCCGTTTCTACAGAAATTAGCCAGGTGTAGTGGTGAGTGCCTGTAGTCCCAGCTACTTGGGAGGCTGAGGTGGGAGGATGACTTGAACCTGGAAGGTTGAGTTTGCACTGAGCCAAGATGGCAACACTGCACTCCAGCTGGGGCGACAGAGTGAGACCCTGTCTCAAAATAAATAAATAAGTAAATAAAAATAAATAAA"
"GL873520","66697774","66697947","chr12","66258613","66258792","41","439161","AAAAATAGAAAAACTAGCTGGGCATCATGGCAGATGCCCATAGTCCCAGGTAGTCTGGAGGCTCAGGCAGGAGGATCACTTGAGCCCAGGAGATTGAAGTTGCTGTGAGGTGTGATGCCATAGCACTCTATCCTAGGGCAACAAAGCGAGACTCTGTCTCAAAAAAAAAAAAAA","AAAAAACAAAAATTAGCCAGGCATGGTGGTACATGCCTGTAGCCCCAGCTATTCTGGTGGCTGAGGCAGGAGGATTGCTTGAGCCCAGGAGGTTGAAGCTGCTGTGAGCCGTGATTGGACCACTGCACTCCAGCCTGGGGGACAGAGTGAAACTGTGTCTCAAAAAAAAAAAAAAAAAAA"
"GL873520","66905740","66906006","chr1","109854612","109854879","75","42948872","CTGGTTGCAGGGGCTCATGTGACATGTAATCCTACCACTCTGGGAGGCCAAGGCGGGAGGATCACATAAGCTCAGGTATTTGAGACCAGCCTATAAGAGTGAGACTCTGTCTCTATTAAAACTAGAAAAGTTAGCTAGACATTGTGGTGGGCACTTGTAGTCCCAGCTACTCAGAAGGCTGAGGCAAGAGGATCCCCTGAGCCTGAGAGTTTGAGGTTGCTGTGCTGCCCAGGGCACAGAGGTAGCCTCTGTCTCAAAAAGAATAAA","GACTGGGTGCAGTGGCTGACACCTGTAATCCCAGCACTTTGGGAGGCCAAGGTGGGCAGATCACTTGAGCTCAGGGGTTTGAGACCAGCCTGGGCAACATGGTGAAACCCCATCTCTACTAAAAATACAAAAATTAGCTGGGCATGATGGTGTGCCCCTGTGGTCCCAGCTACTTGGGAGGCTAAGGTAGGAGGACCATTTGAACCCAGGAGGTTGAGGTTGCAGTGAGCCATGATGGCACCAGAGTAAGACCCTGTCTCACAAAAAA"
"GL873520","67860832","67861100","chr1","76509011","76509296","71","8648179","GGGCATGGTGGCTTATCCTATACTCAATCCTAGCACTCTGGGAGGCCAGGCAGGAGGATCTCTTGAGCTTGGGAGTTTGAGATTAGACTAAGCAAGAGTGAAATCCTGTCTCTACTAAAAAAGAAAAATTAGCCAAGTGTTGTAGTGGGCACCTGTAGTCCCAGCTACTCAAGAGGCTGAGGCAGGAGGATTGCTTGAGCCCCGAAGTTTGAGGTTGCTATGAGCTGGGCACTCTATTCTGGGCAACAGAATGAGATTCTGTCTCAAAA","CCAGGTGTGGTGGCTTACACCTATAATCCCAGCACTTTGGGAGGCCAAGGCAGGAGATCACTTGAGCTTAGGAGTTTGAGACCAGCCTTGGCAACACAGTGAGACCCTGTCTCTACAAAAAATACAAAAATCAGCCATGTGGGATGGTGCCCACCTGTAGTCCCAGCTACTCAGGAGGCTGAGGTGGGAGGATGGCTTGAGCCAGGGAGATAGAAGTTGCAGTGAGCCAAGATTGTGCCACTGCTTTTCAGCCTGGGCAACAAAGTCAGACTCTGTCTCAAAAAAA"
"GL873520","69062088","69062263","chr7","70866847","70867027","48","1804759","TTAAAAAAAAAAAAAATAGAAAGACTGGCTAGACGTTCTGGCTGGTGTCTGTAGTCCCAGCTACTAGGGAGGCTAAGGCAAAAGAATCACTTAAGCCCAAGAGTTTGAGGTTGCTGTGAGCTATGATGGCACAGCACTTTACCAAGGGTGACAAAGTGAGACTCTGTCTCTAAAAA","CTTATTTAAAAAAAAAAAAATAGCTGGGCATGGCCATGGTGGCACATGCCTGTAGTCCCAGCTACTCGGGAGACTGAGGCAAGAGGATCCCTTGAGCCCAGAAATTGGAGGAGGCAGTGAGCTATGATTGTGCCACTGCACTCCATCCTGGGTGACAAAGCAAGACTCCATCTCAAAAAAA"
"GL873520","69062538","69062668","chr13","30541906","30542038","27","38520632","GGCTGGGTGTGGTGGGTCACACCTATAATCCTAGCACTCTGAGAGGCTGAGGTGGGTGGATTGCCTGAGCTCAGAGTTTGAGACCAGCCTAAGCAAGAATGAGACACATCTCTATTAAAAATAGAAAGACT","GGCTGGGTGCGGTGACTCACACCTATAATCCCAACACTTTGGTAGGCTGAGGTGGGTGGATTGATTGAGCCCAGAAGTTTGAGACCAGCCTGGGCAAAATGGTGCAACCCCATCTCTACAAAAAATACAAAAA"
"GL873520","69122097","69122374","chr2B","205101704","205101992","75","135979607","GGGTGGGAGCAGTGACTCATGCCTGTAACCTTAACACTCTGGGAGGTCAAGATGGGTAGATCACCTGAGTTCAGGAGTTCGAAACCAGTTTGAGCAAGAGCAAGACCCCATCTCTACTATAAATAGAAAAACTATCCGGTGTTGTAGTGGGTGCCTGTAGGCCCAACTACTTGGGAAGCTGAGGCAAAAGGATCACATGAGTCCAGGAGTTTGAGGTTGCTGTGAGCTATAATGCCAGGACACTCTACCCAGGACGTCAGAGTGAGAGAGTCTCAAAA","GGCTGGGCACAGTCACTCATGCCTGTAATCCCAGCACTTTGGGAGGCTGAGGTGGGTGGATCCCTTGAGTCCAGGAGTTCGAGAGCAGCCTGGGCAACAGGGCGAAACCCTGTCTCTACTAAAAGTACTAAAATTAGCCAGGTGTGGTTGCATGTGCCTGTAGTCCCAGCTACTAGGGAAGCTGAAGTGGGAGGATCACTTGAGCCCAGGAGGTGGAGGCTGCAGTGAGCTGTGATCATGCCACTGGCACTCCAGCCTGGATGACAGAGTAAGACCCTATCTCAAAAAA"
"GL873520","69132087","69132220","chr5","89100215","89100340","36","19968128","GCTGGACACGGTAGCTCATGATTGTAATCCTAATACTTTGGGAGGCTGAGGCAGGTGGATTGATTGCCTGAGCTCACAGGTTCAAGATCAGCCTGAACCAGAGAGAGACCCCCTCGTCTAAAAATAACTGATTG","GGTTGGGAGCCGTGGCTCATGACTGTAATCCCATAACTTTGGGAGACAGAGGCAGGAAGATTGCCTGAGCTCACAAGTTCAAGACCAGCCAGAACAATGCGGTGAAACCCCATCTCTACAAAAAAT"
"GL873520","69132506","69132665","chr1","54558782","54558941","40","14573724","AAAAAAAAAGCTAGGTATCGTGGCTGGCACCTGTAGTCCCAGCTACTTGGGAGGCTGAGGCAAAAGAATCACCTGAGCCCAGGAGTTAGAGGTTGCTGTGAGCTATGACGCCATGGCACTCTATCAAAGGTGATAGAGTTAGACTCTGTTTCAAAAAAAA","AGAATTGACTGGGTATGGTGGCACATGCCTACAGTCCCAGCTACCTGGGAGGCTGAGGCAAGAGGATCGTGTGTGCCCAGGAGTTCGAGGCTGCAGTGAGCTATGATCACGCCATTGCACTCAGCCTGGATGATAGAGTAAGACCCTGTCCCTAAAAAAA"
"GL873520","69353400","69353535","chr4","62502184","62502318","29","6851216","GGCTGGGCATAGTGGTTCATGCCTGTAGTTCTATCTCTCTGGGAGGCTGAGGCGGGTGGATTGCTTGAGCTCGGGAGTTCAAGACCAATCTGAGCAAGAGTGAGACCCCATTTCTATTTTAAAAAAGTAGAAAAGT","GGCTGGGCATGGTGGCTCATGCCTGTAATTCTAGCACTTTGGGAGGCTGAGACGGGTGGATTGCTTGAGCCCAGGAGTTCAAAACCAGCCTGGGCAACAATGTGAAACCCTGTCTCCACAAAAAATACAAACATT"
"GL873520","69353815","69353988","chr10","56775428","56775612","44","12578387","CTAGCTAGGCATTGTGGGCACCTGTAGTCTTAGCTACTTGGGAGACTGAGGCAAGAGGATTGCTTCAGTCTAAGAGTTTGAGGTTGTTGTCAGCTGACACCACAGTGCTCTAGCCCAGGCAATAGAATGAGACTCTGTCTCAGAAATAAATAAATAAATAAATAATAAAATAAA","TTAGCCAGTTGTGGTGGTGCACAGCTGTAGTCCTAACTACTTGGGAGACTGAAGCAGGAGGATTGCTTGAGCCCAAGAGTTTGAGACTGCAGCAAGCTATGATTGTGCCACTGCGCTCCAGCCTGGGCAACAGAGGAAGACTCTGTCTCTATAAATAAATAAATAAATAAATAAATAAATAAATA"
"GL873520","69844761","69844932","chr10","90868422","90868591","50","21023661","TACACAAATTAGCTGAGCACAGTGGCTCCTGCTAATAGTCTTAGCTACTCAGGAGGCTGAGACAGGAGGATTGCTTGAGGCCAAGAGTTTGAGGCTGTCGTGTACAATGATCACATTAATGAATAGCCACTGCCCTCCAGCCTGGACAATGTAGCAAGGGGTTATCTCCAAA","AAAATGTAAAATTTGGCCAAGCAAAGGTGGCATACATGCCTGTAGTCCCAGCTATTCAGGAGGCTGAGGCAGGAGGACTGCTTGAGCCCAGGAGTTTGAGGCTGTAGTGGGCTGCGATCATACCAGTGAATAGCTACTGCACTCCAGCCTGGACAACATAGCAGAAACCC"
"GL873520","70264235","70264511","chr1","28750736","28751025","63","41513499","GGTGTGGTGGCTCACGCCTATAATCCTAGCTCTCTAGGAGGCTGAAGCAGATGGATTGCTTGAGCTCAGGCATTGGAGACCAGCCTGAGCAAGAGCAAGACCCTGTCTCTAAAAAAACTAGCTGGGTGTTGTGGCAGGCACCTGTAGTCCTAGCTACTTGGGAGGCTGAGGTAGGAGAATCACTTGAGCCCAGGAGTCTGAGATTGCCGTGAGCTGTGATGCCACAGCTCTCTACCGAGGGCAACAAAATGAGACTCTGTCTCAAAGAAGAGAAAAA","GGTGTGGTGGCTCACGCCTATAATCCCAGCACTTTGGGAGGCTGAGCCAGGTGGATTGCTTGAGCACAGGAGTTTGAGACCAGCCTGCACAATATGGCAAAACCCTGTCTCTACAAAAACTACATATATTAGCCAGGTGTGGTGGTATGTGCCTGTAGTCCCAGCTACTTGGGAGACTGAGGCAGGAGGATCAATTGAGCCCAGGTGGTTGAGGCTGCAGTGAGCTGTGACTGCATCACTGCACTCTAGCCTGGACGACAGAGCAAGACCCTGTCTCCAAAAAAAAAAAA"
"GL873520","70264772","70264787","chr1","172062035","172062048","2","101797263","AATAAAATAAATAAAA","AAAAAATAAAAAAA"
"GL873520","70431995","70432168","chr7","119029682","119029843","46","48597687","GGGGCATGGTGGCGCGTGCCTATAGTGTTAGCTACTCAGGAGGCTGAGGCAGGAGGATCACTTGAACCAGAAATTCAAGGTTACAGTGAGCTGTGACACACCACTCCAACCACTCCAGCCTGGAGGATAGGAGGATAGAGCAAGACACCATCTCTAAGTAGAGAAAAGAAAAAA","TAGCTAGGCATGGTGGTGTGTGTCTGTAGCCCTAGCTACTCAGTAGGCTAAGGCAGGAGGATCACTTGAGCCCAAGTTCAAGGTTACAGTGAGCTATGATTGTGCCACTGCACTCCAGCCCACGTGATAGAGCAAGACTCTATCTCTTAAAGAAAAAAAAAA"
"GL873520","70432195","70432319","chr7","55380099","55380223","24","15052096","GGTCAGGTTACAGTGGCTCATGCCTGTAACTCCAGTGCTTTGGGAGGCCAAGGTGGAAGGATCACTTGAGCCCAGAAGTTTGGGACCATCCTGAGCAACATAACCAGATCCTAACTCTAATAAGA","GGTCAGGCACAGTGGCTCATGCCTGTAATCCCAGCACGTTGGGAGGCCAAGGCAGGAGGATCACTTGAGCCCAGGAGTTTGCGACCAGCTTGGGCAACATGGTGAGACCCTATCTCTACAAAGAA"
"GL873520","70561444","70561605","chr17","5354151","5354316","34","65207293","AATTAGCCAGGCATGGTGGCTCAGGCTTGTAGTCCTAGCTATTCAGGAGGCTGAGGCAAGAGAATCACTTGAGCCTAGAAGTTTGAGGTTGCTGTGAGCTATGACGCCATGGCACCCTACCCAGGGTGACTGAGTGAGACTGTCTCAAAAAAAAAAAAAAAA","TTAGCCAGGCATGGTGGTACATGCTTGTAGTCCCAGCTACTTGGGAGGCTGAGGTGGGAGAATCCCTTGAGCCCAGGAGTTTGAGGTTGCAGTGAGCTATGATTGTGCCACTCTGCATGCCAAGTCTGGGTGACAGTGAAACTGTCTCAAAAGAAAAAAAAGAAAA"
"GL873520","70561626","70561754","chr5","38564696","38564817","26","31996930","GGCTGGGTGCAGTGGCTGATGCCTGAAATCCTAGCATTCTGGCAAGCTGAGGTGGCAGGTGGATTGCTTGAGCTCAGGAGTTTGAGACCAGCCTGACCAAGAGCAAGACCCTGTCTCTACTAAAAATAA","GGCTGGGTGCAGTGGCTCATGCCTATAATCCTAACATTTTGGGAAGCTGAGGTGGGTGGATCGCTTGAGCCCAGAAGTTTGAGACCAGCTTGGGCAACATAGTGAGACCCTGTCTCTATAAA"
"GL873520","70984973","70985269","chr19","61169515","61169813","69","9815458","GCACAGAGGCTCATACCTATAATCCTAGCACTCTGAGAGGCCGAGGTTGGTGGATCACCTAAGCTCAGGAGTTTGAGACCAGCATGAGCAAGAATGAGACCCTATCTCTACTAAAAATAGAAAAACTAGCCAGATGTTGTGGTGGGTGCCTGTAGTCCCAGATACTTAGGAGGCTGAGGCAGGAGGATGGCTTCAGCCCAAGAGACTGAGGTTGCTATGAGCTGTGAAGCCATGGCACTCTACTGAGGGCAACAAAGTGAGACTGTGTCTCAAACAAATAAAATAAAATAAAAATAA","GGGCACAGTGGCTCTTTCCTGTAATCCCAGCACTTTGAGAGGCTGAGGTGGGAGGATCACTTGAGTCCAGCAGTTTGAGACCAGCCTGGGCAATACAGTGAGACCCTGTCTCTACAAAAAATATAAAAATTAGCTGGGTGTGTTGGTGCCTGCCTGTGGTCCCAGCTGCTCAGGAGGCTGAGCCAGGAGGATGGCTTGAGCCCAGGAGGTCGGGGCTGCAATGAGCCGAGAGGTCATGCCACCGCTCCAGCCTGGGCGACAGAGAGAGACCCTGTCTTAAAAAAAAAAAAAGAAAAAAA"
"GL873520","71031217","71031408","chr4","57296207","57296386","48","13735010","AAAAAAGATAGAAAAATAAAGTGAGCATAGTGGTGTGTCATAAGTAGTCCCAGCTACTTGGCAGGCTGAGGCAGGAGCATTGCTTGAGTCCAGGAGTTTTAGGTTGCAGTGAGCTGTGATGACATGATGCCACTGTGCTCTATCCTAGGCAACAGAGCAAAACCCTGTGTCAAACAACAACAACAATAAAAA","AAAAAAGAAAAATTAGCCAGGCATGGTGGCATGTGCCTGCAGTCCCAGCTACTCAGGAGACTGAGGTGGGAGGATTGCTTGAGCCAGGGAGATTGGGGCTGCAGTGAGCTGTGATATCATGCCACTGTACTCCAGCCTAGGCCGCAGAGTGAGACCCTGTCTCAAAACAAAAACAAAAAA"
"GL873520","71031681","71031796","chr19","18214436","18214546","24","52817245","CTGTAATCCTAGCACTTTGGTAGGTTGAGGTGGGAGGATTGTTTGAAGCTAGGAATTCAAGACCAGTCTTGGCAACATAGTGAGACCCTGTCTCTGCAAAAAATTAGAAAAATAAT","TGCAATCCCAGCACTTTGGGAGGTTGAGGCAGGAGGATCACTTGAGCCCAGGATTCGAGATCAGCCTGTGCAACATGGTGAGACCCTGTCTCTACAAAAAGTAGAAAAATT"
"GL873520","71086533","71086689","chr8","38296068","38296228","42","32790465","CTAGCTGGGTGTTATGGTGGGCACCTGTAGTCCCAGCTACTCCGAAGGCGGAGGCAAGCAGATCACTTAAGTCCAAGAGTTTGAGATTGCTGTAAGCTATGATGATGCCCTGGATTTCTACTCAGCATGACAGAGTGACACTGTCTCAAAAATAAAA","TTTAGCTTGGTGTGGTGGTGGACACCTGCAATCTCAGCTACTCAGGAGGCTGAGGCAGGAGGATCACTTGAGTCCAGGAGTTTGAGGCTGCAGTAAGCAATGATTGTACCATTGCATTCCAGCCTGGGTGACAGAGTGAGACCCCATCTAAAAAAAAAAAA"
"GL873520","71086953","71087087","chr22","28422281","28422416","25","42664672","GGCATGGGGTGGTGGCTCACACCTGTAATCCTAGCACTCTGGGAAGCCTAGAGGGGTGGATTGCTTGAGCTCCGGAGTTCAAGACCAACCTTGAGCAAGAATGAGACCCCATCTCTACTAAAAATAGAAAAAGTA","GGCAGGGCGTGGTGCCTCACACCTGTAATCCCAGCACTTTGGGAGGCTGAGGTGGGAGGATCGCTTGAGTCCAGGAGTTCAAGACCAGCCTGGGCAACATGGTGAAACCCCATCTCTACTAAAAATAAAAAAATTT"
"GL873520","71331890","71332125","chr20","30673841","30674091","64","40658049","GCCTGTAATCCTATCACTTTGGGAGGCTGAAGTGAGTGGATTACTTGAGCTCAGGAGTTTGAGACCAGCCTAAGCAAGAGCATGACTCTGTCTCTACTAATTAGAAAAATCAGCCAGGCATGGTGGCAGGCACCTGTAGTCCCAGCTACTTGGGAGGCTGAGGCAAGAGGATTGCTTGAGCCGAAAAGGTTGCTGGGAGCTACGATGCCAGAGCAACAGACTAAGACTCTGTCTCA","CACGCGTGTAATCCTGGCACTTTGGGAGGCCGAGGCAAGCGGATTGCTTGAGCTCAAGAGTTCGAGACCAGCCTGGGCAACATGGCAAAATCCTGTTTCTACGAAAAAAATACAAAAATTAGCCGGGCATGGTGGCACACACCTGTAGTCCCAGCTGCTTGGGAGGCTGAGGCAAGAGGATTGCTTGAGCCCGGGAGGTAGAGGCTGCAGTGAGCTGAGATCACGCCACTGCACTCCAGCCTGGGCGACAG"
"GL873520","71345766","71346024","chr1","36477448","36477714","67","34868318","CCAAGTGCAGCAGCTCCCACCTAAAATCCTAGCACTCGGGGAGGCCAAGGAGGGTGGATCACTTGAGAGCAGAAGTTCAAAACCAGCCTGAGCAAAGGGTGATCCCATCTCTACTAAAAATAGAAAAATGGGTTGGTCACAGTGGCAGGTGCCTGTAGTCCCAGCTATTTAGGAGGATAAGGCAGGAGGATCACTTGAGCCCAGGAGTTTGAGGTTGCTCTGAGCTAAGCTGATGCCACTCTAGTCTGGGCAACACAGC","CCAGGTGCAGTAGCTCACCCCTGAAATCCTAGCACTCTGAGAGGCCAAGGCGGGTGGATCACTTGAGCCCAGGAGTTTGAGACCAGCCTGGGCAACATAGTAAGACCTCATCTCTACAACAAATACAAAAATTAACTGGGCATGGTGGTTTGTGCCTATAGTCTCAGCTACTCAGGAGGCCGAAGCAGGAGGATCATCTGAGCCTGGGAGGTCAAGGTTGCAGTGAGCCGTGATCAAGCCACTGCACTCCAGCCTTGGCCACAGAGC"
"GL873520","71346046","71346069","chr9","124703980","124704002","4","53357934","TTGTTAAAAAAAAATAAAAAAGAA","GTCTTAAAAAAAAAAAAAAAAAA"
"GL873520","71514260","71514298","chr19","16922261","16922295","7","54591999","CAGAGTGAGACTCTTGTCTCAAAAAAATAAAATAATAAA","AAGTGAGACTCTGTCTCTAAAAAAAGAAAAAAAAA"
"GL873520","71514393","71514660","chr22","25275994","25276259","77","46238399","GGCCAAGTGCCATGGCCCATACCTATATAATCCAGCACTCTTGAGAGGTCAAGGCAAGAGAATACCTTGAGCTAGACTTCCAGACCAGCCTGAGCAAGAACAAGACTCTGTCTCTGCTGAAAATAGAAAAACTAGCCAGGCATGGTGGTGGGTGCCTCTAGTTCAGCTACTCAGGAAGCTGAGGCAAAAGAATCACTTGAACAAGAGTTTGAGGTGTGATCTAGGCTGATGCCATGGAACTGTAGCCTAGGGCAACAGAGTGAGACTA","GGCCAGGTGCAATGGCTCATGCCTGTAATCCCAACACTTTGGGAAGCCAAGGCAGGCCAATCACTTGAGCTCAGGAATTCGAGACCAGCCTGAGCAACGTGGCAAAATCCTGTCTCTACAAAAAATAGCCAGGCATGGTGGTGGGTGCCTGTAATCTCAACTACTCGGAGGCTGAGGTGGGAGGATCGCTTGAGCCTGGGAGGCGGAGGTTGCAGTGAGCCATGATTGCGCCACTGAACTTCAGCTGGGGCGACAGAGTGAGACTC"
"GL873520","71587735","71587853","chr1","93453408","93453531","26","21865673","GTTGGGCACAGTGGCTCACATCTATAATCCCATCTACTTGAGAAGACTGATGCAGGTTTACCTGAGCCTAGGAGTTTGAGAACAGCTTGGGCAACATAATAAAAGCCCATCTCAAAAAA","GGCCGGGCACAGTGGCTGACACCTATAATCCCAGCACTTTGAGAGGCTGAGGTGGGAGGATCCATTGAGCCTAGGAGTTTGAGACCAGCCTGGGCAACATAGTAAAACCCCATCTCTGCAAAAA"
"GL873520","71662488","71662658","chr5","74746592","74746764","42","3084104","TTAACCAGGCATAGTGGAGGGAACCTGTAGTCCCAGCTATTCTGGAGGCTGATGCAGGAGGATCATTCGAGCCCAGGAGTTGGGGGGTGCTGGAAGCTATGATGATGTCACTGCACTCTACCCAGGGAGACACAGCAAGACTCTCTGCAAAAAGAAGAAGAGACGAGAAAA","TAACCAGGCATGGTGGTGTGTACCTGTAGTCCCAGTGACTGGGGAGGCTGAGGCAGGAGGATCACTTCAGCCCAGGACTTTGAGGCTACAGCGAGCTACGATTGTGCCACTGCATTCCAGGCTGGGTGACAGAGCAAGACGGTGTTTGAAATAAAGAAAAAGAAAAGAAAAAA"
"GL873520","71662950","71662998","chr1","40803029","40803077","13","30859921","AGTCTGAGCAAGAGTGAGACCCTGTATTTACTAAAAATAGAAAAATTAG","AGCCTGAGCAATATAGTGAGAACTTCTCTCTACAAAAATTAAAAAATTA"
"GL873520","71712370","71712500","chr3","132031399","132031533","29","60319029","CCAGGCATGGTGGCTCATACCTATAATCCTAGCACTCTGGATCTCCAAGGTAGGTGGATTGCTTGAGCTCACAAGTTCGAAACCAGCCTGAGCCAGAGCGAGACCCTGTCTCTATTAAAAATAGAAAAACT","GGCCAGGCATGGTGGTTCATGCCTATAATCTCAGCACTTCAGGAGGCCAAGGCAGGTGGATCACTTGAGCCCAGGAGTTCGAGACCAGCCTGAGCAACACGGCAAAACCCCGTCTCTACAAAAAATACAAAAATT"
"GL873520","71712775","71712792","chr1","131951482","131951496","4","60238707","TAAAAATATAAAAACTAT","AAAAAATAAAAATAA"
"GL873520","71713073","71713252","chr5","39633857","39634030","47","32079216","AGATAATAGAAAAACTAGCTGGGCATTATGGCGGGCACCTATAGTCCCAGCTACTCAGGAGGCTAAGGCAGGAGGATCACTTGAGCCCAAGAGTTTGAAATTGCTAGGAGCTATGATGCTATGGGACTCTACCCAGGGCGAAACAGTAAAATTATGTCTCAAAAAACAAAAATTAAAAAA","AAAAAATACAAAAATTAGGTGGGTGTGGTGGCAGGCACCTGTAGTTCCAGCTACTTGGGAGGCTGAGGCAGGAGGATCACTTGAGCCTGGGAGGTCAAGGCTGCAGTGAGGTGGAGCATTGTAATCTAGCCTGTGTGACAGAGTAAGAGCCTGTCTCAAAAAACAAAAATAAAA"
"GL873520","71715674","71715793","chr1","134480867","134480991","30","62765193","GGCTGATACCTGTAATCCTAACACTCTGGGAAGCAAAGGCAGGATTCCTTAAGGTTAGGAGTTCAAGAACAGCCTGAGCAAGAGTAAGCCCCGTCTCTACTGAAAATAGAAAAATTAAGT","GTGGCTCATGCCTGTAATCCCAGCACTTTGGGAGGCCAAGGAGTGAGGATTGCTTAAGTCCAGGAGTTCAAGAACAGCCTGGGAAACATAGTAAGATCCTGTCTCTACAAAAAATAAAAAATTGT"
"GL873520","71716045","71716235","chr19","13448557","13448737","51","58267488","CAAAAAAAAAGAAAGAAAGAAAAAGAAAAATTAGCTGGGCATTGTGGCAGGCATCAACAATCCCAGCTACTTGGGAGACTGAGGCAGGAGGATCTTTTGAGTCCAGGAATTTGAGATTGCTGTAAGCTAGGCTGATGCCACAGCACTCTAGCCTAGGCATCAGAGAGAGACTCTATCTCAAAAAGACAAAA","AAAAAAAAAAAAAAAGGTTTTATTAGCCAGGCATTGTGGTACACACCTATAGTCCCAGCTACTCAGGAGGCTGAGGCAGGAGGATTGCTTGAGCCCAGGAGGTTGAGGCTGCAGTGAGCTATTTTCACACCACTGCACCCCAGCCCAGGCAACAGAGTGAGACTGTTTCTAAAAATAAAAA"
"GL873520","71721242","71721360","chr1","32371726","32371849","31","39349516","GGATCAAGCCTGTAATCTCAGCATTCTGGGAGACTGAGGCAGGGGATCTCCTGAGCCCATGAGTTTGAGACCAGCTCTGAGCTAAAGGGAGACCCTGTCCCTAAAAAAACAGCTGCTGG","GTGACTTATGCCTGTAATCTCAGCACTTTGGCAGGCTGAGGAGGGTGAATCCCTTGAGCCCAAGAGTTTGAGACCAGCCTGGGCAACATAGGGAGACCCTGTCTCTGTACAAAATACAAAAATT"
"GL873520","71721650","71721811","chr4","75562087","75562252","42","3840437","CAGCTGGGCGACAACGCAGGCACCTATAGTCCTAGCTACTCAGGAGGCTGAGACAAGAGAATTGCTTCAGCCCAAGAGTTTGAGGTTGCTGTGAGCTATGACGCCATCCCAGCACTCTACAGGAGGTGACAAAATGAGACTCTCTCAAAAAAAAAAAAGAAA","TTAGCTGGGTGTGGTGGCATGCACCTGTAGTCCCAGCTACTTAGGAGGCTGAGGCAAGAGGATCACTTTAGCCCAGGAGGTGGAGGTTGCAGTGAGCTGAAATCATACCACTGCACTCCAGCCAGGGTGACAGAGTGAGACCTTGTCTCAAAAATAAATAAATAAA"
"GL873520","71738069","71738113","chr19","42973848","42973891","12","28764221","CCAGAGCAACAAAGTTAAACTCTATGTCAAAAAAATAAAAAATAT","AGCCTGGGCAACAGAGTGAAACTCCATCTCAAAAAAAAAAAAGA"
"GL873520","71738384","71738456","chrUn_GL394842","4208","4284","23","71734176","TAAAATAAAATATAGTCAGGTATAACAGGGCATGTCTGTAATCCTAGCTACTTGAGAGGTTGAGGCTGGAGGA","TACAGATAGAGAAAAATAGCCAGCCACGATGGCTCATGCTTGTAATCCCAGCACTTGGGAGGTTGAGGCAGGCGGAT"
"GL873520","71738738","71738846","chr3","185862422","185862530","31","114123684","TGGGGCTGGAAGATTGATTGAACCCAGGAGGGTGAGGCTGCAGTGAGCTATGACTACACCACTGTACTCTATTCTGGGCAAGATCCTATTCTCTATAAATAAATAAAAA","CGAGGTGGGAAGATTGCTTGAGCCCAGGAGGTTGAGGTTCCAGTGAGCTATGATTACACAACTGCACTCCAGCCTGGTGGCAGAGTGAGACCCCGACTCAAGAAAAAAA"
"GL873520","71765107","71765191","chr19","13677223","13677304","25","58087884","TGGCTCAAATCTGTAATCCTAGCTTTCTGTGAGGCATAGGCAGGAGAGAGGATCCTTTGAGCTCAGTTCAAAACCAACCTGGGCA","TGGTTCACGTCTGTAATCCTAGCACTTTGGGAGGCCAAGGCAGGCAGATTGCTTGAGCTCAGGAGTTAGAGACCAGCCTGGG"
"GL873520","71765470","71765741","chr2A","43992291","43992526","94","27773179","CCAAAAAACAAAAAACAAAGACCAGCCTGGATATGAGCAAAACCCTACTCTACTAAAAATGAAAAATTTGTAGTGGACACTTGTAGTCCTAGCTACTTGGGAGGCTGAGGAAAGAGGATCGCTTCAGCCTAGGATTTGAGGTTGCTGCAACTTAGGCTGACACTATGGCACATTGCACGGCACATCCCCCATGGCACTCCAGCCTGGGAAACAAAGTGAGATTCTGTCCCACAAACAAACAAACAAACAAAAAAAAAAAAAAGAAAGAAAGA","CCAGGCTAGACAATATAACAAGACCCCATCTCTACAAAAATAATTTTAAAAATTAGCTGGATGTGGTGGCATGCACCTGTAGTCCCAGATATTTGGGAGGCTGAGGTGGGAGGATCGCTTGAGCCCAGGAGGTTGAGGCTACAGTGAGCCATGATCATGCCACTGCACTTCAGCCTGAGCAACAGAGAAAGACCCTGTCTCAAAACAAAACAAAACAAAAAAGAAAGAAAAGAAAA"
"GL873520","71859434","71859575","chr15","20896405","20896549","32","50963029","CCAGGCACGGTGGCTCACAGTGTAATCTTAGCATTCTGGGAGACCAATACGGGAGGATCCCTTGAGCTCAGAAGTTTGAGACCAGCCTGAGCAAGACCAAGACCCCCATCTTTACTAAAAATAGAAAAATTAGCCAGGCGGG","GCCAGGTGCAGTGGCTCACGCCTATAATCCCAGCACTTTGGGAAGCCAAGACGGGAAGATTGCTTGAGCCCAGGAGTTTGAGACCAGCCTGAGTGACATAGCAAGACCCCCATCTCTACTAAAAATTTAAAAATTAGCCAAGCAT"
"GL873520","71859848","71860010","chr6","108647140","108647303","33","36787292","TTAGCCAGGCATTGTGGCTGGCACCTATAGTTCTAGCTACTTGGGAGGCTGAGGCAGGAGGATTGCTTGAACCCAGGAGTTTAAGGTAGCTTTGAGCTATATTCACGCTACAGCACTCTACCCAGGGCAACAAAGGGAGACTCTGTCTCAAAATAAAAAAAAA","ATTAGCCAGGTGTGGTGGCATGCACCTGTAGTCCTAGCTACTTGGGAGGCTGAGGCAGGAGGATTGCTTGAGCCCAGCACTTCGAGGTTATGGTGAGCTATGATCGCGCCACCACACTCCAGCATGGGCAACAGAGCAAGACTCTGTCTCAAAAAAAGAAAAAA"
"GL873520","71889809","71889896","chr4","102587702","102587786","18","30697893","GACCATGCATGGTGACTCATCACCTGTAATCCTAGCACTGTGGGAGGCAAAGGCAGAAGGACCACTTGACCTCAGGAGTTCGAGACTA","CCAGGCATGGTGGCTCATGCCTGTAATCTCAGCACTTTGGGAGGCCGAGGTAGGAGGATCACTTGAGCCCAGGAGTTCAAGACCA"
"GL873520","71906463","71906554","chr1","100475713","100475809","24","28569250","AGGCTAAGCTGGGAGGACTGATTGAGGCTAGGGGTTTGAGACCAGTTTGGACAACACAGCAAGACCTTGTCTCTATAAAAAATAGAAATTTA","GCCAAGGTAGGAGGATTGCTTGAGCTCAGGAGTTTGAGACCAGCCTGGGCAACACAGAAAGACCTTGTCTCTCTTAAAAATAAAAATAAAAAATATA"
"GL873520","71906841","71906992","chr12","112046931","112047085","37","40140090","ATTAATTAGCCAGACATGGTGGCATGCACTGTAGTCCCAGATGCATGGGACTGAAGCAGGAGGATCACTTAAGCCTAGGCATTCATTCAAAGTTGCAGTGAGCTACAATGGTGCCACTGCACTCTAGCCTGGCAGCAGAGTAAGACCCTATC","TAATAATTAGCTGGTCATGGTGACACGCACCTATAGTCCCAGCTACTAGGGAGGCTGAAGCAGAAGGACCGCTTGAGCCCAGGAGATCAAGGTTGCTGTGAGCTACGAATGCGCCACTGCACTCTAGCCTGGGCAACAGACCAAGACCCTGTCTC"
"GL873520","71931007","71931245","chr1","31981787","31981992","76","39949220","AGCCTGGACAACATAATGAGACACATACACACCCCCCACAATCTCTTCAGAAAATTTTTTAAAAGATTAGCCAGGCATAGGGGTGGCTGACCTAGGTGGTAGTGCTAGCTACTCACAAGGCTGAGGCAGGGGGATCACTTAAGCCCAGAAGTTTCAGGCTGAAGTGAGCCTCTACCCTGAACTACACAGGCCACTACATTCTCACCTGGGCAACAGAGTGAGACCCTGTTTTAAGAAAA","CAGCCTGGGCAACATGGCAAAACCCTCTCTCTACAAAAAAATATAAAAAATTATCCAGGCATAGGGGTGCATGCCTGTAGTCCCAGCTACCTGGGAGGCTGAGGCAGGAGGAACATTTGAGCCTGGGATTCAGAGGTTGCAGTGAGCCGAGAACACGCTATTACACTCCAGCCTGGGCGACAGAGAGAGACCCTGTCTCAAAAAAA"
"GL873520","71932480","71932573","chr8","83164751","83164843","25","11232271","GTAGCTTACTCCTCGAATCCTAGCACTGTGGGAGGCCCAAGCACTAGCATCCTTTGAGCTCAGGAGTTTGAGACCAGCCTGAGCAAGAAGGTGA","GGTGGCTCATGCCTGTAATCCAAGCACTTAGGGAGGCAGAAGCAGGAGGATCACTTGAGCCCAGCAGTTTGAGACTAGCCTGGGCAAGATAGT"
"GL873520","71942126","71942402","chr1","45387048","45387332","80","26555078","TGCCTCACGCCTGTAATCCTAGCATTCTGTGAGGCCAAGTCAAGTGGATTGCTTGAGCTCACAAGTTCCAGACCAGCTTGAGTGAGAGCAAGACCCTGTCTCTAAAAAATAGCCAGGCGTTGTGGCAGGCACCTGTAGTCCTAGCTACTTGGGAGGCTTAGGCAGAAGGATCGCTTGAGCCCAAGTATTTGAGGTTTCTGTGAGCTATCACACCATGGTACTCTTCCAAATATGACAGAGAGAAATTCTATCTCAGATAAATAAATAAATAAATAAA","GCATGGTGGCTCACACCTGTAATCCTAGCATTTTGGGAGGCCAAGGTGGGTGGATTACTTGAGTTCAGGAGTTCAAGACCAGCCTGGGCAACATGGCAAAACCCTGTCTCTACAAAATATTAGCCAGGTGTGGTCAGTCGCCTGTAATCCCAGCTACTTGGGGGCTGAGGCAGTAGGATCACTTGATCCCAGGAGATAGAGGCTGCAGTGAGTCAAGATCACACCACTGCACTGCAATCTGGGTGACAAAGTGAGACCCTGTTTCATTAAAAAAAAAAAAAAAAA"
"GL873520","71967300","71967397","chr12","110843818","110843910","27","38876518","GAGAGAGAATTTGAGGTTGCTGTGAGCTATGATGCCACAGTATTCTACTCAGGGCAACAGAGTAAGTGAGACTCTGTCTCAATAAATAAATAAATAAA","CGAGAGGTCGAGGCTGCTGTGAGCCATGATCGCACCACTGCACTCCAGCCTGGGCGACAGAGTTGAGACCCTGTCTCAAAAAAGAAAAAAAAA"
"GL873520","71967680","71967795","chr16","29587398","29587507","36","42380282","AAAAGAAAAGAAAAAAATAGAGAAAATAGCCAGCCGTTGTGGTGGGCACCTGTTATCCCAGCTACTTGAGAGGCTGAGGTAAGAGGATCTCATGAGTCTAAGAATTTGAGGTTGCT","AGAAAGAAGAAAAGAAAATTAGCCAGGTGTGGTTGCATGCACCTGTAGTCCCAGCACTTTGGGAGGCCAAGGCAGGAGGATCAATCAAGGCTAGGAGTTTGAGACTGCAG"
"GL873520","71968030","71968159","chr12","60741612","60741746","25","11226418","GCCAGGCATGGTGGTTCATACCTATAATTCTGGCACTCTGGAATGCTAAGGCAGGTGGATTGTTTGAGCCCAGGAGCTGGAGACCAGCCAGAGCAAGAGCAAGACCCCTCTACCAAAAATAGAAAAACTA","GGCCAGGCATGGTGGTTCATACCTGTAATCCAAGCACTATGGGATGCTGAGGCAGGAGGATCATTTGAACCCAGGAGCTTGAGACCAGCCTGGGCAACATGGCAAGACCCCGTCTCTACAAAAAATACAAAAATT"
"GL873520","71978122","71978223","chr16","14747892","14747988","28","57230230","CCTCTGAGCCCAAGAGCTGAAGGTTGCTGCTAGGGTAACACCATGACAGTCTAGCTTGGGGCAACAGAGTAAAATTCTGTCTCAAAAAAAAAGAAGAAAAAA","CCCAGGAGGTCGAGGCTGCAGTGAGCTGAGATCACACCACTACACTCCAGCCTAGGCAACAGAGTAAGACCCTGTCTCAAAAAAAAAAAAAAAAAAA"
"GL873520","71978477","71978693","chr14","57676777","57676992","58","14301700","GTTGGACGCAGTGGCTCACCCTTTTAGTCCTAGCACTATGGGAAGCCAGATAGGATGATCCCTTGAGCTCAGGAGTTCGAGATTAGCCTGTGCAAGAGCAAGACCCCGTCTCTACTAAAAAATAAAAAAAATTAGCTGGAGGTCATGGTAGGTGCCTGTAATCCAGCTGCTTGGTAGGCTGAGGCAGTAGGATCACTTTAGCCCAAGAGTTTTTCTG","GCCAGGCATGTTGGCTCATACCTGTAAAGCCAGCACTTTGGGAGGCCAAATCAGGAGGATCACTTGAGCCCAGGGGTTCAAGACCAGCCTGAGCAACATAGTCCAACCTCATCTCTACTAAAAATAAAAAATAGTAGCCAGGCGTGGTGGCATGCCTGTAGTCCCACCTACTTGGAAGGCTGAGGCAGGAGGATCACTTGAGCCCAGGAGATCTAG"
"GL873520","71986255","71986513","chr15","72672161","72672426","72","685906","GCCAGGCACAGTAGCTCATGCCTGTAATCCCAGCACTCTGAGAGGCCAAGGCCGGCAGATAGCATGAGCTTACAAGTTTGAGACCAGCTCTGAGCAAGAATGAGACCCTGTCTCTAAAAATAGCCAGGTGTTGTGGTGGGCGTCTATAGTCCCAGCTACTCAGGAGGCTAAGGCAAGAGAATAGTTTGAGCCTAAGAGTTTGAGGGTGCTGTGAGCTATGAGGTCACCGCACTCTATTGGAGGCAGCAAAGCGAGACTC","GACCAGGTGCAGTGGATCCTGCCTGTAATCCCAGCACTTTGGGAGGCTGAGGTGGGCAGATTACTTGAACCCAGAAGTTTGAGACCAGCCTGGGCAACATGGCAAAACCCTGTCTCTACAACAAATTAGCCAGGTGTGGTGGTGCCCACCTGTGGTCCCAGCTACTCGGGAGGCTGAGGTGGGAGGATCACTTGAGCCTAAGAGGTCAAGGCTGCAGTGAGCTGTGATCACACCACTGCATTCCAGCCTGTGCCACAGAGGAAGAC"
"GL873520","71986546","71986558","chr6","96888780","96888792","1","24902234","TAAAAAAATAAAA","GAAAAAAATAAAA"
"GL873520","71995816","71995902","chr6","152887479","152887553","24","80891663","GTAATCCTAGCACTCTGGGAGACTGAGGGAGGAAGATCTCTTGAGCTCAGGCTCAGGAGTTCGAGACCAGCTTGAGCAAGTAGTGAA","GTAGTCCTAGCTACTCGAGGGCTGAGGCAGGAAGATTGCTTGAGCCCTGAAGTTCAAGACCAGCCTGAGCAGCAT"
"GL873520","72046628","72046682","chr10","43406320","43406376","19","28640308","TTGGGAAACTGAGGCAGGAGAATCACTTGAGTTTGAGGTGAAAGTGAGCTGTGAT","TACTGGAAGGCTGAGGTGGGAGGATCACTTGAGCTGCGGAGGTCAAGGCTGTGATGA"
"GL873520","72046958","72047043","chr1","176948461","176948538","19","104901503","GTGAGCTGAGATGATGCCAACTGCACTCTAGCTGGGGTGATAGAGCCAGACCTTATCTCAAAAACAAAAAAAGAAGAAAAGAAAAA","GTGAGCTGAGATCACGCCACTGCATTTCAGCCTGGGTGTCAGAGTGAGACCTTATCTCAAAAAAAAAAAAAAAAAGAA"
"GL873520","72064016","72064255","chr4","161990747","161990980","74","89926731","AAAGCAGGATTTCTTAAGTTCAAGAGTTTGAGAACAGCATGAGCAAGAGCAAGACCCCCATCTCTACTAGAAATAAAAAAAGTTAATCAGGTCTTGTGGCAGGTGCCTTTAGTCCCACCTACTCTCAAAAGGTTGAGGCAGGAGTATCACTTGAACCCAGGAGTTTGAGGTTGCTGTAAGCTAGGTTGCTGTGAGCTGGGCAACAGGAGGAGGCTGTCTCCAAAAAAAAAAAAAAAAAAA","GGATTGCTTGAGCCCAGGAACTCGAGACCAGACTGAGCAACATGGCAAAACCCATCTCTACAAAAAATACAAAAATTAGCTGGCGTGGTGGCACATGCCTCTAGTCCCAACTACTCAAGAGGCTGAGGTGGGAGGATCACTTGAGCCCGGGAGGCGGAGGTTGCAGTGAGCAGAGATCATGCCACTGAATTACTCACTCCAGAGTGAGACTCTGTCAAAAAAAAAAAAAAAAAA"
"GL873520","72064350","72064426","chr11","47919834","47919912","18","24144516","GGCAGGGCATAGTGGCTCATGCCTGTAATTCCAGCACTCTGGGAAGCCAAAGCAGGAGGATTTCTTTCTTTTTTTTT","GGCTGGGCACAGTGGCTCATGCCTGTAATCCCAGCACTTTGGGAGGCCAAGGCAGGAAGATCACTTAAACCCTAGAGTT"
"GL873520","72100882","72100981","chr17","73310455","73310554","19","1209573","GGTGGCTCACACCTGTAAACCCAGTACTCTAGGAGGCTAAGGCTGGTAGATCACTTGAGCTCAGGAGTTCAAGACCAGCCTGAGCAAGAATGAGACCCTA","GGTGGCTCACGCCTATAGCCCAGCACTTTGGGAGGCCAAGGCAGGAGGATCACCTGAGGTCAGGATTTTGAGACCAGCCTGAGCAAGATAGAGACACCTA"
"GL873520","72101237","72101434","chr8","99316510","99316708","53","27215273","TGAATGAGACCCTGTCTCTACTAAAAATAGAAAAACAAGCTGGGCGTCATGGCAGACACCTGTATTCCCAGCTACTCAGGAGGTTGAGGCAAGAGGATCACTTGAGCCCAAAGAGTTTGAAGTTGCTGTGAGTGATGATGATGCGATGGCACTCTACCCAGGGCAACAGAGTAAAACTTTGTTTCAAGAAAAAAAAAA","TGGCAAAACCTCGTCTCTACAAAAAACACAAAAAATTAGCTGGTGGTGGTGGCACGTGCTTGTATTCCCAGCTACTGGGGAGGTTGAGATGAGAGGATCACCTGAGCCCAAGAGGTCAAGGCTGCAGTGAGCTGTGATTATGCCACTGCACTCCAGCCTGGGCAACAGAGTGAGACCCTATATCAAAAAAAAAAAAGAA"
"GL873520","72195648","72195848","chrX","27492711","27492912","47","44702937","GGCCAGGTTCAGTGGCTCATGCCTGTAATTCTAGCACCCTGGGAGACCAAGGCAGGTGGATTGCTTAAGCTCAGGAGTTCGAGATCAACCTGAGGAAGAGCAAGACCTCGTCTCTACTAAAAATAGAAAAACTAGCCAGGTGTTGTGGCAGTTTCCTATAGTCCCAGCTACTTGGGAGACTGAGGCAAGAGAATCACTTGA","CCAGGCGTAGCCACTCACGCCTGTTATCCTAGCACTTTGGGAGGCTGAGACAGGTGGATTGCCTGAGCTCAGGAGTTCGAGACCAGCCTGGGAAACACGGTGAAACCCCTGTCTCTACAAAAATACAAAAAATTAGCCAGGTGTGGTGGTGTGTGTCTGTTGTCCCAGCTACTTGGGAGGCTGAGGCATAAGAATCGCTTGA"
"GL873520","72196102","72196199","chr4","104162392","104162491","27","31966290","GAGGATTACTTAAGCCTGAGAGTTTGAGGTTGCTGTGAGCTATAATGCCATAGTACTCTACCCAGGGCAACAGAATCTTATTCTGTCTCAAAACAAAA","GGAGGATCACTTGAGCCTGAAAGGTTGAGGCTGCAGTAAGCTTCATCACCCACTGCACTCCAGCCTGGGTGACAGAGTGAAACCCTGTCTCAAAACAAAA"
"GL873520","72206479","72206765","chr9","104142695","104142990","72","31936216","GGGTGTGGTGATGGCTCATGCCTATAATCCTCACACTTTGGGAGGCCGATGTGGGAAGATCACTTGAGCTCAGGACTTCAAGACCAGCTTGAGCAAGAATGAAACTCCATATCTGCTAAAACTAGAAAAATTAGCTGGGCATTGTTACATGTGCCTGTAGCATCCTAACCACTTAGGAGGCTGGGGCAAGAGGATGGCTTGAGCCCAGGAGCTGGAAGTTATACTCCAGTTACACTACACTCTAGCTAGGGAGACAGAACAAAACTCTGTCTCAAAAACAAACAAAA","GGCTGGGTGTGGTGGCTCATGCCTGTAATTCCAGCACTTTGAGAGGCTGAGGTGGGCAGATCACTTGAGCTCAGGAGTTCAAGACCAGCCTGGGCAACATGGCAAAACTCCATCTCTACAAAAAATACAAAAATTAGCAGGCATGGTGGTACATGCCTGCAGTCCCAGCTACTCGGGAGGCTGAGGTGGGAGGATTGCTTGAGTCTGGGAGGTGGAGGTTGCAGTGAGCCGAGATCCACTACTGCACTCCAGCCAGGGTGACAGAGCAAGACACTGTCTCAAAAATAAAAATAAAA"
"GL873520","72207778","72207917","chr14","74199793","74199926","35","1992015","TTAGCTGAGTGCTTTGTTGAGCACCTGTAGTCTCAGCTATTTGGGAGGCTGAGGCAAGAGGATAACTTGAGCCCGGGAGTTTGAGGTTGCTATGAGCTAGGCTGAGGCTGACACCATGGCACTCTACCCAGGGCAACAGA","TTAGCCAGGTATGGTGGTGCACACCTGTAGTCCCAGCTACTTGGGAGACTGAGGCAGGAGGATTGCTTGATCCCAGGAGTTGAGGCTGCTAAGAGCTATGATCATGTCACTGCACTCCAGCCTGGGCAACAGAG"
"GL873520","72208172","72208304","chr12","99234635","99234766","24","27026463","GGCCAGGCAGAGTGGCTCATGTCTGTAATCCTAGCACTCTGGGAGGTCAAGCCAGGAGGATCTCTTGAAGCTGGGAGTTCAAGACCAGCATAAGCAAGAAGACCACATCTCTACTAAAAATATAAAAATTAAG","GGCCAGGCATAGTGGCTCATTTCTGTAATTTCAGCATTTTGGGAGGCCAAGACAGGAGGATCACTTGAAGCTAGGAGTTCAAGACCAGCCTGGTCAACATAAGACCCCATTTCTACAAAAATTTAAAAATTA"
"GL873520","72272447","72272600","chr1","151076684","151076838","41","78804237","AAAAAAAAGACCAGGTGTGGTGGAATGCACCTGTGTAGTCCCAGCAACTTGGGAGGCTGACGCAGGTGTACTGCCCAGGAATTTGAGGTTTTAGTGAGCTATGATGACACACTGTACTCTAGCTCAGGCAACAGAGTGAGACCCTGTTTTAAAA","AATAAGCTGAGCATGGTGGTCCATGCCTCTAGTCCTAGCTACTCAGGAGGCTGAAGCAGGAGGACCACTTGAGCCCAGGAGTTTCAGGTTGCAGTGAGCTATGATTGTACCACTGCACTCCAGCCTAGGCAACAGAGTGAGACCCTGTCTCAAAA"
"GL873520","72272820","72272951","chr17","7314531","7314656","27","64958289","GGCCGGGCACAGTGGCTTACAAATGTAACCCTAGCACTTTGAGAAGCTGATATGGGAAGATCACTTGAGGCCAGGAGTTTGAGACCAGCCTGAGCAACTCTGCAAGACCCCATCTTTAAAAAAAAATTGGAT","GGCTGGGCACAGTGGCTCACGTCTGTAATCCTAGCACTTTGGGAGGCTGAGGTGGAAGGATCACTTGAGCCCAGGAGTTTGAGACCACCCTGACCAACACAGTGAAACCCCATCTCTAAAAAAAGT"
"GL873520","72285522","72285642","chr1","84693698","84693811","38","12408176","AAGACCCCATCTTTAAAAATAGCTGAGAGTTGTGGCTGGAGCCTGTAGTTCTAGTTACTTTGGCGGTTGAGGCAAGAGAATTACTTGAGCCCAAGAGTTTGAGGTTACTGTGAGCTATGAT","AATAATAATAAAAGCCTGTTGTGGTGGTGTACACCTGTAGTCCCAGCTACTTGGGAGGTTGAAGCAGGAGGATTGTGGAGTCCAAGAGTTCAAGATTACGGTGAGCTATGATTG"
"GL873520","72285915","72286025","chr8","6607482","6607593","29","65678433","GCTGATCGAGGTGGCTCACGCCTATAATCCTAGCACTCCGGAAGGCTGAGGTAGGTGGGTGGACTGTCCTCACAGGTTGGAGACCAGCCTGAGCAAGACCGAGACCCCATC","GCTGGGCAAAGTGGCTAACACCTGTAATCCCAGCACTTTGGGAGGCTGAGGTAGTTGGAATGCTTAAGCCCAGGAGTTTGAGACCAGCCTGGGCAACATAGGAGACCCCATC"
"GL873520","72316870","72316922","chr1","33202560","33202612","8","39114310","AGAACAGCCTGGGAAACATAGTGAGACCTTATCTCTACAAAAAATTAGAAAAA","ACCAGCCTGGGCAACATAGTGAGACCTCATCTCTACAAAAAATTAAAAAATTA"
"GL873520","72317017","72317185","chr11","19120205","19120379","51","53196812","AATTAGAAAAATTAGCCGGGTACAGAGGTGCTGTGAAATGAACTTTATCAGGGGGTTCAAACTGTGTCCCATAGAACCCAGGAATTGAAGACTGCAGTGAGCTATGATCATGCCACTGCCCTCCAGCCTGAGTGACAGAGTGATACCCTATCTCAAAAAAGGAAAGGAA","GAGTAAAAGAATTAGTTGGGCATGGTGGCATATGCCTGTAGTCCTAGCTACTCAGGAGGTGGAGGCAGGAGGATGGCTTAAGCCCAGGAGGTCAAGGCTGCAGTGAGCTATGATCATGCCACTGCGCTGCAGCCTGAGTGACAGAGTGAGACCCTACCTCAAAACAAAAAAAGAA"
"GL873520","72365043","72365317","chr11","57816849","57817130","71","14548194","GCCTGGCATGGTCGCTCACACCTGTAATTTTAGCACTCTGTGAGGATGAGGAGGATAGATTGCTTGAGCTCAGGAGTTCCAGACCAGCCTGAACAAGAGAGCCACCCCAACTCTAAAAATAGCCAGGCATTGTGGCGAGCACCCATAGTCCCAGCTACTCAAGAGGCTGAGGCCAGAGAATCACTTGAGCCCAGGAGTTTGAGGTTGCTGTTGAGTTGTGATGCCACGGCACTCTAGCAAGGGTGACAAAGTGAGACTTTTATCTTAAAACAACA","GGCCAGGCACAGTGGCTCACACCTGTAATCCTAGCACTTTGGGAGGCCAAGGCAGGTGGATTGCTTGAGCCCAGGAGTTTGAGACCAGCCTGGGCAACATGGCAAAACCTCATCTCTACAAAAATTAGCCAGACATGGTGGTGGGTGCCTGTAGTCCCAGCTACTCAGGAGGCTGAGGTAGGAGGATCATCTGAGCCCAGGAGGTCGAGACTGCAGTGAGCCATGATCATGCCACTGCACTCCAGCCTGAGTGACAGAGTGAGATCCTGTCTCAAACAAAAA"
"GL873520","72365603","72365622","chr8","92800630","92800648","3","20435027","GAAAAACAACAACAACAAAA","AAAGACAACAACAAAAAAA"
"GL873520","72523042","72523246","chr6","13732200","13732409","55","58790842","GGCTGAGAGCAGTGGCTCACACCTGTAATCCCAGCACTCTGGAAGGCCCGAGGCAGGTGGATTGCCTGAGCTCAGTTAGAGACCAACCTGAACAAGAGAGAGACCTGGCCTCTAAAAAAATGAAAAATAGCCAGGTGTTGTGGTGGACGCCTATAATCCTAGCTACTCAGGGGACTGAAGCAAGAGAATTGCTTGAGTCCAGGAG","GGCCGGGCGCGGTGGCTCACACTTGTAATCCCAGCACTTTGGGAGGCTGAGGCGGGCGGATCATGAGTTCAAGAGATTGAGACCATCCTGCTAACACGGTGAAACCCCGTCTCTACTAAAAATACAAAAAAGTAGCTGGGCCTGGTGGCGGGCGCCTGTAGTCCCAGCTACTCAGGAGGCTGAGGCAGGAGAATCACTTGAACGCAGGAG"
"GL873520","72523515","72523623","chrX","6615952","6616053","29","65907563","AGCCCAGGAGTCTTGAGGTTGCTGTGAGCTATGATGATGCCACAGTACTCTACCAGGGTGACAAAGTAAGATTCTGCCTCAAATAAATAAATAAATCAGAAAGAAATAA","AGCCCAGGGAGGTCGAGGTTGCAGTGAGCCATGATCTTGCCATTGCACTTCAGCCCGGGTGACAAAGTAAGACCTTGTCTTAAAATAAATAAATAAATAAAA"
"GL873520","72537231","72537318","chr11","47859603","47859693","21","24677628","GCACAGTAGCTCACACCTGTAATCCTAGTACTCTGGAAGACTAATGCGGGTGTATCGCCTGAGCTCAGGAGTTCAAGACCAGCCTGAG","GGGCACGGTAGCTCACACATGTAATCCTAGCACTTTGGGAGGCCAAGGCGGGCAGATTACCTGAGGTTGGGAGTTCAAGACCAGCCTGGCC"
"GL873520","72537595","72537788","chr19","6241772","6241964","53","66295823","GACCAGCCTGAGCCAGAGCAAGATGCAGTCTCAACTAAAAAAAATTAGAAAACTAGCTGGGCAGCATTGTGGGCACCTGCAGTCCCAGCTACTCAGGGGGCTGAGGCAAGAGGATCCCTTAAACCCAGGAGTTTGAGGTTGCTGTGAGTTATGACACCATGGCACTCTACCCAGGGCGACAGCGGAAGACTCTG","ACCAGCCTGGACAACATAGTGAGACCGCCATCTCTAAAAAATATGAAAATTAGCCGGGGATGGTGGTGCATGTGTAGTCCCAACTACTCAGAAGGCTGAGGCAGGAGGATTGCTTAAGCCAAGGAGGTTGAGGCTGCCATGAGCCATGAACGCACCATTGCACTCCAGCCTTGGGTGACAGAGCAAGACCCTG"
"GL873520","72565866","72566023","chr9","6760251","6760419","46","65805615","TTAGTCAATTATTGTGGTAGACAATTGAAGTCCCAGCTACTTGGGAAGCCAACAAAATCGCTTGAGCCCAAGAGTTGGAGGTTGCTGTGAGCTGTGATGCTAAAGCACTCTAACCATGGTGACAGCCCGAGAATATCTCAAAAAAAAAAAAAAAAAAA","TTAGCCAGGAATGGTGGCACACACCTGTAGTCCCAGTTACTCAGGAGGCTGAGGCACGAAAACCGCTTGAACCTTGGAGGGGGAGGTTGCAGTGAGCTGAGATCAAACCACTGCACTCTAGCCTGGGTGACAGAGTGAGATTCTGTCTCAAAAAAAAAAAAAAAAAAAA"
"GL873520","72566306","72566440","chr14","19228345","19228477","30","53337961","GACTGAGTGTGTTGGCTCACTCCTGTAATCCTAGCACTCTGGGAGGCTGACGGGGAAGGATTATGTAAACTCAGGAGTTTGAGACCAGCCTGAGCAAGAGCGAGACACCTGTCTCTGATAAAAATAGAAAAAAAA","GGCTGGGTGTGGTAGCTTACACCTGTAATCCTAGCACTTTGAGAGGCCGAGGCAGGAGGATCACTTGAGCTCAGGAGTTTGAGACCAGCCTAGGCAACATGGTGAGACCTTGTCTCTACAAAAAAAAAAAAAA"
"GL873520","72588707","72588908","chr6","84591535","84591736","52","12002828","GGCCAGGTGGTGAGTCATACTTGTTTATCCTAGGCACTCTGGGAGGCTGAAGCGAGAGGATCCCTTGAGCTCAGGAGTTTCAGACCAGCCTGAGCAAAAGTGAGATGCTGTCTCTACTAAAAATAGAAAAATGAGCCAGGCATTGTGGCTGACCCCTGTAGTCCCAGCTACTCAGGAGGTTGAGTCAAGAAAATCTCTTGAG","GGCTGGGAGCGGTAGTTCATGCCTGTAATCCCAGCACTTTGGGAGGCTGAGGAGGGTGGATCACTTGAGCTCAGGAGTTTGAGACCAGCCTGAGCAACATGATGAAACCCTGTCTCTACAAAAAATACAAAAATTAGCAGGGCGTGGTGGCATGTGCCTGTAGTCCCAGCTACTTAGGTGGCTGAGGTGGGTCACTTGGGCC"
"GL873520","72589148","72589260","chr16","30992766","30992877","30","41596382","GAAAATCTCTTGAGTCCAAGAATTTGAGGTTGCTTTGAGCTTTGATGCCAGGGCACACTACCCAGGGCAACAGAGTGAGACTATCTAAAAAAAAAAAGAAAGAAAGAAAGAAA","TGAAGGATCTCTTGAGCCCAGGAGTTTGAGGCTGCAGTGAGCTGTGATTGCACCACTGTACTCCAGCCTGGGCAACAGAGTGCTGTCTCAATAAAAAAAAAAAAAAAAAGAA"
"GL873520","72589501","72589748","chr21","19031879","19032139","72","53557622","AGAGAGAGAGAGAAAATCCCTTGAGTTTAGGTGTTTTGAGACCATCCTGAGCAAGAGCAAGACCCCATCTCTACTAAAAATAGAAAAATTAGCTGGGCATTGGGGCACATGCCTGTAGTCCCAGCTATTCATGGGATTGAGGCAAGAGGATCGCTTGATCCCAGTAGTTAGAGGTTTCTTTGAGCTGTGATGATTCCACTGCACTCTAGTCTGGAGCGCTCAAGAAGTAAGAAAGAAAGAAATGAAAA","TGGGAGGCTGAGGCTGGCAGATCACTTGAGTGCAGGAGTTTGAGACCAGTCTGGGCAACATGGTGAAACCCCATCTCCATAAAAAAATACAAAAATTGGCTGGGCATGGTGGCACACACCTGTGGTCCCAGCTATGTGGGAGACTGAGGCAAGAGGATCGCTTGAGCCCAGGAGGTCGAGGCTACAGTGAGCTGTGATTGTACCACTGCACTCCAACCTGGGCCCTGTCTCCAAAAAAAAAAAAAAAAAAAAAAAAAAGAA"
"GL873520","72589838","72589899","chr12","82211329","82211392","14","9621491","GGCACAGTGGTTCACCCTGTAATCTTAACACTCTGGGAGGCTAAGGCAAGAGAATCCCTTGA","GGCTGAGTGGTGCATGCCTGTAATCCCAACACTTTGGGAGGCTGAGGCAGGATAATCACTTAAG"
"GL873520","72601213","72601289","chr8","129850906","129850982","21","57249693","TGGCCAAGCATTGTGGCGGGCACCTATAGTCCCACCTACTTGGGACATTAAGGCAAGAGAATCACTGGAGCCCAAGA","GCCAAGAGCAGTGGCTCGCACCTATAATCCCAACAATTTGGGATGCCAAAGCAAGAGGATCACTTGAGCCCGAAGAG"
"GL873520","72601537","72601665","chrX","47965157","47965279","31","24636380","GACCAGGCACGGTGGTTCGTACCTGTAATCCTAGCACTTTGGGAGGCCACAGGGGTGGATTGTCTGAGCTCACAGTTCAAGACCAGCCTGAGCCAGAGTGAGACCTCATCTCTAAAAATGGCTGAGCAT","GGCCAGGCACGGTGGTTCGCACCTGTAATCCCAACACTTTGGGAGGCCAAAGCGGGAGGATTGTTTGAGGCCAGGAGTTCAAGACCAGCCTGGGCAACATGGTGAAACCCCATGTCTACAAAA"
"GL873520","72672495","72672621","chr16","28131355","28131479","25","44541140","GGCCAGGCATGATGGCTCAAACCTGTAATTCTAGCATTCTGGGAGGCCAAGGCAGGAGGATTACTTGAGTCCAGGAGTTTAAGATTAGATTGGGCAACAGAGAGAAACCCTACCTCTATTTAAAAAA","GGCCAGGCGTGGTGGCTCACACCTGTAATCCCAGCACTTTGGGAGGCTGAGGCAGGAGGATCACTTGAGCCCAGGAGTTTCAGAGCAGCCTGGGCAACATGGTGAGACCCTGTCTCCATTAAAAA"
"GL873520","72698154","72698197","chr11","61598286","61598326","10","11099868","GGGAGGAATCCCTGGAGCTCAGGAGTTCAAGACTAGCTTGAGCT","GGGAGGATCTCTTGAGCCCAGGAGTTCAAGACCAGTCTGGG"
"GL873520","72698470","72698682","chr3","68572234","68572433","69","4126236","CCAGCTTGAGAAAGACAACCCTACCTAACCCCACCTCTGTCTCTACTAAAAATAGAGAAAAAAATTAGTGGGTATTGTGGTTGGCACCTGCTAGTCCCAGCAACTCTGGAGACTGACTGAGGCAAGAGGATCACTTGAACTCAAGAGTGTGAGATTGCTGTGATCTAATCTGACGTCATGGCACCCTATCCTGGGCAGACTGAGACTTTGTCT","CCAGCCTGGGCAACGTGGCAAAACCTCGTCTTTACTAAAAATACAAAAAAATAGCTGGGTATGATGGTGAGCACCTGTGGTCCCAGCTACTCGGGAGGCTGAGGTGGGAGGATCACTTGAGTCAGGAGGTCAAGGCTGCAGTGAGCCGAGATTGCACCACTGCACTCCAGCCTGGAGGACAGAGTAAGACCCTGTCTCAA"
"GL873520","72749150","72749265","chr16","19352384","19352496","35","53396766","TTAATTAATTAAAAAGAAGATTGCTTGAGCCTAAGAGTTTGAGGTTGCTGTGAGCTATGAGCCCATAGCATTCTACCTAGGGCAACAGAGAGAGACTCTGTCTCAAAGAAAAAAAA","TAAGGCAGGAAGATTGCCTGAGCTCAGGAGGTTGAGGCTGCAGTGAGCCATGATCATGCCACTGCACTCCAGCCTGAGCAACAGAGTGAGACCCTGTCTCAAAAATAAATAAA"
"GL873520","72749541","72749737","chr15","41382188","41382391","53","31367353","GGCCCAGTGTGGTGGCTCACTCCTGTAATCCTAGCACTCTGGAAAGCCCAGGTGAGTGGATTGTCTGAGCTTAGAAGACCAGCCTGAACAAGAGTGAGACCCTATCTCTACTAGAAATAGAAAAACTAGCCGGGCATTGTGGCAGGTGCCTATAGTTCCAGCTACTCAGGAGGCTGAGGCAAGAAGATTGCTTGAGA","GGCCGGGTGTGGTGGCTCACACCTGTAATCCCAGGACTTTGGGAGGCCAAGGTAGGAGGATCGCTTGATCTCAGGAGACCAGCCTGGGCAACATGGCAAAATCCTGTCTCTACTAAAAATACAAAAATTAGCTGGGCATGGTGGTGTATGCCTGTGGTCCCAGCTACTTGGGAGGCAGAGGTAGAAGGATCGCTTGAGCCCGGG"
"GL873520","72785691","72785814","chr2A","26341169","26341295","35","46444522","GGCCAGGTGCAGAGACTTGTGCTTGTAGTCTCAGCTATTCGGGAGGTTGAGGCAAGAGGACTACTTAAGTGCCATAGACTAGCCTGAGAAAACATAGTGAAACCTTGCCTCATCTTTTACAAAA","GGCCAGGTGCGATGGCTCATGCCTGTAATCCCAGCACTTTGGGAGGTTGAGGCCAGTGGATCACTTAAGCGCTGAAGTTCAAGACCAGCCTGGGCAACATACTGAAACCCCCATCTTTTAAAAAAAT"
"GL873520","72786129","72786263","chr13","49733690","49733818","37","23052439","GGCTGGATGTGGTGGCTCATGCCTTTAATGCTAGCACTCTGGGAGATGGAGGCGGAGACAGGTCTGTTGTCTGAGCTCACAGGTTCAAGACCAGCCTCCGCAAAAGTGAGACCTGCCTCTAAAAATAGCCAGGCA","GGCTGGGTGTGGTGGCTCATGCCTGTAATTCCAGCACTTTGGGAGGTGGAGGTGGGATGATTGCCTGAGGGCTGGATTTCTAGACCTGCCTGGGCAACATAGTGAGACCCTGTCTATAAAAAAATCCAC"
"GL873520","72786538","72786681","chr20","48810763","48810904","42","23975775","GAAATAAAAATAGCCAGGCACTGTGGCAGACACCTGTAGTCCCAGCTACTCGGGGAGGCTGAGGAAAGAAAATTACTTAAGCCCTAAGAGGCTAAAGTTGCTGTGAGCTATGATGGTCATAGCACTCTTCCAGGGGCAACAAAG","AAAAAAAAAATTATCCAGGCATGGTGGCATGTGCCTGTAGTCCCAGCCACACAGGGGGCTGAGGCAGGAGGATTCCTTTAGCATAGGAATTCAAGGCTGCAGTGAGCTATGATTGCACACTGCACTACAGCCTGGGCAACAG"
"GL873520","72819561","72819869","chr3","139568018","139568337","77","66748457","GGTTGGGAGTGGTGTCTCATTCCTATAATCTCAGCACTTTGGGAGGCCAACGCTGGCAGATTGCCCAAGCTCAGGAGTTCAAGACCAGCCTGAGCTAGAGCGAGATCCTGTCTCTAAAATTAGCTGGGTGTTGTGGCAGGTGTCAGTAGTCCCAGCTATCAGGAGGCTGAGGCAAGAGAATCACTTGAGACCAAGAGTTTAAGGTTGCTGTGAGCTATGACACCACAGCACTCTATCAGGGGTGACAAAGTGAGACTCTGCCTCAAAAATAAATAAATAAATAAACAAAAAATAAAATAAAATAAAGAA","GGCTGGGTGTGGGGTTCACACCTATAATCTCAGCACTTTGGGCAGCTGAGCTGGGAGGACTGCTTAAGGCCAGGAGTTTATGACCAGCCTGGGCAACAGAGTGAGATCCAGTCTCTATAAAAATTAGCCAGGTGTGGTGGTGCCTGCCTGTAGTCCCAGCTACTTAGGAGGCTGAGGTAGGATTATCACTTGAGCCCAAGAGTTTGGGGCTGCAGTGAGCTATGATTGGGTCTCTGCACACTAGCCTGGGCAAAAAAGTGACATTCTGTCTCAAAAAAATAAATAAATAAATAAATAAAAATAAAGAACAACAAGAAAAA"
"GL873520","72830940","72831132","chrX","40886735","40886926","48","31944205","CCTCCATCTCTTCAATAATAGAAAAATTAGCTGGACATGGTTCCATGCATCAATAGTCCCAACTACTCAGGAGGCTGAGGCAAGAGGATTTCTTGAGCCTAGGATGTTAGAGACTTTAATGAGCTATGACAACACCACTATACTCCTGCCCAAGCAACAGAGCAAGACCCTGTTTCAATAAAAAAAAATAAAA","AATTTCATCTCTTAAAAAATACAAAAATTAGCTGGGGGTAGTGGTGCACAGCTGTAGTCCCAACTACTCGGGAGGTTGACGCAGGAGGATCACTTGAGCCTGGGAAGTTGAGGCTATAGTGAGCTGTGATGGCACCACTGTACTCCAGCCTGGGTGACAGAGTGAGACCTTGTCTCAAAAAAAAAAAAAAAA"
"GL873520","72831154","72831250","chr5","13406563","13406658","20","59424591","GGCCTGGGCACAGCAGCTTATGCCTATAATCCTAGAACTTTGGGAGACCAAGGCAGGAGGACTGCTTGAGGCCAGGAGTTGAAGACCATCCTGAACA","GGTTGGACACAGTGGCTCATGCCTATAATTCCAGCATTTTGGGAGGCCAAGGCAAGGGGATCACTTGAAGCCAGGAGTTCAAGACCAGCCTGAGCA"
"GL873520","72846280","72846400","chr22","36757324","36757446","28","36088956","GTAGTCCTAGCACTTTGGAAGGCTGAGATGGTAAGACTGCTTGAGGCTAGGAGTTCAAGACCTGCCTGGGCAATATAGTGAGACCTCACTTCTAAAATATATATATATATAGTAAAAAAAA","GTGATCCTAGCACTTTGGGAGGCCCAGATGGGAGGACTGCTTGAGGCCAGGAGTTCAAGACCAGCCTGGGCAACATAGTGAGACCTCATCTCTATAAAAAGAGTTAAAAAATTATCCAGGCAC"
"GL873520","72846688","72846865","chr11","71620673","71620849","48","1226015","TGGGTGTGATTAAATATTACCTGGGTGTGATAGGGCACTCTTGTAGTCTTATCTACCCAGGTGACTGAAGCAAGAGGATTGCCTGCGCCCAGCAGTTTAAGGATGTAGTGAGCTGTGGTTGAGCCATGGCACTCCAGCCTAGGTGACAGAGCTAGGCCCTCTCTTAAAAAGAAAAAAA","AAACTTTTTATTTTAATTAGCTGGACGTGGTGGTATGCACTTGTAGTCCCACTACTCAGGAGGCTGAGGCAGGAGGATTGCTTGAACCCAGGAGTTCAAGACTGCAGGAGCTATGATTGTGCCATTGCACTCCAGCCTGGCTGACAGAGTAAGACCCTTTCTCTTAAAAAAAAAAAA"
"GL873520","72852126","72852331","chr20","33705901","33706099","55","39146225","TGAGACCCAATCTCTATATAAATAGAAAAATCAGTCAGATGTGGTGGTGCATACCTATAGTCCCAGCTATTGGGGAGACTGAGGCAGGAGGATAGTGTGGGCCTCCTGCCCAAGAGTTTGAGGTTGCCATGAGCTATTATGACACCATTGCACTCTACGCAGGATGGCAGAGTGAGACCCTGTCTCAAAAGGAAAAAAAATGAAAA","TGAGACCCCGTTTCTACATAAAAATGCAAAAATTAGCCAGGTGTGGTTATGCATACCTGTAGTCCCAGCTACTCAGGAGGCTGAGGTGAGAGGATTGCTTGAGCCCTGGAGTTCAAGCCTGCAGTGAGACATGATTGCACCACTGCACTCCAGCCTGGGAGACATAGTGAGACCCTGTCTCAAAAAAAAAAAAAAAAAA"
"GL873520","72852609","72852699","chr9","110520976","110521068","28","37668367","GGCTAGGTATAGTGGCTTGTGCCCATAATCCTGGCATTCTAGCAGACTGAGGCAGGAGGATCAAGAAGAGCCAGAGCAAGAATGAGACCCA","GGCCTGGTGCAGTGGCTCATGCCTGTAATCCGAGCACTTTAGAAGGCTGAGGCAGGAGGATCACTTGAGCCCAGGAGTTCAAGATCAGCCTGG"
"GL873520","72856443","72856538","chr3","49642271","49642364","16","23214172","GGCGGGGTGCAGTGGCTCACACCTCTAATCCCAGCACTCTGGGAGGCCAAGGTGTGTGGATTGCCTGAGCTCACAGGTTCAAGACAAGCCTGAGAT","GACCGGGTGCAGTGGCTCACACCTGTAATCCTAGCACTTTGGGAGACCAAGGTGTGAGGATTGCCTGAGCCCATGAGTTAAAGACCAGCCTGGC"
"GL873520","72856786","72856975","chr8","38561134","38561339","60","34295652","CCAGCCTGAGCCAGAGTGAGACCTCATCTCTAAAAATAGCCAGGCTTTGTGCAGGCACCTGTAGTCCTCATTACTTGGGAGCCTGAGGCAAGAGAATTGCTTGAGCCCAAGAGTTTGAGGTTGTTGTGAGCTATAATGCCATAGCATTCTACCAAGGGTGACAAAATGAAACTCAAAAAAAAAAAAAGAA","CAGCCTGGGTAACGTGGTGAGACCACATCTCTAAAAAAATTAGCTGGGCTTGGCAGCACATACCTGTAGTCCCAGCTACTTGGGAGGCTGAGGCGGGAGCATCGCTTGAACCCAGGAGGTAGAGCCTGCAGTGAGCGAGACTGTATCTCTGCACTTCAGCCTGGGTGACAAAGTGAGACACCATCTTAAAAAAAAAGAAAGAAAGA"
"GL873520","72859692","72859855","chr3","189241423","189241586","42","116381731","AAATATCCAGACAGTGTTGCAGGTGCCTGCAGTCCCAGCTACTGGAGAGGCTGAAGCAAGAGGATCTTCTGAGCCCAAGAGTTTGAGGTTGCTGTGAGCTAGGACACCATGGCACTCTACCAAGAGTGACAACATGAGACACTGTCTCAAAAAAAAAAAACAAA","TTAGCCAGGCATGATGGTGCATGCCTATAGTCACAGCTATTTGGGAAGCTGAAGCAGGAGGATATCTTGAGCCCAGGAGTTTGAGGATTGCAGTGAGCTATGATCACACTACTGCACTCCAGCCTATGTGACAGAGTGAGACCCTGTCTCAAAAAAAAAAAGAA"
"GL873520","72860147","72860283","chr1","33670814","33670944","26","39189333","GGCCAGGCATGGAGTAGCTCATGCCTATAATCCTAACACTTTGGGAGGCTGAGGCAGGTGGATTGCTTGAGCTCAGGAGTTCAAGACCAGCCTGAGCAAGAGCAAGACCCCCTGTCTCTTAAAAAAATAGCCACTTG","GGCCGGGAGTGGTGGCTCACGCCTGTAATCCTAGCACTTTGGGAGGTTGAGGCAGGTGGATTGCTTGAGCTCAGGAGTTCAAGACCAGCCTGGGCAACATGGTGAAACCCTGTCTCTACAAAAAATACAAA"
"GL873520","72875827","72875962","chr1","152310097","152310225","34","79434270","GACTAGGTGCGGTGGCTTGCACCTTTAAATCCAGCATTCTGGGAGGCCGAGGCCATGGATTGCTTGGAGTCAGGAATTCAAGACAAGCCTGAGCAAGAGTGAGACCCTCATATCTCTACTAAAAACAGGAAAACTA","GGCCAGGCATGGTGGCTCACACCTGTAATCCCAGCACTCTGGGAGGCCGAGGCCAGCAGATTGAGTACAGGAGTTTGAGACCAGCCTGGGCAACAGTGAAACCTCGTCTCTACTAAAATACAAAAAATT"
"GL873520","72876242","72876423","chr12","66258613","66258792","47","6617629","TAAAAACAGAAAAACTTGCTGGCTATCATGGTGCATACTTGTAGTCCCAGTTACCTGGGAGGCTGAGGCAAGAGGATTGCTCAAGCCTAAGACTTTGAGGTTGCTGTGAGCTATGATGGTAGGCACTCTAGTCTGGGGCAATAAGAGTGAGACTCTGTCTCAAAAGAAAAAAAAATTAAAAA","AAAAAACAAAAATTAGCCAGGCATGGTGGTACATGCCTGTAGCCCCAGCTATTCTGGTGGCTGAGGCAGGAGGATTGCTTGAGCCCAGGAGGTTGAAGCTGCTGTGAGCCGTGATTGGACCACTGCACTCCAGCCTGGGGGACAGAGTGAAACTGTGTCTCAAAAAAAAAAAAAAAAAAA"
"GL873520","72909896","72909998","chr10","59492409","59492502","34","13417487","AAACAGGAGGATTCTTTGAGCCCAGGAGTTAAAGGCTGGCACTATTTATACTTCAGCCGGGACAAGAGAATGAGACCCTGTTTCTATTTTTAAGAAAGAAAAA","AGGCAGAAGGATCACTTGAGCCCAGGAGGTCGAGGCTGCAGTGAATTGTGATTGTGCCAGGCAACAGATACAGACCCTGTCTCAAAAGAAAAAA"
"GL873520","72910267","72910468","chr9","37771894","37772087","58","35138373","GGCTGGATATAGTGACCCATACTTGTATTCCCAGCAGTTTGGTGGAGAGGCTACAATGGGAAGATTGCTTGGGGCTGGAGTTTGAGACTAGTCTGAGAAACAAAGCAAGACCGTGTCTCTACAGAACATAAATAAAAAATTTGGCTGGGCATGGTGGTGTGCACTTGTAGTCTCGGCTACTAAGGAGGCAGAAACAGGAGGA","GGGCAGGTGTGGTGGCTCATGCCTGTAATCCCAGCACTGTGGGAGGCCGAGGCAGGAGGATCACTTGAGCCCAGGAGTTTGAGACCAGCCTGGGCAATATAGGGAGACACTGTCTCTACAAATAATTTAAAAATTAGCTGGCCATAGTGATGTACGCCTGTGGTCCCAGCTACTCAGGAGGCTGAAGCAGGAGG"
"GL873520","72910901","72910936","chr19","9990646","9990679","11","62920255","CACTTGAGCCCGAAAGTTCAAGGCTAGCCTGGACAA","CTTGAGCCCAGGAATTCGATGCCAGCCTAAGCAA"
"GL873520","72916757","72916848","chr15","37377465","37377541","32","35539292","AAAAAAGTTTGACGATGCTGTGAGTTATGCAGCAGTACTCTACCAAGGGCAACAAACAGACTGTCAAAAAAAAAAAAAAAAAGGGAAAAGAA","AAATAGCTATGATCATATCACTGTACTCCAGCCCAGGTGACAAAGAGACCCTGTCTCAAAAAAAAAAAAAAAAAAAA"
"GL873520","72916937","72917022","chr1","21836229","21836318","20","51080708","GCCAGGCATTGTGGCGGGCGCCTGTAGTCTCAGCTACTTGGGAAGCTGAGGCAAGAAGATCACTTTAACCCAAGAGTTTGAACTTG","GGCCAGGCATGGTGGCACGTGCCTGTAATCCCAGCACTTTGAGAGGCTGAGGCAGGAAGATCACTTGAGCCCAAGAGTTTGAGAACAGCC"
"GL873520","72917555","72917693","chr1","33670814","33670944","38","39246741","GCTGGGAGCAGTGTCTCACTCCTATAATCCTAGTACCCTGGGAGTCTGAGGCAGGTGGATTGCTTGAGCTCAGGAGTTCAAGACCAGCCTGAGCCAGAGCAAGACCCTGTCTCAAAAAAAGGCCGGGGGCGGGGGGGAA","GGCCGGGAGTGGTGGCTCACGCCTGTAATCCTAGCACTTTGGGAGGTTGAGGCAGGTGGATTGCTTGAGCTCAGGAGTTCAAGACCAGCCTGGGCAACATGGTGAAACCCTGTCTCTACAAAAAATACAAA"
"GL873520","72954173","72954287","chr1","149917067","149917179","26","76962894","GCTCGTGCCCATAATCCTAGCAGTCTGGGAGGCAAAGGCAGGTGGATTGCTTGAGCTCAGGAGTTCGACACCAGCCTGAGGCAGAGTGAGACCCTGTCTCTAAAAAAAGAAAACA","ATGCCTGTAATCCCAGCACTCTGGGAGGTCAAGGCAGGAGGATCCCTTGAGCTCAGGAGTTTGAGACCAGCCTAAGCAGGATAGTGAGACCCTCATCTCTACAAAAAAAAAAA"
"GL873520","72954546","72954724","chr1","184532449","184532625","43","111577903","GAACAATTAACTGGGTATCATGGCATACACCTATAGTCCCAGCTACTCAGGAGGCTGAGGCAGGAGGATTGGTTGAAACCAGGAGTTCGAGGTTGCTGTGATTTATTATTACGTTGCTGTGCTCTAACTGGGGCAACAGAGTAAGACTGTCTCCAAAAAAAAAAAAAAAAAGAAAGAAA","AATTAGCTGGGCATGGTGGCATGCACCTATAATCCCAGCTACTCAGGAGGCTGAGGTGGGAGGATCTCCTGAGTCCAGGAGTTCGAGGCTGCAAGTGAGCTATGATCGTGCCAGTGTTCTCCAGCCTGGGCAACAGAGTGAGACCTGGTCTCTAAAAAATAAAAAAATAAAAATAAA"
"GL873520","72959829","72959849","chr19","11811175","11811192","4","61148654","CAAAACTGTAAAAAAATAAAA","CACAATGAAAAAAATAAA"
"GL873520","72959944","72960241","chr17","24444892","24445190","94","48515052","GTGGCCCACACCTGTTAATCCCAGCAATTTCAGAGGCCCAAGTGGGAGGATTGCTTAAGACTGGGAGTTCAAGACTAGCCTGGACAAGATAGCCAGAGTCTGTCTCTGAAATTTTTTTTTTTTTTTTAGTTAGCTGGGTGTGGTGGCATGTGTATGTAGTTTTAACTGTTTGGAAGGCTGGTGGAGGAAGATAACTAAGTGCAGGACTTGCAGGTTGTGGTGAGCTATGATTGTATGTACCACTGTACTCCAGCCAATGCAACAGAGTAAGACCCCTATCTTTAAAAAAAAGGAGCGG","GGCTGGGCACAGTGGCTCATGCCTGTAATCTCAGCACTTTGGGAGGCCAAGACAGGAAGATCGCTTGAACCTAGGAGTTCAAGACCAGCCTGGGCAACATAGTGAGACAGTGTCTCTACAAATTTTTTTTTTTTTTTAATTAGCTGGGTATGGTAGTGCACACCTGTAGTCTCAGCTACTTGGGAGGCTGAGGCGGGAGGATCACCTGAGTGCGGGAGGTCAAGGCTGCAGTGAGCAGTGGTCATGCCACTGCACTCCAGTGTGGGCAACAGAGTGAGACCCTGTCTCAAAAAAAAAAA"
"GL873520","72987852","72988108","chr4","38339349","38339590","66","34648503","GAAATTCCGAGGTGGGACAACCTCTTGAGGCTAGGAGTTTGAGACCTGAGACCTACCTAGGCACCACAGCGAGACCCTATCTCCATAAAATATAAAAAAATCAGCTAGGCATGGTGGTGCACACCTATACTCCTAGCTACTTGGAAGGCTGAAGCAGGAGGATCACTTGAGCCAAGGAATTTGAGGTTGCAGTGAGCTATGATCACACCATAGCAAGCCTAGGCAACAGAATAAGACCCTGTCTCCAAATAAATAAA","GAAGTGAGTGGATGGCTTGAGCTCAGGAGTTTGAGACCAGACTGGGCAACATGGTGAAACCCCATCTCTACAAAAAATACAAAAATTAGCCAGGCGTGGTGGTTCGCACCTATAATGCCAGCTACTTGGGGGGCTGAGGCAGGAGGATAGCTTGAGCCCAGGAAGTGGAGGTTGCAGTGAGCTGAGATCACATCACTGCAGTCCAGCCTGGGTGATAGAGTGAGACCCTGTCTCAAAAAAAA"
"GL873520","72988368","72988403","chr8","123409770","123409807","13","50421402","GCCTATAATCCTAGCACTTTGAAATTCCGAGGTGAG","CTCATGCCTATAATCCTAGCACTTTGGGAGGCAGGCAG"
"GL873520","73061340","73061536","chr20","4833312","4833507","57","68228028","GGCTGGGCACAATGCCTGACCCATATAATCCTAGCACTCTGGGAGGCCAAGGCGGGGAGGGACAGGATTGCCTGAGCTCACAAGTTCAAGACCAGCCTGAGTCAGAGCAAGACCTCGTCTCTAAAATATAGCCAGGTGTTGTGGCCGGCACCTGTAGTCCCAGCTACTTGGGAGGTTGAGGCAAGAGAATCTCTTAA","GGCTGGGCCCAGTGGCTCACATTTGTAATCCCAGTACTTTGGGAGGACAAGGCAGGCGTATCACTTGAGCCCAGAAGTTCGAGACCAGCCTGGGTAACACAGCAAAACCCCGTCTCTACAAAAAATTAGCCAGGTGTGGTGGTGCATGCTTGTAGTCCCAGCTACCAGGCAAGCTGAAGAGGAAGCATCACCCTCA"
"GL873520","73061812","73061921","chr2B","206563725","206563834","29","133501913","GGAGAATCTCTTAAGCCCAAGAGTTTGAAGTTGCTGTAAGCTGTGATGCCACAACACTCTACCAAAGGAAACAAAGTGAGACTCTGGCTCAGAAAAACAAACAAACAAAA","GGAGTGTCACTTGAGCCTGGGAGTTTGAGGTTGCAGTGAGCTGTGATTGCATCATGCACTCCATCCTGGGCAAAAGAGTGAGACCCTGTCTCAAAAAAAAAAAAAAAAAA"
"GL873520","73083143","73083268","chr7","99782297","99782421","34","26699154","CAGTGGCTCACATCTGTAATCCCAGCACACTGGGAGGCTGAGGAGGGCGGATTGCCTGAGCTCACAGGTTTGAGTCCAGCCTGAGCAAGAGCAAGACCCCTGACTCTAAAAATAGCCAGGTGTGAA","GGTGGCTCACGACTGTAATTCCAGCACTTTAGGAGGCTGAGGCGGGAGGATTGCTCGAGGCCAGGAGTTCAAGACCAGCCTGAGCAACGTACCGAGACCCTGTCTCTATAAAAATTAGAAGGTTA"
"GL873520","73083525","73083631","chrX","48956519","48956618","29","24127006","TAAAAATAGCTGGGCAATGTGGCTGGTGCATGTATTCCTAGGTACTTGGGAGGCTGAGGCAAGAGAATTGCTTGAGCCCAAGAGTTTGAGATTGCTGTGAGCTGTGA","GCTGGGCATGGTGGTGTGTGCTCATAGTCCTAGCTGCTGGGGAGGCTGAGGTGAGAGGACTGCTTGAGCCCAGGAATTTGAGACTGTAGTGAGCTGTGAT"
"GL873520","73086014","73086142","chr10","95119450","95119581","30","22033436","CTGGGCACAGTGGCTCACGCCTATTATCCCAGCACTTGGGAGGCTGAGGCAGATGGATTGCCTGAGCTCAGGAGTTTGAGACCAGGTGAGCTAGAGCAAGACCCCCATCTCTAAAAATAGCTGGGCATT","CCGGGTAGAGTGGCTCATTCCTGTAATCCCAGCACTTTGGGAGGCTGAGGCAAGAGGATTGCTTGAGGTCAGGAGTTCGAGACCAGCCTGAGCAATGTAGCAAGACTCCACCTCTACAAAAAATGAAAAGCT"
"GL873520","73086410","73086584","chr12","96671998","96672172","39","23585588","AATTAAAATAGCTGGGCATTGTGGCAGGGGTCTGTAGTCCCAGCTACTTGGGAGGCTGAGGTAAGAGAATCACTTAACCCCAGGAGTTTGAGGTTGCTGTGAGCTATGACACCATAGCACTCTACCAATGGTGACAAAGTGAGCCTCTGTCTCAAAAAAAAAAAGTAAATAAAAA","AATTAGCTGAGCATGGTGGCAGGCACCTGTAGTCCCAGCTACTTGGGAGGCTGAGGGAGGAGGGTCACTTGAACCCAGGAGTTTGAGGCTGCAATGAGCTATGACTGCATCAGTGCACTCTAGCCTGGGCAGTAGAGTGAGACCCTGTCTCACAAAAAAAAGAAGGAAAGAGAAA"
"GL873520","73111621","73111695","chr4","25785731","25785810","15","47325890","GGCCTGGCGTGGCTCATGCCTCTAATCCTAGCACTCTGGGAGGCCGAGGTAGGTGGATTACTTGAGCTCACAGGT","GGCCTGGTGCAGTGGCTCATGCCTATAATCTCAGCACTTTGGAAGGCCGAGGTGGGGGGATCACTTGAGCCCAAGCAGTT"
"GL873520","73111955","73112180","chrUn_GL394560","7392","7612","71","73104563","TGAGCTCACAGATTGGAGACCAGCCTGAGCAATAGCAAGACCCCGTCTCTAAAAATAACCAGGTATTGTGGAAGGCACCTGCAATCCCCACTACCTGGGAGACTGAGGCAAGAGAATCGCTTGAGCCCAGGAGTTTGAGGTTGTTGTATGCTATGATGCCACGGCACTCTACTGAGGGCAACAAAGTGAAACTCTATCTTAAAAAAGAAAAGAAAAGAAAAAGAAA","GAGCCCAGGAGTTCGAGACTAGCCTGGGAAACATTGCAACCCCATCTCTACAAAGAATAAAAAAATTAGCTGGGAGTGGTGGTCCCAGCTACTTGGGAGGCTGAGGCAGGAGAATCATTTGAGCCCAGGAGGTTGAGGCTGCAGTGAGCCATGTTAGTGCCATTGCACTCCAGCCTGGGTGACAGAGTGAGATCTTGTTTAAAAATAAAGAAAGAAAGAAA"
"GL873520","73125194","73125383","chr7","4237351","4237553","49","68887843","GGCTGGGCGTGGTGGCTCATGCCTGTAATCCCAGCACTCTGGGAGGCTGAGGCAGGTGGATTTGCTAGATCTCAGGAGTTGGATACCAGCCTCGGCAAGAGCAAGACTCCATCTCTAAAAATAGCTGGGCATTGTGTTGGGCACCTGTGGTCCCAGTTACTCAGGAGGCTGAGGCAAAAGGCTCACTTGA","GGTCAGGCATGGTGGCTCATGCCTGTAATCCCAGCACTTTGGGAGGCCGAGGTGGGCAGATTGCTTGAACTCAGGAGTTGAAGACTAGCCTGGGCAACACGGCAAAACCCCATCTCTACTAAAACTACAAAAACTAACTGGGCATGGTGGCACGCGCCTGTAGTCCCAGCTACTGGGGAGGCTGAGGTAGGAGGATCACTTGA"
"GL873520","73125656","73125758","chr3","46775769","46775871","28","26349887","GGATCACTTGAGTCCAAGAGTTTGAGGTGGCTGTGAGTTATGACACTACCAGCACTTTACTGGGAGCAACAAAGTGAGACTCTGTCTCAAAAAAAAAAAAGAA","ATCACTTGAGCCTTGGGGGTTGAGGCTGCAATGAGTCATGACTGTGCCATTGCACTCTAGCCTGGGCAACAGAAAAGAGACCCTGTCTCAAAAAAAAAAAAAA"
"GL873520","73447089","73447356","chr3","133065732","133066007","74","59618643","GGCTGGGTGCGGTGGCTCACGCCTGTATTCCCAATACTTGGGAAGTTCAGGGGTTGGATTGCCTGAGCTCACAGGTTCAAGACCAGTCTGAGCCAGAGTGAGACCTCATCTCTAAAAAAATACCCGGGCATTGTGGTGGGTACCTGTAGACCCAGCTACTTGGGAGGCTGAGGCAAGAGAATGACTTGAGCCTGAGAGTTTGTGGTTGCTGTGAGCTACAATGCCTTGGCACTCTGTTGAGCATTACAAAGTGAGACTCTGTCTCAAG","GGCCGGGTGCAGTGGCTCACGCCTGTAATCCCAGCACTTCAGAAGGCCAAGGCAGGAGGATCACTTGAGCTTAGGAGTAGAGACCAGCCTCAGCAACATGGTGAAACCCCATCTCTACAAAAAATTAGCCGGGCATAGTGGTGCGTGTCTGAAGTCCCAGGTACTGGAGAGGCTGAGGCAGGAGGATCACTTGAGACTGGGAGGTCAAGGATGCAGTGAGCTGTGATAGTGCCATTGCACTCCAGCTGGGGCAACAGAGCGAGACCTTGTCTCAAA"
"GL873520","73447378","73447393","chr1","153358526","153358539","2","79911148","AAAAAAAAACCAAAAA","AAAAAAAAAAAAAA"
"GL873521","58193","58339","chr1","40759650","40759803","42","40701457","TTAGTCAGGCATTGTGGCAACTTAGGCATAGCTACATGGAAGGCTTAGACAAGAGAATCACTAGAGTCCAGGAATTGGAGGTTGCTGTGAGCTACGATGCCATAGCACTCAAGCCTGGGGCAACAGTGTGAAACTCTATCTCAAAAA","ATTAGCCAGACATGGTGGTGCACATCTGTAGGCCTAGCTACTTGGGAAGCTGAGGCAGGAAGACTGCTTGAGCCCAGGAGTTTGAGGCTGCAGTGAACTATGATGACATCACTGCACTCCAGCCTGGGCAAGAGTGAAACTGTTTTTTAAAAAA"
"GL873521","58369","58496","chr11","12504072","12504193","41","12445703","GGTGTGGTGATTGATGCCTGTAAGTCTAGCACTTTGAGGAGAGTGGATCCCTCTGAGGAGGGTGGATCTGTTGAGCTCAGATACTCAAGACCAGACTGAGCAAGACTGAGACCCCCCCATTTTTACAA","GGCCTGGTGCAGTGGCTCAGACCTGTAATTCCAGCACTTTGGGAGGCCTGGGTAGGTGGACTGTTTGAGCTCAGATGTTTGAGACCAGCCTGGGCAACATGACAAAACCCCATCTCTACATA"
"GL873521","119441","119613","chr3","50079465","50079644","54","49960024","CAACAAAAAAAAAAACAGATGACATAGTGGTTCACACCTGCAGTTGCAGCTAATGGGGAGACTTAAGACAGGAAAATCACTTGAACTCAGGCATTTGAACTTTCAGTGAGCTATGCTGATGCCACTGTACCTTAGTCATGACAGCAGAGCAAGAACCGGACTAAAAAAAAAAA","ACAAAAAGAAAAAACAATTAGCAAGGCCTGGTGGTACACACTTGTAGTCCCAGCTATTTGGGAGGCTGAGGTGGGAGGATCACTTGAGCCCAGGAGTTCAAGGTTACAGTGAGCTATGATCATGCCACTGCACACTAGCCTGGGCATCAGAGAGAGTTCCTGTCTCTAAGAAAAAAAAAA"
"GL873521","119642","119758","chr4","150658849","150658965","24","150539207","GGCTGGACCTGGTGGTTCACACTTGTAATCCTGGCACTTTGGGAAGCCAAGGTGGGAGAACTGGGTGAGGTCAGGAGTTTAAGACCAGCCTGAATGACATAGCAAGATCTCATCTCT","GGCTGGTTATGGTGGCTGACACCTGTAACCCTAGTACTTTGGGAGGCCCAGGTGGGAGGATTGCTTGAGGCCAGGAGTTTAAACCAGCCTGGGCAACATAGCAAGACCTCATTTCTT"
"GL873521","610584","610857","chr11","57816849","57817130","68","57206265","GGCCATGTGCAGTGGCTCACACCTGTAATCCTAGCACTCTGGGAGGCTAAGGCAAATGGATTGCTTGAGCTCAGGAGTTCAAGACCAGCCTGAGCAAGAGCTAGAACTGACCCCATCTCTAAAAAATGCCAGGCAATATGGTGGAGTCTAGAGTCCCAGCTACTCGAAGGCTAAGGTAGAAAGATGGCTTAAGCCCGAGAGTTTGAGGTTGCAGTGAGCCGTGACACCATGGCACACTCTACTGAGGGTGACAAAGTGAGATTCTGTCTCCAAA","GGCCAGGCACAGTGGCTCACACCTGTAATCCTAGCACTTTGGGAGGCCAAGGCAGGTGGATTGCTTGAGCCCAGGAGTTTGAGACCAGCCTGGGCAACATGGCAAAACCTCATCTCTACAAAAATTAGCCAGACATGGTGGTGGGTGCCTGTAGTCCCAGCTACTCAGGAGGCTGAGGTAGGAGGATCATCTGAGCCCAGGAGGTCGAGACTGCAGTGAGCCATGATCATGCCACTGCACTCCAGCCTGAGTGACAGAGTGAGATCCTGTCTCAAACAAAAA"
"GL873521","1502062","1502265","chrX","121141350","121141549","52","119639288","CAAACAAAAAAAGACTAGTCTCTACTGAAAATAGAAAAACTAGCCGGGTATTGTGGCAGGCTCCTGTACTCCCAGCTACTTGGGAGGCTGAGGCAAGAGGATCACTTGAGCCCACGAGTTTGAGCTTTCTGTGAACTATGATAATGTCACAGCACTCTACCCAGGGTGACAGAGTGAGATTCTGTGTCAAAAAAATAAAGAAAA","GAAACAAAGCAAGACCCCATCTCTACAAAAAATTTAAAAATTAGCTGGGCCCAGTGGTGTGTACCTGTAGTTCCAGCTATTTAGGAGGCTGAGGCAGGAGGATCCCTTGAGCCCAAGAGTTCAAGGTTGAAGTGAACCATGACTACGCCACTGCACTCTAGCCTGGGGACAAAGTGAGACCTTGTCTCAAAAATAAAAAA"
"GL873521","1502500","1502603","chr19","19649787","19649888","25","18147287","GCCAGGTGCAGTGGCTCATGCCTATAATCCTAGCACTCAGGAAGGCCAAGGCAGGTAGATTGAGTTTGAGACCAGCCTGACTAAGAGCAAGACTGGTCTCTATA","GCCAGGCATGGTGGCTCATGCCTGTTATCCTAGCACTTTGGGAGGCTAAGGCGGGAGGAGTTTGAGACCAGCCTGGGCAACATAGCCAGACCCTGTCTCTTA"
"GL873521","1595405","1595517","chr21","23033355","23033468","23","21437950","GCTGGGCATGGTAGCTCATGCCTGTAATCCCAGCACTCTGGAAGGCCGAGGCAGGTGAATTGCCTAAGCTCACAAGTTCAAGGCCACCCTGAGCCCAGCAAGACCCTATCTGT","GGCCAGGCATAGTGGCTCATGCCTGTAATCCCAGCACTTTGGAAGGCCGAGGCAGGAGGATTGCTTGGAGCCCAGGAGTTCGAGACCAGCCTGAGCAGCATAGACCCCTATCTC"
"GL873521","1595795","1595978","chr3","132688217","132688402","51","131092422","TGAGACCCATCTCTAAAAATAGCCAGGCGTTGTGGTGGGCGCCTATAGTCCCCGCTATTCTGGAGACTGAGGCAAGAGAATCACTTAAGCCCAAGAGTTTGAGGTTGCTGTGAGCTGTGACACTATGGCCCTCTACCAAGGGTGACAAAGTGAGACTCTGGCTCAAAAAGAAAGATAAAAAAAA","TACAGAAAAATTTTTAAAAAATTAGCCATGTGTGGTGATGCGCACCTGTAGTCCCAGCTACTCTGGAGGCTGAGGTGTGAGGATCACTTGAACCCAGGAGTTCGAGGCTGCAGTGAGCCATGATCATGCCACTGCACTCCAGCCTGGGTGACAGAGTGAGACCTTGTCTGAAAAAAAAAAAAAAAA"
"GL873521","1759823","1760095","chr20","35179301","35179570","73","33419478","CTAGCATCCTGGGAGGCTGAGGCAGGTGGACTGTCTGAGCTCATGAGTTTGAGACCAGCTTGAGTAAGGGAGACCCTGTATCTACTAAAAATAGAAAAACTAGCCAAGCATGGCGGCACATGCCTGTAGTCCGAACTGCTTGGGAGGCTGAGGCAAGAGTATCACCTAAGCCCAAGAGTTTGAGGTTGCTCTGAGCTATGAAACCAGGGCAGGGTCCTCTACCCAGGGTGACAAAGTCAGACTGTCTCCAAAAAAAAAAAAAAAAAAAAAAAA","CCAGCATGGTGGGAGGCCGAGGTGGGCAGATCGCTTGAGTCCAGGAGTTTGAGACCAGCCTGGGCAACATGGCGAAACCCCGTCTCTACAAAAAATACAAAAATTAGCCAGCATGGTAGCCCACGCCTGTAGTCCCAGCTGCTTGGGAGGTTGAAGTGGGAGCATCACTTGAGCCTGGGAGGCGGAGGTTGCAGTGAGCTGTGATCTGCACTCCAGCCTGGGTGACAGAGCGAGACTCTGTCTCAAAAAAAAAAAAAAAAAAAAAAAAAA"
"GL873521","1760611","1760644","chr1","206552735","206552767","4","204792124","GGCTGGGAGCCGTGGCTCACCCCTGTAATCCTAG","GGCTGGGAGTAGTGGCTCACGCCTGTAATCCTA"
"GL873521","1978757","1978896","chr19","10086469","10086601","36","8107712","GGGTGCAATGGCTCATTCCTACAACCCTAACATTTTGGGAGGCCTGGGTGGGAGGAAAGCTTGGGACCCGTAGTTTGAGATCAGCCTGAGCAACACAGTGAGATGCTGTCTCTACAAAAAATTAGCCTAGTATGGTGGTG","GGGTGCAGTGGCTCACACCTATAATCCTAGCAGTTTGAAAGGCTGAGACGGGTGGATCGCTTGAGCCCAGGAGTTCAAGACCAGCCCGGGCAACATAGTGAGACCCTGTCTCTACAAAAAATTAGAGGATGTG"
"GL873521","1984940","1985104","chr19","18092803","18092966","37","16107863","AAAATGAGCCTGGTGTGGCAGCACTTGCTTGTGGTCCCAGCTACTTAGGAGGCTGAGGCAGCAGAATTGCCTGAGTCCAGGAGTTTGAGATTGCAGGGAGCTATAACCATACCACTTCATTCCAGCCTGGGCAACAGAGCAAGGCCCTGTCTCAACCAAACAAAA","AATTAGCAGGCTGTGGTAGCATGTGCTTGAGGTCTCAGTTACTTGGGAGGCTGAGGTGGGAGGATCACCTGAGCCCAGGAGTTCAAGGCTGCAGTGAGCTATGATCACACCACTGCACTCCAGCCTGGGCAACAGAGCAAGATGCTGTCTCAAAAAAAAAAAAA"
"GL873521","2126971","2127283","chr1","18920994","18921309","78","16794023","GCCAGGTGCAATGGCTCATGCCTGTAATCATAGCACTCTGGGAGGCTGAGACTGGAGGATTACTTGAGCTCAGGGTTTCGAAATCAGCTTGAGCAAGAGTGAGACCCCCATCTCTACAAAAATAGAAAAACTAGCCAGGTGTTGTGGTGGGCACCTGTAGTCCTAGCTATTTGGGAGGCTGAGGCCAGAGGACAGCTCAAGTCCGGGAGTTTGAGGTTGCTGTGAGTTGTGACAGCACAGATGTCTACAGAGGGTAACAAAGAAAGACTCTGTCTCAAAAATGAATGAATAAATAAGTAAATGAATAAATAAA","GGCCAGGTGCATTGGCTCATGCCTGTAATCCTAGCACTTTGGGAGGCTGAGGCAGGCAGATTGCTTGAGCCTGGGAGTTTGAGACCAGCCTGGGCAACATGGCAAAACTCTATCTCTACAAAAAATACAAAAATTAGCCTGGCGTGGTAGCGTGAGCCTGTAGTCCCAGCTACTGGGGAGGCTGAGGTTGGAGGATAGCTTGAGTCCGGGAGGTCGAGGCTGTAGTGAGCTGTGATCACACCACTGCACTCCAGCCTGAGAGACAGAGAGAGATCTTTTCCCAATAAATAAATAAGTAAGTAAATAAATAAATAAA"
"GL873521","2389393","2389473","chr1","36080957","36081040","20","33691564","TTGGGAGACTGAGGCAGGAGGATTCCTTGAAGCCAGGAGTTCAAGACCAGCCTGAACAGGAGTGAGACTCTGACCATATAA","CTTTGGGAGGCTGAGGCAGGGGGATTGCTTGAGCCCAGGAGTTCAAGACCAGCCTGGGCAATATAGCGAGACCCTCATCTCTAC"
"GL873521","2389498","2389674","chr1","31190959","31191130","48","28801461","CCCCAGAAAAACAGAAAAATTAGCCAGGTATGGTGGTATGGGTCTATAGTCCCAGCTGCTTGAAGGCCAAGGCAGGAGGATTACTTGAAGCCCAAGAGTTTAAGGCTACAGTGAACTATGACGATGTCACTGCACTCTAGCCCAGTTGACAGGGAATGAATCTGTTTCAAAAAAAAA","CACACACACACACAAAAATTAGCCAGTGTGGTGGTATACTCCTATAGTCCTAGCTGCTCGGGAGGCTGAGACAGGAAGGTCACTTGAGCCTAGCAATTTAATGCTGCAGTGAGCTATGATTGTGCCACTGCACTCCAGCCTGGGCAGCAGAGTGATACTCTGTTTCAAAAAA"
"GL873521","2550002","2550150","chr19","3288108","3288256","38","738106","CCCTCAGCTTTGCATGGTGATATGCACCTTTGGTCCCAGCTGCCTCAGGAGGTTGAGGCATGAGGATCCCTTGAGCCCACAGTTTGAAGCTGCAGTGGGCTATGATGGTGACACTACACTCTAGCCAGGGAGACAAAGTGAGGCTCTAT","AGTTAGCTGGGCATGGTGGTATGGGCCTGTGGTCCCAGCTACTCAGGAGGCTGAGGCAGGAGCATCTCTTGAGCCAAGGAGGTCGAGGCTGCAGTGAGCTGAGATTGCGCCACTGCACTCCAGCCTGGGTGACAGAGTGAGATCCTGTC"
"GL873521","2550422","2550560","chr7","34482046","34482189","32","31931624","CTGAGTGTGGTGGCCCCTGTCTGTAATCCCAGCCCTTTGGAAGGCTGAGAAGAGGATCACGTGAGGCCAGGAGGTTGAGAACAGTGTGGGCAACACAATGAGACCCATCTCTAAAACAAGTTTAAAAATCAGCTGGGCT","GGCTGGGCATGGTGGCTCATGCCTGTAATCCCAGCACTTTGGGAGGCTGAAGTGGGAGGACTGCTTGAGGCCAAGAGCTTGAGACCAGCCTGGGCAACATAGTGAGACTCCATCTCTACAAAAAGTTTAAAAATTAGCAAGGGT"
"GL873521","2565293","2565460","chr12","36177409","36177585","39","33612116","AACAATAAAAATTATCCAGATATGGTGGTGTGTGCCTGTAGTGCCAACAGCTAGGGAGGCTGAAGCAGGAAGATCGCTGGAGCCCATGAGTTTGAGATTGCAGTGAGCTGTGAGGCCACTGCGCTCTACCCTGGGTGAGAGAGTAAGACCCTGTCTTGAAAAAACAAA","TAAAAAATTAAAAAATTAGCCAGATGTGGTGGTGCGTGGCTGTGGTCCCAACTACTCTGGAGGCTGAAATGGAAGGATTACTTGAGCCCATGAGGTTGAGGCTGCAGTGAGCTGTGACTGAGCCACTGCACTCCAGCCTGGGTGACAGAGTGAGACCCTGTTTCAAAAAAAAAAGAA"
"GL873521","2565490","2565601","chr12","111694807","111694920","25","109129317","CCAGATACAGTGGCTTACACCTGTTATCCTAGCACTTGGGAGGCCAAAATGAGAGGCTTGCTTAAGTCCAGGAGTTTGAAACCAACCTGTGCATGAGCAAGACCCCATCTCT","GGCCAGGTACAGTGGCTCACACCTATAATCTCAGCACTTGGGAGGCCAAGGTGGGAGGATCACTTGAGTCCAGGAGATTGAGACCAGCCTGGCAACATAGCAAGACCCTATCTC"
"GL873521","3217868","3218143","chr10","9473915","9474197","72","6256047","GGCTGGGTGCAGTGGCTCATGCCTATAATTTTAGCATTCTGGGAGGCCTGAATAGGAGGATCCCTTGAGCTCAGGAGTTTACCAGCCCAAGCAAGAGTGAGACCCCATTTCAACTATAAATAGAAAAACTAGCTGGACGTGGTAGCGTCTGCTTGTATCCTAGCTACTGAGGTGGCTGAAGTAGGAGGATCATTTGAGCCCAAGATTTGGTGATAGCAGTGAGCTAGGCTCATACCATAGCACTCTAGCCTGGGCAGCAAAGTGAGACTATCTCAA","GGCTGGGTGCAGTGGCTCACACCTGTAACTTTAGCACTTTGGGAAATCAAGGAAGGTGGATCACTTGAGCCTAGGAGTTTGAGACCTGGACAACGTAGTGAGACCCCATTTCTACAAAATAAAACAAAAACTAGCTGGGCATGGTGGCATGCTCCTATAGTCCCAGCTACTCAGGGGCCTGAGGTGGGAGGATCGTTTGAGCCCAGGAGGTGGAGGTTGCCGTAAGCCAAGATCATGCCACTACACTGCAGCCTGGGAGACAGAGTGAGACCCTGTCTCAAAA"
"GL873521","3218164","3218191","chrX","137081199","137081225","4","133863035","AAAAAAAAAAAAAGGAAGAAGAAGAAAA","AAAAAAAAAAAAAAAAAGGAAAGAAAA"
"GL873521","3495930","3496043","chr1","9156973","9157091","28","5661043","GACCAGGCCCAGTGGCTCACTCCTATAATCCCAGCACTCTGAGAGGCCAAGGCAGGAGTTTGAGACCAGCTTGAGCAAAAGCAATACCCTATCTATAAAAAAAATAGCCAGGCT","GGCTGGGTGAGGTGGCCTCACGCCTGTAATCCCAGCACTTTGGGAGGCCAAGGCAGGAGTTTGAGACCAGCCTGGGCAATACAGTGAGACCCCATCTCCAAAAAAAAAATTAGTGGGGC"
"GL873521","3496294","3496455","chr4","75562087","75562252","37","72065793","TAGCCAGACATGGTGGCAGGTTCCTGTACTCCCAGCTACTTAGAGGCTGAAGCAAGAGGATAGCTTGAGACCAAGAGTCTGGAGGTTGCCATAAACTATGATGCCATAGCACTCTACCCACGGTGACAGAGTGAGATTCTGTCTCAAGAATAAATAAATAAA","TTAGCTGGGTGTGGTGGCATGCACCTGTAGTCCCAGCTACTTAGGAGGCTGAGGCAAGAGGATCACTTTAGCCCAGGAGGTGGAGGTTGCAGTGAGCTGAAATCATACCACTGCACTCCAGCCAGGGTGACAGAGTGAGACCTTGTCTCAAAAATAAATAAATAAA"
"GL873521","3515961","3516093","chr1","109402188","109402317","37","105886227","CTGGGCACAGTAGTATGTTCTTGTAATCCCAGTTTGGGAATGGGAGGCTGAAGCAGGAGGATCTCTTGCACCTAGGAGTTCAAGTCCAGCCTGGGCCACTTAGGTAAACACTCCTATACACACAATAAATAAA","GGCTGGGACGGTGGCTCATGCCTGTAATCCCACACTTTGGGAGGCTGAGCTGGCAGATTGCTTGAGCCTAGGAGTTCAAGACCAGCCTGGGCAACATGGTGAAACCCCACCTTTACAAAAAATAAATAAA"
"GL873521","3526495","3526609","chr6","8494714","8494833","23","4968219","GGGTGTGGTGGCTCATGCCCATAATCACAACACTTTGGGAGGTGAGGCAAAATGGTCACTTGAGACTAGGAGTTCAAGATCAGCCTGGGCAACATAGCAAGACTCTGGGTCCACA","GGCCAGGTGTGGTGGCTCATGCCTGTAATCCCAACATTTTGGGAGGCTGAAGCAGAGAGGTTGCTTGAGACCAGGAGTTCAAGACCAGCCTGGGCAACATAGCAAGACCCTCTCTCTACC"
"GL873521","3526643","3526661","chr3","50246504","50246521","6","46719861","TTAAAAAACAAACATTTGC","AAAAAAAAAAAAAATTTT"
"GL873521","3544998","3545149","chr5","35290577","35290728","43","31745579","AGCCCAACAAAATGAGGGGGGCATTGTGGTGGACGCCTGTAGTCCCAGTCACTCAGAAGGCTGAGACAAGGGAATCGCTTGAGTCCAAGATTTGAGGTTGCTGTGAGCTATGATGGCACAGCACTCGACCCAGGGCAACAGAGTGAGACTCT","ATAGAAAAACTAGCCAGCATGGTGGCTCACGCCTGTAGTCCCAACTACTCAGAAGGCTGAGGCAGGAGGATCGATTGAGCCTGGGAGGTCAAGGCTGCAGAGAGCCATGATTGTGCCACTGCACTCTAGCTTGGGCAACAGAGTGAGACTCT"
"GL873521","3545179","3545299","chr8","123644856","123644976","23","120099677","GGCCAGGGTGCAGTGGCTCATGCCTGTAATCCTAGCACTCTGGAAGGCTGAGGCGGGTGGATTGCTTGAGCTCAGGAGTCGGAGGTCAGCCTGAGCAAGAGAAGGATCCCATCTCTACTGA","GGTTGGGTGCAGTGGCTCATGACTGTAATCCCAGCACTTTGGGAGGCTGAAGCAGGTGGATTGCTTGAGCCCAGGAGTTGGAGATCAGCCTGGGCAACATAGTAAGACCCTGTCTCTACAA"
"GL873521","3553893","3554058","chr11","78192954","78193119","45","74639061","AATACTGACCAGGTGTAGTGAGTGGTGCATGCCTATAGTCTCAGTTACTTGGAAGGTTGAGGCAAAAGGATTGCTCAAACACAAGAGTTTTAGGTTGCTGTGAACTATGATGCTACAGCACTCTACCAGGGCAACAGAGTAAGACTGTGTCTCAACAACAAACAAA","ATTAGCCAGGCATGTTGGTGCATGCCTATAGTCCTAGCTACTTGGAAGGCTGAGGCATGAGGATGTACTGAGCCCAAGAGTTCCAGGTTAGAGTGAGCTATGATCATGTCACTGCACTCTAGCCTGGGCAACATAGCAAGACCCTGTCTCTAAAACAAAGCAAAAA"
"GL873521","3554086","3554201","chr1","91242641","91242760","22","87688555","GGGTGCAGTGGCTCACGCCTATAATCCTAACACTCTGGGAGGCCAAGGTAGGTGGATCACTTGAGTTTGAGGAGTTTGAGACCAGCCTGAGCAAGAGAAAGACCCCATCTCTACTA","GCCAGGCGCAGTGGCTCACACCTATAATCCCAACACTTTGGGAGGCCAAGGCAGGAGAATCACTTGAGGCCAGGAGTTTGAGACCAGCCTGAGCAACATAGCAAGACCTTGGCTCTACTA"
"GL873521","3593976","3594262","chr16","24608122","24608413","74","21014146","GGCTGGGCACAGTGGCTCACACCGGTAATCCCAGCACTCTGGGAGGCCGAGGCAGGTGGATTACCTGAGCTCACAGTTTCGAGACCAGCCTGAGCAAGAGTGAGACCCCCCCCCCAATCTCTAAAAATAGCTGGGCGTTATGGCCAGGTGCCTGTAATCCCAACTATTTGGGAGGGTGAGACATGAGAGTCAGTCACTTTGAGCCAAGAGTTTGAGGTTGCTGTGAGCTGTGTGCCACAGCATCCTACCGAGGGTGACAAATTGAGACTGTGTCTCACAAAAAAGAA","GGCCAGGCGCAGTGGCTCACACCTGTAATCCCAGCACTTTGGGAGGCTGAGGTGGGTGGATTACTTGAGCTCAGGAGTTTGAGACCAGCCTGGGCAATATAGTGAAACCCTATCTCTACCAAAAACACAAAAATCTAGCTGGGCATGGTGGCACGTGCCTGTAGTCCCAGCTACTCGGGAGGCTGAGGCAGGAGGATCACTTGAGCCTGGGAGGCAGAGGTTGCAGTGAGCCATGATTGCGCCAGTGCACTCCAACCTGGGTGACAGAACAAGACCCTGCCTCAAAAAAGAA"
"GL873521","3621527","3621631","chr8","21452005","21452106","29","17830478","TCACATTTATAATTCCAGCACTCTGGGAGGCCGAGGCAGGAGAAACCCTTGGGCTCAGGAATTCAGGGGCCAGCCTGAGCAAGAGCCAGGCCCAGTCTCTACTAA","CATGCCTATAATCCCAGCACTTTGAGAGGCTGAGGCAGGAGGATCGCCTGAGCCCAGGAGTTCGAGGCCAGCCTGGGCAACATAGCAAGACCCCATCTTTAA"
"GL873520","60838810","60839064","chr5","171848001","171848259","81","111009191","GGCTGAGAGTGGTGGCTTCTAACAGTCCGAGAGGTTGAGGCTTGAGCTCAGGAGTTACAGGTCAACCTGAGCAACCCCTGCCTACTAAAAATAGAAAAAATTAGCTGGGCATTGTGGTGAGTGCCTGTAGTCCTACCTACTGGGAGACTGAGGCAGGTGGATCTCTCAAATTCAGGAGTTTGAGGCTGTCGTGAACTACGACGCCACAGCACTCAGGCCTGAGCAACAGTGAGACTGTCTCACACACACAAGAAA","GGCCAGGCAAAGTGGCTCATGCCTGTAATCCCAGCACTTTGGGATCACTTGAGCCAGGAGTTCAAGACAACATGATGAAACCCCGTTTCTACCAAAAACACAAAAAAATTAGCTGGGCATGGTGGTGCACGCCTGTAGTCCCAGCTACTTGGGAGGCTGAGGCAGGAGGATCGCTTGAGCTCAGGAGGTCGAGGCTGCAGTGAGCACTGACTGTGCCACTGCACTCCAGCCTGGACAACAGATAGAGACCTCGTCTCAA"
"GL873520","60890558","60890822","chrX","9126809","9127055","74","51763749","AGAAGTTTGAGACCAGCCTGAGCAAGAATGAGACCTCATCTCTATAGACAAATAGAAAAATTAACCACTACAGGCATGGTGGTATGTGCCCATAGTCAAAGATACTCAGGAGGCTGAGGCAGGAGGATCACTTGAGCCCAGTAGTTAGAGGTTGCAGTGAGCTATGATGACATCCTAACACTCTAGCCAAGGCAACAGAGTGAGTGAGACTCTGTCTCAAAAATAAATAAATAAATAAATAAATAAAAGAAAAGAAAAAAAAGAA","ACCAGCCTGGGCAACATGGTGAGACCTCATTTCTACTAAAAATACAAAAAAATTATCTGGGTGTGATGGTACGTGCCTGTGGTCTTAGTTACTTGGGAGGCTGAGATGGGAGGATTGCTTGAGCCCAGGAGGTTGAGGCTGCAGTGAGCCATGATCACACCACTGGATTCTAGCCTGGGTGACAACAGTGAGACCCTGTCTCAAAAATAAATAAATAAATAAATAAATAAATAAATAAATAAATAAA"
"GL873520","60903513","60903710","chr8","38561134","38561339","57","22342379","GACCAGCCTGAGTAAGAGTGAGACCTTATCTCTAAAAAAATAGCTGGGAGTTATGGCAGGTGCCTGTAGTCCCAGCTACTTGGAAGGCTGAGGCAAGAGGATCACTGGAGCCCATGACTTTGAGGTTGTTGTGAGCTATCATGCCATGGCACTTTACCCTGGGTGATAAAGTAAGACACCATGAAAGAAAGAGAGAAA","CAGCCTGGGTAACGTGGTGAGACCACATCTCTAAAAAAATTAGCTGGGCTTGGCAGCACATACCTGTAGTCCCAGCTACTTGGGAGGCTGAGGCGGGAGCATCGCTTGAACCCAGGAGGTAGAGCCTGCAGTGAGCGAGACTGTATCTCTGCACTTCAGCCTGGGTGACAAAGTGAGACACCATCTTAAAAAAAAAGAAAGAAAGA"
"GL873520","60903994","60904078","chr19","44122957","44123041","20","16781037","CTGGGCACAGTGGCTCACACTTGTAATTCTAGCACTCTTCAAGGCCAAGCTAGGCGGATTGCCTGGGTTCAAGAGTTGGAGACCA","CTGGGCACAGTGGTTCATCCCTGTAACCCAGCACTTTGGGAGGCCAAGGTGGGAAGATTGCTTGAGCTCAAGAGTTTGAGACCAC"
"GL873520","61127875","61128124","chr12","40543558","40543815","61","20584317","AGGCCAAGGCAGGTGGATTACTTGAGCTCAGGAGTTTGAGACCAGATGGAGTAAGGGTGAGACCTCCATCTCTACTAAAAATAGAAAAACTAGCCAGGCATCATGGCAGGTGCCTGTAGTCCCAGCTACTTGGGAGGCTGAGGCAGAAGGATCACTTGAGCCCGGGGTTTGAGGTTGCTGTGAGTCAGGCTGATGTCACAACATTCTACCAGGGCAACACAGTAAGACTCTGTCTCAAAAAAAAAAAAAA","AGGCCAAGGCGGGTGGATCACTTGAGCTCAGGAGTTTGAGACCAGCCTGGGCAACATGGCGAAACTCCATCTCTACAAAAATTACAAAAATTAGCTGGGCATTGGTGGTGCACACCTGTGGTGCCAGCCACTCAGGAGGCTGAGGTGGGAGGACCTCTTAAGCCTGGGAGGCAGTGGTTGCAGTGAGCTGAGGTCATGACACTACTCCATTCCATCCTGGGCAACAGAGTGAGGCCCTGTCTCAAAAAAAAAAGAAAA"
"GL873520","61204249","61204420","chr6","117522072","117522244","43","56317823","GAGAAAAACTGACTGGGCATTGTGGAAGGTGTCTGTAGTCCCAGCTACTCGGGAGGCTGAACCAAGAGGACTGCTCAAGCTCAAGAGTTTGGAGTTGCTGTGAGCTATAATGATGCTACAGCACCCTGCCCAGGGTAACAGAGTAAGACTTTAGCTCAAAAAAAAAAAAAAA","TAAAAAAATTAGCCAGATGTGGTGGCATGTGCCTGTAGTTCCAGCTACTCGGGAGGCTGAGGCAGGAGGATTGCTTGAGCTCAGGAGTTCGAGGCTGCAGTGAGCTATAATTGTGCCACTGCACTCTAGCCTGGGTGACACAGTGAGACCTTGTCTTTAAAAAAAAAAAAAAA"
"GL873520","61204698","61204831","chr12","96301849","96301984","29","35097151","GGCCAAGCGTGGTGGCTCCTGTCTATAATCCTAGCACGCTGGAGGGCCAAGGCAGATGGATTCCTTGAGCTCAGGAGTTAAAGATCAGCCTGAGTAAGAATGAGACCTCCATCTCTACTAAAAAGAGAAAAACT","GGCCAAGCATGGTGGCTCCTGCCTATAATCCCAGCACTTTGGGATGCCAAAGCAGGCAGATTACTTGAGCTCAGGAGTTCAAGACCAGCCTGGGCAACATGGTGAGACCCCATCTCTATTTTAAAAAATAAAAAAA"
"GL873520","61310865","61311035","chr14","88541197","88541366","41","27230332","GCTGGGCATTGTGGAGGGCACCTGTAGTCCCAGCTACTTGGGAGGCTGAGACAAGAGGCTCACTTGAGCCCTGGAGCTGAAGGTTTCTGTGAGCTGTGACACCATGGCACTCTACCAAGGGCAACATAGTAAAACTCTGTCTCAAAAAAAAATAGAAGTAGAAAAAGAAAA","GCTGGGCATGGTGGCTTATGCCTATAATCCCAGTACTTTGGGAGGCTGAGGCAGGAGGATAACTTGAGCCCTGGAGTCAAGGTTGCAGTGAGCTGTGATGGCACCACTGCACTGCAGCCTGGGTGACAGAGCAAGAACCTGTCTCAAAAAAAAAAAAAAAAAAAAAAAAA"
"GL873520","61311320","61311450","chr7","72684162","72684298","31","11372842","CCAGGCGCGGTGGCTCACACCTATAATCCTAGCACTCTGGGAGGCCGAGACAGGTAGATTGTTGGAGGTCAGGAGTTTGAAACCAACCTGAGCCAGAGTGAGCCCCCATCTTTAAAAAAACTAGCTGGAGC","GCCAGGCATGGTGGCTCACACCTGTAATCCCAGCACTTTGGGAGGCTGAAGCAGGAAGACTGCTTGAGGCCAGGAGTTTGAGACCACCCTGCACCACATAGCGAGACCGCATCTCTACTAAGAAATTAGCTGGGCAT"
"GL873520","61632558","61632764","chr12","61622891","61623093","58","9667","GGCCAGGTGCAGTGGCTCACACCTGTAATTCTAGCACTCTGGGAAGCCAAGACAGGAGAATCCTTTGAGTTTGGGAGTTCAAGACCAGTCTGAGCAAGAGCAAGACCCCATCTCTATTAAAAGTAGAAAATATTAGCCACATGTCCTGGCTACTGAGAGCTACTCAGGAGCCTGAAGCAGGAGGATCATTTGCCTGGGCAGCAGAGG","GGCTGGGCATAGTGGCTCACACCTATAATCCCAGCATTTTGGGAGGCCGAGGTGGGAGAATCACTTGAGCCCAGGAGTTCGAGACCAGTCTGGGCAACATGGCAAGACCCTGTCTCTACAAAAATTAAAAAATTAGCCAAGTGTGGTGGCTGTGGTCCCAGCTACTCAGGAGGCTGTGGTGGGAGGATCTCCTGGGCCTGGGA"
"GL873520","62111475","62111518","chr11","2140149","2140197","13","59971326","CCTGTAATCTAAGTACTTTGGGAAGCCAAGTGGAAGGATCTTTC","CTTGTAATTCCAGCACTTTGGGAGGCCAAGGTGGGAGGATCACTTGAGC"
"GL873520","62111756","62112003","chr3","130809410","130809642","65","68697654","CTGGTGGAAGGATCTTTCTAATTGAGGCCAGAAGTTTGAGACCAGCCTAAGCAACATGGCAAGACCCTATAACCATGTAAAATAGAAAAATTAGCTGGGTGTGGTGGTGCACACCTGTAGTACCAGATACTCGAGAGGCTGAGGCAGGAGGTTTGCTGGAGCCCAGGAGTTTGAGGTTACAGTGAGCTATAATGACACCACCACACCTTAACTCAGGCAAAAGAGCAAGACCCTTTCTCAAAAGAAAA","CCGGAGAGGGTAGATTTCTTGAGCCCAGGAGTTCAAGACCATCCTAGGCAACATGGCTACAAAAAATAGAAAAATTAGCTGGGCATGGTGGTGTGCACCTGTGGTCCCAGGTACTCAGGAGGCTGAGGTGGGAGGATTGCTTGAGCCTGGGAGGTTGAGGCTGCAGTGAGCCATGATTGCACCACTGCACTCCAGCCTGGGCAACAGAGCAAGACCCTGTCTCAAAAAAGAAA"
"GL873520","62249107","62249260","chr10","17058131","17058282","38","45190976","ACAATTAGACAGGTGTAGTGGCACAAGCCTATAGTCCCGCTACTCGGAAGGCTGAGGCAGGAGGATCACTCGAGCCCAAGAGTTGGAGGTCACTGTGAGCTATGACACCATGACATTCTCCCCAGGGTAACAGAATGAGATTCTGTCTCAAAAA","AAAAATTAGGCATGGTGGCATGTGCTTGTGCCAGCTACTCAGGAGGCTGAGGCAGGAGGATCACTTGAGCTCAAGAGGTGGAGGCTACAGTGAGCCATGATTGCACCACTGCACTCCAGCCTGGGCAACAGAGTGAGACCCTGTCTCAAAAA"
"GL873520","62249287","62249403","chr22","16925544","16925667","25","45323743","GGCTGGGCGTGGTGGCTCACATTGTAAATTCTAGCACTCTGAGAGGCCGAGGTGGGTGGATTGCTTGAGGCTAGGAGTTAGAGACCTGAGCAAGAGTGAGACTCTGTCTCTGCTAAA","GACTGGGCATGGTGGCTCACACCTGGAATCCCAGCACTTTGGGAGGCCAAGGTGGGTGGTTTGCTTGAGCCCAGGAGTTCGAGAGCAGCCTGGGCAATATTGTGAGACTCTGTCTCTACAAAAT"
"GL873520","62409859","62410146","chr6","37880818","37881108","74","24529041","GACTAGGTGCAGTGGCTCACACCTATAATCCTAGCACTGTGGAAGGCCAAGGCAGGTGGATTAGTTAAGCTCAGGAGTTTGAGACCAGCCTGAGCAAGAGTGAAACTCCATCTCTGCTACAAATAGAAAAACCAGCTAGGCAGAGTGACATGCTCCTGCAATTCCAGGTACTTGGAAGACTGAGGTAAGAGGATCATTCAAGCCCAGAATGAGAGGATGCTGTGAGCTATGATGCCACAGCACCCAGTGAGGCTATCTCAAAAAAAAAAAAAAAAAAAAAGAAAGAAA","GGCCAGGCGCAGTGGCTCACACCTGTAATCCTGGCACTTTGGGAGGCTGAGGCGGGTGGATTGCTCGAGCTCAGGAGTTCAAGATCAGCCTGGGCAACATGGTGAAATCCCATCTCTACAAAAAATACAAAAAATTAGCTGGGTGTGGTGGCACATGCCTGTGGTCCCAGCTACTTGGGAGGCTGAGGTAAGAGGATTACCTGAGCCCAGAAGGCCAAGGCTACAGTGAGCCGTGATCATGCCACTGCACGCCAGCCTTTTTCAAAAAAAAAAAAAAAAAAAAAAGACAAA"
"GL873520","63481106","63481324","chr10","7622016","7622239","66","55859090","GAAAACAGTCTGAGATGAGCCTGAGTAAGAACAAGACCCCGTCTCTACTAAAAATAGAAAAACTAGCTAGTGTGTTGGTGGATCCCTGTCATCCCAGGTACTTGGGAGGTTGAGGCAGGACCACTGGAGCCCAAGAGTTTGAGGTTGCTGTGAGCTATCACACTACAGCACTCTACTGAGGGTAACAAAATGAGACACTGTCTCATGAGAAAAAAGAAA","CAGGAGTTTGAGATCAGCCTGAGCAACATGGCAAAATCCCATCTCTACTAAAAATACAAAAATAAGCTGGGTGTGGTGGTGTGCTCCTGCAGACCCAGATACTCGGGAGGCTGAGATGGAAGGATCTCTTGAGCCTGGAAGTTTGAGGCTGTAGTGAGCTGTGATCATACCACTGTACTCCAGCCAGGGTGACACAGCAAGACCCTGTCTCAAAACAAAAAAAA"
"GL873520","63481596","63481682","chr3","39920305","39920389","13","23561291","GGCCAGGCACAGTGGCTCACACCTATAATCCTAGCACTCTGGGAGGCTGAGGCAGGCAGATTGCTTGAGCTCAAGAGTCTGAGACGA","GGCTGGGCACAGTGGTTCATGCCTATAATCCTAGCACTTTGGGAGGCTGAGGCAGACAGATTGCTTGAGACCAGGAGTTTGAGAC"
"GL873520","63984607","63984688","chr22","40046115","40046198","21","23938492","GGCTCATGTCTGTAATCCTAGTAGTTTGGGAGGTTGAGATAGGAGGATAGTGTAAGGCCAGGATTTTAAGAACAGTCTGAGT","GTGGCTCATGCCTGTCATCCCATCACTTTAGGAGGCTGAGGTGGGAGGATCACTTGAGACCAGGAGTTTAAGACCAGCCTGAGA"
"GL873520","63984964","63985013","chr12","123527171","123527211","18","59542207","AAAGAAGAGACTGAGCAACACAGTGAGATTATATAGCAAAATAATAATAA","AATTAAAAAATTTAAAAAGTGAATGAGATAAAAAAAAAAAA"
"GL873520","63985042","63985199","chr10","96290088","96290255","47","32305046","AAAAGAAAAAAATTAGCGAGGCATAGTAGCACATGGCTATAGCTCCAGCTACTTGAGAGAGTGAGGCAGGAGTTTGTTTGAGCCTGGGAAGTCGAGGTTGCAGTGAGCCATAATGGTGCCACTGCACTGTAAAACAGCAAGAGACCACCCCTCAAAAA","CAAAAAATACAACAATTAGCTAGGCATGGTGGCACATGCCTGTAGTCCCAACTATTTGAGAGGCTGAGGTGGGAAGATTGCTTTAGCCCCCGAAGTTGAGGCTCCAGTGAGCCAAGATTGTGCCACTGCACTTGAATCTGGGTGACAGAGCAAGACCCTGTCTCAAAA"
"GL873520","64280098","64280238","chr14","74041742","74041876","35","9761644","TAATCCTAGCATTTTGAGAGGCCAAGGAAGGAGGATCATTGGGCCCAGAAGATTGAGGCTGCAGTGAGCTGGGATTGCAGCATCATGGCATGTCTCCAGCCTGGGCAACAGTCTGAGATCCTGTCTTTAAAAAAAAAAAAA","GTCCCAGCTACTTGGAAGGCTGAGGCAGGAGGATCACTTGAGCCTGGGAGGCTGAGGCTGCAGTGAGTTGAGATCACACCACTGCACTCCAGCCTGGGCAACAGAGTGAGACCCTGTCTAAAAAAAAAAAAAAAA"
"GL873520","64390458","64390731","chr9","129896598","129896884","83","65506140","GCTAGGCCTGGTGGCTTGTGTCTGTAATCTTAGCACTCTAGAAAGATAAGGCAGGTAGGTAGATTTCCTGAACCCAGGAGTTCAAGACCTGCCCGAGCAAGAGGGAGACCTCACCTCTATTAAAAATAGAAAAACTAGCAGATCTGGCAGGTGCCTTTAGCCCCAGCTATGTGGTAGGTTGAGGTAAGAGGGTCACCTGATCCCAAGAGTTTGAGGTTTCTGGAGCTATGATGCCATAGTACTCTAGACAGGGCAATAGAGCAAGACTGTCCCA","GCCAGGTGTGGTGGCTCATGCCTGTAATCCCAGCACTTTGGGAGGCTGAGGCGGGAGGACTGCTTGAACTCAGGAGTTCAAGACCAGCCTGGGCAAGATGGTGAGACCTCATTTCTACTAAAAAAAGGAAAAAAAAATAGCCAGGTGTAGTGGTGCATGCCTGTACTCCCAGCTACTGGGTAGGCTGAGATGGGAGGATTGCTTGAGCCCCAGAGATTGAGGCTGCAGTGAGCCATGTTTGTGCCACTGCACTCCAGCCTGGACAACAGAGCAAGACCCTGTCTCAA"
"GL873520","64390763","64390781","chr8","126405290","126405308","3","62014527","GAGACAAAAAACAAAAAAA","AAGCCAAAAAACACAAAAA"
"GL873520","64761525","64761688","chr10","19288424","19288579","45","45473101","TACTAAAATAAGCCGGGTGTTGTGGCAAGCTCCTGTAAATCCCAGCTGCTTGAGAAGCTGTGGCAAGAGAACTGCTTGAGCCCAAGAGTTTGAGGTTGCTGTGAGATGTGACGCTATGGCACTCCACCAAGCAAGGGCAACAAAGTGACACTCTGTCTCAAAAA","TTAGCCAGGTGTGGTGGTGTGCACCTGTGGTCCCAGCTTCTTGAGAGGCTAAGGCAAGAGGACTGCTTGAGCCTGAGAGTTCGAGGCTGCAGTGAGCCATGTTCACACCACTGGACTCCAGCCTGGGCAACAAAGTGAGACCCTGTCTCAAAAAAA"
"GL873520","64761718","64761830","chr21","23033355","23033468","26","41728363","GGATGGGCACGGTGACTCATGCCTGTAATCCTAGCACTCTGGGAGGCCGAGGCAGGCGGATTGCTTGGATTCACTGACAAGATCAGCCTGAGCAAGAGCACAGACCCCTTCTT","GGCCAGGCATAGTGGCTCATGCCTGTAATCCCAGCACTTTGGAAGGCCGAGGCAGGAGGATTGCTTGGAGCCCAGGAGTTCGAGACCAGCCTGAGCAGCATAGACCCCTATCTC"
"GL873520","65203840","65204008","chr6","16993982","16994146","52","48209858","AAAAATCACAATAAACCTGGGCATTGTGGGACACACTTGTGGTCCCAGCTACTTGGAAAGCTGAGGCAAGAGGATCCCTTGAGCCCAGTCCACCATTCAGGTCCAGAGGAAGAGGCACTGCCCTCCAGCCTGGGACTCTAGTGAGACCTCCTCTCTTAATAAAAAAGAA","AAAATAAAAAGTTAGCTGGCCATGGTGGCACACACCTGTGGTCCCAGCGACTCAGGAGGCTGAGGCACAAAGATTGCTGGAGCCTAGGAGGTTGAGGCTGCAGTGAACCACTGCACTCCAGCCTGGGTGACAGAGAGACCCTGTCTCTTAGAAAAGAAAAGAAAA"
"GL873520","65233615","65233893","chr12","113638468","113638747","72","48404853","GACTGGGCAAGGTGCCTCACCCTGGTAGCCTAGCACTCTGGGATGCCAGGATGTGTGGATTGTTTGAGCTCAGGAATTGCAGACCACCCTAAGTAGGAGTGAGATCCCATCTCTACTAAAACAGAAAAACTATCCAGGTGTCATGGCAGGCACTGATAGTCCCAGCTACTGGGGAGCCTGAGACAAGAGGATTGCTTGAGCCCAGGAGTTTGAGGTTGCTGTGAGGTATAATAACACCACAGCCCTCTAGCCTGGGCAACAGAGTGAGACTATGTCTCA","GGCCGGGTGCGGTGGCTGATGCCTGTAATCTCAGCACTCTGGGAGGCCAAGGTGGGAGGCTTGTTTGAGCCCAGGAATTCCAGCCCAGCCTGTGTAACACAGAGAGACCCCATCTCTACAAAAAATAATAAGATTAGCTGGGGGTAGTGGCATGTGTCTATAGTTCCAGCTACTCGGGAAGCTGAGGCAGGAGGATCACTTGAGCCCAGGAGGTTGAGGTTGCAGTGAGCTATGATCACTCCACTGCACTCCAGCCTGGGCAACAGAGCAAGACCCTGTC"
"GL873520","65233919","65233934","chr4","2195053","2195068","3","63038866","CCAAAACGAAAGAAAA","ACAAAACAAAACAAAA"
"GL873520","65359603","65359765","chr10","35735599","35735752","41","29624004","GTGGCTCATGCCTGTAATCCAGCACTCTGGGAGGTCAAGGCTAGATGATCACTTGATTGAGTCCAGGACGTCCAGGCTGCAGAGAGCTGTGACTCTGCCACTGTACTCCAGCCTGGGTGTAGCATGAGACCTTGTATCTAAAAACAAGCACCAAACAAAAAAA","GTGGCTCAAACCTGTAATCCCAGCACTTTGGGAGGCCAAGGCCAGAGGATCACTTGATCCCAGGAGGCTGACGCTGCAGTGAGCCGTGATCATGCCACCACACTCCAGCCTGAGCAACACAGTGAGACGTTGTCTCTAAAAAAGAAAAAGAAAA"
"GL873520","65811521","65811636","chrX","5419188","5419305","32","60392333","GTAGCAGTTACTTAGGTGGCTGAGGCAGGAGGATCACTTGAACCTAGGAGTTCACGGTTGTTGTGAGCTATTATGATGCCAGTGCACTCTCCCCCAGAGGGATAGAGTGAGACTCT","GTCCCAGCTACTCTGGGAGGCTGAAGTGGGAGGATCACTTGAGCCTGGGAAGTTGAGGCTGCAGTGAGGTATGATTGTGCCAGTGCACTCCAGCCTGGCTGAGAGAGTGAGTCTCCGT"
"GL873520","65812040","65812202","chrX","9218405","9218573","37","56593635","GACCAGGCACGGTAGCTCACTCCTGTAATCCTGGCACTCTGGGAGACTGAGGCAGGTGGATTGCTTGAGCTCGGGAGTTGGAGATCAGCCTGAGCAAGAGCAAGACCCCATCTCTACTAAAAATAGAAAAACTAGCTGGGCTTTGTGCAGTCACCTGTAGTTA","GGCCAGGCGCAGTGCCTCACACCTGTAATCCCAGCACTTTGGGAGGCCGAGGCGGGTGGATCACTTGAGCTCAGGAGTTTGAGACCAGCCTGAGCAACATGGCAAAACCTCACCTCTACAAAAAAAATACAAAAATTAACCAGGCATGGTGGCAGGCACCTGTAGTCTC"
"GL873520","65944653","65944944","chr7","133126957","133127257","74","67182304","GGCCAGGCACAGTGGCTGACACCTATAACCCTAGCATTCTAGGATGCCAAAGCAGGTGGACTGCTTGAGCTCAGGAGTTTGAGACCAGACTGAGCAAGAGTGATTCCAGAACTCTACAAGAAGTAGAAAAATTAGCTAGGCATGGTGGCTCATGCCTATAGTCCCAGCTACACTGTAGGAGGCTAAGGCAGGATAGCTTGAGCCCTGCCTGTGGCTTGCTGTGAGCTGTGACACCAGGGCACTCTACCCAAGATGACAGAGGGACACTCAGTCTCAAAAAAAGAAAAAAAAA","GACCAGGCACAGTGGCTCACACCTGTAATCCCAGCACTTTGGGAGGCCAAGGCAGGTGGAATGCTTGAGTCCAGAAGTTCCAGACCAGCCTGGGCAACATGGTGAAACCCTGTCTCTACAAAAAATACAAAAATTAGCTGGGCATGGTGGCACATGCGTGTAGTCCCAGCTACTCAGGAGGCTGAGGCAGGAGGATTGCTTGTGGCCAGAAGGTTGAGGCTGCAGTGAGCCAAGATTGCACCACTGCACTCCAGCCTGGGTGACAGAGTGAGACCCTGTCTCAAAAAATAAAAAATAAAAA"
"GL873520","66312570","66312862","chr6","39411163","39411467","78","26901407","GGGCCGGTGGCTCTGCCTGTAATCCCAGCACTTGAGAGGCCAAGGTGGGTGGATTGCTTGAGCTCACAGGTTTGAGACCAGCCTGAGTCAGAGAGACACTTTATCTCTAAAAATAGATGGGTGTTGTGATGAGTGCCTGTAGTCCCAGCTACTTGAGAGACTGAGGCAAGAGAATCATTTAAGCCCAGGAATTTGAGGCTGTTGTGAGCTATGATGCCATGGCACTCTACTAAGGGTGACAAAGTGGTACTCTCTCTCAAAATAAATAAATAAATAAATAAATAAGAAGAAAA","CTGGGCGCGGTGGCTCACAGCTGTAATCCCGCATTTTGGGAGGCCAAGGTGGGCAGATTGCTTGAGCTCAGGAGTTTGAGACCAGCTATAGTCAACGTGGAGAAACCCCGTTTCTACAGAAATTAGCCAGGTGTAGTGGTGAGTGCCTGTAGTCCCAGCTACTTGGGAGGCTGAGGTGGGAGGATGACTTGAACCTGGAAGGTTGAGTTTGCACTGAGCCAAGATGGCAACACTGCACTCCAGCTGGGGCGACAGAGTGAGACCCTGTCTCAAAATAAATAAATAAGTAAATAAAAATAAATAAA"
"GL873520","66697774","66697947","chr12","66258613","66258792","41","439161","AAAAATAGAAAAACTAGCTGGGCATCATGGCAGATGCCCATAGTCCCAGGTAGTCTGGAGGCTCAGGCAGGAGGATCACTTGAGCCCAGGAGATTGAAGTTGCTGTGAGGTGTGATGCCATAGCACTCTATCCTAGGGCAACAAAGCGAGACTCTGTCTCAAAAAAAAAAAAAA","AAAAAACAAAAATTAGCCAGGCATGGTGGTACATGCCTGTAGCCCCAGCTATTCTGGTGGCTGAGGCAGGAGGATTGCTTGAGCCCAGGAGGTTGAAGCTGCTGTGAGCCGTGATTGGACCACTGCACTCCAGCCTGGGGGACAGAGTGAAACTGTGTCTCAAAAAAAAAAAAAAAAAAA"
"GL873520","66905740","66906006","chr1","109854612","109854879","75","42948872","CTGGTTGCAGGGGCTCATGTGACATGTAATCCTACCACTCTGGGAGGCCAAGGCGGGAGGATCACATAAGCTCAGGTATTTGAGACCAGCCTATAAGAGTGAGACTCTGTCTCTATTAAAACTAGAAAAGTTAGCTAGACATTGTGGTGGGCACTTGTAGTCCCAGCTACTCAGAAGGCTGAGGCAAGAGGATCCCCTGAGCCTGAGAGTTTGAGGTTGCTGTGCTGCCCAGGGCACAGAGGTAGCCTCTGTCTCAAAAAGAATAAA","GACTGGGTGCAGTGGCTGACACCTGTAATCCCAGCACTTTGGGAGGCCAAGGTGGGCAGATCACTTGAGCTCAGGGGTTTGAGACCAGCCTGGGCAACATGGTGAAACCCCATCTCTACTAAAAATACAAAAATTAGCTGGGCATGATGGTGTGCCCCTGTGGTCCCAGCTACTTGGGAGGCTAAGGTAGGAGGACCATTTGAACCCAGGAGGTTGAGGTTGCAGTGAGCCATGATGGCACCAGAGTAAGACCCTGTCTCACAAAAAA"
"GL873520","67860832","67861100","chr1","76509011","76509296","71","8648179","GGGCATGGTGGCTTATCCTATACTCAATCCTAGCACTCTGGGAGGCCAGGCAGGAGGATCTCTTGAGCTTGGGAGTTTGAGATTAGACTAAGCAAGAGTGAAATCCTGTCTCTACTAAAAAAGAAAAATTAGCCAAGTGTTGTAGTGGGCACCTGTAGTCCCAGCTACTCAAGAGGCTGAGGCAGGAGGATTGCTTGAGCCCCGAAGTTTGAGGTTGCTATGAGCTGGGCACTCTATTCTGGGCAACAGAATGAGATTCTGTCTCAAAA","CCAGGTGTGGTGGCTTACACCTATAATCCCAGCACTTTGGGAGGCCAAGGCAGGAGATCACTTGAGCTTAGGAGTTTGAGACCAGCCTTGGCAACACAGTGAGACCCTGTCTCTACAAAAAATACAAAAATCAGCCATGTGGGATGGTGCCCACCTGTAGTCCCAGCTACTCAGGAGGCTGAGGTGGGAGGATGGCTTGAGCCAGGGAGATAGAAGTTGCAGTGAGCCAAGATTGTGCCACTGCTTTTCAGCCTGGGCAACAAAGTCAGACTCTGTCTCAAAAAAA"
"GL873520","69062088","69062263","chr7","70866847","70867027","48","1804759","TTAAAAAAAAAAAAAATAGAAAGACTGGCTAGACGTTCTGGCTGGTGTCTGTAGTCCCAGCTACTAGGGAGGCTAAGGCAAAAGAATCACTTAAGCCCAAGAGTTTGAGGTTGCTGTGAGCTATGATGGCACAGCACTTTACCAAGGGTGACAAAGTGAGACTCTGTCTCTAAAAA","CTTATTTAAAAAAAAAAAAATAGCTGGGCATGGCCATGGTGGCACATGCCTGTAGTCCCAGCTACTCGGGAGACTGAGGCAAGAGGATCCCTTGAGCCCAGAAATTGGAGGAGGCAGTGAGCTATGATTGTGCCACTGCACTCCATCCTGGGTGACAAAGCAAGACTCCATCTCAAAAAAA"
"GL873520","69062538","69062668","chr13","30541906","30542038","27","38520632","GGCTGGGTGTGGTGGGTCACACCTATAATCCTAGCACTCTGAGAGGCTGAGGTGGGTGGATTGCCTGAGCTCAGAGTTTGAGACCAGCCTAAGCAAGAATGAGACACATCTCTATTAAAAATAGAAAGACT","GGCTGGGTGCGGTGACTCACACCTATAATCCCAACACTTTGGTAGGCTGAGGTGGGTGGATTGATTGAGCCCAGAAGTTTGAGACCAGCCTGGGCAAAATGGTGCAACCCCATCTCTACAAAAAATACAAAAA"
"GL873520","69122097","69122374","chr2B","205101704","205101992","75","135979607","GGGTGGGAGCAGTGACTCATGCCTGTAACCTTAACACTCTGGGAGGTCAAGATGGGTAGATCACCTGAGTTCAGGAGTTCGAAACCAGTTTGAGCAAGAGCAAGACCCCATCTCTACTATAAATAGAAAAACTATCCGGTGTTGTAGTGGGTGCCTGTAGGCCCAACTACTTGGGAAGCTGAGGCAAAAGGATCACATGAGTCCAGGAGTTTGAGGTTGCTGTGAGCTATAATGCCAGGACACTCTACCCAGGACGTCAGAGTGAGAGAGTCTCAAAA","GGCTGGGCACAGTCACTCATGCCTGTAATCCCAGCACTTTGGGAGGCTGAGGTGGGTGGATCCCTTGAGTCCAGGAGTTCGAGAGCAGCCTGGGCAACAGGGCGAAACCCTGTCTCTACTAAAAGTACTAAAATTAGCCAGGTGTGGTTGCATGTGCCTGTAGTCCCAGCTACTAGGGAAGCTGAAGTGGGAGGATCACTTGAGCCCAGGAGGTGGAGGCTGCAGTGAGCTGTGATCATGCCACTGGCACTCCAGCCTGGATGACAGAGTAAGACCCTATCTCAAAAAA"
"GL873520","69132087","69132220","chr5","89100215","89100340","36","19968128","GCTGGACACGGTAGCTCATGATTGTAATCCTAATACTTTGGGAGGCTGAGGCAGGTGGATTGATTGCCTGAGCTCACAGGTTCAAGATCAGCCTGAACCAGAGAGAGACCCCCTCGTCTAAAAATAACTGATTG","GGTTGGGAGCCGTGGCTCATGACTGTAATCCCATAACTTTGGGAGACAGAGGCAGGAAGATTGCCTGAGCTCACAAGTTCAAGACCAGCCAGAACAATGCGGTGAAACCCCATCTCTACAAAAAAT"
"GL873520","69132506","69132665","chr1","54558782","54558941","40","14573724","AAAAAAAAAGCTAGGTATCGTGGCTGGCACCTGTAGTCCCAGCTACTTGGGAGGCTGAGGCAAAAGAATCACCTGAGCCCAGGAGTTAGAGGTTGCTGTGAGCTATGACGCCATGGCACTCTATCAAAGGTGATAGAGTTAGACTCTGTTTCAAAAAAAA","AGAATTGACTGGGTATGGTGGCACATGCCTACAGTCCCAGCTACCTGGGAGGCTGAGGCAAGAGGATCGTGTGTGCCCAGGAGTTCGAGGCTGCAGTGAGCTATGATCACGCCATTGCACTCAGCCTGGATGATAGAGTAAGACCCTGTCCCTAAAAAAA"
"GL873520","69353400","69353535","chr4","62502184","62502318","29","6851216","GGCTGGGCATAGTGGTTCATGCCTGTAGTTCTATCTCTCTGGGAGGCTGAGGCGGGTGGATTGCTTGAGCTCGGGAGTTCAAGACCAATCTGAGCAAGAGTGAGACCCCATTTCTATTTTAAAAAAGTAGAAAAGT","GGCTGGGCATGGTGGCTCATGCCTGTAATTCTAGCACTTTGGGAGGCTGAGACGGGTGGATTGCTTGAGCCCAGGAGTTCAAAACCAGCCTGGGCAACAATGTGAAACCCTGTCTCCACAAAAAATACAAACATT"
"GL873520","69353815","69353988","chr10","56775428","56775612","44","12578387","CTAGCTAGGCATTGTGGGCACCTGTAGTCTTAGCTACTTGGGAGACTGAGGCAAGAGGATTGCTTCAGTCTAAGAGTTTGAGGTTGTTGTCAGCTGACACCACAGTGCTCTAGCCCAGGCAATAGAATGAGACTCTGTCTCAGAAATAAATAAATAAATAAATAATAAAATAAA","TTAGCCAGTTGTGGTGGTGCACAGCTGTAGTCCTAACTACTTGGGAGACTGAAGCAGGAGGATTGCTTGAGCCCAAGAGTTTGAGACTGCAGCAAGCTATGATTGTGCCACTGCGCTCCAGCCTGGGCAACAGAGGAAGACTCTGTCTCTATAAATAAATAAATAAATAAATAAATAAATAAATA"
"GL873520","69844761","69844932","chr10","90868422","90868591","50","21023661","TACACAAATTAGCTGAGCACAGTGGCTCCTGCTAATAGTCTTAGCTACTCAGGAGGCTGAGACAGGAGGATTGCTTGAGGCCAAGAGTTTGAGGCTGTCGTGTACAATGATCACATTAATGAATAGCCACTGCCCTCCAGCCTGGACAATGTAGCAAGGGGTTATCTCCAAA","AAAATGTAAAATTTGGCCAAGCAAAGGTGGCATACATGCCTGTAGTCCCAGCTATTCAGGAGGCTGAGGCAGGAGGACTGCTTGAGCCCAGGAGTTTGAGGCTGTAGTGGGCTGCGATCATACCAGTGAATAGCTACTGCACTCCAGCCTGGACAACATAGCAGAAACCC"
"GL873520","70264235","70264511","chr1","28750736","28751025","63","41513499","GGTGTGGTGGCTCACGCCTATAATCCTAGCTCTCTAGGAGGCTGAAGCAGATGGATTGCTTGAGCTCAGGCATTGGAGACCAGCCTGAGCAAGAGCAAGACCCTGTCTCTAAAAAAACTAGCTGGGTGTTGTGGCAGGCACCTGTAGTCCTAGCTACTTGGGAGGCTGAGGTAGGAGAATCACTTGAGCCCAGGAGTCTGAGATTGCCGTGAGCTGTGATGCCACAGCTCTCTACCGAGGGCAACAAAATGAGACTCTGTCTCAAAGAAGAGAAAAA","GGTGTGGTGGCTCACGCCTATAATCCCAGCACTTTGGGAGGCTGAGCCAGGTGGATTGCTTGAGCACAGGAGTTTGAGACCAGCCTGCACAATATGGCAAAACCCTGTCTCTACAAAAACTACATATATTAGCCAGGTGTGGTGGTATGTGCCTGTAGTCCCAGCTACTTGGGAGACTGAGGCAGGAGGATCAATTGAGCCCAGGTGGTTGAGGCTGCAGTGAGCTGTGACTGCATCACTGCACTCTAGCCTGGACGACAGAGCAAGACCCTGTCTCCAAAAAAAAAAAA"
"GL873520","70264772","70264787","chr1","172062035","172062048","2","101797263","AATAAAATAAATAAAA","AAAAAATAAAAAAA"
"GL873520","70431995","70432168","chr7","119029682","119029843","46","48597687","GGGGCATGGTGGCGCGTGCCTATAGTGTTAGCTACTCAGGAGGCTGAGGCAGGAGGATCACTTGAACCAGAAATTCAAGGTTACAGTGAGCTGTGACACACCACTCCAACCACTCCAGCCTGGAGGATAGGAGGATAGAGCAAGACACCATCTCTAAGTAGAGAAAAGAAAAAA","TAGCTAGGCATGGTGGTGTGTGTCTGTAGCCCTAGCTACTCAGTAGGCTAAGGCAGGAGGATCACTTGAGCCCAAGTTCAAGGTTACAGTGAGCTATGATTGTGCCACTGCACTCCAGCCCACGTGATAGAGCAAGACTCTATCTCTTAAAGAAAAAAAAAA"
"GL873520","70432195","70432319","chr7","55380099","55380223","24","15052096","GGTCAGGTTACAGTGGCTCATGCCTGTAACTCCAGTGCTTTGGGAGGCCAAGGTGGAAGGATCACTTGAGCCCAGAAGTTTGGGACCATCCTGAGCAACATAACCAGATCCTAACTCTAATAAGA","GGTCAGGCACAGTGGCTCATGCCTGTAATCCCAGCACGTTGGGAGGCCAAGGCAGGAGGATCACTTGAGCCCAGGAGTTTGCGACCAGCTTGGGCAACATGGTGAGACCCTATCTCTACAAAGAA"
"GL873520","70561444","70561605","chr17","5354151","5354316","34","65207293","AATTAGCCAGGCATGGTGGCTCAGGCTTGTAGTCCTAGCTATTCAGGAGGCTGAGGCAAGAGAATCACTTGAGCCTAGAAGTTTGAGGTTGCTGTGAGCTATGACGCCATGGCACCCTACCCAGGGTGACTGAGTGAGACTGTCTCAAAAAAAAAAAAAAAA","TTAGCCAGGCATGGTGGTACATGCTTGTAGTCCCAGCTACTTGGGAGGCTGAGGTGGGAGAATCCCTTGAGCCCAGGAGTTTGAGGTTGCAGTGAGCTATGATTGTGCCACTCTGCATGCCAAGTCTGGGTGACAGTGAAACTGTCTCAAAAGAAAAAAAAGAAAA"
"GL873520","70561626","70561754","chr5","38564696","38564817","26","31996930","GGCTGGGTGCAGTGGCTGATGCCTGAAATCCTAGCATTCTGGCAAGCTGAGGTGGCAGGTGGATTGCTTGAGCTCAGGAGTTTGAGACCAGCCTGACCAAGAGCAAGACCCTGTCTCTACTAAAAATAA","GGCTGGGTGCAGTGGCTCATGCCTATAATCCTAACATTTTGGGAAGCTGAGGTGGGTGGATCGCTTGAGCCCAGAAGTTTGAGACCAGCTTGGGCAACATAGTGAGACCCTGTCTCTATAAA"
"GL873520","70984973","70985269","chr19","61169515","61169813","69","9815458","GCACAGAGGCTCATACCTATAATCCTAGCACTCTGAGAGGCCGAGGTTGGTGGATCACCTAAGCTCAGGAGTTTGAGACCAGCATGAGCAAGAATGAGACCCTATCTCTACTAAAAATAGAAAAACTAGCCAGATGTTGTGGTGGGTGCCTGTAGTCCCAGATACTTAGGAGGCTGAGGCAGGAGGATGGCTTCAGCCCAAGAGACTGAGGTTGCTATGAGCTGTGAAGCCATGGCACTCTACTGAGGGCAACAAAGTGAGACTGTGTCTCAAACAAATAAAATAAAATAAAAATAA","GGGCACAGTGGCTCTTTCCTGTAATCCCAGCACTTTGAGAGGCTGAGGTGGGAGGATCACTTGAGTCCAGCAGTTTGAGACCAGCCTGGGCAATACAGTGAGACCCTGTCTCTACAAAAAATATAAAAATTAGCTGGGTGTGTTGGTGCCTGCCTGTGGTCCCAGCTGCTCAGGAGGCTGAGCCAGGAGGATGGCTTGAGCCCAGGAGGTCGGGGCTGCAATGAGCCGAGAGGTCATGCCACCGCTCCAGCCTGGGCGACAGAGAGAGACCCTGTCTTAAAAAAAAAAAAAGAAAAAAA"
"GL873520","71031217","71031408","chr4","57296207","57296386","48","13735010","AAAAAAGATAGAAAAATAAAGTGAGCATAGTGGTGTGTCATAAGTAGTCCCAGCTACTTGGCAGGCTGAGGCAGGAGCATTGCTTGAGTCCAGGAGTTTTAGGTTGCAGTGAGCTGTGATGACATGATGCCACTGTGCTCTATCCTAGGCAACAGAGCAAAACCCTGTGTCAAACAACAACAACAATAAAAA","AAAAAAGAAAAATTAGCCAGGCATGGTGGCATGTGCCTGCAGTCCCAGCTACTCAGGAGACTGAGGTGGGAGGATTGCTTGAGCCAGGGAGATTGGGGCTGCAGTGAGCTGTGATATCATGCCACTGTACTCCAGCCTAGGCCGCAGAGTGAGACCCTGTCTCAAAACAAAAACAAAAAA"
"GL873520","71031681","71031796","chr19","18214436","18214546","24","52817245","CTGTAATCCTAGCACTTTGGTAGGTTGAGGTGGGAGGATTGTTTGAAGCTAGGAATTCAAGACCAGTCTTGGCAACATAGTGAGACCCTGTCTCTGCAAAAAATTAGAAAAATAAT","TGCAATCCCAGCACTTTGGGAGGTTGAGGCAGGAGGATCACTTGAGCCCAGGATTCGAGATCAGCCTGTGCAACATGGTGAGACCCTGTCTCTACAAAAAGTAGAAAAATT"
"GL873520","71086533","71086689","chr8","38296068","38296228","42","32790465","CTAGCTGGGTGTTATGGTGGGCACCTGTAGTCCCAGCTACTCCGAAGGCGGAGGCAAGCAGATCACTTAAGTCCAAGAGTTTGAGATTGCTGTAAGCTATGATGATGCCCTGGATTTCTACTCAGCATGACAGAGTGACACTGTCTCAAAAATAAAA","TTTAGCTTGGTGTGGTGGTGGACACCTGCAATCTCAGCTACTCAGGAGGCTGAGGCAGGAGGATCACTTGAGTCCAGGAGTTTGAGGCTGCAGTAAGCAATGATTGTACCATTGCATTCCAGCCTGGGTGACAGAGTGAGACCCCATCTAAAAAAAAAAAA"
"GL873520","71086953","71087087","chr22","28422281","28422416","25","42664672","GGCATGGGGTGGTGGCTCACACCTGTAATCCTAGCACTCTGGGAAGCCTAGAGGGGTGGATTGCTTGAGCTCCGGAGTTCAAGACCAACCTTGAGCAAGAATGAGACCCCATCTCTACTAAAAATAGAAAAAGTA","GGCAGGGCGTGGTGCCTCACACCTGTAATCCCAGCACTTTGGGAGGCTGAGGTGGGAGGATCGCTTGAGTCCAGGAGTTCAAGACCAGCCTGGGCAACATGGTGAAACCCCATCTCTACTAAAAATAAAAAAATTT"
"GL873520","71331890","71332125","chr20","30673841","30674091","64","40658049","GCCTGTAATCCTATCACTTTGGGAGGCTGAAGTGAGTGGATTACTTGAGCTCAGGAGTTTGAGACCAGCCTAAGCAAGAGCATGACTCTGTCTCTACTAATTAGAAAAATCAGCCAGGCATGGTGGCAGGCACCTGTAGTCCCAGCTACTTGGGAGGCTGAGGCAAGAGGATTGCTTGAGCCGAAAAGGTTGCTGGGAGCTACGATGCCAGAGCAACAGACTAAGACTCTGTCTCA","CACGCGTGTAATCCTGGCACTTTGGGAGGCCGAGGCAAGCGGATTGCTTGAGCTCAAGAGTTCGAGACCAGCCTGGGCAACATGGCAAAATCCTGTTTCTACGAAAAAAATACAAAAATTAGCCGGGCATGGTGGCACACACCTGTAGTCCCAGCTGCTTGGGAGGCTGAGGCAAGAGGATTGCTTGAGCCCGGGAGGTAGAGGCTGCAGTGAGCTGAGATCACGCCACTGCACTCCAGCCTGGGCGACAG"
"GL873520","71345766","71346024","chr1","36477448","36477714","67","34868318","CCAAGTGCAGCAGCTCCCACCTAAAATCCTAGCACTCGGGGAGGCCAAGGAGGGTGGATCACTTGAGAGCAGAAGTTCAAAACCAGCCTGAGCAAAGGGTGATCCCATCTCTACTAAAAATAGAAAAATGGGTTGGTCACAGTGGCAGGTGCCTGTAGTCCCAGCTATTTAGGAGGATAAGGCAGGAGGATCACTTGAGCCCAGGAGTTTGAGGTTGCTCTGAGCTAAGCTGATGCCACTCTAGTCTGGGCAACACAGC","CCAGGTGCAGTAGCTCACCCCTGAAATCCTAGCACTCTGAGAGGCCAAGGCGGGTGGATCACTTGAGCCCAGGAGTTTGAGACCAGCCTGGGCAACATAGTAAGACCTCATCTCTACAACAAATACAAAAATTAACTGGGCATGGTGGTTTGTGCCTATAGTCTCAGCTACTCAGGAGGCCGAAGCAGGAGGATCATCTGAGCCTGGGAGGTCAAGGTTGCAGTGAGCCGTGATCAAGCCACTGCACTCCAGCCTTGGCCACAGAGC"
"GL873520","71346046","71346069","chr9","124703980","124704002","4","53357934","TTGTTAAAAAAAAATAAAAAAGAA","GTCTTAAAAAAAAAAAAAAAAAA"
"GL873520","71514260","71514298","chr19","16922261","16922295","7","54591999","CAGAGTGAGACTCTTGTCTCAAAAAAATAAAATAATAAA","AAGTGAGACTCTGTCTCTAAAAAAAGAAAAAAAAA"
"GL873520","71514393","71514660","chr22","25275994","25276259","77","46238399","GGCCAAGTGCCATGGCCCATACCTATATAATCCAGCACTCTTGAGAGGTCAAGGCAAGAGAATACCTTGAGCTAGACTTCCAGACCAGCCTGAGCAAGAACAAGACTCTGTCTCTGCTGAAAATAGAAAAACTAGCCAGGCATGGTGGTGGGTGCCTCTAGTTCAGCTACTCAGGAAGCTGAGGCAAAAGAATCACTTGAACAAGAGTTTGAGGTGTGATCTAGGCTGATGCCATGGAACTGTAGCCTAGGGCAACAGAGTGAGACTA","GGCCAGGTGCAATGGCTCATGCCTGTAATCCCAACACTTTGGGAAGCCAAGGCAGGCCAATCACTTGAGCTCAGGAATTCGAGACCAGCCTGAGCAACGTGGCAAAATCCTGTCTCTACAAAAAATAGCCAGGCATGGTGGTGGGTGCCTGTAATCTCAACTACTCGGAGGCTGAGGTGGGAGGATCGCTTGAGCCTGGGAGGCGGAGGTTGCAGTGAGCCATGATTGCGCCACTGAACTTCAGCTGGGGCGACAGAGTGAGACTC"
"GL873520","71587735","71587853","chr1","93453408","93453531","26","21865673","GTTGGGCACAGTGGCTCACATCTATAATCCCATCTACTTGAGAAGACTGATGCAGGTTTACCTGAGCCTAGGAGTTTGAGAACAGCTTGGGCAACATAATAAAAGCCCATCTCAAAAAA","GGCCGGGCACAGTGGCTGACACCTATAATCCCAGCACTTTGAGAGGCTGAGGTGGGAGGATCCATTGAGCCTAGGAGTTTGAGACCAGCCTGGGCAACATAGTAAAACCCCATCTCTGCAAAAA"
"GL873520","71662488","71662658","chr5","74746592","74746764","42","3084104","TTAACCAGGCATAGTGGAGGGAACCTGTAGTCCCAGCTATTCTGGAGGCTGATGCAGGAGGATCATTCGAGCCCAGGAGTTGGGGGGTGCTGGAAGCTATGATGATGTCACTGCACTCTACCCAGGGAGACACAGCAAGACTCTCTGCAAAAAGAAGAAGAGACGAGAAAA","TAACCAGGCATGGTGGTGTGTACCTGTAGTCCCAGTGACTGGGGAGGCTGAGGCAGGAGGATCACTTCAGCCCAGGACTTTGAGGCTACAGCGAGCTACGATTGTGCCACTGCATTCCAGGCTGGGTGACAGAGCAAGACGGTGTTTGAAATAAAGAAAAAGAAAAGAAAAAA"
"GL873520","71662950","71662998","chr1","40803029","40803077","13","30859921","AGTCTGAGCAAGAGTGAGACCCTGTATTTACTAAAAATAGAAAAATTAG","AGCCTGAGCAATATAGTGAGAACTTCTCTCTACAAAAATTAAAAAATTA"
"GL873520","71712370","71712500","chr3","132031399","132031533","29","60319029","CCAGGCATGGTGGCTCATACCTATAATCCTAGCACTCTGGATCTCCAAGGTAGGTGGATTGCTTGAGCTCACAAGTTCGAAACCAGCCTGAGCCAGAGCGAGACCCTGTCTCTATTAAAAATAGAAAAACT","GGCCAGGCATGGTGGTTCATGCCTATAATCTCAGCACTTCAGGAGGCCAAGGCAGGTGGATCACTTGAGCCCAGGAGTTCGAGACCAGCCTGAGCAACACGGCAAAACCCCGTCTCTACAAAAAATACAAAAATT"
"GL873520","71712775","71712792","chr1","131951482","131951496","4","60238707","TAAAAATATAAAAACTAT","AAAAAATAAAAATAA"
"GL873520","71713073","71713252","chr5","39633857","39634030","47","32079216","AGATAATAGAAAAACTAGCTGGGCATTATGGCGGGCACCTATAGTCCCAGCTACTCAGGAGGCTAAGGCAGGAGGATCACTTGAGCCCAAGAGTTTGAAATTGCTAGGAGCTATGATGCTATGGGACTCTACCCAGGGCGAAACAGTAAAATTATGTCTCAAAAAACAAAAATTAAAAAA","AAAAAATACAAAAATTAGGTGGGTGTGGTGGCAGGCACCTGTAGTTCCAGCTACTTGGGAGGCTGAGGCAGGAGGATCACTTGAGCCTGGGAGGTCAAGGCTGCAGTGAGGTGGAGCATTGTAATCTAGCCTGTGTGACAGAGTAAGAGCCTGTCTCAAAAAACAAAAATAAAA"
"GL873520","71715674","71715793","chr1","134480867","134480991","30","62765193","GGCTGATACCTGTAATCCTAACACTCTGGGAAGCAAAGGCAGGATTCCTTAAGGTTAGGAGTTCAAGAACAGCCTGAGCAAGAGTAAGCCCCGTCTCTACTGAAAATAGAAAAATTAAGT","GTGGCTCATGCCTGTAATCCCAGCACTTTGGGAGGCCAAGGAGTGAGGATTGCTTAAGTCCAGGAGTTCAAGAACAGCCTGGGAAACATAGTAAGATCCTGTCTCTACAAAAAATAAAAAATTGT"
"GL873520","71716045","71716235","chr19","13448557","13448737","51","58267488","CAAAAAAAAAGAAAGAAAGAAAAAGAAAAATTAGCTGGGCATTGTGGCAGGCATCAACAATCCCAGCTACTTGGGAGACTGAGGCAGGAGGATCTTTTGAGTCCAGGAATTTGAGATTGCTGTAAGCTAGGCTGATGCCACAGCACTCTAGCCTAGGCATCAGAGAGAGACTCTATCTCAAAAAGACAAAA","AAAAAAAAAAAAAAAGGTTTTATTAGCCAGGCATTGTGGTACACACCTATAGTCCCAGCTACTCAGGAGGCTGAGGCAGGAGGATTGCTTGAGCCCAGGAGGTTGAGGCTGCAGTGAGCTATTTTCACACCACTGCACCCCAGCCCAGGCAACAGAGTGAGACTGTTTCTAAAAATAAAAA"
"GL873520","71721242","71721360","chr1","32371726","32371849","31","39349516","GGATCAAGCCTGTAATCTCAGCATTCTGGGAGACTGAGGCAGGGGATCTCCTGAGCCCATGAGTTTGAGACCAGCTCTGAGCTAAAGGGAGACCCTGTCCCTAAAAAAACAGCTGCTGG","GTGACTTATGCCTGTAATCTCAGCACTTTGGCAGGCTGAGGAGGGTGAATCCCTTGAGCCCAAGAGTTTGAGACCAGCCTGGGCAACATAGGGAGACCCTGTCTCTGTACAAAATACAAAAATT"
"GL873520","71721650","71721811","chr4","75562087","75562252","42","3840437","CAGCTGGGCGACAACGCAGGCACCTATAGTCCTAGCTACTCAGGAGGCTGAGACAAGAGAATTGCTTCAGCCCAAGAGTTTGAGGTTGCTGTGAGCTATGACGCCATCCCAGCACTCTACAGGAGGTGACAAAATGAGACTCTCTCAAAAAAAAAAAAGAAA","TTAGCTGGGTGTGGTGGCATGCACCTGTAGTCCCAGCTACTTAGGAGGCTGAGGCAAGAGGATCACTTTAGCCCAGGAGGTGGAGGTTGCAGTGAGCTGAAATCATACCACTGCACTCCAGCCAGGGTGACAGAGTGAGACCTTGTCTCAAAAATAAATAAATAAA"
"GL873520","71738069","71738113","chr19","42973848","42973891","12","28764221","CCAGAGCAACAAAGTTAAACTCTATGTCAAAAAAATAAAAAATAT","AGCCTGGGCAACAGAGTGAAACTCCATCTCAAAAAAAAAAAAGA"
"GL873520","71738384","71738456","chrUn_GL394842","4208","4284","23","71734176","TAAAATAAAATATAGTCAGGTATAACAGGGCATGTCTGTAATCCTAGCTACTTGAGAGGTTGAGGCTGGAGGA","TACAGATAGAGAAAAATAGCCAGCCACGATGGCTCATGCTTGTAATCCCAGCACTTGGGAGGTTGAGGCAGGCGGAT"
"GL873520","71738738","71738846","chr3","185862422","185862530","31","114123684","TGGGGCTGGAAGATTGATTGAACCCAGGAGGGTGAGGCTGCAGTGAGCTATGACTACACCACTGTACTCTATTCTGGGCAAGATCCTATTCTCTATAAATAAATAAAAA","CGAGGTGGGAAGATTGCTTGAGCCCAGGAGGTTGAGGTTCCAGTGAGCTATGATTACACAACTGCACTCCAGCCTGGTGGCAGAGTGAGACCCCGACTCAAGAAAAAAA"
"GL873520","71765107","71765191","chr19","13677223","13677304","25","58087884","TGGCTCAAATCTGTAATCCTAGCTTTCTGTGAGGCATAGGCAGGAGAGAGGATCCTTTGAGCTCAGTTCAAAACCAACCTGGGCA","TGGTTCACGTCTGTAATCCTAGCACTTTGGGAGGCCAAGGCAGGCAGATTGCTTGAGCTCAGGAGTTAGAGACCAGCCTGGG"
"GL873520","71765470","71765741","chr2A","43992291","43992526","94","27773179","CCAAAAAACAAAAAACAAAGACCAGCCTGGATATGAGCAAAACCCTACTCTACTAAAAATGAAAAATTTGTAGTGGACACTTGTAGTCCTAGCTACTTGGGAGGCTGAGGAAAGAGGATCGCTTCAGCCTAGGATTTGAGGTTGCTGCAACTTAGGCTGACACTATGGCACATTGCACGGCACATCCCCCATGGCACTCCAGCCTGGGAAACAAAGTGAGATTCTGTCCCACAAACAAACAAACAAACAAAAAAAAAAAAAAGAAAGAAAGA","CCAGGCTAGACAATATAACAAGACCCCATCTCTACAAAAATAATTTTAAAAATTAGCTGGATGTGGTGGCATGCACCTGTAGTCCCAGATATTTGGGAGGCTGAGGTGGGAGGATCGCTTGAGCCCAGGAGGTTGAGGCTACAGTGAGCCATGATCATGCCACTGCACTTCAGCCTGAGCAACAGAGAAAGACCCTGTCTCAAAACAAAACAAAACAAAAAAGAAAGAAAAGAAAA"
"GL873520","71859434","71859575","chr15","20896405","20896549","32","50963029","CCAGGCACGGTGGCTCACAGTGTAATCTTAGCATTCTGGGAGACCAATACGGGAGGATCCCTTGAGCTCAGAAGTTTGAGACCAGCCTGAGCAAGACCAAGACCCCCATCTTTACTAAAAATAGAAAAATTAGCCAGGCGGG","GCCAGGTGCAGTGGCTCACGCCTATAATCCCAGCACTTTGGGAAGCCAAGACGGGAAGATTGCTTGAGCCCAGGAGTTTGAGACCAGCCTGAGTGACATAGCAAGACCCCCATCTCTACTAAAAATTTAAAAATTAGCCAAGCAT"
"GL873520","71859848","71860010","chr6","108647140","108647303","33","36787292","TTAGCCAGGCATTGTGGCTGGCACCTATAGTTCTAGCTACTTGGGAGGCTGAGGCAGGAGGATTGCTTGAACCCAGGAGTTTAAGGTAGCTTTGAGCTATATTCACGCTACAGCACTCTACCCAGGGCAACAAAGGGAGACTCTGTCTCAAAATAAAAAAAAA","ATTAGCCAGGTGTGGTGGCATGCACCTGTAGTCCTAGCTACTTGGGAGGCTGAGGCAGGAGGATTGCTTGAGCCCAGCACTTCGAGGTTATGGTGAGCTATGATCGCGCCACCACACTCCAGCATGGGCAACAGAGCAAGACTCTGTCTCAAAAAAAGAAAAAA"
"GL873520","71889809","71889896","chr4","102587702","102587786","18","30697893","GACCATGCATGGTGACTCATCACCTGTAATCCTAGCACTGTGGGAGGCAAAGGCAGAAGGACCACTTGACCTCAGGAGTTCGAGACTA","CCAGGCATGGTGGCTCATGCCTGTAATCTCAGCACTTTGGGAGGCCGAGGTAGGAGGATCACTTGAGCCCAGGAGTTCAAGACCA"
"GL873520","71906463","71906554","chr1","100475713","100475809","24","28569250","AGGCTAAGCTGGGAGGACTGATTGAGGCTAGGGGTTTGAGACCAGTTTGGACAACACAGCAAGACCTTGTCTCTATAAAAAATAGAAATTTA","GCCAAGGTAGGAGGATTGCTTGAGCTCAGGAGTTTGAGACCAGCCTGGGCAACACAGAAAGACCTTGTCTCTCTTAAAAATAAAAATAAAAAATATA"
"GL873520","71906841","71906992","chr12","112046931","112047085","37","40140090","ATTAATTAGCCAGACATGGTGGCATGCACTGTAGTCCCAGATGCATGGGACTGAAGCAGGAGGATCACTTAAGCCTAGGCATTCATTCAAAGTTGCAGTGAGCTACAATGGTGCCACTGCACTCTAGCCTGGCAGCAGAGTAAGACCCTATC","TAATAATTAGCTGGTCATGGTGACACGCACCTATAGTCCCAGCTACTAGGGAGGCTGAAGCAGAAGGACCGCTTGAGCCCAGGAGATCAAGGTTGCTGTGAGCTACGAATGCGCCACTGCACTCTAGCCTGGGCAACAGACCAAGACCCTGTCTC"
"GL873520","71931007","71931245","chr1","31981787","31981992","76","39949220","AGCCTGGACAACATAATGAGACACATACACACCCCCCACAATCTCTTCAGAAAATTTTTTAAAAGATTAGCCAGGCATAGGGGTGGCTGACCTAGGTGGTAGTGCTAGCTACTCACAAGGCTGAGGCAGGGGGATCACTTAAGCCCAGAAGTTTCAGGCTGAAGTGAGCCTCTACCCTGAACTACACAGGCCACTACATTCTCACCTGGGCAACAGAGTGAGACCCTGTTTTAAGAAAA","CAGCCTGGGCAACATGGCAAAACCCTCTCTCTACAAAAAAATATAAAAAATTATCCAGGCATAGGGGTGCATGCCTGTAGTCCCAGCTACCTGGGAGGCTGAGGCAGGAGGAACATTTGAGCCTGGGATTCAGAGGTTGCAGTGAGCCGAGAACACGCTATTACACTCCAGCCTGGGCGACAGAGAGAGACCCTGTCTCAAAAAAA"
"GL873520","71932480","71932573","chr8","83164751","83164843","25","11232271","GTAGCTTACTCCTCGAATCCTAGCACTGTGGGAGGCCCAAGCACTAGCATCCTTTGAGCTCAGGAGTTTGAGACCAGCCTGAGCAAGAAGGTGA","GGTGGCTCATGCCTGTAATCCAAGCACTTAGGGAGGCAGAAGCAGGAGGATCACTTGAGCCCAGCAGTTTGAGACTAGCCTGGGCAAGATAGT"
"GL873520","71942126","71942402","chr1","45387048","45387332","80","26555078","TGCCTCACGCCTGTAATCCTAGCATTCTGTGAGGCCAAGTCAAGTGGATTGCTTGAGCTCACAAGTTCCAGACCAGCTTGAGTGAGAGCAAGACCCTGTCTCTAAAAAATAGCCAGGCGTTGTGGCAGGCACCTGTAGTCCTAGCTACTTGGGAGGCTTAGGCAGAAGGATCGCTTGAGCCCAAGTATTTGAGGTTTCTGTGAGCTATCACACCATGGTACTCTTCCAAATATGACAGAGAGAAATTCTATCTCAGATAAATAAATAAATAAATAAA","GCATGGTGGCTCACACCTGTAATCCTAGCATTTTGGGAGGCCAAGGTGGGTGGATTACTTGAGTTCAGGAGTTCAAGACCAGCCTGGGCAACATGGCAAAACCCTGTCTCTACAAAATATTAGCCAGGTGTGGTCAGTCGCCTGTAATCCCAGCTACTTGGGGGCTGAGGCAGTAGGATCACTTGATCCCAGGAGATAGAGGCTGCAGTGAGTCAAGATCACACCACTGCACTGCAATCTGGGTGACAAAGTGAGACCCTGTTTCATTAAAAAAAAAAAAAAAAA"
"GL873520","71967300","71967397","chr12","110843818","110843910","27","38876518","GAGAGAGAATTTGAGGTTGCTGTGAGCTATGATGCCACAGTATTCTACTCAGGGCAACAGAGTAAGTGAGACTCTGTCTCAATAAATAAATAAATAAA","CGAGAGGTCGAGGCTGCTGTGAGCCATGATCGCACCACTGCACTCCAGCCTGGGCGACAGAGTTGAGACCCTGTCTCAAAAAAGAAAAAAAAA"
"GL873520","71967680","71967795","chr16","29587398","29587507","36","42380282","AAAAGAAAAGAAAAAAATAGAGAAAATAGCCAGCCGTTGTGGTGGGCACCTGTTATCCCAGCTACTTGAGAGGCTGAGGTAAGAGGATCTCATGAGTCTAAGAATTTGAGGTTGCT","AGAAAGAAGAAAAGAAAATTAGCCAGGTGTGGTTGCATGCACCTGTAGTCCCAGCACTTTGGGAGGCCAAGGCAGGAGGATCAATCAAGGCTAGGAGTTTGAGACTGCAG"
"GL873520","71968030","71968159","chr12","60741612","60741746","25","11226418","GCCAGGCATGGTGGTTCATACCTATAATTCTGGCACTCTGGAATGCTAAGGCAGGTGGATTGTTTGAGCCCAGGAGCTGGAGACCAGCCAGAGCAAGAGCAAGACCCCTCTACCAAAAATAGAAAAACTA","GGCCAGGCATGGTGGTTCATACCTGTAATCCAAGCACTATGGGATGCTGAGGCAGGAGGATCATTTGAACCCAGGAGCTTGAGACCAGCCTGGGCAACATGGCAAGACCCCGTCTCTACAAAAAATACAAAAATT"
"GL873520","71978122","71978223","chr16","14747892","14747988","28","57230230","CCTCTGAGCCCAAGAGCTGAAGGTTGCTGCTAGGGTAACACCATGACAGTCTAGCTTGGGGCAACAGAGTAAAATTCTGTCTCAAAAAAAAAGAAGAAAAAA","CCCAGGAGGTCGAGGCTGCAGTGAGCTGAGATCACACCACTACACTCCAGCCTAGGCAACAGAGTAAGACCCTGTCTCAAAAAAAAAAAAAAAAAAA"
"GL873520","71978477","71978693","chr14","57676777","57676992","58","14301700","GTTGGACGCAGTGGCTCACCCTTTTAGTCCTAGCACTATGGGAAGCCAGATAGGATGATCCCTTGAGCTCAGGAGTTCGAGATTAGCCTGTGCAAGAGCAAGACCCCGTCTCTACTAAAAAATAAAAAAAATTAGCTGGAGGTCATGGTAGGTGCCTGTAATCCAGCTGCTTGGTAGGCTGAGGCAGTAGGATCACTTTAGCCCAAGAGTTTTTCTG","GCCAGGCATGTTGGCTCATACCTGTAAAGCCAGCACTTTGGGAGGCCAAATCAGGAGGATCACTTGAGCCCAGGGGTTCAAGACCAGCCTGAGCAACATAGTCCAACCTCATCTCTACTAAAAATAAAAAATAGTAGCCAGGCGTGGTGGCATGCCTGTAGTCCCACCTACTTGGAAGGCTGAGGCAGGAGGATCACTTGAGCCCAGGAGATCTAG"
"GL873520","71986255","71986513","chr15","72672161","72672426","72","685906","GCCAGGCACAGTAGCTCATGCCTGTAATCCCAGCACTCTGAGAGGCCAAGGCCGGCAGATAGCATGAGCTTACAAGTTTGAGACCAGCTCTGAGCAAGAATGAGACCCTGTCTCTAAAAATAGCCAGGTGTTGTGGTGGGCGTCTATAGTCCCAGCTACTCAGGAGGCTAAGGCAAGAGAATAGTTTGAGCCTAAGAGTTTGAGGGTGCTGTGAGCTATGAGGTCACCGCACTCTATTGGAGGCAGCAAAGCGAGACTC","GACCAGGTGCAGTGGATCCTGCCTGTAATCCCAGCACTTTGGGAGGCTGAGGTGGGCAGATTACTTGAACCCAGAAGTTTGAGACCAGCCTGGGCAACATGGCAAAACCCTGTCTCTACAACAAATTAGCCAGGTGTGGTGGTGCCCACCTGTGGTCCCAGCTACTCGGGAGGCTGAGGTGGGAGGATCACTTGAGCCTAAGAGGTCAAGGCTGCAGTGAGCTGTGATCACACCACTGCATTCCAGCCTGTGCCACAGAGGAAGAC"
"GL873520","71986546","71986558","chr6","96888780","96888792","1","24902234","TAAAAAAATAAAA","GAAAAAAATAAAA"
"GL873520","71995816","71995902","chr6","152887479","152887553","24","80891663","GTAATCCTAGCACTCTGGGAGACTGAGGGAGGAAGATCTCTTGAGCTCAGGCTCAGGAGTTCGAGACCAGCTTGAGCAAGTAGTGAA","GTAGTCCTAGCTACTCGAGGGCTGAGGCAGGAAGATTGCTTGAGCCCTGAAGTTCAAGACCAGCCTGAGCAGCAT"
"GL873520","72046628","72046682","chr10","43406320","43406376","19","28640308","TTGGGAAACTGAGGCAGGAGAATCACTTGAGTTTGAGGTGAAAGTGAGCTGTGAT","TACTGGAAGGCTGAGGTGGGAGGATCACTTGAGCTGCGGAGGTCAAGGCTGTGATGA"
"GL873520","72046958","72047043","chr1","176948461","176948538","19","104901503","GTGAGCTGAGATGATGCCAACTGCACTCTAGCTGGGGTGATAGAGCCAGACCTTATCTCAAAAACAAAAAAAGAAGAAAAGAAAAA","GTGAGCTGAGATCACGCCACTGCATTTCAGCCTGGGTGTCAGAGTGAGACCTTATCTCAAAAAAAAAAAAAAAAAGAA"
"GL873520","72064016","72064255","chr4","161990747","161990980","74","89926731","AAAGCAGGATTTCTTAAGTTCAAGAGTTTGAGAACAGCATGAGCAAGAGCAAGACCCCCATCTCTACTAGAAATAAAAAAAGTTAATCAGGTCTTGTGGCAGGTGCCTTTAGTCCCACCTACTCTCAAAAGGTTGAGGCAGGAGTATCACTTGAACCCAGGAGTTTGAGGTTGCTGTAAGCTAGGTTGCTGTGAGCTGGGCAACAGGAGGAGGCTGTCTCCAAAAAAAAAAAAAAAAAAA","GGATTGCTTGAGCCCAGGAACTCGAGACCAGACTGAGCAACATGGCAAAACCCATCTCTACAAAAAATACAAAAATTAGCTGGCGTGGTGGCACATGCCTCTAGTCCCAACTACTCAAGAGGCTGAGGTGGGAGGATCACTTGAGCCCGGGAGGCGGAGGTTGCAGTGAGCAGAGATCATGCCACTGAATTACTCACTCCAGAGTGAGACTCTGTCAAAAAAAAAAAAAAAAAA"
"GL873520","72064350","72064426","chr11","47919834","47919912","18","24144516","GGCAGGGCATAGTGGCTCATGCCTGTAATTCCAGCACTCTGGGAAGCCAAAGCAGGAGGATTTCTTTCTTTTTTTTT","GGCTGGGCACAGTGGCTCATGCCTGTAATCCCAGCACTTTGGGAGGCCAAGGCAGGAAGATCACTTAAACCCTAGAGTT"
"GL873520","72100882","72100981","chr17","73310455","73310554","19","1209573","GGTGGCTCACACCTGTAAACCCAGTACTCTAGGAGGCTAAGGCTGGTAGATCACTTGAGCTCAGGAGTTCAAGACCAGCCTGAGCAAGAATGAGACCCTA","GGTGGCTCACGCCTATAGCCCAGCACTTTGGGAGGCCAAGGCAGGAGGATCACCTGAGGTCAGGATTTTGAGACCAGCCTGAGCAAGATAGAGACACCTA"
"GL873520","72101237","72101434","chr8","99316510","99316708","53","27215273","TGAATGAGACCCTGTCTCTACTAAAAATAGAAAAACAAGCTGGGCGTCATGGCAGACACCTGTATTCCCAGCTACTCAGGAGGTTGAGGCAAGAGGATCACTTGAGCCCAAAGAGTTTGAAGTTGCTGTGAGTGATGATGATGCGATGGCACTCTACCCAGGGCAACAGAGTAAAACTTTGTTTCAAGAAAAAAAAAA","TGGCAAAACCTCGTCTCTACAAAAAACACAAAAAATTAGCTGGTGGTGGTGGCACGTGCTTGTATTCCCAGCTACTGGGGAGGTTGAGATGAGAGGATCACCTGAGCCCAAGAGGTCAAGGCTGCAGTGAGCTGTGATTATGCCACTGCACTCCAGCCTGGGCAACAGAGTGAGACCCTATATCAAAAAAAAAAAAGAA"
"GL873520","72195648","72195848","chrX","27492711","27492912","47","44702937","GGCCAGGTTCAGTGGCTCATGCCTGTAATTCTAGCACCCTGGGAGACCAAGGCAGGTGGATTGCTTAAGCTCAGGAGTTCGAGATCAACCTGAGGAAGAGCAAGACCTCGTCTCTACTAAAAATAGAAAAACTAGCCAGGTGTTGTGGCAGTTTCCTATAGTCCCAGCTACTTGGGAGACTGAGGCAAGAGAATCACTTGA","CCAGGCGTAGCCACTCACGCCTGTTATCCTAGCACTTTGGGAGGCTGAGACAGGTGGATTGCCTGAGCTCAGGAGTTCGAGACCAGCCTGGGAAACACGGTGAAACCCCTGTCTCTACAAAAATACAAAAAATTAGCCAGGTGTGGTGGTGTGTGTCTGTTGTCCCAGCTACTTGGGAGGCTGAGGCATAAGAATCGCTTGA"
"GL873520","72196102","72196199","chr4","104162392","104162491","27","31966290","GAGGATTACTTAAGCCTGAGAGTTTGAGGTTGCTGTGAGCTATAATGCCATAGTACTCTACCCAGGGCAACAGAATCTTATTCTGTCTCAAAACAAAA","GGAGGATCACTTGAGCCTGAAAGGTTGAGGCTGCAGTAAGCTTCATCACCCACTGCACTCCAGCCTGGGTGACAGAGTGAAACCCTGTCTCAAAACAAAA"
"GL873520","72206479","72206765","chr9","104142695","104142990","72","31936216","GGGTGTGGTGATGGCTCATGCCTATAATCCTCACACTTTGGGAGGCCGATGTGGGAAGATCACTTGAGCTCAGGACTTCAAGACCAGCTTGAGCAAGAATGAAACTCCATATCTGCTAAAACTAGAAAAATTAGCTGGGCATTGTTACATGTGCCTGTAGCATCCTAACCACTTAGGAGGCTGGGGCAAGAGGATGGCTTGAGCCCAGGAGCTGGAAGTTATACTCCAGTTACACTACACTCTAGCTAGGGAGACAGAACAAAACTCTGTCTCAAAAACAAACAAAA","GGCTGGGTGTGGTGGCTCATGCCTGTAATTCCAGCACTTTGAGAGGCTGAGGTGGGCAGATCACTTGAGCTCAGGAGTTCAAGACCAGCCTGGGCAACATGGCAAAACTCCATCTCTACAAAAAATACAAAAATTAGCAGGCATGGTGGTACATGCCTGCAGTCCCAGCTACTCGGGAGGCTGAGGTGGGAGGATTGCTTGAGTCTGGGAGGTGGAGGTTGCAGTGAGCCGAGATCCACTACTGCACTCCAGCCAGGGTGACAGAGCAAGACACTGTCTCAAAAATAAAAATAAAA"
"GL873520","72207778","72207917","chr14","74199793","74199926","35","1992015","TTAGCTGAGTGCTTTGTTGAGCACCTGTAGTCTCAGCTATTTGGGAGGCTGAGGCAAGAGGATAACTTGAGCCCGGGAGTTTGAGGTTGCTATGAGCTAGGCTGAGGCTGACACCATGGCACTCTACCCAGGGCAACAGA","TTAGCCAGGTATGGTGGTGCACACCTGTAGTCCCAGCTACTTGGGAGACTGAGGCAGGAGGATTGCTTGATCCCAGGAGTTGAGGCTGCTAAGAGCTATGATCATGTCACTGCACTCCAGCCTGGGCAACAGAG"
"GL873520","72208172","72208304","chr12","99234635","99234766","24","27026463","GGCCAGGCAGAGTGGCTCATGTCTGTAATCCTAGCACTCTGGGAGGTCAAGCCAGGAGGATCTCTTGAAGCTGGGAGTTCAAGACCAGCATAAGCAAGAAGACCACATCTCTACTAAAAATATAAAAATTAAG","GGCCAGGCATAGTGGCTCATTTCTGTAATTTCAGCATTTTGGGAGGCCAAGACAGGAGGATCACTTGAAGCTAGGAGTTCAAGACCAGCCTGGTCAACATAAGACCCCATTTCTACAAAAATTTAAAAATTA"
"GL873520","72272447","72272600","chr1","151076684","151076838","41","78804237","AAAAAAAAGACCAGGTGTGGTGGAATGCACCTGTGTAGTCCCAGCAACTTGGGAGGCTGACGCAGGTGTACTGCCCAGGAATTTGAGGTTTTAGTGAGCTATGATGACACACTGTACTCTAGCTCAGGCAACAGAGTGAGACCCTGTTTTAAAA","AATAAGCTGAGCATGGTGGTCCATGCCTCTAGTCCTAGCTACTCAGGAGGCTGAAGCAGGAGGACCACTTGAGCCCAGGAGTTTCAGGTTGCAGTGAGCTATGATTGTACCACTGCACTCCAGCCTAGGCAACAGAGTGAGACCCTGTCTCAAAA"
"GL873520","72272820","72272951","chr17","7314531","7314656","27","64958289","GGCCGGGCACAGTGGCTTACAAATGTAACCCTAGCACTTTGAGAAGCTGATATGGGAAGATCACTTGAGGCCAGGAGTTTGAGACCAGCCTGAGCAACTCTGCAAGACCCCATCTTTAAAAAAAAATTGGAT","GGCTGGGCACAGTGGCTCACGTCTGTAATCCTAGCACTTTGGGAGGCTGAGGTGGAAGGATCACTTGAGCCCAGGAGTTTGAGACCACCCTGACCAACACAGTGAAACCCCATCTCTAAAAAAAGT"
"GL873520","72285522","72285642","chr1","84693698","84693811","38","12408176","AAGACCCCATCTTTAAAAATAGCTGAGAGTTGTGGCTGGAGCCTGTAGTTCTAGTTACTTTGGCGGTTGAGGCAAGAGAATTACTTGAGCCCAAGAGTTTGAGGTTACTGTGAGCTATGAT","AATAATAATAAAAGCCTGTTGTGGTGGTGTACACCTGTAGTCCCAGCTACTTGGGAGGTTGAAGCAGGAGGATTGTGGAGTCCAAGAGTTCAAGATTACGGTGAGCTATGATTG"
"GL873520","72285915","72286025","chr8","6607482","6607593","29","65678433","GCTGATCGAGGTGGCTCACGCCTATAATCCTAGCACTCCGGAAGGCTGAGGTAGGTGGGTGGACTGTCCTCACAGGTTGGAGACCAGCCTGAGCAAGACCGAGACCCCATC","GCTGGGCAAAGTGGCTAACACCTGTAATCCCAGCACTTTGGGAGGCTGAGGTAGTTGGAATGCTTAAGCCCAGGAGTTTGAGACCAGCCTGGGCAACATAGGAGACCCCATC"
"GL873520","72316870","72316922","chr1","33202560","33202612","8","39114310","AGAACAGCCTGGGAAACATAGTGAGACCTTATCTCTACAAAAAATTAGAAAAA","ACCAGCCTGGGCAACATAGTGAGACCTCATCTCTACAAAAAATTAAAAAATTA"
"GL873520","72317017","72317185","chr11","19120205","19120379","51","53196812","AATTAGAAAAATTAGCCGGGTACAGAGGTGCTGTGAAATGAACTTTATCAGGGGGTTCAAACTGTGTCCCATAGAACCCAGGAATTGAAGACTGCAGTGAGCTATGATCATGCCACTGCCCTCCAGCCTGAGTGACAGAGTGATACCCTATCTCAAAAAAGGAAAGGAA","GAGTAAAAGAATTAGTTGGGCATGGTGGCATATGCCTGTAGTCCTAGCTACTCAGGAGGTGGAGGCAGGAGGATGGCTTAAGCCCAGGAGGTCAAGGCTGCAGTGAGCTATGATCATGCCACTGCGCTGCAGCCTGAGTGACAGAGTGAGACCCTACCTCAAAACAAAAAAAGAA"
"GL873520","72365043","72365317","chr11","57816849","57817130","71","14548194","GCCTGGCATGGTCGCTCACACCTGTAATTTTAGCACTCTGTGAGGATGAGGAGGATAGATTGCTTGAGCTCAGGAGTTCCAGACCAGCCTGAACAAGAGAGCCACCCCAACTCTAAAAATAGCCAGGCATTGTGGCGAGCACCCATAGTCCCAGCTACTCAAGAGGCTGAGGCCAGAGAATCACTTGAGCCCAGGAGTTTGAGGTTGCTGTTGAGTTGTGATGCCACGGCACTCTAGCAAGGGTGACAAAGTGAGACTTTTATCTTAAAACAACA","GGCCAGGCACAGTGGCTCACACCTGTAATCCTAGCACTTTGGGAGGCCAAGGCAGGTGGATTGCTTGAGCCCAGGAGTTTGAGACCAGCCTGGGCAACATGGCAAAACCTCATCTCTACAAAAATTAGCCAGACATGGTGGTGGGTGCCTGTAGTCCCAGCTACTCAGGAGGCTGAGGTAGGAGGATCATCTGAGCCCAGGAGGTCGAGACTGCAGTGAGCCATGATCATGCCACTGCACTCCAGCCTGAGTGACAGAGTGAGATCCTGTCTCAAACAAAAA"
"GL873520","72365603","72365622","chr8","92800630","92800648","3","20435027","GAAAAACAACAACAACAAAA","AAAGACAACAACAAAAAAA"
"GL873520","72523042","72523246","chr6","13732200","13732409","55","58790842","GGCTGAGAGCAGTGGCTCACACCTGTAATCCCAGCACTCTGGAAGGCCCGAGGCAGGTGGATTGCCTGAGCTCAGTTAGAGACCAACCTGAACAAGAGAGAGACCTGGCCTCTAAAAAAATGAAAAATAGCCAGGTGTTGTGGTGGACGCCTATAATCCTAGCTACTCAGGGGACTGAAGCAAGAGAATTGCTTGAGTCCAGGAG","GGCCGGGCGCGGTGGCTCACACTTGTAATCCCAGCACTTTGGGAGGCTGAGGCGGGCGGATCATGAGTTCAAGAGATTGAGACCATCCTGCTAACACGGTGAAACCCCGTCTCTACTAAAAATACAAAAAAGTAGCTGGGCCTGGTGGCGGGCGCCTGTAGTCCCAGCTACTCAGGAGGCTGAGGCAGGAGAATCACTTGAACGCAGGAG"
"GL873520","72523515","72523623","chrX","6615952","6616053","29","65907563","AGCCCAGGAGTCTTGAGGTTGCTGTGAGCTATGATGATGCCACAGTACTCTACCAGGGTGACAAAGTAAGATTCTGCCTCAAATAAATAAATAAATCAGAAAGAAATAA","AGCCCAGGGAGGTCGAGGTTGCAGTGAGCCATGATCTTGCCATTGCACTTCAGCCCGGGTGACAAAGTAAGACCTTGTCTTAAAATAAATAAATAAATAAAA"
"GL873520","72537231","72537318","chr11","47859603","47859693","21","24677628","GCACAGTAGCTCACACCTGTAATCCTAGTACTCTGGAAGACTAATGCGGGTGTATCGCCTGAGCTCAGGAGTTCAAGACCAGCCTGAG","GGGCACGGTAGCTCACACATGTAATCCTAGCACTTTGGGAGGCCAAGGCGGGCAGATTACCTGAGGTTGGGAGTTCAAGACCAGCCTGGCC"
"GL873520","72537595","72537788","chr19","6241772","6241964","53","66295823","GACCAGCCTGAGCCAGAGCAAGATGCAGTCTCAACTAAAAAAAATTAGAAAACTAGCTGGGCAGCATTGTGGGCACCTGCAGTCCCAGCTACTCAGGGGGCTGAGGCAAGAGGATCCCTTAAACCCAGGAGTTTGAGGTTGCTGTGAGTTATGACACCATGGCACTCTACCCAGGGCGACAGCGGAAGACTCTG","ACCAGCCTGGACAACATAGTGAGACCGCCATCTCTAAAAAATATGAAAATTAGCCGGGGATGGTGGTGCATGTGTAGTCCCAACTACTCAGAAGGCTGAGGCAGGAGGATTGCTTAAGCCAAGGAGGTTGAGGCTGCCATGAGCCATGAACGCACCATTGCACTCCAGCCTTGGGTGACAGAGCAAGACCCTG"
"GL873520","72565866","72566023","chr9","6760251","6760419","46","65805615","TTAGTCAATTATTGTGGTAGACAATTGAAGTCCCAGCTACTTGGGAAGCCAACAAAATCGCTTGAGCCCAAGAGTTGGAGGTTGCTGTGAGCTGTGATGCTAAAGCACTCTAACCATGGTGACAGCCCGAGAATATCTCAAAAAAAAAAAAAAAAAAA","TTAGCCAGGAATGGTGGCACACACCTGTAGTCCCAGTTACTCAGGAGGCTGAGGCACGAAAACCGCTTGAACCTTGGAGGGGGAGGTTGCAGTGAGCTGAGATCAAACCACTGCACTCTAGCCTGGGTGACAGAGTGAGATTCTGTCTCAAAAAAAAAAAAAAAAAAAA"
"GL873520","72566306","72566440","chr14","19228345","19228477","30","53337961","GACTGAGTGTGTTGGCTCACTCCTGTAATCCTAGCACTCTGGGAGGCTGACGGGGAAGGATTATGTAAACTCAGGAGTTTGAGACCAGCCTGAGCAAGAGCGAGACACCTGTCTCTGATAAAAATAGAAAAAAAA","GGCTGGGTGTGGTAGCTTACACCTGTAATCCTAGCACTTTGAGAGGCCGAGGCAGGAGGATCACTTGAGCTCAGGAGTTTGAGACCAGCCTAGGCAACATGGTGAGACCTTGTCTCTACAAAAAAAAAAAAAA"
"GL873520","72588707","72588908","chr6","84591535","84591736","52","12002828","GGCCAGGTGGTGAGTCATACTTGTTTATCCTAGGCACTCTGGGAGGCTGAAGCGAGAGGATCCCTTGAGCTCAGGAGTTTCAGACCAGCCTGAGCAAAAGTGAGATGCTGTCTCTACTAAAAATAGAAAAATGAGCCAGGCATTGTGGCTGACCCCTGTAGTCCCAGCTACTCAGGAGGTTGAGTCAAGAAAATCTCTTGAG","GGCTGGGAGCGGTAGTTCATGCCTGTAATCCCAGCACTTTGGGAGGCTGAGGAGGGTGGATCACTTGAGCTCAGGAGTTTGAGACCAGCCTGAGCAACATGATGAAACCCTGTCTCTACAAAAAATACAAAAATTAGCAGGGCGTGGTGGCATGTGCCTGTAGTCCCAGCTACTTAGGTGGCTGAGGTGGGTCACTTGGGCC"
"GL873520","72589148","72589260","chr16","30992766","30992877","30","41596382","GAAAATCTCTTGAGTCCAAGAATTTGAGGTTGCTTTGAGCTTTGATGCCAGGGCACACTACCCAGGGCAACAGAGTGAGACTATCTAAAAAAAAAAAGAAAGAAAGAAAGAAA","TGAAGGATCTCTTGAGCCCAGGAGTTTGAGGCTGCAGTGAGCTGTGATTGCACCACTGTACTCCAGCCTGGGCAACAGAGTGCTGTCTCAATAAAAAAAAAAAAAAAAAGAA"
"GL873520","72589501","72589748","chr21","19031879","19032139","72","53557622","AGAGAGAGAGAGAAAATCCCTTGAGTTTAGGTGTTTTGAGACCATCCTGAGCAAGAGCAAGACCCCATCTCTACTAAAAATAGAAAAATTAGCTGGGCATTGGGGCACATGCCTGTAGTCCCAGCTATTCATGGGATTGAGGCAAGAGGATCGCTTGATCCCAGTAGTTAGAGGTTTCTTTGAGCTGTGATGATTCCACTGCACTCTAGTCTGGAGCGCTCAAGAAGTAAGAAAGAAAGAAATGAAAA","TGGGAGGCTGAGGCTGGCAGATCACTTGAGTGCAGGAGTTTGAGACCAGTCTGGGCAACATGGTGAAACCCCATCTCCATAAAAAAATACAAAAATTGGCTGGGCATGGTGGCACACACCTGTGGTCCCAGCTATGTGGGAGACTGAGGCAAGAGGATCGCTTGAGCCCAGGAGGTCGAGGCTACAGTGAGCTGTGATTGTACCACTGCACTCCAACCTGGGCCCTGTCTCCAAAAAAAAAAAAAAAAAAAAAAAAAAGAA"
"GL873520","72589838","72589899","chr12","82211329","82211392","14","9621491","GGCACAGTGGTTCACCCTGTAATCTTAACACTCTGGGAGGCTAAGGCAAGAGAATCCCTTGA","GGCTGAGTGGTGCATGCCTGTAATCCCAACACTTTGGGAGGCTGAGGCAGGATAATCACTTAAG"
"GL873520","72601213","72601289","chr8","129850906","129850982","21","57249693","TGGCCAAGCATTGTGGCGGGCACCTATAGTCCCACCTACTTGGGACATTAAGGCAAGAGAATCACTGGAGCCCAAGA","GCCAAGAGCAGTGGCTCGCACCTATAATCCCAACAATTTGGGATGCCAAAGCAAGAGGATCACTTGAGCCCGAAGAG"
"GL873520","72601537","72601665","chrX","47965157","47965279","31","24636380","GACCAGGCACGGTGGTTCGTACCTGTAATCCTAGCACTTTGGGAGGCCACAGGGGTGGATTGTCTGAGCTCACAGTTCAAGACCAGCCTGAGCCAGAGTGAGACCTCATCTCTAAAAATGGCTGAGCAT","GGCCAGGCACGGTGGTTCGCACCTGTAATCCCAACACTTTGGGAGGCCAAAGCGGGAGGATTGTTTGAGGCCAGGAGTTCAAGACCAGCCTGGGCAACATGGTGAAACCCCATGTCTACAAAA"
"GL873520","72672495","72672621","chr16","28131355","28131479","25","44541140","GGCCAGGCATGATGGCTCAAACCTGTAATTCTAGCATTCTGGGAGGCCAAGGCAGGAGGATTACTTGAGTCCAGGAGTTTAAGATTAGATTGGGCAACAGAGAGAAACCCTACCTCTATTTAAAAAA","GGCCAGGCGTGGTGGCTCACACCTGTAATCCCAGCACTTTGGGAGGCTGAGGCAGGAGGATCACTTGAGCCCAGGAGTTTCAGAGCAGCCTGGGCAACATGGTGAGACCCTGTCTCCATTAAAAA"
"GL873520","72698154","72698197","chr11","61598286","61598326","10","11099868","GGGAGGAATCCCTGGAGCTCAGGAGTTCAAGACTAGCTTGAGCT","GGGAGGATCTCTTGAGCCCAGGAGTTCAAGACCAGTCTGGG"
"GL873520","72698470","72698682","chr3","68572234","68572433","69","4126236","CCAGCTTGAGAAAGACAACCCTACCTAACCCCACCTCTGTCTCTACTAAAAATAGAGAAAAAAATTAGTGGGTATTGTGGTTGGCACCTGCTAGTCCCAGCAACTCTGGAGACTGACTGAGGCAAGAGGATCACTTGAACTCAAGAGTGTGAGATTGCTGTGATCTAATCTGACGTCATGGCACCCTATCCTGGGCAGACTGAGACTTTGTCT","CCAGCCTGGGCAACGTGGCAAAACCTCGTCTTTACTAAAAATACAAAAAAATAGCTGGGTATGATGGTGAGCACCTGTGGTCCCAGCTACTCGGGAGGCTGAGGTGGGAGGATCACTTGAGTCAGGAGGTCAAGGCTGCAGTGAGCCGAGATTGCACCACTGCACTCCAGCCTGGAGGACAGAGTAAGACCCTGTCTCAA"
"GL873520","72749150","72749265","chr16","19352384","19352496","35","53396766","TTAATTAATTAAAAAGAAGATTGCTTGAGCCTAAGAGTTTGAGGTTGCTGTGAGCTATGAGCCCATAGCATTCTACCTAGGGCAACAGAGAGAGACTCTGTCTCAAAGAAAAAAAA","TAAGGCAGGAAGATTGCCTGAGCTCAGGAGGTTGAGGCTGCAGTGAGCCATGATCATGCCACTGCACTCCAGCCTGAGCAACAGAGTGAGACCCTGTCTCAAAAATAAATAAA"
"GL873520","72749541","72749737","chr15","41382188","41382391","53","31367353","GGCCCAGTGTGGTGGCTCACTCCTGTAATCCTAGCACTCTGGAAAGCCCAGGTGAGTGGATTGTCTGAGCTTAGAAGACCAGCCTGAACAAGAGTGAGACCCTATCTCTACTAGAAATAGAAAAACTAGCCGGGCATTGTGGCAGGTGCCTATAGTTCCAGCTACTCAGGAGGCTGAGGCAAGAAGATTGCTTGAGA","GGCCGGGTGTGGTGGCTCACACCTGTAATCCCAGGACTTTGGGAGGCCAAGGTAGGAGGATCGCTTGATCTCAGGAGACCAGCCTGGGCAACATGGCAAAATCCTGTCTCTACTAAAAATACAAAAATTAGCTGGGCATGGTGGTGTATGCCTGTGGTCCCAGCTACTTGGGAGGCAGAGGTAGAAGGATCGCTTGAGCCCGGG"
"GL873520","72785691","72785814","chr2A","26341169","26341295","35","46444522","GGCCAGGTGCAGAGACTTGTGCTTGTAGTCTCAGCTATTCGGGAGGTTGAGGCAAGAGGACTACTTAAGTGCCATAGACTAGCCTGAGAAAACATAGTGAAACCTTGCCTCATCTTTTACAAAA","GGCCAGGTGCGATGGCTCATGCCTGTAATCCCAGCACTTTGGGAGGTTGAGGCCAGTGGATCACTTAAGCGCTGAAGTTCAAGACCAGCCTGGGCAACATACTGAAACCCCCATCTTTTAAAAAAAT"
"GL873520","72786129","72786263","chr13","49733690","49733818","37","23052439","GGCTGGATGTGGTGGCTCATGCCTTTAATGCTAGCACTCTGGGAGATGGAGGCGGAGACAGGTCTGTTGTCTGAGCTCACAGGTTCAAGACCAGCCTCCGCAAAAGTGAGACCTGCCTCTAAAAATAGCCAGGCA","GGCTGGGTGTGGTGGCTCATGCCTGTAATTCCAGCACTTTGGGAGGTGGAGGTGGGATGATTGCCTGAGGGCTGGATTTCTAGACCTGCCTGGGCAACATAGTGAGACCCTGTCTATAAAAAAATCCAC"
"GL873520","72786538","72786681","chr20","48810763","48810904","42","23975775","GAAATAAAAATAGCCAGGCACTGTGGCAGACACCTGTAGTCCCAGCTACTCGGGGAGGCTGAGGAAAGAAAATTACTTAAGCCCTAAGAGGCTAAAGTTGCTGTGAGCTATGATGGTCATAGCACTCTTCCAGGGGCAACAAAG","AAAAAAAAAATTATCCAGGCATGGTGGCATGTGCCTGTAGTCCCAGCCACACAGGGGGCTGAGGCAGGAGGATTCCTTTAGCATAGGAATTCAAGGCTGCAGTGAGCTATGATTGCACACTGCACTACAGCCTGGGCAACAG"
"GL873520","72819561","72819869","chr3","139568018","139568337","77","66748457","GGTTGGGAGTGGTGTCTCATTCCTATAATCTCAGCACTTTGGGAGGCCAACGCTGGCAGATTGCCCAAGCTCAGGAGTTCAAGACCAGCCTGAGCTAGAGCGAGATCCTGTCTCTAAAATTAGCTGGGTGTTGTGGCAGGTGTCAGTAGTCCCAGCTATCAGGAGGCTGAGGCAAGAGAATCACTTGAGACCAAGAGTTTAAGGTTGCTGTGAGCTATGACACCACAGCACTCTATCAGGGGTGACAAAGTGAGACTCTGCCTCAAAAATAAATAAATAAATAAACAAAAAATAAAATAAAATAAAGAA","GGCTGGGTGTGGGGTTCACACCTATAATCTCAGCACTTTGGGCAGCTGAGCTGGGAGGACTGCTTAAGGCCAGGAGTTTATGACCAGCCTGGGCAACAGAGTGAGATCCAGTCTCTATAAAAATTAGCCAGGTGTGGTGGTGCCTGCCTGTAGTCCCAGCTACTTAGGAGGCTGAGGTAGGATTATCACTTGAGCCCAAGAGTTTGGGGCTGCAGTGAGCTATGATTGGGTCTCTGCACACTAGCCTGGGCAAAAAAGTGACATTCTGTCTCAAAAAAATAAATAAATAAATAAATAAAAATAAAGAACAACAAGAAAAA"
"GL873520","72830940","72831132","chrX","40886735","40886926","48","31944205","CCTCCATCTCTTCAATAATAGAAAAATTAGCTGGACATGGTTCCATGCATCAATAGTCCCAACTACTCAGGAGGCTGAGGCAAGAGGATTTCTTGAGCCTAGGATGTTAGAGACTTTAATGAGCTATGACAACACCACTATACTCCTGCCCAAGCAACAGAGCAAGACCCTGTTTCAATAAAAAAAAATAAAA","AATTTCATCTCTTAAAAAATACAAAAATTAGCTGGGGGTAGTGGTGCACAGCTGTAGTCCCAACTACTCGGGAGGTTGACGCAGGAGGATCACTTGAGCCTGGGAAGTTGAGGCTATAGTGAGCTGTGATGGCACCACTGTACTCCAGCCTGGGTGACAGAGTGAGACCTTGTCTCAAAAAAAAAAAAAAAA"
"GL873520","72831154","72831250","chr5","13406563","13406658","20","59424591","GGCCTGGGCACAGCAGCTTATGCCTATAATCCTAGAACTTTGGGAGACCAAGGCAGGAGGACTGCTTGAGGCCAGGAGTTGAAGACCATCCTGAACA","GGTTGGACACAGTGGCTCATGCCTATAATTCCAGCATTTTGGGAGGCCAAGGCAAGGGGATCACTTGAAGCCAGGAGTTCAAGACCAGCCTGAGCA"
"GL873520","72846280","72846400","chr22","36757324","36757446","28","36088956","GTAGTCCTAGCACTTTGGAAGGCTGAGATGGTAAGACTGCTTGAGGCTAGGAGTTCAAGACCTGCCTGGGCAATATAGTGAGACCTCACTTCTAAAATATATATATATATAGTAAAAAAAA","GTGATCCTAGCACTTTGGGAGGCCCAGATGGGAGGACTGCTTGAGGCCAGGAGTTCAAGACCAGCCTGGGCAACATAGTGAGACCTCATCTCTATAAAAAGAGTTAAAAAATTATCCAGGCAC"
"GL873520","72846688","72846865","chr11","71620673","71620849","48","1226015","TGGGTGTGATTAAATATTACCTGGGTGTGATAGGGCACTCTTGTAGTCTTATCTACCCAGGTGACTGAAGCAAGAGGATTGCCTGCGCCCAGCAGTTTAAGGATGTAGTGAGCTGTGGTTGAGCCATGGCACTCCAGCCTAGGTGACAGAGCTAGGCCCTCTCTTAAAAAGAAAAAAA","AAACTTTTTATTTTAATTAGCTGGACGTGGTGGTATGCACTTGTAGTCCCACTACTCAGGAGGCTGAGGCAGGAGGATTGCTTGAACCCAGGAGTTCAAGACTGCAGGAGCTATGATTGTGCCATTGCACTCCAGCCTGGCTGACAGAGTAAGACCCTTTCTCTTAAAAAAAAAAAA"
"GL873520","72852126","72852331","chr20","33705901","33706099","55","39146225","TGAGACCCAATCTCTATATAAATAGAAAAATCAGTCAGATGTGGTGGTGCATACCTATAGTCCCAGCTATTGGGGAGACTGAGGCAGGAGGATAGTGTGGGCCTCCTGCCCAAGAGTTTGAGGTTGCCATGAGCTATTATGACACCATTGCACTCTACGCAGGATGGCAGAGTGAGACCCTGTCTCAAAAGGAAAAAAAATGAAAA","TGAGACCCCGTTTCTACATAAAAATGCAAAAATTAGCCAGGTGTGGTTATGCATACCTGTAGTCCCAGCTACTCAGGAGGCTGAGGTGAGAGGATTGCTTGAGCCCTGGAGTTCAAGCCTGCAGTGAGACATGATTGCACCACTGCACTCCAGCCTGGGAGACATAGTGAGACCCTGTCTCAAAAAAAAAAAAAAAAAA"
"GL873520","72852609","72852699","chr9","110520976","110521068","28","37668367","GGCTAGGTATAGTGGCTTGTGCCCATAATCCTGGCATTCTAGCAGACTGAGGCAGGAGGATCAAGAAGAGCCAGAGCAAGAATGAGACCCA","GGCCTGGTGCAGTGGCTCATGCCTGTAATCCGAGCACTTTAGAAGGCTGAGGCAGGAGGATCACTTGAGCCCAGGAGTTCAAGATCAGCCTGG"
"GL873520","72856443","72856538","chr3","49642271","49642364","16","23214172","GGCGGGGTGCAGTGGCTCACACCTCTAATCCCAGCACTCTGGGAGGCCAAGGTGTGTGGATTGCCTGAGCTCACAGGTTCAAGACAAGCCTGAGAT","GACCGGGTGCAGTGGCTCACACCTGTAATCCTAGCACTTTGGGAGACCAAGGTGTGAGGATTGCCTGAGCCCATGAGTTAAAGACCAGCCTGGC"
"GL873520","72856786","72856975","chr8","38561134","38561339","60","34295652","CCAGCCTGAGCCAGAGTGAGACCTCATCTCTAAAAATAGCCAGGCTTTGTGCAGGCACCTGTAGTCCTCATTACTTGGGAGCCTGAGGCAAGAGAATTGCTTGAGCCCAAGAGTTTGAGGTTGTTGTGAGCTATAATGCCATAGCATTCTACCAAGGGTGACAAAATGAAACTCAAAAAAAAAAAAAGAA","CAGCCTGGGTAACGTGGTGAGACCACATCTCTAAAAAAATTAGCTGGGCTTGGCAGCACATACCTGTAGTCCCAGCTACTTGGGAGGCTGAGGCGGGAGCATCGCTTGAACCCAGGAGGTAGAGCCTGCAGTGAGCGAGACTGTATCTCTGCACTTCAGCCTGGGTGACAAAGTGAGACACCATCTTAAAAAAAAAGAAAGAAAGA"
"GL873520","72859692","72859855","chr3","189241423","189241586","42","116381731","AAATATCCAGACAGTGTTGCAGGTGCCTGCAGTCCCAGCTACTGGAGAGGCTGAAGCAAGAGGATCTTCTGAGCCCAAGAGTTTGAGGTTGCTGTGAGCTAGGACACCATGGCACTCTACCAAGAGTGACAACATGAGACACTGTCTCAAAAAAAAAAAACAAA","TTAGCCAGGCATGATGGTGCATGCCTATAGTCACAGCTATTTGGGAAGCTGAAGCAGGAGGATATCTTGAGCCCAGGAGTTTGAGGATTGCAGTGAGCTATGATCACACTACTGCACTCCAGCCTATGTGACAGAGTGAGACCCTGTCTCAAAAAAAAAAAGAA"
"GL873520","72860147","72860283","chr1","33670814","33670944","26","39189333","GGCCAGGCATGGAGTAGCTCATGCCTATAATCCTAACACTTTGGGAGGCTGAGGCAGGTGGATTGCTTGAGCTCAGGAGTTCAAGACCAGCCTGAGCAAGAGCAAGACCCCCTGTCTCTTAAAAAAATAGCCACTTG","GGCCGGGAGTGGTGGCTCACGCCTGTAATCCTAGCACTTTGGGAGGTTGAGGCAGGTGGATTGCTTGAGCTCAGGAGTTCAAGACCAGCCTGGGCAACATGGTGAAACCCTGTCTCTACAAAAAATACAAA"
"GL873520","72875827","72875962","chr1","152310097","152310225","34","79434270","GACTAGGTGCGGTGGCTTGCACCTTTAAATCCAGCATTCTGGGAGGCCGAGGCCATGGATTGCTTGGAGTCAGGAATTCAAGACAAGCCTGAGCAAGAGTGAGACCCTCATATCTCTACTAAAAACAGGAAAACTA","GGCCAGGCATGGTGGCTCACACCTGTAATCCCAGCACTCTGGGAGGCCGAGGCCAGCAGATTGAGTACAGGAGTTTGAGACCAGCCTGGGCAACAGTGAAACCTCGTCTCTACTAAAATACAAAAAATT"
"GL873520","72876242","72876423","chr12","66258613","66258792","47","6617629","TAAAAACAGAAAAACTTGCTGGCTATCATGGTGCATACTTGTAGTCCCAGTTACCTGGGAGGCTGAGGCAAGAGGATTGCTCAAGCCTAAGACTTTGAGGTTGCTGTGAGCTATGATGGTAGGCACTCTAGTCTGGGGCAATAAGAGTGAGACTCTGTCTCAAAAGAAAAAAAAATTAAAAA","AAAAAACAAAAATTAGCCAGGCATGGTGGTACATGCCTGTAGCCCCAGCTATTCTGGTGGCTGAGGCAGGAGGATTGCTTGAGCCCAGGAGGTTGAAGCTGCTGTGAGCCGTGATTGGACCACTGCACTCCAGCCTGGGGGACAGAGTGAAACTGTGTCTCAAAAAAAAAAAAAAAAAAA"
"GL873520","72909896","72909998","chr10","59492409","59492502","34","13417487","AAACAGGAGGATTCTTTGAGCCCAGGAGTTAAAGGCTGGCACTATTTATACTTCAGCCGGGACAAGAGAATGAGACCCTGTTTCTATTTTTAAGAAAGAAAAA","AGGCAGAAGGATCACTTGAGCCCAGGAGGTCGAGGCTGCAGTGAATTGTGATTGTGCCAGGCAACAGATACAGACCCTGTCTCAAAAGAAAAAA"
"GL873520","72910267","72910468","chr9","37771894","37772087","58","35138373","GGCTGGATATAGTGACCCATACTTGTATTCCCAGCAGTTTGGTGGAGAGGCTACAATGGGAAGATTGCTTGGGGCTGGAGTTTGAGACTAGTCTGAGAAACAAAGCAAGACCGTGTCTCTACAGAACATAAATAAAAAATTTGGCTGGGCATGGTGGTGTGCACTTGTAGTCTCGGCTACTAAGGAGGCAGAAACAGGAGGA","GGGCAGGTGTGGTGGCTCATGCCTGTAATCCCAGCACTGTGGGAGGCCGAGGCAGGAGGATCACTTGAGCCCAGGAGTTTGAGACCAGCCTGGGCAATATAGGGAGACACTGTCTCTACAAATAATTTAAAAATTAGCTGGCCATAGTGATGTACGCCTGTGGTCCCAGCTACTCAGGAGGCTGAAGCAGGAGG"
"GL873520","72910901","72910936","chr19","9990646","9990679","11","62920255","CACTTGAGCCCGAAAGTTCAAGGCTAGCCTGGACAA","CTTGAGCCCAGGAATTCGATGCCAGCCTAAGCAA"
"GL873520","72916757","72916848","chr15","37377465","37377541","32","35539292","AAAAAAGTTTGACGATGCTGTGAGTTATGCAGCAGTACTCTACCAAGGGCAACAAACAGACTGTCAAAAAAAAAAAAAAAAAGGGAAAAGAA","AAATAGCTATGATCATATCACTGTACTCCAGCCCAGGTGACAAAGAGACCCTGTCTCAAAAAAAAAAAAAAAAAAAA"
"GL873520","72916937","72917022","chr1","21836229","21836318","20","51080708","GCCAGGCATTGTGGCGGGCGCCTGTAGTCTCAGCTACTTGGGAAGCTGAGGCAAGAAGATCACTTTAACCCAAGAGTTTGAACTTG","GGCCAGGCATGGTGGCACGTGCCTGTAATCCCAGCACTTTGAGAGGCTGAGGCAGGAAGATCACTTGAGCCCAAGAGTTTGAGAACAGCC"
"GL873520","72917555","72917693","chr1","33670814","33670944","38","39246741","GCTGGGAGCAGTGTCTCACTCCTATAATCCTAGTACCCTGGGAGTCTGAGGCAGGTGGATTGCTTGAGCTCAGGAGTTCAAGACCAGCCTGAGCCAGAGCAAGACCCTGTCTCAAAAAAAGGCCGGGGGCGGGGGGGAA","GGCCGGGAGTGGTGGCTCACGCCTGTAATCCTAGCACTTTGGGAGGTTGAGGCAGGTGGATTGCTTGAGCTCAGGAGTTCAAGACCAGCCTGGGCAACATGGTGAAACCCTGTCTCTACAAAAAATACAAA"
"GL873520","72954173","72954287","chr1","149917067","149917179","26","76962894","GCTCGTGCCCATAATCCTAGCAGTCTGGGAGGCAAAGGCAGGTGGATTGCTTGAGCTCAGGAGTTCGACACCAGCCTGAGGCAGAGTGAGACCCTGTCTCTAAAAAAAGAAAACA","ATGCCTGTAATCCCAGCACTCTGGGAGGTCAAGGCAGGAGGATCCCTTGAGCTCAGGAGTTTGAGACCAGCCTAAGCAGGATAGTGAGACCCTCATCTCTACAAAAAAAAAAA"
"GL873520","72954546","72954724","chr1","184532449","184532625","43","111577903","GAACAATTAACTGGGTATCATGGCATACACCTATAGTCCCAGCTACTCAGGAGGCTGAGGCAGGAGGATTGGTTGAAACCAGGAGTTCGAGGTTGCTGTGATTTATTATTACGTTGCTGTGCTCTAACTGGGGCAACAGAGTAAGACTGTCTCCAAAAAAAAAAAAAAAAAGAAAGAAA","AATTAGCTGGGCATGGTGGCATGCACCTATAATCCCAGCTACTCAGGAGGCTGAGGTGGGAGGATCTCCTGAGTCCAGGAGTTCGAGGCTGCAAGTGAGCTATGATCGTGCCAGTGTTCTCCAGCCTGGGCAACAGAGTGAGACCTGGTCTCTAAAAAATAAAAAAATAAAAATAAA"
"GL873520","72959829","72959849","chr19","11811175","11811192","4","61148654","CAAAACTGTAAAAAAATAAAA","CACAATGAAAAAAATAAA"
"GL873520","72959944","72960241","chr17","24444892","24445190","94","48515052","GTGGCCCACACCTGTTAATCCCAGCAATTTCAGAGGCCCAAGTGGGAGGATTGCTTAAGACTGGGAGTTCAAGACTAGCCTGGACAAGATAGCCAGAGTCTGTCTCTGAAATTTTTTTTTTTTTTTTAGTTAGCTGGGTGTGGTGGCATGTGTATGTAGTTTTAACTGTTTGGAAGGCTGGTGGAGGAAGATAACTAAGTGCAGGACTTGCAGGTTGTGGTGAGCTATGATTGTATGTACCACTGTACTCCAGCCAATGCAACAGAGTAAGACCCCTATCTTTAAAAAAAAGGAGCGG","GGCTGGGCACAGTGGCTCATGCCTGTAATCTCAGCACTTTGGGAGGCCAAGACAGGAAGATCGCTTGAACCTAGGAGTTCAAGACCAGCCTGGGCAACATAGTGAGACAGTGTCTCTACAAATTTTTTTTTTTTTTTAATTAGCTGGGTATGGTAGTGCACACCTGTAGTCTCAGCTACTTGGGAGGCTGAGGCGGGAGGATCACCTGAGTGCGGGAGGTCAAGGCTGCAGTGAGCAGTGGTCATGCCACTGCACTCCAGTGTGGGCAACAGAGTGAGACCCTGTCTCAAAAAAAAAAA"
"GL873520","72987852","72988108","chr4","38339349","38339590","66","34648503","GAAATTCCGAGGTGGGACAACCTCTTGAGGCTAGGAGTTTGAGACCTGAGACCTACCTAGGCACCACAGCGAGACCCTATCTCCATAAAATATAAAAAAATCAGCTAGGCATGGTGGTGCACACCTATACTCCTAGCTACTTGGAAGGCTGAAGCAGGAGGATCACTTGAGCCAAGGAATTTGAGGTTGCAGTGAGCTATGATCACACCATAGCAAGCCTAGGCAACAGAATAAGACCCTGTCTCCAAATAAATAAA","GAAGTGAGTGGATGGCTTGAGCTCAGGAGTTTGAGACCAGACTGGGCAACATGGTGAAACCCCATCTCTACAAAAAATACAAAAATTAGCCAGGCGTGGTGGTTCGCACCTATAATGCCAGCTACTTGGGGGGCTGAGGCAGGAGGATAGCTTGAGCCCAGGAAGTGGAGGTTGCAGTGAGCTGAGATCACATCACTGCAGTCCAGCCTGGGTGATAGAGTGAGACCCTGTCTCAAAAAAAA"
"GL873520","72988368","72988403","chr8","123409770","123409807","13","50421402","GCCTATAATCCTAGCACTTTGAAATTCCGAGGTGAG","CTCATGCCTATAATCCTAGCACTTTGGGAGGCAGGCAG"
"GL873520","73061340","73061536","chr20","4833312","4833507","57","68228028","GGCTGGGCACAATGCCTGACCCATATAATCCTAGCACTCTGGGAGGCCAAGGCGGGGAGGGACAGGATTGCCTGAGCTCACAAGTTCAAGACCAGCCTGAGTCAGAGCAAGACCTCGTCTCTAAAATATAGCCAGGTGTTGTGGCCGGCACCTGTAGTCCCAGCTACTTGGGAGGTTGAGGCAAGAGAATCTCTTAA","GGCTGGGCCCAGTGGCTCACATTTGTAATCCCAGTACTTTGGGAGGACAAGGCAGGCGTATCACTTGAGCCCAGAAGTTCGAGACCAGCCTGGGTAACACAGCAAAACCCCGTCTCTACAAAAAATTAGCCAGGTGTGGTGGTGCATGCTTGTAGTCCCAGCTACCAGGCAAGCTGAAGAGGAAGCATCACCCTCA"
"GL873520","73061812","73061921","chr2B","206563725","206563834","29","133501913","GGAGAATCTCTTAAGCCCAAGAGTTTGAAGTTGCTGTAAGCTGTGATGCCACAACACTCTACCAAAGGAAACAAAGTGAGACTCTGGCTCAGAAAAACAAACAAACAAAA","GGAGTGTCACTTGAGCCTGGGAGTTTGAGGTTGCAGTGAGCTGTGATTGCATCATGCACTCCATCCTGGGCAAAAGAGTGAGACCCTGTCTCAAAAAAAAAAAAAAAAAA"
"GL873520","73083143","73083268","chr7","99782297","99782421","34","26699154","CAGTGGCTCACATCTGTAATCCCAGCACACTGGGAGGCTGAGGAGGGCGGATTGCCTGAGCTCACAGGTTTGAGTCCAGCCTGAGCAAGAGCAAGACCCCTGACTCTAAAAATAGCCAGGTGTGAA","GGTGGCTCACGACTGTAATTCCAGCACTTTAGGAGGCTGAGGCGGGAGGATTGCTCGAGGCCAGGAGTTCAAGACCAGCCTGAGCAACGTACCGAGACCCTGTCTCTATAAAAATTAGAAGGTTA"
"GL873520","73083525","73083631","chrX","48956519","48956618","29","24127006","TAAAAATAGCTGGGCAATGTGGCTGGTGCATGTATTCCTAGGTACTTGGGAGGCTGAGGCAAGAGAATTGCTTGAGCCCAAGAGTTTGAGATTGCTGTGAGCTGTGA","GCTGGGCATGGTGGTGTGTGCTCATAGTCCTAGCTGCTGGGGAGGCTGAGGTGAGAGGACTGCTTGAGCCCAGGAATTTGAGACTGTAGTGAGCTGTGAT"
"GL873520","73086014","73086142","chr10","95119450","95119581","30","22033436","CTGGGCACAGTGGCTCACGCCTATTATCCCAGCACTTGGGAGGCTGAGGCAGATGGATTGCCTGAGCTCAGGAGTTTGAGACCAGGTGAGCTAGAGCAAGACCCCCATCTCTAAAAATAGCTGGGCATT","CCGGGTAGAGTGGCTCATTCCTGTAATCCCAGCACTTTGGGAGGCTGAGGCAAGAGGATTGCTTGAGGTCAGGAGTTCGAGACCAGCCTGAGCAATGTAGCAAGACTCCACCTCTACAAAAAATGAAAAGCT"
"GL873520","73086410","73086584","chr12","96671998","96672172","39","23585588","AATTAAAATAGCTGGGCATTGTGGCAGGGGTCTGTAGTCCCAGCTACTTGGGAGGCTGAGGTAAGAGAATCACTTAACCCCAGGAGTTTGAGGTTGCTGTGAGCTATGACACCATAGCACTCTACCAATGGTGACAAAGTGAGCCTCTGTCTCAAAAAAAAAAAGTAAATAAAAA","AATTAGCTGAGCATGGTGGCAGGCACCTGTAGTCCCAGCTACTTGGGAGGCTGAGGGAGGAGGGTCACTTGAACCCAGGAGTTTGAGGCTGCAATGAGCTATGACTGCATCAGTGCACTCTAGCCTGGGCAGTAGAGTGAGACCCTGTCTCACAAAAAAAAGAAGGAAAGAGAAA"
"GL873520","73111621","73111695","chr4","25785731","25785810","15","47325890","GGCCTGGCGTGGCTCATGCCTCTAATCCTAGCACTCTGGGAGGCCGAGGTAGGTGGATTACTTGAGCTCACAGGT","GGCCTGGTGCAGTGGCTCATGCCTATAATCTCAGCACTTTGGAAGGCCGAGGTGGGGGGATCACTTGAGCCCAAGCAGTT"
"GL873520","73111955","73112180","chrUn_GL394560","7392","7612","71","73104563","TGAGCTCACAGATTGGAGACCAGCCTGAGCAATAGCAAGACCCCGTCTCTAAAAATAACCAGGTATTGTGGAAGGCACCTGCAATCCCCACTACCTGGGAGACTGAGGCAAGAGAATCGCTTGAGCCCAGGAGTTTGAGGTTGTTGTATGCTATGATGCCACGGCACTCTACTGAGGGCAACAAAGTGAAACTCTATCTTAAAAAAGAAAAGAAAAGAAAAAGAAA","GAGCCCAGGAGTTCGAGACTAGCCTGGGAAACATTGCAACCCCATCTCTACAAAGAATAAAAAAATTAGCTGGGAGTGGTGGTCCCAGCTACTTGGGAGGCTGAGGCAGGAGAATCATTTGAGCCCAGGAGGTTGAGGCTGCAGTGAGCCATGTTAGTGCCATTGCACTCCAGCCTGGGTGACAGAGTGAGATCTTGTTTAAAAATAAAGAAAGAAAGAAA"
"GL873520","73125194","73125383","chr7","4237351","4237553","49","68887843","GGCTGGGCGTGGTGGCTCATGCCTGTAATCCCAGCACTCTGGGAGGCTGAGGCAGGTGGATTTGCTAGATCTCAGGAGTTGGATACCAGCCTCGGCAAGAGCAAGACTCCATCTCTAAAAATAGCTGGGCATTGTGTTGGGCACCTGTGGTCCCAGTTACTCAGGAGGCTGAGGCAAAAGGCTCACTTGA","GGTCAGGCATGGTGGCTCATGCCTGTAATCCCAGCACTTTGGGAGGCCGAGGTGGGCAGATTGCTTGAACTCAGGAGTTGAAGACTAGCCTGGGCAACACGGCAAAACCCCATCTCTACTAAAACTACAAAAACTAACTGGGCATGGTGGCACGCGCCTGTAGTCCCAGCTACTGGGGAGGCTGAGGTAGGAGGATCACTTGA"
"GL873520","73125656","73125758","chr3","46775769","46775871","28","26349887","GGATCACTTGAGTCCAAGAGTTTGAGGTGGCTGTGAGTTATGACACTACCAGCACTTTACTGGGAGCAACAAAGTGAGACTCTGTCTCAAAAAAAAAAAAGAA","ATCACTTGAGCCTTGGGGGTTGAGGCTGCAATGAGTCATGACTGTGCCATTGCACTCTAGCCTGGGCAACAGAAAAGAGACCCTGTCTCAAAAAAAAAAAAAA"
"GL873520","73447089","73447356","chr3","133065732","133066007","74","59618643","GGCTGGGTGCGGTGGCTCACGCCTGTATTCCCAATACTTGGGAAGTTCAGGGGTTGGATTGCCTGAGCTCACAGGTTCAAGACCAGTCTGAGCCAGAGTGAGACCTCATCTCTAAAAAAATACCCGGGCATTGTGGTGGGTACCTGTAGACCCAGCTACTTGGGAGGCTGAGGCAAGAGAATGACTTGAGCCTGAGAGTTTGTGGTTGCTGTGAGCTACAATGCCTTGGCACTCTGTTGAGCATTACAAAGTGAGACTCTGTCTCAAG","GGCCGGGTGCAGTGGCTCACGCCTGTAATCCCAGCACTTCAGAAGGCCAAGGCAGGAGGATCACTTGAGCTTAGGAGTAGAGACCAGCCTCAGCAACATGGTGAAACCCCATCTCTACAAAAAATTAGCCGGGCATAGTGGTGCGTGTCTGAAGTCCCAGGTACTGGAGAGGCTGAGGCAGGAGGATCACTTGAGACTGGGAGGTCAAGGATGCAGTGAGCTGTGATAGTGCCATTGCACTCCAGCTGGGGCAACAGAGCGAGACCTTGTCTCAAA"
"GL873520","73447378","73447393","chr1","153358526","153358539","2","79911148","AAAAAAAAACCAAAAA","AAAAAAAAAAAAAA"
"GL873521","58193","58339","chr1","40759650","40759803","42","40701457","TTAGTCAGGCATTGTGGCAACTTAGGCATAGCTACATGGAAGGCTTAGACAAGAGAATCACTAGAGTCCAGGAATTGGAGGTTGCTGTGAGCTACGATGCCATAGCACTCAAGCCTGGGGCAACAGTGTGAAACTCTATCTCAAAAA","ATTAGCCAGACATGGTGGTGCACATCTGTAGGCCTAGCTACTTGGGAAGCTGAGGCAGGAAGACTGCTTGAGCCCAGGAGTTTGAGGCTGCAGTGAACTATGATGACATCACTGCACTCCAGCCTGGGCAAGAGTGAAACTGTTTTTTAAAAAA"
"GL873521","58369","58496","chr11","12504072","12504193","41","12445703","GGTGTGGTGATTGATGCCTGTAAGTCTAGCACTTTGAGGAGAGTGGATCCCTCTGAGGAGGGTGGATCTGTTGAGCTCAGATACTCAAGACCAGACTGAGCAAGACTGAGACCCCCCCATTTTTACAA","GGCCTGGTGCAGTGGCTCAGACCTGTAATTCCAGCACTTTGGGAGGCCTGGGTAGGTGGACTGTTTGAGCTCAGATGTTTGAGACCAGCCTGGGCAACATGACAAAACCCCATCTCTACATA"
"GL873521","119441","119613","chr3","50079465","50079644","54","49960024","CAACAAAAAAAAAAACAGATGACATAGTGGTTCACACCTGCAGTTGCAGCTAATGGGGAGACTTAAGACAGGAAAATCACTTGAACTCAGGCATTTGAACTTTCAGTGAGCTATGCTGATGCCACTGTACCTTAGTCATGACAGCAGAGCAAGAACCGGACTAAAAAAAAAAA","ACAAAAAGAAAAAACAATTAGCAAGGCCTGGTGGTACACACTTGTAGTCCCAGCTATTTGGGAGGCTGAGGTGGGAGGATCACTTGAGCCCAGGAGTTCAAGGTTACAGTGAGCTATGATCATGCCACTGCACACTAGCCTGGGCATCAGAGAGAGTTCCTGTCTCTAAGAAAAAAAAAA"
"GL873521","119642","119758","chr4","150658849","150658965","24","150539207","GGCTGGACCTGGTGGTTCACACTTGTAATCCTGGCACTTTGGGAAGCCAAGGTGGGAGAACTGGGTGAGGTCAGGAGTTTAAGACCAGCCTGAATGACATAGCAAGATCTCATCTCT","GGCTGGTTATGGTGGCTGACACCTGTAACCCTAGTACTTTGGGAGGCCCAGGTGGGAGGATTGCTTGAGGCCAGGAGTTTAAACCAGCCTGGGCAACATAGCAAGACCTCATTTCTT"
"GL873521","610584","610857","chr11","57816849","57817130","68","57206265","GGCCATGTGCAGTGGCTCACACCTGTAATCCTAGCACTCTGGGAGGCTAAGGCAAATGGATTGCTTGAGCTCAGGAGTTCAAGACCAGCCTGAGCAAGAGCTAGAACTGACCCCATCTCTAAAAAATGCCAGGCAATATGGTGGAGTCTAGAGTCCCAGCTACTCGAAGGCTAAGGTAGAAAGATGGCTTAAGCCCGAGAGTTTGAGGTTGCAGTGAGCCGTGACACCATGGCACACTCTACTGAGGGTGACAAAGTGAGATTCTGTCTCCAAA","GGCCAGGCACAGTGGCTCACACCTGTAATCCTAGCACTTTGGGAGGCCAAGGCAGGTGGATTGCTTGAGCCCAGGAGTTTGAGACCAGCCTGGGCAACATGGCAAAACCTCATCTCTACAAAAATTAGCCAGACATGGTGGTGGGTGCCTGTAGTCCCAGCTACTCAGGAGGCTGAGGTAGGAGGATCATCTGAGCCCAGGAGGTCGAGACTGCAGTGAGCCATGATCATGCCACTGCACTCCAGCCTGAGTGACAGAGTGAGATCCTGTCTCAAACAAAAA"
"GL873521","1502062","1502265","chrX","121141350","121141549","52","119639288","CAAACAAAAAAAGACTAGTCTCTACTGAAAATAGAAAAACTAGCCGGGTATTGTGGCAGGCTCCTGTACTCCCAGCTACTTGGGAGGCTGAGGCAAGAGGATCACTTGAGCCCACGAGTTTGAGCTTTCTGTGAACTATGATAATGTCACAGCACTCTACCCAGGGTGACAGAGTGAGATTCTGTGTCAAAAAAATAAAGAAAA","GAAACAAAGCAAGACCCCATCTCTACAAAAAATTTAAAAATTAGCTGGGCCCAGTGGTGTGTACCTGTAGTTCCAGCTATTTAGGAGGCTGAGGCAGGAGGATCCCTTGAGCCCAAGAGTTCAAGGTTGAAGTGAACCATGACTACGCCACTGCACTCTAGCCTGGGGACAAAGTGAGACCTTGTCTCAAAAATAAAAAA"
"GL873521","1502500","1502603","chr19","19649787","19649888","25","18147287","GCCAGGTGCAGTGGCTCATGCCTATAATCCTAGCACTCAGGAAGGCCAAGGCAGGTAGATTGAGTTTGAGACCAGCCTGACTAAGAGCAAGACTGGTCTCTATA","GCCAGGCATGGTGGCTCATGCCTGTTATCCTAGCACTTTGGGAGGCTAAGGCGGGAGGAGTTTGAGACCAGCCTGGGCAACATAGCCAGACCCTGTCTCTTA"
"GL873521","1595405","1595517","chr21","23033355","23033468","23","21437950","GCTGGGCATGGTAGCTCATGCCTGTAATCCCAGCACTCTGGAAGGCCGAGGCAGGTGAATTGCCTAAGCTCACAAGTTCAAGGCCACCCTGAGCCCAGCAAGACCCTATCTGT","GGCCAGGCATAGTGGCTCATGCCTGTAATCCCAGCACTTTGGAAGGCCGAGGCAGGAGGATTGCTTGGAGCCCAGGAGTTCGAGACCAGCCTGAGCAGCATAGACCCCTATCTC"
"GL873521","1595795","1595978","chr3","132688217","132688402","51","131092422","TGAGACCCATCTCTAAAAATAGCCAGGCGTTGTGGTGGGCGCCTATAGTCCCCGCTATTCTGGAGACTGAGGCAAGAGAATCACTTAAGCCCAAGAGTTTGAGGTTGCTGTGAGCTGTGACACTATGGCCCTCTACCAAGGGTGACAAAGTGAGACTCTGGCTCAAAAAGAAAGATAAAAAAAA","TACAGAAAAATTTTTAAAAAATTAGCCATGTGTGGTGATGCGCACCTGTAGTCCCAGCTACTCTGGAGGCTGAGGTGTGAGGATCACTTGAACCCAGGAGTTCGAGGCTGCAGTGAGCCATGATCATGCCACTGCACTCCAGCCTGGGTGACAGAGTGAGACCTTGTCTGAAAAAAAAAAAAAAAA"
"GL873521","1759823","1760095","chr20","35179301","35179570","73","33419478","CTAGCATCCTGGGAGGCTGAGGCAGGTGGACTGTCTGAGCTCATGAGTTTGAGACCAGCTTGAGTAAGGGAGACCCTGTATCTACTAAAAATAGAAAAACTAGCCAAGCATGGCGGCACATGCCTGTAGTCCGAACTGCTTGGGAGGCTGAGGCAAGAGTATCACCTAAGCCCAAGAGTTTGAGGTTGCTCTGAGCTATGAAACCAGGGCAGGGTCCTCTACCCAGGGTGACAAAGTCAGACTGTCTCCAAAAAAAAAAAAAAAAAAAAAAAA","CCAGCATGGTGGGAGGCCGAGGTGGGCAGATCGCTTGAGTCCAGGAGTTTGAGACCAGCCTGGGCAACATGGCGAAACCCCGTCTCTACAAAAAATACAAAAATTAGCCAGCATGGTAGCCCACGCCTGTAGTCCCAGCTGCTTGGGAGGTTGAAGTGGGAGCATCACTTGAGCCTGGGAGGCGGAGGTTGCAGTGAGCTGTGATCTGCACTCCAGCCTGGGTGACAGAGCGAGACTCTGTCTCAAAAAAAAAAAAAAAAAAAAAAAAAA"
"GL873521","1760611","1760644","chr1","206552735","206552767","4","204792124","GGCTGGGAGCCGTGGCTCACCCCTGTAATCCTAG","GGCTGGGAGTAGTGGCTCACGCCTGTAATCCTA"
"GL873521","1978757","1978896","chr19","10086469","10086601","36","8107712","GGGTGCAATGGCTCATTCCTACAACCCTAACATTTTGGGAGGCCTGGGTGGGAGGAAAGCTTGGGACCCGTAGTTTGAGATCAGCCTGAGCAACACAGTGAGATGCTGTCTCTACAAAAAATTAGCCTAGTATGGTGGTG","GGGTGCAGTGGCTCACACCTATAATCCTAGCAGTTTGAAAGGCTGAGACGGGTGGATCGCTTGAGCCCAGGAGTTCAAGACCAGCCCGGGCAACATAGTGAGACCCTGTCTCTACAAAAAATTAGAGGATGTG"
"GL873521","1984940","1985104","chr19","18092803","18092966","37","16107863","AAAATGAGCCTGGTGTGGCAGCACTTGCTTGTGGTCCCAGCTACTTAGGAGGCTGAGGCAGCAGAATTGCCTGAGTCCAGGAGTTTGAGATTGCAGGGAGCTATAACCATACCACTTCATTCCAGCCTGGGCAACAGAGCAAGGCCCTGTCTCAACCAAACAAAA","AATTAGCAGGCTGTGGTAGCATGTGCTTGAGGTCTCAGTTACTTGGGAGGCTGAGGTGGGAGGATCACCTGAGCCCAGGAGTTCAAGGCTGCAGTGAGCTATGATCACACCACTGCACTCCAGCCTGGGCAACAGAGCAAGATGCTGTCTCAAAAAAAAAAAAA"
"GL873521","2126971","2127283","chr1","18920994","18921309","78","16794023","GCCAGGTGCAATGGCTCATGCCTGTAATCATAGCACTCTGGGAGGCTGAGACTGGAGGATTACTTGAGCTCAGGGTTTCGAAATCAGCTTGAGCAAGAGTGAGACCCCCATCTCTACAAAAATAGAAAAACTAGCCAGGTGTTGTGGTGGGCACCTGTAGTCCTAGCTATTTGGGAGGCTGAGGCCAGAGGACAGCTCAAGTCCGGGAGTTTGAGGTTGCTGTGAGTTGTGACAGCACAGATGTCTACAGAGGGTAACAAAGAAAGACTCTGTCTCAAAAATGAATGAATAAATAAGTAAATGAATAAATAAA","GGCCAGGTGCATTGGCTCATGCCTGTAATCCTAGCACTTTGGGAGGCTGAGGCAGGCAGATTGCTTGAGCCTGGGAGTTTGAGACCAGCCTGGGCAACATGGCAAAACTCTATCTCTACAAAAAATACAAAAATTAGCCTGGCGTGGTAGCGTGAGCCTGTAGTCCCAGCTACTGGGGAGGCTGAGGTTGGAGGATAGCTTGAGTCCGGGAGGTCGAGGCTGTAGTGAGCTGTGATCACACCACTGCACTCCAGCCTGAGAGACAGAGAGAGATCTTTTCCCAATAAATAAATAAGTAAGTAAATAAATAAATAAA"
"GL873521","2389393","2389473","chr1","36080957","36081040","20","33691564","TTGGGAGACTGAGGCAGGAGGATTCCTTGAAGCCAGGAGTTCAAGACCAGCCTGAACAGGAGTGAGACTCTGACCATATAA","CTTTGGGAGGCTGAGGCAGGGGGATTGCTTGAGCCCAGGAGTTCAAGACCAGCCTGGGCAATATAGCGAGACCCTCATCTCTAC"
"GL873521","2389498","2389674","chr1","31190959","31191130","48","28801461","CCCCAGAAAAACAGAAAAATTAGCCAGGTATGGTGGTATGGGTCTATAGTCCCAGCTGCTTGAAGGCCAAGGCAGGAGGATTACTTGAAGCCCAAGAGTTTAAGGCTACAGTGAACTATGACGATGTCACTGCACTCTAGCCCAGTTGACAGGGAATGAATCTGTTTCAAAAAAAAA","CACACACACACACAAAAATTAGCCAGTGTGGTGGTATACTCCTATAGTCCTAGCTGCTCGGGAGGCTGAGACAGGAAGGTCACTTGAGCCTAGCAATTTAATGCTGCAGTGAGCTATGATTGTGCCACTGCACTCCAGCCTGGGCAGCAGAGTGATACTCTGTTTCAAAAAA"
"GL873521","2550002","2550150","chr19","3288108","3288256","38","738106","CCCTCAGCTTTGCATGGTGATATGCACCTTTGGTCCCAGCTGCCTCAGGAGGTTGAGGCATGAGGATCCCTTGAGCCCACAGTTTGAAGCTGCAGTGGGCTATGATGGTGACACTACACTCTAGCCAGGGAGACAAAGTGAGGCTCTAT","AGTTAGCTGGGCATGGTGGTATGGGCCTGTGGTCCCAGCTACTCAGGAGGCTGAGGCAGGAGCATCTCTTGAGCCAAGGAGGTCGAGGCTGCAGTGAGCTGAGATTGCGCCACTGCACTCCAGCCTGGGTGACAGAGTGAGATCCTGTC"
"GL873521","2550422","2550560","chr7","34482046","34482189","32","31931624","CTGAGTGTGGTGGCCCCTGTCTGTAATCCCAGCCCTTTGGAAGGCTGAGAAGAGGATCACGTGAGGCCAGGAGGTTGAGAACAGTGTGGGCAACACAATGAGACCCATCTCTAAAACAAGTTTAAAAATCAGCTGGGCT","GGCTGGGCATGGTGGCTCATGCCTGTAATCCCAGCACTTTGGGAGGCTGAAGTGGGAGGACTGCTTGAGGCCAAGAGCTTGAGACCAGCCTGGGCAACATAGTGAGACTCCATCTCTACAAAAAGTTTAAAAATTAGCAAGGGT"
"GL873521","2565293","2565460","chr12","36177409","36177585","39","33612116","AACAATAAAAATTATCCAGATATGGTGGTGTGTGCCTGTAGTGCCAACAGCTAGGGAGGCTGAAGCAGGAAGATCGCTGGAGCCCATGAGTTTGAGATTGCAGTGAGCTGTGAGGCCACTGCGCTCTACCCTGGGTGAGAGAGTAAGACCCTGTCTTGAAAAAACAAA","TAAAAAATTAAAAAATTAGCCAGATGTGGTGGTGCGTGGCTGTGGTCCCAACTACTCTGGAGGCTGAAATGGAAGGATTACTTGAGCCCATGAGGTTGAGGCTGCAGTGAGCTGTGACTGAGCCACTGCACTCCAGCCTGGGTGACAGAGTGAGACCCTGTTTCAAAAAAAAAAGAA"
"GL873521","2565490","2565601","chr12","111694807","111694920","25","109129317","CCAGATACAGTGGCTTACACCTGTTATCCTAGCACTTGGGAGGCCAAAATGAGAGGCTTGCTTAAGTCCAGGAGTTTGAAACCAACCTGTGCATGAGCAAGACCCCATCTCT","GGCCAGGTACAGTGGCTCACACCTATAATCTCAGCACTTGGGAGGCCAAGGTGGGAGGATCACTTGAGTCCAGGAGATTGAGACCAGCCTGGCAACATAGCAAGACCCTATCTC"
"GL873521","3217868","3218143","chr10","9473915","9474197","72","6256047","GGCTGGGTGCAGTGGCTCATGCCTATAATTTTAGCATTCTGGGAGGCCTGAATAGGAGGATCCCTTGAGCTCAGGAGTTTACCAGCCCAAGCAAGAGTGAGACCCCATTTCAACTATAAATAGAAAAACTAGCTGGACGTGGTAGCGTCTGCTTGTATCCTAGCTACTGAGGTGGCTGAAGTAGGAGGATCATTTGAGCCCAAGATTTGGTGATAGCAGTGAGCTAGGCTCATACCATAGCACTCTAGCCTGGGCAGCAAAGTGAGACTATCTCAA","GGCTGGGTGCAGTGGCTCACACCTGTAACTTTAGCACTTTGGGAAATCAAGGAAGGTGGATCACTTGAGCCTAGGAGTTTGAGACCTGGACAACGTAGTGAGACCCCATTTCTACAAAATAAAACAAAAACTAGCTGGGCATGGTGGCATGCTCCTATAGTCCCAGCTACTCAGGGGCCTGAGGTGGGAGGATCGTTTGAGCCCAGGAGGTGGAGGTTGCCGTAAGCCAAGATCATGCCACTACACTGCAGCCTGGGAGACAGAGTGAGACCCTGTCTCAAAA"
"GL873521","3218164","3218191","chrX","137081199","137081225","4","133863035","AAAAAAAAAAAAAGGAAGAAGAAGAAAA","AAAAAAAAAAAAAAAAAGGAAAGAAAA"
"GL873521","3495930","3496043","chr1","9156973","9157091","28","5661043","GACCAGGCCCAGTGGCTCACTCCTATAATCCCAGCACTCTGAGAGGCCAAGGCAGGAGTTTGAGACCAGCTTGAGCAAAAGCAATACCCTATCTATAAAAAAAATAGCCAGGCT","GGCTGGGTGAGGTGGCCTCACGCCTGTAATCCCAGCACTTTGGGAGGCCAAGGCAGGAGTTTGAGACCAGCCTGGGCAATACAGTGAGACCCCATCTCCAAAAAAAAAATTAGTGGGGC"
"GL873521","3496294","3496455","chr4","75562087","75562252","37","72065793","TAGCCAGACATGGTGGCAGGTTCCTGTACTCCCAGCTACTTAGAGGCTGAAGCAAGAGGATAGCTTGAGACCAAGAGTCTGGAGGTTGCCATAAACTATGATGCCATAGCACTCTACCCACGGTGACAGAGTGAGATTCTGTCTCAAGAATAAATAAATAAA","TTAGCTGGGTGTGGTGGCATGCACCTGTAGTCCCAGCTACTTAGGAGGCTGAGGCAAGAGGATCACTTTAGCCCAGGAGGTGGAGGTTGCAGTGAGCTGAAATCATACCACTGCACTCCAGCCAGGGTGACAGAGTGAGACCTTGTCTCAAAAATAAATAAATAAA"
"GL873521","3515961","3516093","chr1","109402188","109402317","37","105886227","CTGGGCACAGTAGTATGTTCTTGTAATCCCAGTTTGGGAATGGGAGGCTGAAGCAGGAGGATCTCTTGCACCTAGGAGTTCAAGTCCAGCCTGGGCCACTTAGGTAAACACTCCTATACACACAATAAATAAA","GGCTGGGACGGTGGCTCATGCCTGTAATCCCACACTTTGGGAGGCTGAGCTGGCAGATTGCTTGAGCCTAGGAGTTCAAGACCAGCCTGGGCAACATGGTGAAACCCCACCTTTACAAAAAATAAATAAA"
"GL873521","3526495","3526609","chr6","8494714","8494833","23","4968219","GGGTGTGGTGGCTCATGCCCATAATCACAACACTTTGGGAGGTGAGGCAAAATGGTCACTTGAGACTAGGAGTTCAAGATCAGCCTGGGCAACATAGCAAGACTCTGGGTCCACA","GGCCAGGTGTGGTGGCTCATGCCTGTAATCCCAACATTTTGGGAGGCTGAAGCAGAGAGGTTGCTTGAGACCAGGAGTTCAAGACCAGCCTGGGCAACATAGCAAGACCCTCTCTCTACC"
"GL873521","3526643","3526661","chr3","50246504","50246521","6","46719861","TTAAAAAACAAACATTTGC","AAAAAAAAAAAAAATTTT"
"GL873521","3544998","3545149","chr5","35290577","35290728","43","31745579","AGCCCAACAAAATGAGGGGGGCATTGTGGTGGACGCCTGTAGTCCCAGTCACTCAGAAGGCTGAGACAAGGGAATCGCTTGAGTCCAAGATTTGAGGTTGCTGTGAGCTATGATGGCACAGCACTCGACCCAGGGCAACAGAGTGAGACTCT","ATAGAAAAACTAGCCAGCATGGTGGCTCACGCCTGTAGTCCCAACTACTCAGAAGGCTGAGGCAGGAGGATCGATTGAGCCTGGGAGGTCAAGGCTGCAGAGAGCCATGATTGTGCCACTGCACTCTAGCTTGGGCAACAGAGTGAGACTCT"
"GL873521","3545179","3545299","chr8","123644856","123644976","23","120099677","GGCCAGGGTGCAGTGGCTCATGCCTGTAATCCTAGCACTCTGGAAGGCTGAGGCGGGTGGATTGCTTGAGCTCAGGAGTCGGAGGTCAGCCTGAGCAAGAGAAGGATCCCATCTCTACTGA","GGTTGGGTGCAGTGGCTCATGACTGTAATCCCAGCACTTTGGGAGGCTGAAGCAGGTGGATTGCTTGAGCCCAGGAGTTGGAGATCAGCCTGGGCAACATAGTAAGACCCTGTCTCTACAA"
"GL873521","3553893","3554058","chr11","78192954","78193119","45","74639061","AATACTGACCAGGTGTAGTGAGTGGTGCATGCCTATAGTCTCAGTTACTTGGAAGGTTGAGGCAAAAGGATTGCTCAAACACAAGAGTTTTAGGTTGCTGTGAACTATGATGCTACAGCACTCTACCAGGGCAACAGAGTAAGACTGTGTCTCAACAACAAACAAA","ATTAGCCAGGCATGTTGGTGCATGCCTATAGTCCTAGCTACTTGGAAGGCTGAGGCATGAGGATGTACTGAGCCCAAGAGTTCCAGGTTAGAGTGAGCTATGATCATGTCACTGCACTCTAGCCTGGGCAACATAGCAAGACCCTGTCTCTAAAACAAAGCAAAAA"
"GL873521","3554086","3554201","chr1","91242641","91242760","22","87688555","GGGTGCAGTGGCTCACGCCTATAATCCTAACACTCTGGGAGGCCAAGGTAGGTGGATCACTTGAGTTTGAGGAGTTTGAGACCAGCCTGAGCAAGAGAAAGACCCCATCTCTACTA","GCCAGGCGCAGTGGCTCACACCTATAATCCCAACACTTTGGGAGGCCAAGGCAGGAGAATCACTTGAGGCCAGGAGTTTGAGACCAGCCTGAGCAACATAGCAAGACCTTGGCTCTACTA"
"GL873521","3593976","3594262","chr16","24608122","24608413","74","21014146","GGCTGGGCACAGTGGCTCACACCGGTAATCCCAGCACTCTGGGAGGCCGAGGCAGGTGGATTACCTGAGCTCACAGTTTCGAGACCAGCCTGAGCAAGAGTGAGACCCCCCCCCCAATCTCTAAAAATAGCTGGGCGTTATGGCCAGGTGCCTGTAATCCCAACTATTTGGGAGGGTGAGACATGAGAGTCAGTCACTTTGAGCCAAGAGTTTGAGGTTGCTGTGAGCTGTGTGCCACAGCATCCTACCGAGGGTGACAAATTGAGACTGTGTCTCACAAAAAAGAA","GGCCAGGCGCAGTGGCTCACACCTGTAATCCCAGCACTTTGGGAGGCTGAGGTGGGTGGATTACTTGAGCTCAGGAGTTTGAGACCAGCCTGGGCAATATAGTGAAACCCTATCTCTACCAAAAACACAAAAATCTAGCTGGGCATGGTGGCACGTGCCTGTAGTCCCAGCTACTCGGGAGGCTGAGGCAGGAGGATCACTTGAGCCTGGGAGGCAGAGGTTGCAGTGAGCCATGATTGCGCCAGTGCACTCCAACCTGGGTGACAGAACAAGACCCTGCCTCAAAAAAGAA"
"GL873521","3621527","3621631","chr8","21452005","21452106","29","17830478","TCACATTTATAATTCCAGCACTCTGGGAGGCCGAGGCAGGAGAAACCCTTGGGCTCAGGAATTCAGGGGCCAGCCTGAGCAAGAGCCAGGCCCAGTCTCTACTAA","CATGCCTATAATCCCAGCACTTTGAGAGGCTGAGGCAGGAGGATCGCCTGAGCCCAGGAGTTCGAGGCCAGCCTGGGCAACATAGCAAGACCCCATCTTTAA"
"GL873520","60838810","60839064","chr5","171848001","171848259","81","111009191","GGCTGAGAGTGGTGGCTTCTAACAGTCCGAGAGGTTGAGGCTTGAGCTCAGGAGTTACAGGTCAACCTGAGCAACCCCTGCCTACTAAAAATAGAAAAAATTAGCTGGGCATTGTGGTGAGTGCCTGTAGTCCTACCTACTGGGAGACTGAGGCAGGTGGATCTCTCAAATTCAGGAGTTTGAGGCTGTCGTGAACTACGACGCCACAGCACTCAGGCCTGAGCAACAGTGAGACTGTCTCACACACACAAGAAA","GGCCAGGCAAAGTGGCTCATGCCTGTAATCCCAGCACTTTGGGATCACTTGAGCCAGGAGTTCAAGACAACATGATGAAACCCCGTTTCTACCAAAAACACAAAAAAATTAGCTGGGCATGGTGGTGCACGCCTGTAGTCCCAGCTACTTGGGAGGCTGAGGCAGGAGGATCGCTTGAGCTCAGGAGGTCGAGGCTGCAGTGAGCACTGACTGTGCCACTGCACTCCAGCCTGGACAACAGATAGAGACCTCGTCTCAA"
"GL873520","60890558","60890822","chrX","9126809","9127055","74","51763749","AGAAGTTTGAGACCAGCCTGAGCAAGAATGAGACCTCATCTCTATAGACAAATAGAAAAATTAACCACTACAGGCATGGTGGTATGTGCCCATAGTCAAAGATACTCAGGAGGCTGAGGCAGGAGGATCACTTGAGCCCAGTAGTTAGAGGTTGCAGTGAGCTATGATGACATCCTAACACTCTAGCCAAGGCAACAGAGTGAGTGAGACTCTGTCTCAAAAATAAATAAATAAATAAATAAATAAAAGAAAAGAAAAAAAAGAA","ACCAGCCTGGGCAACATGGTGAGACCTCATTTCTACTAAAAATACAAAAAAATTATCTGGGTGTGATGGTACGTGCCTGTGGTCTTAGTTACTTGGGAGGCTGAGATGGGAGGATTGCTTGAGCCCAGGAGGTTGAGGCTGCAGTGAGCCATGATCACACCACTGGATTCTAGCCTGGGTGACAACAGTGAGACCCTGTCTCAAAAATAAATAAATAAATAAATAAATAAATAAATAAATAAATAAA"
"GL873520","60903513","60903710","chr8","38561134","38561339","57","22342379","GACCAGCCTGAGTAAGAGTGAGACCTTATCTCTAAAAAAATAGCTGGGAGTTATGGCAGGTGCCTGTAGTCCCAGCTACTTGGAAGGCTGAGGCAAGAGGATCACTGGAGCCCATGACTTTGAGGTTGTTGTGAGCTATCATGCCATGGCACTTTACCCTGGGTGATAAAGTAAGACACCATGAAAGAAAGAGAGAAA","CAGCCTGGGTAACGTGGTGAGACCACATCTCTAAAAAAATTAGCTGGGCTTGGCAGCACATACCTGTAGTCCCAGCTACTTGGGAGGCTGAGGCGGGAGCATCGCTTGAACCCAGGAGGTAGAGCCTGCAGTGAGCGAGACTGTATCTCTGCACTTCAGCCTGGGTGACAAAGTGAGACACCATCTTAAAAAAAAAGAAAGAAAGA"
"GL873520","60903994","60904078","chr19","44122957","44123041","20","16781037","CTGGGCACAGTGGCTCACACTTGTAATTCTAGCACTCTTCAAGGCCAAGCTAGGCGGATTGCCTGGGTTCAAGAGTTGGAGACCA","CTGGGCACAGTGGTTCATCCCTGTAACCCAGCACTTTGGGAGGCCAAGGTGGGAAGATTGCTTGAGCTCAAGAGTTTGAGACCAC"
"GL873520","61127875","61128124","chr12","40543558","40543815","61","20584317","AGGCCAAGGCAGGTGGATTACTTGAGCTCAGGAGTTTGAGACCAGATGGAGTAAGGGTGAGACCTCCATCTCTACTAAAAATAGAAAAACTAGCCAGGCATCATGGCAGGTGCCTGTAGTCCCAGCTACTTGGGAGGCTGAGGCAGAAGGATCACTTGAGCCCGGGGTTTGAGGTTGCTGTGAGTCAGGCTGATGTCACAACATTCTACCAGGGCAACACAGTAAGACTCTGTCTCAAAAAAAAAAAAAA","AGGCCAAGGCGGGTGGATCACTTGAGCTCAGGAGTTTGAGACCAGCCTGGGCAACATGGCGAAACTCCATCTCTACAAAAATTACAAAAATTAGCTGGGCATTGGTGGTGCACACCTGTGGTGCCAGCCACTCAGGAGGCTGAGGTGGGAGGACCTCTTAAGCCTGGGAGGCAGTGGTTGCAGTGAGCTGAGGTCATGACACTACTCCATTCCATCCTGGGCAACAGAGTGAGGCCCTGTCTCAAAAAAAAAAGAAAA"
"GL873520","61204249","61204420","chr6","117522072","117522244","43","56317823","GAGAAAAACTGACTGGGCATTGTGGAAGGTGTCTGTAGTCCCAGCTACTCGGGAGGCTGAACCAAGAGGACTGCTCAAGCTCAAGAGTTTGGAGTTGCTGTGAGCTATAATGATGCTACAGCACCCTGCCCAGGGTAACAGAGTAAGACTTTAGCTCAAAAAAAAAAAAAAA","TAAAAAAATTAGCCAGATGTGGTGGCATGTGCCTGTAGTTCCAGCTACTCGGGAGGCTGAGGCAGGAGGATTGCTTGAGCTCAGGAGTTCGAGGCTGCAGTGAGCTATAATTGTGCCACTGCACTCTAGCCTGGGTGACACAGTGAGACCTTGTCTTTAAAAAAAAAAAAAAA"
"GL873520","61204698","61204831","chr12","96301849","96301984","29","35097151","GGCCAAGCGTGGTGGCTCCTGTCTATAATCCTAGCACGCTGGAGGGCCAAGGCAGATGGATTCCTTGAGCTCAGGAGTTAAAGATCAGCCTGAGTAAGAATGAGACCTCCATCTCTACTAAAAAGAGAAAAACT","GGCCAAGCATGGTGGCTCCTGCCTATAATCCCAGCACTTTGGGATGCCAAAGCAGGCAGATTACTTGAGCTCAGGAGTTCAAGACCAGCCTGGGCAACATGGTGAGACCCCATCTCTATTTTAAAAAATAAAAAAA"
"GL873520","61310865","61311035","chr14","88541197","88541366","41","27230332","GCTGGGCATTGTGGAGGGCACCTGTAGTCCCAGCTACTTGGGAGGCTGAGACAAGAGGCTCACTTGAGCCCTGGAGCTGAAGGTTTCTGTGAGCTGTGACACCATGGCACTCTACCAAGGGCAACATAGTAAAACTCTGTCTCAAAAAAAAATAGAAGTAGAAAAAGAAAA","GCTGGGCATGGTGGCTTATGCCTATAATCCCAGTACTTTGGGAGGCTGAGGCAGGAGGATAACTTGAGCCCTGGAGTCAAGGTTGCAGTGAGCTGTGATGGCACCACTGCACTGCAGCCTGGGTGACAGAGCAAGAACCTGTCTCAAAAAAAAAAAAAAAAAAAAAAAAA"
"GL873520","61311320","61311450","chr7","72684162","72684298","31","11372842","CCAGGCGCGGTGGCTCACACCTATAATCCTAGCACTCTGGGAGGCCGAGACAGGTAGATTGTTGGAGGTCAGGAGTTTGAAACCAACCTGAGCCAGAGTGAGCCCCCATCTTTAAAAAAACTAGCTGGAGC","GCCAGGCATGGTGGCTCACACCTGTAATCCCAGCACTTTGGGAGGCTGAAGCAGGAAGACTGCTTGAGGCCAGGAGTTTGAGACCACCCTGCACCACATAGCGAGACCGCATCTCTACTAAGAAATTAGCTGGGCAT"
"GL873520","61632558","61632764","chr12","61622891","61623093","58","9667","GGCCAGGTGCAGTGGCTCACACCTGTAATTCTAGCACTCTGGGAAGCCAAGACAGGAGAATCCTTTGAGTTTGGGAGTTCAAGACCAGTCTGAGCAAGAGCAAGACCCCATCTCTATTAAAAGTAGAAAATATTAGCCACATGTCCTGGCTACTGAGAGCTACTCAGGAGCCTGAAGCAGGAGGATCATTTGCCTGGGCAGCAGAGG","GGCTGGGCATAGTGGCTCACACCTATAATCCCAGCATTTTGGGAGGCCGAGGTGGGAGAATCACTTGAGCCCAGGAGTTCGAGACCAGTCTGGGCAACATGGCAAGACCCTGTCTCTACAAAAATTAAAAAATTAGCCAAGTGTGGTGGCTGTGGTCCCAGCTACTCAGGAGGCTGTGGTGGGAGGATCTCCTGGGCCTGGGA"
"GL873520","62111475","62111518","chr11","2140149","2140197","13","59971326","CCTGTAATCTAAGTACTTTGGGAAGCCAAGTGGAAGGATCTTTC","CTTGTAATTCCAGCACTTTGGGAGGCCAAGGTGGGAGGATCACTTGAGC"
"GL873520","62111756","62112003","chr3","130809410","130809642","65","68697654","CTGGTGGAAGGATCTTTCTAATTGAGGCCAGAAGTTTGAGACCAGCCTAAGCAACATGGCAAGACCCTATAACCATGTAAAATAGAAAAATTAGCTGGGTGTGGTGGTGCACACCTGTAGTACCAGATACTCGAGAGGCTGAGGCAGGAGGTTTGCTGGAGCCCAGGAGTTTGAGGTTACAGTGAGCTATAATGACACCACCACACCTTAACTCAGGCAAAAGAGCAAGACCCTTTCTCAAAAGAAAA","CCGGAGAGGGTAGATTTCTTGAGCCCAGGAGTTCAAGACCATCCTAGGCAACATGGCTACAAAAAATAGAAAAATTAGCTGGGCATGGTGGTGTGCACCTGTGGTCCCAGGTACTCAGGAGGCTGAGGTGGGAGGATTGCTTGAGCCTGGGAGGTTGAGGCTGCAGTGAGCCATGATTGCACCACTGCACTCCAGCCTGGGCAACAGAGCAAGACCCTGTCTCAAAAAAGAAA"
"GL873520","62249107","62249260","chr10","17058131","17058282","38","45190976","ACAATTAGACAGGTGTAGTGGCACAAGCCTATAGTCCCGCTACTCGGAAGGCTGAGGCAGGAGGATCACTCGAGCCCAAGAGTTGGAGGTCACTGTGAGCTATGACACCATGACATTCTCCCCAGGGTAACAGAATGAGATTCTGTCTCAAAAA","AAAAATTAGGCATGGTGGCATGTGCTTGTGCCAGCTACTCAGGAGGCTGAGGCAGGAGGATCACTTGAGCTCAAGAGGTGGAGGCTACAGTGAGCCATGATTGCACCACTGCACTCCAGCCTGGGCAACAGAGTGAGACCCTGTCTCAAAAA"
"GL873520","62249287","62249403","chr22","16925544","16925667","25","45323743","GGCTGGGCGTGGTGGCTCACATTGTAAATTCTAGCACTCTGAGAGGCCGAGGTGGGTGGATTGCTTGAGGCTAGGAGTTAGAGACCTGAGCAAGAGTGAGACTCTGTCTCTGCTAAA","GACTGGGCATGGTGGCTCACACCTGGAATCCCAGCACTTTGGGAGGCCAAGGTGGGTGGTTTGCTTGAGCCCAGGAGTTCGAGAGCAGCCTGGGCAATATTGTGAGACTCTGTCTCTACAAAAT"
"GL873520","62409859","62410146","chr6","37880818","37881108","74","24529041","GACTAGGTGCAGTGGCTCACACCTATAATCCTAGCACTGTGGAAGGCCAAGGCAGGTGGATTAGTTAAGCTCAGGAGTTTGAGACCAGCCTGAGCAAGAGTGAAACTCCATCTCTGCTACAAATAGAAAAACCAGCTAGGCAGAGTGACATGCTCCTGCAATTCCAGGTACTTGGAAGACTGAGGTAAGAGGATCATTCAAGCCCAGAATGAGAGGATGCTGTGAGCTATGATGCCACAGCACCCAGTGAGGCTATCTCAAAAAAAAAAAAAAAAAAAAAGAAAGAAA","GGCCAGGCGCAGTGGCTCACACCTGTAATCCTGGCACTTTGGGAGGCTGAGGCGGGTGGATTGCTCGAGCTCAGGAGTTCAAGATCAGCCTGGGCAACATGGTGAAATCCCATCTCTACAAAAAATACAAAAAATTAGCTGGGTGTGGTGGCACATGCCTGTGGTCCCAGCTACTTGGGAGGCTGAGGTAAGAGGATTACCTGAGCCCAGAAGGCCAAGGCTACAGTGAGCCGTGATCATGCCACTGCACGCCAGCCTTTTTCAAAAAAAAAAAAAAAAAAAAAAGACAAA"
"GL873520","63481106","63481324","chr10","7622016","7622239","66","55859090","GAAAACAGTCTGAGATGAGCCTGAGTAAGAACAAGACCCCGTCTCTACTAAAAATAGAAAAACTAGCTAGTGTGTTGGTGGATCCCTGTCATCCCAGGTACTTGGGAGGTTGAGGCAGGACCACTGGAGCCCAAGAGTTTGAGGTTGCTGTGAGCTATCACACTACAGCACTCTACTGAGGGTAACAAAATGAGACACTGTCTCATGAGAAAAAAGAAA","CAGGAGTTTGAGATCAGCCTGAGCAACATGGCAAAATCCCATCTCTACTAAAAATACAAAAATAAGCTGGGTGTGGTGGTGTGCTCCTGCAGACCCAGATACTCGGGAGGCTGAGATGGAAGGATCTCTTGAGCCTGGAAGTTTGAGGCTGTAGTGAGCTGTGATCATACCACTGTACTCCAGCCAGGGTGACACAGCAAGACCCTGTCTCAAAACAAAAAAAA"
"GL873520","63481596","63481682","chr3","39920305","39920389","13","23561291","GGCCAGGCACAGTGGCTCACACCTATAATCCTAGCACTCTGGGAGGCTGAGGCAGGCAGATTGCTTGAGCTCAAGAGTCTGAGACGA","GGCTGGGCACAGTGGTTCATGCCTATAATCCTAGCACTTTGGGAGGCTGAGGCAGACAGATTGCTTGAGACCAGGAGTTTGAGAC"
"GL873520","63984607","63984688","chr22","40046115","40046198","21","23938492","GGCTCATGTCTGTAATCCTAGTAGTTTGGGAGGTTGAGATAGGAGGATAGTGTAAGGCCAGGATTTTAAGAACAGTCTGAGT","GTGGCTCATGCCTGTCATCCCATCACTTTAGGAGGCTGAGGTGGGAGGATCACTTGAGACCAGGAGTTTAAGACCAGCCTGAGA"
"GL873520","63984964","63985013","chr12","123527171","123527211","18","59542207","AAAGAAGAGACTGAGCAACACAGTGAGATTATATAGCAAAATAATAATAA","AATTAAAAAATTTAAAAAGTGAATGAGATAAAAAAAAAAAA"
"GL873520","63985042","63985199","chr10","96290088","96290255","47","32305046","AAAAGAAAAAAATTAGCGAGGCATAGTAGCACATGGCTATAGCTCCAGCTACTTGAGAGAGTGAGGCAGGAGTTTGTTTGAGCCTGGGAAGTCGAGGTTGCAGTGAGCCATAATGGTGCCACTGCACTGTAAAACAGCAAGAGACCACCCCTCAAAAA","CAAAAAATACAACAATTAGCTAGGCATGGTGGCACATGCCTGTAGTCCCAACTATTTGAGAGGCTGAGGTGGGAAGATTGCTTTAGCCCCCGAAGTTGAGGCTCCAGTGAGCCAAGATTGTGCCACTGCACTTGAATCTGGGTGACAGAGCAAGACCCTGTCTCAAAA"
"GL873520","64280098","64280238","chr14","74041742","74041876","35","9761644","TAATCCTAGCATTTTGAGAGGCCAAGGAAGGAGGATCATTGGGCCCAGAAGATTGAGGCTGCAGTGAGCTGGGATTGCAGCATCATGGCATGTCTCCAGCCTGGGCAACAGTCTGAGATCCTGTCTTTAAAAAAAAAAAAA","GTCCCAGCTACTTGGAAGGCTGAGGCAGGAGGATCACTTGAGCCTGGGAGGCTGAGGCTGCAGTGAGTTGAGATCACACCACTGCACTCCAGCCTGGGCAACAGAGTGAGACCCTGTCTAAAAAAAAAAAAAAAA"
"GL873520","64390458","64390731","chr9","129896598","129896884","83","65506140","GCTAGGCCTGGTGGCTTGTGTCTGTAATCTTAGCACTCTAGAAAGATAAGGCAGGTAGGTAGATTTCCTGAACCCAGGAGTTCAAGACCTGCCCGAGCAAGAGGGAGACCTCACCTCTATTAAAAATAGAAAAACTAGCAGATCTGGCAGGTGCCTTTAGCCCCAGCTATGTGGTAGGTTGAGGTAAGAGGGTCACCTGATCCCAAGAGTTTGAGGTTTCTGGAGCTATGATGCCATAGTACTCTAGACAGGGCAATAGAGCAAGACTGTCCCA","GCCAGGTGTGGTGGCTCATGCCTGTAATCCCAGCACTTTGGGAGGCTGAGGCGGGAGGACTGCTTGAACTCAGGAGTTCAAGACCAGCCTGGGCAAGATGGTGAGACCTCATTTCTACTAAAAAAAGGAAAAAAAAATAGCCAGGTGTAGTGGTGCATGCCTGTACTCCCAGCTACTGGGTAGGCTGAGATGGGAGGATTGCTTGAGCCCCAGAGATTGAGGCTGCAGTGAGCCATGTTTGTGCCACTGCACTCCAGCCTGGACAACAGAGCAAGACCCTGTCTCAA"
"GL873520","64390763","64390781","chr8","126405290","126405308","3","62014527","GAGACAAAAAACAAAAAAA","AAGCCAAAAAACACAAAAA"
"GL873520","64761525","64761688","chr10","19288424","19288579","45","45473101","TACTAAAATAAGCCGGGTGTTGTGGCAAGCTCCTGTAAATCCCAGCTGCTTGAGAAGCTGTGGCAAGAGAACTGCTTGAGCCCAAGAGTTTGAGGTTGCTGTGAGATGTGACGCTATGGCACTCCACCAAGCAAGGGCAACAAAGTGACACTCTGTCTCAAAAA","TTAGCCAGGTGTGGTGGTGTGCACCTGTGGTCCCAGCTTCTTGAGAGGCTAAGGCAAGAGGACTGCTTGAGCCTGAGAGTTCGAGGCTGCAGTGAGCCATGTTCACACCACTGGACTCCAGCCTGGGCAACAAAGTGAGACCCTGTCTCAAAAAAA"
"GL873520","64761718","64761830","chr21","23033355","23033468","26","41728363","GGATGGGCACGGTGACTCATGCCTGTAATCCTAGCACTCTGGGAGGCCGAGGCAGGCGGATTGCTTGGATTCACTGACAAGATCAGCCTGAGCAAGAGCACAGACCCCTTCTT","GGCCAGGCATAGTGGCTCATGCCTGTAATCCCAGCACTTTGGAAGGCCGAGGCAGGAGGATTGCTTGGAGCCCAGGAGTTCGAGACCAGCCTGAGCAGCATAGACCCCTATCTC"
"GL873520","65203840","65204008","chr6","16993982","16994146","52","48209858","AAAAATCACAATAAACCTGGGCATTGTGGGACACACTTGTGGTCCCAGCTACTTGGAAAGCTGAGGCAAGAGGATCCCTTGAGCCCAGTCCACCATTCAGGTCCAGAGGAAGAGGCACTGCCCTCCAGCCTGGGACTCTAGTGAGACCTCCTCTCTTAATAAAAAAGAA","AAAATAAAAAGTTAGCTGGCCATGGTGGCACACACCTGTGGTCCCAGCGACTCAGGAGGCTGAGGCACAAAGATTGCTGGAGCCTAGGAGGTTGAGGCTGCAGTGAACCACTGCACTCCAGCCTGGGTGACAGAGAGACCCTGTCTCTTAGAAAAGAAAAGAAAA"
"GL873520","65233615","65233893","chr12","113638468","113638747","72","48404853","GACTGGGCAAGGTGCCTCACCCTGGTAGCCTAGCACTCTGGGATGCCAGGATGTGTGGATTGTTTGAGCTCAGGAATTGCAGACCACCCTAAGTAGGAGTGAGATCCCATCTCTACTAAAACAGAAAAACTATCCAGGTGTCATGGCAGGCACTGATAGTCCCAGCTACTGGGGAGCCTGAGACAAGAGGATTGCTTGAGCCCAGGAGTTTGAGGTTGCTGTGAGGTATAATAACACCACAGCCCTCTAGCCTGGGCAACAGAGTGAGACTATGTCTCA","GGCCGGGTGCGGTGGCTGATGCCTGTAATCTCAGCACTCTGGGAGGCCAAGGTGGGAGGCTTGTTTGAGCCCAGGAATTCCAGCCCAGCCTGTGTAACACAGAGAGACCCCATCTCTACAAAAAATAATAAGATTAGCTGGGGGTAGTGGCATGTGTCTATAGTTCCAGCTACTCGGGAAGCTGAGGCAGGAGGATCACTTGAGCCCAGGAGGTTGAGGTTGCAGTGAGCTATGATCACTCCACTGCACTCCAGCCTGGGCAACAGAGCAAGACCCTGTC"
"GL873520","65233919","65233934","chr4","2195053","2195068","3","63038866","CCAAAACGAAAGAAAA","ACAAAACAAAACAAAA"
"GL873520","65359603","65359765","chr10","35735599","35735752","41","29624004","GTGGCTCATGCCTGTAATCCAGCACTCTGGGAGGTCAAGGCTAGATGATCACTTGATTGAGTCCAGGACGTCCAGGCTGCAGAGAGCTGTGACTCTGCCACTGTACTCCAGCCTGGGTGTAGCATGAGACCTTGTATCTAAAAACAAGCACCAAACAAAAAAA","GTGGCTCAAACCTGTAATCCCAGCACTTTGGGAGGCCAAGGCCAGAGGATCACTTGATCCCAGGAGGCTGACGCTGCAGTGAGCCGTGATCATGCCACCACACTCCAGCCTGAGCAACACAGTGAGACGTTGTCTCTAAAAAAGAAAAAGAAAA"
"GL873520","65811521","65811636","chrX","5419188","5419305","32","60392333","GTAGCAGTTACTTAGGTGGCTGAGGCAGGAGGATCACTTGAACCTAGGAGTTCACGGTTGTTGTGAGCTATTATGATGCCAGTGCACTCTCCCCCAGAGGGATAGAGTGAGACTCT","GTCCCAGCTACTCTGGGAGGCTGAAGTGGGAGGATCACTTGAGCCTGGGAAGTTGAGGCTGCAGTGAGGTATGATTGTGCCAGTGCACTCCAGCCTGGCTGAGAGAGTGAGTCTCCGT"
"GL873520","65812040","65812202","chrX","9218405","9218573","37","56593635","GACCAGGCACGGTAGCTCACTCCTGTAATCCTGGCACTCTGGGAGACTGAGGCAGGTGGATTGCTTGAGCTCGGGAGTTGGAGATCAGCCTGAGCAAGAGCAAGACCCCATCTCTACTAAAAATAGAAAAACTAGCTGGGCTTTGTGCAGTCACCTGTAGTTA","GGCCAGGCGCAGTGCCTCACACCTGTAATCCCAGCACTTTGGGAGGCCGAGGCGGGTGGATCACTTGAGCTCAGGAGTTTGAGACCAGCCTGAGCAACATGGCAAAACCTCACCTCTACAAAAAAAATACAAAAATTAACCAGGCATGGTGGCAGGCACCTGTAGTCTC"
"GL873520","65944653","65944944","chr7","133126957","133127257","74","67182304","GGCCAGGCACAGTGGCTGACACCTATAACCCTAGCATTCTAGGATGCCAAAGCAGGTGGACTGCTTGAGCTCAGGAGTTTGAGACCAGACTGAGCAAGAGTGATTCCAGAACTCTACAAGAAGTAGAAAAATTAGCTAGGCATGGTGGCTCATGCCTATAGTCCCAGCTACACTGTAGGAGGCTAAGGCAGGATAGCTTGAGCCCTGCCTGTGGCTTGCTGTGAGCTGTGACACCAGGGCACTCTACCCAAGATGACAGAGGGACACTCAGTCTCAAAAAAAGAAAAAAAAA","GACCAGGCACAGTGGCTCACACCTGTAATCCCAGCACTTTGGGAGGCCAAGGCAGGTGGAATGCTTGAGTCCAGAAGTTCCAGACCAGCCTGGGCAACATGGTGAAACCCTGTCTCTACAAAAAATACAAAAATTAGCTGGGCATGGTGGCACATGCGTGTAGTCCCAGCTACTCAGGAGGCTGAGGCAGGAGGATTGCTTGTGGCCAGAAGGTTGAGGCTGCAGTGAGCCAAGATTGCACCACTGCACTCCAGCCTGGGTGACAGAGTGAGACCCTGTCTCAAAAAATAAAAAATAAAAA"
"GL873520","66312570","66312862","chr6","39411163","39411467","78","26901407","GGGCCGGTGGCTCTGCCTGTAATCCCAGCACTTGAGAGGCCAAGGTGGGTGGATTGCTTGAGCTCACAGGTTTGAGACCAGCCTGAGTCAGAGAGACACTTTATCTCTAAAAATAGATGGGTGTTGTGATGAGTGCCTGTAGTCCCAGCTACTTGAGAGACTGAGGCAAGAGAATCATTTAAGCCCAGGAATTTGAGGCTGTTGTGAGCTATGATGCCATGGCACTCTACTAAGGGTGACAAAGTGGTACTCTCTCTCAAAATAAATAAATAAATAAATAAATAAGAAGAAAA","CTGGGCGCGGTGGCTCACAGCTGTAATCCCGCATTTTGGGAGGCCAAGGTGGGCAGATTGCTTGAGCTCAGGAGTTTGAGACCAGCTATAGTCAACGTGGAGAAACCCCGTTTCTACAGAAATTAGCCAGGTGTAGTGGTGAGTGCCTGTAGTCCCAGCTACTTGGGAGGCTGAGGTGGGAGGATGACTTGAACCTGGAAGGTTGAGTTTGCACTGAGCCAAGATGGCAACACTGCACTCCAGCTGGGGCGACAGAGTGAGACCCTGTCTCAAAATAAATAAATAAGTAAATAAAAATAAATAAA"
"GL873520","66697774","66697947","chr12","66258613","66258792","41","439161","AAAAATAGAAAAACTAGCTGGGCATCATGGCAGATGCCCATAGTCCCAGGTAGTCTGGAGGCTCAGGCAGGAGGATCACTTGAGCCCAGGAGATTGAAGTTGCTGTGAGGTGTGATGCCATAGCACTCTATCCTAGGGCAACAAAGCGAGACTCTGTCTCAAAAAAAAAAAAAA","AAAAAACAAAAATTAGCCAGGCATGGTGGTACATGCCTGTAGCCCCAGCTATTCTGGTGGCTGAGGCAGGAGGATTGCTTGAGCCCAGGAGGTTGAAGCTGCTGTGAGCCGTGATTGGACCACTGCACTCCAGCCTGGGGGACAGAGTGAAACTGTGTCTCAAAAAAAAAAAAAAAAAAA"
"GL873520","66905740","66906006","chr1","109854612","109854879","75","42948872","CTGGTTGCAGGGGCTCATGTGACATGTAATCCTACCACTCTGGGAGGCCAAGGCGGGAGGATCACATAAGCTCAGGTATTTGAGACCAGCCTATAAGAGTGAGACTCTGTCTCTATTAAAACTAGAAAAGTTAGCTAGACATTGTGGTGGGCACTTGTAGTCCCAGCTACTCAGAAGGCTGAGGCAAGAGGATCCCCTGAGCCTGAGAGTTTGAGGTTGCTGTGCTGCCCAGGGCACAGAGGTAGCCTCTGTCTCAAAAAGAATAAA","GACTGGGTGCAGTGGCTGACACCTGTAATCCCAGCACTTTGGGAGGCCAAGGTGGGCAGATCACTTGAGCTCAGGGGTTTGAGACCAGCCTGGGCAACATGGTGAAACCCCATCTCTACTAAAAATACAAAAATTAGCTGGGCATGATGGTGTGCCCCTGTGGTCCCAGCTACTTGGGAGGCTAAGGTAGGAGGACCATTTGAACCCAGGAGGTTGAGGTTGCAGTGAGCCATGATGGCACCAGAGTAAGACCCTGTCTCACAAAAAA"
"GL873520","67860832","67861100","chr1","76509011","76509296","71","8648179","GGGCATGGTGGCTTATCCTATACTCAATCCTAGCACTCTGGGAGGCCAGGCAGGAGGATCTCTTGAGCTTGGGAGTTTGAGATTAGACTAAGCAAGAGTGAAATCCTGTCTCTACTAAAAAAGAAAAATTAGCCAAGTGTTGTAGTGGGCACCTGTAGTCCCAGCTACTCAAGAGGCTGAGGCAGGAGGATTGCTTGAGCCCCGAAGTTTGAGGTTGCTATGAGCTGGGCACTCTATTCTGGGCAACAGAATGAGATTCTGTCTCAAAA","CCAGGTGTGGTGGCTTACACCTATAATCCCAGCACTTTGGGAGGCCAAGGCAGGAGATCACTTGAGCTTAGGAGTTTGAGACCAGCCTTGGCAACACAGTGAGACCCTGTCTCTACAAAAAATACAAAAATCAGCCATGTGGGATGGTGCCCACCTGTAGTCCCAGCTACTCAGGAGGCTGAGGTGGGAGGATGGCTTGAGCCAGGGAGATAGAAGTTGCAGTGAGCCAAGATTGTGCCACTGCTTTTCAGCCTGGGCAACAAAGTCAGACTCTGTCTCAAAAAAA"
"GL873520","69062088","69062263","chr7","70866847","70867027","48","1804759","TTAAAAAAAAAAAAAATAGAAAGACTGGCTAGACGTTCTGGCTGGTGTCTGTAGTCCCAGCTACTAGGGAGGCTAAGGCAAAAGAATCACTTAAGCCCAAGAGTTTGAGGTTGCTGTGAGCTATGATGGCACAGCACTTTACCAAGGGTGACAAAGTGAGACTCTGTCTCTAAAAA","CTTATTTAAAAAAAAAAAAATAGCTGGGCATGGCCATGGTGGCACATGCCTGTAGTCCCAGCTACTCGGGAGACTGAGGCAAGAGGATCCCTTGAGCCCAGAAATTGGAGGAGGCAGTGAGCTATGATTGTGCCACTGCACTCCATCCTGGGTGACAAAGCAAGACTCCATCTCAAAAAAA"
"GL873520","69062538","69062668","chr13","30541906","30542038","27","38520632","GGCTGGGTGTGGTGGGTCACACCTATAATCCTAGCACTCTGAGAGGCTGAGGTGGGTGGATTGCCTGAGCTCAGAGTTTGAGACCAGCCTAAGCAAGAATGAGACACATCTCTATTAAAAATAGAAAGACT","GGCTGGGTGCGGTGACTCACACCTATAATCCCAACACTTTGGTAGGCTGAGGTGGGTGGATTGATTGAGCCCAGAAGTTTGAGACCAGCCTGGGCAAAATGGTGCAACCCCATCTCTACAAAAAATACAAAAA"
"GL873520","69122097","69122374","chr2B","205101704","205101992","75","135979607","GGGTGGGAGCAGTGACTCATGCCTGTAACCTTAACACTCTGGGAGGTCAAGATGGGTAGATCACCTGAGTTCAGGAGTTCGAAACCAGTTTGAGCAAGAGCAAGACCCCATCTCTACTATAAATAGAAAAACTATCCGGTGTTGTAGTGGGTGCCTGTAGGCCCAACTACTTGGGAAGCTGAGGCAAAAGGATCACATGAGTCCAGGAGTTTGAGGTTGCTGTGAGCTATAATGCCAGGACACTCTACCCAGGACGTCAGAGTGAGAGAGTCTCAAAA","GGCTGGGCACAGTCACTCATGCCTGTAATCCCAGCACTTTGGGAGGCTGAGGTGGGTGGATCCCTTGAGTCCAGGAGTTCGAGAGCAGCCTGGGCAACAGGGCGAAACCCTGTCTCTACTAAAAGTACTAAAATTAGCCAGGTGTGGTTGCATGTGCCTGTAGTCCCAGCTACTAGGGAAGCTGAAGTGGGAGGATCACTTGAGCCCAGGAGGTGGAGGCTGCAGTGAGCTGTGATCATGCCACTGGCACTCCAGCCTGGATGACAGAGTAAGACCCTATCTCAAAAAA"
"GL873520","69132087","69132220","chr5","89100215","89100340","36","19968128","GCTGGACACGGTAGCTCATGATTGTAATCCTAATACTTTGGGAGGCTGAGGCAGGTGGATTGATTGCCTGAGCTCACAGGTTCAAGATCAGCCTGAACCAGAGAGAGACCCCCTCGTCTAAAAATAACTGATTG","GGTTGGGAGCCGTGGCTCATGACTGTAATCCCATAACTTTGGGAGACAGAGGCAGGAAGATTGCCTGAGCTCACAAGTTCAAGACCAGCCAGAACAATGCGGTGAAACCCCATCTCTACAAAAAAT"
"GL873520","69132506","69132665","chr1","54558782","54558941","40","14573724","AAAAAAAAAGCTAGGTATCGTGGCTGGCACCTGTAGTCCCAGCTACTTGGGAGGCTGAGGCAAAAGAATCACCTGAGCCCAGGAGTTAGAGGTTGCTGTGAGCTATGACGCCATGGCACTCTATCAAAGGTGATAGAGTTAGACTCTGTTTCAAAAAAAA","AGAATTGACTGGGTATGGTGGCACATGCCTACAGTCCCAGCTACCTGGGAGGCTGAGGCAAGAGGATCGTGTGTGCCCAGGAGTTCGAGGCTGCAGTGAGCTATGATCACGCCATTGCACTCAGCCTGGATGATAGAGTAAGACCCTGTCCCTAAAAAAA"
"GL873520","69353400","69353535","chr4","62502184","62502318","29","6851216","GGCTGGGCATAGTGGTTCATGCCTGTAGTTCTATCTCTCTGGGAGGCTGAGGCGGGTGGATTGCTTGAGCTCGGGAGTTCAAGACCAATCTGAGCAAGAGTGAGACCCCATTTCTATTTTAAAAAAGTAGAAAAGT","GGCTGGGCATGGTGGCTCATGCCTGTAATTCTAGCACTTTGGGAGGCTGAGACGGGTGGATTGCTTGAGCCCAGGAGTTCAAAACCAGCCTGGGCAACAATGTGAAACCCTGTCTCCACAAAAAATACAAACATT"
"GL873520","69353815","69353988","chr10","56775428","56775612","44","12578387","CTAGCTAGGCATTGTGGGCACCTGTAGTCTTAGCTACTTGGGAGACTGAGGCAAGAGGATTGCTTCAGTCTAAGAGTTTGAGGTTGTTGTCAGCTGACACCACAGTGCTCTAGCCCAGGCAATAGAATGAGACTCTGTCTCAGAAATAAATAAATAAATAAATAATAAAATAAA","TTAGCCAGTTGTGGTGGTGCACAGCTGTAGTCCTAACTACTTGGGAGACTGAAGCAGGAGGATTGCTTGAGCCCAAGAGTTTGAGACTGCAGCAAGCTATGATTGTGCCACTGCGCTCCAGCCTGGGCAACAGAGGAAGACTCTGTCTCTATAAATAAATAAATAAATAAATAAATAAATAAATA"
"GL873520","69844761","69844932","chr10","90868422","90868591","50","21023661","TACACAAATTAGCTGAGCACAGTGGCTCCTGCTAATAGTCTTAGCTACTCAGGAGGCTGAGACAGGAGGATTGCTTGAGGCCAAGAGTTTGAGGCTGTCGTGTACAATGATCACATTAATGAATAGCCACTGCCCTCCAGCCTGGACAATGTAGCAAGGGGTTATCTCCAAA","AAAATGTAAAATTTGGCCAAGCAAAGGTGGCATACATGCCTGTAGTCCCAGCTATTCAGGAGGCTGAGGCAGGAGGACTGCTTGAGCCCAGGAGTTTGAGGCTGTAGTGGGCTGCGATCATACCAGTGAATAGCTACTGCACTCCAGCCTGGACAACATAGCAGAAACCC"
"GL873520","70264235","70264511","chr1","28750736","28751025","63","41513499","GGTGTGGTGGCTCACGCCTATAATCCTAGCTCTCTAGGAGGCTGAAGCAGATGGATTGCTTGAGCTCAGGCATTGGAGACCAGCCTGAGCAAGAGCAAGACCCTGTCTCTAAAAAAACTAGCTGGGTGTTGTGGCAGGCACCTGTAGTCCTAGCTACTTGGGAGGCTGAGGTAGGAGAATCACTTGAGCCCAGGAGTCTGAGATTGCCGTGAGCTGTGATGCCACAGCTCTCTACCGAGGGCAACAAAATGAGACTCTGTCTCAAAGAAGAGAAAAA","GGTGTGGTGGCTCACGCCTATAATCCCAGCACTTTGGGAGGCTGAGCCAGGTGGATTGCTTGAGCACAGGAGTTTGAGACCAGCCTGCACAATATGGCAAAACCCTGTCTCTACAAAAACTACATATATTAGCCAGGTGTGGTGGTATGTGCCTGTAGTCCCAGCTACTTGGGAGACTGAGGCAGGAGGATCAATTGAGCCCAGGTGGTTGAGGCTGCAGTGAGCTGTGACTGCATCACTGCACTCTAGCCTGGACGACAGAGCAAGACCCTGTCTCCAAAAAAAAAAAA"
"GL873520","70264772","70264787","chr1","172062035","172062048","2","101797263","AATAAAATAAATAAAA","AAAAAATAAAAAAA"
"GL873520","70431995","70432168","chr7","119029682","119029843","46","48597687","GGGGCATGGTGGCGCGTGCCTATAGTGTTAGCTACTCAGGAGGCTGAGGCAGGAGGATCACTTGAACCAGAAATTCAAGGTTACAGTGAGCTGTGACACACCACTCCAACCACTCCAGCCTGGAGGATAGGAGGATAGAGCAAGACACCATCTCTAAGTAGAGAAAAGAAAAAA","TAGCTAGGCATGGTGGTGTGTGTCTGTAGCCCTAGCTACTCAGTAGGCTAAGGCAGGAGGATCACTTGAGCCCAAGTTCAAGGTTACAGTGAGCTATGATTGTGCCACTGCACTCCAGCCCACGTGATAGAGCAAGACTCTATCTCTTAAAGAAAAAAAAAA"
"GL873520","70432195","70432319","chr7","55380099","55380223","24","15052096","GGTCAGGTTACAGTGGCTCATGCCTGTAACTCCAGTGCTTTGGGAGGCCAAGGTGGAAGGATCACTTGAGCCCAGAAGTTTGGGACCATCCTGAGCAACATAACCAGATCCTAACTCTAATAAGA","GGTCAGGCACAGTGGCTCATGCCTGTAATCCCAGCACGTTGGGAGGCCAAGGCAGGAGGATCACTTGAGCCCAGGAGTTTGCGACCAGCTTGGGCAACATGGTGAGACCCTATCTCTACAAAGAA"
"GL873520","70561444","70561605","chr17","5354151","5354316","34","65207293","AATTAGCCAGGCATGGTGGCTCAGGCTTGTAGTCCTAGCTATTCAGGAGGCTGAGGCAAGAGAATCACTTGAGCCTAGAAGTTTGAGGTTGCTGTGAGCTATGACGCCATGGCACCCTACCCAGGGTGACTGAGTGAGACTGTCTCAAAAAAAAAAAAAAAA","TTAGCCAGGCATGGTGGTACATGCTTGTAGTCCCAGCTACTTGGGAGGCTGAGGTGGGAGAATCCCTTGAGCCCAGGAGTTTGAGGTTGCAGTGAGCTATGATTGTGCCACTCTGCATGCCAAGTCTGGGTGACAGTGAAACTGTCTCAAAAGAAAAAAAAGAAAA"
"GL873520","70561626","70561754","chr5","38564696","38564817","26","31996930","GGCTGGGTGCAGTGGCTGATGCCTGAAATCCTAGCATTCTGGCAAGCTGAGGTGGCAGGTGGATTGCTTGAGCTCAGGAGTTTGAGACCAGCCTGACCAAGAGCAAGACCCTGTCTCTACTAAAAATAA","GGCTGGGTGCAGTGGCTCATGCCTATAATCCTAACATTTTGGGAAGCTGAGGTGGGTGGATCGCTTGAGCCCAGAAGTTTGAGACCAGCTTGGGCAACATAGTGAGACCCTGTCTCTATAAA"
"GL873520","70984973","70985269","chr19","61169515","61169813","69","9815458","GCACAGAGGCTCATACCTATAATCCTAGCACTCTGAGAGGCCGAGGTTGGTGGATCACCTAAGCTCAGGAGTTTGAGACCAGCATGAGCAAGAATGAGACCCTATCTCTACTAAAAATAGAAAAACTAGCCAGATGTTGTGGTGGGTGCCTGTAGTCCCAGATACTTAGGAGGCTGAGGCAGGAGGATGGCTTCAGCCCAAGAGACTGAGGTTGCTATGAGCTGTGAAGCCATGGCACTCTACTGAGGGCAACAAAGTGAGACTGTGTCTCAAACAAATAAAATAAAATAAAAATAA","GGGCACAGTGGCTCTTTCCTGTAATCCCAGCACTTTGAGAGGCTGAGGTGGGAGGATCACTTGAGTCCAGCAGTTTGAGACCAGCCTGGGCAATACAGTGAGACCCTGTCTCTACAAAAAATATAAAAATTAGCTGGGTGTGTTGGTGCCTGCCTGTGGTCCCAGCTGCTCAGGAGGCTGAGCCAGGAGGATGGCTTGAGCCCAGGAGGTCGGGGCTGCAATGAGCCGAGAGGTCATGCCACCGCTCCAGCCTGGGCGACAGAGAGAGACCCTGTCTTAAAAAAAAAAAAAGAAAAAAA"
"GL873520","71031217","71031408","chr4","57296207","57296386","48","13735010","AAAAAAGATAGAAAAATAAAGTGAGCATAGTGGTGTGTCATAAGTAGTCCCAGCTACTTGGCAGGCTGAGGCAGGAGCATTGCTTGAGTCCAGGAGTTTTAGGTTGCAGTGAGCTGTGATGACATGATGCCACTGTGCTCTATCCTAGGCAACAGAGCAAAACCCTGTGTCAAACAACAACAACAATAAAAA","AAAAAAGAAAAATTAGCCAGGCATGGTGGCATGTGCCTGCAGTCCCAGCTACTCAGGAGACTGAGGTGGGAGGATTGCTTGAGCCAGGGAGATTGGGGCTGCAGTGAGCTGTGATATCATGCCACTGTACTCCAGCCTAGGCCGCAGAGTGAGACCCTGTCTCAAAACAAAAACAAAAAA"
"GL873520","71031681","71031796","chr19","18214436","18214546","24","52817245","CTGTAATCCTAGCACTTTGGTAGGTTGAGGTGGGAGGATTGTTTGAAGCTAGGAATTCAAGACCAGTCTTGGCAACATAGTGAGACCCTGTCTCTGCAAAAAATTAGAAAAATAAT","TGCAATCCCAGCACTTTGGGAGGTTGAGGCAGGAGGATCACTTGAGCCCAGGATTCGAGATCAGCCTGTGCAACATGGTGAGACCCTGTCTCTACAAAAAGTAGAAAAATT"
"GL873520","71086533","71086689","chr8","38296068","38296228","42","32790465","CTAGCTGGGTGTTATGGTGGGCACCTGTAGTCCCAGCTACTCCGAAGGCGGAGGCAAGCAGATCACTTAAGTCCAAGAGTTTGAGATTGCTGTAAGCTATGATGATGCCCTGGATTTCTACTCAGCATGACAGAGTGACACTGTCTCAAAAATAAAA","TTTAGCTTGGTGTGGTGGTGGACACCTGCAATCTCAGCTACTCAGGAGGCTGAGGCAGGAGGATCACTTGAGTCCAGGAGTTTGAGGCTGCAGTAAGCAATGATTGTACCATTGCATTCCAGCCTGGGTGACAGAGTGAGACCCCATCTAAAAAAAAAAAA"
"GL873520","71086953","71087087","chr22","28422281","28422416","25","42664672","GGCATGGGGTGGTGGCTCACACCTGTAATCCTAGCACTCTGGGAAGCCTAGAGGGGTGGATTGCTTGAGCTCCGGAGTTCAAGACCAACCTTGAGCAAGAATGAGACCCCATCTCTACTAAAAATAGAAAAAGTA","GGCAGGGCGTGGTGCCTCACACCTGTAATCCCAGCACTTTGGGAGGCTGAGGTGGGAGGATCGCTTGAGTCCAGGAGTTCAAGACCAGCCTGGGCAACATGGTGAAACCCCATCTCTACTAAAAATAAAAAAATTT"
"GL873520","71331890","71332125","chr20","30673841","30674091","64","40658049","GCCTGTAATCCTATCACTTTGGGAGGCTGAAGTGAGTGGATTACTTGAGCTCAGGAGTTTGAGACCAGCCTAAGCAAGAGCATGACTCTGTCTCTACTAATTAGAAAAATCAGCCAGGCATGGTGGCAGGCACCTGTAGTCCCAGCTACTTGGGAGGCTGAGGCAAGAGGATTGCTTGAGCCGAAAAGGTTGCTGGGAGCTACGATGCCAGAGCAACAGACTAAGACTCTGTCTCA","CACGCGTGTAATCCTGGCACTTTGGGAGGCCGAGGCAAGCGGATTGCTTGAGCTCAAGAGTTCGAGACCAGCCTGGGCAACATGGCAAAATCCTGTTTCTACGAAAAAAATACAAAAATTAGCCGGGCATGGTGGCACACACCTGTAGTCCCAGCTGCTTGGGAGGCTGAGGCAAGAGGATTGCTTGAGCCCGGGAGGTAGAGGCTGCAGTGAGCTGAGATCACGCCACTGCACTCCAGCCTGGGCGACAG"
"GL873520","71345766","71346024","chr1","36477448","36477714","67","34868318","CCAAGTGCAGCAGCTCCCACCTAAAATCCTAGCACTCGGGGAGGCCAAGGAGGGTGGATCACTTGAGAGCAGAAGTTCAAAACCAGCCTGAGCAAAGGGTGATCCCATCTCTACTAAAAATAGAAAAATGGGTTGGTCACAGTGGCAGGTGCCTGTAGTCCCAGCTATTTAGGAGGATAAGGCAGGAGGATCACTTGAGCCCAGGAGTTTGAGGTTGCTCTGAGCTAAGCTGATGCCACTCTAGTCTGGGCAACACAGC","CCAGGTGCAGTAGCTCACCCCTGAAATCCTAGCACTCTGAGAGGCCAAGGCGGGTGGATCACTTGAGCCCAGGAGTTTGAGACCAGCCTGGGCAACATAGTAAGACCTCATCTCTACAACAAATACAAAAATTAACTGGGCATGGTGGTTTGTGCCTATAGTCTCAGCTACTCAGGAGGCCGAAGCAGGAGGATCATCTGAGCCTGGGAGGTCAAGGTTGCAGTGAGCCGTGATCAAGCCACTGCACTCCAGCCTTGGCCACAGAGC"
"GL873520","71346046","71346069","chr9","124703980","124704002","4","53357934","TTGTTAAAAAAAAATAAAAAAGAA","GTCTTAAAAAAAAAAAAAAAAAA"
"GL873520","71514260","71514298","chr19","16922261","16922295","7","54591999","CAGAGTGAGACTCTTGTCTCAAAAAAATAAAATAATAAA","AAGTGAGACTCTGTCTCTAAAAAAAGAAAAAAAAA"
"GL873520","71514393","71514660","chr22","25275994","25276259","77","46238399","GGCCAAGTGCCATGGCCCATACCTATATAATCCAGCACTCTTGAGAGGTCAAGGCAAGAGAATACCTTGAGCTAGACTTCCAGACCAGCCTGAGCAAGAACAAGACTCTGTCTCTGCTGAAAATAGAAAAACTAGCCAGGCATGGTGGTGGGTGCCTCTAGTTCAGCTACTCAGGAAGCTGAGGCAAAAGAATCACTTGAACAAGAGTTTGAGGTGTGATCTAGGCTGATGCCATGGAACTGTAGCCTAGGGCAACAGAGTGAGACTA","GGCCAGGTGCAATGGCTCATGCCTGTAATCCCAACACTTTGGGAAGCCAAGGCAGGCCAATCACTTGAGCTCAGGAATTCGAGACCAGCCTGAGCAACGTGGCAAAATCCTGTCTCTACAAAAAATAGCCAGGCATGGTGGTGGGTGCCTGTAATCTCAACTACTCGGAGGCTGAGGTGGGAGGATCGCTTGAGCCTGGGAGGCGGAGGTTGCAGTGAGCCATGATTGCGCCACTGAACTTCAGCTGGGGCGACAGAGTGAGACTC"
"GL873520","71587735","71587853","chr1","93453408","93453531","26","21865673","GTTGGGCACAGTGGCTCACATCTATAATCCCATCTACTTGAGAAGACTGATGCAGGTTTACCTGAGCCTAGGAGTTTGAGAACAGCTTGGGCAACATAATAAAAGCCCATCTCAAAAAA","GGCCGGGCACAGTGGCTGACACCTATAATCCCAGCACTTTGAGAGGCTGAGGTGGGAGGATCCATTGAGCCTAGGAGTTTGAGACCAGCCTGGGCAACATAGTAAAACCCCATCTCTGCAAAAA"
"GL873520","71662488","71662658","chr5","74746592","74746764","42","3084104","TTAACCAGGCATAGTGGAGGGAACCTGTAGTCCCAGCTATTCTGGAGGCTGATGCAGGAGGATCATTCGAGCCCAGGAGTTGGGGGGTGCTGGAAGCTATGATGATGTCACTGCACTCTACCCAGGGAGACACAGCAAGACTCTCTGCAAAAAGAAGAAGAGACGAGAAAA","TAACCAGGCATGGTGGTGTGTACCTGTAGTCCCAGTGACTGGGGAGGCTGAGGCAGGAGGATCACTTCAGCCCAGGACTTTGAGGCTACAGCGAGCTACGATTGTGCCACTGCATTCCAGGCTGGGTGACAGAGCAAGACGGTGTTTGAAATAAAGAAAAAGAAAAGAAAAAA"
"GL873520","71662950","71662998","chr1","40803029","40803077","13","30859921","AGTCTGAGCAAGAGTGAGACCCTGTATTTACTAAAAATAGAAAAATTAG","AGCCTGAGCAATATAGTGAGAACTTCTCTCTACAAAAATTAAAAAATTA"
"GL873520","71712370","71712500","chr3","132031399","132031533","29","60319029","CCAGGCATGGTGGCTCATACCTATAATCCTAGCACTCTGGATCTCCAAGGTAGGTGGATTGCTTGAGCTCACAAGTTCGAAACCAGCCTGAGCCAGAGCGAGACCCTGTCTCTATTAAAAATAGAAAAACT","GGCCAGGCATGGTGGTTCATGCCTATAATCTCAGCACTTCAGGAGGCCAAGGCAGGTGGATCACTTGAGCCCAGGAGTTCGAGACCAGCCTGAGCAACACGGCAAAACCCCGTCTCTACAAAAAATACAAAAATT"
"GL873520","71712775","71712792","chr1","131951482","131951496","4","60238707","TAAAAATATAAAAACTAT","AAAAAATAAAAATAA"
"GL873520","71713073","71713252","chr5","39633857","39634030","47","32079216","AGATAATAGAAAAACTAGCTGGGCATTATGGCGGGCACCTATAGTCCCAGCTACTCAGGAGGCTAAGGCAGGAGGATCACTTGAGCCCAAGAGTTTGAAATTGCTAGGAGCTATGATGCTATGGGACTCTACCCAGGGCGAAACAGTAAAATTATGTCTCAAAAAACAAAAATTAAAAAA","AAAAAATACAAAAATTAGGTGGGTGTGGTGGCAGGCACCTGTAGTTCCAGCTACTTGGGAGGCTGAGGCAGGAGGATCACTTGAGCCTGGGAGGTCAAGGCTGCAGTGAGGTGGAGCATTGTAATCTAGCCTGTGTGACAGAGTAAGAGCCTGTCTCAAAAAACAAAAATAAAA"
"GL873520","71715674","71715793","chr1","134480867","134480991","30","62765193","GGCTGATACCTGTAATCCTAACACTCTGGGAAGCAAAGGCAGGATTCCTTAAGGTTAGGAGTTCAAGAACAGCCTGAGCAAGAGTAAGCCCCGTCTCTACTGAAAATAGAAAAATTAAGT","GTGGCTCATGCCTGTAATCCCAGCACTTTGGGAGGCCAAGGAGTGAGGATTGCTTAAGTCCAGGAGTTCAAGAACAGCCTGGGAAACATAGTAAGATCCTGTCTCTACAAAAAATAAAAAATTGT"
"GL873520","71716045","71716235","chr19","13448557","13448737","51","58267488","CAAAAAAAAAGAAAGAAAGAAAAAGAAAAATTAGCTGGGCATTGTGGCAGGCATCAACAATCCCAGCTACTTGGGAGACTGAGGCAGGAGGATCTTTTGAGTCCAGGAATTTGAGATTGCTGTAAGCTAGGCTGATGCCACAGCACTCTAGCCTAGGCATCAGAGAGAGACTCTATCTCAAAAAGACAAAA","AAAAAAAAAAAAAAAGGTTTTATTAGCCAGGCATTGTGGTACACACCTATAGTCCCAGCTACTCAGGAGGCTGAGGCAGGAGGATTGCTTGAGCCCAGGAGGTTGAGGCTGCAGTGAGCTATTTTCACACCACTGCACCCCAGCCCAGGCAACAGAGTGAGACTGTTTCTAAAAATAAAAA"
"GL873520","71721242","71721360","chr1","32371726","32371849","31","39349516","GGATCAAGCCTGTAATCTCAGCATTCTGGGAGACTGAGGCAGGGGATCTCCTGAGCCCATGAGTTTGAGACCAGCTCTGAGCTAAAGGGAGACCCTGTCCCTAAAAAAACAGCTGCTGG","GTGACTTATGCCTGTAATCTCAGCACTTTGGCAGGCTGAGGAGGGTGAATCCCTTGAGCCCAAGAGTTTGAGACCAGCCTGGGCAACATAGGGAGACCCTGTCTCTGTACAAAATACAAAAATT"
"GL873520","71721650","71721811","chr4","75562087","75562252","42","3840437","CAGCTGGGCGACAACGCAGGCACCTATAGTCCTAGCTACTCAGGAGGCTGAGACAAGAGAATTGCTTCAGCCCAAGAGTTTGAGGTTGCTGTGAGCTATGACGCCATCCCAGCACTCTACAGGAGGTGACAAAATGAGACTCTCTCAAAAAAAAAAAAGAAA","TTAGCTGGGTGTGGTGGCATGCACCTGTAGTCCCAGCTACTTAGGAGGCTGAGGCAAGAGGATCACTTTAGCCCAGGAGGTGGAGGTTGCAGTGAGCTGAAATCATACCACTGCACTCCAGCCAGGGTGACAGAGTGAGACCTTGTCTCAAAAATAAATAAATAAA"
"GL873520","71738069","71738113","chr19","42973848","42973891","12","28764221","CCAGAGCAACAAAGTTAAACTCTATGTCAAAAAAATAAAAAATAT","AGCCTGGGCAACAGAGTGAAACTCCATCTCAAAAAAAAAAAAGA"
"GL873520","71738384","71738456","chrUn_GL394842","4208","4284","23","71734176","TAAAATAAAATATAGTCAGGTATAACAGGGCATGTCTGTAATCCTAGCTACTTGAGAGGTTGAGGCTGGAGGA","TACAGATAGAGAAAAATAGCCAGCCACGATGGCTCATGCTTGTAATCCCAGCACTTGGGAGGTTGAGGCAGGCGGAT"
"GL873520","71738738","71738846","chr3","185862422","185862530","31","114123684","TGGGGCTGGAAGATTGATTGAACCCAGGAGGGTGAGGCTGCAGTGAGCTATGACTACACCACTGTACTCTATTCTGGGCAAGATCCTATTCTCTATAAATAAATAAAAA","CGAGGTGGGAAGATTGCTTGAGCCCAGGAGGTTGAGGTTCCAGTGAGCTATGATTACACAACTGCACTCCAGCCTGGTGGCAGAGTGAGACCCCGACTCAAGAAAAAAA"
"GL873520","71765107","71765191","chr19","13677223","13677304","25","58087884","TGGCTCAAATCTGTAATCCTAGCTTTCTGTGAGGCATAGGCAGGAGAGAGGATCCTTTGAGCTCAGTTCAAAACCAACCTGGGCA","TGGTTCACGTCTGTAATCCTAGCACTTTGGGAGGCCAAGGCAGGCAGATTGCTTGAGCTCAGGAGTTAGAGACCAGCCTGGG"
"GL873520","71765470","71765741","chr2A","43992291","43992526","94","27773179","CCAAAAAACAAAAAACAAAGACCAGCCTGGATATGAGCAAAACCCTACTCTACTAAAAATGAAAAATTTGTAGTGGACACTTGTAGTCCTAGCTACTTGGGAGGCTGAGGAAAGAGGATCGCTTCAGCCTAGGATTTGAGGTTGCTGCAACTTAGGCTGACACTATGGCACATTGCACGGCACATCCCCCATGGCACTCCAGCCTGGGAAACAAAGTGAGATTCTGTCCCACAAACAAACAAACAAACAAAAAAAAAAAAAAGAAAGAAAGA","CCAGGCTAGACAATATAACAAGACCCCATCTCTACAAAAATAATTTTAAAAATTAGCTGGATGTGGTGGCATGCACCTGTAGTCCCAGATATTTGGGAGGCTGAGGTGGGAGGATCGCTTGAGCCCAGGAGGTTGAGGCTACAGTGAGCCATGATCATGCCACTGCACTTCAGCCTGAGCAACAGAGAAAGACCCTGTCTCAAAACAAAACAAAACAAAAAAGAAAGAAAAGAAAA"
"GL873520","71859434","71859575","chr15","20896405","20896549","32","50963029","CCAGGCACGGTGGCTCACAGTGTAATCTTAGCATTCTGGGAGACCAATACGGGAGGATCCCTTGAGCTCAGAAGTTTGAGACCAGCCTGAGCAAGACCAAGACCCCCATCTTTACTAAAAATAGAAAAATTAGCCAGGCGGG","GCCAGGTGCAGTGGCTCACGCCTATAATCCCAGCACTTTGGGAAGCCAAGACGGGAAGATTGCTTGAGCCCAGGAGTTTGAGACCAGCCTGAGTGACATAGCAAGACCCCCATCTCTACTAAAAATTTAAAAATTAGCCAAGCAT"
"GL873520","71859848","71860010","chr6","108647140","108647303","33","36787292","TTAGCCAGGCATTGTGGCTGGCACCTATAGTTCTAGCTACTTGGGAGGCTGAGGCAGGAGGATTGCTTGAACCCAGGAGTTTAAGGTAGCTTTGAGCTATATTCACGCTACAGCACTCTACCCAGGGCAACAAAGGGAGACTCTGTCTCAAAATAAAAAAAAA","ATTAGCCAGGTGTGGTGGCATGCACCTGTAGTCCTAGCTACTTGGGAGGCTGAGGCAGGAGGATTGCTTGAGCCCAGCACTTCGAGGTTATGGTGAGCTATGATCGCGCCACCACACTCCAGCATGGGCAACAGAGCAAGACTCTGTCTCAAAAAAAGAAAAAA"
"GL873520","71889809","71889896","chr4","102587702","102587786","18","30697893","GACCATGCATGGTGACTCATCACCTGTAATCCTAGCACTGTGGGAGGCAAAGGCAGAAGGACCACTTGACCTCAGGAGTTCGAGACTA","CCAGGCATGGTGGCTCATGCCTGTAATCTCAGCACTTTGGGAGGCCGAGGTAGGAGGATCACTTGAGCCCAGGAGTTCAAGACCA"
"GL873520","71906463","71906554","chr1","100475713","100475809","24","28569250","AGGCTAAGCTGGGAGGACTGATTGAGGCTAGGGGTTTGAGACCAGTTTGGACAACACAGCAAGACCTTGTCTCTATAAAAAATAGAAATTTA","GCCAAGGTAGGAGGATTGCTTGAGCTCAGGAGTTTGAGACCAGCCTGGGCAACACAGAAAGACCTTGTCTCTCTTAAAAATAAAAATAAAAAATATA"
"GL873520","71906841","71906992","chr12","112046931","112047085","37","40140090","ATTAATTAGCCAGACATGGTGGCATGCACTGTAGTCCCAGATGCATGGGACTGAAGCAGGAGGATCACTTAAGCCTAGGCATTCATTCAAAGTTGCAGTGAGCTACAATGGTGCCACTGCACTCTAGCCTGGCAGCAGAGTAAGACCCTATC","TAATAATTAGCTGGTCATGGTGACACGCACCTATAGTCCCAGCTACTAGGGAGGCTGAAGCAGAAGGACCGCTTGAGCCCAGGAGATCAAGGTTGCTGTGAGCTACGAATGCGCCACTGCACTCTAGCCTGGGCAACAGACCAAGACCCTGTCTC"
"GL873520","71931007","71931245","chr1","31981787","31981992","76","39949220","AGCCTGGACAACATAATGAGACACATACACACCCCCCACAATCTCTTCAGAAAATTTTTTAAAAGATTAGCCAGGCATAGGGGTGGCTGACCTAGGTGGTAGTGCTAGCTACTCACAAGGCTGAGGCAGGGGGATCACTTAAGCCCAGAAGTTTCAGGCTGAAGTGAGCCTCTACCCTGAACTACACAGGCCACTACATTCTCACCTGGGCAACAGAGTGAGACCCTGTTTTAAGAAAA","CAGCCTGGGCAACATGGCAAAACCCTCTCTCTACAAAAAAATATAAAAAATTATCCAGGCATAGGGGTGCATGCCTGTAGTCCCAGCTACCTGGGAGGCTGAGGCAGGAGGAACATTTGAGCCTGGGATTCAGAGGTTGCAGTGAGCCGAGAACACGCTATTACACTCCAGCCTGGGCGACAGAGAGAGACCCTGTCTCAAAAAAA"
"GL873520","71932480","71932573","chr8","83164751","83164843","25","11232271","GTAGCTTACTCCTCGAATCCTAGCACTGTGGGAGGCCCAAGCACTAGCATCCTTTGAGCTCAGGAGTTTGAGACCAGCCTGAGCAAGAAGGTGA","GGTGGCTCATGCCTGTAATCCAAGCACTTAGGGAGGCAGAAGCAGGAGGATCACTTGAGCCCAGCAGTTTGAGACTAGCCTGGGCAAGATAGT"
"GL873520","71942126","71942402","chr1","45387048","45387332","80","26555078","TGCCTCACGCCTGTAATCCTAGCATTCTGTGAGGCCAAGTCAAGTGGATTGCTTGAGCTCACAAGTTCCAGACCAGCTTGAGTGAGAGCAAGACCCTGTCTCTAAAAAATAGCCAGGCGTTGTGGCAGGCACCTGTAGTCCTAGCTACTTGGGAGGCTTAGGCAGAAGGATCGCTTGAGCCCAAGTATTTGAGGTTTCTGTGAGCTATCACACCATGGTACTCTTCCAAATATGACAGAGAGAAATTCTATCTCAGATAAATAAATAAATAAATAAA","GCATGGTGGCTCACACCTGTAATCCTAGCATTTTGGGAGGCCAAGGTGGGTGGATTACTTGAGTTCAGGAGTTCAAGACCAGCCTGGGCAACATGGCAAAACCCTGTCTCTACAAAATATTAGCCAGGTGTGGTCAGTCGCCTGTAATCCCAGCTACTTGGGGGCTGAGGCAGTAGGATCACTTGATCCCAGGAGATAGAGGCTGCAGTGAGTCAAGATCACACCACTGCACTGCAATCTGGGTGACAAAGTGAGACCCTGTTTCATTAAAAAAAAAAAAAAAAA"
"GL873520","71967300","71967397","chr12","110843818","110843910","27","38876518","GAGAGAGAATTTGAGGTTGCTGTGAGCTATGATGCCACAGTATTCTACTCAGGGCAACAGAGTAAGTGAGACTCTGTCTCAATAAATAAATAAATAAA","CGAGAGGTCGAGGCTGCTGTGAGCCATGATCGCACCACTGCACTCCAGCCTGGGCGACAGAGTTGAGACCCTGTCTCAAAAAAGAAAAAAAAA"
"GL873520","71967680","71967795","chr16","29587398","29587507","36","42380282","AAAAGAAAAGAAAAAAATAGAGAAAATAGCCAGCCGTTGTGGTGGGCACCTGTTATCCCAGCTACTTGAGAGGCTGAGGTAAGAGGATCTCATGAGTCTAAGAATTTGAGGTTGCT","AGAAAGAAGAAAAGAAAATTAGCCAGGTGTGGTTGCATGCACCTGTAGTCCCAGCACTTTGGGAGGCCAAGGCAGGAGGATCAATCAAGGCTAGGAGTTTGAGACTGCAG"
"GL873520","71968030","71968159","chr12","60741612","60741746","25","11226418","GCCAGGCATGGTGGTTCATACCTATAATTCTGGCACTCTGGAATGCTAAGGCAGGTGGATTGTTTGAGCCCAGGAGCTGGAGACCAGCCAGAGCAAGAGCAAGACCCCTCTACCAAAAATAGAAAAACTA","GGCCAGGCATGGTGGTTCATACCTGTAATCCAAGCACTATGGGATGCTGAGGCAGGAGGATCATTTGAACCCAGGAGCTTGAGACCAGCCTGGGCAACATGGCAAGACCCCGTCTCTACAAAAAATACAAAAATT"
"GL873520","71978122","71978223","chr16","14747892","14747988","28","57230230","CCTCTGAGCCCAAGAGCTGAAGGTTGCTGCTAGGGTAACACCATGACAGTCTAGCTTGGGGCAACAGAGTAAAATTCTGTCTCAAAAAAAAAGAAGAAAAAA","CCCAGGAGGTCGAGGCTGCAGTGAGCTGAGATCACACCACTACACTCCAGCCTAGGCAACAGAGTAAGACCCTGTCTCAAAAAAAAAAAAAAAAAAA"
"GL873520","71978477","71978693","chr14","57676777","57676992","58","14301700","GTTGGACGCAGTGGCTCACCCTTTTAGTCCTAGCACTATGGGAAGCCAGATAGGATGATCCCTTGAGCTCAGGAGTTCGAGATTAGCCTGTGCAAGAGCAAGACCCCGTCTCTACTAAAAAATAAAAAAAATTAGCTGGAGGTCATGGTAGGTGCCTGTAATCCAGCTGCTTGGTAGGCTGAGGCAGTAGGATCACTTTAGCCCAAGAGTTTTTCTG","GCCAGGCATGTTGGCTCATACCTGTAAAGCCAGCACTTTGGGAGGCCAAATCAGGAGGATCACTTGAGCCCAGGGGTTCAAGACCAGCCTGAGCAACATAGTCCAACCTCATCTCTACTAAAAATAAAAAATAGTAGCCAGGCGTGGTGGCATGCCTGTAGTCCCACCTACTTGGAAGGCTGAGGCAGGAGGATCACTTGAGCCCAGGAGATCTAG"
"GL873520","71986255","71986513","chr15","72672161","72672426","72","685906","GCCAGGCACAGTAGCTCATGCCTGTAATCCCAGCACTCTGAGAGGCCAAGGCCGGCAGATAGCATGAGCTTACAAGTTTGAGACCAGCTCTGAGCAAGAATGAGACCCTGTCTCTAAAAATAGCCAGGTGTTGTGGTGGGCGTCTATAGTCCCAGCTACTCAGGAGGCTAAGGCAAGAGAATAGTTTGAGCCTAAGAGTTTGAGGGTGCTGTGAGCTATGAGGTCACCGCACTCTATTGGAGGCAGCAAAGCGAGACTC","GACCAGGTGCAGTGGATCCTGCCTGTAATCCCAGCACTTTGGGAGGCTGAGGTGGGCAGATTACTTGAACCCAGAAGTTTGAGACCAGCCTGGGCAACATGGCAAAACCCTGTCTCTACAACAAATTAGCCAGGTGTGGTGGTGCCCACCTGTGGTCCCAGCTACTCGGGAGGCTGAGGTGGGAGGATCACTTGAGCCTAAGAGGTCAAGGCTGCAGTGAGCTGTGATCACACCACTGCATTCCAGCCTGTGCCACAGAGGAAGAC"
"GL873520","71986546","71986558","chr6","96888780","96888792","1","24902234","TAAAAAAATAAAA","GAAAAAAATAAAA"
"GL873520","71995816","71995902","chr6","152887479","152887553","24","80891663","GTAATCCTAGCACTCTGGGAGACTGAGGGAGGAAGATCTCTTGAGCTCAGGCTCAGGAGTTCGAGACCAGCTTGAGCAAGTAGTGAA","GTAGTCCTAGCTACTCGAGGGCTGAGGCAGGAAGATTGCTTGAGCCCTGAAGTTCAAGACCAGCCTGAGCAGCAT"
"GL873520","72046628","72046682","chr10","43406320","43406376","19","28640308","TTGGGAAACTGAGGCAGGAGAATCACTTGAGTTTGAGGTGAAAGTGAGCTGTGAT","TACTGGAAGGCTGAGGTGGGAGGATCACTTGAGCTGCGGAGGTCAAGGCTGTGATGA"
"GL873520","72046958","72047043","chr1","176948461","176948538","19","104901503","GTGAGCTGAGATGATGCCAACTGCACTCTAGCTGGGGTGATAGAGCCAGACCTTATCTCAAAAACAAAAAAAGAAGAAAAGAAAAA","GTGAGCTGAGATCACGCCACTGCATTTCAGCCTGGGTGTCAGAGTGAGACCTTATCTCAAAAAAAAAAAAAAAAAGAA"
"GL873520","72064016","72064255","chr4","161990747","161990980","74","89926731","AAAGCAGGATTTCTTAAGTTCAAGAGTTTGAGAACAGCATGAGCAAGAGCAAGACCCCCATCTCTACTAGAAATAAAAAAAGTTAATCAGGTCTTGTGGCAGGTGCCTTTAGTCCCACCTACTCTCAAAAGGTTGAGGCAGGAGTATCACTTGAACCCAGGAGTTTGAGGTTGCTGTAAGCTAGGTTGCTGTGAGCTGGGCAACAGGAGGAGGCTGTCTCCAAAAAAAAAAAAAAAAAAA","GGATTGCTTGAGCCCAGGAACTCGAGACCAGACTGAGCAACATGGCAAAACCCATCTCTACAAAAAATACAAAAATTAGCTGGCGTGGTGGCACATGCCTCTAGTCCCAACTACTCAAGAGGCTGAGGTGGGAGGATCACTTGAGCCCGGGAGGCGGAGGTTGCAGTGAGCAGAGATCATGCCACTGAATTACTCACTCCAGAGTGAGACTCTGTCAAAAAAAAAAAAAAAAAA"
"GL873520","72064350","72064426","chr11","47919834","47919912","18","24144516","GGCAGGGCATAGTGGCTCATGCCTGTAATTCCAGCACTCTGGGAAGCCAAAGCAGGAGGATTTCTTTCTTTTTTTTT","GGCTGGGCACAGTGGCTCATGCCTGTAATCCCAGCACTTTGGGAGGCCAAGGCAGGAAGATCACTTAAACCCTAGAGTT"
"GL873520","72100882","72100981","chr17","73310455","73310554","19","1209573","GGTGGCTCACACCTGTAAACCCAGTACTCTAGGAGGCTAAGGCTGGTAGATCACTTGAGCTCAGGAGTTCAAGACCAGCCTGAGCAAGAATGAGACCCTA","GGTGGCTCACGCCTATAGCCCAGCACTTTGGGAGGCCAAGGCAGGAGGATCACCTGAGGTCAGGATTTTGAGACCAGCCTGAGCAAGATAGAGACACCTA"
"GL873520","72101237","72101434","chr8","99316510","99316708","53","27215273","TGAATGAGACCCTGTCTCTACTAAAAATAGAAAAACAAGCTGGGCGTCATGGCAGACACCTGTATTCCCAGCTACTCAGGAGGTTGAGGCAAGAGGATCACTTGAGCCCAAAGAGTTTGAAGTTGCTGTGAGTGATGATGATGCGATGGCACTCTACCCAGGGCAACAGAGTAAAACTTTGTTTCAAGAAAAAAAAAA","TGGCAAAACCTCGTCTCTACAAAAAACACAAAAAATTAGCTGGTGGTGGTGGCACGTGCTTGTATTCCCAGCTACTGGGGAGGTTGAGATGAGAGGATCACCTGAGCCCAAGAGGTCAAGGCTGCAGTGAGCTGTGATTATGCCACTGCACTCCAGCCTGGGCAACAGAGTGAGACCCTATATCAAAAAAAAAAAAGAA"
"GL873520","72195648","72195848","chrX","27492711","27492912","47","44702937","GGCCAGGTTCAGTGGCTCATGCCTGTAATTCTAGCACCCTGGGAGACCAAGGCAGGTGGATTGCTTAAGCTCAGGAGTTCGAGATCAACCTGAGGAAGAGCAAGACCTCGTCTCTACTAAAAATAGAAAAACTAGCCAGGTGTTGTGGCAGTTTCCTATAGTCCCAGCTACTTGGGAGACTGAGGCAAGAGAATCACTTGA","CCAGGCGTAGCCACTCACGCCTGTTATCCTAGCACTTTGGGAGGCTGAGACAGGTGGATTGCCTGAGCTCAGGAGTTCGAGACCAGCCTGGGAAACACGGTGAAACCCCTGTCTCTACAAAAATACAAAAAATTAGCCAGGTGTGGTGGTGTGTGTCTGTTGTCCCAGCTACTTGGGAGGCTGAGGCATAAGAATCGCTTGA"
"GL873520","72196102","72196199","chr4","104162392","104162491","27","31966290","GAGGATTACTTAAGCCTGAGAGTTTGAGGTTGCTGTGAGCTATAATGCCATAGTACTCTACCCAGGGCAACAGAATCTTATTCTGTCTCAAAACAAAA","GGAGGATCACTTGAGCCTGAAAGGTTGAGGCTGCAGTAAGCTTCATCACCCACTGCACTCCAGCCTGGGTGACAGAGTGAAACCCTGTCTCAAAACAAAA"
"GL873520","72206479","72206765","chr9","104142695","104142990","72","31936216","GGGTGTGGTGATGGCTCATGCCTATAATCCTCACACTTTGGGAGGCCGATGTGGGAAGATCACTTGAGCTCAGGACTTCAAGACCAGCTTGAGCAAGAATGAAACTCCATATCTGCTAAAACTAGAAAAATTAGCTGGGCATTGTTACATGTGCCTGTAGCATCCTAACCACTTAGGAGGCTGGGGCAAGAGGATGGCTTGAGCCCAGGAGCTGGAAGTTATACTCCAGTTACACTACACTCTAGCTAGGGAGACAGAACAAAACTCTGTCTCAAAAACAAACAAAA","GGCTGGGTGTGGTGGCTCATGCCTGTAATTCCAGCACTTTGAGAGGCTGAGGTGGGCAGATCACTTGAGCTCAGGAGTTCAAGACCAGCCTGGGCAACATGGCAAAACTCCATCTCTACAAAAAATACAAAAATTAGCAGGCATGGTGGTACATGCCTGCAGTCCCAGCTACTCGGGAGGCTGAGGTGGGAGGATTGCTTGAGTCTGGGAGGTGGAGGTTGCAGTGAGCCGAGATCCACTACTGCACTCCAGCCAGGGTGACAGAGCAAGACACTGTCTCAAAAATAAAAATAAAA"
"GL873520","72207778","72207917","chr14","74199793","74199926","35","1992015","TTAGCTGAGTGCTTTGTTGAGCACCTGTAGTCTCAGCTATTTGGGAGGCTGAGGCAAGAGGATAACTTGAGCCCGGGAGTTTGAGGTTGCTATGAGCTAGGCTGAGGCTGACACCATGGCACTCTACCCAGGGCAACAGA","TTAGCCAGGTATGGTGGTGCACACCTGTAGTCCCAGCTACTTGGGAGACTGAGGCAGGAGGATTGCTTGATCCCAGGAGTTGAGGCTGCTAAGAGCTATGATCATGTCACTGCACTCCAGCCTGGGCAACAGAG"
"GL873520","72208172","72208304","chr12","99234635","99234766","24","27026463","GGCCAGGCAGAGTGGCTCATGTCTGTAATCCTAGCACTCTGGGAGGTCAAGCCAGGAGGATCTCTTGAAGCTGGGAGTTCAAGACCAGCATAAGCAAGAAGACCACATCTCTACTAAAAATATAAAAATTAAG","GGCCAGGCATAGTGGCTCATTTCTGTAATTTCAGCATTTTGGGAGGCCAAGACAGGAGGATCACTTGAAGCTAGGAGTTCAAGACCAGCCTGGTCAACATAAGACCCCATTTCTACAAAAATTTAAAAATTA"
"GL873520","72272447","72272600","chr1","151076684","151076838","41","78804237","AAAAAAAAGACCAGGTGTGGTGGAATGCACCTGTGTAGTCCCAGCAACTTGGGAGGCTGACGCAGGTGTACTGCCCAGGAATTTGAGGTTTTAGTGAGCTATGATGACACACTGTACTCTAGCTCAGGCAACAGAGTGAGACCCTGTTTTAAAA","AATAAGCTGAGCATGGTGGTCCATGCCTCTAGTCCTAGCTACTCAGGAGGCTGAAGCAGGAGGACCACTTGAGCCCAGGAGTTTCAGGTTGCAGTGAGCTATGATTGTACCACTGCACTCCAGCCTAGGCAACAGAGTGAGACCCTGTCTCAAAA"
"GL873520","72272820","72272951","chr17","7314531","7314656","27","64958289","GGCCGGGCACAGTGGCTTACAAATGTAACCCTAGCACTTTGAGAAGCTGATATGGGAAGATCACTTGAGGCCAGGAGTTTGAGACCAGCCTGAGCAACTCTGCAAGACCCCATCTTTAAAAAAAAATTGGAT","GGCTGGGCACAGTGGCTCACGTCTGTAATCCTAGCACTTTGGGAGGCTGAGGTGGAAGGATCACTTGAGCCCAGGAGTTTGAGACCACCCTGACCAACACAGTGAAACCCCATCTCTAAAAAAAGT"
"GL873520","72285522","72285642","chr1","84693698","84693811","38","12408176","AAGACCCCATCTTTAAAAATAGCTGAGAGTTGTGGCTGGAGCCTGTAGTTCTAGTTACTTTGGCGGTTGAGGCAAGAGAATTACTTGAGCCCAAGAGTTTGAGGTTACTGTGAGCTATGAT","AATAATAATAAAAGCCTGTTGTGGTGGTGTACACCTGTAGTCCCAGCTACTTGGGAGGTTGAAGCAGGAGGATTGTGGAGTCCAAGAGTTCAAGATTACGGTGAGCTATGATTG"
"GL873520","72285915","72286025","chr8","6607482","6607593","29","65678433","GCTGATCGAGGTGGCTCACGCCTATAATCCTAGCACTCCGGAAGGCTGAGGTAGGTGGGTGGACTGTCCTCACAGGTTGGAGACCAGCCTGAGCAAGACCGAGACCCCATC","GCTGGGCAAAGTGGCTAACACCTGTAATCCCAGCACTTTGGGAGGCTGAGGTAGTTGGAATGCTTAAGCCCAGGAGTTTGAGACCAGCCTGGGCAACATAGGAGACCCCATC"
"GL873520","72316870","72316922","chr1","33202560","33202612","8","39114310","AGAACAGCCTGGGAAACATAGTGAGACCTTATCTCTACAAAAAATTAGAAAAA","ACCAGCCTGGGCAACATAGTGAGACCTCATCTCTACAAAAAATTAAAAAATTA"
"GL873520","72317017","72317185","chr11","19120205","19120379","51","53196812","AATTAGAAAAATTAGCCGGGTACAGAGGTGCTGTGAAATGAACTTTATCAGGGGGTTCAAACTGTGTCCCATAGAACCCAGGAATTGAAGACTGCAGTGAGCTATGATCATGCCACTGCCCTCCAGCCTGAGTGACAGAGTGATACCCTATCTCAAAAAAGGAAAGGAA","GAGTAAAAGAATTAGTTGGGCATGGTGGCATATGCCTGTAGTCCTAGCTACTCAGGAGGTGGAGGCAGGAGGATGGCTTAAGCCCAGGAGGTCAAGGCTGCAGTGAGCTATGATCATGCCACTGCGCTGCAGCCTGAGTGACAGAGTGAGACCCTACCTCAAAACAAAAAAAGAA"
"GL873520","72365043","72365317","chr11","57816849","57817130","71","14548194","GCCTGGCATGGTCGCTCACACCTGTAATTTTAGCACTCTGTGAGGATGAGGAGGATAGATTGCTTGAGCTCAGGAGTTCCAGACCAGCCTGAACAAGAGAGCCACCCCAACTCTAAAAATAGCCAGGCATTGTGGCGAGCACCCATAGTCCCAGCTACTCAAGAGGCTGAGGCCAGAGAATCACTTGAGCCCAGGAGTTTGAGGTTGCTGTTGAGTTGTGATGCCACGGCACTCTAGCAAGGGTGACAAAGTGAGACTTTTATCTTAAAACAACA","GGCCAGGCACAGTGGCTCACACCTGTAATCCTAGCACTTTGGGAGGCCAAGGCAGGTGGATTGCTTGAGCCCAGGAGTTTGAGACCAGCCTGGGCAACATGGCAAAACCTCATCTCTACAAAAATTAGCCAGACATGGTGGTGGGTGCCTGTAGTCCCAGCTACTCAGGAGGCTGAGGTAGGAGGATCATCTGAGCCCAGGAGGTCGAGACTGCAGTGAGCCATGATCATGCCACTGCACTCCAGCCTGAGTGACAGAGTGAGATCCTGTCTCAAACAAAAA"
"GL873520","72365603","72365622","chr8","92800630","92800648","3","20435027","GAAAAACAACAACAACAAAA","AAAGACAACAACAAAAAAA"
"GL873520","72523042","72523246","chr6","13732200","13732409","55","58790842","GGCTGAGAGCAGTGGCTCACACCTGTAATCCCAGCACTCTGGAAGGCCCGAGGCAGGTGGATTGCCTGAGCTCAGTTAGAGACCAACCTGAACAAGAGAGAGACCTGGCCTCTAAAAAAATGAAAAATAGCCAGGTGTTGTGGTGGACGCCTATAATCCTAGCTACTCAGGGGACTGAAGCAAGAGAATTGCTTGAGTCCAGGAG","GGCCGGGCGCGGTGGCTCACACTTGTAATCCCAGCACTTTGGGAGGCTGAGGCGGGCGGATCATGAGTTCAAGAGATTGAGACCATCCTGCTAACACGGTGAAACCCCGTCTCTACTAAAAATACAAAAAAGTAGCTGGGCCTGGTGGCGGGCGCCTGTAGTCCCAGCTACTCAGGAGGCTGAGGCAGGAGAATCACTTGAACGCAGGAG"
"GL873520","72523515","72523623","chrX","6615952","6616053","29","65907563","AGCCCAGGAGTCTTGAGGTTGCTGTGAGCTATGATGATGCCACAGTACTCTACCAGGGTGACAAAGTAAGATTCTGCCTCAAATAAATAAATAAATCAGAAAGAAATAA","AGCCCAGGGAGGTCGAGGTTGCAGTGAGCCATGATCTTGCCATTGCACTTCAGCCCGGGTGACAAAGTAAGACCTTGTCTTAAAATAAATAAATAAATAAAA"
"GL873520","72537231","72537318","chr11","47859603","47859693","21","24677628","GCACAGTAGCTCACACCTGTAATCCTAGTACTCTGGAAGACTAATGCGGGTGTATCGCCTGAGCTCAGGAGTTCAAGACCAGCCTGAG","GGGCACGGTAGCTCACACATGTAATCCTAGCACTTTGGGAGGCCAAGGCGGGCAGATTACCTGAGGTTGGGAGTTCAAGACCAGCCTGGCC"
"GL873520","72537595","72537788","chr19","6241772","6241964","53","66295823","GACCAGCCTGAGCCAGAGCAAGATGCAGTCTCAACTAAAAAAAATTAGAAAACTAGCTGGGCAGCATTGTGGGCACCTGCAGTCCCAGCTACTCAGGGGGCTGAGGCAAGAGGATCCCTTAAACCCAGGAGTTTGAGGTTGCTGTGAGTTATGACACCATGGCACTCTACCCAGGGCGACAGCGGAAGACTCTG","ACCAGCCTGGACAACATAGTGAGACCGCCATCTCTAAAAAATATGAAAATTAGCCGGGGATGGTGGTGCATGTGTAGTCCCAACTACTCAGAAGGCTGAGGCAGGAGGATTGCTTAAGCCAAGGAGGTTGAGGCTGCCATGAGCCATGAACGCACCATTGCACTCCAGCCTTGGGTGACAGAGCAAGACCCTG"
"GL873520","72565866","72566023","chr9","6760251","6760419","46","65805615","TTAGTCAATTATTGTGGTAGACAATTGAAGTCCCAGCTACTTGGGAAGCCAACAAAATCGCTTGAGCCCAAGAGTTGGAGGTTGCTGTGAGCTGTGATGCTAAAGCACTCTAACCATGGTGACAGCCCGAGAATATCTCAAAAAAAAAAAAAAAAAAA","TTAGCCAGGAATGGTGGCACACACCTGTAGTCCCAGTTACTCAGGAGGCTGAGGCACGAAAACCGCTTGAACCTTGGAGGGGGAGGTTGCAGTGAGCTGAGATCAAACCACTGCACTCTAGCCTGGGTGACAGAGTGAGATTCTGTCTCAAAAAAAAAAAAAAAAAAAA"
"GL873520","72566306","72566440","chr14","19228345","19228477","30","53337961","GACTGAGTGTGTTGGCTCACTCCTGTAATCCTAGCACTCTGGGAGGCTGACGGGGAAGGATTATGTAAACTCAGGAGTTTGAGACCAGCCTGAGCAAGAGCGAGACACCTGTCTCTGATAAAAATAGAAAAAAAA","GGCTGGGTGTGGTAGCTTACACCTGTAATCCTAGCACTTTGAGAGGCCGAGGCAGGAGGATCACTTGAGCTCAGGAGTTTGAGACCAGCCTAGGCAACATGGTGAGACCTTGTCTCTACAAAAAAAAAAAAAA"
"GL873520","72588707","72588908","chr6","84591535","84591736","52","12002828","GGCCAGGTGGTGAGTCATACTTGTTTATCCTAGGCACTCTGGGAGGCTGAAGCGAGAGGATCCCTTGAGCTCAGGAGTTTCAGACCAGCCTGAGCAAAAGTGAGATGCTGTCTCTACTAAAAATAGAAAAATGAGCCAGGCATTGTGGCTGACCCCTGTAGTCCCAGCTACTCAGGAGGTTGAGTCAAGAAAATCTCTTGAG","GGCTGGGAGCGGTAGTTCATGCCTGTAATCCCAGCACTTTGGGAGGCTGAGGAGGGTGGATCACTTGAGCTCAGGAGTTTGAGACCAGCCTGAGCAACATGATGAAACCCTGTCTCTACAAAAAATACAAAAATTAGCAGGGCGTGGTGGCATGTGCCTGTAGTCCCAGCTACTTAGGTGGCTGAGGTGGGTCACTTGGGCC"
"GL873520","72589148","72589260","chr16","30992766","30992877","30","41596382","GAAAATCTCTTGAGTCCAAGAATTTGAGGTTGCTTTGAGCTTTGATGCCAGGGCACACTACCCAGGGCAACAGAGTGAGACTATCTAAAAAAAAAAAGAAAGAAAGAAAGAAA","TGAAGGATCTCTTGAGCCCAGGAGTTTGAGGCTGCAGTGAGCTGTGATTGCACCACTGTACTCCAGCCTGGGCAACAGAGTGCTGTCTCAATAAAAAAAAAAAAAAAAAGAA"
"GL873520","72589501","72589748","chr21","19031879","19032139","72","53557622","AGAGAGAGAGAGAAAATCCCTTGAGTTTAGGTGTTTTGAGACCATCCTGAGCAAGAGCAAGACCCCATCTCTACTAAAAATAGAAAAATTAGCTGGGCATTGGGGCACATGCCTGTAGTCCCAGCTATTCATGGGATTGAGGCAAGAGGATCGCTTGATCCCAGTAGTTAGAGGTTTCTTTGAGCTGTGATGATTCCACTGCACTCTAGTCTGGAGCGCTCAAGAAGTAAGAAAGAAAGAAATGAAAA","TGGGAGGCTGAGGCTGGCAGATCACTTGAGTGCAGGAGTTTGAGACCAGTCTGGGCAACATGGTGAAACCCCATCTCCATAAAAAAATACAAAAATTGGCTGGGCATGGTGGCACACACCTGTGGTCCCAGCTATGTGGGAGACTGAGGCAAGAGGATCGCTTGAGCCCAGGAGGTCGAGGCTACAGTGAGCTGTGATTGTACCACTGCACTCCAACCTGGGCCCTGTCTCCAAAAAAAAAAAAAAAAAAAAAAAAAAGAA"
"GL873520","72589838","72589899","chr12","82211329","82211392","14","9621491","GGCACAGTGGTTCACCCTGTAATCTTAACACTCTGGGAGGCTAAGGCAAGAGAATCCCTTGA","GGCTGAGTGGTGCATGCCTGTAATCCCAACACTTTGGGAGGCTGAGGCAGGATAATCACTTAAG"
"GL873520","72601213","72601289","chr8","129850906","129850982","21","57249693","TGGCCAAGCATTGTGGCGGGCACCTATAGTCCCACCTACTTGGGACATTAAGGCAAGAGAATCACTGGAGCCCAAGA","GCCAAGAGCAGTGGCTCGCACCTATAATCCCAACAATTTGGGATGCCAAAGCAAGAGGATCACTTGAGCCCGAAGAG"
"GL873520","72601537","72601665","chrX","47965157","47965279","31","24636380","GACCAGGCACGGTGGTTCGTACCTGTAATCCTAGCACTTTGGGAGGCCACAGGGGTGGATTGTCTGAGCTCACAGTTCAAGACCAGCCTGAGCCAGAGTGAGACCTCATCTCTAAAAATGGCTGAGCAT","GGCCAGGCACGGTGGTTCGCACCTGTAATCCCAACACTTTGGGAGGCCAAAGCGGGAGGATTGTTTGAGGCCAGGAGTTCAAGACCAGCCTGGGCAACATGGTGAAACCCCATGTCTACAAAA"
"GL873520","72672495","72672621","chr16","28131355","28131479","25","44541140","GGCCAGGCATGATGGCTCAAACCTGTAATTCTAGCATTCTGGGAGGCCAAGGCAGGAGGATTACTTGAGTCCAGGAGTTTAAGATTAGATTGGGCAACAGAGAGAAACCCTACCTCTATTTAAAAAA","GGCCAGGCGTGGTGGCTCACACCTGTAATCCCAGCACTTTGGGAGGCTGAGGCAGGAGGATCACTTGAGCCCAGGAGTTTCAGAGCAGCCTGGGCAACATGGTGAGACCCTGTCTCCATTAAAAA"
"GL873520","72698154","72698197","chr11","61598286","61598326","10","11099868","GGGAGGAATCCCTGGAGCTCAGGAGTTCAAGACTAGCTTGAGCT","GGGAGGATCTCTTGAGCCCAGGAGTTCAAGACCAGTCTGGG"
"GL873520","72698470","72698682","chr3","68572234","68572433","69","4126236","CCAGCTTGAGAAAGACAACCCTACCTAACCCCACCTCTGTCTCTACTAAAAATAGAGAAAAAAATTAGTGGGTATTGTGGTTGGCACCTGCTAGTCCCAGCAACTCTGGAGACTGACTGAGGCAAGAGGATCACTTGAACTCAAGAGTGTGAGATTGCTGTGATCTAATCTGACGTCATGGCACCCTATCCTGGGCAGACTGAGACTTTGTCT","CCAGCCTGGGCAACGTGGCAAAACCTCGTCTTTACTAAAAATACAAAAAAATAGCTGGGTATGATGGTGAGCACCTGTGGTCCCAGCTACTCGGGAGGCTGAGGTGGGAGGATCACTTGAGTCAGGAGGTCAAGGCTGCAGTGAGCCGAGATTGCACCACTGCACTCCAGCCTGGAGGACAGAGTAAGACCCTGTCTCAA"
"GL873520","72749150","72749265","chr16","19352384","19352496","35","53396766","TTAATTAATTAAAAAGAAGATTGCTTGAGCCTAAGAGTTTGAGGTTGCTGTGAGCTATGAGCCCATAGCATTCTACCTAGGGCAACAGAGAGAGACTCTGTCTCAAAGAAAAAAAA","TAAGGCAGGAAGATTGCCTGAGCTCAGGAGGTTGAGGCTGCAGTGAGCCATGATCATGCCACTGCACTCCAGCCTGAGCAACAGAGTGAGACCCTGTCTCAAAAATAAATAAA"
"GL873520","72749541","72749737","chr15","41382188","41382391","53","31367353","GGCCCAGTGTGGTGGCTCACTCCTGTAATCCTAGCACTCTGGAAAGCCCAGGTGAGTGGATTGTCTGAGCTTAGAAGACCAGCCTGAACAAGAGTGAGACCCTATCTCTACTAGAAATAGAAAAACTAGCCGGGCATTGTGGCAGGTGCCTATAGTTCCAGCTACTCAGGAGGCTGAGGCAAGAAGATTGCTTGAGA","GGCCGGGTGTGGTGGCTCACACCTGTAATCCCAGGACTTTGGGAGGCCAAGGTAGGAGGATCGCTTGATCTCAGGAGACCAGCCTGGGCAACATGGCAAAATCCTGTCTCTACTAAAAATACAAAAATTAGCTGGGCATGGTGGTGTATGCCTGTGGTCCCAGCTACTTGGGAGGCAGAGGTAGAAGGATCGCTTGAGCCCGGG"
"GL873520","72785691","72785814","chr2A","26341169","26341295","35","46444522","GGCCAGGTGCAGAGACTTGTGCTTGTAGTCTCAGCTATTCGGGAGGTTGAGGCAAGAGGACTACTTAAGTGCCATAGACTAGCCTGAGAAAACATAGTGAAACCTTGCCTCATCTTTTACAAAA","GGCCAGGTGCGATGGCTCATGCCTGTAATCCCAGCACTTTGGGAGGTTGAGGCCAGTGGATCACTTAAGCGCTGAAGTTCAAGACCAGCCTGGGCAACATACTGAAACCCCCATCTTTTAAAAAAAT"
"GL873520","72786129","72786263","chr13","49733690","49733818","37","23052439","GGCTGGATGTGGTGGCTCATGCCTTTAATGCTAGCACTCTGGGAGATGGAGGCGGAGACAGGTCTGTTGTCTGAGCTCACAGGTTCAAGACCAGCCTCCGCAAAAGTGAGACCTGCCTCTAAAAATAGCCAGGCA","GGCTGGGTGTGGTGGCTCATGCCTGTAATTCCAGCACTTTGGGAGGTGGAGGTGGGATGATTGCCTGAGGGCTGGATTTCTAGACCTGCCTGGGCAACATAGTGAGACCCTGTCTATAAAAAAATCCAC"
"GL873520","72786538","72786681","chr20","48810763","48810904","42","23975775","GAAATAAAAATAGCCAGGCACTGTGGCAGACACCTGTAGTCCCAGCTACTCGGGGAGGCTGAGGAAAGAAAATTACTTAAGCCCTAAGAGGCTAAAGTTGCTGTGAGCTATGATGGTCATAGCACTCTTCCAGGGGCAACAAAG","AAAAAAAAAATTATCCAGGCATGGTGGCATGTGCCTGTAGTCCCAGCCACACAGGGGGCTGAGGCAGGAGGATTCCTTTAGCATAGGAATTCAAGGCTGCAGTGAGCTATGATTGCACACTGCACTACAGCCTGGGCAACAG"
"GL873520","72819561","72819869","chr3","139568018","139568337","77","66748457","GGTTGGGAGTGGTGTCTCATTCCTATAATCTCAGCACTTTGGGAGGCCAACGCTGGCAGATTGCCCAAGCTCAGGAGTTCAAGACCAGCCTGAGCTAGAGCGAGATCCTGTCTCTAAAATTAGCTGGGTGTTGTGGCAGGTGTCAGTAGTCCCAGCTATCAGGAGGCTGAGGCAAGAGAATCACTTGAGACCAAGAGTTTAAGGTTGCTGTGAGCTATGACACCACAGCACTCTATCAGGGGTGACAAAGTGAGACTCTGCCTCAAAAATAAATAAATAAATAAACAAAAAATAAAATAAAATAAAGAA","GGCTGGGTGTGGGGTTCACACCTATAATCTCAGCACTTTGGGCAGCTGAGCTGGGAGGACTGCTTAAGGCCAGGAGTTTATGACCAGCCTGGGCAACAGAGTGAGATCCAGTCTCTATAAAAATTAGCCAGGTGTGGTGGTGCCTGCCTGTAGTCCCAGCTACTTAGGAGGCTGAGGTAGGATTATCACTTGAGCCCAAGAGTTTGGGGCTGCAGTGAGCTATGATTGGGTCTCTGCACACTAGCCTGGGCAAAAAAGTGACATTCTGTCTCAAAAAAATAAATAAATAAATAAATAAAAATAAAGAACAACAAGAAAAA"
"GL873520","72830940","72831132","chrX","40886735","40886926","48","31944205","CCTCCATCTCTTCAATAATAGAAAAATTAGCTGGACATGGTTCCATGCATCAATAGTCCCAACTACTCAGGAGGCTGAGGCAAGAGGATTTCTTGAGCCTAGGATGTTAGAGACTTTAATGAGCTATGACAACACCACTATACTCCTGCCCAAGCAACAGAGCAAGACCCTGTTTCAATAAAAAAAAATAAAA","AATTTCATCTCTTAAAAAATACAAAAATTAGCTGGGGGTAGTGGTGCACAGCTGTAGTCCCAACTACTCGGGAGGTTGACGCAGGAGGATCACTTGAGCCTGGGAAGTTGAGGCTATAGTGAGCTGTGATGGCACCACTGTACTCCAGCCTGGGTGACAGAGTGAGACCTTGTCTCAAAAAAAAAAAAAAAA"
"GL873520","72831154","72831250","chr5","13406563","13406658","20","59424591","GGCCTGGGCACAGCAGCTTATGCCTATAATCCTAGAACTTTGGGAGACCAAGGCAGGAGGACTGCTTGAGGCCAGGAGTTGAAGACCATCCTGAACA","GGTTGGACACAGTGGCTCATGCCTATAATTCCAGCATTTTGGGAGGCCAAGGCAAGGGGATCACTTGAAGCCAGGAGTTCAAGACCAGCCTGAGCA"
"GL873520","72846280","72846400","chr22","36757324","36757446","28","36088956","GTAGTCCTAGCACTTTGGAAGGCTGAGATGGTAAGACTGCTTGAGGCTAGGAGTTCAAGACCTGCCTGGGCAATATAGTGAGACCTCACTTCTAAAATATATATATATATAGTAAAAAAAA","GTGATCCTAGCACTTTGGGAGGCCCAGATGGGAGGACTGCTTGAGGCCAGGAGTTCAAGACCAGCCTGGGCAACATAGTGAGACCTCATCTCTATAAAAAGAGTTAAAAAATTATCCAGGCAC"
"GL873520","72846688","72846865","chr11","71620673","71620849","48","1226015","TGGGTGTGATTAAATATTACCTGGGTGTGATAGGGCACTCTTGTAGTCTTATCTACCCAGGTGACTGAAGCAAGAGGATTGCCTGCGCCCAGCAGTTTAAGGATGTAGTGAGCTGTGGTTGAGCCATGGCACTCCAGCCTAGGTGACAGAGCTAGGCCCTCTCTTAAAAAGAAAAAAA","AAACTTTTTATTTTAATTAGCTGGACGTGGTGGTATGCACTTGTAGTCCCACTACTCAGGAGGCTGAGGCAGGAGGATTGCTTGAACCCAGGAGTTCAAGACTGCAGGAGCTATGATTGTGCCATTGCACTCCAGCCTGGCTGACAGAGTAAGACCCTTTCTCTTAAAAAAAAAAAA"
"GL873520","72852126","72852331","chr20","33705901","33706099","55","39146225","TGAGACCCAATCTCTATATAAATAGAAAAATCAGTCAGATGTGGTGGTGCATACCTATAGTCCCAGCTATTGGGGAGACTGAGGCAGGAGGATAGTGTGGGCCTCCTGCCCAAGAGTTTGAGGTTGCCATGAGCTATTATGACACCATTGCACTCTACGCAGGATGGCAGAGTGAGACCCTGTCTCAAAAGGAAAAAAAATGAAAA","TGAGACCCCGTTTCTACATAAAAATGCAAAAATTAGCCAGGTGTGGTTATGCATACCTGTAGTCCCAGCTACTCAGGAGGCTGAGGTGAGAGGATTGCTTGAGCCCTGGAGTTCAAGCCTGCAGTGAGACATGATTGCACCACTGCACTCCAGCCTGGGAGACATAGTGAGACCCTGTCTCAAAAAAAAAAAAAAAAAA"
"GL873520","72852609","72852699","chr9","110520976","110521068","28","37668367","GGCTAGGTATAGTGGCTTGTGCCCATAATCCTGGCATTCTAGCAGACTGAGGCAGGAGGATCAAGAAGAGCCAGAGCAAGAATGAGACCCA","GGCCTGGTGCAGTGGCTCATGCCTGTAATCCGAGCACTTTAGAAGGCTGAGGCAGGAGGATCACTTGAGCCCAGGAGTTCAAGATCAGCCTGG"
"GL873520","72856443","72856538","chr3","49642271","49642364","16","23214172","GGCGGGGTGCAGTGGCTCACACCTCTAATCCCAGCACTCTGGGAGGCCAAGGTGTGTGGATTGCCTGAGCTCACAGGTTCAAGACAAGCCTGAGAT","GACCGGGTGCAGTGGCTCACACCTGTAATCCTAGCACTTTGGGAGACCAAGGTGTGAGGATTGCCTGAGCCCATGAGTTAAAGACCAGCCTGGC"
"GL873520","72856786","72856975","chr8","38561134","38561339","60","34295652","CCAGCCTGAGCCAGAGTGAGACCTCATCTCTAAAAATAGCCAGGCTTTGTGCAGGCACCTGTAGTCCTCATTACTTGGGAGCCTGAGGCAAGAGAATTGCTTGAGCCCAAGAGTTTGAGGTTGTTGTGAGCTATAATGCCATAGCATTCTACCAAGGGTGACAAAATGAAACTCAAAAAAAAAAAAAGAA","CAGCCTGGGTAACGTGGTGAGACCACATCTCTAAAAAAATTAGCTGGGCTTGGCAGCACATACCTGTAGTCCCAGCTACTTGGGAGGCTGAGGCGGGAGCATCGCTTGAACCCAGGAGGTAGAGCCTGCAGTGAGCGAGACTGTATCTCTGCACTTCAGCCTGGGTGACAAAGTGAGACACCATCTTAAAAAAAAAGAAAGAAAGA"
"GL873520","72859692","72859855","chr3","189241423","189241586","42","116381731","AAATATCCAGACAGTGTTGCAGGTGCCTGCAGTCCCAGCTACTGGAGAGGCTGAAGCAAGAGGATCTTCTGAGCCCAAGAGTTTGAGGTTGCTGTGAGCTAGGACACCATGGCACTCTACCAAGAGTGACAACATGAGACACTGTCTCAAAAAAAAAAAACAAA","TTAGCCAGGCATGATGGTGCATGCCTATAGTCACAGCTATTTGGGAAGCTGAAGCAGGAGGATATCTTGAGCCCAGGAGTTTGAGGATTGCAGTGAGCTATGATCACACTACTGCACTCCAGCCTATGTGACAGAGTGAGACCCTGTCTCAAAAAAAAAAAGAA"
"GL873520","72860147","72860283","chr1","33670814","33670944","26","39189333","GGCCAGGCATGGAGTAGCTCATGCCTATAATCCTAACACTTTGGGAGGCTGAGGCAGGTGGATTGCTTGAGCTCAGGAGTTCAAGACCAGCCTGAGCAAGAGCAAGACCCCCTGTCTCTTAAAAAAATAGCCACTTG","GGCCGGGAGTGGTGGCTCACGCCTGTAATCCTAGCACTTTGGGAGGTTGAGGCAGGTGGATTGCTTGAGCTCAGGAGTTCAAGACCAGCCTGGGCAACATGGTGAAACCCTGTCTCTACAAAAAATACAAA"
"GL873520","72875827","72875962","chr1","152310097","152310225","34","79434270","GACTAGGTGCGGTGGCTTGCACCTTTAAATCCAGCATTCTGGGAGGCCGAGGCCATGGATTGCTTGGAGTCAGGAATTCAAGACAAGCCTGAGCAAGAGTGAGACCCTCATATCTCTACTAAAAACAGGAAAACTA","GGCCAGGCATGGTGGCTCACACCTGTAATCCCAGCACTCTGGGAGGCCGAGGCCAGCAGATTGAGTACAGGAGTTTGAGACCAGCCTGGGCAACAGTGAAACCTCGTCTCTACTAAAATACAAAAAATT"
"GL873520","72876242","72876423","chr12","66258613","66258792","47","6617629","TAAAAACAGAAAAACTTGCTGGCTATCATGGTGCATACTTGTAGTCCCAGTTACCTGGGAGGCTGAGGCAAGAGGATTGCTCAAGCCTAAGACTTTGAGGTTGCTGTGAGCTATGATGGTAGGCACTCTAGTCTGGGGCAATAAGAGTGAGACTCTGTCTCAAAAGAAAAAAAAATTAAAAA","AAAAAACAAAAATTAGCCAGGCATGGTGGTACATGCCTGTAGCCCCAGCTATTCTGGTGGCTGAGGCAGGAGGATTGCTTGAGCCCAGGAGGTTGAAGCTGCTGTGAGCCGTGATTGGACCACTGCACTCCAGCCTGGGGGACAGAGTGAAACTGTGTCTCAAAAAAAAAAAAAAAAAAA"
"GL873520","72909896","72909998","chr10","59492409","59492502","34","13417487","AAACAGGAGGATTCTTTGAGCCCAGGAGTTAAAGGCTGGCACTATTTATACTTCAGCCGGGACAAGAGAATGAGACCCTGTTTCTATTTTTAAGAAAGAAAAA","AGGCAGAAGGATCACTTGAGCCCAGGAGGTCGAGGCTGCAGTGAATTGTGATTGTGCCAGGCAACAGATACAGACCCTGTCTCAAAAGAAAAAA"
"GL873520","72910267","72910468","chr9","37771894","37772087","58","35138373","GGCTGGATATAGTGACCCATACTTGTATTCCCAGCAGTTTGGTGGAGAGGCTACAATGGGAAGATTGCTTGGGGCTGGAGTTTGAGACTAGTCTGAGAAACAAAGCAAGACCGTGTCTCTACAGAACATAAATAAAAAATTTGGCTGGGCATGGTGGTGTGCACTTGTAGTCTCGGCTACTAAGGAGGCAGAAACAGGAGGA","GGGCAGGTGTGGTGGCTCATGCCTGTAATCCCAGCACTGTGGGAGGCCGAGGCAGGAGGATCACTTGAGCCCAGGAGTTTGAGACCAGCCTGGGCAATATAGGGAGACACTGTCTCTACAAATAATTTAAAAATTAGCTGGCCATAGTGATGTACGCCTGTGGTCCCAGCTACTCAGGAGGCTGAAGCAGGAGG"
"GL873520","72910901","72910936","chr19","9990646","9990679","11","62920255","CACTTGAGCCCGAAAGTTCAAGGCTAGCCTGGACAA","CTTGAGCCCAGGAATTCGATGCCAGCCTAAGCAA"
"GL873520","72916757","72916848","chr15","37377465","37377541","32","35539292","AAAAAAGTTTGACGATGCTGTGAGTTATGCAGCAGTACTCTACCAAGGGCAACAAACAGACTGTCAAAAAAAAAAAAAAAAAGGGAAAAGAA","AAATAGCTATGATCATATCACTGTACTCCAGCCCAGGTGACAAAGAGACCCTGTCTCAAAAAAAAAAAAAAAAAAAA"
"GL873520","72916937","72917022","chr1","21836229","21836318","20","51080708","GCCAGGCATTGTGGCGGGCGCCTGTAGTCTCAGCTACTTGGGAAGCTGAGGCAAGAAGATCACTTTAACCCAAGAGTTTGAACTTG","GGCCAGGCATGGTGGCACGTGCCTGTAATCCCAGCACTTTGAGAGGCTGAGGCAGGAAGATCACTTGAGCCCAAGAGTTTGAGAACAGCC"
"GL873520","72917555","72917693","chr1","33670814","33670944","38","39246741","GCTGGGAGCAGTGTCTCACTCCTATAATCCTAGTACCCTGGGAGTCTGAGGCAGGTGGATTGCTTGAGCTCAGGAGTTCAAGACCAGCCTGAGCCAGAGCAAGACCCTGTCTCAAAAAAAGGCCGGGGGCGGGGGGGAA","GGCCGGGAGTGGTGGCTCACGCCTGTAATCCTAGCACTTTGGGAGGTTGAGGCAGGTGGATTGCTTGAGCTCAGGAGTTCAAGACCAGCCTGGGCAACATGGTGAAACCCTGTCTCTACAAAAAATACAAA"
"GL873520","72954173","72954287","chr1","149917067","149917179","26","76962894","GCTCGTGCCCATAATCCTAGCAGTCTGGGAGGCAAAGGCAGGTGGATTGCTTGAGCTCAGGAGTTCGACACCAGCCTGAGGCAGAGTGAGACCCTGTCTCTAAAAAAAGAAAACA","ATGCCTGTAATCCCAGCACTCTGGGAGGTCAAGGCAGGAGGATCCCTTGAGCTCAGGAGTTTGAGACCAGCCTAAGCAGGATAGTGAGACCCTCATCTCTACAAAAAAAAAAA"
"GL873520","72954546","72954724","chr1","184532449","184532625","43","111577903","GAACAATTAACTGGGTATCATGGCATACACCTATAGTCCCAGCTACTCAGGAGGCTGAGGCAGGAGGATTGGTTGAAACCAGGAGTTCGAGGTTGCTGTGATTTATTATTACGTTGCTGTGCTCTAACTGGGGCAACAGAGTAAGACTGTCTCCAAAAAAAAAAAAAAAAAGAAAGAAA","AATTAGCTGGGCATGGTGGCATGCACCTATAATCCCAGCTACTCAGGAGGCTGAGGTGGGAGGATCTCCTGAGTCCAGGAGTTCGAGGCTGCAAGTGAGCTATGATCGTGCCAGTGTTCTCCAGCCTGGGCAACAGAGTGAGACCTGGTCTCTAAAAAATAAAAAAATAAAAATAAA"
"GL873520","72959829","72959849","chr19","11811175","11811192","4","61148654","CAAAACTGTAAAAAAATAAAA","CACAATGAAAAAAATAAA"
"GL873520","72959944","72960241","chr17","24444892","24445190","94","48515052","GTGGCCCACACCTGTTAATCCCAGCAATTTCAGAGGCCCAAGTGGGAGGATTGCTTAAGACTGGGAGTTCAAGACTAGCCTGGACAAGATAGCCAGAGTCTGTCTCTGAAATTTTTTTTTTTTTTTTAGTTAGCTGGGTGTGGTGGCATGTGTATGTAGTTTTAACTGTTTGGAAGGCTGGTGGAGGAAGATAACTAAGTGCAGGACTTGCAGGTTGTGGTGAGCTATGATTGTATGTACCACTGTACTCCAGCCAATGCAACAGAGTAAGACCCCTATCTTTAAAAAAAAGGAGCGG","GGCTGGGCACAGTGGCTCATGCCTGTAATCTCAGCACTTTGGGAGGCCAAGACAGGAAGATCGCTTGAACCTAGGAGTTCAAGACCAGCCTGGGCAACATAGTGAGACAGTGTCTCTACAAATTTTTTTTTTTTTTTAATTAGCTGGGTATGGTAGTGCACACCTGTAGTCTCAGCTACTTGGGAGGCTGAGGCGGGAGGATCACCTGAGTGCGGGAGGTCAAGGCTGCAGTGAGCAGTGGTCATGCCACTGCACTCCAGTGTGGGCAACAGAGTGAGACCCTGTCTCAAAAAAAAAAA"
"GL873520","72987852","72988108","chr4","38339349","38339590","66","34648503","GAAATTCCGAGGTGGGACAACCTCTTGAGGCTAGGAGTTTGAGACCTGAGACCTACCTAGGCACCACAGCGAGACCCTATCTCCATAAAATATAAAAAAATCAGCTAGGCATGGTGGTGCACACCTATACTCCTAGCTACTTGGAAGGCTGAAGCAGGAGGATCACTTGAGCCAAGGAATTTGAGGTTGCAGTGAGCTATGATCACACCATAGCAAGCCTAGGCAACAGAATAAGACCCTGTCTCCAAATAAATAAA","GAAGTGAGTGGATGGCTTGAGCTCAGGAGTTTGAGACCAGACTGGGCAACATGGTGAAACCCCATCTCTACAAAAAATACAAAAATTAGCCAGGCGTGGTGGTTCGCACCTATAATGCCAGCTACTTGGGGGGCTGAGGCAGGAGGATAGCTTGAGCCCAGGAAGTGGAGGTTGCAGTGAGCTGAGATCACATCACTGCAGTCCAGCCTGGGTGATAGAGTGAGACCCTGTCTCAAAAAAAA"
"GL873520","72988368","72988403","chr8","123409770","123409807","13","50421402","GCCTATAATCCTAGCACTTTGAAATTCCGAGGTGAG","CTCATGCCTATAATCCTAGCACTTTGGGAGGCAGGCAG"
"GL873520","73061340","73061536","chr20","4833312","4833507","57","68228028","GGCTGGGCACAATGCCTGACCCATATAATCCTAGCACTCTGGGAGGCCAAGGCGGGGAGGGACAGGATTGCCTGAGCTCACAAGTTCAAGACCAGCCTGAGTCAGAGCAAGACCTCGTCTCTAAAATATAGCCAGGTGTTGTGGCCGGCACCTGTAGTCCCAGCTACTTGGGAGGTTGAGGCAAGAGAATCTCTTAA","GGCTGGGCCCAGTGGCTCACATTTGTAATCCCAGTACTTTGGGAGGACAAGGCAGGCGTATCACTTGAGCCCAGAAGTTCGAGACCAGCCTGGGTAACACAGCAAAACCCCGTCTCTACAAAAAATTAGCCAGGTGTGGTGGTGCATGCTTGTAGTCCCAGCTACCAGGCAAGCTGAAGAGGAAGCATCACCCTCA"
"GL873520","73061812","73061921","chr2B","206563725","206563834","29","133501913","GGAGAATCTCTTAAGCCCAAGAGTTTGAAGTTGCTGTAAGCTGTGATGCCACAACACTCTACCAAAGGAAACAAAGTGAGACTCTGGCTCAGAAAAACAAACAAACAAAA","GGAGTGTCACTTGAGCCTGGGAGTTTGAGGTTGCAGTGAGCTGTGATTGCATCATGCACTCCATCCTGGGCAAAAGAGTGAGACCCTGTCTCAAAAAAAAAAAAAAAAAA"
"GL873520","73083143","73083268","chr7","99782297","99782421","34","26699154","CAGTGGCTCACATCTGTAATCCCAGCACACTGGGAGGCTGAGGAGGGCGGATTGCCTGAGCTCACAGGTTTGAGTCCAGCCTGAGCAAGAGCAAGACCCCTGACTCTAAAAATAGCCAGGTGTGAA","GGTGGCTCACGACTGTAATTCCAGCACTTTAGGAGGCTGAGGCGGGAGGATTGCTCGAGGCCAGGAGTTCAAGACCAGCCTGAGCAACGTACCGAGACCCTGTCTCTATAAAAATTAGAAGGTTA"
"GL873520","73083525","73083631","chrX","48956519","48956618","29","24127006","TAAAAATAGCTGGGCAATGTGGCTGGTGCATGTATTCCTAGGTACTTGGGAGGCTGAGGCAAGAGAATTGCTTGAGCCCAAGAGTTTGAGATTGCTGTGAGCTGTGA","GCTGGGCATGGTGGTGTGTGCTCATAGTCCTAGCTGCTGGGGAGGCTGAGGTGAGAGGACTGCTTGAGCCCAGGAATTTGAGACTGTAGTGAGCTGTGAT"
"GL873520","73086014","73086142","chr10","95119450","95119581","30","22033436","CTGGGCACAGTGGCTCACGCCTATTATCCCAGCACTTGGGAGGCTGAGGCAGATGGATTGCCTGAGCTCAGGAGTTTGAGACCAGGTGAGCTAGAGCAAGACCCCCATCTCTAAAAATAGCTGGGCATT","CCGGGTAGAGTGGCTCATTCCTGTAATCCCAGCACTTTGGGAGGCTGAGGCAAGAGGATTGCTTGAGGTCAGGAGTTCGAGACCAGCCTGAGCAATGTAGCAAGACTCCACCTCTACAAAAAATGAAAAGCT"
"GL873520","73086410","73086584","chr12","96671998","96672172","39","23585588","AATTAAAATAGCTGGGCATTGTGGCAGGGGTCTGTAGTCCCAGCTACTTGGGAGGCTGAGGTAAGAGAATCACTTAACCCCAGGAGTTTGAGGTTGCTGTGAGCTATGACACCATAGCACTCTACCAATGGTGACAAAGTGAGCCTCTGTCTCAAAAAAAAAAAGTAAATAAAAA","AATTAGCTGAGCATGGTGGCAGGCACCTGTAGTCCCAGCTACTTGGGAGGCTGAGGGAGGAGGGTCACTTGAACCCAGGAGTTTGAGGCTGCAATGAGCTATGACTGCATCAGTGCACTCTAGCCTGGGCAGTAGAGTGAGACCCTGTCTCACAAAAAAAAGAAGGAAAGAGAAA"
"GL873520","73111621","73111695","chr4","25785731","25785810","15","47325890","GGCCTGGCGTGGCTCATGCCTCTAATCCTAGCACTCTGGGAGGCCGAGGTAGGTGGATTACTTGAGCTCACAGGT","GGCCTGGTGCAGTGGCTCATGCCTATAATCTCAGCACTTTGGAAGGCCGAGGTGGGGGGATCACTTGAGCCCAAGCAGTT"
"GL873520","73111955","73112180","chrUn_GL394560","7392","7612","71","73104563","TGAGCTCACAGATTGGAGACCAGCCTGAGCAATAGCAAGACCCCGTCTCTAAAAATAACCAGGTATTGTGGAAGGCACCTGCAATCCCCACTACCTGGGAGACTGAGGCAAGAGAATCGCTTGAGCCCAGGAGTTTGAGGTTGTTGTATGCTATGATGCCACGGCACTCTACTGAGGGCAACAAAGTGAAACTCTATCTTAAAAAAGAAAAGAAAAGAAAAAGAAA","GAGCCCAGGAGTTCGAGACTAGCCTGGGAAACATTGCAACCCCATCTCTACAAAGAATAAAAAAATTAGCTGGGAGTGGTGGTCCCAGCTACTTGGGAGGCTGAGGCAGGAGAATCATTTGAGCCCAGGAGGTTGAGGCTGCAGTGAGCCATGTTAGTGCCATTGCACTCCAGCCTGGGTGACAGAGTGAGATCTTGTTTAAAAATAAAGAAAGAAAGAAA"
"GL873520","73125194","73125383","chr7","4237351","4237553","49","68887843","GGCTGGGCGTGGTGGCTCATGCCTGTAATCCCAGCACTCTGGGAGGCTGAGGCAGGTGGATTTGCTAGATCTCAGGAGTTGGATACCAGCCTCGGCAAGAGCAAGACTCCATCTCTAAAAATAGCTGGGCATTGTGTTGGGCACCTGTGGTCCCAGTTACTCAGGAGGCTGAGGCAAAAGGCTCACTTGA","GGTCAGGCATGGTGGCTCATGCCTGTAATCCCAGCACTTTGGGAGGCCGAGGTGGGCAGATTGCTTGAACTCAGGAGTTGAAGACTAGCCTGGGCAACACGGCAAAACCCCATCTCTACTAAAACTACAAAAACTAACTGGGCATGGTGGCACGCGCCTGTAGTCCCAGCTACTGGGGAGGCTGAGGTAGGAGGATCACTTGA"
"GL873520","73125656","73125758","chr3","46775769","46775871","28","26349887","GGATCACTTGAGTCCAAGAGTTTGAGGTGGCTGTGAGTTATGACACTACCAGCACTTTACTGGGAGCAACAAAGTGAGACTCTGTCTCAAAAAAAAAAAAGAA","ATCACTTGAGCCTTGGGGGTTGAGGCTGCAATGAGTCATGACTGTGCCATTGCACTCTAGCCTGGGCAACAGAAAAGAGACCCTGTCTCAAAAAAAAAAAAAA"
"GL873520","73447089","73447356","chr3","133065732","133066007","74","59618643","GGCTGGGTGCGGTGGCTCACGCCTGTATTCCCAATACTTGGGAAGTTCAGGGGTTGGATTGCCTGAGCTCACAGGTTCAAGACCAGTCTGAGCCAGAGTGAGACCTCATCTCTAAAAAAATACCCGGGCATTGTGGTGGGTACCTGTAGACCCAGCTACTTGGGAGGCTGAGGCAAGAGAATGACTTGAGCCTGAGAGTTTGTGGTTGCTGTGAGCTACAATGCCTTGGCACTCTGTTGAGCATTACAAAGTGAGACTCTGTCTCAAG","GGCCGGGTGCAGTGGCTCACGCCTGTAATCCCAGCACTTCAGAAGGCCAAGGCAGGAGGATCACTTGAGCTTAGGAGTAGAGACCAGCCTCAGCAACATGGTGAAACCCCATCTCTACAAAAAATTAGCCGGGCATAGTGGTGCGTGTCTGAAGTCCCAGGTACTGGAGAGGCTGAGGCAGGAGGATCACTTGAGACTGGGAGGTCAAGGATGCAGTGAGCTGTGATAGTGCCATTGCACTCCAGCTGGGGCAACAGAGCGAGACCTTGTCTCAAA"
"GL873520","73447378","73447393","chr1","153358526","153358539","2","79911148","AAAAAAAAACCAAAAA","AAAAAAAAAAAAAA"
"GL873521","58193","58339","chr1","40759650","40759803","42","40701457","TTAGTCAGGCATTGTGGCAACTTAGGCATAGCTACATGGAAGGCTTAGACAAGAGAATCACTAGAGTCCAGGAATTGGAGGTTGCTGTGAGCTACGATGCCATAGCACTCAAGCCTGGGGCAACAGTGTGAAACTCTATCTCAAAAA","ATTAGCCAGACATGGTGGTGCACATCTGTAGGCCTAGCTACTTGGGAAGCTGAGGCAGGAAGACTGCTTGAGCCCAGGAGTTTGAGGCTGCAGTGAACTATGATGACATCACTGCACTCCAGCCTGGGCAAGAGTGAAACTGTTTTTTAAAAAA"
"GL873521","58369","58496","chr11","12504072","12504193","41","12445703","GGTGTGGTGATTGATGCCTGTAAGTCTAGCACTTTGAGGAGAGTGGATCCCTCTGAGGAGGGTGGATCTGTTGAGCTCAGATACTCAAGACCAGACTGAGCAAGACTGAGACCCCCCCATTTTTACAA","GGCCTGGTGCAGTGGCTCAGACCTGTAATTCCAGCACTTTGGGAGGCCTGGGTAGGTGGACTGTTTGAGCTCAGATGTTTGAGACCAGCCTGGGCAACATGACAAAACCCCATCTCTACATA"
"GL873521","119441","119613","chr3","50079465","50079644","54","49960024","CAACAAAAAAAAAAACAGATGACATAGTGGTTCACACCTGCAGTTGCAGCTAATGGGGAGACTTAAGACAGGAAAATCACTTGAACTCAGGCATTTGAACTTTCAGTGAGCTATGCTGATGCCACTGTACCTTAGTCATGACAGCAGAGCAAGAACCGGACTAAAAAAAAAAA","ACAAAAAGAAAAAACAATTAGCAAGGCCTGGTGGTACACACTTGTAGTCCCAGCTATTTGGGAGGCTGAGGTGGGAGGATCACTTGAGCCCAGGAGTTCAAGGTTACAGTGAGCTATGATCATGCCACTGCACACTAGCCTGGGCATCAGAGAGAGTTCCTGTCTCTAAGAAAAAAAAAA"
"GL873521","119642","119758","chr4","150658849","150658965","24","150539207","GGCTGGACCTGGTGGTTCACACTTGTAATCCTGGCACTTTGGGAAGCCAAGGTGGGAGAACTGGGTGAGGTCAGGAGTTTAAGACCAGCCTGAATGACATAGCAAGATCTCATCTCT","GGCTGGTTATGGTGGCTGACACCTGTAACCCTAGTACTTTGGGAGGCCCAGGTGGGAGGATTGCTTGAGGCCAGGAGTTTAAACCAGCCTGGGCAACATAGCAAGACCTCATTTCTT"
"GL873521","610584","610857","chr11","57816849","57817130","68","57206265","GGCCATGTGCAGTGGCTCACACCTGTAATCCTAGCACTCTGGGAGGCTAAGGCAAATGGATTGCTTGAGCTCAGGAGTTCAAGACCAGCCTGAGCAAGAGCTAGAACTGACCCCATCTCTAAAAAATGCCAGGCAATATGGTGGAGTCTAGAGTCCCAGCTACTCGAAGGCTAAGGTAGAAAGATGGCTTAAGCCCGAGAGTTTGAGGTTGCAGTGAGCCGTGACACCATGGCACACTCTACTGAGGGTGACAAAGTGAGATTCTGTCTCCAAA","GGCCAGGCACAGTGGCTCACACCTGTAATCCTAGCACTTTGGGAGGCCAAGGCAGGTGGATTGCTTGAGCCCAGGAGTTTGAGACCAGCCTGGGCAACATGGCAAAACCTCATCTCTACAAAAATTAGCCAGACATGGTGGTGGGTGCCTGTAGTCCCAGCTACTCAGGAGGCTGAGGTAGGAGGATCATCTGAGCCCAGGAGGTCGAGACTGCAGTGAGCCATGATCATGCCACTGCACTCCAGCCTGAGTGACAGAGTGAGATCCTGTCTCAAACAAAAA"
"GL873521","1502062","1502265","chrX","121141350","121141549","52","119639288","CAAACAAAAAAAGACTAGTCTCTACTGAAAATAGAAAAACTAGCCGGGTATTGTGGCAGGCTCCTGTACTCCCAGCTACTTGGGAGGCTGAGGCAAGAGGATCACTTGAGCCCACGAGTTTGAGCTTTCTGTGAACTATGATAATGTCACAGCACTCTACCCAGGGTGACAGAGTGAGATTCTGTGTCAAAAAAATAAAGAAAA","GAAACAAAGCAAGACCCCATCTCTACAAAAAATTTAAAAATTAGCTGGGCCCAGTGGTGTGTACCTGTAGTTCCAGCTATTTAGGAGGCTGAGGCAGGAGGATCCCTTGAGCCCAAGAGTTCAAGGTTGAAGTGAACCATGACTACGCCACTGCACTCTAGCCTGGGGACAAAGTGAGACCTTGTCTCAAAAATAAAAAA"
"GL873521","1502500","1502603","chr19","19649787","19649888","25","18147287","GCCAGGTGCAGTGGCTCATGCCTATAATCCTAGCACTCAGGAAGGCCAAGGCAGGTAGATTGAGTTTGAGACCAGCCTGACTAAGAGCAAGACTGGTCTCTATA","GCCAGGCATGGTGGCTCATGCCTGTTATCCTAGCACTTTGGGAGGCTAAGGCGGGAGGAGTTTGAGACCAGCCTGGGCAACATAGCCAGACCCTGTCTCTTA"
"GL873521","1595405","1595517","chr21","23033355","23033468","23","21437950","GCTGGGCATGGTAGCTCATGCCTGTAATCCCAGCACTCTGGAAGGCCGAGGCAGGTGAATTGCCTAAGCTCACAAGTTCAAGGCCACCCTGAGCCCAGCAAGACCCTATCTGT","GGCCAGGCATAGTGGCTCATGCCTGTAATCCCAGCACTTTGGAAGGCCGAGGCAGGAGGATTGCTTGGAGCCCAGGAGTTCGAGACCAGCCTGAGCAGCATAGACCCCTATCTC"
"GL873521","1595795","1595978","chr3","132688217","132688402","51","131092422","TGAGACCCATCTCTAAAAATAGCCAGGCGTTGTGGTGGGCGCCTATAGTCCCCGCTATTCTGGAGACTGAGGCAAGAGAATCACTTAAGCCCAAGAGTTTGAGGTTGCTGTGAGCTGTGACACTATGGCCCTCTACCAAGGGTGACAAAGTGAGACTCTGGCTCAAAAAGAAAGATAAAAAAAA","TACAGAAAAATTTTTAAAAAATTAGCCATGTGTGGTGATGCGCACCTGTAGTCCCAGCTACTCTGGAGGCTGAGGTGTGAGGATCACTTGAACCCAGGAGTTCGAGGCTGCAGTGAGCCATGATCATGCCACTGCACTCCAGCCTGGGTGACAGAGTGAGACCTTGTCTGAAAAAAAAAAAAAAAA"
"GL873521","1759823","1760095","chr20","35179301","35179570","73","33419478","CTAGCATCCTGGGAGGCTGAGGCAGGTGGACTGTCTGAGCTCATGAGTTTGAGACCAGCTTGAGTAAGGGAGACCCTGTATCTACTAAAAATAGAAAAACTAGCCAAGCATGGCGGCACATGCCTGTAGTCCGAACTGCTTGGGAGGCTGAGGCAAGAGTATCACCTAAGCCCAAGAGTTTGAGGTTGCTCTGAGCTATGAAACCAGGGCAGGGTCCTCTACCCAGGGTGACAAAGTCAGACTGTCTCCAAAAAAAAAAAAAAAAAAAAAAAA","CCAGCATGGTGGGAGGCCGAGGTGGGCAGATCGCTTGAGTCCAGGAGTTTGAGACCAGCCTGGGCAACATGGCGAAACCCCGTCTCTACAAAAAATACAAAAATTAGCCAGCATGGTAGCCCACGCCTGTAGTCCCAGCTGCTTGGGAGGTTGAAGTGGGAGCATCACTTGAGCCTGGGAGGCGGAGGTTGCAGTGAGCTGTGATCTGCACTCCAGCCTGGGTGACAGAGCGAGACTCTGTCTCAAAAAAAAAAAAAAAAAAAAAAAAAA"
"GL873521","1760611","1760644","chr1","206552735","206552767","4","204792124","GGCTGGGAGCCGTGGCTCACCCCTGTAATCCTAG","GGCTGGGAGTAGTGGCTCACGCCTGTAATCCTA"
"GL873521","1978757","1978896","chr19","10086469","10086601","36","8107712","GGGTGCAATGGCTCATTCCTACAACCCTAACATTTTGGGAGGCCTGGGTGGGAGGAAAGCTTGGGACCCGTAGTTTGAGATCAGCCTGAGCAACACAGTGAGATGCTGTCTCTACAAAAAATTAGCCTAGTATGGTGGTG","GGGTGCAGTGGCTCACACCTATAATCCTAGCAGTTTGAAAGGCTGAGACGGGTGGATCGCTTGAGCCCAGGAGTTCAAGACCAGCCCGGGCAACATAGTGAGACCCTGTCTCTACAAAAAATTAGAGGATGTG"
"GL873521","1984940","1985104","chr19","18092803","18092966","37","16107863","AAAATGAGCCTGGTGTGGCAGCACTTGCTTGTGGTCCCAGCTACTTAGGAGGCTGAGGCAGCAGAATTGCCTGAGTCCAGGAGTTTGAGATTGCAGGGAGCTATAACCATACCACTTCATTCCAGCCTGGGCAACAGAGCAAGGCCCTGTCTCAACCAAACAAAA","AATTAGCAGGCTGTGGTAGCATGTGCTTGAGGTCTCAGTTACTTGGGAGGCTGAGGTGGGAGGATCACCTGAGCCCAGGAGTTCAAGGCTGCAGTGAGCTATGATCACACCACTGCACTCCAGCCTGGGCAACAGAGCAAGATGCTGTCTCAAAAAAAAAAAAA"
"GL873521","2126971","2127283","chr1","18920994","18921309","78","16794023","GCCAGGTGCAATGGCTCATGCCTGTAATCATAGCACTCTGGGAGGCTGAGACTGGAGGATTACTTGAGCTCAGGGTTTCGAAATCAGCTTGAGCAAGAGTGAGACCCCCATCTCTACAAAAATAGAAAAACTAGCCAGGTGTTGTGGTGGGCACCTGTAGTCCTAGCTATTTGGGAGGCTGAGGCCAGAGGACAGCTCAAGTCCGGGAGTTTGAGGTTGCTGTGAGTTGTGACAGCACAGATGTCTACAGAGGGTAACAAAGAAAGACTCTGTCTCAAAAATGAATGAATAAATAAGTAAATGAATAAATAAA","GGCCAGGTGCATTGGCTCATGCCTGTAATCCTAGCACTTTGGGAGGCTGAGGCAGGCAGATTGCTTGAGCCTGGGAGTTTGAGACCAGCCTGGGCAACATGGCAAAACTCTATCTCTACAAAAAATACAAAAATTAGCCTGGCGTGGTAGCGTGAGCCTGTAGTCCCAGCTACTGGGGAGGCTGAGGTTGGAGGATAGCTTGAGTCCGGGAGGTCGAGGCTGTAGTGAGCTGTGATCACACCACTGCACTCCAGCCTGAGAGACAGAGAGAGATCTTTTCCCAATAAATAAATAAGTAAGTAAATAAATAAATAAA"
"GL873521","2389393","2389473","chr1","36080957","36081040","20","33691564","TTGGGAGACTGAGGCAGGAGGATTCCTTGAAGCCAGGAGTTCAAGACCAGCCTGAACAGGAGTGAGACTCTGACCATATAA","CTTTGGGAGGCTGAGGCAGGGGGATTGCTTGAGCCCAGGAGTTCAAGACCAGCCTGGGCAATATAGCGAGACCCTCATCTCTAC"
"GL873521","2389498","2389674","chr1","31190959","31191130","48","28801461","CCCCAGAAAAACAGAAAAATTAGCCAGGTATGGTGGTATGGGTCTATAGTCCCAGCTGCTTGAAGGCCAAGGCAGGAGGATTACTTGAAGCCCAAGAGTTTAAGGCTACAGTGAACTATGACGATGTCACTGCACTCTAGCCCAGTTGACAGGGAATGAATCTGTTTCAAAAAAAAA","CACACACACACACAAAAATTAGCCAGTGTGGTGGTATACTCCTATAGTCCTAGCTGCTCGGGAGGCTGAGACAGGAAGGTCACTTGAGCCTAGCAATTTAATGCTGCAGTGAGCTATGATTGTGCCACTGCACTCCAGCCTGGGCAGCAGAGTGATACTCTGTTTCAAAAAA"
"GL873521","2550002","2550150","chr19","3288108","3288256","38","738106","CCCTCAGCTTTGCATGGTGATATGCACCTTTGGTCCCAGCTGCCTCAGGAGGTTGAGGCATGAGGATCCCTTGAGCCCACAGTTTGAAGCTGCAGTGGGCTATGATGGTGACACTACACTCTAGCCAGGGAGACAAAGTGAGGCTCTAT","AGTTAGCTGGGCATGGTGGTATGGGCCTGTGGTCCCAGCTACTCAGGAGGCTGAGGCAGGAGCATCTCTTGAGCCAAGGAGGTCGAGGCTGCAGTGAGCTGAGATTGCGCCACTGCACTCCAGCCTGGGTGACAGAGTGAGATCCTGTC"
"GL873521","2550422","2550560","chr7","34482046","34482189","32","31931624","CTGAGTGTGGTGGCCCCTGTCTGTAATCCCAGCCCTTTGGAAGGCTGAGAAGAGGATCACGTGAGGCCAGGAGGTTGAGAACAGTGTGGGCAACACAATGAGACCCATCTCTAAAACAAGTTTAAAAATCAGCTGGGCT","GGCTGGGCATGGTGGCTCATGCCTGTAATCCCAGCACTTTGGGAGGCTGAAGTGGGAGGACTGCTTGAGGCCAAGAGCTTGAGACCAGCCTGGGCAACATAGTGAGACTCCATCTCTACAAAAAGTTTAAAAATTAGCAAGGGT"
"GL873521","2565293","2565460","chr12","36177409","36177585","39","33612116","AACAATAAAAATTATCCAGATATGGTGGTGTGTGCCTGTAGTGCCAACAGCTAGGGAGGCTGAAGCAGGAAGATCGCTGGAGCCCATGAGTTTGAGATTGCAGTGAGCTGTGAGGCCACTGCGCTCTACCCTGGGTGAGAGAGTAAGACCCTGTCTTGAAAAAACAAA","TAAAAAATTAAAAAATTAGCCAGATGTGGTGGTGCGTGGCTGTGGTCCCAACTACTCTGGAGGCTGAAATGGAAGGATTACTTGAGCCCATGAGGTTGAGGCTGCAGTGAGCTGTGACTGAGCCACTGCACTCCAGCCTGGGTGACAGAGTGAGACCCTGTTTCAAAAAAAAAAGAA"
"GL873521","2565490","2565601","chr12","111694807","111694920","25","109129317","CCAGATACAGTGGCTTACACCTGTTATCCTAGCACTTGGGAGGCCAAAATGAGAGGCTTGCTTAAGTCCAGGAGTTTGAAACCAACCTGTGCATGAGCAAGACCCCATCTCT","GGCCAGGTACAGTGGCTCACACCTATAATCTCAGCACTTGGGAGGCCAAGGTGGGAGGATCACTTGAGTCCAGGAGATTGAGACCAGCCTGGCAACATAGCAAGACCCTATCTC"
"GL873521","3217868","3218143","chr10","9473915","9474197","72","6256047","GGCTGGGTGCAGTGGCTCATGCCTATAATTTTAGCATTCTGGGAGGCCTGAATAGGAGGATCCCTTGAGCTCAGGAGTTTACCAGCCCAAGCAAGAGTGAGACCCCATTTCAACTATAAATAGAAAAACTAGCTGGACGTGGTAGCGTCTGCTTGTATCCTAGCTACTGAGGTGGCTGAAGTAGGAGGATCATTTGAGCCCAAGATTTGGTGATAGCAGTGAGCTAGGCTCATACCATAGCACTCTAGCCTGGGCAGCAAAGTGAGACTATCTCAA","GGCTGGGTGCAGTGGCTCACACCTGTAACTTTAGCACTTTGGGAAATCAAGGAAGGTGGATCACTTGAGCCTAGGAGTTTGAGACCTGGACAACGTAGTGAGACCCCATTTCTACAAAATAAAACAAAAACTAGCTGGGCATGGTGGCATGCTCCTATAGTCCCAGCTACTCAGGGGCCTGAGGTGGGAGGATCGTTTGAGCCCAGGAGGTGGAGGTTGCCGTAAGCCAAGATCATGCCACTACACTGCAGCCTGGGAGACAGAGTGAGACCCTGTCTCAAAA"
"GL873521","3218164","3218191","chrX","137081199","137081225","4","133863035","AAAAAAAAAAAAAGGAAGAAGAAGAAAA","AAAAAAAAAAAAAAAAAGGAAAGAAAA"
"GL873521","3495930","3496043","chr1","9156973","9157091","28","5661043","GACCAGGCCCAGTGGCTCACTCCTATAATCCCAGCACTCTGAGAGGCCAAGGCAGGAGTTTGAGACCAGCTTGAGCAAAAGCAATACCCTATCTATAAAAAAAATAGCCAGGCT","GGCTGGGTGAGGTGGCCTCACGCCTGTAATCCCAGCACTTTGGGAGGCCAAGGCAGGAGTTTGAGACCAGCCTGGGCAATACAGTGAGACCCCATCTCCAAAAAAAAAATTAGTGGGGC"
"GL873521","3496294","3496455","chr4","75562087","75562252","37","72065793","TAGCCAGACATGGTGGCAGGTTCCTGTACTCCCAGCTACTTAGAGGCTGAAGCAAGAGGATAGCTTGAGACCAAGAGTCTGGAGGTTGCCATAAACTATGATGCCATAGCACTCTACCCACGGTGACAGAGTGAGATTCTGTCTCAAGAATAAATAAATAAA","TTAGCTGGGTGTGGTGGCATGCACCTGTAGTCCCAGCTACTTAGGAGGCTGAGGCAAGAGGATCACTTTAGCCCAGGAGGTGGAGGTTGCAGTGAGCTGAAATCATACCACTGCACTCCAGCCAGGGTGACAGAGTGAGACCTTGTCTCAAAAATAAATAAATAAA"
"GL873521","3515961","3516093","chr1","109402188","109402317","37","105886227","CTGGGCACAGTAGTATGTTCTTGTAATCCCAGTTTGGGAATGGGAGGCTGAAGCAGGAGGATCTCTTGCACCTAGGAGTTCAAGTCCAGCCTGGGCCACTTAGGTAAACACTCCTATACACACAATAAATAAA","GGCTGGGACGGTGGCTCATGCCTGTAATCCCACACTTTGGGAGGCTGAGCTGGCAGATTGCTTGAGCCTAGGAGTTCAAGACCAGCCTGGGCAACATGGTGAAACCCCACCTTTACAAAAAATAAATAAA"
"GL873521","3526495","3526609","chr6","8494714","8494833","23","4968219","GGGTGTGGTGGCTCATGCCCATAATCACAACACTTTGGGAGGTGAGGCAAAATGGTCACTTGAGACTAGGAGTTCAAGATCAGCCTGGGCAACATAGCAAGACTCTGGGTCCACA","GGCCAGGTGTGGTGGCTCATGCCTGTAATCCCAACATTTTGGGAGGCTGAAGCAGAGAGGTTGCTTGAGACCAGGAGTTCAAGACCAGCCTGGGCAACATAGCAAGACCCTCTCTCTACC"
"GL873521","3526643","3526661","chr3","50246504","50246521","6","46719861","TTAAAAAACAAACATTTGC","AAAAAAAAAAAAAATTTT"
"GL873521","3544998","3545149","chr5","35290577","35290728","43","31745579","AGCCCAACAAAATGAGGGGGGCATTGTGGTGGACGCCTGTAGTCCCAGTCACTCAGAAGGCTGAGACAAGGGAATCGCTTGAGTCCAAGATTTGAGGTTGCTGTGAGCTATGATGGCACAGCACTCGACCCAGGGCAACAGAGTGAGACTCT","ATAGAAAAACTAGCCAGCATGGTGGCTCACGCCTGTAGTCCCAACTACTCAGAAGGCTGAGGCAGGAGGATCGATTGAGCCTGGGAGGTCAAGGCTGCAGAGAGCCATGATTGTGCCACTGCACTCTAGCTTGGGCAACAGAGTGAGACTCT"
"GL873521","3545179","3545299","chr8","123644856","123644976","23","120099677","GGCCAGGGTGCAGTGGCTCATGCCTGTAATCCTAGCACTCTGGAAGGCTGAGGCGGGTGGATTGCTTGAGCTCAGGAGTCGGAGGTCAGCCTGAGCAAGAGAAGGATCCCATCTCTACTGA","GGTTGGGTGCAGTGGCTCATGACTGTAATCCCAGCACTTTGGGAGGCTGAAGCAGGTGGATTGCTTGAGCCCAGGAGTTGGAGATCAGCCTGGGCAACATAGTAAGACCCTGTCTCTACAA"
"GL873521","3553893","3554058","chr11","78192954","78193119","45","74639061","AATACTGACCAGGTGTAGTGAGTGGTGCATGCCTATAGTCTCAGTTACTTGGAAGGTTGAGGCAAAAGGATTGCTCAAACACAAGAGTTTTAGGTTGCTGTGAACTATGATGCTACAGCACTCTACCAGGGCAACAGAGTAAGACTGTGTCTCAACAACAAACAAA","ATTAGCCAGGCATGTTGGTGCATGCCTATAGTCCTAGCTACTTGGAAGGCTGAGGCATGAGGATGTACTGAGCCCAAGAGTTCCAGGTTAGAGTGAGCTATGATCATGTCACTGCACTCTAGCCTGGGCAACATAGCAAGACCCTGTCTCTAAAACAAAGCAAAAA"
"GL873521","3554086","3554201","chr1","91242641","91242760","22","87688555","GGGTGCAGTGGCTCACGCCTATAATCCTAACACTCTGGGAGGCCAAGGTAGGTGGATCACTTGAGTTTGAGGAGTTTGAGACCAGCCTGAGCAAGAGAAAGACCCCATCTCTACTA","GCCAGGCGCAGTGGCTCACACCTATAATCCCAACACTTTGGGAGGCCAAGGCAGGAGAATCACTTGAGGCCAGGAGTTTGAGACCAGCCTGAGCAACATAGCAAGACCTTGGCTCTACTA"
"GL873521","3593976","3594262","chr16","24608122","24608413","74","21014146","GGCTGGGCACAGTGGCTCACACCGGTAATCCCAGCACTCTGGGAGGCCGAGGCAGGTGGATTACCTGAGCTCACAGTTTCGAGACCAGCCTGAGCAAGAGTGAGACCCCCCCCCCAATCTCTAAAAATAGCTGGGCGTTATGGCCAGGTGCCTGTAATCCCAACTATTTGGGAGGGTGAGACATGAGAGTCAGTCACTTTGAGCCAAGAGTTTGAGGTTGCTGTGAGCTGTGTGCCACAGCATCCTACCGAGGGTGACAAATTGAGACTGTGTCTCACAAAAAAGAA","GGCCAGGCGCAGTGGCTCACACCTGTAATCCCAGCACTTTGGGAGGCTGAGGTGGGTGGATTACTTGAGCTCAGGAGTTTGAGACCAGCCTGGGCAATATAGTGAAACCCTATCTCTACCAAAAACACAAAAATCTAGCTGGGCATGGTGGCACGTGCCTGTAGTCCCAGCTACTCGGGAGGCTGAGGCAGGAGGATCACTTGAGCCTGGGAGGCAGAGGTTGCAGTGAGCCATGATTGCGCCAGTGCACTCCAACCTGGGTGACAGAACAAGACCCTGCCTCAAAAAAGAA"
"GL873521","3621527","3621631","chr8","21452005","21452106","29","17830478","TCACATTTATAATTCCAGCACTCTGGGAGGCCGAGGCAGGAGAAACCCTTGGGCTCAGGAATTCAGGGGCCAGCCTGAGCAAGAGCCAGGCCCAGTCTCTACTAA","CATGCCTATAATCCCAGCACTTTGAGAGGCTGAGGCAGGAGGATCGCCTGAGCCCAGGAGTTCGAGGCCAGCCTGGGCAACATAGCAAGACCCCATCTTTAA"
"GL873520","60838810","60839064","chr5","171848001","171848259","81","111009191","GGCTGAGAGTGGTGGCTTCTAACAGTCCGAGAGGTTGAGGCTTGAGCTCAGGAGTTACAGGTCAACCTGAGCAACCCCTGCCTACTAAAAATAGAAAAAATTAGCTGGGCATTGTGGTGAGTGCCTGTAGTCCTACCTACTGGGAGACTGAGGCAGGTGGATCTCTCAAATTCAGGAGTTTGAGGCTGTCGTGAACTACGACGCCACAGCACTCAGGCCTGAGCAACAGTGAGACTGTCTCACACACACAAGAAA","GGCCAGGCAAAGTGGCTCATGCCTGTAATCCCAGCACTTTGGGATCACTTGAGCCAGGAGTTCAAGACAACATGATGAAACCCCGTTTCTACCAAAAACACAAAAAAATTAGCTGGGCATGGTGGTGCACGCCTGTAGTCCCAGCTACTTGGGAGGCTGAGGCAGGAGGATCGCTTGAGCTCAGGAGGTCGAGGCTGCAGTGAGCACTGACTGTGCCACTGCACTCCAGCCTGGACAACAGATAGAGACCTCGTCTCAA"
"GL873520","60890558","60890822","chrX","9126809","9127055","74","51763749","AGAAGTTTGAGACCAGCCTGAGCAAGAATGAGACCTCATCTCTATAGACAAATAGAAAAATTAACCACTACAGGCATGGTGGTATGTGCCCATAGTCAAAGATACTCAGGAGGCTGAGGCAGGAGGATCACTTGAGCCCAGTAGTTAGAGGTTGCAGTGAGCTATGATGACATCCTAACACTCTAGCCAAGGCAACAGAGTGAGTGAGACTCTGTCTCAAAAATAAATAAATAAATAAATAAATAAAAGAAAAGAAAAAAAAGAA","ACCAGCCTGGGCAACATGGTGAGACCTCATTTCTACTAAAAATACAAAAAAATTATCTGGGTGTGATGGTACGTGCCTGTGGTCTTAGTTACTTGGGAGGCTGAGATGGGAGGATTGCTTGAGCCCAGGAGGTTGAGGCTGCAGTGAGCCATGATCACACCACTGGATTCTAGCCTGGGTGACAACAGTGAGACCCTGTCTCAAAAATAAATAAATAAATAAATAAATAAATAAATAAATAAATAAA"
"GL873520","60903513","60903710","chr8","38561134","38561339","57","22342379","GACCAGCCTGAGTAAGAGTGAGACCTTATCTCTAAAAAAATAGCTGGGAGTTATGGCAGGTGCCTGTAGTCCCAGCTACTTGGAAGGCTGAGGCAAGAGGATCACTGGAGCCCATGACTTTGAGGTTGTTGTGAGCTATCATGCCATGGCACTTTACCCTGGGTGATAAAGTAAGACACCATGAAAGAAAGAGAGAAA","CAGCCTGGGTAACGTGGTGAGACCACATCTCTAAAAAAATTAGCTGGGCTTGGCAGCACATACCTGTAGTCCCAGCTACTTGGGAGGCTGAGGCGGGAGCATCGCTTGAACCCAGGAGGTAGAGCCTGCAGTGAGCGAGACTGTATCTCTGCACTTCAGCCTGGGTGACAAAGTGAGACACCATCTTAAAAAAAAAGAAAGAAAGA"
"GL873520","60903994","60904078","chr19","44122957","44123041","20","16781037","CTGGGCACAGTGGCTCACACTTGTAATTCTAGCACTCTTCAAGGCCAAGCTAGGCGGATTGCCTGGGTTCAAGAGTTGGAGACCA","CTGGGCACAGTGGTTCATCCCTGTAACCCAGCACTTTGGGAGGCCAAGGTGGGAAGATTGCTTGAGCTCAAGAGTTTGAGACCAC"
"GL873520","61127875","61128124","chr12","40543558","40543815","61","20584317","AGGCCAAGGCAGGTGGATTACTTGAGCTCAGGAGTTTGAGACCAGATGGAGTAAGGGTGAGACCTCCATCTCTACTAAAAATAGAAAAACTAGCCAGGCATCATGGCAGGTGCCTGTAGTCCCAGCTACTTGGGAGGCTGAGGCAGAAGGATCACTTGAGCCCGGGGTTTGAGGTTGCTGTGAGTCAGGCTGATGTCACAACATTCTACCAGGGCAACACAGTAAGACTCTGTCTCAAAAAAAAAAAAAA","AGGCCAAGGCGGGTGGATCACTTGAGCTCAGGAGTTTGAGACCAGCCTGGGCAACATGGCGAAACTCCATCTCTACAAAAATTACAAAAATTAGCTGGGCATTGGTGGTGCACACCTGTGGTGCCAGCCACTCAGGAGGCTGAGGTGGGAGGACCTCTTAAGCCTGGGAGGCAGTGGTTGCAGTGAGCTGAGGTCATGACACTACTCCATTCCATCCTGGGCAACAGAGTGAGGCCCTGTCTCAAAAAAAAAAGAAAA"
"GL873520","61204249","61204420","chr6","117522072","117522244","43","56317823","GAGAAAAACTGACTGGGCATTGTGGAAGGTGTCTGTAGTCCCAGCTACTCGGGAGGCTGAACCAAGAGGACTGCTCAAGCTCAAGAGTTTGGAGTTGCTGTGAGCTATAATGATGCTACAGCACCCTGCCCAGGGTAACAGAGTAAGACTTTAGCTCAAAAAAAAAAAAAAA","TAAAAAAATTAGCCAGATGTGGTGGCATGTGCCTGTAGTTCCAGCTACTCGGGAGGCTGAGGCAGGAGGATTGCTTGAGCTCAGGAGTTCGAGGCTGCAGTGAGCTATAATTGTGCCACTGCACTCTAGCCTGGGTGACACAGTGAGACCTTGTCTTTAAAAAAAAAAAAAAA"
"GL873520","61204698","61204831","chr12","96301849","96301984","29","35097151","GGCCAAGCGTGGTGGCTCCTGTCTATAATCCTAGCACGCTGGAGGGCCAAGGCAGATGGATTCCTTGAGCTCAGGAGTTAAAGATCAGCCTGAGTAAGAATGAGACCTCCATCTCTACTAAAAAGAGAAAAACT","GGCCAAGCATGGTGGCTCCTGCCTATAATCCCAGCACTTTGGGATGCCAAAGCAGGCAGATTACTTGAGCTCAGGAGTTCAAGACCAGCCTGGGCAACATGGTGAGACCCCATCTCTATTTTAAAAAATAAAAAAA"
"GL873520","61310865","61311035","chr14","88541197","88541366","41","27230332","GCTGGGCATTGTGGAGGGCACCTGTAGTCCCAGCTACTTGGGAGGCTGAGACAAGAGGCTCACTTGAGCCCTGGAGCTGAAGGTTTCTGTGAGCTGTGACACCATGGCACTCTACCAAGGGCAACATAGTAAAACTCTGTCTCAAAAAAAAATAGAAGTAGAAAAAGAAAA","GCTGGGCATGGTGGCTTATGCCTATAATCCCAGTACTTTGGGAGGCTGAGGCAGGAGGATAACTTGAGCCCTGGAGTCAAGGTTGCAGTGAGCTGTGATGGCACCACTGCACTGCAGCCTGGGTGACAGAGCAAGAACCTGTCTCAAAAAAAAAAAAAAAAAAAAAAAAA"
"GL873520","61311320","61311450","chr7","72684162","72684298","31","11372842","CCAGGCGCGGTGGCTCACACCTATAATCCTAGCACTCTGGGAGGCCGAGACAGGTAGATTGTTGGAGGTCAGGAGTTTGAAACCAACCTGAGCCAGAGTGAGCCCCCATCTTTAAAAAAACTAGCTGGAGC","GCCAGGCATGGTGGCTCACACCTGTAATCCCAGCACTTTGGGAGGCTGAAGCAGGAAGACTGCTTGAGGCCAGGAGTTTGAGACCACCCTGCACCACATAGCGAGACCGCATCTCTACTAAGAAATTAGCTGGGCAT"
"GL873520","61632558","61632764","chr12","61622891","61623093","58","9667","GGCCAGGTGCAGTGGCTCACACCTGTAATTCTAGCACTCTGGGAAGCCAAGACAGGAGAATCCTTTGAGTTTGGGAGTTCAAGACCAGTCTGAGCAAGAGCAAGACCCCATCTCTATTAAAAGTAGAAAATATTAGCCACATGTCCTGGCTACTGAGAGCTACTCAGGAGCCTGAAGCAGGAGGATCATTTGCCTGGGCAGCAGAGG","GGCTGGGCATAGTGGCTCACACCTATAATCCCAGCATTTTGGGAGGCCGAGGTGGGAGAATCACTTGAGCCCAGGAGTTCGAGACCAGTCTGGGCAACATGGCAAGACCCTGTCTCTACAAAAATTAAAAAATTAGCCAAGTGTGGTGGCTGTGGTCCCAGCTACTCAGGAGGCTGTGGTGGGAGGATCTCCTGGGCCTGGGA"
"GL873520","62111475","62111518","chr11","2140149","2140197","13","59971326","CCTGTAATCTAAGTACTTTGGGAAGCCAAGTGGAAGGATCTTTC","CTTGTAATTCCAGCACTTTGGGAGGCCAAGGTGGGAGGATCACTTGAGC"
"GL873520","62111756","62112003","chr3","130809410","130809642","65","68697654","CTGGTGGAAGGATCTTTCTAATTGAGGCCAGAAGTTTGAGACCAGCCTAAGCAACATGGCAAGACCCTATAACCATGTAAAATAGAAAAATTAGCTGGGTGTGGTGGTGCACACCTGTAGTACCAGATACTCGAGAGGCTGAGGCAGGAGGTTTGCTGGAGCCCAGGAGTTTGAGGTTACAGTGAGCTATAATGACACCACCACACCTTAACTCAGGCAAAAGAGCAAGACCCTTTCTCAAAAGAAAA","CCGGAGAGGGTAGATTTCTTGAGCCCAGGAGTTCAAGACCATCCTAGGCAACATGGCTACAAAAAATAGAAAAATTAGCTGGGCATGGTGGTGTGCACCTGTGGTCCCAGGTACTCAGGAGGCTGAGGTGGGAGGATTGCTTGAGCCTGGGAGGTTGAGGCTGCAGTGAGCCATGATTGCACCACTGCACTCCAGCCTGGGCAACAGAGCAAGACCCTGTCTCAAAAAAGAAA"
"GL873520","62249107","62249260","chr10","17058131","17058282","38","45190976","ACAATTAGACAGGTGTAGTGGCACAAGCCTATAGTCCCGCTACTCGGAAGGCTGAGGCAGGAGGATCACTCGAGCCCAAGAGTTGGAGGTCACTGTGAGCTATGACACCATGACATTCTCCCCAGGGTAACAGAATGAGATTCTGTCTCAAAAA","AAAAATTAGGCATGGTGGCATGTGCTTGTGCCAGCTACTCAGGAGGCTGAGGCAGGAGGATCACTTGAGCTCAAGAGGTGGAGGCTACAGTGAGCCATGATTGCACCACTGCACTCCAGCCTGGGCAACAGAGTGAGACCCTGTCTCAAAAA"
"GL873520","62249287","62249403","chr22","16925544","16925667","25","45323743","GGCTGGGCGTGGTGGCTCACATTGTAAATTCTAGCACTCTGAGAGGCCGAGGTGGGTGGATTGCTTGAGGCTAGGAGTTAGAGACCTGAGCAAGAGTGAGACTCTGTCTCTGCTAAA","GACTGGGCATGGTGGCTCACACCTGGAATCCCAGCACTTTGGGAGGCCAAGGTGGGTGGTTTGCTTGAGCCCAGGAGTTCGAGAGCAGCCTGGGCAATATTGTGAGACTCTGTCTCTACAAAAT"
"GL873520","62409859","62410146","chr6","37880818","37881108","74","24529041","GACTAGGTGCAGTGGCTCACACCTATAATCCTAGCACTGTGGAAGGCCAAGGCAGGTGGATTAGTTAAGCTCAGGAGTTTGAGACCAGCCTGAGCAAGAGTGAAACTCCATCTCTGCTACAAATAGAAAAACCAGCTAGGCAGAGTGACATGCTCCTGCAATTCCAGGTACTTGGAAGACTGAGGTAAGAGGATCATTCAAGCCCAGAATGAGAGGATGCTGTGAGCTATGATGCCACAGCACCCAGTGAGGCTATCTCAAAAAAAAAAAAAAAAAAAAAGAAAGAAA","GGCCAGGCGCAGTGGCTCACACCTGTAATCCTGGCACTTTGGGAGGCTGAGGCGGGTGGATTGCTCGAGCTCAGGAGTTCAAGATCAGCCTGGGCAACATGGTGAAATCCCATCTCTACAAAAAATACAAAAAATTAGCTGGGTGTGGTGGCACATGCCTGTGGTCCCAGCTACTTGGGAGGCTGAGGTAAGAGGATTACCTGAGCCCAGAAGGCCAAGGCTACAGTGAGCCGTGATCATGCCACTGCACGCCAGCCTTTTTCAAAAAAAAAAAAAAAAAAAAAAGACAAA"
"GL873520","63481106","63481324","chr10","7622016","7622239","66","55859090","GAAAACAGTCTGAGATGAGCCTGAGTAAGAACAAGACCCCGTCTCTACTAAAAATAGAAAAACTAGCTAGTGTGTTGGTGGATCCCTGTCATCCCAGGTACTTGGGAGGTTGAGGCAGGACCACTGGAGCCCAAGAGTTTGAGGTTGCTGTGAGCTATCACACTACAGCACTCTACTGAGGGTAACAAAATGAGACACTGTCTCATGAGAAAAAAGAAA","CAGGAGTTTGAGATCAGCCTGAGCAACATGGCAAAATCCCATCTCTACTAAAAATACAAAAATAAGCTGGGTGTGGTGGTGTGCTCCTGCAGACCCAGATACTCGGGAGGCTGAGATGGAAGGATCTCTTGAGCCTGGAAGTTTGAGGCTGTAGTGAGCTGTGATCATACCACTGTACTCCAGCCAGGGTGACACAGCAAGACCCTGTCTCAAAACAAAAAAAA"
"GL873520","63481596","63481682","chr3","39920305","39920389","13","23561291","GGCCAGGCACAGTGGCTCACACCTATAATCCTAGCACTCTGGGAGGCTGAGGCAGGCAGATTGCTTGAGCTCAAGAGTCTGAGACGA","GGCTGGGCACAGTGGTTCATGCCTATAATCCTAGCACTTTGGGAGGCTGAGGCAGACAGATTGCTTGAGACCAGGAGTTTGAGAC"
"GL873520","63984607","63984688","chr22","40046115","40046198","21","23938492","GGCTCATGTCTGTAATCCTAGTAGTTTGGGAGGTTGAGATAGGAGGATAGTGTAAGGCCAGGATTTTAAGAACAGTCTGAGT","GTGGCTCATGCCTGTCATCCCATCACTTTAGGAGGCTGAGGTGGGAGGATCACTTGAGACCAGGAGTTTAAGACCAGCCTGAGA"
"GL873520","63984964","63985013","chr12","123527171","123527211","18","59542207","AAAGAAGAGACTGAGCAACACAGTGAGATTATATAGCAAAATAATAATAA","AATTAAAAAATTTAAAAAGTGAATGAGATAAAAAAAAAAAA"
"GL873520","63985042","63985199","chr10","96290088","96290255","47","32305046","AAAAGAAAAAAATTAGCGAGGCATAGTAGCACATGGCTATAGCTCCAGCTACTTGAGAGAGTGAGGCAGGAGTTTGTTTGAGCCTGGGAAGTCGAGGTTGCAGTGAGCCATAATGGTGCCACTGCACTGTAAAACAGCAAGAGACCACCCCTCAAAAA","CAAAAAATACAACAATTAGCTAGGCATGGTGGCACATGCCTGTAGTCCCAACTATTTGAGAGGCTGAGGTGGGAAGATTGCTTTAGCCCCCGAAGTTGAGGCTCCAGTGAGCCAAGATTGTGCCACTGCACTTGAATCTGGGTGACAGAGCAAGACCCTGTCTCAAAA"
"GL873520","64280098","64280238","chr14","74041742","74041876","35","9761644","TAATCCTAGCATTTTGAGAGGCCAAGGAAGGAGGATCATTGGGCCCAGAAGATTGAGGCTGCAGTGAGCTGGGATTGCAGCATCATGGCATGTCTCCAGCCTGGGCAACAGTCTGAGATCCTGTCTTTAAAAAAAAAAAAA","GTCCCAGCTACTTGGAAGGCTGAGGCAGGAGGATCACTTGAGCCTGGGAGGCTGAGGCTGCAGTGAGTTGAGATCACACCACTGCACTCCAGCCTGGGCAACAGAGTGAGACCCTGTCTAAAAAAAAAAAAAAAA"
"GL873520","64390458","64390731","chr9","129896598","129896884","83","65506140","GCTAGGCCTGGTGGCTTGTGTCTGTAATCTTAGCACTCTAGAAAGATAAGGCAGGTAGGTAGATTTCCTGAACCCAGGAGTTCAAGACCTGCCCGAGCAAGAGGGAGACCTCACCTCTATTAAAAATAGAAAAACTAGCAGATCTGGCAGGTGCCTTTAGCCCCAGCTATGTGGTAGGTTGAGGTAAGAGGGTCACCTGATCCCAAGAGTTTGAGGTTTCTGGAGCTATGATGCCATAGTACTCTAGACAGGGCAATAGAGCAAGACTGTCCCA","GCCAGGTGTGGTGGCTCATGCCTGTAATCCCAGCACTTTGGGAGGCTGAGGCGGGAGGACTGCTTGAACTCAGGAGTTCAAGACCAGCCTGGGCAAGATGGTGAGACCTCATTTCTACTAAAAAAAGGAAAAAAAAATAGCCAGGTGTAGTGGTGCATGCCTGTACTCCCAGCTACTGGGTAGGCTGAGATGGGAGGATTGCTTGAGCCCCAGAGATTGAGGCTGCAGTGAGCCATGTTTGTGCCACTGCACTCCAGCCTGGACAACAGAGCAAGACCCTGTCTCAA"
"GL873520","64390763","64390781","chr8","126405290","126405308","3","62014527","GAGACAAAAAACAAAAAAA","AAGCCAAAAAACACAAAAA"
"GL873520","64761525","64761688","chr10","19288424","19288579","45","45473101","TACTAAAATAAGCCGGGTGTTGTGGCAAGCTCCTGTAAATCCCAGCTGCTTGAGAAGCTGTGGCAAGAGAACTGCTTGAGCCCAAGAGTTTGAGGTTGCTGTGAGATGTGACGCTATGGCACTCCACCAAGCAAGGGCAACAAAGTGACACTCTGTCTCAAAAA","TTAGCCAGGTGTGGTGGTGTGCACCTGTGGTCCCAGCTTCTTGAGAGGCTAAGGCAAGAGGACTGCTTGAGCCTGAGAGTTCGAGGCTGCAGTGAGCCATGTTCACACCACTGGACTCCAGCCTGGGCAACAAAGTGAGACCCTGTCTCAAAAAAA"
"GL873520","64761718","64761830","chr21","23033355","23033468","26","41728363","GGATGGGCACGGTGACTCATGCCTGTAATCCTAGCACTCTGGGAGGCCGAGGCAGGCGGATTGCTTGGATTCACTGACAAGATCAGCCTGAGCAAGAGCACAGACCCCTTCTT","GGCCAGGCATAGTGGCTCATGCCTGTAATCCCAGCACTTTGGAAGGCCGAGGCAGGAGGATTGCTTGGAGCCCAGGAGTTCGAGACCAGCCTGAGCAGCATAGACCCCTATCTC"
"GL873520","65203840","65204008","chr6","16993982","16994146","52","48209858","AAAAATCACAATAAACCTGGGCATTGTGGGACACACTTGTGGTCCCAGCTACTTGGAAAGCTGAGGCAAGAGGATCCCTTGAGCCCAGTCCACCATTCAGGTCCAGAGGAAGAGGCACTGCCCTCCAGCCTGGGACTCTAGTGAGACCTCCTCTCTTAATAAAAAAGAA","AAAATAAAAAGTTAGCTGGCCATGGTGGCACACACCTGTGGTCCCAGCGACTCAGGAGGCTGAGGCACAAAGATTGCTGGAGCCTAGGAGGTTGAGGCTGCAGTGAACCACTGCACTCCAGCCTGGGTGACAGAGAGACCCTGTCTCTTAGAAAAGAAAAGAAAA"
"GL873520","65233615","65233893","chr12","113638468","113638747","72","48404853","GACTGGGCAAGGTGCCTCACCCTGGTAGCCTAGCACTCTGGGATGCCAGGATGTGTGGATTGTTTGAGCTCAGGAATTGCAGACCACCCTAAGTAGGAGTGAGATCCCATCTCTACTAAAACAGAAAAACTATCCAGGTGTCATGGCAGGCACTGATAGTCCCAGCTACTGGGGAGCCTGAGACAAGAGGATTGCTTGAGCCCAGGAGTTTGAGGTTGCTGTGAGGTATAATAACACCACAGCCCTCTAGCCTGGGCAACAGAGTGAGACTATGTCTCA","GGCCGGGTGCGGTGGCTGATGCCTGTAATCTCAGCACTCTGGGAGGCCAAGGTGGGAGGCTTGTTTGAGCCCAGGAATTCCAGCCCAGCCTGTGTAACACAGAGAGACCCCATCTCTACAAAAAATAATAAGATTAGCTGGGGGTAGTGGCATGTGTCTATAGTTCCAGCTACTCGGGAAGCTGAGGCAGGAGGATCACTTGAGCCCAGGAGGTTGAGGTTGCAGTGAGCTATGATCACTCCACTGCACTCCAGCCTGGGCAACAGAGCAAGACCCTGTC"
"GL873520","65233919","65233934","chr4","2195053","2195068","3","63038866","CCAAAACGAAAGAAAA","ACAAAACAAAACAAAA"
"GL873520","65359603","65359765","chr10","35735599","35735752","41","29624004","GTGGCTCATGCCTGTAATCCAGCACTCTGGGAGGTCAAGGCTAGATGATCACTTGATTGAGTCCAGGACGTCCAGGCTGCAGAGAGCTGTGACTCTGCCACTGTACTCCAGCCTGGGTGTAGCATGAGACCTTGTATCTAAAAACAAGCACCAAACAAAAAAA","GTGGCTCAAACCTGTAATCCCAGCACTTTGGGAGGCCAAGGCCAGAGGATCACTTGATCCCAGGAGGCTGACGCTGCAGTGAGCCGTGATCATGCCACCACACTCCAGCCTGAGCAACACAGTGAGACGTTGTCTCTAAAAAAGAAAAAGAAAA"
"GL873520","65811521","65811636","chrX","5419188","5419305","32","60392333","GTAGCAGTTACTTAGGTGGCTGAGGCAGGAGGATCACTTGAACCTAGGAGTTCACGGTTGTTGTGAGCTATTATGATGCCAGTGCACTCTCCCCCAGAGGGATAGAGTGAGACTCT","GTCCCAGCTACTCTGGGAGGCTGAAGTGGGAGGATCACTTGAGCCTGGGAAGTTGAGGCTGCAGTGAGGTATGATTGTGCCAGTGCACTCCAGCCTGGCTGAGAGAGTGAGTCTCCGT"
"GL873520","65812040","65812202","chrX","9218405","9218573","37","56593635","GACCAGGCACGGTAGCTCACTCCTGTAATCCTGGCACTCTGGGAGACTGAGGCAGGTGGATTGCTTGAGCTCGGGAGTTGGAGATCAGCCTGAGCAAGAGCAAGACCCCATCTCTACTAAAAATAGAAAAACTAGCTGGGCTTTGTGCAGTCACCTGTAGTTA","GGCCAGGCGCAGTGCCTCACACCTGTAATCCCAGCACTTTGGGAGGCCGAGGCGGGTGGATCACTTGAGCTCAGGAGTTTGAGACCAGCCTGAGCAACATGGCAAAACCTCACCTCTACAAAAAAAATACAAAAATTAACCAGGCATGGTGGCAGGCACCTGTAGTCTC"
"GL873520","65944653","65944944","chr7","133126957","133127257","74","67182304","GGCCAGGCACAGTGGCTGACACCTATAACCCTAGCATTCTAGGATGCCAAAGCAGGTGGACTGCTTGAGCTCAGGAGTTTGAGACCAGACTGAGCAAGAGTGATTCCAGAACTCTACAAGAAGTAGAAAAATTAGCTAGGCATGGTGGCTCATGCCTATAGTCCCAGCTACACTGTAGGAGGCTAAGGCAGGATAGCTTGAGCCCTGCCTGTGGCTTGCTGTGAGCTGTGACACCAGGGCACTCTACCCAAGATGACAGAGGGACACTCAGTCTCAAAAAAAGAAAAAAAAA","GACCAGGCACAGTGGCTCACACCTGTAATCCCAGCACTTTGGGAGGCCAAGGCAGGTGGAATGCTTGAGTCCAGAAGTTCCAGACCAGCCTGGGCAACATGGTGAAACCCTGTCTCTACAAAAAATACAAAAATTAGCTGGGCATGGTGGCACATGCGTGTAGTCCCAGCTACTCAGGAGGCTGAGGCAGGAGGATTGCTTGTGGCCAGAAGGTTGAGGCTGCAGTGAGCCAAGATTGCACCACTGCACTCCAGCCTGGGTGACAGAGTGAGACCCTGTCTCAAAAAATAAAAAATAAAAA"
"GL873520","66312570","66312862","chr6","39411163","39411467","78","26901407","GGGCCGGTGGCTCTGCCTGTAATCCCAGCACTTGAGAGGCCAAGGTGGGTGGATTGCTTGAGCTCACAGGTTTGAGACCAGCCTGAGTCAGAGAGACACTTTATCTCTAAAAATAGATGGGTGTTGTGATGAGTGCCTGTAGTCCCAGCTACTTGAGAGACTGAGGCAAGAGAATCATTTAAGCCCAGGAATTTGAGGCTGTTGTGAGCTATGATGCCATGGCACTCTACTAAGGGTGACAAAGTGGTACTCTCTCTCAAAATAAATAAATAAATAAATAAATAAGAAGAAAA","CTGGGCGCGGTGGCTCACAGCTGTAATCCCGCATTTTGGGAGGCCAAGGTGGGCAGATTGCTTGAGCTCAGGAGTTTGAGACCAGCTATAGTCAACGTGGAGAAACCCCGTTTCTACAGAAATTAGCCAGGTGTAGTGGTGAGTGCCTGTAGTCCCAGCTACTTGGGAGGCTGAGGTGGGAGGATGACTTGAACCTGGAAGGTTGAGTTTGCACTGAGCCAAGATGGCAACACTGCACTCCAGCTGGGGCGACAGAGTGAGACCCTGTCTCAAAATAAATAAATAAGTAAATAAAAATAAATAAA"
"GL873520","66697774","66697947","chr12","66258613","66258792","41","439161","AAAAATAGAAAAACTAGCTGGGCATCATGGCAGATGCCCATAGTCCCAGGTAGTCTGGAGGCTCAGGCAGGAGGATCACTTGAGCCCAGGAGATTGAAGTTGCTGTGAGGTGTGATGCCATAGCACTCTATCCTAGGGCAACAAAGCGAGACTCTGTCTCAAAAAAAAAAAAAA","AAAAAACAAAAATTAGCCAGGCATGGTGGTACATGCCTGTAGCCCCAGCTATTCTGGTGGCTGAGGCAGGAGGATTGCTTGAGCCCAGGAGGTTGAAGCTGCTGTGAGCCGTGATTGGACCACTGCACTCCAGCCTGGGGGACAGAGTGAAACTGTGTCTCAAAAAAAAAAAAAAAAAAA"
"GL873520","66905740","66906006","chr1","109854612","109854879","75","42948872","CTGGTTGCAGGGGCTCATGTGACATGTAATCCTACCACTCTGGGAGGCCAAGGCGGGAGGATCACATAAGCTCAGGTATTTGAGACCAGCCTATAAGAGTGAGACTCTGTCTCTATTAAAACTAGAAAAGTTAGCTAGACATTGTGGTGGGCACTTGTAGTCCCAGCTACTCAGAAGGCTGAGGCAAGAGGATCCCCTGAGCCTGAGAGTTTGAGGTTGCTGTGCTGCCCAGGGCACAGAGGTAGCCTCTGTCTCAAAAAGAATAAA","GACTGGGTGCAGTGGCTGACACCTGTAATCCCAGCACTTTGGGAGGCCAAGGTGGGCAGATCACTTGAGCTCAGGGGTTTGAGACCAGCCTGGGCAACATGGTGAAACCCCATCTCTACTAAAAATACAAAAATTAGCTGGGCATGATGGTGTGCCCCTGTGGTCCCAGCTACTTGGGAGGCTAAGGTAGGAGGACCATTTGAACCCAGGAGGTTGAGGTTGCAGTGAGCCATGATGGCACCAGAGTAAGACCCTGTCTCACAAAAAA"
"GL873520","67860832","67861100","chr1","76509011","76509296","71","8648179","GGGCATGGTGGCTTATCCTATACTCAATCCTAGCACTCTGGGAGGCCAGGCAGGAGGATCTCTTGAGCTTGGGAGTTTGAGATTAGACTAAGCAAGAGTGAAATCCTGTCTCTACTAAAAAAGAAAAATTAGCCAAGTGTTGTAGTGGGCACCTGTAGTCCCAGCTACTCAAGAGGCTGAGGCAGGAGGATTGCTTGAGCCCCGAAGTTTGAGGTTGCTATGAGCTGGGCACTCTATTCTGGGCAACAGAATGAGATTCTGTCTCAAAA","CCAGGTGTGGTGGCTTACACCTATAATCCCAGCACTTTGGGAGGCCAAGGCAGGAGATCACTTGAGCTTAGGAGTTTGAGACCAGCCTTGGCAACACAGTGAGACCCTGTCTCTACAAAAAATACAAAAATCAGCCATGTGGGATGGTGCCCACCTGTAGTCCCAGCTACTCAGGAGGCTGAGGTGGGAGGATGGCTTGAGCCAGGGAGATAGAAGTTGCAGTGAGCCAAGATTGTGCCACTGCTTTTCAGCCTGGGCAACAAAGTCAGACTCTGTCTCAAAAAAA"
"GL873520","69062088","69062263","chr7","70866847","70867027","48","1804759","TTAAAAAAAAAAAAAATAGAAAGACTGGCTAGACGTTCTGGCTGGTGTCTGTAGTCCCAGCTACTAGGGAGGCTAAGGCAAAAGAATCACTTAAGCCCAAGAGTTTGAGGTTGCTGTGAGCTATGATGGCACAGCACTTTACCAAGGGTGACAAAGTGAGACTCTGTCTCTAAAAA","CTTATTTAAAAAAAAAAAAATAGCTGGGCATGGCCATGGTGGCACATGCCTGTAGTCCCAGCTACTCGGGAGACTGAGGCAAGAGGATCCCTTGAGCCCAGAAATTGGAGGAGGCAGTGAGCTATGATTGTGCCACTGCACTCCATCCTGGGTGACAAAGCAAGACTCCATCTCAAAAAAA"
"GL873520","69062538","69062668","chr13","30541906","30542038","27","38520632","GGCTGGGTGTGGTGGGTCACACCTATAATCCTAGCACTCTGAGAGGCTGAGGTGGGTGGATTGCCTGAGCTCAGAGTTTGAGACCAGCCTAAGCAAGAATGAGACACATCTCTATTAAAAATAGAAAGACT","GGCTGGGTGCGGTGACTCACACCTATAATCCCAACACTTTGGTAGGCTGAGGTGGGTGGATTGATTGAGCCCAGAAGTTTGAGACCAGCCTGGGCAAAATGGTGCAACCCCATCTCTACAAAAAATACAAAAA"
"GL873520","69122097","69122374","chr2B","205101704","205101992","75","135979607","GGGTGGGAGCAGTGACTCATGCCTGTAACCTTAACACTCTGGGAGGTCAAGATGGGTAGATCACCTGAGTTCAGGAGTTCGAAACCAGTTTGAGCAAGAGCAAGACCCCATCTCTACTATAAATAGAAAAACTATCCGGTGTTGTAGTGGGTGCCTGTAGGCCCAACTACTTGGGAAGCTGAGGCAAAAGGATCACATGAGTCCAGGAGTTTGAGGTTGCTGTGAGCTATAATGCCAGGACACTCTACCCAGGACGTCAGAGTGAGAGAGTCTCAAAA","GGCTGGGCACAGTCACTCATGCCTGTAATCCCAGCACTTTGGGAGGCTGAGGTGGGTGGATCCCTTGAGTCCAGGAGTTCGAGAGCAGCCTGGGCAACAGGGCGAAACCCTGTCTCTACTAAAAGTACTAAAATTAGCCAGGTGTGGTTGCATGTGCCTGTAGTCCCAGCTACTAGGGAAGCTGAAGTGGGAGGATCACTTGAGCCCAGGAGGTGGAGGCTGCAGTGAGCTGTGATCATGCCACTGGCACTCCAGCCTGGATGACAGAGTAAGACCCTATCTCAAAAAA"
"GL873520","69132087","69132220","chr5","89100215","89100340","36","19968128","GCTGGACACGGTAGCTCATGATTGTAATCCTAATACTTTGGGAGGCTGAGGCAGGTGGATTGATTGCCTGAGCTCACAGGTTCAAGATCAGCCTGAACCAGAGAGAGACCCCCTCGTCTAAAAATAACTGATTG","GGTTGGGAGCCGTGGCTCATGACTGTAATCCCATAACTTTGGGAGACAGAGGCAGGAAGATTGCCTGAGCTCACAAGTTCAAGACCAGCCAGAACAATGCGGTGAAACCCCATCTCTACAAAAAAT"
"GL873520","69132506","69132665","chr1","54558782","54558941","40","14573724","AAAAAAAAAGCTAGGTATCGTGGCTGGCACCTGTAGTCCCAGCTACTTGGGAGGCTGAGGCAAAAGAATCACCTGAGCCCAGGAGTTAGAGGTTGCTGTGAGCTATGACGCCATGGCACTCTATCAAAGGTGATAGAGTTAGACTCTGTTTCAAAAAAAA","AGAATTGACTGGGTATGGTGGCACATGCCTACAGTCCCAGCTACCTGGGAGGCTGAGGCAAGAGGATCGTGTGTGCCCAGGAGTTCGAGGCTGCAGTGAGCTATGATCACGCCATTGCACTCAGCCTGGATGATAGAGTAAGACCCTGTCCCTAAAAAAA"
"GL873520","69353400","69353535","chr4","62502184","62502318","29","6851216","GGCTGGGCATAGTGGTTCATGCCTGTAGTTCTATCTCTCTGGGAGGCTGAGGCGGGTGGATTGCTTGAGCTCGGGAGTTCAAGACCAATCTGAGCAAGAGTGAGACCCCATTTCTATTTTAAAAAAGTAGAAAAGT","GGCTGGGCATGGTGGCTCATGCCTGTAATTCTAGCACTTTGGGAGGCTGAGACGGGTGGATTGCTTGAGCCCAGGAGTTCAAAACCAGCCTGGGCAACAATGTGAAACCCTGTCTCCACAAAAAATACAAACATT"
"GL873520","69353815","69353988","chr10","56775428","56775612","44","12578387","CTAGCTAGGCATTGTGGGCACCTGTAGTCTTAGCTACTTGGGAGACTGAGGCAAGAGGATTGCTTCAGTCTAAGAGTTTGAGGTTGTTGTCAGCTGACACCACAGTGCTCTAGCCCAGGCAATAGAATGAGACTCTGTCTCAGAAATAAATAAATAAATAAATAATAAAATAAA","TTAGCCAGTTGTGGTGGTGCACAGCTGTAGTCCTAACTACTTGGGAGACTGAAGCAGGAGGATTGCTTGAGCCCAAGAGTTTGAGACTGCAGCAAGCTATGATTGTGCCACTGCGCTCCAGCCTGGGCAACAGAGGAAGACTCTGTCTCTATAAATAAATAAATAAATAAATAAATAAATAAATA"
"GL873520","69844761","69844932","chr10","90868422","90868591","50","21023661","TACACAAATTAGCTGAGCACAGTGGCTCCTGCTAATAGTCTTAGCTACTCAGGAGGCTGAGACAGGAGGATTGCTTGAGGCCAAGAGTTTGAGGCTGTCGTGTACAATGATCACATTAATGAATAGCCACTGCCCTCCAGCCTGGACAATGTAGCAAGGGGTTATCTCCAAA","AAAATGTAAAATTTGGCCAAGCAAAGGTGGCATACATGCCTGTAGTCCCAGCTATTCAGGAGGCTGAGGCAGGAGGACTGCTTGAGCCCAGGAGTTTGAGGCTGTAGTGGGCTGCGATCATACCAGTGAATAGCTACTGCACTCCAGCCTGGACAACATAGCAGAAACCC"
"GL873520","70264235","70264511","chr1","28750736","28751025","63","41513499","GGTGTGGTGGCTCACGCCTATAATCCTAGCTCTCTAGGAGGCTGAAGCAGATGGATTGCTTGAGCTCAGGCATTGGAGACCAGCCTGAGCAAGAGCAAGACCCTGTCTCTAAAAAAACTAGCTGGGTGTTGTGGCAGGCACCTGTAGTCCTAGCTACTTGGGAGGCTGAGGTAGGAGAATCACTTGAGCCCAGGAGTCTGAGATTGCCGTGAGCTGTGATGCCACAGCTCTCTACCGAGGGCAACAAAATGAGACTCTGTCTCAAAGAAGAGAAAAA","GGTGTGGTGGCTCACGCCTATAATCCCAGCACTTTGGGAGGCTGAGCCAGGTGGATTGCTTGAGCACAGGAGTTTGAGACCAGCCTGCACAATATGGCAAAACCCTGTCTCTACAAAAACTACATATATTAGCCAGGTGTGGTGGTATGTGCCTGTAGTCCCAGCTACTTGGGAGACTGAGGCAGGAGGATCAATTGAGCCCAGGTGGTTGAGGCTGCAGTGAGCTGTGACTGCATCACTGCACTCTAGCCTGGACGACAGAGCAAGACCCTGTCTCCAAAAAAAAAAAA"
"GL873520","70264772","70264787","chr1","172062035","172062048","2","101797263","AATAAAATAAATAAAA","AAAAAATAAAAAAA"
"GL873520","70431995","70432168","chr7","119029682","119029843","46","48597687","GGGGCATGGTGGCGCGTGCCTATAGTGTTAGCTACTCAGGAGGCTGAGGCAGGAGGATCACTTGAACCAGAAATTCAAGGTTACAGTGAGCTGTGACACACCACTCCAACCACTCCAGCCTGGAGGATAGGAGGATAGAGCAAGACACCATCTCTAAGTAGAGAAAAGAAAAAA","TAGCTAGGCATGGTGGTGTGTGTCTGTAGCCCTAGCTACTCAGTAGGCTAAGGCAGGAGGATCACTTGAGCCCAAGTTCAAGGTTACAGTGAGCTATGATTGTGCCACTGCACTCCAGCCCACGTGATAGAGCAAGACTCTATCTCTTAAAGAAAAAAAAAA"
"GL873520","70432195","70432319","chr7","55380099","55380223","24","15052096","GGTCAGGTTACAGTGGCTCATGCCTGTAACTCCAGTGCTTTGGGAGGCCAAGGTGGAAGGATCACTTGAGCCCAGAAGTTTGGGACCATCCTGAGCAACATAACCAGATCCTAACTCTAATAAGA","GGTCAGGCACAGTGGCTCATGCCTGTAATCCCAGCACGTTGGGAGGCCAAGGCAGGAGGATCACTTGAGCCCAGGAGTTTGCGACCAGCTTGGGCAACATGGTGAGACCCTATCTCTACAAAGAA"
"GL873520","70561444","70561605","chr17","5354151","5354316","34","65207293","AATTAGCCAGGCATGGTGGCTCAGGCTTGTAGTCCTAGCTATTCAGGAGGCTGAGGCAAGAGAATCACTTGAGCCTAGAAGTTTGAGGTTGCTGTGAGCTATGACGCCATGGCACCCTACCCAGGGTGACTGAGTGAGACTGTCTCAAAAAAAAAAAAAAAA","TTAGCCAGGCATGGTGGTACATGCTTGTAGTCCCAGCTACTTGGGAGGCTGAGGTGGGAGAATCCCTTGAGCCCAGGAGTTTGAGGTTGCAGTGAGCTATGATTGTGCCACTCTGCATGCCAAGTCTGGGTGACAGTGAAACTGTCTCAAAAGAAAAAAAAGAAAA"
"GL873520","70561626","70561754","chr5","38564696","38564817","26","31996930","GGCTGGGTGCAGTGGCTGATGCCTGAAATCCTAGCATTCTGGCAAGCTGAGGTGGCAGGTGGATTGCTTGAGCTCAGGAGTTTGAGACCAGCCTGACCAAGAGCAAGACCCTGTCTCTACTAAAAATAA","GGCTGGGTGCAGTGGCTCATGCCTATAATCCTAACATTTTGGGAAGCTGAGGTGGGTGGATCGCTTGAGCCCAGAAGTTTGAGACCAGCTTGGGCAACATAGTGAGACCCTGTCTCTATAAA"
"GL873520","70984973","70985269","chr19","61169515","61169813","69","9815458","GCACAGAGGCTCATACCTATAATCCTAGCACTCTGAGAGGCCGAGGTTGGTGGATCACCTAAGCTCAGGAGTTTGAGACCAGCATGAGCAAGAATGAGACCCTATCTCTACTAAAAATAGAAAAACTAGCCAGATGTTGTGGTGGGTGCCTGTAGTCCCAGATACTTAGGAGGCTGAGGCAGGAGGATGGCTTCAGCCCAAGAGACTGAGGTTGCTATGAGCTGTGAAGCCATGGCACTCTACTGAGGGCAACAAAGTGAGACTGTGTCTCAAACAAATAAAATAAAATAAAAATAA","GGGCACAGTGGCTCTTTCCTGTAATCCCAGCACTTTGAGAGGCTGAGGTGGGAGGATCACTTGAGTCCAGCAGTTTGAGACCAGCCTGGGCAATACAGTGAGACCCTGTCTCTACAAAAAATATAAAAATTAGCTGGGTGTGTTGGTGCCTGCCTGTGGTCCCAGCTGCTCAGGAGGCTGAGCCAGGAGGATGGCTTGAGCCCAGGAGGTCGGGGCTGCAATGAGCCGAGAGGTCATGCCACCGCTCCAGCCTGGGCGACAGAGAGAGACCCTGTCTTAAAAAAAAAAAAAGAAAAAAA"
"GL873520","71031217","71031408","chr4","57296207","57296386","48","13735010","AAAAAAGATAGAAAAATAAAGTGAGCATAGTGGTGTGTCATAAGTAGTCCCAGCTACTTGGCAGGCTGAGGCAGGAGCATTGCTTGAGTCCAGGAGTTTTAGGTTGCAGTGAGCTGTGATGACATGATGCCACTGTGCTCTATCCTAGGCAACAGAGCAAAACCCTGTGTCAAACAACAACAACAATAAAAA","AAAAAAGAAAAATTAGCCAGGCATGGTGGCATGTGCCTGCAGTCCCAGCTACTCAGGAGACTGAGGTGGGAGGATTGCTTGAGCCAGGGAGATTGGGGCTGCAGTGAGCTGTGATATCATGCCACTGTACTCCAGCCTAGGCCGCAGAGTGAGACCCTGTCTCAAAACAAAAACAAAAAA"
"GL873520","71031681","71031796","chr19","18214436","18214546","24","52817245","CTGTAATCCTAGCACTTTGGTAGGTTGAGGTGGGAGGATTGTTTGAAGCTAGGAATTCAAGACCAGTCTTGGCAACATAGTGAGACCCTGTCTCTGCAAAAAATTAGAAAAATAAT","TGCAATCCCAGCACTTTGGGAGGTTGAGGCAGGAGGATCACTTGAGCCCAGGATTCGAGATCAGCCTGTGCAACATGGTGAGACCCTGTCTCTACAAAAAGTAGAAAAATT"
"GL873520","71086533","71086689","chr8","38296068","38296228","42","32790465","CTAGCTGGGTGTTATGGTGGGCACCTGTAGTCCCAGCTACTCCGAAGGCGGAGGCAAGCAGATCACTTAAGTCCAAGAGTTTGAGATTGCTGTAAGCTATGATGATGCCCTGGATTTCTACTCAGCATGACAGAGTGACACTGTCTCAAAAATAAAA","TTTAGCTTGGTGTGGTGGTGGACACCTGCAATCTCAGCTACTCAGGAGGCTGAGGCAGGAGGATCACTTGAGTCCAGGAGTTTGAGGCTGCAGTAAGCAATGATTGTACCATTGCATTCCAGCCTGGGTGACAGAGTGAGACCCCATCTAAAAAAAAAAAA"
"GL873520","71086953","71087087","chr22","28422281","28422416","25","42664672","GGCATGGGGTGGTGGCTCACACCTGTAATCCTAGCACTCTGGGAAGCCTAGAGGGGTGGATTGCTTGAGCTCCGGAGTTCAAGACCAACCTTGAGCAAGAATGAGACCCCATCTCTACTAAAAATAGAAAAAGTA","GGCAGGGCGTGGTGCCTCACACCTGTAATCCCAGCACTTTGGGAGGCTGAGGTGGGAGGATCGCTTGAGTCCAGGAGTTCAAGACCAGCCTGGGCAACATGGTGAAACCCCATCTCTACTAAAAATAAAAAAATTT"
"GL873520","71331890","71332125","chr20","30673841","30674091","64","40658049","GCCTGTAATCCTATCACTTTGGGAGGCTGAAGTGAGTGGATTACTTGAGCTCAGGAGTTTGAGACCAGCCTAAGCAAGAGCATGACTCTGTCTCTACTAATTAGAAAAATCAGCCAGGCATGGTGGCAGGCACCTGTAGTCCCAGCTACTTGGGAGGCTGAGGCAAGAGGATTGCTTGAGCCGAAAAGGTTGCTGGGAGCTACGATGCCAGAGCAACAGACTAAGACTCTGTCTCA","CACGCGTGTAATCCTGGCACTTTGGGAGGCCGAGGCAAGCGGATTGCTTGAGCTCAAGAGTTCGAGACCAGCCTGGGCAACATGGCAAAATCCTGTTTCTACGAAAAAAATACAAAAATTAGCCGGGCATGGTGGCACACACCTGTAGTCCCAGCTGCTTGGGAGGCTGAGGCAAGAGGATTGCTTGAGCCCGGGAGGTAGAGGCTGCAGTGAGCTGAGATCACGCCACTGCACTCCAGCCTGGGCGACAG"
"GL873520","71345766","71346024","chr1","36477448","36477714","67","34868318","CCAAGTGCAGCAGCTCCCACCTAAAATCCTAGCACTCGGGGAGGCCAAGGAGGGTGGATCACTTGAGAGCAGAAGTTCAAAACCAGCCTGAGCAAAGGGTGATCCCATCTCTACTAAAAATAGAAAAATGGGTTGGTCACAGTGGCAGGTGCCTGTAGTCCCAGCTATTTAGGAGGATAAGGCAGGAGGATCACTTGAGCCCAGGAGTTTGAGGTTGCTCTGAGCTAAGCTGATGCCACTCTAGTCTGGGCAACACAGC","CCAGGTGCAGTAGCTCACCCCTGAAATCCTAGCACTCTGAGAGGCCAAGGCGGGTGGATCACTTGAGCCCAGGAGTTTGAGACCAGCCTGGGCAACATAGTAAGACCTCATCTCTACAACAAATACAAAAATTAACTGGGCATGGTGGTTTGTGCCTATAGTCTCAGCTACTCAGGAGGCCGAAGCAGGAGGATCATCTGAGCCTGGGAGGTCAAGGTTGCAGTGAGCCGTGATCAAGCCACTGCACTCCAGCCTTGGCCACAGAGC"
"GL873520","71346046","71346069","chr9","124703980","124704002","4","53357934","TTGTTAAAAAAAAATAAAAAAGAA","GTCTTAAAAAAAAAAAAAAAAAA"
"GL873520","71514260","71514298","chr19","16922261","16922295","7","54591999","CAGAGTGAGACTCTTGTCTCAAAAAAATAAAATAATAAA","AAGTGAGACTCTGTCTCTAAAAAAAGAAAAAAAAA"
"GL873520","71514393","71514660","chr22","25275994","25276259","77","46238399","GGCCAAGTGCCATGGCCCATACCTATATAATCCAGCACTCTTGAGAGGTCAAGGCAAGAGAATACCTTGAGCTAGACTTCCAGACCAGCCTGAGCAAGAACAAGACTCTGTCTCTGCTGAAAATAGAAAAACTAGCCAGGCATGGTGGTGGGTGCCTCTAGTTCAGCTACTCAGGAAGCTGAGGCAAAAGAATCACTTGAACAAGAGTTTGAGGTGTGATCTAGGCTGATGCCATGGAACTGTAGCCTAGGGCAACAGAGTGAGACTA","GGCCAGGTGCAATGGCTCATGCCTGTAATCCCAACACTTTGGGAAGCCAAGGCAGGCCAATCACTTGAGCTCAGGAATTCGAGACCAGCCTGAGCAACGTGGCAAAATCCTGTCTCTACAAAAAATAGCCAGGCATGGTGGTGGGTGCCTGTAATCTCAACTACTCGGAGGCTGAGGTGGGAGGATCGCTTGAGCCTGGGAGGCGGAGGTTGCAGTGAGCCATGATTGCGCCACTGAACTTCAGCTGGGGCGACAGAGTGAGACTC"
"GL873520","71587735","71587853","chr1","93453408","93453531","26","21865673","GTTGGGCACAGTGGCTCACATCTATAATCCCATCTACTTGAGAAGACTGATGCAGGTTTACCTGAGCCTAGGAGTTTGAGAACAGCTTGGGCAACATAATAAAAGCCCATCTCAAAAAA","GGCCGGGCACAGTGGCTGACACCTATAATCCCAGCACTTTGAGAGGCTGAGGTGGGAGGATCCATTGAGCCTAGGAGTTTGAGACCAGCCTGGGCAACATAGTAAAACCCCATCTCTGCAAAAA"
"GL873520","71662488","71662658","chr5","74746592","74746764","42","3084104","TTAACCAGGCATAGTGGAGGGAACCTGTAGTCCCAGCTATTCTGGAGGCTGATGCAGGAGGATCATTCGAGCCCAGGAGTTGGGGGGTGCTGGAAGCTATGATGATGTCACTGCACTCTACCCAGGGAGACACAGCAAGACTCTCTGCAAAAAGAAGAAGAGACGAGAAAA","TAACCAGGCATGGTGGTGTGTACCTGTAGTCCCAGTGACTGGGGAGGCTGAGGCAGGAGGATCACTTCAGCCCAGGACTTTGAGGCTACAGCGAGCTACGATTGTGCCACTGCATTCCAGGCTGGGTGACAGAGCAAGACGGTGTTTGAAATAAAGAAAAAGAAAAGAAAAAA"
"GL873520","71662950","71662998","chr1","40803029","40803077","13","30859921","AGTCTGAGCAAGAGTGAGACCCTGTATTTACTAAAAATAGAAAAATTAG","AGCCTGAGCAATATAGTGAGAACTTCTCTCTACAAAAATTAAAAAATTA"
"GL873520","71712370","71712500","chr3","132031399","132031533","29","60319029","CCAGGCATGGTGGCTCATACCTATAATCCTAGCACTCTGGATCTCCAAGGTAGGTGGATTGCTTGAGCTCACAAGTTCGAAACCAGCCTGAGCCAGAGCGAGACCCTGTCTCTATTAAAAATAGAAAAACT","GGCCAGGCATGGTGGTTCATGCCTATAATCTCAGCACTTCAGGAGGCCAAGGCAGGTGGATCACTTGAGCCCAGGAGTTCGAGACCAGCCTGAGCAACACGGCAAAACCCCGTCTCTACAAAAAATACAAAAATT"
"GL873520","71712775","71712792","chr1","131951482","131951496","4","60238707","TAAAAATATAAAAACTAT","AAAAAATAAAAATAA"
"GL873520","71713073","71713252","chr5","39633857","39634030","47","32079216","AGATAATAGAAAAACTAGCTGGGCATTATGGCGGGCACCTATAGTCCCAGCTACTCAGGAGGCTAAGGCAGGAGGATCACTTGAGCCCAAGAGTTTGAAATTGCTAGGAGCTATGATGCTATGGGACTCTACCCAGGGCGAAACAGTAAAATTATGTCTCAAAAAACAAAAATTAAAAAA","AAAAAATACAAAAATTAGGTGGGTGTGGTGGCAGGCACCTGTAGTTCCAGCTACTTGGGAGGCTGAGGCAGGAGGATCACTTGAGCCTGGGAGGTCAAGGCTGCAGTGAGGTGGAGCATTGTAATCTAGCCTGTGTGACAGAGTAAGAGCCTGTCTCAAAAAACAAAAATAAAA"
"GL873520","71715674","71715793","chr1","134480867","134480991","30","62765193","GGCTGATACCTGTAATCCTAACACTCTGGGAAGCAAAGGCAGGATTCCTTAAGGTTAGGAGTTCAAGAACAGCCTGAGCAAGAGTAAGCCCCGTCTCTACTGAAAATAGAAAAATTAAGT","GTGGCTCATGCCTGTAATCCCAGCACTTTGGGAGGCCAAGGAGTGAGGATTGCTTAAGTCCAGGAGTTCAAGAACAGCCTGGGAAACATAGTAAGATCCTGTCTCTACAAAAAATAAAAAATTGT"
"GL873520","71716045","71716235","chr19","13448557","13448737","51","58267488","CAAAAAAAAAGAAAGAAAGAAAAAGAAAAATTAGCTGGGCATTGTGGCAGGCATCAACAATCCCAGCTACTTGGGAGACTGAGGCAGGAGGATCTTTTGAGTCCAGGAATTTGAGATTGCTGTAAGCTAGGCTGATGCCACAGCACTCTAGCCTAGGCATCAGAGAGAGACTCTATCTCAAAAAGACAAAA","AAAAAAAAAAAAAAAGGTTTTATTAGCCAGGCATTGTGGTACACACCTATAGTCCCAGCTACTCAGGAGGCTGAGGCAGGAGGATTGCTTGAGCCCAGGAGGTTGAGGCTGCAGTGAGCTATTTTCACACCACTGCACCCCAGCCCAGGCAACAGAGTGAGACTGTTTCTAAAAATAAAAA"
"GL873520","71721242","71721360","chr1","32371726","32371849","31","39349516","GGATCAAGCCTGTAATCTCAGCATTCTGGGAGACTGAGGCAGGGGATCTCCTGAGCCCATGAGTTTGAGACCAGCTCTGAGCTAAAGGGAGACCCTGTCCCTAAAAAAACAGCTGCTGG","GTGACTTATGCCTGTAATCTCAGCACTTTGGCAGGCTGAGGAGGGTGAATCCCTTGAGCCCAAGAGTTTGAGACCAGCCTGGGCAACATAGGGAGACCCTGTCTCTGTACAAAATACAAAAATT"
"GL873520","71721650","71721811","chr4","75562087","75562252","42","3840437","CAGCTGGGCGACAACGCAGGCACCTATAGTCCTAGCTACTCAGGAGGCTGAGACAAGAGAATTGCTTCAGCCCAAGAGTTTGAGGTTGCTGTGAGCTATGACGCCATCCCAGCACTCTACAGGAGGTGACAAAATGAGACTCTCTCAAAAAAAAAAAAGAAA","TTAGCTGGGTGTGGTGGCATGCACCTGTAGTCCCAGCTACTTAGGAGGCTGAGGCAAGAGGATCACTTTAGCCCAGGAGGTGGAGGTTGCAGTGAGCTGAAATCATACCACTGCACTCCAGCCAGGGTGACAGAGTGAGACCTTGTCTCAAAAATAAATAAATAAA"
"GL873520","71738069","71738113","chr19","42973848","42973891","12","28764221","CCAGAGCAACAAAGTTAAACTCTATGTCAAAAAAATAAAAAATAT","AGCCTGGGCAACAGAGTGAAACTCCATCTCAAAAAAAAAAAAGA"
"GL873520","71738384","71738456","chrUn_GL394842","4208","4284","23","71734176","TAAAATAAAATATAGTCAGGTATAACAGGGCATGTCTGTAATCCTAGCTACTTGAGAGGTTGAGGCTGGAGGA","TACAGATAGAGAAAAATAGCCAGCCACGATGGCTCATGCTTGTAATCCCAGCACTTGGGAGGTTGAGGCAGGCGGAT"
"GL873520","71738738","71738846","chr3","185862422","185862530","31","114123684","TGGGGCTGGAAGATTGATTGAACCCAGGAGGGTGAGGCTGCAGTGAGCTATGACTACACCACTGTACTCTATTCTGGGCAAGATCCTATTCTCTATAAATAAATAAAAA","CGAGGTGGGAAGATTGCTTGAGCCCAGGAGGTTGAGGTTCCAGTGAGCTATGATTACACAACTGCACTCCAGCCTGGTGGCAGAGTGAGACCCCGACTCAAGAAAAAAA"
"GL873520","71765107","71765191","chr19","13677223","13677304","25","58087884","TGGCTCAAATCTGTAATCCTAGCTTTCTGTGAGGCATAGGCAGGAGAGAGGATCCTTTGAGCTCAGTTCAAAACCAACCTGGGCA","TGGTTCACGTCTGTAATCCTAGCACTTTGGGAGGCCAAGGCAGGCAGATTGCTTGAGCTCAGGAGTTAGAGACCAGCCTGGG"
"GL873520","71765470","71765741","chr2A","43992291","43992526","94","27773179","CCAAAAAACAAAAAACAAAGACCAGCCTGGATATGAGCAAAACCCTACTCTACTAAAAATGAAAAATTTGTAGTGGACACTTGTAGTCCTAGCTACTTGGGAGGCTGAGGAAAGAGGATCGCTTCAGCCTAGGATTTGAGGTTGCTGCAACTTAGGCTGACACTATGGCACATTGCACGGCACATCCCCCATGGCACTCCAGCCTGGGAAACAAAGTGAGATTCTGTCCCACAAACAAACAAACAAACAAAAAAAAAAAAAAGAAAGAAAGA","CCAGGCTAGACAATATAACAAGACCCCATCTCTACAAAAATAATTTTAAAAATTAGCTGGATGTGGTGGCATGCACCTGTAGTCCCAGATATTTGGGAGGCTGAGGTGGGAGGATCGCTTGAGCCCAGGAGGTTGAGGCTACAGTGAGCCATGATCATGCCACTGCACTTCAGCCTGAGCAACAGAGAAAGACCCTGTCTCAAAACAAAACAAAACAAAAAAGAAAGAAAAGAAAA"
"GL873520","71859434","71859575","chr15","20896405","20896549","32","50963029","CCAGGCACGGTGGCTCACAGTGTAATCTTAGCATTCTGGGAGACCAATACGGGAGGATCCCTTGAGCTCAGAAGTTTGAGACCAGCCTGAGCAAGACCAAGACCCCCATCTTTACTAAAAATAGAAAAATTAGCCAGGCGGG","GCCAGGTGCAGTGGCTCACGCCTATAATCCCAGCACTTTGGGAAGCCAAGACGGGAAGATTGCTTGAGCCCAGGAGTTTGAGACCAGCCTGAGTGACATAGCAAGACCCCCATCTCTACTAAAAATTTAAAAATTAGCCAAGCAT"
"GL873520","71859848","71860010","chr6","108647140","108647303","33","36787292","TTAGCCAGGCATTGTGGCTGGCACCTATAGTTCTAGCTACTTGGGAGGCTGAGGCAGGAGGATTGCTTGAACCCAGGAGTTTAAGGTAGCTTTGAGCTATATTCACGCTACAGCACTCTACCCAGGGCAACAAAGGGAGACTCTGTCTCAAAATAAAAAAAAA","ATTAGCCAGGTGTGGTGGCATGCACCTGTAGTCCTAGCTACTTGGGAGGCTGAGGCAGGAGGATTGCTTGAGCCCAGCACTTCGAGGTTATGGTGAGCTATGATCGCGCCACCACACTCCAGCATGGGCAACAGAGCAAGACTCTGTCTCAAAAAAAGAAAAAA"
"GL873520","71889809","71889896","chr4","102587702","102587786","18","30697893","GACCATGCATGGTGACTCATCACCTGTAATCCTAGCACTGTGGGAGGCAAAGGCAGAAGGACCACTTGACCTCAGGAGTTCGAGACTA","CCAGGCATGGTGGCTCATGCCTGTAATCTCAGCACTTTGGGAGGCCGAGGTAGGAGGATCACTTGAGCCCAGGAGTTCAAGACCA"
"GL873520","71906463","71906554","chr1","100475713","100475809","24","28569250","AGGCTAAGCTGGGAGGACTGATTGAGGCTAGGGGTTTGAGACCAGTTTGGACAACACAGCAAGACCTTGTCTCTATAAAAAATAGAAATTTA","GCCAAGGTAGGAGGATTGCTTGAGCTCAGGAGTTTGAGACCAGCCTGGGCAACACAGAAAGACCTTGTCTCTCTTAAAAATAAAAATAAAAAATATA"
"GL873520","71906841","71906992","chr12","112046931","112047085","37","40140090","ATTAATTAGCCAGACATGGTGGCATGCACTGTAGTCCCAGATGCATGGGACTGAAGCAGGAGGATCACTTAAGCCTAGGCATTCATTCAAAGTTGCAGTGAGCTACAATGGTGCCACTGCACTCTAGCCTGGCAGCAGAGTAAGACCCTATC","TAATAATTAGCTGGTCATGGTGACACGCACCTATAGTCCCAGCTACTAGGGAGGCTGAAGCAGAAGGACCGCTTGAGCCCAGGAGATCAAGGTTGCTGTGAGCTACGAATGCGCCACTGCACTCTAGCCTGGGCAACAGACCAAGACCCTGTCTC"
"GL873520","71931007","71931245","chr1","31981787","31981992","76","39949220","AGCCTGGACAACATAATGAGACACATACACACCCCCCACAATCTCTTCAGAAAATTTTTTAAAAGATTAGCCAGGCATAGGGGTGGCTGACCTAGGTGGTAGTGCTAGCTACTCACAAGGCTGAGGCAGGGGGATCACTTAAGCCCAGAAGTTTCAGGCTGAAGTGAGCCTCTACCCTGAACTACACAGGCCACTACATTCTCACCTGGGCAACAGAGTGAGACCCTGTTTTAAGAAAA","CAGCCTGGGCAACATGGCAAAACCCTCTCTCTACAAAAAAATATAAAAAATTATCCAGGCATAGGGGTGCATGCCTGTAGTCCCAGCTACCTGGGAGGCTGAGGCAGGAGGAACATTTGAGCCTGGGATTCAGAGGTTGCAGTGAGCCGAGAACACGCTATTACACTCCAGCCTGGGCGACAGAGAGAGACCCTGTCTCAAAAAAA"
"GL873520","71932480","71932573","chr8","83164751","83164843","25","11232271","GTAGCTTACTCCTCGAATCCTAGCACTGTGGGAGGCCCAAGCACTAGCATCCTTTGAGCTCAGGAGTTTGAGACCAGCCTGAGCAAGAAGGTGA","GGTGGCTCATGCCTGTAATCCAAGCACTTAGGGAGGCAGAAGCAGGAGGATCACTTGAGCCCAGCAGTTTGAGACTAGCCTGGGCAAGATAGT"
"GL873520","71942126","71942402","chr1","45387048","45387332","80","26555078","TGCCTCACGCCTGTAATCCTAGCATTCTGTGAGGCCAAGTCAAGTGGATTGCTTGAGCTCACAAGTTCCAGACCAGCTTGAGTGAGAGCAAGACCCTGTCTCTAAAAAATAGCCAGGCGTTGTGGCAGGCACCTGTAGTCCTAGCTACTTGGGAGGCTTAGGCAGAAGGATCGCTTGAGCCCAAGTATTTGAGGTTTCTGTGAGCTATCACACCATGGTACTCTTCCAAATATGACAGAGAGAAATTCTATCTCAGATAAATAAATAAATAAATAAA","GCATGGTGGCTCACACCTGTAATCCTAGCATTTTGGGAGGCCAAGGTGGGTGGATTACTTGAGTTCAGGAGTTCAAGACCAGCCTGGGCAACATGGCAAAACCCTGTCTCTACAAAATATTAGCCAGGTGTGGTCAGTCGCCTGTAATCCCAGCTACTTGGGGGCTGAGGCAGTAGGATCACTTGATCCCAGGAGATAGAGGCTGCAGTGAGTCAAGATCACACCACTGCACTGCAATCTGGGTGACAAAGTGAGACCCTGTTTCATTAAAAAAAAAAAAAAAAA"
"GL873520","71967300","71967397","chr12","110843818","110843910","27","38876518","GAGAGAGAATTTGAGGTTGCTGTGAGCTATGATGCCACAGTATTCTACTCAGGGCAACAGAGTAAGTGAGACTCTGTCTCAATAAATAAATAAATAAA","CGAGAGGTCGAGGCTGCTGTGAGCCATGATCGCACCACTGCACTCCAGCCTGGGCGACAGAGTTGAGACCCTGTCTCAAAAAAGAAAAAAAAA"
"GL873520","71967680","71967795","chr16","29587398","29587507","36","42380282","AAAAGAAAAGAAAAAAATAGAGAAAATAGCCAGCCGTTGTGGTGGGCACCTGTTATCCCAGCTACTTGAGAGGCTGAGGTAAGAGGATCTCATGAGTCTAAGAATTTGAGGTTGCT","AGAAAGAAGAAAAGAAAATTAGCCAGGTGTGGTTGCATGCACCTGTAGTCCCAGCACTTTGGGAGGCCAAGGCAGGAGGATCAATCAAGGCTAGGAGTTTGAGACTGCAG"
"GL873520","71968030","71968159","chr12","60741612","60741746","25","11226418","GCCAGGCATGGTGGTTCATACCTATAATTCTGGCACTCTGGAATGCTAAGGCAGGTGGATTGTTTGAGCCCAGGAGCTGGAGACCAGCCAGAGCAAGAGCAAGACCCCTCTACCAAAAATAGAAAAACTA","GGCCAGGCATGGTGGTTCATACCTGTAATCCAAGCACTATGGGATGCTGAGGCAGGAGGATCATTTGAACCCAGGAGCTTGAGACCAGCCTGGGCAACATGGCAAGACCCCGTCTCTACAAAAAATACAAAAATT"
"GL873520","71978122","71978223","chr16","14747892","14747988","28","57230230","CCTCTGAGCCCAAGAGCTGAAGGTTGCTGCTAGGGTAACACCATGACAGTCTAGCTTGGGGCAACAGAGTAAAATTCTGTCTCAAAAAAAAAGAAGAAAAAA","CCCAGGAGGTCGAGGCTGCAGTGAGCTGAGATCACACCACTACACTCCAGCCTAGGCAACAGAGTAAGACCCTGTCTCAAAAAAAAAAAAAAAAAAA"
"GL873520","71978477","71978693","chr14","57676777","57676992","58","14301700","GTTGGACGCAGTGGCTCACCCTTTTAGTCCTAGCACTATGGGAAGCCAGATAGGATGATCCCTTGAGCTCAGGAGTTCGAGATTAGCCTGTGCAAGAGCAAGACCCCGTCTCTACTAAAAAATAAAAAAAATTAGCTGGAGGTCATGGTAGGTGCCTGTAATCCAGCTGCTTGGTAGGCTGAGGCAGTAGGATCACTTTAGCCCAAGAGTTTTTCTG","GCCAGGCATGTTGGCTCATACCTGTAAAGCCAGCACTTTGGGAGGCCAAATCAGGAGGATCACTTGAGCCCAGGGGTTCAAGACCAGCCTGAGCAACATAGTCCAACCTCATCTCTACTAAAAATAAAAAATAGTAGCCAGGCGTGGTGGCATGCCTGTAGTCCCACCTACTTGGAAGGCTGAGGCAGGAGGATCACTTGAGCCCAGGAGATCTAG"
"GL873520","71986255","71986513","chr15","72672161","72672426","72","685906","GCCAGGCACAGTAGCTCATGCCTGTAATCCCAGCACTCTGAGAGGCCAAGGCCGGCAGATAGCATGAGCTTACAAGTTTGAGACCAGCTCTGAGCAAGAATGAGACCCTGTCTCTAAAAATAGCCAGGTGTTGTGGTGGGCGTCTATAGTCCCAGCTACTCAGGAGGCTAAGGCAAGAGAATAGTTTGAGCCTAAGAGTTTGAGGGTGCTGTGAGCTATGAGGTCACCGCACTCTATTGGAGGCAGCAAAGCGAGACTC","GACCAGGTGCAGTGGATCCTGCCTGTAATCCCAGCACTTTGGGAGGCTGAGGTGGGCAGATTACTTGAACCCAGAAGTTTGAGACCAGCCTGGGCAACATGGCAAAACCCTGTCTCTACAACAAATTAGCCAGGTGTGGTGGTGCCCACCTGTGGTCCCAGCTACTCGGGAGGCTGAGGTGGGAGGATCACTTGAGCCTAAGAGGTCAAGGCTGCAGTGAGCTGTGATCACACCACTGCATTCCAGCCTGTGCCACAGAGGAAGAC"
"GL873520","71986546","71986558","chr6","96888780","96888792","1","24902234","TAAAAAAATAAAA","GAAAAAAATAAAA"
"GL873520","71995816","71995902","chr6","152887479","152887553","24","80891663","GTAATCCTAGCACTCTGGGAGACTGAGGGAGGAAGATCTCTTGAGCTCAGGCTCAGGAGTTCGAGACCAGCTTGAGCAAGTAGTGAA","GTAGTCCTAGCTACTCGAGGGCTGAGGCAGGAAGATTGCTTGAGCCCTGAAGTTCAAGACCAGCCTGAGCAGCAT"
"GL873520","72046628","72046682","chr10","43406320","43406376","19","28640308","TTGGGAAACTGAGGCAGGAGAATCACTTGAGTTTGAGGTGAAAGTGAGCTGTGAT","TACTGGAAGGCTGAGGTGGGAGGATCACTTGAGCTGCGGAGGTCAAGGCTGTGATGA"
"GL873520","72046958","72047043","chr1","176948461","176948538","19","104901503","GTGAGCTGAGATGATGCCAACTGCACTCTAGCTGGGGTGATAGAGCCAGACCTTATCTCAAAAACAAAAAAAGAAGAAAAGAAAAA","GTGAGCTGAGATCACGCCACTGCATTTCAGCCTGGGTGTCAGAGTGAGACCTTATCTCAAAAAAAAAAAAAAAAAGAA"
"GL873520","72064016","72064255","chr4","161990747","161990980","74","89926731","AAAGCAGGATTTCTTAAGTTCAAGAGTTTGAGAACAGCATGAGCAAGAGCAAGACCCCCATCTCTACTAGAAATAAAAAAAGTTAATCAGGTCTTGTGGCAGGTGCCTTTAGTCCCACCTACTCTCAAAAGGTTGAGGCAGGAGTATCACTTGAACCCAGGAGTTTGAGGTTGCTGTAAGCTAGGTTGCTGTGAGCTGGGCAACAGGAGGAGGCTGTCTCCAAAAAAAAAAAAAAAAAAA","GGATTGCTTGAGCCCAGGAACTCGAGACCAGACTGAGCAACATGGCAAAACCCATCTCTACAAAAAATACAAAAATTAGCTGGCGTGGTGGCACATGCCTCTAGTCCCAACTACTCAAGAGGCTGAGGTGGGAGGATCACTTGAGCCCGGGAGGCGGAGGTTGCAGTGAGCAGAGATCATGCCACTGAATTACTCACTCCAGAGTGAGACTCTGTCAAAAAAAAAAAAAAAAAA"
"GL873520","72064350","72064426","chr11","47919834","47919912","18","24144516","GGCAGGGCATAGTGGCTCATGCCTGTAATTCCAGCACTCTGGGAAGCCAAAGCAGGAGGATTTCTTTCTTTTTTTTT","GGCTGGGCACAGTGGCTCATGCCTGTAATCCCAGCACTTTGGGAGGCCAAGGCAGGAAGATCACTTAAACCCTAGAGTT"
"GL873520","72100882","72100981","chr17","73310455","73310554","19","1209573","GGTGGCTCACACCTGTAAACCCAGTACTCTAGGAGGCTAAGGCTGGTAGATCACTTGAGCTCAGGAGTTCAAGACCAGCCTGAGCAAGAATGAGACCCTA","GGTGGCTCACGCCTATAGCCCAGCACTTTGGGAGGCCAAGGCAGGAGGATCACCTGAGGTCAGGATTTTGAGACCAGCCTGAGCAAGATAGAGACACCTA"
"GL873520","72101237","72101434","chr8","99316510","99316708","53","27215273","TGAATGAGACCCTGTCTCTACTAAAAATAGAAAAACAAGCTGGGCGTCATGGCAGACACCTGTATTCCCAGCTACTCAGGAGGTTGAGGCAAGAGGATCACTTGAGCCCAAAGAGTTTGAAGTTGCTGTGAGTGATGATGATGCGATGGCACTCTACCCAGGGCAACAGAGTAAAACTTTGTTTCAAGAAAAAAAAAA","TGGCAAAACCTCGTCTCTACAAAAAACACAAAAAATTAGCTGGTGGTGGTGGCACGTGCTTGTATTCCCAGCTACTGGGGAGGTTGAGATGAGAGGATCACCTGAGCCCAAGAGGTCAAGGCTGCAGTGAGCTGTGATTATGCCACTGCACTCCAGCCTGGGCAACAGAGTGAGACCCTATATCAAAAAAAAAAAAGAA"
"GL873520","72195648","72195848","chrX","27492711","27492912","47","44702937","GGCCAGGTTCAGTGGCTCATGCCTGTAATTCTAGCACCCTGGGAGACCAAGGCAGGTGGATTGCTTAAGCTCAGGAGTTCGAGATCAACCTGAGGAAGAGCAAGACCTCGTCTCTACTAAAAATAGAAAAACTAGCCAGGTGTTGTGGCAGTTTCCTATAGTCCCAGCTACTTGGGAGACTGAGGCAAGAGAATCACTTGA","CCAGGCGTAGCCACTCACGCCTGTTATCCTAGCACTTTGGGAGGCTGAGACAGGTGGATTGCCTGAGCTCAGGAGTTCGAGACCAGCCTGGGAAACACGGTGAAACCCCTGTCTCTACAAAAATACAAAAAATTAGCCAGGTGTGGTGGTGTGTGTCTGTTGTCCCAGCTACTTGGGAGGCTGAGGCATAAGAATCGCTTGA"
"GL873520","72196102","72196199","chr4","104162392","104162491","27","31966290","GAGGATTACTTAAGCCTGAGAGTTTGAGGTTGCTGTGAGCTATAATGCCATAGTACTCTACCCAGGGCAACAGAATCTTATTCTGTCTCAAAACAAAA","GGAGGATCACTTGAGCCTGAAAGGTTGAGGCTGCAGTAAGCTTCATCACCCACTGCACTCCAGCCTGGGTGACAGAGTGAAACCCTGTCTCAAAACAAAA"
"GL873520","72206479","72206765","chr9","104142695","104142990","72","31936216","GGGTGTGGTGATGGCTCATGCCTATAATCCTCACACTTTGGGAGGCCGATGTGGGAAGATCACTTGAGCTCAGGACTTCAAGACCAGCTTGAGCAAGAATGAAACTCCATATCTGCTAAAACTAGAAAAATTAGCTGGGCATTGTTACATGTGCCTGTAGCATCCTAACCACTTAGGAGGCTGGGGCAAGAGGATGGCTTGAGCCCAGGAGCTGGAAGTTATACTCCAGTTACACTACACTCTAGCTAGGGAGACAGAACAAAACTCTGTCTCAAAAACAAACAAAA","GGCTGGGTGTGGTGGCTCATGCCTGTAATTCCAGCACTTTGAGAGGCTGAGGTGGGCAGATCACTTGAGCTCAGGAGTTCAAGACCAGCCTGGGCAACATGGCAAAACTCCATCTCTACAAAAAATACAAAAATTAGCAGGCATGGTGGTACATGCCTGCAGTCCCAGCTACTCGGGAGGCTGAGGTGGGAGGATTGCTTGAGTCTGGGAGGTGGAGGTTGCAGTGAGCCGAGATCCACTACTGCACTCCAGCCAGGGTGACAGAGCAAGACACTGTCTCAAAAATAAAAATAAAA"
"GL873520","72207778","72207917","chr14","74199793","74199926","35","1992015","TTAGCTGAGTGCTTTGTTGAGCACCTGTAGTCTCAGCTATTTGGGAGGCTGAGGCAAGAGGATAACTTGAGCCCGGGAGTTTGAGGTTGCTATGAGCTAGGCTGAGGCTGACACCATGGCACTCTACCCAGGGCAACAGA","TTAGCCAGGTATGGTGGTGCACACCTGTAGTCCCAGCTACTTGGGAGACTGAGGCAGGAGGATTGCTTGATCCCAGGAGTTGAGGCTGCTAAGAGCTATGATCATGTCACTGCACTCCAGCCTGGGCAACAGAG"
"GL873520","72208172","72208304","chr12","99234635","99234766","24","27026463","GGCCAGGCAGAGTGGCTCATGTCTGTAATCCTAGCACTCTGGGAGGTCAAGCCAGGAGGATCTCTTGAAGCTGGGAGTTCAAGACCAGCATAAGCAAGAAGACCACATCTCTACTAAAAATATAAAAATTAAG","GGCCAGGCATAGTGGCTCATTTCTGTAATTTCAGCATTTTGGGAGGCCAAGACAGGAGGATCACTTGAAGCTAGGAGTTCAAGACCAGCCTGGTCAACATAAGACCCCATTTCTACAAAAATTTAAAAATTA"
"GL873520","72272447","72272600","chr1","151076684","151076838","41","78804237","AAAAAAAAGACCAGGTGTGGTGGAATGCACCTGTGTAGTCCCAGCAACTTGGGAGGCTGACGCAGGTGTACTGCCCAGGAATTTGAGGTTTTAGTGAGCTATGATGACACACTGTACTCTAGCTCAGGCAACAGAGTGAGACCCTGTTTTAAAA","AATAAGCTGAGCATGGTGGTCCATGCCTCTAGTCCTAGCTACTCAGGAGGCTGAAGCAGGAGGACCACTTGAGCCCAGGAGTTTCAGGTTGCAGTGAGCTATGATTGTACCACTGCACTCCAGCCTAGGCAACAGAGTGAGACCCTGTCTCAAAA"
"GL873520","72272820","72272951","chr17","7314531","7314656","27","64958289","GGCCGGGCACAGTGGCTTACAAATGTAACCCTAGCACTTTGAGAAGCTGATATGGGAAGATCACTTGAGGCCAGGAGTTTGAGACCAGCCTGAGCAACTCTGCAAGACCCCATCTTTAAAAAAAAATTGGAT","GGCTGGGCACAGTGGCTCACGTCTGTAATCCTAGCACTTTGGGAGGCTGAGGTGGAAGGATCACTTGAGCCCAGGAGTTTGAGACCACCCTGACCAACACAGTGAAACCCCATCTCTAAAAAAAGT"
"GL873520","72285522","72285642","chr1","84693698","84693811","38","12408176","AAGACCCCATCTTTAAAAATAGCTGAGAGTTGTGGCTGGAGCCTGTAGTTCTAGTTACTTTGGCGGTTGAGGCAAGAGAATTACTTGAGCCCAAGAGTTTGAGGTTACTGTGAGCTATGAT","AATAATAATAAAAGCCTGTTGTGGTGGTGTACACCTGTAGTCCCAGCTACTTGGGAGGTTGAAGCAGGAGGATTGTGGAGTCCAAGAGTTCAAGATTACGGTGAGCTATGATTG"
"GL873520","72285915","72286025","chr8","6607482","6607593","29","65678433","GCTGATCGAGGTGGCTCACGCCTATAATCCTAGCACTCCGGAAGGCTGAGGTAGGTGGGTGGACTGTCCTCACAGGTTGGAGACCAGCCTGAGCAAGACCGAGACCCCATC","GCTGGGCAAAGTGGCTAACACCTGTAATCCCAGCACTTTGGGAGGCTGAGGTAGTTGGAATGCTTAAGCCCAGGAGTTTGAGACCAGCCTGGGCAACATAGGAGACCCCATC"
"GL873520","72316870","72316922","chr1","33202560","33202612","8","39114310","AGAACAGCCTGGGAAACATAGTGAGACCTTATCTCTACAAAAAATTAGAAAAA","ACCAGCCTGGGCAACATAGTGAGACCTCATCTCTACAAAAAATTAAAAAATTA"
"GL873520","72317017","72317185","chr11","19120205","19120379","51","53196812","AATTAGAAAAATTAGCCGGGTACAGAGGTGCTGTGAAATGAACTTTATCAGGGGGTTCAAACTGTGTCCCATAGAACCCAGGAATTGAAGACTGCAGTGAGCTATGATCATGCCACTGCCCTCCAGCCTGAGTGACAGAGTGATACCCTATCTCAAAAAAGGAAAGGAA","GAGTAAAAGAATTAGTTGGGCATGGTGGCATATGCCTGTAGTCCTAGCTACTCAGGAGGTGGAGGCAGGAGGATGGCTTAAGCCCAGGAGGTCAAGGCTGCAGTGAGCTATGATCATGCCACTGCGCTGCAGCCTGAGTGACAGAGTGAGACCCTACCTCAAAACAAAAAAAGAA"
"GL873520","72365043","72365317","chr11","57816849","57817130","71","14548194","GCCTGGCATGGTCGCTCACACCTGTAATTTTAGCACTCTGTGAGGATGAGGAGGATAGATTGCTTGAGCTCAGGAGTTCCAGACCAGCCTGAACAAGAGAGCCACCCCAACTCTAAAAATAGCCAGGCATTGTGGCGAGCACCCATAGTCCCAGCTACTCAAGAGGCTGAGGCCAGAGAATCACTTGAGCCCAGGAGTTTGAGGTTGCTGTTGAGTTGTGATGCCACGGCACTCTAGCAAGGGTGACAAAGTGAGACTTTTATCTTAAAACAACA","GGCCAGGCACAGTGGCTCACACCTGTAATCCTAGCACTTTGGGAGGCCAAGGCAGGTGGATTGCTTGAGCCCAGGAGTTTGAGACCAGCCTGGGCAACATGGCAAAACCTCATCTCTACAAAAATTAGCCAGACATGGTGGTGGGTGCCTGTAGTCCCAGCTACTCAGGAGGCTGAGGTAGGAGGATCATCTGAGCCCAGGAGGTCGAGACTGCAGTGAGCCATGATCATGCCACTGCACTCCAGCCTGAGTGACAGAGTGAGATCCTGTCTCAAACAAAAA"
"GL873520","72365603","72365622","chr8","92800630","92800648","3","20435027","GAAAAACAACAACAACAAAA","AAAGACAACAACAAAAAAA"
"GL873520","72523042","72523246","chr6","13732200","13732409","55","58790842","GGCTGAGAGCAGTGGCTCACACCTGTAATCCCAGCACTCTGGAAGGCCCGAGGCAGGTGGATTGCCTGAGCTCAGTTAGAGACCAACCTGAACAAGAGAGAGACCTGGCCTCTAAAAAAATGAAAAATAGCCAGGTGTTGTGGTGGACGCCTATAATCCTAGCTACTCAGGGGACTGAAGCAAGAGAATTGCTTGAGTCCAGGAG","GGCCGGGCGCGGTGGCTCACACTTGTAATCCCAGCACTTTGGGAGGCTGAGGCGGGCGGATCATGAGTTCAAGAGATTGAGACCATCCTGCTAACACGGTGAAACCCCGTCTCTACTAAAAATACAAAAAAGTAGCTGGGCCTGGTGGCGGGCGCCTGTAGTCCCAGCTACTCAGGAGGCTGAGGCAGGAGAATCACTTGAACGCAGGAG"
"GL873520","72523515","72523623","chrX","6615952","6616053","29","65907563","AGCCCAGGAGTCTTGAGGTTGCTGTGAGCTATGATGATGCCACAGTACTCTACCAGGGTGACAAAGTAAGATTCTGCCTCAAATAAATAAATAAATCAGAAAGAAATAA","AGCCCAGGGAGGTCGAGGTTGCAGTGAGCCATGATCTTGCCATTGCACTTCAGCCCGGGTGACAAAGTAAGACCTTGTCTTAAAATAAATAAATAAATAAAA"
"GL873520","72537231","72537318","chr11","47859603","47859693","21","24677628","GCACAGTAGCTCACACCTGTAATCCTAGTACTCTGGAAGACTAATGCGGGTGTATCGCCTGAGCTCAGGAGTTCAAGACCAGCCTGAG","GGGCACGGTAGCTCACACATGTAATCCTAGCACTTTGGGAGGCCAAGGCGGGCAGATTACCTGAGGTTGGGAGTTCAAGACCAGCCTGGCC"
"GL873520","72537595","72537788","chr19","6241772","6241964","53","66295823","GACCAGCCTGAGCCAGAGCAAGATGCAGTCTCAACTAAAAAAAATTAGAAAACTAGCTGGGCAGCATTGTGGGCACCTGCAGTCCCAGCTACTCAGGGGGCTGAGGCAAGAGGATCCCTTAAACCCAGGAGTTTGAGGTTGCTGTGAGTTATGACACCATGGCACTCTACCCAGGGCGACAGCGGAAGACTCTG","ACCAGCCTGGACAACATAGTGAGACCGCCATCTCTAAAAAATATGAAAATTAGCCGGGGATGGTGGTGCATGTGTAGTCCCAACTACTCAGAAGGCTGAGGCAGGAGGATTGCTTAAGCCAAGGAGGTTGAGGCTGCCATGAGCCATGAACGCACCATTGCACTCCAGCCTTGGGTGACAGAGCAAGACCCTG"
"GL873520","72565866","72566023","chr9","6760251","6760419","46","65805615","TTAGTCAATTATTGTGGTAGACAATTGAAGTCCCAGCTACTTGGGAAGCCAACAAAATCGCTTGAGCCCAAGAGTTGGAGGTTGCTGTGAGCTGTGATGCTAAAGCACTCTAACCATGGTGACAGCCCGAGAATATCTCAAAAAAAAAAAAAAAAAAA","TTAGCCAGGAATGGTGGCACACACCTGTAGTCCCAGTTACTCAGGAGGCTGAGGCACGAAAACCGCTTGAACCTTGGAGGGGGAGGTTGCAGTGAGCTGAGATCAAACCACTGCACTCTAGCCTGGGTGACAGAGTGAGATTCTGTCTCAAAAAAAAAAAAAAAAAAAA"
"GL873520","72566306","72566440","chr14","19228345","19228477","30","53337961","GACTGAGTGTGTTGGCTCACTCCTGTAATCCTAGCACTCTGGGAGGCTGACGGGGAAGGATTATGTAAACTCAGGAGTTTGAGACCAGCCTGAGCAAGAGCGAGACACCTGTCTCTGATAAAAATAGAAAAAAAA","GGCTGGGTGTGGTAGCTTACACCTGTAATCCTAGCACTTTGAGAGGCCGAGGCAGGAGGATCACTTGAGCTCAGGAGTTTGAGACCAGCCTAGGCAACATGGTGAGACCTTGTCTCTACAAAAAAAAAAAAAA"
"GL873520","72588707","72588908","chr6","84591535","84591736","52","12002828","GGCCAGGTGGTGAGTCATACTTGTTTATCCTAGGCACTCTGGGAGGCTGAAGCGAGAGGATCCCTTGAGCTCAGGAGTTTCAGACCAGCCTGAGCAAAAGTGAGATGCTGTCTCTACTAAAAATAGAAAAATGAGCCAGGCATTGTGGCTGACCCCTGTAGTCCCAGCTACTCAGGAGGTTGAGTCAAGAAAATCTCTTGAG","GGCTGGGAGCGGTAGTTCATGCCTGTAATCCCAGCACTTTGGGAGGCTGAGGAGGGTGGATCACTTGAGCTCAGGAGTTTGAGACCAGCCTGAGCAACATGATGAAACCCTGTCTCTACAAAAAATACAAAAATTAGCAGGGCGTGGTGGCATGTGCCTGTAGTCCCAGCTACTTAGGTGGCTGAGGTGGGTCACTTGGGCC"
"GL873520","72589148","72589260","chr16","30992766","30992877","30","41596382","GAAAATCTCTTGAGTCCAAGAATTTGAGGTTGCTTTGAGCTTTGATGCCAGGGCACACTACCCAGGGCAACAGAGTGAGACTATCTAAAAAAAAAAAGAAAGAAAGAAAGAAA","TGAAGGATCTCTTGAGCCCAGGAGTTTGAGGCTGCAGTGAGCTGTGATTGCACCACTGTACTCCAGCCTGGGCAACAGAGTGCTGTCTCAATAAAAAAAAAAAAAAAAAGAA"
"GL873520","72589501","72589748","chr21","19031879","19032139","72","53557622","AGAGAGAGAGAGAAAATCCCTTGAGTTTAGGTGTTTTGAGACCATCCTGAGCAAGAGCAAGACCCCATCTCTACTAAAAATAGAAAAATTAGCTGGGCATTGGGGCACATGCCTGTAGTCCCAGCTATTCATGGGATTGAGGCAAGAGGATCGCTTGATCCCAGTAGTTAGAGGTTTCTTTGAGCTGTGATGATTCCACTGCACTCTAGTCTGGAGCGCTCAAGAAGTAAGAAAGAAAGAAATGAAAA","TGGGAGGCTGAGGCTGGCAGATCACTTGAGTGCAGGAGTTTGAGACCAGTCTGGGCAACATGGTGAAACCCCATCTCCATAAAAAAATACAAAAATTGGCTGGGCATGGTGGCACACACCTGTGGTCCCAGCTATGTGGGAGACTGAGGCAAGAGGATCGCTTGAGCCCAGGAGGTCGAGGCTACAGTGAGCTGTGATTGTACCACTGCACTCCAACCTGGGCCCTGTCTCCAAAAAAAAAAAAAAAAAAAAAAAAAAGAA"
"GL873520","72589838","72589899","chr12","82211329","82211392","14","9621491","GGCACAGTGGTTCACCCTGTAATCTTAACACTCTGGGAGGCTAAGGCAAGAGAATCCCTTGA","GGCTGAGTGGTGCATGCCTGTAATCCCAACACTTTGGGAGGCTGAGGCAGGATAATCACTTAAG"
"GL873520","72601213","72601289","chr8","129850906","129850982","21","57249693","TGGCCAAGCATTGTGGCGGGCACCTATAGTCCCACCTACTTGGGACATTAAGGCAAGAGAATCACTGGAGCCCAAGA","GCCAAGAGCAGTGGCTCGCACCTATAATCCCAACAATTTGGGATGCCAAAGCAAGAGGATCACTTGAGCCCGAAGAG"
"GL873520","72601537","72601665","chrX","47965157","47965279","31","24636380","GACCAGGCACGGTGGTTCGTACCTGTAATCCTAGCACTTTGGGAGGCCACAGGGGTGGATTGTCTGAGCTCACAGTTCAAGACCAGCCTGAGCCAGAGTGAGACCTCATCTCTAAAAATGGCTGAGCAT","GGCCAGGCACGGTGGTTCGCACCTGTAATCCCAACACTTTGGGAGGCCAAAGCGGGAGGATTGTTTGAGGCCAGGAGTTCAAGACCAGCCTGGGCAACATGGTGAAACCCCATGTCTACAAAA"
"GL873520","72672495","72672621","chr16","28131355","28131479","25","44541140","GGCCAGGCATGATGGCTCAAACCTGTAATTCTAGCATTCTGGGAGGCCAAGGCAGGAGGATTACTTGAGTCCAGGAGTTTAAGATTAGATTGGGCAACAGAGAGAAACCCTACCTCTATTTAAAAAA","GGCCAGGCGTGGTGGCTCACACCTGTAATCCCAGCACTTTGGGAGGCTGAGGCAGGAGGATCACTTGAGCCCAGGAGTTTCAGAGCAGCCTGGGCAACATGGTGAGACCCTGTCTCCATTAAAAA"
"GL873520","72698154","72698197","chr11","61598286","61598326","10","11099868","GGGAGGAATCCCTGGAGCTCAGGAGTTCAAGACTAGCTTGAGCT","GGGAGGATCTCTTGAGCCCAGGAGTTCAAGACCAGTCTGGG"
"GL873520","72698470","72698682","chr3","68572234","68572433","69","4126236","CCAGCTTGAGAAAGACAACCCTACCTAACCCCACCTCTGTCTCTACTAAAAATAGAGAAAAAAATTAGTGGGTATTGTGGTTGGCACCTGCTAGTCCCAGCAACTCTGGAGACTGACTGAGGCAAGAGGATCACTTGAACTCAAGAGTGTGAGATTGCTGTGATCTAATCTGACGTCATGGCACCCTATCCTGGGCAGACTGAGACTTTGTCT","CCAGCCTGGGCAACGTGGCAAAACCTCGTCTTTACTAAAAATACAAAAAAATAGCTGGGTATGATGGTGAGCACCTGTGGTCCCAGCTACTCGGGAGGCTGAGGTGGGAGGATCACTTGAGTCAGGAGGTCAAGGCTGCAGTGAGCCGAGATTGCACCACTGCACTCCAGCCTGGAGGACAGAGTAAGACCCTGTCTCAA"
"GL873520","72749150","72749265","chr16","19352384","19352496","35","53396766","TTAATTAATTAAAAAGAAGATTGCTTGAGCCTAAGAGTTTGAGGTTGCTGTGAGCTATGAGCCCATAGCATTCTACCTAGGGCAACAGAGAGAGACTCTGTCTCAAAGAAAAAAAA","TAAGGCAGGAAGATTGCCTGAGCTCAGGAGGTTGAGGCTGCAGTGAGCCATGATCATGCCACTGCACTCCAGCCTGAGCAACAGAGTGAGACCCTGTCTCAAAAATAAATAAA"
"GL873520","72749541","72749737","chr15","41382188","41382391","53","31367353","GGCCCAGTGTGGTGGCTCACTCCTGTAATCCTAGCACTCTGGAAAGCCCAGGTGAGTGGATTGTCTGAGCTTAGAAGACCAGCCTGAACAAGAGTGAGACCCTATCTCTACTAGAAATAGAAAAACTAGCCGGGCATTGTGGCAGGTGCCTATAGTTCCAGCTACTCAGGAGGCTGAGGCAAGAAGATTGCTTGAGA","GGCCGGGTGTGGTGGCTCACACCTGTAATCCCAGGACTTTGGGAGGCCAAGGTAGGAGGATCGCTTGATCTCAGGAGACCAGCCTGGGCAACATGGCAAAATCCTGTCTCTACTAAAAATACAAAAATTAGCTGGGCATGGTGGTGTATGCCTGTGGTCCCAGCTACTTGGGAGGCAGAGGTAGAAGGATCGCTTGAGCCCGGG"
"GL873520","72785691","72785814","chr2A","26341169","26341295","35","46444522","GGCCAGGTGCAGAGACTTGTGCTTGTAGTCTCAGCTATTCGGGAGGTTGAGGCAAGAGGACTACTTAAGTGCCATAGACTAGCCTGAGAAAACATAGTGAAACCTTGCCTCATCTTTTACAAAA","GGCCAGGTGCGATGGCTCATGCCTGTAATCCCAGCACTTTGGGAGGTTGAGGCCAGTGGATCACTTAAGCGCTGAAGTTCAAGACCAGCCTGGGCAACATACTGAAACCCCCATCTTTTAAAAAAAT"
"GL873520","72786129","72786263","chr13","49733690","49733818","37","23052439","GGCTGGATGTGGTGGCTCATGCCTTTAATGCTAGCACTCTGGGAGATGGAGGCGGAGACAGGTCTGTTGTCTGAGCTCACAGGTTCAAGACCAGCCTCCGCAAAAGTGAGACCTGCCTCTAAAAATAGCCAGGCA","GGCTGGGTGTGGTGGCTCATGCCTGTAATTCCAGCACTTTGGGAGGTGGAGGTGGGATGATTGCCTGAGGGCTGGATTTCTAGACCTGCCTGGGCAACATAGTGAGACCCTGTCTATAAAAAAATCCAC"
"GL873520","72786538","72786681","chr20","48810763","48810904","42","23975775","GAAATAAAAATAGCCAGGCACTGTGGCAGACACCTGTAGTCCCAGCTACTCGGGGAGGCTGAGGAAAGAAAATTACTTAAGCCCTAAGAGGCTAAAGTTGCTGTGAGCTATGATGGTCATAGCACTCTTCCAGGGGCAACAAAG","AAAAAAAAAATTATCCAGGCATGGTGGCATGTGCCTGTAGTCCCAGCCACACAGGGGGCTGAGGCAGGAGGATTCCTTTAGCATAGGAATTCAAGGCTGCAGTGAGCTATGATTGCACACTGCACTACAGCCTGGGCAACAG"
"GL873520","72819561","72819869","chr3","139568018","139568337","77","66748457","GGTTGGGAGTGGTGTCTCATTCCTATAATCTCAGCACTTTGGGAGGCCAACGCTGGCAGATTGCCCAAGCTCAGGAGTTCAAGACCAGCCTGAGCTAGAGCGAGATCCTGTCTCTAAAATTAGCTGGGTGTTGTGGCAGGTGTCAGTAGTCCCAGCTATCAGGAGGCTGAGGCAAGAGAATCACTTGAGACCAAGAGTTTAAGGTTGCTGTGAGCTATGACACCACAGCACTCTATCAGGGGTGACAAAGTGAGACTCTGCCTCAAAAATAAATAAATAAATAAACAAAAAATAAAATAAAATAAAGAA","GGCTGGGTGTGGGGTTCACACCTATAATCTCAGCACTTTGGGCAGCTGAGCTGGGAGGACTGCTTAAGGCCAGGAGTTTATGACCAGCCTGGGCAACAGAGTGAGATCCAGTCTCTATAAAAATTAGCCAGGTGTGGTGGTGCCTGCCTGTAGTCCCAGCTACTTAGGAGGCTGAGGTAGGATTATCACTTGAGCCCAAGAGTTTGGGGCTGCAGTGAGCTATGATTGGGTCTCTGCACACTAGCCTGGGCAAAAAAGTGACATTCTGTCTCAAAAAAATAAATAAATAAATAAATAAAAATAAAGAACAACAAGAAAAA"
"GL873520","72830940","72831132","chrX","40886735","40886926","48","31944205","CCTCCATCTCTTCAATAATAGAAAAATTAGCTGGACATGGTTCCATGCATCAATAGTCCCAACTACTCAGGAGGCTGAGGCAAGAGGATTTCTTGAGCCTAGGATGTTAGAGACTTTAATGAGCTATGACAACACCACTATACTCCTGCCCAAGCAACAGAGCAAGACCCTGTTTCAATAAAAAAAAATAAAA","AATTTCATCTCTTAAAAAATACAAAAATTAGCTGGGGGTAGTGGTGCACAGCTGTAGTCCCAACTACTCGGGAGGTTGACGCAGGAGGATCACTTGAGCCTGGGAAGTTGAGGCTATAGTGAGCTGTGATGGCACCACTGTACTCCAGCCTGGGTGACAGAGTGAGACCTTGTCTCAAAAAAAAAAAAAAAA"
"GL873520","72831154","72831250","chr5","13406563","13406658","20","59424591","GGCCTGGGCACAGCAGCTTATGCCTATAATCCTAGAACTTTGGGAGACCAAGGCAGGAGGACTGCTTGAGGCCAGGAGTTGAAGACCATCCTGAACA","GGTTGGACACAGTGGCTCATGCCTATAATTCCAGCATTTTGGGAGGCCAAGGCAAGGGGATCACTTGAAGCCAGGAGTTCAAGACCAGCCTGAGCA"
"GL873520","72846280","72846400","chr22","36757324","36757446","28","36088956","GTAGTCCTAGCACTTTGGAAGGCTGAGATGGTAAGACTGCTTGAGGCTAGGAGTTCAAGACCTGCCTGGGCAATATAGTGAGACCTCACTTCTAAAATATATATATATATAGTAAAAAAAA","GTGATCCTAGCACTTTGGGAGGCCCAGATGGGAGGACTGCTTGAGGCCAGGAGTTCAAGACCAGCCTGGGCAACATAGTGAGACCTCATCTCTATAAAAAGAGTTAAAAAATTATCCAGGCAC"
"GL873520","72846688","72846865","chr11","71620673","71620849","48","1226015","TGGGTGTGATTAAATATTACCTGGGTGTGATAGGGCACTCTTGTAGTCTTATCTACCCAGGTGACTGAAGCAAGAGGATTGCCTGCGCCCAGCAGTTTAAGGATGTAGTGAGCTGTGGTTGAGCCATGGCACTCCAGCCTAGGTGACAGAGCTAGGCCCTCTCTTAAAAAGAAAAAAA","AAACTTTTTATTTTAATTAGCTGGACGTGGTGGTATGCACTTGTAGTCCCACTACTCAGGAGGCTGAGGCAGGAGGATTGCTTGAACCCAGGAGTTCAAGACTGCAGGAGCTATGATTGTGCCATTGCACTCCAGCCTGGCTGACAGAGTAAGACCCTTTCTCTTAAAAAAAAAAAA"
"GL873520","72852126","72852331","chr20","33705901","33706099","55","39146225","TGAGACCCAATCTCTATATAAATAGAAAAATCAGTCAGATGTGGTGGTGCATACCTATAGTCCCAGCTATTGGGGAGACTGAGGCAGGAGGATAGTGTGGGCCTCCTGCCCAAGAGTTTGAGGTTGCCATGAGCTATTATGACACCATTGCACTCTACGCAGGATGGCAGAGTGAGACCCTGTCTCAAAAGGAAAAAAAATGAAAA","TGAGACCCCGTTTCTACATAAAAATGCAAAAATTAGCCAGGTGTGGTTATGCATACCTGTAGTCCCAGCTACTCAGGAGGCTGAGGTGAGAGGATTGCTTGAGCCCTGGAGTTCAAGCCTGCAGTGAGACATGATTGCACCACTGCACTCCAGCCTGGGAGACATAGTGAGACCCTGTCTCAAAAAAAAAAAAAAAAAA"
"GL873520","72852609","72852699","chr9","110520976","110521068","28","37668367","GGCTAGGTATAGTGGCTTGTGCCCATAATCCTGGCATTCTAGCAGACTGAGGCAGGAGGATCAAGAAGAGCCAGAGCAAGAATGAGACCCA","GGCCTGGTGCAGTGGCTCATGCCTGTAATCCGAGCACTTTAGAAGGCTGAGGCAGGAGGATCACTTGAGCCCAGGAGTTCAAGATCAGCCTGG"
"GL873520","72856443","72856538","chr3","49642271","49642364","16","23214172","GGCGGGGTGCAGTGGCTCACACCTCTAATCCCAGCACTCTGGGAGGCCAAGGTGTGTGGATTGCCTGAGCTCACAGGTTCAAGACAAGCCTGAGAT","GACCGGGTGCAGTGGCTCACACCTGTAATCCTAGCACTTTGGGAGACCAAGGTGTGAGGATTGCCTGAGCCCATGAGTTAAAGACCAGCCTGGC"
"GL873520","72856786","72856975","chr8","38561134","38561339","60","34295652","CCAGCCTGAGCCAGAGTGAGACCTCATCTCTAAAAATAGCCAGGCTTTGTGCAGGCACCTGTAGTCCTCATTACTTGGGAGCCTGAGGCAAGAGAATTGCTTGAGCCCAAGAGTTTGAGGTTGTTGTGAGCTATAATGCCATAGCATTCTACCAAGGGTGACAAAATGAAACTCAAAAAAAAAAAAAGAA","CAGCCTGGGTAACGTGGTGAGACCACATCTCTAAAAAAATTAGCTGGGCTTGGCAGCACATACCTGTAGTCCCAGCTACTTGGGAGGCTGAGGCGGGAGCATCGCTTGAACCCAGGAGGTAGAGCCTGCAGTGAGCGAGACTGTATCTCTGCACTTCAGCCTGGGTGACAAAGTGAGACACCATCTTAAAAAAAAAGAAAGAAAGA"
"GL873520","72859692","72859855","chr3","189241423","189241586","42","116381731","AAATATCCAGACAGTGTTGCAGGTGCCTGCAGTCCCAGCTACTGGAGAGGCTGAAGCAAGAGGATCTTCTGAGCCCAAGAGTTTGAGGTTGCTGTGAGCTAGGACACCATGGCACTCTACCAAGAGTGACAACATGAGACACTGTCTCAAAAAAAAAAAACAAA","TTAGCCAGGCATGATGGTGCATGCCTATAGTCACAGCTATTTGGGAAGCTGAAGCAGGAGGATATCTTGAGCCCAGGAGTTTGAGGATTGCAGTGAGCTATGATCACACTACTGCACTCCAGCCTATGTGACAGAGTGAGACCCTGTCTCAAAAAAAAAAAGAA"
"GL873520","72860147","72860283","chr1","33670814","33670944","26","39189333","GGCCAGGCATGGAGTAGCTCATGCCTATAATCCTAACACTTTGGGAGGCTGAGGCAGGTGGATTGCTTGAGCTCAGGAGTTCAAGACCAGCCTGAGCAAGAGCAAGACCCCCTGTCTCTTAAAAAAATAGCCACTTG","GGCCGGGAGTGGTGGCTCACGCCTGTAATCCTAGCACTTTGGGAGGTTGAGGCAGGTGGATTGCTTGAGCTCAGGAGTTCAAGACCAGCCTGGGCAACATGGTGAAACCCTGTCTCTACAAAAAATACAAA"
"GL873520","72875827","72875962","chr1","152310097","152310225","34","79434270","GACTAGGTGCGGTGGCTTGCACCTTTAAATCCAGCATTCTGGGAGGCCGAGGCCATGGATTGCTTGGAGTCAGGAATTCAAGACAAGCCTGAGCAAGAGTGAGACCCTCATATCTCTACTAAAAACAGGAAAACTA","GGCCAGGCATGGTGGCTCACACCTGTAATCCCAGCACTCTGGGAGGCCGAGGCCAGCAGATTGAGTACAGGAGTTTGAGACCAGCCTGGGCAACAGTGAAACCTCGTCTCTACTAAAATACAAAAAATT"
"GL873520","72876242","72876423","chr12","66258613","66258792","47","6617629","TAAAAACAGAAAAACTTGCTGGCTATCATGGTGCATACTTGTAGTCCCAGTTACCTGGGAGGCTGAGGCAAGAGGATTGCTCAAGCCTAAGACTTTGAGGTTGCTGTGAGCTATGATGGTAGGCACTCTAGTCTGGGGCAATAAGAGTGAGACTCTGTCTCAAAAGAAAAAAAAATTAAAAA","AAAAAACAAAAATTAGCCAGGCATGGTGGTACATGCCTGTAGCCCCAGCTATTCTGGTGGCTGAGGCAGGAGGATTGCTTGAGCCCAGGAGGTTGAAGCTGCTGTGAGCCGTGATTGGACCACTGCACTCCAGCCTGGGGGACAGAGTGAAACTGTGTCTCAAAAAAAAAAAAAAAAAAA"
"GL873520","72909896","72909998","chr10","59492409","59492502","34","13417487","AAACAGGAGGATTCTTTGAGCCCAGGAGTTAAAGGCTGGCACTATTTATACTTCAGCCGGGACAAGAGAATGAGACCCTGTTTCTATTTTTAAGAAAGAAAAA","AGGCAGAAGGATCACTTGAGCCCAGGAGGTCGAGGCTGCAGTGAATTGTGATTGTGCCAGGCAACAGATACAGACCCTGTCTCAAAAGAAAAAA"
"GL873520","72910267","72910468","chr9","37771894","37772087","58","35138373","GGCTGGATATAGTGACCCATACTTGTATTCCCAGCAGTTTGGTGGAGAGGCTACAATGGGAAGATTGCTTGGGGCTGGAGTTTGAGACTAGTCTGAGAAACAAAGCAAGACCGTGTCTCTACAGAACATAAATAAAAAATTTGGCTGGGCATGGTGGTGTGCACTTGTAGTCTCGGCTACTAAGGAGGCAGAAACAGGAGGA","GGGCAGGTGTGGTGGCTCATGCCTGTAATCCCAGCACTGTGGGAGGCCGAGGCAGGAGGATCACTTGAGCCCAGGAGTTTGAGACCAGCCTGGGCAATATAGGGAGACACTGTCTCTACAAATAATTTAAAAATTAGCTGGCCATAGTGATGTACGCCTGTGGTCCCAGCTACTCAGGAGGCTGAAGCAGGAGG"
"GL873520","72910901","72910936","chr19","9990646","9990679","11","62920255","CACTTGAGCCCGAAAGTTCAAGGCTAGCCTGGACAA","CTTGAGCCCAGGAATTCGATGCCAGCCTAAGCAA"
"GL873520","72916757","72916848","chr15","37377465","37377541","32","35539292","AAAAAAGTTTGACGATGCTGTGAGTTATGCAGCAGTACTCTACCAAGGGCAACAAACAGACTGTCAAAAAAAAAAAAAAAAAGGGAAAAGAA","AAATAGCTATGATCATATCACTGTACTCCAGCCCAGGTGACAAAGAGACCCTGTCTCAAAAAAAAAAAAAAAAAAAA"
"GL873520","72916937","72917022","chr1","21836229","21836318","20","51080708","GCCAGGCATTGTGGCGGGCGCCTGTAGTCTCAGCTACTTGGGAAGCTGAGGCAAGAAGATCACTTTAACCCAAGAGTTTGAACTTG","GGCCAGGCATGGTGGCACGTGCCTGTAATCCCAGCACTTTGAGAGGCTGAGGCAGGAAGATCACTTGAGCCCAAGAGTTTGAGAACAGCC"
"GL873520","72917555","72917693","chr1","33670814","33670944","38","39246741","GCTGGGAGCAGTGTCTCACTCCTATAATCCTAGTACCCTGGGAGTCTGAGGCAGGTGGATTGCTTGAGCTCAGGAGTTCAAGACCAGCCTGAGCCAGAGCAAGACCCTGTCTCAAAAAAAGGCCGGGGGCGGGGGGGAA","GGCCGGGAGTGGTGGCTCACGCCTGTAATCCTAGCACTTTGGGAGGTTGAGGCAGGTGGATTGCTTGAGCTCAGGAGTTCAAGACCAGCCTGGGCAACATGGTGAAACCCTGTCTCTACAAAAAATACAAA"
"GL873520","72954173","72954287","chr1","149917067","149917179","26","76962894","GCTCGTGCCCATAATCCTAGCAGTCTGGGAGGCAAAGGCAGGTGGATTGCTTGAGCTCAGGAGTTCGACACCAGCCTGAGGCAGAGTGAGACCCTGTCTCTAAAAAAAGAAAACA","ATGCCTGTAATCCCAGCACTCTGGGAGGTCAAGGCAGGAGGATCCCTTGAGCTCAGGAGTTTGAGACCAGCCTAAGCAGGATAGTGAGACCCTCATCTCTACAAAAAAAAAAA"
"GL873520","72954546","72954724","chr1","184532449","184532625","43","111577903","GAACAATTAACTGGGTATCATGGCATACACCTATAGTCCCAGCTACTCAGGAGGCTGAGGCAGGAGGATTGGTTGAAACCAGGAGTTCGAGGTTGCTGTGATTTATTATTACGTTGCTGTGCTCTAACTGGGGCAACAGAGTAAGACTGTCTCCAAAAAAAAAAAAAAAAAGAAAGAAA","AATTAGCTGGGCATGGTGGCATGCACCTATAATCCCAGCTACTCAGGAGGCTGAGGTGGGAGGATCTCCTGAGTCCAGGAGTTCGAGGCTGCAAGTGAGCTATGATCGTGCCAGTGTTCTCCAGCCTGGGCAACAGAGTGAGACCTGGTCTCTAAAAAATAAAAAAATAAAAATAAA"
"GL873520","72959829","72959849","chr19","11811175","11811192","4","61148654","CAAAACTGTAAAAAAATAAAA","CACAATGAAAAAAATAAA"
"GL873520","72959944","72960241","chr17","24444892","24445190","94","48515052","GTGGCCCACACCTGTTAATCCCAGCAATTTCAGAGGCCCAAGTGGGAGGATTGCTTAAGACTGGGAGTTCAAGACTAGCCTGGACAAGATAGCCAGAGTCTGTCTCTGAAATTTTTTTTTTTTTTTTAGTTAGCTGGGTGTGGTGGCATGTGTATGTAGTTTTAACTGTTTGGAAGGCTGGTGGAGGAAGATAACTAAGTGCAGGACTTGCAGGTTGTGGTGAGCTATGATTGTATGTACCACTGTACTCCAGCCAATGCAACAGAGTAAGACCCCTATCTTTAAAAAAAAGGAGCGG","GGCTGGGCACAGTGGCTCATGCCTGTAATCTCAGCACTTTGGGAGGCCAAGACAGGAAGATCGCTTGAACCTAGGAGTTCAAGACCAGCCTGGGCAACATAGTGAGACAGTGTCTCTACAAATTTTTTTTTTTTTTTAATTAGCTGGGTATGGTAGTGCACACCTGTAGTCTCAGCTACTTGGGAGGCTGAGGCGGGAGGATCACCTGAGTGCGGGAGGTCAAGGCTGCAGTGAGCAGTGGTCATGCCACTGCACTCCAGTGTGGGCAACAGAGTGAGACCCTGTCTCAAAAAAAAAAA"
"GL873520","72987852","72988108","chr4","38339349","38339590","66","34648503","GAAATTCCGAGGTGGGACAACCTCTTGAGGCTAGGAGTTTGAGACCTGAGACCTACCTAGGCACCACAGCGAGACCCTATCTCCATAAAATATAAAAAAATCAGCTAGGCATGGTGGTGCACACCTATACTCCTAGCTACTTGGAAGGCTGAAGCAGGAGGATCACTTGAGCCAAGGAATTTGAGGTTGCAGTGAGCTATGATCACACCATAGCAAGCCTAGGCAACAGAATAAGACCCTGTCTCCAAATAAATAAA","GAAGTGAGTGGATGGCTTGAGCTCAGGAGTTTGAGACCAGACTGGGCAACATGGTGAAACCCCATCTCTACAAAAAATACAAAAATTAGCCAGGCGTGGTGGTTCGCACCTATAATGCCAGCTACTTGGGGGGCTGAGGCAGGAGGATAGCTTGAGCCCAGGAAGTGGAGGTTGCAGTGAGCTGAGATCACATCACTGCAGTCCAGCCTGGGTGATAGAGTGAGACCCTGTCTCAAAAAAAA"
"GL873520","72988368","72988403","chr8","123409770","123409807","13","50421402","GCCTATAATCCTAGCACTTTGAAATTCCGAGGTGAG","CTCATGCCTATAATCCTAGCACTTTGGGAGGCAGGCAG"
"GL873520","73061340","73061536","chr20","4833312","4833507","57","68228028","GGCTGGGCACAATGCCTGACCCATATAATCCTAGCACTCTGGGAGGCCAAGGCGGGGAGGGACAGGATTGCCTGAGCTCACAAGTTCAAGACCAGCCTGAGTCAGAGCAAGACCTCGTCTCTAAAATATAGCCAGGTGTTGTGGCCGGCACCTGTAGTCCCAGCTACTTGGGAGGTTGAGGCAAGAGAATCTCTTAA","GGCTGGGCCCAGTGGCTCACATTTGTAATCCCAGTACTTTGGGAGGACAAGGCAGGCGTATCACTTGAGCCCAGAAGTTCGAGACCAGCCTGGGTAACACAGCAAAACCCCGTCTCTACAAAAAATTAGCCAGGTGTGGTGGTGCATGCTTGTAGTCCCAGCTACCAGGCAAGCTGAAGAGGAAGCATCACCCTCA"
"GL873520","73061812","73061921","chr2B","206563725","206563834","29","133501913","GGAGAATCTCTTAAGCCCAAGAGTTTGAAGTTGCTGTAAGCTGTGATGCCACAACACTCTACCAAAGGAAACAAAGTGAGACTCTGGCTCAGAAAAACAAACAAACAAAA","GGAGTGTCACTTGAGCCTGGGAGTTTGAGGTTGCAGTGAGCTGTGATTGCATCATGCACTCCATCCTGGGCAAAAGAGTGAGACCCTGTCTCAAAAAAAAAAAAAAAAAA"
"GL873520","73083143","73083268","chr7","99782297","99782421","34","26699154","CAGTGGCTCACATCTGTAATCCCAGCACACTGGGAGGCTGAGGAGGGCGGATTGCCTGAGCTCACAGGTTTGAGTCCAGCCTGAGCAAGAGCAAGACCCCTGACTCTAAAAATAGCCAGGTGTGAA","GGTGGCTCACGACTGTAATTCCAGCACTTTAGGAGGCTGAGGCGGGAGGATTGCTCGAGGCCAGGAGTTCAAGACCAGCCTGAGCAACGTACCGAGACCCTGTCTCTATAAAAATTAGAAGGTTA"
"GL873520","73083525","73083631","chrX","48956519","48956618","29","24127006","TAAAAATAGCTGGGCAATGTGGCTGGTGCATGTATTCCTAGGTACTTGGGAGGCTGAGGCAAGAGAATTGCTTGAGCCCAAGAGTTTGAGATTGCTGTGAGCTGTGA","GCTGGGCATGGTGGTGTGTGCTCATAGTCCTAGCTGCTGGGGAGGCTGAGGTGAGAGGACTGCTTGAGCCCAGGAATTTGAGACTGTAGTGAGCTGTGAT"
"GL873520","73086014","73086142","chr10","95119450","95119581","30","22033436","CTGGGCACAGTGGCTCACGCCTATTATCCCAGCACTTGGGAGGCTGAGGCAGATGGATTGCCTGAGCTCAGGAGTTTGAGACCAGGTGAGCTAGAGCAAGACCCCCATCTCTAAAAATAGCTGGGCATT","CCGGGTAGAGTGGCTCATTCCTGTAATCCCAGCACTTTGGGAGGCTGAGGCAAGAGGATTGCTTGAGGTCAGGAGTTCGAGACCAGCCTGAGCAATGTAGCAAGACTCCACCTCTACAAAAAATGAAAAGCT"
"GL873520","73086410","73086584","chr12","96671998","96672172","39","23585588","AATTAAAATAGCTGGGCATTGTGGCAGGGGTCTGTAGTCCCAGCTACTTGGGAGGCTGAGGTAAGAGAATCACTTAACCCCAGGAGTTTGAGGTTGCTGTGAGCTATGACACCATAGCACTCTACCAATGGTGACAAAGTGAGCCTCTGTCTCAAAAAAAAAAAGTAAATAAAAA","AATTAGCTGAGCATGGTGGCAGGCACCTGTAGTCCCAGCTACTTGGGAGGCTGAGGGAGGAGGGTCACTTGAACCCAGGAGTTTGAGGCTGCAATGAGCTATGACTGCATCAGTGCACTCTAGCCTGGGCAGTAGAGTGAGACCCTGTCTCACAAAAAAAAGAAGGAAAGAGAAA"
"GL873520","73111621","73111695","chr4","25785731","25785810","15","47325890","GGCCTGGCGTGGCTCATGCCTCTAATCCTAGCACTCTGGGAGGCCGAGGTAGGTGGATTACTTGAGCTCACAGGT","GGCCTGGTGCAGTGGCTCATGCCTATAATCTCAGCACTTTGGAAGGCCGAGGTGGGGGGATCACTTGAGCCCAAGCAGTT"
"GL873520","73111955","73112180","chrUn_GL394560","7392","7612","71","73104563","TGAGCTCACAGATTGGAGACCAGCCTGAGCAATAGCAAGACCCCGTCTCTAAAAATAACCAGGTATTGTGGAAGGCACCTGCAATCCCCACTACCTGGGAGACTGAGGCAAGAGAATCGCTTGAGCCCAGGAGTTTGAGGTTGTTGTATGCTATGATGCCACGGCACTCTACTGAGGGCAACAAAGTGAAACTCTATCTTAAAAAAGAAAAGAAAAGAAAAAGAAA","GAGCCCAGGAGTTCGAGACTAGCCTGGGAAACATTGCAACCCCATCTCTACAAAGAATAAAAAAATTAGCTGGGAGTGGTGGTCCCAGCTACTTGGGAGGCTGAGGCAGGAGAATCATTTGAGCCCAGGAGGTTGAGGCTGCAGTGAGCCATGTTAGTGCCATTGCACTCCAGCCTGGGTGACAGAGTGAGATCTTGTTTAAAAATAAAGAAAGAAAGAAA"
"GL873520","73125194","73125383","chr7","4237351","4237553","49","68887843","GGCTGGGCGTGGTGGCTCATGCCTGTAATCCCAGCACTCTGGGAGGCTGAGGCAGGTGGATTTGCTAGATCTCAGGAGTTGGATACCAGCCTCGGCAAGAGCAAGACTCCATCTCTAAAAATAGCTGGGCATTGTGTTGGGCACCTGTGGTCCCAGTTACTCAGGAGGCTGAGGCAAAAGGCTCACTTGA","GGTCAGGCATGGTGGCTCATGCCTGTAATCCCAGCACTTTGGGAGGCCGAGGTGGGCAGATTGCTTGAACTCAGGAGTTGAAGACTAGCCTGGGCAACACGGCAAAACCCCATCTCTACTAAAACTACAAAAACTAACTGGGCATGGTGGCACGCGCCTGTAGTCCCAGCTACTGGGGAGGCTGAGGTAGGAGGATCACTTGA"
"GL873520","73125656","73125758","chr3","46775769","46775871","28","26349887","GGATCACTTGAGTCCAAGAGTTTGAGGTGGCTGTGAGTTATGACACTACCAGCACTTTACTGGGAGCAACAAAGTGAGACTCTGTCTCAAAAAAAAAAAAGAA","ATCACTTGAGCCTTGGGGGTTGAGGCTGCAATGAGTCATGACTGTGCCATTGCACTCTAGCCTGGGCAACAGAAAAGAGACCCTGTCTCAAAAAAAAAAAAAA"
"GL873520","73447089","73447356","chr3","133065732","133066007","74","59618643","GGCTGGGTGCGGTGGCTCACGCCTGTATTCCCAATACTTGGGAAGTTCAGGGGTTGGATTGCCTGAGCTCACAGGTTCAAGACCAGTCTGAGCCAGAGTGAGACCTCATCTCTAAAAAAATACCCGGGCATTGTGGTGGGTACCTGTAGACCCAGCTACTTGGGAGGCTGAGGCAAGAGAATGACTTGAGCCTGAGAGTTTGTGGTTGCTGTGAGCTACAATGCCTTGGCACTCTGTTGAGCATTACAAAGTGAGACTCTGTCTCAAG","GGCCGGGTGCAGTGGCTCACGCCTGTAATCCCAGCACTTCAGAAGGCCAAGGCAGGAGGATCACTTGAGCTTAGGAGTAGAGACCAGCCTCAGCAACATGGTGAAACCCCATCTCTACAAAAAATTAGCCGGGCATAGTGGTGCGTGTCTGAAGTCCCAGGTACTGGAGAGGCTGAGGCAGGAGGATCACTTGAGACTGGGAGGTCAAGGATGCAGTGAGCTGTGATAGTGCCATTGCACTCCAGCTGGGGCAACAGAGCGAGACCTTGTCTCAAA"
"GL873520","73447378","73447393","chr1","153358526","153358539","2","79911148","AAAAAAAAACCAAAAA","AAAAAAAAAAAAAA"
"GL873521","58193","58339","chr1","40759650","40759803","42","40701457","TTAGTCAGGCATTGTGGCAACTTAGGCATAGCTACATGGAAGGCTTAGACAAGAGAATCACTAGAGTCCAGGAATTGGAGGTTGCTGTGAGCTACGATGCCATAGCACTCAAGCCTGGGGCAACAGTGTGAAACTCTATCTCAAAAA","ATTAGCCAGACATGGTGGTGCACATCTGTAGGCCTAGCTACTTGGGAAGCTGAGGCAGGAAGACTGCTTGAGCCCAGGAGTTTGAGGCTGCAGTGAACTATGATGACATCACTGCACTCCAGCCTGGGCAAGAGTGAAACTGTTTTTTAAAAAA"
"GL873521","58369","58496","chr11","12504072","12504193","41","12445703","GGTGTGGTGATTGATGCCTGTAAGTCTAGCACTTTGAGGAGAGTGGATCCCTCTGAGGAGGGTGGATCTGTTGAGCTCAGATACTCAAGACCAGACTGAGCAAGACTGAGACCCCCCCATTTTTACAA","GGCCTGGTGCAGTGGCTCAGACCTGTAATTCCAGCACTTTGGGAGGCCTGGGTAGGTGGACTGTTTGAGCTCAGATGTTTGAGACCAGCCTGGGCAACATGACAAAACCCCATCTCTACATA"
"GL873521","119441","119613","chr3","50079465","50079644","54","49960024","CAACAAAAAAAAAAACAGATGACATAGTGGTTCACACCTGCAGTTGCAGCTAATGGGGAGACTTAAGACAGGAAAATCACTTGAACTCAGGCATTTGAACTTTCAGTGAGCTATGCTGATGCCACTGTACCTTAGTCATGACAGCAGAGCAAGAACCGGACTAAAAAAAAAAA","ACAAAAAGAAAAAACAATTAGCAAGGCCTGGTGGTACACACTTGTAGTCCCAGCTATTTGGGAGGCTGAGGTGGGAGGATCACTTGAGCCCAGGAGTTCAAGGTTACAGTGAGCTATGATCATGCCACTGCACACTAGCCTGGGCATCAGAGAGAGTTCCTGTCTCTAAGAAAAAAAAAA"
"GL873521","119642","119758","chr4","150658849","150658965","24","150539207","GGCTGGACCTGGTGGTTCACACTTGTAATCCTGGCACTTTGGGAAGCCAAGGTGGGAGAACTGGGTGAGGTCAGGAGTTTAAGACCAGCCTGAATGACATAGCAAGATCTCATCTCT","GGCTGGTTATGGTGGCTGACACCTGTAACCCTAGTACTTTGGGAGGCCCAGGTGGGAGGATTGCTTGAGGCCAGGAGTTTAAACCAGCCTGGGCAACATAGCAAGACCTCATTTCTT"
"GL873521","610584","610857","chr11","57816849","57817130","68","57206265","GGCCATGTGCAGTGGCTCACACCTGTAATCCTAGCACTCTGGGAGGCTAAGGCAAATGGATTGCTTGAGCTCAGGAGTTCAAGACCAGCCTGAGCAAGAGCTAGAACTGACCCCATCTCTAAAAAATGCCAGGCAATATGGTGGAGTCTAGAGTCCCAGCTACTCGAAGGCTAAGGTAGAAAGATGGCTTAAGCCCGAGAGTTTGAGGTTGCAGTGAGCCGTGACACCATGGCACACTCTACTGAGGGTGACAAAGTGAGATTCTGTCTCCAAA","GGCCAGGCACAGTGGCTCACACCTGTAATCCTAGCACTTTGGGAGGCCAAGGCAGGTGGATTGCTTGAGCCCAGGAGTTTGAGACCAGCCTGGGCAACATGGCAAAACCTCATCTCTACAAAAATTAGCCAGACATGGTGGTGGGTGCCTGTAGTCCCAGCTACTCAGGAGGCTGAGGTAGGAGGATCATCTGAGCCCAGGAGGTCGAGACTGCAGTGAGCCATGATCATGCCACTGCACTCCAGCCTGAGTGACAGAGTGAGATCCTGTCTCAAACAAAAA"
"GL873521","1502062","1502265","chrX","121141350","121141549","52","119639288","CAAACAAAAAAAGACTAGTCTCTACTGAAAATAGAAAAACTAGCCGGGTATTGTGGCAGGCTCCTGTACTCCCAGCTACTTGGGAGGCTGAGGCAAGAGGATCACTTGAGCCCACGAGTTTGAGCTTTCTGTGAACTATGATAATGTCACAGCACTCTACCCAGGGTGACAGAGTGAGATTCTGTGTCAAAAAAATAAAGAAAA","GAAACAAAGCAAGACCCCATCTCTACAAAAAATTTAAAAATTAGCTGGGCCCAGTGGTGTGTACCTGTAGTTCCAGCTATTTAGGAGGCTGAGGCAGGAGGATCCCTTGAGCCCAAGAGTTCAAGGTTGAAGTGAACCATGACTACGCCACTGCACTCTAGCCTGGGGACAAAGTGAGACCTTGTCTCAAAAATAAAAAA"
"GL873521","1502500","1502603","chr19","19649787","19649888","25","18147287","GCCAGGTGCAGTGGCTCATGCCTATAATCCTAGCACTCAGGAAGGCCAAGGCAGGTAGATTGAGTTTGAGACCAGCCTGACTAAGAGCAAGACTGGTCTCTATA","GCCAGGCATGGTGGCTCATGCCTGTTATCCTAGCACTTTGGGAGGCTAAGGCGGGAGGAGTTTGAGACCAGCCTGGGCAACATAGCCAGACCCTGTCTCTTA"
"GL873521","1595405","1595517","chr21","23033355","23033468","23","21437950","GCTGGGCATGGTAGCTCATGCCTGTAATCCCAGCACTCTGGAAGGCCGAGGCAGGTGAATTGCCTAAGCTCACAAGTTCAAGGCCACCCTGAGCCCAGCAAGACCCTATCTGT","GGCCAGGCATAGTGGCTCATGCCTGTAATCCCAGCACTTTGGAAGGCCGAGGCAGGAGGATTGCTTGGAGCCCAGGAGTTCGAGACCAGCCTGAGCAGCATAGACCCCTATCTC"
"GL873521","1595795","1595978","chr3","132688217","132688402","51","131092422","TGAGACCCATCTCTAAAAATAGCCAGGCGTTGTGGTGGGCGCCTATAGTCCCCGCTATTCTGGAGACTGAGGCAAGAGAATCACTTAAGCCCAAGAGTTTGAGGTTGCTGTGAGCTGTGACACTATGGCCCTCTACCAAGGGTGACAAAGTGAGACTCTGGCTCAAAAAGAAAGATAAAAAAAA","TACAGAAAAATTTTTAAAAAATTAGCCATGTGTGGTGATGCGCACCTGTAGTCCCAGCTACTCTGGAGGCTGAGGTGTGAGGATCACTTGAACCCAGGAGTTCGAGGCTGCAGTGAGCCATGATCATGCCACTGCACTCCAGCCTGGGTGACAGAGTGAGACCTTGTCTGAAAAAAAAAAAAAAAA"
"GL873521","1759823","1760095","chr20","35179301","35179570","73","33419478","CTAGCATCCTGGGAGGCTGAGGCAGGTGGACTGTCTGAGCTCATGAGTTTGAGACCAGCTTGAGTAAGGGAGACCCTGTATCTACTAAAAATAGAAAAACTAGCCAAGCATGGCGGCACATGCCTGTAGTCCGAACTGCTTGGGAGGCTGAGGCAAGAGTATCACCTAAGCCCAAGAGTTTGAGGTTGCTCTGAGCTATGAAACCAGGGCAGGGTCCTCTACCCAGGGTGACAAAGTCAGACTGTCTCCAAAAAAAAAAAAAAAAAAAAAAAA","CCAGCATGGTGGGAGGCCGAGGTGGGCAGATCGCTTGAGTCCAGGAGTTTGAGACCAGCCTGGGCAACATGGCGAAACCCCGTCTCTACAAAAAATACAAAAATTAGCCAGCATGGTAGCCCACGCCTGTAGTCCCAGCTGCTTGGGAGGTTGAAGTGGGAGCATCACTTGAGCCTGGGAGGCGGAGGTTGCAGTGAGCTGTGATCTGCACTCCAGCCTGGGTGACAGAGCGAGACTCTGTCTCAAAAAAAAAAAAAAAAAAAAAAAAAA"
"GL873521","1760611","1760644","chr1","206552735","206552767","4","204792124","GGCTGGGAGCCGTGGCTCACCCCTGTAATCCTAG","GGCTGGGAGTAGTGGCTCACGCCTGTAATCCTA"
"GL873521","1978757","1978896","chr19","10086469","10086601","36","8107712","GGGTGCAATGGCTCATTCCTACAACCCTAACATTTTGGGAGGCCTGGGTGGGAGGAAAGCTTGGGACCCGTAGTTTGAGATCAGCCTGAGCAACACAGTGAGATGCTGTCTCTACAAAAAATTAGCCTAGTATGGTGGTG","GGGTGCAGTGGCTCACACCTATAATCCTAGCAGTTTGAAAGGCTGAGACGGGTGGATCGCTTGAGCCCAGGAGTTCAAGACCAGCCCGGGCAACATAGTGAGACCCTGTCTCTACAAAAAATTAGAGGATGTG"
"GL873521","1984940","1985104","chr19","18092803","18092966","37","16107863","AAAATGAGCCTGGTGTGGCAGCACTTGCTTGTGGTCCCAGCTACTTAGGAGGCTGAGGCAGCAGAATTGCCTGAGTCCAGGAGTTTGAGATTGCAGGGAGCTATAACCATACCACTTCATTCCAGCCTGGGCAACAGAGCAAGGCCCTGTCTCAACCAAACAAAA","AATTAGCAGGCTGTGGTAGCATGTGCTTGAGGTCTCAGTTACTTGGGAGGCTGAGGTGGGAGGATCACCTGAGCCCAGGAGTTCAAGGCTGCAGTGAGCTATGATCACACCACTGCACTCCAGCCTGGGCAACAGAGCAAGATGCTGTCTCAAAAAAAAAAAAA"
"GL873521","2126971","2127283","chr1","18920994","18921309","78","16794023","GCCAGGTGCAATGGCTCATGCCTGTAATCATAGCACTCTGGGAGGCTGAGACTGGAGGATTACTTGAGCTCAGGGTTTCGAAATCAGCTTGAGCAAGAGTGAGACCCCCATCTCTACAAAAATAGAAAAACTAGCCAGGTGTTGTGGTGGGCACCTGTAGTCCTAGCTATTTGGGAGGCTGAGGCCAGAGGACAGCTCAAGTCCGGGAGTTTGAGGTTGCTGTGAGTTGTGACAGCACAGATGTCTACAGAGGGTAACAAAGAAAGACTCTGTCTCAAAAATGAATGAATAAATAAGTAAATGAATAAATAAA","GGCCAGGTGCATTGGCTCATGCCTGTAATCCTAGCACTTTGGGAGGCTGAGGCAGGCAGATTGCTTGAGCCTGGGAGTTTGAGACCAGCCTGGGCAACATGGCAAAACTCTATCTCTACAAAAAATACAAAAATTAGCCTGGCGTGGTAGCGTGAGCCTGTAGTCCCAGCTACTGGGGAGGCTGAGGTTGGAGGATAGCTTGAGTCCGGGAGGTCGAGGCTGTAGTGAGCTGTGATCACACCACTGCACTCCAGCCTGAGAGACAGAGAGAGATCTTTTCCCAATAAATAAATAAGTAAGTAAATAAATAAATAAA"
"GL873521","2389393","2389473","chr1","36080957","36081040","20","33691564","TTGGGAGACTGAGGCAGGAGGATTCCTTGAAGCCAGGAGTTCAAGACCAGCCTGAACAGGAGTGAGACTCTGACCATATAA","CTTTGGGAGGCTGAGGCAGGGGGATTGCTTGAGCCCAGGAGTTCAAGACCAGCCTGGGCAATATAGCGAGACCCTCATCTCTAC"
"GL873521","2389498","2389674","chr1","31190959","31191130","48","28801461","CCCCAGAAAAACAGAAAAATTAGCCAGGTATGGTGGTATGGGTCTATAGTCCCAGCTGCTTGAAGGCCAAGGCAGGAGGATTACTTGAAGCCCAAGAGTTTAAGGCTACAGTGAACTATGACGATGTCACTGCACTCTAGCCCAGTTGACAGGGAATGAATCTGTTTCAAAAAAAAA","CACACACACACACAAAAATTAGCCAGTGTGGTGGTATACTCCTATAGTCCTAGCTGCTCGGGAGGCTGAGACAGGAAGGTCACTTGAGCCTAGCAATTTAATGCTGCAGTGAGCTATGATTGTGCCACTGCACTCCAGCCTGGGCAGCAGAGTGATACTCTGTTTCAAAAAA"
"GL873521","2550002","2550150","chr19","3288108","3288256","38","738106","CCCTCAGCTTTGCATGGTGATATGCACCTTTGGTCCCAGCTGCCTCAGGAGGTTGAGGCATGAGGATCCCTTGAGCCCACAGTTTGAAGCTGCAGTGGGCTATGATGGTGACACTACACTCTAGCCAGGGAGACAAAGTGAGGCTCTAT","AGTTAGCTGGGCATGGTGGTATGGGCCTGTGGTCCCAGCTACTCAGGAGGCTGAGGCAGGAGCATCTCTTGAGCCAAGGAGGTCGAGGCTGCAGTGAGCTGAGATTGCGCCACTGCACTCCAGCCTGGGTGACAGAGTGAGATCCTGTC"
"GL873521","2550422","2550560","chr7","34482046","34482189","32","31931624","CTGAGTGTGGTGGCCCCTGTCTGTAATCCCAGCCCTTTGGAAGGCTGAGAAGAGGATCACGTGAGGCCAGGAGGTTGAGAACAGTGTGGGCAACACAATGAGACCCATCTCTAAAACAAGTTTAAAAATCAGCTGGGCT","GGCTGGGCATGGTGGCTCATGCCTGTAATCCCAGCACTTTGGGAGGCTGAAGTGGGAGGACTGCTTGAGGCCAAGAGCTTGAGACCAGCCTGGGCAACATAGTGAGACTCCATCTCTACAAAAAGTTTAAAAATTAGCAAGGGT"
"GL873521","2565293","2565460","chr12","36177409","36177585","39","33612116","AACAATAAAAATTATCCAGATATGGTGGTGTGTGCCTGTAGTGCCAACAGCTAGGGAGGCTGAAGCAGGAAGATCGCTGGAGCCCATGAGTTTGAGATTGCAGTGAGCTGTGAGGCCACTGCGCTCTACCCTGGGTGAGAGAGTAAGACCCTGTCTTGAAAAAACAAA","TAAAAAATTAAAAAATTAGCCAGATGTGGTGGTGCGTGGCTGTGGTCCCAACTACTCTGGAGGCTGAAATGGAAGGATTACTTGAGCCCATGAGGTTGAGGCTGCAGTGAGCTGTGACTGAGCCACTGCACTCCAGCCTGGGTGACAGAGTGAGACCCTGTTTCAAAAAAAAAAGAA"
"GL873521","2565490","2565601","chr12","111694807","111694920","25","109129317","CCAGATACAGTGGCTTACACCTGTTATCCTAGCACTTGGGAGGCCAAAATGAGAGGCTTGCTTAAGTCCAGGAGTTTGAAACCAACCTGTGCATGAGCAAGACCCCATCTCT","GGCCAGGTACAGTGGCTCACACCTATAATCTCAGCACTTGGGAGGCCAAGGTGGGAGGATCACTTGAGTCCAGGAGATTGAGACCAGCCTGGCAACATAGCAAGACCCTATCTC"
"GL873521","3217868","3218143","chr10","9473915","9474197","72","6256047","GGCTGGGTGCAGTGGCTCATGCCTATAATTTTAGCATTCTGGGAGGCCTGAATAGGAGGATCCCTTGAGCTCAGGAGTTTACCAGCCCAAGCAAGAGTGAGACCCCATTTCAACTATAAATAGAAAAACTAGCTGGACGTGGTAGCGTCTGCTTGTATCCTAGCTACTGAGGTGGCTGAAGTAGGAGGATCATTTGAGCCCAAGATTTGGTGATAGCAGTGAGCTAGGCTCATACCATAGCACTCTAGCCTGGGCAGCAAAGTGAGACTATCTCAA","GGCTGGGTGCAGTGGCTCACACCTGTAACTTTAGCACTTTGGGAAATCAAGGAAGGTGGATCACTTGAGCCTAGGAGTTTGAGACCTGGACAACGTAGTGAGACCCCATTTCTACAAAATAAAACAAAAACTAGCTGGGCATGGTGGCATGCTCCTATAGTCCCAGCTACTCAGGGGCCTGAGGTGGGAGGATCGTTTGAGCCCAGGAGGTGGAGGTTGCCGTAAGCCAAGATCATGCCACTACACTGCAGCCTGGGAGACAGAGTGAGACCCTGTCTCAAAA"
"GL873521","3218164","3218191","chrX","137081199","137081225","4","133863035","AAAAAAAAAAAAAGGAAGAAGAAGAAAA","AAAAAAAAAAAAAAAAAGGAAAGAAAA"
"GL873521","3495930","3496043","chr1","9156973","9157091","28","5661043","GACCAGGCCCAGTGGCTCACTCCTATAATCCCAGCACTCTGAGAGGCCAAGGCAGGAGTTTGAGACCAGCTTGAGCAAAAGCAATACCCTATCTATAAAAAAAATAGCCAGGCT","GGCTGGGTGAGGTGGCCTCACGCCTGTAATCCCAGCACTTTGGGAGGCCAAGGCAGGAGTTTGAGACCAGCCTGGGCAATACAGTGAGACCCCATCTCCAAAAAAAAAATTAGTGGGGC"
"GL873521","3496294","3496455","chr4","75562087","75562252","37","72065793","TAGCCAGACATGGTGGCAGGTTCCTGTACTCCCAGCTACTTAGAGGCTGAAGCAAGAGGATAGCTTGAGACCAAGAGTCTGGAGGTTGCCATAAACTATGATGCCATAGCACTCTACCCACGGTGACAGAGTGAGATTCTGTCTCAAGAATAAATAAATAAA","TTAGCTGGGTGTGGTGGCATGCACCTGTAGTCCCAGCTACTTAGGAGGCTGAGGCAAGAGGATCACTTTAGCCCAGGAGGTGGAGGTTGCAGTGAGCTGAAATCATACCACTGCACTCCAGCCAGGGTGACAGAGTGAGACCTTGTCTCAAAAATAAATAAATAAA"
"GL873521","3515961","3516093","chr1","109402188","109402317","37","105886227","CTGGGCACAGTAGTATGTTCTTGTAATCCCAGTTTGGGAATGGGAGGCTGAAGCAGGAGGATCTCTTGCACCTAGGAGTTCAAGTCCAGCCTGGGCCACTTAGGTAAACACTCCTATACACACAATAAATAAA","GGCTGGGACGGTGGCTCATGCCTGTAATCCCACACTTTGGGAGGCTGAGCTGGCAGATTGCTTGAGCCTAGGAGTTCAAGACCAGCCTGGGCAACATGGTGAAACCCCACCTTTACAAAAAATAAATAAA"
"GL873521","3526495","3526609","chr6","8494714","8494833","23","4968219","GGGTGTGGTGGCTCATGCCCATAATCACAACACTTTGGGAGGTGAGGCAAAATGGTCACTTGAGACTAGGAGTTCAAGATCAGCCTGGGCAACATAGCAAGACTCTGGGTCCACA","GGCCAGGTGTGGTGGCTCATGCCTGTAATCCCAACATTTTGGGAGGCTGAAGCAGAGAGGTTGCTTGAGACCAGGAGTTCAAGACCAGCCTGGGCAACATAGCAAGACCCTCTCTCTACC"
"GL873521","3526643","3526661","chr3","50246504","50246521","6","46719861","TTAAAAAACAAACATTTGC","AAAAAAAAAAAAAATTTT"
"GL873521","3544998","3545149","chr5","35290577","35290728","43","31745579","AGCCCAACAAAATGAGGGGGGCATTGTGGTGGACGCCTGTAGTCCCAGTCACTCAGAAGGCTGAGACAAGGGAATCGCTTGAGTCCAAGATTTGAGGTTGCTGTGAGCTATGATGGCACAGCACTCGACCCAGGGCAACAGAGTGAGACTCT","ATAGAAAAACTAGCCAGCATGGTGGCTCACGCCTGTAGTCCCAACTACTCAGAAGGCTGAGGCAGGAGGATCGATTGAGCCTGGGAGGTCAAGGCTGCAGAGAGCCATGATTGTGCCACTGCACTCTAGCTTGGGCAACAGAGTGAGACTCT"
"GL873521","3545179","3545299","chr8","123644856","123644976","23","120099677","GGCCAGGGTGCAGTGGCTCATGCCTGTAATCCTAGCACTCTGGAAGGCTGAGGCGGGTGGATTGCTTGAGCTCAGGAGTCGGAGGTCAGCCTGAGCAAGAGAAGGATCCCATCTCTACTGA","GGTTGGGTGCAGTGGCTCATGACTGTAATCCCAGCACTTTGGGAGGCTGAAGCAGGTGGATTGCTTGAGCCCAGGAGTTGGAGATCAGCCTGGGCAACATAGTAAGACCCTGTCTCTACAA"
"GL873521","3553893","3554058","chr11","78192954","78193119","45","74639061","AATACTGACCAGGTGTAGTGAGTGGTGCATGCCTATAGTCTCAGTTACTTGGAAGGTTGAGGCAAAAGGATTGCTCAAACACAAGAGTTTTAGGTTGCTGTGAACTATGATGCTACAGCACTCTACCAGGGCAACAGAGTAAGACTGTGTCTCAACAACAAACAAA","ATTAGCCAGGCATGTTGGTGCATGCCTATAGTCCTAGCTACTTGGAAGGCTGAGGCATGAGGATGTACTGAGCCCAAGAGTTCCAGGTTAGAGTGAGCTATGATCATGTCACTGCACTCTAGCCTGGGCAACATAGCAAGACCCTGTCTCTAAAACAAAGCAAAAA"
"GL873521","3554086","3554201","chr1","91242641","91242760","22","87688555","GGGTGCAGTGGCTCACGCCTATAATCCTAACACTCTGGGAGGCCAAGGTAGGTGGATCACTTGAGTTTGAGGAGTTTGAGACCAGCCTGAGCAAGAGAAAGACCCCATCTCTACTA","GCCAGGCGCAGTGGCTCACACCTATAATCCCAACACTTTGGGAGGCCAAGGCAGGAGAATCACTTGAGGCCAGGAGTTTGAGACCAGCCTGAGCAACATAGCAAGACCTTGGCTCTACTA"
"GL873521","3593976","3594262","chr16","24608122","24608413","74","21014146","GGCTGGGCACAGTGGCTCACACCGGTAATCCCAGCACTCTGGGAGGCCGAGGCAGGTGGATTACCTGAGCTCACAGTTTCGAGACCAGCCTGAGCAAGAGTGAGACCCCCCCCCCAATCTCTAAAAATAGCTGGGCGTTATGGCCAGGTGCCTGTAATCCCAACTATTTGGGAGGGTGAGACATGAGAGTCAGTCACTTTGAGCCAAGAGTTTGAGGTTGCTGTGAGCTGTGTGCCACAGCATCCTACCGAGGGTGACAAATTGAGACTGTGTCTCACAAAAAAGAA","GGCCAGGCGCAGTGGCTCACACCTGTAATCCCAGCACTTTGGGAGGCTGAGGTGGGTGGATTACTTGAGCTCAGGAGTTTGAGACCAGCCTGGGCAATATAGTGAAACCCTATCTCTACCAAAAACACAAAAATCTAGCTGGGCATGGTGGCACGTGCCTGTAGTCCCAGCTACTCGGGAGGCTGAGGCAGGAGGATCACTTGAGCCTGGGAGGCAGAGGTTGCAGTGAGCCATGATTGCGCCAGTGCACTCCAACCTGGGTGACAGAACAAGACCCTGCCTCAAAAAAGAA"
"GL873521","3621527","3621631","chr8","21452005","21452106","29","17830478","TCACATTTATAATTCCAGCACTCTGGGAGGCCGAGGCAGGAGAAACCCTTGGGCTCAGGAATTCAGGGGCCAGCCTGAGCAAGAGCCAGGCCCAGTCTCTACTAA","CATGCCTATAATCCCAGCACTTTGAGAGGCTGAGGCAGGAGGATCGCCTGAGCCCAGGAGTTCGAGGCCAGCCTGGGCAACATAGCAAGACCCCATCTTTAA"
"GL873520","60838810","60839064","chr5","171848001","171848259","81","111009191","GGCTGAGAGTGGTGGCTTCTAACAGTCCGAGAGGTTGAGGCTTGAGCTCAGGAGTTACAGGTCAACCTGAGCAACCCCTGCCTACTAAAAATAGAAAAAATTAGCTGGGCATTGTGGTGAGTGCCTGTAGTCCTACCTACTGGGAGACTGAGGCAGGTGGATCTCTCAAATTCAGGAGTTTGAGGCTGTCGTGAACTACGACGCCACAGCACTCAGGCCTGAGCAACAGTGAGACTGTCTCACACACACAAGAAA","GGCCAGGCAAAGTGGCTCATGCCTGTAATCCCAGCACTTTGGGATCACTTGAGCCAGGAGTTCAAGACAACATGATGAAACCCCGTTTCTACCAAAAACACAAAAAAATTAGCTGGGCATGGTGGTGCACGCCTGTAGTCCCAGCTACTTGGGAGGCTGAGGCAGGAGGATCGCTTGAGCTCAGGAGGTCGAGGCTGCAGTGAGCACTGACTGTGCCACTGCACTCCAGCCTGGACAACAGATAGAGACCTCGTCTCAA"
"GL873520","60890558","60890822","chrX","9126809","9127055","74","51763749","AGAAGTTTGAGACCAGCCTGAGCAAGAATGAGACCTCATCTCTATAGACAAATAGAAAAATTAACCACTACAGGCATGGTGGTATGTGCCCATAGTCAAAGATACTCAGGAGGCTGAGGCAGGAGGATCACTTGAGCCCAGTAGTTAGAGGTTGCAGTGAGCTATGATGACATCCTAACACTCTAGCCAAGGCAACAGAGTGAGTGAGACTCTGTCTCAAAAATAAATAAATAAATAAATAAATAAAAGAAAAGAAAAAAAAGAA","ACCAGCCTGGGCAACATGGTGAGACCTCATTTCTACTAAAAATACAAAAAAATTATCTGGGTGTGATGGTACGTGCCTGTGGTCTTAGTTACTTGGGAGGCTGAGATGGGAGGATTGCTTGAGCCCAGGAGGTTGAGGCTGCAGTGAGCCATGATCACACCACTGGATTCTAGCCTGGGTGACAACAGTGAGACCCTGTCTCAAAAATAAATAAATAAATAAATAAATAAATAAATAAATAAATAAA"
"GL873520","60903513","60903710","chr8","38561134","38561339","57","22342379","GACCAGCCTGAGTAAGAGTGAGACCTTATCTCTAAAAAAATAGCTGGGAGTTATGGCAGGTGCCTGTAGTCCCAGCTACTTGGAAGGCTGAGGCAAGAGGATCACTGGAGCCCATGACTTTGAGGTTGTTGTGAGCTATCATGCCATGGCACTTTACCCTGGGTGATAAAGTAAGACACCATGAAAGAAAGAGAGAAA","CAGCCTGGGTAACGTGGTGAGACCACATCTCTAAAAAAATTAGCTGGGCTTGGCAGCACATACCTGTAGTCCCAGCTACTTGGGAGGCTGAGGCGGGAGCATCGCTTGAACCCAGGAGGTAGAGCCTGCAGTGAGCGAGACTGTATCTCTGCACTTCAGCCTGGGTGACAAAGTGAGACACCATCTTAAAAAAAAAGAAAGAAAGA"
"GL873520","60903994","60904078","chr19","44122957","44123041","20","16781037","CTGGGCACAGTGGCTCACACTTGTAATTCTAGCACTCTTCAAGGCCAAGCTAGGCGGATTGCCTGGGTTCAAGAGTTGGAGACCA","CTGGGCACAGTGGTTCATCCCTGTAACCCAGCACTTTGGGAGGCCAAGGTGGGAAGATTGCTTGAGCTCAAGAGTTTGAGACCAC"
"GL873520","61127875","61128124","chr12","40543558","40543815","61","20584317","AGGCCAAGGCAGGTGGATTACTTGAGCTCAGGAGTTTGAGACCAGATGGAGTAAGGGTGAGACCTCCATCTCTACTAAAAATAGAAAAACTAGCCAGGCATCATGGCAGGTGCCTGTAGTCCCAGCTACTTGGGAGGCTGAGGCAGAAGGATCACTTGAGCCCGGGGTTTGAGGTTGCTGTGAGTCAGGCTGATGTCACAACATTCTACCAGGGCAACACAGTAAGACTCTGTCTCAAAAAAAAAAAAAA","AGGCCAAGGCGGGTGGATCACTTGAGCTCAGGAGTTTGAGACCAGCCTGGGCAACATGGCGAAACTCCATCTCTACAAAAATTACAAAAATTAGCTGGGCATTGGTGGTGCACACCTGTGGTGCCAGCCACTCAGGAGGCTGAGGTGGGAGGACCTCTTAAGCCTGGGAGGCAGTGGTTGCAGTGAGCTGAGGTCATGACACTACTCCATTCCATCCTGGGCAACAGAGTGAGGCCCTGTCTCAAAAAAAAAAGAAAA"
"GL873520","61204249","61204420","chr6","117522072","117522244","43","56317823","GAGAAAAACTGACTGGGCATTGTGGAAGGTGTCTGTAGTCCCAGCTACTCGGGAGGCTGAACCAAGAGGACTGCTCAAGCTCAAGAGTTTGGAGTTGCTGTGAGCTATAATGATGCTACAGCACCCTGCCCAGGGTAACAGAGTAAGACTTTAGCTCAAAAAAAAAAAAAAA","TAAAAAAATTAGCCAGATGTGGTGGCATGTGCCTGTAGTTCCAGCTACTCGGGAGGCTGAGGCAGGAGGATTGCTTGAGCTCAGGAGTTCGAGGCTGCAGTGAGCTATAATTGTGCCACTGCACTCTAGCCTGGGTGACACAGTGAGACCTTGTCTTTAAAAAAAAAAAAAAA"
"GL873520","61204698","61204831","chr12","96301849","96301984","29","35097151","GGCCAAGCGTGGTGGCTCCTGTCTATAATCCTAGCACGCTGGAGGGCCAAGGCAGATGGATTCCTTGAGCTCAGGAGTTAAAGATCAGCCTGAGTAAGAATGAGACCTCCATCTCTACTAAAAAGAGAAAAACT","GGCCAAGCATGGTGGCTCCTGCCTATAATCCCAGCACTTTGGGATGCCAAAGCAGGCAGATTACTTGAGCTCAGGAGTTCAAGACCAGCCTGGGCAACATGGTGAGACCCCATCTCTATTTTAAAAAATAAAAAAA"
"GL873520","61310865","61311035","chr14","88541197","88541366","41","27230332","GCTGGGCATTGTGGAGGGCACCTGTAGTCCCAGCTACTTGGGAGGCTGAGACAAGAGGCTCACTTGAGCCCTGGAGCTGAAGGTTTCTGTGAGCTGTGACACCATGGCACTCTACCAAGGGCAACATAGTAAAACTCTGTCTCAAAAAAAAATAGAAGTAGAAAAAGAAAA","GCTGGGCATGGTGGCTTATGCCTATAATCCCAGTACTTTGGGAGGCTGAGGCAGGAGGATAACTTGAGCCCTGGAGTCAAGGTTGCAGTGAGCTGTGATGGCACCACTGCACTGCAGCCTGGGTGACAGAGCAAGAACCTGTCTCAAAAAAAAAAAAAAAAAAAAAAAAA"
"GL873520","61311320","61311450","chr7","72684162","72684298","31","11372842","CCAGGCGCGGTGGCTCACACCTATAATCCTAGCACTCTGGGAGGCCGAGACAGGTAGATTGTTGGAGGTCAGGAGTTTGAAACCAACCTGAGCCAGAGTGAGCCCCCATCTTTAAAAAAACTAGCTGGAGC","GCCAGGCATGGTGGCTCACACCTGTAATCCCAGCACTTTGGGAGGCTGAAGCAGGAAGACTGCTTGAGGCCAGGAGTTTGAGACCACCCTGCACCACATAGCGAGACCGCATCTCTACTAAGAAATTAGCTGGGCAT"
"GL873520","61632558","61632764","chr12","61622891","61623093","58","9667","GGCCAGGTGCAGTGGCTCACACCTGTAATTCTAGCACTCTGGGAAGCCAAGACAGGAGAATCCTTTGAGTTTGGGAGTTCAAGACCAGTCTGAGCAAGAGCAAGACCCCATCTCTATTAAAAGTAGAAAATATTAGCCACATGTCCTGGCTACTGAGAGCTACTCAGGAGCCTGAAGCAGGAGGATCATTTGCCTGGGCAGCAGAGG","GGCTGGGCATAGTGGCTCACACCTATAATCCCAGCATTTTGGGAGGCCGAGGTGGGAGAATCACTTGAGCCCAGGAGTTCGAGACCAGTCTGGGCAACATGGCAAGACCCTGTCTCTACAAAAATTAAAAAATTAGCCAAGTGTGGTGGCTGTGGTCCCAGCTACTCAGGAGGCTGTGGTGGGAGGATCTCCTGGGCCTGGGA"
"GL873520","62111475","62111518","chr11","2140149","2140197","13","59971326","CCTGTAATCTAAGTACTTTGGGAAGCCAAGTGGAAGGATCTTTC","CTTGTAATTCCAGCACTTTGGGAGGCCAAGGTGGGAGGATCACTTGAGC"
"GL873520","62111756","62112003","chr3","130809410","130809642","65","68697654","CTGGTGGAAGGATCTTTCTAATTGAGGCCAGAAGTTTGAGACCAGCCTAAGCAACATGGCAAGACCCTATAACCATGTAAAATAGAAAAATTAGCTGGGTGTGGTGGTGCACACCTGTAGTACCAGATACTCGAGAGGCTGAGGCAGGAGGTTTGCTGGAGCCCAGGAGTTTGAGGTTACAGTGAGCTATAATGACACCACCACACCTTAACTCAGGCAAAAGAGCAAGACCCTTTCTCAAAAGAAAA","CCGGAGAGGGTAGATTTCTTGAGCCCAGGAGTTCAAGACCATCCTAGGCAACATGGCTACAAAAAATAGAAAAATTAGCTGGGCATGGTGGTGTGCACCTGTGGTCCCAGGTACTCAGGAGGCTGAGGTGGGAGGATTGCTTGAGCCTGGGAGGTTGAGGCTGCAGTGAGCCATGATTGCACCACTGCACTCCAGCCTGGGCAACAGAGCAAGACCCTGTCTCAAAAAAGAAA"
"GL873520","62249107","62249260","chr10","17058131","17058282","38","45190976","ACAATTAGACAGGTGTAGTGGCACAAGCCTATAGTCCCGCTACTCGGAAGGCTGAGGCAGGAGGATCACTCGAGCCCAAGAGTTGGAGGTCACTGTGAGCTATGACACCATGACATTCTCCCCAGGGTAACAGAATGAGATTCTGTCTCAAAAA","AAAAATTAGGCATGGTGGCATGTGCTTGTGCCAGCTACTCAGGAGGCTGAGGCAGGAGGATCACTTGAGCTCAAGAGGTGGAGGCTACAGTGAGCCATGATTGCACCACTGCACTCCAGCCTGGGCAACAGAGTGAGACCCTGTCTCAAAAA"
"GL873520","62249287","62249403","chr22","16925544","16925667","25","45323743","GGCTGGGCGTGGTGGCTCACATTGTAAATTCTAGCACTCTGAGAGGCCGAGGTGGGTGGATTGCTTGAGGCTAGGAGTTAGAGACCTGAGCAAGAGTGAGACTCTGTCTCTGCTAAA","GACTGGGCATGGTGGCTCACACCTGGAATCCCAGCACTTTGGGAGGCCAAGGTGGGTGGTTTGCTTGAGCCCAGGAGTTCGAGAGCAGCCTGGGCAATATTGTGAGACTCTGTCTCTACAAAAT"
"GL873520","62409859","62410146","chr6","37880818","37881108","74","24529041","GACTAGGTGCAGTGGCTCACACCTATAATCCTAGCACTGTGGAAGGCCAAGGCAGGTGGATTAGTTAAGCTCAGGAGTTTGAGACCAGCCTGAGCAAGAGTGAAACTCCATCTCTGCTACAAATAGAAAAACCAGCTAGGCAGAGTGACATGCTCCTGCAATTCCAGGTACTTGGAAGACTGAGGTAAGAGGATCATTCAAGCCCAGAATGAGAGGATGCTGTGAGCTATGATGCCACAGCACCCAGTGAGGCTATCTCAAAAAAAAAAAAAAAAAAAAAGAAAGAAA","GGCCAGGCGCAGTGGCTCACACCTGTAATCCTGGCACTTTGGGAGGCTGAGGCGGGTGGATTGCTCGAGCTCAGGAGTTCAAGATCAGCCTGGGCAACATGGTGAAATCCCATCTCTACAAAAAATACAAAAAATTAGCTGGGTGTGGTGGCACATGCCTGTGGTCCCAGCTACTTGGGAGGCTGAGGTAAGAGGATTACCTGAGCCCAGAAGGCCAAGGCTACAGTGAGCCGTGATCATGCCACTGCACGCCAGCCTTTTTCAAAAAAAAAAAAAAAAAAAAAAGACAAA"
"GL873520","63481106","63481324","chr10","7622016","7622239","66","55859090","GAAAACAGTCTGAGATGAGCCTGAGTAAGAACAAGACCCCGTCTCTACTAAAAATAGAAAAACTAGCTAGTGTGTTGGTGGATCCCTGTCATCCCAGGTACTTGGGAGGTTGAGGCAGGACCACTGGAGCCCAAGAGTTTGAGGTTGCTGTGAGCTATCACACTACAGCACTCTACTGAGGGTAACAAAATGAGACACTGTCTCATGAGAAAAAAGAAA","CAGGAGTTTGAGATCAGCCTGAGCAACATGGCAAAATCCCATCTCTACTAAAAATACAAAAATAAGCTGGGTGTGGTGGTGTGCTCCTGCAGACCCAGATACTCGGGAGGCTGAGATGGAAGGATCTCTTGAGCCTGGAAGTTTGAGGCTGTAGTGAGCTGTGATCATACCACTGTACTCCAGCCAGGGTGACACAGCAAGACCCTGTCTCAAAACAAAAAAAA"
"GL873520","63481596","63481682","chr3","39920305","39920389","13","23561291","GGCCAGGCACAGTGGCTCACACCTATAATCCTAGCACTCTGGGAGGCTGAGGCAGGCAGATTGCTTGAGCTCAAGAGTCTGAGACGA","GGCTGGGCACAGTGGTTCATGCCTATAATCCTAGCACTTTGGGAGGCTGAGGCAGACAGATTGCTTGAGACCAGGAGTTTGAGAC"
"GL873520","63984607","63984688","chr22","40046115","40046198","21","23938492","GGCTCATGTCTGTAATCCTAGTAGTTTGGGAGGTTGAGATAGGAGGATAGTGTAAGGCCAGGATTTTAAGAACAGTCTGAGT","GTGGCTCATGCCTGTCATCCCATCACTTTAGGAGGCTGAGGTGGGAGGATCACTTGAGACCAGGAGTTTAAGACCAGCCTGAGA"
"GL873520","63984964","63985013","chr12","123527171","123527211","18","59542207","AAAGAAGAGACTGAGCAACACAGTGAGATTATATAGCAAAATAATAATAA","AATTAAAAAATTTAAAAAGTGAATGAGATAAAAAAAAAAAA"
"GL873520","63985042","63985199","chr10","96290088","96290255","47","32305046","AAAAGAAAAAAATTAGCGAGGCATAGTAGCACATGGCTATAGCTCCAGCTACTTGAGAGAGTGAGGCAGGAGTTTGTTTGAGCCTGGGAAGTCGAGGTTGCAGTGAGCCATAATGGTGCCACTGCACTGTAAAACAGCAAGAGACCACCCCTCAAAAA","CAAAAAATACAACAATTAGCTAGGCATGGTGGCACATGCCTGTAGTCCCAACTATTTGAGAGGCTGAGGTGGGAAGATTGCTTTAGCCCCCGAAGTTGAGGCTCCAGTGAGCCAAGATTGTGCCACTGCACTTGAATCTGGGTGACAGAGCAAGACCCTGTCTCAAAA"
"GL873520","64280098","64280238","chr14","74041742","74041876","35","9761644","TAATCCTAGCATTTTGAGAGGCCAAGGAAGGAGGATCATTGGGCCCAGAAGATTGAGGCTGCAGTGAGCTGGGATTGCAGCATCATGGCATGTCTCCAGCCTGGGCAACAGTCTGAGATCCTGTCTTTAAAAAAAAAAAAA","GTCCCAGCTACTTGGAAGGCTGAGGCAGGAGGATCACTTGAGCCTGGGAGGCTGAGGCTGCAGTGAGTTGAGATCACACCACTGCACTCCAGCCTGGGCAACAGAGTGAGACCCTGTCTAAAAAAAAAAAAAAAA"
"GL873520","64390458","64390731","chr9","129896598","129896884","83","65506140","GCTAGGCCTGGTGGCTTGTGTCTGTAATCTTAGCACTCTAGAAAGATAAGGCAGGTAGGTAGATTTCCTGAACCCAGGAGTTCAAGACCTGCCCGAGCAAGAGGGAGACCTCACCTCTATTAAAAATAGAAAAACTAGCAGATCTGGCAGGTGCCTTTAGCCCCAGCTATGTGGTAGGTTGAGGTAAGAGGGTCACCTGATCCCAAGAGTTTGAGGTTTCTGGAGCTATGATGCCATAGTACTCTAGACAGGGCAATAGAGCAAGACTGTCCCA","GCCAGGTGTGGTGGCTCATGCCTGTAATCCCAGCACTTTGGGAGGCTGAGGCGGGAGGACTGCTTGAACTCAGGAGTTCAAGACCAGCCTGGGCAAGATGGTGAGACCTCATTTCTACTAAAAAAAGGAAAAAAAAATAGCCAGGTGTAGTGGTGCATGCCTGTACTCCCAGCTACTGGGTAGGCTGAGATGGGAGGATTGCTTGAGCCCCAGAGATTGAGGCTGCAGTGAGCCATGTTTGTGCCACTGCACTCCAGCCTGGACAACAGAGCAAGACCCTGTCTCAA"
"GL873520","64390763","64390781","chr8","126405290","126405308","3","62014527","GAGACAAAAAACAAAAAAA","AAGCCAAAAAACACAAAAA"
"GL873520","64761525","64761688","chr10","19288424","19288579","45","45473101","TACTAAAATAAGCCGGGTGTTGTGGCAAGCTCCTGTAAATCCCAGCTGCTTGAGAAGCTGTGGCAAGAGAACTGCTTGAGCCCAAGAGTTTGAGGTTGCTGTGAGATGTGACGCTATGGCACTCCACCAAGCAAGGGCAACAAAGTGACACTCTGTCTCAAAAA","TTAGCCAGGTGTGGTGGTGTGCACCTGTGGTCCCAGCTTCTTGAGAGGCTAAGGCAAGAGGACTGCTTGAGCCTGAGAGTTCGAGGCTGCAGTGAGCCATGTTCACACCACTGGACTCCAGCCTGGGCAACAAAGTGAGACCCTGTCTCAAAAAAA"
"GL873520","64761718","64761830","chr21","23033355","23033468","26","41728363","GGATGGGCACGGTGACTCATGCCTGTAATCCTAGCACTCTGGGAGGCCGAGGCAGGCGGATTGCTTGGATTCACTGACAAGATCAGCCTGAGCAAGAGCACAGACCCCTTCTT","GGCCAGGCATAGTGGCTCATGCCTGTAATCCCAGCACTTTGGAAGGCCGAGGCAGGAGGATTGCTTGGAGCCCAGGAGTTCGAGACCAGCCTGAGCAGCATAGACCCCTATCTC"
"GL873520","65203840","65204008","chr6","16993982","16994146","52","48209858","AAAAATCACAATAAACCTGGGCATTGTGGGACACACTTGTGGTCCCAGCTACTTGGAAAGCTGAGGCAAGAGGATCCCTTGAGCCCAGTCCACCATTCAGGTCCAGAGGAAGAGGCACTGCCCTCCAGCCTGGGACTCTAGTGAGACCTCCTCTCTTAATAAAAAAGAA","AAAATAAAAAGTTAGCTGGCCATGGTGGCACACACCTGTGGTCCCAGCGACTCAGGAGGCTGAGGCACAAAGATTGCTGGAGCCTAGGAGGTTGAGGCTGCAGTGAACCACTGCACTCCAGCCTGGGTGACAGAGAGACCCTGTCTCTTAGAAAAGAAAAGAAAA"
"GL873520","65233615","65233893","chr12","113638468","113638747","72","48404853","GACTGGGCAAGGTGCCTCACCCTGGTAGCCTAGCACTCTGGGATGCCAGGATGTGTGGATTGTTTGAGCTCAGGAATTGCAGACCACCCTAAGTAGGAGTGAGATCCCATCTCTACTAAAACAGAAAAACTATCCAGGTGTCATGGCAGGCACTGATAGTCCCAGCTACTGGGGAGCCTGAGACAAGAGGATTGCTTGAGCCCAGGAGTTTGAGGTTGCTGTGAGGTATAATAACACCACAGCCCTCTAGCCTGGGCAACAGAGTGAGACTATGTCTCA","GGCCGGGTGCGGTGGCTGATGCCTGTAATCTCAGCACTCTGGGAGGCCAAGGTGGGAGGCTTGTTTGAGCCCAGGAATTCCAGCCCAGCCTGTGTAACACAGAGAGACCCCATCTCTACAAAAAATAATAAGATTAGCTGGGGGTAGTGGCATGTGTCTATAGTTCCAGCTACTCGGGAAGCTGAGGCAGGAGGATCACTTGAGCCCAGGAGGTTGAGGTTGCAGTGAGCTATGATCACTCCACTGCACTCCAGCCTGGGCAACAGAGCAAGACCCTGTC"
"GL873520","65233919","65233934","chr4","2195053","2195068","3","63038866","CCAAAACGAAAGAAAA","ACAAAACAAAACAAAA"
"GL873520","65359603","65359765","chr10","35735599","35735752","41","29624004","GTGGCTCATGCCTGTAATCCAGCACTCTGGGAGGTCAAGGCTAGATGATCACTTGATTGAGTCCAGGACGTCCAGGCTGCAGAGAGCTGTGACTCTGCCACTGTACTCCAGCCTGGGTGTAGCATGAGACCTTGTATCTAAAAACAAGCACCAAACAAAAAAA","GTGGCTCAAACCTGTAATCCCAGCACTTTGGGAGGCCAAGGCCAGAGGATCACTTGATCCCAGGAGGCTGACGCTGCAGTGAGCCGTGATCATGCCACCACACTCCAGCCTGAGCAACACAGTGAGACGTTGTCTCTAAAAAAGAAAAAGAAAA"
"GL873520","65811521","65811636","chrX","5419188","5419305","32","60392333","GTAGCAGTTACTTAGGTGGCTGAGGCAGGAGGATCACTTGAACCTAGGAGTTCACGGTTGTTGTGAGCTATTATGATGCCAGTGCACTCTCCCCCAGAGGGATAGAGTGAGACTCT","GTCCCAGCTACTCTGGGAGGCTGAAGTGGGAGGATCACTTGAGCCTGGGAAGTTGAGGCTGCAGTGAGGTATGATTGTGCCAGTGCACTCCAGCCTGGCTGAGAGAGTGAGTCTCCGT"
"GL873520","65812040","65812202","chrX","9218405","9218573","37","56593635","GACCAGGCACGGTAGCTCACTCCTGTAATCCTGGCACTCTGGGAGACTGAGGCAGGTGGATTGCTTGAGCTCGGGAGTTGGAGATCAGCCTGAGCAAGAGCAAGACCCCATCTCTACTAAAAATAGAAAAACTAGCTGGGCTTTGTGCAGTCACCTGTAGTTA","GGCCAGGCGCAGTGCCTCACACCTGTAATCCCAGCACTTTGGGAGGCCGAGGCGGGTGGATCACTTGAGCTCAGGAGTTTGAGACCAGCCTGAGCAACATGGCAAAACCTCACCTCTACAAAAAAAATACAAAAATTAACCAGGCATGGTGGCAGGCACCTGTAGTCTC"
"GL873520","65944653","65944944","chr7","133126957","133127257","74","67182304","GGCCAGGCACAGTGGCTGACACCTATAACCCTAGCATTCTAGGATGCCAAAGCAGGTGGACTGCTTGAGCTCAGGAGTTTGAGACCAGACTGAGCAAGAGTGATTCCAGAACTCTACAAGAAGTAGAAAAATTAGCTAGGCATGGTGGCTCATGCCTATAGTCCCAGCTACACTGTAGGAGGCTAAGGCAGGATAGCTTGAGCCCTGCCTGTGGCTTGCTGTGAGCTGTGACACCAGGGCACTCTACCCAAGATGACAGAGGGACACTCAGTCTCAAAAAAAGAAAAAAAAA","GACCAGGCACAGTGGCTCACACCTGTAATCCCAGCACTTTGGGAGGCCAAGGCAGGTGGAATGCTTGAGTCCAGAAGTTCCAGACCAGCCTGGGCAACATGGTGAAACCCTGTCTCTACAAAAAATACAAAAATTAGCTGGGCATGGTGGCACATGCGTGTAGTCCCAGCTACTCAGGAGGCTGAGGCAGGAGGATTGCTTGTGGCCAGAAGGTTGAGGCTGCAGTGAGCCAAGATTGCACCACTGCACTCCAGCCTGGGTGACAGAGTGAGACCCTGTCTCAAAAAATAAAAAATAAAAA"
"GL873520","66312570","66312862","chr6","39411163","39411467","78","26901407","GGGCCGGTGGCTCTGCCTGTAATCCCAGCACTTGAGAGGCCAAGGTGGGTGGATTGCTTGAGCTCACAGGTTTGAGACCAGCCTGAGTCAGAGAGACACTTTATCTCTAAAAATAGATGGGTGTTGTGATGAGTGCCTGTAGTCCCAGCTACTTGAGAGACTGAGGCAAGAGAATCATTTAAGCCCAGGAATTTGAGGCTGTTGTGAGCTATGATGCCATGGCACTCTACTAAGGGTGACAAAGTGGTACTCTCTCTCAAAATAAATAAATAAATAAATAAATAAGAAGAAAA","CTGGGCGCGGTGGCTCACAGCTGTAATCCCGCATTTTGGGAGGCCAAGGTGGGCAGATTGCTTGAGCTCAGGAGTTTGAGACCAGCTATAGTCAACGTGGAGAAACCCCGTTTCTACAGAAATTAGCCAGGTGTAGTGGTGAGTGCCTGTAGTCCCAGCTACTTGGGAGGCTGAGGTGGGAGGATGACTTGAACCTGGAAGGTTGAGTTTGCACTGAGCCAAGATGGCAACACTGCACTCCAGCTGGGGCGACAGAGTGAGACCCTGTCTCAAAATAAATAAATAAGTAAATAAAAATAAATAAA"
"GL873520","66697774","66697947","chr12","66258613","66258792","41","439161","AAAAATAGAAAAACTAGCTGGGCATCATGGCAGATGCCCATAGTCCCAGGTAGTCTGGAGGCTCAGGCAGGAGGATCACTTGAGCCCAGGAGATTGAAGTTGCTGTGAGGTGTGATGCCATAGCACTCTATCCTAGGGCAACAAAGCGAGACTCTGTCTCAAAAAAAAAAAAAA","AAAAAACAAAAATTAGCCAGGCATGGTGGTACATGCCTGTAGCCCCAGCTATTCTGGTGGCTGAGGCAGGAGGATTGCTTGAGCCCAGGAGGTTGAAGCTGCTGTGAGCCGTGATTGGACCACTGCACTCCAGCCTGGGGGACAGAGTGAAACTGTGTCTCAAAAAAAAAAAAAAAAAAA"
"GL873520","66905740","66906006","chr1","109854612","109854879","75","42948872","CTGGTTGCAGGGGCTCATGTGACATGTAATCCTACCACTCTGGGAGGCCAAGGCGGGAGGATCACATAAGCTCAGGTATTTGAGACCAGCCTATAAGAGTGAGACTCTGTCTCTATTAAAACTAGAAAAGTTAGCTAGACATTGTGGTGGGCACTTGTAGTCCCAGCTACTCAGAAGGCTGAGGCAAGAGGATCCCCTGAGCCTGAGAGTTTGAGGTTGCTGTGCTGCCCAGGGCACAGAGGTAGCCTCTGTCTCAAAAAGAATAAA","GACTGGGTGCAGTGGCTGACACCTGTAATCCCAGCACTTTGGGAGGCCAAGGTGGGCAGATCACTTGAGCTCAGGGGTTTGAGACCAGCCTGGGCAACATGGTGAAACCCCATCTCTACTAAAAATACAAAAATTAGCTGGGCATGATGGTGTGCCCCTGTGGTCCCAGCTACTTGGGAGGCTAAGGTAGGAGGACCATTTGAACCCAGGAGGTTGAGGTTGCAGTGAGCCATGATGGCACCAGAGTAAGACCCTGTCTCACAAAAAA"
"GL873520","67860832","67861100","chr1","76509011","76509296","71","8648179","GGGCATGGTGGCTTATCCTATACTCAATCCTAGCACTCTGGGAGGCCAGGCAGGAGGATCTCTTGAGCTTGGGAGTTTGAGATTAGACTAAGCAAGAGTGAAATCCTGTCTCTACTAAAAAAGAAAAATTAGCCAAGTGTTGTAGTGGGCACCTGTAGTCCCAGCTACTCAAGAGGCTGAGGCAGGAGGATTGCTTGAGCCCCGAAGTTTGAGGTTGCTATGAGCTGGGCACTCTATTCTGGGCAACAGAATGAGATTCTGTCTCAAAA","CCAGGTGTGGTGGCTTACACCTATAATCCCAGCACTTTGGGAGGCCAAGGCAGGAGATCACTTGAGCTTAGGAGTTTGAGACCAGCCTTGGCAACACAGTGAGACCCTGTCTCTACAAAAAATACAAAAATCAGCCATGTGGGATGGTGCCCACCTGTAGTCCCAGCTACTCAGGAGGCTGAGGTGGGAGGATGGCTTGAGCCAGGGAGATAGAAGTTGCAGTGAGCCAAGATTGTGCCACTGCTTTTCAGCCTGGGCAACAAAGTCAGACTCTGTCTCAAAAAAA"
"GL873520","69062088","69062263","chr7","70866847","70867027","48","1804759","TTAAAAAAAAAAAAAATAGAAAGACTGGCTAGACGTTCTGGCTGGTGTCTGTAGTCCCAGCTACTAGGGAGGCTAAGGCAAAAGAATCACTTAAGCCCAAGAGTTTGAGGTTGCTGTGAGCTATGATGGCACAGCACTTTACCAAGGGTGACAAAGTGAGACTCTGTCTCTAAAAA","CTTATTTAAAAAAAAAAAAATAGCTGGGCATGGCCATGGTGGCACATGCCTGTAGTCCCAGCTACTCGGGAGACTGAGGCAAGAGGATCCCTTGAGCCCAGAAATTGGAGGAGGCAGTGAGCTATGATTGTGCCACTGCACTCCATCCTGGGTGACAAAGCAAGACTCCATCTCAAAAAAA"
"GL873520","69062538","69062668","chr13","30541906","30542038","27","38520632","GGCTGGGTGTGGTGGGTCACACCTATAATCCTAGCACTCTGAGAGGCTGAGGTGGGTGGATTGCCTGAGCTCAGAGTTTGAGACCAGCCTAAGCAAGAATGAGACACATCTCTATTAAAAATAGAAAGACT","GGCTGGGTGCGGTGACTCACACCTATAATCCCAACACTTTGGTAGGCTGAGGTGGGTGGATTGATTGAGCCCAGAAGTTTGAGACCAGCCTGGGCAAAATGGTGCAACCCCATCTCTACAAAAAATACAAAAA"
"GL873520","69122097","69122374","chr2B","205101704","205101992","75","135979607","GGGTGGGAGCAGTGACTCATGCCTGTAACCTTAACACTCTGGGAGGTCAAGATGGGTAGATCACCTGAGTTCAGGAGTTCGAAACCAGTTTGAGCAAGAGCAAGACCCCATCTCTACTATAAATAGAAAAACTATCCGGTGTTGTAGTGGGTGCCTGTAGGCCCAACTACTTGGGAAGCTGAGGCAAAAGGATCACATGAGTCCAGGAGTTTGAGGTTGCTGTGAGCTATAATGCCAGGACACTCTACCCAGGACGTCAGAGTGAGAGAGTCTCAAAA","GGCTGGGCACAGTCACTCATGCCTGTAATCCCAGCACTTTGGGAGGCTGAGGTGGGTGGATCCCTTGAGTCCAGGAGTTCGAGAGCAGCCTGGGCAACAGGGCGAAACCCTGTCTCTACTAAAAGTACTAAAATTAGCCAGGTGTGGTTGCATGTGCCTGTAGTCCCAGCTACTAGGGAAGCTGAAGTGGGAGGATCACTTGAGCCCAGGAGGTGGAGGCTGCAGTGAGCTGTGATCATGCCACTGGCACTCCAGCCTGGATGACAGAGTAAGACCCTATCTCAAAAAA"
"GL873520","69132087","69132220","chr5","89100215","89100340","36","19968128","GCTGGACACGGTAGCTCATGATTGTAATCCTAATACTTTGGGAGGCTGAGGCAGGTGGATTGATTGCCTGAGCTCACAGGTTCAAGATCAGCCTGAACCAGAGAGAGACCCCCTCGTCTAAAAATAACTGATTG","GGTTGGGAGCCGTGGCTCATGACTGTAATCCCATAACTTTGGGAGACAGAGGCAGGAAGATTGCCTGAGCTCACAAGTTCAAGACCAGCCAGAACAATGCGGTGAAACCCCATCTCTACAAAAAAT"
"GL873520","69132506","69132665","chr1","54558782","54558941","40","14573724","AAAAAAAAAGCTAGGTATCGTGGCTGGCACCTGTAGTCCCAGCTACTTGGGAGGCTGAGGCAAAAGAATCACCTGAGCCCAGGAGTTAGAGGTTGCTGTGAGCTATGACGCCATGGCACTCTATCAAAGGTGATAGAGTTAGACTCTGTTTCAAAAAAAA","AGAATTGACTGGGTATGGTGGCACATGCCTACAGTCCCAGCTACCTGGGAGGCTGAGGCAAGAGGATCGTGTGTGCCCAGGAGTTCGAGGCTGCAGTGAGCTATGATCACGCCATTGCACTCAGCCTGGATGATAGAGTAAGACCCTGTCCCTAAAAAAA"
"GL873520","69353400","69353535","chr4","62502184","62502318","29","6851216","GGCTGGGCATAGTGGTTCATGCCTGTAGTTCTATCTCTCTGGGAGGCTGAGGCGGGTGGATTGCTTGAGCTCGGGAGTTCAAGACCAATCTGAGCAAGAGTGAGACCCCATTTCTATTTTAAAAAAGTAGAAAAGT","GGCTGGGCATGGTGGCTCATGCCTGTAATTCTAGCACTTTGGGAGGCTGAGACGGGTGGATTGCTTGAGCCCAGGAGTTCAAAACCAGCCTGGGCAACAATGTGAAACCCTGTCTCCACAAAAAATACAAACATT"
"GL873520","69353815","69353988","chr10","56775428","56775612","44","12578387","CTAGCTAGGCATTGTGGGCACCTGTAGTCTTAGCTACTTGGGAGACTGAGGCAAGAGGATTGCTTCAGTCTAAGAGTTTGAGGTTGTTGTCAGCTGACACCACAGTGCTCTAGCCCAGGCAATAGAATGAGACTCTGTCTCAGAAATAAATAAATAAATAAATAATAAAATAAA","TTAGCCAGTTGTGGTGGTGCACAGCTGTAGTCCTAACTACTTGGGAGACTGAAGCAGGAGGATTGCTTGAGCCCAAGAGTTTGAGACTGCAGCAAGCTATGATTGTGCCACTGCGCTCCAGCCTGGGCAACAGAGGAAGACTCTGTCTCTATAAATAAATAAATAAATAAATAAATAAATAAATA"
"GL873520","69844761","69844932","chr10","90868422","90868591","50","21023661","TACACAAATTAGCTGAGCACAGTGGCTCCTGCTAATAGTCTTAGCTACTCAGGAGGCTGAGACAGGAGGATTGCTTGAGGCCAAGAGTTTGAGGCTGTCGTGTACAATGATCACATTAATGAATAGCCACTGCCCTCCAGCCTGGACAATGTAGCAAGGGGTTATCTCCAAA","AAAATGTAAAATTTGGCCAAGCAAAGGTGGCATACATGCCTGTAGTCCCAGCTATTCAGGAGGCTGAGGCAGGAGGACTGCTTGAGCCCAGGAGTTTGAGGCTGTAGTGGGCTGCGATCATACCAGTGAATAGCTACTGCACTCCAGCCTGGACAACATAGCAGAAACCC"
"GL873520","70264235","70264511","chr1","28750736","28751025","63","41513499","GGTGTGGTGGCTCACGCCTATAATCCTAGCTCTCTAGGAGGCTGAAGCAGATGGATTGCTTGAGCTCAGGCATTGGAGACCAGCCTGAGCAAGAGCAAGACCCTGTCTCTAAAAAAACTAGCTGGGTGTTGTGGCAGGCACCTGTAGTCCTAGCTACTTGGGAGGCTGAGGTAGGAGAATCACTTGAGCCCAGGAGTCTGAGATTGCCGTGAGCTGTGATGCCACAGCTCTCTACCGAGGGCAACAAAATGAGACTCTGTCTCAAAGAAGAGAAAAA","GGTGTGGTGGCTCACGCCTATAATCCCAGCACTTTGGGAGGCTGAGCCAGGTGGATTGCTTGAGCACAGGAGTTTGAGACCAGCCTGCACAATATGGCAAAACCCTGTCTCTACAAAAACTACATATATTAGCCAGGTGTGGTGGTATGTGCCTGTAGTCCCAGCTACTTGGGAGACTGAGGCAGGAGGATCAATTGAGCCCAGGTGGTTGAGGCTGCAGTGAGCTGTGACTGCATCACTGCACTCTAGCCTGGACGACAGAGCAAGACCCTGTCTCCAAAAAAAAAAAA"
"GL873520","70264772","70264787","chr1","172062035","172062048","2","101797263","AATAAAATAAATAAAA","AAAAAATAAAAAAA"
"GL873520","70431995","70432168","chr7","119029682","119029843","46","48597687","GGGGCATGGTGGCGCGTGCCTATAGTGTTAGCTACTCAGGAGGCTGAGGCAGGAGGATCACTTGAACCAGAAATTCAAGGTTACAGTGAGCTGTGACACACCACTCCAACCACTCCAGCCTGGAGGATAGGAGGATAGAGCAAGACACCATCTCTAAGTAGAGAAAAGAAAAAA","TAGCTAGGCATGGTGGTGTGTGTCTGTAGCCCTAGCTACTCAGTAGGCTAAGGCAGGAGGATCACTTGAGCCCAAGTTCAAGGTTACAGTGAGCTATGATTGTGCCACTGCACTCCAGCCCACGTGATAGAGCAAGACTCTATCTCTTAAAGAAAAAAAAAA"
"GL873520","70432195","70432319","chr7","55380099","55380223","24","15052096","GGTCAGGTTACAGTGGCTCATGCCTGTAACTCCAGTGCTTTGGGAGGCCAAGGTGGAAGGATCACTTGAGCCCAGAAGTTTGGGACCATCCTGAGCAACATAACCAGATCCTAACTCTAATAAGA","GGTCAGGCACAGTGGCTCATGCCTGTAATCCCAGCACGTTGGGAGGCCAAGGCAGGAGGATCACTTGAGCCCAGGAGTTTGCGACCAGCTTGGGCAACATGGTGAGACCCTATCTCTACAAAGAA"
"GL873520","70561444","70561605","chr17","5354151","5354316","34","65207293","AATTAGCCAGGCATGGTGGCTCAGGCTTGTAGTCCTAGCTATTCAGGAGGCTGAGGCAAGAGAATCACTTGAGCCTAGAAGTTTGAGGTTGCTGTGAGCTATGACGCCATGGCACCCTACCCAGGGTGACTGAGTGAGACTGTCTCAAAAAAAAAAAAAAAA","TTAGCCAGGCATGGTGGTACATGCTTGTAGTCCCAGCTACTTGGGAGGCTGAGGTGGGAGAATCCCTTGAGCCCAGGAGTTTGAGGTTGCAGTGAGCTATGATTGTGCCACTCTGCATGCCAAGTCTGGGTGACAGTGAAACTGTCTCAAAAGAAAAAAAAGAAAA"
"GL873520","70561626","70561754","chr5","38564696","38564817","26","31996930","GGCTGGGTGCAGTGGCTGATGCCTGAAATCCTAGCATTCTGGCAAGCTGAGGTGGCAGGTGGATTGCTTGAGCTCAGGAGTTTGAGACCAGCCTGACCAAGAGCAAGACCCTGTCTCTACTAAAAATAA","GGCTGGGTGCAGTGGCTCATGCCTATAATCCTAACATTTTGGGAAGCTGAGGTGGGTGGATCGCTTGAGCCCAGAAGTTTGAGACCAGCTTGGGCAACATAGTGAGACCCTGTCTCTATAAA"
"GL873520","70984973","70985269","chr19","61169515","61169813","69","9815458","GCACAGAGGCTCATACCTATAATCCTAGCACTCTGAGAGGCCGAGGTTGGTGGATCACCTAAGCTCAGGAGTTTGAGACCAGCATGAGCAAGAATGAGACCCTATCTCTACTAAAAATAGAAAAACTAGCCAGATGTTGTGGTGGGTGCCTGTAGTCCCAGATACTTAGGAGGCTGAGGCAGGAGGATGGCTTCAGCCCAAGAGACTGAGGTTGCTATGAGCTGTGAAGCCATGGCACTCTACTGAGGGCAACAAAGTGAGACTGTGTCTCAAACAAATAAAATAAAATAAAAATAA","GGGCACAGTGGCTCTTTCCTGTAATCCCAGCACTTTGAGAGGCTGAGGTGGGAGGATCACTTGAGTCCAGCAGTTTGAGACCAGCCTGGGCAATACAGTGAGACCCTGTCTCTACAAAAAATATAAAAATTAGCTGGGTGTGTTGGTGCCTGCCTGTGGTCCCAGCTGCTCAGGAGGCTGAGCCAGGAGGATGGCTTGAGCCCAGGAGGTCGGGGCTGCAATGAGCCGAGAGGTCATGCCACCGCTCCAGCCTGGGCGACAGAGAGAGACCCTGTCTTAAAAAAAAAAAAAGAAAAAAA"
"GL873520","71031217","71031408","chr4","57296207","57296386","48","13735010","AAAAAAGATAGAAAAATAAAGTGAGCATAGTGGTGTGTCATAAGTAGTCCCAGCTACTTGGCAGGCTGAGGCAGGAGCATTGCTTGAGTCCAGGAGTTTTAGGTTGCAGTGAGCTGTGATGACATGATGCCACTGTGCTCTATCCTAGGCAACAGAGCAAAACCCTGTGTCAAACAACAACAACAATAAAAA","AAAAAAGAAAAATTAGCCAGGCATGGTGGCATGTGCCTGCAGTCCCAGCTACTCAGGAGACTGAGGTGGGAGGATTGCTTGAGCCAGGGAGATTGGGGCTGCAGTGAGCTGTGATATCATGCCACTGTACTCCAGCCTAGGCCGCAGAGTGAGACCCTGTCTCAAAACAAAAACAAAAAA"
"GL873520","71031681","71031796","chr19","18214436","18214546","24","52817245","CTGTAATCCTAGCACTTTGGTAGGTTGAGGTGGGAGGATTGTTTGAAGCTAGGAATTCAAGACCAGTCTTGGCAACATAGTGAGACCCTGTCTCTGCAAAAAATTAGAAAAATAAT","TGCAATCCCAGCACTTTGGGAGGTTGAGGCAGGAGGATCACTTGAGCCCAGGATTCGAGATCAGCCTGTGCAACATGGTGAGACCCTGTCTCTACAAAAAGTAGAAAAATT"
"GL873520","71086533","71086689","chr8","38296068","38296228","42","32790465","CTAGCTGGGTGTTATGGTGGGCACCTGTAGTCCCAGCTACTCCGAAGGCGGAGGCAAGCAGATCACTTAAGTCCAAGAGTTTGAGATTGCTGTAAGCTATGATGATGCCCTGGATTTCTACTCAGCATGACAGAGTGACACTGTCTCAAAAATAAAA","TTTAGCTTGGTGTGGTGGTGGACACCTGCAATCTCAGCTACTCAGGAGGCTGAGGCAGGAGGATCACTTGAGTCCAGGAGTTTGAGGCTGCAGTAAGCAATGATTGTACCATTGCATTCCAGCCTGGGTGACAGAGTGAGACCCCATCTAAAAAAAAAAAA"
"GL873520","71086953","71087087","chr22","28422281","28422416","25","42664672","GGCATGGGGTGGTGGCTCACACCTGTAATCCTAGCACTCTGGGAAGCCTAGAGGGGTGGATTGCTTGAGCTCCGGAGTTCAAGACCAACCTTGAGCAAGAATGAGACCCCATCTCTACTAAAAATAGAAAAAGTA","GGCAGGGCGTGGTGCCTCACACCTGTAATCCCAGCACTTTGGGAGGCTGAGGTGGGAGGATCGCTTGAGTCCAGGAGTTCAAGACCAGCCTGGGCAACATGGTGAAACCCCATCTCTACTAAAAATAAAAAAATTT"
"GL873520","71331890","71332125","chr20","30673841","30674091","64","40658049","GCCTGTAATCCTATCACTTTGGGAGGCTGAAGTGAGTGGATTACTTGAGCTCAGGAGTTTGAGACCAGCCTAAGCAAGAGCATGACTCTGTCTCTACTAATTAGAAAAATCAGCCAGGCATGGTGGCAGGCACCTGTAGTCCCAGCTACTTGGGAGGCTGAGGCAAGAGGATTGCTTGAGCCGAAAAGGTTGCTGGGAGCTACGATGCCAGAGCAACAGACTAAGACTCTGTCTCA","CACGCGTGTAATCCTGGCACTTTGGGAGGCCGAGGCAAGCGGATTGCTTGAGCTCAAGAGTTCGAGACCAGCCTGGGCAACATGGCAAAATCCTGTTTCTACGAAAAAAATACAAAAATTAGCCGGGCATGGTGGCACACACCTGTAGTCCCAGCTGCTTGGGAGGCTGAGGCAAGAGGATTGCTTGAGCCCGGGAGGTAGAGGCTGCAGTGAGCTGAGATCACGCCACTGCACTCCAGCCTGGGCGACAG"
"GL873520","71345766","71346024","chr1","36477448","36477714","67","34868318","CCAAGTGCAGCAGCTCCCACCTAAAATCCTAGCACTCGGGGAGGCCAAGGAGGGTGGATCACTTGAGAGCAGAAGTTCAAAACCAGCCTGAGCAAAGGGTGATCCCATCTCTACTAAAAATAGAAAAATGGGTTGGTCACAGTGGCAGGTGCCTGTAGTCCCAGCTATTTAGGAGGATAAGGCAGGAGGATCACTTGAGCCCAGGAGTTTGAGGTTGCTCTGAGCTAAGCTGATGCCACTCTAGTCTGGGCAACACAGC","CCAGGTGCAGTAGCTCACCCCTGAAATCCTAGCACTCTGAGAGGCCAAGGCGGGTGGATCACTTGAGCCCAGGAGTTTGAGACCAGCCTGGGCAACATAGTAAGACCTCATCTCTACAACAAATACAAAAATTAACTGGGCATGGTGGTTTGTGCCTATAGTCTCAGCTACTCAGGAGGCCGAAGCAGGAGGATCATCTGAGCCTGGGAGGTCAAGGTTGCAGTGAGCCGTGATCAAGCCACTGCACTCCAGCCTTGGCCACAGAGC"
"GL873520","71346046","71346069","chr9","124703980","124704002","4","53357934","TTGTTAAAAAAAAATAAAAAAGAA","GTCTTAAAAAAAAAAAAAAAAAA"
"GL873520","71514260","71514298","chr19","16922261","16922295","7","54591999","CAGAGTGAGACTCTTGTCTCAAAAAAATAAAATAATAAA","AAGTGAGACTCTGTCTCTAAAAAAAGAAAAAAAAA"
"GL873520","71514393","71514660","chr22","25275994","25276259","77","46238399","GGCCAAGTGCCATGGCCCATACCTATATAATCCAGCACTCTTGAGAGGTCAAGGCAAGAGAATACCTTGAGCTAGACTTCCAGACCAGCCTGAGCAAGAACAAGACTCTGTCTCTGCTGAAAATAGAAAAACTAGCCAGGCATGGTGGTGGGTGCCTCTAGTTCAGCTACTCAGGAAGCTGAGGCAAAAGAATCACTTGAACAAGAGTTTGAGGTGTGATCTAGGCTGATGCCATGGAACTGTAGCCTAGGGCAACAGAGTGAGACTA","GGCCAGGTGCAATGGCTCATGCCTGTAATCCCAACACTTTGGGAAGCCAAGGCAGGCCAATCACTTGAGCTCAGGAATTCGAGACCAGCCTGAGCAACGTGGCAAAATCCTGTCTCTACAAAAAATAGCCAGGCATGGTGGTGGGTGCCTGTAATCTCAACTACTCGGAGGCTGAGGTGGGAGGATCGCTTGAGCCTGGGAGGCGGAGGTTGCAGTGAGCCATGATTGCGCCACTGAACTTCAGCTGGGGCGACAGAGTGAGACTC"
"GL873520","71587735","71587853","chr1","93453408","93453531","26","21865673","GTTGGGCACAGTGGCTCACATCTATAATCCCATCTACTTGAGAAGACTGATGCAGGTTTACCTGAGCCTAGGAGTTTGAGAACAGCTTGGGCAACATAATAAAAGCCCATCTCAAAAAA","GGCCGGGCACAGTGGCTGACACCTATAATCCCAGCACTTTGAGAGGCTGAGGTGGGAGGATCCATTGAGCCTAGGAGTTTGAGACCAGCCTGGGCAACATAGTAAAACCCCATCTCTGCAAAAA"
"GL873520","71662488","71662658","chr5","74746592","74746764","42","3084104","TTAACCAGGCATAGTGGAGGGAACCTGTAGTCCCAGCTATTCTGGAGGCTGATGCAGGAGGATCATTCGAGCCCAGGAGTTGGGGGGTGCTGGAAGCTATGATGATGTCACTGCACTCTACCCAGGGAGACACAGCAAGACTCTCTGCAAAAAGAAGAAGAGACGAGAAAA","TAACCAGGCATGGTGGTGTGTACCTGTAGTCCCAGTGACTGGGGAGGCTGAGGCAGGAGGATCACTTCAGCCCAGGACTTTGAGGCTACAGCGAGCTACGATTGTGCCACTGCATTCCAGGCTGGGTGACAGAGCAAGACGGTGTTTGAAATAAAGAAAAAGAAAAGAAAAAA"
"GL873520","71662950","71662998","chr1","40803029","40803077","13","30859921","AGTCTGAGCAAGAGTGAGACCCTGTATTTACTAAAAATAGAAAAATTAG","AGCCTGAGCAATATAGTGAGAACTTCTCTCTACAAAAATTAAAAAATTA"
"GL873520","71712370","71712500","chr3","132031399","132031533","29","60319029","CCAGGCATGGTGGCTCATACCTATAATCCTAGCACTCTGGATCTCCAAGGTAGGTGGATTGCTTGAGCTCACAAGTTCGAAACCAGCCTGAGCCAGAGCGAGACCCTGTCTCTATTAAAAATAGAAAAACT","GGCCAGGCATGGTGGTTCATGCCTATAATCTCAGCACTTCAGGAGGCCAAGGCAGGTGGATCACTTGAGCCCAGGAGTTCGAGACCAGCCTGAGCAACACGGCAAAACCCCGTCTCTACAAAAAATACAAAAATT"
"GL873520","71712775","71712792","chr1","131951482","131951496","4","60238707","TAAAAATATAAAAACTAT","AAAAAATAAAAATAA"
"GL873520","71713073","71713252","chr5","39633857","39634030","47","32079216","AGATAATAGAAAAACTAGCTGGGCATTATGGCGGGCACCTATAGTCCCAGCTACTCAGGAGGCTAAGGCAGGAGGATCACTTGAGCCCAAGAGTTTGAAATTGCTAGGAGCTATGATGCTATGGGACTCTACCCAGGGCGAAACAGTAAAATTATGTCTCAAAAAACAAAAATTAAAAAA","AAAAAATACAAAAATTAGGTGGGTGTGGTGGCAGGCACCTGTAGTTCCAGCTACTTGGGAGGCTGAGGCAGGAGGATCACTTGAGCCTGGGAGGTCAAGGCTGCAGTGAGGTGGAGCATTGTAATCTAGCCTGTGTGACAGAGTAAGAGCCTGTCTCAAAAAACAAAAATAAAA"
"GL873520","71715674","71715793","chr1","134480867","134480991","30","62765193","GGCTGATACCTGTAATCCTAACACTCTGGGAAGCAAAGGCAGGATTCCTTAAGGTTAGGAGTTCAAGAACAGCCTGAGCAAGAGTAAGCCCCGTCTCTACTGAAAATAGAAAAATTAAGT","GTGGCTCATGCCTGTAATCCCAGCACTTTGGGAGGCCAAGGAGTGAGGATTGCTTAAGTCCAGGAGTTCAAGAACAGCCTGGGAAACATAGTAAGATCCTGTCTCTACAAAAAATAAAAAATTGT"
"GL873520","71716045","71716235","chr19","13448557","13448737","51","58267488","CAAAAAAAAAGAAAGAAAGAAAAAGAAAAATTAGCTGGGCATTGTGGCAGGCATCAACAATCCCAGCTACTTGGGAGACTGAGGCAGGAGGATCTTTTGAGTCCAGGAATTTGAGATTGCTGTAAGCTAGGCTGATGCCACAGCACTCTAGCCTAGGCATCAGAGAGAGACTCTATCTCAAAAAGACAAAA","AAAAAAAAAAAAAAAGGTTTTATTAGCCAGGCATTGTGGTACACACCTATAGTCCCAGCTACTCAGGAGGCTGAGGCAGGAGGATTGCTTGAGCCCAGGAGGTTGAGGCTGCAGTGAGCTATTTTCACACCACTGCACCCCAGCCCAGGCAACAGAGTGAGACTGTTTCTAAAAATAAAAA"
"GL873520","71721242","71721360","chr1","32371726","32371849","31","39349516","GGATCAAGCCTGTAATCTCAGCATTCTGGGAGACTGAGGCAGGGGATCTCCTGAGCCCATGAGTTTGAGACCAGCTCTGAGCTAAAGGGAGACCCTGTCCCTAAAAAAACAGCTGCTGG","GTGACTTATGCCTGTAATCTCAGCACTTTGGCAGGCTGAGGAGGGTGAATCCCTTGAGCCCAAGAGTTTGAGACCAGCCTGGGCAACATAGGGAGACCCTGTCTCTGTACAAAATACAAAAATT"
"GL873520","71721650","71721811","chr4","75562087","75562252","42","3840437","CAGCTGGGCGACAACGCAGGCACCTATAGTCCTAGCTACTCAGGAGGCTGAGACAAGAGAATTGCTTCAGCCCAAGAGTTTGAGGTTGCTGTGAGCTATGACGCCATCCCAGCACTCTACAGGAGGTGACAAAATGAGACTCTCTCAAAAAAAAAAAAGAAA","TTAGCTGGGTGTGGTGGCATGCACCTGTAGTCCCAGCTACTTAGGAGGCTGAGGCAAGAGGATCACTTTAGCCCAGGAGGTGGAGGTTGCAGTGAGCTGAAATCATACCACTGCACTCCAGCCAGGGTGACAGAGTGAGACCTTGTCTCAAAAATAAATAAATAAA"
"GL873520","71738069","71738113","chr19","42973848","42973891","12","28764221","CCAGAGCAACAAAGTTAAACTCTATGTCAAAAAAATAAAAAATAT","AGCCTGGGCAACAGAGTGAAACTCCATCTCAAAAAAAAAAAAGA"
"GL873520","71738384","71738456","chrUn_GL394842","4208","4284","23","71734176","TAAAATAAAATATAGTCAGGTATAACAGGGCATGTCTGTAATCCTAGCTACTTGAGAGGTTGAGGCTGGAGGA","TACAGATAGAGAAAAATAGCCAGCCACGATGGCTCATGCTTGTAATCCCAGCACTTGGGAGGTTGAGGCAGGCGGAT"
"GL873520","71738738","71738846","chr3","185862422","185862530","31","114123684","TGGGGCTGGAAGATTGATTGAACCCAGGAGGGTGAGGCTGCAGTGAGCTATGACTACACCACTGTACTCTATTCTGGGCAAGATCCTATTCTCTATAAATAAATAAAAA","CGAGGTGGGAAGATTGCTTGAGCCCAGGAGGTTGAGGTTCCAGTGAGCTATGATTACACAACTGCACTCCAGCCTGGTGGCAGAGTGAGACCCCGACTCAAGAAAAAAA"
"GL873520","71765107","71765191","chr19","13677223","13677304","25","58087884","TGGCTCAAATCTGTAATCCTAGCTTTCTGTGAGGCATAGGCAGGAGAGAGGATCCTTTGAGCTCAGTTCAAAACCAACCTGGGCA","TGGTTCACGTCTGTAATCCTAGCACTTTGGGAGGCCAAGGCAGGCAGATTGCTTGAGCTCAGGAGTTAGAGACCAGCCTGGG"
"GL873520","71765470","71765741","chr2A","43992291","43992526","94","27773179","CCAAAAAACAAAAAACAAAGACCAGCCTGGATATGAGCAAAACCCTACTCTACTAAAAATGAAAAATTTGTAGTGGACACTTGTAGTCCTAGCTACTTGGGAGGCTGAGGAAAGAGGATCGCTTCAGCCTAGGATTTGAGGTTGCTGCAACTTAGGCTGACACTATGGCACATTGCACGGCACATCCCCCATGGCACTCCAGCCTGGGAAACAAAGTGAGATTCTGTCCCACAAACAAACAAACAAACAAAAAAAAAAAAAAGAAAGAAAGA","CCAGGCTAGACAATATAACAAGACCCCATCTCTACAAAAATAATTTTAAAAATTAGCTGGATGTGGTGGCATGCACCTGTAGTCCCAGATATTTGGGAGGCTGAGGTGGGAGGATCGCTTGAGCCCAGGAGGTTGAGGCTACAGTGAGCCATGATCATGCCACTGCACTTCAGCCTGAGCAACAGAGAAAGACCCTGTCTCAAAACAAAACAAAACAAAAAAGAAAGAAAAGAAAA"
"GL873520","71859434","71859575","chr15","20896405","20896549","32","50963029","CCAGGCACGGTGGCTCACAGTGTAATCTTAGCATTCTGGGAGACCAATACGGGAGGATCCCTTGAGCTCAGAAGTTTGAGACCAGCCTGAGCAAGACCAAGACCCCCATCTTTACTAAAAATAGAAAAATTAGCCAGGCGGG","GCCAGGTGCAGTGGCTCACGCCTATAATCCCAGCACTTTGGGAAGCCAAGACGGGAAGATTGCTTGAGCCCAGGAGTTTGAGACCAGCCTGAGTGACATAGCAAGACCCCCATCTCTACTAAAAATTTAAAAATTAGCCAAGCAT"
"GL873520","71859848","71860010","chr6","108647140","108647303","33","36787292","TTAGCCAGGCATTGTGGCTGGCACCTATAGTTCTAGCTACTTGGGAGGCTGAGGCAGGAGGATTGCTTGAACCCAGGAGTTTAAGGTAGCTTTGAGCTATATTCACGCTACAGCACTCTACCCAGGGCAACAAAGGGAGACTCTGTCTCAAAATAAAAAAAAA","ATTAGCCAGGTGTGGTGGCATGCACCTGTAGTCCTAGCTACTTGGGAGGCTGAGGCAGGAGGATTGCTTGAGCCCAGCACTTCGAGGTTATGGTGAGCTATGATCGCGCCACCACACTCCAGCATGGGCAACAGAGCAAGACTCTGTCTCAAAAAAAGAAAAAA"
"GL873520","71889809","71889896","chr4","102587702","102587786","18","30697893","GACCATGCATGGTGACTCATCACCTGTAATCCTAGCACTGTGGGAGGCAAAGGCAGAAGGACCACTTGACCTCAGGAGTTCGAGACTA","CCAGGCATGGTGGCTCATGCCTGTAATCTCAGCACTTTGGGAGGCCGAGGTAGGAGGATCACTTGAGCCCAGGAGTTCAAGACCA"
"GL873520","71906463","71906554","chr1","100475713","100475809","24","28569250","AGGCTAAGCTGGGAGGACTGATTGAGGCTAGGGGTTTGAGACCAGTTTGGACAACACAGCAAGACCTTGTCTCTATAAAAAATAGAAATTTA","GCCAAGGTAGGAGGATTGCTTGAGCTCAGGAGTTTGAGACCAGCCTGGGCAACACAGAAAGACCTTGTCTCTCTTAAAAATAAAAATAAAAAATATA"
"GL873520","71906841","71906992","chr12","112046931","112047085","37","40140090","ATTAATTAGCCAGACATGGTGGCATGCACTGTAGTCCCAGATGCATGGGACTGAAGCAGGAGGATCACTTAAGCCTAGGCATTCATTCAAAGTTGCAGTGAGCTACAATGGTGCCACTGCACTCTAGCCTGGCAGCAGAGTAAGACCCTATC","TAATAATTAGCTGGTCATGGTGACACGCACCTATAGTCCCAGCTACTAGGGAGGCTGAAGCAGAAGGACCGCTTGAGCCCAGGAGATCAAGGTTGCTGTGAGCTACGAATGCGCCACTGCACTCTAGCCTGGGCAACAGACCAAGACCCTGTCTC"
"GL873520","71931007","71931245","chr1","31981787","31981992","76","39949220","AGCCTGGACAACATAATGAGACACATACACACCCCCCACAATCTCTTCAGAAAATTTTTTAAAAGATTAGCCAGGCATAGGGGTGGCTGACCTAGGTGGTAGTGCTAGCTACTCACAAGGCTGAGGCAGGGGGATCACTTAAGCCCAGAAGTTTCAGGCTGAAGTGAGCCTCTACCCTGAACTACACAGGCCACTACATTCTCACCTGGGCAACAGAGTGAGACCCTGTTTTAAGAAAA","CAGCCTGGGCAACATGGCAAAACCCTCTCTCTACAAAAAAATATAAAAAATTATCCAGGCATAGGGGTGCATGCCTGTAGTCCCAGCTACCTGGGAGGCTGAGGCAGGAGGAACATTTGAGCCTGGGATTCAGAGGTTGCAGTGAGCCGAGAACACGCTATTACACTCCAGCCTGGGCGACAGAGAGAGACCCTGTCTCAAAAAAA"
"GL873520","71932480","71932573","chr8","83164751","83164843","25","11232271","GTAGCTTACTCCTCGAATCCTAGCACTGTGGGAGGCCCAAGCACTAGCATCCTTTGAGCTCAGGAGTTTGAGACCAGCCTGAGCAAGAAGGTGA","GGTGGCTCATGCCTGTAATCCAAGCACTTAGGGAGGCAGAAGCAGGAGGATCACTTGAGCCCAGCAGTTTGAGACTAGCCTGGGCAAGATAGT"
"GL873520","71942126","71942402","chr1","45387048","45387332","80","26555078","TGCCTCACGCCTGTAATCCTAGCATTCTGTGAGGCCAAGTCAAGTGGATTGCTTGAGCTCACAAGTTCCAGACCAGCTTGAGTGAGAGCAAGACCCTGTCTCTAAAAAATAGCCAGGCGTTGTGGCAGGCACCTGTAGTCCTAGCTACTTGGGAGGCTTAGGCAGAAGGATCGCTTGAGCCCAAGTATTTGAGGTTTCTGTGAGCTATCACACCATGGTACTCTTCCAAATATGACAGAGAGAAATTCTATCTCAGATAAATAAATAAATAAATAAA","GCATGGTGGCTCACACCTGTAATCCTAGCATTTTGGGAGGCCAAGGTGGGTGGATTACTTGAGTTCAGGAGTTCAAGACCAGCCTGGGCAACATGGCAAAACCCTGTCTCTACAAAATATTAGCCAGGTGTGGTCAGTCGCCTGTAATCCCAGCTACTTGGGGGCTGAGGCAGTAGGATCACTTGATCCCAGGAGATAGAGGCTGCAGTGAGTCAAGATCACACCACTGCACTGCAATCTGGGTGACAAAGTGAGACCCTGTTTCATTAAAAAAAAAAAAAAAAA"
"GL873520","71967300","71967397","chr12","110843818","110843910","27","38876518","GAGAGAGAATTTGAGGTTGCTGTGAGCTATGATGCCACAGTATTCTACTCAGGGCAACAGAGTAAGTGAGACTCTGTCTCAATAAATAAATAAATAAA","CGAGAGGTCGAGGCTGCTGTGAGCCATGATCGCACCACTGCACTCCAGCCTGGGCGACAGAGTTGAGACCCTGTCTCAAAAAAGAAAAAAAAA"
"GL873520","71967680","71967795","chr16","29587398","29587507","36","42380282","AAAAGAAAAGAAAAAAATAGAGAAAATAGCCAGCCGTTGTGGTGGGCACCTGTTATCCCAGCTACTTGAGAGGCTGAGGTAAGAGGATCTCATGAGTCTAAGAATTTGAGGTTGCT","AGAAAGAAGAAAAGAAAATTAGCCAGGTGTGGTTGCATGCACCTGTAGTCCCAGCACTTTGGGAGGCCAAGGCAGGAGGATCAATCAAGGCTAGGAGTTTGAGACTGCAG"
"GL873520","71968030","71968159","chr12","60741612","60741746","25","11226418","GCCAGGCATGGTGGTTCATACCTATAATTCTGGCACTCTGGAATGCTAAGGCAGGTGGATTGTTTGAGCCCAGGAGCTGGAGACCAGCCAGAGCAAGAGCAAGACCCCTCTACCAAAAATAGAAAAACTA","GGCCAGGCATGGTGGTTCATACCTGTAATCCAAGCACTATGGGATGCTGAGGCAGGAGGATCATTTGAACCCAGGAGCTTGAGACCAGCCTGGGCAACATGGCAAGACCCCGTCTCTACAAAAAATACAAAAATT"
"GL873520","71978122","71978223","chr16","14747892","14747988","28","57230230","CCTCTGAGCCCAAGAGCTGAAGGTTGCTGCTAGGGTAACACCATGACAGTCTAGCTTGGGGCAACAGAGTAAAATTCTGTCTCAAAAAAAAAGAAGAAAAAA","CCCAGGAGGTCGAGGCTGCAGTGAGCTGAGATCACACCACTACACTCCAGCCTAGGCAACAGAGTAAGACCCTGTCTCAAAAAAAAAAAAAAAAAAA"
"GL873520","71978477","71978693","chr14","57676777","57676992","58","14301700","GTTGGACGCAGTGGCTCACCCTTTTAGTCCTAGCACTATGGGAAGCCAGATAGGATGATCCCTTGAGCTCAGGAGTTCGAGATTAGCCTGTGCAAGAGCAAGACCCCGTCTCTACTAAAAAATAAAAAAAATTAGCTGGAGGTCATGGTAGGTGCCTGTAATCCAGCTGCTTGGTAGGCTGAGGCAGTAGGATCACTTTAGCCCAAGAGTTTTTCTG","GCCAGGCATGTTGGCTCATACCTGTAAAGCCAGCACTTTGGGAGGCCAAATCAGGAGGATCACTTGAGCCCAGGGGTTCAAGACCAGCCTGAGCAACATAGTCCAACCTCATCTCTACTAAAAATAAAAAATAGTAGCCAGGCGTGGTGGCATGCCTGTAGTCCCACCTACTTGGAAGGCTGAGGCAGGAGGATCACTTGAGCCCAGGAGATCTAG"
"GL873520","71986255","71986513","chr15","72672161","72672426","72","685906","GCCAGGCACAGTAGCTCATGCCTGTAATCCCAGCACTCTGAGAGGCCAAGGCCGGCAGATAGCATGAGCTTACAAGTTTGAGACCAGCTCTGAGCAAGAATGAGACCCTGTCTCTAAAAATAGCCAGGTGTTGTGGTGGGCGTCTATAGTCCCAGCTACTCAGGAGGCTAAGGCAAGAGAATAGTTTGAGCCTAAGAGTTTGAGGGTGCTGTGAGCTATGAGGTCACCGCACTCTATTGGAGGCAGCAAAGCGAGACTC","GACCAGGTGCAGTGGATCCTGCCTGTAATCCCAGCACTTTGGGAGGCTGAGGTGGGCAGATTACTTGAACCCAGAAGTTTGAGACCAGCCTGGGCAACATGGCAAAACCCTGTCTCTACAACAAATTAGCCAGGTGTGGTGGTGCCCACCTGTGGTCCCAGCTACTCGGGAGGCTGAGGTGGGAGGATCACTTGAGCCTAAGAGGTCAAGGCTGCAGTGAGCTGTGATCACACCACTGCATTCCAGCCTGTGCCACAGAGGAAGAC"
"GL873520","71986546","71986558","chr6","96888780","96888792","1","24902234","TAAAAAAATAAAA","GAAAAAAATAAAA"
"GL873520","71995816","71995902","chr6","152887479","152887553","24","80891663","GTAATCCTAGCACTCTGGGAGACTGAGGGAGGAAGATCTCTTGAGCTCAGGCTCAGGAGTTCGAGACCAGCTTGAGCAAGTAGTGAA","GTAGTCCTAGCTACTCGAGGGCTGAGGCAGGAAGATTGCTTGAGCCCTGAAGTTCAAGACCAGCCTGAGCAGCAT"
"GL873520","72046628","72046682","chr10","43406320","43406376","19","28640308","TTGGGAAACTGAGGCAGGAGAATCACTTGAGTTTGAGGTGAAAGTGAGCTGTGAT","TACTGGAAGGCTGAGGTGGGAGGATCACTTGAGCTGCGGAGGTCAAGGCTGTGATGA"
"GL873520","72046958","72047043","chr1","176948461","176948538","19","104901503","GTGAGCTGAGATGATGCCAACTGCACTCTAGCTGGGGTGATAGAGCCAGACCTTATCTCAAAAACAAAAAAAGAAGAAAAGAAAAA","GTGAGCTGAGATCACGCCACTGCATTTCAGCCTGGGTGTCAGAGTGAGACCTTATCTCAAAAAAAAAAAAAAAAAGAA"
"GL873520","72064016","72064255","chr4","161990747","161990980","74","89926731","AAAGCAGGATTTCTTAAGTTCAAGAGTTTGAGAACAGCATGAGCAAGAGCAAGACCCCCATCTCTACTAGAAATAAAAAAAGTTAATCAGGTCTTGTGGCAGGTGCCTTTAGTCCCACCTACTCTCAAAAGGTTGAGGCAGGAGTATCACTTGAACCCAGGAGTTTGAGGTTGCTGTAAGCTAGGTTGCTGTGAGCTGGGCAACAGGAGGAGGCTGTCTCCAAAAAAAAAAAAAAAAAAA","GGATTGCTTGAGCCCAGGAACTCGAGACCAGACTGAGCAACATGGCAAAACCCATCTCTACAAAAAATACAAAAATTAGCTGGCGTGGTGGCACATGCCTCTAGTCCCAACTACTCAAGAGGCTGAGGTGGGAGGATCACTTGAGCCCGGGAGGCGGAGGTTGCAGTGAGCAGAGATCATGCCACTGAATTACTCACTCCAGAGTGAGACTCTGTCAAAAAAAAAAAAAAAAAA"
"GL873520","72064350","72064426","chr11","47919834","47919912","18","24144516","GGCAGGGCATAGTGGCTCATGCCTGTAATTCCAGCACTCTGGGAAGCCAAAGCAGGAGGATTTCTTTCTTTTTTTTT","GGCTGGGCACAGTGGCTCATGCCTGTAATCCCAGCACTTTGGGAGGCCAAGGCAGGAAGATCACTTAAACCCTAGAGTT"
"GL873520","72100882","72100981","chr17","73310455","73310554","19","1209573","GGTGGCTCACACCTGTAAACCCAGTACTCTAGGAGGCTAAGGCTGGTAGATCACTTGAGCTCAGGAGTTCAAGACCAGCCTGAGCAAGAATGAGACCCTA","GGTGGCTCACGCCTATAGCCCAGCACTTTGGGAGGCCAAGGCAGGAGGATCACCTGAGGTCAGGATTTTGAGACCAGCCTGAGCAAGATAGAGACACCTA"
"GL873520","72101237","72101434","chr8","99316510","99316708","53","27215273","TGAATGAGACCCTGTCTCTACTAAAAATAGAAAAACAAGCTGGGCGTCATGGCAGACACCTGTATTCCCAGCTACTCAGGAGGTTGAGGCAAGAGGATCACTTGAGCCCAAAGAGTTTGAAGTTGCTGTGAGTGATGATGATGCGATGGCACTCTACCCAGGGCAACAGAGTAAAACTTTGTTTCAAGAAAAAAAAAA","TGGCAAAACCTCGTCTCTACAAAAAACACAAAAAATTAGCTGGTGGTGGTGGCACGTGCTTGTATTCCCAGCTACTGGGGAGGTTGAGATGAGAGGATCACCTGAGCCCAAGAGGTCAAGGCTGCAGTGAGCTGTGATTATGCCACTGCACTCCAGCCTGGGCAACAGAGTGAGACCCTATATCAAAAAAAAAAAAGAA"
"GL873520","72195648","72195848","chrX","27492711","27492912","47","44702937","GGCCAGGTTCAGTGGCTCATGCCTGTAATTCTAGCACCCTGGGAGACCAAGGCAGGTGGATTGCTTAAGCTCAGGAGTTCGAGATCAACCTGAGGAAGAGCAAGACCTCGTCTCTACTAAAAATAGAAAAACTAGCCAGGTGTTGTGGCAGTTTCCTATAGTCCCAGCTACTTGGGAGACTGAGGCAAGAGAATCACTTGA","CCAGGCGTAGCCACTCACGCCTGTTATCCTAGCACTTTGGGAGGCTGAGACAGGTGGATTGCCTGAGCTCAGGAGTTCGAGACCAGCCTGGGAAACACGGTGAAACCCCTGTCTCTACAAAAATACAAAAAATTAGCCAGGTGTGGTGGTGTGTGTCTGTTGTCCCAGCTACTTGGGAGGCTGAGGCATAAGAATCGCTTGA"
"GL873520","72196102","72196199","chr4","104162392","104162491","27","31966290","GAGGATTACTTAAGCCTGAGAGTTTGAGGTTGCTGTGAGCTATAATGCCATAGTACTCTACCCAGGGCAACAGAATCTTATTCTGTCTCAAAACAAAA","GGAGGATCACTTGAGCCTGAAAGGTTGAGGCTGCAGTAAGCTTCATCACCCACTGCACTCCAGCCTGGGTGACAGAGTGAAACCCTGTCTCAAAACAAAA"
"GL873520","72206479","72206765","chr9","104142695","104142990","72","31936216","GGGTGTGGTGATGGCTCATGCCTATAATCCTCACACTTTGGGAGGCCGATGTGGGAAGATCACTTGAGCTCAGGACTTCAAGACCAGCTTGAGCAAGAATGAAACTCCATATCTGCTAAAACTAGAAAAATTAGCTGGGCATTGTTACATGTGCCTGTAGCATCCTAACCACTTAGGAGGCTGGGGCAAGAGGATGGCTTGAGCCCAGGAGCTGGAAGTTATACTCCAGTTACACTACACTCTAGCTAGGGAGACAGAACAAAACTCTGTCTCAAAAACAAACAAAA","GGCTGGGTGTGGTGGCTCATGCCTGTAATTCCAGCACTTTGAGAGGCTGAGGTGGGCAGATCACTTGAGCTCAGGAGTTCAAGACCAGCCTGGGCAACATGGCAAAACTCCATCTCTACAAAAAATACAAAAATTAGCAGGCATGGTGGTACATGCCTGCAGTCCCAGCTACTCGGGAGGCTGAGGTGGGAGGATTGCTTGAGTCTGGGAGGTGGAGGTTGCAGTGAGCCGAGATCCACTACTGCACTCCAGCCAGGGTGACAGAGCAAGACACTGTCTCAAAAATAAAAATAAAA"
"GL873520","72207778","72207917","chr14","74199793","74199926","35","1992015","TTAGCTGAGTGCTTTGTTGAGCACCTGTAGTCTCAGCTATTTGGGAGGCTGAGGCAAGAGGATAACTTGAGCCCGGGAGTTTGAGGTTGCTATGAGCTAGGCTGAGGCTGACACCATGGCACTCTACCCAGGGCAACAGA","TTAGCCAGGTATGGTGGTGCACACCTGTAGTCCCAGCTACTTGGGAGACTGAGGCAGGAGGATTGCTTGATCCCAGGAGTTGAGGCTGCTAAGAGCTATGATCATGTCACTGCACTCCAGCCTGGGCAACAGAG"
"GL873520","72208172","72208304","chr12","99234635","99234766","24","27026463","GGCCAGGCAGAGTGGCTCATGTCTGTAATCCTAGCACTCTGGGAGGTCAAGCCAGGAGGATCTCTTGAAGCTGGGAGTTCAAGACCAGCATAAGCAAGAAGACCACATCTCTACTAAAAATATAAAAATTAAG","GGCCAGGCATAGTGGCTCATTTCTGTAATTTCAGCATTTTGGGAGGCCAAGACAGGAGGATCACTTGAAGCTAGGAGTTCAAGACCAGCCTGGTCAACATAAGACCCCATTTCTACAAAAATTTAAAAATTA"
"GL873520","72272447","72272600","chr1","151076684","151076838","41","78804237","AAAAAAAAGACCAGGTGTGGTGGAATGCACCTGTGTAGTCCCAGCAACTTGGGAGGCTGACGCAGGTGTACTGCCCAGGAATTTGAGGTTTTAGTGAGCTATGATGACACACTGTACTCTAGCTCAGGCAACAGAGTGAGACCCTGTTTTAAAA","AATAAGCTGAGCATGGTGGTCCATGCCTCTAGTCCTAGCTACTCAGGAGGCTGAAGCAGGAGGACCACTTGAGCCCAGGAGTTTCAGGTTGCAGTGAGCTATGATTGTACCACTGCACTCCAGCCTAGGCAACAGAGTGAGACCCTGTCTCAAAA"
"GL873520","72272820","72272951","chr17","7314531","7314656","27","64958289","GGCCGGGCACAGTGGCTTACAAATGTAACCCTAGCACTTTGAGAAGCTGATATGGGAAGATCACTTGAGGCCAGGAGTTTGAGACCAGCCTGAGCAACTCTGCAAGACCCCATCTTTAAAAAAAAATTGGAT","GGCTGGGCACAGTGGCTCACGTCTGTAATCCTAGCACTTTGGGAGGCTGAGGTGGAAGGATCACTTGAGCCCAGGAGTTTGAGACCACCCTGACCAACACAGTGAAACCCCATCTCTAAAAAAAGT"
"GL873520","72285522","72285642","chr1","84693698","84693811","38","12408176","AAGACCCCATCTTTAAAAATAGCTGAGAGTTGTGGCTGGAGCCTGTAGTTCTAGTTACTTTGGCGGTTGAGGCAAGAGAATTACTTGAGCCCAAGAGTTTGAGGTTACTGTGAGCTATGAT","AATAATAATAAAAGCCTGTTGTGGTGGTGTACACCTGTAGTCCCAGCTACTTGGGAGGTTGAAGCAGGAGGATTGTGGAGTCCAAGAGTTCAAGATTACGGTGAGCTATGATTG"
"GL873520","72285915","72286025","chr8","6607482","6607593","29","65678433","GCTGATCGAGGTGGCTCACGCCTATAATCCTAGCACTCCGGAAGGCTGAGGTAGGTGGGTGGACTGTCCTCACAGGTTGGAGACCAGCCTGAGCAAGACCGAGACCCCATC","GCTGGGCAAAGTGGCTAACACCTGTAATCCCAGCACTTTGGGAGGCTGAGGTAGTTGGAATGCTTAAGCCCAGGAGTTTGAGACCAGCCTGGGCAACATAGGAGACCCCATC"
"GL873520","72316870","72316922","chr1","33202560","33202612","8","39114310","AGAACAGCCTGGGAAACATAGTGAGACCTTATCTCTACAAAAAATTAGAAAAA","ACCAGCCTGGGCAACATAGTGAGACCTCATCTCTACAAAAAATTAAAAAATTA"
"GL873520","72317017","72317185","chr11","19120205","19120379","51","53196812","AATTAGAAAAATTAGCCGGGTACAGAGGTGCTGTGAAATGAACTTTATCAGGGGGTTCAAACTGTGTCCCATAGAACCCAGGAATTGAAGACTGCAGTGAGCTATGATCATGCCACTGCCCTCCAGCCTGAGTGACAGAGTGATACCCTATCTCAAAAAAGGAAAGGAA","GAGTAAAAGAATTAGTTGGGCATGGTGGCATATGCCTGTAGTCCTAGCTACTCAGGAGGTGGAGGCAGGAGGATGGCTTAAGCCCAGGAGGTCAAGGCTGCAGTGAGCTATGATCATGCCACTGCGCTGCAGCCTGAGTGACAGAGTGAGACCCTACCTCAAAACAAAAAAAGAA"
"GL873520","72365043","72365317","chr11","57816849","57817130","71","14548194","GCCTGGCATGGTCGCTCACACCTGTAATTTTAGCACTCTGTGAGGATGAGGAGGATAGATTGCTTGAGCTCAGGAGTTCCAGACCAGCCTGAACAAGAGAGCCACCCCAACTCTAAAAATAGCCAGGCATTGTGGCGAGCACCCATAGTCCCAGCTACTCAAGAGGCTGAGGCCAGAGAATCACTTGAGCCCAGGAGTTTGAGGTTGCTGTTGAGTTGTGATGCCACGGCACTCTAGCAAGGGTGACAAAGTGAGACTTTTATCTTAAAACAACA","GGCCAGGCACAGTGGCTCACACCTGTAATCCTAGCACTTTGGGAGGCCAAGGCAGGTGGATTGCTTGAGCCCAGGAGTTTGAGACCAGCCTGGGCAACATGGCAAAACCTCATCTCTACAAAAATTAGCCAGACATGGTGGTGGGTGCCTGTAGTCCCAGCTACTCAGGAGGCTGAGGTAGGAGGATCATCTGAGCCCAGGAGGTCGAGACTGCAGTGAGCCATGATCATGCCACTGCACTCCAGCCTGAGTGACAGAGTGAGATCCTGTCTCAAACAAAAA"
"GL873520","72365603","72365622","chr8","92800630","92800648","3","20435027","GAAAAACAACAACAACAAAA","AAAGACAACAACAAAAAAA"
"GL873520","72523042","72523246","chr6","13732200","13732409","55","58790842","GGCTGAGAGCAGTGGCTCACACCTGTAATCCCAGCACTCTGGAAGGCCCGAGGCAGGTGGATTGCCTGAGCTCAGTTAGAGACCAACCTGAACAAGAGAGAGACCTGGCCTCTAAAAAAATGAAAAATAGCCAGGTGTTGTGGTGGACGCCTATAATCCTAGCTACTCAGGGGACTGAAGCAAGAGAATTGCTTGAGTCCAGGAG","GGCCGGGCGCGGTGGCTCACACTTGTAATCCCAGCACTTTGGGAGGCTGAGGCGGGCGGATCATGAGTTCAAGAGATTGAGACCATCCTGCTAACACGGTGAAACCCCGTCTCTACTAAAAATACAAAAAAGTAGCTGGGCCTGGTGGCGGGCGCCTGTAGTCCCAGCTACTCAGGAGGCTGAGGCAGGAGAATCACTTGAACGCAGGAG"
"GL873520","72523515","72523623","chrX","6615952","6616053","29","65907563","AGCCCAGGAGTCTTGAGGTTGCTGTGAGCTATGATGATGCCACAGTACTCTACCAGGGTGACAAAGTAAGATTCTGCCTCAAATAAATAAATAAATCAGAAAGAAATAA","AGCCCAGGGAGGTCGAGGTTGCAGTGAGCCATGATCTTGCCATTGCACTTCAGCCCGGGTGACAAAGTAAGACCTTGTCTTAAAATAAATAAATAAATAAAA"
"GL873520","72537231","72537318","chr11","47859603","47859693","21","24677628","GCACAGTAGCTCACACCTGTAATCCTAGTACTCTGGAAGACTAATGCGGGTGTATCGCCTGAGCTCAGGAGTTCAAGACCAGCCTGAG","GGGCACGGTAGCTCACACATGTAATCCTAGCACTTTGGGAGGCCAAGGCGGGCAGATTACCTGAGGTTGGGAGTTCAAGACCAGCCTGGCC"
"GL873520","72537595","72537788","chr19","6241772","6241964","53","66295823","GACCAGCCTGAGCCAGAGCAAGATGCAGTCTCAACTAAAAAAAATTAGAAAACTAGCTGGGCAGCATTGTGGGCACCTGCAGTCCCAGCTACTCAGGGGGCTGAGGCAAGAGGATCCCTTAAACCCAGGAGTTTGAGGTTGCTGTGAGTTATGACACCATGGCACTCTACCCAGGGCGACAGCGGAAGACTCTG","ACCAGCCTGGACAACATAGTGAGACCGCCATCTCTAAAAAATATGAAAATTAGCCGGGGATGGTGGTGCATGTGTAGTCCCAACTACTCAGAAGGCTGAGGCAGGAGGATTGCTTAAGCCAAGGAGGTTGAGGCTGCCATGAGCCATGAACGCACCATTGCACTCCAGCCTTGGGTGACAGAGCAAGACCCTG"
"GL873520","72565866","72566023","chr9","6760251","6760419","46","65805615","TTAGTCAATTATTGTGGTAGACAATTGAAGTCCCAGCTACTTGGGAAGCCAACAAAATCGCTTGAGCCCAAGAGTTGGAGGTTGCTGTGAGCTGTGATGCTAAAGCACTCTAACCATGGTGACAGCCCGAGAATATCTCAAAAAAAAAAAAAAAAAAA","TTAGCCAGGAATGGTGGCACACACCTGTAGTCCCAGTTACTCAGGAGGCTGAGGCACGAAAACCGCTTGAACCTTGGAGGGGGAGGTTGCAGTGAGCTGAGATCAAACCACTGCACTCTAGCCTGGGTGACAGAGTGAGATTCTGTCTCAAAAAAAAAAAAAAAAAAAA"
"GL873520","72566306","72566440","chr14","19228345","19228477","30","53337961","GACTGAGTGTGTTGGCTCACTCCTGTAATCCTAGCACTCTGGGAGGCTGACGGGGAAGGATTATGTAAACTCAGGAGTTTGAGACCAGCCTGAGCAAGAGCGAGACACCTGTCTCTGATAAAAATAGAAAAAAAA","GGCTGGGTGTGGTAGCTTACACCTGTAATCCTAGCACTTTGAGAGGCCGAGGCAGGAGGATCACTTGAGCTCAGGAGTTTGAGACCAGCCTAGGCAACATGGTGAGACCTTGTCTCTACAAAAAAAAAAAAAA"
"GL873520","72588707","72588908","chr6","84591535","84591736","52","12002828","GGCCAGGTGGTGAGTCATACTTGTTTATCCTAGGCACTCTGGGAGGCTGAAGCGAGAGGATCCCTTGAGCTCAGGAGTTTCAGACCAGCCTGAGCAAAAGTGAGATGCTGTCTCTACTAAAAATAGAAAAATGAGCCAGGCATTGTGGCTGACCCCTGTAGTCCCAGCTACTCAGGAGGTTGAGTCAAGAAAATCTCTTGAG","GGCTGGGAGCGGTAGTTCATGCCTGTAATCCCAGCACTTTGGGAGGCTGAGGAGGGTGGATCACTTGAGCTCAGGAGTTTGAGACCAGCCTGAGCAACATGATGAAACCCTGTCTCTACAAAAAATACAAAAATTAGCAGGGCGTGGTGGCATGTGCCTGTAGTCCCAGCTACTTAGGTGGCTGAGGTGGGTCACTTGGGCC"
"GL873520","72589148","72589260","chr16","30992766","30992877","30","41596382","GAAAATCTCTTGAGTCCAAGAATTTGAGGTTGCTTTGAGCTTTGATGCCAGGGCACACTACCCAGGGCAACAGAGTGAGACTATCTAAAAAAAAAAAGAAAGAAAGAAAGAAA","TGAAGGATCTCTTGAGCCCAGGAGTTTGAGGCTGCAGTGAGCTGTGATTGCACCACTGTACTCCAGCCTGGGCAACAGAGTGCTGTCTCAATAAAAAAAAAAAAAAAAAGAA"
"GL873520","72589501","72589748","chr21","19031879","19032139","72","53557622","AGAGAGAGAGAGAAAATCCCTTGAGTTTAGGTGTTTTGAGACCATCCTGAGCAAGAGCAAGACCCCATCTCTACTAAAAATAGAAAAATTAGCTGGGCATTGGGGCACATGCCTGTAGTCCCAGCTATTCATGGGATTGAGGCAAGAGGATCGCTTGATCCCAGTAGTTAGAGGTTTCTTTGAGCTGTGATGATTCCACTGCACTCTAGTCTGGAGCGCTCAAGAAGTAAGAAAGAAAGAAATGAAAA","TGGGAGGCTGAGGCTGGCAGATCACTTGAGTGCAGGAGTTTGAGACCAGTCTGGGCAACATGGTGAAACCCCATCTCCATAAAAAAATACAAAAATTGGCTGGGCATGGTGGCACACACCTGTGGTCCCAGCTATGTGGGAGACTGAGGCAAGAGGATCGCTTGAGCCCAGGAGGTCGAGGCTACAGTGAGCTGTGATTGTACCACTGCACTCCAACCTGGGCCCTGTCTCCAAAAAAAAAAAAAAAAAAAAAAAAAAGAA"
"GL873520","72589838","72589899","chr12","82211329","82211392","14","9621491","GGCACAGTGGTTCACCCTGTAATCTTAACACTCTGGGAGGCTAAGGCAAGAGAATCCCTTGA","GGCTGAGTGGTGCATGCCTGTAATCCCAACACTTTGGGAGGCTGAGGCAGGATAATCACTTAAG"
"GL873520","72601213","72601289","chr8","129850906","129850982","21","57249693","TGGCCAAGCATTGTGGCGGGCACCTATAGTCCCACCTACTTGGGACATTAAGGCAAGAGAATCACTGGAGCCCAAGA","GCCAAGAGCAGTGGCTCGCACCTATAATCCCAACAATTTGGGATGCCAAAGCAAGAGGATCACTTGAGCCCGAAGAG"
"GL873520","72601537","72601665","chrX","47965157","47965279","31","24636380","GACCAGGCACGGTGGTTCGTACCTGTAATCCTAGCACTTTGGGAGGCCACAGGGGTGGATTGTCTGAGCTCACAGTTCAAGACCAGCCTGAGCCAGAGTGAGACCTCATCTCTAAAAATGGCTGAGCAT","GGCCAGGCACGGTGGTTCGCACCTGTAATCCCAACACTTTGGGAGGCCAAAGCGGGAGGATTGTTTGAGGCCAGGAGTTCAAGACCAGCCTGGGCAACATGGTGAAACCCCATGTCTACAAAA"
"GL873520","72672495","72672621","chr16","28131355","28131479","25","44541140","GGCCAGGCATGATGGCTCAAACCTGTAATTCTAGCATTCTGGGAGGCCAAGGCAGGAGGATTACTTGAGTCCAGGAGTTTAAGATTAGATTGGGCAACAGAGAGAAACCCTACCTCTATTTAAAAAA","GGCCAGGCGTGGTGGCTCACACCTGTAATCCCAGCACTTTGGGAGGCTGAGGCAGGAGGATCACTTGAGCCCAGGAGTTTCAGAGCAGCCTGGGCAACATGGTGAGACCCTGTCTCCATTAAAAA"
"GL873520","72698154","72698197","chr11","61598286","61598326","10","11099868","GGGAGGAATCCCTGGAGCTCAGGAGTTCAAGACTAGCTTGAGCT","GGGAGGATCTCTTGAGCCCAGGAGTTCAAGACCAGTCTGGG"
"GL873520","72698470","72698682","chr3","68572234","68572433","69","4126236","CCAGCTTGAGAAAGACAACCCTACCTAACCCCACCTCTGTCTCTACTAAAAATAGAGAAAAAAATTAGTGGGTATTGTGGTTGGCACCTGCTAGTCCCAGCAACTCTGGAGACTGACTGAGGCAAGAGGATCACTTGAACTCAAGAGTGTGAGATTGCTGTGATCTAATCTGACGTCATGGCACCCTATCCTGGGCAGACTGAGACTTTGTCT","CCAGCCTGGGCAACGTGGCAAAACCTCGTCTTTACTAAAAATACAAAAAAATAGCTGGGTATGATGGTGAGCACCTGTGGTCCCAGCTACTCGGGAGGCTGAGGTGGGAGGATCACTTGAGTCAGGAGGTCAAGGCTGCAGTGAGCCGAGATTGCACCACTGCACTCCAGCCTGGAGGACAGAGTAAGACCCTGTCTCAA"
"GL873520","72749150","72749265","chr16","19352384","19352496","35","53396766","TTAATTAATTAAAAAGAAGATTGCTTGAGCCTAAGAGTTTGAGGTTGCTGTGAGCTATGAGCCCATAGCATTCTACCTAGGGCAACAGAGAGAGACTCTGTCTCAAAGAAAAAAAA","TAAGGCAGGAAGATTGCCTGAGCTCAGGAGGTTGAGGCTGCAGTGAGCCATGATCATGCCACTGCACTCCAGCCTGAGCAACAGAGTGAGACCCTGTCTCAAAAATAAATAAA"
"GL873520","72749541","72749737","chr15","41382188","41382391","53","31367353","GGCCCAGTGTGGTGGCTCACTCCTGTAATCCTAGCACTCTGGAAAGCCCAGGTGAGTGGATTGTCTGAGCTTAGAAGACCAGCCTGAACAAGAGTGAGACCCTATCTCTACTAGAAATAGAAAAACTAGCCGGGCATTGTGGCAGGTGCCTATAGTTCCAGCTACTCAGGAGGCTGAGGCAAGAAGATTGCTTGAGA","GGCCGGGTGTGGTGGCTCACACCTGTAATCCCAGGACTTTGGGAGGCCAAGGTAGGAGGATCGCTTGATCTCAGGAGACCAGCCTGGGCAACATGGCAAAATCCTGTCTCTACTAAAAATACAAAAATTAGCTGGGCATGGTGGTGTATGCCTGTGGTCCCAGCTACTTGGGAGGCAGAGGTAGAAGGATCGCTTGAGCCCGGG"
"GL873520","72785691","72785814","chr2A","26341169","26341295","35","46444522","GGCCAGGTGCAGAGACTTGTGCTTGTAGTCTCAGCTATTCGGGAGGTTGAGGCAAGAGGACTACTTAAGTGCCATAGACTAGCCTGAGAAAACATAGTGAAACCTTGCCTCATCTTTTACAAAA","GGCCAGGTGCGATGGCTCATGCCTGTAATCCCAGCACTTTGGGAGGTTGAGGCCAGTGGATCACTTAAGCGCTGAAGTTCAAGACCAGCCTGGGCAACATACTGAAACCCCCATCTTTTAAAAAAAT"
"GL873520","72786129","72786263","chr13","49733690","49733818","37","23052439","GGCTGGATGTGGTGGCTCATGCCTTTAATGCTAGCACTCTGGGAGATGGAGGCGGAGACAGGTCTGTTGTCTGAGCTCACAGGTTCAAGACCAGCCTCCGCAAAAGTGAGACCTGCCTCTAAAAATAGCCAGGCA","GGCTGGGTGTGGTGGCTCATGCCTGTAATTCCAGCACTTTGGGAGGTGGAGGTGGGATGATTGCCTGAGGGCTGGATTTCTAGACCTGCCTGGGCAACATAGTGAGACCCTGTCTATAAAAAAATCCAC"
"GL873520","72786538","72786681","chr20","48810763","48810904","42","23975775","GAAATAAAAATAGCCAGGCACTGTGGCAGACACCTGTAGTCCCAGCTACTCGGGGAGGCTGAGGAAAGAAAATTACTTAAGCCCTAAGAGGCTAAAGTTGCTGTGAGCTATGATGGTCATAGCACTCTTCCAGGGGCAACAAAG","AAAAAAAAAATTATCCAGGCATGGTGGCATGTGCCTGTAGTCCCAGCCACACAGGGGGCTGAGGCAGGAGGATTCCTTTAGCATAGGAATTCAAGGCTGCAGTGAGCTATGATTGCACACTGCACTACAGCCTGGGCAACAG"
"GL873520","72819561","72819869","chr3","139568018","139568337","77","66748457","GGTTGGGAGTGGTGTCTCATTCCTATAATCTCAGCACTTTGGGAGGCCAACGCTGGCAGATTGCCCAAGCTCAGGAGTTCAAGACCAGCCTGAGCTAGAGCGAGATCCTGTCTCTAAAATTAGCTGGGTGTTGTGGCAGGTGTCAGTAGTCCCAGCTATCAGGAGGCTGAGGCAAGAGAATCACTTGAGACCAAGAGTTTAAGGTTGCTGTGAGCTATGACACCACAGCACTCTATCAGGGGTGACAAAGTGAGACTCTGCCTCAAAAATAAATAAATAAATAAACAAAAAATAAAATAAAATAAAGAA","GGCTGGGTGTGGGGTTCACACCTATAATCTCAGCACTTTGGGCAGCTGAGCTGGGAGGACTGCTTAAGGCCAGGAGTTTATGACCAGCCTGGGCAACAGAGTGAGATCCAGTCTCTATAAAAATTAGCCAGGTGTGGTGGTGCCTGCCTGTAGTCCCAGCTACTTAGGAGGCTGAGGTAGGATTATCACTTGAGCCCAAGAGTTTGGGGCTGCAGTGAGCTATGATTGGGTCTCTGCACACTAGCCTGGGCAAAAAAGTGACATTCTGTCTCAAAAAAATAAATAAATAAATAAATAAAAATAAAGAACAACAAGAAAAA"
"GL873520","72830940","72831132","chrX","40886735","40886926","48","31944205","CCTCCATCTCTTCAATAATAGAAAAATTAGCTGGACATGGTTCCATGCATCAATAGTCCCAACTACTCAGGAGGCTGAGGCAAGAGGATTTCTTGAGCCTAGGATGTTAGAGACTTTAATGAGCTATGACAACACCACTATACTCCTGCCCAAGCAACAGAGCAAGACCCTGTTTCAATAAAAAAAAATAAAA","AATTTCATCTCTTAAAAAATACAAAAATTAGCTGGGGGTAGTGGTGCACAGCTGTAGTCCCAACTACTCGGGAGGTTGACGCAGGAGGATCACTTGAGCCTGGGAAGTTGAGGCTATAGTGAGCTGTGATGGCACCACTGTACTCCAGCCTGGGTGACAGAGTGAGACCTTGTCTCAAAAAAAAAAAAAAAA"
"GL873520","72831154","72831250","chr5","13406563","13406658","20","59424591","GGCCTGGGCACAGCAGCTTATGCCTATAATCCTAGAACTTTGGGAGACCAAGGCAGGAGGACTGCTTGAGGCCAGGAGTTGAAGACCATCCTGAACA","GGTTGGACACAGTGGCTCATGCCTATAATTCCAGCATTTTGGGAGGCCAAGGCAAGGGGATCACTTGAAGCCAGGAGTTCAAGACCAGCCTGAGCA"
"GL873520","72846280","72846400","chr22","36757324","36757446","28","36088956","GTAGTCCTAGCACTTTGGAAGGCTGAGATGGTAAGACTGCTTGAGGCTAGGAGTTCAAGACCTGCCTGGGCAATATAGTGAGACCTCACTTCTAAAATATATATATATATAGTAAAAAAAA","GTGATCCTAGCACTTTGGGAGGCCCAGATGGGAGGACTGCTTGAGGCCAGGAGTTCAAGACCAGCCTGGGCAACATAGTGAGACCTCATCTCTATAAAAAGAGTTAAAAAATTATCCAGGCAC"
"GL873520","72846688","72846865","chr11","71620673","71620849","48","1226015","TGGGTGTGATTAAATATTACCTGGGTGTGATAGGGCACTCTTGTAGTCTTATCTACCCAGGTGACTGAAGCAAGAGGATTGCCTGCGCCCAGCAGTTTAAGGATGTAGTGAGCTGTGGTTGAGCCATGGCACTCCAGCCTAGGTGACAGAGCTAGGCCCTCTCTTAAAAAGAAAAAAA","AAACTTTTTATTTTAATTAGCTGGACGTGGTGGTATGCACTTGTAGTCCCACTACTCAGGAGGCTGAGGCAGGAGGATTGCTTGAACCCAGGAGTTCAAGACTGCAGGAGCTATGATTGTGCCATTGCACTCCAGCCTGGCTGACAGAGTAAGACCCTTTCTCTTAAAAAAAAAAAA"
"GL873520","72852126","72852331","chr20","33705901","33706099","55","39146225","TGAGACCCAATCTCTATATAAATAGAAAAATCAGTCAGATGTGGTGGTGCATACCTATAGTCCCAGCTATTGGGGAGACTGAGGCAGGAGGATAGTGTGGGCCTCCTGCCCAAGAGTTTGAGGTTGCCATGAGCTATTATGACACCATTGCACTCTACGCAGGATGGCAGAGTGAGACCCTGTCTCAAAAGGAAAAAAAATGAAAA","TGAGACCCCGTTTCTACATAAAAATGCAAAAATTAGCCAGGTGTGGTTATGCATACCTGTAGTCCCAGCTACTCAGGAGGCTGAGGTGAGAGGATTGCTTGAGCCCTGGAGTTCAAGCCTGCAGTGAGACATGATTGCACCACTGCACTCCAGCCTGGGAGACATAGTGAGACCCTGTCTCAAAAAAAAAAAAAAAAAA"
"GL873520","72852609","72852699","chr9","110520976","110521068","28","37668367","GGCTAGGTATAGTGGCTTGTGCCCATAATCCTGGCATTCTAGCAGACTGAGGCAGGAGGATCAAGAAGAGCCAGAGCAAGAATGAGACCCA","GGCCTGGTGCAGTGGCTCATGCCTGTAATCCGAGCACTTTAGAAGGCTGAGGCAGGAGGATCACTTGAGCCCAGGAGTTCAAGATCAGCCTGG"
"GL873520","72856443","72856538","chr3","49642271","49642364","16","23214172","GGCGGGGTGCAGTGGCTCACACCTCTAATCCCAGCACTCTGGGAGGCCAAGGTGTGTGGATTGCCTGAGCTCACAGGTTCAAGACAAGCCTGAGAT","GACCGGGTGCAGTGGCTCACACCTGTAATCCTAGCACTTTGGGAGACCAAGGTGTGAGGATTGCCTGAGCCCATGAGTTAAAGACCAGCCTGGC"
"GL873520","72856786","72856975","chr8","38561134","38561339","60","34295652","CCAGCCTGAGCCAGAGTGAGACCTCATCTCTAAAAATAGCCAGGCTTTGTGCAGGCACCTGTAGTCCTCATTACTTGGGAGCCTGAGGCAAGAGAATTGCTTGAGCCCAAGAGTTTGAGGTTGTTGTGAGCTATAATGCCATAGCATTCTACCAAGGGTGACAAAATGAAACTCAAAAAAAAAAAAAGAA","CAGCCTGGGTAACGTGGTGAGACCACATCTCTAAAAAAATTAGCTGGGCTTGGCAGCACATACCTGTAGTCCCAGCTACTTGGGAGGCTGAGGCGGGAGCATCGCTTGAACCCAGGAGGTAGAGCCTGCAGTGAGCGAGACTGTATCTCTGCACTTCAGCCTGGGTGACAAAGTGAGACACCATCTTAAAAAAAAAGAAAGAAAGA"
"GL873520","72859692","72859855","chr3","189241423","189241586","42","116381731","AAATATCCAGACAGTGTTGCAGGTGCCTGCAGTCCCAGCTACTGGAGAGGCTGAAGCAAGAGGATCTTCTGAGCCCAAGAGTTTGAGGTTGCTGTGAGCTAGGACACCATGGCACTCTACCAAGAGTGACAACATGAGACACTGTCTCAAAAAAAAAAAACAAA","TTAGCCAGGCATGATGGTGCATGCCTATAGTCACAGCTATTTGGGAAGCTGAAGCAGGAGGATATCTTGAGCCCAGGAGTTTGAGGATTGCAGTGAGCTATGATCACACTACTGCACTCCAGCCTATGTGACAGAGTGAGACCCTGTCTCAAAAAAAAAAAGAA"
"GL873520","72860147","72860283","chr1","33670814","33670944","26","39189333","GGCCAGGCATGGAGTAGCTCATGCCTATAATCCTAACACTTTGGGAGGCTGAGGCAGGTGGATTGCTTGAGCTCAGGAGTTCAAGACCAGCCTGAGCAAGAGCAAGACCCCCTGTCTCTTAAAAAAATAGCCACTTG","GGCCGGGAGTGGTGGCTCACGCCTGTAATCCTAGCACTTTGGGAGGTTGAGGCAGGTGGATTGCTTGAGCTCAGGAGTTCAAGACCAGCCTGGGCAACATGGTGAAACCCTGTCTCTACAAAAAATACAAA"
"GL873520","72875827","72875962","chr1","152310097","152310225","34","79434270","GACTAGGTGCGGTGGCTTGCACCTTTAAATCCAGCATTCTGGGAGGCCGAGGCCATGGATTGCTTGGAGTCAGGAATTCAAGACAAGCCTGAGCAAGAGTGAGACCCTCATATCTCTACTAAAAACAGGAAAACTA","GGCCAGGCATGGTGGCTCACACCTGTAATCCCAGCACTCTGGGAGGCCGAGGCCAGCAGATTGAGTACAGGAGTTTGAGACCAGCCTGGGCAACAGTGAAACCTCGTCTCTACTAAAATACAAAAAATT"
"GL873520","72876242","72876423","chr12","66258613","66258792","47","6617629","TAAAAACAGAAAAACTTGCTGGCTATCATGGTGCATACTTGTAGTCCCAGTTACCTGGGAGGCTGAGGCAAGAGGATTGCTCAAGCCTAAGACTTTGAGGTTGCTGTGAGCTATGATGGTAGGCACTCTAGTCTGGGGCAATAAGAGTGAGACTCTGTCTCAAAAGAAAAAAAAATTAAAAA","AAAAAACAAAAATTAGCCAGGCATGGTGGTACATGCCTGTAGCCCCAGCTATTCTGGTGGCTGAGGCAGGAGGATTGCTTGAGCCCAGGAGGTTGAAGCTGCTGTGAGCCGTGATTGGACCACTGCACTCCAGCCTGGGGGACAGAGTGAAACTGTGTCTCAAAAAAAAAAAAAAAAAAA"
"GL873520","72909896","72909998","chr10","59492409","59492502","34","13417487","AAACAGGAGGATTCTTTGAGCCCAGGAGTTAAAGGCTGGCACTATTTATACTTCAGCCGGGACAAGAGAATGAGACCCTGTTTCTATTTTTAAGAAAGAAAAA","AGGCAGAAGGATCACTTGAGCCCAGGAGGTCGAGGCTGCAGTGAATTGTGATTGTGCCAGGCAACAGATACAGACCCTGTCTCAAAAGAAAAAA"
"GL873520","72910267","72910468","chr9","37771894","37772087","58","35138373","GGCTGGATATAGTGACCCATACTTGTATTCCCAGCAGTTTGGTGGAGAGGCTACAATGGGAAGATTGCTTGGGGCTGGAGTTTGAGACTAGTCTGAGAAACAAAGCAAGACCGTGTCTCTACAGAACATAAATAAAAAATTTGGCTGGGCATGGTGGTGTGCACTTGTAGTCTCGGCTACTAAGGAGGCAGAAACAGGAGGA","GGGCAGGTGTGGTGGCTCATGCCTGTAATCCCAGCACTGTGGGAGGCCGAGGCAGGAGGATCACTTGAGCCCAGGAGTTTGAGACCAGCCTGGGCAATATAGGGAGACACTGTCTCTACAAATAATTTAAAAATTAGCTGGCCATAGTGATGTACGCCTGTGGTCCCAGCTACTCAGGAGGCTGAAGCAGGAGG"
"GL873520","72910901","72910936","chr19","9990646","9990679","11","62920255","CACTTGAGCCCGAAAGTTCAAGGCTAGCCTGGACAA","CTTGAGCCCAGGAATTCGATGCCAGCCTAAGCAA"
"GL873520","72916757","72916848","chr15","37377465","37377541","32","35539292","AAAAAAGTTTGACGATGCTGTGAGTTATGCAGCAGTACTCTACCAAGGGCAACAAACAGACTGTCAAAAAAAAAAAAAAAAAGGGAAAAGAA","AAATAGCTATGATCATATCACTGTACTCCAGCCCAGGTGACAAAGAGACCCTGTCTCAAAAAAAAAAAAAAAAAAAA"
"GL873520","72916937","72917022","chr1","21836229","21836318","20","51080708","GCCAGGCATTGTGGCGGGCGCCTGTAGTCTCAGCTACTTGGGAAGCTGAGGCAAGAAGATCACTTTAACCCAAGAGTTTGAACTTG","GGCCAGGCATGGTGGCACGTGCCTGTAATCCCAGCACTTTGAGAGGCTGAGGCAGGAAGATCACTTGAGCCCAAGAGTTTGAGAACAGCC"
"GL873520","72917555","72917693","chr1","33670814","33670944","38","39246741","GCTGGGAGCAGTGTCTCACTCCTATAATCCTAGTACCCTGGGAGTCTGAGGCAGGTGGATTGCTTGAGCTCAGGAGTTCAAGACCAGCCTGAGCCAGAGCAAGACCCTGTCTCAAAAAAAGGCCGGGGGCGGGGGGGAA","GGCCGGGAGTGGTGGCTCACGCCTGTAATCCTAGCACTTTGGGAGGTTGAGGCAGGTGGATTGCTTGAGCTCAGGAGTTCAAGACCAGCCTGGGCAACATGGTGAAACCCTGTCTCTACAAAAAATACAAA"
"GL873520","72954173","72954287","chr1","149917067","149917179","26","76962894","GCTCGTGCCCATAATCCTAGCAGTCTGGGAGGCAAAGGCAGGTGGATTGCTTGAGCTCAGGAGTTCGACACCAGCCTGAGGCAGAGTGAGACCCTGTCTCTAAAAAAAGAAAACA","ATGCCTGTAATCCCAGCACTCTGGGAGGTCAAGGCAGGAGGATCCCTTGAGCTCAGGAGTTTGAGACCAGCCTAAGCAGGATAGTGAGACCCTCATCTCTACAAAAAAAAAAA"
"GL873520","72954546","72954724","chr1","184532449","184532625","43","111577903","GAACAATTAACTGGGTATCATGGCATACACCTATAGTCCCAGCTACTCAGGAGGCTGAGGCAGGAGGATTGGTTGAAACCAGGAGTTCGAGGTTGCTGTGATTTATTATTACGTTGCTGTGCTCTAACTGGGGCAACAGAGTAAGACTGTCTCCAAAAAAAAAAAAAAAAAGAAAGAAA","AATTAGCTGGGCATGGTGGCATGCACCTATAATCCCAGCTACTCAGGAGGCTGAGGTGGGAGGATCTCCTGAGTCCAGGAGTTCGAGGCTGCAAGTGAGCTATGATCGTGCCAGTGTTCTCCAGCCTGGGCAACAGAGTGAGACCTGGTCTCTAAAAAATAAAAAAATAAAAATAAA"
"GL873520","72959829","72959849","chr19","11811175","11811192","4","61148654","CAAAACTGTAAAAAAATAAAA","CACAATGAAAAAAATAAA"
"GL873520","72959944","72960241","chr17","24444892","24445190","94","48515052","GTGGCCCACACCTGTTAATCCCAGCAATTTCAGAGGCCCAAGTGGGAGGATTGCTTAAGACTGGGAGTTCAAGACTAGCCTGGACAAGATAGCCAGAGTCTGTCTCTGAAATTTTTTTTTTTTTTTTAGTTAGCTGGGTGTGGTGGCATGTGTATGTAGTTTTAACTGTTTGGAAGGCTGGTGGAGGAAGATAACTAAGTGCAGGACTTGCAGGTTGTGGTGAGCTATGATTGTATGTACCACTGTACTCCAGCCAATGCAACAGAGTAAGACCCCTATCTTTAAAAAAAAGGAGCGG","GGCTGGGCACAGTGGCTCATGCCTGTAATCTCAGCACTTTGGGAGGCCAAGACAGGAAGATCGCTTGAACCTAGGAGTTCAAGACCAGCCTGGGCAACATAGTGAGACAGTGTCTCTACAAATTTTTTTTTTTTTTTAATTAGCTGGGTATGGTAGTGCACACCTGTAGTCTCAGCTACTTGGGAGGCTGAGGCGGGAGGATCACCTGAGTGCGGGAGGTCAAGGCTGCAGTGAGCAGTGGTCATGCCACTGCACTCCAGTGTGGGCAACAGAGTGAGACCCTGTCTCAAAAAAAAAAA"
"GL873520","72987852","72988108","chr4","38339349","38339590","66","34648503","GAAATTCCGAGGTGGGACAACCTCTTGAGGCTAGGAGTTTGAGACCTGAGACCTACCTAGGCACCACAGCGAGACCCTATCTCCATAAAATATAAAAAAATCAGCTAGGCATGGTGGTGCACACCTATACTCCTAGCTACTTGGAAGGCTGAAGCAGGAGGATCACTTGAGCCAAGGAATTTGAGGTTGCAGTGAGCTATGATCACACCATAGCAAGCCTAGGCAACAGAATAAGACCCTGTCTCCAAATAAATAAA","GAAGTGAGTGGATGGCTTGAGCTCAGGAGTTTGAGACCAGACTGGGCAACATGGTGAAACCCCATCTCTACAAAAAATACAAAAATTAGCCAGGCGTGGTGGTTCGCACCTATAATGCCAGCTACTTGGGGGGCTGAGGCAGGAGGATAGCTTGAGCCCAGGAAGTGGAGGTTGCAGTGAGCTGAGATCACATCACTGCAGTCCAGCCTGGGTGATAGAGTGAGACCCTGTCTCAAAAAAAA"
"GL873520","72988368","72988403","chr8","123409770","123409807","13","50421402","GCCTATAATCCTAGCACTTTGAAATTCCGAGGTGAG","CTCATGCCTATAATCCTAGCACTTTGGGAGGCAGGCAG"
"GL873520","73061340","73061536","chr20","4833312","4833507","57","68228028","GGCTGGGCACAATGCCTGACCCATATAATCCTAGCACTCTGGGAGGCCAAGGCGGGGAGGGACAGGATTGCCTGAGCTCACAAGTTCAAGACCAGCCTGAGTCAGAGCAAGACCTCGTCTCTAAAATATAGCCAGGTGTTGTGGCCGGCACCTGTAGTCCCAGCTACTTGGGAGGTTGAGGCAAGAGAATCTCTTAA","GGCTGGGCCCAGTGGCTCACATTTGTAATCCCAGTACTTTGGGAGGACAAGGCAGGCGTATCACTTGAGCCCAGAAGTTCGAGACCAGCCTGGGTAACACAGCAAAACCCCGTCTCTACAAAAAATTAGCCAGGTGTGGTGGTGCATGCTTGTAGTCCCAGCTACCAGGCAAGCTGAAGAGGAAGCATCACCCTCA"
"GL873520","73061812","73061921","chr2B","206563725","206563834","29","133501913","GGAGAATCTCTTAAGCCCAAGAGTTTGAAGTTGCTGTAAGCTGTGATGCCACAACACTCTACCAAAGGAAACAAAGTGAGACTCTGGCTCAGAAAAACAAACAAACAAAA","GGAGTGTCACTTGAGCCTGGGAGTTTGAGGTTGCAGTGAGCTGTGATTGCATCATGCACTCCATCCTGGGCAAAAGAGTGAGACCCTGTCTCAAAAAAAAAAAAAAAAAA"
"GL873520","73083143","73083268","chr7","99782297","99782421","34","26699154","CAGTGGCTCACATCTGTAATCCCAGCACACTGGGAGGCTGAGGAGGGCGGATTGCCTGAGCTCACAGGTTTGAGTCCAGCCTGAGCAAGAGCAAGACCCCTGACTCTAAAAATAGCCAGGTGTGAA","GGTGGCTCACGACTGTAATTCCAGCACTTTAGGAGGCTGAGGCGGGAGGATTGCTCGAGGCCAGGAGTTCAAGACCAGCCTGAGCAACGTACCGAGACCCTGTCTCTATAAAAATTAGAAGGTTA"
"GL873520","73083525","73083631","chrX","48956519","48956618","29","24127006","TAAAAATAGCTGGGCAATGTGGCTGGTGCATGTATTCCTAGGTACTTGGGAGGCTGAGGCAAGAGAATTGCTTGAGCCCAAGAGTTTGAGATTGCTGTGAGCTGTGA","GCTGGGCATGGTGGTGTGTGCTCATAGTCCTAGCTGCTGGGGAGGCTGAGGTGAGAGGACTGCTTGAGCCCAGGAATTTGAGACTGTAGTGAGCTGTGAT"
"GL873520","73086014","73086142","chr10","95119450","95119581","30","22033436","CTGGGCACAGTGGCTCACGCCTATTATCCCAGCACTTGGGAGGCTGAGGCAGATGGATTGCCTGAGCTCAGGAGTTTGAGACCAGGTGAGCTAGAGCAAGACCCCCATCTCTAAAAATAGCTGGGCATT","CCGGGTAGAGTGGCTCATTCCTGTAATCCCAGCACTTTGGGAGGCTGAGGCAAGAGGATTGCTTGAGGTCAGGAGTTCGAGACCAGCCTGAGCAATGTAGCAAGACTCCACCTCTACAAAAAATGAAAAGCT"
"GL873520","73086410","73086584","chr12","96671998","96672172","39","23585588","AATTAAAATAGCTGGGCATTGTGGCAGGGGTCTGTAGTCCCAGCTACTTGGGAGGCTGAGGTAAGAGAATCACTTAACCCCAGGAGTTTGAGGTTGCTGTGAGCTATGACACCATAGCACTCTACCAATGGTGACAAAGTGAGCCTCTGTCTCAAAAAAAAAAAGTAAATAAAAA","AATTAGCTGAGCATGGTGGCAGGCACCTGTAGTCCCAGCTACTTGGGAGGCTGAGGGAGGAGGGTCACTTGAACCCAGGAGTTTGAGGCTGCAATGAGCTATGACTGCATCAGTGCACTCTAGCCTGGGCAGTAGAGTGAGACCCTGTCTCACAAAAAAAAGAAGGAAAGAGAAA"
"GL873520","73111621","73111695","chr4","25785731","25785810","15","47325890","GGCCTGGCGTGGCTCATGCCTCTAATCCTAGCACTCTGGGAGGCCGAGGTAGGTGGATTACTTGAGCTCACAGGT","GGCCTGGTGCAGTGGCTCATGCCTATAATCTCAGCACTTTGGAAGGCCGAGGTGGGGGGATCACTTGAGCCCAAGCAGTT"
"GL873520","73111955","73112180","chrUn_GL394560","7392","7612","71","73104563","TGAGCTCACAGATTGGAGACCAGCCTGAGCAATAGCAAGACCCCGTCTCTAAAAATAACCAGGTATTGTGGAAGGCACCTGCAATCCCCACTACCTGGGAGACTGAGGCAAGAGAATCGCTTGAGCCCAGGAGTTTGAGGTTGTTGTATGCTATGATGCCACGGCACTCTACTGAGGGCAACAAAGTGAAACTCTATCTTAAAAAAGAAAAGAAAAGAAAAAGAAA","GAGCCCAGGAGTTCGAGACTAGCCTGGGAAACATTGCAACCCCATCTCTACAAAGAATAAAAAAATTAGCTGGGAGTGGTGGTCCCAGCTACTTGGGAGGCTGAGGCAGGAGAATCATTTGAGCCCAGGAGGTTGAGGCTGCAGTGAGCCATGTTAGTGCCATTGCACTCCAGCCTGGGTGACAGAGTGAGATCTTGTTTAAAAATAAAGAAAGAAAGAAA"
"GL873520","73125194","73125383","chr7","4237351","4237553","49","68887843","GGCTGGGCGTGGTGGCTCATGCCTGTAATCCCAGCACTCTGGGAGGCTGAGGCAGGTGGATTTGCTAGATCTCAGGAGTTGGATACCAGCCTCGGCAAGAGCAAGACTCCATCTCTAAAAATAGCTGGGCATTGTGTTGGGCACCTGTGGTCCCAGTTACTCAGGAGGCTGAGGCAAAAGGCTCACTTGA","GGTCAGGCATGGTGGCTCATGCCTGTAATCCCAGCACTTTGGGAGGCCGAGGTGGGCAGATTGCTTGAACTCAGGAGTTGAAGACTAGCCTGGGCAACACGGCAAAACCCCATCTCTACTAAAACTACAAAAACTAACTGGGCATGGTGGCACGCGCCTGTAGTCCCAGCTACTGGGGAGGCTGAGGTAGGAGGATCACTTGA"
"GL873520","73125656","73125758","chr3","46775769","46775871","28","26349887","GGATCACTTGAGTCCAAGAGTTTGAGGTGGCTGTGAGTTATGACACTACCAGCACTTTACTGGGAGCAACAAAGTGAGACTCTGTCTCAAAAAAAAAAAAGAA","ATCACTTGAGCCTTGGGGGTTGAGGCTGCAATGAGTCATGACTGTGCCATTGCACTCTAGCCTGGGCAACAGAAAAGAGACCCTGTCTCAAAAAAAAAAAAAA"
"GL873520","73447089","73447356","chr3","133065732","133066007","74","59618643","GGCTGGGTGCGGTGGCTCACGCCTGTATTCCCAATACTTGGGAAGTTCAGGGGTTGGATTGCCTGAGCTCACAGGTTCAAGACCAGTCTGAGCCAGAGTGAGACCTCATCTCTAAAAAAATACCCGGGCATTGTGGTGGGTACCTGTAGACCCAGCTACTTGGGAGGCTGAGGCAAGAGAATGACTTGAGCCTGAGAGTTTGTGGTTGCTGTGAGCTACAATGCCTTGGCACTCTGTTGAGCATTACAAAGTGAGACTCTGTCTCAAG","GGCCGGGTGCAGTGGCTCACGCCTGTAATCCCAGCACTTCAGAAGGCCAAGGCAGGAGGATCACTTGAGCTTAGGAGTAGAGACCAGCCTCAGCAACATGGTGAAACCCCATCTCTACAAAAAATTAGCCGGGCATAGTGGTGCGTGTCTGAAGTCCCAGGTACTGGAGAGGCTGAGGCAGGAGGATCACTTGAGACTGGGAGGTCAAGGATGCAGTGAGCTGTGATAGTGCCATTGCACTCCAGCTGGGGCAACAGAGCGAGACCTTGTCTCAAA"
"GL873520","73447378","73447393","chr1","153358526","153358539","2","79911148","AAAAAAAAACCAAAAA","AAAAAAAAAAAAAA"
"GL873521","58193","58339","chr1","40759650","40759803","42","40701457","TTAGTCAGGCATTGTGGCAACTTAGGCATAGCTACATGGAAGGCTTAGACAAGAGAATCACTAGAGTCCAGGAATTGGAGGTTGCTGTGAGCTACGATGCCATAGCACTCAAGCCTGGGGCAACAGTGTGAAACTCTATCTCAAAAA","ATTAGCCAGACATGGTGGTGCACATCTGTAGGCCTAGCTACTTGGGAAGCTGAGGCAGGAAGACTGCTTGAGCCCAGGAGTTTGAGGCTGCAGTGAACTATGATGACATCACTGCACTCCAGCCTGGGCAAGAGTGAAACTGTTTTTTAAAAAA"
"GL873521","58369","58496","chr11","12504072","12504193","41","12445703","GGTGTGGTGATTGATGCCTGTAAGTCTAGCACTTTGAGGAGAGTGGATCCCTCTGAGGAGGGTGGATCTGTTGAGCTCAGATACTCAAGACCAGACTGAGCAAGACTGAGACCCCCCCATTTTTACAA","GGCCTGGTGCAGTGGCTCAGACCTGTAATTCCAGCACTTTGGGAGGCCTGGGTAGGTGGACTGTTTGAGCTCAGATGTTTGAGACCAGCCTGGGCAACATGACAAAACCCCATCTCTACATA"
"GL873521","119441","119613","chr3","50079465","50079644","54","49960024","CAACAAAAAAAAAAACAGATGACATAGTGGTTCACACCTGCAGTTGCAGCTAATGGGGAGACTTAAGACAGGAAAATCACTTGAACTCAGGCATTTGAACTTTCAGTGAGCTATGCTGATGCCACTGTACCTTAGTCATGACAGCAGAGCAAGAACCGGACTAAAAAAAAAAA","ACAAAAAGAAAAAACAATTAGCAAGGCCTGGTGGTACACACTTGTAGTCCCAGCTATTTGGGAGGCTGAGGTGGGAGGATCACTTGAGCCCAGGAGTTCAAGGTTACAGTGAGCTATGATCATGCCACTGCACACTAGCCTGGGCATCAGAGAGAGTTCCTGTCTCTAAGAAAAAAAAAA"
"GL873521","119642","119758","chr4","150658849","150658965","24","150539207","GGCTGGACCTGGTGGTTCACACTTGTAATCCTGGCACTTTGGGAAGCCAAGGTGGGAGAACTGGGTGAGGTCAGGAGTTTAAGACCAGCCTGAATGACATAGCAAGATCTCATCTCT","GGCTGGTTATGGTGGCTGACACCTGTAACCCTAGTACTTTGGGAGGCCCAGGTGGGAGGATTGCTTGAGGCCAGGAGTTTAAACCAGCCTGGGCAACATAGCAAGACCTCATTTCTT"
"GL873521","610584","610857","chr11","57816849","57817130","68","57206265","GGCCATGTGCAGTGGCTCACACCTGTAATCCTAGCACTCTGGGAGGCTAAGGCAAATGGATTGCTTGAGCTCAGGAGTTCAAGACCAGCCTGAGCAAGAGCTAGAACTGACCCCATCTCTAAAAAATGCCAGGCAATATGGTGGAGTCTAGAGTCCCAGCTACTCGAAGGCTAAGGTAGAAAGATGGCTTAAGCCCGAGAGTTTGAGGTTGCAGTGAGCCGTGACACCATGGCACACTCTACTGAGGGTGACAAAGTGAGATTCTGTCTCCAAA","GGCCAGGCACAGTGGCTCACACCTGTAATCCTAGCACTTTGGGAGGCCAAGGCAGGTGGATTGCTTGAGCCCAGGAGTTTGAGACCAGCCTGGGCAACATGGCAAAACCTCATCTCTACAAAAATTAGCCAGACATGGTGGTGGGTGCCTGTAGTCCCAGCTACTCAGGAGGCTGAGGTAGGAGGATCATCTGAGCCCAGGAGGTCGAGACTGCAGTGAGCCATGATCATGCCACTGCACTCCAGCCTGAGTGACAGAGTGAGATCCTGTCTCAAACAAAAA"
"GL873521","1502062","1502265","chrX","121141350","121141549","52","119639288","CAAACAAAAAAAGACTAGTCTCTACTGAAAATAGAAAAACTAGCCGGGTATTGTGGCAGGCTCCTGTACTCCCAGCTACTTGGGAGGCTGAGGCAAGAGGATCACTTGAGCCCACGAGTTTGAGCTTTCTGTGAACTATGATAATGTCACAGCACTCTACCCAGGGTGACAGAGTGAGATTCTGTGTCAAAAAAATAAAGAAAA","GAAACAAAGCAAGACCCCATCTCTACAAAAAATTTAAAAATTAGCTGGGCCCAGTGGTGTGTACCTGTAGTTCCAGCTATTTAGGAGGCTGAGGCAGGAGGATCCCTTGAGCCCAAGAGTTCAAGGTTGAAGTGAACCATGACTACGCCACTGCACTCTAGCCTGGGGACAAAGTGAGACCTTGTCTCAAAAATAAAAAA"
"GL873521","1502500","1502603","chr19","19649787","19649888","25","18147287","GCCAGGTGCAGTGGCTCATGCCTATAATCCTAGCACTCAGGAAGGCCAAGGCAGGTAGATTGAGTTTGAGACCAGCCTGACTAAGAGCAAGACTGGTCTCTATA","GCCAGGCATGGTGGCTCATGCCTGTTATCCTAGCACTTTGGGAGGCTAAGGCGGGAGGAGTTTGAGACCAGCCTGGGCAACATAGCCAGACCCTGTCTCTTA"
"GL873521","1595405","1595517","chr21","23033355","23033468","23","21437950","GCTGGGCATGGTAGCTCATGCCTGTAATCCCAGCACTCTGGAAGGCCGAGGCAGGTGAATTGCCTAAGCTCACAAGTTCAAGGCCACCCTGAGCCCAGCAAGACCCTATCTGT","GGCCAGGCATAGTGGCTCATGCCTGTAATCCCAGCACTTTGGAAGGCCGAGGCAGGAGGATTGCTTGGAGCCCAGGAGTTCGAGACCAGCCTGAGCAGCATAGACCCCTATCTC"
"GL873521","1595795","1595978","chr3","132688217","132688402","51","131092422","TGAGACCCATCTCTAAAAATAGCCAGGCGTTGTGGTGGGCGCCTATAGTCCCCGCTATTCTGGAGACTGAGGCAAGAGAATCACTTAAGCCCAAGAGTTTGAGGTTGCTGTGAGCTGTGACACTATGGCCCTCTACCAAGGGTGACAAAGTGAGACTCTGGCTCAAAAAGAAAGATAAAAAAAA","TACAGAAAAATTTTTAAAAAATTAGCCATGTGTGGTGATGCGCACCTGTAGTCCCAGCTACTCTGGAGGCTGAGGTGTGAGGATCACTTGAACCCAGGAGTTCGAGGCTGCAGTGAGCCATGATCATGCCACTGCACTCCAGCCTGGGTGACAGAGTGAGACCTTGTCTGAAAAAAAAAAAAAAAA"
"GL873521","1759823","1760095","chr20","35179301","35179570","73","33419478","CTAGCATCCTGGGAGGCTGAGGCAGGTGGACTGTCTGAGCTCATGAGTTTGAGACCAGCTTGAGTAAGGGAGACCCTGTATCTACTAAAAATAGAAAAACTAGCCAAGCATGGCGGCACATGCCTGTAGTCCGAACTGCTTGGGAGGCTGAGGCAAGAGTATCACCTAAGCCCAAGAGTTTGAGGTTGCTCTGAGCTATGAAACCAGGGCAGGGTCCTCTACCCAGGGTGACAAAGTCAGACTGTCTCCAAAAAAAAAAAAAAAAAAAAAAAA","CCAGCATGGTGGGAGGCCGAGGTGGGCAGATCGCTTGAGTCCAGGAGTTTGAGACCAGCCTGGGCAACATGGCGAAACCCCGTCTCTACAAAAAATACAAAAATTAGCCAGCATGGTAGCCCACGCCTGTAGTCCCAGCTGCTTGGGAGGTTGAAGTGGGAGCATCACTTGAGCCTGGGAGGCGGAGGTTGCAGTGAGCTGTGATCTGCACTCCAGCCTGGGTGACAGAGCGAGACTCTGTCTCAAAAAAAAAAAAAAAAAAAAAAAAAA"
"GL873521","1760611","1760644","chr1","206552735","206552767","4","204792124","GGCTGGGAGCCGTGGCTCACCCCTGTAATCCTAG","GGCTGGGAGTAGTGGCTCACGCCTGTAATCCTA"
"GL873521","1978757","1978896","chr19","10086469","10086601","36","8107712","GGGTGCAATGGCTCATTCCTACAACCCTAACATTTTGGGAGGCCTGGGTGGGAGGAAAGCTTGGGACCCGTAGTTTGAGATCAGCCTGAGCAACACAGTGAGATGCTGTCTCTACAAAAAATTAGCCTAGTATGGTGGTG","GGGTGCAGTGGCTCACACCTATAATCCTAGCAGTTTGAAAGGCTGAGACGGGTGGATCGCTTGAGCCCAGGAGTTCAAGACCAGCCCGGGCAACATAGTGAGACCCTGTCTCTACAAAAAATTAGAGGATGTG"
"GL873521","1984940","1985104","chr19","18092803","18092966","37","16107863","AAAATGAGCCTGGTGTGGCAGCACTTGCTTGTGGTCCCAGCTACTTAGGAGGCTGAGGCAGCAGAATTGCCTGAGTCCAGGAGTTTGAGATTGCAGGGAGCTATAACCATACCACTTCATTCCAGCCTGGGCAACAGAGCAAGGCCCTGTCTCAACCAAACAAAA","AATTAGCAGGCTGTGGTAGCATGTGCTTGAGGTCTCAGTTACTTGGGAGGCTGAGGTGGGAGGATCACCTGAGCCCAGGAGTTCAAGGCTGCAGTGAGCTATGATCACACCACTGCACTCCAGCCTGGGCAACAGAGCAAGATGCTGTCTCAAAAAAAAAAAAA"
"GL873521","2126971","2127283","chr1","18920994","18921309","78","16794023","GCCAGGTGCAATGGCTCATGCCTGTAATCATAGCACTCTGGGAGGCTGAGACTGGAGGATTACTTGAGCTCAGGGTTTCGAAATCAGCTTGAGCAAGAGTGAGACCCCCATCTCTACAAAAATAGAAAAACTAGCCAGGTGTTGTGGTGGGCACCTGTAGTCCTAGCTATTTGGGAGGCTGAGGCCAGAGGACAGCTCAAGTCCGGGAGTTTGAGGTTGCTGTGAGTTGTGACAGCACAGATGTCTACAGAGGGTAACAAAGAAAGACTCTGTCTCAAAAATGAATGAATAAATAAGTAAATGAATAAATAAA","GGCCAGGTGCATTGGCTCATGCCTGTAATCCTAGCACTTTGGGAGGCTGAGGCAGGCAGATTGCTTGAGCCTGGGAGTTTGAGACCAGCCTGGGCAACATGGCAAAACTCTATCTCTACAAAAAATACAAAAATTAGCCTGGCGTGGTAGCGTGAGCCTGTAGTCCCAGCTACTGGGGAGGCTGAGGTTGGAGGATAGCTTGAGTCCGGGAGGTCGAGGCTGTAGTGAGCTGTGATCACACCACTGCACTCCAGCCTGAGAGACAGAGAGAGATCTTTTCCCAATAAATAAATAAGTAAGTAAATAAATAAATAAA"
"GL873521","2389393","2389473","chr1","36080957","36081040","20","33691564","TTGGGAGACTGAGGCAGGAGGATTCCTTGAAGCCAGGAGTTCAAGACCAGCCTGAACAGGAGTGAGACTCTGACCATATAA","CTTTGGGAGGCTGAGGCAGGGGGATTGCTTGAGCCCAGGAGTTCAAGACCAGCCTGGGCAATATAGCGAGACCCTCATCTCTAC"
"GL873521","2389498","2389674","chr1","31190959","31191130","48","28801461","CCCCAGAAAAACAGAAAAATTAGCCAGGTATGGTGGTATGGGTCTATAGTCCCAGCTGCTTGAAGGCCAAGGCAGGAGGATTACTTGAAGCCCAAGAGTTTAAGGCTACAGTGAACTATGACGATGTCACTGCACTCTAGCCCAGTTGACAGGGAATGAATCTGTTTCAAAAAAAAA","CACACACACACACAAAAATTAGCCAGTGTGGTGGTATACTCCTATAGTCCTAGCTGCTCGGGAGGCTGAGACAGGAAGGTCACTTGAGCCTAGCAATTTAATGCTGCAGTGAGCTATGATTGTGCCACTGCACTCCAGCCTGGGCAGCAGAGTGATACTCTGTTTCAAAAAA"
"GL873521","2550002","2550150","chr19","3288108","3288256","38","738106","CCCTCAGCTTTGCATGGTGATATGCACCTTTGGTCCCAGCTGCCTCAGGAGGTTGAGGCATGAGGATCCCTTGAGCCCACAGTTTGAAGCTGCAGTGGGCTATGATGGTGACACTACACTCTAGCCAGGGAGACAAAGTGAGGCTCTAT","AGTTAGCTGGGCATGGTGGTATGGGCCTGTGGTCCCAGCTACTCAGGAGGCTGAGGCAGGAGCATCTCTTGAGCCAAGGAGGTCGAGGCTGCAGTGAGCTGAGATTGCGCCACTGCACTCCAGCCTGGGTGACAGAGTGAGATCCTGTC"
"GL873521","2550422","2550560","chr7","34482046","34482189","32","31931624","CTGAGTGTGGTGGCCCCTGTCTGTAATCCCAGCCCTTTGGAAGGCTGAGAAGAGGATCACGTGAGGCCAGGAGGTTGAGAACAGTGTGGGCAACACAATGAGACCCATCTCTAAAACAAGTTTAAAAATCAGCTGGGCT","GGCTGGGCATGGTGGCTCATGCCTGTAATCCCAGCACTTTGGGAGGCTGAAGTGGGAGGACTGCTTGAGGCCAAGAGCTTGAGACCAGCCTGGGCAACATAGTGAGACTCCATCTCTACAAAAAGTTTAAAAATTAGCAAGGGT"
"GL873521","2565293","2565460","chr12","36177409","36177585","39","33612116","AACAATAAAAATTATCCAGATATGGTGGTGTGTGCCTGTAGTGCCAACAGCTAGGGAGGCTGAAGCAGGAAGATCGCTGGAGCCCATGAGTTTGAGATTGCAGTGAGCTGTGAGGCCACTGCGCTCTACCCTGGGTGAGAGAGTAAGACCCTGTCTTGAAAAAACAAA","TAAAAAATTAAAAAATTAGCCAGATGTGGTGGTGCGTGGCTGTGGTCCCAACTACTCTGGAGGCTGAAATGGAAGGATTACTTGAGCCCATGAGGTTGAGGCTGCAGTGAGCTGTGACTGAGCCACTGCACTCCAGCCTGGGTGACAGAGTGAGACCCTGTTTCAAAAAAAAAAGAA"
"GL873521","2565490","2565601","chr12","111694807","111694920","25","109129317","CCAGATACAGTGGCTTACACCTGTTATCCTAGCACTTGGGAGGCCAAAATGAGAGGCTTGCTTAAGTCCAGGAGTTTGAAACCAACCTGTGCATGAGCAAGACCCCATCTCT","GGCCAGGTACAGTGGCTCACACCTATAATCTCAGCACTTGGGAGGCCAAGGTGGGAGGATCACTTGAGTCCAGGAGATTGAGACCAGCCTGGCAACATAGCAAGACCCTATCTC"
"GL873521","3217868","3218143","chr10","9473915","9474197","72","6256047","GGCTGGGTGCAGTGGCTCATGCCTATAATTTTAGCATTCTGGGAGGCCTGAATAGGAGGATCCCTTGAGCTCAGGAGTTTACCAGCCCAAGCAAGAGTGAGACCCCATTTCAACTATAAATAGAAAAACTAGCTGGACGTGGTAGCGTCTGCTTGTATCCTAGCTACTGAGGTGGCTGAAGTAGGAGGATCATTTGAGCCCAAGATTTGGTGATAGCAGTGAGCTAGGCTCATACCATAGCACTCTAGCCTGGGCAGCAAAGTGAGACTATCTCAA","GGCTGGGTGCAGTGGCTCACACCTGTAACTTTAGCACTTTGGGAAATCAAGGAAGGTGGATCACTTGAGCCTAGGAGTTTGAGACCTGGACAACGTAGTGAGACCCCATTTCTACAAAATAAAACAAAAACTAGCTGGGCATGGTGGCATGCTCCTATAGTCCCAGCTACTCAGGGGCCTGAGGTGGGAGGATCGTTTGAGCCCAGGAGGTGGAGGTTGCCGTAAGCCAAGATCATGCCACTACACTGCAGCCTGGGAGACAGAGTGAGACCCTGTCTCAAAA"
"GL873521","3218164","3218191","chrX","137081199","137081225","4","133863035","AAAAAAAAAAAAAGGAAGAAGAAGAAAA","AAAAAAAAAAAAAAAAAGGAAAGAAAA"
"GL873521","3495930","3496043","chr1","9156973","9157091","28","5661043","GACCAGGCCCAGTGGCTCACTCCTATAATCCCAGCACTCTGAGAGGCCAAGGCAGGAGTTTGAGACCAGCTTGAGCAAAAGCAATACCCTATCTATAAAAAAAATAGCCAGGCT","GGCTGGGTGAGGTGGCCTCACGCCTGTAATCCCAGCACTTTGGGAGGCCAAGGCAGGAGTTTGAGACCAGCCTGGGCAATACAGTGAGACCCCATCTCCAAAAAAAAAATTAGTGGGGC"
"GL873521","3496294","3496455","chr4","75562087","75562252","37","72065793","TAGCCAGACATGGTGGCAGGTTCCTGTACTCCCAGCTACTTAGAGGCTGAAGCAAGAGGATAGCTTGAGACCAAGAGTCTGGAGGTTGCCATAAACTATGATGCCATAGCACTCTACCCACGGTGACAGAGTGAGATTCTGTCTCAAGAATAAATAAATAAA","TTAGCTGGGTGTGGTGGCATGCACCTGTAGTCCCAGCTACTTAGGAGGCTGAGGCAAGAGGATCACTTTAGCCCAGGAGGTGGAGGTTGCAGTGAGCTGAAATCATACCACTGCACTCCAGCCAGGGTGACAGAGTGAGACCTTGTCTCAAAAATAAATAAATAAA"
"GL873521","3515961","3516093","chr1","109402188","109402317","37","105886227","CTGGGCACAGTAGTATGTTCTTGTAATCCCAGTTTGGGAATGGGAGGCTGAAGCAGGAGGATCTCTTGCACCTAGGAGTTCAAGTCCAGCCTGGGCCACTTAGGTAAACACTCCTATACACACAATAAATAAA","GGCTGGGACGGTGGCTCATGCCTGTAATCCCACACTTTGGGAGGCTGAGCTGGCAGATTGCTTGAGCCTAGGAGTTCAAGACCAGCCTGGGCAACATGGTGAAACCCCACCTTTACAAAAAATAAATAAA"
"GL873521","3526495","3526609","chr6","8494714","8494833","23","4968219","GGGTGTGGTGGCTCATGCCCATAATCACAACACTTTGGGAGGTGAGGCAAAATGGTCACTTGAGACTAGGAGTTCAAGATCAGCCTGGGCAACATAGCAAGACTCTGGGTCCACA","GGCCAGGTGTGGTGGCTCATGCCTGTAATCCCAACATTTTGGGAGGCTGAAGCAGAGAGGTTGCTTGAGACCAGGAGTTCAAGACCAGCCTGGGCAACATAGCAAGACCCTCTCTCTACC"
"GL873521","3526643","3526661","chr3","50246504","50246521","6","46719861","TTAAAAAACAAACATTTGC","AAAAAAAAAAAAAATTTT"
"GL873521","3544998","3545149","chr5","35290577","35290728","43","31745579","AGCCCAACAAAATGAGGGGGGCATTGTGGTGGACGCCTGTAGTCCCAGTCACTCAGAAGGCTGAGACAAGGGAATCGCTTGAGTCCAAGATTTGAGGTTGCTGTGAGCTATGATGGCACAGCACTCGACCCAGGGCAACAGAGTGAGACTCT","ATAGAAAAACTAGCCAGCATGGTGGCTCACGCCTGTAGTCCCAACTACTCAGAAGGCTGAGGCAGGAGGATCGATTGAGCCTGGGAGGTCAAGGCTGCAGAGAGCCATGATTGTGCCACTGCACTCTAGCTTGGGCAACAGAGTGAGACTCT"
"GL873521","3545179","3545299","chr8","123644856","123644976","23","120099677","GGCCAGGGTGCAGTGGCTCATGCCTGTAATCCTAGCACTCTGGAAGGCTGAGGCGGGTGGATTGCTTGAGCTCAGGAGTCGGAGGTCAGCCTGAGCAAGAGAAGGATCCCATCTCTACTGA","GGTTGGGTGCAGTGGCTCATGACTGTAATCCCAGCACTTTGGGAGGCTGAAGCAGGTGGATTGCTTGAGCCCAGGAGTTGGAGATCAGCCTGGGCAACATAGTAAGACCCTGTCTCTACAA"
"GL873521","3553893","3554058","chr11","78192954","78193119","45","74639061","AATACTGACCAGGTGTAGTGAGTGGTGCATGCCTATAGTCTCAGTTACTTGGAAGGTTGAGGCAAAAGGATTGCTCAAACACAAGAGTTTTAGGTTGCTGTGAACTATGATGCTACAGCACTCTACCAGGGCAACAGAGTAAGACTGTGTCTCAACAACAAACAAA","ATTAGCCAGGCATGTTGGTGCATGCCTATAGTCCTAGCTACTTGGAAGGCTGAGGCATGAGGATGTACTGAGCCCAAGAGTTCCAGGTTAGAGTGAGCTATGATCATGTCACTGCACTCTAGCCTGGGCAACATAGCAAGACCCTGTCTCTAAAACAAAGCAAAAA"
"GL873521","3554086","3554201","chr1","91242641","91242760","22","87688555","GGGTGCAGTGGCTCACGCCTATAATCCTAACACTCTGGGAGGCCAAGGTAGGTGGATCACTTGAGTTTGAGGAGTTTGAGACCAGCCTGAGCAAGAGAAAGACCCCATCTCTACTA","GCCAGGCGCAGTGGCTCACACCTATAATCCCAACACTTTGGGAGGCCAAGGCAGGAGAATCACTTGAGGCCAGGAGTTTGAGACCAGCCTGAGCAACATAGCAAGACCTTGGCTCTACTA"
"GL873521","3593976","3594262","chr16","24608122","24608413","74","21014146","GGCTGGGCACAGTGGCTCACACCGGTAATCCCAGCACTCTGGGAGGCCGAGGCAGGTGGATTACCTGAGCTCACAGTTTCGAGACCAGCCTGAGCAAGAGTGAGACCCCCCCCCCAATCTCTAAAAATAGCTGGGCGTTATGGCCAGGTGCCTGTAATCCCAACTATTTGGGAGGGTGAGACATGAGAGTCAGTCACTTTGAGCCAAGAGTTTGAGGTTGCTGTGAGCTGTGTGCCACAGCATCCTACCGAGGGTGACAAATTGAGACTGTGTCTCACAAAAAAGAA","GGCCAGGCGCAGTGGCTCACACCTGTAATCCCAGCACTTTGGGAGGCTGAGGTGGGTGGATTACTTGAGCTCAGGAGTTTGAGACCAGCCTGGGCAATATAGTGAAACCCTATCTCTACCAAAAACACAAAAATCTAGCTGGGCATGGTGGCACGTGCCTGTAGTCCCAGCTACTCGGGAGGCTGAGGCAGGAGGATCACTTGAGCCTGGGAGGCAGAGGTTGCAGTGAGCCATGATTGCGCCAGTGCACTCCAACCTGGGTGACAGAACAAGACCCTGCCTCAAAAAAGAA"
"GL873521","3621527","3621631","chr8","21452005","21452106","29","17830478","TCACATTTATAATTCCAGCACTCTGGGAGGCCGAGGCAGGAGAAACCCTTGGGCTCAGGAATTCAGGGGCCAGCCTGAGCAAGAGCCAGGCCCAGTCTCTACTAA","CATGCCTATAATCCCAGCACTTTGAGAGGCTGAGGCAGGAGGATCGCCTGAGCCCAGGAGTTCGAGGCCAGCCTGGGCAACATAGCAAGACCCCATCTTTAA"
"GL873520","60838810","60839064","chr5","171848001","171848259","81","111009191","GGCTGAGAGTGGTGGCTTCTAACAGTCCGAGAGGTTGAGGCTTGAGCTCAGGAGTTACAGGTCAACCTGAGCAACCCCTGCCTACTAAAAATAGAAAAAATTAGCTGGGCATTGTGGTGAGTGCCTGTAGTCCTACCTACTGGGAGACTGAGGCAGGTGGATCTCTCAAATTCAGGAGTTTGAGGCTGTCGTGAACTACGACGCCACAGCACTCAGGCCTGAGCAACAGTGAGACTGTCTCACACACACAAGAAA","GGCCAGGCAAAGTGGCTCATGCCTGTAATCCCAGCACTTTGGGATCACTTGAGCCAGGAGTTCAAGACAACATGATGAAACCCCGTTTCTACCAAAAACACAAAAAAATTAGCTGGGCATGGTGGTGCACGCCTGTAGTCCCAGCTACTTGGGAGGCTGAGGCAGGAGGATCGCTTGAGCTCAGGAGGTCGAGGCTGCAGTGAGCACTGACTGTGCCACTGCACTCCAGCCTGGACAACAGATAGAGACCTCGTCTCAA"
"GL873520","60890558","60890822","chrX","9126809","9127055","74","51763749","AGAAGTTTGAGACCAGCCTGAGCAAGAATGAGACCTCATCTCTATAGACAAATAGAAAAATTAACCACTACAGGCATGGTGGTATGTGCCCATAGTCAAAGATACTCAGGAGGCTGAGGCAGGAGGATCACTTGAGCCCAGTAGTTAGAGGTTGCAGTGAGCTATGATGACATCCTAACACTCTAGCCAAGGCAACAGAGTGAGTGAGACTCTGTCTCAAAAATAAATAAATAAATAAATAAATAAAAGAAAAGAAAAAAAAGAA","ACCAGCCTGGGCAACATGGTGAGACCTCATTTCTACTAAAAATACAAAAAAATTATCTGGGTGTGATGGTACGTGCCTGTGGTCTTAGTTACTTGGGAGGCTGAGATGGGAGGATTGCTTGAGCCCAGGAGGTTGAGGCTGCAGTGAGCCATGATCACACCACTGGATTCTAGCCTGGGTGACAACAGTGAGACCCTGTCTCAAAAATAAATAAATAAATAAATAAATAAATAAATAAATAAATAAA"
"GL873520","60903513","60903710","chr8","38561134","38561339","57","22342379","GACCAGCCTGAGTAAGAGTGAGACCTTATCTCTAAAAAAATAGCTGGGAGTTATGGCAGGTGCCTGTAGTCCCAGCTACTTGGAAGGCTGAGGCAAGAGGATCACTGGAGCCCATGACTTTGAGGTTGTTGTGAGCTATCATGCCATGGCACTTTACCCTGGGTGATAAAGTAAGACACCATGAAAGAAAGAGAGAAA","CAGCCTGGGTAACGTGGTGAGACCACATCTCTAAAAAAATTAGCTGGGCTTGGCAGCACATACCTGTAGTCCCAGCTACTTGGGAGGCTGAGGCGGGAGCATCGCTTGAACCCAGGAGGTAGAGCCTGCAGTGAGCGAGACTGTATCTCTGCACTTCAGCCTGGGTGACAAAGTGAGACACCATCTTAAAAAAAAAGAAAGAAAGA"
"GL873520","60903994","60904078","chr19","44122957","44123041","20","16781037","CTGGGCACAGTGGCTCACACTTGTAATTCTAGCACTCTTCAAGGCCAAGCTAGGCGGATTGCCTGGGTTCAAGAGTTGGAGACCA","CTGGGCACAGTGGTTCATCCCTGTAACCCAGCACTTTGGGAGGCCAAGGTGGGAAGATTGCTTGAGCTCAAGAGTTTGAGACCAC"
"GL873520","61127875","61128124","chr12","40543558","40543815","61","20584317","AGGCCAAGGCAGGTGGATTACTTGAGCTCAGGAGTTTGAGACCAGATGGAGTAAGGGTGAGACCTCCATCTCTACTAAAAATAGAAAAACTAGCCAGGCATCATGGCAGGTGCCTGTAGTCCCAGCTACTTGGGAGGCTGAGGCAGAAGGATCACTTGAGCCCGGGGTTTGAGGTTGCTGTGAGTCAGGCTGATGTCACAACATTCTACCAGGGCAACACAGTAAGACTCTGTCTCAAAAAAAAAAAAAA","AGGCCAAGGCGGGTGGATCACTTGAGCTCAGGAGTTTGAGACCAGCCTGGGCAACATGGCGAAACTCCATCTCTACAAAAATTACAAAAATTAGCTGGGCATTGGTGGTGCACACCTGTGGTGCCAGCCACTCAGGAGGCTGAGGTGGGAGGACCTCTTAAGCCTGGGAGGCAGTGGTTGCAGTGAGCTGAGGTCATGACACTACTCCATTCCATCCTGGGCAACAGAGTGAGGCCCTGTCTCAAAAAAAAAAGAAAA"
"GL873520","61204249","61204420","chr6","117522072","117522244","43","56317823","GAGAAAAACTGACTGGGCATTGTGGAAGGTGTCTGTAGTCCCAGCTACTCGGGAGGCTGAACCAAGAGGACTGCTCAAGCTCAAGAGTTTGGAGTTGCTGTGAGCTATAATGATGCTACAGCACCCTGCCCAGGGTAACAGAGTAAGACTTTAGCTCAAAAAAAAAAAAAAA","TAAAAAAATTAGCCAGATGTGGTGGCATGTGCCTGTAGTTCCAGCTACTCGGGAGGCTGAGGCAGGAGGATTGCTTGAGCTCAGGAGTTCGAGGCTGCAGTGAGCTATAATTGTGCCACTGCACTCTAGCCTGGGTGACACAGTGAGACCTTGTCTTTAAAAAAAAAAAAAAA"
"GL873520","61204698","61204831","chr12","96301849","96301984","29","35097151","GGCCAAGCGTGGTGGCTCCTGTCTATAATCCTAGCACGCTGGAGGGCCAAGGCAGATGGATTCCTTGAGCTCAGGAGTTAAAGATCAGCCTGAGTAAGAATGAGACCTCCATCTCTACTAAAAAGAGAAAAACT","GGCCAAGCATGGTGGCTCCTGCCTATAATCCCAGCACTTTGGGATGCCAAAGCAGGCAGATTACTTGAGCTCAGGAGTTCAAGACCAGCCTGGGCAACATGGTGAGACCCCATCTCTATTTTAAAAAATAAAAAAA"
"GL873520","61310865","61311035","chr14","88541197","88541366","41","27230332","GCTGGGCATTGTGGAGGGCACCTGTAGTCCCAGCTACTTGGGAGGCTGAGACAAGAGGCTCACTTGAGCCCTGGAGCTGAAGGTTTCTGTGAGCTGTGACACCATGGCACTCTACCAAGGGCAACATAGTAAAACTCTGTCTCAAAAAAAAATAGAAGTAGAAAAAGAAAA","GCTGGGCATGGTGGCTTATGCCTATAATCCCAGTACTTTGGGAGGCTGAGGCAGGAGGATAACTTGAGCCCTGGAGTCAAGGTTGCAGTGAGCTGTGATGGCACCACTGCACTGCAGCCTGGGTGACAGAGCAAGAACCTGTCTCAAAAAAAAAAAAAAAAAAAAAAAAA"
"GL873520","61311320","61311450","chr7","72684162","72684298","31","11372842","CCAGGCGCGGTGGCTCACACCTATAATCCTAGCACTCTGGGAGGCCGAGACAGGTAGATTGTTGGAGGTCAGGAGTTTGAAACCAACCTGAGCCAGAGTGAGCCCCCATCTTTAAAAAAACTAGCTGGAGC","GCCAGGCATGGTGGCTCACACCTGTAATCCCAGCACTTTGGGAGGCTGAAGCAGGAAGACTGCTTGAGGCCAGGAGTTTGAGACCACCCTGCACCACATAGCGAGACCGCATCTCTACTAAGAAATTAGCTGGGCAT"
"GL873520","61632558","61632764","chr12","61622891","61623093","58","9667","GGCCAGGTGCAGTGGCTCACACCTGTAATTCTAGCACTCTGGGAAGCCAAGACAGGAGAATCCTTTGAGTTTGGGAGTTCAAGACCAGTCTGAGCAAGAGCAAGACCCCATCTCTATTAAAAGTAGAAAATATTAGCCACATGTCCTGGCTACTGAGAGCTACTCAGGAGCCTGAAGCAGGAGGATCATTTGCCTGGGCAGCAGAGG","GGCTGGGCATAGTGGCTCACACCTATAATCCCAGCATTTTGGGAGGCCGAGGTGGGAGAATCACTTGAGCCCAGGAGTTCGAGACCAGTCTGGGCAACATGGCAAGACCCTGTCTCTACAAAAATTAAAAAATTAGCCAAGTGTGGTGGCTGTGGTCCCAGCTACTCAGGAGGCTGTGGTGGGAGGATCTCCTGGGCCTGGGA"
"GL873520","62111475","62111518","chr11","2140149","2140197","13","59971326","CCTGTAATCTAAGTACTTTGGGAAGCCAAGTGGAAGGATCTTTC","CTTGTAATTCCAGCACTTTGGGAGGCCAAGGTGGGAGGATCACTTGAGC"
"GL873520","62111756","62112003","chr3","130809410","130809642","65","68697654","CTGGTGGAAGGATCTTTCTAATTGAGGCCAGAAGTTTGAGACCAGCCTAAGCAACATGGCAAGACCCTATAACCATGTAAAATAGAAAAATTAGCTGGGTGTGGTGGTGCACACCTGTAGTACCAGATACTCGAGAGGCTGAGGCAGGAGGTTTGCTGGAGCCCAGGAGTTTGAGGTTACAGTGAGCTATAATGACACCACCACACCTTAACTCAGGCAAAAGAGCAAGACCCTTTCTCAAAAGAAAA","CCGGAGAGGGTAGATTTCTTGAGCCCAGGAGTTCAAGACCATCCTAGGCAACATGGCTACAAAAAATAGAAAAATTAGCTGGGCATGGTGGTGTGCACCTGTGGTCCCAGGTACTCAGGAGGCTGAGGTGGGAGGATTGCTTGAGCCTGGGAGGTTGAGGCTGCAGTGAGCCATGATTGCACCACTGCACTCCAGCCTGGGCAACAGAGCAAGACCCTGTCTCAAAAAAGAAA"
"GL873520","62249107","62249260","chr10","17058131","17058282","38","45190976","ACAATTAGACAGGTGTAGTGGCACAAGCCTATAGTCCCGCTACTCGGAAGGCTGAGGCAGGAGGATCACTCGAGCCCAAGAGTTGGAGGTCACTGTGAGCTATGACACCATGACATTCTCCCCAGGGTAACAGAATGAGATTCTGTCTCAAAAA","AAAAATTAGGCATGGTGGCATGTGCTTGTGCCAGCTACTCAGGAGGCTGAGGCAGGAGGATCACTTGAGCTCAAGAGGTGGAGGCTACAGTGAGCCATGATTGCACCACTGCACTCCAGCCTGGGCAACAGAGTGAGACCCTGTCTCAAAAA"
"GL873520","62249287","62249403","chr22","16925544","16925667","25","45323743","GGCTGGGCGTGGTGGCTCACATTGTAAATTCTAGCACTCTGAGAGGCCGAGGTGGGTGGATTGCTTGAGGCTAGGAGTTAGAGACCTGAGCAAGAGTGAGACTCTGTCTCTGCTAAA","GACTGGGCATGGTGGCTCACACCTGGAATCCCAGCACTTTGGGAGGCCAAGGTGGGTGGTTTGCTTGAGCCCAGGAGTTCGAGAGCAGCCTGGGCAATATTGTGAGACTCTGTCTCTACAAAAT"
"GL873520","62409859","62410146","chr6","37880818","37881108","74","24529041","GACTAGGTGCAGTGGCTCACACCTATAATCCTAGCACTGTGGAAGGCCAAGGCAGGTGGATTAGTTAAGCTCAGGAGTTTGAGACCAGCCTGAGCAAGAGTGAAACTCCATCTCTGCTACAAATAGAAAAACCAGCTAGGCAGAGTGACATGCTCCTGCAATTCCAGGTACTTGGAAGACTGAGGTAAGAGGATCATTCAAGCCCAGAATGAGAGGATGCTGTGAGCTATGATGCCACAGCACCCAGTGAGGCTATCTCAAAAAAAAAAAAAAAAAAAAAGAAAGAAA","GGCCAGGCGCAGTGGCTCACACCTGTAATCCTGGCACTTTGGGAGGCTGAGGCGGGTGGATTGCTCGAGCTCAGGAGTTCAAGATCAGCCTGGGCAACATGGTGAAATCCCATCTCTACAAAAAATACAAAAAATTAGCTGGGTGTGGTGGCACATGCCTGTGGTCCCAGCTACTTGGGAGGCTGAGGTAAGAGGATTACCTGAGCCCAGAAGGCCAAGGCTACAGTGAGCCGTGATCATGCCACTGCACGCCAGCCTTTTTCAAAAAAAAAAAAAAAAAAAAAAGACAAA"
"GL873520","63481106","63481324","chr10","7622016","7622239","66","55859090","GAAAACAGTCTGAGATGAGCCTGAGTAAGAACAAGACCCCGTCTCTACTAAAAATAGAAAAACTAGCTAGTGTGTTGGTGGATCCCTGTCATCCCAGGTACTTGGGAGGTTGAGGCAGGACCACTGGAGCCCAAGAGTTTGAGGTTGCTGTGAGCTATCACACTACAGCACTCTACTGAGGGTAACAAAATGAGACACTGTCTCATGAGAAAAAAGAAA","CAGGAGTTTGAGATCAGCCTGAGCAACATGGCAAAATCCCATCTCTACTAAAAATACAAAAATAAGCTGGGTGTGGTGGTGTGCTCCTGCAGACCCAGATACTCGGGAGGCTGAGATGGAAGGATCTCTTGAGCCTGGAAGTTTGAGGCTGTAGTGAGCTGTGATCATACCACTGTACTCCAGCCAGGGTGACACAGCAAGACCCTGTCTCAAAACAAAAAAAA"
"GL873520","63481596","63481682","chr3","39920305","39920389","13","23561291","GGCCAGGCACAGTGGCTCACACCTATAATCCTAGCACTCTGGGAGGCTGAGGCAGGCAGATTGCTTGAGCTCAAGAGTCTGAGACGA","GGCTGGGCACAGTGGTTCATGCCTATAATCCTAGCACTTTGGGAGGCTGAGGCAGACAGATTGCTTGAGACCAGGAGTTTGAGAC"
"GL873520","63984607","63984688","chr22","40046115","40046198","21","23938492","GGCTCATGTCTGTAATCCTAGTAGTTTGGGAGGTTGAGATAGGAGGATAGTGTAAGGCCAGGATTTTAAGAACAGTCTGAGT","GTGGCTCATGCCTGTCATCCCATCACTTTAGGAGGCTGAGGTGGGAGGATCACTTGAGACCAGGAGTTTAAGACCAGCCTGAGA"
"GL873520","63984964","63985013","chr12","123527171","123527211","18","59542207","AAAGAAGAGACTGAGCAACACAGTGAGATTATATAGCAAAATAATAATAA","AATTAAAAAATTTAAAAAGTGAATGAGATAAAAAAAAAAAA"
"GL873520","63985042","63985199","chr10","96290088","96290255","47","32305046","AAAAGAAAAAAATTAGCGAGGCATAGTAGCACATGGCTATAGCTCCAGCTACTTGAGAGAGTGAGGCAGGAGTTTGTTTGAGCCTGGGAAGTCGAGGTTGCAGTGAGCCATAATGGTGCCACTGCACTGTAAAACAGCAAGAGACCACCCCTCAAAAA","CAAAAAATACAACAATTAGCTAGGCATGGTGGCACATGCCTGTAGTCCCAACTATTTGAGAGGCTGAGGTGGGAAGATTGCTTTAGCCCCCGAAGTTGAGGCTCCAGTGAGCCAAGATTGTGCCACTGCACTTGAATCTGGGTGACAGAGCAAGACCCTGTCTCAAAA"
"GL873520","64280098","64280238","chr14","74041742","74041876","35","9761644","TAATCCTAGCATTTTGAGAGGCCAAGGAAGGAGGATCATTGGGCCCAGAAGATTGAGGCTGCAGTGAGCTGGGATTGCAGCATCATGGCATGTCTCCAGCCTGGGCAACAGTCTGAGATCCTGTCTTTAAAAAAAAAAAAA","GTCCCAGCTACTTGGAAGGCTGAGGCAGGAGGATCACTTGAGCCTGGGAGGCTGAGGCTGCAGTGAGTTGAGATCACACCACTGCACTCCAGCCTGGGCAACAGAGTGAGACCCTGTCTAAAAAAAAAAAAAAAA"
"GL873520","64390458","64390731","chr9","129896598","129896884","83","65506140","GCTAGGCCTGGTGGCTTGTGTCTGTAATCTTAGCACTCTAGAAAGATAAGGCAGGTAGGTAGATTTCCTGAACCCAGGAGTTCAAGACCTGCCCGAGCAAGAGGGAGACCTCACCTCTATTAAAAATAGAAAAACTAGCAGATCTGGCAGGTGCCTTTAGCCCCAGCTATGTGGTAGGTTGAGGTAAGAGGGTCACCTGATCCCAAGAGTTTGAGGTTTCTGGAGCTATGATGCCATAGTACTCTAGACAGGGCAATAGAGCAAGACTGTCCCA","GCCAGGTGTGGTGGCTCATGCCTGTAATCCCAGCACTTTGGGAGGCTGAGGCGGGAGGACTGCTTGAACTCAGGAGTTCAAGACCAGCCTGGGCAAGATGGTGAGACCTCATTTCTACTAAAAAAAGGAAAAAAAAATAGCCAGGTGTAGTGGTGCATGCCTGTACTCCCAGCTACTGGGTAGGCTGAGATGGGAGGATTGCTTGAGCCCCAGAGATTGAGGCTGCAGTGAGCCATGTTTGTGCCACTGCACTCCAGCCTGGACAACAGAGCAAGACCCTGTCTCAA"
"GL873520","64390763","64390781","chr8","126405290","126405308","3","62014527","GAGACAAAAAACAAAAAAA","AAGCCAAAAAACACAAAAA"
"GL873520","64761525","64761688","chr10","19288424","19288579","45","45473101","TACTAAAATAAGCCGGGTGTTGTGGCAAGCTCCTGTAAATCCCAGCTGCTTGAGAAGCTGTGGCAAGAGAACTGCTTGAGCCCAAGAGTTTGAGGTTGCTGTGAGATGTGACGCTATGGCACTCCACCAAGCAAGGGCAACAAAGTGACACTCTGTCTCAAAAA","TTAGCCAGGTGTGGTGGTGTGCACCTGTGGTCCCAGCTTCTTGAGAGGCTAAGGCAAGAGGACTGCTTGAGCCTGAGAGTTCGAGGCTGCAGTGAGCCATGTTCACACCACTGGACTCCAGCCTGGGCAACAAAGTGAGACCCTGTCTCAAAAAAA"
"GL873520","64761718","64761830","chr21","23033355","23033468","26","41728363","GGATGGGCACGGTGACTCATGCCTGTAATCCTAGCACTCTGGGAGGCCGAGGCAGGCGGATTGCTTGGATTCACTGACAAGATCAGCCTGAGCAAGAGCACAGACCCCTTCTT","GGCCAGGCATAGTGGCTCATGCCTGTAATCCCAGCACTTTGGAAGGCCGAGGCAGGAGGATTGCTTGGAGCCCAGGAGTTCGAGACCAGCCTGAGCAGCATAGACCCCTATCTC"
"GL873520","65203840","65204008","chr6","16993982","16994146","52","48209858","AAAAATCACAATAAACCTGGGCATTGTGGGACACACTTGTGGTCCCAGCTACTTGGAAAGCTGAGGCAAGAGGATCCCTTGAGCCCAGTCCACCATTCAGGTCCAGAGGAAGAGGCACTGCCCTCCAGCCTGGGACTCTAGTGAGACCTCCTCTCTTAATAAAAAAGAA","AAAATAAAAAGTTAGCTGGCCATGGTGGCACACACCTGTGGTCCCAGCGACTCAGGAGGCTGAGGCACAAAGATTGCTGGAGCCTAGGAGGTTGAGGCTGCAGTGAACCACTGCACTCCAGCCTGGGTGACAGAGAGACCCTGTCTCTTAGAAAAGAAAAGAAAA"
"GL873520","65233615","65233893","chr12","113638468","113638747","72","48404853","GACTGGGCAAGGTGCCTCACCCTGGTAGCCTAGCACTCTGGGATGCCAGGATGTGTGGATTGTTTGAGCTCAGGAATTGCAGACCACCCTAAGTAGGAGTGAGATCCCATCTCTACTAAAACAGAAAAACTATCCAGGTGTCATGGCAGGCACTGATAGTCCCAGCTACTGGGGAGCCTGAGACAAGAGGATTGCTTGAGCCCAGGAGTTTGAGGTTGCTGTGAGGTATAATAACACCACAGCCCTCTAGCCTGGGCAACAGAGTGAGACTATGTCTCA","GGCCGGGTGCGGTGGCTGATGCCTGTAATCTCAGCACTCTGGGAGGCCAAGGTGGGAGGCTTGTTTGAGCCCAGGAATTCCAGCCCAGCCTGTGTAACACAGAGAGACCCCATCTCTACAAAAAATAATAAGATTAGCTGGGGGTAGTGGCATGTGTCTATAGTTCCAGCTACTCGGGAAGCTGAGGCAGGAGGATCACTTGAGCCCAGGAGGTTGAGGTTGCAGTGAGCTATGATCACTCCACTGCACTCCAGCCTGGGCAACAGAGCAAGACCCTGTC"
"GL873520","65233919","65233934","chr4","2195053","2195068","3","63038866","CCAAAACGAAAGAAAA","ACAAAACAAAACAAAA"
"GL873520","65359603","65359765","chr10","35735599","35735752","41","29624004","GTGGCTCATGCCTGTAATCCAGCACTCTGGGAGGTCAAGGCTAGATGATCACTTGATTGAGTCCAGGACGTCCAGGCTGCAGAGAGCTGTGACTCTGCCACTGTACTCCAGCCTGGGTGTAGCATGAGACCTTGTATCTAAAAACAAGCACCAAACAAAAAAA","GTGGCTCAAACCTGTAATCCCAGCACTTTGGGAGGCCAAGGCCAGAGGATCACTTGATCCCAGGAGGCTGACGCTGCAGTGAGCCGTGATCATGCCACCACACTCCAGCCTGAGCAACACAGTGAGACGTTGTCTCTAAAAAAGAAAAAGAAAA"
"GL873520","65811521","65811636","chrX","5419188","5419305","32","60392333","GTAGCAGTTACTTAGGTGGCTGAGGCAGGAGGATCACTTGAACCTAGGAGTTCACGGTTGTTGTGAGCTATTATGATGCCAGTGCACTCTCCCCCAGAGGGATAGAGTGAGACTCT","GTCCCAGCTACTCTGGGAGGCTGAAGTGGGAGGATCACTTGAGCCTGGGAAGTTGAGGCTGCAGTGAGGTATGATTGTGCCAGTGCACTCCAGCCTGGCTGAGAGAGTGAGTCTCCGT"
"GL873520","65812040","65812202","chrX","9218405","9218573","37","56593635","GACCAGGCACGGTAGCTCACTCCTGTAATCCTGGCACTCTGGGAGACTGAGGCAGGTGGATTGCTTGAGCTCGGGAGTTGGAGATCAGCCTGAGCAAGAGCAAGACCCCATCTCTACTAAAAATAGAAAAACTAGCTGGGCTTTGTGCAGTCACCTGTAGTTA","GGCCAGGCGCAGTGCCTCACACCTGTAATCCCAGCACTTTGGGAGGCCGAGGCGGGTGGATCACTTGAGCTCAGGAGTTTGAGACCAGCCTGAGCAACATGGCAAAACCTCACCTCTACAAAAAAAATACAAAAATTAACCAGGCATGGTGGCAGGCACCTGTAGTCTC"
"GL873520","65944653","65944944","chr7","133126957","133127257","74","67182304","GGCCAGGCACAGTGGCTGACACCTATAACCCTAGCATTCTAGGATGCCAAAGCAGGTGGACTGCTTGAGCTCAGGAGTTTGAGACCAGACTGAGCAAGAGTGATTCCAGAACTCTACAAGAAGTAGAAAAATTAGCTAGGCATGGTGGCTCATGCCTATAGTCCCAGCTACACTGTAGGAGGCTAAGGCAGGATAGCTTGAGCCCTGCCTGTGGCTTGCTGTGAGCTGTGACACCAGGGCACTCTACCCAAGATGACAGAGGGACACTCAGTCTCAAAAAAAGAAAAAAAAA","GACCAGGCACAGTGGCTCACACCTGTAATCCCAGCACTTTGGGAGGCCAAGGCAGGTGGAATGCTTGAGTCCAGAAGTTCCAGACCAGCCTGGGCAACATGGTGAAACCCTGTCTCTACAAAAAATACAAAAATTAGCTGGGCATGGTGGCACATGCGTGTAGTCCCAGCTACTCAGGAGGCTGAGGCAGGAGGATTGCTTGTGGCCAGAAGGTTGAGGCTGCAGTGAGCCAAGATTGCACCACTGCACTCCAGCCTGGGTGACAGAGTGAGACCCTGTCTCAAAAAATAAAAAATAAAAA"
"GL873520","66312570","66312862","chr6","39411163","39411467","78","26901407","GGGCCGGTGGCTCTGCCTGTAATCCCAGCACTTGAGAGGCCAAGGTGGGTGGATTGCTTGAGCTCACAGGTTTGAGACCAGCCTGAGTCAGAGAGACACTTTATCTCTAAAAATAGATGGGTGTTGTGATGAGTGCCTGTAGTCCCAGCTACTTGAGAGACTGAGGCAAGAGAATCATTTAAGCCCAGGAATTTGAGGCTGTTGTGAGCTATGATGCCATGGCACTCTACTAAGGGTGACAAAGTGGTACTCTCTCTCAAAATAAATAAATAAATAAATAAATAAGAAGAAAA","CTGGGCGCGGTGGCTCACAGCTGTAATCCCGCATTTTGGGAGGCCAAGGTGGGCAGATTGCTTGAGCTCAGGAGTTTGAGACCAGCTATAGTCAACGTGGAGAAACCCCGTTTCTACAGAAATTAGCCAGGTGTAGTGGTGAGTGCCTGTAGTCCCAGCTACTTGGGAGGCTGAGGTGGGAGGATGACTTGAACCTGGAAGGTTGAGTTTGCACTGAGCCAAGATGGCAACACTGCACTCCAGCTGGGGCGACAGAGTGAGACCCTGTCTCAAAATAAATAAATAAGTAAATAAAAATAAATAAA"
"GL873520","66697774","66697947","chr12","66258613","66258792","41","439161","AAAAATAGAAAAACTAGCTGGGCATCATGGCAGATGCCCATAGTCCCAGGTAGTCTGGAGGCTCAGGCAGGAGGATCACTTGAGCCCAGGAGATTGAAGTTGCTGTGAGGTGTGATGCCATAGCACTCTATCCTAGGGCAACAAAGCGAGACTCTGTCTCAAAAAAAAAAAAAA","AAAAAACAAAAATTAGCCAGGCATGGTGGTACATGCCTGTAGCCCCAGCTATTCTGGTGGCTGAGGCAGGAGGATTGCTTGAGCCCAGGAGGTTGAAGCTGCTGTGAGCCGTGATTGGACCACTGCACTCCAGCCTGGGGGACAGAGTGAAACTGTGTCTCAAAAAAAAAAAAAAAAAAA"
"GL873520","66905740","66906006","chr1","109854612","109854879","75","42948872","CTGGTTGCAGGGGCTCATGTGACATGTAATCCTACCACTCTGGGAGGCCAAGGCGGGAGGATCACATAAGCTCAGGTATTTGAGACCAGCCTATAAGAGTGAGACTCTGTCTCTATTAAAACTAGAAAAGTTAGCTAGACATTGTGGTGGGCACTTGTAGTCCCAGCTACTCAGAAGGCTGAGGCAAGAGGATCCCCTGAGCCTGAGAGTTTGAGGTTGCTGTGCTGCCCAGGGCACAGAGGTAGCCTCTGTCTCAAAAAGAATAAA","GACTGGGTGCAGTGGCTGACACCTGTAATCCCAGCACTTTGGGAGGCCAAGGTGGGCAGATCACTTGAGCTCAGGGGTTTGAGACCAGCCTGGGCAACATGGTGAAACCCCATCTCTACTAAAAATACAAAAATTAGCTGGGCATGATGGTGTGCCCCTGTGGTCCCAGCTACTTGGGAGGCTAAGGTAGGAGGACCATTTGAACCCAGGAGGTTGAGGTTGCAGTGAGCCATGATGGCACCAGAGTAAGACCCTGTCTCACAAAAAA"
"GL873520","67860832","67861100","chr1","76509011","76509296","71","8648179","GGGCATGGTGGCTTATCCTATACTCAATCCTAGCACTCTGGGAGGCCAGGCAGGAGGATCTCTTGAGCTTGGGAGTTTGAGATTAGACTAAGCAAGAGTGAAATCCTGTCTCTACTAAAAAAGAAAAATTAGCCAAGTGTTGTAGTGGGCACCTGTAGTCCCAGCTACTCAAGAGGCTGAGGCAGGAGGATTGCTTGAGCCCCGAAGTTTGAGGTTGCTATGAGCTGGGCACTCTATTCTGGGCAACAGAATGAGATTCTGTCTCAAAA","CCAGGTGTGGTGGCTTACACCTATAATCCCAGCACTTTGGGAGGCCAAGGCAGGAGATCACTTGAGCTTAGGAGTTTGAGACCAGCCTTGGCAACACAGTGAGACCCTGTCTCTACAAAAAATACAAAAATCAGCCATGTGGGATGGTGCCCACCTGTAGTCCCAGCTACTCAGGAGGCTGAGGTGGGAGGATGGCTTGAGCCAGGGAGATAGAAGTTGCAGTGAGCCAAGATTGTGCCACTGCTTTTCAGCCTGGGCAACAAAGTCAGACTCTGTCTCAAAAAAA"
"GL873520","69062088","69062263","chr7","70866847","70867027","48","1804759","TTAAAAAAAAAAAAAATAGAAAGACTGGCTAGACGTTCTGGCTGGTGTCTGTAGTCCCAGCTACTAGGGAGGCTAAGGCAAAAGAATCACTTAAGCCCAAGAGTTTGAGGTTGCTGTGAGCTATGATGGCACAGCACTTTACCAAGGGTGACAAAGTGAGACTCTGTCTCTAAAAA","CTTATTTAAAAAAAAAAAAATAGCTGGGCATGGCCATGGTGGCACATGCCTGTAGTCCCAGCTACTCGGGAGACTGAGGCAAGAGGATCCCTTGAGCCCAGAAATTGGAGGAGGCAGTGAGCTATGATTGTGCCACTGCACTCCATCCTGGGTGACAAAGCAAGACTCCATCTCAAAAAAA"
"GL873520","69062538","69062668","chr13","30541906","30542038","27","38520632","GGCTGGGTGTGGTGGGTCACACCTATAATCCTAGCACTCTGAGAGGCTGAGGTGGGTGGATTGCCTGAGCTCAGAGTTTGAGACCAGCCTAAGCAAGAATGAGACACATCTCTATTAAAAATAGAAAGACT","GGCTGGGTGCGGTGACTCACACCTATAATCCCAACACTTTGGTAGGCTGAGGTGGGTGGATTGATTGAGCCCAGAAGTTTGAGACCAGCCTGGGCAAAATGGTGCAACCCCATCTCTACAAAAAATACAAAAA"
"GL873520","69122097","69122374","chr2B","205101704","205101992","75","135979607","GGGTGGGAGCAGTGACTCATGCCTGTAACCTTAACACTCTGGGAGGTCAAGATGGGTAGATCACCTGAGTTCAGGAGTTCGAAACCAGTTTGAGCAAGAGCAAGACCCCATCTCTACTATAAATAGAAAAACTATCCGGTGTTGTAGTGGGTGCCTGTAGGCCCAACTACTTGGGAAGCTGAGGCAAAAGGATCACATGAGTCCAGGAGTTTGAGGTTGCTGTGAGCTATAATGCCAGGACACTCTACCCAGGACGTCAGAGTGAGAGAGTCTCAAAA","GGCTGGGCACAGTCACTCATGCCTGTAATCCCAGCACTTTGGGAGGCTGAGGTGGGTGGATCCCTTGAGTCCAGGAGTTCGAGAGCAGCCTGGGCAACAGGGCGAAACCCTGTCTCTACTAAAAGTACTAAAATTAGCCAGGTGTGGTTGCATGTGCCTGTAGTCCCAGCTACTAGGGAAGCTGAAGTGGGAGGATCACTTGAGCCCAGGAGGTGGAGGCTGCAGTGAGCTGTGATCATGCCACTGGCACTCCAGCCTGGATGACAGAGTAAGACCCTATCTCAAAAAA"
"GL873520","69132087","69132220","chr5","89100215","89100340","36","19968128","GCTGGACACGGTAGCTCATGATTGTAATCCTAATACTTTGGGAGGCTGAGGCAGGTGGATTGATTGCCTGAGCTCACAGGTTCAAGATCAGCCTGAACCAGAGAGAGACCCCCTCGTCTAAAAATAACTGATTG","GGTTGGGAGCCGTGGCTCATGACTGTAATCCCATAACTTTGGGAGACAGAGGCAGGAAGATTGCCTGAGCTCACAAGTTCAAGACCAGCCAGAACAATGCGGTGAAACCCCATCTCTACAAAAAAT"
"GL873520","69132506","69132665","chr1","54558782","54558941","40","14573724","AAAAAAAAAGCTAGGTATCGTGGCTGGCACCTGTAGTCCCAGCTACTTGGGAGGCTGAGGCAAAAGAATCACCTGAGCCCAGGAGTTAGAGGTTGCTGTGAGCTATGACGCCATGGCACTCTATCAAAGGTGATAGAGTTAGACTCTGTTTCAAAAAAAA","AGAATTGACTGGGTATGGTGGCACATGCCTACAGTCCCAGCTACCTGGGAGGCTGAGGCAAGAGGATCGTGTGTGCCCAGGAGTTCGAGGCTGCAGTGAGCTATGATCACGCCATTGCACTCAGCCTGGATGATAGAGTAAGACCCTGTCCCTAAAAAAA"
"GL873520","69353400","69353535","chr4","62502184","62502318","29","6851216","GGCTGGGCATAGTGGTTCATGCCTGTAGTTCTATCTCTCTGGGAGGCTGAGGCGGGTGGATTGCTTGAGCTCGGGAGTTCAAGACCAATCTGAGCAAGAGTGAGACCCCATTTCTATTTTAAAAAAGTAGAAAAGT","GGCTGGGCATGGTGGCTCATGCCTGTAATTCTAGCACTTTGGGAGGCTGAGACGGGTGGATTGCTTGAGCCCAGGAGTTCAAAACCAGCCTGGGCAACAATGTGAAACCCTGTCTCCACAAAAAATACAAACATT"
"GL873520","69353815","69353988","chr10","56775428","56775612","44","12578387","CTAGCTAGGCATTGTGGGCACCTGTAGTCTTAGCTACTTGGGAGACTGAGGCAAGAGGATTGCTTCAGTCTAAGAGTTTGAGGTTGTTGTCAGCTGACACCACAGTGCTCTAGCCCAGGCAATAGAATGAGACTCTGTCTCAGAAATAAATAAATAAATAAATAATAAAATAAA","TTAGCCAGTTGTGGTGGTGCACAGCTGTAGTCCTAACTACTTGGGAGACTGAAGCAGGAGGATTGCTTGAGCCCAAGAGTTTGAGACTGCAGCAAGCTATGATTGTGCCACTGCGCTCCAGCCTGGGCAACAGAGGAAGACTCTGTCTCTATAAATAAATAAATAAATAAATAAATAAATAAATA"
"GL873520","69844761","69844932","chr10","90868422","90868591","50","21023661","TACACAAATTAGCTGAGCACAGTGGCTCCTGCTAATAGTCTTAGCTACTCAGGAGGCTGAGACAGGAGGATTGCTTGAGGCCAAGAGTTTGAGGCTGTCGTGTACAATGATCACATTAATGAATAGCCACTGCCCTCCAGCCTGGACAATGTAGCAAGGGGTTATCTCCAAA","AAAATGTAAAATTTGGCCAAGCAAAGGTGGCATACATGCCTGTAGTCCCAGCTATTCAGGAGGCTGAGGCAGGAGGACTGCTTGAGCCCAGGAGTTTGAGGCTGTAGTGGGCTGCGATCATACCAGTGAATAGCTACTGCACTCCAGCCTGGACAACATAGCAGAAACCC"
"GL873520","70264235","70264511","chr1","28750736","28751025","63","41513499","GGTGTGGTGGCTCACGCCTATAATCCTAGCTCTCTAGGAGGCTGAAGCAGATGGATTGCTTGAGCTCAGGCATTGGAGACCAGCCTGAGCAAGAGCAAGACCCTGTCTCTAAAAAAACTAGCTGGGTGTTGTGGCAGGCACCTGTAGTCCTAGCTACTTGGGAGGCTGAGGTAGGAGAATCACTTGAGCCCAGGAGTCTGAGATTGCCGTGAGCTGTGATGCCACAGCTCTCTACCGAGGGCAACAAAATGAGACTCTGTCTCAAAGAAGAGAAAAA","GGTGTGGTGGCTCACGCCTATAATCCCAGCACTTTGGGAGGCTGAGCCAGGTGGATTGCTTGAGCACAGGAGTTTGAGACCAGCCTGCACAATATGGCAAAACCCTGTCTCTACAAAAACTACATATATTAGCCAGGTGTGGTGGTATGTGCCTGTAGTCCCAGCTACTTGGGAGACTGAGGCAGGAGGATCAATTGAGCCCAGGTGGTTGAGGCTGCAGTGAGCTGTGACTGCATCACTGCACTCTAGCCTGGACGACAGAGCAAGACCCTGTCTCCAAAAAAAAAAAA"
"GL873520","70264772","70264787","chr1","172062035","172062048","2","101797263","AATAAAATAAATAAAA","AAAAAATAAAAAAA"
"GL873520","70431995","70432168","chr7","119029682","119029843","46","48597687","GGGGCATGGTGGCGCGTGCCTATAGTGTTAGCTACTCAGGAGGCTGAGGCAGGAGGATCACTTGAACCAGAAATTCAAGGTTACAGTGAGCTGTGACACACCACTCCAACCACTCCAGCCTGGAGGATAGGAGGATAGAGCAAGACACCATCTCTAAGTAGAGAAAAGAAAAAA","TAGCTAGGCATGGTGGTGTGTGTCTGTAGCCCTAGCTACTCAGTAGGCTAAGGCAGGAGGATCACTTGAGCCCAAGTTCAAGGTTACAGTGAGCTATGATTGTGCCACTGCACTCCAGCCCACGTGATAGAGCAAGACTCTATCTCTTAAAGAAAAAAAAAA"
"GL873520","70432195","70432319","chr7","55380099","55380223","24","15052096","GGTCAGGTTACAGTGGCTCATGCCTGTAACTCCAGTGCTTTGGGAGGCCAAGGTGGAAGGATCACTTGAGCCCAGAAGTTTGGGACCATCCTGAGCAACATAACCAGATCCTAACTCTAATAAGA","GGTCAGGCACAGTGGCTCATGCCTGTAATCCCAGCACGTTGGGAGGCCAAGGCAGGAGGATCACTTGAGCCCAGGAGTTTGCGACCAGCTTGGGCAACATGGTGAGACCCTATCTCTACAAAGAA"
"GL873520","70561444","70561605","chr17","5354151","5354316","34","65207293","AATTAGCCAGGCATGGTGGCTCAGGCTTGTAGTCCTAGCTATTCAGGAGGCTGAGGCAAGAGAATCACTTGAGCCTAGAAGTTTGAGGTTGCTGTGAGCTATGACGCCATGGCACCCTACCCAGGGTGACTGAGTGAGACTGTCTCAAAAAAAAAAAAAAAA","TTAGCCAGGCATGGTGGTACATGCTTGTAGTCCCAGCTACTTGGGAGGCTGAGGTGGGAGAATCCCTTGAGCCCAGGAGTTTGAGGTTGCAGTGAGCTATGATTGTGCCACTCTGCATGCCAAGTCTGGGTGACAGTGAAACTGTCTCAAAAGAAAAAAAAGAAAA"
"GL873520","70561626","70561754","chr5","38564696","38564817","26","31996930","GGCTGGGTGCAGTGGCTGATGCCTGAAATCCTAGCATTCTGGCAAGCTGAGGTGGCAGGTGGATTGCTTGAGCTCAGGAGTTTGAGACCAGCCTGACCAAGAGCAAGACCCTGTCTCTACTAAAAATAA","GGCTGGGTGCAGTGGCTCATGCCTATAATCCTAACATTTTGGGAAGCTGAGGTGGGTGGATCGCTTGAGCCCAGAAGTTTGAGACCAGCTTGGGCAACATAGTGAGACCCTGTCTCTATAAA"
"GL873520","70984973","70985269","chr19","61169515","61169813","69","9815458","GCACAGAGGCTCATACCTATAATCCTAGCACTCTGAGAGGCCGAGGTTGGTGGATCACCTAAGCTCAGGAGTTTGAGACCAGCATGAGCAAGAATGAGACCCTATCTCTACTAAAAATAGAAAAACTAGCCAGATGTTGTGGTGGGTGCCTGTAGTCCCAGATACTTAGGAGGCTGAGGCAGGAGGATGGCTTCAGCCCAAGAGACTGAGGTTGCTATGAGCTGTGAAGCCATGGCACTCTACTGAGGGCAACAAAGTGAGACTGTGTCTCAAACAAATAAAATAAAATAAAAATAA","GGGCACAGTGGCTCTTTCCTGTAATCCCAGCACTTTGAGAGGCTGAGGTGGGAGGATCACTTGAGTCCAGCAGTTTGAGACCAGCCTGGGCAATACAGTGAGACCCTGTCTCTACAAAAAATATAAAAATTAGCTGGGTGTGTTGGTGCCTGCCTGTGGTCCCAGCTGCTCAGGAGGCTGAGCCAGGAGGATGGCTTGAGCCCAGGAGGTCGGGGCTGCAATGAGCCGAGAGGTCATGCCACCGCTCCAGCCTGGGCGACAGAGAGAGACCCTGTCTTAAAAAAAAAAAAAGAAAAAAA"
"GL873520","71031217","71031408","chr4","57296207","57296386","48","13735010","AAAAAAGATAGAAAAATAAAGTGAGCATAGTGGTGTGTCATAAGTAGTCCCAGCTACTTGGCAGGCTGAGGCAGGAGCATTGCTTGAGTCCAGGAGTTTTAGGTTGCAGTGAGCTGTGATGACATGATGCCACTGTGCTCTATCCTAGGCAACAGAGCAAAACCCTGTGTCAAACAACAACAACAATAAAAA","AAAAAAGAAAAATTAGCCAGGCATGGTGGCATGTGCCTGCAGTCCCAGCTACTCAGGAGACTGAGGTGGGAGGATTGCTTGAGCCAGGGAGATTGGGGCTGCAGTGAGCTGTGATATCATGCCACTGTACTCCAGCCTAGGCCGCAGAGTGAGACCCTGTCTCAAAACAAAAACAAAAAA"
"GL873520","71031681","71031796","chr19","18214436","18214546","24","52817245","CTGTAATCCTAGCACTTTGGTAGGTTGAGGTGGGAGGATTGTTTGAAGCTAGGAATTCAAGACCAGTCTTGGCAACATAGTGAGACCCTGTCTCTGCAAAAAATTAGAAAAATAAT","TGCAATCCCAGCACTTTGGGAGGTTGAGGCAGGAGGATCACTTGAGCCCAGGATTCGAGATCAGCCTGTGCAACATGGTGAGACCCTGTCTCTACAAAAAGTAGAAAAATT"
"GL873520","71086533","71086689","chr8","38296068","38296228","42","32790465","CTAGCTGGGTGTTATGGTGGGCACCTGTAGTCCCAGCTACTCCGAAGGCGGAGGCAAGCAGATCACTTAAGTCCAAGAGTTTGAGATTGCTGTAAGCTATGATGATGCCCTGGATTTCTACTCAGCATGACAGAGTGACACTGTCTCAAAAATAAAA","TTTAGCTTGGTGTGGTGGTGGACACCTGCAATCTCAGCTACTCAGGAGGCTGAGGCAGGAGGATCACTTGAGTCCAGGAGTTTGAGGCTGCAGTAAGCAATGATTGTACCATTGCATTCCAGCCTGGGTGACAGAGTGAGACCCCATCTAAAAAAAAAAAA"
"GL873520","71086953","71087087","chr22","28422281","28422416","25","42664672","GGCATGGGGTGGTGGCTCACACCTGTAATCCTAGCACTCTGGGAAGCCTAGAGGGGTGGATTGCTTGAGCTCCGGAGTTCAAGACCAACCTTGAGCAAGAATGAGACCCCATCTCTACTAAAAATAGAAAAAGTA","GGCAGGGCGTGGTGCCTCACACCTGTAATCCCAGCACTTTGGGAGGCTGAGGTGGGAGGATCGCTTGAGTCCAGGAGTTCAAGACCAGCCTGGGCAACATGGTGAAACCCCATCTCTACTAAAAATAAAAAAATTT"
"GL873520","71331890","71332125","chr20","30673841","30674091","64","40658049","GCCTGTAATCCTATCACTTTGGGAGGCTGAAGTGAGTGGATTACTTGAGCTCAGGAGTTTGAGACCAGCCTAAGCAAGAGCATGACTCTGTCTCTACTAATTAGAAAAATCAGCCAGGCATGGTGGCAGGCACCTGTAGTCCCAGCTACTTGGGAGGCTGAGGCAAGAGGATTGCTTGAGCCGAAAAGGTTGCTGGGAGCTACGATGCCAGAGCAACAGACTAAGACTCTGTCTCA","CACGCGTGTAATCCTGGCACTTTGGGAGGCCGAGGCAAGCGGATTGCTTGAGCTCAAGAGTTCGAGACCAGCCTGGGCAACATGGCAAAATCCTGTTTCTACGAAAAAAATACAAAAATTAGCCGGGCATGGTGGCACACACCTGTAGTCCCAGCTGCTTGGGAGGCTGAGGCAAGAGGATTGCTTGAGCCCGGGAGGTAGAGGCTGCAGTGAGCTGAGATCACGCCACTGCACTCCAGCCTGGGCGACAG"
"GL873520","71345766","71346024","chr1","36477448","36477714","67","34868318","CCAAGTGCAGCAGCTCCCACCTAAAATCCTAGCACTCGGGGAGGCCAAGGAGGGTGGATCACTTGAGAGCAGAAGTTCAAAACCAGCCTGAGCAAAGGGTGATCCCATCTCTACTAAAAATAGAAAAATGGGTTGGTCACAGTGGCAGGTGCCTGTAGTCCCAGCTATTTAGGAGGATAAGGCAGGAGGATCACTTGAGCCCAGGAGTTTGAGGTTGCTCTGAGCTAAGCTGATGCCACTCTAGTCTGGGCAACACAGC","CCAGGTGCAGTAGCTCACCCCTGAAATCCTAGCACTCTGAGAGGCCAAGGCGGGTGGATCACTTGAGCCCAGGAGTTTGAGACCAGCCTGGGCAACATAGTAAGACCTCATCTCTACAACAAATACAAAAATTAACTGGGCATGGTGGTTTGTGCCTATAGTCTCAGCTACTCAGGAGGCCGAAGCAGGAGGATCATCTGAGCCTGGGAGGTCAAGGTTGCAGTGAGCCGTGATCAAGCCACTGCACTCCAGCCTTGGCCACAGAGC"
"GL873520","71346046","71346069","chr9","124703980","124704002","4","53357934","TTGTTAAAAAAAAATAAAAAAGAA","GTCTTAAAAAAAAAAAAAAAAAA"
"GL873520","71514260","71514298","chr19","16922261","16922295","7","54591999","CAGAGTGAGACTCTTGTCTCAAAAAAATAAAATAATAAA","AAGTGAGACTCTGTCTCTAAAAAAAGAAAAAAAAA"
"GL873520","71514393","71514660","chr22","25275994","25276259","77","46238399","GGCCAAGTGCCATGGCCCATACCTATATAATCCAGCACTCTTGAGAGGTCAAGGCAAGAGAATACCTTGAGCTAGACTTCCAGACCAGCCTGAGCAAGAACAAGACTCTGTCTCTGCTGAAAATAGAAAAACTAGCCAGGCATGGTGGTGGGTGCCTCTAGTTCAGCTACTCAGGAAGCTGAGGCAAAAGAATCACTTGAACAAGAGTTTGAGGTGTGATCTAGGCTGATGCCATGGAACTGTAGCCTAGGGCAACAGAGTGAGACTA","GGCCAGGTGCAATGGCTCATGCCTGTAATCCCAACACTTTGGGAAGCCAAGGCAGGCCAATCACTTGAGCTCAGGAATTCGAGACCAGCCTGAGCAACGTGGCAAAATCCTGTCTCTACAAAAAATAGCCAGGCATGGTGGTGGGTGCCTGTAATCTCAACTACTCGGAGGCTGAGGTGGGAGGATCGCTTGAGCCTGGGAGGCGGAGGTTGCAGTGAGCCATGATTGCGCCACTGAACTTCAGCTGGGGCGACAGAGTGAGACTC"
"GL873520","71587735","71587853","chr1","93453408","93453531","26","21865673","GTTGGGCACAGTGGCTCACATCTATAATCCCATCTACTTGAGAAGACTGATGCAGGTTTACCTGAGCCTAGGAGTTTGAGAACAGCTTGGGCAACATAATAAAAGCCCATCTCAAAAAA","GGCCGGGCACAGTGGCTGACACCTATAATCCCAGCACTTTGAGAGGCTGAGGTGGGAGGATCCATTGAGCCTAGGAGTTTGAGACCAGCCTGGGCAACATAGTAAAACCCCATCTCTGCAAAAA"
"GL873520","71662488","71662658","chr5","74746592","74746764","42","3084104","TTAACCAGGCATAGTGGAGGGAACCTGTAGTCCCAGCTATTCTGGAGGCTGATGCAGGAGGATCATTCGAGCCCAGGAGTTGGGGGGTGCTGGAAGCTATGATGATGTCACTGCACTCTACCCAGGGAGACACAGCAAGACTCTCTGCAAAAAGAAGAAGAGACGAGAAAA","TAACCAGGCATGGTGGTGTGTACCTGTAGTCCCAGTGACTGGGGAGGCTGAGGCAGGAGGATCACTTCAGCCCAGGACTTTGAGGCTACAGCGAGCTACGATTGTGCCACTGCATTCCAGGCTGGGTGACAGAGCAAGACGGTGTTTGAAATAAAGAAAAAGAAAAGAAAAAA"
"GL873520","71662950","71662998","chr1","40803029","40803077","13","30859921","AGTCTGAGCAAGAGTGAGACCCTGTATTTACTAAAAATAGAAAAATTAG","AGCCTGAGCAATATAGTGAGAACTTCTCTCTACAAAAATTAAAAAATTA"
"GL873520","71712370","71712500","chr3","132031399","132031533","29","60319029","CCAGGCATGGTGGCTCATACCTATAATCCTAGCACTCTGGATCTCCAAGGTAGGTGGATTGCTTGAGCTCACAAGTTCGAAACCAGCCTGAGCCAGAGCGAGACCCTGTCTCTATTAAAAATAGAAAAACT","GGCCAGGCATGGTGGTTCATGCCTATAATCTCAGCACTTCAGGAGGCCAAGGCAGGTGGATCACTTGAGCCCAGGAGTTCGAGACCAGCCTGAGCAACACGGCAAAACCCCGTCTCTACAAAAAATACAAAAATT"
"GL873520","71712775","71712792","chr1","131951482","131951496","4","60238707","TAAAAATATAAAAACTAT","AAAAAATAAAAATAA"
"GL873520","71713073","71713252","chr5","39633857","39634030","47","32079216","AGATAATAGAAAAACTAGCTGGGCATTATGGCGGGCACCTATAGTCCCAGCTACTCAGGAGGCTAAGGCAGGAGGATCACTTGAGCCCAAGAGTTTGAAATTGCTAGGAGCTATGATGCTATGGGACTCTACCCAGGGCGAAACAGTAAAATTATGTCTCAAAAAACAAAAATTAAAAAA","AAAAAATACAAAAATTAGGTGGGTGTGGTGGCAGGCACCTGTAGTTCCAGCTACTTGGGAGGCTGAGGCAGGAGGATCACTTGAGCCTGGGAGGTCAAGGCTGCAGTGAGGTGGAGCATTGTAATCTAGCCTGTGTGACAGAGTAAGAGCCTGTCTCAAAAAACAAAAATAAAA"
"GL873520","71715674","71715793","chr1","134480867","134480991","30","62765193","GGCTGATACCTGTAATCCTAACACTCTGGGAAGCAAAGGCAGGATTCCTTAAGGTTAGGAGTTCAAGAACAGCCTGAGCAAGAGTAAGCCCCGTCTCTACTGAAAATAGAAAAATTAAGT","GTGGCTCATGCCTGTAATCCCAGCACTTTGGGAGGCCAAGGAGTGAGGATTGCTTAAGTCCAGGAGTTCAAGAACAGCCTGGGAAACATAGTAAGATCCTGTCTCTACAAAAAATAAAAAATTGT"
"GL873520","71716045","71716235","chr19","13448557","13448737","51","58267488","CAAAAAAAAAGAAAGAAAGAAAAAGAAAAATTAGCTGGGCATTGTGGCAGGCATCAACAATCCCAGCTACTTGGGAGACTGAGGCAGGAGGATCTTTTGAGTCCAGGAATTTGAGATTGCTGTAAGCTAGGCTGATGCCACAGCACTCTAGCCTAGGCATCAGAGAGAGACTCTATCTCAAAAAGACAAAA","AAAAAAAAAAAAAAAGGTTTTATTAGCCAGGCATTGTGGTACACACCTATAGTCCCAGCTACTCAGGAGGCTGAGGCAGGAGGATTGCTTGAGCCCAGGAGGTTGAGGCTGCAGTGAGCTATTTTCACACCACTGCACCCCAGCCCAGGCAACAGAGTGAGACTGTTTCTAAAAATAAAAA"
"GL873520","71721242","71721360","chr1","32371726","32371849","31","39349516","GGATCAAGCCTGTAATCTCAGCATTCTGGGAGACTGAGGCAGGGGATCTCCTGAGCCCATGAGTTTGAGACCAGCTCTGAGCTAAAGGGAGACCCTGTCCCTAAAAAAACAGCTGCTGG","GTGACTTATGCCTGTAATCTCAGCACTTTGGCAGGCTGAGGAGGGTGAATCCCTTGAGCCCAAGAGTTTGAGACCAGCCTGGGCAACATAGGGAGACCCTGTCTCTGTACAAAATACAAAAATT"
"GL873520","71721650","71721811","chr4","75562087","75562252","42","3840437","CAGCTGGGCGACAACGCAGGCACCTATAGTCCTAGCTACTCAGGAGGCTGAGACAAGAGAATTGCTTCAGCCCAAGAGTTTGAGGTTGCTGTGAGCTATGACGCCATCCCAGCACTCTACAGGAGGTGACAAAATGAGACTCTCTCAAAAAAAAAAAAGAAA","TTAGCTGGGTGTGGTGGCATGCACCTGTAGTCCCAGCTACTTAGGAGGCTGAGGCAAGAGGATCACTTTAGCCCAGGAGGTGGAGGTTGCAGTGAGCTGAAATCATACCACTGCACTCCAGCCAGGGTGACAGAGTGAGACCTTGTCTCAAAAATAAATAAATAAA"
"GL873520","71738069","71738113","chr19","42973848","42973891","12","28764221","CCAGAGCAACAAAGTTAAACTCTATGTCAAAAAAATAAAAAATAT","AGCCTGGGCAACAGAGTGAAACTCCATCTCAAAAAAAAAAAAGA"
"GL873520","71738384","71738456","chrUn_GL394842","4208","4284","23","71734176","TAAAATAAAATATAGTCAGGTATAACAGGGCATGTCTGTAATCCTAGCTACTTGAGAGGTTGAGGCTGGAGGA","TACAGATAGAGAAAAATAGCCAGCCACGATGGCTCATGCTTGTAATCCCAGCACTTGGGAGGTTGAGGCAGGCGGAT"
"GL873520","71738738","71738846","chr3","185862422","185862530","31","114123684","TGGGGCTGGAAGATTGATTGAACCCAGGAGGGTGAGGCTGCAGTGAGCTATGACTACACCACTGTACTCTATTCTGGGCAAGATCCTATTCTCTATAAATAAATAAAAA","CGAGGTGGGAAGATTGCTTGAGCCCAGGAGGTTGAGGTTCCAGTGAGCTATGATTACACAACTGCACTCCAGCCTGGTGGCAGAGTGAGACCCCGACTCAAGAAAAAAA"
"GL873520","71765107","71765191","chr19","13677223","13677304","25","58087884","TGGCTCAAATCTGTAATCCTAGCTTTCTGTGAGGCATAGGCAGGAGAGAGGATCCTTTGAGCTCAGTTCAAAACCAACCTGGGCA","TGGTTCACGTCTGTAATCCTAGCACTTTGGGAGGCCAAGGCAGGCAGATTGCTTGAGCTCAGGAGTTAGAGACCAGCCTGGG"
"GL873520","71765470","71765741","chr2A","43992291","43992526","94","27773179","CCAAAAAACAAAAAACAAAGACCAGCCTGGATATGAGCAAAACCCTACTCTACTAAAAATGAAAAATTTGTAGTGGACACTTGTAGTCCTAGCTACTTGGGAGGCTGAGGAAAGAGGATCGCTTCAGCCTAGGATTTGAGGTTGCTGCAACTTAGGCTGACACTATGGCACATTGCACGGCACATCCCCCATGGCACTCCAGCCTGGGAAACAAAGTGAGATTCTGTCCCACAAACAAACAAACAAACAAAAAAAAAAAAAAGAAAGAAAGA","CCAGGCTAGACAATATAACAAGACCCCATCTCTACAAAAATAATTTTAAAAATTAGCTGGATGTGGTGGCATGCACCTGTAGTCCCAGATATTTGGGAGGCTGAGGTGGGAGGATCGCTTGAGCCCAGGAGGTTGAGGCTACAGTGAGCCATGATCATGCCACTGCACTTCAGCCTGAGCAACAGAGAAAGACCCTGTCTCAAAACAAAACAAAACAAAAAAGAAAGAAAAGAAAA"
"GL873520","71859434","71859575","chr15","20896405","20896549","32","50963029","CCAGGCACGGTGGCTCACAGTGTAATCTTAGCATTCTGGGAGACCAATACGGGAGGATCCCTTGAGCTCAGAAGTTTGAGACCAGCCTGAGCAAGACCAAGACCCCCATCTTTACTAAAAATAGAAAAATTAGCCAGGCGGG","GCCAGGTGCAGTGGCTCACGCCTATAATCCCAGCACTTTGGGAAGCCAAGACGGGAAGATTGCTTGAGCCCAGGAGTTTGAGACCAGCCTGAGTGACATAGCAAGACCCCCATCTCTACTAAAAATTTAAAAATTAGCCAAGCAT"
"GL873520","71859848","71860010","chr6","108647140","108647303","33","36787292","TTAGCCAGGCATTGTGGCTGGCACCTATAGTTCTAGCTACTTGGGAGGCTGAGGCAGGAGGATTGCTTGAACCCAGGAGTTTAAGGTAGCTTTGAGCTATATTCACGCTACAGCACTCTACCCAGGGCAACAAAGGGAGACTCTGTCTCAAAATAAAAAAAAA","ATTAGCCAGGTGTGGTGGCATGCACCTGTAGTCCTAGCTACTTGGGAGGCTGAGGCAGGAGGATTGCTTGAGCCCAGCACTTCGAGGTTATGGTGAGCTATGATCGCGCCACCACACTCCAGCATGGGCAACAGAGCAAGACTCTGTCTCAAAAAAAGAAAAAA"
"GL873520","71889809","71889896","chr4","102587702","102587786","18","30697893","GACCATGCATGGTGACTCATCACCTGTAATCCTAGCACTGTGGGAGGCAAAGGCAGAAGGACCACTTGACCTCAGGAGTTCGAGACTA","CCAGGCATGGTGGCTCATGCCTGTAATCTCAGCACTTTGGGAGGCCGAGGTAGGAGGATCACTTGAGCCCAGGAGTTCAAGACCA"
"GL873520","71906463","71906554","chr1","100475713","100475809","24","28569250","AGGCTAAGCTGGGAGGACTGATTGAGGCTAGGGGTTTGAGACCAGTTTGGACAACACAGCAAGACCTTGTCTCTATAAAAAATAGAAATTTA","GCCAAGGTAGGAGGATTGCTTGAGCTCAGGAGTTTGAGACCAGCCTGGGCAACACAGAAAGACCTTGTCTCTCTTAAAAATAAAAATAAAAAATATA"
"GL873520","71906841","71906992","chr12","112046931","112047085","37","40140090","ATTAATTAGCCAGACATGGTGGCATGCACTGTAGTCCCAGATGCATGGGACTGAAGCAGGAGGATCACTTAAGCCTAGGCATTCATTCAAAGTTGCAGTGAGCTACAATGGTGCCACTGCACTCTAGCCTGGCAGCAGAGTAAGACCCTATC","TAATAATTAGCTGGTCATGGTGACACGCACCTATAGTCCCAGCTACTAGGGAGGCTGAAGCAGAAGGACCGCTTGAGCCCAGGAGATCAAGGTTGCTGTGAGCTACGAATGCGCCACTGCACTCTAGCCTGGGCAACAGACCAAGACCCTGTCTC"
"GL873520","71931007","71931245","chr1","31981787","31981992","76","39949220","AGCCTGGACAACATAATGAGACACATACACACCCCCCACAATCTCTTCAGAAAATTTTTTAAAAGATTAGCCAGGCATAGGGGTGGCTGACCTAGGTGGTAGTGCTAGCTACTCACAAGGCTGAGGCAGGGGGATCACTTAAGCCCAGAAGTTTCAGGCTGAAGTGAGCCTCTACCCTGAACTACACAGGCCACTACATTCTCACCTGGGCAACAGAGTGAGACCCTGTTTTAAGAAAA","CAGCCTGGGCAACATGGCAAAACCCTCTCTCTACAAAAAAATATAAAAAATTATCCAGGCATAGGGGTGCATGCCTGTAGTCCCAGCTACCTGGGAGGCTGAGGCAGGAGGAACATTTGAGCCTGGGATTCAGAGGTTGCAGTGAGCCGAGAACACGCTATTACACTCCAGCCTGGGCGACAGAGAGAGACCCTGTCTCAAAAAAA"
"GL873520","71932480","71932573","chr8","83164751","83164843","25","11232271","GTAGCTTACTCCTCGAATCCTAGCACTGTGGGAGGCCCAAGCACTAGCATCCTTTGAGCTCAGGAGTTTGAGACCAGCCTGAGCAAGAAGGTGA","GGTGGCTCATGCCTGTAATCCAAGCACTTAGGGAGGCAGAAGCAGGAGGATCACTTGAGCCCAGCAGTTTGAGACTAGCCTGGGCAAGATAGT"
"GL873520","71942126","71942402","chr1","45387048","45387332","80","26555078","TGCCTCACGCCTGTAATCCTAGCATTCTGTGAGGCCAAGTCAAGTGGATTGCTTGAGCTCACAAGTTCCAGACCAGCTTGAGTGAGAGCAAGACCCTGTCTCTAAAAAATAGCCAGGCGTTGTGGCAGGCACCTGTAGTCCTAGCTACTTGGGAGGCTTAGGCAGAAGGATCGCTTGAGCCCAAGTATTTGAGGTTTCTGTGAGCTATCACACCATGGTACTCTTCCAAATATGACAGAGAGAAATTCTATCTCAGATAAATAAATAAATAAATAAA","GCATGGTGGCTCACACCTGTAATCCTAGCATTTTGGGAGGCCAAGGTGGGTGGATTACTTGAGTTCAGGAGTTCAAGACCAGCCTGGGCAACATGGCAAAACCCTGTCTCTACAAAATATTAGCCAGGTGTGGTCAGTCGCCTGTAATCCCAGCTACTTGGGGGCTGAGGCAGTAGGATCACTTGATCCCAGGAGATAGAGGCTGCAGTGAGTCAAGATCACACCACTGCACTGCAATCTGGGTGACAAAGTGAGACCCTGTTTCATTAAAAAAAAAAAAAAAAA"
"GL873520","71967300","71967397","chr12","110843818","110843910","27","38876518","GAGAGAGAATTTGAGGTTGCTGTGAGCTATGATGCCACAGTATTCTACTCAGGGCAACAGAGTAAGTGAGACTCTGTCTCAATAAATAAATAAATAAA","CGAGAGGTCGAGGCTGCTGTGAGCCATGATCGCACCACTGCACTCCAGCCTGGGCGACAGAGTTGAGACCCTGTCTCAAAAAAGAAAAAAAAA"
"GL873520","71967680","71967795","chr16","29587398","29587507","36","42380282","AAAAGAAAAGAAAAAAATAGAGAAAATAGCCAGCCGTTGTGGTGGGCACCTGTTATCCCAGCTACTTGAGAGGCTGAGGTAAGAGGATCTCATGAGTCTAAGAATTTGAGGTTGCT","AGAAAGAAGAAAAGAAAATTAGCCAGGTGTGGTTGCATGCACCTGTAGTCCCAGCACTTTGGGAGGCCAAGGCAGGAGGATCAATCAAGGCTAGGAGTTTGAGACTGCAG"
"GL873520","71968030","71968159","chr12","60741612","60741746","25","11226418","GCCAGGCATGGTGGTTCATACCTATAATTCTGGCACTCTGGAATGCTAAGGCAGGTGGATTGTTTGAGCCCAGGAGCTGGAGACCAGCCAGAGCAAGAGCAAGACCCCTCTACCAAAAATAGAAAAACTA","GGCCAGGCATGGTGGTTCATACCTGTAATCCAAGCACTATGGGATGCTGAGGCAGGAGGATCATTTGAACCCAGGAGCTTGAGACCAGCCTGGGCAACATGGCAAGACCCCGTCTCTACAAAAAATACAAAAATT"
"GL873520","71978122","71978223","chr16","14747892","14747988","28","57230230","CCTCTGAGCCCAAGAGCTGAAGGTTGCTGCTAGGGTAACACCATGACAGTCTAGCTTGGGGCAACAGAGTAAAATTCTGTCTCAAAAAAAAAGAAGAAAAAA","CCCAGGAGGTCGAGGCTGCAGTGAGCTGAGATCACACCACTACACTCCAGCCTAGGCAACAGAGTAAGACCCTGTCTCAAAAAAAAAAAAAAAAAAA"
"GL873520","71978477","71978693","chr14","57676777","57676992","58","14301700","GTTGGACGCAGTGGCTCACCCTTTTAGTCCTAGCACTATGGGAAGCCAGATAGGATGATCCCTTGAGCTCAGGAGTTCGAGATTAGCCTGTGCAAGAGCAAGACCCCGTCTCTACTAAAAAATAAAAAAAATTAGCTGGAGGTCATGGTAGGTGCCTGTAATCCAGCTGCTTGGTAGGCTGAGGCAGTAGGATCACTTTAGCCCAAGAGTTTTTCTG","GCCAGGCATGTTGGCTCATACCTGTAAAGCCAGCACTTTGGGAGGCCAAATCAGGAGGATCACTTGAGCCCAGGGGTTCAAGACCAGCCTGAGCAACATAGTCCAACCTCATCTCTACTAAAAATAAAAAATAGTAGCCAGGCGTGGTGGCATGCCTGTAGTCCCACCTACTTGGAAGGCTGAGGCAGGAGGATCACTTGAGCCCAGGAGATCTAG"
"GL873520","71986255","71986513","chr15","72672161","72672426","72","685906","GCCAGGCACAGTAGCTCATGCCTGTAATCCCAGCACTCTGAGAGGCCAAGGCCGGCAGATAGCATGAGCTTACAAGTTTGAGACCAGCTCTGAGCAAGAATGAGACCCTGTCTCTAAAAATAGCCAGGTGTTGTGGTGGGCGTCTATAGTCCCAGCTACTCAGGAGGCTAAGGCAAGAGAATAGTTTGAGCCTAAGAGTTTGAGGGTGCTGTGAGCTATGAGGTCACCGCACTCTATTGGAGGCAGCAAAGCGAGACTC","GACCAGGTGCAGTGGATCCTGCCTGTAATCCCAGCACTTTGGGAGGCTGAGGTGGGCAGATTACTTGAACCCAGAAGTTTGAGACCAGCCTGGGCAACATGGCAAAACCCTGTCTCTACAACAAATTAGCCAGGTGTGGTGGTGCCCACCTGTGGTCCCAGCTACTCGGGAGGCTGAGGTGGGAGGATCACTTGAGCCTAAGAGGTCAAGGCTGCAGTGAGCTGTGATCACACCACTGCATTCCAGCCTGTGCCACAGAGGAAGAC"
"GL873520","71986546","71986558","chr6","96888780","96888792","1","24902234","TAAAAAAATAAAA","GAAAAAAATAAAA"
"GL873520","71995816","71995902","chr6","152887479","152887553","24","80891663","GTAATCCTAGCACTCTGGGAGACTGAGGGAGGAAGATCTCTTGAGCTCAGGCTCAGGAGTTCGAGACCAGCTTGAGCAAGTAGTGAA","GTAGTCCTAGCTACTCGAGGGCTGAGGCAGGAAGATTGCTTGAGCCCTGAAGTTCAAGACCAGCCTGAGCAGCAT"
"GL873520","72046628","72046682","chr10","43406320","43406376","19","28640308","TTGGGAAACTGAGGCAGGAGAATCACTTGAGTTTGAGGTGAAAGTGAGCTGTGAT","TACTGGAAGGCTGAGGTGGGAGGATCACTTGAGCTGCGGAGGTCAAGGCTGTGATGA"
"GL873520","72046958","72047043","chr1","176948461","176948538","19","104901503","GTGAGCTGAGATGATGCCAACTGCACTCTAGCTGGGGTGATAGAGCCAGACCTTATCTCAAAAACAAAAAAAGAAGAAAAGAAAAA","GTGAGCTGAGATCACGCCACTGCATTTCAGCCTGGGTGTCAGAGTGAGACCTTATCTCAAAAAAAAAAAAAAAAAGAA"
"GL873520","72064016","72064255","chr4","161990747","161990980","74","89926731","AAAGCAGGATTTCTTAAGTTCAAGAGTTTGAGAACAGCATGAGCAAGAGCAAGACCCCCATCTCTACTAGAAATAAAAAAAGTTAATCAGGTCTTGTGGCAGGTGCCTTTAGTCCCACCTACTCTCAAAAGGTTGAGGCAGGAGTATCACTTGAACCCAGGAGTTTGAGGTTGCTGTAAGCTAGGTTGCTGTGAGCTGGGCAACAGGAGGAGGCTGTCTCCAAAAAAAAAAAAAAAAAAA","GGATTGCTTGAGCCCAGGAACTCGAGACCAGACTGAGCAACATGGCAAAACCCATCTCTACAAAAAATACAAAAATTAGCTGGCGTGGTGGCACATGCCTCTAGTCCCAACTACTCAAGAGGCTGAGGTGGGAGGATCACTTGAGCCCGGGAGGCGGAGGTTGCAGTGAGCAGAGATCATGCCACTGAATTACTCACTCCAGAGTGAGACTCTGTCAAAAAAAAAAAAAAAAAA"
"GL873520","72064350","72064426","chr11","47919834","47919912","18","24144516","GGCAGGGCATAGTGGCTCATGCCTGTAATTCCAGCACTCTGGGAAGCCAAAGCAGGAGGATTTCTTTCTTTTTTTTT","GGCTGGGCACAGTGGCTCATGCCTGTAATCCCAGCACTTTGGGAGGCCAAGGCAGGAAGATCACTTAAACCCTAGAGTT"
"GL873520","72100882","72100981","chr17","73310455","73310554","19","1209573","GGTGGCTCACACCTGTAAACCCAGTACTCTAGGAGGCTAAGGCTGGTAGATCACTTGAGCTCAGGAGTTCAAGACCAGCCTGAGCAAGAATGAGACCCTA","GGTGGCTCACGCCTATAGCCCAGCACTTTGGGAGGCCAAGGCAGGAGGATCACCTGAGGTCAGGATTTTGAGACCAGCCTGAGCAAGATAGAGACACCTA"
"GL873520","72101237","72101434","chr8","99316510","99316708","53","27215273","TGAATGAGACCCTGTCTCTACTAAAAATAGAAAAACAAGCTGGGCGTCATGGCAGACACCTGTATTCCCAGCTACTCAGGAGGTTGAGGCAAGAGGATCACTTGAGCCCAAAGAGTTTGAAGTTGCTGTGAGTGATGATGATGCGATGGCACTCTACCCAGGGCAACAGAGTAAAACTTTGTTTCAAGAAAAAAAAAA","TGGCAAAACCTCGTCTCTACAAAAAACACAAAAAATTAGCTGGTGGTGGTGGCACGTGCTTGTATTCCCAGCTACTGGGGAGGTTGAGATGAGAGGATCACCTGAGCCCAAGAGGTCAAGGCTGCAGTGAGCTGTGATTATGCCACTGCACTCCAGCCTGGGCAACAGAGTGAGACCCTATATCAAAAAAAAAAAAGAA"
"GL873520","72195648","72195848","chrX","27492711","27492912","47","44702937","GGCCAGGTTCAGTGGCTCATGCCTGTAATTCTAGCACCCTGGGAGACCAAGGCAGGTGGATTGCTTAAGCTCAGGAGTTCGAGATCAACCTGAGGAAGAGCAAGACCTCGTCTCTACTAAAAATAGAAAAACTAGCCAGGTGTTGTGGCAGTTTCCTATAGTCCCAGCTACTTGGGAGACTGAGGCAAGAGAATCACTTGA","CCAGGCGTAGCCACTCACGCCTGTTATCCTAGCACTTTGGGAGGCTGAGACAGGTGGATTGCCTGAGCTCAGGAGTTCGAGACCAGCCTGGGAAACACGGTGAAACCCCTGTCTCTACAAAAATACAAAAAATTAGCCAGGTGTGGTGGTGTGTGTCTGTTGTCCCAGCTACTTGGGAGGCTGAGGCATAAGAATCGCTTGA"
"GL873520","72196102","72196199","chr4","104162392","104162491","27","31966290","GAGGATTACTTAAGCCTGAGAGTTTGAGGTTGCTGTGAGCTATAATGCCATAGTACTCTACCCAGGGCAACAGAATCTTATTCTGTCTCAAAACAAAA","GGAGGATCACTTGAGCCTGAAAGGTTGAGGCTGCAGTAAGCTTCATCACCCACTGCACTCCAGCCTGGGTGACAGAGTGAAACCCTGTCTCAAAACAAAA"
"GL873520","72206479","72206765","chr9","104142695","104142990","72","31936216","GGGTGTGGTGATGGCTCATGCCTATAATCCTCACACTTTGGGAGGCCGATGTGGGAAGATCACTTGAGCTCAGGACTTCAAGACCAGCTTGAGCAAGAATGAAACTCCATATCTGCTAAAACTAGAAAAATTAGCTGGGCATTGTTACATGTGCCTGTAGCATCCTAACCACTTAGGAGGCTGGGGCAAGAGGATGGCTTGAGCCCAGGAGCTGGAAGTTATACTCCAGTTACACTACACTCTAGCTAGGGAGACAGAACAAAACTCTGTCTCAAAAACAAACAAAA","GGCTGGGTGTGGTGGCTCATGCCTGTAATTCCAGCACTTTGAGAGGCTGAGGTGGGCAGATCACTTGAGCTCAGGAGTTCAAGACCAGCCTGGGCAACATGGCAAAACTCCATCTCTACAAAAAATACAAAAATTAGCAGGCATGGTGGTACATGCCTGCAGTCCCAGCTACTCGGGAGGCTGAGGTGGGAGGATTGCTTGAGTCTGGGAGGTGGAGGTTGCAGTGAGCCGAGATCCACTACTGCACTCCAGCCAGGGTGACAGAGCAAGACACTGTCTCAAAAATAAAAATAAAA"
"GL873520","72207778","72207917","chr14","74199793","74199926","35","1992015","TTAGCTGAGTGCTTTGTTGAGCACCTGTAGTCTCAGCTATTTGGGAGGCTGAGGCAAGAGGATAACTTGAGCCCGGGAGTTTGAGGTTGCTATGAGCTAGGCTGAGGCTGACACCATGGCACTCTACCCAGGGCAACAGA","TTAGCCAGGTATGGTGGTGCACACCTGTAGTCCCAGCTACTTGGGAGACTGAGGCAGGAGGATTGCTTGATCCCAGGAGTTGAGGCTGCTAAGAGCTATGATCATGTCACTGCACTCCAGCCTGGGCAACAGAG"
"GL873520","72208172","72208304","chr12","99234635","99234766","24","27026463","GGCCAGGCAGAGTGGCTCATGTCTGTAATCCTAGCACTCTGGGAGGTCAAGCCAGGAGGATCTCTTGAAGCTGGGAGTTCAAGACCAGCATAAGCAAGAAGACCACATCTCTACTAAAAATATAAAAATTAAG","GGCCAGGCATAGTGGCTCATTTCTGTAATTTCAGCATTTTGGGAGGCCAAGACAGGAGGATCACTTGAAGCTAGGAGTTCAAGACCAGCCTGGTCAACATAAGACCCCATTTCTACAAAAATTTAAAAATTA"
"GL873520","72272447","72272600","chr1","151076684","151076838","41","78804237","AAAAAAAAGACCAGGTGTGGTGGAATGCACCTGTGTAGTCCCAGCAACTTGGGAGGCTGACGCAGGTGTACTGCCCAGGAATTTGAGGTTTTAGTGAGCTATGATGACACACTGTACTCTAGCTCAGGCAACAGAGTGAGACCCTGTTTTAAAA","AATAAGCTGAGCATGGTGGTCCATGCCTCTAGTCCTAGCTACTCAGGAGGCTGAAGCAGGAGGACCACTTGAGCCCAGGAGTTTCAGGTTGCAGTGAGCTATGATTGTACCACTGCACTCCAGCCTAGGCAACAGAGTGAGACCCTGTCTCAAAA"
"GL873520","72272820","72272951","chr17","7314531","7314656","27","64958289","GGCCGGGCACAGTGGCTTACAAATGTAACCCTAGCACTTTGAGAAGCTGATATGGGAAGATCACTTGAGGCCAGGAGTTTGAGACCAGCCTGAGCAACTCTGCAAGACCCCATCTTTAAAAAAAAATTGGAT","GGCTGGGCACAGTGGCTCACGTCTGTAATCCTAGCACTTTGGGAGGCTGAGGTGGAAGGATCACTTGAGCCCAGGAGTTTGAGACCACCCTGACCAACACAGTGAAACCCCATCTCTAAAAAAAGT"
"GL873520","72285522","72285642","chr1","84693698","84693811","38","12408176","AAGACCCCATCTTTAAAAATAGCTGAGAGTTGTGGCTGGAGCCTGTAGTTCTAGTTACTTTGGCGGTTGAGGCAAGAGAATTACTTGAGCCCAAGAGTTTGAGGTTACTGTGAGCTATGAT","AATAATAATAAAAGCCTGTTGTGGTGGTGTACACCTGTAGTCCCAGCTACTTGGGAGGTTGAAGCAGGAGGATTGTGGAGTCCAAGAGTTCAAGATTACGGTGAGCTATGATTG"
"GL873520","72285915","72286025","chr8","6607482","6607593","29","65678433","GCTGATCGAGGTGGCTCACGCCTATAATCCTAGCACTCCGGAAGGCTGAGGTAGGTGGGTGGACTGTCCTCACAGGTTGGAGACCAGCCTGAGCAAGACCGAGACCCCATC","GCTGGGCAAAGTGGCTAACACCTGTAATCCCAGCACTTTGGGAGGCTGAGGTAGTTGGAATGCTTAAGCCCAGGAGTTTGAGACCAGCCTGGGCAACATAGGAGACCCCATC"
"GL873520","72316870","72316922","chr1","33202560","33202612","8","39114310","AGAACAGCCTGGGAAACATAGTGAGACCTTATCTCTACAAAAAATTAGAAAAA","ACCAGCCTGGGCAACATAGTGAGACCTCATCTCTACAAAAAATTAAAAAATTA"
"GL873520","72317017","72317185","chr11","19120205","19120379","51","53196812","AATTAGAAAAATTAGCCGGGTACAGAGGTGCTGTGAAATGAACTTTATCAGGGGGTTCAAACTGTGTCCCATAGAACCCAGGAATTGAAGACTGCAGTGAGCTATGATCATGCCACTGCCCTCCAGCCTGAGTGACAGAGTGATACCCTATCTCAAAAAAGGAAAGGAA","GAGTAAAAGAATTAGTTGGGCATGGTGGCATATGCCTGTAGTCCTAGCTACTCAGGAGGTGGAGGCAGGAGGATGGCTTAAGCCCAGGAGGTCAAGGCTGCAGTGAGCTATGATCATGCCACTGCGCTGCAGCCTGAGTGACAGAGTGAGACCCTACCTCAAAACAAAAAAAGAA"
"GL873520","72365043","72365317","chr11","57816849","57817130","71","14548194","GCCTGGCATGGTCGCTCACACCTGTAATTTTAGCACTCTGTGAGGATGAGGAGGATAGATTGCTTGAGCTCAGGAGTTCCAGACCAGCCTGAACAAGAGAGCCACCCCAACTCTAAAAATAGCCAGGCATTGTGGCGAGCACCCATAGTCCCAGCTACTCAAGAGGCTGAGGCCAGAGAATCACTTGAGCCCAGGAGTTTGAGGTTGCTGTTGAGTTGTGATGCCACGGCACTCTAGCAAGGGTGACAAAGTGAGACTTTTATCTTAAAACAACA","GGCCAGGCACAGTGGCTCACACCTGTAATCCTAGCACTTTGGGAGGCCAAGGCAGGTGGATTGCTTGAGCCCAGGAGTTTGAGACCAGCCTGGGCAACATGGCAAAACCTCATCTCTACAAAAATTAGCCAGACATGGTGGTGGGTGCCTGTAGTCCCAGCTACTCAGGAGGCTGAGGTAGGAGGATCATCTGAGCCCAGGAGGTCGAGACTGCAGTGAGCCATGATCATGCCACTGCACTCCAGCCTGAGTGACAGAGTGAGATCCTGTCTCAAACAAAAA"
"GL873520","72365603","72365622","chr8","92800630","92800648","3","20435027","GAAAAACAACAACAACAAAA","AAAGACAACAACAAAAAAA"
"GL873520","72523042","72523246","chr6","13732200","13732409","55","58790842","GGCTGAGAGCAGTGGCTCACACCTGTAATCCCAGCACTCTGGAAGGCCCGAGGCAGGTGGATTGCCTGAGCTCAGTTAGAGACCAACCTGAACAAGAGAGAGACCTGGCCTCTAAAAAAATGAAAAATAGCCAGGTGTTGTGGTGGACGCCTATAATCCTAGCTACTCAGGGGACTGAAGCAAGAGAATTGCTTGAGTCCAGGAG","GGCCGGGCGCGGTGGCTCACACTTGTAATCCCAGCACTTTGGGAGGCTGAGGCGGGCGGATCATGAGTTCAAGAGATTGAGACCATCCTGCTAACACGGTGAAACCCCGTCTCTACTAAAAATACAAAAAAGTAGCTGGGCCTGGTGGCGGGCGCCTGTAGTCCCAGCTACTCAGGAGGCTGAGGCAGGAGAATCACTTGAACGCAGGAG"
"GL873520","72523515","72523623","chrX","6615952","6616053","29","65907563","AGCCCAGGAGTCTTGAGGTTGCTGTGAGCTATGATGATGCCACAGTACTCTACCAGGGTGACAAAGTAAGATTCTGCCTCAAATAAATAAATAAATCAGAAAGAAATAA","AGCCCAGGGAGGTCGAGGTTGCAGTGAGCCATGATCTTGCCATTGCACTTCAGCCCGGGTGACAAAGTAAGACCTTGTCTTAAAATAAATAAATAAATAAAA"
"GL873520","72537231","72537318","chr11","47859603","47859693","21","24677628","GCACAGTAGCTCACACCTGTAATCCTAGTACTCTGGAAGACTAATGCGGGTGTATCGCCTGAGCTCAGGAGTTCAAGACCAGCCTGAG","GGGCACGGTAGCTCACACATGTAATCCTAGCACTTTGGGAGGCCAAGGCGGGCAGATTACCTGAGGTTGGGAGTTCAAGACCAGCCTGGCC"
"GL873520","72537595","72537788","chr19","6241772","6241964","53","66295823","GACCAGCCTGAGCCAGAGCAAGATGCAGTCTCAACTAAAAAAAATTAGAAAACTAGCTGGGCAGCATTGTGGGCACCTGCAGTCCCAGCTACTCAGGGGGCTGAGGCAAGAGGATCCCTTAAACCCAGGAGTTTGAGGTTGCTGTGAGTTATGACACCATGGCACTCTACCCAGGGCGACAGCGGAAGACTCTG","ACCAGCCTGGACAACATAGTGAGACCGCCATCTCTAAAAAATATGAAAATTAGCCGGGGATGGTGGTGCATGTGTAGTCCCAACTACTCAGAAGGCTGAGGCAGGAGGATTGCTTAAGCCAAGGAGGTTGAGGCTGCCATGAGCCATGAACGCACCATTGCACTCCAGCCTTGGGTGACAGAGCAAGACCCTG"
"GL873520","72565866","72566023","chr9","6760251","6760419","46","65805615","TTAGTCAATTATTGTGGTAGACAATTGAAGTCCCAGCTACTTGGGAAGCCAACAAAATCGCTTGAGCCCAAGAGTTGGAGGTTGCTGTGAGCTGTGATGCTAAAGCACTCTAACCATGGTGACAGCCCGAGAATATCTCAAAAAAAAAAAAAAAAAAA","TTAGCCAGGAATGGTGGCACACACCTGTAGTCCCAGTTACTCAGGAGGCTGAGGCACGAAAACCGCTTGAACCTTGGAGGGGGAGGTTGCAGTGAGCTGAGATCAAACCACTGCACTCTAGCCTGGGTGACAGAGTGAGATTCTGTCTCAAAAAAAAAAAAAAAAAAAA"
"GL873520","72566306","72566440","chr14","19228345","19228477","30","53337961","GACTGAGTGTGTTGGCTCACTCCTGTAATCCTAGCACTCTGGGAGGCTGACGGGGAAGGATTATGTAAACTCAGGAGTTTGAGACCAGCCTGAGCAAGAGCGAGACACCTGTCTCTGATAAAAATAGAAAAAAAA","GGCTGGGTGTGGTAGCTTACACCTGTAATCCTAGCACTTTGAGAGGCCGAGGCAGGAGGATCACTTGAGCTCAGGAGTTTGAGACCAGCCTAGGCAACATGGTGAGACCTTGTCTCTACAAAAAAAAAAAAAA"
"GL873520","72588707","72588908","chr6","84591535","84591736","52","12002828","GGCCAGGTGGTGAGTCATACTTGTTTATCCTAGGCACTCTGGGAGGCTGAAGCGAGAGGATCCCTTGAGCTCAGGAGTTTCAGACCAGCCTGAGCAAAAGTGAGATGCTGTCTCTACTAAAAATAGAAAAATGAGCCAGGCATTGTGGCTGACCCCTGTAGTCCCAGCTACTCAGGAGGTTGAGTCAAGAAAATCTCTTGAG","GGCTGGGAGCGGTAGTTCATGCCTGTAATCCCAGCACTTTGGGAGGCTGAGGAGGGTGGATCACTTGAGCTCAGGAGTTTGAGACCAGCCTGAGCAACATGATGAAACCCTGTCTCTACAAAAAATACAAAAATTAGCAGGGCGTGGTGGCATGTGCCTGTAGTCCCAGCTACTTAGGTGGCTGAGGTGGGTCACTTGGGCC"
"GL873520","72589148","72589260","chr16","30992766","30992877","30","41596382","GAAAATCTCTTGAGTCCAAGAATTTGAGGTTGCTTTGAGCTTTGATGCCAGGGCACACTACCCAGGGCAACAGAGTGAGACTATCTAAAAAAAAAAAGAAAGAAAGAAAGAAA","TGAAGGATCTCTTGAGCCCAGGAGTTTGAGGCTGCAGTGAGCTGTGATTGCACCACTGTACTCCAGCCTGGGCAACAGAGTGCTGTCTCAATAAAAAAAAAAAAAAAAAGAA"
"GL873520","72589501","72589748","chr21","19031879","19032139","72","53557622","AGAGAGAGAGAGAAAATCCCTTGAGTTTAGGTGTTTTGAGACCATCCTGAGCAAGAGCAAGACCCCATCTCTACTAAAAATAGAAAAATTAGCTGGGCATTGGGGCACATGCCTGTAGTCCCAGCTATTCATGGGATTGAGGCAAGAGGATCGCTTGATCCCAGTAGTTAGAGGTTTCTTTGAGCTGTGATGATTCCACTGCACTCTAGTCTGGAGCGCTCAAGAAGTAAGAAAGAAAGAAATGAAAA","TGGGAGGCTGAGGCTGGCAGATCACTTGAGTGCAGGAGTTTGAGACCAGTCTGGGCAACATGGTGAAACCCCATCTCCATAAAAAAATACAAAAATTGGCTGGGCATGGTGGCACACACCTGTGGTCCCAGCTATGTGGGAGACTGAGGCAAGAGGATCGCTTGAGCCCAGGAGGTCGAGGCTACAGTGAGCTGTGATTGTACCACTGCACTCCAACCTGGGCCCTGTCTCCAAAAAAAAAAAAAAAAAAAAAAAAAAGAA"
"GL873520","72589838","72589899","chr12","82211329","82211392","14","9621491","GGCACAGTGGTTCACCCTGTAATCTTAACACTCTGGGAGGCTAAGGCAAGAGAATCCCTTGA","GGCTGAGTGGTGCATGCCTGTAATCCCAACACTTTGGGAGGCTGAGGCAGGATAATCACTTAAG"
"GL873520","72601213","72601289","chr8","129850906","129850982","21","57249693","TGGCCAAGCATTGTGGCGGGCACCTATAGTCCCACCTACTTGGGACATTAAGGCAAGAGAATCACTGGAGCCCAAGA","GCCAAGAGCAGTGGCTCGCACCTATAATCCCAACAATTTGGGATGCCAAAGCAAGAGGATCACTTGAGCCCGAAGAG"
"GL873520","72601537","72601665","chrX","47965157","47965279","31","24636380","GACCAGGCACGGTGGTTCGTACCTGTAATCCTAGCACTTTGGGAGGCCACAGGGGTGGATTGTCTGAGCTCACAGTTCAAGACCAGCCTGAGCCAGAGTGAGACCTCATCTCTAAAAATGGCTGAGCAT","GGCCAGGCACGGTGGTTCGCACCTGTAATCCCAACACTTTGGGAGGCCAAAGCGGGAGGATTGTTTGAGGCCAGGAGTTCAAGACCAGCCTGGGCAACATGGTGAAACCCCATGTCTACAAAA"
"GL873520","72672495","72672621","chr16","28131355","28131479","25","44541140","GGCCAGGCATGATGGCTCAAACCTGTAATTCTAGCATTCTGGGAGGCCAAGGCAGGAGGATTACTTGAGTCCAGGAGTTTAAGATTAGATTGGGCAACAGAGAGAAACCCTACCTCTATTTAAAAAA","GGCCAGGCGTGGTGGCTCACACCTGTAATCCCAGCACTTTGGGAGGCTGAGGCAGGAGGATCACTTGAGCCCAGGAGTTTCAGAGCAGCCTGGGCAACATGGTGAGACCCTGTCTCCATTAAAAA"
"GL873520","72698154","72698197","chr11","61598286","61598326","10","11099868","GGGAGGAATCCCTGGAGCTCAGGAGTTCAAGACTAGCTTGAGCT","GGGAGGATCTCTTGAGCCCAGGAGTTCAAGACCAGTCTGGG"
"GL873520","72698470","72698682","chr3","68572234","68572433","69","4126236","CCAGCTTGAGAAAGACAACCCTACCTAACCCCACCTCTGTCTCTACTAAAAATAGAGAAAAAAATTAGTGGGTATTGTGGTTGGCACCTGCTAGTCCCAGCAACTCTGGAGACTGACTGAGGCAAGAGGATCACTTGAACTCAAGAGTGTGAGATTGCTGTGATCTAATCTGACGTCATGGCACCCTATCCTGGGCAGACTGAGACTTTGTCT","CCAGCCTGGGCAACGTGGCAAAACCTCGTCTTTACTAAAAATACAAAAAAATAGCTGGGTATGATGGTGAGCACCTGTGGTCCCAGCTACTCGGGAGGCTGAGGTGGGAGGATCACTTGAGTCAGGAGGTCAAGGCTGCAGTGAGCCGAGATTGCACCACTGCACTCCAGCCTGGAGGACAGAGTAAGACCCTGTCTCAA"
"GL873520","72749150","72749265","chr16","19352384","19352496","35","53396766","TTAATTAATTAAAAAGAAGATTGCTTGAGCCTAAGAGTTTGAGGTTGCTGTGAGCTATGAGCCCATAGCATTCTACCTAGGGCAACAGAGAGAGACTCTGTCTCAAAGAAAAAAAA","TAAGGCAGGAAGATTGCCTGAGCTCAGGAGGTTGAGGCTGCAGTGAGCCATGATCATGCCACTGCACTCCAGCCTGAGCAACAGAGTGAGACCCTGTCTCAAAAATAAATAAA"
"GL873520","72749541","72749737","chr15","41382188","41382391","53","31367353","GGCCCAGTGTGGTGGCTCACTCCTGTAATCCTAGCACTCTGGAAAGCCCAGGTGAGTGGATTGTCTGAGCTTAGAAGACCAGCCTGAACAAGAGTGAGACCCTATCTCTACTAGAAATAGAAAAACTAGCCGGGCATTGTGGCAGGTGCCTATAGTTCCAGCTACTCAGGAGGCTGAGGCAAGAAGATTGCTTGAGA","GGCCGGGTGTGGTGGCTCACACCTGTAATCCCAGGACTTTGGGAGGCCAAGGTAGGAGGATCGCTTGATCTCAGGAGACCAGCCTGGGCAACATGGCAAAATCCTGTCTCTACTAAAAATACAAAAATTAGCTGGGCATGGTGGTGTATGCCTGTGGTCCCAGCTACTTGGGAGGCAGAGGTAGAAGGATCGCTTGAGCCCGGG"
"GL873520","72785691","72785814","chr2A","26341169","26341295","35","46444522","GGCCAGGTGCAGAGACTTGTGCTTGTAGTCTCAGCTATTCGGGAGGTTGAGGCAAGAGGACTACTTAAGTGCCATAGACTAGCCTGAGAAAACATAGTGAAACCTTGCCTCATCTTTTACAAAA","GGCCAGGTGCGATGGCTCATGCCTGTAATCCCAGCACTTTGGGAGGTTGAGGCCAGTGGATCACTTAAGCGCTGAAGTTCAAGACCAGCCTGGGCAACATACTGAAACCCCCATCTTTTAAAAAAAT"
"GL873520","72786129","72786263","chr13","49733690","49733818","37","23052439","GGCTGGATGTGGTGGCTCATGCCTTTAATGCTAGCACTCTGGGAGATGGAGGCGGAGACAGGTCTGTTGTCTGAGCTCACAGGTTCAAGACCAGCCTCCGCAAAAGTGAGACCTGCCTCTAAAAATAGCCAGGCA","GGCTGGGTGTGGTGGCTCATGCCTGTAATTCCAGCACTTTGGGAGGTGGAGGTGGGATGATTGCCTGAGGGCTGGATTTCTAGACCTGCCTGGGCAACATAGTGAGACCCTGTCTATAAAAAAATCCAC"
"GL873520","72786538","72786681","chr20","48810763","48810904","42","23975775","GAAATAAAAATAGCCAGGCACTGTGGCAGACACCTGTAGTCCCAGCTACTCGGGGAGGCTGAGGAAAGAAAATTACTTAAGCCCTAAGAGGCTAAAGTTGCTGTGAGCTATGATGGTCATAGCACTCTTCCAGGGGCAACAAAG","AAAAAAAAAATTATCCAGGCATGGTGGCATGTGCCTGTAGTCCCAGCCACACAGGGGGCTGAGGCAGGAGGATTCCTTTAGCATAGGAATTCAAGGCTGCAGTGAGCTATGATTGCACACTGCACTACAGCCTGGGCAACAG"
"GL873520","72819561","72819869","chr3","139568018","139568337","77","66748457","GGTTGGGAGTGGTGTCTCATTCCTATAATCTCAGCACTTTGGGAGGCCAACGCTGGCAGATTGCCCAAGCTCAGGAGTTCAAGACCAGCCTGAGCTAGAGCGAGATCCTGTCTCTAAAATTAGCTGGGTGTTGTGGCAGGTGTCAGTAGTCCCAGCTATCAGGAGGCTGAGGCAAGAGAATCACTTGAGACCAAGAGTTTAAGGTTGCTGTGAGCTATGACACCACAGCACTCTATCAGGGGTGACAAAGTGAGACTCTGCCTCAAAAATAAATAAATAAATAAACAAAAAATAAAATAAAATAAAGAA","GGCTGGGTGTGGGGTTCACACCTATAATCTCAGCACTTTGGGCAGCTGAGCTGGGAGGACTGCTTAAGGCCAGGAGTTTATGACCAGCCTGGGCAACAGAGTGAGATCCAGTCTCTATAAAAATTAGCCAGGTGTGGTGGTGCCTGCCTGTAGTCCCAGCTACTTAGGAGGCTGAGGTAGGATTATCACTTGAGCCCAAGAGTTTGGGGCTGCAGTGAGCTATGATTGGGTCTCTGCACACTAGCCTGGGCAAAAAAGTGACATTCTGTCTCAAAAAAATAAATAAATAAATAAATAAAAATAAAGAACAACAAGAAAAA"
"GL873520","72830940","72831132","chrX","40886735","40886926","48","31944205","CCTCCATCTCTTCAATAATAGAAAAATTAGCTGGACATGGTTCCATGCATCAATAGTCCCAACTACTCAGGAGGCTGAGGCAAGAGGATTTCTTGAGCCTAGGATGTTAGAGACTTTAATGAGCTATGACAACACCACTATACTCCTGCCCAAGCAACAGAGCAAGACCCTGTTTCAATAAAAAAAAATAAAA","AATTTCATCTCTTAAAAAATACAAAAATTAGCTGGGGGTAGTGGTGCACAGCTGTAGTCCCAACTACTCGGGAGGTTGACGCAGGAGGATCACTTGAGCCTGGGAAGTTGAGGCTATAGTGAGCTGTGATGGCACCACTGTACTCCAGCCTGGGTGACAGAGTGAGACCTTGTCTCAAAAAAAAAAAAAAAA"
"GL873520","72831154","72831250","chr5","13406563","13406658","20","59424591","GGCCTGGGCACAGCAGCTTATGCCTATAATCCTAGAACTTTGGGAGACCAAGGCAGGAGGACTGCTTGAGGCCAGGAGTTGAAGACCATCCTGAACA","GGTTGGACACAGTGGCTCATGCCTATAATTCCAGCATTTTGGGAGGCCAAGGCAAGGGGATCACTTGAAGCCAGGAGTTCAAGACCAGCCTGAGCA"
"GL873520","72846280","72846400","chr22","36757324","36757446","28","36088956","GTAGTCCTAGCACTTTGGAAGGCTGAGATGGTAAGACTGCTTGAGGCTAGGAGTTCAAGACCTGCCTGGGCAATATAGTGAGACCTCACTTCTAAAATATATATATATATAGTAAAAAAAA","GTGATCCTAGCACTTTGGGAGGCCCAGATGGGAGGACTGCTTGAGGCCAGGAGTTCAAGACCAGCCTGGGCAACATAGTGAGACCTCATCTCTATAAAAAGAGTTAAAAAATTATCCAGGCAC"
"GL873520","72846688","72846865","chr11","71620673","71620849","48","1226015","TGGGTGTGATTAAATATTACCTGGGTGTGATAGGGCACTCTTGTAGTCTTATCTACCCAGGTGACTGAAGCAAGAGGATTGCCTGCGCCCAGCAGTTTAAGGATGTAGTGAGCTGTGGTTGAGCCATGGCACTCCAGCCTAGGTGACAGAGCTAGGCCCTCTCTTAAAAAGAAAAAAA","AAACTTTTTATTTTAATTAGCTGGACGTGGTGGTATGCACTTGTAGTCCCACTACTCAGGAGGCTGAGGCAGGAGGATTGCTTGAACCCAGGAGTTCAAGACTGCAGGAGCTATGATTGTGCCATTGCACTCCAGCCTGGCTGACAGAGTAAGACCCTTTCTCTTAAAAAAAAAAAA"
"GL873520","72852126","72852331","chr20","33705901","33706099","55","39146225","TGAGACCCAATCTCTATATAAATAGAAAAATCAGTCAGATGTGGTGGTGCATACCTATAGTCCCAGCTATTGGGGAGACTGAGGCAGGAGGATAGTGTGGGCCTCCTGCCCAAGAGTTTGAGGTTGCCATGAGCTATTATGACACCATTGCACTCTACGCAGGATGGCAGAGTGAGACCCTGTCTCAAAAGGAAAAAAAATGAAAA","TGAGACCCCGTTTCTACATAAAAATGCAAAAATTAGCCAGGTGTGGTTATGCATACCTGTAGTCCCAGCTACTCAGGAGGCTGAGGTGAGAGGATTGCTTGAGCCCTGGAGTTCAAGCCTGCAGTGAGACATGATTGCACCACTGCACTCCAGCCTGGGAGACATAGTGAGACCCTGTCTCAAAAAAAAAAAAAAAAAA"
"GL873520","72852609","72852699","chr9","110520976","110521068","28","37668367","GGCTAGGTATAGTGGCTTGTGCCCATAATCCTGGCATTCTAGCAGACTGAGGCAGGAGGATCAAGAAGAGCCAGAGCAAGAATGAGACCCA","GGCCTGGTGCAGTGGCTCATGCCTGTAATCCGAGCACTTTAGAAGGCTGAGGCAGGAGGATCACTTGAGCCCAGGAGTTCAAGATCAGCCTGG"
"GL873520","72856443","72856538","chr3","49642271","49642364","16","23214172","GGCGGGGTGCAGTGGCTCACACCTCTAATCCCAGCACTCTGGGAGGCCAAGGTGTGTGGATTGCCTGAGCTCACAGGTTCAAGACAAGCCTGAGAT","GACCGGGTGCAGTGGCTCACACCTGTAATCCTAGCACTTTGGGAGACCAAGGTGTGAGGATTGCCTGAGCCCATGAGTTAAAGACCAGCCTGGC"
"GL873520","72856786","72856975","chr8","38561134","38561339","60","34295652","CCAGCCTGAGCCAGAGTGAGACCTCATCTCTAAAAATAGCCAGGCTTTGTGCAGGCACCTGTAGTCCTCATTACTTGGGAGCCTGAGGCAAGAGAATTGCTTGAGCCCAAGAGTTTGAGGTTGTTGTGAGCTATAATGCCATAGCATTCTACCAAGGGTGACAAAATGAAACTCAAAAAAAAAAAAAGAA","CAGCCTGGGTAACGTGGTGAGACCACATCTCTAAAAAAATTAGCTGGGCTTGGCAGCACATACCTGTAGTCCCAGCTACTTGGGAGGCTGAGGCGGGAGCATCGCTTGAACCCAGGAGGTAGAGCCTGCAGTGAGCGAGACTGTATCTCTGCACTTCAGCCTGGGTGACAAAGTGAGACACCATCTTAAAAAAAAAGAAAGAAAGA"
"GL873520","72859692","72859855","chr3","189241423","189241586","42","116381731","AAATATCCAGACAGTGTTGCAGGTGCCTGCAGTCCCAGCTACTGGAGAGGCTGAAGCAAGAGGATCTTCTGAGCCCAAGAGTTTGAGGTTGCTGTGAGCTAGGACACCATGGCACTCTACCAAGAGTGACAACATGAGACACTGTCTCAAAAAAAAAAAACAAA","TTAGCCAGGCATGATGGTGCATGCCTATAGTCACAGCTATTTGGGAAGCTGAAGCAGGAGGATATCTTGAGCCCAGGAGTTTGAGGATTGCAGTGAGCTATGATCACACTACTGCACTCCAGCCTATGTGACAGAGTGAGACCCTGTCTCAAAAAAAAAAAGAA"
"GL873520","72860147","72860283","chr1","33670814","33670944","26","39189333","GGCCAGGCATGGAGTAGCTCATGCCTATAATCCTAACACTTTGGGAGGCTGAGGCAGGTGGATTGCTTGAGCTCAGGAGTTCAAGACCAGCCTGAGCAAGAGCAAGACCCCCTGTCTCTTAAAAAAATAGCCACTTG","GGCCGGGAGTGGTGGCTCACGCCTGTAATCCTAGCACTTTGGGAGGTTGAGGCAGGTGGATTGCTTGAGCTCAGGAGTTCAAGACCAGCCTGGGCAACATGGTGAAACCCTGTCTCTACAAAAAATACAAA"
"GL873520","72875827","72875962","chr1","152310097","152310225","34","79434270","GACTAGGTGCGGTGGCTTGCACCTTTAAATCCAGCATTCTGGGAGGCCGAGGCCATGGATTGCTTGGAGTCAGGAATTCAAGACAAGCCTGAGCAAGAGTGAGACCCTCATATCTCTACTAAAAACAGGAAAACTA","GGCCAGGCATGGTGGCTCACACCTGTAATCCCAGCACTCTGGGAGGCCGAGGCCAGCAGATTGAGTACAGGAGTTTGAGACCAGCCTGGGCAACAGTGAAACCTCGTCTCTACTAAAATACAAAAAATT"
"GL873520","72876242","72876423","chr12","66258613","66258792","47","6617629","TAAAAACAGAAAAACTTGCTGGCTATCATGGTGCATACTTGTAGTCCCAGTTACCTGGGAGGCTGAGGCAAGAGGATTGCTCAAGCCTAAGACTTTGAGGTTGCTGTGAGCTATGATGGTAGGCACTCTAGTCTGGGGCAATAAGAGTGAGACTCTGTCTCAAAAGAAAAAAAAATTAAAAA","AAAAAACAAAAATTAGCCAGGCATGGTGGTACATGCCTGTAGCCCCAGCTATTCTGGTGGCTGAGGCAGGAGGATTGCTTGAGCCCAGGAGGTTGAAGCTGCTGTGAGCCGTGATTGGACCACTGCACTCCAGCCTGGGGGACAGAGTGAAACTGTGTCTCAAAAAAAAAAAAAAAAAAA"
"GL873520","72909896","72909998","chr10","59492409","59492502","34","13417487","AAACAGGAGGATTCTTTGAGCCCAGGAGTTAAAGGCTGGCACTATTTATACTTCAGCCGGGACAAGAGAATGAGACCCTGTTTCTATTTTTAAGAAAGAAAAA","AGGCAGAAGGATCACTTGAGCCCAGGAGGTCGAGGCTGCAGTGAATTGTGATTGTGCCAGGCAACAGATACAGACCCTGTCTCAAAAGAAAAAA"
"GL873520","72910267","72910468","chr9","37771894","37772087","58","35138373","GGCTGGATATAGTGACCCATACTTGTATTCCCAGCAGTTTGGTGGAGAGGCTACAATGGGAAGATTGCTTGGGGCTGGAGTTTGAGACTAGTCTGAGAAACAAAGCAAGACCGTGTCTCTACAGAACATAAATAAAAAATTTGGCTGGGCATGGTGGTGTGCACTTGTAGTCTCGGCTACTAAGGAGGCAGAAACAGGAGGA","GGGCAGGTGTGGTGGCTCATGCCTGTAATCCCAGCACTGTGGGAGGCCGAGGCAGGAGGATCACTTGAGCCCAGGAGTTTGAGACCAGCCTGGGCAATATAGGGAGACACTGTCTCTACAAATAATTTAAAAATTAGCTGGCCATAGTGATGTACGCCTGTGGTCCCAGCTACTCAGGAGGCTGAAGCAGGAGG"
"GL873520","72910901","72910936","chr19","9990646","9990679","11","62920255","CACTTGAGCCCGAAAGTTCAAGGCTAGCCTGGACAA","CTTGAGCCCAGGAATTCGATGCCAGCCTAAGCAA"
"GL873520","72916757","72916848","chr15","37377465","37377541","32","35539292","AAAAAAGTTTGACGATGCTGTGAGTTATGCAGCAGTACTCTACCAAGGGCAACAAACAGACTGTCAAAAAAAAAAAAAAAAAGGGAAAAGAA","AAATAGCTATGATCATATCACTGTACTCCAGCCCAGGTGACAAAGAGACCCTGTCTCAAAAAAAAAAAAAAAAAAAA"
"GL873520","72916937","72917022","chr1","21836229","21836318","20","51080708","GCCAGGCATTGTGGCGGGCGCCTGTAGTCTCAGCTACTTGGGAAGCTGAGGCAAGAAGATCACTTTAACCCAAGAGTTTGAACTTG","GGCCAGGCATGGTGGCACGTGCCTGTAATCCCAGCACTTTGAGAGGCTGAGGCAGGAAGATCACTTGAGCCCAAGAGTTTGAGAACAGCC"
"GL873520","72917555","72917693","chr1","33670814","33670944","38","39246741","GCTGGGAGCAGTGTCTCACTCCTATAATCCTAGTACCCTGGGAGTCTGAGGCAGGTGGATTGCTTGAGCTCAGGAGTTCAAGACCAGCCTGAGCCAGAGCAAGACCCTGTCTCAAAAAAAGGCCGGGGGCGGGGGGGAA","GGCCGGGAGTGGTGGCTCACGCCTGTAATCCTAGCACTTTGGGAGGTTGAGGCAGGTGGATTGCTTGAGCTCAGGAGTTCAAGACCAGCCTGGGCAACATGGTGAAACCCTGTCTCTACAAAAAATACAAA"
"GL873520","72954173","72954287","chr1","149917067","149917179","26","76962894","GCTCGTGCCCATAATCCTAGCAGTCTGGGAGGCAAAGGCAGGTGGATTGCTTGAGCTCAGGAGTTCGACACCAGCCTGAGGCAGAGTGAGACCCTGTCTCTAAAAAAAGAAAACA","ATGCCTGTAATCCCAGCACTCTGGGAGGTCAAGGCAGGAGGATCCCTTGAGCTCAGGAGTTTGAGACCAGCCTAAGCAGGATAGTGAGACCCTCATCTCTACAAAAAAAAAAA"
"GL873520","72954546","72954724","chr1","184532449","184532625","43","111577903","GAACAATTAACTGGGTATCATGGCATACACCTATAGTCCCAGCTACTCAGGAGGCTGAGGCAGGAGGATTGGTTGAAACCAGGAGTTCGAGGTTGCTGTGATTTATTATTACGTTGCTGTGCTCTAACTGGGGCAACAGAGTAAGACTGTCTCCAAAAAAAAAAAAAAAAAGAAAGAAA","AATTAGCTGGGCATGGTGGCATGCACCTATAATCCCAGCTACTCAGGAGGCTGAGGTGGGAGGATCTCCTGAGTCCAGGAGTTCGAGGCTGCAAGTGAGCTATGATCGTGCCAGTGTTCTCCAGCCTGGGCAACAGAGTGAGACCTGGTCTCTAAAAAATAAAAAAATAAAAATAAA"
"GL873520","72959829","72959849","chr19","11811175","11811192","4","61148654","CAAAACTGTAAAAAAATAAAA","CACAATGAAAAAAATAAA"
"GL873520","72959944","72960241","chr17","24444892","24445190","94","48515052","GTGGCCCACACCTGTTAATCCCAGCAATTTCAGAGGCCCAAGTGGGAGGATTGCTTAAGACTGGGAGTTCAAGACTAGCCTGGACAAGATAGCCAGAGTCTGTCTCTGAAATTTTTTTTTTTTTTTTAGTTAGCTGGGTGTGGTGGCATGTGTATGTAGTTTTAACTGTTTGGAAGGCTGGTGGAGGAAGATAACTAAGTGCAGGACTTGCAGGTTGTGGTGAGCTATGATTGTATGTACCACTGTACTCCAGCCAATGCAACAGAGTAAGACCCCTATCTTTAAAAAAAAGGAGCGG","GGCTGGGCACAGTGGCTCATGCCTGTAATCTCAGCACTTTGGGAGGCCAAGACAGGAAGATCGCTTGAACCTAGGAGTTCAAGACCAGCCTGGGCAACATAGTGAGACAGTGTCTCTACAAATTTTTTTTTTTTTTTAATTAGCTGGGTATGGTAGTGCACACCTGTAGTCTCAGCTACTTGGGAGGCTGAGGCGGGAGGATCACCTGAGTGCGGGAGGTCAAGGCTGCAGTGAGCAGTGGTCATGCCACTGCACTCCAGTGTGGGCAACAGAGTGAGACCCTGTCTCAAAAAAAAAAA"
"GL873520","72987852","72988108","chr4","38339349","38339590","66","34648503","GAAATTCCGAGGTGGGACAACCTCTTGAGGCTAGGAGTTTGAGACCTGAGACCTACCTAGGCACCACAGCGAGACCCTATCTCCATAAAATATAAAAAAATCAGCTAGGCATGGTGGTGCACACCTATACTCCTAGCTACTTGGAAGGCTGAAGCAGGAGGATCACTTGAGCCAAGGAATTTGAGGTTGCAGTGAGCTATGATCACACCATAGCAAGCCTAGGCAACAGAATAAGACCCTGTCTCCAAATAAATAAA","GAAGTGAGTGGATGGCTTGAGCTCAGGAGTTTGAGACCAGACTGGGCAACATGGTGAAACCCCATCTCTACAAAAAATACAAAAATTAGCCAGGCGTGGTGGTTCGCACCTATAATGCCAGCTACTTGGGGGGCTGAGGCAGGAGGATAGCTTGAGCCCAGGAAGTGGAGGTTGCAGTGAGCTGAGATCACATCACTGCAGTCCAGCCTGGGTGATAGAGTGAGACCCTGTCTCAAAAAAAA"
"GL873520","72988368","72988403","chr8","123409770","123409807","13","50421402","GCCTATAATCCTAGCACTTTGAAATTCCGAGGTGAG","CTCATGCCTATAATCCTAGCACTTTGGGAGGCAGGCAG"
"GL873520","73061340","73061536","chr20","4833312","4833507","57","68228028","GGCTGGGCACAATGCCTGACCCATATAATCCTAGCACTCTGGGAGGCCAAGGCGGGGAGGGACAGGATTGCCTGAGCTCACAAGTTCAAGACCAGCCTGAGTCAGAGCAAGACCTCGTCTCTAAAATATAGCCAGGTGTTGTGGCCGGCACCTGTAGTCCCAGCTACTTGGGAGGTTGAGGCAAGAGAATCTCTTAA","GGCTGGGCCCAGTGGCTCACATTTGTAATCCCAGTACTTTGGGAGGACAAGGCAGGCGTATCACTTGAGCCCAGAAGTTCGAGACCAGCCTGGGTAACACAGCAAAACCCCGTCTCTACAAAAAATTAGCCAGGTGTGGTGGTGCATGCTTGTAGTCCCAGCTACCAGGCAAGCTGAAGAGGAAGCATCACCCTCA"
"GL873520","73061812","73061921","chr2B","206563725","206563834","29","133501913","GGAGAATCTCTTAAGCCCAAGAGTTTGAAGTTGCTGTAAGCTGTGATGCCACAACACTCTACCAAAGGAAACAAAGTGAGACTCTGGCTCAGAAAAACAAACAAACAAAA","GGAGTGTCACTTGAGCCTGGGAGTTTGAGGTTGCAGTGAGCTGTGATTGCATCATGCACTCCATCCTGGGCAAAAGAGTGAGACCCTGTCTCAAAAAAAAAAAAAAAAAA"
"GL873520","73083143","73083268","chr7","99782297","99782421","34","26699154","CAGTGGCTCACATCTGTAATCCCAGCACACTGGGAGGCTGAGGAGGGCGGATTGCCTGAGCTCACAGGTTTGAGTCCAGCCTGAGCAAGAGCAAGACCCCTGACTCTAAAAATAGCCAGGTGTGAA","GGTGGCTCACGACTGTAATTCCAGCACTTTAGGAGGCTGAGGCGGGAGGATTGCTCGAGGCCAGGAGTTCAAGACCAGCCTGAGCAACGTACCGAGACCCTGTCTCTATAAAAATTAGAAGGTTA"
"GL873520","73083525","73083631","chrX","48956519","48956618","29","24127006","TAAAAATAGCTGGGCAATGTGGCTGGTGCATGTATTCCTAGGTACTTGGGAGGCTGAGGCAAGAGAATTGCTTGAGCCCAAGAGTTTGAGATTGCTGTGAGCTGTGA","GCTGGGCATGGTGGTGTGTGCTCATAGTCCTAGCTGCTGGGGAGGCTGAGGTGAGAGGACTGCTTGAGCCCAGGAATTTGAGACTGTAGTGAGCTGTGAT"
"GL873520","73086014","73086142","chr10","95119450","95119581","30","22033436","CTGGGCACAGTGGCTCACGCCTATTATCCCAGCACTTGGGAGGCTGAGGCAGATGGATTGCCTGAGCTCAGGAGTTTGAGACCAGGTGAGCTAGAGCAAGACCCCCATCTCTAAAAATAGCTGGGCATT","CCGGGTAGAGTGGCTCATTCCTGTAATCCCAGCACTTTGGGAGGCTGAGGCAAGAGGATTGCTTGAGGTCAGGAGTTCGAGACCAGCCTGAGCAATGTAGCAAGACTCCACCTCTACAAAAAATGAAAAGCT"
"GL873520","73086410","73086584","chr12","96671998","96672172","39","23585588","AATTAAAATAGCTGGGCATTGTGGCAGGGGTCTGTAGTCCCAGCTACTTGGGAGGCTGAGGTAAGAGAATCACTTAACCCCAGGAGTTTGAGGTTGCTGTGAGCTATGACACCATAGCACTCTACCAATGGTGACAAAGTGAGCCTCTGTCTCAAAAAAAAAAAGTAAATAAAAA","AATTAGCTGAGCATGGTGGCAGGCACCTGTAGTCCCAGCTACTTGGGAGGCTGAGGGAGGAGGGTCACTTGAACCCAGGAGTTTGAGGCTGCAATGAGCTATGACTGCATCAGTGCACTCTAGCCTGGGCAGTAGAGTGAGACCCTGTCTCACAAAAAAAAGAAGGAAAGAGAAA"
"GL873520","73111621","73111695","chr4","25785731","25785810","15","47325890","GGCCTGGCGTGGCTCATGCCTCTAATCCTAGCACTCTGGGAGGCCGAGGTAGGTGGATTACTTGAGCTCACAGGT","GGCCTGGTGCAGTGGCTCATGCCTATAATCTCAGCACTTTGGAAGGCCGAGGTGGGGGGATCACTTGAGCCCAAGCAGTT"
"GL873520","73111955","73112180","chrUn_GL394560","7392","7612","71","73104563","TGAGCTCACAGATTGGAGACCAGCCTGAGCAATAGCAAGACCCCGTCTCTAAAAATAACCAGGTATTGTGGAAGGCACCTGCAATCCCCACTACCTGGGAGACTGAGGCAAGAGAATCGCTTGAGCCCAGGAGTTTGAGGTTGTTGTATGCTATGATGCCACGGCACTCTACTGAGGGCAACAAAGTGAAACTCTATCTTAAAAAAGAAAAGAAAAGAAAAAGAAA","GAGCCCAGGAGTTCGAGACTAGCCTGGGAAACATTGCAACCCCATCTCTACAAAGAATAAAAAAATTAGCTGGGAGTGGTGGTCCCAGCTACTTGGGAGGCTGAGGCAGGAGAATCATTTGAGCCCAGGAGGTTGAGGCTGCAGTGAGCCATGTTAGTGCCATTGCACTCCAGCCTGGGTGACAGAGTGAGATCTTGTTTAAAAATAAAGAAAGAAAGAAA"
"GL873520","73125194","73125383","chr7","4237351","4237553","49","68887843","GGCTGGGCGTGGTGGCTCATGCCTGTAATCCCAGCACTCTGGGAGGCTGAGGCAGGTGGATTTGCTAGATCTCAGGAGTTGGATACCAGCCTCGGCAAGAGCAAGACTCCATCTCTAAAAATAGCTGGGCATTGTGTTGGGCACCTGTGGTCCCAGTTACTCAGGAGGCTGAGGCAAAAGGCTCACTTGA","GGTCAGGCATGGTGGCTCATGCCTGTAATCCCAGCACTTTGGGAGGCCGAGGTGGGCAGATTGCTTGAACTCAGGAGTTGAAGACTAGCCTGGGCAACACGGCAAAACCCCATCTCTACTAAAACTACAAAAACTAACTGGGCATGGTGGCACGCGCCTGTAGTCCCAGCTACTGGGGAGGCTGAGGTAGGAGGATCACTTGA"
"GL873520","73125656","73125758","chr3","46775769","46775871","28","26349887","GGATCACTTGAGTCCAAGAGTTTGAGGTGGCTGTGAGTTATGACACTACCAGCACTTTACTGGGAGCAACAAAGTGAGACTCTGTCTCAAAAAAAAAAAAGAA","ATCACTTGAGCCTTGGGGGTTGAGGCTGCAATGAGTCATGACTGTGCCATTGCACTCTAGCCTGGGCAACAGAAAAGAGACCCTGTCTCAAAAAAAAAAAAAA"
"GL873520","73447089","73447356","chr3","133065732","133066007","74","59618643","GGCTGGGTGCGGTGGCTCACGCCTGTATTCCCAATACTTGGGAAGTTCAGGGGTTGGATTGCCTGAGCTCACAGGTTCAAGACCAGTCTGAGCCAGAGTGAGACCTCATCTCTAAAAAAATACCCGGGCATTGTGGTGGGTACCTGTAGACCCAGCTACTTGGGAGGCTGAGGCAAGAGAATGACTTGAGCCTGAGAGTTTGTGGTTGCTGTGAGCTACAATGCCTTGGCACTCTGTTGAGCATTACAAAGTGAGACTCTGTCTCAAG","GGCCGGGTGCAGTGGCTCACGCCTGTAATCCCAGCACTTCAGAAGGCCAAGGCAGGAGGATCACTTGAGCTTAGGAGTAGAGACCAGCCTCAGCAACATGGTGAAACCCCATCTCTACAAAAAATTAGCCGGGCATAGTGGTGCGTGTCTGAAGTCCCAGGTACTGGAGAGGCTGAGGCAGGAGGATCACTTGAGACTGGGAGGTCAAGGATGCAGTGAGCTGTGATAGTGCCATTGCACTCCAGCTGGGGCAACAGAGCGAGACCTTGTCTCAAA"
"GL873520","73447378","73447393","chr1","153358526","153358539","2","79911148","AAAAAAAAACCAAAAA","AAAAAAAAAAAAAA"
"GL873521","58193","58339","chr1","40759650","40759803","42","40701457","TTAGTCAGGCATTGTGGCAACTTAGGCATAGCTACATGGAAGGCTTAGACAAGAGAATCACTAGAGTCCAGGAATTGGAGGTTGCTGTGAGCTACGATGCCATAGCACTCAAGCCTGGGGCAACAGTGTGAAACTCTATCTCAAAAA","ATTAGCCAGACATGGTGGTGCACATCTGTAGGCCTAGCTACTTGGGAAGCTGAGGCAGGAAGACTGCTTGAGCCCAGGAGTTTGAGGCTGCAGTGAACTATGATGACATCACTGCACTCCAGCCTGGGCAAGAGTGAAACTGTTTTTTAAAAAA"
"GL873521","58369","58496","chr11","12504072","12504193","41","12445703","GGTGTGGTGATTGATGCCTGTAAGTCTAGCACTTTGAGGAGAGTGGATCCCTCTGAGGAGGGTGGATCTGTTGAGCTCAGATACTCAAGACCAGACTGAGCAAGACTGAGACCCCCCCATTTTTACAA","GGCCTGGTGCAGTGGCTCAGACCTGTAATTCCAGCACTTTGGGAGGCCTGGGTAGGTGGACTGTTTGAGCTCAGATGTTTGAGACCAGCCTGGGCAACATGACAAAACCCCATCTCTACATA"
"GL873521","119441","119613","chr3","50079465","50079644","54","49960024","CAACAAAAAAAAAAACAGATGACATAGTGGTTCACACCTGCAGTTGCAGCTAATGGGGAGACTTAAGACAGGAAAATCACTTGAACTCAGGCATTTGAACTTTCAGTGAGCTATGCTGATGCCACTGTACCTTAGTCATGACAGCAGAGCAAGAACCGGACTAAAAAAAAAAA","ACAAAAAGAAAAAACAATTAGCAAGGCCTGGTGGTACACACTTGTAGTCCCAGCTATTTGGGAGGCTGAGGTGGGAGGATCACTTGAGCCCAGGAGTTCAAGGTTACAGTGAGCTATGATCATGCCACTGCACACTAGCCTGGGCATCAGAGAGAGTTCCTGTCTCTAAGAAAAAAAAAA"
"GL873521","119642","119758","chr4","150658849","150658965","24","150539207","GGCTGGACCTGGTGGTTCACACTTGTAATCCTGGCACTTTGGGAAGCCAAGGTGGGAGAACTGGGTGAGGTCAGGAGTTTAAGACCAGCCTGAATGACATAGCAAGATCTCATCTCT","GGCTGGTTATGGTGGCTGACACCTGTAACCCTAGTACTTTGGGAGGCCCAGGTGGGAGGATTGCTTGAGGCCAGGAGTTTAAACCAGCCTGGGCAACATAGCAAGACCTCATTTCTT"
"GL873521","610584","610857","chr11","57816849","57817130","68","57206265","GGCCATGTGCAGTGGCTCACACCTGTAATCCTAGCACTCTGGGAGGCTAAGGCAAATGGATTGCTTGAGCTCAGGAGTTCAAGACCAGCCTGAGCAAGAGCTAGAACTGACCCCATCTCTAAAAAATGCCAGGCAATATGGTGGAGTCTAGAGTCCCAGCTACTCGAAGGCTAAGGTAGAAAGATGGCTTAAGCCCGAGAGTTTGAGGTTGCAGTGAGCCGTGACACCATGGCACACTCTACTGAGGGTGACAAAGTGAGATTCTGTCTCCAAA","GGCCAGGCACAGTGGCTCACACCTGTAATCCTAGCACTTTGGGAGGCCAAGGCAGGTGGATTGCTTGAGCCCAGGAGTTTGAGACCAGCCTGGGCAACATGGCAAAACCTCATCTCTACAAAAATTAGCCAGACATGGTGGTGGGTGCCTGTAGTCCCAGCTACTCAGGAGGCTGAGGTAGGAGGATCATCTGAGCCCAGGAGGTCGAGACTGCAGTGAGCCATGATCATGCCACTGCACTCCAGCCTGAGTGACAGAGTGAGATCCTGTCTCAAACAAAAA"
"GL873521","1502062","1502265","chrX","121141350","121141549","52","119639288","CAAACAAAAAAAGACTAGTCTCTACTGAAAATAGAAAAACTAGCCGGGTATTGTGGCAGGCTCCTGTACTCCCAGCTACTTGGGAGGCTGAGGCAAGAGGATCACTTGAGCCCACGAGTTTGAGCTTTCTGTGAACTATGATAATGTCACAGCACTCTACCCAGGGTGACAGAGTGAGATTCTGTGTCAAAAAAATAAAGAAAA","GAAACAAAGCAAGACCCCATCTCTACAAAAAATTTAAAAATTAGCTGGGCCCAGTGGTGTGTACCTGTAGTTCCAGCTATTTAGGAGGCTGAGGCAGGAGGATCCCTTGAGCCCAAGAGTTCAAGGTTGAAGTGAACCATGACTACGCCACTGCACTCTAGCCTGGGGACAAAGTGAGACCTTGTCTCAAAAATAAAAAA"
"GL873521","1502500","1502603","chr19","19649787","19649888","25","18147287","GCCAGGTGCAGTGGCTCATGCCTATAATCCTAGCACTCAGGAAGGCCAAGGCAGGTAGATTGAGTTTGAGACCAGCCTGACTAAGAGCAAGACTGGTCTCTATA","GCCAGGCATGGTGGCTCATGCCTGTTATCCTAGCACTTTGGGAGGCTAAGGCGGGAGGAGTTTGAGACCAGCCTGGGCAACATAGCCAGACCCTGTCTCTTA"
"GL873521","1595405","1595517","chr21","23033355","23033468","23","21437950","GCTGGGCATGGTAGCTCATGCCTGTAATCCCAGCACTCTGGAAGGCCGAGGCAGGTGAATTGCCTAAGCTCACAAGTTCAAGGCCACCCTGAGCCCAGCAAGACCCTATCTGT","GGCCAGGCATAGTGGCTCATGCCTGTAATCCCAGCACTTTGGAAGGCCGAGGCAGGAGGATTGCTTGGAGCCCAGGAGTTCGAGACCAGCCTGAGCAGCATAGACCCCTATCTC"
"GL873521","1595795","1595978","chr3","132688217","132688402","51","131092422","TGAGACCCATCTCTAAAAATAGCCAGGCGTTGTGGTGGGCGCCTATAGTCCCCGCTATTCTGGAGACTGAGGCAAGAGAATCACTTAAGCCCAAGAGTTTGAGGTTGCTGTGAGCTGTGACACTATGGCCCTCTACCAAGGGTGACAAAGTGAGACTCTGGCTCAAAAAGAAAGATAAAAAAAA","TACAGAAAAATTTTTAAAAAATTAGCCATGTGTGGTGATGCGCACCTGTAGTCCCAGCTACTCTGGAGGCTGAGGTGTGAGGATCACTTGAACCCAGGAGTTCGAGGCTGCAGTGAGCCATGATCATGCCACTGCACTCCAGCCTGGGTGACAGAGTGAGACCTTGTCTGAAAAAAAAAAAAAAAA"
"GL873521","1759823","1760095","chr20","35179301","35179570","73","33419478","CTAGCATCCTGGGAGGCTGAGGCAGGTGGACTGTCTGAGCTCATGAGTTTGAGACCAGCTTGAGTAAGGGAGACCCTGTATCTACTAAAAATAGAAAAACTAGCCAAGCATGGCGGCACATGCCTGTAGTCCGAACTGCTTGGGAGGCTGAGGCAAGAGTATCACCTAAGCCCAAGAGTTTGAGGTTGCTCTGAGCTATGAAACCAGGGCAGGGTCCTCTACCCAGGGTGACAAAGTCAGACTGTCTCCAAAAAAAAAAAAAAAAAAAAAAAA","CCAGCATGGTGGGAGGCCGAGGTGGGCAGATCGCTTGAGTCCAGGAGTTTGAGACCAGCCTGGGCAACATGGCGAAACCCCGTCTCTACAAAAAATACAAAAATTAGCCAGCATGGTAGCCCACGCCTGTAGTCCCAGCTGCTTGGGAGGTTGAAGTGGGAGCATCACTTGAGCCTGGGAGGCGGAGGTTGCAGTGAGCTGTGATCTGCACTCCAGCCTGGGTGACAGAGCGAGACTCTGTCTCAAAAAAAAAAAAAAAAAAAAAAAAAA"
"GL873521","1760611","1760644","chr1","206552735","206552767","4","204792124","GGCTGGGAGCCGTGGCTCACCCCTGTAATCCTAG","GGCTGGGAGTAGTGGCTCACGCCTGTAATCCTA"
"GL873521","1978757","1978896","chr19","10086469","10086601","36","8107712","GGGTGCAATGGCTCATTCCTACAACCCTAACATTTTGGGAGGCCTGGGTGGGAGGAAAGCTTGGGACCCGTAGTTTGAGATCAGCCTGAGCAACACAGTGAGATGCTGTCTCTACAAAAAATTAGCCTAGTATGGTGGTG","GGGTGCAGTGGCTCACACCTATAATCCTAGCAGTTTGAAAGGCTGAGACGGGTGGATCGCTTGAGCCCAGGAGTTCAAGACCAGCCCGGGCAACATAGTGAGACCCTGTCTCTACAAAAAATTAGAGGATGTG"
"GL873521","1984940","1985104","chr19","18092803","18092966","37","16107863","AAAATGAGCCTGGTGTGGCAGCACTTGCTTGTGGTCCCAGCTACTTAGGAGGCTGAGGCAGCAGAATTGCCTGAGTCCAGGAGTTTGAGATTGCAGGGAGCTATAACCATACCACTTCATTCCAGCCTGGGCAACAGAGCAAGGCCCTGTCTCAACCAAACAAAA","AATTAGCAGGCTGTGGTAGCATGTGCTTGAGGTCTCAGTTACTTGGGAGGCTGAGGTGGGAGGATCACCTGAGCCCAGGAGTTCAAGGCTGCAGTGAGCTATGATCACACCACTGCACTCCAGCCTGGGCAACAGAGCAAGATGCTGTCTCAAAAAAAAAAAAA"
"GL873521","2126971","2127283","chr1","18920994","18921309","78","16794023","GCCAGGTGCAATGGCTCATGCCTGTAATCATAGCACTCTGGGAGGCTGAGACTGGAGGATTACTTGAGCTCAGGGTTTCGAAATCAGCTTGAGCAAGAGTGAGACCCCCATCTCTACAAAAATAGAAAAACTAGCCAGGTGTTGTGGTGGGCACCTGTAGTCCTAGCTATTTGGGAGGCTGAGGCCAGAGGACAGCTCAAGTCCGGGAGTTTGAGGTTGCTGTGAGTTGTGACAGCACAGATGTCTACAGAGGGTAACAAAGAAAGACTCTGTCTCAAAAATGAATGAATAAATAAGTAAATGAATAAATAAA","GGCCAGGTGCATTGGCTCATGCCTGTAATCCTAGCACTTTGGGAGGCTGAGGCAGGCAGATTGCTTGAGCCTGGGAGTTTGAGACCAGCCTGGGCAACATGGCAAAACTCTATCTCTACAAAAAATACAAAAATTAGCCTGGCGTGGTAGCGTGAGCCTGTAGTCCCAGCTACTGGGGAGGCTGAGGTTGGAGGATAGCTTGAGTCCGGGAGGTCGAGGCTGTAGTGAGCTGTGATCACACCACTGCACTCCAGCCTGAGAGACAGAGAGAGATCTTTTCCCAATAAATAAATAAGTAAGTAAATAAATAAATAAA"
"GL873521","2389393","2389473","chr1","36080957","36081040","20","33691564","TTGGGAGACTGAGGCAGGAGGATTCCTTGAAGCCAGGAGTTCAAGACCAGCCTGAACAGGAGTGAGACTCTGACCATATAA","CTTTGGGAGGCTGAGGCAGGGGGATTGCTTGAGCCCAGGAGTTCAAGACCAGCCTGGGCAATATAGCGAGACCCTCATCTCTAC"
"GL873521","2389498","2389674","chr1","31190959","31191130","48","28801461","CCCCAGAAAAACAGAAAAATTAGCCAGGTATGGTGGTATGGGTCTATAGTCCCAGCTGCTTGAAGGCCAAGGCAGGAGGATTACTTGAAGCCCAAGAGTTTAAGGCTACAGTGAACTATGACGATGTCACTGCACTCTAGCCCAGTTGACAGGGAATGAATCTGTTTCAAAAAAAAA","CACACACACACACAAAAATTAGCCAGTGTGGTGGTATACTCCTATAGTCCTAGCTGCTCGGGAGGCTGAGACAGGAAGGTCACTTGAGCCTAGCAATTTAATGCTGCAGTGAGCTATGATTGTGCCACTGCACTCCAGCCTGGGCAGCAGAGTGATACTCTGTTTCAAAAAA"
"GL873521","2550002","2550150","chr19","3288108","3288256","38","738106","CCCTCAGCTTTGCATGGTGATATGCACCTTTGGTCCCAGCTGCCTCAGGAGGTTGAGGCATGAGGATCCCTTGAGCCCACAGTTTGAAGCTGCAGTGGGCTATGATGGTGACACTACACTCTAGCCAGGGAGACAAAGTGAGGCTCTAT","AGTTAGCTGGGCATGGTGGTATGGGCCTGTGGTCCCAGCTACTCAGGAGGCTGAGGCAGGAGCATCTCTTGAGCCAAGGAGGTCGAGGCTGCAGTGAGCTGAGATTGCGCCACTGCACTCCAGCCTGGGTGACAGAGTGAGATCCTGTC"
"GL873521","2550422","2550560","chr7","34482046","34482189","32","31931624","CTGAGTGTGGTGGCCCCTGTCTGTAATCCCAGCCCTTTGGAAGGCTGAGAAGAGGATCACGTGAGGCCAGGAGGTTGAGAACAGTGTGGGCAACACAATGAGACCCATCTCTAAAACAAGTTTAAAAATCAGCTGGGCT","GGCTGGGCATGGTGGCTCATGCCTGTAATCCCAGCACTTTGGGAGGCTGAAGTGGGAGGACTGCTTGAGGCCAAGAGCTTGAGACCAGCCTGGGCAACATAGTGAGACTCCATCTCTACAAAAAGTTTAAAAATTAGCAAGGGT"
"GL873521","2565293","2565460","chr12","36177409","36177585","39","33612116","AACAATAAAAATTATCCAGATATGGTGGTGTGTGCCTGTAGTGCCAACAGCTAGGGAGGCTGAAGCAGGAAGATCGCTGGAGCCCATGAGTTTGAGATTGCAGTGAGCTGTGAGGCCACTGCGCTCTACCCTGGGTGAGAGAGTAAGACCCTGTCTTGAAAAAACAAA","TAAAAAATTAAAAAATTAGCCAGATGTGGTGGTGCGTGGCTGTGGTCCCAACTACTCTGGAGGCTGAAATGGAAGGATTACTTGAGCCCATGAGGTTGAGGCTGCAGTGAGCTGTGACTGAGCCACTGCACTCCAGCCTGGGTGACAGAGTGAGACCCTGTTTCAAAAAAAAAAGAA"
"GL873521","2565490","2565601","chr12","111694807","111694920","25","109129317","CCAGATACAGTGGCTTACACCTGTTATCCTAGCACTTGGGAGGCCAAAATGAGAGGCTTGCTTAAGTCCAGGAGTTTGAAACCAACCTGTGCATGAGCAAGACCCCATCTCT","GGCCAGGTACAGTGGCTCACACCTATAATCTCAGCACTTGGGAGGCCAAGGTGGGAGGATCACTTGAGTCCAGGAGATTGAGACCAGCCTGGCAACATAGCAAGACCCTATCTC"
"GL873521","3217868","3218143","chr10","9473915","9474197","72","6256047","GGCTGGGTGCAGTGGCTCATGCCTATAATTTTAGCATTCTGGGAGGCCTGAATAGGAGGATCCCTTGAGCTCAGGAGTTTACCAGCCCAAGCAAGAGTGAGACCCCATTTCAACTATAAATAGAAAAACTAGCTGGACGTGGTAGCGTCTGCTTGTATCCTAGCTACTGAGGTGGCTGAAGTAGGAGGATCATTTGAGCCCAAGATTTGGTGATAGCAGTGAGCTAGGCTCATACCATAGCACTCTAGCCTGGGCAGCAAAGTGAGACTATCTCAA","GGCTGGGTGCAGTGGCTCACACCTGTAACTTTAGCACTTTGGGAAATCAAGGAAGGTGGATCACTTGAGCCTAGGAGTTTGAGACCTGGACAACGTAGTGAGACCCCATTTCTACAAAATAAAACAAAAACTAGCTGGGCATGGTGGCATGCTCCTATAGTCCCAGCTACTCAGGGGCCTGAGGTGGGAGGATCGTTTGAGCCCAGGAGGTGGAGGTTGCCGTAAGCCAAGATCATGCCACTACACTGCAGCCTGGGAGACAGAGTGAGACCCTGTCTCAAAA"
"GL873521","3218164","3218191","chrX","137081199","137081225","4","133863035","AAAAAAAAAAAAAGGAAGAAGAAGAAAA","AAAAAAAAAAAAAAAAAGGAAAGAAAA"
"GL873521","3495930","3496043","chr1","9156973","9157091","28","5661043","GACCAGGCCCAGTGGCTCACTCCTATAATCCCAGCACTCTGAGAGGCCAAGGCAGGAGTTTGAGACCAGCTTGAGCAAAAGCAATACCCTATCTATAAAAAAAATAGCCAGGCT","GGCTGGGTGAGGTGGCCTCACGCCTGTAATCCCAGCACTTTGGGAGGCCAAGGCAGGAGTTTGAGACCAGCCTGGGCAATACAGTGAGACCCCATCTCCAAAAAAAAAATTAGTGGGGC"
"GL873521","3496294","3496455","chr4","75562087","75562252","37","72065793","TAGCCAGACATGGTGGCAGGTTCCTGTACTCCCAGCTACTTAGAGGCTGAAGCAAGAGGATAGCTTGAGACCAAGAGTCTGGAGGTTGCCATAAACTATGATGCCATAGCACTCTACCCACGGTGACAGAGTGAGATTCTGTCTCAAGAATAAATAAATAAA","TTAGCTGGGTGTGGTGGCATGCACCTGTAGTCCCAGCTACTTAGGAGGCTGAGGCAAGAGGATCACTTTAGCCCAGGAGGTGGAGGTTGCAGTGAGCTGAAATCATACCACTGCACTCCAGCCAGGGTGACAGAGTGAGACCTTGTCTCAAAAATAAATAAATAAA"
"GL873521","3515961","3516093","chr1","109402188","109402317","37","105886227","CTGGGCACAGTAGTATGTTCTTGTAATCCCAGTTTGGGAATGGGAGGCTGAAGCAGGAGGATCTCTTGCACCTAGGAGTTCAAGTCCAGCCTGGGCCACTTAGGTAAACACTCCTATACACACAATAAATAAA","GGCTGGGACGGTGGCTCATGCCTGTAATCCCACACTTTGGGAGGCTGAGCTGGCAGATTGCTTGAGCCTAGGAGTTCAAGACCAGCCTGGGCAACATGGTGAAACCCCACCTTTACAAAAAATAAATAAA"
"GL873521","3526495","3526609","chr6","8494714","8494833","23","4968219","GGGTGTGGTGGCTCATGCCCATAATCACAACACTTTGGGAGGTGAGGCAAAATGGTCACTTGAGACTAGGAGTTCAAGATCAGCCTGGGCAACATAGCAAGACTCTGGGTCCACA","GGCCAGGTGTGGTGGCTCATGCCTGTAATCCCAACATTTTGGGAGGCTGAAGCAGAGAGGTTGCTTGAGACCAGGAGTTCAAGACCAGCCTGGGCAACATAGCAAGACCCTCTCTCTACC"
"GL873521","3526643","3526661","chr3","50246504","50246521","6","46719861","TTAAAAAACAAACATTTGC","AAAAAAAAAAAAAATTTT"
"GL873521","3544998","3545149","chr5","35290577","35290728","43","31745579","AGCCCAACAAAATGAGGGGGGCATTGTGGTGGACGCCTGTAGTCCCAGTCACTCAGAAGGCTGAGACAAGGGAATCGCTTGAGTCCAAGATTTGAGGTTGCTGTGAGCTATGATGGCACAGCACTCGACCCAGGGCAACAGAGTGAGACTCT","ATAGAAAAACTAGCCAGCATGGTGGCTCACGCCTGTAGTCCCAACTACTCAGAAGGCTGAGGCAGGAGGATCGATTGAGCCTGGGAGGTCAAGGCTGCAGAGAGCCATGATTGTGCCACTGCACTCTAGCTTGGGCAACAGAGTGAGACTCT"
"GL873521","3545179","3545299","chr8","123644856","123644976","23","120099677","GGCCAGGGTGCAGTGGCTCATGCCTGTAATCCTAGCACTCTGGAAGGCTGAGGCGGGTGGATTGCTTGAGCTCAGGAGTCGGAGGTCAGCCTGAGCAAGAGAAGGATCCCATCTCTACTGA","GGTTGGGTGCAGTGGCTCATGACTGTAATCCCAGCACTTTGGGAGGCTGAAGCAGGTGGATTGCTTGAGCCCAGGAGTTGGAGATCAGCCTGGGCAACATAGTAAGACCCTGTCTCTACAA"
"GL873521","3553893","3554058","chr11","78192954","78193119","45","74639061","AATACTGACCAGGTGTAGTGAGTGGTGCATGCCTATAGTCTCAGTTACTTGGAAGGTTGAGGCAAAAGGATTGCTCAAACACAAGAGTTTTAGGTTGCTGTGAACTATGATGCTACAGCACTCTACCAGGGCAACAGAGTAAGACTGTGTCTCAACAACAAACAAA","ATTAGCCAGGCATGTTGGTGCATGCCTATAGTCCTAGCTACTTGGAAGGCTGAGGCATGAGGATGTACTGAGCCCAAGAGTTCCAGGTTAGAGTGAGCTATGATCATGTCACTGCACTCTAGCCTGGGCAACATAGCAAGACCCTGTCTCTAAAACAAAGCAAAAA"
"GL873521","3554086","3554201","chr1","91242641","91242760","22","87688555","GGGTGCAGTGGCTCACGCCTATAATCCTAACACTCTGGGAGGCCAAGGTAGGTGGATCACTTGAGTTTGAGGAGTTTGAGACCAGCCTGAGCAAGAGAAAGACCCCATCTCTACTA","GCCAGGCGCAGTGGCTCACACCTATAATCCCAACACTTTGGGAGGCCAAGGCAGGAGAATCACTTGAGGCCAGGAGTTTGAGACCAGCCTGAGCAACATAGCAAGACCTTGGCTCTACTA"
"GL873521","3593976","3594262","chr16","24608122","24608413","74","21014146","GGCTGGGCACAGTGGCTCACACCGGTAATCCCAGCACTCTGGGAGGCCGAGGCAGGTGGATTACCTGAGCTCACAGTTTCGAGACCAGCCTGAGCAAGAGTGAGACCCCCCCCCCAATCTCTAAAAATAGCTGGGCGTTATGGCCAGGTGCCTGTAATCCCAACTATTTGGGAGGGTGAGACATGAGAGTCAGTCACTTTGAGCCAAGAGTTTGAGGTTGCTGTGAGCTGTGTGCCACAGCATCCTACCGAGGGTGACAAATTGAGACTGTGTCTCACAAAAAAGAA","GGCCAGGCGCAGTGGCTCACACCTGTAATCCCAGCACTTTGGGAGGCTGAGGTGGGTGGATTACTTGAGCTCAGGAGTTTGAGACCAGCCTGGGCAATATAGTGAAACCCTATCTCTACCAAAAACACAAAAATCTAGCTGGGCATGGTGGCACGTGCCTGTAGTCCCAGCTACTCGGGAGGCTGAGGCAGGAGGATCACTTGAGCCTGGGAGGCAGAGGTTGCAGTGAGCCATGATTGCGCCAGTGCACTCCAACCTGGGTGACAGAACAAGACCCTGCCTCAAAAAAGAA"
"GL873521","3621527","3621631","chr8","21452005","21452106","29","17830478","TCACATTTATAATTCCAGCACTCTGGGAGGCCGAGGCAGGAGAAACCCTTGGGCTCAGGAATTCAGGGGCCAGCCTGAGCAAGAGCCAGGCCCAGTCTCTACTAA","CATGCCTATAATCCCAGCACTTTGAGAGGCTGAGGCAGGAGGATCGCCTGAGCCCAGGAGTTCGAGGCCAGCCTGGGCAACATAGCAAGACCCCATCTTTAA"
"GL873520","60838810","60839064","chr5","171848001","171848259","81","111009191","GGCTGAGAGTGGTGGCTTCTAACAGTCCGAGAGGTTGAGGCTTGAGCTCAGGAGTTACAGGTCAACCTGAGCAACCCCTGCCTACTAAAAATAGAAAAAATTAGCTGGGCATTGTGGTGAGTGCCTGTAGTCCTACCTACTGGGAGACTGAGGCAGGTGGATCTCTCAAATTCAGGAGTTTGAGGCTGTCGTGAACTACGACGCCACAGCACTCAGGCCTGAGCAACAGTGAGACTGTCTCACACACACAAGAAA","GGCCAGGCAAAGTGGCTCATGCCTGTAATCCCAGCACTTTGGGATCACTTGAGCCAGGAGTTCAAGACAACATGATGAAACCCCGTTTCTACCAAAAACACAAAAAAATTAGCTGGGCATGGTGGTGCACGCCTGTAGTCCCAGCTACTTGGGAGGCTGAGGCAGGAGGATCGCTTGAGCTCAGGAGGTCGAGGCTGCAGTGAGCACTGACTGTGCCACTGCACTCCAGCCTGGACAACAGATAGAGACCTCGTCTCAA"
"GL873520","60890558","60890822","chrX","9126809","9127055","74","51763749","AGAAGTTTGAGACCAGCCTGAGCAAGAATGAGACCTCATCTCTATAGACAAATAGAAAAATTAACCACTACAGGCATGGTGGTATGTGCCCATAGTCAAAGATACTCAGGAGGCTGAGGCAGGAGGATCACTTGAGCCCAGTAGTTAGAGGTTGCAGTGAGCTATGATGACATCCTAACACTCTAGCCAAGGCAACAGAGTGAGTGAGACTCTGTCTCAAAAATAAATAAATAAATAAATAAATAAAAGAAAAGAAAAAAAAGAA","ACCAGCCTGGGCAACATGGTGAGACCTCATTTCTACTAAAAATACAAAAAAATTATCTGGGTGTGATGGTACGTGCCTGTGGTCTTAGTTACTTGGGAGGCTGAGATGGGAGGATTGCTTGAGCCCAGGAGGTTGAGGCTGCAGTGAGCCATGATCACACCACTGGATTCTAGCCTGGGTGACAACAGTGAGACCCTGTCTCAAAAATAAATAAATAAATAAATAAATAAATAAATAAATAAATAAA"
"GL873520","60903513","60903710","chr8","38561134","38561339","57","22342379","GACCAGCCTGAGTAAGAGTGAGACCTTATCTCTAAAAAAATAGCTGGGAGTTATGGCAGGTGCCTGTAGTCCCAGCTACTTGGAAGGCTGAGGCAAGAGGATCACTGGAGCCCATGACTTTGAGGTTGTTGTGAGCTATCATGCCATGGCACTTTACCCTGGGTGATAAAGTAAGACACCATGAAAGAAAGAGAGAAA","CAGCCTGGGTAACGTGGTGAGACCACATCTCTAAAAAAATTAGCTGGGCTTGGCAGCACATACCTGTAGTCCCAGCTACTTGGGAGGCTGAGGCGGGAGCATCGCTTGAACCCAGGAGGTAGAGCCTGCAGTGAGCGAGACTGTATCTCTGCACTTCAGCCTGGGTGACAAAGTGAGACACCATCTTAAAAAAAAAGAAAGAAAGA"
"GL873520","60903994","60904078","chr19","44122957","44123041","20","16781037","CTGGGCACAGTGGCTCACACTTGTAATTCTAGCACTCTTCAAGGCCAAGCTAGGCGGATTGCCTGGGTTCAAGAGTTGGAGACCA","CTGGGCACAGTGGTTCATCCCTGTAACCCAGCACTTTGGGAGGCCAAGGTGGGAAGATTGCTTGAGCTCAAGAGTTTGAGACCAC"
"GL873520","61127875","61128124","chr12","40543558","40543815","61","20584317","AGGCCAAGGCAGGTGGATTACTTGAGCTCAGGAGTTTGAGACCAGATGGAGTAAGGGTGAGACCTCCATCTCTACTAAAAATAGAAAAACTAGCCAGGCATCATGGCAGGTGCCTGTAGTCCCAGCTACTTGGGAGGCTGAGGCAGAAGGATCACTTGAGCCCGGGGTTTGAGGTTGCTGTGAGTCAGGCTGATGTCACAACATTCTACCAGGGCAACACAGTAAGACTCTGTCTCAAAAAAAAAAAAAA","AGGCCAAGGCGGGTGGATCACTTGAGCTCAGGAGTTTGAGACCAGCCTGGGCAACATGGCGAAACTCCATCTCTACAAAAATTACAAAAATTAGCTGGGCATTGGTGGTGCACACCTGTGGTGCCAGCCACTCAGGAGGCTGAGGTGGGAGGACCTCTTAAGCCTGGGAGGCAGTGGTTGCAGTGAGCTGAGGTCATGACACTACTCCATTCCATCCTGGGCAACAGAGTGAGGCCCTGTCTCAAAAAAAAAAGAAAA"
"GL873520","61204249","61204420","chr6","117522072","117522244","43","56317823","GAGAAAAACTGACTGGGCATTGTGGAAGGTGTCTGTAGTCCCAGCTACTCGGGAGGCTGAACCAAGAGGACTGCTCAAGCTCAAGAGTTTGGAGTTGCTGTGAGCTATAATGATGCTACAGCACCCTGCCCAGGGTAACAGAGTAAGACTTTAGCTCAAAAAAAAAAAAAAA","TAAAAAAATTAGCCAGATGTGGTGGCATGTGCCTGTAGTTCCAGCTACTCGGGAGGCTGAGGCAGGAGGATTGCTTGAGCTCAGGAGTTCGAGGCTGCAGTGAGCTATAATTGTGCCACTGCACTCTAGCCTGGGTGACACAGTGAGACCTTGTCTTTAAAAAAAAAAAAAAA"
"GL873520","61204698","61204831","chr12","96301849","96301984","29","35097151","GGCCAAGCGTGGTGGCTCCTGTCTATAATCCTAGCACGCTGGAGGGCCAAGGCAGATGGATTCCTTGAGCTCAGGAGTTAAAGATCAGCCTGAGTAAGAATGAGACCTCCATCTCTACTAAAAAGAGAAAAACT","GGCCAAGCATGGTGGCTCCTGCCTATAATCCCAGCACTTTGGGATGCCAAAGCAGGCAGATTACTTGAGCTCAGGAGTTCAAGACCAGCCTGGGCAACATGGTGAGACCCCATCTCTATTTTAAAAAATAAAAAAA"
"GL873520","61310865","61311035","chr14","88541197","88541366","41","27230332","GCTGGGCATTGTGGAGGGCACCTGTAGTCCCAGCTACTTGGGAGGCTGAGACAAGAGGCTCACTTGAGCCCTGGAGCTGAAGGTTTCTGTGAGCTGTGACACCATGGCACTCTACCAAGGGCAACATAGTAAAACTCTGTCTCAAAAAAAAATAGAAGTAGAAAAAGAAAA","GCTGGGCATGGTGGCTTATGCCTATAATCCCAGTACTTTGGGAGGCTGAGGCAGGAGGATAACTTGAGCCCTGGAGTCAAGGTTGCAGTGAGCTGTGATGGCACCACTGCACTGCAGCCTGGGTGACAGAGCAAGAACCTGTCTCAAAAAAAAAAAAAAAAAAAAAAAAA"
"GL873520","61311320","61311450","chr7","72684162","72684298","31","11372842","CCAGGCGCGGTGGCTCACACCTATAATCCTAGCACTCTGGGAGGCCGAGACAGGTAGATTGTTGGAGGTCAGGAGTTTGAAACCAACCTGAGCCAGAGTGAGCCCCCATCTTTAAAAAAACTAGCTGGAGC","GCCAGGCATGGTGGCTCACACCTGTAATCCCAGCACTTTGGGAGGCTGAAGCAGGAAGACTGCTTGAGGCCAGGAGTTTGAGACCACCCTGCACCACATAGCGAGACCGCATCTCTACTAAGAAATTAGCTGGGCAT"
"GL873520","61632558","61632764","chr12","61622891","61623093","58","9667","GGCCAGGTGCAGTGGCTCACACCTGTAATTCTAGCACTCTGGGAAGCCAAGACAGGAGAATCCTTTGAGTTTGGGAGTTCAAGACCAGTCTGAGCAAGAGCAAGACCCCATCTCTATTAAAAGTAGAAAATATTAGCCACATGTCCTGGCTACTGAGAGCTACTCAGGAGCCTGAAGCAGGAGGATCATTTGCCTGGGCAGCAGAGG","GGCTGGGCATAGTGGCTCACACCTATAATCCCAGCATTTTGGGAGGCCGAGGTGGGAGAATCACTTGAGCCCAGGAGTTCGAGACCAGTCTGGGCAACATGGCAAGACCCTGTCTCTACAAAAATTAAAAAATTAGCCAAGTGTGGTGGCTGTGGTCCCAGCTACTCAGGAGGCTGTGGTGGGAGGATCTCCTGGGCCTGGGA"
"GL873520","62111475","62111518","chr11","2140149","2140197","13","59971326","CCTGTAATCTAAGTACTTTGGGAAGCCAAGTGGAAGGATCTTTC","CTTGTAATTCCAGCACTTTGGGAGGCCAAGGTGGGAGGATCACTTGAGC"
"GL873520","62111756","62112003","chr3","130809410","130809642","65","68697654","CTGGTGGAAGGATCTTTCTAATTGAGGCCAGAAGTTTGAGACCAGCCTAAGCAACATGGCAAGACCCTATAACCATGTAAAATAGAAAAATTAGCTGGGTGTGGTGGTGCACACCTGTAGTACCAGATACTCGAGAGGCTGAGGCAGGAGGTTTGCTGGAGCCCAGGAGTTTGAGGTTACAGTGAGCTATAATGACACCACCACACCTTAACTCAGGCAAAAGAGCAAGACCCTTTCTCAAAAGAAAA","CCGGAGAGGGTAGATTTCTTGAGCCCAGGAGTTCAAGACCATCCTAGGCAACATGGCTACAAAAAATAGAAAAATTAGCTGGGCATGGTGGTGTGCACCTGTGGTCCCAGGTACTCAGGAGGCTGAGGTGGGAGGATTGCTTGAGCCTGGGAGGTTGAGGCTGCAGTGAGCCATGATTGCACCACTGCACTCCAGCCTGGGCAACAGAGCAAGACCCTGTCTCAAAAAAGAAA"
"GL873520","62249107","62249260","chr10","17058131","17058282","38","45190976","ACAATTAGACAGGTGTAGTGGCACAAGCCTATAGTCCCGCTACTCGGAAGGCTGAGGCAGGAGGATCACTCGAGCCCAAGAGTTGGAGGTCACTGTGAGCTATGACACCATGACATTCTCCCCAGGGTAACAGAATGAGATTCTGTCTCAAAAA","AAAAATTAGGCATGGTGGCATGTGCTTGTGCCAGCTACTCAGGAGGCTGAGGCAGGAGGATCACTTGAGCTCAAGAGGTGGAGGCTACAGTGAGCCATGATTGCACCACTGCACTCCAGCCTGGGCAACAGAGTGAGACCCTGTCTCAAAAA"
"GL873520","62249287","62249403","chr22","16925544","16925667","25","45323743","GGCTGGGCGTGGTGGCTCACATTGTAAATTCTAGCACTCTGAGAGGCCGAGGTGGGTGGATTGCTTGAGGCTAGGAGTTAGAGACCTGAGCAAGAGTGAGACTCTGTCTCTGCTAAA","GACTGGGCATGGTGGCTCACACCTGGAATCCCAGCACTTTGGGAGGCCAAGGTGGGTGGTTTGCTTGAGCCCAGGAGTTCGAGAGCAGCCTGGGCAATATTGTGAGACTCTGTCTCTACAAAAT"
"GL873520","62409859","62410146","chr6","37880818","37881108","74","24529041","GACTAGGTGCAGTGGCTCACACCTATAATCCTAGCACTGTGGAAGGCCAAGGCAGGTGGATTAGTTAAGCTCAGGAGTTTGAGACCAGCCTGAGCAAGAGTGAAACTCCATCTCTGCTACAAATAGAAAAACCAGCTAGGCAGAGTGACATGCTCCTGCAATTCCAGGTACTTGGAAGACTGAGGTAAGAGGATCATTCAAGCCCAGAATGAGAGGATGCTGTGAGCTATGATGCCACAGCACCCAGTGAGGCTATCTCAAAAAAAAAAAAAAAAAAAAAGAAAGAAA","GGCCAGGCGCAGTGGCTCACACCTGTAATCCTGGCACTTTGGGAGGCTGAGGCGGGTGGATTGCTCGAGCTCAGGAGTTCAAGATCAGCCTGGGCAACATGGTGAAATCCCATCTCTACAAAAAATACAAAAAATTAGCTGGGTGTGGTGGCACATGCCTGTGGTCCCAGCTACTTGGGAGGCTGAGGTAAGAGGATTACCTGAGCCCAGAAGGCCAAGGCTACAGTGAGCCGTGATCATGCCACTGCACGCCAGCCTTTTTCAAAAAAAAAAAAAAAAAAAAAAGACAAA"
"GL873520","63481106","63481324","chr10","7622016","7622239","66","55859090","GAAAACAGTCTGAGATGAGCCTGAGTAAGAACAAGACCCCGTCTCTACTAAAAATAGAAAAACTAGCTAGTGTGTTGGTGGATCCCTGTCATCCCAGGTACTTGGGAGGTTGAGGCAGGACCACTGGAGCCCAAGAGTTTGAGGTTGCTGTGAGCTATCACACTACAGCACTCTACTGAGGGTAACAAAATGAGACACTGTCTCATGAGAAAAAAGAAA","CAGGAGTTTGAGATCAGCCTGAGCAACATGGCAAAATCCCATCTCTACTAAAAATACAAAAATAAGCTGGGTGTGGTGGTGTGCTCCTGCAGACCCAGATACTCGGGAGGCTGAGATGGAAGGATCTCTTGAGCCTGGAAGTTTGAGGCTGTAGTGAGCTGTGATCATACCACTGTACTCCAGCCAGGGTGACACAGCAAGACCCTGTCTCAAAACAAAAAAAA"
"GL873520","63481596","63481682","chr3","39920305","39920389","13","23561291","GGCCAGGCACAGTGGCTCACACCTATAATCCTAGCACTCTGGGAGGCTGAGGCAGGCAGATTGCTTGAGCTCAAGAGTCTGAGACGA","GGCTGGGCACAGTGGTTCATGCCTATAATCCTAGCACTTTGGGAGGCTGAGGCAGACAGATTGCTTGAGACCAGGAGTTTGAGAC"
"GL873520","63984607","63984688","chr22","40046115","40046198","21","23938492","GGCTCATGTCTGTAATCCTAGTAGTTTGGGAGGTTGAGATAGGAGGATAGTGTAAGGCCAGGATTTTAAGAACAGTCTGAGT","GTGGCTCATGCCTGTCATCCCATCACTTTAGGAGGCTGAGGTGGGAGGATCACTTGAGACCAGGAGTTTAAGACCAGCCTGAGA"
"GL873520","63984964","63985013","chr12","123527171","123527211","18","59542207","AAAGAAGAGACTGAGCAACACAGTGAGATTATATAGCAAAATAATAATAA","AATTAAAAAATTTAAAAAGTGAATGAGATAAAAAAAAAAAA"
"GL873520","63985042","63985199","chr10","96290088","96290255","47","32305046","AAAAGAAAAAAATTAGCGAGGCATAGTAGCACATGGCTATAGCTCCAGCTACTTGAGAGAGTGAGGCAGGAGTTTGTTTGAGCCTGGGAAGTCGAGGTTGCAGTGAGCCATAATGGTGCCACTGCACTGTAAAACAGCAAGAGACCACCCCTCAAAAA","CAAAAAATACAACAATTAGCTAGGCATGGTGGCACATGCCTGTAGTCCCAACTATTTGAGAGGCTGAGGTGGGAAGATTGCTTTAGCCCCCGAAGTTGAGGCTCCAGTGAGCCAAGATTGTGCCACTGCACTTGAATCTGGGTGACAGAGCAAGACCCTGTCTCAAAA"
"GL873520","64280098","64280238","chr14","74041742","74041876","35","9761644","TAATCCTAGCATTTTGAGAGGCCAAGGAAGGAGGATCATTGGGCCCAGAAGATTGAGGCTGCAGTGAGCTGGGATTGCAGCATCATGGCATGTCTCCAGCCTGGGCAACAGTCTGAGATCCTGTCTTTAAAAAAAAAAAAA","GTCCCAGCTACTTGGAAGGCTGAGGCAGGAGGATCACTTGAGCCTGGGAGGCTGAGGCTGCAGTGAGTTGAGATCACACCACTGCACTCCAGCCTGGGCAACAGAGTGAGACCCTGTCTAAAAAAAAAAAAAAAA"
"GL873520","64390458","64390731","chr9","129896598","129896884","83","65506140","GCTAGGCCTGGTGGCTTGTGTCTGTAATCTTAGCACTCTAGAAAGATAAGGCAGGTAGGTAGATTTCCTGAACCCAGGAGTTCAAGACCTGCCCGAGCAAGAGGGAGACCTCACCTCTATTAAAAATAGAAAAACTAGCAGATCTGGCAGGTGCCTTTAGCCCCAGCTATGTGGTAGGTTGAGGTAAGAGGGTCACCTGATCCCAAGAGTTTGAGGTTTCTGGAGCTATGATGCCATAGTACTCTAGACAGGGCAATAGAGCAAGACTGTCCCA","GCCAGGTGTGGTGGCTCATGCCTGTAATCCCAGCACTTTGGGAGGCTGAGGCGGGAGGACTGCTTGAACTCAGGAGTTCAAGACCAGCCTGGGCAAGATGGTGAGACCTCATTTCTACTAAAAAAAGGAAAAAAAAATAGCCAGGTGTAGTGGTGCATGCCTGTACTCCCAGCTACTGGGTAGGCTGAGATGGGAGGATTGCTTGAGCCCCAGAGATTGAGGCTGCAGTGAGCCATGTTTGTGCCACTGCACTCCAGCCTGGACAACAGAGCAAGACCCTGTCTCAA"
"GL873520","64390763","64390781","chr8","126405290","126405308","3","62014527","GAGACAAAAAACAAAAAAA","AAGCCAAAAAACACAAAAA"
"GL873520","64761525","64761688","chr10","19288424","19288579","45","45473101","TACTAAAATAAGCCGGGTGTTGTGGCAAGCTCCTGTAAATCCCAGCTGCTTGAGAAGCTGTGGCAAGAGAACTGCTTGAGCCCAAGAGTTTGAGGTTGCTGTGAGATGTGACGCTATGGCACTCCACCAAGCAAGGGCAACAAAGTGACACTCTGTCTCAAAAA","TTAGCCAGGTGTGGTGGTGTGCACCTGTGGTCCCAGCTTCTTGAGAGGCTAAGGCAAGAGGACTGCTTGAGCCTGAGAGTTCGAGGCTGCAGTGAGCCATGTTCACACCACTGGACTCCAGCCTGGGCAACAAAGTGAGACCCTGTCTCAAAAAAA"
"GL873520","64761718","64761830","chr21","23033355","23033468","26","41728363","GGATGGGCACGGTGACTCATGCCTGTAATCCTAGCACTCTGGGAGGCCGAGGCAGGCGGATTGCTTGGATTCACTGACAAGATCAGCCTGAGCAAGAGCACAGACCCCTTCTT","GGCCAGGCATAGTGGCTCATGCCTGTAATCCCAGCACTTTGGAAGGCCGAGGCAGGAGGATTGCTTGGAGCCCAGGAGTTCGAGACCAGCCTGAGCAGCATAGACCCCTATCTC"
"GL873520","65203840","65204008","chr6","16993982","16994146","52","48209858","AAAAATCACAATAAACCTGGGCATTGTGGGACACACTTGTGGTCCCAGCTACTTGGAAAGCTGAGGCAAGAGGATCCCTTGAGCCCAGTCCACCATTCAGGTCCAGAGGAAGAGGCACTGCCCTCCAGCCTGGGACTCTAGTGAGACCTCCTCTCTTAATAAAAAAGAA","AAAATAAAAAGTTAGCTGGCCATGGTGGCACACACCTGTGGTCCCAGCGACTCAGGAGGCTGAGGCACAAAGATTGCTGGAGCCTAGGAGGTTGAGGCTGCAGTGAACCACTGCACTCCAGCCTGGGTGACAGAGAGACCCTGTCTCTTAGAAAAGAAAAGAAAA"
"GL873520","65233615","65233893","chr12","113638468","113638747","72","48404853","GACTGGGCAAGGTGCCTCACCCTGGTAGCCTAGCACTCTGGGATGCCAGGATGTGTGGATTGTTTGAGCTCAGGAATTGCAGACCACCCTAAGTAGGAGTGAGATCCCATCTCTACTAAAACAGAAAAACTATCCAGGTGTCATGGCAGGCACTGATAGTCCCAGCTACTGGGGAGCCTGAGACAAGAGGATTGCTTGAGCCCAGGAGTTTGAGGTTGCTGTGAGGTATAATAACACCACAGCCCTCTAGCCTGGGCAACAGAGTGAGACTATGTCTCA","GGCCGGGTGCGGTGGCTGATGCCTGTAATCTCAGCACTCTGGGAGGCCAAGGTGGGAGGCTTGTTTGAGCCCAGGAATTCCAGCCCAGCCTGTGTAACACAGAGAGACCCCATCTCTACAAAAAATAATAAGATTAGCTGGGGGTAGTGGCATGTGTCTATAGTTCCAGCTACTCGGGAAGCTGAGGCAGGAGGATCACTTGAGCCCAGGAGGTTGAGGTTGCAGTGAGCTATGATCACTCCACTGCACTCCAGCCTGGGCAACAGAGCAAGACCCTGTC"
"GL873520","65233919","65233934","chr4","2195053","2195068","3","63038866","CCAAAACGAAAGAAAA","ACAAAACAAAACAAAA"
"GL873520","65359603","65359765","chr10","35735599","35735752","41","29624004","GTGGCTCATGCCTGTAATCCAGCACTCTGGGAGGTCAAGGCTAGATGATCACTTGATTGAGTCCAGGACGTCCAGGCTGCAGAGAGCTGTGACTCTGCCACTGTACTCCAGCCTGGGTGTAGCATGAGACCTTGTATCTAAAAACAAGCACCAAACAAAAAAA","GTGGCTCAAACCTGTAATCCCAGCACTTTGGGAGGCCAAGGCCAGAGGATCACTTGATCCCAGGAGGCTGACGCTGCAGTGAGCCGTGATCATGCCACCACACTCCAGCCTGAGCAACACAGTGAGACGTTGTCTCTAAAAAAGAAAAAGAAAA"
"GL873520","65811521","65811636","chrX","5419188","5419305","32","60392333","GTAGCAGTTACTTAGGTGGCTGAGGCAGGAGGATCACTTGAACCTAGGAGTTCACGGTTGTTGTGAGCTATTATGATGCCAGTGCACTCTCCCCCAGAGGGATAGAGTGAGACTCT","GTCCCAGCTACTCTGGGAGGCTGAAGTGGGAGGATCACTTGAGCCTGGGAAGTTGAGGCTGCAGTGAGGTATGATTGTGCCAGTGCACTCCAGCCTGGCTGAGAGAGTGAGTCTCCGT"
"GL873520","65812040","65812202","chrX","9218405","9218573","37","56593635","GACCAGGCACGGTAGCTCACTCCTGTAATCCTGGCACTCTGGGAGACTGAGGCAGGTGGATTGCTTGAGCTCGGGAGTTGGAGATCAGCCTGAGCAAGAGCAAGACCCCATCTCTACTAAAAATAGAAAAACTAGCTGGGCTTTGTGCAGTCACCTGTAGTTA","GGCCAGGCGCAGTGCCTCACACCTGTAATCCCAGCACTTTGGGAGGCCGAGGCGGGTGGATCACTTGAGCTCAGGAGTTTGAGACCAGCCTGAGCAACATGGCAAAACCTCACCTCTACAAAAAAAATACAAAAATTAACCAGGCATGGTGGCAGGCACCTGTAGTCTC"
"GL873520","65944653","65944944","chr7","133126957","133127257","74","67182304","GGCCAGGCACAGTGGCTGACACCTATAACCCTAGCATTCTAGGATGCCAAAGCAGGTGGACTGCTTGAGCTCAGGAGTTTGAGACCAGACTGAGCAAGAGTGATTCCAGAACTCTACAAGAAGTAGAAAAATTAGCTAGGCATGGTGGCTCATGCCTATAGTCCCAGCTACACTGTAGGAGGCTAAGGCAGGATAGCTTGAGCCCTGCCTGTGGCTTGCTGTGAGCTGTGACACCAGGGCACTCTACCCAAGATGACAGAGGGACACTCAGTCTCAAAAAAAGAAAAAAAAA","GACCAGGCACAGTGGCTCACACCTGTAATCCCAGCACTTTGGGAGGCCAAGGCAGGTGGAATGCTTGAGTCCAGAAGTTCCAGACCAGCCTGGGCAACATGGTGAAACCCTGTCTCTACAAAAAATACAAAAATTAGCTGGGCATGGTGGCACATGCGTGTAGTCCCAGCTACTCAGGAGGCTGAGGCAGGAGGATTGCTTGTGGCCAGAAGGTTGAGGCTGCAGTGAGCCAAGATTGCACCACTGCACTCCAGCCTGGGTGACAGAGTGAGACCCTGTCTCAAAAAATAAAAAATAAAAA"
"GL873520","66312570","66312862","chr6","39411163","39411467","78","26901407","GGGCCGGTGGCTCTGCCTGTAATCCCAGCACTTGAGAGGCCAAGGTGGGTGGATTGCTTGAGCTCACAGGTTTGAGACCAGCCTGAGTCAGAGAGACACTTTATCTCTAAAAATAGATGGGTGTTGTGATGAGTGCCTGTAGTCCCAGCTACTTGAGAGACTGAGGCAAGAGAATCATTTAAGCCCAGGAATTTGAGGCTGTTGTGAGCTATGATGCCATGGCACTCTACTAAGGGTGACAAAGTGGTACTCTCTCTCAAAATAAATAAATAAATAAATAAATAAGAAGAAAA","CTGGGCGCGGTGGCTCACAGCTGTAATCCCGCATTTTGGGAGGCCAAGGTGGGCAGATTGCTTGAGCTCAGGAGTTTGAGACCAGCTATAGTCAACGTGGAGAAACCCCGTTTCTACAGAAATTAGCCAGGTGTAGTGGTGAGTGCCTGTAGTCCCAGCTACTTGGGAGGCTGAGGTGGGAGGATGACTTGAACCTGGAAGGTTGAGTTTGCACTGAGCCAAGATGGCAACACTGCACTCCAGCTGGGGCGACAGAGTGAGACCCTGTCTCAAAATAAATAAATAAGTAAATAAAAATAAATAAA"
"GL873520","66697774","66697947","chr12","66258613","66258792","41","439161","AAAAATAGAAAAACTAGCTGGGCATCATGGCAGATGCCCATAGTCCCAGGTAGTCTGGAGGCTCAGGCAGGAGGATCACTTGAGCCCAGGAGATTGAAGTTGCTGTGAGGTGTGATGCCATAGCACTCTATCCTAGGGCAACAAAGCGAGACTCTGTCTCAAAAAAAAAAAAAA","AAAAAACAAAAATTAGCCAGGCATGGTGGTACATGCCTGTAGCCCCAGCTATTCTGGTGGCTGAGGCAGGAGGATTGCTTGAGCCCAGGAGGTTGAAGCTGCTGTGAGCCGTGATTGGACCACTGCACTCCAGCCTGGGGGACAGAGTGAAACTGTGTCTCAAAAAAAAAAAAAAAAAAA"
"GL873520","66905740","66906006","chr1","109854612","109854879","75","42948872","CTGGTTGCAGGGGCTCATGTGACATGTAATCCTACCACTCTGGGAGGCCAAGGCGGGAGGATCACATAAGCTCAGGTATTTGAGACCAGCCTATAAGAGTGAGACTCTGTCTCTATTAAAACTAGAAAAGTTAGCTAGACATTGTGGTGGGCACTTGTAGTCCCAGCTACTCAGAAGGCTGAGGCAAGAGGATCCCCTGAGCCTGAGAGTTTGAGGTTGCTGTGCTGCCCAGGGCACAGAGGTAGCCTCTGTCTCAAAAAGAATAAA","GACTGGGTGCAGTGGCTGACACCTGTAATCCCAGCACTTTGGGAGGCCAAGGTGGGCAGATCACTTGAGCTCAGGGGTTTGAGACCAGCCTGGGCAACATGGTGAAACCCCATCTCTACTAAAAATACAAAAATTAGCTGGGCATGATGGTGTGCCCCTGTGGTCCCAGCTACTTGGGAGGCTAAGGTAGGAGGACCATTTGAACCCAGGAGGTTGAGGTTGCAGTGAGCCATGATGGCACCAGAGTAAGACCCTGTCTCACAAAAAA"
"GL873520","67860832","67861100","chr1","76509011","76509296","71","8648179","GGGCATGGTGGCTTATCCTATACTCAATCCTAGCACTCTGGGAGGCCAGGCAGGAGGATCTCTTGAGCTTGGGAGTTTGAGATTAGACTAAGCAAGAGTGAAATCCTGTCTCTACTAAAAAAGAAAAATTAGCCAAGTGTTGTAGTGGGCACCTGTAGTCCCAGCTACTCAAGAGGCTGAGGCAGGAGGATTGCTTGAGCCCCGAAGTTTGAGGTTGCTATGAGCTGGGCACTCTATTCTGGGCAACAGAATGAGATTCTGTCTCAAAA","CCAGGTGTGGTGGCTTACACCTATAATCCCAGCACTTTGGGAGGCCAAGGCAGGAGATCACTTGAGCTTAGGAGTTTGAGACCAGCCTTGGCAACACAGTGAGACCCTGTCTCTACAAAAAATACAAAAATCAGCCATGTGGGATGGTGCCCACCTGTAGTCCCAGCTACTCAGGAGGCTGAGGTGGGAGGATGGCTTGAGCCAGGGAGATAGAAGTTGCAGTGAGCCAAGATTGTGCCACTGCTTTTCAGCCTGGGCAACAAAGTCAGACTCTGTCTCAAAAAAA"
"GL873520","69062088","69062263","chr7","70866847","70867027","48","1804759","TTAAAAAAAAAAAAAATAGAAAGACTGGCTAGACGTTCTGGCTGGTGTCTGTAGTCCCAGCTACTAGGGAGGCTAAGGCAAAAGAATCACTTAAGCCCAAGAGTTTGAGGTTGCTGTGAGCTATGATGGCACAGCACTTTACCAAGGGTGACAAAGTGAGACTCTGTCTCTAAAAA","CTTATTTAAAAAAAAAAAAATAGCTGGGCATGGCCATGGTGGCACATGCCTGTAGTCCCAGCTACTCGGGAGACTGAGGCAAGAGGATCCCTTGAGCCCAGAAATTGGAGGAGGCAGTGAGCTATGATTGTGCCACTGCACTCCATCCTGGGTGACAAAGCAAGACTCCATCTCAAAAAAA"
"GL873520","69062538","69062668","chr13","30541906","30542038","27","38520632","GGCTGGGTGTGGTGGGTCACACCTATAATCCTAGCACTCTGAGAGGCTGAGGTGGGTGGATTGCCTGAGCTCAGAGTTTGAGACCAGCCTAAGCAAGAATGAGACACATCTCTATTAAAAATAGAAAGACT","GGCTGGGTGCGGTGACTCACACCTATAATCCCAACACTTTGGTAGGCTGAGGTGGGTGGATTGATTGAGCCCAGAAGTTTGAGACCAGCCTGGGCAAAATGGTGCAACCCCATCTCTACAAAAAATACAAAAA"
"GL873520","69122097","69122374","chr2B","205101704","205101992","75","135979607","GGGTGGGAGCAGTGACTCATGCCTGTAACCTTAACACTCTGGGAGGTCAAGATGGGTAGATCACCTGAGTTCAGGAGTTCGAAACCAGTTTGAGCAAGAGCAAGACCCCATCTCTACTATAAATAGAAAAACTATCCGGTGTTGTAGTGGGTGCCTGTAGGCCCAACTACTTGGGAAGCTGAGGCAAAAGGATCACATGAGTCCAGGAGTTTGAGGTTGCTGTGAGCTATAATGCCAGGACACTCTACCCAGGACGTCAGAGTGAGAGAGTCTCAAAA","GGCTGGGCACAGTCACTCATGCCTGTAATCCCAGCACTTTGGGAGGCTGAGGTGGGTGGATCCCTTGAGTCCAGGAGTTCGAGAGCAGCCTGGGCAACAGGGCGAAACCCTGTCTCTACTAAAAGTACTAAAATTAGCCAGGTGTGGTTGCATGTGCCTGTAGTCCCAGCTACTAGGGAAGCTGAAGTGGGAGGATCACTTGAGCCCAGGAGGTGGAGGCTGCAGTGAGCTGTGATCATGCCACTGGCACTCCAGCCTGGATGACAGAGTAAGACCCTATCTCAAAAAA"
"GL873520","69132087","69132220","chr5","89100215","89100340","36","19968128","GCTGGACACGGTAGCTCATGATTGTAATCCTAATACTTTGGGAGGCTGAGGCAGGTGGATTGATTGCCTGAGCTCACAGGTTCAAGATCAGCCTGAACCAGAGAGAGACCCCCTCGTCTAAAAATAACTGATTG","GGTTGGGAGCCGTGGCTCATGACTGTAATCCCATAACTTTGGGAGACAGAGGCAGGAAGATTGCCTGAGCTCACAAGTTCAAGACCAGCCAGAACAATGCGGTGAAACCCCATCTCTACAAAAAAT"
"GL873520","69132506","69132665","chr1","54558782","54558941","40","14573724","AAAAAAAAAGCTAGGTATCGTGGCTGGCACCTGTAGTCCCAGCTACTTGGGAGGCTGAGGCAAAAGAATCACCTGAGCCCAGGAGTTAGAGGTTGCTGTGAGCTATGACGCCATGGCACTCTATCAAAGGTGATAGAGTTAGACTCTGTTTCAAAAAAAA","AGAATTGACTGGGTATGGTGGCACATGCCTACAGTCCCAGCTACCTGGGAGGCTGAGGCAAGAGGATCGTGTGTGCCCAGGAGTTCGAGGCTGCAGTGAGCTATGATCACGCCATTGCACTCAGCCTGGATGATAGAGTAAGACCCTGTCCCTAAAAAAA"
"GL873520","69353400","69353535","chr4","62502184","62502318","29","6851216","GGCTGGGCATAGTGGTTCATGCCTGTAGTTCTATCTCTCTGGGAGGCTGAGGCGGGTGGATTGCTTGAGCTCGGGAGTTCAAGACCAATCTGAGCAAGAGTGAGACCCCATTTCTATTTTAAAAAAGTAGAAAAGT","GGCTGGGCATGGTGGCTCATGCCTGTAATTCTAGCACTTTGGGAGGCTGAGACGGGTGGATTGCTTGAGCCCAGGAGTTCAAAACCAGCCTGGGCAACAATGTGAAACCCTGTCTCCACAAAAAATACAAACATT"
"GL873520","69353815","69353988","chr10","56775428","56775612","44","12578387","CTAGCTAGGCATTGTGGGCACCTGTAGTCTTAGCTACTTGGGAGACTGAGGCAAGAGGATTGCTTCAGTCTAAGAGTTTGAGGTTGTTGTCAGCTGACACCACAGTGCTCTAGCCCAGGCAATAGAATGAGACTCTGTCTCAGAAATAAATAAATAAATAAATAATAAAATAAA","TTAGCCAGTTGTGGTGGTGCACAGCTGTAGTCCTAACTACTTGGGAGACTGAAGCAGGAGGATTGCTTGAGCCCAAGAGTTTGAGACTGCAGCAAGCTATGATTGTGCCACTGCGCTCCAGCCTGGGCAACAGAGGAAGACTCTGTCTCTATAAATAAATAAATAAATAAATAAATAAATAAATA"
"GL873520","69844761","69844932","chr10","90868422","90868591","50","21023661","TACACAAATTAGCTGAGCACAGTGGCTCCTGCTAATAGTCTTAGCTACTCAGGAGGCTGAGACAGGAGGATTGCTTGAGGCCAAGAGTTTGAGGCTGTCGTGTACAATGATCACATTAATGAATAGCCACTGCCCTCCAGCCTGGACAATGTAGCAAGGGGTTATCTCCAAA","AAAATGTAAAATTTGGCCAAGCAAAGGTGGCATACATGCCTGTAGTCCCAGCTATTCAGGAGGCTGAGGCAGGAGGACTGCTTGAGCCCAGGAGTTTGAGGCTGTAGTGGGCTGCGATCATACCAGTGAATAGCTACTGCACTCCAGCCTGGACAACATAGCAGAAACCC"
"GL873520","70264235","70264511","chr1","28750736","28751025","63","41513499","GGTGTGGTGGCTCACGCCTATAATCCTAGCTCTCTAGGAGGCTGAAGCAGATGGATTGCTTGAGCTCAGGCATTGGAGACCAGCCTGAGCAAGAGCAAGACCCTGTCTCTAAAAAAACTAGCTGGGTGTTGTGGCAGGCACCTGTAGTCCTAGCTACTTGGGAGGCTGAGGTAGGAGAATCACTTGAGCCCAGGAGTCTGAGATTGCCGTGAGCTGTGATGCCACAGCTCTCTACCGAGGGCAACAAAATGAGACTCTGTCTCAAAGAAGAGAAAAA","GGTGTGGTGGCTCACGCCTATAATCCCAGCACTTTGGGAGGCTGAGCCAGGTGGATTGCTTGAGCACAGGAGTTTGAGACCAGCCTGCACAATATGGCAAAACCCTGTCTCTACAAAAACTACATATATTAGCCAGGTGTGGTGGTATGTGCCTGTAGTCCCAGCTACTTGGGAGACTGAGGCAGGAGGATCAATTGAGCCCAGGTGGTTGAGGCTGCAGTGAGCTGTGACTGCATCACTGCACTCTAGCCTGGACGACAGAGCAAGACCCTGTCTCCAAAAAAAAAAAA"
"GL873520","70264772","70264787","chr1","172062035","172062048","2","101797263","AATAAAATAAATAAAA","AAAAAATAAAAAAA"
"GL873520","70431995","70432168","chr7","119029682","119029843","46","48597687","GGGGCATGGTGGCGCGTGCCTATAGTGTTAGCTACTCAGGAGGCTGAGGCAGGAGGATCACTTGAACCAGAAATTCAAGGTTACAGTGAGCTGTGACACACCACTCCAACCACTCCAGCCTGGAGGATAGGAGGATAGAGCAAGACACCATCTCTAAGTAGAGAAAAGAAAAAA","TAGCTAGGCATGGTGGTGTGTGTCTGTAGCCCTAGCTACTCAGTAGGCTAAGGCAGGAGGATCACTTGAGCCCAAGTTCAAGGTTACAGTGAGCTATGATTGTGCCACTGCACTCCAGCCCACGTGATAGAGCAAGACTCTATCTCTTAAAGAAAAAAAAAA"
"GL873520","70432195","70432319","chr7","55380099","55380223","24","15052096","GGTCAGGTTACAGTGGCTCATGCCTGTAACTCCAGTGCTTTGGGAGGCCAAGGTGGAAGGATCACTTGAGCCCAGAAGTTTGGGACCATCCTGAGCAACATAACCAGATCCTAACTCTAATAAGA","GGTCAGGCACAGTGGCTCATGCCTGTAATCCCAGCACGTTGGGAGGCCAAGGCAGGAGGATCACTTGAGCCCAGGAGTTTGCGACCAGCTTGGGCAACATGGTGAGACCCTATCTCTACAAAGAA"
"GL873520","70561444","70561605","chr17","5354151","5354316","34","65207293","AATTAGCCAGGCATGGTGGCTCAGGCTTGTAGTCCTAGCTATTCAGGAGGCTGAGGCAAGAGAATCACTTGAGCCTAGAAGTTTGAGGTTGCTGTGAGCTATGACGCCATGGCACCCTACCCAGGGTGACTGAGTGAGACTGTCTCAAAAAAAAAAAAAAAA","TTAGCCAGGCATGGTGGTACATGCTTGTAGTCCCAGCTACTTGGGAGGCTGAGGTGGGAGAATCCCTTGAGCCCAGGAGTTTGAGGTTGCAGTGAGCTATGATTGTGCCACTCTGCATGCCAAGTCTGGGTGACAGTGAAACTGTCTCAAAAGAAAAAAAAGAAAA"
"GL873520","70561626","70561754","chr5","38564696","38564817","26","31996930","GGCTGGGTGCAGTGGCTGATGCCTGAAATCCTAGCATTCTGGCAAGCTGAGGTGGCAGGTGGATTGCTTGAGCTCAGGAGTTTGAGACCAGCCTGACCAAGAGCAAGACCCTGTCTCTACTAAAAATAA","GGCTGGGTGCAGTGGCTCATGCCTATAATCCTAACATTTTGGGAAGCTGAGGTGGGTGGATCGCTTGAGCCCAGAAGTTTGAGACCAGCTTGGGCAACATAGTGAGACCCTGTCTCTATAAA"
"GL873520","70984973","70985269","chr19","61169515","61169813","69","9815458","GCACAGAGGCTCATACCTATAATCCTAGCACTCTGAGAGGCCGAGGTTGGTGGATCACCTAAGCTCAGGAGTTTGAGACCAGCATGAGCAAGAATGAGACCCTATCTCTACTAAAAATAGAAAAACTAGCCAGATGTTGTGGTGGGTGCCTGTAGTCCCAGATACTTAGGAGGCTGAGGCAGGAGGATGGCTTCAGCCCAAGAGACTGAGGTTGCTATGAGCTGTGAAGCCATGGCACTCTACTGAGGGCAACAAAGTGAGACTGTGTCTCAAACAAATAAAATAAAATAAAAATAA","GGGCACAGTGGCTCTTTCCTGTAATCCCAGCACTTTGAGAGGCTGAGGTGGGAGGATCACTTGAGTCCAGCAGTTTGAGACCAGCCTGGGCAATACAGTGAGACCCTGTCTCTACAAAAAATATAAAAATTAGCTGGGTGTGTTGGTGCCTGCCTGTGGTCCCAGCTGCTCAGGAGGCTGAGCCAGGAGGATGGCTTGAGCCCAGGAGGTCGGGGCTGCAATGAGCCGAGAGGTCATGCCACCGCTCCAGCCTGGGCGACAGAGAGAGACCCTGTCTTAAAAAAAAAAAAAGAAAAAAA"
"GL873520","71031217","71031408","chr4","57296207","57296386","48","13735010","AAAAAAGATAGAAAAATAAAGTGAGCATAGTGGTGTGTCATAAGTAGTCCCAGCTACTTGGCAGGCTGAGGCAGGAGCATTGCTTGAGTCCAGGAGTTTTAGGTTGCAGTGAGCTGTGATGACATGATGCCACTGTGCTCTATCCTAGGCAACAGAGCAAAACCCTGTGTCAAACAACAACAACAATAAAAA","AAAAAAGAAAAATTAGCCAGGCATGGTGGCATGTGCCTGCAGTCCCAGCTACTCAGGAGACTGAGGTGGGAGGATTGCTTGAGCCAGGGAGATTGGGGCTGCAGTGAGCTGTGATATCATGCCACTGTACTCCAGCCTAGGCCGCAGAGTGAGACCCTGTCTCAAAACAAAAACAAAAAA"
"GL873520","71031681","71031796","chr19","18214436","18214546","24","52817245","CTGTAATCCTAGCACTTTGGTAGGTTGAGGTGGGAGGATTGTTTGAAGCTAGGAATTCAAGACCAGTCTTGGCAACATAGTGAGACCCTGTCTCTGCAAAAAATTAGAAAAATAAT","TGCAATCCCAGCACTTTGGGAGGTTGAGGCAGGAGGATCACTTGAGCCCAGGATTCGAGATCAGCCTGTGCAACATGGTGAGACCCTGTCTCTACAAAAAGTAGAAAAATT"
"GL873520","71086533","71086689","chr8","38296068","38296228","42","32790465","CTAGCTGGGTGTTATGGTGGGCACCTGTAGTCCCAGCTACTCCGAAGGCGGAGGCAAGCAGATCACTTAAGTCCAAGAGTTTGAGATTGCTGTAAGCTATGATGATGCCCTGGATTTCTACTCAGCATGACAGAGTGACACTGTCTCAAAAATAAAA","TTTAGCTTGGTGTGGTGGTGGACACCTGCAATCTCAGCTACTCAGGAGGCTGAGGCAGGAGGATCACTTGAGTCCAGGAGTTTGAGGCTGCAGTAAGCAATGATTGTACCATTGCATTCCAGCCTGGGTGACAGAGTGAGACCCCATCTAAAAAAAAAAAA"
"GL873520","71086953","71087087","chr22","28422281","28422416","25","42664672","GGCATGGGGTGGTGGCTCACACCTGTAATCCTAGCACTCTGGGAAGCCTAGAGGGGTGGATTGCTTGAGCTCCGGAGTTCAAGACCAACCTTGAGCAAGAATGAGACCCCATCTCTACTAAAAATAGAAAAAGTA","GGCAGGGCGTGGTGCCTCACACCTGTAATCCCAGCACTTTGGGAGGCTGAGGTGGGAGGATCGCTTGAGTCCAGGAGTTCAAGACCAGCCTGGGCAACATGGTGAAACCCCATCTCTACTAAAAATAAAAAAATTT"
"GL873520","71331890","71332125","chr20","30673841","30674091","64","40658049","GCCTGTAATCCTATCACTTTGGGAGGCTGAAGTGAGTGGATTACTTGAGCTCAGGAGTTTGAGACCAGCCTAAGCAAGAGCATGACTCTGTCTCTACTAATTAGAAAAATCAGCCAGGCATGGTGGCAGGCACCTGTAGTCCCAGCTACTTGGGAGGCTGAGGCAAGAGGATTGCTTGAGCCGAAAAGGTTGCTGGGAGCTACGATGCCAGAGCAACAGACTAAGACTCTGTCTCA","CACGCGTGTAATCCTGGCACTTTGGGAGGCCGAGGCAAGCGGATTGCTTGAGCTCAAGAGTTCGAGACCAGCCTGGGCAACATGGCAAAATCCTGTTTCTACGAAAAAAATACAAAAATTAGCCGGGCATGGTGGCACACACCTGTAGTCCCAGCTGCTTGGGAGGCTGAGGCAAGAGGATTGCTTGAGCCCGGGAGGTAGAGGCTGCAGTGAGCTGAGATCACGCCACTGCACTCCAGCCTGGGCGACAG"
"GL873520","71345766","71346024","chr1","36477448","36477714","67","34868318","CCAAGTGCAGCAGCTCCCACCTAAAATCCTAGCACTCGGGGAGGCCAAGGAGGGTGGATCACTTGAGAGCAGAAGTTCAAAACCAGCCTGAGCAAAGGGTGATCCCATCTCTACTAAAAATAGAAAAATGGGTTGGTCACAGTGGCAGGTGCCTGTAGTCCCAGCTATTTAGGAGGATAAGGCAGGAGGATCACTTGAGCCCAGGAGTTTGAGGTTGCTCTGAGCTAAGCTGATGCCACTCTAGTCTGGGCAACACAGC","CCAGGTGCAGTAGCTCACCCCTGAAATCCTAGCACTCTGAGAGGCCAAGGCGGGTGGATCACTTGAGCCCAGGAGTTTGAGACCAGCCTGGGCAACATAGTAAGACCTCATCTCTACAACAAATACAAAAATTAACTGGGCATGGTGGTTTGTGCCTATAGTCTCAGCTACTCAGGAGGCCGAAGCAGGAGGATCATCTGAGCCTGGGAGGTCAAGGTTGCAGTGAGCCGTGATCAAGCCACTGCACTCCAGCCTTGGCCACAGAGC"
"GL873520","71346046","71346069","chr9","124703980","124704002","4","53357934","TTGTTAAAAAAAAATAAAAAAGAA","GTCTTAAAAAAAAAAAAAAAAAA"
"GL873520","71514260","71514298","chr19","16922261","16922295","7","54591999","CAGAGTGAGACTCTTGTCTCAAAAAAATAAAATAATAAA","AAGTGAGACTCTGTCTCTAAAAAAAGAAAAAAAAA"
"GL873520","71514393","71514660","chr22","25275994","25276259","77","46238399","GGCCAAGTGCCATGGCCCATACCTATATAATCCAGCACTCTTGAGAGGTCAAGGCAAGAGAATACCTTGAGCTAGACTTCCAGACCAGCCTGAGCAAGAACAAGACTCTGTCTCTGCTGAAAATAGAAAAACTAGCCAGGCATGGTGGTGGGTGCCTCTAGTTCAGCTACTCAGGAAGCTGAGGCAAAAGAATCACTTGAACAAGAGTTTGAGGTGTGATCTAGGCTGATGCCATGGAACTGTAGCCTAGGGCAACAGAGTGAGACTA","GGCCAGGTGCAATGGCTCATGCCTGTAATCCCAACACTTTGGGAAGCCAAGGCAGGCCAATCACTTGAGCTCAGGAATTCGAGACCAGCCTGAGCAACGTGGCAAAATCCTGTCTCTACAAAAAATAGCCAGGCATGGTGGTGGGTGCCTGTAATCTCAACTACTCGGAGGCTGAGGTGGGAGGATCGCTTGAGCCTGGGAGGCGGAGGTTGCAGTGAGCCATGATTGCGCCACTGAACTTCAGCTGGGGCGACAGAGTGAGACTC"
"GL873520","71587735","71587853","chr1","93453408","93453531","26","21865673","GTTGGGCACAGTGGCTCACATCTATAATCCCATCTACTTGAGAAGACTGATGCAGGTTTACCTGAGCCTAGGAGTTTGAGAACAGCTTGGGCAACATAATAAAAGCCCATCTCAAAAAA","GGCCGGGCACAGTGGCTGACACCTATAATCCCAGCACTTTGAGAGGCTGAGGTGGGAGGATCCATTGAGCCTAGGAGTTTGAGACCAGCCTGGGCAACATAGTAAAACCCCATCTCTGCAAAAA"
"GL873520","71662488","71662658","chr5","74746592","74746764","42","3084104","TTAACCAGGCATAGTGGAGGGAACCTGTAGTCCCAGCTATTCTGGAGGCTGATGCAGGAGGATCATTCGAGCCCAGGAGTTGGGGGGTGCTGGAAGCTATGATGATGTCACTGCACTCTACCCAGGGAGACACAGCAAGACTCTCTGCAAAAAGAAGAAGAGACGAGAAAA","TAACCAGGCATGGTGGTGTGTACCTGTAGTCCCAGTGACTGGGGAGGCTGAGGCAGGAGGATCACTTCAGCCCAGGACTTTGAGGCTACAGCGAGCTACGATTGTGCCACTGCATTCCAGGCTGGGTGACAGAGCAAGACGGTGTTTGAAATAAAGAAAAAGAAAAGAAAAAA"
"GL873520","71662950","71662998","chr1","40803029","40803077","13","30859921","AGTCTGAGCAAGAGTGAGACCCTGTATTTACTAAAAATAGAAAAATTAG","AGCCTGAGCAATATAGTGAGAACTTCTCTCTACAAAAATTAAAAAATTA"
"GL873520","71712370","71712500","chr3","132031399","132031533","29","60319029","CCAGGCATGGTGGCTCATACCTATAATCCTAGCACTCTGGATCTCCAAGGTAGGTGGATTGCTTGAGCTCACAAGTTCGAAACCAGCCTGAGCCAGAGCGAGACCCTGTCTCTATTAAAAATAGAAAAACT","GGCCAGGCATGGTGGTTCATGCCTATAATCTCAGCACTTCAGGAGGCCAAGGCAGGTGGATCACTTGAGCCCAGGAGTTCGAGACCAGCCTGAGCAACACGGCAAAACCCCGTCTCTACAAAAAATACAAAAATT"
"GL873520","71712775","71712792","chr1","131951482","131951496","4","60238707","TAAAAATATAAAAACTAT","AAAAAATAAAAATAA"
"GL873520","71713073","71713252","chr5","39633857","39634030","47","32079216","AGATAATAGAAAAACTAGCTGGGCATTATGGCGGGCACCTATAGTCCCAGCTACTCAGGAGGCTAAGGCAGGAGGATCACTTGAGCCCAAGAGTTTGAAATTGCTAGGAGCTATGATGCTATGGGACTCTACCCAGGGCGAAACAGTAAAATTATGTCTCAAAAAACAAAAATTAAAAAA","AAAAAATACAAAAATTAGGTGGGTGTGGTGGCAGGCACCTGTAGTTCCAGCTACTTGGGAGGCTGAGGCAGGAGGATCACTTGAGCCTGGGAGGTCAAGGCTGCAGTGAGGTGGAGCATTGTAATCTAGCCTGTGTGACAGAGTAAGAGCCTGTCTCAAAAAACAAAAATAAAA"
"GL873520","71715674","71715793","chr1","134480867","134480991","30","62765193","GGCTGATACCTGTAATCCTAACACTCTGGGAAGCAAAGGCAGGATTCCTTAAGGTTAGGAGTTCAAGAACAGCCTGAGCAAGAGTAAGCCCCGTCTCTACTGAAAATAGAAAAATTAAGT","GTGGCTCATGCCTGTAATCCCAGCACTTTGGGAGGCCAAGGAGTGAGGATTGCTTAAGTCCAGGAGTTCAAGAACAGCCTGGGAAACATAGTAAGATCCTGTCTCTACAAAAAATAAAAAATTGT"
"GL873520","71716045","71716235","chr19","13448557","13448737","51","58267488","CAAAAAAAAAGAAAGAAAGAAAAAGAAAAATTAGCTGGGCATTGTGGCAGGCATCAACAATCCCAGCTACTTGGGAGACTGAGGCAGGAGGATCTTTTGAGTCCAGGAATTTGAGATTGCTGTAAGCTAGGCTGATGCCACAGCACTCTAGCCTAGGCATCAGAGAGAGACTCTATCTCAAAAAGACAAAA","AAAAAAAAAAAAAAAGGTTTTATTAGCCAGGCATTGTGGTACACACCTATAGTCCCAGCTACTCAGGAGGCTGAGGCAGGAGGATTGCTTGAGCCCAGGAGGTTGAGGCTGCAGTGAGCTATTTTCACACCACTGCACCCCAGCCCAGGCAACAGAGTGAGACTGTTTCTAAAAATAAAAA"
"GL873520","71721242","71721360","chr1","32371726","32371849","31","39349516","GGATCAAGCCTGTAATCTCAGCATTCTGGGAGACTGAGGCAGGGGATCTCCTGAGCCCATGAGTTTGAGACCAGCTCTGAGCTAAAGGGAGACCCTGTCCCTAAAAAAACAGCTGCTGG","GTGACTTATGCCTGTAATCTCAGCACTTTGGCAGGCTGAGGAGGGTGAATCCCTTGAGCCCAAGAGTTTGAGACCAGCCTGGGCAACATAGGGAGACCCTGTCTCTGTACAAAATACAAAAATT"
"GL873520","71721650","71721811","chr4","75562087","75562252","42","3840437","CAGCTGGGCGACAACGCAGGCACCTATAGTCCTAGCTACTCAGGAGGCTGAGACAAGAGAATTGCTTCAGCCCAAGAGTTTGAGGTTGCTGTGAGCTATGACGCCATCCCAGCACTCTACAGGAGGTGACAAAATGAGACTCTCTCAAAAAAAAAAAAGAAA","TTAGCTGGGTGTGGTGGCATGCACCTGTAGTCCCAGCTACTTAGGAGGCTGAGGCAAGAGGATCACTTTAGCCCAGGAGGTGGAGGTTGCAGTGAGCTGAAATCATACCACTGCACTCCAGCCAGGGTGACAGAGTGAGACCTTGTCTCAAAAATAAATAAATAAA"
"GL873520","71738069","71738113","chr19","42973848","42973891","12","28764221","CCAGAGCAACAAAGTTAAACTCTATGTCAAAAAAATAAAAAATAT","AGCCTGGGCAACAGAGTGAAACTCCATCTCAAAAAAAAAAAAGA"
"GL873520","71738384","71738456","chrUn_GL394842","4208","4284","23","71734176","TAAAATAAAATATAGTCAGGTATAACAGGGCATGTCTGTAATCCTAGCTACTTGAGAGGTTGAGGCTGGAGGA","TACAGATAGAGAAAAATAGCCAGCCACGATGGCTCATGCTTGTAATCCCAGCACTTGGGAGGTTGAGGCAGGCGGAT"
"GL873520","71738738","71738846","chr3","185862422","185862530","31","114123684","TGGGGCTGGAAGATTGATTGAACCCAGGAGGGTGAGGCTGCAGTGAGCTATGACTACACCACTGTACTCTATTCTGGGCAAGATCCTATTCTCTATAAATAAATAAAAA","CGAGGTGGGAAGATTGCTTGAGCCCAGGAGGTTGAGGTTCCAGTGAGCTATGATTACACAACTGCACTCCAGCCTGGTGGCAGAGTGAGACCCCGACTCAAGAAAAAAA"
"GL873520","71765107","71765191","chr19","13677223","13677304","25","58087884","TGGCTCAAATCTGTAATCCTAGCTTTCTGTGAGGCATAGGCAGGAGAGAGGATCCTTTGAGCTCAGTTCAAAACCAACCTGGGCA","TGGTTCACGTCTGTAATCCTAGCACTTTGGGAGGCCAAGGCAGGCAGATTGCTTGAGCTCAGGAGTTAGAGACCAGCCTGGG"
"GL873520","71765470","71765741","chr2A","43992291","43992526","94","27773179","CCAAAAAACAAAAAACAAAGACCAGCCTGGATATGAGCAAAACCCTACTCTACTAAAAATGAAAAATTTGTAGTGGACACTTGTAGTCCTAGCTACTTGGGAGGCTGAGGAAAGAGGATCGCTTCAGCCTAGGATTTGAGGTTGCTGCAACTTAGGCTGACACTATGGCACATTGCACGGCACATCCCCCATGGCACTCCAGCCTGGGAAACAAAGTGAGATTCTGTCCCACAAACAAACAAACAAACAAAAAAAAAAAAAAGAAAGAAAGA","CCAGGCTAGACAATATAACAAGACCCCATCTCTACAAAAATAATTTTAAAAATTAGCTGGATGTGGTGGCATGCACCTGTAGTCCCAGATATTTGGGAGGCTGAGGTGGGAGGATCGCTTGAGCCCAGGAGGTTGAGGCTACAGTGAGCCATGATCATGCCACTGCACTTCAGCCTGAGCAACAGAGAAAGACCCTGTCTCAAAACAAAACAAAACAAAAAAGAAAGAAAAGAAAA"
"GL873520","71859434","71859575","chr15","20896405","20896549","32","50963029","CCAGGCACGGTGGCTCACAGTGTAATCTTAGCATTCTGGGAGACCAATACGGGAGGATCCCTTGAGCTCAGAAGTTTGAGACCAGCCTGAGCAAGACCAAGACCCCCATCTTTACTAAAAATAGAAAAATTAGCCAGGCGGG","GCCAGGTGCAGTGGCTCACGCCTATAATCCCAGCACTTTGGGAAGCCAAGACGGGAAGATTGCTTGAGCCCAGGAGTTTGAGACCAGCCTGAGTGACATAGCAAGACCCCCATCTCTACTAAAAATTTAAAAATTAGCCAAGCAT"
"GL873520","71859848","71860010","chr6","108647140","108647303","33","36787292","TTAGCCAGGCATTGTGGCTGGCACCTATAGTTCTAGCTACTTGGGAGGCTGAGGCAGGAGGATTGCTTGAACCCAGGAGTTTAAGGTAGCTTTGAGCTATATTCACGCTACAGCACTCTACCCAGGGCAACAAAGGGAGACTCTGTCTCAAAATAAAAAAAAA","ATTAGCCAGGTGTGGTGGCATGCACCTGTAGTCCTAGCTACTTGGGAGGCTGAGGCAGGAGGATTGCTTGAGCCCAGCACTTCGAGGTTATGGTGAGCTATGATCGCGCCACCACACTCCAGCATGGGCAACAGAGCAAGACTCTGTCTCAAAAAAAGAAAAAA"
"GL873520","71889809","71889896","chr4","102587702","102587786","18","30697893","GACCATGCATGGTGACTCATCACCTGTAATCCTAGCACTGTGGGAGGCAAAGGCAGAAGGACCACTTGACCTCAGGAGTTCGAGACTA","CCAGGCATGGTGGCTCATGCCTGTAATCTCAGCACTTTGGGAGGCCGAGGTAGGAGGATCACTTGAGCCCAGGAGTTCAAGACCA"
"GL873520","71906463","71906554","chr1","100475713","100475809","24","28569250","AGGCTAAGCTGGGAGGACTGATTGAGGCTAGGGGTTTGAGACCAGTTTGGACAACACAGCAAGACCTTGTCTCTATAAAAAATAGAAATTTA","GCCAAGGTAGGAGGATTGCTTGAGCTCAGGAGTTTGAGACCAGCCTGGGCAACACAGAAAGACCTTGTCTCTCTTAAAAATAAAAATAAAAAATATA"
"GL873520","71906841","71906992","chr12","112046931","112047085","37","40140090","ATTAATTAGCCAGACATGGTGGCATGCACTGTAGTCCCAGATGCATGGGACTGAAGCAGGAGGATCACTTAAGCCTAGGCATTCATTCAAAGTTGCAGTGAGCTACAATGGTGCCACTGCACTCTAGCCTGGCAGCAGAGTAAGACCCTATC","TAATAATTAGCTGGTCATGGTGACACGCACCTATAGTCCCAGCTACTAGGGAGGCTGAAGCAGAAGGACCGCTTGAGCCCAGGAGATCAAGGTTGCTGTGAGCTACGAATGCGCCACTGCACTCTAGCCTGGGCAACAGACCAAGACCCTGTCTC"
"GL873520","71931007","71931245","chr1","31981787","31981992","76","39949220","AGCCTGGACAACATAATGAGACACATACACACCCCCCACAATCTCTTCAGAAAATTTTTTAAAAGATTAGCCAGGCATAGGGGTGGCTGACCTAGGTGGTAGTGCTAGCTACTCACAAGGCTGAGGCAGGGGGATCACTTAAGCCCAGAAGTTTCAGGCTGAAGTGAGCCTCTACCCTGAACTACACAGGCCACTACATTCTCACCTGGGCAACAGAGTGAGACCCTGTTTTAAGAAAA","CAGCCTGGGCAACATGGCAAAACCCTCTCTCTACAAAAAAATATAAAAAATTATCCAGGCATAGGGGTGCATGCCTGTAGTCCCAGCTACCTGGGAGGCTGAGGCAGGAGGAACATTTGAGCCTGGGATTCAGAGGTTGCAGTGAGCCGAGAACACGCTATTACACTCCAGCCTGGGCGACAGAGAGAGACCCTGTCTCAAAAAAA"
"GL873520","71932480","71932573","chr8","83164751","83164843","25","11232271","GTAGCTTACTCCTCGAATCCTAGCACTGTGGGAGGCCCAAGCACTAGCATCCTTTGAGCTCAGGAGTTTGAGACCAGCCTGAGCAAGAAGGTGA","GGTGGCTCATGCCTGTAATCCAAGCACTTAGGGAGGCAGAAGCAGGAGGATCACTTGAGCCCAGCAGTTTGAGACTAGCCTGGGCAAGATAGT"
"GL873520","71942126","71942402","chr1","45387048","45387332","80","26555078","TGCCTCACGCCTGTAATCCTAGCATTCTGTGAGGCCAAGTCAAGTGGATTGCTTGAGCTCACAAGTTCCAGACCAGCTTGAGTGAGAGCAAGACCCTGTCTCTAAAAAATAGCCAGGCGTTGTGGCAGGCACCTGTAGTCCTAGCTACTTGGGAGGCTTAGGCAGAAGGATCGCTTGAGCCCAAGTATTTGAGGTTTCTGTGAGCTATCACACCATGGTACTCTTCCAAATATGACAGAGAGAAATTCTATCTCAGATAAATAAATAAATAAATAAA","GCATGGTGGCTCACACCTGTAATCCTAGCATTTTGGGAGGCCAAGGTGGGTGGATTACTTGAGTTCAGGAGTTCAAGACCAGCCTGGGCAACATGGCAAAACCCTGTCTCTACAAAATATTAGCCAGGTGTGGTCAGTCGCCTGTAATCCCAGCTACTTGGGGGCTGAGGCAGTAGGATCACTTGATCCCAGGAGATAGAGGCTGCAGTGAGTCAAGATCACACCACTGCACTGCAATCTGGGTGACAAAGTGAGACCCTGTTTCATTAAAAAAAAAAAAAAAAA"
"GL873520","71967300","71967397","chr12","110843818","110843910","27","38876518","GAGAGAGAATTTGAGGTTGCTGTGAGCTATGATGCCACAGTATTCTACTCAGGGCAACAGAGTAAGTGAGACTCTGTCTCAATAAATAAATAAATAAA","CGAGAGGTCGAGGCTGCTGTGAGCCATGATCGCACCACTGCACTCCAGCCTGGGCGACAGAGTTGAGACCCTGTCTCAAAAAAGAAAAAAAAA"
"GL873520","71967680","71967795","chr16","29587398","29587507","36","42380282","AAAAGAAAAGAAAAAAATAGAGAAAATAGCCAGCCGTTGTGGTGGGCACCTGTTATCCCAGCTACTTGAGAGGCTGAGGTAAGAGGATCTCATGAGTCTAAGAATTTGAGGTTGCT","AGAAAGAAGAAAAGAAAATTAGCCAGGTGTGGTTGCATGCACCTGTAGTCCCAGCACTTTGGGAGGCCAAGGCAGGAGGATCAATCAAGGCTAGGAGTTTGAGACTGCAG"
"GL873520","71968030","71968159","chr12","60741612","60741746","25","11226418","GCCAGGCATGGTGGTTCATACCTATAATTCTGGCACTCTGGAATGCTAAGGCAGGTGGATTGTTTGAGCCCAGGAGCTGGAGACCAGCCAGAGCAAGAGCAAGACCCCTCTACCAAAAATAGAAAAACTA","GGCCAGGCATGGTGGTTCATACCTGTAATCCAAGCACTATGGGATGCTGAGGCAGGAGGATCATTTGAACCCAGGAGCTTGAGACCAGCCTGGGCAACATGGCAAGACCCCGTCTCTACAAAAAATACAAAAATT"
"GL873520","71978122","71978223","chr16","14747892","14747988","28","57230230","CCTCTGAGCCCAAGAGCTGAAGGTTGCTGCTAGGGTAACACCATGACAGTCTAGCTTGGGGCAACAGAGTAAAATTCTGTCTCAAAAAAAAAGAAGAAAAAA","CCCAGGAGGTCGAGGCTGCAGTGAGCTGAGATCACACCACTACACTCCAGCCTAGGCAACAGAGTAAGACCCTGTCTCAAAAAAAAAAAAAAAAAAA"
"GL873520","71978477","71978693","chr14","57676777","57676992","58","14301700","GTTGGACGCAGTGGCTCACCCTTTTAGTCCTAGCACTATGGGAAGCCAGATAGGATGATCCCTTGAGCTCAGGAGTTCGAGATTAGCCTGTGCAAGAGCAAGACCCCGTCTCTACTAAAAAATAAAAAAAATTAGCTGGAGGTCATGGTAGGTGCCTGTAATCCAGCTGCTTGGTAGGCTGAGGCAGTAGGATCACTTTAGCCCAAGAGTTTTTCTG","GCCAGGCATGTTGGCTCATACCTGTAAAGCCAGCACTTTGGGAGGCCAAATCAGGAGGATCACTTGAGCCCAGGGGTTCAAGACCAGCCTGAGCAACATAGTCCAACCTCATCTCTACTAAAAATAAAAAATAGTAGCCAGGCGTGGTGGCATGCCTGTAGTCCCACCTACTTGGAAGGCTGAGGCAGGAGGATCACTTGAGCCCAGGAGATCTAG"
"GL873520","71986255","71986513","chr15","72672161","72672426","72","685906","GCCAGGCACAGTAGCTCATGCCTGTAATCCCAGCACTCTGAGAGGCCAAGGCCGGCAGATAGCATGAGCTTACAAGTTTGAGACCAGCTCTGAGCAAGAATGAGACCCTGTCTCTAAAAATAGCCAGGTGTTGTGGTGGGCGTCTATAGTCCCAGCTACTCAGGAGGCTAAGGCAAGAGAATAGTTTGAGCCTAAGAGTTTGAGGGTGCTGTGAGCTATGAGGTCACCGCACTCTATTGGAGGCAGCAAAGCGAGACTC","GACCAGGTGCAGTGGATCCTGCCTGTAATCCCAGCACTTTGGGAGGCTGAGGTGGGCAGATTACTTGAACCCAGAAGTTTGAGACCAGCCTGGGCAACATGGCAAAACCCTGTCTCTACAACAAATTAGCCAGGTGTGGTGGTGCCCACCTGTGGTCCCAGCTACTCGGGAGGCTGAGGTGGGAGGATCACTTGAGCCTAAGAGGTCAAGGCTGCAGTGAGCTGTGATCACACCACTGCATTCCAGCCTGTGCCACAGAGGAAGAC"
"GL873520","71986546","71986558","chr6","96888780","96888792","1","24902234","TAAAAAAATAAAA","GAAAAAAATAAAA"
"GL873520","71995816","71995902","chr6","152887479","152887553","24","80891663","GTAATCCTAGCACTCTGGGAGACTGAGGGAGGAAGATCTCTTGAGCTCAGGCTCAGGAGTTCGAGACCAGCTTGAGCAAGTAGTGAA","GTAGTCCTAGCTACTCGAGGGCTGAGGCAGGAAGATTGCTTGAGCCCTGAAGTTCAAGACCAGCCTGAGCAGCAT"
"GL873520","72046628","72046682","chr10","43406320","43406376","19","28640308","TTGGGAAACTGAGGCAGGAGAATCACTTGAGTTTGAGGTGAAAGTGAGCTGTGAT","TACTGGAAGGCTGAGGTGGGAGGATCACTTGAGCTGCGGAGGTCAAGGCTGTGATGA"
"GL873520","72046958","72047043","chr1","176948461","176948538","19","104901503","GTGAGCTGAGATGATGCCAACTGCACTCTAGCTGGGGTGATAGAGCCAGACCTTATCTCAAAAACAAAAAAAGAAGAAAAGAAAAA","GTGAGCTGAGATCACGCCACTGCATTTCAGCCTGGGTGTCAGAGTGAGACCTTATCTCAAAAAAAAAAAAAAAAAGAA"
"GL873520","72064016","72064255","chr4","161990747","161990980","74","89926731","AAAGCAGGATTTCTTAAGTTCAAGAGTTTGAGAACAGCATGAGCAAGAGCAAGACCCCCATCTCTACTAGAAATAAAAAAAGTTAATCAGGTCTTGTGGCAGGTGCCTTTAGTCCCACCTACTCTCAAAAGGTTGAGGCAGGAGTATCACTTGAACCCAGGAGTTTGAGGTTGCTGTAAGCTAGGTTGCTGTGAGCTGGGCAACAGGAGGAGGCTGTCTCCAAAAAAAAAAAAAAAAAAA","GGATTGCTTGAGCCCAGGAACTCGAGACCAGACTGAGCAACATGGCAAAACCCATCTCTACAAAAAATACAAAAATTAGCTGGCGTGGTGGCACATGCCTCTAGTCCCAACTACTCAAGAGGCTGAGGTGGGAGGATCACTTGAGCCCGGGAGGCGGAGGTTGCAGTGAGCAGAGATCATGCCACTGAATTACTCACTCCAGAGTGAGACTCTGTCAAAAAAAAAAAAAAAAAA"
"GL873520","72064350","72064426","chr11","47919834","47919912","18","24144516","GGCAGGGCATAGTGGCTCATGCCTGTAATTCCAGCACTCTGGGAAGCCAAAGCAGGAGGATTTCTTTCTTTTTTTTT","GGCTGGGCACAGTGGCTCATGCCTGTAATCCCAGCACTTTGGGAGGCCAAGGCAGGAAGATCACTTAAACCCTAGAGTT"
"GL873520","72100882","72100981","chr17","73310455","73310554","19","1209573","GGTGGCTCACACCTGTAAACCCAGTACTCTAGGAGGCTAAGGCTGGTAGATCACTTGAGCTCAGGAGTTCAAGACCAGCCTGAGCAAGAATGAGACCCTA","GGTGGCTCACGCCTATAGCCCAGCACTTTGGGAGGCCAAGGCAGGAGGATCACCTGAGGTCAGGATTTTGAGACCAGCCTGAGCAAGATAGAGACACCTA"
"GL873520","72101237","72101434","chr8","99316510","99316708","53","27215273","TGAATGAGACCCTGTCTCTACTAAAAATAGAAAAACAAGCTGGGCGTCATGGCAGACACCTGTATTCCCAGCTACTCAGGAGGTTGAGGCAAGAGGATCACTTGAGCCCAAAGAGTTTGAAGTTGCTGTGAGTGATGATGATGCGATGGCACTCTACCCAGGGCAACAGAGTAAAACTTTGTTTCAAGAAAAAAAAAA","TGGCAAAACCTCGTCTCTACAAAAAACACAAAAAATTAGCTGGTGGTGGTGGCACGTGCTTGTATTCCCAGCTACTGGGGAGGTTGAGATGAGAGGATCACCTGAGCCCAAGAGGTCAAGGCTGCAGTGAGCTGTGATTATGCCACTGCACTCCAGCCTGGGCAACAGAGTGAGACCCTATATCAAAAAAAAAAAAGAA"
"GL873520","72195648","72195848","chrX","27492711","27492912","47","44702937","GGCCAGGTTCAGTGGCTCATGCCTGTAATTCTAGCACCCTGGGAGACCAAGGCAGGTGGATTGCTTAAGCTCAGGAGTTCGAGATCAACCTGAGGAAGAGCAAGACCTCGTCTCTACTAAAAATAGAAAAACTAGCCAGGTGTTGTGGCAGTTTCCTATAGTCCCAGCTACTTGGGAGACTGAGGCAAGAGAATCACTTGA","CCAGGCGTAGCCACTCACGCCTGTTATCCTAGCACTTTGGGAGGCTGAGACAGGTGGATTGCCTGAGCTCAGGAGTTCGAGACCAGCCTGGGAAACACGGTGAAACCCCTGTCTCTACAAAAATACAAAAAATTAGCCAGGTGTGGTGGTGTGTGTCTGTTGTCCCAGCTACTTGGGAGGCTGAGGCATAAGAATCGCTTGA"
"GL873520","72196102","72196199","chr4","104162392","104162491","27","31966290","GAGGATTACTTAAGCCTGAGAGTTTGAGGTTGCTGTGAGCTATAATGCCATAGTACTCTACCCAGGGCAACAGAATCTTATTCTGTCTCAAAACAAAA","GGAGGATCACTTGAGCCTGAAAGGTTGAGGCTGCAGTAAGCTTCATCACCCACTGCACTCCAGCCTGGGTGACAGAGTGAAACCCTGTCTCAAAACAAAA"
"GL873520","72206479","72206765","chr9","104142695","104142990","72","31936216","GGGTGTGGTGATGGCTCATGCCTATAATCCTCACACTTTGGGAGGCCGATGTGGGAAGATCACTTGAGCTCAGGACTTCAAGACCAGCTTGAGCAAGAATGAAACTCCATATCTGCTAAAACTAGAAAAATTAGCTGGGCATTGTTACATGTGCCTGTAGCATCCTAACCACTTAGGAGGCTGGGGCAAGAGGATGGCTTGAGCCCAGGAGCTGGAAGTTATACTCCAGTTACACTACACTCTAGCTAGGGAGACAGAACAAAACTCTGTCTCAAAAACAAACAAAA","GGCTGGGTGTGGTGGCTCATGCCTGTAATTCCAGCACTTTGAGAGGCTGAGGTGGGCAGATCACTTGAGCTCAGGAGTTCAAGACCAGCCTGGGCAACATGGCAAAACTCCATCTCTACAAAAAATACAAAAATTAGCAGGCATGGTGGTACATGCCTGCAGTCCCAGCTACTCGGGAGGCTGAGGTGGGAGGATTGCTTGAGTCTGGGAGGTGGAGGTTGCAGTGAGCCGAGATCCACTACTGCACTCCAGCCAGGGTGACAGAGCAAGACACTGTCTCAAAAATAAAAATAAAA"
"GL873520","72207778","72207917","chr14","74199793","74199926","35","1992015","TTAGCTGAGTGCTTTGTTGAGCACCTGTAGTCTCAGCTATTTGGGAGGCTGAGGCAAGAGGATAACTTGAGCCCGGGAGTTTGAGGTTGCTATGAGCTAGGCTGAGGCTGACACCATGGCACTCTACCCAGGGCAACAGA","TTAGCCAGGTATGGTGGTGCACACCTGTAGTCCCAGCTACTTGGGAGACTGAGGCAGGAGGATTGCTTGATCCCAGGAGTTGAGGCTGCTAAGAGCTATGATCATGTCACTGCACTCCAGCCTGGGCAACAGAG"
"GL873520","72208172","72208304","chr12","99234635","99234766","24","27026463","GGCCAGGCAGAGTGGCTCATGTCTGTAATCCTAGCACTCTGGGAGGTCAAGCCAGGAGGATCTCTTGAAGCTGGGAGTTCAAGACCAGCATAAGCAAGAAGACCACATCTCTACTAAAAATATAAAAATTAAG","GGCCAGGCATAGTGGCTCATTTCTGTAATTTCAGCATTTTGGGAGGCCAAGACAGGAGGATCACTTGAAGCTAGGAGTTCAAGACCAGCCTGGTCAACATAAGACCCCATTTCTACAAAAATTTAAAAATTA"
"GL873520","72272447","72272600","chr1","151076684","151076838","41","78804237","AAAAAAAAGACCAGGTGTGGTGGAATGCACCTGTGTAGTCCCAGCAACTTGGGAGGCTGACGCAGGTGTACTGCCCAGGAATTTGAGGTTTTAGTGAGCTATGATGACACACTGTACTCTAGCTCAGGCAACAGAGTGAGACCCTGTTTTAAAA","AATAAGCTGAGCATGGTGGTCCATGCCTCTAGTCCTAGCTACTCAGGAGGCTGAAGCAGGAGGACCACTTGAGCCCAGGAGTTTCAGGTTGCAGTGAGCTATGATTGTACCACTGCACTCCAGCCTAGGCAACAGAGTGAGACCCTGTCTCAAAA"
"GL873520","72272820","72272951","chr17","7314531","7314656","27","64958289","GGCCGGGCACAGTGGCTTACAAATGTAACCCTAGCACTTTGAGAAGCTGATATGGGAAGATCACTTGAGGCCAGGAGTTTGAGACCAGCCTGAGCAACTCTGCAAGACCCCATCTTTAAAAAAAAATTGGAT","GGCTGGGCACAGTGGCTCACGTCTGTAATCCTAGCACTTTGGGAGGCTGAGGTGGAAGGATCACTTGAGCCCAGGAGTTTGAGACCACCCTGACCAACACAGTGAAACCCCATCTCTAAAAAAAGT"
"GL873520","72285522","72285642","chr1","84693698","84693811","38","12408176","AAGACCCCATCTTTAAAAATAGCTGAGAGTTGTGGCTGGAGCCTGTAGTTCTAGTTACTTTGGCGGTTGAGGCAAGAGAATTACTTGAGCCCAAGAGTTTGAGGTTACTGTGAGCTATGAT","AATAATAATAAAAGCCTGTTGTGGTGGTGTACACCTGTAGTCCCAGCTACTTGGGAGGTTGAAGCAGGAGGATTGTGGAGTCCAAGAGTTCAAGATTACGGTGAGCTATGATTG"
"GL873520","72285915","72286025","chr8","6607482","6607593","29","65678433","GCTGATCGAGGTGGCTCACGCCTATAATCCTAGCACTCCGGAAGGCTGAGGTAGGTGGGTGGACTGTCCTCACAGGTTGGAGACCAGCCTGAGCAAGACCGAGACCCCATC","GCTGGGCAAAGTGGCTAACACCTGTAATCCCAGCACTTTGGGAGGCTGAGGTAGTTGGAATGCTTAAGCCCAGGAGTTTGAGACCAGCCTGGGCAACATAGGAGACCCCATC"
"GL873520","72316870","72316922","chr1","33202560","33202612","8","39114310","AGAACAGCCTGGGAAACATAGTGAGACCTTATCTCTACAAAAAATTAGAAAAA","ACCAGCCTGGGCAACATAGTGAGACCTCATCTCTACAAAAAATTAAAAAATTA"
"GL873520","72317017","72317185","chr11","19120205","19120379","51","53196812","AATTAGAAAAATTAGCCGGGTACAGAGGTGCTGTGAAATGAACTTTATCAGGGGGTTCAAACTGTGTCCCATAGAACCCAGGAATTGAAGACTGCAGTGAGCTATGATCATGCCACTGCCCTCCAGCCTGAGTGACAGAGTGATACCCTATCTCAAAAAAGGAAAGGAA","GAGTAAAAGAATTAGTTGGGCATGGTGGCATATGCCTGTAGTCCTAGCTACTCAGGAGGTGGAGGCAGGAGGATGGCTTAAGCCCAGGAGGTCAAGGCTGCAGTGAGCTATGATCATGCCACTGCGCTGCAGCCTGAGTGACAGAGTGAGACCCTACCTCAAAACAAAAAAAGAA"
"GL873520","72365043","72365317","chr11","57816849","57817130","71","14548194","GCCTGGCATGGTCGCTCACACCTGTAATTTTAGCACTCTGTGAGGATGAGGAGGATAGATTGCTTGAGCTCAGGAGTTCCAGACCAGCCTGAACAAGAGAGCCACCCCAACTCTAAAAATAGCCAGGCATTGTGGCGAGCACCCATAGTCCCAGCTACTCAAGAGGCTGAGGCCAGAGAATCACTTGAGCCCAGGAGTTTGAGGTTGCTGTTGAGTTGTGATGCCACGGCACTCTAGCAAGGGTGACAAAGTGAGACTTTTATCTTAAAACAACA","GGCCAGGCACAGTGGCTCACACCTGTAATCCTAGCACTTTGGGAGGCCAAGGCAGGTGGATTGCTTGAGCCCAGGAGTTTGAGACCAGCCTGGGCAACATGGCAAAACCTCATCTCTACAAAAATTAGCCAGACATGGTGGTGGGTGCCTGTAGTCCCAGCTACTCAGGAGGCTGAGGTAGGAGGATCATCTGAGCCCAGGAGGTCGAGACTGCAGTGAGCCATGATCATGCCACTGCACTCCAGCCTGAGTGACAGAGTGAGATCCTGTCTCAAACAAAAA"
"GL873520","72365603","72365622","chr8","92800630","92800648","3","20435027","GAAAAACAACAACAACAAAA","AAAGACAACAACAAAAAAA"
"GL873520","72523042","72523246","chr6","13732200","13732409","55","58790842","GGCTGAGAGCAGTGGCTCACACCTGTAATCCCAGCACTCTGGAAGGCCCGAGGCAGGTGGATTGCCTGAGCTCAGTTAGAGACCAACCTGAACAAGAGAGAGACCTGGCCTCTAAAAAAATGAAAAATAGCCAGGTGTTGTGGTGGACGCCTATAATCCTAGCTACTCAGGGGACTGAAGCAAGAGAATTGCTTGAGTCCAGGAG","GGCCGGGCGCGGTGGCTCACACTTGTAATCCCAGCACTTTGGGAGGCTGAGGCGGGCGGATCATGAGTTCAAGAGATTGAGACCATCCTGCTAACACGGTGAAACCCCGTCTCTACTAAAAATACAAAAAAGTAGCTGGGCCTGGTGGCGGGCGCCTGTAGTCCCAGCTACTCAGGAGGCTGAGGCAGGAGAATCACTTGAACGCAGGAG"
"GL873520","72523515","72523623","chrX","6615952","6616053","29","65907563","AGCCCAGGAGTCTTGAGGTTGCTGTGAGCTATGATGATGCCACAGTACTCTACCAGGGTGACAAAGTAAGATTCTGCCTCAAATAAATAAATAAATCAGAAAGAAATAA","AGCCCAGGGAGGTCGAGGTTGCAGTGAGCCATGATCTTGCCATTGCACTTCAGCCCGGGTGACAAAGTAAGACCTTGTCTTAAAATAAATAAATAAATAAAA"
"GL873520","72537231","72537318","chr11","47859603","47859693","21","24677628","GCACAGTAGCTCACACCTGTAATCCTAGTACTCTGGAAGACTAATGCGGGTGTATCGCCTGAGCTCAGGAGTTCAAGACCAGCCTGAG","GGGCACGGTAGCTCACACATGTAATCCTAGCACTTTGGGAGGCCAAGGCGGGCAGATTACCTGAGGTTGGGAGTTCAAGACCAGCCTGGCC"
"GL873520","72537595","72537788","chr19","6241772","6241964","53","66295823","GACCAGCCTGAGCCAGAGCAAGATGCAGTCTCAACTAAAAAAAATTAGAAAACTAGCTGGGCAGCATTGTGGGCACCTGCAGTCCCAGCTACTCAGGGGGCTGAGGCAAGAGGATCCCTTAAACCCAGGAGTTTGAGGTTGCTGTGAGTTATGACACCATGGCACTCTACCCAGGGCGACAGCGGAAGACTCTG","ACCAGCCTGGACAACATAGTGAGACCGCCATCTCTAAAAAATATGAAAATTAGCCGGGGATGGTGGTGCATGTGTAGTCCCAACTACTCAGAAGGCTGAGGCAGGAGGATTGCTTAAGCCAAGGAGGTTGAGGCTGCCATGAGCCATGAACGCACCATTGCACTCCAGCCTTGGGTGACAGAGCAAGACCCTG"
"GL873520","72565866","72566023","chr9","6760251","6760419","46","65805615","TTAGTCAATTATTGTGGTAGACAATTGAAGTCCCAGCTACTTGGGAAGCCAACAAAATCGCTTGAGCCCAAGAGTTGGAGGTTGCTGTGAGCTGTGATGCTAAAGCACTCTAACCATGGTGACAGCCCGAGAATATCTCAAAAAAAAAAAAAAAAAAA","TTAGCCAGGAATGGTGGCACACACCTGTAGTCCCAGTTACTCAGGAGGCTGAGGCACGAAAACCGCTTGAACCTTGGAGGGGGAGGTTGCAGTGAGCTGAGATCAAACCACTGCACTCTAGCCTGGGTGACAGAGTGAGATTCTGTCTCAAAAAAAAAAAAAAAAAAAA"
"GL873520","72566306","72566440","chr14","19228345","19228477","30","53337961","GACTGAGTGTGTTGGCTCACTCCTGTAATCCTAGCACTCTGGGAGGCTGACGGGGAAGGATTATGTAAACTCAGGAGTTTGAGACCAGCCTGAGCAAGAGCGAGACACCTGTCTCTGATAAAAATAGAAAAAAAA","GGCTGGGTGTGGTAGCTTACACCTGTAATCCTAGCACTTTGAGAGGCCGAGGCAGGAGGATCACTTGAGCTCAGGAGTTTGAGACCAGCCTAGGCAACATGGTGAGACCTTGTCTCTACAAAAAAAAAAAAAA"
"GL873520","72588707","72588908","chr6","84591535","84591736","52","12002828","GGCCAGGTGGTGAGTCATACTTGTTTATCCTAGGCACTCTGGGAGGCTGAAGCGAGAGGATCCCTTGAGCTCAGGAGTTTCAGACCAGCCTGAGCAAAAGTGAGATGCTGTCTCTACTAAAAATAGAAAAATGAGCCAGGCATTGTGGCTGACCCCTGTAGTCCCAGCTACTCAGGAGGTTGAGTCAAGAAAATCTCTTGAG","GGCTGGGAGCGGTAGTTCATGCCTGTAATCCCAGCACTTTGGGAGGCTGAGGAGGGTGGATCACTTGAGCTCAGGAGTTTGAGACCAGCCTGAGCAACATGATGAAACCCTGTCTCTACAAAAAATACAAAAATTAGCAGGGCGTGGTGGCATGTGCCTGTAGTCCCAGCTACTTAGGTGGCTGAGGTGGGTCACTTGGGCC"
"GL873520","72589148","72589260","chr16","30992766","30992877","30","41596382","GAAAATCTCTTGAGTCCAAGAATTTGAGGTTGCTTTGAGCTTTGATGCCAGGGCACACTACCCAGGGCAACAGAGTGAGACTATCTAAAAAAAAAAAGAAAGAAAGAAAGAAA","TGAAGGATCTCTTGAGCCCAGGAGTTTGAGGCTGCAGTGAGCTGTGATTGCACCACTGTACTCCAGCCTGGGCAACAGAGTGCTGTCTCAATAAAAAAAAAAAAAAAAAGAA"
"GL873520","72589501","72589748","chr21","19031879","19032139","72","53557622","AGAGAGAGAGAGAAAATCCCTTGAGTTTAGGTGTTTTGAGACCATCCTGAGCAAGAGCAAGACCCCATCTCTACTAAAAATAGAAAAATTAGCTGGGCATTGGGGCACATGCCTGTAGTCCCAGCTATTCATGGGATTGAGGCAAGAGGATCGCTTGATCCCAGTAGTTAGAGGTTTCTTTGAGCTGTGATGATTCCACTGCACTCTAGTCTGGAGCGCTCAAGAAGTAAGAAAGAAAGAAATGAAAA","TGGGAGGCTGAGGCTGGCAGATCACTTGAGTGCAGGAGTTTGAGACCAGTCTGGGCAACATGGTGAAACCCCATCTCCATAAAAAAATACAAAAATTGGCTGGGCATGGTGGCACACACCTGTGGTCCCAGCTATGTGGGAGACTGAGGCAAGAGGATCGCTTGAGCCCAGGAGGTCGAGGCTACAGTGAGCTGTGATTGTACCACTGCACTCCAACCTGGGCCCTGTCTCCAAAAAAAAAAAAAAAAAAAAAAAAAAGAA"
"GL873520","72589838","72589899","chr12","82211329","82211392","14","9621491","GGCACAGTGGTTCACCCTGTAATCTTAACACTCTGGGAGGCTAAGGCAAGAGAATCCCTTGA","GGCTGAGTGGTGCATGCCTGTAATCCCAACACTTTGGGAGGCTGAGGCAGGATAATCACTTAAG"
"GL873520","72601213","72601289","chr8","129850906","129850982","21","57249693","TGGCCAAGCATTGTGGCGGGCACCTATAGTCCCACCTACTTGGGACATTAAGGCAAGAGAATCACTGGAGCCCAAGA","GCCAAGAGCAGTGGCTCGCACCTATAATCCCAACAATTTGGGATGCCAAAGCAAGAGGATCACTTGAGCCCGAAGAG"
"GL873520","72601537","72601665","chrX","47965157","47965279","31","24636380","GACCAGGCACGGTGGTTCGTACCTGTAATCCTAGCACTTTGGGAGGCCACAGGGGTGGATTGTCTGAGCTCACAGTTCAAGACCAGCCTGAGCCAGAGTGAGACCTCATCTCTAAAAATGGCTGAGCAT","GGCCAGGCACGGTGGTTCGCACCTGTAATCCCAACACTTTGGGAGGCCAAAGCGGGAGGATTGTTTGAGGCCAGGAGTTCAAGACCAGCCTGGGCAACATGGTGAAACCCCATGTCTACAAAA"
"GL873520","72672495","72672621","chr16","28131355","28131479","25","44541140","GGCCAGGCATGATGGCTCAAACCTGTAATTCTAGCATTCTGGGAGGCCAAGGCAGGAGGATTACTTGAGTCCAGGAGTTTAAGATTAGATTGGGCAACAGAGAGAAACCCTACCTCTATTTAAAAAA","GGCCAGGCGTGGTGGCTCACACCTGTAATCCCAGCACTTTGGGAGGCTGAGGCAGGAGGATCACTTGAGCCCAGGAGTTTCAGAGCAGCCTGGGCAACATGGTGAGACCCTGTCTCCATTAAAAA"
"GL873520","72698154","72698197","chr11","61598286","61598326","10","11099868","GGGAGGAATCCCTGGAGCTCAGGAGTTCAAGACTAGCTTGAGCT","GGGAGGATCTCTTGAGCCCAGGAGTTCAAGACCAGTCTGGG"
"GL873520","72698470","72698682","chr3","68572234","68572433","69","4126236","CCAGCTTGAGAAAGACAACCCTACCTAACCCCACCTCTGTCTCTACTAAAAATAGAGAAAAAAATTAGTGGGTATTGTGGTTGGCACCTGCTAGTCCCAGCAACTCTGGAGACTGACTGAGGCAAGAGGATCACTTGAACTCAAGAGTGTGAGATTGCTGTGATCTAATCTGACGTCATGGCACCCTATCCTGGGCAGACTGAGACTTTGTCT","CCAGCCTGGGCAACGTGGCAAAACCTCGTCTTTACTAAAAATACAAAAAAATAGCTGGGTATGATGGTGAGCACCTGTGGTCCCAGCTACTCGGGAGGCTGAGGTGGGAGGATCACTTGAGTCAGGAGGTCAAGGCTGCAGTGAGCCGAGATTGCACCACTGCACTCCAGCCTGGAGGACAGAGTAAGACCCTGTCTCAA"
"GL873520","72749150","72749265","chr16","19352384","19352496","35","53396766","TTAATTAATTAAAAAGAAGATTGCTTGAGCCTAAGAGTTTGAGGTTGCTGTGAGCTATGAGCCCATAGCATTCTACCTAGGGCAACAGAGAGAGACTCTGTCTCAAAGAAAAAAAA","TAAGGCAGGAAGATTGCCTGAGCTCAGGAGGTTGAGGCTGCAGTGAGCCATGATCATGCCACTGCACTCCAGCCTGAGCAACAGAGTGAGACCCTGTCTCAAAAATAAATAAA"
"GL873520","72749541","72749737","chr15","41382188","41382391","53","31367353","GGCCCAGTGTGGTGGCTCACTCCTGTAATCCTAGCACTCTGGAAAGCCCAGGTGAGTGGATTGTCTGAGCTTAGAAGACCAGCCTGAACAAGAGTGAGACCCTATCTCTACTAGAAATAGAAAAACTAGCCGGGCATTGTGGCAGGTGCCTATAGTTCCAGCTACTCAGGAGGCTGAGGCAAGAAGATTGCTTGAGA","GGCCGGGTGTGGTGGCTCACACCTGTAATCCCAGGACTTTGGGAGGCCAAGGTAGGAGGATCGCTTGATCTCAGGAGACCAGCCTGGGCAACATGGCAAAATCCTGTCTCTACTAAAAATACAAAAATTAGCTGGGCATGGTGGTGTATGCCTGTGGTCCCAGCTACTTGGGAGGCAGAGGTAGAAGGATCGCTTGAGCCCGGG"
"GL873520","72785691","72785814","chr2A","26341169","26341295","35","46444522","GGCCAGGTGCAGAGACTTGTGCTTGTAGTCTCAGCTATTCGGGAGGTTGAGGCAAGAGGACTACTTAAGTGCCATAGACTAGCCTGAGAAAACATAGTGAAACCTTGCCTCATCTTTTACAAAA","GGCCAGGTGCGATGGCTCATGCCTGTAATCCCAGCACTTTGGGAGGTTGAGGCCAGTGGATCACTTAAGCGCTGAAGTTCAAGACCAGCCTGGGCAACATACTGAAACCCCCATCTTTTAAAAAAAT"
"GL873520","72786129","72786263","chr13","49733690","49733818","37","23052439","GGCTGGATGTGGTGGCTCATGCCTTTAATGCTAGCACTCTGGGAGATGGAGGCGGAGACAGGTCTGTTGTCTGAGCTCACAGGTTCAAGACCAGCCTCCGCAAAAGTGAGACCTGCCTCTAAAAATAGCCAGGCA","GGCTGGGTGTGGTGGCTCATGCCTGTAATTCCAGCACTTTGGGAGGTGGAGGTGGGATGATTGCCTGAGGGCTGGATTTCTAGACCTGCCTGGGCAACATAGTGAGACCCTGTCTATAAAAAAATCCAC"
"GL873520","72786538","72786681","chr20","48810763","48810904","42","23975775","GAAATAAAAATAGCCAGGCACTGTGGCAGACACCTGTAGTCCCAGCTACTCGGGGAGGCTGAGGAAAGAAAATTACTTAAGCCCTAAGAGGCTAAAGTTGCTGTGAGCTATGATGGTCATAGCACTCTTCCAGGGGCAACAAAG","AAAAAAAAAATTATCCAGGCATGGTGGCATGTGCCTGTAGTCCCAGCCACACAGGGGGCTGAGGCAGGAGGATTCCTTTAGCATAGGAATTCAAGGCTGCAGTGAGCTATGATTGCACACTGCACTACAGCCTGGGCAACAG"
"GL873520","72819561","72819869","chr3","139568018","139568337","77","66748457","GGTTGGGAGTGGTGTCTCATTCCTATAATCTCAGCACTTTGGGAGGCCAACGCTGGCAGATTGCCCAAGCTCAGGAGTTCAAGACCAGCCTGAGCTAGAGCGAGATCCTGTCTCTAAAATTAGCTGGGTGTTGTGGCAGGTGTCAGTAGTCCCAGCTATCAGGAGGCTGAGGCAAGAGAATCACTTGAGACCAAGAGTTTAAGGTTGCTGTGAGCTATGACACCACAGCACTCTATCAGGGGTGACAAAGTGAGACTCTGCCTCAAAAATAAATAAATAAATAAACAAAAAATAAAATAAAATAAAGAA","GGCTGGGTGTGGGGTTCACACCTATAATCTCAGCACTTTGGGCAGCTGAGCTGGGAGGACTGCTTAAGGCCAGGAGTTTATGACCAGCCTGGGCAACAGAGTGAGATCCAGTCTCTATAAAAATTAGCCAGGTGTGGTGGTGCCTGCCTGTAGTCCCAGCTACTTAGGAGGCTGAGGTAGGATTATCACTTGAGCCCAAGAGTTTGGGGCTGCAGTGAGCTATGATTGGGTCTCTGCACACTAGCCTGGGCAAAAAAGTGACATTCTGTCTCAAAAAAATAAATAAATAAATAAATAAAAATAAAGAACAACAAGAAAAA"
"GL873520","72830940","72831132","chrX","40886735","40886926","48","31944205","CCTCCATCTCTTCAATAATAGAAAAATTAGCTGGACATGGTTCCATGCATCAATAGTCCCAACTACTCAGGAGGCTGAGGCAAGAGGATTTCTTGAGCCTAGGATGTTAGAGACTTTAATGAGCTATGACAACACCACTATACTCCTGCCCAAGCAACAGAGCAAGACCCTGTTTCAATAAAAAAAAATAAAA","AATTTCATCTCTTAAAAAATACAAAAATTAGCTGGGGGTAGTGGTGCACAGCTGTAGTCCCAACTACTCGGGAGGTTGACGCAGGAGGATCACTTGAGCCTGGGAAGTTGAGGCTATAGTGAGCTGTGATGGCACCACTGTACTCCAGCCTGGGTGACAGAGTGAGACCTTGTCTCAAAAAAAAAAAAAAAA"
"GL873520","72831154","72831250","chr5","13406563","13406658","20","59424591","GGCCTGGGCACAGCAGCTTATGCCTATAATCCTAGAACTTTGGGAGACCAAGGCAGGAGGACTGCTTGAGGCCAGGAGTTGAAGACCATCCTGAACA","GGTTGGACACAGTGGCTCATGCCTATAATTCCAGCATTTTGGGAGGCCAAGGCAAGGGGATCACTTGAAGCCAGGAGTTCAAGACCAGCCTGAGCA"
"GL873520","72846280","72846400","chr22","36757324","36757446","28","36088956","GTAGTCCTAGCACTTTGGAAGGCTGAGATGGTAAGACTGCTTGAGGCTAGGAGTTCAAGACCTGCCTGGGCAATATAGTGAGACCTCACTTCTAAAATATATATATATATAGTAAAAAAAA","GTGATCCTAGCACTTTGGGAGGCCCAGATGGGAGGACTGCTTGAGGCCAGGAGTTCAAGACCAGCCTGGGCAACATAGTGAGACCTCATCTCTATAAAAAGAGTTAAAAAATTATCCAGGCAC"
"GL873520","72846688","72846865","chr11","71620673","71620849","48","1226015","TGGGTGTGATTAAATATTACCTGGGTGTGATAGGGCACTCTTGTAGTCTTATCTACCCAGGTGACTGAAGCAAGAGGATTGCCTGCGCCCAGCAGTTTAAGGATGTAGTGAGCTGTGGTTGAGCCATGGCACTCCAGCCTAGGTGACAGAGCTAGGCCCTCTCTTAAAAAGAAAAAAA","AAACTTTTTATTTTAATTAGCTGGACGTGGTGGTATGCACTTGTAGTCCCACTACTCAGGAGGCTGAGGCAGGAGGATTGCTTGAACCCAGGAGTTCAAGACTGCAGGAGCTATGATTGTGCCATTGCACTCCAGCCTGGCTGACAGAGTAAGACCCTTTCTCTTAAAAAAAAAAAA"
"GL873520","72852126","72852331","chr20","33705901","33706099","55","39146225","TGAGACCCAATCTCTATATAAATAGAAAAATCAGTCAGATGTGGTGGTGCATACCTATAGTCCCAGCTATTGGGGAGACTGAGGCAGGAGGATAGTGTGGGCCTCCTGCCCAAGAGTTTGAGGTTGCCATGAGCTATTATGACACCATTGCACTCTACGCAGGATGGCAGAGTGAGACCCTGTCTCAAAAGGAAAAAAAATGAAAA","TGAGACCCCGTTTCTACATAAAAATGCAAAAATTAGCCAGGTGTGGTTATGCATACCTGTAGTCCCAGCTACTCAGGAGGCTGAGGTGAGAGGATTGCTTGAGCCCTGGAGTTCAAGCCTGCAGTGAGACATGATTGCACCACTGCACTCCAGCCTGGGAGACATAGTGAGACCCTGTCTCAAAAAAAAAAAAAAAAAA"
"GL873520","72852609","72852699","chr9","110520976","110521068","28","37668367","GGCTAGGTATAGTGGCTTGTGCCCATAATCCTGGCATTCTAGCAGACTGAGGCAGGAGGATCAAGAAGAGCCAGAGCAAGAATGAGACCCA","GGCCTGGTGCAGTGGCTCATGCCTGTAATCCGAGCACTTTAGAAGGCTGAGGCAGGAGGATCACTTGAGCCCAGGAGTTCAAGATCAGCCTGG"
"GL873520","72856443","72856538","chr3","49642271","49642364","16","23214172","GGCGGGGTGCAGTGGCTCACACCTCTAATCCCAGCACTCTGGGAGGCCAAGGTGTGTGGATTGCCTGAGCTCACAGGTTCAAGACAAGCCTGAGAT","GACCGGGTGCAGTGGCTCACACCTGTAATCCTAGCACTTTGGGAGACCAAGGTGTGAGGATTGCCTGAGCCCATGAGTTAAAGACCAGCCTGGC"
"GL873520","72856786","72856975","chr8","38561134","38561339","60","34295652","CCAGCCTGAGCCAGAGTGAGACCTCATCTCTAAAAATAGCCAGGCTTTGTGCAGGCACCTGTAGTCCTCATTACTTGGGAGCCTGAGGCAAGAGAATTGCTTGAGCCCAAGAGTTTGAGGTTGTTGTGAGCTATAATGCCATAGCATTCTACCAAGGGTGACAAAATGAAACTCAAAAAAAAAAAAAGAA","CAGCCTGGGTAACGTGGTGAGACCACATCTCTAAAAAAATTAGCTGGGCTTGGCAGCACATACCTGTAGTCCCAGCTACTTGGGAGGCTGAGGCGGGAGCATCGCTTGAACCCAGGAGGTAGAGCCTGCAGTGAGCGAGACTGTATCTCTGCACTTCAGCCTGGGTGACAAAGTGAGACACCATCTTAAAAAAAAAGAAAGAAAGA"
"GL873520","72859692","72859855","chr3","189241423","189241586","42","116381731","AAATATCCAGACAGTGTTGCAGGTGCCTGCAGTCCCAGCTACTGGAGAGGCTGAAGCAAGAGGATCTTCTGAGCCCAAGAGTTTGAGGTTGCTGTGAGCTAGGACACCATGGCACTCTACCAAGAGTGACAACATGAGACACTGTCTCAAAAAAAAAAAACAAA","TTAGCCAGGCATGATGGTGCATGCCTATAGTCACAGCTATTTGGGAAGCTGAAGCAGGAGGATATCTTGAGCCCAGGAGTTTGAGGATTGCAGTGAGCTATGATCACACTACTGCACTCCAGCCTATGTGACAGAGTGAGACCCTGTCTCAAAAAAAAAAAGAA"
"GL873520","72860147","72860283","chr1","33670814","33670944","26","39189333","GGCCAGGCATGGAGTAGCTCATGCCTATAATCCTAACACTTTGGGAGGCTGAGGCAGGTGGATTGCTTGAGCTCAGGAGTTCAAGACCAGCCTGAGCAAGAGCAAGACCCCCTGTCTCTTAAAAAAATAGCCACTTG","GGCCGGGAGTGGTGGCTCACGCCTGTAATCCTAGCACTTTGGGAGGTTGAGGCAGGTGGATTGCTTGAGCTCAGGAGTTCAAGACCAGCCTGGGCAACATGGTGAAACCCTGTCTCTACAAAAAATACAAA"
"GL873520","72875827","72875962","chr1","152310097","152310225","34","79434270","GACTAGGTGCGGTGGCTTGCACCTTTAAATCCAGCATTCTGGGAGGCCGAGGCCATGGATTGCTTGGAGTCAGGAATTCAAGACAAGCCTGAGCAAGAGTGAGACCCTCATATCTCTACTAAAAACAGGAAAACTA","GGCCAGGCATGGTGGCTCACACCTGTAATCCCAGCACTCTGGGAGGCCGAGGCCAGCAGATTGAGTACAGGAGTTTGAGACCAGCCTGGGCAACAGTGAAACCTCGTCTCTACTAAAATACAAAAAATT"
"GL873520","72876242","72876423","chr12","66258613","66258792","47","6617629","TAAAAACAGAAAAACTTGCTGGCTATCATGGTGCATACTTGTAGTCCCAGTTACCTGGGAGGCTGAGGCAAGAGGATTGCTCAAGCCTAAGACTTTGAGGTTGCTGTGAGCTATGATGGTAGGCACTCTAGTCTGGGGCAATAAGAGTGAGACTCTGTCTCAAAAGAAAAAAAAATTAAAAA","AAAAAACAAAAATTAGCCAGGCATGGTGGTACATGCCTGTAGCCCCAGCTATTCTGGTGGCTGAGGCAGGAGGATTGCTTGAGCCCAGGAGGTTGAAGCTGCTGTGAGCCGTGATTGGACCACTGCACTCCAGCCTGGGGGACAGAGTGAAACTGTGTCTCAAAAAAAAAAAAAAAAAAA"
"GL873520","72909896","72909998","chr10","59492409","59492502","34","13417487","AAACAGGAGGATTCTTTGAGCCCAGGAGTTAAAGGCTGGCACTATTTATACTTCAGCCGGGACAAGAGAATGAGACCCTGTTTCTATTTTTAAGAAAGAAAAA","AGGCAGAAGGATCACTTGAGCCCAGGAGGTCGAGGCTGCAGTGAATTGTGATTGTGCCAGGCAACAGATACAGACCCTGTCTCAAAAGAAAAAA"
"GL873520","72910267","72910468","chr9","37771894","37772087","58","35138373","GGCTGGATATAGTGACCCATACTTGTATTCCCAGCAGTTTGGTGGAGAGGCTACAATGGGAAGATTGCTTGGGGCTGGAGTTTGAGACTAGTCTGAGAAACAAAGCAAGACCGTGTCTCTACAGAACATAAATAAAAAATTTGGCTGGGCATGGTGGTGTGCACTTGTAGTCTCGGCTACTAAGGAGGCAGAAACAGGAGGA","GGGCAGGTGTGGTGGCTCATGCCTGTAATCCCAGCACTGTGGGAGGCCGAGGCAGGAGGATCACTTGAGCCCAGGAGTTTGAGACCAGCCTGGGCAATATAGGGAGACACTGTCTCTACAAATAATTTAAAAATTAGCTGGCCATAGTGATGTACGCCTGTGGTCCCAGCTACTCAGGAGGCTGAAGCAGGAGG"
"GL873520","72910901","72910936","chr19","9990646","9990679","11","62920255","CACTTGAGCCCGAAAGTTCAAGGCTAGCCTGGACAA","CTTGAGCCCAGGAATTCGATGCCAGCCTAAGCAA"
"GL873520","72916757","72916848","chr15","37377465","37377541","32","35539292","AAAAAAGTTTGACGATGCTGTGAGTTATGCAGCAGTACTCTACCAAGGGCAACAAACAGACTGTCAAAAAAAAAAAAAAAAAGGGAAAAGAA","AAATAGCTATGATCATATCACTGTACTCCAGCCCAGGTGACAAAGAGACCCTGTCTCAAAAAAAAAAAAAAAAAAAA"
"GL873520","72916937","72917022","chr1","21836229","21836318","20","51080708","GCCAGGCATTGTGGCGGGCGCCTGTAGTCTCAGCTACTTGGGAAGCTGAGGCAAGAAGATCACTTTAACCCAAGAGTTTGAACTTG","GGCCAGGCATGGTGGCACGTGCCTGTAATCCCAGCACTTTGAGAGGCTGAGGCAGGAAGATCACTTGAGCCCAAGAGTTTGAGAACAGCC"
"GL873520","72917555","72917693","chr1","33670814","33670944","38","39246741","GCTGGGAGCAGTGTCTCACTCCTATAATCCTAGTACCCTGGGAGTCTGAGGCAGGTGGATTGCTTGAGCTCAGGAGTTCAAGACCAGCCTGAGCCAGAGCAAGACCCTGTCTCAAAAAAAGGCCGGGGGCGGGGGGGAA","GGCCGGGAGTGGTGGCTCACGCCTGTAATCCTAGCACTTTGGGAGGTTGAGGCAGGTGGATTGCTTGAGCTCAGGAGTTCAAGACCAGCCTGGGCAACATGGTGAAACCCTGTCTCTACAAAAAATACAAA"
"GL873520","72954173","72954287","chr1","149917067","149917179","26","76962894","GCTCGTGCCCATAATCCTAGCAGTCTGGGAGGCAAAGGCAGGTGGATTGCTTGAGCTCAGGAGTTCGACACCAGCCTGAGGCAGAGTGAGACCCTGTCTCTAAAAAAAGAAAACA","ATGCCTGTAATCCCAGCACTCTGGGAGGTCAAGGCAGGAGGATCCCTTGAGCTCAGGAGTTTGAGACCAGCCTAAGCAGGATAGTGAGACCCTCATCTCTACAAAAAAAAAAA"
"GL873520","72954546","72954724","chr1","184532449","184532625","43","111577903","GAACAATTAACTGGGTATCATGGCATACACCTATAGTCCCAGCTACTCAGGAGGCTGAGGCAGGAGGATTGGTTGAAACCAGGAGTTCGAGGTTGCTGTGATTTATTATTACGTTGCTGTGCTCTAACTGGGGCAACAGAGTAAGACTGTCTCCAAAAAAAAAAAAAAAAAGAAAGAAA","AATTAGCTGGGCATGGTGGCATGCACCTATAATCCCAGCTACTCAGGAGGCTGAGGTGGGAGGATCTCCTGAGTCCAGGAGTTCGAGGCTGCAAGTGAGCTATGATCGTGCCAGTGTTCTCCAGCCTGGGCAACAGAGTGAGACCTGGTCTCTAAAAAATAAAAAAATAAAAATAAA"
"GL873520","72959829","72959849","chr19","11811175","11811192","4","61148654","CAAAACTGTAAAAAAATAAAA","CACAATGAAAAAAATAAA"
"GL873520","72959944","72960241","chr17","24444892","24445190","94","48515052","GTGGCCCACACCTGTTAATCCCAGCAATTTCAGAGGCCCAAGTGGGAGGATTGCTTAAGACTGGGAGTTCAAGACTAGCCTGGACAAGATAGCCAGAGTCTGTCTCTGAAATTTTTTTTTTTTTTTTAGTTAGCTGGGTGTGGTGGCATGTGTATGTAGTTTTAACTGTTTGGAAGGCTGGTGGAGGAAGATAACTAAGTGCAGGACTTGCAGGTTGTGGTGAGCTATGATTGTATGTACCACTGTACTCCAGCCAATGCAACAGAGTAAGACCCCTATCTTTAAAAAAAAGGAGCGG","GGCTGGGCACAGTGGCTCATGCCTGTAATCTCAGCACTTTGGGAGGCCAAGACAGGAAGATCGCTTGAACCTAGGAGTTCAAGACCAGCCTGGGCAACATAGTGAGACAGTGTCTCTACAAATTTTTTTTTTTTTTTAATTAGCTGGGTATGGTAGTGCACACCTGTAGTCTCAGCTACTTGGGAGGCTGAGGCGGGAGGATCACCTGAGTGCGGGAGGTCAAGGCTGCAGTGAGCAGTGGTCATGCCACTGCACTCCAGTGTGGGCAACAGAGTGAGACCCTGTCTCAAAAAAAAAAA"
"GL873520","72987852","72988108","chr4","38339349","38339590","66","34648503","GAAATTCCGAGGTGGGACAACCTCTTGAGGCTAGGAGTTTGAGACCTGAGACCTACCTAGGCACCACAGCGAGACCCTATCTCCATAAAATATAAAAAAATCAGCTAGGCATGGTGGTGCACACCTATACTCCTAGCTACTTGGAAGGCTGAAGCAGGAGGATCACTTGAGCCAAGGAATTTGAGGTTGCAGTGAGCTATGATCACACCATAGCAAGCCTAGGCAACAGAATAAGACCCTGTCTCCAAATAAATAAA","GAAGTGAGTGGATGGCTTGAGCTCAGGAGTTTGAGACCAGACTGGGCAACATGGTGAAACCCCATCTCTACAAAAAATACAAAAATTAGCCAGGCGTGGTGGTTCGCACCTATAATGCCAGCTACTTGGGGGGCTGAGGCAGGAGGATAGCTTGAGCCCAGGAAGTGGAGGTTGCAGTGAGCTGAGATCACATCACTGCAGTCCAGCCTGGGTGATAGAGTGAGACCCTGTCTCAAAAAAAA"
"GL873520","72988368","72988403","chr8","123409770","123409807","13","50421402","GCCTATAATCCTAGCACTTTGAAATTCCGAGGTGAG","CTCATGCCTATAATCCTAGCACTTTGGGAGGCAGGCAG"
"GL873520","73061340","73061536","chr20","4833312","4833507","57","68228028","GGCTGGGCACAATGCCTGACCCATATAATCCTAGCACTCTGGGAGGCCAAGGCGGGGAGGGACAGGATTGCCTGAGCTCACAAGTTCAAGACCAGCCTGAGTCAGAGCAAGACCTCGTCTCTAAAATATAGCCAGGTGTTGTGGCCGGCACCTGTAGTCCCAGCTACTTGGGAGGTTGAGGCAAGAGAATCTCTTAA","GGCTGGGCCCAGTGGCTCACATTTGTAATCCCAGTACTTTGGGAGGACAAGGCAGGCGTATCACTTGAGCCCAGAAGTTCGAGACCAGCCTGGGTAACACAGCAAAACCCCGTCTCTACAAAAAATTAGCCAGGTGTGGTGGTGCATGCTTGTAGTCCCAGCTACCAGGCAAGCTGAAGAGGAAGCATCACCCTCA"
"GL873520","73061812","73061921","chr2B","206563725","206563834","29","133501913","GGAGAATCTCTTAAGCCCAAGAGTTTGAAGTTGCTGTAAGCTGTGATGCCACAACACTCTACCAAAGGAAACAAAGTGAGACTCTGGCTCAGAAAAACAAACAAACAAAA","GGAGTGTCACTTGAGCCTGGGAGTTTGAGGTTGCAGTGAGCTGTGATTGCATCATGCACTCCATCCTGGGCAAAAGAGTGAGACCCTGTCTCAAAAAAAAAAAAAAAAAA"
"GL873520","73083143","73083268","chr7","99782297","99782421","34","26699154","CAGTGGCTCACATCTGTAATCCCAGCACACTGGGAGGCTGAGGAGGGCGGATTGCCTGAGCTCACAGGTTTGAGTCCAGCCTGAGCAAGAGCAAGACCCCTGACTCTAAAAATAGCCAGGTGTGAA","GGTGGCTCACGACTGTAATTCCAGCACTTTAGGAGGCTGAGGCGGGAGGATTGCTCGAGGCCAGGAGTTCAAGACCAGCCTGAGCAACGTACCGAGACCCTGTCTCTATAAAAATTAGAAGGTTA"
"GL873520","73083525","73083631","chrX","48956519","48956618","29","24127006","TAAAAATAGCTGGGCAATGTGGCTGGTGCATGTATTCCTAGGTACTTGGGAGGCTGAGGCAAGAGAATTGCTTGAGCCCAAGAGTTTGAGATTGCTGTGAGCTGTGA","GCTGGGCATGGTGGTGTGTGCTCATAGTCCTAGCTGCTGGGGAGGCTGAGGTGAGAGGACTGCTTGAGCCCAGGAATTTGAGACTGTAGTGAGCTGTGAT"
"GL873520","73086014","73086142","chr10","95119450","95119581","30","22033436","CTGGGCACAGTGGCTCACGCCTATTATCCCAGCACTTGGGAGGCTGAGGCAGATGGATTGCCTGAGCTCAGGAGTTTGAGACCAGGTGAGCTAGAGCAAGACCCCCATCTCTAAAAATAGCTGGGCATT","CCGGGTAGAGTGGCTCATTCCTGTAATCCCAGCACTTTGGGAGGCTGAGGCAAGAGGATTGCTTGAGGTCAGGAGTTCGAGACCAGCCTGAGCAATGTAGCAAGACTCCACCTCTACAAAAAATGAAAAGCT"
"GL873520","73086410","73086584","chr12","96671998","96672172","39","23585588","AATTAAAATAGCTGGGCATTGTGGCAGGGGTCTGTAGTCCCAGCTACTTGGGAGGCTGAGGTAAGAGAATCACTTAACCCCAGGAGTTTGAGGTTGCTGTGAGCTATGACACCATAGCACTCTACCAATGGTGACAAAGTGAGCCTCTGTCTCAAAAAAAAAAAGTAAATAAAAA","AATTAGCTGAGCATGGTGGCAGGCACCTGTAGTCCCAGCTACTTGGGAGGCTGAGGGAGGAGGGTCACTTGAACCCAGGAGTTTGAGGCTGCAATGAGCTATGACTGCATCAGTGCACTCTAGCCTGGGCAGTAGAGTGAGACCCTGTCTCACAAAAAAAAGAAGGAAAGAGAAA"
"GL873520","73111621","73111695","chr4","25785731","25785810","15","47325890","GGCCTGGCGTGGCTCATGCCTCTAATCCTAGCACTCTGGGAGGCCGAGGTAGGTGGATTACTTGAGCTCACAGGT","GGCCTGGTGCAGTGGCTCATGCCTATAATCTCAGCACTTTGGAAGGCCGAGGTGGGGGGATCACTTGAGCCCAAGCAGTT"
"GL873520","73111955","73112180","chrUn_GL394560","7392","7612","71","73104563","TGAGCTCACAGATTGGAGACCAGCCTGAGCAATAGCAAGACCCCGTCTCTAAAAATAACCAGGTATTGTGGAAGGCACCTGCAATCCCCACTACCTGGGAGACTGAGGCAAGAGAATCGCTTGAGCCCAGGAGTTTGAGGTTGTTGTATGCTATGATGCCACGGCACTCTACTGAGGGCAACAAAGTGAAACTCTATCTTAAAAAAGAAAAGAAAAGAAAAAGAAA","GAGCCCAGGAGTTCGAGACTAGCCTGGGAAACATTGCAACCCCATCTCTACAAAGAATAAAAAAATTAGCTGGGAGTGGTGGTCCCAGCTACTTGGGAGGCTGAGGCAGGAGAATCATTTGAGCCCAGGAGGTTGAGGCTGCAGTGAGCCATGTTAGTGCCATTGCACTCCAGCCTGGGTGACAGAGTGAGATCTTGTTTAAAAATAAAGAAAGAAAGAAA"
"GL873520","73125194","73125383","chr7","4237351","4237553","49","68887843","GGCTGGGCGTGGTGGCTCATGCCTGTAATCCCAGCACTCTGGGAGGCTGAGGCAGGTGGATTTGCTAGATCTCAGGAGTTGGATACCAGCCTCGGCAAGAGCAAGACTCCATCTCTAAAAATAGCTGGGCATTGTGTTGGGCACCTGTGGTCCCAGTTACTCAGGAGGCTGAGGCAAAAGGCTCACTTGA","GGTCAGGCATGGTGGCTCATGCCTGTAATCCCAGCACTTTGGGAGGCCGAGGTGGGCAGATTGCTTGAACTCAGGAGTTGAAGACTAGCCTGGGCAACACGGCAAAACCCCATCTCTACTAAAACTACAAAAACTAACTGGGCATGGTGGCACGCGCCTGTAGTCCCAGCTACTGGGGAGGCTGAGGTAGGAGGATCACTTGA"
"GL873520","73125656","73125758","chr3","46775769","46775871","28","26349887","GGATCACTTGAGTCCAAGAGTTTGAGGTGGCTGTGAGTTATGACACTACCAGCACTTTACTGGGAGCAACAAAGTGAGACTCTGTCTCAAAAAAAAAAAAGAA","ATCACTTGAGCCTTGGGGGTTGAGGCTGCAATGAGTCATGACTGTGCCATTGCACTCTAGCCTGGGCAACAGAAAAGAGACCCTGTCTCAAAAAAAAAAAAAA"
"GL873520","73447089","73447356","chr3","133065732","133066007","74","59618643","GGCTGGGTGCGGTGGCTCACGCCTGTATTCCCAATACTTGGGAAGTTCAGGGGTTGGATTGCCTGAGCTCACAGGTTCAAGACCAGTCTGAGCCAGAGTGAGACCTCATCTCTAAAAAAATACCCGGGCATTGTGGTGGGTACCTGTAGACCCAGCTACTTGGGAGGCTGAGGCAAGAGAATGACTTGAGCCTGAGAGTTTGTGGTTGCTGTGAGCTACAATGCCTTGGCACTCTGTTGAGCATTACAAAGTGAGACTCTGTCTCAAG","GGCCGGGTGCAGTGGCTCACGCCTGTAATCCCAGCACTTCAGAAGGCCAAGGCAGGAGGATCACTTGAGCTTAGGAGTAGAGACCAGCCTCAGCAACATGGTGAAACCCCATCTCTACAAAAAATTAGCCGGGCATAGTGGTGCGTGTCTGAAGTCCCAGGTACTGGAGAGGCTGAGGCAGGAGGATCACTTGAGACTGGGAGGTCAAGGATGCAGTGAGCTGTGATAGTGCCATTGCACTCCAGCTGGGGCAACAGAGCGAGACCTTGTCTCAAA"
"GL873520","73447378","73447393","chr1","153358526","153358539","2","79911148","AAAAAAAAACCAAAAA","AAAAAAAAAAAAAA"
"GL873521","58193","58339","chr1","40759650","40759803","42","40701457","TTAGTCAGGCATTGTGGCAACTTAGGCATAGCTACATGGAAGGCTTAGACAAGAGAATCACTAGAGTCCAGGAATTGGAGGTTGCTGTGAGCTACGATGCCATAGCACTCAAGCCTGGGGCAACAGTGTGAAACTCTATCTCAAAAA","ATTAGCCAGACATGGTGGTGCACATCTGTAGGCCTAGCTACTTGGGAAGCTGAGGCAGGAAGACTGCTTGAGCCCAGGAGTTTGAGGCTGCAGTGAACTATGATGACATCACTGCACTCCAGCCTGGGCAAGAGTGAAACTGTTTTTTAAAAAA"
"GL873521","58369","58496","chr11","12504072","12504193","41","12445703","GGTGTGGTGATTGATGCCTGTAAGTCTAGCACTTTGAGGAGAGTGGATCCCTCTGAGGAGGGTGGATCTGTTGAGCTCAGATACTCAAGACCAGACTGAGCAAGACTGAGACCCCCCCATTTTTACAA","GGCCTGGTGCAGTGGCTCAGACCTGTAATTCCAGCACTTTGGGAGGCCTGGGTAGGTGGACTGTTTGAGCTCAGATGTTTGAGACCAGCCTGGGCAACATGACAAAACCCCATCTCTACATA"
"GL873521","119441","119613","chr3","50079465","50079644","54","49960024","CAACAAAAAAAAAAACAGATGACATAGTGGTTCACACCTGCAGTTGCAGCTAATGGGGAGACTTAAGACAGGAAAATCACTTGAACTCAGGCATTTGAACTTTCAGTGAGCTATGCTGATGCCACTGTACCTTAGTCATGACAGCAGAGCAAGAACCGGACTAAAAAAAAAAA","ACAAAAAGAAAAAACAATTAGCAAGGCCTGGTGGTACACACTTGTAGTCCCAGCTATTTGGGAGGCTGAGGTGGGAGGATCACTTGAGCCCAGGAGTTCAAGGTTACAGTGAGCTATGATCATGCCACTGCACACTAGCCTGGGCATCAGAGAGAGTTCCTGTCTCTAAGAAAAAAAAAA"
"GL873521","119642","119758","chr4","150658849","150658965","24","150539207","GGCTGGACCTGGTGGTTCACACTTGTAATCCTGGCACTTTGGGAAGCCAAGGTGGGAGAACTGGGTGAGGTCAGGAGTTTAAGACCAGCCTGAATGACATAGCAAGATCTCATCTCT","GGCTGGTTATGGTGGCTGACACCTGTAACCCTAGTACTTTGGGAGGCCCAGGTGGGAGGATTGCTTGAGGCCAGGAGTTTAAACCAGCCTGGGCAACATAGCAAGACCTCATTTCTT"
"GL873521","610584","610857","chr11","57816849","57817130","68","57206265","GGCCATGTGCAGTGGCTCACACCTGTAATCCTAGCACTCTGGGAGGCTAAGGCAAATGGATTGCTTGAGCTCAGGAGTTCAAGACCAGCCTGAGCAAGAGCTAGAACTGACCCCATCTCTAAAAAATGCCAGGCAATATGGTGGAGTCTAGAGTCCCAGCTACTCGAAGGCTAAGGTAGAAAGATGGCTTAAGCCCGAGAGTTTGAGGTTGCAGTGAGCCGTGACACCATGGCACACTCTACTGAGGGTGACAAAGTGAGATTCTGTCTCCAAA","GGCCAGGCACAGTGGCTCACACCTGTAATCCTAGCACTTTGGGAGGCCAAGGCAGGTGGATTGCTTGAGCCCAGGAGTTTGAGACCAGCCTGGGCAACATGGCAAAACCTCATCTCTACAAAAATTAGCCAGACATGGTGGTGGGTGCCTGTAGTCCCAGCTACTCAGGAGGCTGAGGTAGGAGGATCATCTGAGCCCAGGAGGTCGAGACTGCAGTGAGCCATGATCATGCCACTGCACTCCAGCCTGAGTGACAGAGTGAGATCCTGTCTCAAACAAAAA"
"GL873521","1502062","1502265","chrX","121141350","121141549","52","119639288","CAAACAAAAAAAGACTAGTCTCTACTGAAAATAGAAAAACTAGCCGGGTATTGTGGCAGGCTCCTGTACTCCCAGCTACTTGGGAGGCTGAGGCAAGAGGATCACTTGAGCCCACGAGTTTGAGCTTTCTGTGAACTATGATAATGTCACAGCACTCTACCCAGGGTGACAGAGTGAGATTCTGTGTCAAAAAAATAAAGAAAA","GAAACAAAGCAAGACCCCATCTCTACAAAAAATTTAAAAATTAGCTGGGCCCAGTGGTGTGTACCTGTAGTTCCAGCTATTTAGGAGGCTGAGGCAGGAGGATCCCTTGAGCCCAAGAGTTCAAGGTTGAAGTGAACCATGACTACGCCACTGCACTCTAGCCTGGGGACAAAGTGAGACCTTGTCTCAAAAATAAAAAA"
"GL873521","1502500","1502603","chr19","19649787","19649888","25","18147287","GCCAGGTGCAGTGGCTCATGCCTATAATCCTAGCACTCAGGAAGGCCAAGGCAGGTAGATTGAGTTTGAGACCAGCCTGACTAAGAGCAAGACTGGTCTCTATA","GCCAGGCATGGTGGCTCATGCCTGTTATCCTAGCACTTTGGGAGGCTAAGGCGGGAGGAGTTTGAGACCAGCCTGGGCAACATAGCCAGACCCTGTCTCTTA"
"GL873521","1595405","1595517","chr21","23033355","23033468","23","21437950","GCTGGGCATGGTAGCTCATGCCTGTAATCCCAGCACTCTGGAAGGCCGAGGCAGGTGAATTGCCTAAGCTCACAAGTTCAAGGCCACCCTGAGCCCAGCAAGACCCTATCTGT","GGCCAGGCATAGTGGCTCATGCCTGTAATCCCAGCACTTTGGAAGGCCGAGGCAGGAGGATTGCTTGGAGCCCAGGAGTTCGAGACCAGCCTGAGCAGCATAGACCCCTATCTC"
"GL873521","1595795","1595978","chr3","132688217","132688402","51","131092422","TGAGACCCATCTCTAAAAATAGCCAGGCGTTGTGGTGGGCGCCTATAGTCCCCGCTATTCTGGAGACTGAGGCAAGAGAATCACTTAAGCCCAAGAGTTTGAGGTTGCTGTGAGCTGTGACACTATGGCCCTCTACCAAGGGTGACAAAGTGAGACTCTGGCTCAAAAAGAAAGATAAAAAAAA","TACAGAAAAATTTTTAAAAAATTAGCCATGTGTGGTGATGCGCACCTGTAGTCCCAGCTACTCTGGAGGCTGAGGTGTGAGGATCACTTGAACCCAGGAGTTCGAGGCTGCAGTGAGCCATGATCATGCCACTGCACTCCAGCCTGGGTGACAGAGTGAGACCTTGTCTGAAAAAAAAAAAAAAAA"
"GL873521","1759823","1760095","chr20","35179301","35179570","73","33419478","CTAGCATCCTGGGAGGCTGAGGCAGGTGGACTGTCTGAGCTCATGAGTTTGAGACCAGCTTGAGTAAGGGAGACCCTGTATCTACTAAAAATAGAAAAACTAGCCAAGCATGGCGGCACATGCCTGTAGTCCGAACTGCTTGGGAGGCTGAGGCAAGAGTATCACCTAAGCCCAAGAGTTTGAGGTTGCTCTGAGCTATGAAACCAGGGCAGGGTCCTCTACCCAGGGTGACAAAGTCAGACTGTCTCCAAAAAAAAAAAAAAAAAAAAAAAA","CCAGCATGGTGGGAGGCCGAGGTGGGCAGATCGCTTGAGTCCAGGAGTTTGAGACCAGCCTGGGCAACATGGCGAAACCCCGTCTCTACAAAAAATACAAAAATTAGCCAGCATGGTAGCCCACGCCTGTAGTCCCAGCTGCTTGGGAGGTTGAAGTGGGAGCATCACTTGAGCCTGGGAGGCGGAGGTTGCAGTGAGCTGTGATCTGCACTCCAGCCTGGGTGACAGAGCGAGACTCTGTCTCAAAAAAAAAAAAAAAAAAAAAAAAAA"
"GL873521","1760611","1760644","chr1","206552735","206552767","4","204792124","GGCTGGGAGCCGTGGCTCACCCCTGTAATCCTAG","GGCTGGGAGTAGTGGCTCACGCCTGTAATCCTA"
"GL873521","1978757","1978896","chr19","10086469","10086601","36","8107712","GGGTGCAATGGCTCATTCCTACAACCCTAACATTTTGGGAGGCCTGGGTGGGAGGAAAGCTTGGGACCCGTAGTTTGAGATCAGCCTGAGCAACACAGTGAGATGCTGTCTCTACAAAAAATTAGCCTAGTATGGTGGTG","GGGTGCAGTGGCTCACACCTATAATCCTAGCAGTTTGAAAGGCTGAGACGGGTGGATCGCTTGAGCCCAGGAGTTCAAGACCAGCCCGGGCAACATAGTGAGACCCTGTCTCTACAAAAAATTAGAGGATGTG"
"GL873521","1984940","1985104","chr19","18092803","18092966","37","16107863","AAAATGAGCCTGGTGTGGCAGCACTTGCTTGTGGTCCCAGCTACTTAGGAGGCTGAGGCAGCAGAATTGCCTGAGTCCAGGAGTTTGAGATTGCAGGGAGCTATAACCATACCACTTCATTCCAGCCTGGGCAACAGAGCAAGGCCCTGTCTCAACCAAACAAAA","AATTAGCAGGCTGTGGTAGCATGTGCTTGAGGTCTCAGTTACTTGGGAGGCTGAGGTGGGAGGATCACCTGAGCCCAGGAGTTCAAGGCTGCAGTGAGCTATGATCACACCACTGCACTCCAGCCTGGGCAACAGAGCAAGATGCTGTCTCAAAAAAAAAAAAA"
"GL873521","2126971","2127283","chr1","18920994","18921309","78","16794023","GCCAGGTGCAATGGCTCATGCCTGTAATCATAGCACTCTGGGAGGCTGAGACTGGAGGATTACTTGAGCTCAGGGTTTCGAAATCAGCTTGAGCAAGAGTGAGACCCCCATCTCTACAAAAATAGAAAAACTAGCCAGGTGTTGTGGTGGGCACCTGTAGTCCTAGCTATTTGGGAGGCTGAGGCCAGAGGACAGCTCAAGTCCGGGAGTTTGAGGTTGCTGTGAGTTGTGACAGCACAGATGTCTACAGAGGGTAACAAAGAAAGACTCTGTCTCAAAAATGAATGAATAAATAAGTAAATGAATAAATAAA","GGCCAGGTGCATTGGCTCATGCCTGTAATCCTAGCACTTTGGGAGGCTGAGGCAGGCAGATTGCTTGAGCCTGGGAGTTTGAGACCAGCCTGGGCAACATGGCAAAACTCTATCTCTACAAAAAATACAAAAATTAGCCTGGCGTGGTAGCGTGAGCCTGTAGTCCCAGCTACTGGGGAGGCTGAGGTTGGAGGATAGCTTGAGTCCGGGAGGTCGAGGCTGTAGTGAGCTGTGATCACACCACTGCACTCCAGCCTGAGAGACAGAGAGAGATCTTTTCCCAATAAATAAATAAGTAAGTAAATAAATAAATAAA"
"GL873521","2389393","2389473","chr1","36080957","36081040","20","33691564","TTGGGAGACTGAGGCAGGAGGATTCCTTGAAGCCAGGAGTTCAAGACCAGCCTGAACAGGAGTGAGACTCTGACCATATAA","CTTTGGGAGGCTGAGGCAGGGGGATTGCTTGAGCCCAGGAGTTCAAGACCAGCCTGGGCAATATAGCGAGACCCTCATCTCTAC"
"GL873521","2389498","2389674","chr1","31190959","31191130","48","28801461","CCCCAGAAAAACAGAAAAATTAGCCAGGTATGGTGGTATGGGTCTATAGTCCCAGCTGCTTGAAGGCCAAGGCAGGAGGATTACTTGAAGCCCAAGAGTTTAAGGCTACAGTGAACTATGACGATGTCACTGCACTCTAGCCCAGTTGACAGGGAATGAATCTGTTTCAAAAAAAAA","CACACACACACACAAAAATTAGCCAGTGTGGTGGTATACTCCTATAGTCCTAGCTGCTCGGGAGGCTGAGACAGGAAGGTCACTTGAGCCTAGCAATTTAATGCTGCAGTGAGCTATGATTGTGCCACTGCACTCCAGCCTGGGCAGCAGAGTGATACTCTGTTTCAAAAAA"
"GL873521","2550002","2550150","chr19","3288108","3288256","38","738106","CCCTCAGCTTTGCATGGTGATATGCACCTTTGGTCCCAGCTGCCTCAGGAGGTTGAGGCATGAGGATCCCTTGAGCCCACAGTTTGAAGCTGCAGTGGGCTATGATGGTGACACTACACTCTAGCCAGGGAGACAAAGTGAGGCTCTAT","AGTTAGCTGGGCATGGTGGTATGGGCCTGTGGTCCCAGCTACTCAGGAGGCTGAGGCAGGAGCATCTCTTGAGCCAAGGAGGTCGAGGCTGCAGTGAGCTGAGATTGCGCCACTGCACTCCAGCCTGGGTGACAGAGTGAGATCCTGTC"
"GL873521","2550422","2550560","chr7","34482046","34482189","32","31931624","CTGAGTGTGGTGGCCCCTGTCTGTAATCCCAGCCCTTTGGAAGGCTGAGAAGAGGATCACGTGAGGCCAGGAGGTTGAGAACAGTGTGGGCAACACAATGAGACCCATCTCTAAAACAAGTTTAAAAATCAGCTGGGCT","GGCTGGGCATGGTGGCTCATGCCTGTAATCCCAGCACTTTGGGAGGCTGAAGTGGGAGGACTGCTTGAGGCCAAGAGCTTGAGACCAGCCTGGGCAACATAGTGAGACTCCATCTCTACAAAAAGTTTAAAAATTAGCAAGGGT"
"GL873521","2565293","2565460","chr12","36177409","36177585","39","33612116","AACAATAAAAATTATCCAGATATGGTGGTGTGTGCCTGTAGTGCCAACAGCTAGGGAGGCTGAAGCAGGAAGATCGCTGGAGCCCATGAGTTTGAGATTGCAGTGAGCTGTGAGGCCACTGCGCTCTACCCTGGGTGAGAGAGTAAGACCCTGTCTTGAAAAAACAAA","TAAAAAATTAAAAAATTAGCCAGATGTGGTGGTGCGTGGCTGTGGTCCCAACTACTCTGGAGGCTGAAATGGAAGGATTACTTGAGCCCATGAGGTTGAGGCTGCAGTGAGCTGTGACTGAGCCACTGCACTCCAGCCTGGGTGACAGAGTGAGACCCTGTTTCAAAAAAAAAAGAA"
"GL873521","2565490","2565601","chr12","111694807","111694920","25","109129317","CCAGATACAGTGGCTTACACCTGTTATCCTAGCACTTGGGAGGCCAAAATGAGAGGCTTGCTTAAGTCCAGGAGTTTGAAACCAACCTGTGCATGAGCAAGACCCCATCTCT","GGCCAGGTACAGTGGCTCACACCTATAATCTCAGCACTTGGGAGGCCAAGGTGGGAGGATCACTTGAGTCCAGGAGATTGAGACCAGCCTGGCAACATAGCAAGACCCTATCTC"
"GL873521","3217868","3218143","chr10","9473915","9474197","72","6256047","GGCTGGGTGCAGTGGCTCATGCCTATAATTTTAGCATTCTGGGAGGCCTGAATAGGAGGATCCCTTGAGCTCAGGAGTTTACCAGCCCAAGCAAGAGTGAGACCCCATTTCAACTATAAATAGAAAAACTAGCTGGACGTGGTAGCGTCTGCTTGTATCCTAGCTACTGAGGTGGCTGAAGTAGGAGGATCATTTGAGCCCAAGATTTGGTGATAGCAGTGAGCTAGGCTCATACCATAGCACTCTAGCCTGGGCAGCAAAGTGAGACTATCTCAA","GGCTGGGTGCAGTGGCTCACACCTGTAACTTTAGCACTTTGGGAAATCAAGGAAGGTGGATCACTTGAGCCTAGGAGTTTGAGACCTGGACAACGTAGTGAGACCCCATTTCTACAAAATAAAACAAAAACTAGCTGGGCATGGTGGCATGCTCCTATAGTCCCAGCTACTCAGGGGCCTGAGGTGGGAGGATCGTTTGAGCCCAGGAGGTGGAGGTTGCCGTAAGCCAAGATCATGCCACTACACTGCAGCCTGGGAGACAGAGTGAGACCCTGTCTCAAAA"
"GL873521","3218164","3218191","chrX","137081199","137081225","4","133863035","AAAAAAAAAAAAAGGAAGAAGAAGAAAA","AAAAAAAAAAAAAAAAAGGAAAGAAAA"
"GL873521","3495930","3496043","chr1","9156973","9157091","28","5661043","GACCAGGCCCAGTGGCTCACTCCTATAATCCCAGCACTCTGAGAGGCCAAGGCAGGAGTTTGAGACCAGCTTGAGCAAAAGCAATACCCTATCTATAAAAAAAATAGCCAGGCT","GGCTGGGTGAGGTGGCCTCACGCCTGTAATCCCAGCACTTTGGGAGGCCAAGGCAGGAGTTTGAGACCAGCCTGGGCAATACAGTGAGACCCCATCTCCAAAAAAAAAATTAGTGGGGC"
"GL873521","3496294","3496455","chr4","75562087","75562252","37","72065793","TAGCCAGACATGGTGGCAGGTTCCTGTACTCCCAGCTACTTAGAGGCTGAAGCAAGAGGATAGCTTGAGACCAAGAGTCTGGAGGTTGCCATAAACTATGATGCCATAGCACTCTACCCACGGTGACAGAGTGAGATTCTGTCTCAAGAATAAATAAATAAA","TTAGCTGGGTGTGGTGGCATGCACCTGTAGTCCCAGCTACTTAGGAGGCTGAGGCAAGAGGATCACTTTAGCCCAGGAGGTGGAGGTTGCAGTGAGCTGAAATCATACCACTGCACTCCAGCCAGGGTGACAGAGTGAGACCTTGTCTCAAAAATAAATAAATAAA"
"GL873521","3515961","3516093","chr1","109402188","109402317","37","105886227","CTGGGCACAGTAGTATGTTCTTGTAATCCCAGTTTGGGAATGGGAGGCTGAAGCAGGAGGATCTCTTGCACCTAGGAGTTCAAGTCCAGCCTGGGCCACTTAGGTAAACACTCCTATACACACAATAAATAAA","GGCTGGGACGGTGGCTCATGCCTGTAATCCCACACTTTGGGAGGCTGAGCTGGCAGATTGCTTGAGCCTAGGAGTTCAAGACCAGCCTGGGCAACATGGTGAAACCCCACCTTTACAAAAAATAAATAAA"
"GL873521","3526495","3526609","chr6","8494714","8494833","23","4968219","GGGTGTGGTGGCTCATGCCCATAATCACAACACTTTGGGAGGTGAGGCAAAATGGTCACTTGAGACTAGGAGTTCAAGATCAGCCTGGGCAACATAGCAAGACTCTGGGTCCACA","GGCCAGGTGTGGTGGCTCATGCCTGTAATCCCAACATTTTGGGAGGCTGAAGCAGAGAGGTTGCTTGAGACCAGGAGTTCAAGACCAGCCTGGGCAACATAGCAAGACCCTCTCTCTACC"
"GL873521","3526643","3526661","chr3","50246504","50246521","6","46719861","TTAAAAAACAAACATTTGC","AAAAAAAAAAAAAATTTT"
"GL873521","3544998","3545149","chr5","35290577","35290728","43","31745579","AGCCCAACAAAATGAGGGGGGCATTGTGGTGGACGCCTGTAGTCCCAGTCACTCAGAAGGCTGAGACAAGGGAATCGCTTGAGTCCAAGATTTGAGGTTGCTGTGAGCTATGATGGCACAGCACTCGACCCAGGGCAACAGAGTGAGACTCT","ATAGAAAAACTAGCCAGCATGGTGGCTCACGCCTGTAGTCCCAACTACTCAGAAGGCTGAGGCAGGAGGATCGATTGAGCCTGGGAGGTCAAGGCTGCAGAGAGCCATGATTGTGCCACTGCACTCTAGCTTGGGCAACAGAGTGAGACTCT"
"GL873521","3545179","3545299","chr8","123644856","123644976","23","120099677","GGCCAGGGTGCAGTGGCTCATGCCTGTAATCCTAGCACTCTGGAAGGCTGAGGCGGGTGGATTGCTTGAGCTCAGGAGTCGGAGGTCAGCCTGAGCAAGAGAAGGATCCCATCTCTACTGA","GGTTGGGTGCAGTGGCTCATGACTGTAATCCCAGCACTTTGGGAGGCTGAAGCAGGTGGATTGCTTGAGCCCAGGAGTTGGAGATCAGCCTGGGCAACATAGTAAGACCCTGTCTCTACAA"
"GL873521","3553893","3554058","chr11","78192954","78193119","45","74639061","AATACTGACCAGGTGTAGTGAGTGGTGCATGCCTATAGTCTCAGTTACTTGGAAGGTTGAGGCAAAAGGATTGCTCAAACACAAGAGTTTTAGGTTGCTGTGAACTATGATGCTACAGCACTCTACCAGGGCAACAGAGTAAGACTGTGTCTCAACAACAAACAAA","ATTAGCCAGGCATGTTGGTGCATGCCTATAGTCCTAGCTACTTGGAAGGCTGAGGCATGAGGATGTACTGAGCCCAAGAGTTCCAGGTTAGAGTGAGCTATGATCATGTCACTGCACTCTAGCCTGGGCAACATAGCAAGACCCTGTCTCTAAAACAAAGCAAAAA"
"GL873521","3554086","3554201","chr1","91242641","91242760","22","87688555","GGGTGCAGTGGCTCACGCCTATAATCCTAACACTCTGGGAGGCCAAGGTAGGTGGATCACTTGAGTTTGAGGAGTTTGAGACCAGCCTGAGCAAGAGAAAGACCCCATCTCTACTA","GCCAGGCGCAGTGGCTCACACCTATAATCCCAACACTTTGGGAGGCCAAGGCAGGAGAATCACTTGAGGCCAGGAGTTTGAGACCAGCCTGAGCAACATAGCAAGACCTTGGCTCTACTA"
"GL873521","3593976","3594262","chr16","24608122","24608413","74","21014146","GGCTGGGCACAGTGGCTCACACCGGTAATCCCAGCACTCTGGGAGGCCGAGGCAGGTGGATTACCTGAGCTCACAGTTTCGAGACCAGCCTGAGCAAGAGTGAGACCCCCCCCCCAATCTCTAAAAATAGCTGGGCGTTATGGCCAGGTGCCTGTAATCCCAACTATTTGGGAGGGTGAGACATGAGAGTCAGTCACTTTGAGCCAAGAGTTTGAGGTTGCTGTGAGCTGTGTGCCACAGCATCCTACCGAGGGTGACAAATTGAGACTGTGTCTCACAAAAAAGAA","GGCCAGGCGCAGTGGCTCACACCTGTAATCCCAGCACTTTGGGAGGCTGAGGTGGGTGGATTACTTGAGCTCAGGAGTTTGAGACCAGCCTGGGCAATATAGTGAAACCCTATCTCTACCAAAAACACAAAAATCTAGCTGGGCATGGTGGCACGTGCCTGTAGTCCCAGCTACTCGGGAGGCTGAGGCAGGAGGATCACTTGAGCCTGGGAGGCAGAGGTTGCAGTGAGCCATGATTGCGCCAGTGCACTCCAACCTGGGTGACAGAACAAGACCCTGCCTCAAAAAAGAA"
"GL873521","3621527","3621631","chr8","21452005","21452106","29","17830478","TCACATTTATAATTCCAGCACTCTGGGAGGCCGAGGCAGGAGAAACCCTTGGGCTCAGGAATTCAGGGGCCAGCCTGAGCAAGAGCCAGGCCCAGTCTCTACTAA","CATGCCTATAATCCCAGCACTTTGAGAGGCTGAGGCAGGAGGATCGCCTGAGCCCAGGAGTTCGAGGCCAGCCTGGGCAACATAGCAAGACCCCATCTTTAA"
"GL873520","60838810","60839064","chr5","171848001","171848259","81","111009191","GGCTGAGAGTGGTGGCTTCTAACAGTCCGAGAGGTTGAGGCTTGAGCTCAGGAGTTACAGGTCAACCTGAGCAACCCCTGCCTACTAAAAATAGAAAAAATTAGCTGGGCATTGTGGTGAGTGCCTGTAGTCCTACCTACTGGGAGACTGAGGCAGGTGGATCTCTCAAATTCAGGAGTTTGAGGCTGTCGTGAACTACGACGCCACAGCACTCAGGCCTGAGCAACAGTGAGACTGTCTCACACACACAAGAAA","GGCCAGGCAAAGTGGCTCATGCCTGTAATCCCAGCACTTTGGGATCACTTGAGCCAGGAGTTCAAGACAACATGATGAAACCCCGTTTCTACCAAAAACACAAAAAAATTAGCTGGGCATGGTGGTGCACGCCTGTAGTCCCAGCTACTTGGGAGGCTGAGGCAGGAGGATCGCTTGAGCTCAGGAGGTCGAGGCTGCAGTGAGCACTGACTGTGCCACTGCACTCCAGCCTGGACAACAGATAGAGACCTCGTCTCAA"
"GL873520","60890558","60890822","chrX","9126809","9127055","74","51763749","AGAAGTTTGAGACCAGCCTGAGCAAGAATGAGACCTCATCTCTATAGACAAATAGAAAAATTAACCACTACAGGCATGGTGGTATGTGCCCATAGTCAAAGATACTCAGGAGGCTGAGGCAGGAGGATCACTTGAGCCCAGTAGTTAGAGGTTGCAGTGAGCTATGATGACATCCTAACACTCTAGCCAAGGCAACAGAGTGAGTGAGACTCTGTCTCAAAAATAAATAAATAAATAAATAAATAAAAGAAAAGAAAAAAAAGAA","ACCAGCCTGGGCAACATGGTGAGACCTCATTTCTACTAAAAATACAAAAAAATTATCTGGGTGTGATGGTACGTGCCTGTGGTCTTAGTTACTTGGGAGGCTGAGATGGGAGGATTGCTTGAGCCCAGGAGGTTGAGGCTGCAGTGAGCCATGATCACACCACTGGATTCTAGCCTGGGTGACAACAGTGAGACCCTGTCTCAAAAATAAATAAATAAATAAATAAATAAATAAATAAATAAATAAA"
"GL873520","60903513","60903710","chr8","38561134","38561339","57","22342379","GACCAGCCTGAGTAAGAGTGAGACCTTATCTCTAAAAAAATAGCTGGGAGTTATGGCAGGTGCCTGTAGTCCCAGCTACTTGGAAGGCTGAGGCAAGAGGATCACTGGAGCCCATGACTTTGAGGTTGTTGTGAGCTATCATGCCATGGCACTTTACCCTGGGTGATAAAGTAAGACACCATGAAAGAAAGAGAGAAA","CAGCCTGGGTAACGTGGTGAGACCACATCTCTAAAAAAATTAGCTGGGCTTGGCAGCACATACCTGTAGTCCCAGCTACTTGGGAGGCTGAGGCGGGAGCATCGCTTGAACCCAGGAGGTAGAGCCTGCAGTGAGCGAGACTGTATCTCTGCACTTCAGCCTGGGTGACAAAGTGAGACACCATCTTAAAAAAAAAGAAAGAAAGA"
"GL873520","60903994","60904078","chr19","44122957","44123041","20","16781037","CTGGGCACAGTGGCTCACACTTGTAATTCTAGCACTCTTCAAGGCCAAGCTAGGCGGATTGCCTGGGTTCAAGAGTTGGAGACCA","CTGGGCACAGTGGTTCATCCCTGTAACCCAGCACTTTGGGAGGCCAAGGTGGGAAGATTGCTTGAGCTCAAGAGTTTGAGACCAC"
"GL873520","61127875","61128124","chr12","40543558","40543815","61","20584317","AGGCCAAGGCAGGTGGATTACTTGAGCTCAGGAGTTTGAGACCAGATGGAGTAAGGGTGAGACCTCCATCTCTACTAAAAATAGAAAAACTAGCCAGGCATCATGGCAGGTGCCTGTAGTCCCAGCTACTTGGGAGGCTGAGGCAGAAGGATCACTTGAGCCCGGGGTTTGAGGTTGCTGTGAGTCAGGCTGATGTCACAACATTCTACCAGGGCAACACAGTAAGACTCTGTCTCAAAAAAAAAAAAAA","AGGCCAAGGCGGGTGGATCACTTGAGCTCAGGAGTTTGAGACCAGCCTGGGCAACATGGCGAAACTCCATCTCTACAAAAATTACAAAAATTAGCTGGGCATTGGTGGTGCACACCTGTGGTGCCAGCCACTCAGGAGGCTGAGGTGGGAGGACCTCTTAAGCCTGGGAGGCAGTGGTTGCAGTGAGCTGAGGTCATGACACTACTCCATTCCATCCTGGGCAACAGAGTGAGGCCCTGTCTCAAAAAAAAAAGAAAA"
"GL873520","61204249","61204420","chr6","117522072","117522244","43","56317823","GAGAAAAACTGACTGGGCATTGTGGAAGGTGTCTGTAGTCCCAGCTACTCGGGAGGCTGAACCAAGAGGACTGCTCAAGCTCAAGAGTTTGGAGTTGCTGTGAGCTATAATGATGCTACAGCACCCTGCCCAGGGTAACAGAGTAAGACTTTAGCTCAAAAAAAAAAAAAAA","TAAAAAAATTAGCCAGATGTGGTGGCATGTGCCTGTAGTTCCAGCTACTCGGGAGGCTGAGGCAGGAGGATTGCTTGAGCTCAGGAGTTCGAGGCTGCAGTGAGCTATAATTGTGCCACTGCACTCTAGCCTGGGTGACACAGTGAGACCTTGTCTTTAAAAAAAAAAAAAAA"
"GL873520","61204698","61204831","chr12","96301849","96301984","29","35097151","GGCCAAGCGTGGTGGCTCCTGTCTATAATCCTAGCACGCTGGAGGGCCAAGGCAGATGGATTCCTTGAGCTCAGGAGTTAAAGATCAGCCTGAGTAAGAATGAGACCTCCATCTCTACTAAAAAGAGAAAAACT","GGCCAAGCATGGTGGCTCCTGCCTATAATCCCAGCACTTTGGGATGCCAAAGCAGGCAGATTACTTGAGCTCAGGAGTTCAAGACCAGCCTGGGCAACATGGTGAGACCCCATCTCTATTTTAAAAAATAAAAAAA"
"GL873520","61310865","61311035","chr14","88541197","88541366","41","27230332","GCTGGGCATTGTGGAGGGCACCTGTAGTCCCAGCTACTTGGGAGGCTGAGACAAGAGGCTCACTTGAGCCCTGGAGCTGAAGGTTTCTGTGAGCTGTGACACCATGGCACTCTACCAAGGGCAACATAGTAAAACTCTGTCTCAAAAAAAAATAGAAGTAGAAAAAGAAAA","GCTGGGCATGGTGGCTTATGCCTATAATCCCAGTACTTTGGGAGGCTGAGGCAGGAGGATAACTTGAGCCCTGGAGTCAAGGTTGCAGTGAGCTGTGATGGCACCACTGCACTGCAGCCTGGGTGACAGAGCAAGAACCTGTCTCAAAAAAAAAAAAAAAAAAAAAAAAA"
"GL873520","61311320","61311450","chr7","72684162","72684298","31","11372842","CCAGGCGCGGTGGCTCACACCTATAATCCTAGCACTCTGGGAGGCCGAGACAGGTAGATTGTTGGAGGTCAGGAGTTTGAAACCAACCTGAGCCAGAGTGAGCCCCCATCTTTAAAAAAACTAGCTGGAGC","GCCAGGCATGGTGGCTCACACCTGTAATCCCAGCACTTTGGGAGGCTGAAGCAGGAAGACTGCTTGAGGCCAGGAGTTTGAGACCACCCTGCACCACATAGCGAGACCGCATCTCTACTAAGAAATTAGCTGGGCAT"
"GL873520","61632558","61632764","chr12","61622891","61623093","58","9667","GGCCAGGTGCAGTGGCTCACACCTGTAATTCTAGCACTCTGGGAAGCCAAGACAGGAGAATCCTTTGAGTTTGGGAGTTCAAGACCAGTCTGAGCAAGAGCAAGACCCCATCTCTATTAAAAGTAGAAAATATTAGCCACATGTCCTGGCTACTGAGAGCTACTCAGGAGCCTGAAGCAGGAGGATCATTTGCCTGGGCAGCAGAGG","GGCTGGGCATAGTGGCTCACACCTATAATCCCAGCATTTTGGGAGGCCGAGGTGGGAGAATCACTTGAGCCCAGGAGTTCGAGACCAGTCTGGGCAACATGGCAAGACCCTGTCTCTACAAAAATTAAAAAATTAGCCAAGTGTGGTGGCTGTGGTCCCAGCTACTCAGGAGGCTGTGGTGGGAGGATCTCCTGGGCCTGGGA"
"GL873520","62111475","62111518","chr11","2140149","2140197","13","59971326","CCTGTAATCTAAGTACTTTGGGAAGCCAAGTGGAAGGATCTTTC","CTTGTAATTCCAGCACTTTGGGAGGCCAAGGTGGGAGGATCACTTGAGC"
"GL873520","62111756","62112003","chr3","130809410","130809642","65","68697654","CTGGTGGAAGGATCTTTCTAATTGAGGCCAGAAGTTTGAGACCAGCCTAAGCAACATGGCAAGACCCTATAACCATGTAAAATAGAAAAATTAGCTGGGTGTGGTGGTGCACACCTGTAGTACCAGATACTCGAGAGGCTGAGGCAGGAGGTTTGCTGGAGCCCAGGAGTTTGAGGTTACAGTGAGCTATAATGACACCACCACACCTTAACTCAGGCAAAAGAGCAAGACCCTTTCTCAAAAGAAAA","CCGGAGAGGGTAGATTTCTTGAGCCCAGGAGTTCAAGACCATCCTAGGCAACATGGCTACAAAAAATAGAAAAATTAGCTGGGCATGGTGGTGTGCACCTGTGGTCCCAGGTACTCAGGAGGCTGAGGTGGGAGGATTGCTTGAGCCTGGGAGGTTGAGGCTGCAGTGAGCCATGATTGCACCACTGCACTCCAGCCTGGGCAACAGAGCAAGACCCTGTCTCAAAAAAGAAA"
"GL873520","62249107","62249260","chr10","17058131","17058282","38","45190976","ACAATTAGACAGGTGTAGTGGCACAAGCCTATAGTCCCGCTACTCGGAAGGCTGAGGCAGGAGGATCACTCGAGCCCAAGAGTTGGAGGTCACTGTGAGCTATGACACCATGACATTCTCCCCAGGGTAACAGAATGAGATTCTGTCTCAAAAA","AAAAATTAGGCATGGTGGCATGTGCTTGTGCCAGCTACTCAGGAGGCTGAGGCAGGAGGATCACTTGAGCTCAAGAGGTGGAGGCTACAGTGAGCCATGATTGCACCACTGCACTCCAGCCTGGGCAACAGAGTGAGACCCTGTCTCAAAAA"
"GL873520","62249287","62249403","chr22","16925544","16925667","25","45323743","GGCTGGGCGTGGTGGCTCACATTGTAAATTCTAGCACTCTGAGAGGCCGAGGTGGGTGGATTGCTTGAGGCTAGGAGTTAGAGACCTGAGCAAGAGTGAGACTCTGTCTCTGCTAAA","GACTGGGCATGGTGGCTCACACCTGGAATCCCAGCACTTTGGGAGGCCAAGGTGGGTGGTTTGCTTGAGCCCAGGAGTTCGAGAGCAGCCTGGGCAATATTGTGAGACTCTGTCTCTACAAAAT"
"GL873520","62409859","62410146","chr6","37880818","37881108","74","24529041","GACTAGGTGCAGTGGCTCACACCTATAATCCTAGCACTGTGGAAGGCCAAGGCAGGTGGATTAGTTAAGCTCAGGAGTTTGAGACCAGCCTGAGCAAGAGTGAAACTCCATCTCTGCTACAAATAGAAAAACCAGCTAGGCAGAGTGACATGCTCCTGCAATTCCAGGTACTTGGAAGACTGAGGTAAGAGGATCATTCAAGCCCAGAATGAGAGGATGCTGTGAGCTATGATGCCACAGCACCCAGTGAGGCTATCTCAAAAAAAAAAAAAAAAAAAAAGAAAGAAA","GGCCAGGCGCAGTGGCTCACACCTGTAATCCTGGCACTTTGGGAGGCTGAGGCGGGTGGATTGCTCGAGCTCAGGAGTTCAAGATCAGCCTGGGCAACATGGTGAAATCCCATCTCTACAAAAAATACAAAAAATTAGCTGGGTGTGGTGGCACATGCCTGTGGTCCCAGCTACTTGGGAGGCTGAGGTAAGAGGATTACCTGAGCCCAGAAGGCCAAGGCTACAGTGAGCCGTGATCATGCCACTGCACGCCAGCCTTTTTCAAAAAAAAAAAAAAAAAAAAAAGACAAA"
"GL873520","63481106","63481324","chr10","7622016","7622239","66","55859090","GAAAACAGTCTGAGATGAGCCTGAGTAAGAACAAGACCCCGTCTCTACTAAAAATAGAAAAACTAGCTAGTGTGTTGGTGGATCCCTGTCATCCCAGGTACTTGGGAGGTTGAGGCAGGACCACTGGAGCCCAAGAGTTTGAGGTTGCTGTGAGCTATCACACTACAGCACTCTACTGAGGGTAACAAAATGAGACACTGTCTCATGAGAAAAAAGAAA","CAGGAGTTTGAGATCAGCCTGAGCAACATGGCAAAATCCCATCTCTACTAAAAATACAAAAATAAGCTGGGTGTGGTGGTGTGCTCCTGCAGACCCAGATACTCGGGAGGCTGAGATGGAAGGATCTCTTGAGCCTGGAAGTTTGAGGCTGTAGTGAGCTGTGATCATACCACTGTACTCCAGCCAGGGTGACACAGCAAGACCCTGTCTCAAAACAAAAAAAA"
"GL873520","63481596","63481682","chr3","39920305","39920389","13","23561291","GGCCAGGCACAGTGGCTCACACCTATAATCCTAGCACTCTGGGAGGCTGAGGCAGGCAGATTGCTTGAGCTCAAGAGTCTGAGACGA","GGCTGGGCACAGTGGTTCATGCCTATAATCCTAGCACTTTGGGAGGCTGAGGCAGACAGATTGCTTGAGACCAGGAGTTTGAGAC"
"GL873520","63984607","63984688","chr22","40046115","40046198","21","23938492","GGCTCATGTCTGTAATCCTAGTAGTTTGGGAGGTTGAGATAGGAGGATAGTGTAAGGCCAGGATTTTAAGAACAGTCTGAGT","GTGGCTCATGCCTGTCATCCCATCACTTTAGGAGGCTGAGGTGGGAGGATCACTTGAGACCAGGAGTTTAAGACCAGCCTGAGA"
"GL873520","63984964","63985013","chr12","123527171","123527211","18","59542207","AAAGAAGAGACTGAGCAACACAGTGAGATTATATAGCAAAATAATAATAA","AATTAAAAAATTTAAAAAGTGAATGAGATAAAAAAAAAAAA"
"GL873520","63985042","63985199","chr10","96290088","96290255","47","32305046","AAAAGAAAAAAATTAGCGAGGCATAGTAGCACATGGCTATAGCTCCAGCTACTTGAGAGAGTGAGGCAGGAGTTTGTTTGAGCCTGGGAAGTCGAGGTTGCAGTGAGCCATAATGGTGCCACTGCACTGTAAAACAGCAAGAGACCACCCCTCAAAAA","CAAAAAATACAACAATTAGCTAGGCATGGTGGCACATGCCTGTAGTCCCAACTATTTGAGAGGCTGAGGTGGGAAGATTGCTTTAGCCCCCGAAGTTGAGGCTCCAGTGAGCCAAGATTGTGCCACTGCACTTGAATCTGGGTGACAGAGCAAGACCCTGTCTCAAAA"
"GL873520","64280098","64280238","chr14","74041742","74041876","35","9761644","TAATCCTAGCATTTTGAGAGGCCAAGGAAGGAGGATCATTGGGCCCAGAAGATTGAGGCTGCAGTGAGCTGGGATTGCAGCATCATGGCATGTCTCCAGCCTGGGCAACAGTCTGAGATCCTGTCTTTAAAAAAAAAAAAA","GTCCCAGCTACTTGGAAGGCTGAGGCAGGAGGATCACTTGAGCCTGGGAGGCTGAGGCTGCAGTGAGTTGAGATCACACCACTGCACTCCAGCCTGGGCAACAGAGTGAGACCCTGTCTAAAAAAAAAAAAAAAA"
"GL873520","64390458","64390731","chr9","129896598","129896884","83","65506140","GCTAGGCCTGGTGGCTTGTGTCTGTAATCTTAGCACTCTAGAAAGATAAGGCAGGTAGGTAGATTTCCTGAACCCAGGAGTTCAAGACCTGCCCGAGCAAGAGGGAGACCTCACCTCTATTAAAAATAGAAAAACTAGCAGATCTGGCAGGTGCCTTTAGCCCCAGCTATGTGGTAGGTTGAGGTAAGAGGGTCACCTGATCCCAAGAGTTTGAGGTTTCTGGAGCTATGATGCCATAGTACTCTAGACAGGGCAATAGAGCAAGACTGTCCCA","GCCAGGTGTGGTGGCTCATGCCTGTAATCCCAGCACTTTGGGAGGCTGAGGCGGGAGGACTGCTTGAACTCAGGAGTTCAAGACCAGCCTGGGCAAGATGGTGAGACCTCATTTCTACTAAAAAAAGGAAAAAAAAATAGCCAGGTGTAGTGGTGCATGCCTGTACTCCCAGCTACTGGGTAGGCTGAGATGGGAGGATTGCTTGAGCCCCAGAGATTGAGGCTGCAGTGAGCCATGTTTGTGCCACTGCACTCCAGCCTGGACAACAGAGCAAGACCCTGTCTCAA"
"GL873520","64390763","64390781","chr8","126405290","126405308","3","62014527","GAGACAAAAAACAAAAAAA","AAGCCAAAAAACACAAAAA"
"GL873520","64761525","64761688","chr10","19288424","19288579","45","45473101","TACTAAAATAAGCCGGGTGTTGTGGCAAGCTCCTGTAAATCCCAGCTGCTTGAGAAGCTGTGGCAAGAGAACTGCTTGAGCCCAAGAGTTTGAGGTTGCTGTGAGATGTGACGCTATGGCACTCCACCAAGCAAGGGCAACAAAGTGACACTCTGTCTCAAAAA","TTAGCCAGGTGTGGTGGTGTGCACCTGTGGTCCCAGCTTCTTGAGAGGCTAAGGCAAGAGGACTGCTTGAGCCTGAGAGTTCGAGGCTGCAGTGAGCCATGTTCACACCACTGGACTCCAGCCTGGGCAACAAAGTGAGACCCTGTCTCAAAAAAA"
"GL873520","64761718","64761830","chr21","23033355","23033468","26","41728363","GGATGGGCACGGTGACTCATGCCTGTAATCCTAGCACTCTGGGAGGCCGAGGCAGGCGGATTGCTTGGATTCACTGACAAGATCAGCCTGAGCAAGAGCACAGACCCCTTCTT","GGCCAGGCATAGTGGCTCATGCCTGTAATCCCAGCACTTTGGAAGGCCGAGGCAGGAGGATTGCTTGGAGCCCAGGAGTTCGAGACCAGCCTGAGCAGCATAGACCCCTATCTC"
"GL873520","65203840","65204008","chr6","16993982","16994146","52","48209858","AAAAATCACAATAAACCTGGGCATTGTGGGACACACTTGTGGTCCCAGCTACTTGGAAAGCTGAGGCAAGAGGATCCCTTGAGCCCAGTCCACCATTCAGGTCCAGAGGAAGAGGCACTGCCCTCCAGCCTGGGACTCTAGTGAGACCTCCTCTCTTAATAAAAAAGAA","AAAATAAAAAGTTAGCTGGCCATGGTGGCACACACCTGTGGTCCCAGCGACTCAGGAGGCTGAGGCACAAAGATTGCTGGAGCCTAGGAGGTTGAGGCTGCAGTGAACCACTGCACTCCAGCCTGGGTGACAGAGAGACCCTGTCTCTTAGAAAAGAAAAGAAAA"
"GL873520","65233615","65233893","chr12","113638468","113638747","72","48404853","GACTGGGCAAGGTGCCTCACCCTGGTAGCCTAGCACTCTGGGATGCCAGGATGTGTGGATTGTTTGAGCTCAGGAATTGCAGACCACCCTAAGTAGGAGTGAGATCCCATCTCTACTAAAACAGAAAAACTATCCAGGTGTCATGGCAGGCACTGATAGTCCCAGCTACTGGGGAGCCTGAGACAAGAGGATTGCTTGAGCCCAGGAGTTTGAGGTTGCTGTGAGGTATAATAACACCACAGCCCTCTAGCCTGGGCAACAGAGTGAGACTATGTCTCA","GGCCGGGTGCGGTGGCTGATGCCTGTAATCTCAGCACTCTGGGAGGCCAAGGTGGGAGGCTTGTTTGAGCCCAGGAATTCCAGCCCAGCCTGTGTAACACAGAGAGACCCCATCTCTACAAAAAATAATAAGATTAGCTGGGGGTAGTGGCATGTGTCTATAGTTCCAGCTACTCGGGAAGCTGAGGCAGGAGGATCACTTGAGCCCAGGAGGTTGAGGTTGCAGTGAGCTATGATCACTCCACTGCACTCCAGCCTGGGCAACAGAGCAAGACCCTGTC"
"GL873520","65233919","65233934","chr4","2195053","2195068","3","63038866","CCAAAACGAAAGAAAA","ACAAAACAAAACAAAA"
"GL873520","65359603","65359765","chr10","35735599","35735752","41","29624004","GTGGCTCATGCCTGTAATCCAGCACTCTGGGAGGTCAAGGCTAGATGATCACTTGATTGAGTCCAGGACGTCCAGGCTGCAGAGAGCTGTGACTCTGCCACTGTACTCCAGCCTGGGTGTAGCATGAGACCTTGTATCTAAAAACAAGCACCAAACAAAAAAA","GTGGCTCAAACCTGTAATCCCAGCACTTTGGGAGGCCAAGGCCAGAGGATCACTTGATCCCAGGAGGCTGACGCTGCAGTGAGCCGTGATCATGCCACCACACTCCAGCCTGAGCAACACAGTGAGACGTTGTCTCTAAAAAAGAAAAAGAAAA"
"GL873520","65811521","65811636","chrX","5419188","5419305","32","60392333","GTAGCAGTTACTTAGGTGGCTGAGGCAGGAGGATCACTTGAACCTAGGAGTTCACGGTTGTTGTGAGCTATTATGATGCCAGTGCACTCTCCCCCAGAGGGATAGAGTGAGACTCT","GTCCCAGCTACTCTGGGAGGCTGAAGTGGGAGGATCACTTGAGCCTGGGAAGTTGAGGCTGCAGTGAGGTATGATTGTGCCAGTGCACTCCAGCCTGGCTGAGAGAGTGAGTCTCCGT"
"GL873520","65812040","65812202","chrX","9218405","9218573","37","56593635","GACCAGGCACGGTAGCTCACTCCTGTAATCCTGGCACTCTGGGAGACTGAGGCAGGTGGATTGCTTGAGCTCGGGAGTTGGAGATCAGCCTGAGCAAGAGCAAGACCCCATCTCTACTAAAAATAGAAAAACTAGCTGGGCTTTGTGCAGTCACCTGTAGTTA","GGCCAGGCGCAGTGCCTCACACCTGTAATCCCAGCACTTTGGGAGGCCGAGGCGGGTGGATCACTTGAGCTCAGGAGTTTGAGACCAGCCTGAGCAACATGGCAAAACCTCACCTCTACAAAAAAAATACAAAAATTAACCAGGCATGGTGGCAGGCACCTGTAGTCTC"
"GL873520","65944653","65944944","chr7","133126957","133127257","74","67182304","GGCCAGGCACAGTGGCTGACACCTATAACCCTAGCATTCTAGGATGCCAAAGCAGGTGGACTGCTTGAGCTCAGGAGTTTGAGACCAGACTGAGCAAGAGTGATTCCAGAACTCTACAAGAAGTAGAAAAATTAGCTAGGCATGGTGGCTCATGCCTATAGTCCCAGCTACACTGTAGGAGGCTAAGGCAGGATAGCTTGAGCCCTGCCTGTGGCTTGCTGTGAGCTGTGACACCAGGGCACTCTACCCAAGATGACAGAGGGACACTCAGTCTCAAAAAAAGAAAAAAAAA","GACCAGGCACAGTGGCTCACACCTGTAATCCCAGCACTTTGGGAGGCCAAGGCAGGTGGAATGCTTGAGTCCAGAAGTTCCAGACCAGCCTGGGCAACATGGTGAAACCCTGTCTCTACAAAAAATACAAAAATTAGCTGGGCATGGTGGCACATGCGTGTAGTCCCAGCTACTCAGGAGGCTGAGGCAGGAGGATTGCTTGTGGCCAGAAGGTTGAGGCTGCAGTGAGCCAAGATTGCACCACTGCACTCCAGCCTGGGTGACAGAGTGAGACCCTGTCTCAAAAAATAAAAAATAAAAA"
"GL873520","66312570","66312862","chr6","39411163","39411467","78","26901407","GGGCCGGTGGCTCTGCCTGTAATCCCAGCACTTGAGAGGCCAAGGTGGGTGGATTGCTTGAGCTCACAGGTTTGAGACCAGCCTGAGTCAGAGAGACACTTTATCTCTAAAAATAGATGGGTGTTGTGATGAGTGCCTGTAGTCCCAGCTACTTGAGAGACTGAGGCAAGAGAATCATTTAAGCCCAGGAATTTGAGGCTGTTGTGAGCTATGATGCCATGGCACTCTACTAAGGGTGACAAAGTGGTACTCTCTCTCAAAATAAATAAATAAATAAATAAATAAGAAGAAAA","CTGGGCGCGGTGGCTCACAGCTGTAATCCCGCATTTTGGGAGGCCAAGGTGGGCAGATTGCTTGAGCTCAGGAGTTTGAGACCAGCTATAGTCAACGTGGAGAAACCCCGTTTCTACAGAAATTAGCCAGGTGTAGTGGTGAGTGCCTGTAGTCCCAGCTACTTGGGAGGCTGAGGTGGGAGGATGACTTGAACCTGGAAGGTTGAGTTTGCACTGAGCCAAGATGGCAACACTGCACTCCAGCTGGGGCGACAGAGTGAGACCCTGTCTCAAAATAAATAAATAAGTAAATAAAAATAAATAAA"
"GL873520","66697774","66697947","chr12","66258613","66258792","41","439161","AAAAATAGAAAAACTAGCTGGGCATCATGGCAGATGCCCATAGTCCCAGGTAGTCTGGAGGCTCAGGCAGGAGGATCACTTGAGCCCAGGAGATTGAAGTTGCTGTGAGGTGTGATGCCATAGCACTCTATCCTAGGGCAACAAAGCGAGACTCTGTCTCAAAAAAAAAAAAAA","AAAAAACAAAAATTAGCCAGGCATGGTGGTACATGCCTGTAGCCCCAGCTATTCTGGTGGCTGAGGCAGGAGGATTGCTTGAGCCCAGGAGGTTGAAGCTGCTGTGAGCCGTGATTGGACCACTGCACTCCAGCCTGGGGGACAGAGTGAAACTGTGTCTCAAAAAAAAAAAAAAAAAAA"
"GL873520","66905740","66906006","chr1","109854612","109854879","75","42948872","CTGGTTGCAGGGGCTCATGTGACATGTAATCCTACCACTCTGGGAGGCCAAGGCGGGAGGATCACATAAGCTCAGGTATTTGAGACCAGCCTATAAGAGTGAGACTCTGTCTCTATTAAAACTAGAAAAGTTAGCTAGACATTGTGGTGGGCACTTGTAGTCCCAGCTACTCAGAAGGCTGAGGCAAGAGGATCCCCTGAGCCTGAGAGTTTGAGGTTGCTGTGCTGCCCAGGGCACAGAGGTAGCCTCTGTCTCAAAAAGAATAAA","GACTGGGTGCAGTGGCTGACACCTGTAATCCCAGCACTTTGGGAGGCCAAGGTGGGCAGATCACTTGAGCTCAGGGGTTTGAGACCAGCCTGGGCAACATGGTGAAACCCCATCTCTACTAAAAATACAAAAATTAGCTGGGCATGATGGTGTGCCCCTGTGGTCCCAGCTACTTGGGAGGCTAAGGTAGGAGGACCATTTGAACCCAGGAGGTTGAGGTTGCAGTGAGCCATGATGGCACCAGAGTAAGACCCTGTCTCACAAAAAA"
"GL873520","67860832","67861100","chr1","76509011","76509296","71","8648179","GGGCATGGTGGCTTATCCTATACTCAATCCTAGCACTCTGGGAGGCCAGGCAGGAGGATCTCTTGAGCTTGGGAGTTTGAGATTAGACTAAGCAAGAGTGAAATCCTGTCTCTACTAAAAAAGAAAAATTAGCCAAGTGTTGTAGTGGGCACCTGTAGTCCCAGCTACTCAAGAGGCTGAGGCAGGAGGATTGCTTGAGCCCCGAAGTTTGAGGTTGCTATGAGCTGGGCACTCTATTCTGGGCAACAGAATGAGATTCTGTCTCAAAA","CCAGGTGTGGTGGCTTACACCTATAATCCCAGCACTTTGGGAGGCCAAGGCAGGAGATCACTTGAGCTTAGGAGTTTGAGACCAGCCTTGGCAACACAGTGAGACCCTGTCTCTACAAAAAATACAAAAATCAGCCATGTGGGATGGTGCCCACCTGTAGTCCCAGCTACTCAGGAGGCTGAGGTGGGAGGATGGCTTGAGCCAGGGAGATAGAAGTTGCAGTGAGCCAAGATTGTGCCACTGCTTTTCAGCCTGGGCAACAAAGTCAGACTCTGTCTCAAAAAAA"
"GL873520","69062088","69062263","chr7","70866847","70867027","48","1804759","TTAAAAAAAAAAAAAATAGAAAGACTGGCTAGACGTTCTGGCTGGTGTCTGTAGTCCCAGCTACTAGGGAGGCTAAGGCAAAAGAATCACTTAAGCCCAAGAGTTTGAGGTTGCTGTGAGCTATGATGGCACAGCACTTTACCAAGGGTGACAAAGTGAGACTCTGTCTCTAAAAA","CTTATTTAAAAAAAAAAAAATAGCTGGGCATGGCCATGGTGGCACATGCCTGTAGTCCCAGCTACTCGGGAGACTGAGGCAAGAGGATCCCTTGAGCCCAGAAATTGGAGGAGGCAGTGAGCTATGATTGTGCCACTGCACTCCATCCTGGGTGACAAAGCAAGACTCCATCTCAAAAAAA"
"GL873520","69062538","69062668","chr13","30541906","30542038","27","38520632","GGCTGGGTGTGGTGGGTCACACCTATAATCCTAGCACTCTGAGAGGCTGAGGTGGGTGGATTGCCTGAGCTCAGAGTTTGAGACCAGCCTAAGCAAGAATGAGACACATCTCTATTAAAAATAGAAAGACT","GGCTGGGTGCGGTGACTCACACCTATAATCCCAACACTTTGGTAGGCTGAGGTGGGTGGATTGATTGAGCCCAGAAGTTTGAGACCAGCCTGGGCAAAATGGTGCAACCCCATCTCTACAAAAAATACAAAAA"
"GL873520","69122097","69122374","chr2B","205101704","205101992","75","135979607","GGGTGGGAGCAGTGACTCATGCCTGTAACCTTAACACTCTGGGAGGTCAAGATGGGTAGATCACCTGAGTTCAGGAGTTCGAAACCAGTTTGAGCAAGAGCAAGACCCCATCTCTACTATAAATAGAAAAACTATCCGGTGTTGTAGTGGGTGCCTGTAGGCCCAACTACTTGGGAAGCTGAGGCAAAAGGATCACATGAGTCCAGGAGTTTGAGGTTGCTGTGAGCTATAATGCCAGGACACTCTACCCAGGACGTCAGAGTGAGAGAGTCTCAAAA","GGCTGGGCACAGTCACTCATGCCTGTAATCCCAGCACTTTGGGAGGCTGAGGTGGGTGGATCCCTTGAGTCCAGGAGTTCGAGAGCAGCCTGGGCAACAGGGCGAAACCCTGTCTCTACTAAAAGTACTAAAATTAGCCAGGTGTGGTTGCATGTGCCTGTAGTCCCAGCTACTAGGGAAGCTGAAGTGGGAGGATCACTTGAGCCCAGGAGGTGGAGGCTGCAGTGAGCTGTGATCATGCCACTGGCACTCCAGCCTGGATGACAGAGTAAGACCCTATCTCAAAAAA"
"GL873520","69132087","69132220","chr5","89100215","89100340","36","19968128","GCTGGACACGGTAGCTCATGATTGTAATCCTAATACTTTGGGAGGCTGAGGCAGGTGGATTGATTGCCTGAGCTCACAGGTTCAAGATCAGCCTGAACCAGAGAGAGACCCCCTCGTCTAAAAATAACTGATTG","GGTTGGGAGCCGTGGCTCATGACTGTAATCCCATAACTTTGGGAGACAGAGGCAGGAAGATTGCCTGAGCTCACAAGTTCAAGACCAGCCAGAACAATGCGGTGAAACCCCATCTCTACAAAAAAT"
"GL873520","69132506","69132665","chr1","54558782","54558941","40","14573724","AAAAAAAAAGCTAGGTATCGTGGCTGGCACCTGTAGTCCCAGCTACTTGGGAGGCTGAGGCAAAAGAATCACCTGAGCCCAGGAGTTAGAGGTTGCTGTGAGCTATGACGCCATGGCACTCTATCAAAGGTGATAGAGTTAGACTCTGTTTCAAAAAAAA","AGAATTGACTGGGTATGGTGGCACATGCCTACAGTCCCAGCTACCTGGGAGGCTGAGGCAAGAGGATCGTGTGTGCCCAGGAGTTCGAGGCTGCAGTGAGCTATGATCACGCCATTGCACTCAGCCTGGATGATAGAGTAAGACCCTGTCCCTAAAAAAA"
"GL873520","69353400","69353535","chr4","62502184","62502318","29","6851216","GGCTGGGCATAGTGGTTCATGCCTGTAGTTCTATCTCTCTGGGAGGCTGAGGCGGGTGGATTGCTTGAGCTCGGGAGTTCAAGACCAATCTGAGCAAGAGTGAGACCCCATTTCTATTTTAAAAAAGTAGAAAAGT","GGCTGGGCATGGTGGCTCATGCCTGTAATTCTAGCACTTTGGGAGGCTGAGACGGGTGGATTGCTTGAGCCCAGGAGTTCAAAACCAGCCTGGGCAACAATGTGAAACCCTGTCTCCACAAAAAATACAAACATT"
"GL873520","69353815","69353988","chr10","56775428","56775612","44","12578387","CTAGCTAGGCATTGTGGGCACCTGTAGTCTTAGCTACTTGGGAGACTGAGGCAAGAGGATTGCTTCAGTCTAAGAGTTTGAGGTTGTTGTCAGCTGACACCACAGTGCTCTAGCCCAGGCAATAGAATGAGACTCTGTCTCAGAAATAAATAAATAAATAAATAATAAAATAAA","TTAGCCAGTTGTGGTGGTGCACAGCTGTAGTCCTAACTACTTGGGAGACTGAAGCAGGAGGATTGCTTGAGCCCAAGAGTTTGAGACTGCAGCAAGCTATGATTGTGCCACTGCGCTCCAGCCTGGGCAACAGAGGAAGACTCTGTCTCTATAAATAAATAAATAAATAAATAAATAAATAAATA"
"GL873520","69844761","69844932","chr10","90868422","90868591","50","21023661","TACACAAATTAGCTGAGCACAGTGGCTCCTGCTAATAGTCTTAGCTACTCAGGAGGCTGAGACAGGAGGATTGCTTGAGGCCAAGAGTTTGAGGCTGTCGTGTACAATGATCACATTAATGAATAGCCACTGCCCTCCAGCCTGGACAATGTAGCAAGGGGTTATCTCCAAA","AAAATGTAAAATTTGGCCAAGCAAAGGTGGCATACATGCCTGTAGTCCCAGCTATTCAGGAGGCTGAGGCAGGAGGACTGCTTGAGCCCAGGAGTTTGAGGCTGTAGTGGGCTGCGATCATACCAGTGAATAGCTACTGCACTCCAGCCTGGACAACATAGCAGAAACCC"
"GL873520","70264235","70264511","chr1","28750736","28751025","63","41513499","GGTGTGGTGGCTCACGCCTATAATCCTAGCTCTCTAGGAGGCTGAAGCAGATGGATTGCTTGAGCTCAGGCATTGGAGACCAGCCTGAGCAAGAGCAAGACCCTGTCTCTAAAAAAACTAGCTGGGTGTTGTGGCAGGCACCTGTAGTCCTAGCTACTTGGGAGGCTGAGGTAGGAGAATCACTTGAGCCCAGGAGTCTGAGATTGCCGTGAGCTGTGATGCCACAGCTCTCTACCGAGGGCAACAAAATGAGACTCTGTCTCAAAGAAGAGAAAAA","GGTGTGGTGGCTCACGCCTATAATCCCAGCACTTTGGGAGGCTGAGCCAGGTGGATTGCTTGAGCACAGGAGTTTGAGACCAGCCTGCACAATATGGCAAAACCCTGTCTCTACAAAAACTACATATATTAGCCAGGTGTGGTGGTATGTGCCTGTAGTCCCAGCTACTTGGGAGACTGAGGCAGGAGGATCAATTGAGCCCAGGTGGTTGAGGCTGCAGTGAGCTGTGACTGCATCACTGCACTCTAGCCTGGACGACAGAGCAAGACCCTGTCTCCAAAAAAAAAAAA"
"GL873520","70264772","70264787","chr1","172062035","172062048","2","101797263","AATAAAATAAATAAAA","AAAAAATAAAAAAA"
"GL873520","70431995","70432168","chr7","119029682","119029843","46","48597687","GGGGCATGGTGGCGCGTGCCTATAGTGTTAGCTACTCAGGAGGCTGAGGCAGGAGGATCACTTGAACCAGAAATTCAAGGTTACAGTGAGCTGTGACACACCACTCCAACCACTCCAGCCTGGAGGATAGGAGGATAGAGCAAGACACCATCTCTAAGTAGAGAAAAGAAAAAA","TAGCTAGGCATGGTGGTGTGTGTCTGTAGCCCTAGCTACTCAGTAGGCTAAGGCAGGAGGATCACTTGAGCCCAAGTTCAAGGTTACAGTGAGCTATGATTGTGCCACTGCACTCCAGCCCACGTGATAGAGCAAGACTCTATCTCTTAAAGAAAAAAAAAA"
"GL873520","70432195","70432319","chr7","55380099","55380223","24","15052096","GGTCAGGTTACAGTGGCTCATGCCTGTAACTCCAGTGCTTTGGGAGGCCAAGGTGGAAGGATCACTTGAGCCCAGAAGTTTGGGACCATCCTGAGCAACATAACCAGATCCTAACTCTAATAAGA","GGTCAGGCACAGTGGCTCATGCCTGTAATCCCAGCACGTTGGGAGGCCAAGGCAGGAGGATCACTTGAGCCCAGGAGTTTGCGACCAGCTTGGGCAACATGGTGAGACCCTATCTCTACAAAGAA"
"GL873520","70561444","70561605","chr17","5354151","5354316","34","65207293","AATTAGCCAGGCATGGTGGCTCAGGCTTGTAGTCCTAGCTATTCAGGAGGCTGAGGCAAGAGAATCACTTGAGCCTAGAAGTTTGAGGTTGCTGTGAGCTATGACGCCATGGCACCCTACCCAGGGTGACTGAGTGAGACTGTCTCAAAAAAAAAAAAAAAA","TTAGCCAGGCATGGTGGTACATGCTTGTAGTCCCAGCTACTTGGGAGGCTGAGGTGGGAGAATCCCTTGAGCCCAGGAGTTTGAGGTTGCAGTGAGCTATGATTGTGCCACTCTGCATGCCAAGTCTGGGTGACAGTGAAACTGTCTCAAAAGAAAAAAAAGAAAA"
"GL873520","70561626","70561754","chr5","38564696","38564817","26","31996930","GGCTGGGTGCAGTGGCTGATGCCTGAAATCCTAGCATTCTGGCAAGCTGAGGTGGCAGGTGGATTGCTTGAGCTCAGGAGTTTGAGACCAGCCTGACCAAGAGCAAGACCCTGTCTCTACTAAAAATAA","GGCTGGGTGCAGTGGCTCATGCCTATAATCCTAACATTTTGGGAAGCTGAGGTGGGTGGATCGCTTGAGCCCAGAAGTTTGAGACCAGCTTGGGCAACATAGTGAGACCCTGTCTCTATAAA"
"GL873520","70984973","70985269","chr19","61169515","61169813","69","9815458","GCACAGAGGCTCATACCTATAATCCTAGCACTCTGAGAGGCCGAGGTTGGTGGATCACCTAAGCTCAGGAGTTTGAGACCAGCATGAGCAAGAATGAGACCCTATCTCTACTAAAAATAGAAAAACTAGCCAGATGTTGTGGTGGGTGCCTGTAGTCCCAGATACTTAGGAGGCTGAGGCAGGAGGATGGCTTCAGCCCAAGAGACTGAGGTTGCTATGAGCTGTGAAGCCATGGCACTCTACTGAGGGCAACAAAGTGAGACTGTGTCTCAAACAAATAAAATAAAATAAAAATAA","GGGCACAGTGGCTCTTTCCTGTAATCCCAGCACTTTGAGAGGCTGAGGTGGGAGGATCACTTGAGTCCAGCAGTTTGAGACCAGCCTGGGCAATACAGTGAGACCCTGTCTCTACAAAAAATATAAAAATTAGCTGGGTGTGTTGGTGCCTGCCTGTGGTCCCAGCTGCTCAGGAGGCTGAGCCAGGAGGATGGCTTGAGCCCAGGAGGTCGGGGCTGCAATGAGCCGAGAGGTCATGCCACCGCTCCAGCCTGGGCGACAGAGAGAGACCCTGTCTTAAAAAAAAAAAAAGAAAAAAA"
"GL873520","71031217","71031408","chr4","57296207","57296386","48","13735010","AAAAAAGATAGAAAAATAAAGTGAGCATAGTGGTGTGTCATAAGTAGTCCCAGCTACTTGGCAGGCTGAGGCAGGAGCATTGCTTGAGTCCAGGAGTTTTAGGTTGCAGTGAGCTGTGATGACATGATGCCACTGTGCTCTATCCTAGGCAACAGAGCAAAACCCTGTGTCAAACAACAACAACAATAAAAA","AAAAAAGAAAAATTAGCCAGGCATGGTGGCATGTGCCTGCAGTCCCAGCTACTCAGGAGACTGAGGTGGGAGGATTGCTTGAGCCAGGGAGATTGGGGCTGCAGTGAGCTGTGATATCATGCCACTGTACTCCAGCCTAGGCCGCAGAGTGAGACCCTGTCTCAAAACAAAAACAAAAAA"
"GL873520","71031681","71031796","chr19","18214436","18214546","24","52817245","CTGTAATCCTAGCACTTTGGTAGGTTGAGGTGGGAGGATTGTTTGAAGCTAGGAATTCAAGACCAGTCTTGGCAACATAGTGAGACCCTGTCTCTGCAAAAAATTAGAAAAATAAT","TGCAATCCCAGCACTTTGGGAGGTTGAGGCAGGAGGATCACTTGAGCCCAGGATTCGAGATCAGCCTGTGCAACATGGTGAGACCCTGTCTCTACAAAAAGTAGAAAAATT"
"GL873520","71086533","71086689","chr8","38296068","38296228","42","32790465","CTAGCTGGGTGTTATGGTGGGCACCTGTAGTCCCAGCTACTCCGAAGGCGGAGGCAAGCAGATCACTTAAGTCCAAGAGTTTGAGATTGCTGTAAGCTATGATGATGCCCTGGATTTCTACTCAGCATGACAGAGTGACACTGTCTCAAAAATAAAA","TTTAGCTTGGTGTGGTGGTGGACACCTGCAATCTCAGCTACTCAGGAGGCTGAGGCAGGAGGATCACTTGAGTCCAGGAGTTTGAGGCTGCAGTAAGCAATGATTGTACCATTGCATTCCAGCCTGGGTGACAGAGTGAGACCCCATCTAAAAAAAAAAAA"
"GL873520","71086953","71087087","chr22","28422281","28422416","25","42664672","GGCATGGGGTGGTGGCTCACACCTGTAATCCTAGCACTCTGGGAAGCCTAGAGGGGTGGATTGCTTGAGCTCCGGAGTTCAAGACCAACCTTGAGCAAGAATGAGACCCCATCTCTACTAAAAATAGAAAAAGTA","GGCAGGGCGTGGTGCCTCACACCTGTAATCCCAGCACTTTGGGAGGCTGAGGTGGGAGGATCGCTTGAGTCCAGGAGTTCAAGACCAGCCTGGGCAACATGGTGAAACCCCATCTCTACTAAAAATAAAAAAATTT"
"GL873520","71331890","71332125","chr20","30673841","30674091","64","40658049","GCCTGTAATCCTATCACTTTGGGAGGCTGAAGTGAGTGGATTACTTGAGCTCAGGAGTTTGAGACCAGCCTAAGCAAGAGCATGACTCTGTCTCTACTAATTAGAAAAATCAGCCAGGCATGGTGGCAGGCACCTGTAGTCCCAGCTACTTGGGAGGCTGAGGCAAGAGGATTGCTTGAGCCGAAAAGGTTGCTGGGAGCTACGATGCCAGAGCAACAGACTAAGACTCTGTCTCA","CACGCGTGTAATCCTGGCACTTTGGGAGGCCGAGGCAAGCGGATTGCTTGAGCTCAAGAGTTCGAGACCAGCCTGGGCAACATGGCAAAATCCTGTTTCTACGAAAAAAATACAAAAATTAGCCGGGCATGGTGGCACACACCTGTAGTCCCAGCTGCTTGGGAGGCTGAGGCAAGAGGATTGCTTGAGCCCGGGAGGTAGAGGCTGCAGTGAGCTGAGATCACGCCACTGCACTCCAGCCTGGGCGACAG"
"GL873520","71345766","71346024","chr1","36477448","36477714","67","34868318","CCAAGTGCAGCAGCTCCCACCTAAAATCCTAGCACTCGGGGAGGCCAAGGAGGGTGGATCACTTGAGAGCAGAAGTTCAAAACCAGCCTGAGCAAAGGGTGATCCCATCTCTACTAAAAATAGAAAAATGGGTTGGTCACAGTGGCAGGTGCCTGTAGTCCCAGCTATTTAGGAGGATAAGGCAGGAGGATCACTTGAGCCCAGGAGTTTGAGGTTGCTCTGAGCTAAGCTGATGCCACTCTAGTCTGGGCAACACAGC","CCAGGTGCAGTAGCTCACCCCTGAAATCCTAGCACTCTGAGAGGCCAAGGCGGGTGGATCACTTGAGCCCAGGAGTTTGAGACCAGCCTGGGCAACATAGTAAGACCTCATCTCTACAACAAATACAAAAATTAACTGGGCATGGTGGTTTGTGCCTATAGTCTCAGCTACTCAGGAGGCCGAAGCAGGAGGATCATCTGAGCCTGGGAGGTCAAGGTTGCAGTGAGCCGTGATCAAGCCACTGCACTCCAGCCTTGGCCACAGAGC"
"GL873520","71346046","71346069","chr9","124703980","124704002","4","53357934","TTGTTAAAAAAAAATAAAAAAGAA","GTCTTAAAAAAAAAAAAAAAAAA"
"GL873520","71514260","71514298","chr19","16922261","16922295","7","54591999","CAGAGTGAGACTCTTGTCTCAAAAAAATAAAATAATAAA","AAGTGAGACTCTGTCTCTAAAAAAAGAAAAAAAAA"
"GL873520","71514393","71514660","chr22","25275994","25276259","77","46238399","GGCCAAGTGCCATGGCCCATACCTATATAATCCAGCACTCTTGAGAGGTCAAGGCAAGAGAATACCTTGAGCTAGACTTCCAGACCAGCCTGAGCAAGAACAAGACTCTGTCTCTGCTGAAAATAGAAAAACTAGCCAGGCATGGTGGTGGGTGCCTCTAGTTCAGCTACTCAGGAAGCTGAGGCAAAAGAATCACTTGAACAAGAGTTTGAGGTGTGATCTAGGCTGATGCCATGGAACTGTAGCCTAGGGCAACAGAGTGAGACTA","GGCCAGGTGCAATGGCTCATGCCTGTAATCCCAACACTTTGGGAAGCCAAGGCAGGCCAATCACTTGAGCTCAGGAATTCGAGACCAGCCTGAGCAACGTGGCAAAATCCTGTCTCTACAAAAAATAGCCAGGCATGGTGGTGGGTGCCTGTAATCTCAACTACTCGGAGGCTGAGGTGGGAGGATCGCTTGAGCCTGGGAGGCGGAGGTTGCAGTGAGCCATGATTGCGCCACTGAACTTCAGCTGGGGCGACAGAGTGAGACTC"
"GL873520","71587735","71587853","chr1","93453408","93453531","26","21865673","GTTGGGCACAGTGGCTCACATCTATAATCCCATCTACTTGAGAAGACTGATGCAGGTTTACCTGAGCCTAGGAGTTTGAGAACAGCTTGGGCAACATAATAAAAGCCCATCTCAAAAAA","GGCCGGGCACAGTGGCTGACACCTATAATCCCAGCACTTTGAGAGGCTGAGGTGGGAGGATCCATTGAGCCTAGGAGTTTGAGACCAGCCTGGGCAACATAGTAAAACCCCATCTCTGCAAAAA"
"GL873520","71662488","71662658","chr5","74746592","74746764","42","3084104","TTAACCAGGCATAGTGGAGGGAACCTGTAGTCCCAGCTATTCTGGAGGCTGATGCAGGAGGATCATTCGAGCCCAGGAGTTGGGGGGTGCTGGAAGCTATGATGATGTCACTGCACTCTACCCAGGGAGACACAGCAAGACTCTCTGCAAAAAGAAGAAGAGACGAGAAAA","TAACCAGGCATGGTGGTGTGTACCTGTAGTCCCAGTGACTGGGGAGGCTGAGGCAGGAGGATCACTTCAGCCCAGGACTTTGAGGCTACAGCGAGCTACGATTGTGCCACTGCATTCCAGGCTGGGTGACAGAGCAAGACGGTGTTTGAAATAAAGAAAAAGAAAAGAAAAAA"
"GL873520","71662950","71662998","chr1","40803029","40803077","13","30859921","AGTCTGAGCAAGAGTGAGACCCTGTATTTACTAAAAATAGAAAAATTAG","AGCCTGAGCAATATAGTGAGAACTTCTCTCTACAAAAATTAAAAAATTA"
"GL873520","71712370","71712500","chr3","132031399","132031533","29","60319029","CCAGGCATGGTGGCTCATACCTATAATCCTAGCACTCTGGATCTCCAAGGTAGGTGGATTGCTTGAGCTCACAAGTTCGAAACCAGCCTGAGCCAGAGCGAGACCCTGTCTCTATTAAAAATAGAAAAACT","GGCCAGGCATGGTGGTTCATGCCTATAATCTCAGCACTTCAGGAGGCCAAGGCAGGTGGATCACTTGAGCCCAGGAGTTCGAGACCAGCCTGAGCAACACGGCAAAACCCCGTCTCTACAAAAAATACAAAAATT"
"GL873520","71712775","71712792","chr1","131951482","131951496","4","60238707","TAAAAATATAAAAACTAT","AAAAAATAAAAATAA"
"GL873520","71713073","71713252","chr5","39633857","39634030","47","32079216","AGATAATAGAAAAACTAGCTGGGCATTATGGCGGGCACCTATAGTCCCAGCTACTCAGGAGGCTAAGGCAGGAGGATCACTTGAGCCCAAGAGTTTGAAATTGCTAGGAGCTATGATGCTATGGGACTCTACCCAGGGCGAAACAGTAAAATTATGTCTCAAAAAACAAAAATTAAAAAA","AAAAAATACAAAAATTAGGTGGGTGTGGTGGCAGGCACCTGTAGTTCCAGCTACTTGGGAGGCTGAGGCAGGAGGATCACTTGAGCCTGGGAGGTCAAGGCTGCAGTGAGGTGGAGCATTGTAATCTAGCCTGTGTGACAGAGTAAGAGCCTGTCTCAAAAAACAAAAATAAAA"
"GL873520","71715674","71715793","chr1","134480867","134480991","30","62765193","GGCTGATACCTGTAATCCTAACACTCTGGGAAGCAAAGGCAGGATTCCTTAAGGTTAGGAGTTCAAGAACAGCCTGAGCAAGAGTAAGCCCCGTCTCTACTGAAAATAGAAAAATTAAGT","GTGGCTCATGCCTGTAATCCCAGCACTTTGGGAGGCCAAGGAGTGAGGATTGCTTAAGTCCAGGAGTTCAAGAACAGCCTGGGAAACATAGTAAGATCCTGTCTCTACAAAAAATAAAAAATTGT"
"GL873520","71716045","71716235","chr19","13448557","13448737","51","58267488","CAAAAAAAAAGAAAGAAAGAAAAAGAAAAATTAGCTGGGCATTGTGGCAGGCATCAACAATCCCAGCTACTTGGGAGACTGAGGCAGGAGGATCTTTTGAGTCCAGGAATTTGAGATTGCTGTAAGCTAGGCTGATGCCACAGCACTCTAGCCTAGGCATCAGAGAGAGACTCTATCTCAAAAAGACAAAA","AAAAAAAAAAAAAAAGGTTTTATTAGCCAGGCATTGTGGTACACACCTATAGTCCCAGCTACTCAGGAGGCTGAGGCAGGAGGATTGCTTGAGCCCAGGAGGTTGAGGCTGCAGTGAGCTATTTTCACACCACTGCACCCCAGCCCAGGCAACAGAGTGAGACTGTTTCTAAAAATAAAAA"
"GL873520","71721242","71721360","chr1","32371726","32371849","31","39349516","GGATCAAGCCTGTAATCTCAGCATTCTGGGAGACTGAGGCAGGGGATCTCCTGAGCCCATGAGTTTGAGACCAGCTCTGAGCTAAAGGGAGACCCTGTCCCTAAAAAAACAGCTGCTGG","GTGACTTATGCCTGTAATCTCAGCACTTTGGCAGGCTGAGGAGGGTGAATCCCTTGAGCCCAAGAGTTTGAGACCAGCCTGGGCAACATAGGGAGACCCTGTCTCTGTACAAAATACAAAAATT"
"GL873520","71721650","71721811","chr4","75562087","75562252","42","3840437","CAGCTGGGCGACAACGCAGGCACCTATAGTCCTAGCTACTCAGGAGGCTGAGACAAGAGAATTGCTTCAGCCCAAGAGTTTGAGGTTGCTGTGAGCTATGACGCCATCCCAGCACTCTACAGGAGGTGACAAAATGAGACTCTCTCAAAAAAAAAAAAGAAA","TTAGCTGGGTGTGGTGGCATGCACCTGTAGTCCCAGCTACTTAGGAGGCTGAGGCAAGAGGATCACTTTAGCCCAGGAGGTGGAGGTTGCAGTGAGCTGAAATCATACCACTGCACTCCAGCCAGGGTGACAGAGTGAGACCTTGTCTCAAAAATAAATAAATAAA"
"GL873520","71738069","71738113","chr19","42973848","42973891","12","28764221","CCAGAGCAACAAAGTTAAACTCTATGTCAAAAAAATAAAAAATAT","AGCCTGGGCAACAGAGTGAAACTCCATCTCAAAAAAAAAAAAGA"
"GL873520","71738384","71738456","chrUn_GL394842","4208","4284","23","71734176","TAAAATAAAATATAGTCAGGTATAACAGGGCATGTCTGTAATCCTAGCTACTTGAGAGGTTGAGGCTGGAGGA","TACAGATAGAGAAAAATAGCCAGCCACGATGGCTCATGCTTGTAATCCCAGCACTTGGGAGGTTGAGGCAGGCGGAT"
"GL873520","71738738","71738846","chr3","185862422","185862530","31","114123684","TGGGGCTGGAAGATTGATTGAACCCAGGAGGGTGAGGCTGCAGTGAGCTATGACTACACCACTGTACTCTATTCTGGGCAAGATCCTATTCTCTATAAATAAATAAAAA","CGAGGTGGGAAGATTGCTTGAGCCCAGGAGGTTGAGGTTCCAGTGAGCTATGATTACACAACTGCACTCCAGCCTGGTGGCAGAGTGAGACCCCGACTCAAGAAAAAAA"
"GL873520","71765107","71765191","chr19","13677223","13677304","25","58087884","TGGCTCAAATCTGTAATCCTAGCTTTCTGTGAGGCATAGGCAGGAGAGAGGATCCTTTGAGCTCAGTTCAAAACCAACCTGGGCA","TGGTTCACGTCTGTAATCCTAGCACTTTGGGAGGCCAAGGCAGGCAGATTGCTTGAGCTCAGGAGTTAGAGACCAGCCTGGG"
"GL873520","71765470","71765741","chr2A","43992291","43992526","94","27773179","CCAAAAAACAAAAAACAAAGACCAGCCTGGATATGAGCAAAACCCTACTCTACTAAAAATGAAAAATTTGTAGTGGACACTTGTAGTCCTAGCTACTTGGGAGGCTGAGGAAAGAGGATCGCTTCAGCCTAGGATTTGAGGTTGCTGCAACTTAGGCTGACACTATGGCACATTGCACGGCACATCCCCCATGGCACTCCAGCCTGGGAAACAAAGTGAGATTCTGTCCCACAAACAAACAAACAAACAAAAAAAAAAAAAAGAAAGAAAGA","CCAGGCTAGACAATATAACAAGACCCCATCTCTACAAAAATAATTTTAAAAATTAGCTGGATGTGGTGGCATGCACCTGTAGTCCCAGATATTTGGGAGGCTGAGGTGGGAGGATCGCTTGAGCCCAGGAGGTTGAGGCTACAGTGAGCCATGATCATGCCACTGCACTTCAGCCTGAGCAACAGAGAAAGACCCTGTCTCAAAACAAAACAAAACAAAAAAGAAAGAAAAGAAAA"
"GL873520","71859434","71859575","chr15","20896405","20896549","32","50963029","CCAGGCACGGTGGCTCACAGTGTAATCTTAGCATTCTGGGAGACCAATACGGGAGGATCCCTTGAGCTCAGAAGTTTGAGACCAGCCTGAGCAAGACCAAGACCCCCATCTTTACTAAAAATAGAAAAATTAGCCAGGCGGG","GCCAGGTGCAGTGGCTCACGCCTATAATCCCAGCACTTTGGGAAGCCAAGACGGGAAGATTGCTTGAGCCCAGGAGTTTGAGACCAGCCTGAGTGACATAGCAAGACCCCCATCTCTACTAAAAATTTAAAAATTAGCCAAGCAT"
"GL873520","71859848","71860010","chr6","108647140","108647303","33","36787292","TTAGCCAGGCATTGTGGCTGGCACCTATAGTTCTAGCTACTTGGGAGGCTGAGGCAGGAGGATTGCTTGAACCCAGGAGTTTAAGGTAGCTTTGAGCTATATTCACGCTACAGCACTCTACCCAGGGCAACAAAGGGAGACTCTGTCTCAAAATAAAAAAAAA","ATTAGCCAGGTGTGGTGGCATGCACCTGTAGTCCTAGCTACTTGGGAGGCTGAGGCAGGAGGATTGCTTGAGCCCAGCACTTCGAGGTTATGGTGAGCTATGATCGCGCCACCACACTCCAGCATGGGCAACAGAGCAAGACTCTGTCTCAAAAAAAGAAAAAA"
"GL873520","71889809","71889896","chr4","102587702","102587786","18","30697893","GACCATGCATGGTGACTCATCACCTGTAATCCTAGCACTGTGGGAGGCAAAGGCAGAAGGACCACTTGACCTCAGGAGTTCGAGACTA","CCAGGCATGGTGGCTCATGCCTGTAATCTCAGCACTTTGGGAGGCCGAGGTAGGAGGATCACTTGAGCCCAGGAGTTCAAGACCA"
"GL873520","71906463","71906554","chr1","100475713","100475809","24","28569250","AGGCTAAGCTGGGAGGACTGATTGAGGCTAGGGGTTTGAGACCAGTTTGGACAACACAGCAAGACCTTGTCTCTATAAAAAATAGAAATTTA","GCCAAGGTAGGAGGATTGCTTGAGCTCAGGAGTTTGAGACCAGCCTGGGCAACACAGAAAGACCTTGTCTCTCTTAAAAATAAAAATAAAAAATATA"
"GL873520","71906841","71906992","chr12","112046931","112047085","37","40140090","ATTAATTAGCCAGACATGGTGGCATGCACTGTAGTCCCAGATGCATGGGACTGAAGCAGGAGGATCACTTAAGCCTAGGCATTCATTCAAAGTTGCAGTGAGCTACAATGGTGCCACTGCACTCTAGCCTGGCAGCAGAGTAAGACCCTATC","TAATAATTAGCTGGTCATGGTGACACGCACCTATAGTCCCAGCTACTAGGGAGGCTGAAGCAGAAGGACCGCTTGAGCCCAGGAGATCAAGGTTGCTGTGAGCTACGAATGCGCCACTGCACTCTAGCCTGGGCAACAGACCAAGACCCTGTCTC"
"GL873520","71931007","71931245","chr1","31981787","31981992","76","39949220","AGCCTGGACAACATAATGAGACACATACACACCCCCCACAATCTCTTCAGAAAATTTTTTAAAAGATTAGCCAGGCATAGGGGTGGCTGACCTAGGTGGTAGTGCTAGCTACTCACAAGGCTGAGGCAGGGGGATCACTTAAGCCCAGAAGTTTCAGGCTGAAGTGAGCCTCTACCCTGAACTACACAGGCCACTACATTCTCACCTGGGCAACAGAGTGAGACCCTGTTTTAAGAAAA","CAGCCTGGGCAACATGGCAAAACCCTCTCTCTACAAAAAAATATAAAAAATTATCCAGGCATAGGGGTGCATGCCTGTAGTCCCAGCTACCTGGGAGGCTGAGGCAGGAGGAACATTTGAGCCTGGGATTCAGAGGTTGCAGTGAGCCGAGAACACGCTATTACACTCCAGCCTGGGCGACAGAGAGAGACCCTGTCTCAAAAAAA"
"GL873520","71932480","71932573","chr8","83164751","83164843","25","11232271","GTAGCTTACTCCTCGAATCCTAGCACTGTGGGAGGCCCAAGCACTAGCATCCTTTGAGCTCAGGAGTTTGAGACCAGCCTGAGCAAGAAGGTGA","GGTGGCTCATGCCTGTAATCCAAGCACTTAGGGAGGCAGAAGCAGGAGGATCACTTGAGCCCAGCAGTTTGAGACTAGCCTGGGCAAGATAGT"
"GL873520","71942126","71942402","chr1","45387048","45387332","80","26555078","TGCCTCACGCCTGTAATCCTAGCATTCTGTGAGGCCAAGTCAAGTGGATTGCTTGAGCTCACAAGTTCCAGACCAGCTTGAGTGAGAGCAAGACCCTGTCTCTAAAAAATAGCCAGGCGTTGTGGCAGGCACCTGTAGTCCTAGCTACTTGGGAGGCTTAGGCAGAAGGATCGCTTGAGCCCAAGTATTTGAGGTTTCTGTGAGCTATCACACCATGGTACTCTTCCAAATATGACAGAGAGAAATTCTATCTCAGATAAATAAATAAATAAATAAA","GCATGGTGGCTCACACCTGTAATCCTAGCATTTTGGGAGGCCAAGGTGGGTGGATTACTTGAGTTCAGGAGTTCAAGACCAGCCTGGGCAACATGGCAAAACCCTGTCTCTACAAAATATTAGCCAGGTGTGGTCAGTCGCCTGTAATCCCAGCTACTTGGGGGCTGAGGCAGTAGGATCACTTGATCCCAGGAGATAGAGGCTGCAGTGAGTCAAGATCACACCACTGCACTGCAATCTGGGTGACAAAGTGAGACCCTGTTTCATTAAAAAAAAAAAAAAAAA"
"GL873520","71967300","71967397","chr12","110843818","110843910","27","38876518","GAGAGAGAATTTGAGGTTGCTGTGAGCTATGATGCCACAGTATTCTACTCAGGGCAACAGAGTAAGTGAGACTCTGTCTCAATAAATAAATAAATAAA","CGAGAGGTCGAGGCTGCTGTGAGCCATGATCGCACCACTGCACTCCAGCCTGGGCGACAGAGTTGAGACCCTGTCTCAAAAAAGAAAAAAAAA"
"GL873520","71967680","71967795","chr16","29587398","29587507","36","42380282","AAAAGAAAAGAAAAAAATAGAGAAAATAGCCAGCCGTTGTGGTGGGCACCTGTTATCCCAGCTACTTGAGAGGCTGAGGTAAGAGGATCTCATGAGTCTAAGAATTTGAGGTTGCT","AGAAAGAAGAAAAGAAAATTAGCCAGGTGTGGTTGCATGCACCTGTAGTCCCAGCACTTTGGGAGGCCAAGGCAGGAGGATCAATCAAGGCTAGGAGTTTGAGACTGCAG"
"GL873520","71968030","71968159","chr12","60741612","60741746","25","11226418","GCCAGGCATGGTGGTTCATACCTATAATTCTGGCACTCTGGAATGCTAAGGCAGGTGGATTGTTTGAGCCCAGGAGCTGGAGACCAGCCAGAGCAAGAGCAAGACCCCTCTACCAAAAATAGAAAAACTA","GGCCAGGCATGGTGGTTCATACCTGTAATCCAAGCACTATGGGATGCTGAGGCAGGAGGATCATTTGAACCCAGGAGCTTGAGACCAGCCTGGGCAACATGGCAAGACCCCGTCTCTACAAAAAATACAAAAATT"
"GL873520","71978122","71978223","chr16","14747892","14747988","28","57230230","CCTCTGAGCCCAAGAGCTGAAGGTTGCTGCTAGGGTAACACCATGACAGTCTAGCTTGGGGCAACAGAGTAAAATTCTGTCTCAAAAAAAAAGAAGAAAAAA","CCCAGGAGGTCGAGGCTGCAGTGAGCTGAGATCACACCACTACACTCCAGCCTAGGCAACAGAGTAAGACCCTGTCTCAAAAAAAAAAAAAAAAAAA"
"GL873520","71978477","71978693","chr14","57676777","57676992","58","14301700","GTTGGACGCAGTGGCTCACCCTTTTAGTCCTAGCACTATGGGAAGCCAGATAGGATGATCCCTTGAGCTCAGGAGTTCGAGATTAGCCTGTGCAAGAGCAAGACCCCGTCTCTACTAAAAAATAAAAAAAATTAGCTGGAGGTCATGGTAGGTGCCTGTAATCCAGCTGCTTGGTAGGCTGAGGCAGTAGGATCACTTTAGCCCAAGAGTTTTTCTG","GCCAGGCATGTTGGCTCATACCTGTAAAGCCAGCACTTTGGGAGGCCAAATCAGGAGGATCACTTGAGCCCAGGGGTTCAAGACCAGCCTGAGCAACATAGTCCAACCTCATCTCTACTAAAAATAAAAAATAGTAGCCAGGCGTGGTGGCATGCCTGTAGTCCCACCTACTTGGAAGGCTGAGGCAGGAGGATCACTTGAGCCCAGGAGATCTAG"
"GL873520","71986255","71986513","chr15","72672161","72672426","72","685906","GCCAGGCACAGTAGCTCATGCCTGTAATCCCAGCACTCTGAGAGGCCAAGGCCGGCAGATAGCATGAGCTTACAAGTTTGAGACCAGCTCTGAGCAAGAATGAGACCCTGTCTCTAAAAATAGCCAGGTGTTGTGGTGGGCGTCTATAGTCCCAGCTACTCAGGAGGCTAAGGCAAGAGAATAGTTTGAGCCTAAGAGTTTGAGGGTGCTGTGAGCTATGAGGTCACCGCACTCTATTGGAGGCAGCAAAGCGAGACTC","GACCAGGTGCAGTGGATCCTGCCTGTAATCCCAGCACTTTGGGAGGCTGAGGTGGGCAGATTACTTGAACCCAGAAGTTTGAGACCAGCCTGGGCAACATGGCAAAACCCTGTCTCTACAACAAATTAGCCAGGTGTGGTGGTGCCCACCTGTGGTCCCAGCTACTCGGGAGGCTGAGGTGGGAGGATCACTTGAGCCTAAGAGGTCAAGGCTGCAGTGAGCTGTGATCACACCACTGCATTCCAGCCTGTGCCACAGAGGAAGAC"
"GL873520","71986546","71986558","chr6","96888780","96888792","1","24902234","TAAAAAAATAAAA","GAAAAAAATAAAA"
"GL873520","71995816","71995902","chr6","152887479","152887553","24","80891663","GTAATCCTAGCACTCTGGGAGACTGAGGGAGGAAGATCTCTTGAGCTCAGGCTCAGGAGTTCGAGACCAGCTTGAGCAAGTAGTGAA","GTAGTCCTAGCTACTCGAGGGCTGAGGCAGGAAGATTGCTTGAGCCCTGAAGTTCAAGACCAGCCTGAGCAGCAT"
"GL873520","72046628","72046682","chr10","43406320","43406376","19","28640308","TTGGGAAACTGAGGCAGGAGAATCACTTGAGTTTGAGGTGAAAGTGAGCTGTGAT","TACTGGAAGGCTGAGGTGGGAGGATCACTTGAGCTGCGGAGGTCAAGGCTGTGATGA"
"GL873520","72046958","72047043","chr1","176948461","176948538","19","104901503","GTGAGCTGAGATGATGCCAACTGCACTCTAGCTGGGGTGATAGAGCCAGACCTTATCTCAAAAACAAAAAAAGAAGAAAAGAAAAA","GTGAGCTGAGATCACGCCACTGCATTTCAGCCTGGGTGTCAGAGTGAGACCTTATCTCAAAAAAAAAAAAAAAAAGAA"
"GL873520","72064016","72064255","chr4","161990747","161990980","74","89926731","AAAGCAGGATTTCTTAAGTTCAAGAGTTTGAGAACAGCATGAGCAAGAGCAAGACCCCCATCTCTACTAGAAATAAAAAAAGTTAATCAGGTCTTGTGGCAGGTGCCTTTAGTCCCACCTACTCTCAAAAGGTTGAGGCAGGAGTATCACTTGAACCCAGGAGTTTGAGGTTGCTGTAAGCTAGGTTGCTGTGAGCTGGGCAACAGGAGGAGGCTGTCTCCAAAAAAAAAAAAAAAAAAA","GGATTGCTTGAGCCCAGGAACTCGAGACCAGACTGAGCAACATGGCAAAACCCATCTCTACAAAAAATACAAAAATTAGCTGGCGTGGTGGCACATGCCTCTAGTCCCAACTACTCAAGAGGCTGAGGTGGGAGGATCACTTGAGCCCGGGAGGCGGAGGTTGCAGTGAGCAGAGATCATGCCACTGAATTACTCACTCCAGAGTGAGACTCTGTCAAAAAAAAAAAAAAAAAA"
"GL873520","72064350","72064426","chr11","47919834","47919912","18","24144516","GGCAGGGCATAGTGGCTCATGCCTGTAATTCCAGCACTCTGGGAAGCCAAAGCAGGAGGATTTCTTTCTTTTTTTTT","GGCTGGGCACAGTGGCTCATGCCTGTAATCCCAGCACTTTGGGAGGCCAAGGCAGGAAGATCACTTAAACCCTAGAGTT"
"GL873520","72100882","72100981","chr17","73310455","73310554","19","1209573","GGTGGCTCACACCTGTAAACCCAGTACTCTAGGAGGCTAAGGCTGGTAGATCACTTGAGCTCAGGAGTTCAAGACCAGCCTGAGCAAGAATGAGACCCTA","GGTGGCTCACGCCTATAGCCCAGCACTTTGGGAGGCCAAGGCAGGAGGATCACCTGAGGTCAGGATTTTGAGACCAGCCTGAGCAAGATAGAGACACCTA"
"GL873520","72101237","72101434","chr8","99316510","99316708","53","27215273","TGAATGAGACCCTGTCTCTACTAAAAATAGAAAAACAAGCTGGGCGTCATGGCAGACACCTGTATTCCCAGCTACTCAGGAGGTTGAGGCAAGAGGATCACTTGAGCCCAAAGAGTTTGAAGTTGCTGTGAGTGATGATGATGCGATGGCACTCTACCCAGGGCAACAGAGTAAAACTTTGTTTCAAGAAAAAAAAAA","TGGCAAAACCTCGTCTCTACAAAAAACACAAAAAATTAGCTGGTGGTGGTGGCACGTGCTTGTATTCCCAGCTACTGGGGAGGTTGAGATGAGAGGATCACCTGAGCCCAAGAGGTCAAGGCTGCAGTGAGCTGTGATTATGCCACTGCACTCCAGCCTGGGCAACAGAGTGAGACCCTATATCAAAAAAAAAAAAGAA"
"GL873520","72195648","72195848","chrX","27492711","27492912","47","44702937","GGCCAGGTTCAGTGGCTCATGCCTGTAATTCTAGCACCCTGGGAGACCAAGGCAGGTGGATTGCTTAAGCTCAGGAGTTCGAGATCAACCTGAGGAAGAGCAAGACCTCGTCTCTACTAAAAATAGAAAAACTAGCCAGGTGTTGTGGCAGTTTCCTATAGTCCCAGCTACTTGGGAGACTGAGGCAAGAGAATCACTTGA","CCAGGCGTAGCCACTCACGCCTGTTATCCTAGCACTTTGGGAGGCTGAGACAGGTGGATTGCCTGAGCTCAGGAGTTCGAGACCAGCCTGGGAAACACGGTGAAACCCCTGTCTCTACAAAAATACAAAAAATTAGCCAGGTGTGGTGGTGTGTGTCTGTTGTCCCAGCTACTTGGGAGGCTGAGGCATAAGAATCGCTTGA"
"GL873520","72196102","72196199","chr4","104162392","104162491","27","31966290","GAGGATTACTTAAGCCTGAGAGTTTGAGGTTGCTGTGAGCTATAATGCCATAGTACTCTACCCAGGGCAACAGAATCTTATTCTGTCTCAAAACAAAA","GGAGGATCACTTGAGCCTGAAAGGTTGAGGCTGCAGTAAGCTTCATCACCCACTGCACTCCAGCCTGGGTGACAGAGTGAAACCCTGTCTCAAAACAAAA"
"GL873520","72206479","72206765","chr9","104142695","104142990","72","31936216","GGGTGTGGTGATGGCTCATGCCTATAATCCTCACACTTTGGGAGGCCGATGTGGGAAGATCACTTGAGCTCAGGACTTCAAGACCAGCTTGAGCAAGAATGAAACTCCATATCTGCTAAAACTAGAAAAATTAGCTGGGCATTGTTACATGTGCCTGTAGCATCCTAACCACTTAGGAGGCTGGGGCAAGAGGATGGCTTGAGCCCAGGAGCTGGAAGTTATACTCCAGTTACACTACACTCTAGCTAGGGAGACAGAACAAAACTCTGTCTCAAAAACAAACAAAA","GGCTGGGTGTGGTGGCTCATGCCTGTAATTCCAGCACTTTGAGAGGCTGAGGTGGGCAGATCACTTGAGCTCAGGAGTTCAAGACCAGCCTGGGCAACATGGCAAAACTCCATCTCTACAAAAAATACAAAAATTAGCAGGCATGGTGGTACATGCCTGCAGTCCCAGCTACTCGGGAGGCTGAGGTGGGAGGATTGCTTGAGTCTGGGAGGTGGAGGTTGCAGTGAGCCGAGATCCACTACTGCACTCCAGCCAGGGTGACAGAGCAAGACACTGTCTCAAAAATAAAAATAAAA"
"GL873520","72207778","72207917","chr14","74199793","74199926","35","1992015","TTAGCTGAGTGCTTTGTTGAGCACCTGTAGTCTCAGCTATTTGGGAGGCTGAGGCAAGAGGATAACTTGAGCCCGGGAGTTTGAGGTTGCTATGAGCTAGGCTGAGGCTGACACCATGGCACTCTACCCAGGGCAACAGA","TTAGCCAGGTATGGTGGTGCACACCTGTAGTCCCAGCTACTTGGGAGACTGAGGCAGGAGGATTGCTTGATCCCAGGAGTTGAGGCTGCTAAGAGCTATGATCATGTCACTGCACTCCAGCCTGGGCAACAGAG"
"GL873520","72208172","72208304","chr12","99234635","99234766","24","27026463","GGCCAGGCAGAGTGGCTCATGTCTGTAATCCTAGCACTCTGGGAGGTCAAGCCAGGAGGATCTCTTGAAGCTGGGAGTTCAAGACCAGCATAAGCAAGAAGACCACATCTCTACTAAAAATATAAAAATTAAG","GGCCAGGCATAGTGGCTCATTTCTGTAATTTCAGCATTTTGGGAGGCCAAGACAGGAGGATCACTTGAAGCTAGGAGTTCAAGACCAGCCTGGTCAACATAAGACCCCATTTCTACAAAAATTTAAAAATTA"
"GL873520","72272447","72272600","chr1","151076684","151076838","41","78804237","AAAAAAAAGACCAGGTGTGGTGGAATGCACCTGTGTAGTCCCAGCAACTTGGGAGGCTGACGCAGGTGTACTGCCCAGGAATTTGAGGTTTTAGTGAGCTATGATGACACACTGTACTCTAGCTCAGGCAACAGAGTGAGACCCTGTTTTAAAA","AATAAGCTGAGCATGGTGGTCCATGCCTCTAGTCCTAGCTACTCAGGAGGCTGAAGCAGGAGGACCACTTGAGCCCAGGAGTTTCAGGTTGCAGTGAGCTATGATTGTACCACTGCACTCCAGCCTAGGCAACAGAGTGAGACCCTGTCTCAAAA"
"GL873520","72272820","72272951","chr17","7314531","7314656","27","64958289","GGCCGGGCACAGTGGCTTACAAATGTAACCCTAGCACTTTGAGAAGCTGATATGGGAAGATCACTTGAGGCCAGGAGTTTGAGACCAGCCTGAGCAACTCTGCAAGACCCCATCTTTAAAAAAAAATTGGAT","GGCTGGGCACAGTGGCTCACGTCTGTAATCCTAGCACTTTGGGAGGCTGAGGTGGAAGGATCACTTGAGCCCAGGAGTTTGAGACCACCCTGACCAACACAGTGAAACCCCATCTCTAAAAAAAGT"
"GL873520","72285522","72285642","chr1","84693698","84693811","38","12408176","AAGACCCCATCTTTAAAAATAGCTGAGAGTTGTGGCTGGAGCCTGTAGTTCTAGTTACTTTGGCGGTTGAGGCAAGAGAATTACTTGAGCCCAAGAGTTTGAGGTTACTGTGAGCTATGAT","AATAATAATAAAAGCCTGTTGTGGTGGTGTACACCTGTAGTCCCAGCTACTTGGGAGGTTGAAGCAGGAGGATTGTGGAGTCCAAGAGTTCAAGATTACGGTGAGCTATGATTG"
"GL873520","72285915","72286025","chr8","6607482","6607593","29","65678433","GCTGATCGAGGTGGCTCACGCCTATAATCCTAGCACTCCGGAAGGCTGAGGTAGGTGGGTGGACTGTCCTCACAGGTTGGAGACCAGCCTGAGCAAGACCGAGACCCCATC","GCTGGGCAAAGTGGCTAACACCTGTAATCCCAGCACTTTGGGAGGCTGAGGTAGTTGGAATGCTTAAGCCCAGGAGTTTGAGACCAGCCTGGGCAACATAGGAGACCCCATC"
"GL873520","72316870","72316922","chr1","33202560","33202612","8","39114310","AGAACAGCCTGGGAAACATAGTGAGACCTTATCTCTACAAAAAATTAGAAAAA","ACCAGCCTGGGCAACATAGTGAGACCTCATCTCTACAAAAAATTAAAAAATTA"
"GL873520","72317017","72317185","chr11","19120205","19120379","51","53196812","AATTAGAAAAATTAGCCGGGTACAGAGGTGCTGTGAAATGAACTTTATCAGGGGGTTCAAACTGTGTCCCATAGAACCCAGGAATTGAAGACTGCAGTGAGCTATGATCATGCCACTGCCCTCCAGCCTGAGTGACAGAGTGATACCCTATCTCAAAAAAGGAAAGGAA","GAGTAAAAGAATTAGTTGGGCATGGTGGCATATGCCTGTAGTCCTAGCTACTCAGGAGGTGGAGGCAGGAGGATGGCTTAAGCCCAGGAGGTCAAGGCTGCAGTGAGCTATGATCATGCCACTGCGCTGCAGCCTGAGTGACAGAGTGAGACCCTACCTCAAAACAAAAAAAGAA"
"GL873520","72365043","72365317","chr11","57816849","57817130","71","14548194","GCCTGGCATGGTCGCTCACACCTGTAATTTTAGCACTCTGTGAGGATGAGGAGGATAGATTGCTTGAGCTCAGGAGTTCCAGACCAGCCTGAACAAGAGAGCCACCCCAACTCTAAAAATAGCCAGGCATTGTGGCGAGCACCCATAGTCCCAGCTACTCAAGAGGCTGAGGCCAGAGAATCACTTGAGCCCAGGAGTTTGAGGTTGCTGTTGAGTTGTGATGCCACGGCACTCTAGCAAGGGTGACAAAGTGAGACTTTTATCTTAAAACAACA","GGCCAGGCACAGTGGCTCACACCTGTAATCCTAGCACTTTGGGAGGCCAAGGCAGGTGGATTGCTTGAGCCCAGGAGTTTGAGACCAGCCTGGGCAACATGGCAAAACCTCATCTCTACAAAAATTAGCCAGACATGGTGGTGGGTGCCTGTAGTCCCAGCTACTCAGGAGGCTGAGGTAGGAGGATCATCTGAGCCCAGGAGGTCGAGACTGCAGTGAGCCATGATCATGCCACTGCACTCCAGCCTGAGTGACAGAGTGAGATCCTGTCTCAAACAAAAA"
"GL873520","72365603","72365622","chr8","92800630","92800648","3","20435027","GAAAAACAACAACAACAAAA","AAAGACAACAACAAAAAAA"
"GL873520","72523042","72523246","chr6","13732200","13732409","55","58790842","GGCTGAGAGCAGTGGCTCACACCTGTAATCCCAGCACTCTGGAAGGCCCGAGGCAGGTGGATTGCCTGAGCTCAGTTAGAGACCAACCTGAACAAGAGAGAGACCTGGCCTCTAAAAAAATGAAAAATAGCCAGGTGTTGTGGTGGACGCCTATAATCCTAGCTACTCAGGGGACTGAAGCAAGAGAATTGCTTGAGTCCAGGAG","GGCCGGGCGCGGTGGCTCACACTTGTAATCCCAGCACTTTGGGAGGCTGAGGCGGGCGGATCATGAGTTCAAGAGATTGAGACCATCCTGCTAACACGGTGAAACCCCGTCTCTACTAAAAATACAAAAAAGTAGCTGGGCCTGGTGGCGGGCGCCTGTAGTCCCAGCTACTCAGGAGGCTGAGGCAGGAGAATCACTTGAACGCAGGAG"
"GL873520","72523515","72523623","chrX","6615952","6616053","29","65907563","AGCCCAGGAGTCTTGAGGTTGCTGTGAGCTATGATGATGCCACAGTACTCTACCAGGGTGACAAAGTAAGATTCTGCCTCAAATAAATAAATAAATCAGAAAGAAATAA","AGCCCAGGGAGGTCGAGGTTGCAGTGAGCCATGATCTTGCCATTGCACTTCAGCCCGGGTGACAAAGTAAGACCTTGTCTTAAAATAAATAAATAAATAAAA"
"GL873520","72537231","72537318","chr11","47859603","47859693","21","24677628","GCACAGTAGCTCACACCTGTAATCCTAGTACTCTGGAAGACTAATGCGGGTGTATCGCCTGAGCTCAGGAGTTCAAGACCAGCCTGAG","GGGCACGGTAGCTCACACATGTAATCCTAGCACTTTGGGAGGCCAAGGCGGGCAGATTACCTGAGGTTGGGAGTTCAAGACCAGCCTGGCC"
"GL873520","72537595","72537788","chr19","6241772","6241964","53","66295823","GACCAGCCTGAGCCAGAGCAAGATGCAGTCTCAACTAAAAAAAATTAGAAAACTAGCTGGGCAGCATTGTGGGCACCTGCAGTCCCAGCTACTCAGGGGGCTGAGGCAAGAGGATCCCTTAAACCCAGGAGTTTGAGGTTGCTGTGAGTTATGACACCATGGCACTCTACCCAGGGCGACAGCGGAAGACTCTG","ACCAGCCTGGACAACATAGTGAGACCGCCATCTCTAAAAAATATGAAAATTAGCCGGGGATGGTGGTGCATGTGTAGTCCCAACTACTCAGAAGGCTGAGGCAGGAGGATTGCTTAAGCCAAGGAGGTTGAGGCTGCCATGAGCCATGAACGCACCATTGCACTCCAGCCTTGGGTGACAGAGCAAGACCCTG"
"GL873520","72565866","72566023","chr9","6760251","6760419","46","65805615","TTAGTCAATTATTGTGGTAGACAATTGAAGTCCCAGCTACTTGGGAAGCCAACAAAATCGCTTGAGCCCAAGAGTTGGAGGTTGCTGTGAGCTGTGATGCTAAAGCACTCTAACCATGGTGACAGCCCGAGAATATCTCAAAAAAAAAAAAAAAAAAA","TTAGCCAGGAATGGTGGCACACACCTGTAGTCCCAGTTACTCAGGAGGCTGAGGCACGAAAACCGCTTGAACCTTGGAGGGGGAGGTTGCAGTGAGCTGAGATCAAACCACTGCACTCTAGCCTGGGTGACAGAGTGAGATTCTGTCTCAAAAAAAAAAAAAAAAAAAA"
"GL873520","72566306","72566440","chr14","19228345","19228477","30","53337961","GACTGAGTGTGTTGGCTCACTCCTGTAATCCTAGCACTCTGGGAGGCTGACGGGGAAGGATTATGTAAACTCAGGAGTTTGAGACCAGCCTGAGCAAGAGCGAGACACCTGTCTCTGATAAAAATAGAAAAAAAA","GGCTGGGTGTGGTAGCTTACACCTGTAATCCTAGCACTTTGAGAGGCCGAGGCAGGAGGATCACTTGAGCTCAGGAGTTTGAGACCAGCCTAGGCAACATGGTGAGACCTTGTCTCTACAAAAAAAAAAAAAA"
"GL873520","72588707","72588908","chr6","84591535","84591736","52","12002828","GGCCAGGTGGTGAGTCATACTTGTTTATCCTAGGCACTCTGGGAGGCTGAAGCGAGAGGATCCCTTGAGCTCAGGAGTTTCAGACCAGCCTGAGCAAAAGTGAGATGCTGTCTCTACTAAAAATAGAAAAATGAGCCAGGCATTGTGGCTGACCCCTGTAGTCCCAGCTACTCAGGAGGTTGAGTCAAGAAAATCTCTTGAG","GGCTGGGAGCGGTAGTTCATGCCTGTAATCCCAGCACTTTGGGAGGCTGAGGAGGGTGGATCACTTGAGCTCAGGAGTTTGAGACCAGCCTGAGCAACATGATGAAACCCTGTCTCTACAAAAAATACAAAAATTAGCAGGGCGTGGTGGCATGTGCCTGTAGTCCCAGCTACTTAGGTGGCTGAGGTGGGTCACTTGGGCC"
"GL873520","72589148","72589260","chr16","30992766","30992877","30","41596382","GAAAATCTCTTGAGTCCAAGAATTTGAGGTTGCTTTGAGCTTTGATGCCAGGGCACACTACCCAGGGCAACAGAGTGAGACTATCTAAAAAAAAAAAGAAAGAAAGAAAGAAA","TGAAGGATCTCTTGAGCCCAGGAGTTTGAGGCTGCAGTGAGCTGTGATTGCACCACTGTACTCCAGCCTGGGCAACAGAGTGCTGTCTCAATAAAAAAAAAAAAAAAAAGAA"
"GL873520","72589501","72589748","chr21","19031879","19032139","72","53557622","AGAGAGAGAGAGAAAATCCCTTGAGTTTAGGTGTTTTGAGACCATCCTGAGCAAGAGCAAGACCCCATCTCTACTAAAAATAGAAAAATTAGCTGGGCATTGGGGCACATGCCTGTAGTCCCAGCTATTCATGGGATTGAGGCAAGAGGATCGCTTGATCCCAGTAGTTAGAGGTTTCTTTGAGCTGTGATGATTCCACTGCACTCTAGTCTGGAGCGCTCAAGAAGTAAGAAAGAAAGAAATGAAAA","TGGGAGGCTGAGGCTGGCAGATCACTTGAGTGCAGGAGTTTGAGACCAGTCTGGGCAACATGGTGAAACCCCATCTCCATAAAAAAATACAAAAATTGGCTGGGCATGGTGGCACACACCTGTGGTCCCAGCTATGTGGGAGACTGAGGCAAGAGGATCGCTTGAGCCCAGGAGGTCGAGGCTACAGTGAGCTGTGATTGTACCACTGCACTCCAACCTGGGCCCTGTCTCCAAAAAAAAAAAAAAAAAAAAAAAAAAGAA"
"GL873520","72589838","72589899","chr12","82211329","82211392","14","9621491","GGCACAGTGGTTCACCCTGTAATCTTAACACTCTGGGAGGCTAAGGCAAGAGAATCCCTTGA","GGCTGAGTGGTGCATGCCTGTAATCCCAACACTTTGGGAGGCTGAGGCAGGATAATCACTTAAG"
"GL873520","72601213","72601289","chr8","129850906","129850982","21","57249693","TGGCCAAGCATTGTGGCGGGCACCTATAGTCCCACCTACTTGGGACATTAAGGCAAGAGAATCACTGGAGCCCAAGA","GCCAAGAGCAGTGGCTCGCACCTATAATCCCAACAATTTGGGATGCCAAAGCAAGAGGATCACTTGAGCCCGAAGAG"
"GL873520","72601537","72601665","chrX","47965157","47965279","31","24636380","GACCAGGCACGGTGGTTCGTACCTGTAATCCTAGCACTTTGGGAGGCCACAGGGGTGGATTGTCTGAGCTCACAGTTCAAGACCAGCCTGAGCCAGAGTGAGACCTCATCTCTAAAAATGGCTGAGCAT","GGCCAGGCACGGTGGTTCGCACCTGTAATCCCAACACTTTGGGAGGCCAAAGCGGGAGGATTGTTTGAGGCCAGGAGTTCAAGACCAGCCTGGGCAACATGGTGAAACCCCATGTCTACAAAA"
"GL873520","72672495","72672621","chr16","28131355","28131479","25","44541140","GGCCAGGCATGATGGCTCAAACCTGTAATTCTAGCATTCTGGGAGGCCAAGGCAGGAGGATTACTTGAGTCCAGGAGTTTAAGATTAGATTGGGCAACAGAGAGAAACCCTACCTCTATTTAAAAAA","GGCCAGGCGTGGTGGCTCACACCTGTAATCCCAGCACTTTGGGAGGCTGAGGCAGGAGGATCACTTGAGCCCAGGAGTTTCAGAGCAGCCTGGGCAACATGGTGAGACCCTGTCTCCATTAAAAA"
"GL873520","72698154","72698197","chr11","61598286","61598326","10","11099868","GGGAGGAATCCCTGGAGCTCAGGAGTTCAAGACTAGCTTGAGCT","GGGAGGATCTCTTGAGCCCAGGAGTTCAAGACCAGTCTGGG"
"GL873520","72698470","72698682","chr3","68572234","68572433","69","4126236","CCAGCTTGAGAAAGACAACCCTACCTAACCCCACCTCTGTCTCTACTAAAAATAGAGAAAAAAATTAGTGGGTATTGTGGTTGGCACCTGCTAGTCCCAGCAACTCTGGAGACTGACTGAGGCAAGAGGATCACTTGAACTCAAGAGTGTGAGATTGCTGTGATCTAATCTGACGTCATGGCACCCTATCCTGGGCAGACTGAGACTTTGTCT","CCAGCCTGGGCAACGTGGCAAAACCTCGTCTTTACTAAAAATACAAAAAAATAGCTGGGTATGATGGTGAGCACCTGTGGTCCCAGCTACTCGGGAGGCTGAGGTGGGAGGATCACTTGAGTCAGGAGGTCAAGGCTGCAGTGAGCCGAGATTGCACCACTGCACTCCAGCCTGGAGGACAGAGTAAGACCCTGTCTCAA"
"GL873520","72749150","72749265","chr16","19352384","19352496","35","53396766","TTAATTAATTAAAAAGAAGATTGCTTGAGCCTAAGAGTTTGAGGTTGCTGTGAGCTATGAGCCCATAGCATTCTACCTAGGGCAACAGAGAGAGACTCTGTCTCAAAGAAAAAAAA","TAAGGCAGGAAGATTGCCTGAGCTCAGGAGGTTGAGGCTGCAGTGAGCCATGATCATGCCACTGCACTCCAGCCTGAGCAACAGAGTGAGACCCTGTCTCAAAAATAAATAAA"
"GL873520","72749541","72749737","chr15","41382188","41382391","53","31367353","GGCCCAGTGTGGTGGCTCACTCCTGTAATCCTAGCACTCTGGAAAGCCCAGGTGAGTGGATTGTCTGAGCTTAGAAGACCAGCCTGAACAAGAGTGAGACCCTATCTCTACTAGAAATAGAAAAACTAGCCGGGCATTGTGGCAGGTGCCTATAGTTCCAGCTACTCAGGAGGCTGAGGCAAGAAGATTGCTTGAGA","GGCCGGGTGTGGTGGCTCACACCTGTAATCCCAGGACTTTGGGAGGCCAAGGTAGGAGGATCGCTTGATCTCAGGAGACCAGCCTGGGCAACATGGCAAAATCCTGTCTCTACTAAAAATACAAAAATTAGCTGGGCATGGTGGTGTATGCCTGTGGTCCCAGCTACTTGGGAGGCAGAGGTAGAAGGATCGCTTGAGCCCGGG"
"GL873520","72785691","72785814","chr2A","26341169","26341295","35","46444522","GGCCAGGTGCAGAGACTTGTGCTTGTAGTCTCAGCTATTCGGGAGGTTGAGGCAAGAGGACTACTTAAGTGCCATAGACTAGCCTGAGAAAACATAGTGAAACCTTGCCTCATCTTTTACAAAA","GGCCAGGTGCGATGGCTCATGCCTGTAATCCCAGCACTTTGGGAGGTTGAGGCCAGTGGATCACTTAAGCGCTGAAGTTCAAGACCAGCCTGGGCAACATACTGAAACCCCCATCTTTTAAAAAAAT"
"GL873520","72786129","72786263","chr13","49733690","49733818","37","23052439","GGCTGGATGTGGTGGCTCATGCCTTTAATGCTAGCACTCTGGGAGATGGAGGCGGAGACAGGTCTGTTGTCTGAGCTCACAGGTTCAAGACCAGCCTCCGCAAAAGTGAGACCTGCCTCTAAAAATAGCCAGGCA","GGCTGGGTGTGGTGGCTCATGCCTGTAATTCCAGCACTTTGGGAGGTGGAGGTGGGATGATTGCCTGAGGGCTGGATTTCTAGACCTGCCTGGGCAACATAGTGAGACCCTGTCTATAAAAAAATCCAC"
"GL873520","72786538","72786681","chr20","48810763","48810904","42","23975775","GAAATAAAAATAGCCAGGCACTGTGGCAGACACCTGTAGTCCCAGCTACTCGGGGAGGCTGAGGAAAGAAAATTACTTAAGCCCTAAGAGGCTAAAGTTGCTGTGAGCTATGATGGTCATAGCACTCTTCCAGGGGCAACAAAG","AAAAAAAAAATTATCCAGGCATGGTGGCATGTGCCTGTAGTCCCAGCCACACAGGGGGCTGAGGCAGGAGGATTCCTTTAGCATAGGAATTCAAGGCTGCAGTGAGCTATGATTGCACACTGCACTACAGCCTGGGCAACAG"
"GL873520","72819561","72819869","chr3","139568018","139568337","77","66748457","GGTTGGGAGTGGTGTCTCATTCCTATAATCTCAGCACTTTGGGAGGCCAACGCTGGCAGATTGCCCAAGCTCAGGAGTTCAAGACCAGCCTGAGCTAGAGCGAGATCCTGTCTCTAAAATTAGCTGGGTGTTGTGGCAGGTGTCAGTAGTCCCAGCTATCAGGAGGCTGAGGCAAGAGAATCACTTGAGACCAAGAGTTTAAGGTTGCTGTGAGCTATGACACCACAGCACTCTATCAGGGGTGACAAAGTGAGACTCTGCCTCAAAAATAAATAAATAAATAAACAAAAAATAAAATAAAATAAAGAA","GGCTGGGTGTGGGGTTCACACCTATAATCTCAGCACTTTGGGCAGCTGAGCTGGGAGGACTGCTTAAGGCCAGGAGTTTATGACCAGCCTGGGCAACAGAGTGAGATCCAGTCTCTATAAAAATTAGCCAGGTGTGGTGGTGCCTGCCTGTAGTCCCAGCTACTTAGGAGGCTGAGGTAGGATTATCACTTGAGCCCAAGAGTTTGGGGCTGCAGTGAGCTATGATTGGGTCTCTGCACACTAGCCTGGGCAAAAAAGTGACATTCTGTCTCAAAAAAATAAATAAATAAATAAATAAAAATAAAGAACAACAAGAAAAA"
"GL873520","72830940","72831132","chrX","40886735","40886926","48","31944205","CCTCCATCTCTTCAATAATAGAAAAATTAGCTGGACATGGTTCCATGCATCAATAGTCCCAACTACTCAGGAGGCTGAGGCAAGAGGATTTCTTGAGCCTAGGATGTTAGAGACTTTAATGAGCTATGACAACACCACTATACTCCTGCCCAAGCAACAGAGCAAGACCCTGTTTCAATAAAAAAAAATAAAA","AATTTCATCTCTTAAAAAATACAAAAATTAGCTGGGGGTAGTGGTGCACAGCTGTAGTCCCAACTACTCGGGAGGTTGACGCAGGAGGATCACTTGAGCCTGGGAAGTTGAGGCTATAGTGAGCTGTGATGGCACCACTGTACTCCAGCCTGGGTGACAGAGTGAGACCTTGTCTCAAAAAAAAAAAAAAAA"
"GL873520","72831154","72831250","chr5","13406563","13406658","20","59424591","GGCCTGGGCACAGCAGCTTATGCCTATAATCCTAGAACTTTGGGAGACCAAGGCAGGAGGACTGCTTGAGGCCAGGAGTTGAAGACCATCCTGAACA","GGTTGGACACAGTGGCTCATGCCTATAATTCCAGCATTTTGGGAGGCCAAGGCAAGGGGATCACTTGAAGCCAGGAGTTCAAGACCAGCCTGAGCA"
"GL873520","72846280","72846400","chr22","36757324","36757446","28","36088956","GTAGTCCTAGCACTTTGGAAGGCTGAGATGGTAAGACTGCTTGAGGCTAGGAGTTCAAGACCTGCCTGGGCAATATAGTGAGACCTCACTTCTAAAATATATATATATATAGTAAAAAAAA","GTGATCCTAGCACTTTGGGAGGCCCAGATGGGAGGACTGCTTGAGGCCAGGAGTTCAAGACCAGCCTGGGCAACATAGTGAGACCTCATCTCTATAAAAAGAGTTAAAAAATTATCCAGGCAC"
"GL873520","72846688","72846865","chr11","71620673","71620849","48","1226015","TGGGTGTGATTAAATATTACCTGGGTGTGATAGGGCACTCTTGTAGTCTTATCTACCCAGGTGACTGAAGCAAGAGGATTGCCTGCGCCCAGCAGTTTAAGGATGTAGTGAGCTGTGGTTGAGCCATGGCACTCCAGCCTAGGTGACAGAGCTAGGCCCTCTCTTAAAAAGAAAAAAA","AAACTTTTTATTTTAATTAGCTGGACGTGGTGGTATGCACTTGTAGTCCCACTACTCAGGAGGCTGAGGCAGGAGGATTGCTTGAACCCAGGAGTTCAAGACTGCAGGAGCTATGATTGTGCCATTGCACTCCAGCCTGGCTGACAGAGTAAGACCCTTTCTCTTAAAAAAAAAAAA"
"GL873520","72852126","72852331","chr20","33705901","33706099","55","39146225","TGAGACCCAATCTCTATATAAATAGAAAAATCAGTCAGATGTGGTGGTGCATACCTATAGTCCCAGCTATTGGGGAGACTGAGGCAGGAGGATAGTGTGGGCCTCCTGCCCAAGAGTTTGAGGTTGCCATGAGCTATTATGACACCATTGCACTCTACGCAGGATGGCAGAGTGAGACCCTGTCTCAAAAGGAAAAAAAATGAAAA","TGAGACCCCGTTTCTACATAAAAATGCAAAAATTAGCCAGGTGTGGTTATGCATACCTGTAGTCCCAGCTACTCAGGAGGCTGAGGTGAGAGGATTGCTTGAGCCCTGGAGTTCAAGCCTGCAGTGAGACATGATTGCACCACTGCACTCCAGCCTGGGAGACATAGTGAGACCCTGTCTCAAAAAAAAAAAAAAAAAA"
"GL873520","72852609","72852699","chr9","110520976","110521068","28","37668367","GGCTAGGTATAGTGGCTTGTGCCCATAATCCTGGCATTCTAGCAGACTGAGGCAGGAGGATCAAGAAGAGCCAGAGCAAGAATGAGACCCA","GGCCTGGTGCAGTGGCTCATGCCTGTAATCCGAGCACTTTAGAAGGCTGAGGCAGGAGGATCACTTGAGCCCAGGAGTTCAAGATCAGCCTGG"
"GL873520","72856443","72856538","chr3","49642271","49642364","16","23214172","GGCGGGGTGCAGTGGCTCACACCTCTAATCCCAGCACTCTGGGAGGCCAAGGTGTGTGGATTGCCTGAGCTCACAGGTTCAAGACAAGCCTGAGAT","GACCGGGTGCAGTGGCTCACACCTGTAATCCTAGCACTTTGGGAGACCAAGGTGTGAGGATTGCCTGAGCCCATGAGTTAAAGACCAGCCTGGC"
"GL873520","72856786","72856975","chr8","38561134","38561339","60","34295652","CCAGCCTGAGCCAGAGTGAGACCTCATCTCTAAAAATAGCCAGGCTTTGTGCAGGCACCTGTAGTCCTCATTACTTGGGAGCCTGAGGCAAGAGAATTGCTTGAGCCCAAGAGTTTGAGGTTGTTGTGAGCTATAATGCCATAGCATTCTACCAAGGGTGACAAAATGAAACTCAAAAAAAAAAAAAGAA","CAGCCTGGGTAACGTGGTGAGACCACATCTCTAAAAAAATTAGCTGGGCTTGGCAGCACATACCTGTAGTCCCAGCTACTTGGGAGGCTGAGGCGGGAGCATCGCTTGAACCCAGGAGGTAGAGCCTGCAGTGAGCGAGACTGTATCTCTGCACTTCAGCCTGGGTGACAAAGTGAGACACCATCTTAAAAAAAAAGAAAGAAAGA"
"GL873520","72859692","72859855","chr3","189241423","189241586","42","116381731","AAATATCCAGACAGTGTTGCAGGTGCCTGCAGTCCCAGCTACTGGAGAGGCTGAAGCAAGAGGATCTTCTGAGCCCAAGAGTTTGAGGTTGCTGTGAGCTAGGACACCATGGCACTCTACCAAGAGTGACAACATGAGACACTGTCTCAAAAAAAAAAAACAAA","TTAGCCAGGCATGATGGTGCATGCCTATAGTCACAGCTATTTGGGAAGCTGAAGCAGGAGGATATCTTGAGCCCAGGAGTTTGAGGATTGCAGTGAGCTATGATCACACTACTGCACTCCAGCCTATGTGACAGAGTGAGACCCTGTCTCAAAAAAAAAAAGAA"
"GL873520","72860147","72860283","chr1","33670814","33670944","26","39189333","GGCCAGGCATGGAGTAGCTCATGCCTATAATCCTAACACTTTGGGAGGCTGAGGCAGGTGGATTGCTTGAGCTCAGGAGTTCAAGACCAGCCTGAGCAAGAGCAAGACCCCCTGTCTCTTAAAAAAATAGCCACTTG","GGCCGGGAGTGGTGGCTCACGCCTGTAATCCTAGCACTTTGGGAGGTTGAGGCAGGTGGATTGCTTGAGCTCAGGAGTTCAAGACCAGCCTGGGCAACATGGTGAAACCCTGTCTCTACAAAAAATACAAA"
"GL873520","72875827","72875962","chr1","152310097","152310225","34","79434270","GACTAGGTGCGGTGGCTTGCACCTTTAAATCCAGCATTCTGGGAGGCCGAGGCCATGGATTGCTTGGAGTCAGGAATTCAAGACAAGCCTGAGCAAGAGTGAGACCCTCATATCTCTACTAAAAACAGGAAAACTA","GGCCAGGCATGGTGGCTCACACCTGTAATCCCAGCACTCTGGGAGGCCGAGGCCAGCAGATTGAGTACAGGAGTTTGAGACCAGCCTGGGCAACAGTGAAACCTCGTCTCTACTAAAATACAAAAAATT"
"GL873520","72876242","72876423","chr12","66258613","66258792","47","6617629","TAAAAACAGAAAAACTTGCTGGCTATCATGGTGCATACTTGTAGTCCCAGTTACCTGGGAGGCTGAGGCAAGAGGATTGCTCAAGCCTAAGACTTTGAGGTTGCTGTGAGCTATGATGGTAGGCACTCTAGTCTGGGGCAATAAGAGTGAGACTCTGTCTCAAAAGAAAAAAAAATTAAAAA","AAAAAACAAAAATTAGCCAGGCATGGTGGTACATGCCTGTAGCCCCAGCTATTCTGGTGGCTGAGGCAGGAGGATTGCTTGAGCCCAGGAGGTTGAAGCTGCTGTGAGCCGTGATTGGACCACTGCACTCCAGCCTGGGGGACAGAGTGAAACTGTGTCTCAAAAAAAAAAAAAAAAAAA"
"GL873520","72909896","72909998","chr10","59492409","59492502","34","13417487","AAACAGGAGGATTCTTTGAGCCCAGGAGTTAAAGGCTGGCACTATTTATACTTCAGCCGGGACAAGAGAATGAGACCCTGTTTCTATTTTTAAGAAAGAAAAA","AGGCAGAAGGATCACTTGAGCCCAGGAGGTCGAGGCTGCAGTGAATTGTGATTGTGCCAGGCAACAGATACAGACCCTGTCTCAAAAGAAAAAA"
"GL873520","72910267","72910468","chr9","37771894","37772087","58","35138373","GGCTGGATATAGTGACCCATACTTGTATTCCCAGCAGTTTGGTGGAGAGGCTACAATGGGAAGATTGCTTGGGGCTGGAGTTTGAGACTAGTCTGAGAAACAAAGCAAGACCGTGTCTCTACAGAACATAAATAAAAAATTTGGCTGGGCATGGTGGTGTGCACTTGTAGTCTCGGCTACTAAGGAGGCAGAAACAGGAGGA","GGGCAGGTGTGGTGGCTCATGCCTGTAATCCCAGCACTGTGGGAGGCCGAGGCAGGAGGATCACTTGAGCCCAGGAGTTTGAGACCAGCCTGGGCAATATAGGGAGACACTGTCTCTACAAATAATTTAAAAATTAGCTGGCCATAGTGATGTACGCCTGTGGTCCCAGCTACTCAGGAGGCTGAAGCAGGAGG"
"GL873520","72910901","72910936","chr19","9990646","9990679","11","62920255","CACTTGAGCCCGAAAGTTCAAGGCTAGCCTGGACAA","CTTGAGCCCAGGAATTCGATGCCAGCCTAAGCAA"
"GL873520","72916757","72916848","chr15","37377465","37377541","32","35539292","AAAAAAGTTTGACGATGCTGTGAGTTATGCAGCAGTACTCTACCAAGGGCAACAAACAGACTGTCAAAAAAAAAAAAAAAAAGGGAAAAGAA","AAATAGCTATGATCATATCACTGTACTCCAGCCCAGGTGACAAAGAGACCCTGTCTCAAAAAAAAAAAAAAAAAAAA"
"GL873520","72916937","72917022","chr1","21836229","21836318","20","51080708","GCCAGGCATTGTGGCGGGCGCCTGTAGTCTCAGCTACTTGGGAAGCTGAGGCAAGAAGATCACTTTAACCCAAGAGTTTGAACTTG","GGCCAGGCATGGTGGCACGTGCCTGTAATCCCAGCACTTTGAGAGGCTGAGGCAGGAAGATCACTTGAGCCCAAGAGTTTGAGAACAGCC"
"GL873520","72917555","72917693","chr1","33670814","33670944","38","39246741","GCTGGGAGCAGTGTCTCACTCCTATAATCCTAGTACCCTGGGAGTCTGAGGCAGGTGGATTGCTTGAGCTCAGGAGTTCAAGACCAGCCTGAGCCAGAGCAAGACCCTGTCTCAAAAAAAGGCCGGGGGCGGGGGGGAA","GGCCGGGAGTGGTGGCTCACGCCTGTAATCCTAGCACTTTGGGAGGTTGAGGCAGGTGGATTGCTTGAGCTCAGGAGTTCAAGACCAGCCTGGGCAACATGGTGAAACCCTGTCTCTACAAAAAATACAAA"
"GL873520","72954173","72954287","chr1","149917067","149917179","26","76962894","GCTCGTGCCCATAATCCTAGCAGTCTGGGAGGCAAAGGCAGGTGGATTGCTTGAGCTCAGGAGTTCGACACCAGCCTGAGGCAGAGTGAGACCCTGTCTCTAAAAAAAGAAAACA","ATGCCTGTAATCCCAGCACTCTGGGAGGTCAAGGCAGGAGGATCCCTTGAGCTCAGGAGTTTGAGACCAGCCTAAGCAGGATAGTGAGACCCTCATCTCTACAAAAAAAAAAA"
"GL873520","72954546","72954724","chr1","184532449","184532625","43","111577903","GAACAATTAACTGGGTATCATGGCATACACCTATAGTCCCAGCTACTCAGGAGGCTGAGGCAGGAGGATTGGTTGAAACCAGGAGTTCGAGGTTGCTGTGATTTATTATTACGTTGCTGTGCTCTAACTGGGGCAACAGAGTAAGACTGTCTCCAAAAAAAAAAAAAAAAAGAAAGAAA","AATTAGCTGGGCATGGTGGCATGCACCTATAATCCCAGCTACTCAGGAGGCTGAGGTGGGAGGATCTCCTGAGTCCAGGAGTTCGAGGCTGCAAGTGAGCTATGATCGTGCCAGTGTTCTCCAGCCTGGGCAACAGAGTGAGACCTGGTCTCTAAAAAATAAAAAAATAAAAATAAA"
"GL873520","72959829","72959849","chr19","11811175","11811192","4","61148654","CAAAACTGTAAAAAAATAAAA","CACAATGAAAAAAATAAA"
"GL873520","72959944","72960241","chr17","24444892","24445190","94","48515052","GTGGCCCACACCTGTTAATCCCAGCAATTTCAGAGGCCCAAGTGGGAGGATTGCTTAAGACTGGGAGTTCAAGACTAGCCTGGACAAGATAGCCAGAGTCTGTCTCTGAAATTTTTTTTTTTTTTTTAGTTAGCTGGGTGTGGTGGCATGTGTATGTAGTTTTAACTGTTTGGAAGGCTGGTGGAGGAAGATAACTAAGTGCAGGACTTGCAGGTTGTGGTGAGCTATGATTGTATGTACCACTGTACTCCAGCCAATGCAACAGAGTAAGACCCCTATCTTTAAAAAAAAGGAGCGG","GGCTGGGCACAGTGGCTCATGCCTGTAATCTCAGCACTTTGGGAGGCCAAGACAGGAAGATCGCTTGAACCTAGGAGTTCAAGACCAGCCTGGGCAACATAGTGAGACAGTGTCTCTACAAATTTTTTTTTTTTTTTAATTAGCTGGGTATGGTAGTGCACACCTGTAGTCTCAGCTACTTGGGAGGCTGAGGCGGGAGGATCACCTGAGTGCGGGAGGTCAAGGCTGCAGTGAGCAGTGGTCATGCCACTGCACTCCAGTGTGGGCAACAGAGTGAGACCCTGTCTCAAAAAAAAAAA"
"GL873520","72987852","72988108","chr4","38339349","38339590","66","34648503","GAAATTCCGAGGTGGGACAACCTCTTGAGGCTAGGAGTTTGAGACCTGAGACCTACCTAGGCACCACAGCGAGACCCTATCTCCATAAAATATAAAAAAATCAGCTAGGCATGGTGGTGCACACCTATACTCCTAGCTACTTGGAAGGCTGAAGCAGGAGGATCACTTGAGCCAAGGAATTTGAGGTTGCAGTGAGCTATGATCACACCATAGCAAGCCTAGGCAACAGAATAAGACCCTGTCTCCAAATAAATAAA","GAAGTGAGTGGATGGCTTGAGCTCAGGAGTTTGAGACCAGACTGGGCAACATGGTGAAACCCCATCTCTACAAAAAATACAAAAATTAGCCAGGCGTGGTGGTTCGCACCTATAATGCCAGCTACTTGGGGGGCTGAGGCAGGAGGATAGCTTGAGCCCAGGAAGTGGAGGTTGCAGTGAGCTGAGATCACATCACTGCAGTCCAGCCTGGGTGATAGAGTGAGACCCTGTCTCAAAAAAAA"
"GL873520","72988368","72988403","chr8","123409770","123409807","13","50421402","GCCTATAATCCTAGCACTTTGAAATTCCGAGGTGAG","CTCATGCCTATAATCCTAGCACTTTGGGAGGCAGGCAG"
"GL873520","73061340","73061536","chr20","4833312","4833507","57","68228028","GGCTGGGCACAATGCCTGACCCATATAATCCTAGCACTCTGGGAGGCCAAGGCGGGGAGGGACAGGATTGCCTGAGCTCACAAGTTCAAGACCAGCCTGAGTCAGAGCAAGACCTCGTCTCTAAAATATAGCCAGGTGTTGTGGCCGGCACCTGTAGTCCCAGCTACTTGGGAGGTTGAGGCAAGAGAATCTCTTAA","GGCTGGGCCCAGTGGCTCACATTTGTAATCCCAGTACTTTGGGAGGACAAGGCAGGCGTATCACTTGAGCCCAGAAGTTCGAGACCAGCCTGGGTAACACAGCAAAACCCCGTCTCTACAAAAAATTAGCCAGGTGTGGTGGTGCATGCTTGTAGTCCCAGCTACCAGGCAAGCTGAAGAGGAAGCATCACCCTCA"
"GL873520","73061812","73061921","chr2B","206563725","206563834","29","133501913","GGAGAATCTCTTAAGCCCAAGAGTTTGAAGTTGCTGTAAGCTGTGATGCCACAACACTCTACCAAAGGAAACAAAGTGAGACTCTGGCTCAGAAAAACAAACAAACAAAA","GGAGTGTCACTTGAGCCTGGGAGTTTGAGGTTGCAGTGAGCTGTGATTGCATCATGCACTCCATCCTGGGCAAAAGAGTGAGACCCTGTCTCAAAAAAAAAAAAAAAAAA"
"GL873520","73083143","73083268","chr7","99782297","99782421","34","26699154","CAGTGGCTCACATCTGTAATCCCAGCACACTGGGAGGCTGAGGAGGGCGGATTGCCTGAGCTCACAGGTTTGAGTCCAGCCTGAGCAAGAGCAAGACCCCTGACTCTAAAAATAGCCAGGTGTGAA","GGTGGCTCACGACTGTAATTCCAGCACTTTAGGAGGCTGAGGCGGGAGGATTGCTCGAGGCCAGGAGTTCAAGACCAGCCTGAGCAACGTACCGAGACCCTGTCTCTATAAAAATTAGAAGGTTA"
"GL873520","73083525","73083631","chrX","48956519","48956618","29","24127006","TAAAAATAGCTGGGCAATGTGGCTGGTGCATGTATTCCTAGGTACTTGGGAGGCTGAGGCAAGAGAATTGCTTGAGCCCAAGAGTTTGAGATTGCTGTGAGCTGTGA","GCTGGGCATGGTGGTGTGTGCTCATAGTCCTAGCTGCTGGGGAGGCTGAGGTGAGAGGACTGCTTGAGCCCAGGAATTTGAGACTGTAGTGAGCTGTGAT"
"GL873520","73086014","73086142","chr10","95119450","95119581","30","22033436","CTGGGCACAGTGGCTCACGCCTATTATCCCAGCACTTGGGAGGCTGAGGCAGATGGATTGCCTGAGCTCAGGAGTTTGAGACCAGGTGAGCTAGAGCAAGACCCCCATCTCTAAAAATAGCTGGGCATT","CCGGGTAGAGTGGCTCATTCCTGTAATCCCAGCACTTTGGGAGGCTGAGGCAAGAGGATTGCTTGAGGTCAGGAGTTCGAGACCAGCCTGAGCAATGTAGCAAGACTCCACCTCTACAAAAAATGAAAAGCT"
"GL873520","73086410","73086584","chr12","96671998","96672172","39","23585588","AATTAAAATAGCTGGGCATTGTGGCAGGGGTCTGTAGTCCCAGCTACTTGGGAGGCTGAGGTAAGAGAATCACTTAACCCCAGGAGTTTGAGGTTGCTGTGAGCTATGACACCATAGCACTCTACCAATGGTGACAAAGTGAGCCTCTGTCTCAAAAAAAAAAAGTAAATAAAAA","AATTAGCTGAGCATGGTGGCAGGCACCTGTAGTCCCAGCTACTTGGGAGGCTGAGGGAGGAGGGTCACTTGAACCCAGGAGTTTGAGGCTGCAATGAGCTATGACTGCATCAGTGCACTCTAGCCTGGGCAGTAGAGTGAGACCCTGTCTCACAAAAAAAAGAAGGAAAGAGAAA"
"GL873520","73111621","73111695","chr4","25785731","25785810","15","47325890","GGCCTGGCGTGGCTCATGCCTCTAATCCTAGCACTCTGGGAGGCCGAGGTAGGTGGATTACTTGAGCTCACAGGT","GGCCTGGTGCAGTGGCTCATGCCTATAATCTCAGCACTTTGGAAGGCCGAGGTGGGGGGATCACTTGAGCCCAAGCAGTT"
"GL873520","73111955","73112180","chrUn_GL394560","7392","7612","71","73104563","TGAGCTCACAGATTGGAGACCAGCCTGAGCAATAGCAAGACCCCGTCTCTAAAAATAACCAGGTATTGTGGAAGGCACCTGCAATCCCCACTACCTGGGAGACTGAGGCAAGAGAATCGCTTGAGCCCAGGAGTTTGAGGTTGTTGTATGCTATGATGCCACGGCACTCTACTGAGGGCAACAAAGTGAAACTCTATCTTAAAAAAGAAAAGAAAAGAAAAAGAAA","GAGCCCAGGAGTTCGAGACTAGCCTGGGAAACATTGCAACCCCATCTCTACAAAGAATAAAAAAATTAGCTGGGAGTGGTGGTCCCAGCTACTTGGGAGGCTGAGGCAGGAGAATCATTTGAGCCCAGGAGGTTGAGGCTGCAGTGAGCCATGTTAGTGCCATTGCACTCCAGCCTGGGTGACAGAGTGAGATCTTGTTTAAAAATAAAGAAAGAAAGAAA"
"GL873520","73125194","73125383","chr7","4237351","4237553","49","68887843","GGCTGGGCGTGGTGGCTCATGCCTGTAATCCCAGCACTCTGGGAGGCTGAGGCAGGTGGATTTGCTAGATCTCAGGAGTTGGATACCAGCCTCGGCAAGAGCAAGACTCCATCTCTAAAAATAGCTGGGCATTGTGTTGGGCACCTGTGGTCCCAGTTACTCAGGAGGCTGAGGCAAAAGGCTCACTTGA","GGTCAGGCATGGTGGCTCATGCCTGTAATCCCAGCACTTTGGGAGGCCGAGGTGGGCAGATTGCTTGAACTCAGGAGTTGAAGACTAGCCTGGGCAACACGGCAAAACCCCATCTCTACTAAAACTACAAAAACTAACTGGGCATGGTGGCACGCGCCTGTAGTCCCAGCTACTGGGGAGGCTGAGGTAGGAGGATCACTTGA"
"GL873520","73125656","73125758","chr3","46775769","46775871","28","26349887","GGATCACTTGAGTCCAAGAGTTTGAGGTGGCTGTGAGTTATGACACTACCAGCACTTTACTGGGAGCAACAAAGTGAGACTCTGTCTCAAAAAAAAAAAAGAA","ATCACTTGAGCCTTGGGGGTTGAGGCTGCAATGAGTCATGACTGTGCCATTGCACTCTAGCCTGGGCAACAGAAAAGAGACCCTGTCTCAAAAAAAAAAAAAA"
"GL873520","73447089","73447356","chr3","133065732","133066007","74","59618643","GGCTGGGTGCGGTGGCTCACGCCTGTATTCCCAATACTTGGGAAGTTCAGGGGTTGGATTGCCTGAGCTCACAGGTTCAAGACCAGTCTGAGCCAGAGTGAGACCTCATCTCTAAAAAAATACCCGGGCATTGTGGTGGGTACCTGTAGACCCAGCTACTTGGGAGGCTGAGGCAAGAGAATGACTTGAGCCTGAGAGTTTGTGGTTGCTGTGAGCTACAATGCCTTGGCACTCTGTTGAGCATTACAAAGTGAGACTCTGTCTCAAG","GGCCGGGTGCAGTGGCTCACGCCTGTAATCCCAGCACTTCAGAAGGCCAAGGCAGGAGGATCACTTGAGCTTAGGAGTAGAGACCAGCCTCAGCAACATGGTGAAACCCCATCTCTACAAAAAATTAGCCGGGCATAGTGGTGCGTGTCTGAAGTCCCAGGTACTGGAGAGGCTGAGGCAGGAGGATCACTTGAGACTGGGAGGTCAAGGATGCAGTGAGCTGTGATAGTGCCATTGCACTCCAGCTGGGGCAACAGAGCGAGACCTTGTCTCAAA"
"GL873520","73447378","73447393","chr1","153358526","153358539","2","79911148","AAAAAAAAACCAAAAA","AAAAAAAAAAAAAA"
"GL873521","58193","58339","chr1","40759650","40759803","42","40701457","TTAGTCAGGCATTGTGGCAACTTAGGCATAGCTACATGGAAGGCTTAGACAAGAGAATCACTAGAGTCCAGGAATTGGAGGTTGCTGTGAGCTACGATGCCATAGCACTCAAGCCTGGGGCAACAGTGTGAAACTCTATCTCAAAAA","ATTAGCCAGACATGGTGGTGCACATCTGTAGGCCTAGCTACTTGGGAAGCTGAGGCAGGAAGACTGCTTGAGCCCAGGAGTTTGAGGCTGCAGTGAACTATGATGACATCACTGCACTCCAGCCTGGGCAAGAGTGAAACTGTTTTTTAAAAAA"
"GL873521","58369","58496","chr11","12504072","12504193","41","12445703","GGTGTGGTGATTGATGCCTGTAAGTCTAGCACTTTGAGGAGAGTGGATCCCTCTGAGGAGGGTGGATCTGTTGAGCTCAGATACTCAAGACCAGACTGAGCAAGACTGAGACCCCCCCATTTTTACAA","GGCCTGGTGCAGTGGCTCAGACCTGTAATTCCAGCACTTTGGGAGGCCTGGGTAGGTGGACTGTTTGAGCTCAGATGTTTGAGACCAGCCTGGGCAACATGACAAAACCCCATCTCTACATA"
"GL873521","119441","119613","chr3","50079465","50079644","54","49960024","CAACAAAAAAAAAAACAGATGACATAGTGGTTCACACCTGCAGTTGCAGCTAATGGGGAGACTTAAGACAGGAAAATCACTTGAACTCAGGCATTTGAACTTTCAGTGAGCTATGCTGATGCCACTGTACCTTAGTCATGACAGCAGAGCAAGAACCGGACTAAAAAAAAAAA","ACAAAAAGAAAAAACAATTAGCAAGGCCTGGTGGTACACACTTGTAGTCCCAGCTATTTGGGAGGCTGAGGTGGGAGGATCACTTGAGCCCAGGAGTTCAAGGTTACAGTGAGCTATGATCATGCCACTGCACACTAGCCTGGGCATCAGAGAGAGTTCCTGTCTCTAAGAAAAAAAAAA"
"GL873521","119642","119758","chr4","150658849","150658965","24","150539207","GGCTGGACCTGGTGGTTCACACTTGTAATCCTGGCACTTTGGGAAGCCAAGGTGGGAGAACTGGGTGAGGTCAGGAGTTTAAGACCAGCCTGAATGACATAGCAAGATCTCATCTCT","GGCTGGTTATGGTGGCTGACACCTGTAACCCTAGTACTTTGGGAGGCCCAGGTGGGAGGATTGCTTGAGGCCAGGAGTTTAAACCAGCCTGGGCAACATAGCAAGACCTCATTTCTT"
"GL873521","610584","610857","chr11","57816849","57817130","68","57206265","GGCCATGTGCAGTGGCTCACACCTGTAATCCTAGCACTCTGGGAGGCTAAGGCAAATGGATTGCTTGAGCTCAGGAGTTCAAGACCAGCCTGAGCAAGAGCTAGAACTGACCCCATCTCTAAAAAATGCCAGGCAATATGGTGGAGTCTAGAGTCCCAGCTACTCGAAGGCTAAGGTAGAAAGATGGCTTAAGCCCGAGAGTTTGAGGTTGCAGTGAGCCGTGACACCATGGCACACTCTACTGAGGGTGACAAAGTGAGATTCTGTCTCCAAA","GGCCAGGCACAGTGGCTCACACCTGTAATCCTAGCACTTTGGGAGGCCAAGGCAGGTGGATTGCTTGAGCCCAGGAGTTTGAGACCAGCCTGGGCAACATGGCAAAACCTCATCTCTACAAAAATTAGCCAGACATGGTGGTGGGTGCCTGTAGTCCCAGCTACTCAGGAGGCTGAGGTAGGAGGATCATCTGAGCCCAGGAGGTCGAGACTGCAGTGAGCCATGATCATGCCACTGCACTCCAGCCTGAGTGACAGAGTGAGATCCTGTCTCAAACAAAAA"
"GL873521","1502062","1502265","chrX","121141350","121141549","52","119639288","CAAACAAAAAAAGACTAGTCTCTACTGAAAATAGAAAAACTAGCCGGGTATTGTGGCAGGCTCCTGTACTCCCAGCTACTTGGGAGGCTGAGGCAAGAGGATCACTTGAGCCCACGAGTTTGAGCTTTCTGTGAACTATGATAATGTCACAGCACTCTACCCAGGGTGACAGAGTGAGATTCTGTGTCAAAAAAATAAAGAAAA","GAAACAAAGCAAGACCCCATCTCTACAAAAAATTTAAAAATTAGCTGGGCCCAGTGGTGTGTACCTGTAGTTCCAGCTATTTAGGAGGCTGAGGCAGGAGGATCCCTTGAGCCCAAGAGTTCAAGGTTGAAGTGAACCATGACTACGCCACTGCACTCTAGCCTGGGGACAAAGTGAGACCTTGTCTCAAAAATAAAAAA"
"GL873521","1502500","1502603","chr19","19649787","19649888","25","18147287","GCCAGGTGCAGTGGCTCATGCCTATAATCCTAGCACTCAGGAAGGCCAAGGCAGGTAGATTGAGTTTGAGACCAGCCTGACTAAGAGCAAGACTGGTCTCTATA","GCCAGGCATGGTGGCTCATGCCTGTTATCCTAGCACTTTGGGAGGCTAAGGCGGGAGGAGTTTGAGACCAGCCTGGGCAACATAGCCAGACCCTGTCTCTTA"
"GL873521","1595405","1595517","chr21","23033355","23033468","23","21437950","GCTGGGCATGGTAGCTCATGCCTGTAATCCCAGCACTCTGGAAGGCCGAGGCAGGTGAATTGCCTAAGCTCACAAGTTCAAGGCCACCCTGAGCCCAGCAAGACCCTATCTGT","GGCCAGGCATAGTGGCTCATGCCTGTAATCCCAGCACTTTGGAAGGCCGAGGCAGGAGGATTGCTTGGAGCCCAGGAGTTCGAGACCAGCCTGAGCAGCATAGACCCCTATCTC"
"GL873521","1595795","1595978","chr3","132688217","132688402","51","131092422","TGAGACCCATCTCTAAAAATAGCCAGGCGTTGTGGTGGGCGCCTATAGTCCCCGCTATTCTGGAGACTGAGGCAAGAGAATCACTTAAGCCCAAGAGTTTGAGGTTGCTGTGAGCTGTGACACTATGGCCCTCTACCAAGGGTGACAAAGTGAGACTCTGGCTCAAAAAGAAAGATAAAAAAAA","TACAGAAAAATTTTTAAAAAATTAGCCATGTGTGGTGATGCGCACCTGTAGTCCCAGCTACTCTGGAGGCTGAGGTGTGAGGATCACTTGAACCCAGGAGTTCGAGGCTGCAGTGAGCCATGATCATGCCACTGCACTCCAGCCTGGGTGACAGAGTGAGACCTTGTCTGAAAAAAAAAAAAAAAA"
"GL873521","1759823","1760095","chr20","35179301","35179570","73","33419478","CTAGCATCCTGGGAGGCTGAGGCAGGTGGACTGTCTGAGCTCATGAGTTTGAGACCAGCTTGAGTAAGGGAGACCCTGTATCTACTAAAAATAGAAAAACTAGCCAAGCATGGCGGCACATGCCTGTAGTCCGAACTGCTTGGGAGGCTGAGGCAAGAGTATCACCTAAGCCCAAGAGTTTGAGGTTGCTCTGAGCTATGAAACCAGGGCAGGGTCCTCTACCCAGGGTGACAAAGTCAGACTGTCTCCAAAAAAAAAAAAAAAAAAAAAAAA","CCAGCATGGTGGGAGGCCGAGGTGGGCAGATCGCTTGAGTCCAGGAGTTTGAGACCAGCCTGGGCAACATGGCGAAACCCCGTCTCTACAAAAAATACAAAAATTAGCCAGCATGGTAGCCCACGCCTGTAGTCCCAGCTGCTTGGGAGGTTGAAGTGGGAGCATCACTTGAGCCTGGGAGGCGGAGGTTGCAGTGAGCTGTGATCTGCACTCCAGCCTGGGTGACAGAGCGAGACTCTGTCTCAAAAAAAAAAAAAAAAAAAAAAAAAA"
"GL873521","1760611","1760644","chr1","206552735","206552767","4","204792124","GGCTGGGAGCCGTGGCTCACCCCTGTAATCCTAG","GGCTGGGAGTAGTGGCTCACGCCTGTAATCCTA"
"GL873521","1978757","1978896","chr19","10086469","10086601","36","8107712","GGGTGCAATGGCTCATTCCTACAACCCTAACATTTTGGGAGGCCTGGGTGGGAGGAAAGCTTGGGACCCGTAGTTTGAGATCAGCCTGAGCAACACAGTGAGATGCTGTCTCTACAAAAAATTAGCCTAGTATGGTGGTG","GGGTGCAGTGGCTCACACCTATAATCCTAGCAGTTTGAAAGGCTGAGACGGGTGGATCGCTTGAGCCCAGGAGTTCAAGACCAGCCCGGGCAACATAGTGAGACCCTGTCTCTACAAAAAATTAGAGGATGTG"
"GL873521","1984940","1985104","chr19","18092803","18092966","37","16107863","AAAATGAGCCTGGTGTGGCAGCACTTGCTTGTGGTCCCAGCTACTTAGGAGGCTGAGGCAGCAGAATTGCCTGAGTCCAGGAGTTTGAGATTGCAGGGAGCTATAACCATACCACTTCATTCCAGCCTGGGCAACAGAGCAAGGCCCTGTCTCAACCAAACAAAA","AATTAGCAGGCTGTGGTAGCATGTGCTTGAGGTCTCAGTTACTTGGGAGGCTGAGGTGGGAGGATCACCTGAGCCCAGGAGTTCAAGGCTGCAGTGAGCTATGATCACACCACTGCACTCCAGCCTGGGCAACAGAGCAAGATGCTGTCTCAAAAAAAAAAAAA"
"GL873521","2126971","2127283","chr1","18920994","18921309","78","16794023","GCCAGGTGCAATGGCTCATGCCTGTAATCATAGCACTCTGGGAGGCTGAGACTGGAGGATTACTTGAGCTCAGGGTTTCGAAATCAGCTTGAGCAAGAGTGAGACCCCCATCTCTACAAAAATAGAAAAACTAGCCAGGTGTTGTGGTGGGCACCTGTAGTCCTAGCTATTTGGGAGGCTGAGGCCAGAGGACAGCTCAAGTCCGGGAGTTTGAGGTTGCTGTGAGTTGTGACAGCACAGATGTCTACAGAGGGTAACAAAGAAAGACTCTGTCTCAAAAATGAATGAATAAATAAGTAAATGAATAAATAAA","GGCCAGGTGCATTGGCTCATGCCTGTAATCCTAGCACTTTGGGAGGCTGAGGCAGGCAGATTGCTTGAGCCTGGGAGTTTGAGACCAGCCTGGGCAACATGGCAAAACTCTATCTCTACAAAAAATACAAAAATTAGCCTGGCGTGGTAGCGTGAGCCTGTAGTCCCAGCTACTGGGGAGGCTGAGGTTGGAGGATAGCTTGAGTCCGGGAGGTCGAGGCTGTAGTGAGCTGTGATCACACCACTGCACTCCAGCCTGAGAGACAGAGAGAGATCTTTTCCCAATAAATAAATAAGTAAGTAAATAAATAAATAAA"
"GL873521","2389393","2389473","chr1","36080957","36081040","20","33691564","TTGGGAGACTGAGGCAGGAGGATTCCTTGAAGCCAGGAGTTCAAGACCAGCCTGAACAGGAGTGAGACTCTGACCATATAA","CTTTGGGAGGCTGAGGCAGGGGGATTGCTTGAGCCCAGGAGTTCAAGACCAGCCTGGGCAATATAGCGAGACCCTCATCTCTAC"
"GL873521","2389498","2389674","chr1","31190959","31191130","48","28801461","CCCCAGAAAAACAGAAAAATTAGCCAGGTATGGTGGTATGGGTCTATAGTCCCAGCTGCTTGAAGGCCAAGGCAGGAGGATTACTTGAAGCCCAAGAGTTTAAGGCTACAGTGAACTATGACGATGTCACTGCACTCTAGCCCAGTTGACAGGGAATGAATCTGTTTCAAAAAAAAA","CACACACACACACAAAAATTAGCCAGTGTGGTGGTATACTCCTATAGTCCTAGCTGCTCGGGAGGCTGAGACAGGAAGGTCACTTGAGCCTAGCAATTTAATGCTGCAGTGAGCTATGATTGTGCCACTGCACTCCAGCCTGGGCAGCAGAGTGATACTCTGTTTCAAAAAA"
"GL873521","2550002","2550150","chr19","3288108","3288256","38","738106","CCCTCAGCTTTGCATGGTGATATGCACCTTTGGTCCCAGCTGCCTCAGGAGGTTGAGGCATGAGGATCCCTTGAGCCCACAGTTTGAAGCTGCAGTGGGCTATGATGGTGACACTACACTCTAGCCAGGGAGACAAAGTGAGGCTCTAT","AGTTAGCTGGGCATGGTGGTATGGGCCTGTGGTCCCAGCTACTCAGGAGGCTGAGGCAGGAGCATCTCTTGAGCCAAGGAGGTCGAGGCTGCAGTGAGCTGAGATTGCGCCACTGCACTCCAGCCTGGGTGACAGAGTGAGATCCTGTC"
"GL873521","2550422","2550560","chr7","34482046","34482189","32","31931624","CTGAGTGTGGTGGCCCCTGTCTGTAATCCCAGCCCTTTGGAAGGCTGAGAAGAGGATCACGTGAGGCCAGGAGGTTGAGAACAGTGTGGGCAACACAATGAGACCCATCTCTAAAACAAGTTTAAAAATCAGCTGGGCT","GGCTGGGCATGGTGGCTCATGCCTGTAATCCCAGCACTTTGGGAGGCTGAAGTGGGAGGACTGCTTGAGGCCAAGAGCTTGAGACCAGCCTGGGCAACATAGTGAGACTCCATCTCTACAAAAAGTTTAAAAATTAGCAAGGGT"
"GL873521","2565293","2565460","chr12","36177409","36177585","39","33612116","AACAATAAAAATTATCCAGATATGGTGGTGTGTGCCTGTAGTGCCAACAGCTAGGGAGGCTGAAGCAGGAAGATCGCTGGAGCCCATGAGTTTGAGATTGCAGTGAGCTGTGAGGCCACTGCGCTCTACCCTGGGTGAGAGAGTAAGACCCTGTCTTGAAAAAACAAA","TAAAAAATTAAAAAATTAGCCAGATGTGGTGGTGCGTGGCTGTGGTCCCAACTACTCTGGAGGCTGAAATGGAAGGATTACTTGAGCCCATGAGGTTGAGGCTGCAGTGAGCTGTGACTGAGCCACTGCACTCCAGCCTGGGTGACAGAGTGAGACCCTGTTTCAAAAAAAAAAGAA"
"GL873521","2565490","2565601","chr12","111694807","111694920","25","109129317","CCAGATACAGTGGCTTACACCTGTTATCCTAGCACTTGGGAGGCCAAAATGAGAGGCTTGCTTAAGTCCAGGAGTTTGAAACCAACCTGTGCATGAGCAAGACCCCATCTCT","GGCCAGGTACAGTGGCTCACACCTATAATCTCAGCACTTGGGAGGCCAAGGTGGGAGGATCACTTGAGTCCAGGAGATTGAGACCAGCCTGGCAACATAGCAAGACCCTATCTC"
"GL873521","3217868","3218143","chr10","9473915","9474197","72","6256047","GGCTGGGTGCAGTGGCTCATGCCTATAATTTTAGCATTCTGGGAGGCCTGAATAGGAGGATCCCTTGAGCTCAGGAGTTTACCAGCCCAAGCAAGAGTGAGACCCCATTTCAACTATAAATAGAAAAACTAGCTGGACGTGGTAGCGTCTGCTTGTATCCTAGCTACTGAGGTGGCTGAAGTAGGAGGATCATTTGAGCCCAAGATTTGGTGATAGCAGTGAGCTAGGCTCATACCATAGCACTCTAGCCTGGGCAGCAAAGTGAGACTATCTCAA","GGCTGGGTGCAGTGGCTCACACCTGTAACTTTAGCACTTTGGGAAATCAAGGAAGGTGGATCACTTGAGCCTAGGAGTTTGAGACCTGGACAACGTAGTGAGACCCCATTTCTACAAAATAAAACAAAAACTAGCTGGGCATGGTGGCATGCTCCTATAGTCCCAGCTACTCAGGGGCCTGAGGTGGGAGGATCGTTTGAGCCCAGGAGGTGGAGGTTGCCGTAAGCCAAGATCATGCCACTACACTGCAGCCTGGGAGACAGAGTGAGACCCTGTCTCAAAA"
"GL873521","3218164","3218191","chrX","137081199","137081225","4","133863035","AAAAAAAAAAAAAGGAAGAAGAAGAAAA","AAAAAAAAAAAAAAAAAGGAAAGAAAA"
"GL873521","3495930","3496043","chr1","9156973","9157091","28","5661043","GACCAGGCCCAGTGGCTCACTCCTATAATCCCAGCACTCTGAGAGGCCAAGGCAGGAGTTTGAGACCAGCTTGAGCAAAAGCAATACCCTATCTATAAAAAAAATAGCCAGGCT","GGCTGGGTGAGGTGGCCTCACGCCTGTAATCCCAGCACTTTGGGAGGCCAAGGCAGGAGTTTGAGACCAGCCTGGGCAATACAGTGAGACCCCATCTCCAAAAAAAAAATTAGTGGGGC"
"GL873521","3496294","3496455","chr4","75562087","75562252","37","72065793","TAGCCAGACATGGTGGCAGGTTCCTGTACTCCCAGCTACTTAGAGGCTGAAGCAAGAGGATAGCTTGAGACCAAGAGTCTGGAGGTTGCCATAAACTATGATGCCATAGCACTCTACCCACGGTGACAGAGTGAGATTCTGTCTCAAGAATAAATAAATAAA","TTAGCTGGGTGTGGTGGCATGCACCTGTAGTCCCAGCTACTTAGGAGGCTGAGGCAAGAGGATCACTTTAGCCCAGGAGGTGGAGGTTGCAGTGAGCTGAAATCATACCACTGCACTCCAGCCAGGGTGACAGAGTGAGACCTTGTCTCAAAAATAAATAAATAAA"
"GL873521","3515961","3516093","chr1","109402188","109402317","37","105886227","CTGGGCACAGTAGTATGTTCTTGTAATCCCAGTTTGGGAATGGGAGGCTGAAGCAGGAGGATCTCTTGCACCTAGGAGTTCAAGTCCAGCCTGGGCCACTTAGGTAAACACTCCTATACACACAATAAATAAA","GGCTGGGACGGTGGCTCATGCCTGTAATCCCACACTTTGGGAGGCTGAGCTGGCAGATTGCTTGAGCCTAGGAGTTCAAGACCAGCCTGGGCAACATGGTGAAACCCCACCTTTACAAAAAATAAATAAA"
"GL873521","3526495","3526609","chr6","8494714","8494833","23","4968219","GGGTGTGGTGGCTCATGCCCATAATCACAACACTTTGGGAGGTGAGGCAAAATGGTCACTTGAGACTAGGAGTTCAAGATCAGCCTGGGCAACATAGCAAGACTCTGGGTCCACA","GGCCAGGTGTGGTGGCTCATGCCTGTAATCCCAACATTTTGGGAGGCTGAAGCAGAGAGGTTGCTTGAGACCAGGAGTTCAAGACCAGCCTGGGCAACATAGCAAGACCCTCTCTCTACC"
"GL873521","3526643","3526661","chr3","50246504","50246521","6","46719861","TTAAAAAACAAACATTTGC","AAAAAAAAAAAAAATTTT"
"GL873521","3544998","3545149","chr5","35290577","35290728","43","31745579","AGCCCAACAAAATGAGGGGGGCATTGTGGTGGACGCCTGTAGTCCCAGTCACTCAGAAGGCTGAGACAAGGGAATCGCTTGAGTCCAAGATTTGAGGTTGCTGTGAGCTATGATGGCACAGCACTCGACCCAGGGCAACAGAGTGAGACTCT","ATAGAAAAACTAGCCAGCATGGTGGCTCACGCCTGTAGTCCCAACTACTCAGAAGGCTGAGGCAGGAGGATCGATTGAGCCTGGGAGGTCAAGGCTGCAGAGAGCCATGATTGTGCCACTGCACTCTAGCTTGGGCAACAGAGTGAGACTCT"
"GL873521","3545179","3545299","chr8","123644856","123644976","23","120099677","GGCCAGGGTGCAGTGGCTCATGCCTGTAATCCTAGCACTCTGGAAGGCTGAGGCGGGTGGATTGCTTGAGCTCAGGAGTCGGAGGTCAGCCTGAGCAAGAGAAGGATCCCATCTCTACTGA","GGTTGGGTGCAGTGGCTCATGACTGTAATCCCAGCACTTTGGGAGGCTGAAGCAGGTGGATTGCTTGAGCCCAGGAGTTGGAGATCAGCCTGGGCAACATAGTAAGACCCTGTCTCTACAA"
"GL873521","3553893","3554058","chr11","78192954","78193119","45","74639061","AATACTGACCAGGTGTAGTGAGTGGTGCATGCCTATAGTCTCAGTTACTTGGAAGGTTGAGGCAAAAGGATTGCTCAAACACAAGAGTTTTAGGTTGCTGTGAACTATGATGCTACAGCACTCTACCAGGGCAACAGAGTAAGACTGTGTCTCAACAACAAACAAA","ATTAGCCAGGCATGTTGGTGCATGCCTATAGTCCTAGCTACTTGGAAGGCTGAGGCATGAGGATGTACTGAGCCCAAGAGTTCCAGGTTAGAGTGAGCTATGATCATGTCACTGCACTCTAGCCTGGGCAACATAGCAAGACCCTGTCTCTAAAACAAAGCAAAAA"
"GL873521","3554086","3554201","chr1","91242641","91242760","22","87688555","GGGTGCAGTGGCTCACGCCTATAATCCTAACACTCTGGGAGGCCAAGGTAGGTGGATCACTTGAGTTTGAGGAGTTTGAGACCAGCCTGAGCAAGAGAAAGACCCCATCTCTACTA","GCCAGGCGCAGTGGCTCACACCTATAATCCCAACACTTTGGGAGGCCAAGGCAGGAGAATCACTTGAGGCCAGGAGTTTGAGACCAGCCTGAGCAACATAGCAAGACCTTGGCTCTACTA"
"GL873521","3593976","3594262","chr16","24608122","24608413","74","21014146","GGCTGGGCACAGTGGCTCACACCGGTAATCCCAGCACTCTGGGAGGCCGAGGCAGGTGGATTACCTGAGCTCACAGTTTCGAGACCAGCCTGAGCAAGAGTGAGACCCCCCCCCCAATCTCTAAAAATAGCTGGGCGTTATGGCCAGGTGCCTGTAATCCCAACTATTTGGGAGGGTGAGACATGAGAGTCAGTCACTTTGAGCCAAGAGTTTGAGGTTGCTGTGAGCTGTGTGCCACAGCATCCTACCGAGGGTGACAAATTGAGACTGTGTCTCACAAAAAAGAA","GGCCAGGCGCAGTGGCTCACACCTGTAATCCCAGCACTTTGGGAGGCTGAGGTGGGTGGATTACTTGAGCTCAGGAGTTTGAGACCAGCCTGGGCAATATAGTGAAACCCTATCTCTACCAAAAACACAAAAATCTAGCTGGGCATGGTGGCACGTGCCTGTAGTCCCAGCTACTCGGGAGGCTGAGGCAGGAGGATCACTTGAGCCTGGGAGGCAGAGGTTGCAGTGAGCCATGATTGCGCCAGTGCACTCCAACCTGGGTGACAGAACAAGACCCTGCCTCAAAAAAGAA"
"GL873521","3621527","3621631","chr8","21452005","21452106","29","17830478","TCACATTTATAATTCCAGCACTCTGGGAGGCCGAGGCAGGAGAAACCCTTGGGCTCAGGAATTCAGGGGCCAGCCTGAGCAAGAGCCAGGCCCAGTCTCTACTAA","CATGCCTATAATCCCAGCACTTTGAGAGGCTGAGGCAGGAGGATCGCCTGAGCCCAGGAGTTCGAGGCCAGCCTGGGCAACATAGCAAGACCCCATCTTTAA"
"GL873521","3621655","3621735","chr19","38588582","38588671","29","34966927","AAACCCCCCAGAAAATTAGCTGTAGTCCAGCTACTTGGGAGGGTGAGGCAGGATTGCTTGAACTCAGGAGGCTGAGGTTGC","TTAGCCAGGTGTGGTTGTGCACGCCAGTAGTCCTAGCTACTCAGGAGGCTGAGGCAGGAGGATTGCTTGAGCCCAGGAGTTTGAGGCTGC"
"GL873521","3642385","3642519","chr4","190118736","190118870","25","186476351","GGCTGGGTGAGGTGGCTCACACCTGTAATCCCAGCACTCTGGGAGGCCAACAGGGATGGAGCACCTGAGCTCAGGAGCTTGTGCCCAGCTTGAGCAAGAGTGAGACCTCATCTCTGTTAAAAACAGAAAAAAAAA","GGCTGGGTGCAGTGGCTCACACCTGTAATCCCAGCACTTTGGGAGGCCAAGGTGGGAGGATCACTTGAGCTCAGGAATTCGAGACCAGCCTGGGCAACATAATGAGACTGCATCTCTGTAAAAAAAAAAAAAAAA"
"GL873521","3642815","3642983","chr6","117522072","117522244","43","113879257","AAAAAAACTAGCCAGGCATTGTGGCGAGTGCCTGTAGTCCCAGCTACTCGGGAGGCGGAGGCAAGAGGAGTGCTTAATCCCAAGAGTTTGAGGTTGCTGTAAGCTATGACACTCATTCTACTCAGGGTAACAAAGTGAGACTCTGTCTCAAAAGGAAAAAAGAAAGAGA","TAAAAAAATTAGCCAGATGTGGTGGCATGTGCCTGTAGTTCCAGCTACTCGGGAGGCTGAGGCAGGAGGATTGCTTGAGCTCAGGAGTTCGAGGCTGCAGTGAGCTATAATTGTGCCACTGCACTCTAGCCTGGGTGACACAGTGAGACCTTGTCTTTAAAAAAAAAAAAAAA"
"GL873521","3668981","3669096","chr1","92774326","92774442","25","89105345","GGCTAGGCTCAGTGGCTCATGCCTATAATCCTAGCACTCTGGGAGGCTGAGACAGGTGGAGTGCCTACGTTCAGAAGTTTGAGACCAACCTGGGGAAGAGTGAGACCCTTGTCTCT","GGCCAGGCGCAGTGGCTCACACCTGTAATTCTAGCACTCTGGGAGGCAGAGGCAGGCAGACTGCTTGAGCTCAGGAGTTCGAGACTACCCTGGGCCACACAGTGAGACTTTGTCTCT"
"GL873521","3669118","3669287","chr19","44556029","44556196","40","40886911","GCCTAGCCATGCATTATGGTGGGCACCTGTAATCCCAGCTACTTGAGTGGCTGAGACAGGAGGATTGCTTGGGCCCAGGTGTTTGAAATTGTCGTGAGCTATGACAACACTATAGCACTCAACCCAGGGCACAGAGTGAGACCCTGTCTCAAAAAAAATAATAAATAAAA","TTAGCTGGGCACGGTGGTGTGCACCTATACTCCCAGCTACTCTGGAGGCTGAGACAGGAGGATTGCTTGAGCCCAGGAGTTCAAGACTGCAGTGAGCTAGGATCGCACCATTGCACTCCAGCCTGGGCAACAGAGTGAGGCCCTGTCTCTAATAATAGTAAAAAAAAA"
"GL873521","3669631","3669737","chrX","25092369","25092466","29","21422738","GGTTAGGCATGGTGGCTTACACATGTAATCCCAGCACTTTCAGAGGCTGAAGTAGGAGGATCTCTCAAGAGACCATCAGAGGGAGACCCTGTCCTTATAAATAATTA","GGGTGTGGCGGCTCAAACCTGTAATCCCAGCACTCTGTGAGGCTGAGGCAGGAGGATCGCCTGGGCAATATAGTGAAACCCTGTCTGTATTAATAATA"
"GL873521","3670024","3670183","chr1","26355033","26355200","40","22685009","TTGGTTGGGTGTGGTAGCACTTGCCAATAGTCTTAGCTACTTGGGAGGCTGAGGCAGGAGGATCCCTTGAGCCCAGGAGTTCAAAGTTGTAGTGAGCTGTAGTAGGGCCACTATAGGGTAAAAGAGTAAAATCCTGTCTCAAAAAAAAAAAAAAAAAAAA","AACTAGCTGGGTGTGGCGGCGTGTGCCTGTAGTCCCAGCTACTTGGGAGGCTGAGGCAGGAGGATCACTTGAGCCCAGGAGTTCAAGGCTGCAGTGAGCTAAGATCATACCACTGCACTCCAGCCTGGGTAATAGAGTGAGATCCTGTCTCAAAAAAAAAAAAAAAAA"
"GL873521","3713060","3713213","chr16","52591348","52591478","53","48878288","ACTAAAATTGTAAAGCCTAAGCTGGGTGTCATGGTGCACACCTGGAGATCCAGCTCCTCGGAGGCAGAGACAGGAGGATCTCTTGAACCCCAAAATTTGAACACAGTGCGACAACATAATGAGACCCACCTCTTACAAAAAATTACAAAGACTA","GCTGAGTGTGGTGGTGTGTGCCTATAATTCCAGCTACTCAGGAGGCTGAGGCAGGAGGATCACTTGAGCCCAGGAGTTTGAGACCAGCCTGGGCAACACAGTGAGACCCCATCTCAAAAAATTAAACATTA"
"GL873521","3858021","3858181","chr15","40727742","40727900","45","36869721","GGAAAAATTAGCTCAGCATTGTGGTGGGTGCCAATAGTCCTAGTTACTGGGGGGGTGGAGGGTTGAGGCAGGAGCTTGAGCTCAGGAGTTTGAGGTTGCTGCGAGCAAGGCTCATGCCATGGCACACTAGCCTGGACAACAGAGTGAGAGTCTGTCTCAAA","TTTAAAAATTAGCCAGGCATGGTGGTGACCACCTGTAGTCCTAGCTATTCAGGAGGCTGAGGCAGAAAGATTGCCTGAGCTCAGGAGTTTGAGGTTACAGAGAACTCTGATCATGCCACTGCACTGCAGCCTGGGCAACAGAGTGAGACTCTGTCTCAA"
"GL873521","3858456","3858567","chr17","26390105","26390216","27","22531649","GGTTGGATGCAGTGACTCACGTTTATAATCCTAGCACTCTGGGGAGCAGAGGCAGGAGGATCCCTTGAGCTTAGGAGCAAGACCCCATCTCTACTAAAAAATGGAAAAATTA","GGCCGGATGCAGTGGCTCACGCCTGTAATCCCAGCACTTTGGGAGATGGAGGTGGGAGGATCGCTTGAGGCTAGGGGTTCGAGACCACATCTTTACAAAAAATTTAAAATTA"
"GL873521","3958462","3958555","chr3","156881552","156881648","15","152923090","GGCCAAGTGTGGTGGCTCACGCCTGTAATCCCAGCACTCTGGGAGGCTGAGGCAGAGAATCACTGGAGCGCAAGAGTTTGAGACTAGCTTGAGC","GGCCAGTTGTGGTGGCTCACACCTGTAATCCTAGCACTCTGGGAGGCTGAGGCTGGAGGATCACTTGAGCTCAGGAGTTTGAGACCAGCCTGGGCAA"
"GL873521","4004289","4004415","chr2A","53135817","53135938","36","49131528","GCCGGGCGCGGTGGCTGACACCTGTAACCGAGCACTTTGGGAGGCATCTGTAGGAGGATCGCTTGAGGCCAGGGATTGGAGACCTCCCGCCCTACAAATGATTTTAAAATAAACTGCTTATGCTGGG","GCCAGGTACAGTGGCTGACATCTGTAATCCCAGCACTTTGGGAGGCTGAAGTGGGAGGATCACTTGAGGCCTGGAGCTTGAGACCAGCCTTGTCAACATAGTGAGATTAAAAAATTAGCTGG"
"GL873521","4004664","4004811","chr5","141173286","141173416","45","137168622","CTGCTTATGCTGGAGGACCCTCACCCCACCCCACCCCCACACACACCTTGTGCTCCTGACTTGGAGACTGCAGTGAACTATGATCAGGCCGCTGCCCTCCAGCGTGAGCGACAGAGCATGACCCTGTCAAAAAAAAAAAAAAAAAAAA","CTACTTGGGAGGCTGACCCACGAGAATCACTTGAACCTGGGAGGTAGGCTGCAGTGAGCTAAGATCACACCACTGCACTCCAGCCTGGGCAACAGAGCAAGACTCTGTCTCAAAAAAAAAAAAAAAAAAAA"
"GL873521","4367979","4368038","chr4","148843957","148844014","16","144475978","GGGCCCGGATAATGGCTCTAATCCCAGCTACTTGGGAGGCTGGGGCAGAAGGATCGCTTG","GCAATGGTACATGCCTATAATCCCAGCCCTTTGGGAGGCTGAGGCAGGAGGATCACTT"
"GL873521","4416492","4416644","chr15","38442496","38442652","39","34026004","GACAAAAATTAGATGGGCGTGGGGCTGTAGTTCCAACTACTCTGGAGGCTGAGGCAGGAGGGTTGCTTCAGCCCAGGAGTTTGCGGTTGTAGTGAGCTATAATGATTCCACTGCACTATAGCATGGTGACAGAGTAAGACTGTATCTCAAAAA","TTAGCCAGATATGGTGGTGCATGCCTGTAGTCCCAGTTACTTGGGAGGCTGAGGCGGGAGGATTGCTTGAGCCCAGGAGTTTGAGGCTGTGGTGAGCTATGATTGTGCCACTGCACTCCAGCATGGGTAACAGAGCAAGACCCTATCTCTTTAAAAA"
"GL873521","4416915","4417046","chr12","122239412","122239544","30","117822497","GCCTGGTACAGTGGCTCACAGCTGTAATTCTACCACTCTGGCAGACTGAGGCAGGAGTATAGCTTGAGGTCAGGAGTTAGAGAGCAGCCTGAGCAAAAGTGAGACCCTCTATTAAAAATAGAAGAATTAGGG","GGCTGAGCACGGTGGCTCATACCTGTAATCCTAGCACTTTGGGAGGCTGAGGCGGGAGGATTGCTTGAGGCCAGGAGTTTGAGACCAGCCTGGGCAACATAGTGAGACCCCATCTCTAAAAAAAAAAAAATTA"
"GL873521","4508052","4508216","chr1","180937305","180937458","45","176429253","CGCCAAAATAGCCACGTATGGTTGTGTGCACCTATAGTCCCAGCTATTTCAGAGGCGGAGACCATAAGACCACTTGCACCCAGGAATTTGAGGATACAGCAAGCTGTGATCATGCCACTGCACTCCACTCCAAGCCACAGACTGAGGCCTTGTCTCTTAAAAAAA","GCAAGCCAGGTGTGGTGGCATTTGCCTATAGTCCCAGCTATGTCAAAGGCTGAGACAAAAGTATCACTTGAACCCAAGAGTTAGAGGTTACAGTGAGCTATGATCGCACCACTGCACTCCAGCCTAGGCAACAGAATGAGACCCTGTCTCTAAA"
"GL873521","4508241","4508340","chr4","142826785","142826889","25","138318544","CCAGGTGCCATGGCTTATGCCTGTAATCCCAGGGCTCAGCTTGAGGCAGATGATCACTTGAAGCCAGGAGTTCGAGACCAGCCTGGGTAACACAGTGAGA","GGCCAGGTGTGGTGGCTCATGCCTTTAATACCAGGGCTTTGGGAGGCTGAGGCAGGACGATCACTTGAGGCCAGGTGTTTAAGACCAGCCTGGGCAACATAGGGA"
"GL873521","4585645","4585775","chr1","22024766","22024901","32","17439121","GCTGGGCAAGGTGGCTCACGCCTGTAATCCGAGCACTCGGGGAGTCCAATAGGGGTGGATTGCCTGAGCTCAAGTTCAAGACCAACCCAAGCAAGAGTAAGACCCCATCTCTACTAAAAATAGAAAAAACA","GCCAGGTGAGGTAGCTCACGCCTGTAATCCCAGCACTTTGGGAGGCCAAGGTGGGTGGATCAACTGAGGTCAGGAGTTCAAGACCAGCCTGGCCAATATGGTAAAACCCCATCTCTACAAAAAATACAAAAATTAT"
"GL873521","4586039","4586216","chr5","162553581","162553768","45","157967542","TAATAGAAAAACTAGCCACTGGTAGGCACCCATAGTCCCAGCTACTTGGGAGACTTAGGCAAGAGAATCACTTAGCCCAAGAGTTTGAGGTTGCTGTGAGCTATGATGCCATAGCACTCTACCCACAGTGCCAGAGTGAGATTCTGTCTCAAAACAAAAAAAGAAAGAAAGAAAGAAA","AATTTAAAAATAGCCAAGTATAGTGGCATGCCTCTGTATTCCTAGCTACTTAGGAGACTGAGGCAGGAGGATCACTTGAGCCCAAGTGTGTGAGGCTGCAGTGAGCCATGATCCAGCCACTGCACTCGAGCCTGGAAGACAGAGTGAGATACTGTCTCAAAAAAAAGAAAGAAACGAAAAGAAAGAAA"
"GL873521","4615177","4615298","chr12","11845861","11845982","46","7230684","AAATATAATGAGTAGCTGGGTGTGGAGGCACGTACTTCTACACCCAGCTACATAGAAACTGTGTAGCAGGCAGGAAGATAGTTTAATTAATATAGTGAGAACCCCATTTCAAAAAGAAAGAA","AATACAAGGAAGCCAGGTGTGGTGGCATGCACCTACAGCCCGAGCTACTCGGGAAGCTTTGAACTGGAGACAAGCCTGGGCAACATAGTGAAACCCCATCTCCCTCTAAAAACAAGGAAAGA"
"GL873521","4639212","4639298","chr17","29760224","29760310","16","25121012","GGCCTGGCACAGTGGCTCATACCTATAATCCTAGCACTCTGGGAGGTGAGGTGGGGAGGATCCTTTGAGCTTAAGAGTTTGAGATCA","GGCCATGGGCAGTTGCTCACACCTATAATCCCAGCACTTTGGGAGACTGAGGTGGGAGGATCGCTTGAGCACAGGAGTTTGAGACCA"
"GL873521","4757227","4757326","chr1","32811419","32811520","26","28054192","TAAAATAAATAAATCAGCTGGCAGTGTGGTAGGCAACTGTAGCCCCAGCTACCCAGGGCTGTGGCAGGAAGGTGACTTGAGCCCAGTAGTTTGAGGTTGC","ATTAAATTAAATGGAGCCGGGCGTGGTGGTATGCACCTGTTGTCCCAGCTACTCAGGAGGCCAAGGCAGGAGGATCACTTGAGCCCAGGAGTTTGAGGATGC"
"GL873521","4757600","4757715","chrX","124471265","124471386","33","119713665","GGCTGAGCAGTGTGGCTCACGCCTGTAATCCTAGTGCTTTGGGAGGCTGAGGTGGAGTGAATTCCAGACCTGCCTGAACAAGAGAGTTTTTGTCTCTACTAAAAATATAAAAATCA","GGCTGGACACCGTGACTCACGCCTGTAATCCCAGCACTTTAGGAGGCTGAGGCAGGAGGATTGCTCAAGACTAGCCTGGCCAACATGGTGAAACCCCGTCTCCACTAAAAATACAAAAATTA"
"GL873521","4833908","4834183","chr20","5619662","5619943","68","785754","GGCCAGTGCAGTGGCTCATGCTGTAATCCCAGCCCTCTGGGAGGCTGAGGCAGGCGGATCCCCTGAGCTCAGTGGTTGGAGACCAGCCTGAGCAAAAGTGCAACCCCGGCTCTACTAAAAATAGAAAAAACATTAGCTGGGCTGGGTGGCAGCTGCCTATAGTTACAGCTAATAGGAAGGCTGAGACAGGAGGATGGTTTGAGCTCAGGAGGTTGGGGTTAAGATATGGTGACACCACTGCATGCTACCTGGGGCACAGAGCAAGACTCTTGTCTC","GGCCAGGTGCAGGGGCTGACACCTGTAGTCCCAGCACTTTGGGAGGCTGAGGCAGGAAGATCACTTAAGCCCAGGAGTTCGAGACCAGCCTGCGCAACATGGTGAAAACCCGACTCTACAAAAAATACAAAAACTAGCCAGGCATGGTGGTGCCTGCCTGTAGTCCTAGCTACTCAGAAGGCTGAGATGGGAGGATTGCTTGAGCCCAGGAGGTTGAGGTTGCAGTGAGCTGAGATGACACCGCTGCATTCCAGCTTGGGTGCCAGAGCAAGACCCTCTCTC"
"GL873521","4857882","4858053","chr13","48157593","48157767","59","43299711","GACCAACCAGAGTAAGAATAAGACCCCTGTCTCTACAAAAAAATGCCAAAATTAGCCAGGCATAGTGGCATGCACCTATAGTCCCAGCTACTATAGTTTTGAGGTTGCTGTGAGCTATGACGATGACATTGCACTCTACCCCAGGCAACACAGCAAGGCTCTGTCTCCAAAA","CCAGCCTGGACAACATAGGGAGACCCTGTCTCTACAAAAAAATTTTCAGAAAATTAGCTGGGCACCATGGCGCATTCCTATAGTCCCAGCTACTCAGGAGGCTGCAGTGAGCCATGATTGTGCCACTGTGCTCCAGCACGGGTGACAGAGCAAGACCCTGTCTCTTAAAAAAAAA"
"GL873521","4858329","4858418","chr2B","246546136","246546224","17","241687807","CAGGAGCAGGGGCTCACACCTATAATCCTAGCACTCTAGAAGGCCAAGGCTGGAGGATTACTTGAGGCCAGAAGTTCATGACCAGCCAGT","CCAGGTGCTGTGGCTCATGCCTGTAATCCCAGCACTTTGAGAGGCCTAGGCAGGAGGATTACTTGAGGCCAGAAGCTCAAGACCAGCCT"
"GL873521","4904065","4904344","chr20","3250028","3250308","77","1654037","GGCCAGGCATGGCGGCTCAGCCTATAATCTGGGAGGCCAAGGCTCAAGGAGTTTGAGACCTGCCTGAGCAAGAGCAAGACCCTGTCTCTACTAAAAATAGAAAAAACAGCCAGGTGTTGTGGCAGGCACCTGTAGGCCCAGCTACTTGAGAAACTGAGGCAGGAGGACTGCATGAGCTCAGGAGTTTGAAGTTGCTGTGAGCTAAGAAGCCACAGCATTCTAGTCTGTAGCAACAGAGTGAAACTGTCTCAAAAACAGAACAAAACAAAACAAAACAAAA","GGCCAGGTGCAGTGGCTCACACCTATAATCCTAGCACTTCAAGGCCAAGTTCGAGACCAGCCTGGGCAACATGGCAAAACCCTGTCTCTACAAAAAAAAAATAAAAATTAGCCAGGCATGGTGGCGCTCACCTGTAGCCCCAGCTTCTTGTGGGGCTGAGGCAGGAGGATTGTTTGAGCCTGGGAGACAGAGGTTGCAGTGAACCTATATCATGCCACTGCACTCCAGCCTGGGTGACAGAGTGAAACCCTGTCAAAAAAAAAAAAAAAAAAGAAAGAAAA"
"GL873521","5548943","5549231","chr4","172002891","172003185","72","166453948","GACTGGGCACAATGGCTCACGCCTATAATCCTAGCACTCTGGAAGGCCAAGGTGGGTGGATTACTTGAGCTCACAGGTTTGGGACCATCCTGAGCAAGAGTAAAACCTCATCTCTAAAAATAGCCCGGCATTGTGGTGGGTACCTTGTAGTCCCAGCTAGTTGGGAGGCTGAGGCAAGAGAATCTCTTGAGCCTAAGACTTTGAGGTTGCTGTAAGCTGTGATGCCATGGTACTCTACCGAGGGTGACATAGTAAGACTCTATCTCCAAAAAAAAGAAAGGAAAAAGAA","GGCCAGGCACAGTGGCTCATGCCTATAATCCCAGCAATTTGGGAGGCCAAGGTGGGAGGATCACTTGAGCCCAGGAGTTGGAGACCAGCCTGGGCAACATGGCAAAACTCCATCTCTACAAAAAATAGAAGCCAGGTGTGGTGGTGTGCATCTGTAGTCCCAGCTACTTGGGAGGCTGAGGTGGGAGAATCGCCTGAGCCTGGGAGGTGGAGGTTGCAGTGAGCCAAGATCATGCCACTGCACTCTAGCCTGGGTGTCAGAGTGACAACTTGTCTCAAAAAAAAAAAAAAAAGAA"
"GL873521","5616768","5616899","chr1","134480867","134480991","29","128864099","GTGGCTCTCTCCTGTAATCCCAGCACTTTGGGAGGCCAGGGGAGAGGATTGCTTAAGGCCAGGTATTTGAAACCAGCCTGGGCAACACAGAGAGATATGCCCATCTCTACCAAAAGAAAAAAATTGCTAGGA","GTGGCTCATGCCTGTAATCCCAGCACTTTGGGAGGCCAAGGAGTGAGGATTGCTTAAGTCCAGGAGTTCAAGAACAGCCTGGGAAACATAGTAAGATCCTGTCTCTACAAAAAATAAAAAATTGT"
"GL873521","5617203","5617331","chr3","201848039","201848154","42","196230836","TTAAAAGTTTGCTGGGCTTGCTGAAGTGTGCCTGTAGTCCCAGCTACTCAAGAGACTAAAGTGGGGGGGATCAACAGAGCCCAAGAGTTTTAGCCTGTTCTGAATCACTGGACCACTGCATTCCTGTCT","ATTAGCTGGGCGTGGTGGCGGCTGCCTGTAGTCCCAGCTACTCAGGAGGCTGAGGTGGGAGGATCACCTGAGCCCGGGAGGTCGAGGCTGCAGTGAGCAGTGATGACGGCACTGCA"
"GL873521","5813449","5813645","chr8","55925895","55926096","51","50112446","TCTATAAATATATAGAAATTGCCAGGCACTGTGGCTAATGCCTGTCATCCGAGCACTTTGGGAGGCTGAGGCAGGAGGATCATTTGAGCCCAGAAGTTGGAGGCTTCTATGACTGGGGTGCTGCACTACAGTGGAGGCTGGGTGAAAGAGCAAGATTCTGTCTCTAAAAAACATACAAAACAAACAAACAAACAAAA","TCTCTACAAAAAAATAAAAAACTAGCCGGGCATGGTGGCACATGCCTGTAGTCCCAGCTACTTGGGAGGCTGAGGCAAGAGGATCACTTTACCCCAGGAGGTCGGGGCTGCAGTGAGCTGTGTTCATACCACTGCACTACAGCCTGGGTGACAGAGCAAGACTCTGTCTCAACAAAACAAAACAAAACAAAACAAAACAAAA"
"GL873521","5816723","5816839","chr7","150519989","150520108","29","144703266","GGCTTACACCTGTAATCCTAGCACTTTGGGAGAGTGGGAGTATGGCTCGAACCCAAGAGTTGGGAGACCAGCATGGGAAAGAATGAGACCCTGTCTCTACAAAAATAGAAAAATTAG","TGGCTCACATCTGTAATCCCAGCACTTTGGGAGGCCAAGGTGGGAGGATTGCTTGATCCCAGGAGTTGGAGACCAGCCTGGGCAACATAGTGAGACCCTGTCTCAACAAAAATTTATTTT"
"GL873521","6392280","6392393","chr13","98865790","98865887","34","92473510","GGCATGGTGATACATGCCAGCGACTTAGGAGGAGGACCCCTTGAGCAAGTGAGCAGTGATTGTGCCACTGCACCTCCAGCCTGAGCAACAAAGTGAGACTCTGACTCTTAAAAA","CAGGGGGACCACCTGAGCCTGGGAGGTTGCAGCTGCAGAGCCGTGATTGTGCCACTGCATTCCAGCCTGGGCAACAGAGTGAGCTCCTGTCTCAAAAA"
"GL873521","6821886","6822161","chr13","35542940","35543211","71","28721054","GGCCTGGTGCAGTAGCTCAGAGCTGTAAGCCTAGCACTCTGGGAGGCAGAGGTAGGTAGATCACTTGAGACCAGGAGTTCAAGAAGACCAGACTAAGTAAGAGTGAGACCCTCACCTATGCTAAAAATAGAAAATATTAGCTGGGCATACAGTGTATGTCTGTAGTCCAGGCTACTTAGGAAGCTGAGGTAGGAGGATCACTTAAGCCCAGGAGTTTGAGGTTGCTGTGAGCTAGGCTGAGGCCATGGTACTTCAGCCTCGGCAACAGAGTGAGAC","GGCCAGATGTGGTGGCTCACACCTGTAATCCTAACACTTTGGGAGACCGAGGTGGGTGGATCACTTGAGGTCAGGAGTTCAAGACCAGCCTGGCCAACATGGTGAAACCCCATCTCTACTAAAAATACAAAAATTTGCTGGGCATGATGGTGGGCGCCAGTAGTTCCAGCTACTCAGGAGGCTGAGGCAGGAGAATCGCTTGAACCCAGGAATCAGAGGTTGCAGTGAGCCAAGATCACGCCATTGCACTGAAGCCTGGGCGACAAGAGCAA"
"GL873521","6822427","6822459","chr1","26448863","26448892","8","19626436","TCAGAGTGAGACTTTATCTCAAAGAAAAAAAAA","TGAGTAAGACCCTGTTTCAAAGAAAAAAAA"
"GL873521","6828199","6828251","chr12","8954703","8954756","17","2126504","GGGAGAGGTAGCTCAGGCCTGTAATTCTAACACTCTGGGAGGGAGGATCCCTT","GGTCAGGTATGGTGGCTCATGCCTGTAATTCTAGTACTTTGGGAGGCTGAGGTC"
"GL873521","6828640","6828791","chr2A","70191250","70191406","45","63362610","CCTTGAGCTCACAAGTTTGAGACCAGCCTGAGCAAGAGCGTGACTATCTCTACTAAAAATAGAAAACTCTGCTAGGTGTTGTGGCAGGTGCCTATAGTTCCAGCTACCTAGGAGGCTGAGGCAAGAGGATCACTTAAGCCCAGCAGTTTGAG","TCACTTGAGCCCAGGAGTTCGAGACCAGCCTGGGCAACATAGTGAGACTCAGTCACTACAAAAATAAACTTGCTGGGTGTGGTGGTGTGCACCTGTAGTTCTAGCTACTCAGGAGGCTGAGGTGGGAGGATCCCTTGAGCCTCGGAGGTGGAGGTTG"
"GL873521","6837142","6837367","chr12","104694083","104694305","59","97856941","GACTGGGTGCTATAGCTCACACCTGTAACCCTAGCACTCTCAGAGGCCAAGGTGGGTGGATTCGCTGAGCTCAGGAGTTCAAGACCAGCCTGAGCAAAATAAGACCCCATCTCTACTAAAAATAGAAAAAGAAAAACCAGCCAGGTGTGGTGCCAGGAGCCTGTAGTTCCAGCTACTCAGAGGCTAAAGTAAGAGGATTATTTGAGCAGTAAGAGTTTGTGGTTTC","GACTGAGTACGGTGGCTCACACCTGTAATCCTAGCATTTTGGGAGGTCAAAGTGGGAGGATGACTTGAGCCCAGGGGTTCAAGACCAGCCTGGGCAACAAAGTGAGACCCTGTCTCCATAAAAATTACAAAAATTAACCAGGCATGGTAGCATGTGCCTGTAGTCCCAGCTACTCGGGAAGCTGAGGCCAGAGGATTGCTTGAGCTTAAGAGGTTGAGGCTGC"
"GL873521","6837616","6837695","chr14","61332116","61332199","24","54494500","GTTTGTGGTTGCTGTGAGCTATGACATCACAGCACTCAACCCCAGGGTGACTACATACAACTCTGTCTCAGAAAAAAAAA","GGTTGAGGCTGCAGTGAGCTGTAATTGTACCACTGCACTCCAACCCAGGTGACACAGTAAGACCCTATCTCAAACAAAACAAAA"
"GL873521","7000001","7000131","chr1","35753661","35753787","41","28753660","ACAGTAATACATACTTGTAGTTCCAGCTTCTAGGCTGAGGCCAGAAGATGGCTTGAGCCCAGGACTTTGAGGTTGCAGTGAGAGATGATGATACCTCTGTACTCTAGCCCAGGTAACAGAGACTCTGTTTC","TTAGCCAGGCATACTAGCTCATGCCTGGAGGCTGAAGCAAGAGGACAGCTTGAGCCCAGGAGTTTGAGGCTGCAGGCAGCTATGATCGCACCATCGCACTCCAGCCTGGGTGACAAGACCCCATCTC"
"GL873521","7000386","7000547","chr6","44662547","44662705","42","37662161","GGGTGTGGTGGCTCTTACCTGTAATCCTAGCACTTTGGGAGGCTGGGGCAGGCAGGAAGATTGTTTGAGGCCAGGAGTTCCAGACCAGGCTTGTCAATATAGTGAGACCCCGTCCCTATAAAAAATAGAAAAATTATCTGGGCCTGGTAATGCATACTTTGG","GGCACAGTGGCTCATGCCTATAATCTCAGCACTTTGGGAGGCCAAGGTGAGAGGATCACTTGAGCCCAGGAGCTACAGACCAGCCTGGGCAACATAGAGAAAACCCATCTCTACAAAAAATACAAAAATTATCTGGGCGTGGTGATGCATGCCTGTTGT"
"GL873521","7034228","7034543","chr6","83628974","83629284","80","76594746","GGCCAGATGCAGTGGCTGACACCTGCAATTCTATAACTTTAGGAAGGTGAGAGAATTGCTTGAGGCCAGGAGTTCCAGACCAGCCTGAACAATATAGTGAGACCCCATTGCTACAAAAATTAGAAAAATTCACTGGGTGTAATGGCCAATGCCTGTATTCCCAGATAATCCAGAGGCTGATGCTGGAAGATTACTTGAGCCCAAGAATTTGAGGTGACAGTGAGCTATGATGACACCAATGCACTCTAGCTTGGGCAATAGAGTGTGACCCTATTTCCAAAAAAAGAAAGAAAGAAAGAAAGAAAAGAAAAGAAAA","GGCAGGGCATGGTGGCTCATACCTGTAATCCCAGCACTTTGGGAGTCCAAAGTGGGTGGATCGCTTGAGTCCAGGAGTTCAAGACCAGCATGGGCAATATGGTGAAACCCTATCTCTACAAAAAAATACAAAAATTAGCTGGGCATGGTGGCATGCACTTGTATCCCAGCTACTCCAGAGGCTGAGGTGGGAGGATTGCTTGAGCCCAGGAGGTTGAGGCTGCAGTGAGCCATGATCACACCACTGCACTGTAGCCTGGGCAGTAGAGCGAGACACTGTCTAAAAAAAAAAAAAAAGAAAAGAAAAGAAAA"
"GL873521","7070010","7070206","chr5","79804250","79804453","53","72734240","GGCCAGGCAAGATGGCTCATGCCTGTAATCCTAGCATTCTGGGTGGCTGAGACAGGCATATTCCCTGAACTCATGAGTTGGAGACAAGTCTGAGCCAGAGTTAGACCTCATCTCTAAAAATAGCCTGGCATTGTGGCATACACCTGTAGTCTCAGCTACTTGGGAGGCTGAGGTGAAAGAATTGCTTAAGCCCAAGA","CAGGCACTGTGGATCACACCTGTAATCCCAGCACTTTTGGAGGCTGAGGCGGGCAGATTGCTTGAGCTCAGGAGTTTGAGACCATCTTGGGCAACCTGGTAGAACCACATCTCTACAAAAAATTAGCCGGGCATCGTGGCACACGCCTGTAGTCGCAGCTATTTGGGGGGCCTCCTGAGGTGAGAGGATTGCTTGAGTCCAGGA"
"GL873521","7070300","7070404","chr10","27497894","27497990","34","20427594","GTAAGCCCAAGATTTTGAGGTTGCTGTGAGCTATAATGCCATAGCACGCTAACTGAAGCAAAGTAACTATGACAAAGTAAGACTCGGTCTCAAGAAAGAGAAAAA","CACTTGAGCCCAGGAGGTTGAGGCTGCAGTGAGCTATCATGCCACCACACTCCAGCCTGAATTACATGGCAAGACCCTGTCTCAAGAAAAAAAAAAA"
"GL873521","7099137","7099314","chr16","419989","420167","56","6679148","GGCTGGGTGCCGCGGCTCACACCTATAATCCTAGCACTCTGAGAGGCCAAGGCAGGTGGATTGCTTGAGCTCAGGCACTTGAGGCCCTCAAATAGAAAAACTAGCCCAGCCTTGTGGTGGGCCCCTGTAGTCCAGCTACTTAGGAGGCTGAGGCATGAGGATCGATTGAGCCCAAGTA","CTGGGCACCGTGGGTCATGCCTGTAATCCCAGCACTTTGGGAGGCTGAGGCAGGAGGATCACTTAAGCCCAGGTGTTCAAAAAACAAACAAAAAAACATTAGCCAGGTGTGGTGGTGCACACCTGTAGTCCCGGCTACTCAGGAGACTGAGGTGGGAGGAGCTCTTAAGACCGAGAGGT"
"GL873521","7099591","7099694","chr5","181790038","181790151","31","174690447","TGAGGCCAAGTATTTGAAGTTGCTGTGAGCTATGATGTGGCGCTCTACCAAGGTTGATAAAGTGAGACTCTGTCTCAAAAACAAACAAACAAACAAAAAAGCAA","TTGCTTGAGCCCAGGAGGTGGAGGTTTCAGTGAGCCAAGATCGTGCCACTGCACTCCAGCCTGGGTGACAAAGTGAGACCCTGTCTCAAAAACAAACTAACAAACAAAAAACAA"
"GL873521","7182117","7182284","chr17","14741482","14741644","46","7559365","AATTAGCCAGGCATCATAGCACATGCCTATAGTCCCAACTATTCAGGAGCCTCAGGGCCAGGAGGATCCCTTGAATATAGGAGTTTGGGGTTACTGTGAGCTATAATGATACCACCCACTGCACTTTAGTCTGGGTGACAGTGAGACCCCGGCTCAGGGGGAAAAAAA","AATTAGCCAGGCATGGTGGCACATGCCTATAGTTCCAGCACTTTGGGAGGCTAAGGCAGGAGGATTGCTTGAGCCCAGGAGTTTGAAGTTACAGTAAGCTATGATCATGCCATTGCACTCTAGCCTGGGCAACAGAGTGAGACCTTGTCTCTAAAAAAAAAAA"
"GL873521","7182549","7182656","chr11","75656969","75657073","28","68474420","AACCCCAGCACTTTGGGAGGCCAAAGCAGGAGGATCATTTGAGGCCTAGGAGTTGGAAAGCAGGCAGAACAAGAGTGAGACTATCTTCATAAAAATACAGAAAAATTA","CCAGCACTTTGGGAGGCCAAGGCAAAAGGATCACTTGAGCCCAGGAGTTTGAACCAACCTAAGCAACAGAGTGAGACCCTGTGTCTACAAAATATTAAAAAATTA"
"GL873521","7224398","7224414","chr1","153358526","153358539","3","146134128","AAAAAAGAAAGTAAAAA","AAAAAAAAAAAAAA"
"GL873521","7224442","7224704","chr16","23925003","23925279","73","16700561","GTGTGATGGCTCATGCCCATAATCCTAGTACTTTGGGAAGCTTAGGCAGGAAGATTGCTGGAGGTCAGGAGTTCAAGACCCACCTGAGCAAGAATGAGACCCCCGTATCTACAAAAAATAGAAACATTAGCTGGGTGTGTTGGTGTATGTCTGCAGTACCAACTACTAGAGAGTTTGAGGCAGGAGGATCGTGTAAGCCCAGGAATTTGAGGTTGCAGTGAGCCACCACTGCACTCTACCCTGGGAGGCAGATCAAGACTGTG","GGCTGAGCGCGGTAGCTCATGCCTATAATCCCAGCACTTTGGGAGGCTGAGGCAGGTGGATTACTTGAGCTCAGGAGTTCGAGACCAACCTGGGCAACACGGTGAAACCCCTTCTCTACAAAAAACACAAGAATTAGCAGGGCATGGTGGTGTGCACCCGAAGTCCCAGCTACTCAAGAGGCTGAGGTGGGAGGATGGCATAAGCCCAGGAAGTGGAGGTTGCAGTGAGCCAAGATCATGCCACTGCACTCCAGCCTGGGTGACAGCAAGACTGTCT"
"GL873521","7244822","7245115","chr16","74165797","74166100","72","66920975","GGCCGGGCTCAGTGGCTCTATAATCCTGGCACTCTGGGAGGTCAAGGTGGGTGGATTGCTTGAGCGCAGGAGTTTGAGACCAGCCTGAGCAAGAGTGAAACCCCGTCTCTAAAAATAGCCAGGTGCTGTGGTGAGCCCCTATAGTCCCAGCTACTCAGGAGGCTGAGGCCAGAGAATCGCTTAAGCCCAGAAGTTGGAGGTTGCTGTGAGCCGTGATACCATAATTCTTTAACAAGGGTGACAGAGTGAGACTCTGTCTCAAAAAAACAAACATACAAACAAAAAAAAAAAAAA","GGCTGGGCACAGTGGCTCATGCTTATAATTCCAGCACTTTGGGAGGCCAAGGTGGGTGGATCACTTGAGCCCAGGAGTTCGAGACCAGCCTGGGCAACATGGTGAAACTCTGTCTCTACAAAAAATTAGCTGGGTGTGGTGGCTCGTGCCTGCAGTCCCAGCTACTCAGGAGGCTGAGGTGAGAGGATCAATGGAGCCCAGGAGGTGGAAGTTGCAGTGAGCCAGATCACACCACTGTACTCTCCAGCCTGGGTGACAGAGCAAGACCCTGTCTCAAAAACAAACAAACAAACAAACAAACAAA"
"GL873521","7391188","7391475","chr8","106723939","106724236","70","99332751","GGCATGGTGGCTCACACCTATAATCCTAGCACTCTGGGAGGACAAGGTGGGAGGATCCCTTGCACTCAGAAGTTCAAGACCAGCCTGAGAGAGAATAGGACCCCATCTCTACTAAAAATAGAAAAATTACCTGGGCATTGTGGTTGGTGCCTGTAGTCCCAGCTTCTTGGGAGGGTGAGGCAGGGGCATCACGTGAGCCCAGGAATTTGAGGTTACAGTTAGCTGTTTTGTCACAGCCATCTACCCAGGGCAACAGAGTGAGACTCTATCTCAAAAAGAAAAAAAGAG","GGTGCTGTGGCTCAAGCCTATAGTCCCAGCACTTTGGGAGGACAAGGTGGGAGGATCACTTGAGCCCAGCAGTTCAAGACCAGCCTGAGCAACATGATAAGACCCCATCTCTACAAAAAATTAGAAAAATTAGCCAGGCATGGTGATGTATGCCTGTGGTCCTAGCTACTTGGGAGGCTGAGGCAGGAGGATCCCTTGAGCCCAGGAGGTCAAGGTTGCAGTGAGCCATGGTTGTACCACTGTACCCCAGCCTGGGTTACACAGTGAGATCCTATCTCAAAAAAAAAAAAAAAAAAAA"
"GL873521","7391570","7391585","chr17","38661961","38661976","2","31270391","GAAAAAAAAAAGAGAA","GAAAAGAAAAAAGAAA"
"GL873521","7411261","7411442","chr4","57296207","57296386","41","49884946","AGAAAGAAAGAAAAAAAATTAGTCAAGAATGGTGGCATGCACCTATATTCCCAGCTACTCAAGAGACTGAAGCAGGAGGATTACTTGAGCTCAGGAGTTGGGGGCTGCAGTAAGCTTTGACTATACTAATGCACTCCAGCCTGGGTGACAGAGCGAGACCCTGTTTCAAAAAAGAAAAAAAA","AAAAAAGAAAAATTAGCCAGGCATGGTGGCATGTGCCTGCAGTCCCAGCTACTCAGGAGACTGAGGTGGGAGGATTGCTTGAGCCAGGGAGATTGGGGCTGCAGTGAGCTGTGATATCATGCCACTGTACTCCAGCCTAGGCCGCAGAGTGAGACCCTGTCTCAAAACAAAAACAAAAAA"
"GL873521","7411723","7411845","chr16","11721596","11721721","28","4309873","GGCTGGGTGCAGTGATCCTAGCCTTTTGGGAGGCTGAGGCAGGAGGACTGATTGAGGCCATGAATTTGAGACCAGCCTGAGCAAGAGTGAGACCTTGTCTCTGCAAAAAATAGGAAAATTAGT","GGCTGGATGCGGTGGCTCATGCCTTTTGGGGAGGCTAAGGCAGGAGGATTGCTGGAGCCCAGGAATTAAAGACCAGCCTGGGCAACATAGTGAGACCTCGTCTCTACAAAATTAAAAATTAAGTTT"
"GL873521","7473204","7473396","chrX","14950093","14950281","51","7476889","CAAAAAAAAAACCTTAGCCAGGTATGGCAGCACAGATTTGTCATCCCAACTACTCAAGAAGCTAAGGTGAGAAGATCACCTGAGCACAGGAGTCTGAGGTTATAGTGAGCTGTGACTGGGCCATTCACTACATTCCAGCCTATGCTATAGAGTAAGACCCTGTCAAAAGAAAAAAAAAGAGAGAGAGAGAAAA","TCAATAAATAAAAATTAGCCAGGCATGGTAGCACATGCCTGTCGTCCCAGTTACTCAGGAGGCTGAGGTGGGAGGCTCACCTGAGCCCAGGCATTGAAGGCTGCAGTGAGCTATGATCACAACACTGCATTCCAGCCTGGGTGACAGAGCAAGACCCTGCCTCAAAATAAAATAAAGAAAGAAAGAAAA"
"GL873521","7473423","7473542","chr14","57739259","57739375","24","50265836","CTGGGCACAGTGTTCATGCCTGTAATTTGAGCACTTTGGGAGGCCAAGGCTAGAGGATCACTTGAGGCCAGGAGTTTGAAACCAGCCTCAGTAACACAGAGAACCCTCATCTCTATTTAA","CTGGGTACATTGGCTCAAGCCAGTAATCCCAGCACTTTGGGAGGCCAAAGCAGGAGGATCACTTGAGGCCAGGAGTTTGAGACCAGCCTGGGTAACATGAGACCCTGTTTCTACAAA"
"GL873521","7573100","7573248","chr5","35112160","35112317","42","27539060","AGCCAGATGTGGTCTATAGTCCACAGCTACTTAGAGGCTGAGGCAAAGGGATCACTTGAGCCCGAGAGTTCAGGGCTGTGGTGCACAATGATCATGTCTGTGAATAGCCACTGCACTTCAGCCTAGGCAACATAGCAAGACCCTATCTC","AGCCTGGTGTAGTGGCACATGCCTATAGTGTCAGCTACTGGAGAGGTTGAGGCAGCAGGATTGCTTGAGTCCAGCAGTTCAAGGCTGTAGTGCACGATGATGGTGCCTGTGAATAGATACTGTGCTTTAGCATGGGCAACACAGCAAGACTCTGTCTG"
"GL873521","7601934","7602029","chr5","155700261","155700353","20","148098327","GGCTGAGCCCAGAGGCTCATGCCTGTAATTCTAGCACTCTGGGAGGCTGAGGCAGGTGGAGTGCTTGAGCTCAGGAGTTAAAAAAATCCAGTTTGA","GGCCGGGCACAGTGGCTCATGCCTATAATCCCAGCACTTTGGGAAGCTGAGGCAGGAGGATTGCTTAAGCCCAGGAGTTCAAGACCAGTCTTG"
"GL873521","7602314","7602531","chr2A","29137649","29137868","57","21535335","GACCAGTGTGAGCAAGGGCAAGACTCTGTCTCTACTAAAAATAGAGAAACTAGCTGAGCATTGTGGTGGGTGCCTAAAGTCTCAGCTGCTCAGGAGGATAAGGCAGGAAGATCTCCTGAGCCCAGGAGTTTGAGGTTGATGTGAGCTATGATGATATCGCATTCTAACCAGGTAACAGAGTGAGGCTTTGTCTCAAAAAAAAAAAAAAAAAAGAAAAA","CAGCCTGGTCAACATAGGGAAACTCTGTCTCTACAAAAAGTTAAAAAATTAGCTGAGCATGGTGGCACATGCCTGTAGTCTCAGCTACTCAGGAGGCTGAGGCAGGAGGGTCACTTGAGCCTGGGAGGCTGAGGCTGCAGTGAGCTGTGATCATGCTATTGCACTCCAGCCTGGGAGACAGAGTGAGATCCTGTCTCCAAAAATAAAAAATAAAAATAAA"
"GL873521","7608283","7608358","chr9","32411376","32411450","22","24803093","AGGCTGAGGAGGAAAGATTACTTGAGCCCCAAAATCTAGCCTTGGTGACATAGTGAAACTCTGTCTAAAAAAAATA","AGGTGGGAAGAGTACTTGAGGCCAGGAATTCAAATCTAGCCTGGGCAACATAGTGAAACCCTGCCTTAAAAAAAA"
"GL873521","7633232","7633420","chr7","4237351","4237553","52","3395881","GTGGTGGCTCATGCCTGTAATCGTAACACTCTGGGAGGCTGAGGTGGGTAGATTGCTTCAGCTTAGGAGTTCGGGACCAACCAAAGCAAGAATGAGACCCCCTCTCTACTAAAAACAGAAAGACTAGCCAGGCATTGTAGCAGGTCCTGTAGTCGCTACTCAGGAGGCTGAAGCAGGAGGATCACTTAA","GGTCAGGCATGGTGGCTCATGCCTGTAATCCCAGCACTTTGGGAGGCCGAGGTGGGCAGATTGCTTGAACTCAGGAGTTGAAGACTAGCCTGGGCAACACGGCAAAACCCCATCTCTACTAAAACTACAAAAACTAACTGGGCATGGTGGCACGCGCCTGTAGTCCCAGCTACTGGGGAGGCTGAGGTAGGAGGATCACTTGA"
"GL873521","7636438","7636492","chr5","38545852","38545906","11","30909414","ATTCAAGCCTGGGTGACAGAGTGAGACACTATCTAAGAACAATAAATAAATAAAA","ATTCCAGCCTGAGTGACAGAGTGAAACCCTGTCTCAAAACAAAAACAAAAACAAA"
"GL873521","7696982","7697091","chr9","129918441","129918551","24","122221459","TAATCCTAGCACTCTGGGAGGCCAAGGTAAGTGGATTGCTTGAGCTCAGGAGTTCAAGAGCAGCCTGAGCAAGAACAAGACCCCAACTCTATTAAAAATAGAAAAAAGCA","TAATTCCAGCACTTTGGGAGACTGAGGCAGGAGGATTGCTTGAGCTCAGGAGTTCGAGACCAGCCTGGGCAACATATTGAGTCCTCATCTCTATTAAAAATTAAAAAAATA"
"GL873521","7697336","7697489","chr7","132712253","132712405","44","125014917","GTAGAAAAAAGGCCAGCTGGGCATAGTGGTACATGCTTGTAGTCCCAGCTACTTGGAGACTAAGGTAAGAGGACTGCTTAAGTCCAAGAGCTTAAGGTTGCTGTGAGCTATGACACCACAGGGTGATAAGAGTGAGACTGTCTCCAAAAAAAAA","GAATTAAATAAAAATTAGCAGGGCATGGTGGCATGTGCCTGTAGTGCCAGCTACTTGGGAGGCTGACGCCAGAGGATTACTTGAGCCCAGGAGTTGGAGGTTACAGTGATCATGCCACTGCATGACAGAGTGAGACCCTGTCTCAAAAAAAAA"
"GL873521","7750582","7750651","chr7","149337669","149337736","11","141587087","GCTGGGTAAGAGTGGCTCATACCTATAATCCCAGCACTTTTGGGAGGCTGAAACAGGAGGATCACTTGAG","GCTGGGCACAGTGGCTCACACCTGTAATCCCAGCACTTTGGGATGCTGAGGCAGGAGGATCATTGGAG"
"GL873521","7784733","7784858","chr3","160952502","160952627","25","153167769","GGCCGGGCATTGATGGCTTCTACCTGTAATCCCAGCACTTTTGGAGGCTGAGGTGGGAGGTTTCATTGAGATCAGGAGTTTGAGACCAACTTGGGCAACAGTGAGACCCTGCCTTAAAAAAAAAAA","GGCCAGGCATGGTGGCTCACACCTGTAATCCCAGCACTTTGGGAAGCTAAGGTGGGAGGATCGCTTGAGCACAGAAATTTGAGACCAGCTTGGGCAACATAGAGATCCTGTCTCTATTAAAAAAAA"
"GL873521","7784884","7785052","chr16","1604263","1604439","38","6180621","AATTAGGCAGGCATGGTGGCACTTGTCCCAGCTACTTGGAAGGCTGAAGGAGGAGGATCACTTGAGCCCAGGAGTTAGAGGTTGCTGTGAGCTTTGATGCCACTGTACTCTAACCTGGGCAACAGAGTGAGATGTGCCTCAAAAACAAACAAACAAACAAAACCAAAAA","AATTAGCCAGGCATGGTGATTGGCACCTGTGGTCCCAGCTACTTGGGAGGCTGAGGCAGGAGGATGAATTGACCCCAGGAGTTTGAGGCTGCAGTGAGCTATGATGGCACCACTGCACTCTAGCCTGGGCGACAGGATGAGATCTGTAAAAAAATAAATAAAAATGAAAATAAAAAA"
"GL873521","7870707","7870997","chrX","70230306","70230599","61","62359599","GCTGGGCACAGCAGCTCACACCTGAAATCCCAGTACCCTGGAAGGGTGAGGATGGAGGATCACTTGTGGTCAGGAGTTCAAAAACAGCCTAAGCAAGAGTGAATCGCCATCTCTATTAAAAATAGAGAAATTAGCCAGGTGTGGTGGCATTTGCCTGTAGTCCCAGCCACTTGGGAGGCTGAGGCAGGAGGATCATTAGAACCCAGAAGGTGGAGGTTGCAATGAGCAGTAATGACACCACTGCACTCCAGCCTGGGTGACAGAGCAAGTCTCTGTTTCAAAAAAAAAAAA","GGCCAGGTACAGTGGCTCACACCTGTAATCCCAGCACACTGGGAGGCAGAGGCGGGCAGATCATTTGAGCTCAGGAGTTCAAGAGCAGCCTGGGCAACATGGTGAAATCCCATCTCTACAAAAAATAGAAAAATTAGCCGAGTGTGGTGGCACTCCTCTGTAGTCCCAGCTACTTGGAAGACTGAGATGGGAGGATCATTTGAGCCCAGGAGGCGGAGGTTGCAGTGAGCTGAGATTGCACCACTGCCCTCCAGCCTGGGCAACAGAGCAGGACCCTATCTCAAAAAAAAAAAA"
"GL873521","8041789","8041920","chr12","80555695","80555826","29","72513906","GTGGTGGCTCATGCGGATTATCCCAGTACTTTGGGGAGGTTGAGGCAGGAGGATTGCTTGAGCCCAGGAATTTGAGACCAGCCTGAGCAACATAGTAAGACTCTATACAAAAAAATAGAAAAATTAGCCTGG","GTGGCTCATGCCTGTAATCCCAACACTTTGGGAGGCTGAAGCAGAAGGATTGCTTGAACCAGGAGTTTGAGACCAGCCTGGGCAACATAGTGAGACTATCTCCACAAAAATAAATAAAAAATTAGCTGGGCA"
"GL873521","8042182","8042375","chr4","7236991","7237179","49","805191","GGTAAAAAAGAAAAAGAAAAATTAGCCAGGAGCACTAGCTTACGGCTTGTAGTCCTAGCTACTCAGGAGGCTGAGGTAGGGGAATTGCTGGAGTCCAGGAGTTTGAAGCCACAGAGAGCAAAGACCACACCACTGTACTCCAGCCTAGGCAATAGAACAAGACCCTGTCTCTGAAAAAAATAAATAAAAATAAA","TAAAAAAAATACTTAAAATTAGCCAGGCGTGGTGGCACACACCTGTGGCCCCAGCTACTCAGGAGGCTGTTGTAGGAGGATCCCTTGAATCCAGGAGGTCAAGGCTGCAGTAAGCCAAGATCACGCCACTGCATTCCAGCCTAGGCAACAGAGCAAGATCCTGTCTCTTAAAAAAAAAAAAAAAAAGAA"
"GL873521","8067082","8067383","chr20","31024244","31024552","81","22957162","GGCCAGGTGTAGAGGCTCACACTTATAAGCCCAGCACCCTGAGAGGCCGAAGTGGGTGAACTGCTTGAGCTCAGGAGTTCAAGAGTAGCCTGAGCAATAGTGAGAGCCGATTTCTACTAAAAACAGAAAACCTAGCCAGGCACTGTGGTGGCGTCTATAGTCCCAGGTACTCGGGAGGCTGAGGCAGGAGGATTGCTCAATCCTAAACTTTGAGGTTGCTGTGGGCAATAATGCCATATCTCTACCCAGGGGAAAAGAATGAGACTCTGTCTAAATAAATAAATAAATAAAATAAAAACAAA","GGCCAGGCACAGTGGCTCACACCTGTAATCCCAGCACTTTGGGAGGCCGAGGTGGTGGACTGCTTGAGCTCAGGAGTTCAAGACCAGTCTGGGCAACATGGCAAAACCTTGTCCCTACAAATAATACAAAAATTAGCCAGGTGCGGTGGCATGTGCCTGTAGTCCCAGCCACTTGGGAGGCTGAAGTGGGAGGATTGCTTGATCCTGGGAGGTAGAGGCTGCAGTGAGCCATAATTGTGCCACTGCACTCCAGCCTGGGCAACAGAGTGAGACCCTATCTCAAAAATAAATAAATAAATATAAAGAAAA"
"GL873521","8204885","8205108","chr10","14099107","14099324","63","5894222","CGAATTCGAAACCAGCCTGAATAAGAGTGAGATCCGTCTCTAATGAAAAGAGAAAAACTAGCAGGTTTTGTGGTGGGTGCCTTTAGTCTCAAGCTACTTGGGAGCCTGAGGCAGGAGGATCACTTAAGCCCAGGAGTTTGAGGTTGCTGTGAGCTATGATAACATTAGGGCATTCTAGCCTGGGAAACCGAGTGAGACTCTGTCTTAGAGAAATAAAAAATAAA","AGACCAGCCTGGGCAACATGACAAGATCCCGTCTCTACAAAAAATACAAAAATTAGCAGCGTGTGGTGGGGTGTGCCTGTAGTCCCAGTTACTTAGGAGGCTGAGGCAGGAAGATCACTTGAGCCCAGGACGGGGAGGTTACAGTGAGCCGTGATCACACCACCACACTCCAGCCTGGGTGACAGAGTGAAACTCTGTCTCTATAACAAACAAACAAA"
"GL873521","8205374","8205463","chr18","31130683","31130770","22","22925309","GCCGGACATGGTGGCTCATGTCCCTCCTGTAACCCTAGCACTCTGGGAGGCTTTGGCCTAAGGATTTGAGCTCAAGAGTTTAAGACCAGG","GGCCAGGCATGGTGGCTCACACCTGTAATCCTAGCACTTTGGGAGGCTAAGACCAGAGGATAATTAAGCTCAGGAGTTCAAGACCAGC"
"GL873521","8530940","8531225","chr4","131255414","131255698","71","122724474","GTCAGGTGTGATGGCTCGTCCTGTAATCCCAACACTCTGGGAGGCTGAGGCTGGTGGTTTGCTTGAGCTCAGGAGTTCTGAGACCATCCTGAGGTAAGAGTGAGACCCCATCTCTACTAAAATTAGAAAAAAAATTACCCAGGTGTAGCGGTGATGCCTGTAGTCCTAGCTACTTGGGAGGCTGAGGCAAGAGGATTGCTCAAGCCTGAGAATTTGAGGTTGCTGTGAGCTATGACTCCATCGCACTCAACCCCAGGGTGACTGAGTGTGATTGTCTGAAAAAGAA","GGCAGGACACGGTGGCTCACACCTGTAATCCCAACACTTTGGGAGGCTGAGGCAGGTGGATCACTTGAGCTCAGGAGTTGAGACCAGCCTGGGCAACATGGTGAAACCCCATCTCTACTAAAAATACAAAAATTAGCCAGGCATGGTTGTGGATGTCTGTGGTCCCAACTACTTGGGGGGCTGAGGCAGCAGGATTGCTTAAGCCTGGTAATTTGAGGCTGCAGTGAGCCATGTTCTTGCCAGTGCTCCAGCCTGGGTGACAAAGCAAGACCCTGTCTCAAAAAA"
"GL873521","9138426","9138710","chr17","16672309","16672598","64","7533883","GGTGGCTCATGTCTGTAATCCGAGCACTCTGGGAGGCTAAAGTGGAAGGATCACTTGAGCTCAGGAGTTTGAGACTAGCCTGAGCAAAAGTGAGAACAATGTCTCTATTAAAAATAGAAAATTAGCCAGGTGTTATGATAGGTGCCTGTAGTCCCAGCTATTCAGGAAGGCCAGGAAGGAGGATCCCTTGAGCTGGGGAGTTTGAGGTTGCTGTGAGCTGTGATGACACCATGGCACTCTACCCATGATGACAGAGTAAGACTGTCTCTAAAGGGAGAAAAAAAA","GTGGCTCACACCTGTAATCTCAGCACTTTGGGAGGCTGAGGCGGGAGGATCACTTGAGCCCAGGAGTTTGAGACCAGCCTGAGCAACATAGTAGGCTCCTGTCTCTACAAAAAAATACAAAAATTAGCTGGTACTGGTGGCATGTGCCTGTAGTCCCAGCTACTCAGGAGGCTAAGGCAGGAGAATCGCTTGAGCCCAGGAGGTTGAGGCTGCTATGAGCTGTGATGGCACCACTGCACTCCAGCCTGGGTGACAGAGTGAGACCTGGTCTCAAAAAGAAAAAAAAAAAA"
"GL873521","9337001","9337128","chr7","153795408","153795531","29","144458407","CTGGGCTCAGTGGCTCATGCTTGCAAGCCCAGCACTCTGGGAGGCCAAGGCAGGTGGATTGCTCGAGTTCAGGAATTTCAGACCAGTCTAAGAAAGAGTGAGAGCCCATCTGTACTAAAAATAGAAAC","CTGGGCACAGTGGCTCACGCCTGTAATCCTAGCACTTTGGGAGTCCAAGGCAGGAGGATGCTTGAGTCCAGGAGTTCAAGACCAGCCTGAGCAATATAGTGAGACCCCCATCTCTACAAAAAAA"
"GL873521","9337149","9337320","chrX","5183862","5184037","43","4153287","TAAAATACTAGCTGGGCATTGCGATGGGTGCCTGTAATTCCAGCTACTCAGGAGGCTGAAGCAAAAGGATCACTTGGGCCCAAGAGTTTGCGGTTGCTGTGAGCTGTGATTACACCACAGCACTCTCCCCAGGCAGAGAGAGACTCTGTCTTTAAAAACAAACAAACAAAAA","ATAAAAATATTAGCTGGGCATGCTGGTACATGCCTGTAGTCCCAGCTACTCAGGAGGCTGAGGCCTGAGGATCACTTGAGCCCAGGAGTTCCAGGTTGCAGTGAGCCGTGATTGCACCATTGCACTCCAGCCTGGGCCACAGGGCTAGACCCTGCTCAAAAGAAAACAAAAAAGAA"
"GL873521","9671716","9671832","chr6","38551166","38551279","31","28879450","GGCTAGGCAGGGAGGCTCAAAACTAAAATTTTAGCACTCTGAGAGCCCAAGGTGGGAGAATTGCTTGACCTCGGGTGTTTGAGACCAGTCTGAGCAAGAGTAACATCACATCTCTAC","GGCTAGGCGTAGGGGCTCAAACCTGTAATTCCAGCACTTTGGGAGGTCAAGGTGGGAGGATTACCTGAGGCCAGGAGTTTGAGACCAGCCTGAGCAACAGTGAGACTTTGTCTC"
"GL873521","9671895","9672063","chrX","24568892","24569057","39","14896997","TAATTAGCCAGGCATAGAGGTGGTATACACCTGTAGTCCCAGCTACTCTGGAGGCTAAGTCAGAAGGACTGGTTGAACCCAGGAGTCTGAGGTTGCTGTGACTAGGCTGATGCCACAGAACTCTAGCCTGATCAACAGAGTGAGACTCTGCCTCAAAATAAAAAAGGAA","AAATTAGCTAGGCATGGTGGCATGCAACTATAGTCCCAACTACTCAGGAGGCTGAGGCCGGAGGATGGTTTGAGCCCAGGAGGTGGAGGTTGCAGTGAGCCAAGATCACACCACTGCACTCCAGCCTGGGCAACAGAGTGAGACCCTGTCTCAAAAAAAAAAAAAA"
"GL873521","9699009","9699116","chr16","57943722","57943822","32","48244713","TCTGAGACACTCGGGAGGCTGAGCCTAGGAGTTTGAGGTGACAGTAAGCTAAGTTGATGTCACTGCATTCCATCCTAGGCAACAAAGCAAGATCTTATCTCTAAAAGA","GGAGGATTGCATGAGCCCAGGAGGTTGAGGCTGCAGTGAGCCAAGATCGTGCCACTGCACGTCAGCCTGGGCAACAAAGCAAGACTCTATCTCAAAAAAAA"
"GL873521","9699330","9699522","chr6","3030697","3030873","65","6668633","GGCTGCATGTGGTGGCTCGTGACTGTAATTTCACCACTTCAAAAGGCTGAGGCAGAGGAGTCACCTGGGGCCCAGAAAGTCACCCTTAAAGTCCAGCCTGAGTAACACAGTGAGACCCAAGATCCCAACTCCACAAAAGAAAAAAGAAGGGAAAGGAAAGAAAAGAAGAGTGGTGTGTGGTGACCTCCTAGAC","GGCCAGGCATGGTGGCTCTCCCCTGTAATCCCAGCACTTTGGGAGGCCAAGGCAGAAGGATCGCTTGAGCCCAGGAGTTTTAAGACCAGCCTGAGCAACACAGAGAGACCAGATCCCACTTCCACAAAAAAAAAAAAAAAATATTTGCCAGGCGTGATGGTGCATGCCTGTAGTCCC"
"GL873521","9879625","9879892","chr2A","20521665","20521953","79","10642040","GGGTGGGCACTGTGGCTCAGGCCTCCTAGCACTCTGGGAGGCCGAGCTGGGTGGATGACTTGAGCTCATGAGTTTGAGACCAGACTGAGCAAGAGCAAGCCCCATTTTTAAAAATAGCCAAGTGTCATGGTGGGCATCTATAGTCCCAGCCAGTTGGCAGGCTGAGGAAGAAGGCTTACTTGAGCTCAAGAGGTAGCTGTGAGCTGTGATGCCATGGCACTCTACCCAGGACAACAAAGTAAGACTGTCTCCAAAAAAAAGAAAAAAA","GGCTGGGCACAGTGGCTCACGCCTGTAATCCCAGCACTGTGGGGAGGTCAAGTTGGGTGGATTGCTTGAGCCCAGGAGTTTGAGACCAGCCTAAGCAATAGGCAAAACCCTGTCTCTACAAAAATCAGCCAGGTATGGTAGTGCGTACCTGTAGTCCCAGCTACTCAGGAGGCTGAGGTGGGAGGATCACTTGAGCCTGGGAGGTGAAGGCTGAAATTAGCCATGATCATGCCACTGCACCCCAAGCCTGGGCAACAGAGCAAGACCTTGTCTCAAAAAAAAAAAAAAA"
"GL873521","10097455","10097754","chr11","114714719","114715027","67","104617264","GGCCTGGGTGTGGTGGCTCACACCTTAATCCTAGCACTCTGGGACGATGAGGCAGGTTTGCTTGACCTCAGGAGTTTGAGAGCAGCCTGAACAAGAGTGAAACTCTGTCTCTACTAAAAACAGAAAAACTAGCCTAGTGTAGTGGTGCACCCCTGTAGTCCCAGCTGCTCAGGAGGCTGAGGCAAGAGGATCACTTGAGCCCAAGAGATTGAGGTTACTGTGAGCTGTGAGGCTGTGTTACTCTACCCAGGGCAAGAGAGTGAAGCCATCTCAAAAAAAAAAAAAAAAAAAAAAAAAAAA","GGCCAGGTGTGGTGGCTCACACCTGTAATCCCAGCACTTTGGGAGGCTGAGACAGGTGGATTGCTTGAGCCTAGGAGTTCGAGACCAGCCTGGCAACATGGCGAAACCTTGTCTCTACAAAAAATACAAAAATTAGCCAAGTGTGGTGGTGCACACCTGTGGTCCAAGCTACTCGAGAGACTGAGGTGGGAGGATTGCTTGAGCCCAGGAGGTTGAGGCTGGGGTGAGTTGAGATCATGCCACTGCATTCCAGCCTGGGCAACAGAGGAAGACCCTGTCTCAAAAAAAAAAAAAAAAAAAAAAAAAAAA"
"GL873521","10225742","10225927","chr15","49930173","49930354","59","39704431","TGGCTTACACCTGTAATCCTAGCACTTTGGGAGGCCACAGCAGATGGCTGCTTGAGCTCAGGAGTTCAAGCCTAGCCTAAGCAAGCCAGAACCATTGCCACTAAAAACAAAAAAAATAGCTGGAGTTGTGGGCACCTGTAGTTAGTTCCAGCTACTTAGGAGGCTGAGGAAAAAGGATGGCTTGAT","GCCTGTAATCCCAGCACTTTGCGAGGCCGAGGCCAGGCAGATCACTTGAGCCCAGCAGTTCAAGACCAGCCTGGGCAACATGGCAAAACTCCTTCTCAACAAAATACATAAAAATTAGCTGGGTGTGGTGGCATGTACTTTCAGTCCCAGCTACTCAGGAGGCTGAAGCAGGAGGATCATTT"
"GL873521","10226192","10226278","chr4","154285033","154285123","27","144058841","GAGGATGGCTTGAGCCCAAGAGTTTGAGGTTGCTATGAACTATGATGTCATGGCACTCTATCCCTGGCCACAGAATCAGACTCTGTC","GGAGGATCACTTGAGCCCAGGTGGTTGAGGCTGCAGTGAGCTGTGTTTATACCACCACACTCCAGCCTGGGCCGCAGAGTGAGACTTTGTC"
"GL873521","10399308","10399475","chr9","96945917","96946089","50","86546609","GGCCAGGTATGGTAGCTCACACCTGTAATCCTTGTACTCTGGGAGGCTTAGGAGCAAAGATCACCTAAGTGTAGGCATCTGAGACCAGTTTGAGCAAGTGAAACCCCATATTTACTAAAATTAGAAAAATTAGCTAAATGTTGTGGCAGGAACCTATCGTCCTAGCTA","GCCGGGTACAGTGGCTCACACCTGTAATCCCAGTACTTTGGAAGGCCAAGGCCAGAGGATTACTTAAGGCCAAGAGTTTGAGACCAGTCTGGGCAACATGGTGAAACCCCATCTGTACAAAAAATACAAAAATTAGCTGGGCATGAGGGCATTTGCCTGTGGTCCTAGCTACT"
"GL873521","10449464","10449583","chrX","134402652","134402771","17","123953188","GGCCAGAGGTGGTAGTTCATGCCTATAATCCCAGCAATTTGGGAGGCTGAGGGGGGAGGATAGCTTGAGGCCAGGAGTTTGACCCCTGCCTAGGCAACATAGTGAGACCCTATCTCTACT","GGCCAGATGTAGTGGCTCATGCCTGTAATCCCAGCACTTTGGGAGGCTGAGGTGGGAGGATCACTTGAGCCCAGGAGTTTGAGACCAGCCTGGGCAACATAGCAAGACCCTGTCTCTACT"
"GL873521","10449618","10449745","chr1","23164480","23164594","46","12714862","CCAACCATAATCGAGCACCTACAGTTCTAGCTACTCCGCAATCTCAGGCAGGGGAAGATTGCTTGAGTCTAGGAGTTCAGGGTAAGCTACTGCCCTTCAGCCTGGGAAACAGAGGAAGACCTTGTCTC","GGCCAGGCACAGTGGTGCCTACCTACAATCCCAGCACTTTGGAAGGCTGAGGCAGGAGGATCGTTTGAGGCCAGGAGTTCAAGATCAGCCTGGGTAACATATCAAGACCTGTCTC"
"GL873521","10796827","10797050","chr7","39187608","39187844","67","28390781","ACTCTGGGAGGCCAAGACAGGTGGATTGCTTAAGCTCAGGAGTTGGAGACCAGCCTAAGCAAGAGTGAGACCTCGTCTCTAAAAATATCTGGGCATTGGTTGGGCACCTGTAGTCCCAGCTACTCAGGAGGCTGAGGCAATAGGATTGCTTGAGCCTAAGGATTCCTGTGAGCTATGATCCCACAGCACTTTACCAAAGGTGACAAAGTGAGACTCTATCTCAA","CACTTTGGGAAGCCAAGGCAGGAGGATTGCTTGAGTGAAGGAGTTCAAGACCAACCTGGGCAAGATTGGGAGAAAAAAATTAAAAATTAGCTGGGCATGGTGGTGCATGCCTGTAGTCTCAGCCACTGGGAAGGCTGAGGCAGGAGGATCGCTTGAGCCTGAGAGATTGAGGCTGCAGTGAGCCTTGATTGTGCCACTGCACTCCAGCTTGGGCAACAGAGTGAGACCCTGTCTCAA"
"GL873521","10797081","10797110","chr4","40399247","40399277","7","29602166","CTGGGTGCAGTGGCTCATAGTTGTAATCCT","GGCTGGGTGCAGTGGCTCACATCTATAATCC"
"GL873521","11204849","11204966","chr7","73480490","73480609","28","62275641","GGCCAGGCATAGTGGCCTCCAAAAATCTTAGGACTTTGGGAGGTAGAGGTAGGAGAACTACTTGAGCCAAGGAATTCAATACTAGCCTGACCACAATAATGAGACCCTACCTCTACCA","GGCCAGGCACAGTGGCTCATGCCTATAATCTCAGTGCTTTGGGAAACTGAGGCAGGAGGATCACTTGAGCCCAGGAGTTCAAGACCAGCCTGGACAGCATAATGAGACTCCACCTCTACA"
"GL873521","11205003","11205140","chrX","7019379","7019524","37","4185624","TAGCCAGGCATGGTGGCACATACCCAAGTCCCAGTTACAGAAGAAGCTGAGGGAAGGGTATCAGGCCCAGAAGTTCAAGGTTGCCATGAGAGATGATCACACCACTGCAGTTCAGCCTGGGCAGCAGAGAGACCCTAT","TAGCCAGGCATGGTGGCACATGCCTGTAGTCCCAGCTACTCAGAAGGCTGAGGTCGGAGGATCTCTTGAGCCCTGGGGTGCAAGGCTGCAGTGAACCATGATCACACCAGTGCACTGCAGCCTGGGCAACACAGCAAAACCCTGTC"
"GL873521","11332611","11332889","chr9","110082691","110082973","78","98750080","GACGGGGAGCCATGGCTTGAGACTGTAATCCTAGTACTCTAGGAGGCCAAGGTGAGTGGATTACTTAAGCTCAGGAGTTAAAGTCCAGGCTGAGCAAGAGTGAGACCCTGTCTCTCCCCCAGATAGGAAAACTAGCCGGACATTGTAGTAGGCACCTGTAGTCCCAGCTTCTGAGGAGGCTGAGGCAAGAGGATTGCCTGAGCCCAACAGTTTGAGGTTGCTGTGAGCTAAAATGCCATGGAACTCTACCCATGGTGATGGAGTAGGATTCTGTCTCAA","GACTGGGCATGGTGGCTCCCAAAGTGTAATCCCAGCACTTTGGGAGGCCAAGGTAGGTGGATTGCTTGAGCCCAGGAGTTTGAGACCAGCCTGGGCAACATGGTAAAACCCTGTCTCTACAAAGAATACAAAAATTAGCTGGGCATGGTTGCATGCACTTGTGGTCCCAGCTACTCAGGAGGCTGAGGTGGGAGGGTCACTTGAGCCCAGGAGATTGAGGCTGCAGTGAGCTGAGATCGTGCCACTGCACTCTAACCTGGGTAATGGAGTGAGACCCTGTCTC"
"GL873521","11332916","11332939","chr22","30701628","30701648","4","19368712","ATAAAACTAAAAAGTAAGAAAAAA","AAAAACTAAAAAGAAAAAGAA"
"GL873521","11407564","11407699","chr17","81073514","81073640","45","69665950","AAAAACTAATGGCTGGGCATAGTATGTGTAGGTAGACTAGGCTACTTAGGAGGTCAAGGCAGAAGAATCACTTGAGCTCATGAATTTGAGGCTAGCATGGGCAATGATACCTCAGGTCTCAATAAAATATAAAAAA","GCCAAGCACAATGGCTCATGCTGGTAATTCTAGTACTTTAGGAGGCCAAGGCAGTAGGATCACTTGAGGCCAGGAGTTTGAGACCAGCGTGGGCCACACAGAGACCCTCCCTGTATAAAAAAAAAAA"
"GL873521","11442747","11442764","chr1","62222108","62222122","3","50779361","CCCATAAAATAAAATAAA","ATAAAATAAAATAAA"
"GL873521","11442802","11443056","chr17","73117863","73118118","82","61675061","GGCTGGGCGTGGTGTTTCATGCATGTAATCCTAATACTTTCAGAGGCTGAGGTGGATGCACTGCCTGAGCTCAGGATTTTAAAGCCAGCCTGAGGAAGAGCAAGACCCCATCTCTAAAAAATAGCTGGGCATTGTGGTGGGTGCTTGTAGTCCCCATTGTGGTGGGTGCTTGTAGGTAGCTCACGAGTTTGAGGATGCTGTGAGCTATGATGCACCACACTTCTTTCTACCCAGGGAGACAAAGCAAGACTCTGT","GGCCGGGCGTGGTGACTCATGCCTGTAATCCCAGCACTTTGGGAGGCCGAGGCGGGTGGATCACCTGAGCTCAGGAGTTCAAGATCACCTTGGGCAATGTAGTGAGACCTCACCTCTACAAAAATGAGCCAGGCATGGTAGTGCATGCTTGTAGTCCTGACTGAGGCAGGAGGATGATGAGCCCAGGAGGCAGAGGCTACAGTGAGCCATGATCGCTCCATCGCACTCTAGCCTGGGTGATGTGACACCCTGTCTC"
"GL873521","11751009","11751243","chr8","26546785","26547018","61","14795776","CAAGACCAGCCTGAGCAAAGCTAAACCCTGTCTCTACTAAAAATAAAAGGATTAGCTAGGTATGGTGGCATATGCCTGTAGTCCCAACTGCTCAGGAGTCTCAGGCAAGAGGATTGCTTGAGCCCATGAGTTAGAGGTTGCTGTGAGCTTTGATGTCATGGCACTCTATCCAGGGCAACTGAGTGAGACTGTCTCAAAATAAATAAATAAATAAATAAGAAAGAAAGAAAGAAAA","CAAAATCAGCCTGGGTCACATGGTAAAACCCCATCTCTACAAAAAATACAAAAATTAGCCAGGTATGGTGGCTTACACCTGTACTTCCCAGCTACTTGGGGGGCTGAGGCGGGAGGATCGCTTGAGCCCAGGAGGTAGAGGTTGCAGTGAGCTGAGATCGCACCACTGCACTCCAGCCTGGGTGACGGAGTGAAACCCTGTCTTAAAAAAAAAAAAAAAAAAAAAAAAAAAGAA"
"GL873521","12019379","12019705","chr16","68023292","68023602","103","56003913","GCTCACACCGATAATCCTAGCTCTGGGAGGCTGAGGGGGCAGGATCTCTTGAGCTCAGGAGTTTGAGACCAGACAGAGCAAGAGTGAGACCTTGTCTGTACTAAAAATTAACCAGGTGTGGTGGAAGGTGCCATCGTCTCAGCTACTCTGGAGGCTGAGGCAGGAGGATCCCTTGAACCCAGGAGGTTGAGGTTGCTGTGAGCCAGGCTAATGCCAAGATCTGGGGCATCAGAGTAAAACTGAGGTTGCTGTGAGCCAGGCTGATTCTAGCCTGGGCAACAGAGTAAGACTCTGTCTCAAAAACAAACAAACAAAAAACAAAAAAAA","CGGTGGCTCACACCTGTAATCCCAGCACTTTGGGAGGCTGAGGTGGGAGGATCACTTGAGCTCAGAAGTTTGAGATCAGCCTGGGCAACATGGCAAAACCTATCTCTAGAAAAAATACAAAAACTAGCCAGAGTGGCACGTGCCTGTTGTCCTAGCTACCCAGGAGGCTGAGGTAGGAGGATCACTTGAACCTGGGGGCAGAGATTGCAGTGAGCCATGATTGTGCCACTGCACTCCAGTCTGGGCAACTCCAGCCTGGGCAACAGAATGAGACTCTGTCTCAAAAATAAAAAAGAAAAGAAAAGGAAAAA"
"GL873521","12059316","12059592","chr5","143468399","143468692","69","131409083","GGCTAGGTGCAGTGGCTCATGCCTGTAATCCCAGCACTCTGGGAGGCTCAGGCAGGTGGATTACTTGAGCTCAGGAGTTGGAGACTAGCCTGAGAAAGAGTGAAACCCATCTCTACTAAAAATAGAAAAACTAACCAGGTGTGTGGTGGTCCCCTATAGTCCCAAATACTGGGGAGACAAGAGAATTGTTTGAGCCCAAGAGACTGAGGTTAGCTGTGATGACTCCATAGCACTCTACCCAAAGTGACAGAGTGAGATTCTGTCTCAAAAAAGGAAA","GGCCAGGCACAGTGGCTCATGCCTGTAATTCTAGCACTTTGGGAGGTCAAGGCAGGCAGATCACTTGAGCTCAGGAGTTCGAGACCGGCCTGGGCAACAGGGTGAAACCCCATCTCTACAAAAAAATACAAAAACTAGCCAGGTGTGGTGAAGTGTGCCTGCAGTCCCAGCTACTCAGGAGGCTGAGGCAGGAGAATTGCTTGAGCCTGGAGGCTGAGGTTGCAGTAAGTCAAGATCATGCCATTGCACTCCAGCCTGGGTGACAGGAGTGAAACCCTGTCTCAAAACAAAGAA"
"GL873521","12087639","12087865","chr4","25649068","25649301","60","13561429","GGCTGGGCTAGGTATACCATGCCTGTAATCCTAGCATCCTTAGAGGCAGAAGCAGGATTCCTTTAGCTCAGGAGATTAAGACCAGCCTGAGCAAGGGTGACACCCCATTTCCATCAAAAATAGAAAAACTAGCTGGGCATAGTGGTGGGCATCTGTAGTCCTAGCTACTCGGGAGGCTGAGGCAAGAGGATCCTTGGAGCCCAGGAGTTTGGGGTTGCTATAAGCCG","GGCCGGGCATGGTAGCTCACGCCTGTAATACCAGCACTTTGGGAGGCTGAGGCGGGCTGATCACTTGAGTCCAGGAGATAGAGACCAGCCTGGGCAACATGGCAAAATCCCATCTCTATAAAAAAAACACAAAAATTAGCTGGGCATGGTGGTGTGCACCTATAGTCCCAGCTACTTGGGAGGCTGAGGCAGGAGAATCTCCTGAGCCCAGGAGGTGGAGGCTGCAGTGAGTCG"
"GL873521","12170072","12170342","chr3","111501569","111501837","73","99331497","GCCAGATGCAGTAGCTTACAGCTATAATCCCAGTACTTTGGAAGGTCAAGGCAAGAGGATTGGTTGAGACCAGGAGTTGAAGACCAGACTGGACAATGTAGTAAAACCCTATCCCTACAAAAAATAGAAAAAATTAGCTGGGTGTCATAGCTCTTGCTTATAGTCCCAGCTACCTGAGAGGCTGAGGGAAGAGGATCACTTGAACCCCTGAGATTGATACCATGGTACTCCACCTTGGGTGACAAAGTGAGACCCTTTCTCAAAAACAAAA","GGCTGGGTGTGATGGCTCACATCTATAATCCCAGCACTTTGGGAGGCCAAGGCAGGTGGACTGTCTGAGACCAGGAGTTTGAGACCAGCCTGGGCAACATGGTGAAACCCTGTCTTGACAAAAAAAATAAAAAATTAGCTGGGAGTGGTGGTGTGCACCTGTAGTCCCAGCTATGCGGGAGGCTGAGATGGGAGGATCGCTTGAGCCCGGCAGGCAGAGGTTCACTCCAGCCTGGGCGACAGAGTGAGACCCTGTCTTAAAAACGAAAA"
"GL873521","12688417","12688615","chr16","83498862","83499063","66","70810445","AAATCAGCCTGAGCAAAAGCAAGATCCAGTCTCTACAAAAAACTAGAAAAATTAGCCAGGCATGGTGATACACTCAGGAGAATGAAACAAGAGGATCACTTGAGCCCCGGGGTTTGATGTTGCACAGTGAGCTATGGCGATGCTGCTGCTCGGATAACAACGCGAGATGAGACCCCGTCTCAAAAACAAACAACAAAAA","ACTAGCCTGGGCAACACAGCAAAACCCCATCGCTACAAAAAATACAAATATTAGCCAGGTGTGATGGTGCATGCCTAGGGAGGCTGAGGTGGGAGGATCACTTGAGTCCAGGGAGGCTGAGGCTGCAGTGAGCTGAGATTATGCCACTGCACTCCAGCCTGAGTGACAGAGTGAGAACCTGTCTCAAGAAAATTAAAAAAAA"
"GL873521","12689719","12689822","chr7","26479088","26479188","21","13789369","GCTGAGTACAGTAGCTCACTTCTTTCATCTCAGCACTATGAGAGGCTGAGTCAGGAGGATCACTTGAGGCCAGGATTTTGAGACAAGCCTGGGGAACATAGTGA","GCTGGGTGCTGTGGCTCACATGTATAATCACAGCACTTTGGGAGGCTGAGGCAGGAGGATCACCTGAGGCCAGGATTTCAAGACCAGCCTGGGCGAAATGG"
"GL873521","12747705","12747831","chrX","118392849","118392966","30","105645144","GCCAAGCATGGTAGCACAAGCTTTGTAGGCCCAATTACTTGGGAGGCTAAGATGGGAGGATCACTTGAGCCCAGGAGTTTGAGGCCAGCCTGAGAAACACTCCAAGACCCTCTTTATTTAAAATATA","GCCAAGCATGGTGGCTCATGCCTGTAATCCCAGTACTTTGGGAGGCTGAGATGGGAGGATAGCTTGAGCCCAGGAGTTTGAGACCAGCCTGGTAACACAGTGAGACCTCATCTCTACA"
"GL873521","12758304","12758462","chr7","65488595","65488751","43","52730291","ACTTAGCTGAATATAGTAGCACAAGCCTGTATTTCCAGCTACTCAGGAGGCTGAGGCAGGAGGATCACTTGGGCTTACAAGTTGGAGGTTGTGGTAAGCTATGATGATGCCACTGCCCTCTGCCCCAGGCAAATGTGATGCCTTGTCTCAACAACAAAA","TTAACTGGGTATAATGACACATGCCTGTAGTCCCAGCTACTAGAAAGGCTGAGGTAGGAGGATTGCTTGAGCCTGAGAGGTTGAGGATGCAGTGAACCATGATCAGGCCACTGCACTCAGCCTAGGCAACACAGTGAGACCCTGTCTCAAGAAAAAA"
"GL873521","12758495","12758600","chr16","15961202","15961315","30","3202707","GTGGCTGGTGCATATAATCCTACCACTTTGGAAGGAGGAGGGAGAATCATTGAAACCAGGAGTTCAAGAACAGCCCAGGCAGGCTATAGTGAAATCTCATCTCTAC","GTGGCTGGGCATGCCTGTAATCCTAGCACTTTGAGAGGCTGCAGCGGAAGGATCGCTTGAGCCCAGGAGTTCAAGAACAGCCTAGGCAACATAGCAAGATCCCTGTCTCTACAA"
"GL873521","12822938","12822952","chr1","210017045","210017059","2","197194107","TAAAACAAAAGAAAA","TAATAAAAAAGAAAA"
"GL873521","12822989","12823283","chr7","75828649","75828941","71","63005660","GGCCAGGCAAGGTGGCTAACTGCTGTAATCTTAGCACTCTAGGAGGCTGAGGCAAGAGAATTCCTTGAGGTCAGGAGTCAGAGACCAGCCTGAGCAAAAATGACACTCCACCTCTATGAAAAATAGAAAACAAAAATTAGCCAGGTGTGATGGCCCATTTCTGTAGTCCCAGCTACTGGGGAGGCTGAGGCAGGAGGATAGCTTGAGCCCAGGAGCTTGAGGTTGCGGTAGCTAGGCAGATGGCTCAGCACTCTTTCTAGCCTGGGCAACAGAGCAACATTCTATCTCAAAAAAT","GGCTAGGCATGGTGGCTCATGCATGTAATCCCAGCACTTTGGGAGGCTGAGGCGGACGGATCACTTGAGGTCAGGAGTTCGAGACCAGCCTGGTCAACATGGTGAAACCCCATCTCTACTAAAAATATAAAAATTAGCCAGGTGTGGTGGCGCATGCCTGTAGTCCCAGCTACTTGGGAGACTGAGGTGGGAGGATCCCTTGAGCCTGGGAGGTTGAGGCTGCAGTGAGCTGTGATGGCACCACTGCACTCCAGCCTGGGCAATAGAGCAAGACCCTGTCTCATAGGAAAAAA"
"GL873521","13041237","13041319","chr5","49472177","49472254","12","36430940","GGCCAGTCATGGTGGCTCATGCCTATAATCCTAGCACTCTGGGAGGCTGAAGCAGGAGGATCACTTGAGCTCAGGAGTTTGAG","GGCCTGGCATGGTGGCTCATGCCTGTAATCCAGCATTTTGGGAGGCTGAGGCAGGAAGATCACTTGAGCTCAGGATTT"
"GL873521","13102109","13102207","chr16","30194624","30194720","25","17092515","TGAGCCCAGGAGTTTGAGGTTGTTGTGAGCTGAGCAGACCACACAGCATTCTAGCTTGGGCAACAGAGTGACATTGTGCTTCAAAAAAAGAAAAAAAAA","TGAGCCCAGGAGTTTGAGACTACAGTGAGCTATGATTACACCACTCCTCTCCAGCATGGGCAACAGAGTGAGACACTATCTCAAAAAAAAAAAAAAA"
"GL873521","13102475","13102686","chr2B","236887995","236888203","46","223785520","GGCCAAGTGTGGTGGCTCATGCTTGTAATCCTAGCACTCTGGGTGGCTGAGGCAGGGGGATCACTTGAGCTCAGGAGTTCAAGACCAGCTTGAGCAAGAGTGAGAACCCATTTCTACTCAAAATAGAAAAAAATTAGACAGGCACTGTGGTGAGTGCCTGTAGTATGAGCTACTTTGGAGGCTGAGATAGGAAGATCACTTGAGCCCAGGAG","GGCTAGGCGCAGTGGCTGAAGCCTGTAATCCTAGCACTTTGGGAGGCCGAGGTGGGCGATCACTTTGGCTCAGGAGTTCGAGACCAGCCTGGGCAATATGGCAAAACCCCATCTCTACACAAAATACAAAAATTACTCAGATGTGGTGGTGAGTGCCTGTAGTCCCAGCTACTTTGGACGCTGAGGTGGGAAGATCACCTGAGCCCAGG"
"GL873521","13327200","13327291","chr3","43397692","43397785","20","30070492","CTATCACTTTAGGAGGTGAGGTGGGAGGATCACTTGAGGCAAGGAGTTCAAGAGCAACCTAGGCAACATAGGAACCCCTCTGTCTCTCCAAA","CCCAGCACTTTGGGAGGCTGAGGTGGGCAGATCTCTCGAGCCCAGGAGTTCAAGACCAGCCTGGGCAACATGGTGAAACCCCGTCTCTACCAAA"
"GL873521","13327700","13327732","chr1","70851001","70851033","8","57523301","GCTGGATATGGAGTCTCACACCTGTAATTCTAT","GCTGGGCATGGTGGCTCATCCCTGTAATTCCCT"
"GL873521","13722076","13722356","chr17","55905881","55906166","74","42183805","GTCTGGCGTGGTGGCTCAAGCCTATAATCCTAGTACTCTGGGAGTCCAAAGTGGGTGGATTGCTTGAGCTCAGTAGTCTGAGACCAGCCTGAGTAAGACCCAGACATCGTATCTACTAAAAATAGAATAAACTACCTGGGCATTGTAGCGGGTGCCTACAGTCCCAGCTACGTGGGAGGTTGAGGCAAGAGGATCACCTGAACCTAGAGAATGAGGTTGCTGTGAGCTATGATGAGGTCAAGGCACTCTACCCAGAGTAACAGAGTGAAATTCTATCTCAA","GGTCAGGCATGGTGGCTCAGGCCTGTAATCCCAGCACTTTGGGAGGCCAAGGTGGGCAGATTGCTTGAGCCCAGGAGTTTGAGATCAGCTTGGGCAACATAGTGAAAACTCATCTCTACAAAAAATTAAAAAAATTAGCTGGGCATTGTGGCACGTAACTGCAGTCCCAGCTACTTGAGAGGCTGAGGTGAGAGGATCACCTGAGGCCGGGAAGTCGAGGCTGCAGTGAGCTGTGATTGGGCCACTGCACTCCATCCTGGGCGACAGAATAAGACCCTGTCTCAAA"
"GL873521","13722635","13722652","chr6","90847853","90847870","1","77125218","AAAAAAAAAAAAAAAAAA","CAAAAAAAAAAAAAAAAA"
"GL873521","13789517","13789832","chr12","121838917","121839229","75","108049400","GCTGGGTGTGGTGGCTCATATCTGTAATGATAGCACTCTGGGAGGTCAAAGCAGGGAGATTACTTGAGCTCAGGAGTTAGAGAGCATCCTGAGAAAGAGTGAGATCCCTATCTATACTAAAAACAGAAAAACTAGCCAGTTGTAGTGGCAGGCACCTGTAGTCCCAGCTACTTTGGGAGTCTGAGACAAGAGGATCTCATAAGCCCAAGAGTTTGAGGTTGCTGTGAGCTGCGATGCCACAGCACTCTACCTGGGGTGACAGAATGAGACTTTGTCTCAAAAAAATAAAAAATAAAATAAAATAAAATTTAAAAAA","GGCTGGGTGTGGTGGCTCATGCCTGTAATCCCAGCACTTTGGGAGGCCAAGTCAGGAGGATTATTTGAGCCTGGGAGTTTGAGACCAGCCTGTGCAACATGGTGAGACCTCATCTCTACAAAACATAAAAAATTAGCCAGGCATGGTGGCATGTGCCTGTAGTCCCAGCTACTTGGGAGGCTGAGGCAGGAGGATCAGTCGAGCCCAGAAGATTGAGGCTACAGTGAACTGTGTTCATGCCACTGCACTCCAGCCTGGGTGACAGAGTGAGACCTTGTCTCCAAAAAAATCAAATAAATAAAAAAATAAAAAA"
"GL873521","13902129","13902272","chr17","73619699","73619842","30","59717570","GGCCAGGCATAGTGGCTCGCACCTATAATCCAGTACTATGGGAGACCAAGGCTGGAGGATCAATTGAAGCCAAGAGTTAAAGACCAACCTGGGCAACATAGAAACACTTCACCTATATAAAAAAAAAAAAAAAGAAAGAAAAAA","GGCCAGGTATGGTGGCTCACACCTGTAATTTCAGCACTTTAGGAGGCTGAGGCAGGAAGATCACTTGAGGCCAGGAGTTCAAGACCAGCCTGGGCAACATGGCAAGGCTTCATTTCCACAAAAAAAAAAAAAAAAAAAAAAAAA"
"GL873521","13902315","13902339","chr7","66627085","66627108","7","52724770","AAAAATTAACCCAGCATGGTGGCGC","AAAAAATTAGCCAGGCATGGTGAC"
"GL873521","13902374","13902499","chr7","68063538","68063660","30","54161164","AGTCCCAGCTACCATAGAGGTTGAGCCAGGAGGATCACTGAAGCCCAGAGCCCAGAAGTTTGAGGTTGCAGTAAGCTATGATCATGCCACTGTACTCTAGTCTAGGTGACAGAAGGAGACCCTGTC","GTAGTCCCAGCTACAAGGGAGGCTGAGGCAGGAGGATGGCTTGAGCCTGGGAAGTTGAGGCTGCAGTAAGCTATGATCATGCCACTGCACTCCAGCCTGGGTGACAGAGTGAGATTCTGCCTC"
"GL873521","14127800","14127881","chr3","123515043","123515137","26","109387243","GGCTAGATATGGTGGCTCATGCCTATCTGGAAAGCTGAGGCAGGAGGATTGCAAGAGGCCAGAAGTTTAATACCAGGCTAAG","GGCCAGGTATGGTGGCTCATGCCTATACTCCCAGCCTTTTGGGAGGCTGAGACAGGAGGACTGCTTGAGGCCAGGAGTTTAAGACCAGCCTGACT"
"GL873521","14128162","14128352","chr4","26023510","26023691","57","11895348","GGGCTGAGAATGAGATCCCATCTTTACAAAAAATTACCCAGGTATAGTGGCATCATCCTAGCTACTTGGGAGGCTGGGGCAGGAGGATTTCTTGGGCCCAGGAGTGTGAGGCTACGCTGAGCTATGATACCACTGCACTTTAGCCTGGATGATACAGCAAGATTTTACCTCAAAAAAAAAAAAAAAAAAAA","GGGTGGGAAAAAATTATCTGGAAATGGTGGCATATGCCAGTGGTCCTAGCTACTTGGGAGACTGAGGCTGGAGGATCACCTGAGCCCAGGAGTTAGAGGCTGCGGTGAATCGTGATCATGCCACTGCACTCTAGGCTGGGCAATAGAGCAAGACCCTATCTCGAAAAAAAAACAACAAAAAA"
"GL873521","14184019","14184216","chr17","61651681","61651883","50","47467662","GGCTGGGCATGGTGGCTCATGCCTGTAACCCTAGCACTCTGTGAGGCCAAGGCAAGTGGATCACCTGAGCTCAGGAGTTTGAGAACAGCCTGAGCAAGAGTGAGACTCCATCTCTAAAAATAGTTGGGCATTTGTGGTGAATGCCTATAGTCTCAGCTACTCAGCTACTTAGGAGGCTGAGGCAAGAGGATTGCTTGA","GGCTGGGTGCAGTGGCTCACGCCTGTAATCCTGGCACCTTGGGAGGCCAAGGTGGGAGGATCACTTGAGCCCAGGAGTTTGAGATCAGCCTGAACAACGTGGTGAAACTCCATCTCTACAAAAAATACAAAAATTAGCTGGGCTTAATGGCATATGCCTGTGGTCCCAGCTACTGAGGAGGCTGAGGTGGGAGGATTGATTGA"
"GL873521","14185943","14186062","chr8","25834967","25835086","23","11649024","GGCAGGGTGCAGTGGCTCACACCTATAATCCCAGCACTCTGGGAAGCTGAGGTGGGAGGATTGCTTTGAGATCAGGAGTTTGAAACTAGCTTGAGCAAAGCAAGACCCATCTCTACTAAA","GGCCAGGTGCAGTGGCTCATGTCTGTAATCCCAGCACTTTGGGAGGCTGAGGTGGGAGGTTTGCTTGAGCCCAGGAGTTTGAGACCAGCCTGGGCAACATAGCAAGACCCTGTCTCTATA"
"GL873521","14186086","14186221","chr14","74199793","74199926","31","60013707","AATTAGAGAGGTGTGATGCCACACACTGTAGTCTCATCTACTTTGGAGGCTGAGGCACAAGGATTACTTGAGCCCAGGAGCATGAGGTTGCTGTGAGCGAGGCTGAGGCCACAGCACTCTAGCCTGGGCAACAGAG","TTAGCCAGGTATGGTGGTGCACACCTGTAGTCCCAGCTACTTGGGAGACTGAGGCAGGAGGATTGCTTGATCCCAGGAGTTGAGGCTGCTAAGAGCTATGATCATGTCACTGCACTCCAGCCTGGGCAACAGAG"
"GL873521","14534133","14534413","chr5","43470606","43470891","71","28936473","GGTAGCTCATGTCTATAACCCTGACACTCTGGGAGGCTAAGGGAGAAACATCCCTTGAGCTCAGGAGTTCAAGACCAGTCTAAGCCAAAAGGGAGATCCATCTTTACCAAAACAGAAAAATTAGCTGGGCATGGTGATGTGTGCCTGTAGTACCAGCTGCTTGGGAGGCTAAGGAAGGAGGATTGTTTGAGCCTAGGAGTTTAAGGTTGCTAAGAGCTAGACTGAGGCCATGGCACAGTAGCCCAGGCAATAGAATGAAACTCTGTCTCAAAAAAAAAAAA","GTGGCTCTTGCCTATAATCCCAGCACTTTGGGAGGCTGAGGAGGGCAGATTGCTTGAGCCCAGGAGTTCAAGACCAGCCTGGGCAACATGGGAAAACCTCGTCTCTACAAAAAACACAAAAATTAGCTGGGCATGGTGGCATGTACCTGTAGTCCTAGCTACTTGGGAGGCTGAGGCAGGAGGACTGCTTGAGCCTCTGGAGGCGGAGGTTGCAGTGAGCTGAGACCGCGCCACTGCACTCCAGCCTGGGTGATAGAACAAGACCCTGTCTCAAAAAAAAAAAAAA"
"GL873521","14534507","14534523","chrX","153619065","153619080","3","139084558","CCCAAAATAAAATAAAA","ACATAATAAAATAAAA"
"GL873521","14646173","14646307","chr1","9156973","9157091","40","5489200","GGATGTAGTAGCTCACACCTGTAATCCCAGCATCATGGGAGGATCACTTGAGGCCAGGAGTTTGAGACTGGCTTGGGCAATATGGTGAGGCCCCATTCTTACAAAATAGGAAAAGAATTAATTGGATATGGTGGC","GGCTGGGTGAGGTGGCCTCACGCCTGTAATCCCAGCACTTTGGGAGGCCAAGGCAGGAGTTTGAGACCAGCCTGGGCAATACAGTGAGACCCCATCTCCAAAAAAAAAATTAGTGGGGC"
"GL873521","14703100","14703421","chr17","68155983","68156305","73","53452883","GGCTGGGCACAGTGGCTCATACCTGTAATCCTAGCACTTTGGGAGGCCAGGAAGGGAAGATAGCTTGAGGCCAGGAGTTTGAGACCAGGATGAGCGAGGTAGCGAGACCCCCCATCTCTATCAAAAATTAAAAAAAAAAAAAAATTAGCTGGGTATAGTGGTGAGGGCCTATCATCCTAGCTACTTAGGAGTAAGACAGGAGGATCACTTGAGCCTAGGAGGTAAGGTTGCAGTGAACTATGATGATGACCCTGCACTCTTGCCTTAGCAAGATGGTGAGACCCTGTCTCAAAACAAACAAACAAACAAACAAACATAAAAA","GGCTGGGCACCGTGGCTGACATCTGTAATCCCAGCACTTTGGGAGGCCAAGGCGGGTGGATCACTTGAGCCCAGGAGCTCGAGACCAGCCTGACCAACATGGCAAAACCCCATCTCTACCAAAAAAAAAAAAAAAATACAAAAAGTTAGCTGGGCATGGTGGAGAGGGCCTGTAGTCCCAACTACTCAGGAGGCTGAGGTGAGAGGATCACCTGAGCCACAGGAGGTCGAGGCTGCAGTGAGCCATGATCACACCATTGCACTCCAGCCTGAGAGAAAGTGAGACCCTGTCTCAAAAAAACAAACAAACAAAAACAGCAAAAA"
"GL873521","14778613","14778888","chr15","42746072","42746354","63","27967459","GGCCCAGCACAGTGGCTCACACCTATAATCCTCGCATTCTAGGAGACTGAGGTGGGAGGATCACTTGAGCTCAGGAATTTGAGATCAGCTTGAGCAATAAGGTGACCCCATCTCTACTAAAAATAGACTAATTAGCCAGGCATTGTGGTGGGCACCTGTGGTCCCAGCTAGTTGAGAGGCTCATGTTGGATTCCTTGAACCCAGGAATTTGAGGCTGCTGTGAGCTGGGCTGATGCCACAGTATTCTAGCCTGGGCAACAGAGTATGACTCTGTCT","GGCCAGGTACAGTGGCTCACACCTGTAATCCCAGCACTTTGGGAGGCCAAGGCAGGAGGATCACTTGAGCCTAGGAATTCAAGACCAGTCAGGGCAATATGGTGAAACTCCATCTCTACAAAAAATACAAAAATCAGCCAGGTGTGGTGGTGTGCGCCTGTGGTCCCAGCTACTTGGGAGGCTGAGATGGAAGGATCACTTGAGCCCAGGAAATGGAGGCTGCAGTGAGCTAAGGCTGTGCCACTGCACTCCAGCCTGGGCAACAGAGTGAGACCCTGTCTCA"
"GL873521","14884261","14884393","chr13","24405237","24405373","27","9520976","GGCTAGGTGTGGTGGCTCATGCCCATAATTCCAGCATTCTGGGAGGCCAATGTGGGAGGATCCCTGGAGGTCAGGAGTTTGAGACCACCCTGAGCAAAGCGAGACCCCATCTTCACTAAAAATAGAAAAATTA","GGCTGGGCATGGAGGCTCATGCCTATAATCCCAGCACTTTGGGAGGCTGAGGTGGGAGGATCGCTTGAGTTCATGAGTTCAAGACCAGCCTGAGCAACACAGTGAGACCTCATCTCTACTAAAAATCAAAAAAATTA"
"GL873521","14884660","14884815","chr1","141772547","141772702","39","126887887","TTAGTTGAATGTGGTGGTGTACACCTGTAGTCCCAGCTACTTGAAAGGCTGAAGAAAGAGGATTGCTTGAGCCCAAGTGCTTGAGGTTGTAGTGAGCTAGGCTGACGCTATGACACTCTGACCCAGGTGATAGAAGAAGACCCTGTCTCAAAAAAA","TTAGCTGGGCATGGTGGCGTGCACCTGTGGTCCCAGCTATTTGAAAGGCTGAGTTGGGAGGATCACTTGAGCCCAGATGGTTGAGGCTGCAGTGAGCCATGATGGCACCACTGCACTTTAGCCTTGGTGACAGAGCAAGGCCCTGTCTGAAAAAAA"
"GL873521","15677856","15678124","chr7","99887814","99888086","73","84209958","TGGCTCATGCCTGTCAACAAAGTACTTTGGTAGATTGAGAAAGGAGGATCTCGTGGACTCAGGAGTTTGAGACCAGCCTGGACGACATGGTAAAAAAACATCTTTAAAAAATTAGCCTAGCATAGTGGTGCACATTGATAATTTCAGCTATTTCGCAGGCTGAAGTGGGAGAACCACTTGTGTTTGGAAGCTCGAGGCTGCAGTGAGCTATGATCTCACACTACACTCCAGCCTGGGTAATATGGTGAGGTCCTGCCTCAAAAACAAAA","GGCTTACACCTGTAATCCCAGTGCTTTGGGAGGCTGAGGCAGGCAGATCACTTGAGCCCTGGAGTTCAAGACCAGCCTGGGCAACATGGTGAAACCCCATCTCTACAAAAAATTAGCCAGGCATGGTGGCTTGCACCTGTAGTCCCAGCTACTCAGGAGGCTGAGGTAGGAGGATTTCATGAGCCTGGAAGGTTGAGGCTGCAGTGAGCTATGATCACACCACTGCACTCCAGTCTGGGTGATAAAGTGAGACCCTGTCTCAAAAAAAAAAAA"
"GL873521","15875728","15875811","chr8","5975319","5975398","26","9900409","CAGTGAGCCGTGGTCTCCCTGTGCATTCCAATGTGAGTGACAGAGAGACCTCCCTCACACTCCCAAAAAAGAAAAAACAAGAAA","GCAGTGAGCCTTGATCGTGCTATTGCACTCTAGCCTTGGTGACAGAGAGAGACCCTATCTCAAAAAAAAAAAAAAAAAAA"
"GL873521","16170363","16170540","chr3","50079465","50079644","47","33909102","AAAAAAAAAAAAAATTACCCAGGTAAGGTGGTAAGGACCTGCAGTCCTAGCTATCTGGGATACGAGGTAGGAGGAGCACTTTGGCCCAGGAATTCCAGGCTATGGTGAACTATGATTACAACTGCACTCTAGCCTGGGCAAAAGAGTAAGAGACTGTCACAAAACACAACAAAACAAA","ACAAAAAGAAAAAACAATTAGCAAGGCCTGGTGGTACACACTTGTAGTCCCAGCTATTTGGGAGGCTGAGGTGGGAGGATCACTTGAGCCCAGGAGTTCAAGGTTACAGTGAGCTATGATCATGCCACTGCACACTAGCCTGGGCATCAGAGAGAGTTCCTGTCTCTAAGAAAAAAAAAA"
"GL873521","16172240","16172374","chr1","29329421","29329551","29","13157181","GGCTGCATGCAGTGCCTCATGTTTGTAATCCCAGCACTTTGGGAGCCAGTGGAGGAGAGGATCACTTGAAGCCAGGAATTTAAGACGGACCTAGCCAACATAATGAGAACTCCTCTATACAAAAAATAATAAAAT","GGCTGGATGCACTGGCTCCTGTCTGTAATCCCAGCACTTTGGGAGGCTGAAACAGGAGGATCCCTTGAAGCCAGGAGTTTAAGATCAGCCTGAGCAACAGAGTGAAACCCTGTCTCTACAAAAAAAAAAAA"
"GL873521","16260421","16260667","chr2A","25887935","25888182","71","9627514","GGATACAGTGGCTCACACCTGTAATCTTAGCAAACACCCTGGGGTGCTAAGGCAGGAGGATCACTTGAGCTCAGGAGATCAAGACCAGCCTGAGGAAGAGTGAAACCCCATTTCTACCACACATAGAAAAATTAGCCAGGTGTCTCTCTCTAGTCCCAGCTACTTGGGAGGCTGAGACAGGAGAATTGCTTAAGCCAGGGAGTTTCAGGTTGCTGTGGCTCAGACCATGGCACTCTAGACTGAGCAA","GGCTGGGCACAGTGGCTCACACCTGTAATCCCAGCACTTTGGGAGGGTGAGGCAGGAGGATCACTTGAGCTCAGGAGTTCGCAACCAGCCTGGGCAATATGGTGAAACCGCATCTCTACAAAAAATACAAAAATTAACCGGGTGTGGTTGTGCATGCCTGTAGTCCCAGCTACTTGGCAGGCTGAGGTGGGAGGATTGCTTGAGCTCAGGAGGTCAAGGCTGCAGTGAGCCATGATTACTCCACTGCA"
"GL873521","16747501","16747629","chr7","102198592","102198722","33","85451091","GCCGGGTATGGTGGCTCACACCTGTAATCCCACCACGTGGGAGGCCAAGGCAAGCAGATTGCCTGAGCTCACAGGTTCAAGACCAGCCTGAGCCAGAGTGAGACTTTGTCTTGGAAAATACCCGGGTGT","GGCTGGGTGTGGTGGCTCACACCTGTAATCCCACCACTGTGGGAGGCTAAGGCAGGCAAATCGCTTGAGCCCAGGAGTTCGAGACCAGCCTAGGCAACGTGGTGAAACTGTCTTTAGAAAATATTAGCCAA"
"GL873521","16747905","16748071","chr1","26355033","26355200","42","9607128","AACTAGGTAGGTGTTGCAGCAGGCGCCTGTAAATCCCAGCTACTTGGGCCAAGGCAAGAGAATCAATCACTTATGCCCAGGAGTTTGAGGTTGCTGTAAGCTATGACGCCCTGGCACTCTACCAAGGGTAACAAAGTCAGATCCTGCCTCAAAAAAAAAAAAAAAAA","AACTAGCTGGGTGTGGCGGCGTGTGCCTGTAGTCCCAGCTACTTGGGAGGCTGAGGCAGGAGGATCACTTGAGCCCAGGAGTTCAAGGCTGCAGTGAGCTAAGATCATACCACTGCACTCCAGCCTGGGTAATAGAGTGAGATCCTGTCTCAAAAAAAAAAAAAAAAA"
"GL873521","16826358","16826516","chrX","96886204","96886345","57","80059846","GGCGCCCTGCCACAAGCTGTAGTCTCCCCTATTTGGGAGGGTGAGGTCGGAGGATCATGTGAGCTCGGCAGTTCAAAGTCACCGGGCACTACAACCTCACCTGGACCAGTCAGGACTGCACGCCAGCCTCCCCAGCGCAGTGAGACTCTGTTTCTAAAA","GGTGCACATCTGTAGTCTCAGTTATTTGGGAAGCTGAGGAGGGAGGATCACTTGAGCCTGGGAGGTCAAGGCGCCAGTGAGCTGTGATTGCACCACTGCACTCCAGCCTGTGCTACAGAGTGAGACTCTGTCTCAAAAAAAA"
"GL873521","16850386","16850705","chr1","224543342","224543654","83","207692956","GCCAGCTGTGGTGGCTCACACCTATAGTCCTCACACTCTGGGAGGCTGAGGAAGGCAGATTCCCTGGAGCTCAGGAGATTGAGACCAGGCTGAGCAAGAACTGAGACTCTGTCTCTACCCCAAACAGAAAAACTTCACTAGGTGTTGCGGTGGGCACCTATAGCCTGAGCTACTTGAGAGGCAGAGGCAGGATGATCACTTGAACTCAGGAGTTTGAGGTTGCTATAGCTGTGCTGATGCCATAGTACTTTAGCCTGGGCAACAGAATGAGACTCTGTCTCAAAATAAATAAATAAATTAATAAATAAAAGAGAAAGAAA","GCCAGGCAGGGTGGCTCACGCCTGTAATCCCAACACTTTGGGAGGCTGAGGCAGGCAGCTTGCTTGAACTCAGGAGTTTGAGACCAGTCTAGGCAACATGGTGAAACCCCATCTCTACAAAAAATACAAAAATTAGCCAGGCGAAGTGGCGTGCCTATAGTCTTAGCTACTTGGGAGGCTGAGGCAGGAGAACTGCTTGAACTGGGGAGGTCGAGGCTGCATGAGCCGAGATCGTGCCACTGCACTCCAGCCTGGATGACAGAGCGAGACCCTGTCTCAAAATAAATAAATGAATAAATAATAAAATAAATAA"
"GL873521","16987716","16987746","chr4","157175852","157175881","5","140188136","GAAGAAAGAAGAAAGAAGAAAGAAGAAAGAA","GAAGAAGAAGAAGAAGAAGAAGAAGAAGAA"
"GL873521","16988099","16988370","chr11","32048157","32048430","73","15060058","GGCCCAGTTCAGTGTCTCACACCTGTAATCCTAGAACTCTGGGAGGTCAAGGAAGGTGGAGTCCTTGAGCTCAGGATTTTCAGATAAGCCTGAGCAAGAGACAGATCCATATCTACTAAACATAGAAAAACTAGCCTGGCATCAGTGTAGTCCCAGCTACTCAGAAGGCTGAGGCAGGAGGATCATTTGAGCCCAAATGTTTGAGTTTGCTGTGAGCTATGATGAATGACACCAGGGCACTCTACCCAGGGCAACAGAGTGAGACTATTTCT","GGCCCACCACAGTGATTCACATCTATAATCCCAGCACTTTGGGAGGCCGAGGTGGGAGAGTAGCTTGAGCCCAGGAGTTTGAGACCAGCCTGAGCAACAGGGCGAGACCCCATCTCTACAAAAAAAATTTAAAAATTAGCCTAGCATGTGCCTGTAGTCCCAGCTACTCAGGAGGCTGAAGCAGGAGGATCACTTGAGCCCAGGAGTTGAAGGCTGCAGTAAGCTATGATCACCCCACTGAGCTCTAGCCAGGGTGACTGAGCAAGACTCTATT"
"GL873521","17153915","17154039","chr7","102370770","102370890","26","85216855","GGCTAGGCACGGTGGTGACTCCTGCTTGTAATCCCAGCACTCTGGGAGGCCTGTGGCAGGTGAATTCCTTGCGCTCAGGAGTTCAAGACTAGCCTGAGTAATAGTGAAACCTCTGTCTCTACTAA","GGCTAGGCACGGTGGCTCATGCCTGTAATCCCAGCACTTTGGGAGACTGAGGTGGGAGAATTGCTTGAAGCTGGGAGTTCAAGACCAGCCTAGGGAACATAGTGAGACCCTGTCTCTTCAA"
"GL873521","17154076","17154241","chr16","21596696","21596868","46","4442620","CTAACCAGACCTGACAGGTGGCTATACTCTCGGCTACTTGGGAGGCTGAGGCAAGAGGATCACTTGATCTCAAGAGTTTGAGGTTGCTATAAGCTATGAGGCCATGACACTCTACCGAGGGCAACAAAGTAAGAGTTTTTCTCAAAAAAAAAACCCAAAACAAAAA","ATTAGTCAGACATGGTGGCATGTGCCTATAGTCCCAGCTACTTGGGAGGCTGAGGCAAGAGAATCATTTGAGCCCAGGAGGTTGAGGCTGCAGTAAGCAGTGATCATGTCACTGCACTCCAGCCTGGGCAACAGAGCAAGACCCTGTCTCAAAAAAAAAAAAAAAAGAAAAAA"
"GL873521","18186068","18186211","chr11","18518855","18518988","40","332787","TAGTCAGGTGCAGTGGTGCATGCCTGCAGTCACAGCTACTCTACTCAGGAGGATGAAGCAGGAGGACCACTGGAGACCAGGAGTTTGAGAATGCTGTAAAATACCATTGAGTCACTGCCTGCCAGCTTCAGTAACAGAATAAGA","TTAGCCAGGTGCAGTGGCGCATGGCTGTAGTCCTGCTTACTCAGGAGGTTGAAGCAGGAGGATCACTTGGGCCCAGGAGTTTGAGGCGGCAGCGAGCCATAATCGTGCCACTGCACTCCAGCTGAGTGACAGAG"
"GL873521","18186242","18186351","chr4","101432127","101432236","31","83245885","CTTGTAATTTCAGCACTTTTGGAAACTGTAGAAGGAAGATTGTTTAAGACCAGGAGTTCCAGAACAATCTGGGCAACACATGTTGACCTTGTACCTACATGAAAAAAAAA","CCTGTAATCCCAGCACTTTGGGAGGCTGAGGCAGGAAGACAGCTTGAGGCCAGGAGTTCCAGACCAGTCTGGGCAATATAGCAAGACCCTCATCTCTTTAAAAAATAAAA"
"GL873521","18231783","18232086","chr11","120552808","120553110","90","102321025","GGCATGGTGGCTCACACCAGCAATCCCAGCGTTTTGGGAAGCCCAAGGAAGAGAATCACTTGAGACCAGCCAGAGGTACATAGACACGTGGTCTACAAGAAATGACAATTAAAACAAATTGCTGGGCATGGTAGCCTGTGACTATAGTCCTGGCAACTCAAGAGGCTGAGTCAGGGGGTTTTTTGAGCCTATGAAGTCTAAGTTGCAGTAAGCTGTGATCATGCCACTATACCCTAGCCTGGGTGACAGAACAAGATTCTGTCTCTAAAAATAAAATAAAATAAAATAATAAAATGAAATAAAA","GCCAAGCATGGTGGTTCATACCTATAATCCCAGAACTTTGAAAGGCCAAGGCGAGAGGAGTTTGAGACCAGCCTGGGCAACATGATGACATGCCGTCTCTACAAAAAAATAAAATAAACAAAAACTAGCTGGGCCTAGTGGCATGTGTCTGTAGTCCTAGCTACTCAGGAGACTGAGGCAGGAGGATCACTTGAGCCTGGGAGGTCAAGGTTGCAGTGAGCTATGATTGTGTCACTGTACTCCAGCCTGGGTGACATAGCAAGAACTGGTCTCAAAAAAAAAAGAAAGAGAGAAAAAAGAAAA"
"GL873521","18672921","18673268","chr5","164510023","164510360","89","145837102","GGCTGGCCATGGTGGCTGAGGCCTGTCATCCTACCACTCTGAGAGGATGAGGAAGGAGGATTGGATTGCTTCAGCTCAGGAGTTCAAGACCAGCCTGAGCAAGAGCAAGACTCAGTCTCTACCAAAAATAGAAAAATTAGACTAGCCAGATGTAATGGCAGATGCCTCTAGTCCCAGCTAGTGGGGAGGCTAAGGCAGGAGGATCACTGAAACCCAGGAGTTTGAGGTGCCTGTGAGTTAGTTTAATACCATGGCAGTCTAGCTTGGGCAACAAAGTGAGACTCTGTCTCAAAACAAACAAAGAAACAAAGAAACAAACAAACAAAAACCCCAAAAATAAAAAAAAAA","GGCTGGGCACAGTGGCTCATGCCTGTAATCCTAGCACTTTGGGAGGCTGAGGCAGGTGGATCGCTTGAGACTGGGAGTTCAAGACCAGCCTGGGCAATATGGCAAAACCCCGTCCCTACAAAAAATACAAACATTAGCCAAGCATGGTGGCACATGCCTGTAGTCCCAGCTACTTGGGAGGCTGAGGCAGGAGGATCATTTGAGCCCGGGATGTGGAGGTTGCAGTAAGCTGAGATTGCATCATTGCACTCCAGCCTGGGCAACAGAGGGAGACCCTGTATCAAATAAATAAATAAATAAATAAATAAATAAATAAATAAAAGAAATAAAAGTAAAAA"
"GL873521","19315680","19315722","chr1","205503465","205503511","11","186187785","CAGTTACTTGGAAGACTGAGGCAAGAGGATCCCTTGAGCTAGG","CCAGCACTTTGGGAGACTGAGGCAGAAGGATCCCTTGAGGCCAGCGG"
"GL873521","19598410","19598508","chr1","6398492","6398584","25","13199918","TATCACTACACCACTATACTCTAGCCTGGGCAACAGATTGAGAACCTGTATCAAAAACAAACAAACAAACAAACAAAACACAATAAAAAATAAATAAAA","GTGATTGCACCAATGCACTCCAGCCTGGGTGACAGAGCGAGACTGTCTCAAAACAAACAAACAAACAAATAAAACAAAAGAAAAGAAAAGCAA"
"GL873521","19777152","19777359","chr4","72787006","72787205","63","53009854","CCTGAGCAACATAGAGAGATCCCATCTCGACAAAAATATTGAAAAAAAAATAGATAAACTTATCAGCTGGGTTTGGTAGCACACAACTGTATCCCCAGCTACCGGGAAGGCTGAAGCAGGAGGAGCCTGACAGATCAAGGCTGCAGTGAGCAGTGATCACATCACTACACTCCAGCCCAGGTGACAAAGCACAATCCTGTCTCAAAAA","CTAGGCAACATGGAAGAACCCCATCTCTACAAAAATTACAAAAACTAGCTGGGCATGGTGGTGTGCGCCTGTATTCCCAGCCACTGGGGAGGCTGAGGTGGGAGGATTGCTTGAGCCTGGAAGATTAAGGCTGAAGTGAGCAGAGATCACACCGCTGCACTCCAGTCTGGGTGACAGAGCAAAACCCTGTCTCAAAAAAA"
"GL873521","19907026","19907166","chr6","12022857","12022993","42","7884169","AGGAAAAATTACCAGGGCATGGTGATGTGCACTTATAGTCCCAGCTCCTGGGAAGGCTGAGTCAGGAGGCCAGGAGTTTGAGGTTATAGTGAGCTATGATGCCACTGCACTCTCTCTGGGTGACATAGTGACATTCTGCCT","TTAAAATTAGCCAGGCATGGTAGCAGGCACCTGTACTCCCAGCTACGGGAGGGTCGCTTGAGCCCAGGAGATCAGGGCTGCAGTGAGCTATGATTGTACCACTGCACTCCAAACTGGGTGACAGAGTGAGACTCTGT"
"GL873521","19907190","19907299","chr3","21509747","21509855","27","1602557","GTGGTGGCTCAGCCTATAATCCTAGCCTTCTGGAGGCCCAGGCGGGAGGATTGCTTAAGGTCAGGATGTTGAGACGAACCTGAGCATGAGTGAGACCCCATCTCTACAAA","GGTGGCTCATGCCTATAATTCTAGCGCTTTTGGAGGCCAAGGGGGGAGGATTACTTGAGCTCAGGAGTTCCAGATCAGCCTGGACAATTTAGTGAGACCTCATCTATAC"
"GL873521","20453341","20453513","chr19","53340691","53340862","44","32887350","AGACAACTAGCCAGGCATTGTGGTGGGCATCTATAGTCCCAGCTACTTGGGAGGCTGAGGCAAGAGGATCACTTGAACCCAATAGTTTGAGGTTGTCATGAGCTATGATGATGTGGCATTCTACTCAGGGTGACAGCGTGAGAGACTCTGTCTCAAACAAATGAACAAAAAAA","ACAAAAATAGCTGGGTGTGGTGGTGCATACTTGTAGTCCCAGCTACTTGGGAGGCTGAGGCAGGAGGATCACTTCAGCCCAGGAGGTTGAGGCTGCAGTGAGCCATGATCATGCCACTGCACTCCAGCCGAGGGGAGAGAGCAAGACTCTGTCTCAAAACAAACAAACAAAA"
"GL873521","20453540","20453662","chr4","5943586","5943706","26","14509954","CAGGCGTGGTTGCTCATGCCTGTAGTCCTAGCACTTCAGGAGGCTGAGGAGGGTAGATTGCTTGAGGTCAGGAGCTGGAGACCAGCCTGAGCAAGAGCGAGACCTTGTCTCTACTAAAAATAG","GGCCATGGTGGCTCATGCCTGTAATCCTAGCACTTCGGGAGGCTGAGGAGGGAGGATTGCTTGAGGCCTGGAGTTTGAGACCAGCCTGGGCAACATAGTGAGACCACGACTCTATTTAAAA"
"GL873521","20821454","20821743","chr8","121327775","121328067","74","100506321","GCCGGGCCCAGATGGCTCAAGCCTGTAATCCTTGCACTTTGGGAGGCCAATGTAGGAGGATCACTTGCGCCTAGGAGTTCCAGGCCAAGCTGTGCAAGGTGAAACACTGTTCCAAAAAATATATATATATGAAAATTAGCCAGTCCTGTTGGTACACATCTGTCGTTCCAACTACTTGGGGGACTGAAGCAGGAGGATCCATGAGTCCAAGATTTGAGGTTGCAATGAGCTGTATTGGAGCTACTACACTGTAGCCAGGGCGACAGGAGGAAAAACTTGTTTTAAAAAAA","GGCTGGGTGCAGTGGCTCATGCCTGTAATCTTAGCACTTTGGGAGGCCAAGGCAGGTGGATCACTTGAGCTTAGGAGTTCAAGACCAGCCTGGGCAACATGGTGAAACCCTGTCTCTACAAAAAATAAAAAAAAATTAGCCAGGCATGGTGGCATACACCTGTAGTCCCAGCTACTTGTGGGGCTGAGGCAGGAGCATCACTTGAACCCAGGAGCTCAAGGCTGCAGTGAGCTGTGATCTTACCACTGCACTCCAGCCTGGGTGACAGAGTAAGACCTTGTCTCAATAAAAAA"
"GL873521","20825224","20825315","chr22","42881883","42881978","27","22056659","AGAGGATCTCTTGAGCCTAAGAGTTTGAGGTTGCTGTGAGTTCTGATACCACAGCGCTCTACACAGGGCGACAGAGTAAGACCCTTTCTTAA","GGCAGGAGGATCGCTTGAGCCTGGGAGGTCAAGGATGCAGTGAGCTGTGATTGCACCACTGCACTCCACCCTGGGCGACAGAGTGAGACCCTGTTT"
"GL873521","20825595","20825767","chr4","156475909","156476099","57","135650314","GCGGTGGCTCACACCTGTAATCCTAACACTCAGGATCGCCTAAGCTCAGGAGGTGGAGACCAGCCTGAGCAAGAGAAACACCTCAACTCTACCAAAAACAGAAAAAGTAGCCTGGGTGGTGGTAGGCATGTGTAGTCCCAGCTACTCGGGAAGCTGAGGCAAGAGGATCTCTT","GGCCAGGCACAGTGGCTCACACCTATAATCCCAGCACTCTGGGAGACTGAGGCAGGAGGAGCCCAGGAATGTGAGACCAGCCTGGCCAACATGGTGAAACCCAGTCTCTACTAAAAATATAAAAATTAGCCTGGTGTGGTGGTGTGCGCCTGTAGTCCCAGCTACTTGGGAGGCTGAGGTGGGAGGATCAC"
"GL873521","21355913","21356066","chr4","158479533","158479684","48","137123620","ATAAAAATTAACTAGCTATGGTGGCATACACTCTTGTCCTAGCTACTTAGGAGGCTGAGGATCATTTGAGGCCAGGAGTTTAAAGCTATAGTGTACTGTGATGATTACGCCTGTGAATAGCCACTGTACTCCAGCCTGGGCAACATAGCAAGAC","AATTAGCTGGGCATGGTGGTGCATACCTGTAGTCCTAGCTACTCAGGAAGCTGAGGCAGGAGGACAGCTTGAGGCCAGGAGGTCAAGGCTGCAATGAACCATGATTGATTACACCTGTAAATAGTCACTGCATTTCAGCCTGGGCAGCATAG"
"GL873521","21623697","21623773","chrX","53329871","53329945","26","31706174","AAATTTAGGCAGGCAAGTTGGCACATGTTTGTAGTCCAAGTTATGTGAGAGGATTCTTTGAGTCCAGAAGTTAAGGC","AATAGCTTGGGCAGGGTGGTGCATGGCTGTAGTCCTGAGATGGGAGGATCCCTTGAGTCCAGGAGCTTGATGCCG"
"GL873521","21623801","21623894","chr3","42032495","42032583","27","20408694","GTAATCTTAGTACTTTGGGAGGCCAGACAGGAGATTCATTTGAGACTGAGTTTAAGATCAGCCTGGACAACATGGCAATATCCCATGTCAACCA","TAATACCAGTATTTTGGGAGGCTGAGGCAGGCGATCACTTGAGCCCAGTTCAAGACCAGCCTGGGCAATATAGCGAAATCCTGTTTCTA"
"GL873521","21714176","21714337","chr12","96671998","96672172","41","74957822","ACTAGGGGGCATTGTGGCAACTGTCATCCTAGCTGCTCAAGAGGCTGAGGCAAGAGGATCACTTCAGCCCATGAGTTTATGGTTGCTGTGAGCTATGACTCCATGGCACTCTAGCCTGGGCAATAGAATGAGACTCTGTCGCAAAAAAAAAGAAAGAAAGAA","AATTAGCTGAGCATGGTGGCAGGCACCTGTAGTCCCAGCTACTTGGGAGGCTGAGGGAGGAGGGTCACTTGAACCCAGGAGTTTGAGGCTGCAATGAGCTATGACTGCATCAGTGCACTCTAGCCTGGGCAGTAGAGTGAGACCCTGTCTCACAAAAAAAAGAAGGAAAGAGAAA"
"GL873521","21714364","21714489","chr15","78802491","78802611","29","57088127","GGCTGGGTACCCTGGCTAGACACCTGTAATTCTAGCACTCCAGGAGGCTGAAACAGGTGGATTTCTTGAGCTCAGGAGTTCAAGACCAGCCTGTCCAAGACCAAGACCACAATTCTGTCTCTACTT","GGCTGGGTACAGTGGCTCACACCTGTAATCCCAGCACTTTGGGAGGTGGAGGCAGGAGGATCACTTGAACTCAGGAGTTCAAGACCAGCCTGGCCAACATGGCGAAACTCCGTCTCTACAA"
"GL873521","21743555","21743631","chr10","20213332","20213405","25","1530223","TATAGGGTGTGGCGGCAAGTGTGTATAGTACTAGCTACTTAAAGAGGTTGAGATGGGAGGATTGCTTGAGCTAAGGA","CCAGGTGTGATGGTGCATGCCTGTGGTCTCAGCTACTTTGGAGGCTGAGGTGGGAGGATTGTTTGAGTGGAGGT"
"GL873521","21743658","21743767","chr10","43292583","43292692","28","21548925","CAATGGTTTGTGCTTGTAATCCAGCACTTTGGGAAACAAAGGAGAAAGGATTAATTGAGACCAGGAGTTCAAAATCAGCCTGGGCAACATAAAGAGACCCTGTCTCTATG","GCGGTGGTTCAGCCTGTAATCCCCGCACTTTGGGAAGCTAAAGCAGGAAAATCACTTGAGCCCAGGAGTTCAAGACCAGCCTGAGCAACATAGTGATACCCCTGTTTCTA"
"GL873521","21994326","21994402","chr3","183523015","183523100","19","161528689","GGCATTGTGACTCACACCTATAATTCTAGCACTTTGGGAGGCTGAGGTGGGAAGACCACGAGCACAGGTTCAAGACC","GACTGGGGGCAGTGGCTCAAACCTGTAATCCTAGCACTTTGGGAGGCTGAGGTGGGAGGACCACCTGAGCTCAGGAGTTCAAGACC"
"GL873521","22568894","22569013","chr7","21219168","21219276","37","1349726","TACGTTGTGGTGGCTAGTCCCAAACTACTCAGCTACTCAGGAGTTTGAGGTTGCAGTAAGCTGTGAGGTTGCATTGCACGACAGATTGTGCAACAGAGCGAGACCCTATCTCGAAAAAAA","GGCTGAGGTGGGATAATCACTTGAGCCCGGAAAGTTGAGGTTGCAGTGAGCCATGACTCGGCACTGCACTCCAGCCTGGGCAACAGAGCCAGACCCTATCTCAAAAAAA"
"GL873521","22569034","22569129","chr15","57106062","57106161","19","34537028","CAGGCATGGTGGCTCACACCTGTAATCATAGCACTTTGGGAGACCAGGAGTTCAAGACCATGCTGGGCAACATGGCGAGACCTTGTCTCTACCAAA","GGCCAGGCATGGTGGCTCACTCCTATAATCACAGCACTTTGGTAGGCCATGAATTCAAGACCAGCCTGGGCAACATAGTGTAACCCTGTCTCTACGAAAA"
"GL873521","23082461","23082581","chr19","17007875","17007987","43","6074586","AAAATACACAGAGTACCCAGGCATGGTGGTGCATGCCTCCAGTCCCAGCTACAGGTGAGACTAAGACTAAAGGATGCCTTCAGCTCAAGACTTTGAAGCTGGCCTAGGCAACAACAAGACC","ACAATGTAGCTATGGCATGGTGGTGCCTGCCTGTTGTCCCAGCTACTTGGGAGGCTGAGATGGGAGGATTGCATGAGCCCAAGAGTTCAAGGCTGCTGTGAGCTACAATCACG"
"GL873521","23326932","23327034","chr1","153330637","153330743","26","130003705","GACTGGGTATGGTGGCATATGCCTGTAAACCCAGCACTCTGGGAGGCTGTGGCGGGTGGACCAGCCTGAGACCAGCTTGAGAAAGAATAAGACTCTGTCTCTA","GGCTGGGTGTGATGGCTCATGCCTGTAATCCTAGCACTTTGGGAGGCTGAGGCAGGTGGATCACTTGAGCCCAGGAGTTTGGGCAACATGACAGAACCCTGTCTCTA"
"GL873521","23327057","23327213","chr6","85247800","85247964","38","61920743","CCAGACATTGTGACACATGCCTATAGTCCTACTTGGGAGGCTGAGGCAAGAGGATGTCTTGTGCCCAAGAGTTTGAGGTTGCTGTGAGCTATGATACCATAGCACTCTAGTGGGGGGCAAGAAAGTGAGACACTGTCTCAAAAAAAAAAAAAAAAAA","CCAGGCATTGTGGCACATGTGTGTAGTCCCAGCTATTTGGGAGGCTGAGGCAGGAGGATCCTTTGAGCCCAGGAGTTTGAGGCTTCAGTGAGCTGTGATTGGACCACTACACTCTGGCCTGGGCAACAGAGAAAGACCCTGTCTCAAAAAGAAAAAGAAAAAGAA"
"GL873521","23553294","23553452","chr8","101101478","101101641","53","77548184","AAAATAAAGTTAGCTAGACACAGCTTTGGGCACCTGCAGTCCCAGTTACTTGGAGGTTGAGGCAAGAGGATTGTTTGAGCCTAGAGGTTTGAGGATATGGTTTGCTGTAGTTCTACCTGTGAGTAGCCACTGTTCTCCAGCCAGGACACCAGCGCAAGA","AAAAAGACACCAAGTAGCCAGGTGTGGTGCTGCAGGCCTGCAGTCCCAGCTACTTGGGAGGCTGAGGCAGGAGGATTGCTTGAACCCAGGAGTTCAAGACTTCAGTATGCCATAATCGCACCTATGAATAGTCACTGCACTCCAGCCTGGGCGACATAACAAAA"
"GL873521","24165831","24166009","chrX","9218405","9218573","51","14947426","GGCCAGGCACAGCAGCTCACACCCATAATCCTAACACTCTGAGAGACCAAGGTGTATAGATTACCTGAGCTCAGGAGTTGGAGACCACCCTGAGCAAGAGTAAGACCCCCATCTCTACAAAAAAAAAAAAAAAATAGAAAAACTAGCCAGGTGTTGTGGTGGGTACTTACAGTGCCAAC","GGCCAGGCGCAGTGCCTCACACCTGTAATCCCAGCACTTTGGGAGGCCGAGGCGGGTGGATCACTTGAGCTCAGGAGTTTGAGACCAGCCTGAGCAACATGGCAAAACCTCACCTCTACAAAAAAAATACAAAAATTAACCAGGCATGGTGGCAGGCACCTGTAGTCTC"
"GL873521","24270646","24270916","chr8","27224878","27225151","68","2954232","GGCCAGGCACGGTGGCTCACACCTGAATCCTAGCTGGCATTCTGGAAGGCCGAGGTGGGTGGATCACCTGACCTCAGGAGTTCAAGACCATCCTGAGCAAGAGTGAGATGAAACCTCATCTCTAAAAATAGCTAGGCATTGTGGTGGGCACCAGTAGTCCCAGCTACTAGGGAGGCTGAAGCAAGAGGATCACTTGAGTCTAAGAGTTAGACGTTGCTGTGAGCAGTGACGCCACAGCACTCTACCCAGGGCAACAAAGTGAGACTGTCTC","GGCCAGGTGCAGTGGCTCACACCTGTAATCCTAGCCCTTAGGAGGCTGAGGTGGGAGGATCACTTGAGCTCAGGAGTTCAAGACCAGCCTGGGCAATATGGTGAAACCCTGTCTCTACGAAAAATTAGCCGGGCATGGTGGCGCATGCCTGTAGTCCCAGCTACTCAGGAGGCTGAGGTGGGAGGATCATTTGAGCCCAGGAGGCGGAAGTTGCAGTGAGCCAAGATTGCACCACCGTACTCCAGCCTGGGCAACAAGTGAGATCCTGTCTCAA"
"GL873521","24618820","24618994","chr8","68458893","68459071","47","43840073","TCCTAGCACTCTGGGGGGCCGAGGTGGTAGGATCACTTGAACTAGAGTTCAAGACCACCCTGAACAAAAATCACACCCTGTCTGTACTAAAAATAGAAAAATTAGCCAGGCATTATAGTGCATGCCTGTAGTCCCAGCTACCTGGTAGGCTGAGGCAGATCCTCTAGCCCAGGGG","CCCAGCACTTTGGGAGGCTGAGATGGGTGGATCACTTGAGCCCAGGAGTTCAAGACCAGCCTGGGCAACATGACGAAACTCTGTCTTTACAAAAAATACAAAAATGAACCAGGCATGGTGGTGCATGCCTGTAGACCCAGTACTTGGGAGGCTGAGGTGGGAGGATCCCTTGATCCTGA"
"GL873521","24626746","24626855","chr1","205148842","205148953","29","180522096","AAAGAATGACAAAAATTCAGATATGGTGGTATGCACCTATAGTCAGTCACAGCTACTGGGGAGGCTGAGGTGGGAGGCTTTCTTGAGCCCAGGAGGTTGAGTCTAGCAAT","AAAAAGTACAAAGAATTAGCCAGGTGTGGTGGTGCGTGCCTATAGTTCCAGCTACTTGGGAGGCTGAGGTGGGAGGATTGCTTGAGTCCAGGAGTTGGAGGCTGCAGTGAAA"
"GL873521","24781755","24782037","chr5","139301937","139302217","85","114520182","GACCAGGTGTGGTGGCTCACACCTATTAGCCTAGCACTCTTGGCAGCTGAGGCAGGAGGATTCACTCAGAACTTCAAGAGTTAAACCCATGCCTCTACTAAAAATAAGAAAAAAATCAGTCCAGAGTATCATGGTGGGCACTTGCAGTCCCAGCTACTCGCAATGCTGAGGAAGAAGGATAGCTTGAGCCTAGGAGTTTGAGGTTGCTGTAGGCTGGATTTTTGTCATGGCATGCTAGTCTTGGCAACAGAGTGAGACTCTGGGGGAAAAAAAAAAGGAAAAA","GGCTGGGTGCGGTGGCTCACACCTGTAATCCCAGCACTTTGGGAAGCTGAGGCCAGAGGATGGCTTGAGCTCAGGAGTTTGAGTTGAAACCCTGTCTCTACAAAAAATACAAAAATTAGCTGGGTGTGGTGGTGCACACCTGTGGTCCCAGCTACTTGGAAGTGTGGGGTGGGAGGATTGGTTGAGCCCAGGAGGTTGAGGCTGCAGTGAGCCATGATCGTGCCACTGTACTCCCGCCTGGGTGACAGAATGAGACCCTGTCTCAAAAAAAAAAAAAAAAA"
"GL873521","24969692","24969970","chr5","91805199","91805483","78","66835507","GGCTGGATGCAGTGGCTCACACCTATAAACCTAGCACTCTGGAAGGCCACAGTGGGAGAATGGCTCGAGTTCAGGATTTTGAGAGTAGCCTGAGCAAGAGCAAGACCACATCTCTACTAAAAATATAAAAATTAGCAGGAAGTCTTGCTGAATGCATCATCTCAACTGCTCTGGAGGATGAGGCAAGAGGATTGCTTGAACTCAAGAGTTGAGGTTGTGGTGAGCGAGACTGAATCCATAGCACTCTACCCCAGGCAACAGAGCAAGACTTTGTTGAAA","GACTGGGTGCAATGGTTCACATCTGTAATCCCAGCACTTTGGGAGGCCAAGGTGGGAGGATGGCTTGAGCCCAGAAGTTCAAGACCAGCCTGAGCTACATGGCAAAACCCTGTCTCTACAAAAAATGTAAAAATGAGCCAGGCATGGTGGTGCATGCCTATGGTCCCAGCTACTCAGGAGGCTGAGGCAGGAGGATCGCACTAATCTAGGAGATGGAGGCTGCAGTAAGCCGAGATTGAGTCATTGCACTCCAGCCTGGGCGAAAGAGCCAGACTCTGTCTCAAA"
"GL873521","24970004","24970019","chr3","153804291","153804307","1","128834287","AAAACAAAACAAAAAA","CAAAACAAAACAAAAAA"
"GL873521","25391954","25392209","chr7","3491054","3491312","81","21900900","CCTAGTGCAGTGGCTCACACCTGTAATCCTGGAGGCTGAAGCAGATGGATTGCTTTGAGTTCCTGCCTAAATAAAAGTGGGAATCTACTATAGCAAAATTAGCTGGGCGTTATGGTGGGTACTTGTGGTCCCAGCTACTCAGGACGCTGAGGCAGGAGGATTGCTTGAACCAAGGAATTTGAGGTTGTTATGAGCTATGATGATGCCATGGCACTCTACCCAGGCCACAGAGTAAGATTTGGTCTCCAAAAAAAAA","GGCCAGGTGCGGTAGCTCACATCTGCAATCCCAGCACTTTGGGAGGCTGAAGCTAGAGGATCACTTGAGTCTTGTCTCTACAAAAAAAATCAAAAAATTAGCCAGGGCATGGTGGTGCATGCCTGTAGTCCCAGCTACTCGGGAGGCTGAGGCAGGAGGATCACTTGAGCCCAGGAGGTTGAGGCTGCAGTGAGCTGTGACTGTACCACTGCACTCCAACCTGGGCAACAGAGTGAGACCCTGTCTCAAAAAATAATAA"
"GL873521","25453333","25453646","chr22","29946204","29946503","77","4492871","GCCGGGTACAGAGGTGCATTTACCTGTAATCCTAGCACTTTGGGAGGGTAGGGTAGGAGGATGGCTTGGGGCCAGTAGTTCAAGACCAGCCTGAACAATCTAGTGTGACCTCGTCTCCACAAAATATAGAAAAATTAGCCAGGCATGGTGGTGGGCACTTGTATTCTCAGCTTCTCAGGAAGCTGAGGCAGGAGGATCTTTTGAGGCTGGAAGGTTGAGGTTGCATTGTTGAGATTGCACTGAGCTGTGATGACACCACTGCACTCTAGCCCTGGCAACAGAGTGAGATCCTAATTTAAAAAAAAAAAAAAAAA","GCTGGGCGTGGTGGCTCCTTCCTGTAATCCCAGCACTTTGGGAGGCCAAGGCTGGAGGATCACCTGAGTCCAGGAGTTTAAGACCAGCCTGGGCAACATAGGGAGACCCTGTCTCTACAAAAAATAAAAAATTAGCCAGGCATGGTGGTGTGCACCTGTAGTCCCAGCTACTCAGGAGGCTGAGGCAGGAGGATCTCTTGAGCCTGGGAGGTCAGACTACAGTGAGCAATGATTGTGCCACTGCACTCCAGCCTGGGTGACAGAGTAAGACTCTGTCTCTTAAAAAAAAAAAAAAAAAAA"
"GL873521","25473197","25473312","chr11","64318421","64318538","25","38845224","GGGCATGGTAACTCACTCCTATAATCCCAGCAGTTTGAGAGGCCAAGGCTGGAGGATCACTTAAGGCTAGGAGTTCATGACTGGTCAGGGCAACATAGTAAGACTTATTCTCTACA","CCAGGCATGGTGGCTCACACCTATAATCCCAGCACTTTGGAAGGCCAAGGCGGGAGGATCCCTTGAGGCCAGGAGTTTGAGACCAGCCTGGGCAACATAGCAAGACTCCGTCTCCACA"
"GL873521","25473339","25473487","chr1","35894728","35894879","40","10421389","AAGAATTAGCTAGGCATAGTGGTGCGCAGCTGTAGTTCCAAGTACTTGGGAGGTTAAAGACCATGTGAGCGCAGGAGTTCAAGGCTACAGTGAGCTGTGATCATGCCACTGCACTCTGGCCTGGGTGACAGAGTCTGTGTCATAAAAAA","AAAAATTAGCCAGGCATGGTGGCACATGCCTGTGGTCCCAGATACTTGGGAGGCTGAAGTGGGAGGATCACTTGAGCCCAGGAGATCAAGGCTGCAATGAGCCATGATCATGCCACTGCACTCCAGCCTGGGCAACCCTGTCTTTAAAAAAA"
"GL873521","25493130","25493293","chr4","75562087","75562252","41","50068957","CTTAGAGTTGTGGTGGGCTCCTGTACTCCCAGCTACCCAGGAGGTGAGGCTGAGGCAGGTGGATCACTTGAACCCAGGTATGTGAGGTTGCTGAGAGCTAGGATGACACACAGCACTCTAGCCTGGTGACAGAGTGAGTCTATGTCTCTAAATAAATAAATAAA","TTAGCTGGGTGTGGTGGCATGCACCTGTAGTCCCAGCTACTTAGGAGGCTGAGGCAAGAGGATCACTTTAGCCCAGGAGGTGGAGGTTGCAGTGAGCTGAAATCATACCACTGCACTCCAGCCAGGGTGACAGAGTGAGACCTTGTCTCAAAAATAAATAAATAAA"
"GL873521","25493320","25493467","chr9","31337596","31337743","33","5844276","GACTGGGCTTGGTGGCTCATGCCTGTAATCCTAGCATTCTGGGAAGCTGAGGCAGGAGAATCACTTGAGGTCAGGAGTTCAAGACCAGACTGAGCAAGAGTGAGATCTTGCCTCTACTAAAAAAATATATATTTTTAAAAAATAATGC","GCTGGGTGTGGTGGCTCACACCTGTAATCCTAGTGATTCAGGAGGCTGAGGCAGAAGGATCACTTGAGGTCAGGAGTTTGAGAGCAGACTGAGCAACAGAGTGAGACCCCCTCTCTAAGAAAAAAATATTAAAAAAAAAAACAACCGC"
"GL873521","25793453","25793728","chr15","82250472","82250741","88","56457019","CAGGTATGGTGGCTCACACCTGTAATCCCAGCACTTCGGGAGGCCAGGAGGTGGGGGAGAGGCTCTCTTGAAGCCAGGAGTTCCTGACCAGCCAAGCAACAGGCGAAACCTTATCTCTACAAAATATTAAAGAAAAAAGGAAATTAGCCAGGTATAGCAGTAGACATCCATAATTCCAGATACTGTCGTGGCTAGGACAGGAAGATCACCTGTGATTGTGCCACTGCATCCCAACTTGCCAAAAAAGCAAGATGCTGTCTCTATAAAAGAAAACTA","GCCGGGCACGGTGGCTTATGCCTGTAATCCCAGCACTTTGGGAGGCCGAGGCAGGAGAATCGCTTGAGCCCGGGAGTTTGAGACCAGCCTGGGCAACATGGTGAAACCAAGTCTCTACAAAAAAATACAAAAAAATTAGCCAGGTGTCGTGGTGCACGTCTGTAGTCCCAGCCACTCCTGGGAGGTCGAGGCTGCAGTGAGCTGTGATCGTGCCACTGCACTCCAGCCTGGGGAACAGAGTGAGACCCCGTCTCAAAAAATAAAAAAAAA"
"GL873521","25946379","25946540","chr16","48668108","48668267","54","22721729","GTTGAGGCAGGATTTCTTGAGGCTGGGAGTTGGAGACCAGCCTGAAAAACATGTTGATACCATTGCTACAGAAATTAGAAGAGTTAGCTGGGTATAGTGGTGCATCCCTGTAGTTCCAACTACTAGGGATGCTGAGGCAGGAGGGTCACGTAAGCCCAGGAG","GTGGGAGGATTTCTTGATCCCAGGGGTTCAAGACCAACCTGGGCAACATAGTGAGACCCTGTGTATACTGAACAAAAACAATTTTTCAGGCATGGTGGCACACACCTGTAGTCCGAGCTATTCGAGAAGCTGAGATGGGAGGATCCCTTGAGCCCGGGAG"
"GL873521","25955927","25956105","chr3","43378154","43378339","50","17422227","AAAAAATAGAAAAATTAGCCATGTGCAGTGGCATGTGCCTATAGTTCCACCACTGTAGGGGCTGAGGTAGGAGGATCCCTTAAGACCAGGACTTTGAGATTGCTGTGAGTTATGACATCACTGCTGTCTGGTTGGGTGACAAAGGGAGACTTTGCCTCAAAAAAGGGAAGAAAGAAAAA","AAAAATACAAAAATTAGCCGGGCATGTTGGCATGTGCCTGTGGTCCCAGCTACTCCAGAGGCTGAGGTGGGAGGATCACTGGAGCCCGGGAAGTTGAGGCTGCAGTGAGCTGTGATCACACCACTGCACTCCAGCCTGGGTGACAGAGTGAGACCCTGTCTCAAAAAAAAAAAAAAAAAAAAAAAA"
"GL873521","26298260","26298339","chr4","95794331","95794409","18","69496071","GGCTGGGTGCATCAGCTTATGCCTGTAATCCCAGTACTTTAGGAGGTTGAGGTAAGAGGATCACTTAAGAACAGGAATCC","GGCTAGGTGCAGTGGCTTACACCTGTAATCCCAGCACTTTGGGAGGCCGAGGCAGGAGGATCACTTGAGCCCAGGAGTT"
"GL873521","26307582","26307851","chr5","152032216","152032514","85","125724634","GCTGGGCATAGTGGCTCACACCTACACTCTTAGAGGCCAGGGCAGATGAATTATTTGAGCTTGGGAGACCAGACTGAGCATGAGTGAGATCCTGTTCCTACTAAAAATAGAAAAATTAATTGGGTGTTGTGCCTGTAGTCCCAGCTACTTGGAAGGCTGAGGCAAGAGGATCACTTGAGCCCAAAAGACTGAAGTTCTAATGCCAAACATGCTACTCAGAGGGACAGAATGAGACTCTGTCTCAAAAATAAATAAATAAATAAATAAATA","GGCTGGGCACAGTGACTCACACCTATAATCCCAGCACTTTGTGAGGCTGAGGCAGGCAGATTATTTGAGCCCCTGAGGTCAAGACCATCCTGGGCAACATGGCAAAACCTCATCTCTACAAAAAATACAAAAATTAGTTGGGTGTGGTGGCATACGCCTATAGTCCCAGCTCCTCAGGAGGCTGAGGTAGGAGGATGGTTTGAGCCCAGGAGATGGAGGTTGATCATGCCACTGCTCTCCAGACTGGGCAACAGAATGAGACTCTGTCTCACAAAAAATGAAACAGAATAAAATAAAAA"
"GL873521","26951040","26951317","chr17","16672309","16672598","75","10278731","TGGCTTACACCTGTAATCCTAGCACTCTGAGAGGAGTGAGGCAGATTGCTTGAGCTTAGGAGTTTAAGACCAGCCTGAGCAAGAAAGATCCCATTTTTACTAAAATAGAAAACTAGCCAGGGGTGGTGGCCTATGTCTGTAGTCCCAGCTACTCGGTAGGCTAAGGCAAGAGGATTGCTCAAACCCAAGAGTTTGAGATTGCTGTGAGTTCTGGTGCCATGACACTCTATCCAGGGTAACAGAGTGAGACTTTGTCTAAAAAAGAAATAAAATAGGTG","GTGGCTCACACCTGTAATCTCAGCACTTTGGGAGGCTGAGGCGGGAGGATCACTTGAGCCCAGGAGTTTGAGACCAGCCTGAGCAACATAGTAGGCTCCTGTCTCTACAAAAAAATACAAAAATTAGCTGGTACTGGTGGCATGTGCCTGTAGTCCCAGCTACTCAGGAGGCTAAGGCAGGAGAATCGCTTGAGCCCAGGAGGTTGAGGCTGCTATGAGCTGTGATGGCACCACTGCACTCCAGCCTGGGTGACAGAGTGAGACCTGGTCTCAAAAAGAAAAAAAAAAAA"
"GL873521","26951542","26951557","chr3","53948633","53948648","1","26997091","AAAAGAAAGAAAGAAA","GAAAGAAAGAAAGAAA"
"GL873521","27061553","27061681","chr3","122788793","122788920","26","95727240","GGCCACGCACAGTGGCTCATGCCTTTAATCCTAGCTTTCTGTGGAGGCCAAAGCAAATGGATCACTTGAACTCAGGAGTTCAAGACCAGCCTGAGCAAGAGCAAGACCCCATCTCTACTAAAAATAGAA","GGCCAGGCACTGTGGCTCATGCCTGCAATCCCAGCACTTTGGGAGGCCAAGGCAAGAGGATTGTTTGAGCCCAGGAATTCAAGACCAGCCTGGGCAACTCAGGAAGACCCCATCTCTACAAAAAACAA"
"GL873521","27061706","27061860","chr8","96136998","96137163","44","69075292","TAGCTTGGCATTGTGGTAGGCACTGGCAGTCCCAGTTACTTCGGAGGCTAAAACAAGAAGGATTGCTTGAATCCAGTGAGGTTGCTGTGAGCTATAATGTCATGGCACTTCTCCCCAGGGCAACAGAATGAGACTATCTCAAAAAAACAAATAAA","TTTAGCTGGGAAGGTTGGCACGCACCTGCAGTCCCAGCTACTTGGGAGGCTGAGACTGGAGGATTGCTTGAGCCCGAGAGGTCGAGGTGGCAGTGAGCCATAATCACACCACTGTACTCCAGCCTGGGTAACAGAATGAGACTCTGTCTCAAAACAAACAAACAAA"
"GL873521","27073730","27073910","chr1","68095575","68095737","50","41021845","GAGCAGCCTGAGCAGCTAGGGTACTGCTCCCTGCCTCTAGTCCCAGCTACTTGAGGGGCTAAGGCAGGAGGATTGTTTGAGCCCAGGAGCCCAGGAGTTTGAGATTGATGTGAACTAGGCTGATGCCATGGCACTCTAAACTGGGCAACAGAGTAAGACTCTATCTTAAAAAAACAAAAAA","TTAGCCCTGCATGGTGGCACATGCCTGTAGTCCCAGCTATTTGGGAGGCTAAGGCAGGGGGATGGTTGGAGCCCAGGAGGCAGAGGTTGCAGTAAGCTGAGACTGAGCCATTGCACTGCAGCCTGGGTGACAGAGTGAGACTCTGTCTCAAAAAAAAAAAAAA"
"GL873521","27074182","27074275","chr19","50666183","50666279","26","23592001","GCTGGGTACTGTGGCTCAAGCATGTAATCATAGCACTCTTGAGGCCAAAGTTTGGAGGATCCCTGAAGCTCCAGAGTTTAAATGCAGCTTGAGT","GGCTGGGCTCTGTGGCTCATGCCTGTAATCCCAGCACTTTGGGAGGCCGAAGTGGGAGGATCACTTGAGTCCAGCAGTTTGAGAGCAGCCTGGGCAA"
"GL873521","27115551","27115853","chrX","48006439","48006741","74","20890888","GGCCAGGTGTGGTGGCTCCTGTAATCCTATCACTATGGGAGGCCAAGGTGGGTGGATTGCTTGAGCTCAGGAGTTGGAGACTAGCCTAGGCAAGAGTGAGATCCCGTATCTACTAAATAGAAAAACTAACCAGGTTCCAGGTGCCTGTAGTCCCAGATTCTTGGGAGGCTGAGGCAAGAGGATCACTTAAGGTCAGGAGTTTAAGGTTGCTGTGAGCTATGATGTCATAGCACTCTACCCAGGGTGACAGAGTGAGACTCTATCTCAAACAAACAAACAAACAAAACAAAAACAACAAAAAAA","GGCTGGGCTCAGTGGCTCACGCCTGTAATTCCAGCACTTTGGGAGGCCAAGGTGGGCGGACTGCTTGAGCTCAGGAGTTCGAGACCAGCCTGGGAAACATGGCGAAACCCCATCTCTTAAAAAAAAAAAATTATCTGGGTGGCAGGAGCCTGTAGTCCCAGCTACTTGGGAGGCTGAGGTAGGAGGATCACCTGAGCCCGGGAGGTCAAGGCTGCAGTGAGCCATGATCGTGCCACTGCACTCCATCCTGGGTGACAGAGTGAGACCCTGTCTAAAAAAAAAAAGAAAAAAGAAAAAAAGAAA"
"GL873521","3621655","3621735","chr19","38588582","38588671","29","34966927","AAACCCCCCAGAAAATTAGCTGTAGTCCAGCTACTTGGGAGGGTGAGGCAGGATTGCTTGAACTCAGGAGGCTGAGGTTGC","TTAGCCAGGTGTGGTTGTGCACGCCAGTAGTCCTAGCTACTCAGGAGGCTGAGGCAGGAGGATTGCTTGAGCCCAGGAGTTTGAGGCTGC"
"GL873521","3642385","3642519","chr4","190118736","190118870","25","186476351","GGCTGGGTGAGGTGGCTCACACCTGTAATCCCAGCACTCTGGGAGGCCAACAGGGATGGAGCACCTGAGCTCAGGAGCTTGTGCCCAGCTTGAGCAAGAGTGAGACCTCATCTCTGTTAAAAACAGAAAAAAAAA","GGCTGGGTGCAGTGGCTCACACCTGTAATCCCAGCACTTTGGGAGGCCAAGGTGGGAGGATCACTTGAGCTCAGGAATTCGAGACCAGCCTGGGCAACATAATGAGACTGCATCTCTGTAAAAAAAAAAAAAAAA"
"GL873521","3642815","3642983","chr6","117522072","117522244","43","113879257","AAAAAAACTAGCCAGGCATTGTGGCGAGTGCCTGTAGTCCCAGCTACTCGGGAGGCGGAGGCAAGAGGAGTGCTTAATCCCAAGAGTTTGAGGTTGCTGTAAGCTATGACACTCATTCTACTCAGGGTAACAAAGTGAGACTCTGTCTCAAAAGGAAAAAAGAAAGAGA","TAAAAAAATTAGCCAGATGTGGTGGCATGTGCCTGTAGTTCCAGCTACTCGGGAGGCTGAGGCAGGAGGATTGCTTGAGCTCAGGAGTTCGAGGCTGCAGTGAGCTATAATTGTGCCACTGCACTCTAGCCTGGGTGACACAGTGAGACCTTGTCTTTAAAAAAAAAAAAAAA"
"GL873521","3668981","3669096","chr1","92774326","92774442","25","89105345","GGCTAGGCTCAGTGGCTCATGCCTATAATCCTAGCACTCTGGGAGGCTGAGACAGGTGGAGTGCCTACGTTCAGAAGTTTGAGACCAACCTGGGGAAGAGTGAGACCCTTGTCTCT","GGCCAGGCGCAGTGGCTCACACCTGTAATTCTAGCACTCTGGGAGGCAGAGGCAGGCAGACTGCTTGAGCTCAGGAGTTCGAGACTACCCTGGGCCACACAGTGAGACTTTGTCTCT"
"GL873521","3669118","3669287","chr19","44556029","44556196","40","40886911","GCCTAGCCATGCATTATGGTGGGCACCTGTAATCCCAGCTACTTGAGTGGCTGAGACAGGAGGATTGCTTGGGCCCAGGTGTTTGAAATTGTCGTGAGCTATGACAACACTATAGCACTCAACCCAGGGCACAGAGTGAGACCCTGTCTCAAAAAAAATAATAAATAAAA","TTAGCTGGGCACGGTGGTGTGCACCTATACTCCCAGCTACTCTGGAGGCTGAGACAGGAGGATTGCTTGAGCCCAGGAGTTCAAGACTGCAGTGAGCTAGGATCGCACCATTGCACTCCAGCCTGGGCAACAGAGTGAGGCCCTGTCTCTAATAATAGTAAAAAAAAA"
"GL873521","3669631","3669737","chrX","25092369","25092466","29","21422738","GGTTAGGCATGGTGGCTTACACATGTAATCCCAGCACTTTCAGAGGCTGAAGTAGGAGGATCTCTCAAGAGACCATCAGAGGGAGACCCTGTCCTTATAAATAATTA","GGGTGTGGCGGCTCAAACCTGTAATCCCAGCACTCTGTGAGGCTGAGGCAGGAGGATCGCCTGGGCAATATAGTGAAACCCTGTCTGTATTAATAATA"
"GL873521","3670024","3670183","chr1","26355033","26355200","40","22685009","TTGGTTGGGTGTGGTAGCACTTGCCAATAGTCTTAGCTACTTGGGAGGCTGAGGCAGGAGGATCCCTTGAGCCCAGGAGTTCAAAGTTGTAGTGAGCTGTAGTAGGGCCACTATAGGGTAAAAGAGTAAAATCCTGTCTCAAAAAAAAAAAAAAAAAAAA","AACTAGCTGGGTGTGGCGGCGTGTGCCTGTAGTCCCAGCTACTTGGGAGGCTGAGGCAGGAGGATCACTTGAGCCCAGGAGTTCAAGGCTGCAGTGAGCTAAGATCATACCACTGCACTCCAGCCTGGGTAATAGAGTGAGATCCTGTCTCAAAAAAAAAAAAAAAAA"
"GL873521","3713060","3713213","chr16","52591348","52591478","53","48878288","ACTAAAATTGTAAAGCCTAAGCTGGGTGTCATGGTGCACACCTGGAGATCCAGCTCCTCGGAGGCAGAGACAGGAGGATCTCTTGAACCCCAAAATTTGAACACAGTGCGACAACATAATGAGACCCACCTCTTACAAAAAATTACAAAGACTA","GCTGAGTGTGGTGGTGTGTGCCTATAATTCCAGCTACTCAGGAGGCTGAGGCAGGAGGATCACTTGAGCCCAGGAGTTTGAGACCAGCCTGGGCAACACAGTGAGACCCCATCTCAAAAAATTAAACATTA"
"GL873521","3858021","3858181","chr15","40727742","40727900","45","36869721","GGAAAAATTAGCTCAGCATTGTGGTGGGTGCCAATAGTCCTAGTTACTGGGGGGGTGGAGGGTTGAGGCAGGAGCTTGAGCTCAGGAGTTTGAGGTTGCTGCGAGCAAGGCTCATGCCATGGCACACTAGCCTGGACAACAGAGTGAGAGTCTGTCTCAAA","TTTAAAAATTAGCCAGGCATGGTGGTGACCACCTGTAGTCCTAGCTATTCAGGAGGCTGAGGCAGAAAGATTGCCTGAGCTCAGGAGTTTGAGGTTACAGAGAACTCTGATCATGCCACTGCACTGCAGCCTGGGCAACAGAGTGAGACTCTGTCTCAA"
"GL873521","3858456","3858567","chr17","26390105","26390216","27","22531649","GGTTGGATGCAGTGACTCACGTTTATAATCCTAGCACTCTGGGGAGCAGAGGCAGGAGGATCCCTTGAGCTTAGGAGCAAGACCCCATCTCTACTAAAAAATGGAAAAATTA","GGCCGGATGCAGTGGCTCACGCCTGTAATCCCAGCACTTTGGGAGATGGAGGTGGGAGGATCGCTTGAGGCTAGGGGTTCGAGACCACATCTTTACAAAAAATTTAAAATTA"
"GL873521","3958462","3958555","chr3","156881552","156881648","15","152923090","GGCCAAGTGTGGTGGCTCACGCCTGTAATCCCAGCACTCTGGGAGGCTGAGGCAGAGAATCACTGGAGCGCAAGAGTTTGAGACTAGCTTGAGC","GGCCAGTTGTGGTGGCTCACACCTGTAATCCTAGCACTCTGGGAGGCTGAGGCTGGAGGATCACTTGAGCTCAGGAGTTTGAGACCAGCCTGGGCAA"
"GL873521","4004289","4004415","chr2A","53135817","53135938","36","49131528","GCCGGGCGCGGTGGCTGACACCTGTAACCGAGCACTTTGGGAGGCATCTGTAGGAGGATCGCTTGAGGCCAGGGATTGGAGACCTCCCGCCCTACAAATGATTTTAAAATAAACTGCTTATGCTGGG","GCCAGGTACAGTGGCTGACATCTGTAATCCCAGCACTTTGGGAGGCTGAAGTGGGAGGATCACTTGAGGCCTGGAGCTTGAGACCAGCCTTGTCAACATAGTGAGATTAAAAAATTAGCTGG"
"GL873521","4004664","4004811","chr5","141173286","141173416","45","137168622","CTGCTTATGCTGGAGGACCCTCACCCCACCCCACCCCCACACACACCTTGTGCTCCTGACTTGGAGACTGCAGTGAACTATGATCAGGCCGCTGCCCTCCAGCGTGAGCGACAGAGCATGACCCTGTCAAAAAAAAAAAAAAAAAAAA","CTACTTGGGAGGCTGACCCACGAGAATCACTTGAACCTGGGAGGTAGGCTGCAGTGAGCTAAGATCACACCACTGCACTCCAGCCTGGGCAACAGAGCAAGACTCTGTCTCAAAAAAAAAAAAAAAAAAAA"
"GL873521","4367979","4368038","chr4","148843957","148844014","16","144475978","GGGCCCGGATAATGGCTCTAATCCCAGCTACTTGGGAGGCTGGGGCAGAAGGATCGCTTG","GCAATGGTACATGCCTATAATCCCAGCCCTTTGGGAGGCTGAGGCAGGAGGATCACTT"
"GL873521","4416492","4416644","chr15","38442496","38442652","39","34026004","GACAAAAATTAGATGGGCGTGGGGCTGTAGTTCCAACTACTCTGGAGGCTGAGGCAGGAGGGTTGCTTCAGCCCAGGAGTTTGCGGTTGTAGTGAGCTATAATGATTCCACTGCACTATAGCATGGTGACAGAGTAAGACTGTATCTCAAAAA","TTAGCCAGATATGGTGGTGCATGCCTGTAGTCCCAGTTACTTGGGAGGCTGAGGCGGGAGGATTGCTTGAGCCCAGGAGTTTGAGGCTGTGGTGAGCTATGATTGTGCCACTGCACTCCAGCATGGGTAACAGAGCAAGACCCTATCTCTTTAAAAA"
"GL873521","4416915","4417046","chr12","122239412","122239544","30","117822497","GCCTGGTACAGTGGCTCACAGCTGTAATTCTACCACTCTGGCAGACTGAGGCAGGAGTATAGCTTGAGGTCAGGAGTTAGAGAGCAGCCTGAGCAAAAGTGAGACCCTCTATTAAAAATAGAAGAATTAGGG","GGCTGAGCACGGTGGCTCATACCTGTAATCCTAGCACTTTGGGAGGCTGAGGCGGGAGGATTGCTTGAGGCCAGGAGTTTGAGACCAGCCTGGGCAACATAGTGAGACCCCATCTCTAAAAAAAAAAAAATTA"
"GL873521","4508052","4508216","chr1","180937305","180937458","45","176429253","CGCCAAAATAGCCACGTATGGTTGTGTGCACCTATAGTCCCAGCTATTTCAGAGGCGGAGACCATAAGACCACTTGCACCCAGGAATTTGAGGATACAGCAAGCTGTGATCATGCCACTGCACTCCACTCCAAGCCACAGACTGAGGCCTTGTCTCTTAAAAAAA","GCAAGCCAGGTGTGGTGGCATTTGCCTATAGTCCCAGCTATGTCAAAGGCTGAGACAAAAGTATCACTTGAACCCAAGAGTTAGAGGTTACAGTGAGCTATGATCGCACCACTGCACTCCAGCCTAGGCAACAGAATGAGACCCTGTCTCTAAA"
"GL873521","4508241","4508340","chr4","142826785","142826889","25","138318544","CCAGGTGCCATGGCTTATGCCTGTAATCCCAGGGCTCAGCTTGAGGCAGATGATCACTTGAAGCCAGGAGTTCGAGACCAGCCTGGGTAACACAGTGAGA","GGCCAGGTGTGGTGGCTCATGCCTTTAATACCAGGGCTTTGGGAGGCTGAGGCAGGACGATCACTTGAGGCCAGGTGTTTAAGACCAGCCTGGGCAACATAGGGA"
"GL873521","4585645","4585775","chr1","22024766","22024901","32","17439121","GCTGGGCAAGGTGGCTCACGCCTGTAATCCGAGCACTCGGGGAGTCCAATAGGGGTGGATTGCCTGAGCTCAAGTTCAAGACCAACCCAAGCAAGAGTAAGACCCCATCTCTACTAAAAATAGAAAAAACA","GCCAGGTGAGGTAGCTCACGCCTGTAATCCCAGCACTTTGGGAGGCCAAGGTGGGTGGATCAACTGAGGTCAGGAGTTCAAGACCAGCCTGGCCAATATGGTAAAACCCCATCTCTACAAAAAATACAAAAATTAT"
"GL873521","4586039","4586216","chr5","162553581","162553768","45","157967542","TAATAGAAAAACTAGCCACTGGTAGGCACCCATAGTCCCAGCTACTTGGGAGACTTAGGCAAGAGAATCACTTAGCCCAAGAGTTTGAGGTTGCTGTGAGCTATGATGCCATAGCACTCTACCCACAGTGCCAGAGTGAGATTCTGTCTCAAAACAAAAAAAGAAAGAAAGAAAGAAA","AATTTAAAAATAGCCAAGTATAGTGGCATGCCTCTGTATTCCTAGCTACTTAGGAGACTGAGGCAGGAGGATCACTTGAGCCCAAGTGTGTGAGGCTGCAGTGAGCCATGATCCAGCCACTGCACTCGAGCCTGGAAGACAGAGTGAGATACTGTCTCAAAAAAAAGAAAGAAACGAAAAGAAAGAAA"
"GL873521","4615177","4615298","chr12","11845861","11845982","46","7230684","AAATATAATGAGTAGCTGGGTGTGGAGGCACGTACTTCTACACCCAGCTACATAGAAACTGTGTAGCAGGCAGGAAGATAGTTTAATTAATATAGTGAGAACCCCATTTCAAAAAGAAAGAA","AATACAAGGAAGCCAGGTGTGGTGGCATGCACCTACAGCCCGAGCTACTCGGGAAGCTTTGAACTGGAGACAAGCCTGGGCAACATAGTGAAACCCCATCTCCCTCTAAAAACAAGGAAAGA"
"GL873521","4639212","4639298","chr17","29760224","29760310","16","25121012","GGCCTGGCACAGTGGCTCATACCTATAATCCTAGCACTCTGGGAGGTGAGGTGGGGAGGATCCTTTGAGCTTAAGAGTTTGAGATCA","GGCCATGGGCAGTTGCTCACACCTATAATCCCAGCACTTTGGGAGACTGAGGTGGGAGGATCGCTTGAGCACAGGAGTTTGAGACCA"
"GL873521","4757227","4757326","chr1","32811419","32811520","26","28054192","TAAAATAAATAAATCAGCTGGCAGTGTGGTAGGCAACTGTAGCCCCAGCTACCCAGGGCTGTGGCAGGAAGGTGACTTGAGCCCAGTAGTTTGAGGTTGC","ATTAAATTAAATGGAGCCGGGCGTGGTGGTATGCACCTGTTGTCCCAGCTACTCAGGAGGCCAAGGCAGGAGGATCACTTGAGCCCAGGAGTTTGAGGATGC"
"GL873521","4757600","4757715","chrX","124471265","124471386","33","119713665","GGCTGAGCAGTGTGGCTCACGCCTGTAATCCTAGTGCTTTGGGAGGCTGAGGTGGAGTGAATTCCAGACCTGCCTGAACAAGAGAGTTTTTGTCTCTACTAAAAATATAAAAATCA","GGCTGGACACCGTGACTCACGCCTGTAATCCCAGCACTTTAGGAGGCTGAGGCAGGAGGATTGCTCAAGACTAGCCTGGCCAACATGGTGAAACCCCGTCTCCACTAAAAATACAAAAATTA"
"GL873521","4833908","4834183","chr20","5619662","5619943","68","785754","GGCCAGTGCAGTGGCTCATGCTGTAATCCCAGCCCTCTGGGAGGCTGAGGCAGGCGGATCCCCTGAGCTCAGTGGTTGGAGACCAGCCTGAGCAAAAGTGCAACCCCGGCTCTACTAAAAATAGAAAAAACATTAGCTGGGCTGGGTGGCAGCTGCCTATAGTTACAGCTAATAGGAAGGCTGAGACAGGAGGATGGTTTGAGCTCAGGAGGTTGGGGTTAAGATATGGTGACACCACTGCATGCTACCTGGGGCACAGAGCAAGACTCTTGTCTC","GGCCAGGTGCAGGGGCTGACACCTGTAGTCCCAGCACTTTGGGAGGCTGAGGCAGGAAGATCACTTAAGCCCAGGAGTTCGAGACCAGCCTGCGCAACATGGTGAAAACCCGACTCTACAAAAAATACAAAAACTAGCCAGGCATGGTGGTGCCTGCCTGTAGTCCTAGCTACTCAGAAGGCTGAGATGGGAGGATTGCTTGAGCCCAGGAGGTTGAGGTTGCAGTGAGCTGAGATGACACCGCTGCATTCCAGCTTGGGTGCCAGAGCAAGACCCTCTCTC"
"GL873521","4857882","4858053","chr13","48157593","48157767","59","43299711","GACCAACCAGAGTAAGAATAAGACCCCTGTCTCTACAAAAAAATGCCAAAATTAGCCAGGCATAGTGGCATGCACCTATAGTCCCAGCTACTATAGTTTTGAGGTTGCTGTGAGCTATGACGATGACATTGCACTCTACCCCAGGCAACACAGCAAGGCTCTGTCTCCAAAA","CCAGCCTGGACAACATAGGGAGACCCTGTCTCTACAAAAAAATTTTCAGAAAATTAGCTGGGCACCATGGCGCATTCCTATAGTCCCAGCTACTCAGGAGGCTGCAGTGAGCCATGATTGTGCCACTGTGCTCCAGCACGGGTGACAGAGCAAGACCCTGTCTCTTAAAAAAAAA"
"GL873521","4858329","4858418","chr2B","246546136","246546224","17","241687807","CAGGAGCAGGGGCTCACACCTATAATCCTAGCACTCTAGAAGGCCAAGGCTGGAGGATTACTTGAGGCCAGAAGTTCATGACCAGCCAGT","CCAGGTGCTGTGGCTCATGCCTGTAATCCCAGCACTTTGAGAGGCCTAGGCAGGAGGATTACTTGAGGCCAGAAGCTCAAGACCAGCCT"
"GL873521","4904065","4904344","chr20","3250028","3250308","77","1654037","GGCCAGGCATGGCGGCTCAGCCTATAATCTGGGAGGCCAAGGCTCAAGGAGTTTGAGACCTGCCTGAGCAAGAGCAAGACCCTGTCTCTACTAAAAATAGAAAAAACAGCCAGGTGTTGTGGCAGGCACCTGTAGGCCCAGCTACTTGAGAAACTGAGGCAGGAGGACTGCATGAGCTCAGGAGTTTGAAGTTGCTGTGAGCTAAGAAGCCACAGCATTCTAGTCTGTAGCAACAGAGTGAAACTGTCTCAAAAACAGAACAAAACAAAACAAAACAAAA","GGCCAGGTGCAGTGGCTCACACCTATAATCCTAGCACTTCAAGGCCAAGTTCGAGACCAGCCTGGGCAACATGGCAAAACCCTGTCTCTACAAAAAAAAAATAAAAATTAGCCAGGCATGGTGGCGCTCACCTGTAGCCCCAGCTTCTTGTGGGGCTGAGGCAGGAGGATTGTTTGAGCCTGGGAGACAGAGGTTGCAGTGAACCTATATCATGCCACTGCACTCCAGCCTGGGTGACAGAGTGAAACCCTGTCAAAAAAAAAAAAAAAAAAGAAAGAAAA"
"GL873521","5548943","5549231","chr4","172002891","172003185","72","166453948","GACTGGGCACAATGGCTCACGCCTATAATCCTAGCACTCTGGAAGGCCAAGGTGGGTGGATTACTTGAGCTCACAGGTTTGGGACCATCCTGAGCAAGAGTAAAACCTCATCTCTAAAAATAGCCCGGCATTGTGGTGGGTACCTTGTAGTCCCAGCTAGTTGGGAGGCTGAGGCAAGAGAATCTCTTGAGCCTAAGACTTTGAGGTTGCTGTAAGCTGTGATGCCATGGTACTCTACCGAGGGTGACATAGTAAGACTCTATCTCCAAAAAAAAGAAAGGAAAAAGAA","GGCCAGGCACAGTGGCTCATGCCTATAATCCCAGCAATTTGGGAGGCCAAGGTGGGAGGATCACTTGAGCCCAGGAGTTGGAGACCAGCCTGGGCAACATGGCAAAACTCCATCTCTACAAAAAATAGAAGCCAGGTGTGGTGGTGTGCATCTGTAGTCCCAGCTACTTGGGAGGCTGAGGTGGGAGAATCGCCTGAGCCTGGGAGGTGGAGGTTGCAGTGAGCCAAGATCATGCCACTGCACTCTAGCCTGGGTGTCAGAGTGACAACTTGTCTCAAAAAAAAAAAAAAAAGAA"
"GL873521","5616768","5616899","chr1","134480867","134480991","29","128864099","GTGGCTCTCTCCTGTAATCCCAGCACTTTGGGAGGCCAGGGGAGAGGATTGCTTAAGGCCAGGTATTTGAAACCAGCCTGGGCAACACAGAGAGATATGCCCATCTCTACCAAAAGAAAAAAATTGCTAGGA","GTGGCTCATGCCTGTAATCCCAGCACTTTGGGAGGCCAAGGAGTGAGGATTGCTTAAGTCCAGGAGTTCAAGAACAGCCTGGGAAACATAGTAAGATCCTGTCTCTACAAAAAATAAAAAATTGT"
"GL873521","5617203","5617331","chr3","201848039","201848154","42","196230836","TTAAAAGTTTGCTGGGCTTGCTGAAGTGTGCCTGTAGTCCCAGCTACTCAAGAGACTAAAGTGGGGGGGATCAACAGAGCCCAAGAGTTTTAGCCTGTTCTGAATCACTGGACCACTGCATTCCTGTCT","ATTAGCTGGGCGTGGTGGCGGCTGCCTGTAGTCCCAGCTACTCAGGAGGCTGAGGTGGGAGGATCACCTGAGCCCGGGAGGTCGAGGCTGCAGTGAGCAGTGATGACGGCACTGCA"
"GL873521","5813449","5813645","chr8","55925895","55926096","51","50112446","TCTATAAATATATAGAAATTGCCAGGCACTGTGGCTAATGCCTGTCATCCGAGCACTTTGGGAGGCTGAGGCAGGAGGATCATTTGAGCCCAGAAGTTGGAGGCTTCTATGACTGGGGTGCTGCACTACAGTGGAGGCTGGGTGAAAGAGCAAGATTCTGTCTCTAAAAAACATACAAAACAAACAAACAAACAAAA","TCTCTACAAAAAAATAAAAAACTAGCCGGGCATGGTGGCACATGCCTGTAGTCCCAGCTACTTGGGAGGCTGAGGCAAGAGGATCACTTTACCCCAGGAGGTCGGGGCTGCAGTGAGCTGTGTTCATACCACTGCACTACAGCCTGGGTGACAGAGCAAGACTCTGTCTCAACAAAACAAAACAAAACAAAACAAAACAAAA"
"GL873521","5816723","5816839","chr7","150519989","150520108","29","144703266","GGCTTACACCTGTAATCCTAGCACTTTGGGAGAGTGGGAGTATGGCTCGAACCCAAGAGTTGGGAGACCAGCATGGGAAAGAATGAGACCCTGTCTCTACAAAAATAGAAAAATTAG","TGGCTCACATCTGTAATCCCAGCACTTTGGGAGGCCAAGGTGGGAGGATTGCTTGATCCCAGGAGTTGGAGACCAGCCTGGGCAACATAGTGAGACCCTGTCTCAACAAAAATTTATTTT"
"GL873521","6392280","6392393","chr13","98865790","98865887","34","92473510","GGCATGGTGATACATGCCAGCGACTTAGGAGGAGGACCCCTTGAGCAAGTGAGCAGTGATTGTGCCACTGCACCTCCAGCCTGAGCAACAAAGTGAGACTCTGACTCTTAAAAA","CAGGGGGACCACCTGAGCCTGGGAGGTTGCAGCTGCAGAGCCGTGATTGTGCCACTGCATTCCAGCCTGGGCAACAGAGTGAGCTCCTGTCTCAAAAA"
"GL873521","6821886","6822161","chr13","35542940","35543211","71","28721054","GGCCTGGTGCAGTAGCTCAGAGCTGTAAGCCTAGCACTCTGGGAGGCAGAGGTAGGTAGATCACTTGAGACCAGGAGTTCAAGAAGACCAGACTAAGTAAGAGTGAGACCCTCACCTATGCTAAAAATAGAAAATATTAGCTGGGCATACAGTGTATGTCTGTAGTCCAGGCTACTTAGGAAGCTGAGGTAGGAGGATCACTTAAGCCCAGGAGTTTGAGGTTGCTGTGAGCTAGGCTGAGGCCATGGTACTTCAGCCTCGGCAACAGAGTGAGAC","GGCCAGATGTGGTGGCTCACACCTGTAATCCTAACACTTTGGGAGACCGAGGTGGGTGGATCACTTGAGGTCAGGAGTTCAAGACCAGCCTGGCCAACATGGTGAAACCCCATCTCTACTAAAAATACAAAAATTTGCTGGGCATGATGGTGGGCGCCAGTAGTTCCAGCTACTCAGGAGGCTGAGGCAGGAGAATCGCTTGAACCCAGGAATCAGAGGTTGCAGTGAGCCAAGATCACGCCATTGCACTGAAGCCTGGGCGACAAGAGCAA"
"GL873521","6822427","6822459","chr1","26448863","26448892","8","19626436","TCAGAGTGAGACTTTATCTCAAAGAAAAAAAAA","TGAGTAAGACCCTGTTTCAAAGAAAAAAAA"
"GL873521","6828199","6828251","chr12","8954703","8954756","17","2126504","GGGAGAGGTAGCTCAGGCCTGTAATTCTAACACTCTGGGAGGGAGGATCCCTT","GGTCAGGTATGGTGGCTCATGCCTGTAATTCTAGTACTTTGGGAGGCTGAGGTC"
"GL873521","6828640","6828791","chr2A","70191250","70191406","45","63362610","CCTTGAGCTCACAAGTTTGAGACCAGCCTGAGCAAGAGCGTGACTATCTCTACTAAAAATAGAAAACTCTGCTAGGTGTTGTGGCAGGTGCCTATAGTTCCAGCTACCTAGGAGGCTGAGGCAAGAGGATCACTTAAGCCCAGCAGTTTGAG","TCACTTGAGCCCAGGAGTTCGAGACCAGCCTGGGCAACATAGTGAGACTCAGTCACTACAAAAATAAACTTGCTGGGTGTGGTGGTGTGCACCTGTAGTTCTAGCTACTCAGGAGGCTGAGGTGGGAGGATCCCTTGAGCCTCGGAGGTGGAGGTTG"
"GL873521","6837142","6837367","chr12","104694083","104694305","59","97856941","GACTGGGTGCTATAGCTCACACCTGTAACCCTAGCACTCTCAGAGGCCAAGGTGGGTGGATTCGCTGAGCTCAGGAGTTCAAGACCAGCCTGAGCAAAATAAGACCCCATCTCTACTAAAAATAGAAAAAGAAAAACCAGCCAGGTGTGGTGCCAGGAGCCTGTAGTTCCAGCTACTCAGAGGCTAAAGTAAGAGGATTATTTGAGCAGTAAGAGTTTGTGGTTTC","GACTGAGTACGGTGGCTCACACCTGTAATCCTAGCATTTTGGGAGGTCAAAGTGGGAGGATGACTTGAGCCCAGGGGTTCAAGACCAGCCTGGGCAACAAAGTGAGACCCTGTCTCCATAAAAATTACAAAAATTAACCAGGCATGGTAGCATGTGCCTGTAGTCCCAGCTACTCGGGAAGCTGAGGCCAGAGGATTGCTTGAGCTTAAGAGGTTGAGGCTGC"
"GL873521","6837616","6837695","chr14","61332116","61332199","24","54494500","GTTTGTGGTTGCTGTGAGCTATGACATCACAGCACTCAACCCCAGGGTGACTACATACAACTCTGTCTCAGAAAAAAAAA","GGTTGAGGCTGCAGTGAGCTGTAATTGTACCACTGCACTCCAACCCAGGTGACACAGTAAGACCCTATCTCAAACAAAACAAAA"
"GL873521","7000001","7000131","chr1","35753661","35753787","41","28753660","ACAGTAATACATACTTGTAGTTCCAGCTTCTAGGCTGAGGCCAGAAGATGGCTTGAGCCCAGGACTTTGAGGTTGCAGTGAGAGATGATGATACCTCTGTACTCTAGCCCAGGTAACAGAGACTCTGTTTC","TTAGCCAGGCATACTAGCTCATGCCTGGAGGCTGAAGCAAGAGGACAGCTTGAGCCCAGGAGTTTGAGGCTGCAGGCAGCTATGATCGCACCATCGCACTCCAGCCTGGGTGACAAGACCCCATCTC"
"GL873521","7000386","7000547","chr6","44662547","44662705","42","37662161","GGGTGTGGTGGCTCTTACCTGTAATCCTAGCACTTTGGGAGGCTGGGGCAGGCAGGAAGATTGTTTGAGGCCAGGAGTTCCAGACCAGGCTTGTCAATATAGTGAGACCCCGTCCCTATAAAAAATAGAAAAATTATCTGGGCCTGGTAATGCATACTTTGG","GGCACAGTGGCTCATGCCTATAATCTCAGCACTTTGGGAGGCCAAGGTGAGAGGATCACTTGAGCCCAGGAGCTACAGACCAGCCTGGGCAACATAGAGAAAACCCATCTCTACAAAAAATACAAAAATTATCTGGGCGTGGTGATGCATGCCTGTTGT"
"GL873521","7034228","7034543","chr6","83628974","83629284","80","76594746","GGCCAGATGCAGTGGCTGACACCTGCAATTCTATAACTTTAGGAAGGTGAGAGAATTGCTTGAGGCCAGGAGTTCCAGACCAGCCTGAACAATATAGTGAGACCCCATTGCTACAAAAATTAGAAAAATTCACTGGGTGTAATGGCCAATGCCTGTATTCCCAGATAATCCAGAGGCTGATGCTGGAAGATTACTTGAGCCCAAGAATTTGAGGTGACAGTGAGCTATGATGACACCAATGCACTCTAGCTTGGGCAATAGAGTGTGACCCTATTTCCAAAAAAAGAAAGAAAGAAAGAAAGAAAAGAAAAGAAAA","GGCAGGGCATGGTGGCTCATACCTGTAATCCCAGCACTTTGGGAGTCCAAAGTGGGTGGATCGCTTGAGTCCAGGAGTTCAAGACCAGCATGGGCAATATGGTGAAACCCTATCTCTACAAAAAAATACAAAAATTAGCTGGGCATGGTGGCATGCACTTGTATCCCAGCTACTCCAGAGGCTGAGGTGGGAGGATTGCTTGAGCCCAGGAGGTTGAGGCTGCAGTGAGCCATGATCACACCACTGCACTGTAGCCTGGGCAGTAGAGCGAGACACTGTCTAAAAAAAAAAAAAAAGAAAAGAAAAGAAAA"
"GL873521","7070010","7070206","chr5","79804250","79804453","53","72734240","GGCCAGGCAAGATGGCTCATGCCTGTAATCCTAGCATTCTGGGTGGCTGAGACAGGCATATTCCCTGAACTCATGAGTTGGAGACAAGTCTGAGCCAGAGTTAGACCTCATCTCTAAAAATAGCCTGGCATTGTGGCATACACCTGTAGTCTCAGCTACTTGGGAGGCTGAGGTGAAAGAATTGCTTAAGCCCAAGA","CAGGCACTGTGGATCACACCTGTAATCCCAGCACTTTTGGAGGCTGAGGCGGGCAGATTGCTTGAGCTCAGGAGTTTGAGACCATCTTGGGCAACCTGGTAGAACCACATCTCTACAAAAAATTAGCCGGGCATCGTGGCACACGCCTGTAGTCGCAGCTATTTGGGGGGCCTCCTGAGGTGAGAGGATTGCTTGAGTCCAGGA"
"GL873521","7070300","7070404","chr10","27497894","27497990","34","20427594","GTAAGCCCAAGATTTTGAGGTTGCTGTGAGCTATAATGCCATAGCACGCTAACTGAAGCAAAGTAACTATGACAAAGTAAGACTCGGTCTCAAGAAAGAGAAAAA","CACTTGAGCCCAGGAGGTTGAGGCTGCAGTGAGCTATCATGCCACCACACTCCAGCCTGAATTACATGGCAAGACCCTGTCTCAAGAAAAAAAAAAA"
"GL873521","7099137","7099314","chr16","419989","420167","56","6679148","GGCTGGGTGCCGCGGCTCACACCTATAATCCTAGCACTCTGAGAGGCCAAGGCAGGTGGATTGCTTGAGCTCAGGCACTTGAGGCCCTCAAATAGAAAAACTAGCCCAGCCTTGTGGTGGGCCCCTGTAGTCCAGCTACTTAGGAGGCTGAGGCATGAGGATCGATTGAGCCCAAGTA","CTGGGCACCGTGGGTCATGCCTGTAATCCCAGCACTTTGGGAGGCTGAGGCAGGAGGATCACTTAAGCCCAGGTGTTCAAAAAACAAACAAAAAAACATTAGCCAGGTGTGGTGGTGCACACCTGTAGTCCCGGCTACTCAGGAGACTGAGGTGGGAGGAGCTCTTAAGACCGAGAGGT"
"GL873521","7099591","7099694","chr5","181790038","181790151","31","174690447","TGAGGCCAAGTATTTGAAGTTGCTGTGAGCTATGATGTGGCGCTCTACCAAGGTTGATAAAGTGAGACTCTGTCTCAAAAACAAACAAACAAACAAAAAAGCAA","TTGCTTGAGCCCAGGAGGTGGAGGTTTCAGTGAGCCAAGATCGTGCCACTGCACTCCAGCCTGGGTGACAAAGTGAGACCCTGTCTCAAAAACAAACTAACAAACAAAAAACAA"
"GL873521","7182117","7182284","chr17","14741482","14741644","46","7559365","AATTAGCCAGGCATCATAGCACATGCCTATAGTCCCAACTATTCAGGAGCCTCAGGGCCAGGAGGATCCCTTGAATATAGGAGTTTGGGGTTACTGTGAGCTATAATGATACCACCCACTGCACTTTAGTCTGGGTGACAGTGAGACCCCGGCTCAGGGGGAAAAAAA","AATTAGCCAGGCATGGTGGCACATGCCTATAGTTCCAGCACTTTGGGAGGCTAAGGCAGGAGGATTGCTTGAGCCCAGGAGTTTGAAGTTACAGTAAGCTATGATCATGCCATTGCACTCTAGCCTGGGCAACAGAGTGAGACCTTGTCTCTAAAAAAAAAAA"
"GL873521","7182549","7182656","chr11","75656969","75657073","28","68474420","AACCCCAGCACTTTGGGAGGCCAAAGCAGGAGGATCATTTGAGGCCTAGGAGTTGGAAAGCAGGCAGAACAAGAGTGAGACTATCTTCATAAAAATACAGAAAAATTA","CCAGCACTTTGGGAGGCCAAGGCAAAAGGATCACTTGAGCCCAGGAGTTTGAACCAACCTAAGCAACAGAGTGAGACCCTGTGTCTACAAAATATTAAAAAATTA"
"GL873521","7224398","7224414","chr1","153358526","153358539","3","146134128","AAAAAAGAAAGTAAAAA","AAAAAAAAAAAAAA"
"GL873521","7224442","7224704","chr16","23925003","23925279","73","16700561","GTGTGATGGCTCATGCCCATAATCCTAGTACTTTGGGAAGCTTAGGCAGGAAGATTGCTGGAGGTCAGGAGTTCAAGACCCACCTGAGCAAGAATGAGACCCCCGTATCTACAAAAAATAGAAACATTAGCTGGGTGTGTTGGTGTATGTCTGCAGTACCAACTACTAGAGAGTTTGAGGCAGGAGGATCGTGTAAGCCCAGGAATTTGAGGTTGCAGTGAGCCACCACTGCACTCTACCCTGGGAGGCAGATCAAGACTGTG","GGCTGAGCGCGGTAGCTCATGCCTATAATCCCAGCACTTTGGGAGGCTGAGGCAGGTGGATTACTTGAGCTCAGGAGTTCGAGACCAACCTGGGCAACACGGTGAAACCCCTTCTCTACAAAAAACACAAGAATTAGCAGGGCATGGTGGTGTGCACCCGAAGTCCCAGCTACTCAAGAGGCTGAGGTGGGAGGATGGCATAAGCCCAGGAAGTGGAGGTTGCAGTGAGCCAAGATCATGCCACTGCACTCCAGCCTGGGTGACAGCAAGACTGTCT"
"GL873521","7244822","7245115","chr16","74165797","74166100","72","66920975","GGCCGGGCTCAGTGGCTCTATAATCCTGGCACTCTGGGAGGTCAAGGTGGGTGGATTGCTTGAGCGCAGGAGTTTGAGACCAGCCTGAGCAAGAGTGAAACCCCGTCTCTAAAAATAGCCAGGTGCTGTGGTGAGCCCCTATAGTCCCAGCTACTCAGGAGGCTGAGGCCAGAGAATCGCTTAAGCCCAGAAGTTGGAGGTTGCTGTGAGCCGTGATACCATAATTCTTTAACAAGGGTGACAGAGTGAGACTCTGTCTCAAAAAAACAAACATACAAACAAAAAAAAAAAAAA","GGCTGGGCACAGTGGCTCATGCTTATAATTCCAGCACTTTGGGAGGCCAAGGTGGGTGGATCACTTGAGCCCAGGAGTTCGAGACCAGCCTGGGCAACATGGTGAAACTCTGTCTCTACAAAAAATTAGCTGGGTGTGGTGGCTCGTGCCTGCAGTCCCAGCTACTCAGGAGGCTGAGGTGAGAGGATCAATGGAGCCCAGGAGGTGGAAGTTGCAGTGAGCCAGATCACACCACTGTACTCTCCAGCCTGGGTGACAGAGCAAGACCCTGTCTCAAAAACAAACAAACAAACAAACAAACAAA"
"GL873521","7391188","7391475","chr8","106723939","106724236","70","99332751","GGCATGGTGGCTCACACCTATAATCCTAGCACTCTGGGAGGACAAGGTGGGAGGATCCCTTGCACTCAGAAGTTCAAGACCAGCCTGAGAGAGAATAGGACCCCATCTCTACTAAAAATAGAAAAATTACCTGGGCATTGTGGTTGGTGCCTGTAGTCCCAGCTTCTTGGGAGGGTGAGGCAGGGGCATCACGTGAGCCCAGGAATTTGAGGTTACAGTTAGCTGTTTTGTCACAGCCATCTACCCAGGGCAACAGAGTGAGACTCTATCTCAAAAAGAAAAAAAGAG","GGTGCTGTGGCTCAAGCCTATAGTCCCAGCACTTTGGGAGGACAAGGTGGGAGGATCACTTGAGCCCAGCAGTTCAAGACCAGCCTGAGCAACATGATAAGACCCCATCTCTACAAAAAATTAGAAAAATTAGCCAGGCATGGTGATGTATGCCTGTGGTCCTAGCTACTTGGGAGGCTGAGGCAGGAGGATCCCTTGAGCCCAGGAGGTCAAGGTTGCAGTGAGCCATGGTTGTACCACTGTACCCCAGCCTGGGTTACACAGTGAGATCCTATCTCAAAAAAAAAAAAAAAAAAAA"
"GL873521","7391570","7391585","chr17","38661961","38661976","2","31270391","GAAAAAAAAAAGAGAA","GAAAAGAAAAAAGAAA"
"GL873521","7411261","7411442","chr4","57296207","57296386","41","49884946","AGAAAGAAAGAAAAAAAATTAGTCAAGAATGGTGGCATGCACCTATATTCCCAGCTACTCAAGAGACTGAAGCAGGAGGATTACTTGAGCTCAGGAGTTGGGGGCTGCAGTAAGCTTTGACTATACTAATGCACTCCAGCCTGGGTGACAGAGCGAGACCCTGTTTCAAAAAAGAAAAAAAA","AAAAAAGAAAAATTAGCCAGGCATGGTGGCATGTGCCTGCAGTCCCAGCTACTCAGGAGACTGAGGTGGGAGGATTGCTTGAGCCAGGGAGATTGGGGCTGCAGTGAGCTGTGATATCATGCCACTGTACTCCAGCCTAGGCCGCAGAGTGAGACCCTGTCTCAAAACAAAAACAAAAAA"
"GL873521","7411723","7411845","chr16","11721596","11721721","28","4309873","GGCTGGGTGCAGTGATCCTAGCCTTTTGGGAGGCTGAGGCAGGAGGACTGATTGAGGCCATGAATTTGAGACCAGCCTGAGCAAGAGTGAGACCTTGTCTCTGCAAAAAATAGGAAAATTAGT","GGCTGGATGCGGTGGCTCATGCCTTTTGGGGAGGCTAAGGCAGGAGGATTGCTGGAGCCCAGGAATTAAAGACCAGCCTGGGCAACATAGTGAGACCTCGTCTCTACAAAATTAAAAATTAAGTTT"
"GL873521","7473204","7473396","chrX","14950093","14950281","51","7476889","CAAAAAAAAAACCTTAGCCAGGTATGGCAGCACAGATTTGTCATCCCAACTACTCAAGAAGCTAAGGTGAGAAGATCACCTGAGCACAGGAGTCTGAGGTTATAGTGAGCTGTGACTGGGCCATTCACTACATTCCAGCCTATGCTATAGAGTAAGACCCTGTCAAAAGAAAAAAAAAGAGAGAGAGAGAAAA","TCAATAAATAAAAATTAGCCAGGCATGGTAGCACATGCCTGTCGTCCCAGTTACTCAGGAGGCTGAGGTGGGAGGCTCACCTGAGCCCAGGCATTGAAGGCTGCAGTGAGCTATGATCACAACACTGCATTCCAGCCTGGGTGACAGAGCAAGACCCTGCCTCAAAATAAAATAAAGAAAGAAAGAAAA"
"GL873521","7473423","7473542","chr14","57739259","57739375","24","50265836","CTGGGCACAGTGTTCATGCCTGTAATTTGAGCACTTTGGGAGGCCAAGGCTAGAGGATCACTTGAGGCCAGGAGTTTGAAACCAGCCTCAGTAACACAGAGAACCCTCATCTCTATTTAA","CTGGGTACATTGGCTCAAGCCAGTAATCCCAGCACTTTGGGAGGCCAAAGCAGGAGGATCACTTGAGGCCAGGAGTTTGAGACCAGCCTGGGTAACATGAGACCCTGTTTCTACAAA"
"GL873521","7573100","7573248","chr5","35112160","35112317","42","27539060","AGCCAGATGTGGTCTATAGTCCACAGCTACTTAGAGGCTGAGGCAAAGGGATCACTTGAGCCCGAGAGTTCAGGGCTGTGGTGCACAATGATCATGTCTGTGAATAGCCACTGCACTTCAGCCTAGGCAACATAGCAAGACCCTATCTC","AGCCTGGTGTAGTGGCACATGCCTATAGTGTCAGCTACTGGAGAGGTTGAGGCAGCAGGATTGCTTGAGTCCAGCAGTTCAAGGCTGTAGTGCACGATGATGGTGCCTGTGAATAGATACTGTGCTTTAGCATGGGCAACACAGCAAGACTCTGTCTG"
"GL873521","7601934","7602029","chr5","155700261","155700353","20","148098327","GGCTGAGCCCAGAGGCTCATGCCTGTAATTCTAGCACTCTGGGAGGCTGAGGCAGGTGGAGTGCTTGAGCTCAGGAGTTAAAAAAATCCAGTTTGA","GGCCGGGCACAGTGGCTCATGCCTATAATCCCAGCACTTTGGGAAGCTGAGGCAGGAGGATTGCTTAAGCCCAGGAGTTCAAGACCAGTCTTG"
"GL873521","7602314","7602531","chr2A","29137649","29137868","57","21535335","GACCAGTGTGAGCAAGGGCAAGACTCTGTCTCTACTAAAAATAGAGAAACTAGCTGAGCATTGTGGTGGGTGCCTAAAGTCTCAGCTGCTCAGGAGGATAAGGCAGGAAGATCTCCTGAGCCCAGGAGTTTGAGGTTGATGTGAGCTATGATGATATCGCATTCTAACCAGGTAACAGAGTGAGGCTTTGTCTCAAAAAAAAAAAAAAAAAAGAAAAA","CAGCCTGGTCAACATAGGGAAACTCTGTCTCTACAAAAAGTTAAAAAATTAGCTGAGCATGGTGGCACATGCCTGTAGTCTCAGCTACTCAGGAGGCTGAGGCAGGAGGGTCACTTGAGCCTGGGAGGCTGAGGCTGCAGTGAGCTGTGATCATGCTATTGCACTCCAGCCTGGGAGACAGAGTGAGATCCTGTCTCCAAAAATAAAAAATAAAAATAAA"
"GL873521","7608283","7608358","chr9","32411376","32411450","22","24803093","AGGCTGAGGAGGAAAGATTACTTGAGCCCCAAAATCTAGCCTTGGTGACATAGTGAAACTCTGTCTAAAAAAAATA","AGGTGGGAAGAGTACTTGAGGCCAGGAATTCAAATCTAGCCTGGGCAACATAGTGAAACCCTGCCTTAAAAAAAA"
"GL873521","7633232","7633420","chr7","4237351","4237553","52","3395881","GTGGTGGCTCATGCCTGTAATCGTAACACTCTGGGAGGCTGAGGTGGGTAGATTGCTTCAGCTTAGGAGTTCGGGACCAACCAAAGCAAGAATGAGACCCCCTCTCTACTAAAAACAGAAAGACTAGCCAGGCATTGTAGCAGGTCCTGTAGTCGCTACTCAGGAGGCTGAAGCAGGAGGATCACTTAA","GGTCAGGCATGGTGGCTCATGCCTGTAATCCCAGCACTTTGGGAGGCCGAGGTGGGCAGATTGCTTGAACTCAGGAGTTGAAGACTAGCCTGGGCAACACGGCAAAACCCCATCTCTACTAAAACTACAAAAACTAACTGGGCATGGTGGCACGCGCCTGTAGTCCCAGCTACTGGGGAGGCTGAGGTAGGAGGATCACTTGA"
"GL873521","7636438","7636492","chr5","38545852","38545906","11","30909414","ATTCAAGCCTGGGTGACAGAGTGAGACACTATCTAAGAACAATAAATAAATAAAA","ATTCCAGCCTGAGTGACAGAGTGAAACCCTGTCTCAAAACAAAAACAAAAACAAA"
"GL873521","7696982","7697091","chr9","129918441","129918551","24","122221459","TAATCCTAGCACTCTGGGAGGCCAAGGTAAGTGGATTGCTTGAGCTCAGGAGTTCAAGAGCAGCCTGAGCAAGAACAAGACCCCAACTCTATTAAAAATAGAAAAAAGCA","TAATTCCAGCACTTTGGGAGACTGAGGCAGGAGGATTGCTTGAGCTCAGGAGTTCGAGACCAGCCTGGGCAACATATTGAGTCCTCATCTCTATTAAAAATTAAAAAAATA"
"GL873521","7697336","7697489","chr7","132712253","132712405","44","125014917","GTAGAAAAAAGGCCAGCTGGGCATAGTGGTACATGCTTGTAGTCCCAGCTACTTGGAGACTAAGGTAAGAGGACTGCTTAAGTCCAAGAGCTTAAGGTTGCTGTGAGCTATGACACCACAGGGTGATAAGAGTGAGACTGTCTCCAAAAAAAAA","GAATTAAATAAAAATTAGCAGGGCATGGTGGCATGTGCCTGTAGTGCCAGCTACTTGGGAGGCTGACGCCAGAGGATTACTTGAGCCCAGGAGTTGGAGGTTACAGTGATCATGCCACTGCATGACAGAGTGAGACCCTGTCTCAAAAAAAAA"
"GL873521","7750582","7750651","chr7","149337669","149337736","11","141587087","GCTGGGTAAGAGTGGCTCATACCTATAATCCCAGCACTTTTGGGAGGCTGAAACAGGAGGATCACTTGAG","GCTGGGCACAGTGGCTCACACCTGTAATCCCAGCACTTTGGGATGCTGAGGCAGGAGGATCATTGGAG"
"GL873521","7784733","7784858","chr3","160952502","160952627","25","153167769","GGCCGGGCATTGATGGCTTCTACCTGTAATCCCAGCACTTTTGGAGGCTGAGGTGGGAGGTTTCATTGAGATCAGGAGTTTGAGACCAACTTGGGCAACAGTGAGACCCTGCCTTAAAAAAAAAAA","GGCCAGGCATGGTGGCTCACACCTGTAATCCCAGCACTTTGGGAAGCTAAGGTGGGAGGATCGCTTGAGCACAGAAATTTGAGACCAGCTTGGGCAACATAGAGATCCTGTCTCTATTAAAAAAAA"
"GL873521","7784884","7785052","chr16","1604263","1604439","38","6180621","AATTAGGCAGGCATGGTGGCACTTGTCCCAGCTACTTGGAAGGCTGAAGGAGGAGGATCACTTGAGCCCAGGAGTTAGAGGTTGCTGTGAGCTTTGATGCCACTGTACTCTAACCTGGGCAACAGAGTGAGATGTGCCTCAAAAACAAACAAACAAACAAAACCAAAAA","AATTAGCCAGGCATGGTGATTGGCACCTGTGGTCCCAGCTACTTGGGAGGCTGAGGCAGGAGGATGAATTGACCCCAGGAGTTTGAGGCTGCAGTGAGCTATGATGGCACCACTGCACTCTAGCCTGGGCGACAGGATGAGATCTGTAAAAAAATAAATAAAAATGAAAATAAAAAA"
"GL873521","7870707","7870997","chrX","70230306","70230599","61","62359599","GCTGGGCACAGCAGCTCACACCTGAAATCCCAGTACCCTGGAAGGGTGAGGATGGAGGATCACTTGTGGTCAGGAGTTCAAAAACAGCCTAAGCAAGAGTGAATCGCCATCTCTATTAAAAATAGAGAAATTAGCCAGGTGTGGTGGCATTTGCCTGTAGTCCCAGCCACTTGGGAGGCTGAGGCAGGAGGATCATTAGAACCCAGAAGGTGGAGGTTGCAATGAGCAGTAATGACACCACTGCACTCCAGCCTGGGTGACAGAGCAAGTCTCTGTTTCAAAAAAAAAAAA","GGCCAGGTACAGTGGCTCACACCTGTAATCCCAGCACACTGGGAGGCAGAGGCGGGCAGATCATTTGAGCTCAGGAGTTCAAGAGCAGCCTGGGCAACATGGTGAAATCCCATCTCTACAAAAAATAGAAAAATTAGCCGAGTGTGGTGGCACTCCTCTGTAGTCCCAGCTACTTGGAAGACTGAGATGGGAGGATCATTTGAGCCCAGGAGGCGGAGGTTGCAGTGAGCTGAGATTGCACCACTGCCCTCCAGCCTGGGCAACAGAGCAGGACCCTATCTCAAAAAAAAAAAA"
"GL873521","8041789","8041920","chr12","80555695","80555826","29","72513906","GTGGTGGCTCATGCGGATTATCCCAGTACTTTGGGGAGGTTGAGGCAGGAGGATTGCTTGAGCCCAGGAATTTGAGACCAGCCTGAGCAACATAGTAAGACTCTATACAAAAAAATAGAAAAATTAGCCTGG","GTGGCTCATGCCTGTAATCCCAACACTTTGGGAGGCTGAAGCAGAAGGATTGCTTGAACCAGGAGTTTGAGACCAGCCTGGGCAACATAGTGAGACTATCTCCACAAAAATAAATAAAAAATTAGCTGGGCA"
"GL873521","8042182","8042375","chr4","7236991","7237179","49","805191","GGTAAAAAAGAAAAAGAAAAATTAGCCAGGAGCACTAGCTTACGGCTTGTAGTCCTAGCTACTCAGGAGGCTGAGGTAGGGGAATTGCTGGAGTCCAGGAGTTTGAAGCCACAGAGAGCAAAGACCACACCACTGTACTCCAGCCTAGGCAATAGAACAAGACCCTGTCTCTGAAAAAAATAAATAAAAATAAA","TAAAAAAAATACTTAAAATTAGCCAGGCGTGGTGGCACACACCTGTGGCCCCAGCTACTCAGGAGGCTGTTGTAGGAGGATCCCTTGAATCCAGGAGGTCAAGGCTGCAGTAAGCCAAGATCACGCCACTGCATTCCAGCCTAGGCAACAGAGCAAGATCCTGTCTCTTAAAAAAAAAAAAAAAAAGAA"
"GL873521","8067082","8067383","chr20","31024244","31024552","81","22957162","GGCCAGGTGTAGAGGCTCACACTTATAAGCCCAGCACCCTGAGAGGCCGAAGTGGGTGAACTGCTTGAGCTCAGGAGTTCAAGAGTAGCCTGAGCAATAGTGAGAGCCGATTTCTACTAAAAACAGAAAACCTAGCCAGGCACTGTGGTGGCGTCTATAGTCCCAGGTACTCGGGAGGCTGAGGCAGGAGGATTGCTCAATCCTAAACTTTGAGGTTGCTGTGGGCAATAATGCCATATCTCTACCCAGGGGAAAAGAATGAGACTCTGTCTAAATAAATAAATAAATAAAATAAAAACAAA","GGCCAGGCACAGTGGCTCACACCTGTAATCCCAGCACTTTGGGAGGCCGAGGTGGTGGACTGCTTGAGCTCAGGAGTTCAAGACCAGTCTGGGCAACATGGCAAAACCTTGTCCCTACAAATAATACAAAAATTAGCCAGGTGCGGTGGCATGTGCCTGTAGTCCCAGCCACTTGGGAGGCTGAAGTGGGAGGATTGCTTGATCCTGGGAGGTAGAGGCTGCAGTGAGCCATAATTGTGCCACTGCACTCCAGCCTGGGCAACAGAGTGAGACCCTATCTCAAAAATAAATAAATAAATATAAAGAAAA"
"GL873521","8204885","8205108","chr10","14099107","14099324","63","5894222","CGAATTCGAAACCAGCCTGAATAAGAGTGAGATCCGTCTCTAATGAAAAGAGAAAAACTAGCAGGTTTTGTGGTGGGTGCCTTTAGTCTCAAGCTACTTGGGAGCCTGAGGCAGGAGGATCACTTAAGCCCAGGAGTTTGAGGTTGCTGTGAGCTATGATAACATTAGGGCATTCTAGCCTGGGAAACCGAGTGAGACTCTGTCTTAGAGAAATAAAAAATAAA","AGACCAGCCTGGGCAACATGACAAGATCCCGTCTCTACAAAAAATACAAAAATTAGCAGCGTGTGGTGGGGTGTGCCTGTAGTCCCAGTTACTTAGGAGGCTGAGGCAGGAAGATCACTTGAGCCCAGGACGGGGAGGTTACAGTGAGCCGTGATCACACCACCACACTCCAGCCTGGGTGACAGAGTGAAACTCTGTCTCTATAACAAACAAACAAA"
"GL873521","8205374","8205463","chr18","31130683","31130770","22","22925309","GCCGGACATGGTGGCTCATGTCCCTCCTGTAACCCTAGCACTCTGGGAGGCTTTGGCCTAAGGATTTGAGCTCAAGAGTTTAAGACCAGG","GGCCAGGCATGGTGGCTCACACCTGTAATCCTAGCACTTTGGGAGGCTAAGACCAGAGGATAATTAAGCTCAGGAGTTCAAGACCAGC"
"GL873521","8530940","8531225","chr4","131255414","131255698","71","122724474","GTCAGGTGTGATGGCTCGTCCTGTAATCCCAACACTCTGGGAGGCTGAGGCTGGTGGTTTGCTTGAGCTCAGGAGTTCTGAGACCATCCTGAGGTAAGAGTGAGACCCCATCTCTACTAAAATTAGAAAAAAAATTACCCAGGTGTAGCGGTGATGCCTGTAGTCCTAGCTACTTGGGAGGCTGAGGCAAGAGGATTGCTCAAGCCTGAGAATTTGAGGTTGCTGTGAGCTATGACTCCATCGCACTCAACCCCAGGGTGACTGAGTGTGATTGTCTGAAAAAGAA","GGCAGGACACGGTGGCTCACACCTGTAATCCCAACACTTTGGGAGGCTGAGGCAGGTGGATCACTTGAGCTCAGGAGTTGAGACCAGCCTGGGCAACATGGTGAAACCCCATCTCTACTAAAAATACAAAAATTAGCCAGGCATGGTTGTGGATGTCTGTGGTCCCAACTACTTGGGGGGCTGAGGCAGCAGGATTGCTTAAGCCTGGTAATTTGAGGCTGCAGTGAGCCATGTTCTTGCCAGTGCTCCAGCCTGGGTGACAAAGCAAGACCCTGTCTCAAAAAA"
"GL873521","9138426","9138710","chr17","16672309","16672598","64","7533883","GGTGGCTCATGTCTGTAATCCGAGCACTCTGGGAGGCTAAAGTGGAAGGATCACTTGAGCTCAGGAGTTTGAGACTAGCCTGAGCAAAAGTGAGAACAATGTCTCTATTAAAAATAGAAAATTAGCCAGGTGTTATGATAGGTGCCTGTAGTCCCAGCTATTCAGGAAGGCCAGGAAGGAGGATCCCTTGAGCTGGGGAGTTTGAGGTTGCTGTGAGCTGTGATGACACCATGGCACTCTACCCATGATGACAGAGTAAGACTGTCTCTAAAGGGAGAAAAAAAA","GTGGCTCACACCTGTAATCTCAGCACTTTGGGAGGCTGAGGCGGGAGGATCACTTGAGCCCAGGAGTTTGAGACCAGCCTGAGCAACATAGTAGGCTCCTGTCTCTACAAAAAAATACAAAAATTAGCTGGTACTGGTGGCATGTGCCTGTAGTCCCAGCTACTCAGGAGGCTAAGGCAGGAGAATCGCTTGAGCCCAGGAGGTTGAGGCTGCTATGAGCTGTGATGGCACCACTGCACTCCAGCCTGGGTGACAGAGTGAGACCTGGTCTCAAAAAGAAAAAAAAAAAA"
"GL873521","9337001","9337128","chr7","153795408","153795531","29","144458407","CTGGGCTCAGTGGCTCATGCTTGCAAGCCCAGCACTCTGGGAGGCCAAGGCAGGTGGATTGCTCGAGTTCAGGAATTTCAGACCAGTCTAAGAAAGAGTGAGAGCCCATCTGTACTAAAAATAGAAAC","CTGGGCACAGTGGCTCACGCCTGTAATCCTAGCACTTTGGGAGTCCAAGGCAGGAGGATGCTTGAGTCCAGGAGTTCAAGACCAGCCTGAGCAATATAGTGAGACCCCCATCTCTACAAAAAAA"
"GL873521","9337149","9337320","chrX","5183862","5184037","43","4153287","TAAAATACTAGCTGGGCATTGCGATGGGTGCCTGTAATTCCAGCTACTCAGGAGGCTGAAGCAAAAGGATCACTTGGGCCCAAGAGTTTGCGGTTGCTGTGAGCTGTGATTACACCACAGCACTCTCCCCAGGCAGAGAGAGACTCTGTCTTTAAAAACAAACAAACAAAAA","ATAAAAATATTAGCTGGGCATGCTGGTACATGCCTGTAGTCCCAGCTACTCAGGAGGCTGAGGCCTGAGGATCACTTGAGCCCAGGAGTTCCAGGTTGCAGTGAGCCGTGATTGCACCATTGCACTCCAGCCTGGGCCACAGGGCTAGACCCTGCTCAAAAGAAAACAAAAAAGAA"
"GL873521","9671716","9671832","chr6","38551166","38551279","31","28879450","GGCTAGGCAGGGAGGCTCAAAACTAAAATTTTAGCACTCTGAGAGCCCAAGGTGGGAGAATTGCTTGACCTCGGGTGTTTGAGACCAGTCTGAGCAAGAGTAACATCACATCTCTAC","GGCTAGGCGTAGGGGCTCAAACCTGTAATTCCAGCACTTTGGGAGGTCAAGGTGGGAGGATTACCTGAGGCCAGGAGTTTGAGACCAGCCTGAGCAACAGTGAGACTTTGTCTC"
"GL873521","9671895","9672063","chrX","24568892","24569057","39","14896997","TAATTAGCCAGGCATAGAGGTGGTATACACCTGTAGTCCCAGCTACTCTGGAGGCTAAGTCAGAAGGACTGGTTGAACCCAGGAGTCTGAGGTTGCTGTGACTAGGCTGATGCCACAGAACTCTAGCCTGATCAACAGAGTGAGACTCTGCCTCAAAATAAAAAAGGAA","AAATTAGCTAGGCATGGTGGCATGCAACTATAGTCCCAACTACTCAGGAGGCTGAGGCCGGAGGATGGTTTGAGCCCAGGAGGTGGAGGTTGCAGTGAGCCAAGATCACACCACTGCACTCCAGCCTGGGCAACAGAGTGAGACCCTGTCTCAAAAAAAAAAAAAA"
"GL873521","9699009","9699116","chr16","57943722","57943822","32","48244713","TCTGAGACACTCGGGAGGCTGAGCCTAGGAGTTTGAGGTGACAGTAAGCTAAGTTGATGTCACTGCATTCCATCCTAGGCAACAAAGCAAGATCTTATCTCTAAAAGA","GGAGGATTGCATGAGCCCAGGAGGTTGAGGCTGCAGTGAGCCAAGATCGTGCCACTGCACGTCAGCCTGGGCAACAAAGCAAGACTCTATCTCAAAAAAAA"
"GL873521","9699330","9699522","chr6","3030697","3030873","65","6668633","GGCTGCATGTGGTGGCTCGTGACTGTAATTTCACCACTTCAAAAGGCTGAGGCAGAGGAGTCACCTGGGGCCCAGAAAGTCACCCTTAAAGTCCAGCCTGAGTAACACAGTGAGACCCAAGATCCCAACTCCACAAAAGAAAAAAGAAGGGAAAGGAAAGAAAAGAAGAGTGGTGTGTGGTGACCTCCTAGAC","GGCCAGGCATGGTGGCTCTCCCCTGTAATCCCAGCACTTTGGGAGGCCAAGGCAGAAGGATCGCTTGAGCCCAGGAGTTTTAAGACCAGCCTGAGCAACACAGAGAGACCAGATCCCACTTCCACAAAAAAAAAAAAAAAATATTTGCCAGGCGTGATGGTGCATGCCTGTAGTCCC"
"GL873521","9879625","9879892","chr2A","20521665","20521953","79","10642040","GGGTGGGCACTGTGGCTCAGGCCTCCTAGCACTCTGGGAGGCCGAGCTGGGTGGATGACTTGAGCTCATGAGTTTGAGACCAGACTGAGCAAGAGCAAGCCCCATTTTTAAAAATAGCCAAGTGTCATGGTGGGCATCTATAGTCCCAGCCAGTTGGCAGGCTGAGGAAGAAGGCTTACTTGAGCTCAAGAGGTAGCTGTGAGCTGTGATGCCATGGCACTCTACCCAGGACAACAAAGTAAGACTGTCTCCAAAAAAAAGAAAAAAA","GGCTGGGCACAGTGGCTCACGCCTGTAATCCCAGCACTGTGGGGAGGTCAAGTTGGGTGGATTGCTTGAGCCCAGGAGTTTGAGACCAGCCTAAGCAATAGGCAAAACCCTGTCTCTACAAAAATCAGCCAGGTATGGTAGTGCGTACCTGTAGTCCCAGCTACTCAGGAGGCTGAGGTGGGAGGATCACTTGAGCCTGGGAGGTGAAGGCTGAAATTAGCCATGATCATGCCACTGCACCCCAAGCCTGGGCAACAGAGCAAGACCTTGTCTCAAAAAAAAAAAAAAA"
"GL873521","10097455","10097754","chr11","114714719","114715027","67","104617264","GGCCTGGGTGTGGTGGCTCACACCTTAATCCTAGCACTCTGGGACGATGAGGCAGGTTTGCTTGACCTCAGGAGTTTGAGAGCAGCCTGAACAAGAGTGAAACTCTGTCTCTACTAAAAACAGAAAAACTAGCCTAGTGTAGTGGTGCACCCCTGTAGTCCCAGCTGCTCAGGAGGCTGAGGCAAGAGGATCACTTGAGCCCAAGAGATTGAGGTTACTGTGAGCTGTGAGGCTGTGTTACTCTACCCAGGGCAAGAGAGTGAAGCCATCTCAAAAAAAAAAAAAAAAAAAAAAAAAAAA","GGCCAGGTGTGGTGGCTCACACCTGTAATCCCAGCACTTTGGGAGGCTGAGACAGGTGGATTGCTTGAGCCTAGGAGTTCGAGACCAGCCTGGCAACATGGCGAAACCTTGTCTCTACAAAAAATACAAAAATTAGCCAAGTGTGGTGGTGCACACCTGTGGTCCAAGCTACTCGAGAGACTGAGGTGGGAGGATTGCTTGAGCCCAGGAGGTTGAGGCTGGGGTGAGTTGAGATCATGCCACTGCATTCCAGCCTGGGCAACAGAGGAAGACCCTGTCTCAAAAAAAAAAAAAAAAAAAAAAAAAAAA"
"GL873521","10225742","10225927","chr15","49930173","49930354","59","39704431","TGGCTTACACCTGTAATCCTAGCACTTTGGGAGGCCACAGCAGATGGCTGCTTGAGCTCAGGAGTTCAAGCCTAGCCTAAGCAAGCCAGAACCATTGCCACTAAAAACAAAAAAAATAGCTGGAGTTGTGGGCACCTGTAGTTAGTTCCAGCTACTTAGGAGGCTGAGGAAAAAGGATGGCTTGAT","GCCTGTAATCCCAGCACTTTGCGAGGCCGAGGCCAGGCAGATCACTTGAGCCCAGCAGTTCAAGACCAGCCTGGGCAACATGGCAAAACTCCTTCTCAACAAAATACATAAAAATTAGCTGGGTGTGGTGGCATGTACTTTCAGTCCCAGCTACTCAGGAGGCTGAAGCAGGAGGATCATTT"
"GL873521","10226192","10226278","chr4","154285033","154285123","27","144058841","GAGGATGGCTTGAGCCCAAGAGTTTGAGGTTGCTATGAACTATGATGTCATGGCACTCTATCCCTGGCCACAGAATCAGACTCTGTC","GGAGGATCACTTGAGCCCAGGTGGTTGAGGCTGCAGTGAGCTGTGTTTATACCACCACACTCCAGCCTGGGCCGCAGAGTGAGACTTTGTC"
"GL873521","10399308","10399475","chr9","96945917","96946089","50","86546609","GGCCAGGTATGGTAGCTCACACCTGTAATCCTTGTACTCTGGGAGGCTTAGGAGCAAAGATCACCTAAGTGTAGGCATCTGAGACCAGTTTGAGCAAGTGAAACCCCATATTTACTAAAATTAGAAAAATTAGCTAAATGTTGTGGCAGGAACCTATCGTCCTAGCTA","GCCGGGTACAGTGGCTCACACCTGTAATCCCAGTACTTTGGAAGGCCAAGGCCAGAGGATTACTTAAGGCCAAGAGTTTGAGACCAGTCTGGGCAACATGGTGAAACCCCATCTGTACAAAAAATACAAAAATTAGCTGGGCATGAGGGCATTTGCCTGTGGTCCTAGCTACT"
"GL873521","10449464","10449583","chrX","134402652","134402771","17","123953188","GGCCAGAGGTGGTAGTTCATGCCTATAATCCCAGCAATTTGGGAGGCTGAGGGGGGAGGATAGCTTGAGGCCAGGAGTTTGACCCCTGCCTAGGCAACATAGTGAGACCCTATCTCTACT","GGCCAGATGTAGTGGCTCATGCCTGTAATCCCAGCACTTTGGGAGGCTGAGGTGGGAGGATCACTTGAGCCCAGGAGTTTGAGACCAGCCTGGGCAACATAGCAAGACCCTGTCTCTACT"
"GL873521","10449618","10449745","chr1","23164480","23164594","46","12714862","CCAACCATAATCGAGCACCTACAGTTCTAGCTACTCCGCAATCTCAGGCAGGGGAAGATTGCTTGAGTCTAGGAGTTCAGGGTAAGCTACTGCCCTTCAGCCTGGGAAACAGAGGAAGACCTTGTCTC","GGCCAGGCACAGTGGTGCCTACCTACAATCCCAGCACTTTGGAAGGCTGAGGCAGGAGGATCGTTTGAGGCCAGGAGTTCAAGATCAGCCTGGGTAACATATCAAGACCTGTCTC"
"GL873521","10796827","10797050","chr7","39187608","39187844","67","28390781","ACTCTGGGAGGCCAAGACAGGTGGATTGCTTAAGCTCAGGAGTTGGAGACCAGCCTAAGCAAGAGTGAGACCTCGTCTCTAAAAATATCTGGGCATTGGTTGGGCACCTGTAGTCCCAGCTACTCAGGAGGCTGAGGCAATAGGATTGCTTGAGCCTAAGGATTCCTGTGAGCTATGATCCCACAGCACTTTACCAAAGGTGACAAAGTGAGACTCTATCTCAA","CACTTTGGGAAGCCAAGGCAGGAGGATTGCTTGAGTGAAGGAGTTCAAGACCAACCTGGGCAAGATTGGGAGAAAAAAATTAAAAATTAGCTGGGCATGGTGGTGCATGCCTGTAGTCTCAGCCACTGGGAAGGCTGAGGCAGGAGGATCGCTTGAGCCTGAGAGATTGAGGCTGCAGTGAGCCTTGATTGTGCCACTGCACTCCAGCTTGGGCAACAGAGTGAGACCCTGTCTCAA"
"GL873521","10797081","10797110","chr4","40399247","40399277","7","29602166","CTGGGTGCAGTGGCTCATAGTTGTAATCCT","GGCTGGGTGCAGTGGCTCACATCTATAATCC"
"GL873521","11204849","11204966","chr7","73480490","73480609","28","62275641","GGCCAGGCATAGTGGCCTCCAAAAATCTTAGGACTTTGGGAGGTAGAGGTAGGAGAACTACTTGAGCCAAGGAATTCAATACTAGCCTGACCACAATAATGAGACCCTACCTCTACCA","GGCCAGGCACAGTGGCTCATGCCTATAATCTCAGTGCTTTGGGAAACTGAGGCAGGAGGATCACTTGAGCCCAGGAGTTCAAGACCAGCCTGGACAGCATAATGAGACTCCACCTCTACA"
"GL873521","11205003","11205140","chrX","7019379","7019524","37","4185624","TAGCCAGGCATGGTGGCACATACCCAAGTCCCAGTTACAGAAGAAGCTGAGGGAAGGGTATCAGGCCCAGAAGTTCAAGGTTGCCATGAGAGATGATCACACCACTGCAGTTCAGCCTGGGCAGCAGAGAGACCCTAT","TAGCCAGGCATGGTGGCACATGCCTGTAGTCCCAGCTACTCAGAAGGCTGAGGTCGGAGGATCTCTTGAGCCCTGGGGTGCAAGGCTGCAGTGAACCATGATCACACCAGTGCACTGCAGCCTGGGCAACACAGCAAAACCCTGTC"
"GL873521","11332611","11332889","chr9","110082691","110082973","78","98750080","GACGGGGAGCCATGGCTTGAGACTGTAATCCTAGTACTCTAGGAGGCCAAGGTGAGTGGATTACTTAAGCTCAGGAGTTAAAGTCCAGGCTGAGCAAGAGTGAGACCCTGTCTCTCCCCCAGATAGGAAAACTAGCCGGACATTGTAGTAGGCACCTGTAGTCCCAGCTTCTGAGGAGGCTGAGGCAAGAGGATTGCCTGAGCCCAACAGTTTGAGGTTGCTGTGAGCTAAAATGCCATGGAACTCTACCCATGGTGATGGAGTAGGATTCTGTCTCAA","GACTGGGCATGGTGGCTCCCAAAGTGTAATCCCAGCACTTTGGGAGGCCAAGGTAGGTGGATTGCTTGAGCCCAGGAGTTTGAGACCAGCCTGGGCAACATGGTAAAACCCTGTCTCTACAAAGAATACAAAAATTAGCTGGGCATGGTTGCATGCACTTGTGGTCCCAGCTACTCAGGAGGCTGAGGTGGGAGGGTCACTTGAGCCCAGGAGATTGAGGCTGCAGTGAGCTGAGATCGTGCCACTGCACTCTAACCTGGGTAATGGAGTGAGACCCTGTCTC"
"GL873521","11332916","11332939","chr22","30701628","30701648","4","19368712","ATAAAACTAAAAAGTAAGAAAAAA","AAAAACTAAAAAGAAAAAGAA"
"GL873521","11407564","11407699","chr17","81073514","81073640","45","69665950","AAAAACTAATGGCTGGGCATAGTATGTGTAGGTAGACTAGGCTACTTAGGAGGTCAAGGCAGAAGAATCACTTGAGCTCATGAATTTGAGGCTAGCATGGGCAATGATACCTCAGGTCTCAATAAAATATAAAAAA","GCCAAGCACAATGGCTCATGCTGGTAATTCTAGTACTTTAGGAGGCCAAGGCAGTAGGATCACTTGAGGCCAGGAGTTTGAGACCAGCGTGGGCCACACAGAGACCCTCCCTGTATAAAAAAAAAAA"
"GL873521","11442747","11442764","chr1","62222108","62222122","3","50779361","CCCATAAAATAAAATAAA","ATAAAATAAAATAAA"
"GL873521","11442802","11443056","chr17","73117863","73118118","82","61675061","GGCTGGGCGTGGTGTTTCATGCATGTAATCCTAATACTTTCAGAGGCTGAGGTGGATGCACTGCCTGAGCTCAGGATTTTAAAGCCAGCCTGAGGAAGAGCAAGACCCCATCTCTAAAAAATAGCTGGGCATTGTGGTGGGTGCTTGTAGTCCCCATTGTGGTGGGTGCTTGTAGGTAGCTCACGAGTTTGAGGATGCTGTGAGCTATGATGCACCACACTTCTTTCTACCCAGGGAGACAAAGCAAGACTCTGT","GGCCGGGCGTGGTGACTCATGCCTGTAATCCCAGCACTTTGGGAGGCCGAGGCGGGTGGATCACCTGAGCTCAGGAGTTCAAGATCACCTTGGGCAATGTAGTGAGACCTCACCTCTACAAAAATGAGCCAGGCATGGTAGTGCATGCTTGTAGTCCTGACTGAGGCAGGAGGATGATGAGCCCAGGAGGCAGAGGCTACAGTGAGCCATGATCGCTCCATCGCACTCTAGCCTGGGTGATGTGACACCCTGTCTC"
"GL873521","11751009","11751243","chr8","26546785","26547018","61","14795776","CAAGACCAGCCTGAGCAAAGCTAAACCCTGTCTCTACTAAAAATAAAAGGATTAGCTAGGTATGGTGGCATATGCCTGTAGTCCCAACTGCTCAGGAGTCTCAGGCAAGAGGATTGCTTGAGCCCATGAGTTAGAGGTTGCTGTGAGCTTTGATGTCATGGCACTCTATCCAGGGCAACTGAGTGAGACTGTCTCAAAATAAATAAATAAATAAATAAGAAAGAAAGAAAGAAAA","CAAAATCAGCCTGGGTCACATGGTAAAACCCCATCTCTACAAAAAATACAAAAATTAGCCAGGTATGGTGGCTTACACCTGTACTTCCCAGCTACTTGGGGGGCTGAGGCGGGAGGATCGCTTGAGCCCAGGAGGTAGAGGTTGCAGTGAGCTGAGATCGCACCACTGCACTCCAGCCTGGGTGACGGAGTGAAACCCTGTCTTAAAAAAAAAAAAAAAAAAAAAAAAAAAGAA"
"GL873521","12019379","12019705","chr16","68023292","68023602","103","56003913","GCTCACACCGATAATCCTAGCTCTGGGAGGCTGAGGGGGCAGGATCTCTTGAGCTCAGGAGTTTGAGACCAGACAGAGCAAGAGTGAGACCTTGTCTGTACTAAAAATTAACCAGGTGTGGTGGAAGGTGCCATCGTCTCAGCTACTCTGGAGGCTGAGGCAGGAGGATCCCTTGAACCCAGGAGGTTGAGGTTGCTGTGAGCCAGGCTAATGCCAAGATCTGGGGCATCAGAGTAAAACTGAGGTTGCTGTGAGCCAGGCTGATTCTAGCCTGGGCAACAGAGTAAGACTCTGTCTCAAAAACAAACAAACAAAAAACAAAAAAAA","CGGTGGCTCACACCTGTAATCCCAGCACTTTGGGAGGCTGAGGTGGGAGGATCACTTGAGCTCAGAAGTTTGAGATCAGCCTGGGCAACATGGCAAAACCTATCTCTAGAAAAAATACAAAAACTAGCCAGAGTGGCACGTGCCTGTTGTCCTAGCTACCCAGGAGGCTGAGGTAGGAGGATCACTTGAACCTGGGGGCAGAGATTGCAGTGAGCCATGATTGTGCCACTGCACTCCAGTCTGGGCAACTCCAGCCTGGGCAACAGAATGAGACTCTGTCTCAAAAATAAAAAAGAAAAGAAAAGGAAAAA"
"GL873521","12059316","12059592","chr5","143468399","143468692","69","131409083","GGCTAGGTGCAGTGGCTCATGCCTGTAATCCCAGCACTCTGGGAGGCTCAGGCAGGTGGATTACTTGAGCTCAGGAGTTGGAGACTAGCCTGAGAAAGAGTGAAACCCATCTCTACTAAAAATAGAAAAACTAACCAGGTGTGTGGTGGTCCCCTATAGTCCCAAATACTGGGGAGACAAGAGAATTGTTTGAGCCCAAGAGACTGAGGTTAGCTGTGATGACTCCATAGCACTCTACCCAAAGTGACAGAGTGAGATTCTGTCTCAAAAAAGGAAA","GGCCAGGCACAGTGGCTCATGCCTGTAATTCTAGCACTTTGGGAGGTCAAGGCAGGCAGATCACTTGAGCTCAGGAGTTCGAGACCGGCCTGGGCAACAGGGTGAAACCCCATCTCTACAAAAAAATACAAAAACTAGCCAGGTGTGGTGAAGTGTGCCTGCAGTCCCAGCTACTCAGGAGGCTGAGGCAGGAGAATTGCTTGAGCCTGGAGGCTGAGGTTGCAGTAAGTCAAGATCATGCCATTGCACTCCAGCCTGGGTGACAGGAGTGAAACCCTGTCTCAAAACAAAGAA"
"GL873521","12087639","12087865","chr4","25649068","25649301","60","13561429","GGCTGGGCTAGGTATACCATGCCTGTAATCCTAGCATCCTTAGAGGCAGAAGCAGGATTCCTTTAGCTCAGGAGATTAAGACCAGCCTGAGCAAGGGTGACACCCCATTTCCATCAAAAATAGAAAAACTAGCTGGGCATAGTGGTGGGCATCTGTAGTCCTAGCTACTCGGGAGGCTGAGGCAAGAGGATCCTTGGAGCCCAGGAGTTTGGGGTTGCTATAAGCCG","GGCCGGGCATGGTAGCTCACGCCTGTAATACCAGCACTTTGGGAGGCTGAGGCGGGCTGATCACTTGAGTCCAGGAGATAGAGACCAGCCTGGGCAACATGGCAAAATCCCATCTCTATAAAAAAAACACAAAAATTAGCTGGGCATGGTGGTGTGCACCTATAGTCCCAGCTACTTGGGAGGCTGAGGCAGGAGAATCTCCTGAGCCCAGGAGGTGGAGGCTGCAGTGAGTCG"
"GL873521","12170072","12170342","chr3","111501569","111501837","73","99331497","GCCAGATGCAGTAGCTTACAGCTATAATCCCAGTACTTTGGAAGGTCAAGGCAAGAGGATTGGTTGAGACCAGGAGTTGAAGACCAGACTGGACAATGTAGTAAAACCCTATCCCTACAAAAAATAGAAAAAATTAGCTGGGTGTCATAGCTCTTGCTTATAGTCCCAGCTACCTGAGAGGCTGAGGGAAGAGGATCACTTGAACCCCTGAGATTGATACCATGGTACTCCACCTTGGGTGACAAAGTGAGACCCTTTCTCAAAAACAAAA","GGCTGGGTGTGATGGCTCACATCTATAATCCCAGCACTTTGGGAGGCCAAGGCAGGTGGACTGTCTGAGACCAGGAGTTTGAGACCAGCCTGGGCAACATGGTGAAACCCTGTCTTGACAAAAAAAATAAAAAATTAGCTGGGAGTGGTGGTGTGCACCTGTAGTCCCAGCTATGCGGGAGGCTGAGATGGGAGGATCGCTTGAGCCCGGCAGGCAGAGGTTCACTCCAGCCTGGGCGACAGAGTGAGACCCTGTCTTAAAAACGAAAA"
"GL873521","12688417","12688615","chr16","83498862","83499063","66","70810445","AAATCAGCCTGAGCAAAAGCAAGATCCAGTCTCTACAAAAAACTAGAAAAATTAGCCAGGCATGGTGATACACTCAGGAGAATGAAACAAGAGGATCACTTGAGCCCCGGGGTTTGATGTTGCACAGTGAGCTATGGCGATGCTGCTGCTCGGATAACAACGCGAGATGAGACCCCGTCTCAAAAACAAACAACAAAAA","ACTAGCCTGGGCAACACAGCAAAACCCCATCGCTACAAAAAATACAAATATTAGCCAGGTGTGATGGTGCATGCCTAGGGAGGCTGAGGTGGGAGGATCACTTGAGTCCAGGGAGGCTGAGGCTGCAGTGAGCTGAGATTATGCCACTGCACTCCAGCCTGAGTGACAGAGTGAGAACCTGTCTCAAGAAAATTAAAAAAAA"
"GL873521","12689719","12689822","chr7","26479088","26479188","21","13789369","GCTGAGTACAGTAGCTCACTTCTTTCATCTCAGCACTATGAGAGGCTGAGTCAGGAGGATCACTTGAGGCCAGGATTTTGAGACAAGCCTGGGGAACATAGTGA","GCTGGGTGCTGTGGCTCACATGTATAATCACAGCACTTTGGGAGGCTGAGGCAGGAGGATCACCTGAGGCCAGGATTTCAAGACCAGCCTGGGCGAAATGG"
"GL873521","12747705","12747831","chrX","118392849","118392966","30","105645144","GCCAAGCATGGTAGCACAAGCTTTGTAGGCCCAATTACTTGGGAGGCTAAGATGGGAGGATCACTTGAGCCCAGGAGTTTGAGGCCAGCCTGAGAAACACTCCAAGACCCTCTTTATTTAAAATATA","GCCAAGCATGGTGGCTCATGCCTGTAATCCCAGTACTTTGGGAGGCTGAGATGGGAGGATAGCTTGAGCCCAGGAGTTTGAGACCAGCCTGGTAACACAGTGAGACCTCATCTCTACA"
"GL873521","12758304","12758462","chr7","65488595","65488751","43","52730291","ACTTAGCTGAATATAGTAGCACAAGCCTGTATTTCCAGCTACTCAGGAGGCTGAGGCAGGAGGATCACTTGGGCTTACAAGTTGGAGGTTGTGGTAAGCTATGATGATGCCACTGCCCTCTGCCCCAGGCAAATGTGATGCCTTGTCTCAACAACAAAA","TTAACTGGGTATAATGACACATGCCTGTAGTCCCAGCTACTAGAAAGGCTGAGGTAGGAGGATTGCTTGAGCCTGAGAGGTTGAGGATGCAGTGAACCATGATCAGGCCACTGCACTCAGCCTAGGCAACACAGTGAGACCCTGTCTCAAGAAAAAA"
"GL873521","12758495","12758600","chr16","15961202","15961315","30","3202707","GTGGCTGGTGCATATAATCCTACCACTTTGGAAGGAGGAGGGAGAATCATTGAAACCAGGAGTTCAAGAACAGCCCAGGCAGGCTATAGTGAAATCTCATCTCTAC","GTGGCTGGGCATGCCTGTAATCCTAGCACTTTGAGAGGCTGCAGCGGAAGGATCGCTTGAGCCCAGGAGTTCAAGAACAGCCTAGGCAACATAGCAAGATCCCTGTCTCTACAA"
"GL873521","12822938","12822952","chr1","210017045","210017059","2","197194107","TAAAACAAAAGAAAA","TAATAAAAAAGAAAA"
"GL873521","12822989","12823283","chr7","75828649","75828941","71","63005660","GGCCAGGCAAGGTGGCTAACTGCTGTAATCTTAGCACTCTAGGAGGCTGAGGCAAGAGAATTCCTTGAGGTCAGGAGTCAGAGACCAGCCTGAGCAAAAATGACACTCCACCTCTATGAAAAATAGAAAACAAAAATTAGCCAGGTGTGATGGCCCATTTCTGTAGTCCCAGCTACTGGGGAGGCTGAGGCAGGAGGATAGCTTGAGCCCAGGAGCTTGAGGTTGCGGTAGCTAGGCAGATGGCTCAGCACTCTTTCTAGCCTGGGCAACAGAGCAACATTCTATCTCAAAAAAT","GGCTAGGCATGGTGGCTCATGCATGTAATCCCAGCACTTTGGGAGGCTGAGGCGGACGGATCACTTGAGGTCAGGAGTTCGAGACCAGCCTGGTCAACATGGTGAAACCCCATCTCTACTAAAAATATAAAAATTAGCCAGGTGTGGTGGCGCATGCCTGTAGTCCCAGCTACTTGGGAGACTGAGGTGGGAGGATCCCTTGAGCCTGGGAGGTTGAGGCTGCAGTGAGCTGTGATGGCACCACTGCACTCCAGCCTGGGCAATAGAGCAAGACCCTGTCTCATAGGAAAAAA"
"GL873521","13041237","13041319","chr5","49472177","49472254","12","36430940","GGCCAGTCATGGTGGCTCATGCCTATAATCCTAGCACTCTGGGAGGCTGAAGCAGGAGGATCACTTGAGCTCAGGAGTTTGAG","GGCCTGGCATGGTGGCTCATGCCTGTAATCCAGCATTTTGGGAGGCTGAGGCAGGAAGATCACTTGAGCTCAGGATTT"
"GL873521","13102109","13102207","chr16","30194624","30194720","25","17092515","TGAGCCCAGGAGTTTGAGGTTGTTGTGAGCTGAGCAGACCACACAGCATTCTAGCTTGGGCAACAGAGTGACATTGTGCTTCAAAAAAAGAAAAAAAAA","TGAGCCCAGGAGTTTGAGACTACAGTGAGCTATGATTACACCACTCCTCTCCAGCATGGGCAACAGAGTGAGACACTATCTCAAAAAAAAAAAAAAA"
"GL873521","13102475","13102686","chr2B","236887995","236888203","46","223785520","GGCCAAGTGTGGTGGCTCATGCTTGTAATCCTAGCACTCTGGGTGGCTGAGGCAGGGGGATCACTTGAGCTCAGGAGTTCAAGACCAGCTTGAGCAAGAGTGAGAACCCATTTCTACTCAAAATAGAAAAAAATTAGACAGGCACTGTGGTGAGTGCCTGTAGTATGAGCTACTTTGGAGGCTGAGATAGGAAGATCACTTGAGCCCAGGAG","GGCTAGGCGCAGTGGCTGAAGCCTGTAATCCTAGCACTTTGGGAGGCCGAGGTGGGCGATCACTTTGGCTCAGGAGTTCGAGACCAGCCTGGGCAATATGGCAAAACCCCATCTCTACACAAAATACAAAAATTACTCAGATGTGGTGGTGAGTGCCTGTAGTCCCAGCTACTTTGGACGCTGAGGTGGGAAGATCACCTGAGCCCAGG"
"GL873521","13327200","13327291","chr3","43397692","43397785","20","30070492","CTATCACTTTAGGAGGTGAGGTGGGAGGATCACTTGAGGCAAGGAGTTCAAGAGCAACCTAGGCAACATAGGAACCCCTCTGTCTCTCCAAA","CCCAGCACTTTGGGAGGCTGAGGTGGGCAGATCTCTCGAGCCCAGGAGTTCAAGACCAGCCTGGGCAACATGGTGAAACCCCGTCTCTACCAAA"
"GL873521","13327700","13327732","chr1","70851001","70851033","8","57523301","GCTGGATATGGAGTCTCACACCTGTAATTCTAT","GCTGGGCATGGTGGCTCATCCCTGTAATTCCCT"
"GL873521","13722076","13722356","chr17","55905881","55906166","74","42183805","GTCTGGCGTGGTGGCTCAAGCCTATAATCCTAGTACTCTGGGAGTCCAAAGTGGGTGGATTGCTTGAGCTCAGTAGTCTGAGACCAGCCTGAGTAAGACCCAGACATCGTATCTACTAAAAATAGAATAAACTACCTGGGCATTGTAGCGGGTGCCTACAGTCCCAGCTACGTGGGAGGTTGAGGCAAGAGGATCACCTGAACCTAGAGAATGAGGTTGCTGTGAGCTATGATGAGGTCAAGGCACTCTACCCAGAGTAACAGAGTGAAATTCTATCTCAA","GGTCAGGCATGGTGGCTCAGGCCTGTAATCCCAGCACTTTGGGAGGCCAAGGTGGGCAGATTGCTTGAGCCCAGGAGTTTGAGATCAGCTTGGGCAACATAGTGAAAACTCATCTCTACAAAAAATTAAAAAAATTAGCTGGGCATTGTGGCACGTAACTGCAGTCCCAGCTACTTGAGAGGCTGAGGTGAGAGGATCACCTGAGGCCGGGAAGTCGAGGCTGCAGTGAGCTGTGATTGGGCCACTGCACTCCATCCTGGGCGACAGAATAAGACCCTGTCTCAAA"
"GL873521","13722635","13722652","chr6","90847853","90847870","1","77125218","AAAAAAAAAAAAAAAAAA","CAAAAAAAAAAAAAAAAA"
"GL873521","13789517","13789832","chr12","121838917","121839229","75","108049400","GCTGGGTGTGGTGGCTCATATCTGTAATGATAGCACTCTGGGAGGTCAAAGCAGGGAGATTACTTGAGCTCAGGAGTTAGAGAGCATCCTGAGAAAGAGTGAGATCCCTATCTATACTAAAAACAGAAAAACTAGCCAGTTGTAGTGGCAGGCACCTGTAGTCCCAGCTACTTTGGGAGTCTGAGACAAGAGGATCTCATAAGCCCAAGAGTTTGAGGTTGCTGTGAGCTGCGATGCCACAGCACTCTACCTGGGGTGACAGAATGAGACTTTGTCTCAAAAAAATAAAAAATAAAATAAAATAAAATTTAAAAAA","GGCTGGGTGTGGTGGCTCATGCCTGTAATCCCAGCACTTTGGGAGGCCAAGTCAGGAGGATTATTTGAGCCTGGGAGTTTGAGACCAGCCTGTGCAACATGGTGAGACCTCATCTCTACAAAACATAAAAAATTAGCCAGGCATGGTGGCATGTGCCTGTAGTCCCAGCTACTTGGGAGGCTGAGGCAGGAGGATCAGTCGAGCCCAGAAGATTGAGGCTACAGTGAACTGTGTTCATGCCACTGCACTCCAGCCTGGGTGACAGAGTGAGACCTTGTCTCCAAAAAAATCAAATAAATAAAAAAATAAAAAA"
"GL873521","13902129","13902272","chr17","73619699","73619842","30","59717570","GGCCAGGCATAGTGGCTCGCACCTATAATCCAGTACTATGGGAGACCAAGGCTGGAGGATCAATTGAAGCCAAGAGTTAAAGACCAACCTGGGCAACATAGAAACACTTCACCTATATAAAAAAAAAAAAAAAGAAAGAAAAAA","GGCCAGGTATGGTGGCTCACACCTGTAATTTCAGCACTTTAGGAGGCTGAGGCAGGAAGATCACTTGAGGCCAGGAGTTCAAGACCAGCCTGGGCAACATGGCAAGGCTTCATTTCCACAAAAAAAAAAAAAAAAAAAAAAAAA"
"GL873521","13902315","13902339","chr7","66627085","66627108","7","52724770","AAAAATTAACCCAGCATGGTGGCGC","AAAAAATTAGCCAGGCATGGTGAC"
"GL873521","13902374","13902499","chr7","68063538","68063660","30","54161164","AGTCCCAGCTACCATAGAGGTTGAGCCAGGAGGATCACTGAAGCCCAGAGCCCAGAAGTTTGAGGTTGCAGTAAGCTATGATCATGCCACTGTACTCTAGTCTAGGTGACAGAAGGAGACCCTGTC","GTAGTCCCAGCTACAAGGGAGGCTGAGGCAGGAGGATGGCTTGAGCCTGGGAAGTTGAGGCTGCAGTAAGCTATGATCATGCCACTGCACTCCAGCCTGGGTGACAGAGTGAGATTCTGCCTC"
"GL873521","14127800","14127881","chr3","123515043","123515137","26","109387243","GGCTAGATATGGTGGCTCATGCCTATCTGGAAAGCTGAGGCAGGAGGATTGCAAGAGGCCAGAAGTTTAATACCAGGCTAAG","GGCCAGGTATGGTGGCTCATGCCTATACTCCCAGCCTTTTGGGAGGCTGAGACAGGAGGACTGCTTGAGGCCAGGAGTTTAAGACCAGCCTGACT"
"GL873521","14128162","14128352","chr4","26023510","26023691","57","11895348","GGGCTGAGAATGAGATCCCATCTTTACAAAAAATTACCCAGGTATAGTGGCATCATCCTAGCTACTTGGGAGGCTGGGGCAGGAGGATTTCTTGGGCCCAGGAGTGTGAGGCTACGCTGAGCTATGATACCACTGCACTTTAGCCTGGATGATACAGCAAGATTTTACCTCAAAAAAAAAAAAAAAAAAAA","GGGTGGGAAAAAATTATCTGGAAATGGTGGCATATGCCAGTGGTCCTAGCTACTTGGGAGACTGAGGCTGGAGGATCACCTGAGCCCAGGAGTTAGAGGCTGCGGTGAATCGTGATCATGCCACTGCACTCTAGGCTGGGCAATAGAGCAAGACCCTATCTCGAAAAAAAAACAACAAAAAA"
"GL873521","14184019","14184216","chr17","61651681","61651883","50","47467662","GGCTGGGCATGGTGGCTCATGCCTGTAACCCTAGCACTCTGTGAGGCCAAGGCAAGTGGATCACCTGAGCTCAGGAGTTTGAGAACAGCCTGAGCAAGAGTGAGACTCCATCTCTAAAAATAGTTGGGCATTTGTGGTGAATGCCTATAGTCTCAGCTACTCAGCTACTTAGGAGGCTGAGGCAAGAGGATTGCTTGA","GGCTGGGTGCAGTGGCTCACGCCTGTAATCCTGGCACCTTGGGAGGCCAAGGTGGGAGGATCACTTGAGCCCAGGAGTTTGAGATCAGCCTGAACAACGTGGTGAAACTCCATCTCTACAAAAAATACAAAAATTAGCTGGGCTTAATGGCATATGCCTGTGGTCCCAGCTACTGAGGAGGCTGAGGTGGGAGGATTGATTGA"
"GL873521","14185943","14186062","chr8","25834967","25835086","23","11649024","GGCAGGGTGCAGTGGCTCACACCTATAATCCCAGCACTCTGGGAAGCTGAGGTGGGAGGATTGCTTTGAGATCAGGAGTTTGAAACTAGCTTGAGCAAAGCAAGACCCATCTCTACTAAA","GGCCAGGTGCAGTGGCTCATGTCTGTAATCCCAGCACTTTGGGAGGCTGAGGTGGGAGGTTTGCTTGAGCCCAGGAGTTTGAGACCAGCCTGGGCAACATAGCAAGACCCTGTCTCTATA"
"GL873521","14186086","14186221","chr14","74199793","74199926","31","60013707","AATTAGAGAGGTGTGATGCCACACACTGTAGTCTCATCTACTTTGGAGGCTGAGGCACAAGGATTACTTGAGCCCAGGAGCATGAGGTTGCTGTGAGCGAGGCTGAGGCCACAGCACTCTAGCCTGGGCAACAGAG","TTAGCCAGGTATGGTGGTGCACACCTGTAGTCCCAGCTACTTGGGAGACTGAGGCAGGAGGATTGCTTGATCCCAGGAGTTGAGGCTGCTAAGAGCTATGATCATGTCACTGCACTCCAGCCTGGGCAACAGAG"
"GL873521","14534133","14534413","chr5","43470606","43470891","71","28936473","GGTAGCTCATGTCTATAACCCTGACACTCTGGGAGGCTAAGGGAGAAACATCCCTTGAGCTCAGGAGTTCAAGACCAGTCTAAGCCAAAAGGGAGATCCATCTTTACCAAAACAGAAAAATTAGCTGGGCATGGTGATGTGTGCCTGTAGTACCAGCTGCTTGGGAGGCTAAGGAAGGAGGATTGTTTGAGCCTAGGAGTTTAAGGTTGCTAAGAGCTAGACTGAGGCCATGGCACAGTAGCCCAGGCAATAGAATGAAACTCTGTCTCAAAAAAAAAAAA","GTGGCTCTTGCCTATAATCCCAGCACTTTGGGAGGCTGAGGAGGGCAGATTGCTTGAGCCCAGGAGTTCAAGACCAGCCTGGGCAACATGGGAAAACCTCGTCTCTACAAAAAACACAAAAATTAGCTGGGCATGGTGGCATGTACCTGTAGTCCTAGCTACTTGGGAGGCTGAGGCAGGAGGACTGCTTGAGCCTCTGGAGGCGGAGGTTGCAGTGAGCTGAGACCGCGCCACTGCACTCCAGCCTGGGTGATAGAACAAGACCCTGTCTCAAAAAAAAAAAAAA"
"GL873521","14534507","14534523","chrX","153619065","153619080","3","139084558","CCCAAAATAAAATAAAA","ACATAATAAAATAAAA"
"GL873521","14646173","14646307","chr1","9156973","9157091","40","5489200","GGATGTAGTAGCTCACACCTGTAATCCCAGCATCATGGGAGGATCACTTGAGGCCAGGAGTTTGAGACTGGCTTGGGCAATATGGTGAGGCCCCATTCTTACAAAATAGGAAAAGAATTAATTGGATATGGTGGC","GGCTGGGTGAGGTGGCCTCACGCCTGTAATCCCAGCACTTTGGGAGGCCAAGGCAGGAGTTTGAGACCAGCCTGGGCAATACAGTGAGACCCCATCTCCAAAAAAAAAATTAGTGGGGC"
"GL873521","14703100","14703421","chr17","68155983","68156305","73","53452883","GGCTGGGCACAGTGGCTCATACCTGTAATCCTAGCACTTTGGGAGGCCAGGAAGGGAAGATAGCTTGAGGCCAGGAGTTTGAGACCAGGATGAGCGAGGTAGCGAGACCCCCCATCTCTATCAAAAATTAAAAAAAAAAAAAAATTAGCTGGGTATAGTGGTGAGGGCCTATCATCCTAGCTACTTAGGAGTAAGACAGGAGGATCACTTGAGCCTAGGAGGTAAGGTTGCAGTGAACTATGATGATGACCCTGCACTCTTGCCTTAGCAAGATGGTGAGACCCTGTCTCAAAACAAACAAACAAACAAACAAACATAAAAA","GGCTGGGCACCGTGGCTGACATCTGTAATCCCAGCACTTTGGGAGGCCAAGGCGGGTGGATCACTTGAGCCCAGGAGCTCGAGACCAGCCTGACCAACATGGCAAAACCCCATCTCTACCAAAAAAAAAAAAAAAATACAAAAAGTTAGCTGGGCATGGTGGAGAGGGCCTGTAGTCCCAACTACTCAGGAGGCTGAGGTGAGAGGATCACCTGAGCCACAGGAGGTCGAGGCTGCAGTGAGCCATGATCACACCATTGCACTCCAGCCTGAGAGAAAGTGAGACCCTGTCTCAAAAAAACAAACAAACAAAAACAGCAAAAA"
"GL873521","14778613","14778888","chr15","42746072","42746354","63","27967459","GGCCCAGCACAGTGGCTCACACCTATAATCCTCGCATTCTAGGAGACTGAGGTGGGAGGATCACTTGAGCTCAGGAATTTGAGATCAGCTTGAGCAATAAGGTGACCCCATCTCTACTAAAAATAGACTAATTAGCCAGGCATTGTGGTGGGCACCTGTGGTCCCAGCTAGTTGAGAGGCTCATGTTGGATTCCTTGAACCCAGGAATTTGAGGCTGCTGTGAGCTGGGCTGATGCCACAGTATTCTAGCCTGGGCAACAGAGTATGACTCTGTCT","GGCCAGGTACAGTGGCTCACACCTGTAATCCCAGCACTTTGGGAGGCCAAGGCAGGAGGATCACTTGAGCCTAGGAATTCAAGACCAGTCAGGGCAATATGGTGAAACTCCATCTCTACAAAAAATACAAAAATCAGCCAGGTGTGGTGGTGTGCGCCTGTGGTCCCAGCTACTTGGGAGGCTGAGATGGAAGGATCACTTGAGCCCAGGAAATGGAGGCTGCAGTGAGCTAAGGCTGTGCCACTGCACTCCAGCCTGGGCAACAGAGTGAGACCCTGTCTCA"
"GL873521","14884261","14884393","chr13","24405237","24405373","27","9520976","GGCTAGGTGTGGTGGCTCATGCCCATAATTCCAGCATTCTGGGAGGCCAATGTGGGAGGATCCCTGGAGGTCAGGAGTTTGAGACCACCCTGAGCAAAGCGAGACCCCATCTTCACTAAAAATAGAAAAATTA","GGCTGGGCATGGAGGCTCATGCCTATAATCCCAGCACTTTGGGAGGCTGAGGTGGGAGGATCGCTTGAGTTCATGAGTTCAAGACCAGCCTGAGCAACACAGTGAGACCTCATCTCTACTAAAAATCAAAAAAATTA"
"GL873521","14884660","14884815","chr1","141772547","141772702","39","126887887","TTAGTTGAATGTGGTGGTGTACACCTGTAGTCCCAGCTACTTGAAAGGCTGAAGAAAGAGGATTGCTTGAGCCCAAGTGCTTGAGGTTGTAGTGAGCTAGGCTGACGCTATGACACTCTGACCCAGGTGATAGAAGAAGACCCTGTCTCAAAAAAA","TTAGCTGGGCATGGTGGCGTGCACCTGTGGTCCCAGCTATTTGAAAGGCTGAGTTGGGAGGATCACTTGAGCCCAGATGGTTGAGGCTGCAGTGAGCCATGATGGCACCACTGCACTTTAGCCTTGGTGACAGAGCAAGGCCCTGTCTGAAAAAAA"
"GL873521","15677856","15678124","chr7","99887814","99888086","73","84209958","TGGCTCATGCCTGTCAACAAAGTACTTTGGTAGATTGAGAAAGGAGGATCTCGTGGACTCAGGAGTTTGAGACCAGCCTGGACGACATGGTAAAAAAACATCTTTAAAAAATTAGCCTAGCATAGTGGTGCACATTGATAATTTCAGCTATTTCGCAGGCTGAAGTGGGAGAACCACTTGTGTTTGGAAGCTCGAGGCTGCAGTGAGCTATGATCTCACACTACACTCCAGCCTGGGTAATATGGTGAGGTCCTGCCTCAAAAACAAAA","GGCTTACACCTGTAATCCCAGTGCTTTGGGAGGCTGAGGCAGGCAGATCACTTGAGCCCTGGAGTTCAAGACCAGCCTGGGCAACATGGTGAAACCCCATCTCTACAAAAAATTAGCCAGGCATGGTGGCTTGCACCTGTAGTCCCAGCTACTCAGGAGGCTGAGGTAGGAGGATTTCATGAGCCTGGAAGGTTGAGGCTGCAGTGAGCTATGATCACACCACTGCACTCCAGTCTGGGTGATAAAGTGAGACCCTGTCTCAAAAAAAAAAAA"
"GL873521","15875728","15875811","chr8","5975319","5975398","26","9900409","CAGTGAGCCGTGGTCTCCCTGTGCATTCCAATGTGAGTGACAGAGAGACCTCCCTCACACTCCCAAAAAAGAAAAAACAAGAAA","GCAGTGAGCCTTGATCGTGCTATTGCACTCTAGCCTTGGTGACAGAGAGAGACCCTATCTCAAAAAAAAAAAAAAAAAAA"
"GL873521","16170363","16170540","chr3","50079465","50079644","47","33909102","AAAAAAAAAAAAAATTACCCAGGTAAGGTGGTAAGGACCTGCAGTCCTAGCTATCTGGGATACGAGGTAGGAGGAGCACTTTGGCCCAGGAATTCCAGGCTATGGTGAACTATGATTACAACTGCACTCTAGCCTGGGCAAAAGAGTAAGAGACTGTCACAAAACACAACAAAACAAA","ACAAAAAGAAAAAACAATTAGCAAGGCCTGGTGGTACACACTTGTAGTCCCAGCTATTTGGGAGGCTGAGGTGGGAGGATCACTTGAGCCCAGGAGTTCAAGGTTACAGTGAGCTATGATCATGCCACTGCACACTAGCCTGGGCATCAGAGAGAGTTCCTGTCTCTAAGAAAAAAAAAA"
"GL873521","16172240","16172374","chr1","29329421","29329551","29","13157181","GGCTGCATGCAGTGCCTCATGTTTGTAATCCCAGCACTTTGGGAGCCAGTGGAGGAGAGGATCACTTGAAGCCAGGAATTTAAGACGGACCTAGCCAACATAATGAGAACTCCTCTATACAAAAAATAATAAAAT","GGCTGGATGCACTGGCTCCTGTCTGTAATCCCAGCACTTTGGGAGGCTGAAACAGGAGGATCCCTTGAAGCCAGGAGTTTAAGATCAGCCTGAGCAACAGAGTGAAACCCTGTCTCTACAAAAAAAAAAAA"
"GL873521","16260421","16260667","chr2A","25887935","25888182","71","9627514","GGATACAGTGGCTCACACCTGTAATCTTAGCAAACACCCTGGGGTGCTAAGGCAGGAGGATCACTTGAGCTCAGGAGATCAAGACCAGCCTGAGGAAGAGTGAAACCCCATTTCTACCACACATAGAAAAATTAGCCAGGTGTCTCTCTCTAGTCCCAGCTACTTGGGAGGCTGAGACAGGAGAATTGCTTAAGCCAGGGAGTTTCAGGTTGCTGTGGCTCAGACCATGGCACTCTAGACTGAGCAA","GGCTGGGCACAGTGGCTCACACCTGTAATCCCAGCACTTTGGGAGGGTGAGGCAGGAGGATCACTTGAGCTCAGGAGTTCGCAACCAGCCTGGGCAATATGGTGAAACCGCATCTCTACAAAAAATACAAAAATTAACCGGGTGTGGTTGTGCATGCCTGTAGTCCCAGCTACTTGGCAGGCTGAGGTGGGAGGATTGCTTGAGCTCAGGAGGTCAAGGCTGCAGTGAGCCATGATTACTCCACTGCA"
"GL873521","16747501","16747629","chr7","102198592","102198722","33","85451091","GCCGGGTATGGTGGCTCACACCTGTAATCCCACCACGTGGGAGGCCAAGGCAAGCAGATTGCCTGAGCTCACAGGTTCAAGACCAGCCTGAGCCAGAGTGAGACTTTGTCTTGGAAAATACCCGGGTGT","GGCTGGGTGTGGTGGCTCACACCTGTAATCCCACCACTGTGGGAGGCTAAGGCAGGCAAATCGCTTGAGCCCAGGAGTTCGAGACCAGCCTAGGCAACGTGGTGAAACTGTCTTTAGAAAATATTAGCCAA"
"GL873521","16747905","16748071","chr1","26355033","26355200","42","9607128","AACTAGGTAGGTGTTGCAGCAGGCGCCTGTAAATCCCAGCTACTTGGGCCAAGGCAAGAGAATCAATCACTTATGCCCAGGAGTTTGAGGTTGCTGTAAGCTATGACGCCCTGGCACTCTACCAAGGGTAACAAAGTCAGATCCTGCCTCAAAAAAAAAAAAAAAAA","AACTAGCTGGGTGTGGCGGCGTGTGCCTGTAGTCCCAGCTACTTGGGAGGCTGAGGCAGGAGGATCACTTGAGCCCAGGAGTTCAAGGCTGCAGTGAGCTAAGATCATACCACTGCACTCCAGCCTGGGTAATAGAGTGAGATCCTGTCTCAAAAAAAAAAAAAAAAA"
"GL873521","16826358","16826516","chrX","96886204","96886345","57","80059846","GGCGCCCTGCCACAAGCTGTAGTCTCCCCTATTTGGGAGGGTGAGGTCGGAGGATCATGTGAGCTCGGCAGTTCAAAGTCACCGGGCACTACAACCTCACCTGGACCAGTCAGGACTGCACGCCAGCCTCCCCAGCGCAGTGAGACTCTGTTTCTAAAA","GGTGCACATCTGTAGTCTCAGTTATTTGGGAAGCTGAGGAGGGAGGATCACTTGAGCCTGGGAGGTCAAGGCGCCAGTGAGCTGTGATTGCACCACTGCACTCCAGCCTGTGCTACAGAGTGAGACTCTGTCTCAAAAAAAA"
"GL873521","16850386","16850705","chr1","224543342","224543654","83","207692956","GCCAGCTGTGGTGGCTCACACCTATAGTCCTCACACTCTGGGAGGCTGAGGAAGGCAGATTCCCTGGAGCTCAGGAGATTGAGACCAGGCTGAGCAAGAACTGAGACTCTGTCTCTACCCCAAACAGAAAAACTTCACTAGGTGTTGCGGTGGGCACCTATAGCCTGAGCTACTTGAGAGGCAGAGGCAGGATGATCACTTGAACTCAGGAGTTTGAGGTTGCTATAGCTGTGCTGATGCCATAGTACTTTAGCCTGGGCAACAGAATGAGACTCTGTCTCAAAATAAATAAATAAATTAATAAATAAAAGAGAAAGAAA","GCCAGGCAGGGTGGCTCACGCCTGTAATCCCAACACTTTGGGAGGCTGAGGCAGGCAGCTTGCTTGAACTCAGGAGTTTGAGACCAGTCTAGGCAACATGGTGAAACCCCATCTCTACAAAAAATACAAAAATTAGCCAGGCGAAGTGGCGTGCCTATAGTCTTAGCTACTTGGGAGGCTGAGGCAGGAGAACTGCTTGAACTGGGGAGGTCGAGGCTGCATGAGCCGAGATCGTGCCACTGCACTCCAGCCTGGATGACAGAGCGAGACCCTGTCTCAAAATAAATAAATGAATAAATAATAAAATAAATAA"
"GL873521","16987716","16987746","chr4","157175852","157175881","5","140188136","GAAGAAAGAAGAAAGAAGAAAGAAGAAAGAA","GAAGAAGAAGAAGAAGAAGAAGAAGAAGAA"
"GL873521","16988099","16988370","chr11","32048157","32048430","73","15060058","GGCCCAGTTCAGTGTCTCACACCTGTAATCCTAGAACTCTGGGAGGTCAAGGAAGGTGGAGTCCTTGAGCTCAGGATTTTCAGATAAGCCTGAGCAAGAGACAGATCCATATCTACTAAACATAGAAAAACTAGCCTGGCATCAGTGTAGTCCCAGCTACTCAGAAGGCTGAGGCAGGAGGATCATTTGAGCCCAAATGTTTGAGTTTGCTGTGAGCTATGATGAATGACACCAGGGCACTCTACCCAGGGCAACAGAGTGAGACTATTTCT","GGCCCACCACAGTGATTCACATCTATAATCCCAGCACTTTGGGAGGCCGAGGTGGGAGAGTAGCTTGAGCCCAGGAGTTTGAGACCAGCCTGAGCAACAGGGCGAGACCCCATCTCTACAAAAAAAATTTAAAAATTAGCCTAGCATGTGCCTGTAGTCCCAGCTACTCAGGAGGCTGAAGCAGGAGGATCACTTGAGCCCAGGAGTTGAAGGCTGCAGTAAGCTATGATCACCCCACTGAGCTCTAGCCAGGGTGACTGAGCAAGACTCTATT"
"GL873521","17153915","17154039","chr7","102370770","102370890","26","85216855","GGCTAGGCACGGTGGTGACTCCTGCTTGTAATCCCAGCACTCTGGGAGGCCTGTGGCAGGTGAATTCCTTGCGCTCAGGAGTTCAAGACTAGCCTGAGTAATAGTGAAACCTCTGTCTCTACTAA","GGCTAGGCACGGTGGCTCATGCCTGTAATCCCAGCACTTTGGGAGACTGAGGTGGGAGAATTGCTTGAAGCTGGGAGTTCAAGACCAGCCTAGGGAACATAGTGAGACCCTGTCTCTTCAA"
"GL873521","17154076","17154241","chr16","21596696","21596868","46","4442620","CTAACCAGACCTGACAGGTGGCTATACTCTCGGCTACTTGGGAGGCTGAGGCAAGAGGATCACTTGATCTCAAGAGTTTGAGGTTGCTATAAGCTATGAGGCCATGACACTCTACCGAGGGCAACAAAGTAAGAGTTTTTCTCAAAAAAAAAACCCAAAACAAAAA","ATTAGTCAGACATGGTGGCATGTGCCTATAGTCCCAGCTACTTGGGAGGCTGAGGCAAGAGAATCATTTGAGCCCAGGAGGTTGAGGCTGCAGTAAGCAGTGATCATGTCACTGCACTCCAGCCTGGGCAACAGAGCAAGACCCTGTCTCAAAAAAAAAAAAAAAAGAAAAAA"
"GL873521","18186068","18186211","chr11","18518855","18518988","40","332787","TAGTCAGGTGCAGTGGTGCATGCCTGCAGTCACAGCTACTCTACTCAGGAGGATGAAGCAGGAGGACCACTGGAGACCAGGAGTTTGAGAATGCTGTAAAATACCATTGAGTCACTGCCTGCCAGCTTCAGTAACAGAATAAGA","TTAGCCAGGTGCAGTGGCGCATGGCTGTAGTCCTGCTTACTCAGGAGGTTGAAGCAGGAGGATCACTTGGGCCCAGGAGTTTGAGGCGGCAGCGAGCCATAATCGTGCCACTGCACTCCAGCTGAGTGACAGAG"
"GL873521","18186242","18186351","chr4","101432127","101432236","31","83245885","CTTGTAATTTCAGCACTTTTGGAAACTGTAGAAGGAAGATTGTTTAAGACCAGGAGTTCCAGAACAATCTGGGCAACACATGTTGACCTTGTACCTACATGAAAAAAAAA","CCTGTAATCCCAGCACTTTGGGAGGCTGAGGCAGGAAGACAGCTTGAGGCCAGGAGTTCCAGACCAGTCTGGGCAATATAGCAAGACCCTCATCTCTTTAAAAAATAAAA"
"GL873521","18231783","18232086","chr11","120552808","120553110","90","102321025","GGCATGGTGGCTCACACCAGCAATCCCAGCGTTTTGGGAAGCCCAAGGAAGAGAATCACTTGAGACCAGCCAGAGGTACATAGACACGTGGTCTACAAGAAATGACAATTAAAACAAATTGCTGGGCATGGTAGCCTGTGACTATAGTCCTGGCAACTCAAGAGGCTGAGTCAGGGGGTTTTTTGAGCCTATGAAGTCTAAGTTGCAGTAAGCTGTGATCATGCCACTATACCCTAGCCTGGGTGACAGAACAAGATTCTGTCTCTAAAAATAAAATAAAATAAAATAATAAAATGAAATAAAA","GCCAAGCATGGTGGTTCATACCTATAATCCCAGAACTTTGAAAGGCCAAGGCGAGAGGAGTTTGAGACCAGCCTGGGCAACATGATGACATGCCGTCTCTACAAAAAAATAAAATAAACAAAAACTAGCTGGGCCTAGTGGCATGTGTCTGTAGTCCTAGCTACTCAGGAGACTGAGGCAGGAGGATCACTTGAGCCTGGGAGGTCAAGGTTGCAGTGAGCTATGATTGTGTCACTGTACTCCAGCCTGGGTGACATAGCAAGAACTGGTCTCAAAAAAAAAAGAAAGAGAGAAAAAAGAAAA"
"GL873521","18672921","18673268","chr5","164510023","164510360","89","145837102","GGCTGGCCATGGTGGCTGAGGCCTGTCATCCTACCACTCTGAGAGGATGAGGAAGGAGGATTGGATTGCTTCAGCTCAGGAGTTCAAGACCAGCCTGAGCAAGAGCAAGACTCAGTCTCTACCAAAAATAGAAAAATTAGACTAGCCAGATGTAATGGCAGATGCCTCTAGTCCCAGCTAGTGGGGAGGCTAAGGCAGGAGGATCACTGAAACCCAGGAGTTTGAGGTGCCTGTGAGTTAGTTTAATACCATGGCAGTCTAGCTTGGGCAACAAAGTGAGACTCTGTCTCAAAACAAACAAAGAAACAAAGAAACAAACAAACAAAAACCCCAAAAATAAAAAAAAAA","GGCTGGGCACAGTGGCTCATGCCTGTAATCCTAGCACTTTGGGAGGCTGAGGCAGGTGGATCGCTTGAGACTGGGAGTTCAAGACCAGCCTGGGCAATATGGCAAAACCCCGTCCCTACAAAAAATACAAACATTAGCCAAGCATGGTGGCACATGCCTGTAGTCCCAGCTACTTGGGAGGCTGAGGCAGGAGGATCATTTGAGCCCGGGATGTGGAGGTTGCAGTAAGCTGAGATTGCATCATTGCACTCCAGCCTGGGCAACAGAGGGAGACCCTGTATCAAATAAATAAATAAATAAATAAATAAATAAATAAATAAAAGAAATAAAAGTAAAAA"
"GL873521","19315680","19315722","chr1","205503465","205503511","11","186187785","CAGTTACTTGGAAGACTGAGGCAAGAGGATCCCTTGAGCTAGG","CCAGCACTTTGGGAGACTGAGGCAGAAGGATCCCTTGAGGCCAGCGG"
"GL873521","19598410","19598508","chr1","6398492","6398584","25","13199918","TATCACTACACCACTATACTCTAGCCTGGGCAACAGATTGAGAACCTGTATCAAAAACAAACAAACAAACAAACAAAACACAATAAAAAATAAATAAAA","GTGATTGCACCAATGCACTCCAGCCTGGGTGACAGAGCGAGACTGTCTCAAAACAAACAAACAAACAAATAAAACAAAAGAAAAGAAAAGCAA"
"GL873521","19777152","19777359","chr4","72787006","72787205","63","53009854","CCTGAGCAACATAGAGAGATCCCATCTCGACAAAAATATTGAAAAAAAAATAGATAAACTTATCAGCTGGGTTTGGTAGCACACAACTGTATCCCCAGCTACCGGGAAGGCTGAAGCAGGAGGAGCCTGACAGATCAAGGCTGCAGTGAGCAGTGATCACATCACTACACTCCAGCCCAGGTGACAAAGCACAATCCTGTCTCAAAAA","CTAGGCAACATGGAAGAACCCCATCTCTACAAAAATTACAAAAACTAGCTGGGCATGGTGGTGTGCGCCTGTATTCCCAGCCACTGGGGAGGCTGAGGTGGGAGGATTGCTTGAGCCTGGAAGATTAAGGCTGAAGTGAGCAGAGATCACACCGCTGCACTCCAGTCTGGGTGACAGAGCAAAACCCTGTCTCAAAAAAA"
"GL873521","19907026","19907166","chr6","12022857","12022993","42","7884169","AGGAAAAATTACCAGGGCATGGTGATGTGCACTTATAGTCCCAGCTCCTGGGAAGGCTGAGTCAGGAGGCCAGGAGTTTGAGGTTATAGTGAGCTATGATGCCACTGCACTCTCTCTGGGTGACATAGTGACATTCTGCCT","TTAAAATTAGCCAGGCATGGTAGCAGGCACCTGTACTCCCAGCTACGGGAGGGTCGCTTGAGCCCAGGAGATCAGGGCTGCAGTGAGCTATGATTGTACCACTGCACTCCAAACTGGGTGACAGAGTGAGACTCTGT"
"GL873521","19907190","19907299","chr3","21509747","21509855","27","1602557","GTGGTGGCTCAGCCTATAATCCTAGCCTTCTGGAGGCCCAGGCGGGAGGATTGCTTAAGGTCAGGATGTTGAGACGAACCTGAGCATGAGTGAGACCCCATCTCTACAAA","GGTGGCTCATGCCTATAATTCTAGCGCTTTTGGAGGCCAAGGGGGGAGGATTACTTGAGCTCAGGAGTTCCAGATCAGCCTGGACAATTTAGTGAGACCTCATCTATAC"
"GL873521","20453341","20453513","chr19","53340691","53340862","44","32887350","AGACAACTAGCCAGGCATTGTGGTGGGCATCTATAGTCCCAGCTACTTGGGAGGCTGAGGCAAGAGGATCACTTGAACCCAATAGTTTGAGGTTGTCATGAGCTATGATGATGTGGCATTCTACTCAGGGTGACAGCGTGAGAGACTCTGTCTCAAACAAATGAACAAAAAAA","ACAAAAATAGCTGGGTGTGGTGGTGCATACTTGTAGTCCCAGCTACTTGGGAGGCTGAGGCAGGAGGATCACTTCAGCCCAGGAGGTTGAGGCTGCAGTGAGCCATGATCATGCCACTGCACTCCAGCCGAGGGGAGAGAGCAAGACTCTGTCTCAAAACAAACAAACAAAA"
"GL873521","20453540","20453662","chr4","5943586","5943706","26","14509954","CAGGCGTGGTTGCTCATGCCTGTAGTCCTAGCACTTCAGGAGGCTGAGGAGGGTAGATTGCTTGAGGTCAGGAGCTGGAGACCAGCCTGAGCAAGAGCGAGACCTTGTCTCTACTAAAAATAG","GGCCATGGTGGCTCATGCCTGTAATCCTAGCACTTCGGGAGGCTGAGGAGGGAGGATTGCTTGAGGCCTGGAGTTTGAGACCAGCCTGGGCAACATAGTGAGACCACGACTCTATTTAAAA"
"GL873521","20821454","20821743","chr8","121327775","121328067","74","100506321","GCCGGGCCCAGATGGCTCAAGCCTGTAATCCTTGCACTTTGGGAGGCCAATGTAGGAGGATCACTTGCGCCTAGGAGTTCCAGGCCAAGCTGTGCAAGGTGAAACACTGTTCCAAAAAATATATATATATGAAAATTAGCCAGTCCTGTTGGTACACATCTGTCGTTCCAACTACTTGGGGGACTGAAGCAGGAGGATCCATGAGTCCAAGATTTGAGGTTGCAATGAGCTGTATTGGAGCTACTACACTGTAGCCAGGGCGACAGGAGGAAAAACTTGTTTTAAAAAAA","GGCTGGGTGCAGTGGCTCATGCCTGTAATCTTAGCACTTTGGGAGGCCAAGGCAGGTGGATCACTTGAGCTTAGGAGTTCAAGACCAGCCTGGGCAACATGGTGAAACCCTGTCTCTACAAAAAATAAAAAAAAATTAGCCAGGCATGGTGGCATACACCTGTAGTCCCAGCTACTTGTGGGGCTGAGGCAGGAGCATCACTTGAACCCAGGAGCTCAAGGCTGCAGTGAGCTGTGATCTTACCACTGCACTCCAGCCTGGGTGACAGAGTAAGACCTTGTCTCAATAAAAAA"
"GL873521","20825224","20825315","chr22","42881883","42881978","27","22056659","AGAGGATCTCTTGAGCCTAAGAGTTTGAGGTTGCTGTGAGTTCTGATACCACAGCGCTCTACACAGGGCGACAGAGTAAGACCCTTTCTTAA","GGCAGGAGGATCGCTTGAGCCTGGGAGGTCAAGGATGCAGTGAGCTGTGATTGCACCACTGCACTCCACCCTGGGCGACAGAGTGAGACCCTGTTT"
"GL873521","20825595","20825767","chr4","156475909","156476099","57","135650314","GCGGTGGCTCACACCTGTAATCCTAACACTCAGGATCGCCTAAGCTCAGGAGGTGGAGACCAGCCTGAGCAAGAGAAACACCTCAACTCTACCAAAAACAGAAAAAGTAGCCTGGGTGGTGGTAGGCATGTGTAGTCCCAGCTACTCGGGAAGCTGAGGCAAGAGGATCTCTT","GGCCAGGCACAGTGGCTCACACCTATAATCCCAGCACTCTGGGAGACTGAGGCAGGAGGAGCCCAGGAATGTGAGACCAGCCTGGCCAACATGGTGAAACCCAGTCTCTACTAAAAATATAAAAATTAGCCTGGTGTGGTGGTGTGCGCCTGTAGTCCCAGCTACTTGGGAGGCTGAGGTGGGAGGATCAC"
"GL873521","21355913","21356066","chr4","158479533","158479684","48","137123620","ATAAAAATTAACTAGCTATGGTGGCATACACTCTTGTCCTAGCTACTTAGGAGGCTGAGGATCATTTGAGGCCAGGAGTTTAAAGCTATAGTGTACTGTGATGATTACGCCTGTGAATAGCCACTGTACTCCAGCCTGGGCAACATAGCAAGAC","AATTAGCTGGGCATGGTGGTGCATACCTGTAGTCCTAGCTACTCAGGAAGCTGAGGCAGGAGGACAGCTTGAGGCCAGGAGGTCAAGGCTGCAATGAACCATGATTGATTACACCTGTAAATAGTCACTGCATTTCAGCCTGGGCAGCATAG"
"GL873521","21623697","21623773","chrX","53329871","53329945","26","31706174","AAATTTAGGCAGGCAAGTTGGCACATGTTTGTAGTCCAAGTTATGTGAGAGGATTCTTTGAGTCCAGAAGTTAAGGC","AATAGCTTGGGCAGGGTGGTGCATGGCTGTAGTCCTGAGATGGGAGGATCCCTTGAGTCCAGGAGCTTGATGCCG"
"GL873521","21623801","21623894","chr3","42032495","42032583","27","20408694","GTAATCTTAGTACTTTGGGAGGCCAGACAGGAGATTCATTTGAGACTGAGTTTAAGATCAGCCTGGACAACATGGCAATATCCCATGTCAACCA","TAATACCAGTATTTTGGGAGGCTGAGGCAGGCGATCACTTGAGCCCAGTTCAAGACCAGCCTGGGCAATATAGCGAAATCCTGTTTCTA"
"GL873521","21714176","21714337","chr12","96671998","96672172","41","74957822","ACTAGGGGGCATTGTGGCAACTGTCATCCTAGCTGCTCAAGAGGCTGAGGCAAGAGGATCACTTCAGCCCATGAGTTTATGGTTGCTGTGAGCTATGACTCCATGGCACTCTAGCCTGGGCAATAGAATGAGACTCTGTCGCAAAAAAAAAGAAAGAAAGAA","AATTAGCTGAGCATGGTGGCAGGCACCTGTAGTCCCAGCTACTTGGGAGGCTGAGGGAGGAGGGTCACTTGAACCCAGGAGTTTGAGGCTGCAATGAGCTATGACTGCATCAGTGCACTCTAGCCTGGGCAGTAGAGTGAGACCCTGTCTCACAAAAAAAAGAAGGAAAGAGAAA"
"GL873521","21714364","21714489","chr15","78802491","78802611","29","57088127","GGCTGGGTACCCTGGCTAGACACCTGTAATTCTAGCACTCCAGGAGGCTGAAACAGGTGGATTTCTTGAGCTCAGGAGTTCAAGACCAGCCTGTCCAAGACCAAGACCACAATTCTGTCTCTACTT","GGCTGGGTACAGTGGCTCACACCTGTAATCCCAGCACTTTGGGAGGTGGAGGCAGGAGGATCACTTGAACTCAGGAGTTCAAGACCAGCCTGGCCAACATGGCGAAACTCCGTCTCTACAA"
"GL873521","21743555","21743631","chr10","20213332","20213405","25","1530223","TATAGGGTGTGGCGGCAAGTGTGTATAGTACTAGCTACTTAAAGAGGTTGAGATGGGAGGATTGCTTGAGCTAAGGA","CCAGGTGTGATGGTGCATGCCTGTGGTCTCAGCTACTTTGGAGGCTGAGGTGGGAGGATTGTTTGAGTGGAGGT"
"GL873521","21743658","21743767","chr10","43292583","43292692","28","21548925","CAATGGTTTGTGCTTGTAATCCAGCACTTTGGGAAACAAAGGAGAAAGGATTAATTGAGACCAGGAGTTCAAAATCAGCCTGGGCAACATAAAGAGACCCTGTCTCTATG","GCGGTGGTTCAGCCTGTAATCCCCGCACTTTGGGAAGCTAAAGCAGGAAAATCACTTGAGCCCAGGAGTTCAAGACCAGCCTGAGCAACATAGTGATACCCCTGTTTCTA"
"GL873521","21994326","21994402","chr3","183523015","183523100","19","161528689","GGCATTGTGACTCACACCTATAATTCTAGCACTTTGGGAGGCTGAGGTGGGAAGACCACGAGCACAGGTTCAAGACC","GACTGGGGGCAGTGGCTCAAACCTGTAATCCTAGCACTTTGGGAGGCTGAGGTGGGAGGACCACCTGAGCTCAGGAGTTCAAGACC"
"GL873521","22568894","22569013","chr7","21219168","21219276","37","1349726","TACGTTGTGGTGGCTAGTCCCAAACTACTCAGCTACTCAGGAGTTTGAGGTTGCAGTAAGCTGTGAGGTTGCATTGCACGACAGATTGTGCAACAGAGCGAGACCCTATCTCGAAAAAAA","GGCTGAGGTGGGATAATCACTTGAGCCCGGAAAGTTGAGGTTGCAGTGAGCCATGACTCGGCACTGCACTCCAGCCTGGGCAACAGAGCCAGACCCTATCTCAAAAAAA"
"GL873521","22569034","22569129","chr15","57106062","57106161","19","34537028","CAGGCATGGTGGCTCACACCTGTAATCATAGCACTTTGGGAGACCAGGAGTTCAAGACCATGCTGGGCAACATGGCGAGACCTTGTCTCTACCAAA","GGCCAGGCATGGTGGCTCACTCCTATAATCACAGCACTTTGGTAGGCCATGAATTCAAGACCAGCCTGGGCAACATAGTGTAACCCTGTCTCTACGAAAA"
"GL873521","23082461","23082581","chr19","17007875","17007987","43","6074586","AAAATACACAGAGTACCCAGGCATGGTGGTGCATGCCTCCAGTCCCAGCTACAGGTGAGACTAAGACTAAAGGATGCCTTCAGCTCAAGACTTTGAAGCTGGCCTAGGCAACAACAAGACC","ACAATGTAGCTATGGCATGGTGGTGCCTGCCTGTTGTCCCAGCTACTTGGGAGGCTGAGATGGGAGGATTGCATGAGCCCAAGAGTTCAAGGCTGCTGTGAGCTACAATCACG"
"GL873521","23326932","23327034","chr1","153330637","153330743","26","130003705","GACTGGGTATGGTGGCATATGCCTGTAAACCCAGCACTCTGGGAGGCTGTGGCGGGTGGACCAGCCTGAGACCAGCTTGAGAAAGAATAAGACTCTGTCTCTA","GGCTGGGTGTGATGGCTCATGCCTGTAATCCTAGCACTTTGGGAGGCTGAGGCAGGTGGATCACTTGAGCCCAGGAGTTTGGGCAACATGACAGAACCCTGTCTCTA"
"GL873521","23327057","23327213","chr6","85247800","85247964","38","61920743","CCAGACATTGTGACACATGCCTATAGTCCTACTTGGGAGGCTGAGGCAAGAGGATGTCTTGTGCCCAAGAGTTTGAGGTTGCTGTGAGCTATGATACCATAGCACTCTAGTGGGGGGCAAGAAAGTGAGACACTGTCTCAAAAAAAAAAAAAAAAAA","CCAGGCATTGTGGCACATGTGTGTAGTCCCAGCTATTTGGGAGGCTGAGGCAGGAGGATCCTTTGAGCCCAGGAGTTTGAGGCTTCAGTGAGCTGTGATTGGACCACTACACTCTGGCCTGGGCAACAGAGAAAGACCCTGTCTCAAAAAGAAAAAGAAAAAGAA"
"GL873521","23553294","23553452","chr8","101101478","101101641","53","77548184","AAAATAAAGTTAGCTAGACACAGCTTTGGGCACCTGCAGTCCCAGTTACTTGGAGGTTGAGGCAAGAGGATTGTTTGAGCCTAGAGGTTTGAGGATATGGTTTGCTGTAGTTCTACCTGTGAGTAGCCACTGTTCTCCAGCCAGGACACCAGCGCAAGA","AAAAAGACACCAAGTAGCCAGGTGTGGTGCTGCAGGCCTGCAGTCCCAGCTACTTGGGAGGCTGAGGCAGGAGGATTGCTTGAACCCAGGAGTTCAAGACTTCAGTATGCCATAATCGCACCTATGAATAGTCACTGCACTCCAGCCTGGGCGACATAACAAAA"
"GL873521","24165831","24166009","chrX","9218405","9218573","51","14947426","GGCCAGGCACAGCAGCTCACACCCATAATCCTAACACTCTGAGAGACCAAGGTGTATAGATTACCTGAGCTCAGGAGTTGGAGACCACCCTGAGCAAGAGTAAGACCCCCATCTCTACAAAAAAAAAAAAAAAATAGAAAAACTAGCCAGGTGTTGTGGTGGGTACTTACAGTGCCAAC","GGCCAGGCGCAGTGCCTCACACCTGTAATCCCAGCACTTTGGGAGGCCGAGGCGGGTGGATCACTTGAGCTCAGGAGTTTGAGACCAGCCTGAGCAACATGGCAAAACCTCACCTCTACAAAAAAAATACAAAAATTAACCAGGCATGGTGGCAGGCACCTGTAGTCTC"
"GL873521","24270646","24270916","chr8","27224878","27225151","68","2954232","GGCCAGGCACGGTGGCTCACACCTGAATCCTAGCTGGCATTCTGGAAGGCCGAGGTGGGTGGATCACCTGACCTCAGGAGTTCAAGACCATCCTGAGCAAGAGTGAGATGAAACCTCATCTCTAAAAATAGCTAGGCATTGTGGTGGGCACCAGTAGTCCCAGCTACTAGGGAGGCTGAAGCAAGAGGATCACTTGAGTCTAAGAGTTAGACGTTGCTGTGAGCAGTGACGCCACAGCACTCTACCCAGGGCAACAAAGTGAGACTGTCTC","GGCCAGGTGCAGTGGCTCACACCTGTAATCCTAGCCCTTAGGAGGCTGAGGTGGGAGGATCACTTGAGCTCAGGAGTTCAAGACCAGCCTGGGCAATATGGTGAAACCCTGTCTCTACGAAAAATTAGCCGGGCATGGTGGCGCATGCCTGTAGTCCCAGCTACTCAGGAGGCTGAGGTGGGAGGATCATTTGAGCCCAGGAGGCGGAAGTTGCAGTGAGCCAAGATTGCACCACCGTACTCCAGCCTGGGCAACAAGTGAGATCCTGTCTCAA"
"GL873521","24618820","24618994","chr8","68458893","68459071","47","43840073","TCCTAGCACTCTGGGGGGCCGAGGTGGTAGGATCACTTGAACTAGAGTTCAAGACCACCCTGAACAAAAATCACACCCTGTCTGTACTAAAAATAGAAAAATTAGCCAGGCATTATAGTGCATGCCTGTAGTCCCAGCTACCTGGTAGGCTGAGGCAGATCCTCTAGCCCAGGGG","CCCAGCACTTTGGGAGGCTGAGATGGGTGGATCACTTGAGCCCAGGAGTTCAAGACCAGCCTGGGCAACATGACGAAACTCTGTCTTTACAAAAAATACAAAAATGAACCAGGCATGGTGGTGCATGCCTGTAGACCCAGTACTTGGGAGGCTGAGGTGGGAGGATCCCTTGATCCTGA"
"GL873521","24626746","24626855","chr1","205148842","205148953","29","180522096","AAAGAATGACAAAAATTCAGATATGGTGGTATGCACCTATAGTCAGTCACAGCTACTGGGGAGGCTGAGGTGGGAGGCTTTCTTGAGCCCAGGAGGTTGAGTCTAGCAAT","AAAAAGTACAAAGAATTAGCCAGGTGTGGTGGTGCGTGCCTATAGTTCCAGCTACTTGGGAGGCTGAGGTGGGAGGATTGCTTGAGTCCAGGAGTTGGAGGCTGCAGTGAAA"
"GL873521","24781755","24782037","chr5","139301937","139302217","85","114520182","GACCAGGTGTGGTGGCTCACACCTATTAGCCTAGCACTCTTGGCAGCTGAGGCAGGAGGATTCACTCAGAACTTCAAGAGTTAAACCCATGCCTCTACTAAAAATAAGAAAAAAATCAGTCCAGAGTATCATGGTGGGCACTTGCAGTCCCAGCTACTCGCAATGCTGAGGAAGAAGGATAGCTTGAGCCTAGGAGTTTGAGGTTGCTGTAGGCTGGATTTTTGTCATGGCATGCTAGTCTTGGCAACAGAGTGAGACTCTGGGGGAAAAAAAAAAGGAAAAA","GGCTGGGTGCGGTGGCTCACACCTGTAATCCCAGCACTTTGGGAAGCTGAGGCCAGAGGATGGCTTGAGCTCAGGAGTTTGAGTTGAAACCCTGTCTCTACAAAAAATACAAAAATTAGCTGGGTGTGGTGGTGCACACCTGTGGTCCCAGCTACTTGGAAGTGTGGGGTGGGAGGATTGGTTGAGCCCAGGAGGTTGAGGCTGCAGTGAGCCATGATCGTGCCACTGTACTCCCGCCTGGGTGACAGAATGAGACCCTGTCTCAAAAAAAAAAAAAAAAA"
"GL873521","24969692","24969970","chr5","91805199","91805483","78","66835507","GGCTGGATGCAGTGGCTCACACCTATAAACCTAGCACTCTGGAAGGCCACAGTGGGAGAATGGCTCGAGTTCAGGATTTTGAGAGTAGCCTGAGCAAGAGCAAGACCACATCTCTACTAAAAATATAAAAATTAGCAGGAAGTCTTGCTGAATGCATCATCTCAACTGCTCTGGAGGATGAGGCAAGAGGATTGCTTGAACTCAAGAGTTGAGGTTGTGGTGAGCGAGACTGAATCCATAGCACTCTACCCCAGGCAACAGAGCAAGACTTTGTTGAAA","GACTGGGTGCAATGGTTCACATCTGTAATCCCAGCACTTTGGGAGGCCAAGGTGGGAGGATGGCTTGAGCCCAGAAGTTCAAGACCAGCCTGAGCTACATGGCAAAACCCTGTCTCTACAAAAAATGTAAAAATGAGCCAGGCATGGTGGTGCATGCCTATGGTCCCAGCTACTCAGGAGGCTGAGGCAGGAGGATCGCACTAATCTAGGAGATGGAGGCTGCAGTAAGCCGAGATTGAGTCATTGCACTCCAGCCTGGGCGAAAGAGCCAGACTCTGTCTCAAA"
"GL873521","24970004","24970019","chr3","153804291","153804307","1","128834287","AAAACAAAACAAAAAA","CAAAACAAAACAAAAAA"
"GL873521","25391954","25392209","chr7","3491054","3491312","81","21900900","CCTAGTGCAGTGGCTCACACCTGTAATCCTGGAGGCTGAAGCAGATGGATTGCTTTGAGTTCCTGCCTAAATAAAAGTGGGAATCTACTATAGCAAAATTAGCTGGGCGTTATGGTGGGTACTTGTGGTCCCAGCTACTCAGGACGCTGAGGCAGGAGGATTGCTTGAACCAAGGAATTTGAGGTTGTTATGAGCTATGATGATGCCATGGCACTCTACCCAGGCCACAGAGTAAGATTTGGTCTCCAAAAAAAAA","GGCCAGGTGCGGTAGCTCACATCTGCAATCCCAGCACTTTGGGAGGCTGAAGCTAGAGGATCACTTGAGTCTTGTCTCTACAAAAAAAATCAAAAAATTAGCCAGGGCATGGTGGTGCATGCCTGTAGTCCCAGCTACTCGGGAGGCTGAGGCAGGAGGATCACTTGAGCCCAGGAGGTTGAGGCTGCAGTGAGCTGTGACTGTACCACTGCACTCCAACCTGGGCAACAGAGTGAGACCCTGTCTCAAAAAATAATAA"
"GL873521","25453333","25453646","chr22","29946204","29946503","77","4492871","GCCGGGTACAGAGGTGCATTTACCTGTAATCCTAGCACTTTGGGAGGGTAGGGTAGGAGGATGGCTTGGGGCCAGTAGTTCAAGACCAGCCTGAACAATCTAGTGTGACCTCGTCTCCACAAAATATAGAAAAATTAGCCAGGCATGGTGGTGGGCACTTGTATTCTCAGCTTCTCAGGAAGCTGAGGCAGGAGGATCTTTTGAGGCTGGAAGGTTGAGGTTGCATTGTTGAGATTGCACTGAGCTGTGATGACACCACTGCACTCTAGCCCTGGCAACAGAGTGAGATCCTAATTTAAAAAAAAAAAAAAAAA","GCTGGGCGTGGTGGCTCCTTCCTGTAATCCCAGCACTTTGGGAGGCCAAGGCTGGAGGATCACCTGAGTCCAGGAGTTTAAGACCAGCCTGGGCAACATAGGGAGACCCTGTCTCTACAAAAAATAAAAAATTAGCCAGGCATGGTGGTGTGCACCTGTAGTCCCAGCTACTCAGGAGGCTGAGGCAGGAGGATCTCTTGAGCCTGGGAGGTCAGACTACAGTGAGCAATGATTGTGCCACTGCACTCCAGCCTGGGTGACAGAGTAAGACTCTGTCTCTTAAAAAAAAAAAAAAAAAAA"
"GL873521","25473197","25473312","chr11","64318421","64318538","25","38845224","GGGCATGGTAACTCACTCCTATAATCCCAGCAGTTTGAGAGGCCAAGGCTGGAGGATCACTTAAGGCTAGGAGTTCATGACTGGTCAGGGCAACATAGTAAGACTTATTCTCTACA","CCAGGCATGGTGGCTCACACCTATAATCCCAGCACTTTGGAAGGCCAAGGCGGGAGGATCCCTTGAGGCCAGGAGTTTGAGACCAGCCTGGGCAACATAGCAAGACTCCGTCTCCACA"
"GL873521","25473339","25473487","chr1","35894728","35894879","40","10421389","AAGAATTAGCTAGGCATAGTGGTGCGCAGCTGTAGTTCCAAGTACTTGGGAGGTTAAAGACCATGTGAGCGCAGGAGTTCAAGGCTACAGTGAGCTGTGATCATGCCACTGCACTCTGGCCTGGGTGACAGAGTCTGTGTCATAAAAAA","AAAAATTAGCCAGGCATGGTGGCACATGCCTGTGGTCCCAGATACTTGGGAGGCTGAAGTGGGAGGATCACTTGAGCCCAGGAGATCAAGGCTGCAATGAGCCATGATCATGCCACTGCACTCCAGCCTGGGCAACCCTGTCTTTAAAAAAA"
"GL873521","25493130","25493293","chr4","75562087","75562252","41","50068957","CTTAGAGTTGTGGTGGGCTCCTGTACTCCCAGCTACCCAGGAGGTGAGGCTGAGGCAGGTGGATCACTTGAACCCAGGTATGTGAGGTTGCTGAGAGCTAGGATGACACACAGCACTCTAGCCTGGTGACAGAGTGAGTCTATGTCTCTAAATAAATAAATAAA","TTAGCTGGGTGTGGTGGCATGCACCTGTAGTCCCAGCTACTTAGGAGGCTGAGGCAAGAGGATCACTTTAGCCCAGGAGGTGGAGGTTGCAGTGAGCTGAAATCATACCACTGCACTCCAGCCAGGGTGACAGAGTGAGACCTTGTCTCAAAAATAAATAAATAAA"
"GL873521","25493320","25493467","chr9","31337596","31337743","33","5844276","GACTGGGCTTGGTGGCTCATGCCTGTAATCCTAGCATTCTGGGAAGCTGAGGCAGGAGAATCACTTGAGGTCAGGAGTTCAAGACCAGACTGAGCAAGAGTGAGATCTTGCCTCTACTAAAAAAATATATATTTTTAAAAAATAATGC","GCTGGGTGTGGTGGCTCACACCTGTAATCCTAGTGATTCAGGAGGCTGAGGCAGAAGGATCACTTGAGGTCAGGAGTTTGAGAGCAGACTGAGCAACAGAGTGAGACCCCCTCTCTAAGAAAAAAATATTAAAAAAAAAAACAACCGC"
"GL873521","25793453","25793728","chr15","82250472","82250741","88","56457019","CAGGTATGGTGGCTCACACCTGTAATCCCAGCACTTCGGGAGGCCAGGAGGTGGGGGAGAGGCTCTCTTGAAGCCAGGAGTTCCTGACCAGCCAAGCAACAGGCGAAACCTTATCTCTACAAAATATTAAAGAAAAAAGGAAATTAGCCAGGTATAGCAGTAGACATCCATAATTCCAGATACTGTCGTGGCTAGGACAGGAAGATCACCTGTGATTGTGCCACTGCATCCCAACTTGCCAAAAAAGCAAGATGCTGTCTCTATAAAAGAAAACTA","GCCGGGCACGGTGGCTTATGCCTGTAATCCCAGCACTTTGGGAGGCCGAGGCAGGAGAATCGCTTGAGCCCGGGAGTTTGAGACCAGCCTGGGCAACATGGTGAAACCAAGTCTCTACAAAAAAATACAAAAAAATTAGCCAGGTGTCGTGGTGCACGTCTGTAGTCCCAGCCACTCCTGGGAGGTCGAGGCTGCAGTGAGCTGTGATCGTGCCACTGCACTCCAGCCTGGGGAACAGAGTGAGACCCCGTCTCAAAAAATAAAAAAAAA"
"GL873521","25946379","25946540","chr16","48668108","48668267","54","22721729","GTTGAGGCAGGATTTCTTGAGGCTGGGAGTTGGAGACCAGCCTGAAAAACATGTTGATACCATTGCTACAGAAATTAGAAGAGTTAGCTGGGTATAGTGGTGCATCCCTGTAGTTCCAACTACTAGGGATGCTGAGGCAGGAGGGTCACGTAAGCCCAGGAG","GTGGGAGGATTTCTTGATCCCAGGGGTTCAAGACCAACCTGGGCAACATAGTGAGACCCTGTGTATACTGAACAAAAACAATTTTTCAGGCATGGTGGCACACACCTGTAGTCCGAGCTATTCGAGAAGCTGAGATGGGAGGATCCCTTGAGCCCGGGAG"
"GL873521","25955927","25956105","chr3","43378154","43378339","50","17422227","AAAAAATAGAAAAATTAGCCATGTGCAGTGGCATGTGCCTATAGTTCCACCACTGTAGGGGCTGAGGTAGGAGGATCCCTTAAGACCAGGACTTTGAGATTGCTGTGAGTTATGACATCACTGCTGTCTGGTTGGGTGACAAAGGGAGACTTTGCCTCAAAAAAGGGAAGAAAGAAAAA","AAAAATACAAAAATTAGCCGGGCATGTTGGCATGTGCCTGTGGTCCCAGCTACTCCAGAGGCTGAGGTGGGAGGATCACTGGAGCCCGGGAAGTTGAGGCTGCAGTGAGCTGTGATCACACCACTGCACTCCAGCCTGGGTGACAGAGTGAGACCCTGTCTCAAAAAAAAAAAAAAAAAAAAAAAA"
"GL873521","26298260","26298339","chr4","95794331","95794409","18","69496071","GGCTGGGTGCATCAGCTTATGCCTGTAATCCCAGTACTTTAGGAGGTTGAGGTAAGAGGATCACTTAAGAACAGGAATCC","GGCTAGGTGCAGTGGCTTACACCTGTAATCCCAGCACTTTGGGAGGCCGAGGCAGGAGGATCACTTGAGCCCAGGAGTT"
"GL873521","26307582","26307851","chr5","152032216","152032514","85","125724634","GCTGGGCATAGTGGCTCACACCTACACTCTTAGAGGCCAGGGCAGATGAATTATTTGAGCTTGGGAGACCAGACTGAGCATGAGTGAGATCCTGTTCCTACTAAAAATAGAAAAATTAATTGGGTGTTGTGCCTGTAGTCCCAGCTACTTGGAAGGCTGAGGCAAGAGGATCACTTGAGCCCAAAAGACTGAAGTTCTAATGCCAAACATGCTACTCAGAGGGACAGAATGAGACTCTGTCTCAAAAATAAATAAATAAATAAATAAATA","GGCTGGGCACAGTGACTCACACCTATAATCCCAGCACTTTGTGAGGCTGAGGCAGGCAGATTATTTGAGCCCCTGAGGTCAAGACCATCCTGGGCAACATGGCAAAACCTCATCTCTACAAAAAATACAAAAATTAGTTGGGTGTGGTGGCATACGCCTATAGTCCCAGCTCCTCAGGAGGCTGAGGTAGGAGGATGGTTTGAGCCCAGGAGATGGAGGTTGATCATGCCACTGCTCTCCAGACTGGGCAACAGAATGAGACTCTGTCTCACAAAAAATGAAACAGAATAAAATAAAAA"
"GL873521","26951040","26951317","chr17","16672309","16672598","75","10278731","TGGCTTACACCTGTAATCCTAGCACTCTGAGAGGAGTGAGGCAGATTGCTTGAGCTTAGGAGTTTAAGACCAGCCTGAGCAAGAAAGATCCCATTTTTACTAAAATAGAAAACTAGCCAGGGGTGGTGGCCTATGTCTGTAGTCCCAGCTACTCGGTAGGCTAAGGCAAGAGGATTGCTCAAACCCAAGAGTTTGAGATTGCTGTGAGTTCTGGTGCCATGACACTCTATCCAGGGTAACAGAGTGAGACTTTGTCTAAAAAAGAAATAAAATAGGTG","GTGGCTCACACCTGTAATCTCAGCACTTTGGGAGGCTGAGGCGGGAGGATCACTTGAGCCCAGGAGTTTGAGACCAGCCTGAGCAACATAGTAGGCTCCTGTCTCTACAAAAAAATACAAAAATTAGCTGGTACTGGTGGCATGTGCCTGTAGTCCCAGCTACTCAGGAGGCTAAGGCAGGAGAATCGCTTGAGCCCAGGAGGTTGAGGCTGCTATGAGCTGTGATGGCACCACTGCACTCCAGCCTGGGTGACAGAGTGAGACCTGGTCTCAAAAAGAAAAAAAAAAAA"
"GL873521","26951542","26951557","chr3","53948633","53948648","1","26997091","AAAAGAAAGAAAGAAA","GAAAGAAAGAAAGAAA"
"GL873521","27061553","27061681","chr3","122788793","122788920","26","95727240","GGCCACGCACAGTGGCTCATGCCTTTAATCCTAGCTTTCTGTGGAGGCCAAAGCAAATGGATCACTTGAACTCAGGAGTTCAAGACCAGCCTGAGCAAGAGCAAGACCCCATCTCTACTAAAAATAGAA","GGCCAGGCACTGTGGCTCATGCCTGCAATCCCAGCACTTTGGGAGGCCAAGGCAAGAGGATTGTTTGAGCCCAGGAATTCAAGACCAGCCTGGGCAACTCAGGAAGACCCCATCTCTACAAAAAACAA"
"GL873521","27061706","27061860","chr8","96136998","96137163","44","69075292","TAGCTTGGCATTGTGGTAGGCACTGGCAGTCCCAGTTACTTCGGAGGCTAAAACAAGAAGGATTGCTTGAATCCAGTGAGGTTGCTGTGAGCTATAATGTCATGGCACTTCTCCCCAGGGCAACAGAATGAGACTATCTCAAAAAAACAAATAAA","TTTAGCTGGGAAGGTTGGCACGCACCTGCAGTCCCAGCTACTTGGGAGGCTGAGACTGGAGGATTGCTTGAGCCCGAGAGGTCGAGGTGGCAGTGAGCCATAATCACACCACTGTACTCCAGCCTGGGTAACAGAATGAGACTCTGTCTCAAAACAAACAAACAAA"
"GL873521","27073730","27073910","chr1","68095575","68095737","50","41021845","GAGCAGCCTGAGCAGCTAGGGTACTGCTCCCTGCCTCTAGTCCCAGCTACTTGAGGGGCTAAGGCAGGAGGATTGTTTGAGCCCAGGAGCCCAGGAGTTTGAGATTGATGTGAACTAGGCTGATGCCATGGCACTCTAAACTGGGCAACAGAGTAAGACTCTATCTTAAAAAAACAAAAAA","TTAGCCCTGCATGGTGGCACATGCCTGTAGTCCCAGCTATTTGGGAGGCTAAGGCAGGGGGATGGTTGGAGCCCAGGAGGCAGAGGTTGCAGTAAGCTGAGACTGAGCCATTGCACTGCAGCCTGGGTGACAGAGTGAGACTCTGTCTCAAAAAAAAAAAAAA"
"GL873521","27074182","27074275","chr19","50666183","50666279","26","23592001","GCTGGGTACTGTGGCTCAAGCATGTAATCATAGCACTCTTGAGGCCAAAGTTTGGAGGATCCCTGAAGCTCCAGAGTTTAAATGCAGCTTGAGT","GGCTGGGCTCTGTGGCTCATGCCTGTAATCCCAGCACTTTGGGAGGCCGAAGTGGGAGGATCACTTGAGTCCAGCAGTTTGAGAGCAGCCTGGGCAA"
"GL873521","27115551","27115853","chrX","48006439","48006741","74","20890888","GGCCAGGTGTGGTGGCTCCTGTAATCCTATCACTATGGGAGGCCAAGGTGGGTGGATTGCTTGAGCTCAGGAGTTGGAGACTAGCCTAGGCAAGAGTGAGATCCCGTATCTACTAAATAGAAAAACTAACCAGGTTCCAGGTGCCTGTAGTCCCAGATTCTTGGGAGGCTGAGGCAAGAGGATCACTTAAGGTCAGGAGTTTAAGGTTGCTGTGAGCTATGATGTCATAGCACTCTACCCAGGGTGACAGAGTGAGACTCTATCTCAAACAAACAAACAAACAAAACAAAAACAACAAAAAAA","GGCTGGGCTCAGTGGCTCACGCCTGTAATTCCAGCACTTTGGGAGGCCAAGGTGGGCGGACTGCTTGAGCTCAGGAGTTCGAGACCAGCCTGGGAAACATGGCGAAACCCCATCTCTTAAAAAAAAAAAATTATCTGGGTGGCAGGAGCCTGTAGTCCCAGCTACTTGGGAGGCTGAGGTAGGAGGATCACCTGAGCCCGGGAGGTCAAGGCTGCAGTGAGCCATGATCGTGCCACTGCACTCCATCCTGGGTGACAGAGTGAGACCCTGTCTAAAAAAAAAAAGAAAAAAGAAAAAAAGAAA"
"GL873521","3621655","3621735","chr19","38588582","38588671","29","34966927","AAACCCCCCAGAAAATTAGCTGTAGTCCAGCTACTTGGGAGGGTGAGGCAGGATTGCTTGAACTCAGGAGGCTGAGGTTGC","TTAGCCAGGTGTGGTTGTGCACGCCAGTAGTCCTAGCTACTCAGGAGGCTGAGGCAGGAGGATTGCTTGAGCCCAGGAGTTTGAGGCTGC"
"GL873521","3642385","3642519","chr4","190118736","190118870","25","186476351","GGCTGGGTGAGGTGGCTCACACCTGTAATCCCAGCACTCTGGGAGGCCAACAGGGATGGAGCACCTGAGCTCAGGAGCTTGTGCCCAGCTTGAGCAAGAGTGAGACCTCATCTCTGTTAAAAACAGAAAAAAAAA","GGCTGGGTGCAGTGGCTCACACCTGTAATCCCAGCACTTTGGGAGGCCAAGGTGGGAGGATCACTTGAGCTCAGGAATTCGAGACCAGCCTGGGCAACATAATGAGACTGCATCTCTGTAAAAAAAAAAAAAAAA"
"GL873521","3642815","3642983","chr6","117522072","117522244","43","113879257","AAAAAAACTAGCCAGGCATTGTGGCGAGTGCCTGTAGTCCCAGCTACTCGGGAGGCGGAGGCAAGAGGAGTGCTTAATCCCAAGAGTTTGAGGTTGCTGTAAGCTATGACACTCATTCTACTCAGGGTAACAAAGTGAGACTCTGTCTCAAAAGGAAAAAAGAAAGAGA","TAAAAAAATTAGCCAGATGTGGTGGCATGTGCCTGTAGTTCCAGCTACTCGGGAGGCTGAGGCAGGAGGATTGCTTGAGCTCAGGAGTTCGAGGCTGCAGTGAGCTATAATTGTGCCACTGCACTCTAGCCTGGGTGACACAGTGAGACCTTGTCTTTAAAAAAAAAAAAAAA"
"GL873521","3668981","3669096","chr1","92774326","92774442","25","89105345","GGCTAGGCTCAGTGGCTCATGCCTATAATCCTAGCACTCTGGGAGGCTGAGACAGGTGGAGTGCCTACGTTCAGAAGTTTGAGACCAACCTGGGGAAGAGTGAGACCCTTGTCTCT","GGCCAGGCGCAGTGGCTCACACCTGTAATTCTAGCACTCTGGGAGGCAGAGGCAGGCAGACTGCTTGAGCTCAGGAGTTCGAGACTACCCTGGGCCACACAGTGAGACTTTGTCTCT"
"GL873521","3669118","3669287","chr19","44556029","44556196","40","40886911","GCCTAGCCATGCATTATGGTGGGCACCTGTAATCCCAGCTACTTGAGTGGCTGAGACAGGAGGATTGCTTGGGCCCAGGTGTTTGAAATTGTCGTGAGCTATGACAACACTATAGCACTCAACCCAGGGCACAGAGTGAGACCCTGTCTCAAAAAAAATAATAAATAAAA","TTAGCTGGGCACGGTGGTGTGCACCTATACTCCCAGCTACTCTGGAGGCTGAGACAGGAGGATTGCTTGAGCCCAGGAGTTCAAGACTGCAGTGAGCTAGGATCGCACCATTGCACTCCAGCCTGGGCAACAGAGTGAGGCCCTGTCTCTAATAATAGTAAAAAAAAA"
"GL873521","3669631","3669737","chrX","25092369","25092466","29","21422738","GGTTAGGCATGGTGGCTTACACATGTAATCCCAGCACTTTCAGAGGCTGAAGTAGGAGGATCTCTCAAGAGACCATCAGAGGGAGACCCTGTCCTTATAAATAATTA","GGGTGTGGCGGCTCAAACCTGTAATCCCAGCACTCTGTGAGGCTGAGGCAGGAGGATCGCCTGGGCAATATAGTGAAACCCTGTCTGTATTAATAATA"
"GL873521","3670024","3670183","chr1","26355033","26355200","40","22685009","TTGGTTGGGTGTGGTAGCACTTGCCAATAGTCTTAGCTACTTGGGAGGCTGAGGCAGGAGGATCCCTTGAGCCCAGGAGTTCAAAGTTGTAGTGAGCTGTAGTAGGGCCACTATAGGGTAAAAGAGTAAAATCCTGTCTCAAAAAAAAAAAAAAAAAAAA","AACTAGCTGGGTGTGGCGGCGTGTGCCTGTAGTCCCAGCTACTTGGGAGGCTGAGGCAGGAGGATCACTTGAGCCCAGGAGTTCAAGGCTGCAGTGAGCTAAGATCATACCACTGCACTCCAGCCTGGGTAATAGAGTGAGATCCTGTCTCAAAAAAAAAAAAAAAAA"
"GL873521","3713060","3713213","chr16","52591348","52591478","53","48878288","ACTAAAATTGTAAAGCCTAAGCTGGGTGTCATGGTGCACACCTGGAGATCCAGCTCCTCGGAGGCAGAGACAGGAGGATCTCTTGAACCCCAAAATTTGAACACAGTGCGACAACATAATGAGACCCACCTCTTACAAAAAATTACAAAGACTA","GCTGAGTGTGGTGGTGTGTGCCTATAATTCCAGCTACTCAGGAGGCTGAGGCAGGAGGATCACTTGAGCCCAGGAGTTTGAGACCAGCCTGGGCAACACAGTGAGACCCCATCTCAAAAAATTAAACATTA"
"GL873521","3858021","3858181","chr15","40727742","40727900","45","36869721","GGAAAAATTAGCTCAGCATTGTGGTGGGTGCCAATAGTCCTAGTTACTGGGGGGGTGGAGGGTTGAGGCAGGAGCTTGAGCTCAGGAGTTTGAGGTTGCTGCGAGCAAGGCTCATGCCATGGCACACTAGCCTGGACAACAGAGTGAGAGTCTGTCTCAAA","TTTAAAAATTAGCCAGGCATGGTGGTGACCACCTGTAGTCCTAGCTATTCAGGAGGCTGAGGCAGAAAGATTGCCTGAGCTCAGGAGTTTGAGGTTACAGAGAACTCTGATCATGCCACTGCACTGCAGCCTGGGCAACAGAGTGAGACTCTGTCTCAA"
"GL873521","3858456","3858567","chr17","26390105","26390216","27","22531649","GGTTGGATGCAGTGACTCACGTTTATAATCCTAGCACTCTGGGGAGCAGAGGCAGGAGGATCCCTTGAGCTTAGGAGCAAGACCCCATCTCTACTAAAAAATGGAAAAATTA","GGCCGGATGCAGTGGCTCACGCCTGTAATCCCAGCACTTTGGGAGATGGAGGTGGGAGGATCGCTTGAGGCTAGGGGTTCGAGACCACATCTTTACAAAAAATTTAAAATTA"
"GL873521","3958462","3958555","chr3","156881552","156881648","15","152923090","GGCCAAGTGTGGTGGCTCACGCCTGTAATCCCAGCACTCTGGGAGGCTGAGGCAGAGAATCACTGGAGCGCAAGAGTTTGAGACTAGCTTGAGC","GGCCAGTTGTGGTGGCTCACACCTGTAATCCTAGCACTCTGGGAGGCTGAGGCTGGAGGATCACTTGAGCTCAGGAGTTTGAGACCAGCCTGGGCAA"
"GL873521","4004289","4004415","chr2A","53135817","53135938","36","49131528","GCCGGGCGCGGTGGCTGACACCTGTAACCGAGCACTTTGGGAGGCATCTGTAGGAGGATCGCTTGAGGCCAGGGATTGGAGACCTCCCGCCCTACAAATGATTTTAAAATAAACTGCTTATGCTGGG","GCCAGGTACAGTGGCTGACATCTGTAATCCCAGCACTTTGGGAGGCTGAAGTGGGAGGATCACTTGAGGCCTGGAGCTTGAGACCAGCCTTGTCAACATAGTGAGATTAAAAAATTAGCTGG"
"GL873521","4004664","4004811","chr5","141173286","141173416","45","137168622","CTGCTTATGCTGGAGGACCCTCACCCCACCCCACCCCCACACACACCTTGTGCTCCTGACTTGGAGACTGCAGTGAACTATGATCAGGCCGCTGCCCTCCAGCGTGAGCGACAGAGCATGACCCTGTCAAAAAAAAAAAAAAAAAAAA","CTACTTGGGAGGCTGACCCACGAGAATCACTTGAACCTGGGAGGTAGGCTGCAGTGAGCTAAGATCACACCACTGCACTCCAGCCTGGGCAACAGAGCAAGACTCTGTCTCAAAAAAAAAAAAAAAAAAAA"
"GL873521","4367979","4368038","chr4","148843957","148844014","16","144475978","GGGCCCGGATAATGGCTCTAATCCCAGCTACTTGGGAGGCTGGGGCAGAAGGATCGCTTG","GCAATGGTACATGCCTATAATCCCAGCCCTTTGGGAGGCTGAGGCAGGAGGATCACTT"
"GL873521","4416492","4416644","chr15","38442496","38442652","39","34026004","GACAAAAATTAGATGGGCGTGGGGCTGTAGTTCCAACTACTCTGGAGGCTGAGGCAGGAGGGTTGCTTCAGCCCAGGAGTTTGCGGTTGTAGTGAGCTATAATGATTCCACTGCACTATAGCATGGTGACAGAGTAAGACTGTATCTCAAAAA","TTAGCCAGATATGGTGGTGCATGCCTGTAGTCCCAGTTACTTGGGAGGCTGAGGCGGGAGGATTGCTTGAGCCCAGGAGTTTGAGGCTGTGGTGAGCTATGATTGTGCCACTGCACTCCAGCATGGGTAACAGAGCAAGACCCTATCTCTTTAAAAA"
"GL873521","4416915","4417046","chr12","122239412","122239544","30","117822497","GCCTGGTACAGTGGCTCACAGCTGTAATTCTACCACTCTGGCAGACTGAGGCAGGAGTATAGCTTGAGGTCAGGAGTTAGAGAGCAGCCTGAGCAAAAGTGAGACCCTCTATTAAAAATAGAAGAATTAGGG","GGCTGAGCACGGTGGCTCATACCTGTAATCCTAGCACTTTGGGAGGCTGAGGCGGGAGGATTGCTTGAGGCCAGGAGTTTGAGACCAGCCTGGGCAACATAGTGAGACCCCATCTCTAAAAAAAAAAAAATTA"
"GL873521","4508052","4508216","chr1","180937305","180937458","45","176429253","CGCCAAAATAGCCACGTATGGTTGTGTGCACCTATAGTCCCAGCTATTTCAGAGGCGGAGACCATAAGACCACTTGCACCCAGGAATTTGAGGATACAGCAAGCTGTGATCATGCCACTGCACTCCACTCCAAGCCACAGACTGAGGCCTTGTCTCTTAAAAAAA","GCAAGCCAGGTGTGGTGGCATTTGCCTATAGTCCCAGCTATGTCAAAGGCTGAGACAAAAGTATCACTTGAACCCAAGAGTTAGAGGTTACAGTGAGCTATGATCGCACCACTGCACTCCAGCCTAGGCAACAGAATGAGACCCTGTCTCTAAA"
"GL873521","4508241","4508340","chr4","142826785","142826889","25","138318544","CCAGGTGCCATGGCTTATGCCTGTAATCCCAGGGCTCAGCTTGAGGCAGATGATCACTTGAAGCCAGGAGTTCGAGACCAGCCTGGGTAACACAGTGAGA","GGCCAGGTGTGGTGGCTCATGCCTTTAATACCAGGGCTTTGGGAGGCTGAGGCAGGACGATCACTTGAGGCCAGGTGTTTAAGACCAGCCTGGGCAACATAGGGA"
"GL873521","4585645","4585775","chr1","22024766","22024901","32","17439121","GCTGGGCAAGGTGGCTCACGCCTGTAATCCGAGCACTCGGGGAGTCCAATAGGGGTGGATTGCCTGAGCTCAAGTTCAAGACCAACCCAAGCAAGAGTAAGACCCCATCTCTACTAAAAATAGAAAAAACA","GCCAGGTGAGGTAGCTCACGCCTGTAATCCCAGCACTTTGGGAGGCCAAGGTGGGTGGATCAACTGAGGTCAGGAGTTCAAGACCAGCCTGGCCAATATGGTAAAACCCCATCTCTACAAAAAATACAAAAATTAT"
"GL873521","4586039","4586216","chr5","162553581","162553768","45","157967542","TAATAGAAAAACTAGCCACTGGTAGGCACCCATAGTCCCAGCTACTTGGGAGACTTAGGCAAGAGAATCACTTAGCCCAAGAGTTTGAGGTTGCTGTGAGCTATGATGCCATAGCACTCTACCCACAGTGCCAGAGTGAGATTCTGTCTCAAAACAAAAAAAGAAAGAAAGAAAGAAA","AATTTAAAAATAGCCAAGTATAGTGGCATGCCTCTGTATTCCTAGCTACTTAGGAGACTGAGGCAGGAGGATCACTTGAGCCCAAGTGTGTGAGGCTGCAGTGAGCCATGATCCAGCCACTGCACTCGAGCCTGGAAGACAGAGTGAGATACTGTCTCAAAAAAAAGAAAGAAACGAAAAGAAAGAAA"
"GL873521","4615177","4615298","chr12","11845861","11845982","46","7230684","AAATATAATGAGTAGCTGGGTGTGGAGGCACGTACTTCTACACCCAGCTACATAGAAACTGTGTAGCAGGCAGGAAGATAGTTTAATTAATATAGTGAGAACCCCATTTCAAAAAGAAAGAA","AATACAAGGAAGCCAGGTGTGGTGGCATGCACCTACAGCCCGAGCTACTCGGGAAGCTTTGAACTGGAGACAAGCCTGGGCAACATAGTGAAACCCCATCTCCCTCTAAAAACAAGGAAAGA"
"GL873521","4639212","4639298","chr17","29760224","29760310","16","25121012","GGCCTGGCACAGTGGCTCATACCTATAATCCTAGCACTCTGGGAGGTGAGGTGGGGAGGATCCTTTGAGCTTAAGAGTTTGAGATCA","GGCCATGGGCAGTTGCTCACACCTATAATCCCAGCACTTTGGGAGACTGAGGTGGGAGGATCGCTTGAGCACAGGAGTTTGAGACCA"
"GL873521","4757227","4757326","chr1","32811419","32811520","26","28054192","TAAAATAAATAAATCAGCTGGCAGTGTGGTAGGCAACTGTAGCCCCAGCTACCCAGGGCTGTGGCAGGAAGGTGACTTGAGCCCAGTAGTTTGAGGTTGC","ATTAAATTAAATGGAGCCGGGCGTGGTGGTATGCACCTGTTGTCCCAGCTACTCAGGAGGCCAAGGCAGGAGGATCACTTGAGCCCAGGAGTTTGAGGATGC"
"GL873521","4757600","4757715","chrX","124471265","124471386","33","119713665","GGCTGAGCAGTGTGGCTCACGCCTGTAATCCTAGTGCTTTGGGAGGCTGAGGTGGAGTGAATTCCAGACCTGCCTGAACAAGAGAGTTTTTGTCTCTACTAAAAATATAAAAATCA","GGCTGGACACCGTGACTCACGCCTGTAATCCCAGCACTTTAGGAGGCTGAGGCAGGAGGATTGCTCAAGACTAGCCTGGCCAACATGGTGAAACCCCGTCTCCACTAAAAATACAAAAATTA"
"GL873521","4833908","4834183","chr20","5619662","5619943","68","785754","GGCCAGTGCAGTGGCTCATGCTGTAATCCCAGCCCTCTGGGAGGCTGAGGCAGGCGGATCCCCTGAGCTCAGTGGTTGGAGACCAGCCTGAGCAAAAGTGCAACCCCGGCTCTACTAAAAATAGAAAAAACATTAGCTGGGCTGGGTGGCAGCTGCCTATAGTTACAGCTAATAGGAAGGCTGAGACAGGAGGATGGTTTGAGCTCAGGAGGTTGGGGTTAAGATATGGTGACACCACTGCATGCTACCTGGGGCACAGAGCAAGACTCTTGTCTC","GGCCAGGTGCAGGGGCTGACACCTGTAGTCCCAGCACTTTGGGAGGCTGAGGCAGGAAGATCACTTAAGCCCAGGAGTTCGAGACCAGCCTGCGCAACATGGTGAAAACCCGACTCTACAAAAAATACAAAAACTAGCCAGGCATGGTGGTGCCTGCCTGTAGTCCTAGCTACTCAGAAGGCTGAGATGGGAGGATTGCTTGAGCCCAGGAGGTTGAGGTTGCAGTGAGCTGAGATGACACCGCTGCATTCCAGCTTGGGTGCCAGAGCAAGACCCTCTCTC"
"GL873521","4857882","4858053","chr13","48157593","48157767","59","43299711","GACCAACCAGAGTAAGAATAAGACCCCTGTCTCTACAAAAAAATGCCAAAATTAGCCAGGCATAGTGGCATGCACCTATAGTCCCAGCTACTATAGTTTTGAGGTTGCTGTGAGCTATGACGATGACATTGCACTCTACCCCAGGCAACACAGCAAGGCTCTGTCTCCAAAA","CCAGCCTGGACAACATAGGGAGACCCTGTCTCTACAAAAAAATTTTCAGAAAATTAGCTGGGCACCATGGCGCATTCCTATAGTCCCAGCTACTCAGGAGGCTGCAGTGAGCCATGATTGTGCCACTGTGCTCCAGCACGGGTGACAGAGCAAGACCCTGTCTCTTAAAAAAAAA"
"GL873521","4858329","4858418","chr2B","246546136","246546224","17","241687807","CAGGAGCAGGGGCTCACACCTATAATCCTAGCACTCTAGAAGGCCAAGGCTGGAGGATTACTTGAGGCCAGAAGTTCATGACCAGCCAGT","CCAGGTGCTGTGGCTCATGCCTGTAATCCCAGCACTTTGAGAGGCCTAGGCAGGAGGATTACTTGAGGCCAGAAGCTCAAGACCAGCCT"
"GL873521","4904065","4904344","chr20","3250028","3250308","77","1654037","GGCCAGGCATGGCGGCTCAGCCTATAATCTGGGAGGCCAAGGCTCAAGGAGTTTGAGACCTGCCTGAGCAAGAGCAAGACCCTGTCTCTACTAAAAATAGAAAAAACAGCCAGGTGTTGTGGCAGGCACCTGTAGGCCCAGCTACTTGAGAAACTGAGGCAGGAGGACTGCATGAGCTCAGGAGTTTGAAGTTGCTGTGAGCTAAGAAGCCACAGCATTCTAGTCTGTAGCAACAGAGTGAAACTGTCTCAAAAACAGAACAAAACAAAACAAAACAAAA","GGCCAGGTGCAGTGGCTCACACCTATAATCCTAGCACTTCAAGGCCAAGTTCGAGACCAGCCTGGGCAACATGGCAAAACCCTGTCTCTACAAAAAAAAAATAAAAATTAGCCAGGCATGGTGGCGCTCACCTGTAGCCCCAGCTTCTTGTGGGGCTGAGGCAGGAGGATTGTTTGAGCCTGGGAGACAGAGGTTGCAGTGAACCTATATCATGCCACTGCACTCCAGCCTGGGTGACAGAGTGAAACCCTGTCAAAAAAAAAAAAAAAAAAGAAAGAAAA"
"GL873521","5548943","5549231","chr4","172002891","172003185","72","166453948","GACTGGGCACAATGGCTCACGCCTATAATCCTAGCACTCTGGAAGGCCAAGGTGGGTGGATTACTTGAGCTCACAGGTTTGGGACCATCCTGAGCAAGAGTAAAACCTCATCTCTAAAAATAGCCCGGCATTGTGGTGGGTACCTTGTAGTCCCAGCTAGTTGGGAGGCTGAGGCAAGAGAATCTCTTGAGCCTAAGACTTTGAGGTTGCTGTAAGCTGTGATGCCATGGTACTCTACCGAGGGTGACATAGTAAGACTCTATCTCCAAAAAAAAGAAAGGAAAAAGAA","GGCCAGGCACAGTGGCTCATGCCTATAATCCCAGCAATTTGGGAGGCCAAGGTGGGAGGATCACTTGAGCCCAGGAGTTGGAGACCAGCCTGGGCAACATGGCAAAACTCCATCTCTACAAAAAATAGAAGCCAGGTGTGGTGGTGTGCATCTGTAGTCCCAGCTACTTGGGAGGCTGAGGTGGGAGAATCGCCTGAGCCTGGGAGGTGGAGGTTGCAGTGAGCCAAGATCATGCCACTGCACTCTAGCCTGGGTGTCAGAGTGACAACTTGTCTCAAAAAAAAAAAAAAAAGAA"
"GL873521","5616768","5616899","chr1","134480867","134480991","29","128864099","GTGGCTCTCTCCTGTAATCCCAGCACTTTGGGAGGCCAGGGGAGAGGATTGCTTAAGGCCAGGTATTTGAAACCAGCCTGGGCAACACAGAGAGATATGCCCATCTCTACCAAAAGAAAAAAATTGCTAGGA","GTGGCTCATGCCTGTAATCCCAGCACTTTGGGAGGCCAAGGAGTGAGGATTGCTTAAGTCCAGGAGTTCAAGAACAGCCTGGGAAACATAGTAAGATCCTGTCTCTACAAAAAATAAAAAATTGT"
"GL873521","5617203","5617331","chr3","201848039","201848154","42","196230836","TTAAAAGTTTGCTGGGCTTGCTGAAGTGTGCCTGTAGTCCCAGCTACTCAAGAGACTAAAGTGGGGGGGATCAACAGAGCCCAAGAGTTTTAGCCTGTTCTGAATCACTGGACCACTGCATTCCTGTCT","ATTAGCTGGGCGTGGTGGCGGCTGCCTGTAGTCCCAGCTACTCAGGAGGCTGAGGTGGGAGGATCACCTGAGCCCGGGAGGTCGAGGCTGCAGTGAGCAGTGATGACGGCACTGCA"
"GL873521","5813449","5813645","chr8","55925895","55926096","51","50112446","TCTATAAATATATAGAAATTGCCAGGCACTGTGGCTAATGCCTGTCATCCGAGCACTTTGGGAGGCTGAGGCAGGAGGATCATTTGAGCCCAGAAGTTGGAGGCTTCTATGACTGGGGTGCTGCACTACAGTGGAGGCTGGGTGAAAGAGCAAGATTCTGTCTCTAAAAAACATACAAAACAAACAAACAAACAAAA","TCTCTACAAAAAAATAAAAAACTAGCCGGGCATGGTGGCACATGCCTGTAGTCCCAGCTACTTGGGAGGCTGAGGCAAGAGGATCACTTTACCCCAGGAGGTCGGGGCTGCAGTGAGCTGTGTTCATACCACTGCACTACAGCCTGGGTGACAGAGCAAGACTCTGTCTCAACAAAACAAAACAAAACAAAACAAAACAAAA"
"GL873521","5816723","5816839","chr7","150519989","150520108","29","144703266","GGCTTACACCTGTAATCCTAGCACTTTGGGAGAGTGGGAGTATGGCTCGAACCCAAGAGTTGGGAGACCAGCATGGGAAAGAATGAGACCCTGTCTCTACAAAAATAGAAAAATTAG","TGGCTCACATCTGTAATCCCAGCACTTTGGGAGGCCAAGGTGGGAGGATTGCTTGATCCCAGGAGTTGGAGACCAGCCTGGGCAACATAGTGAGACCCTGTCTCAACAAAAATTTATTTT"
"GL873521","6392280","6392393","chr13","98865790","98865887","34","92473510","GGCATGGTGATACATGCCAGCGACTTAGGAGGAGGACCCCTTGAGCAAGTGAGCAGTGATTGTGCCACTGCACCTCCAGCCTGAGCAACAAAGTGAGACTCTGACTCTTAAAAA","CAGGGGGACCACCTGAGCCTGGGAGGTTGCAGCTGCAGAGCCGTGATTGTGCCACTGCATTCCAGCCTGGGCAACAGAGTGAGCTCCTGTCTCAAAAA"
"GL873521","6821886","6822161","chr13","35542940","35543211","71","28721054","GGCCTGGTGCAGTAGCTCAGAGCTGTAAGCCTAGCACTCTGGGAGGCAGAGGTAGGTAGATCACTTGAGACCAGGAGTTCAAGAAGACCAGACTAAGTAAGAGTGAGACCCTCACCTATGCTAAAAATAGAAAATATTAGCTGGGCATACAGTGTATGTCTGTAGTCCAGGCTACTTAGGAAGCTGAGGTAGGAGGATCACTTAAGCCCAGGAGTTTGAGGTTGCTGTGAGCTAGGCTGAGGCCATGGTACTTCAGCCTCGGCAACAGAGTGAGAC","GGCCAGATGTGGTGGCTCACACCTGTAATCCTAACACTTTGGGAGACCGAGGTGGGTGGATCACTTGAGGTCAGGAGTTCAAGACCAGCCTGGCCAACATGGTGAAACCCCATCTCTACTAAAAATACAAAAATTTGCTGGGCATGATGGTGGGCGCCAGTAGTTCCAGCTACTCAGGAGGCTGAGGCAGGAGAATCGCTTGAACCCAGGAATCAGAGGTTGCAGTGAGCCAAGATCACGCCATTGCACTGAAGCCTGGGCGACAAGAGCAA"
"GL873521","6822427","6822459","chr1","26448863","26448892","8","19626436","TCAGAGTGAGACTTTATCTCAAAGAAAAAAAAA","TGAGTAAGACCCTGTTTCAAAGAAAAAAAA"
"GL873521","6828199","6828251","chr12","8954703","8954756","17","2126504","GGGAGAGGTAGCTCAGGCCTGTAATTCTAACACTCTGGGAGGGAGGATCCCTT","GGTCAGGTATGGTGGCTCATGCCTGTAATTCTAGTACTTTGGGAGGCTGAGGTC"
"GL873521","6828640","6828791","chr2A","70191250","70191406","45","63362610","CCTTGAGCTCACAAGTTTGAGACCAGCCTGAGCAAGAGCGTGACTATCTCTACTAAAAATAGAAAACTCTGCTAGGTGTTGTGGCAGGTGCCTATAGTTCCAGCTACCTAGGAGGCTGAGGCAAGAGGATCACTTAAGCCCAGCAGTTTGAG","TCACTTGAGCCCAGGAGTTCGAGACCAGCCTGGGCAACATAGTGAGACTCAGTCACTACAAAAATAAACTTGCTGGGTGTGGTGGTGTGCACCTGTAGTTCTAGCTACTCAGGAGGCTGAGGTGGGAGGATCCCTTGAGCCTCGGAGGTGGAGGTTG"
"GL873521","6837142","6837367","chr12","104694083","104694305","59","97856941","GACTGGGTGCTATAGCTCACACCTGTAACCCTAGCACTCTCAGAGGCCAAGGTGGGTGGATTCGCTGAGCTCAGGAGTTCAAGACCAGCCTGAGCAAAATAAGACCCCATCTCTACTAAAAATAGAAAAAGAAAAACCAGCCAGGTGTGGTGCCAGGAGCCTGTAGTTCCAGCTACTCAGAGGCTAAAGTAAGAGGATTATTTGAGCAGTAAGAGTTTGTGGTTTC","GACTGAGTACGGTGGCTCACACCTGTAATCCTAGCATTTTGGGAGGTCAAAGTGGGAGGATGACTTGAGCCCAGGGGTTCAAGACCAGCCTGGGCAACAAAGTGAGACCCTGTCTCCATAAAAATTACAAAAATTAACCAGGCATGGTAGCATGTGCCTGTAGTCCCAGCTACTCGGGAAGCTGAGGCCAGAGGATTGCTTGAGCTTAAGAGGTTGAGGCTGC"
"GL873521","6837616","6837695","chr14","61332116","61332199","24","54494500","GTTTGTGGTTGCTGTGAGCTATGACATCACAGCACTCAACCCCAGGGTGACTACATACAACTCTGTCTCAGAAAAAAAAA","GGTTGAGGCTGCAGTGAGCTGTAATTGTACCACTGCACTCCAACCCAGGTGACACAGTAAGACCCTATCTCAAACAAAACAAAA"
"GL873521","7000001","7000131","chr1","35753661","35753787","41","28753660","ACAGTAATACATACTTGTAGTTCCAGCTTCTAGGCTGAGGCCAGAAGATGGCTTGAGCCCAGGACTTTGAGGTTGCAGTGAGAGATGATGATACCTCTGTACTCTAGCCCAGGTAACAGAGACTCTGTTTC","TTAGCCAGGCATACTAGCTCATGCCTGGAGGCTGAAGCAAGAGGACAGCTTGAGCCCAGGAGTTTGAGGCTGCAGGCAGCTATGATCGCACCATCGCACTCCAGCCTGGGTGACAAGACCCCATCTC"
"GL873521","7000386","7000547","chr6","44662547","44662705","42","37662161","GGGTGTGGTGGCTCTTACCTGTAATCCTAGCACTTTGGGAGGCTGGGGCAGGCAGGAAGATTGTTTGAGGCCAGGAGTTCCAGACCAGGCTTGTCAATATAGTGAGACCCCGTCCCTATAAAAAATAGAAAAATTATCTGGGCCTGGTAATGCATACTTTGG","GGCACAGTGGCTCATGCCTATAATCTCAGCACTTTGGGAGGCCAAGGTGAGAGGATCACTTGAGCCCAGGAGCTACAGACCAGCCTGGGCAACATAGAGAAAACCCATCTCTACAAAAAATACAAAAATTATCTGGGCGTGGTGATGCATGCCTGTTGT"
"GL873521","7034228","7034543","chr6","83628974","83629284","80","76594746","GGCCAGATGCAGTGGCTGACACCTGCAATTCTATAACTTTAGGAAGGTGAGAGAATTGCTTGAGGCCAGGAGTTCCAGACCAGCCTGAACAATATAGTGAGACCCCATTGCTACAAAAATTAGAAAAATTCACTGGGTGTAATGGCCAATGCCTGTATTCCCAGATAATCCAGAGGCTGATGCTGGAAGATTACTTGAGCCCAAGAATTTGAGGTGACAGTGAGCTATGATGACACCAATGCACTCTAGCTTGGGCAATAGAGTGTGACCCTATTTCCAAAAAAAGAAAGAAAGAAAGAAAGAAAAGAAAAGAAAA","GGCAGGGCATGGTGGCTCATACCTGTAATCCCAGCACTTTGGGAGTCCAAAGTGGGTGGATCGCTTGAGTCCAGGAGTTCAAGACCAGCATGGGCAATATGGTGAAACCCTATCTCTACAAAAAAATACAAAAATTAGCTGGGCATGGTGGCATGCACTTGTATCCCAGCTACTCCAGAGGCTGAGGTGGGAGGATTGCTTGAGCCCAGGAGGTTGAGGCTGCAGTGAGCCATGATCACACCACTGCACTGTAGCCTGGGCAGTAGAGCGAGACACTGTCTAAAAAAAAAAAAAAAGAAAAGAAAAGAAAA"
"GL873521","7070010","7070206","chr5","79804250","79804453","53","72734240","GGCCAGGCAAGATGGCTCATGCCTGTAATCCTAGCATTCTGGGTGGCTGAGACAGGCATATTCCCTGAACTCATGAGTTGGAGACAAGTCTGAGCCAGAGTTAGACCTCATCTCTAAAAATAGCCTGGCATTGTGGCATACACCTGTAGTCTCAGCTACTTGGGAGGCTGAGGTGAAAGAATTGCTTAAGCCCAAGA","CAGGCACTGTGGATCACACCTGTAATCCCAGCACTTTTGGAGGCTGAGGCGGGCAGATTGCTTGAGCTCAGGAGTTTGAGACCATCTTGGGCAACCTGGTAGAACCACATCTCTACAAAAAATTAGCCGGGCATCGTGGCACACGCCTGTAGTCGCAGCTATTTGGGGGGCCTCCTGAGGTGAGAGGATTGCTTGAGTCCAGGA"
"GL873521","7070300","7070404","chr10","27497894","27497990","34","20427594","GTAAGCCCAAGATTTTGAGGTTGCTGTGAGCTATAATGCCATAGCACGCTAACTGAAGCAAAGTAACTATGACAAAGTAAGACTCGGTCTCAAGAAAGAGAAAAA","CACTTGAGCCCAGGAGGTTGAGGCTGCAGTGAGCTATCATGCCACCACACTCCAGCCTGAATTACATGGCAAGACCCTGTCTCAAGAAAAAAAAAAA"
"GL873521","7099137","7099314","chr16","419989","420167","56","6679148","GGCTGGGTGCCGCGGCTCACACCTATAATCCTAGCACTCTGAGAGGCCAAGGCAGGTGGATTGCTTGAGCTCAGGCACTTGAGGCCCTCAAATAGAAAAACTAGCCCAGCCTTGTGGTGGGCCCCTGTAGTCCAGCTACTTAGGAGGCTGAGGCATGAGGATCGATTGAGCCCAAGTA","CTGGGCACCGTGGGTCATGCCTGTAATCCCAGCACTTTGGGAGGCTGAGGCAGGAGGATCACTTAAGCCCAGGTGTTCAAAAAACAAACAAAAAAACATTAGCCAGGTGTGGTGGTGCACACCTGTAGTCCCGGCTACTCAGGAGACTGAGGTGGGAGGAGCTCTTAAGACCGAGAGGT"
"GL873521","7099591","7099694","chr5","181790038","181790151","31","174690447","TGAGGCCAAGTATTTGAAGTTGCTGTGAGCTATGATGTGGCGCTCTACCAAGGTTGATAAAGTGAGACTCTGTCTCAAAAACAAACAAACAAACAAAAAAGCAA","TTGCTTGAGCCCAGGAGGTGGAGGTTTCAGTGAGCCAAGATCGTGCCACTGCACTCCAGCCTGGGTGACAAAGTGAGACCCTGTCTCAAAAACAAACTAACAAACAAAAAACAA"
"GL873521","7182117","7182284","chr17","14741482","14741644","46","7559365","AATTAGCCAGGCATCATAGCACATGCCTATAGTCCCAACTATTCAGGAGCCTCAGGGCCAGGAGGATCCCTTGAATATAGGAGTTTGGGGTTACTGTGAGCTATAATGATACCACCCACTGCACTTTAGTCTGGGTGACAGTGAGACCCCGGCTCAGGGGGAAAAAAA","AATTAGCCAGGCATGGTGGCACATGCCTATAGTTCCAGCACTTTGGGAGGCTAAGGCAGGAGGATTGCTTGAGCCCAGGAGTTTGAAGTTACAGTAAGCTATGATCATGCCATTGCACTCTAGCCTGGGCAACAGAGTGAGACCTTGTCTCTAAAAAAAAAAA"
"GL873521","7182549","7182656","chr11","75656969","75657073","28","68474420","AACCCCAGCACTTTGGGAGGCCAAAGCAGGAGGATCATTTGAGGCCTAGGAGTTGGAAAGCAGGCAGAACAAGAGTGAGACTATCTTCATAAAAATACAGAAAAATTA","CCAGCACTTTGGGAGGCCAAGGCAAAAGGATCACTTGAGCCCAGGAGTTTGAACCAACCTAAGCAACAGAGTGAGACCCTGTGTCTACAAAATATTAAAAAATTA"
"GL873521","7224398","7224414","chr1","153358526","153358539","3","146134128","AAAAAAGAAAGTAAAAA","AAAAAAAAAAAAAA"
"GL873521","7224442","7224704","chr16","23925003","23925279","73","16700561","GTGTGATGGCTCATGCCCATAATCCTAGTACTTTGGGAAGCTTAGGCAGGAAGATTGCTGGAGGTCAGGAGTTCAAGACCCACCTGAGCAAGAATGAGACCCCCGTATCTACAAAAAATAGAAACATTAGCTGGGTGTGTTGGTGTATGTCTGCAGTACCAACTACTAGAGAGTTTGAGGCAGGAGGATCGTGTAAGCCCAGGAATTTGAGGTTGCAGTGAGCCACCACTGCACTCTACCCTGGGAGGCAGATCAAGACTGTG","GGCTGAGCGCGGTAGCTCATGCCTATAATCCCAGCACTTTGGGAGGCTGAGGCAGGTGGATTACTTGAGCTCAGGAGTTCGAGACCAACCTGGGCAACACGGTGAAACCCCTTCTCTACAAAAAACACAAGAATTAGCAGGGCATGGTGGTGTGCACCCGAAGTCCCAGCTACTCAAGAGGCTGAGGTGGGAGGATGGCATAAGCCCAGGAAGTGGAGGTTGCAGTGAGCCAAGATCATGCCACTGCACTCCAGCCTGGGTGACAGCAAGACTGTCT"
"GL873521","7244822","7245115","chr16","74165797","74166100","72","66920975","GGCCGGGCTCAGTGGCTCTATAATCCTGGCACTCTGGGAGGTCAAGGTGGGTGGATTGCTTGAGCGCAGGAGTTTGAGACCAGCCTGAGCAAGAGTGAAACCCCGTCTCTAAAAATAGCCAGGTGCTGTGGTGAGCCCCTATAGTCCCAGCTACTCAGGAGGCTGAGGCCAGAGAATCGCTTAAGCCCAGAAGTTGGAGGTTGCTGTGAGCCGTGATACCATAATTCTTTAACAAGGGTGACAGAGTGAGACTCTGTCTCAAAAAAACAAACATACAAACAAAAAAAAAAAAAA","GGCTGGGCACAGTGGCTCATGCTTATAATTCCAGCACTTTGGGAGGCCAAGGTGGGTGGATCACTTGAGCCCAGGAGTTCGAGACCAGCCTGGGCAACATGGTGAAACTCTGTCTCTACAAAAAATTAGCTGGGTGTGGTGGCTCGTGCCTGCAGTCCCAGCTACTCAGGAGGCTGAGGTGAGAGGATCAATGGAGCCCAGGAGGTGGAAGTTGCAGTGAGCCAGATCACACCACTGTACTCTCCAGCCTGGGTGACAGAGCAAGACCCTGTCTCAAAAACAAACAAACAAACAAACAAACAAA"
"GL873521","7391188","7391475","chr8","106723939","106724236","70","99332751","GGCATGGTGGCTCACACCTATAATCCTAGCACTCTGGGAGGACAAGGTGGGAGGATCCCTTGCACTCAGAAGTTCAAGACCAGCCTGAGAGAGAATAGGACCCCATCTCTACTAAAAATAGAAAAATTACCTGGGCATTGTGGTTGGTGCCTGTAGTCCCAGCTTCTTGGGAGGGTGAGGCAGGGGCATCACGTGAGCCCAGGAATTTGAGGTTACAGTTAGCTGTTTTGTCACAGCCATCTACCCAGGGCAACAGAGTGAGACTCTATCTCAAAAAGAAAAAAAGAG","GGTGCTGTGGCTCAAGCCTATAGTCCCAGCACTTTGGGAGGACAAGGTGGGAGGATCACTTGAGCCCAGCAGTTCAAGACCAGCCTGAGCAACATGATAAGACCCCATCTCTACAAAAAATTAGAAAAATTAGCCAGGCATGGTGATGTATGCCTGTGGTCCTAGCTACTTGGGAGGCTGAGGCAGGAGGATCCCTTGAGCCCAGGAGGTCAAGGTTGCAGTGAGCCATGGTTGTACCACTGTACCCCAGCCTGGGTTACACAGTGAGATCCTATCTCAAAAAAAAAAAAAAAAAAAA"
"GL873521","7391570","7391585","chr17","38661961","38661976","2","31270391","GAAAAAAAAAAGAGAA","GAAAAGAAAAAAGAAA"
"GL873521","7411261","7411442","chr4","57296207","57296386","41","49884946","AGAAAGAAAGAAAAAAAATTAGTCAAGAATGGTGGCATGCACCTATATTCCCAGCTACTCAAGAGACTGAAGCAGGAGGATTACTTGAGCTCAGGAGTTGGGGGCTGCAGTAAGCTTTGACTATACTAATGCACTCCAGCCTGGGTGACAGAGCGAGACCCTGTTTCAAAAAAGAAAAAAAA","AAAAAAGAAAAATTAGCCAGGCATGGTGGCATGTGCCTGCAGTCCCAGCTACTCAGGAGACTGAGGTGGGAGGATTGCTTGAGCCAGGGAGATTGGGGCTGCAGTGAGCTGTGATATCATGCCACTGTACTCCAGCCTAGGCCGCAGAGTGAGACCCTGTCTCAAAACAAAAACAAAAAA"
"GL873521","7411723","7411845","chr16","11721596","11721721","28","4309873","GGCTGGGTGCAGTGATCCTAGCCTTTTGGGAGGCTGAGGCAGGAGGACTGATTGAGGCCATGAATTTGAGACCAGCCTGAGCAAGAGTGAGACCTTGTCTCTGCAAAAAATAGGAAAATTAGT","GGCTGGATGCGGTGGCTCATGCCTTTTGGGGAGGCTAAGGCAGGAGGATTGCTGGAGCCCAGGAATTAAAGACCAGCCTGGGCAACATAGTGAGACCTCGTCTCTACAAAATTAAAAATTAAGTTT"
"GL873521","7473204","7473396","chrX","14950093","14950281","51","7476889","CAAAAAAAAAACCTTAGCCAGGTATGGCAGCACAGATTTGTCATCCCAACTACTCAAGAAGCTAAGGTGAGAAGATCACCTGAGCACAGGAGTCTGAGGTTATAGTGAGCTGTGACTGGGCCATTCACTACATTCCAGCCTATGCTATAGAGTAAGACCCTGTCAAAAGAAAAAAAAAGAGAGAGAGAGAAAA","TCAATAAATAAAAATTAGCCAGGCATGGTAGCACATGCCTGTCGTCCCAGTTACTCAGGAGGCTGAGGTGGGAGGCTCACCTGAGCCCAGGCATTGAAGGCTGCAGTGAGCTATGATCACAACACTGCATTCCAGCCTGGGTGACAGAGCAAGACCCTGCCTCAAAATAAAATAAAGAAAGAAAGAAAA"
"GL873521","7473423","7473542","chr14","57739259","57739375","24","50265836","CTGGGCACAGTGTTCATGCCTGTAATTTGAGCACTTTGGGAGGCCAAGGCTAGAGGATCACTTGAGGCCAGGAGTTTGAAACCAGCCTCAGTAACACAGAGAACCCTCATCTCTATTTAA","CTGGGTACATTGGCTCAAGCCAGTAATCCCAGCACTTTGGGAGGCCAAAGCAGGAGGATCACTTGAGGCCAGGAGTTTGAGACCAGCCTGGGTAACATGAGACCCTGTTTCTACAAA"
"GL873521","7573100","7573248","chr5","35112160","35112317","42","27539060","AGCCAGATGTGGTCTATAGTCCACAGCTACTTAGAGGCTGAGGCAAAGGGATCACTTGAGCCCGAGAGTTCAGGGCTGTGGTGCACAATGATCATGTCTGTGAATAGCCACTGCACTTCAGCCTAGGCAACATAGCAAGACCCTATCTC","AGCCTGGTGTAGTGGCACATGCCTATAGTGTCAGCTACTGGAGAGGTTGAGGCAGCAGGATTGCTTGAGTCCAGCAGTTCAAGGCTGTAGTGCACGATGATGGTGCCTGTGAATAGATACTGTGCTTTAGCATGGGCAACACAGCAAGACTCTGTCTG"
"GL873521","7601934","7602029","chr5","155700261","155700353","20","148098327","GGCTGAGCCCAGAGGCTCATGCCTGTAATTCTAGCACTCTGGGAGGCTGAGGCAGGTGGAGTGCTTGAGCTCAGGAGTTAAAAAAATCCAGTTTGA","GGCCGGGCACAGTGGCTCATGCCTATAATCCCAGCACTTTGGGAAGCTGAGGCAGGAGGATTGCTTAAGCCCAGGAGTTCAAGACCAGTCTTG"
"GL873521","7602314","7602531","chr2A","29137649","29137868","57","21535335","GACCAGTGTGAGCAAGGGCAAGACTCTGTCTCTACTAAAAATAGAGAAACTAGCTGAGCATTGTGGTGGGTGCCTAAAGTCTCAGCTGCTCAGGAGGATAAGGCAGGAAGATCTCCTGAGCCCAGGAGTTTGAGGTTGATGTGAGCTATGATGATATCGCATTCTAACCAGGTAACAGAGTGAGGCTTTGTCTCAAAAAAAAAAAAAAAAAAGAAAAA","CAGCCTGGTCAACATAGGGAAACTCTGTCTCTACAAAAAGTTAAAAAATTAGCTGAGCATGGTGGCACATGCCTGTAGTCTCAGCTACTCAGGAGGCTGAGGCAGGAGGGTCACTTGAGCCTGGGAGGCTGAGGCTGCAGTGAGCTGTGATCATGCTATTGCACTCCAGCCTGGGAGACAGAGTGAGATCCTGTCTCCAAAAATAAAAAATAAAAATAAA"
"GL873521","7608283","7608358","chr9","32411376","32411450","22","24803093","AGGCTGAGGAGGAAAGATTACTTGAGCCCCAAAATCTAGCCTTGGTGACATAGTGAAACTCTGTCTAAAAAAAATA","AGGTGGGAAGAGTACTTGAGGCCAGGAATTCAAATCTAGCCTGGGCAACATAGTGAAACCCTGCCTTAAAAAAAA"
"GL873521","7633232","7633420","chr7","4237351","4237553","52","3395881","GTGGTGGCTCATGCCTGTAATCGTAACACTCTGGGAGGCTGAGGTGGGTAGATTGCTTCAGCTTAGGAGTTCGGGACCAACCAAAGCAAGAATGAGACCCCCTCTCTACTAAAAACAGAAAGACTAGCCAGGCATTGTAGCAGGTCCTGTAGTCGCTACTCAGGAGGCTGAAGCAGGAGGATCACTTAA","GGTCAGGCATGGTGGCTCATGCCTGTAATCCCAGCACTTTGGGAGGCCGAGGTGGGCAGATTGCTTGAACTCAGGAGTTGAAGACTAGCCTGGGCAACACGGCAAAACCCCATCTCTACTAAAACTACAAAAACTAACTGGGCATGGTGGCACGCGCCTGTAGTCCCAGCTACTGGGGAGGCTGAGGTAGGAGGATCACTTGA"
"GL873521","7636438","7636492","chr5","38545852","38545906","11","30909414","ATTCAAGCCTGGGTGACAGAGTGAGACACTATCTAAGAACAATAAATAAATAAAA","ATTCCAGCCTGAGTGACAGAGTGAAACCCTGTCTCAAAACAAAAACAAAAACAAA"
"GL873521","7696982","7697091","chr9","129918441","129918551","24","122221459","TAATCCTAGCACTCTGGGAGGCCAAGGTAAGTGGATTGCTTGAGCTCAGGAGTTCAAGAGCAGCCTGAGCAAGAACAAGACCCCAACTCTATTAAAAATAGAAAAAAGCA","TAATTCCAGCACTTTGGGAGACTGAGGCAGGAGGATTGCTTGAGCTCAGGAGTTCGAGACCAGCCTGGGCAACATATTGAGTCCTCATCTCTATTAAAAATTAAAAAAATA"
"GL873521","7697336","7697489","chr7","132712253","132712405","44","125014917","GTAGAAAAAAGGCCAGCTGGGCATAGTGGTACATGCTTGTAGTCCCAGCTACTTGGAGACTAAGGTAAGAGGACTGCTTAAGTCCAAGAGCTTAAGGTTGCTGTGAGCTATGACACCACAGGGTGATAAGAGTGAGACTGTCTCCAAAAAAAAA","GAATTAAATAAAAATTAGCAGGGCATGGTGGCATGTGCCTGTAGTGCCAGCTACTTGGGAGGCTGACGCCAGAGGATTACTTGAGCCCAGGAGTTGGAGGTTACAGTGATCATGCCACTGCATGACAGAGTGAGACCCTGTCTCAAAAAAAAA"
"GL873521","7750582","7750651","chr7","149337669","149337736","11","141587087","GCTGGGTAAGAGTGGCTCATACCTATAATCCCAGCACTTTTGGGAGGCTGAAACAGGAGGATCACTTGAG","GCTGGGCACAGTGGCTCACACCTGTAATCCCAGCACTTTGGGATGCTGAGGCAGGAGGATCATTGGAG"
"GL873521","7784733","7784858","chr3","160952502","160952627","25","153167769","GGCCGGGCATTGATGGCTTCTACCTGTAATCCCAGCACTTTTGGAGGCTGAGGTGGGAGGTTTCATTGAGATCAGGAGTTTGAGACCAACTTGGGCAACAGTGAGACCCTGCCTTAAAAAAAAAAA","GGCCAGGCATGGTGGCTCACACCTGTAATCCCAGCACTTTGGGAAGCTAAGGTGGGAGGATCGCTTGAGCACAGAAATTTGAGACCAGCTTGGGCAACATAGAGATCCTGTCTCTATTAAAAAAAA"
"GL873521","7784884","7785052","chr16","1604263","1604439","38","6180621","AATTAGGCAGGCATGGTGGCACTTGTCCCAGCTACTTGGAAGGCTGAAGGAGGAGGATCACTTGAGCCCAGGAGTTAGAGGTTGCTGTGAGCTTTGATGCCACTGTACTCTAACCTGGGCAACAGAGTGAGATGTGCCTCAAAAACAAACAAACAAACAAAACCAAAAA","AATTAGCCAGGCATGGTGATTGGCACCTGTGGTCCCAGCTACTTGGGAGGCTGAGGCAGGAGGATGAATTGACCCCAGGAGTTTGAGGCTGCAGTGAGCTATGATGGCACCACTGCACTCTAGCCTGGGCGACAGGATGAGATCTGTAAAAAAATAAATAAAAATGAAAATAAAAAA"
"GL873521","7870707","7870997","chrX","70230306","70230599","61","62359599","GCTGGGCACAGCAGCTCACACCTGAAATCCCAGTACCCTGGAAGGGTGAGGATGGAGGATCACTTGTGGTCAGGAGTTCAAAAACAGCCTAAGCAAGAGTGAATCGCCATCTCTATTAAAAATAGAGAAATTAGCCAGGTGTGGTGGCATTTGCCTGTAGTCCCAGCCACTTGGGAGGCTGAGGCAGGAGGATCATTAGAACCCAGAAGGTGGAGGTTGCAATGAGCAGTAATGACACCACTGCACTCCAGCCTGGGTGACAGAGCAAGTCTCTGTTTCAAAAAAAAAAAA","GGCCAGGTACAGTGGCTCACACCTGTAATCCCAGCACACTGGGAGGCAGAGGCGGGCAGATCATTTGAGCTCAGGAGTTCAAGAGCAGCCTGGGCAACATGGTGAAATCCCATCTCTACAAAAAATAGAAAAATTAGCCGAGTGTGGTGGCACTCCTCTGTAGTCCCAGCTACTTGGAAGACTGAGATGGGAGGATCATTTGAGCCCAGGAGGCGGAGGTTGCAGTGAGCTGAGATTGCACCACTGCCCTCCAGCCTGGGCAACAGAGCAGGACCCTATCTCAAAAAAAAAAAA"
"GL873521","8041789","8041920","chr12","80555695","80555826","29","72513906","GTGGTGGCTCATGCGGATTATCCCAGTACTTTGGGGAGGTTGAGGCAGGAGGATTGCTTGAGCCCAGGAATTTGAGACCAGCCTGAGCAACATAGTAAGACTCTATACAAAAAAATAGAAAAATTAGCCTGG","GTGGCTCATGCCTGTAATCCCAACACTTTGGGAGGCTGAAGCAGAAGGATTGCTTGAACCAGGAGTTTGAGACCAGCCTGGGCAACATAGTGAGACTATCTCCACAAAAATAAATAAAAAATTAGCTGGGCA"
"GL873521","8042182","8042375","chr4","7236991","7237179","49","805191","GGTAAAAAAGAAAAAGAAAAATTAGCCAGGAGCACTAGCTTACGGCTTGTAGTCCTAGCTACTCAGGAGGCTGAGGTAGGGGAATTGCTGGAGTCCAGGAGTTTGAAGCCACAGAGAGCAAAGACCACACCACTGTACTCCAGCCTAGGCAATAGAACAAGACCCTGTCTCTGAAAAAAATAAATAAAAATAAA","TAAAAAAAATACTTAAAATTAGCCAGGCGTGGTGGCACACACCTGTGGCCCCAGCTACTCAGGAGGCTGTTGTAGGAGGATCCCTTGAATCCAGGAGGTCAAGGCTGCAGTAAGCCAAGATCACGCCACTGCATTCCAGCCTAGGCAACAGAGCAAGATCCTGTCTCTTAAAAAAAAAAAAAAAAAGAA"
"GL873521","8067082","8067383","chr20","31024244","31024552","81","22957162","GGCCAGGTGTAGAGGCTCACACTTATAAGCCCAGCACCCTGAGAGGCCGAAGTGGGTGAACTGCTTGAGCTCAGGAGTTCAAGAGTAGCCTGAGCAATAGTGAGAGCCGATTTCTACTAAAAACAGAAAACCTAGCCAGGCACTGTGGTGGCGTCTATAGTCCCAGGTACTCGGGAGGCTGAGGCAGGAGGATTGCTCAATCCTAAACTTTGAGGTTGCTGTGGGCAATAATGCCATATCTCTACCCAGGGGAAAAGAATGAGACTCTGTCTAAATAAATAAATAAATAAAATAAAAACAAA","GGCCAGGCACAGTGGCTCACACCTGTAATCCCAGCACTTTGGGAGGCCGAGGTGGTGGACTGCTTGAGCTCAGGAGTTCAAGACCAGTCTGGGCAACATGGCAAAACCTTGTCCCTACAAATAATACAAAAATTAGCCAGGTGCGGTGGCATGTGCCTGTAGTCCCAGCCACTTGGGAGGCTGAAGTGGGAGGATTGCTTGATCCTGGGAGGTAGAGGCTGCAGTGAGCCATAATTGTGCCACTGCACTCCAGCCTGGGCAACAGAGTGAGACCCTATCTCAAAAATAAATAAATAAATATAAAGAAAA"
"GL873521","8204885","8205108","chr10","14099107","14099324","63","5894222","CGAATTCGAAACCAGCCTGAATAAGAGTGAGATCCGTCTCTAATGAAAAGAGAAAAACTAGCAGGTTTTGTGGTGGGTGCCTTTAGTCTCAAGCTACTTGGGAGCCTGAGGCAGGAGGATCACTTAAGCCCAGGAGTTTGAGGTTGCTGTGAGCTATGATAACATTAGGGCATTCTAGCCTGGGAAACCGAGTGAGACTCTGTCTTAGAGAAATAAAAAATAAA","AGACCAGCCTGGGCAACATGACAAGATCCCGTCTCTACAAAAAATACAAAAATTAGCAGCGTGTGGTGGGGTGTGCCTGTAGTCCCAGTTACTTAGGAGGCTGAGGCAGGAAGATCACTTGAGCCCAGGACGGGGAGGTTACAGTGAGCCGTGATCACACCACCACACTCCAGCCTGGGTGACAGAGTGAAACTCTGTCTCTATAACAAACAAACAAA"
"GL873521","8205374","8205463","chr18","31130683","31130770","22","22925309","GCCGGACATGGTGGCTCATGTCCCTCCTGTAACCCTAGCACTCTGGGAGGCTTTGGCCTAAGGATTTGAGCTCAAGAGTTTAAGACCAGG","GGCCAGGCATGGTGGCTCACACCTGTAATCCTAGCACTTTGGGAGGCTAAGACCAGAGGATAATTAAGCTCAGGAGTTCAAGACCAGC"
"GL873521","8530940","8531225","chr4","131255414","131255698","71","122724474","GTCAGGTGTGATGGCTCGTCCTGTAATCCCAACACTCTGGGAGGCTGAGGCTGGTGGTTTGCTTGAGCTCAGGAGTTCTGAGACCATCCTGAGGTAAGAGTGAGACCCCATCTCTACTAAAATTAGAAAAAAAATTACCCAGGTGTAGCGGTGATGCCTGTAGTCCTAGCTACTTGGGAGGCTGAGGCAAGAGGATTGCTCAAGCCTGAGAATTTGAGGTTGCTGTGAGCTATGACTCCATCGCACTCAACCCCAGGGTGACTGAGTGTGATTGTCTGAAAAAGAA","GGCAGGACACGGTGGCTCACACCTGTAATCCCAACACTTTGGGAGGCTGAGGCAGGTGGATCACTTGAGCTCAGGAGTTGAGACCAGCCTGGGCAACATGGTGAAACCCCATCTCTACTAAAAATACAAAAATTAGCCAGGCATGGTTGTGGATGTCTGTGGTCCCAACTACTTGGGGGGCTGAGGCAGCAGGATTGCTTAAGCCTGGTAATTTGAGGCTGCAGTGAGCCATGTTCTTGCCAGTGCTCCAGCCTGGGTGACAAAGCAAGACCCTGTCTCAAAAAA"
"GL873521","9138426","9138710","chr17","16672309","16672598","64","7533883","GGTGGCTCATGTCTGTAATCCGAGCACTCTGGGAGGCTAAAGTGGAAGGATCACTTGAGCTCAGGAGTTTGAGACTAGCCTGAGCAAAAGTGAGAACAATGTCTCTATTAAAAATAGAAAATTAGCCAGGTGTTATGATAGGTGCCTGTAGTCCCAGCTATTCAGGAAGGCCAGGAAGGAGGATCCCTTGAGCTGGGGAGTTTGAGGTTGCTGTGAGCTGTGATGACACCATGGCACTCTACCCATGATGACAGAGTAAGACTGTCTCTAAAGGGAGAAAAAAAA","GTGGCTCACACCTGTAATCTCAGCACTTTGGGAGGCTGAGGCGGGAGGATCACTTGAGCCCAGGAGTTTGAGACCAGCCTGAGCAACATAGTAGGCTCCTGTCTCTACAAAAAAATACAAAAATTAGCTGGTACTGGTGGCATGTGCCTGTAGTCCCAGCTACTCAGGAGGCTAAGGCAGGAGAATCGCTTGAGCCCAGGAGGTTGAGGCTGCTATGAGCTGTGATGGCACCACTGCACTCCAGCCTGGGTGACAGAGTGAGACCTGGTCTCAAAAAGAAAAAAAAAAAA"
"GL873521","9337001","9337128","chr7","153795408","153795531","29","144458407","CTGGGCTCAGTGGCTCATGCTTGCAAGCCCAGCACTCTGGGAGGCCAAGGCAGGTGGATTGCTCGAGTTCAGGAATTTCAGACCAGTCTAAGAAAGAGTGAGAGCCCATCTGTACTAAAAATAGAAAC","CTGGGCACAGTGGCTCACGCCTGTAATCCTAGCACTTTGGGAGTCCAAGGCAGGAGGATGCTTGAGTCCAGGAGTTCAAGACCAGCCTGAGCAATATAGTGAGACCCCCATCTCTACAAAAAAA"
"GL873521","9337149","9337320","chrX","5183862","5184037","43","4153287","TAAAATACTAGCTGGGCATTGCGATGGGTGCCTGTAATTCCAGCTACTCAGGAGGCTGAAGCAAAAGGATCACTTGGGCCCAAGAGTTTGCGGTTGCTGTGAGCTGTGATTACACCACAGCACTCTCCCCAGGCAGAGAGAGACTCTGTCTTTAAAAACAAACAAACAAAAA","ATAAAAATATTAGCTGGGCATGCTGGTACATGCCTGTAGTCCCAGCTACTCAGGAGGCTGAGGCCTGAGGATCACTTGAGCCCAGGAGTTCCAGGTTGCAGTGAGCCGTGATTGCACCATTGCACTCCAGCCTGGGCCACAGGGCTAGACCCTGCTCAAAAGAAAACAAAAAAGAA"
"GL873521","9671716","9671832","chr6","38551166","38551279","31","28879450","GGCTAGGCAGGGAGGCTCAAAACTAAAATTTTAGCACTCTGAGAGCCCAAGGTGGGAGAATTGCTTGACCTCGGGTGTTTGAGACCAGTCTGAGCAAGAGTAACATCACATCTCTAC","GGCTAGGCGTAGGGGCTCAAACCTGTAATTCCAGCACTTTGGGAGGTCAAGGTGGGAGGATTACCTGAGGCCAGGAGTTTGAGACCAGCCTGAGCAACAGTGAGACTTTGTCTC"
"GL873521","9671895","9672063","chrX","24568892","24569057","39","14896997","TAATTAGCCAGGCATAGAGGTGGTATACACCTGTAGTCCCAGCTACTCTGGAGGCTAAGTCAGAAGGACTGGTTGAACCCAGGAGTCTGAGGTTGCTGTGACTAGGCTGATGCCACAGAACTCTAGCCTGATCAACAGAGTGAGACTCTGCCTCAAAATAAAAAAGGAA","AAATTAGCTAGGCATGGTGGCATGCAACTATAGTCCCAACTACTCAGGAGGCTGAGGCCGGAGGATGGTTTGAGCCCAGGAGGTGGAGGTTGCAGTGAGCCAAGATCACACCACTGCACTCCAGCCTGGGCAACAGAGTGAGACCCTGTCTCAAAAAAAAAAAAAA"
"GL873521","9699009","9699116","chr16","57943722","57943822","32","48244713","TCTGAGACACTCGGGAGGCTGAGCCTAGGAGTTTGAGGTGACAGTAAGCTAAGTTGATGTCACTGCATTCCATCCTAGGCAACAAAGCAAGATCTTATCTCTAAAAGA","GGAGGATTGCATGAGCCCAGGAGGTTGAGGCTGCAGTGAGCCAAGATCGTGCCACTGCACGTCAGCCTGGGCAACAAAGCAAGACTCTATCTCAAAAAAAA"
"GL873521","9699330","9699522","chr6","3030697","3030873","65","6668633","GGCTGCATGTGGTGGCTCGTGACTGTAATTTCACCACTTCAAAAGGCTGAGGCAGAGGAGTCACCTGGGGCCCAGAAAGTCACCCTTAAAGTCCAGCCTGAGTAACACAGTGAGACCCAAGATCCCAACTCCACAAAAGAAAAAAGAAGGGAAAGGAAAGAAAAGAAGAGTGGTGTGTGGTGACCTCCTAGAC","GGCCAGGCATGGTGGCTCTCCCCTGTAATCCCAGCACTTTGGGAGGCCAAGGCAGAAGGATCGCTTGAGCCCAGGAGTTTTAAGACCAGCCTGAGCAACACAGAGAGACCAGATCCCACTTCCACAAAAAAAAAAAAAAAATATTTGCCAGGCGTGATGGTGCATGCCTGTAGTCCC"
"GL873521","9879625","9879892","chr2A","20521665","20521953","79","10642040","GGGTGGGCACTGTGGCTCAGGCCTCCTAGCACTCTGGGAGGCCGAGCTGGGTGGATGACTTGAGCTCATGAGTTTGAGACCAGACTGAGCAAGAGCAAGCCCCATTTTTAAAAATAGCCAAGTGTCATGGTGGGCATCTATAGTCCCAGCCAGTTGGCAGGCTGAGGAAGAAGGCTTACTTGAGCTCAAGAGGTAGCTGTGAGCTGTGATGCCATGGCACTCTACCCAGGACAACAAAGTAAGACTGTCTCCAAAAAAAAGAAAAAAA","GGCTGGGCACAGTGGCTCACGCCTGTAATCCCAGCACTGTGGGGAGGTCAAGTTGGGTGGATTGCTTGAGCCCAGGAGTTTGAGACCAGCCTAAGCAATAGGCAAAACCCTGTCTCTACAAAAATCAGCCAGGTATGGTAGTGCGTACCTGTAGTCCCAGCTACTCAGGAGGCTGAGGTGGGAGGATCACTTGAGCCTGGGAGGTGAAGGCTGAAATTAGCCATGATCATGCCACTGCACCCCAAGCCTGGGCAACAGAGCAAGACCTTGTCTCAAAAAAAAAAAAAAA"
"GL873521","10097455","10097754","chr11","114714719","114715027","67","104617264","GGCCTGGGTGTGGTGGCTCACACCTTAATCCTAGCACTCTGGGACGATGAGGCAGGTTTGCTTGACCTCAGGAGTTTGAGAGCAGCCTGAACAAGAGTGAAACTCTGTCTCTACTAAAAACAGAAAAACTAGCCTAGTGTAGTGGTGCACCCCTGTAGTCCCAGCTGCTCAGGAGGCTGAGGCAAGAGGATCACTTGAGCCCAAGAGATTGAGGTTACTGTGAGCTGTGAGGCTGTGTTACTCTACCCAGGGCAAGAGAGTGAAGCCATCTCAAAAAAAAAAAAAAAAAAAAAAAAAAAA","GGCCAGGTGTGGTGGCTCACACCTGTAATCCCAGCACTTTGGGAGGCTGAGACAGGTGGATTGCTTGAGCCTAGGAGTTCGAGACCAGCCTGGCAACATGGCGAAACCTTGTCTCTACAAAAAATACAAAAATTAGCCAAGTGTGGTGGTGCACACCTGTGGTCCAAGCTACTCGAGAGACTGAGGTGGGAGGATTGCTTGAGCCCAGGAGGTTGAGGCTGGGGTGAGTTGAGATCATGCCACTGCATTCCAGCCTGGGCAACAGAGGAAGACCCTGTCTCAAAAAAAAAAAAAAAAAAAAAAAAAAAA"
"GL873521","10225742","10225927","chr15","49930173","49930354","59","39704431","TGGCTTACACCTGTAATCCTAGCACTTTGGGAGGCCACAGCAGATGGCTGCTTGAGCTCAGGAGTTCAAGCCTAGCCTAAGCAAGCCAGAACCATTGCCACTAAAAACAAAAAAAATAGCTGGAGTTGTGGGCACCTGTAGTTAGTTCCAGCTACTTAGGAGGCTGAGGAAAAAGGATGGCTTGAT","GCCTGTAATCCCAGCACTTTGCGAGGCCGAGGCCAGGCAGATCACTTGAGCCCAGCAGTTCAAGACCAGCCTGGGCAACATGGCAAAACTCCTTCTCAACAAAATACATAAAAATTAGCTGGGTGTGGTGGCATGTACTTTCAGTCCCAGCTACTCAGGAGGCTGAAGCAGGAGGATCATTT"
"GL873521","10226192","10226278","chr4","154285033","154285123","27","144058841","GAGGATGGCTTGAGCCCAAGAGTTTGAGGTTGCTATGAACTATGATGTCATGGCACTCTATCCCTGGCCACAGAATCAGACTCTGTC","GGAGGATCACTTGAGCCCAGGTGGTTGAGGCTGCAGTGAGCTGTGTTTATACCACCACACTCCAGCCTGGGCCGCAGAGTGAGACTTTGTC"
"GL873521","10399308","10399475","chr9","96945917","96946089","50","86546609","GGCCAGGTATGGTAGCTCACACCTGTAATCCTTGTACTCTGGGAGGCTTAGGAGCAAAGATCACCTAAGTGTAGGCATCTGAGACCAGTTTGAGCAAGTGAAACCCCATATTTACTAAAATTAGAAAAATTAGCTAAATGTTGTGGCAGGAACCTATCGTCCTAGCTA","GCCGGGTACAGTGGCTCACACCTGTAATCCCAGTACTTTGGAAGGCCAAGGCCAGAGGATTACTTAAGGCCAAGAGTTTGAGACCAGTCTGGGCAACATGGTGAAACCCCATCTGTACAAAAAATACAAAAATTAGCTGGGCATGAGGGCATTTGCCTGTGGTCCTAGCTACT"
"GL873521","10449464","10449583","chrX","134402652","134402771","17","123953188","GGCCAGAGGTGGTAGTTCATGCCTATAATCCCAGCAATTTGGGAGGCTGAGGGGGGAGGATAGCTTGAGGCCAGGAGTTTGACCCCTGCCTAGGCAACATAGTGAGACCCTATCTCTACT","GGCCAGATGTAGTGGCTCATGCCTGTAATCCCAGCACTTTGGGAGGCTGAGGTGGGAGGATCACTTGAGCCCAGGAGTTTGAGACCAGCCTGGGCAACATAGCAAGACCCTGTCTCTACT"
"GL873521","10449618","10449745","chr1","23164480","23164594","46","12714862","CCAACCATAATCGAGCACCTACAGTTCTAGCTACTCCGCAATCTCAGGCAGGGGAAGATTGCTTGAGTCTAGGAGTTCAGGGTAAGCTACTGCCCTTCAGCCTGGGAAACAGAGGAAGACCTTGTCTC","GGCCAGGCACAGTGGTGCCTACCTACAATCCCAGCACTTTGGAAGGCTGAGGCAGGAGGATCGTTTGAGGCCAGGAGTTCAAGATCAGCCTGGGTAACATATCAAGACCTGTCTC"
"GL873521","10796827","10797050","chr7","39187608","39187844","67","28390781","ACTCTGGGAGGCCAAGACAGGTGGATTGCTTAAGCTCAGGAGTTGGAGACCAGCCTAAGCAAGAGTGAGACCTCGTCTCTAAAAATATCTGGGCATTGGTTGGGCACCTGTAGTCCCAGCTACTCAGGAGGCTGAGGCAATAGGATTGCTTGAGCCTAAGGATTCCTGTGAGCTATGATCCCACAGCACTTTACCAAAGGTGACAAAGTGAGACTCTATCTCAA","CACTTTGGGAAGCCAAGGCAGGAGGATTGCTTGAGTGAAGGAGTTCAAGACCAACCTGGGCAAGATTGGGAGAAAAAAATTAAAAATTAGCTGGGCATGGTGGTGCATGCCTGTAGTCTCAGCCACTGGGAAGGCTGAGGCAGGAGGATCGCTTGAGCCTGAGAGATTGAGGCTGCAGTGAGCCTTGATTGTGCCACTGCACTCCAGCTTGGGCAACAGAGTGAGACCCTGTCTCAA"
"GL873521","10797081","10797110","chr4","40399247","40399277","7","29602166","CTGGGTGCAGTGGCTCATAGTTGTAATCCT","GGCTGGGTGCAGTGGCTCACATCTATAATCC"
"GL873521","11204849","11204966","chr7","73480490","73480609","28","62275641","GGCCAGGCATAGTGGCCTCCAAAAATCTTAGGACTTTGGGAGGTAGAGGTAGGAGAACTACTTGAGCCAAGGAATTCAATACTAGCCTGACCACAATAATGAGACCCTACCTCTACCA","GGCCAGGCACAGTGGCTCATGCCTATAATCTCAGTGCTTTGGGAAACTGAGGCAGGAGGATCACTTGAGCCCAGGAGTTCAAGACCAGCCTGGACAGCATAATGAGACTCCACCTCTACA"
"GL873521","11205003","11205140","chrX","7019379","7019524","37","4185624","TAGCCAGGCATGGTGGCACATACCCAAGTCCCAGTTACAGAAGAAGCTGAGGGAAGGGTATCAGGCCCAGAAGTTCAAGGTTGCCATGAGAGATGATCACACCACTGCAGTTCAGCCTGGGCAGCAGAGAGACCCTAT","TAGCCAGGCATGGTGGCACATGCCTGTAGTCCCAGCTACTCAGAAGGCTGAGGTCGGAGGATCTCTTGAGCCCTGGGGTGCAAGGCTGCAGTGAACCATGATCACACCAGTGCACTGCAGCCTGGGCAACACAGCAAAACCCTGTC"
"GL873521","11332611","11332889","chr9","110082691","110082973","78","98750080","GACGGGGAGCCATGGCTTGAGACTGTAATCCTAGTACTCTAGGAGGCCAAGGTGAGTGGATTACTTAAGCTCAGGAGTTAAAGTCCAGGCTGAGCAAGAGTGAGACCCTGTCTCTCCCCCAGATAGGAAAACTAGCCGGACATTGTAGTAGGCACCTGTAGTCCCAGCTTCTGAGGAGGCTGAGGCAAGAGGATTGCCTGAGCCCAACAGTTTGAGGTTGCTGTGAGCTAAAATGCCATGGAACTCTACCCATGGTGATGGAGTAGGATTCTGTCTCAA","GACTGGGCATGGTGGCTCCCAAAGTGTAATCCCAGCACTTTGGGAGGCCAAGGTAGGTGGATTGCTTGAGCCCAGGAGTTTGAGACCAGCCTGGGCAACATGGTAAAACCCTGTCTCTACAAAGAATACAAAAATTAGCTGGGCATGGTTGCATGCACTTGTGGTCCCAGCTACTCAGGAGGCTGAGGTGGGAGGGTCACTTGAGCCCAGGAGATTGAGGCTGCAGTGAGCTGAGATCGTGCCACTGCACTCTAACCTGGGTAATGGAGTGAGACCCTGTCTC"
"GL873521","11332916","11332939","chr22","30701628","30701648","4","19368712","ATAAAACTAAAAAGTAAGAAAAAA","AAAAACTAAAAAGAAAAAGAA"
"GL873521","11407564","11407699","chr17","81073514","81073640","45","69665950","AAAAACTAATGGCTGGGCATAGTATGTGTAGGTAGACTAGGCTACTTAGGAGGTCAAGGCAGAAGAATCACTTGAGCTCATGAATTTGAGGCTAGCATGGGCAATGATACCTCAGGTCTCAATAAAATATAAAAAA","GCCAAGCACAATGGCTCATGCTGGTAATTCTAGTACTTTAGGAGGCCAAGGCAGTAGGATCACTTGAGGCCAGGAGTTTGAGACCAGCGTGGGCCACACAGAGACCCTCCCTGTATAAAAAAAAAAA"
"GL873521","11442747","11442764","chr1","62222108","62222122","3","50779361","CCCATAAAATAAAATAAA","ATAAAATAAAATAAA"
"GL873521","11442802","11443056","chr17","73117863","73118118","82","61675061","GGCTGGGCGTGGTGTTTCATGCATGTAATCCTAATACTTTCAGAGGCTGAGGTGGATGCACTGCCTGAGCTCAGGATTTTAAAGCCAGCCTGAGGAAGAGCAAGACCCCATCTCTAAAAAATAGCTGGGCATTGTGGTGGGTGCTTGTAGTCCCCATTGTGGTGGGTGCTTGTAGGTAGCTCACGAGTTTGAGGATGCTGTGAGCTATGATGCACCACACTTCTTTCTACCCAGGGAGACAAAGCAAGACTCTGT","GGCCGGGCGTGGTGACTCATGCCTGTAATCCCAGCACTTTGGGAGGCCGAGGCGGGTGGATCACCTGAGCTCAGGAGTTCAAGATCACCTTGGGCAATGTAGTGAGACCTCACCTCTACAAAAATGAGCCAGGCATGGTAGTGCATGCTTGTAGTCCTGACTGAGGCAGGAGGATGATGAGCCCAGGAGGCAGAGGCTACAGTGAGCCATGATCGCTCCATCGCACTCTAGCCTGGGTGATGTGACACCCTGTCTC"
"GL873521","11751009","11751243","chr8","26546785","26547018","61","14795776","CAAGACCAGCCTGAGCAAAGCTAAACCCTGTCTCTACTAAAAATAAAAGGATTAGCTAGGTATGGTGGCATATGCCTGTAGTCCCAACTGCTCAGGAGTCTCAGGCAAGAGGATTGCTTGAGCCCATGAGTTAGAGGTTGCTGTGAGCTTTGATGTCATGGCACTCTATCCAGGGCAACTGAGTGAGACTGTCTCAAAATAAATAAATAAATAAATAAGAAAGAAAGAAAGAAAA","CAAAATCAGCCTGGGTCACATGGTAAAACCCCATCTCTACAAAAAATACAAAAATTAGCCAGGTATGGTGGCTTACACCTGTACTTCCCAGCTACTTGGGGGGCTGAGGCGGGAGGATCGCTTGAGCCCAGGAGGTAGAGGTTGCAGTGAGCTGAGATCGCACCACTGCACTCCAGCCTGGGTGACGGAGTGAAACCCTGTCTTAAAAAAAAAAAAAAAAAAAAAAAAAAAGAA"
"GL873521","12019379","12019705","chr16","68023292","68023602","103","56003913","GCTCACACCGATAATCCTAGCTCTGGGAGGCTGAGGGGGCAGGATCTCTTGAGCTCAGGAGTTTGAGACCAGACAGAGCAAGAGTGAGACCTTGTCTGTACTAAAAATTAACCAGGTGTGGTGGAAGGTGCCATCGTCTCAGCTACTCTGGAGGCTGAGGCAGGAGGATCCCTTGAACCCAGGAGGTTGAGGTTGCTGTGAGCCAGGCTAATGCCAAGATCTGGGGCATCAGAGTAAAACTGAGGTTGCTGTGAGCCAGGCTGATTCTAGCCTGGGCAACAGAGTAAGACTCTGTCTCAAAAACAAACAAACAAAAAACAAAAAAAA","CGGTGGCTCACACCTGTAATCCCAGCACTTTGGGAGGCTGAGGTGGGAGGATCACTTGAGCTCAGAAGTTTGAGATCAGCCTGGGCAACATGGCAAAACCTATCTCTAGAAAAAATACAAAAACTAGCCAGAGTGGCACGTGCCTGTTGTCCTAGCTACCCAGGAGGCTGAGGTAGGAGGATCACTTGAACCTGGGGGCAGAGATTGCAGTGAGCCATGATTGTGCCACTGCACTCCAGTCTGGGCAACTCCAGCCTGGGCAACAGAATGAGACTCTGTCTCAAAAATAAAAAAGAAAAGAAAAGGAAAAA"
"GL873521","12059316","12059592","chr5","143468399","143468692","69","131409083","GGCTAGGTGCAGTGGCTCATGCCTGTAATCCCAGCACTCTGGGAGGCTCAGGCAGGTGGATTACTTGAGCTCAGGAGTTGGAGACTAGCCTGAGAAAGAGTGAAACCCATCTCTACTAAAAATAGAAAAACTAACCAGGTGTGTGGTGGTCCCCTATAGTCCCAAATACTGGGGAGACAAGAGAATTGTTTGAGCCCAAGAGACTGAGGTTAGCTGTGATGACTCCATAGCACTCTACCCAAAGTGACAGAGTGAGATTCTGTCTCAAAAAAGGAAA","GGCCAGGCACAGTGGCTCATGCCTGTAATTCTAGCACTTTGGGAGGTCAAGGCAGGCAGATCACTTGAGCTCAGGAGTTCGAGACCGGCCTGGGCAACAGGGTGAAACCCCATCTCTACAAAAAAATACAAAAACTAGCCAGGTGTGGTGAAGTGTGCCTGCAGTCCCAGCTACTCAGGAGGCTGAGGCAGGAGAATTGCTTGAGCCTGGAGGCTGAGGTTGCAGTAAGTCAAGATCATGCCATTGCACTCCAGCCTGGGTGACAGGAGTGAAACCCTGTCTCAAAACAAAGAA"
"GL873521","12087639","12087865","chr4","25649068","25649301","60","13561429","GGCTGGGCTAGGTATACCATGCCTGTAATCCTAGCATCCTTAGAGGCAGAAGCAGGATTCCTTTAGCTCAGGAGATTAAGACCAGCCTGAGCAAGGGTGACACCCCATTTCCATCAAAAATAGAAAAACTAGCTGGGCATAGTGGTGGGCATCTGTAGTCCTAGCTACTCGGGAGGCTGAGGCAAGAGGATCCTTGGAGCCCAGGAGTTTGGGGTTGCTATAAGCCG","GGCCGGGCATGGTAGCTCACGCCTGTAATACCAGCACTTTGGGAGGCTGAGGCGGGCTGATCACTTGAGTCCAGGAGATAGAGACCAGCCTGGGCAACATGGCAAAATCCCATCTCTATAAAAAAAACACAAAAATTAGCTGGGCATGGTGGTGTGCACCTATAGTCCCAGCTACTTGGGAGGCTGAGGCAGGAGAATCTCCTGAGCCCAGGAGGTGGAGGCTGCAGTGAGTCG"
"GL873521","12170072","12170342","chr3","111501569","111501837","73","99331497","GCCAGATGCAGTAGCTTACAGCTATAATCCCAGTACTTTGGAAGGTCAAGGCAAGAGGATTGGTTGAGACCAGGAGTTGAAGACCAGACTGGACAATGTAGTAAAACCCTATCCCTACAAAAAATAGAAAAAATTAGCTGGGTGTCATAGCTCTTGCTTATAGTCCCAGCTACCTGAGAGGCTGAGGGAAGAGGATCACTTGAACCCCTGAGATTGATACCATGGTACTCCACCTTGGGTGACAAAGTGAGACCCTTTCTCAAAAACAAAA","GGCTGGGTGTGATGGCTCACATCTATAATCCCAGCACTTTGGGAGGCCAAGGCAGGTGGACTGTCTGAGACCAGGAGTTTGAGACCAGCCTGGGCAACATGGTGAAACCCTGTCTTGACAAAAAAAATAAAAAATTAGCTGGGAGTGGTGGTGTGCACCTGTAGTCCCAGCTATGCGGGAGGCTGAGATGGGAGGATCGCTTGAGCCCGGCAGGCAGAGGTTCACTCCAGCCTGGGCGACAGAGTGAGACCCTGTCTTAAAAACGAAAA"
"GL873521","12688417","12688615","chr16","83498862","83499063","66","70810445","AAATCAGCCTGAGCAAAAGCAAGATCCAGTCTCTACAAAAAACTAGAAAAATTAGCCAGGCATGGTGATACACTCAGGAGAATGAAACAAGAGGATCACTTGAGCCCCGGGGTTTGATGTTGCACAGTGAGCTATGGCGATGCTGCTGCTCGGATAACAACGCGAGATGAGACCCCGTCTCAAAAACAAACAACAAAAA","ACTAGCCTGGGCAACACAGCAAAACCCCATCGCTACAAAAAATACAAATATTAGCCAGGTGTGATGGTGCATGCCTAGGGAGGCTGAGGTGGGAGGATCACTTGAGTCCAGGGAGGCTGAGGCTGCAGTGAGCTGAGATTATGCCACTGCACTCCAGCCTGAGTGACAGAGTGAGAACCTGTCTCAAGAAAATTAAAAAAAA"
"GL873521","12689719","12689822","chr7","26479088","26479188","21","13789369","GCTGAGTACAGTAGCTCACTTCTTTCATCTCAGCACTATGAGAGGCTGAGTCAGGAGGATCACTTGAGGCCAGGATTTTGAGACAAGCCTGGGGAACATAGTGA","GCTGGGTGCTGTGGCTCACATGTATAATCACAGCACTTTGGGAGGCTGAGGCAGGAGGATCACCTGAGGCCAGGATTTCAAGACCAGCCTGGGCGAAATGG"
"GL873521","12747705","12747831","chrX","118392849","118392966","30","105645144","GCCAAGCATGGTAGCACAAGCTTTGTAGGCCCAATTACTTGGGAGGCTAAGATGGGAGGATCACTTGAGCCCAGGAGTTTGAGGCCAGCCTGAGAAACACTCCAAGACCCTCTTTATTTAAAATATA","GCCAAGCATGGTGGCTCATGCCTGTAATCCCAGTACTTTGGGAGGCTGAGATGGGAGGATAGCTTGAGCCCAGGAGTTTGAGACCAGCCTGGTAACACAGTGAGACCTCATCTCTACA"
"GL873521","12758304","12758462","chr7","65488595","65488751","43","52730291","ACTTAGCTGAATATAGTAGCACAAGCCTGTATTTCCAGCTACTCAGGAGGCTGAGGCAGGAGGATCACTTGGGCTTACAAGTTGGAGGTTGTGGTAAGCTATGATGATGCCACTGCCCTCTGCCCCAGGCAAATGTGATGCCTTGTCTCAACAACAAAA","TTAACTGGGTATAATGACACATGCCTGTAGTCCCAGCTACTAGAAAGGCTGAGGTAGGAGGATTGCTTGAGCCTGAGAGGTTGAGGATGCAGTGAACCATGATCAGGCCACTGCACTCAGCCTAGGCAACACAGTGAGACCCTGTCTCAAGAAAAAA"
"GL873521","12758495","12758600","chr16","15961202","15961315","30","3202707","GTGGCTGGTGCATATAATCCTACCACTTTGGAAGGAGGAGGGAGAATCATTGAAACCAGGAGTTCAAGAACAGCCCAGGCAGGCTATAGTGAAATCTCATCTCTAC","GTGGCTGGGCATGCCTGTAATCCTAGCACTTTGAGAGGCTGCAGCGGAAGGATCGCTTGAGCCCAGGAGTTCAAGAACAGCCTAGGCAACATAGCAAGATCCCTGTCTCTACAA"
"GL873521","12822938","12822952","chr1","210017045","210017059","2","197194107","TAAAACAAAAGAAAA","TAATAAAAAAGAAAA"
"GL873521","12822989","12823283","chr7","75828649","75828941","71","63005660","GGCCAGGCAAGGTGGCTAACTGCTGTAATCTTAGCACTCTAGGAGGCTGAGGCAAGAGAATTCCTTGAGGTCAGGAGTCAGAGACCAGCCTGAGCAAAAATGACACTCCACCTCTATGAAAAATAGAAAACAAAAATTAGCCAGGTGTGATGGCCCATTTCTGTAGTCCCAGCTACTGGGGAGGCTGAGGCAGGAGGATAGCTTGAGCCCAGGAGCTTGAGGTTGCGGTAGCTAGGCAGATGGCTCAGCACTCTTTCTAGCCTGGGCAACAGAGCAACATTCTATCTCAAAAAAT","GGCTAGGCATGGTGGCTCATGCATGTAATCCCAGCACTTTGGGAGGCTGAGGCGGACGGATCACTTGAGGTCAGGAGTTCGAGACCAGCCTGGTCAACATGGTGAAACCCCATCTCTACTAAAAATATAAAAATTAGCCAGGTGTGGTGGCGCATGCCTGTAGTCCCAGCTACTTGGGAGACTGAGGTGGGAGGATCCCTTGAGCCTGGGAGGTTGAGGCTGCAGTGAGCTGTGATGGCACCACTGCACTCCAGCCTGGGCAATAGAGCAAGACCCTGTCTCATAGGAAAAAA"
"GL873521","13041237","13041319","chr5","49472177","49472254","12","36430940","GGCCAGTCATGGTGGCTCATGCCTATAATCCTAGCACTCTGGGAGGCTGAAGCAGGAGGATCACTTGAGCTCAGGAGTTTGAG","GGCCTGGCATGGTGGCTCATGCCTGTAATCCAGCATTTTGGGAGGCTGAGGCAGGAAGATCACTTGAGCTCAGGATTT"
"GL873521","13102109","13102207","chr16","30194624","30194720","25","17092515","TGAGCCCAGGAGTTTGAGGTTGTTGTGAGCTGAGCAGACCACACAGCATTCTAGCTTGGGCAACAGAGTGACATTGTGCTTCAAAAAAAGAAAAAAAAA","TGAGCCCAGGAGTTTGAGACTACAGTGAGCTATGATTACACCACTCCTCTCCAGCATGGGCAACAGAGTGAGACACTATCTCAAAAAAAAAAAAAAA"
"GL873521","13102475","13102686","chr2B","236887995","236888203","46","223785520","GGCCAAGTGTGGTGGCTCATGCTTGTAATCCTAGCACTCTGGGTGGCTGAGGCAGGGGGATCACTTGAGCTCAGGAGTTCAAGACCAGCTTGAGCAAGAGTGAGAACCCATTTCTACTCAAAATAGAAAAAAATTAGACAGGCACTGTGGTGAGTGCCTGTAGTATGAGCTACTTTGGAGGCTGAGATAGGAAGATCACTTGAGCCCAGGAG","GGCTAGGCGCAGTGGCTGAAGCCTGTAATCCTAGCACTTTGGGAGGCCGAGGTGGGCGATCACTTTGGCTCAGGAGTTCGAGACCAGCCTGGGCAATATGGCAAAACCCCATCTCTACACAAAATACAAAAATTACTCAGATGTGGTGGTGAGTGCCTGTAGTCCCAGCTACTTTGGACGCTGAGGTGGGAAGATCACCTGAGCCCAGG"
"GL873521","13327200","13327291","chr3","43397692","43397785","20","30070492","CTATCACTTTAGGAGGTGAGGTGGGAGGATCACTTGAGGCAAGGAGTTCAAGAGCAACCTAGGCAACATAGGAACCCCTCTGTCTCTCCAAA","CCCAGCACTTTGGGAGGCTGAGGTGGGCAGATCTCTCGAGCCCAGGAGTTCAAGACCAGCCTGGGCAACATGGTGAAACCCCGTCTCTACCAAA"
"GL873521","13327700","13327732","chr1","70851001","70851033","8","57523301","GCTGGATATGGAGTCTCACACCTGTAATTCTAT","GCTGGGCATGGTGGCTCATCCCTGTAATTCCCT"
"GL873521","13722076","13722356","chr17","55905881","55906166","74","42183805","GTCTGGCGTGGTGGCTCAAGCCTATAATCCTAGTACTCTGGGAGTCCAAAGTGGGTGGATTGCTTGAGCTCAGTAGTCTGAGACCAGCCTGAGTAAGACCCAGACATCGTATCTACTAAAAATAGAATAAACTACCTGGGCATTGTAGCGGGTGCCTACAGTCCCAGCTACGTGGGAGGTTGAGGCAAGAGGATCACCTGAACCTAGAGAATGAGGTTGCTGTGAGCTATGATGAGGTCAAGGCACTCTACCCAGAGTAACAGAGTGAAATTCTATCTCAA","GGTCAGGCATGGTGGCTCAGGCCTGTAATCCCAGCACTTTGGGAGGCCAAGGTGGGCAGATTGCTTGAGCCCAGGAGTTTGAGATCAGCTTGGGCAACATAGTGAAAACTCATCTCTACAAAAAATTAAAAAAATTAGCTGGGCATTGTGGCACGTAACTGCAGTCCCAGCTACTTGAGAGGCTGAGGTGAGAGGATCACCTGAGGCCGGGAAGTCGAGGCTGCAGTGAGCTGTGATTGGGCCACTGCACTCCATCCTGGGCGACAGAATAAGACCCTGTCTCAAA"
"GL873521","13722635","13722652","chr6","90847853","90847870","1","77125218","AAAAAAAAAAAAAAAAAA","CAAAAAAAAAAAAAAAAA"
"GL873521","13789517","13789832","chr12","121838917","121839229","75","108049400","GCTGGGTGTGGTGGCTCATATCTGTAATGATAGCACTCTGGGAGGTCAAAGCAGGGAGATTACTTGAGCTCAGGAGTTAGAGAGCATCCTGAGAAAGAGTGAGATCCCTATCTATACTAAAAACAGAAAAACTAGCCAGTTGTAGTGGCAGGCACCTGTAGTCCCAGCTACTTTGGGAGTCTGAGACAAGAGGATCTCATAAGCCCAAGAGTTTGAGGTTGCTGTGAGCTGCGATGCCACAGCACTCTACCTGGGGTGACAGAATGAGACTTTGTCTCAAAAAAATAAAAAATAAAATAAAATAAAATTTAAAAAA","GGCTGGGTGTGGTGGCTCATGCCTGTAATCCCAGCACTTTGGGAGGCCAAGTCAGGAGGATTATTTGAGCCTGGGAGTTTGAGACCAGCCTGTGCAACATGGTGAGACCTCATCTCTACAAAACATAAAAAATTAGCCAGGCATGGTGGCATGTGCCTGTAGTCCCAGCTACTTGGGAGGCTGAGGCAGGAGGATCAGTCGAGCCCAGAAGATTGAGGCTACAGTGAACTGTGTTCATGCCACTGCACTCCAGCCTGGGTGACAGAGTGAGACCTTGTCTCCAAAAAAATCAAATAAATAAAAAAATAAAAAA"
"GL873521","13902129","13902272","chr17","73619699","73619842","30","59717570","GGCCAGGCATAGTGGCTCGCACCTATAATCCAGTACTATGGGAGACCAAGGCTGGAGGATCAATTGAAGCCAAGAGTTAAAGACCAACCTGGGCAACATAGAAACACTTCACCTATATAAAAAAAAAAAAAAAGAAAGAAAAAA","GGCCAGGTATGGTGGCTCACACCTGTAATTTCAGCACTTTAGGAGGCTGAGGCAGGAAGATCACTTGAGGCCAGGAGTTCAAGACCAGCCTGGGCAACATGGCAAGGCTTCATTTCCACAAAAAAAAAAAAAAAAAAAAAAAAA"
"GL873521","13902315","13902339","chr7","66627085","66627108","7","52724770","AAAAATTAACCCAGCATGGTGGCGC","AAAAAATTAGCCAGGCATGGTGAC"
"GL873521","13902374","13902499","chr7","68063538","68063660","30","54161164","AGTCCCAGCTACCATAGAGGTTGAGCCAGGAGGATCACTGAAGCCCAGAGCCCAGAAGTTTGAGGTTGCAGTAAGCTATGATCATGCCACTGTACTCTAGTCTAGGTGACAGAAGGAGACCCTGTC","GTAGTCCCAGCTACAAGGGAGGCTGAGGCAGGAGGATGGCTTGAGCCTGGGAAGTTGAGGCTGCAGTAAGCTATGATCATGCCACTGCACTCCAGCCTGGGTGACAGAGTGAGATTCTGCCTC"
"GL873521","14127800","14127881","chr3","123515043","123515137","26","109387243","GGCTAGATATGGTGGCTCATGCCTATCTGGAAAGCTGAGGCAGGAGGATTGCAAGAGGCCAGAAGTTTAATACCAGGCTAAG","GGCCAGGTATGGTGGCTCATGCCTATACTCCCAGCCTTTTGGGAGGCTGAGACAGGAGGACTGCTTGAGGCCAGGAGTTTAAGACCAGCCTGACT"
"GL873521","14128162","14128352","chr4","26023510","26023691","57","11895348","GGGCTGAGAATGAGATCCCATCTTTACAAAAAATTACCCAGGTATAGTGGCATCATCCTAGCTACTTGGGAGGCTGGGGCAGGAGGATTTCTTGGGCCCAGGAGTGTGAGGCTACGCTGAGCTATGATACCACTGCACTTTAGCCTGGATGATACAGCAAGATTTTACCTCAAAAAAAAAAAAAAAAAAAA","GGGTGGGAAAAAATTATCTGGAAATGGTGGCATATGCCAGTGGTCCTAGCTACTTGGGAGACTGAGGCTGGAGGATCACCTGAGCCCAGGAGTTAGAGGCTGCGGTGAATCGTGATCATGCCACTGCACTCTAGGCTGGGCAATAGAGCAAGACCCTATCTCGAAAAAAAAACAACAAAAAA"
"GL873521","14184019","14184216","chr17","61651681","61651883","50","47467662","GGCTGGGCATGGTGGCTCATGCCTGTAACCCTAGCACTCTGTGAGGCCAAGGCAAGTGGATCACCTGAGCTCAGGAGTTTGAGAACAGCCTGAGCAAGAGTGAGACTCCATCTCTAAAAATAGTTGGGCATTTGTGGTGAATGCCTATAGTCTCAGCTACTCAGCTACTTAGGAGGCTGAGGCAAGAGGATTGCTTGA","GGCTGGGTGCAGTGGCTCACGCCTGTAATCCTGGCACCTTGGGAGGCCAAGGTGGGAGGATCACTTGAGCCCAGGAGTTTGAGATCAGCCTGAACAACGTGGTGAAACTCCATCTCTACAAAAAATACAAAAATTAGCTGGGCTTAATGGCATATGCCTGTGGTCCCAGCTACTGAGGAGGCTGAGGTGGGAGGATTGATTGA"
"GL873521","14185943","14186062","chr8","25834967","25835086","23","11649024","GGCAGGGTGCAGTGGCTCACACCTATAATCCCAGCACTCTGGGAAGCTGAGGTGGGAGGATTGCTTTGAGATCAGGAGTTTGAAACTAGCTTGAGCAAAGCAAGACCCATCTCTACTAAA","GGCCAGGTGCAGTGGCTCATGTCTGTAATCCCAGCACTTTGGGAGGCTGAGGTGGGAGGTTTGCTTGAGCCCAGGAGTTTGAGACCAGCCTGGGCAACATAGCAAGACCCTGTCTCTATA"
"GL873521","14186086","14186221","chr14","74199793","74199926","31","60013707","AATTAGAGAGGTGTGATGCCACACACTGTAGTCTCATCTACTTTGGAGGCTGAGGCACAAGGATTACTTGAGCCCAGGAGCATGAGGTTGCTGTGAGCGAGGCTGAGGCCACAGCACTCTAGCCTGGGCAACAGAG","TTAGCCAGGTATGGTGGTGCACACCTGTAGTCCCAGCTACTTGGGAGACTGAGGCAGGAGGATTGCTTGATCCCAGGAGTTGAGGCTGCTAAGAGCTATGATCATGTCACTGCACTCCAGCCTGGGCAACAGAG"
"GL873521","14534133","14534413","chr5","43470606","43470891","71","28936473","GGTAGCTCATGTCTATAACCCTGACACTCTGGGAGGCTAAGGGAGAAACATCCCTTGAGCTCAGGAGTTCAAGACCAGTCTAAGCCAAAAGGGAGATCCATCTTTACCAAAACAGAAAAATTAGCTGGGCATGGTGATGTGTGCCTGTAGTACCAGCTGCTTGGGAGGCTAAGGAAGGAGGATTGTTTGAGCCTAGGAGTTTAAGGTTGCTAAGAGCTAGACTGAGGCCATGGCACAGTAGCCCAGGCAATAGAATGAAACTCTGTCTCAAAAAAAAAAAA","GTGGCTCTTGCCTATAATCCCAGCACTTTGGGAGGCTGAGGAGGGCAGATTGCTTGAGCCCAGGAGTTCAAGACCAGCCTGGGCAACATGGGAAAACCTCGTCTCTACAAAAAACACAAAAATTAGCTGGGCATGGTGGCATGTACCTGTAGTCCTAGCTACTTGGGAGGCTGAGGCAGGAGGACTGCTTGAGCCTCTGGAGGCGGAGGTTGCAGTGAGCTGAGACCGCGCCACTGCACTCCAGCCTGGGTGATAGAACAAGACCCTGTCTCAAAAAAAAAAAAAA"
"GL873521","14534507","14534523","chrX","153619065","153619080","3","139084558","CCCAAAATAAAATAAAA","ACATAATAAAATAAAA"
"GL873521","14646173","14646307","chr1","9156973","9157091","40","5489200","GGATGTAGTAGCTCACACCTGTAATCCCAGCATCATGGGAGGATCACTTGAGGCCAGGAGTTTGAGACTGGCTTGGGCAATATGGTGAGGCCCCATTCTTACAAAATAGGAAAAGAATTAATTGGATATGGTGGC","GGCTGGGTGAGGTGGCCTCACGCCTGTAATCCCAGCACTTTGGGAGGCCAAGGCAGGAGTTTGAGACCAGCCTGGGCAATACAGTGAGACCCCATCTCCAAAAAAAAAATTAGTGGGGC"
"GL873521","14703100","14703421","chr17","68155983","68156305","73","53452883","GGCTGGGCACAGTGGCTCATACCTGTAATCCTAGCACTTTGGGAGGCCAGGAAGGGAAGATAGCTTGAGGCCAGGAGTTTGAGACCAGGATGAGCGAGGTAGCGAGACCCCCCATCTCTATCAAAAATTAAAAAAAAAAAAAAATTAGCTGGGTATAGTGGTGAGGGCCTATCATCCTAGCTACTTAGGAGTAAGACAGGAGGATCACTTGAGCCTAGGAGGTAAGGTTGCAGTGAACTATGATGATGACCCTGCACTCTTGCCTTAGCAAGATGGTGAGACCCTGTCTCAAAACAAACAAACAAACAAACAAACATAAAAA","GGCTGGGCACCGTGGCTGACATCTGTAATCCCAGCACTTTGGGAGGCCAAGGCGGGTGGATCACTTGAGCCCAGGAGCTCGAGACCAGCCTGACCAACATGGCAAAACCCCATCTCTACCAAAAAAAAAAAAAAAATACAAAAAGTTAGCTGGGCATGGTGGAGAGGGCCTGTAGTCCCAACTACTCAGGAGGCTGAGGTGAGAGGATCACCTGAGCCACAGGAGGTCGAGGCTGCAGTGAGCCATGATCACACCATTGCACTCCAGCCTGAGAGAAAGTGAGACCCTGTCTCAAAAAAACAAACAAACAAAAACAGCAAAAA"
"GL873521","14778613","14778888","chr15","42746072","42746354","63","27967459","GGCCCAGCACAGTGGCTCACACCTATAATCCTCGCATTCTAGGAGACTGAGGTGGGAGGATCACTTGAGCTCAGGAATTTGAGATCAGCTTGAGCAATAAGGTGACCCCATCTCTACTAAAAATAGACTAATTAGCCAGGCATTGTGGTGGGCACCTGTGGTCCCAGCTAGTTGAGAGGCTCATGTTGGATTCCTTGAACCCAGGAATTTGAGGCTGCTGTGAGCTGGGCTGATGCCACAGTATTCTAGCCTGGGCAACAGAGTATGACTCTGTCT","GGCCAGGTACAGTGGCTCACACCTGTAATCCCAGCACTTTGGGAGGCCAAGGCAGGAGGATCACTTGAGCCTAGGAATTCAAGACCAGTCAGGGCAATATGGTGAAACTCCATCTCTACAAAAAATACAAAAATCAGCCAGGTGTGGTGGTGTGCGCCTGTGGTCCCAGCTACTTGGGAGGCTGAGATGGAAGGATCACTTGAGCCCAGGAAATGGAGGCTGCAGTGAGCTAAGGCTGTGCCACTGCACTCCAGCCTGGGCAACAGAGTGAGACCCTGTCTCA"
"GL873521","14884261","14884393","chr13","24405237","24405373","27","9520976","GGCTAGGTGTGGTGGCTCATGCCCATAATTCCAGCATTCTGGGAGGCCAATGTGGGAGGATCCCTGGAGGTCAGGAGTTTGAGACCACCCTGAGCAAAGCGAGACCCCATCTTCACTAAAAATAGAAAAATTA","GGCTGGGCATGGAGGCTCATGCCTATAATCCCAGCACTTTGGGAGGCTGAGGTGGGAGGATCGCTTGAGTTCATGAGTTCAAGACCAGCCTGAGCAACACAGTGAGACCTCATCTCTACTAAAAATCAAAAAAATTA"
"GL873521","14884660","14884815","chr1","141772547","141772702","39","126887887","TTAGTTGAATGTGGTGGTGTACACCTGTAGTCCCAGCTACTTGAAAGGCTGAAGAAAGAGGATTGCTTGAGCCCAAGTGCTTGAGGTTGTAGTGAGCTAGGCTGACGCTATGACACTCTGACCCAGGTGATAGAAGAAGACCCTGTCTCAAAAAAA","TTAGCTGGGCATGGTGGCGTGCACCTGTGGTCCCAGCTATTTGAAAGGCTGAGTTGGGAGGATCACTTGAGCCCAGATGGTTGAGGCTGCAGTGAGCCATGATGGCACCACTGCACTTTAGCCTTGGTGACAGAGCAAGGCCCTGTCTGAAAAAAA"
"GL873521","15677856","15678124","chr7","99887814","99888086","73","84209958","TGGCTCATGCCTGTCAACAAAGTACTTTGGTAGATTGAGAAAGGAGGATCTCGTGGACTCAGGAGTTTGAGACCAGCCTGGACGACATGGTAAAAAAACATCTTTAAAAAATTAGCCTAGCATAGTGGTGCACATTGATAATTTCAGCTATTTCGCAGGCTGAAGTGGGAGAACCACTTGTGTTTGGAAGCTCGAGGCTGCAGTGAGCTATGATCTCACACTACACTCCAGCCTGGGTAATATGGTGAGGTCCTGCCTCAAAAACAAAA","GGCTTACACCTGTAATCCCAGTGCTTTGGGAGGCTGAGGCAGGCAGATCACTTGAGCCCTGGAGTTCAAGACCAGCCTGGGCAACATGGTGAAACCCCATCTCTACAAAAAATTAGCCAGGCATGGTGGCTTGCACCTGTAGTCCCAGCTACTCAGGAGGCTGAGGTAGGAGGATTTCATGAGCCTGGAAGGTTGAGGCTGCAGTGAGCTATGATCACACCACTGCACTCCAGTCTGGGTGATAAAGTGAGACCCTGTCTCAAAAAAAAAAAA"
"GL873521","15875728","15875811","chr8","5975319","5975398","26","9900409","CAGTGAGCCGTGGTCTCCCTGTGCATTCCAATGTGAGTGACAGAGAGACCTCCCTCACACTCCCAAAAAAGAAAAAACAAGAAA","GCAGTGAGCCTTGATCGTGCTATTGCACTCTAGCCTTGGTGACAGAGAGAGACCCTATCTCAAAAAAAAAAAAAAAAAAA"
"GL873521","16170363","16170540","chr3","50079465","50079644","47","33909102","AAAAAAAAAAAAAATTACCCAGGTAAGGTGGTAAGGACCTGCAGTCCTAGCTATCTGGGATACGAGGTAGGAGGAGCACTTTGGCCCAGGAATTCCAGGCTATGGTGAACTATGATTACAACTGCACTCTAGCCTGGGCAAAAGAGTAAGAGACTGTCACAAAACACAACAAAACAAA","ACAAAAAGAAAAAACAATTAGCAAGGCCTGGTGGTACACACTTGTAGTCCCAGCTATTTGGGAGGCTGAGGTGGGAGGATCACTTGAGCCCAGGAGTTCAAGGTTACAGTGAGCTATGATCATGCCACTGCACACTAGCCTGGGCATCAGAGAGAGTTCCTGTCTCTAAGAAAAAAAAAA"
"GL873521","16172240","16172374","chr1","29329421","29329551","29","13157181","GGCTGCATGCAGTGCCTCATGTTTGTAATCCCAGCACTTTGGGAGCCAGTGGAGGAGAGGATCACTTGAAGCCAGGAATTTAAGACGGACCTAGCCAACATAATGAGAACTCCTCTATACAAAAAATAATAAAAT","GGCTGGATGCACTGGCTCCTGTCTGTAATCCCAGCACTTTGGGAGGCTGAAACAGGAGGATCCCTTGAAGCCAGGAGTTTAAGATCAGCCTGAGCAACAGAGTGAAACCCTGTCTCTACAAAAAAAAAAAA"
"GL873521","16260421","16260667","chr2A","25887935","25888182","71","9627514","GGATACAGTGGCTCACACCTGTAATCTTAGCAAACACCCTGGGGTGCTAAGGCAGGAGGATCACTTGAGCTCAGGAGATCAAGACCAGCCTGAGGAAGAGTGAAACCCCATTTCTACCACACATAGAAAAATTAGCCAGGTGTCTCTCTCTAGTCCCAGCTACTTGGGAGGCTGAGACAGGAGAATTGCTTAAGCCAGGGAGTTTCAGGTTGCTGTGGCTCAGACCATGGCACTCTAGACTGAGCAA","GGCTGGGCACAGTGGCTCACACCTGTAATCCCAGCACTTTGGGAGGGTGAGGCAGGAGGATCACTTGAGCTCAGGAGTTCGCAACCAGCCTGGGCAATATGGTGAAACCGCATCTCTACAAAAAATACAAAAATTAACCGGGTGTGGTTGTGCATGCCTGTAGTCCCAGCTACTTGGCAGGCTGAGGTGGGAGGATTGCTTGAGCTCAGGAGGTCAAGGCTGCAGTGAGCCATGATTACTCCACTGCA"
"GL873521","16747501","16747629","chr7","102198592","102198722","33","85451091","GCCGGGTATGGTGGCTCACACCTGTAATCCCACCACGTGGGAGGCCAAGGCAAGCAGATTGCCTGAGCTCACAGGTTCAAGACCAGCCTGAGCCAGAGTGAGACTTTGTCTTGGAAAATACCCGGGTGT","GGCTGGGTGTGGTGGCTCACACCTGTAATCCCACCACTGTGGGAGGCTAAGGCAGGCAAATCGCTTGAGCCCAGGAGTTCGAGACCAGCCTAGGCAACGTGGTGAAACTGTCTTTAGAAAATATTAGCCAA"
"GL873521","16747905","16748071","chr1","26355033","26355200","42","9607128","AACTAGGTAGGTGTTGCAGCAGGCGCCTGTAAATCCCAGCTACTTGGGCCAAGGCAAGAGAATCAATCACTTATGCCCAGGAGTTTGAGGTTGCTGTAAGCTATGACGCCCTGGCACTCTACCAAGGGTAACAAAGTCAGATCCTGCCTCAAAAAAAAAAAAAAAAA","AACTAGCTGGGTGTGGCGGCGTGTGCCTGTAGTCCCAGCTACTTGGGAGGCTGAGGCAGGAGGATCACTTGAGCCCAGGAGTTCAAGGCTGCAGTGAGCTAAGATCATACCACTGCACTCCAGCCTGGGTAATAGAGTGAGATCCTGTCTCAAAAAAAAAAAAAAAAA"
"GL873521","16826358","16826516","chrX","96886204","96886345","57","80059846","GGCGCCCTGCCACAAGCTGTAGTCTCCCCTATTTGGGAGGGTGAGGTCGGAGGATCATGTGAGCTCGGCAGTTCAAAGTCACCGGGCACTACAACCTCACCTGGACCAGTCAGGACTGCACGCCAGCCTCCCCAGCGCAGTGAGACTCTGTTTCTAAAA","GGTGCACATCTGTAGTCTCAGTTATTTGGGAAGCTGAGGAGGGAGGATCACTTGAGCCTGGGAGGTCAAGGCGCCAGTGAGCTGTGATTGCACCACTGCACTCCAGCCTGTGCTACAGAGTGAGACTCTGTCTCAAAAAAAA"
"GL873521","16850386","16850705","chr1","224543342","224543654","83","207692956","GCCAGCTGTGGTGGCTCACACCTATAGTCCTCACACTCTGGGAGGCTGAGGAAGGCAGATTCCCTGGAGCTCAGGAGATTGAGACCAGGCTGAGCAAGAACTGAGACTCTGTCTCTACCCCAAACAGAAAAACTTCACTAGGTGTTGCGGTGGGCACCTATAGCCTGAGCTACTTGAGAGGCAGAGGCAGGATGATCACTTGAACTCAGGAGTTTGAGGTTGCTATAGCTGTGCTGATGCCATAGTACTTTAGCCTGGGCAACAGAATGAGACTCTGTCTCAAAATAAATAAATAAATTAATAAATAAAAGAGAAAGAAA","GCCAGGCAGGGTGGCTCACGCCTGTAATCCCAACACTTTGGGAGGCTGAGGCAGGCAGCTTGCTTGAACTCAGGAGTTTGAGACCAGTCTAGGCAACATGGTGAAACCCCATCTCTACAAAAAATACAAAAATTAGCCAGGCGAAGTGGCGTGCCTATAGTCTTAGCTACTTGGGAGGCTGAGGCAGGAGAACTGCTTGAACTGGGGAGGTCGAGGCTGCATGAGCCGAGATCGTGCCACTGCACTCCAGCCTGGATGACAGAGCGAGACCCTGTCTCAAAATAAATAAATGAATAAATAATAAAATAAATAA"
"GL873521","16987716","16987746","chr4","157175852","157175881","5","140188136","GAAGAAAGAAGAAAGAAGAAAGAAGAAAGAA","GAAGAAGAAGAAGAAGAAGAAGAAGAAGAA"
"GL873521","16988099","16988370","chr11","32048157","32048430","73","15060058","GGCCCAGTTCAGTGTCTCACACCTGTAATCCTAGAACTCTGGGAGGTCAAGGAAGGTGGAGTCCTTGAGCTCAGGATTTTCAGATAAGCCTGAGCAAGAGACAGATCCATATCTACTAAACATAGAAAAACTAGCCTGGCATCAGTGTAGTCCCAGCTACTCAGAAGGCTGAGGCAGGAGGATCATTTGAGCCCAAATGTTTGAGTTTGCTGTGAGCTATGATGAATGACACCAGGGCACTCTACCCAGGGCAACAGAGTGAGACTATTTCT","GGCCCACCACAGTGATTCACATCTATAATCCCAGCACTTTGGGAGGCCGAGGTGGGAGAGTAGCTTGAGCCCAGGAGTTTGAGACCAGCCTGAGCAACAGGGCGAGACCCCATCTCTACAAAAAAAATTTAAAAATTAGCCTAGCATGTGCCTGTAGTCCCAGCTACTCAGGAGGCTGAAGCAGGAGGATCACTTGAGCCCAGGAGTTGAAGGCTGCAGTAAGCTATGATCACCCCACTGAGCTCTAGCCAGGGTGACTGAGCAAGACTCTATT"
"GL873521","17153915","17154039","chr7","102370770","102370890","26","85216855","GGCTAGGCACGGTGGTGACTCCTGCTTGTAATCCCAGCACTCTGGGAGGCCTGTGGCAGGTGAATTCCTTGCGCTCAGGAGTTCAAGACTAGCCTGAGTAATAGTGAAACCTCTGTCTCTACTAA","GGCTAGGCACGGTGGCTCATGCCTGTAATCCCAGCACTTTGGGAGACTGAGGTGGGAGAATTGCTTGAAGCTGGGAGTTCAAGACCAGCCTAGGGAACATAGTGAGACCCTGTCTCTTCAA"
"GL873521","17154076","17154241","chr16","21596696","21596868","46","4442620","CTAACCAGACCTGACAGGTGGCTATACTCTCGGCTACTTGGGAGGCTGAGGCAAGAGGATCACTTGATCTCAAGAGTTTGAGGTTGCTATAAGCTATGAGGCCATGACACTCTACCGAGGGCAACAAAGTAAGAGTTTTTCTCAAAAAAAAAACCCAAAACAAAAA","ATTAGTCAGACATGGTGGCATGTGCCTATAGTCCCAGCTACTTGGGAGGCTGAGGCAAGAGAATCATTTGAGCCCAGGAGGTTGAGGCTGCAGTAAGCAGTGATCATGTCACTGCACTCCAGCCTGGGCAACAGAGCAAGACCCTGTCTCAAAAAAAAAAAAAAAAGAAAAAA"
"GL873521","18186068","18186211","chr11","18518855","18518988","40","332787","TAGTCAGGTGCAGTGGTGCATGCCTGCAGTCACAGCTACTCTACTCAGGAGGATGAAGCAGGAGGACCACTGGAGACCAGGAGTTTGAGAATGCTGTAAAATACCATTGAGTCACTGCCTGCCAGCTTCAGTAACAGAATAAGA","TTAGCCAGGTGCAGTGGCGCATGGCTGTAGTCCTGCTTACTCAGGAGGTTGAAGCAGGAGGATCACTTGGGCCCAGGAGTTTGAGGCGGCAGCGAGCCATAATCGTGCCACTGCACTCCAGCTGAGTGACAGAG"
"GL873521","18186242","18186351","chr4","101432127","101432236","31","83245885","CTTGTAATTTCAGCACTTTTGGAAACTGTAGAAGGAAGATTGTTTAAGACCAGGAGTTCCAGAACAATCTGGGCAACACATGTTGACCTTGTACCTACATGAAAAAAAAA","CCTGTAATCCCAGCACTTTGGGAGGCTGAGGCAGGAAGACAGCTTGAGGCCAGGAGTTCCAGACCAGTCTGGGCAATATAGCAAGACCCTCATCTCTTTAAAAAATAAAA"
"GL873521","18231783","18232086","chr11","120552808","120553110","90","102321025","GGCATGGTGGCTCACACCAGCAATCCCAGCGTTTTGGGAAGCCCAAGGAAGAGAATCACTTGAGACCAGCCAGAGGTACATAGACACGTGGTCTACAAGAAATGACAATTAAAACAAATTGCTGGGCATGGTAGCCTGTGACTATAGTCCTGGCAACTCAAGAGGCTGAGTCAGGGGGTTTTTTGAGCCTATGAAGTCTAAGTTGCAGTAAGCTGTGATCATGCCACTATACCCTAGCCTGGGTGACAGAACAAGATTCTGTCTCTAAAAATAAAATAAAATAAAATAATAAAATGAAATAAAA","GCCAAGCATGGTGGTTCATACCTATAATCCCAGAACTTTGAAAGGCCAAGGCGAGAGGAGTTTGAGACCAGCCTGGGCAACATGATGACATGCCGTCTCTACAAAAAAATAAAATAAACAAAAACTAGCTGGGCCTAGTGGCATGTGTCTGTAGTCCTAGCTACTCAGGAGACTGAGGCAGGAGGATCACTTGAGCCTGGGAGGTCAAGGTTGCAGTGAGCTATGATTGTGTCACTGTACTCCAGCCTGGGTGACATAGCAAGAACTGGTCTCAAAAAAAAAAGAAAGAGAGAAAAAAGAAAA"
"GL873521","18672921","18673268","chr5","164510023","164510360","89","145837102","GGCTGGCCATGGTGGCTGAGGCCTGTCATCCTACCACTCTGAGAGGATGAGGAAGGAGGATTGGATTGCTTCAGCTCAGGAGTTCAAGACCAGCCTGAGCAAGAGCAAGACTCAGTCTCTACCAAAAATAGAAAAATTAGACTAGCCAGATGTAATGGCAGATGCCTCTAGTCCCAGCTAGTGGGGAGGCTAAGGCAGGAGGATCACTGAAACCCAGGAGTTTGAGGTGCCTGTGAGTTAGTTTAATACCATGGCAGTCTAGCTTGGGCAACAAAGTGAGACTCTGTCTCAAAACAAACAAAGAAACAAAGAAACAAACAAACAAAAACCCCAAAAATAAAAAAAAAA","GGCTGGGCACAGTGGCTCATGCCTGTAATCCTAGCACTTTGGGAGGCTGAGGCAGGTGGATCGCTTGAGACTGGGAGTTCAAGACCAGCCTGGGCAATATGGCAAAACCCCGTCCCTACAAAAAATACAAACATTAGCCAAGCATGGTGGCACATGCCTGTAGTCCCAGCTACTTGGGAGGCTGAGGCAGGAGGATCATTTGAGCCCGGGATGTGGAGGTTGCAGTAAGCTGAGATTGCATCATTGCACTCCAGCCTGGGCAACAGAGGGAGACCCTGTATCAAATAAATAAATAAATAAATAAATAAATAAATAAATAAAAGAAATAAAAGTAAAAA"
"GL873521","19315680","19315722","chr1","205503465","205503511","11","186187785","CAGTTACTTGGAAGACTGAGGCAAGAGGATCCCTTGAGCTAGG","CCAGCACTTTGGGAGACTGAGGCAGAAGGATCCCTTGAGGCCAGCGG"
"GL873521","19598410","19598508","chr1","6398492","6398584","25","13199918","TATCACTACACCACTATACTCTAGCCTGGGCAACAGATTGAGAACCTGTATCAAAAACAAACAAACAAACAAACAAAACACAATAAAAAATAAATAAAA","GTGATTGCACCAATGCACTCCAGCCTGGGTGACAGAGCGAGACTGTCTCAAAACAAACAAACAAACAAATAAAACAAAAGAAAAGAAAAGCAA"
"GL873521","19777152","19777359","chr4","72787006","72787205","63","53009854","CCTGAGCAACATAGAGAGATCCCATCTCGACAAAAATATTGAAAAAAAAATAGATAAACTTATCAGCTGGGTTTGGTAGCACACAACTGTATCCCCAGCTACCGGGAAGGCTGAAGCAGGAGGAGCCTGACAGATCAAGGCTGCAGTGAGCAGTGATCACATCACTACACTCCAGCCCAGGTGACAAAGCACAATCCTGTCTCAAAAA","CTAGGCAACATGGAAGAACCCCATCTCTACAAAAATTACAAAAACTAGCTGGGCATGGTGGTGTGCGCCTGTATTCCCAGCCACTGGGGAGGCTGAGGTGGGAGGATTGCTTGAGCCTGGAAGATTAAGGCTGAAGTGAGCAGAGATCACACCGCTGCACTCCAGTCTGGGTGACAGAGCAAAACCCTGTCTCAAAAAAA"
"GL873521","19907026","19907166","chr6","12022857","12022993","42","7884169","AGGAAAAATTACCAGGGCATGGTGATGTGCACTTATAGTCCCAGCTCCTGGGAAGGCTGAGTCAGGAGGCCAGGAGTTTGAGGTTATAGTGAGCTATGATGCCACTGCACTCTCTCTGGGTGACATAGTGACATTCTGCCT","TTAAAATTAGCCAGGCATGGTAGCAGGCACCTGTACTCCCAGCTACGGGAGGGTCGCTTGAGCCCAGGAGATCAGGGCTGCAGTGAGCTATGATTGTACCACTGCACTCCAAACTGGGTGACAGAGTGAGACTCTGT"
"GL873521","19907190","19907299","chr3","21509747","21509855","27","1602557","GTGGTGGCTCAGCCTATAATCCTAGCCTTCTGGAGGCCCAGGCGGGAGGATTGCTTAAGGTCAGGATGTTGAGACGAACCTGAGCATGAGTGAGACCCCATCTCTACAAA","GGTGGCTCATGCCTATAATTCTAGCGCTTTTGGAGGCCAAGGGGGGAGGATTACTTGAGCTCAGGAGTTCCAGATCAGCCTGGACAATTTAGTGAGACCTCATCTATAC"
"GL873521","20453341","20453513","chr19","53340691","53340862","44","32887350","AGACAACTAGCCAGGCATTGTGGTGGGCATCTATAGTCCCAGCTACTTGGGAGGCTGAGGCAAGAGGATCACTTGAACCCAATAGTTTGAGGTTGTCATGAGCTATGATGATGTGGCATTCTACTCAGGGTGACAGCGTGAGAGACTCTGTCTCAAACAAATGAACAAAAAAA","ACAAAAATAGCTGGGTGTGGTGGTGCATACTTGTAGTCCCAGCTACTTGGGAGGCTGAGGCAGGAGGATCACTTCAGCCCAGGAGGTTGAGGCTGCAGTGAGCCATGATCATGCCACTGCACTCCAGCCGAGGGGAGAGAGCAAGACTCTGTCTCAAAACAAACAAACAAAA"
"GL873521","20453540","20453662","chr4","5943586","5943706","26","14509954","CAGGCGTGGTTGCTCATGCCTGTAGTCCTAGCACTTCAGGAGGCTGAGGAGGGTAGATTGCTTGAGGTCAGGAGCTGGAGACCAGCCTGAGCAAGAGCGAGACCTTGTCTCTACTAAAAATAG","GGCCATGGTGGCTCATGCCTGTAATCCTAGCACTTCGGGAGGCTGAGGAGGGAGGATTGCTTGAGGCCTGGAGTTTGAGACCAGCCTGGGCAACATAGTGAGACCACGACTCTATTTAAAA"
"GL873521","20821454","20821743","chr8","121327775","121328067","74","100506321","GCCGGGCCCAGATGGCTCAAGCCTGTAATCCTTGCACTTTGGGAGGCCAATGTAGGAGGATCACTTGCGCCTAGGAGTTCCAGGCCAAGCTGTGCAAGGTGAAACACTGTTCCAAAAAATATATATATATGAAAATTAGCCAGTCCTGTTGGTACACATCTGTCGTTCCAACTACTTGGGGGACTGAAGCAGGAGGATCCATGAGTCCAAGATTTGAGGTTGCAATGAGCTGTATTGGAGCTACTACACTGTAGCCAGGGCGACAGGAGGAAAAACTTGTTTTAAAAAAA","GGCTGGGTGCAGTGGCTCATGCCTGTAATCTTAGCACTTTGGGAGGCCAAGGCAGGTGGATCACTTGAGCTTAGGAGTTCAAGACCAGCCTGGGCAACATGGTGAAACCCTGTCTCTACAAAAAATAAAAAAAAATTAGCCAGGCATGGTGGCATACACCTGTAGTCCCAGCTACTTGTGGGGCTGAGGCAGGAGCATCACTTGAACCCAGGAGCTCAAGGCTGCAGTGAGCTGTGATCTTACCACTGCACTCCAGCCTGGGTGACAGAGTAAGACCTTGTCTCAATAAAAAA"
"GL873521","20825224","20825315","chr22","42881883","42881978","27","22056659","AGAGGATCTCTTGAGCCTAAGAGTTTGAGGTTGCTGTGAGTTCTGATACCACAGCGCTCTACACAGGGCGACAGAGTAAGACCCTTTCTTAA","GGCAGGAGGATCGCTTGAGCCTGGGAGGTCAAGGATGCAGTGAGCTGTGATTGCACCACTGCACTCCACCCTGGGCGACAGAGTGAGACCCTGTTT"
"GL873521","20825595","20825767","chr4","156475909","156476099","57","135650314","GCGGTGGCTCACACCTGTAATCCTAACACTCAGGATCGCCTAAGCTCAGGAGGTGGAGACCAGCCTGAGCAAGAGAAACACCTCAACTCTACCAAAAACAGAAAAAGTAGCCTGGGTGGTGGTAGGCATGTGTAGTCCCAGCTACTCGGGAAGCTGAGGCAAGAGGATCTCTT","GGCCAGGCACAGTGGCTCACACCTATAATCCCAGCACTCTGGGAGACTGAGGCAGGAGGAGCCCAGGAATGTGAGACCAGCCTGGCCAACATGGTGAAACCCAGTCTCTACTAAAAATATAAAAATTAGCCTGGTGTGGTGGTGTGCGCCTGTAGTCCCAGCTACTTGGGAGGCTGAGGTGGGAGGATCAC"
"GL873521","21355913","21356066","chr4","158479533","158479684","48","137123620","ATAAAAATTAACTAGCTATGGTGGCATACACTCTTGTCCTAGCTACTTAGGAGGCTGAGGATCATTTGAGGCCAGGAGTTTAAAGCTATAGTGTACTGTGATGATTACGCCTGTGAATAGCCACTGTACTCCAGCCTGGGCAACATAGCAAGAC","AATTAGCTGGGCATGGTGGTGCATACCTGTAGTCCTAGCTACTCAGGAAGCTGAGGCAGGAGGACAGCTTGAGGCCAGGAGGTCAAGGCTGCAATGAACCATGATTGATTACACCTGTAAATAGTCACTGCATTTCAGCCTGGGCAGCATAG"
"GL873521","21623697","21623773","chrX","53329871","53329945","26","31706174","AAATTTAGGCAGGCAAGTTGGCACATGTTTGTAGTCCAAGTTATGTGAGAGGATTCTTTGAGTCCAGAAGTTAAGGC","AATAGCTTGGGCAGGGTGGTGCATGGCTGTAGTCCTGAGATGGGAGGATCCCTTGAGTCCAGGAGCTTGATGCCG"
"GL873521","21623801","21623894","chr3","42032495","42032583","27","20408694","GTAATCTTAGTACTTTGGGAGGCCAGACAGGAGATTCATTTGAGACTGAGTTTAAGATCAGCCTGGACAACATGGCAATATCCCATGTCAACCA","TAATACCAGTATTTTGGGAGGCTGAGGCAGGCGATCACTTGAGCCCAGTTCAAGACCAGCCTGGGCAATATAGCGAAATCCTGTTTCTA"
"GL873521","21714176","21714337","chr12","96671998","96672172","41","74957822","ACTAGGGGGCATTGTGGCAACTGTCATCCTAGCTGCTCAAGAGGCTGAGGCAAGAGGATCACTTCAGCCCATGAGTTTATGGTTGCTGTGAGCTATGACTCCATGGCACTCTAGCCTGGGCAATAGAATGAGACTCTGTCGCAAAAAAAAAGAAAGAAAGAA","AATTAGCTGAGCATGGTGGCAGGCACCTGTAGTCCCAGCTACTTGGGAGGCTGAGGGAGGAGGGTCACTTGAACCCAGGAGTTTGAGGCTGCAATGAGCTATGACTGCATCAGTGCACTCTAGCCTGGGCAGTAGAGTGAGACCCTGTCTCACAAAAAAAAGAAGGAAAGAGAAA"
"GL873521","21714364","21714489","chr15","78802491","78802611","29","57088127","GGCTGGGTACCCTGGCTAGACACCTGTAATTCTAGCACTCCAGGAGGCTGAAACAGGTGGATTTCTTGAGCTCAGGAGTTCAAGACCAGCCTGTCCAAGACCAAGACCACAATTCTGTCTCTACTT","GGCTGGGTACAGTGGCTCACACCTGTAATCCCAGCACTTTGGGAGGTGGAGGCAGGAGGATCACTTGAACTCAGGAGTTCAAGACCAGCCTGGCCAACATGGCGAAACTCCGTCTCTACAA"
"GL873521","21743555","21743631","chr10","20213332","20213405","25","1530223","TATAGGGTGTGGCGGCAAGTGTGTATAGTACTAGCTACTTAAAGAGGTTGAGATGGGAGGATTGCTTGAGCTAAGGA","CCAGGTGTGATGGTGCATGCCTGTGGTCTCAGCTACTTTGGAGGCTGAGGTGGGAGGATTGTTTGAGTGGAGGT"
"GL873521","21743658","21743767","chr10","43292583","43292692","28","21548925","CAATGGTTTGTGCTTGTAATCCAGCACTTTGGGAAACAAAGGAGAAAGGATTAATTGAGACCAGGAGTTCAAAATCAGCCTGGGCAACATAAAGAGACCCTGTCTCTATG","GCGGTGGTTCAGCCTGTAATCCCCGCACTTTGGGAAGCTAAAGCAGGAAAATCACTTGAGCCCAGGAGTTCAAGACCAGCCTGAGCAACATAGTGATACCCCTGTTTCTA"
"GL873521","21994326","21994402","chr3","183523015","183523100","19","161528689","GGCATTGTGACTCACACCTATAATTCTAGCACTTTGGGAGGCTGAGGTGGGAAGACCACGAGCACAGGTTCAAGACC","GACTGGGGGCAGTGGCTCAAACCTGTAATCCTAGCACTTTGGGAGGCTGAGGTGGGAGGACCACCTGAGCTCAGGAGTTCAAGACC"
"GL873521","22568894","22569013","chr7","21219168","21219276","37","1349726","TACGTTGTGGTGGCTAGTCCCAAACTACTCAGCTACTCAGGAGTTTGAGGTTGCAGTAAGCTGTGAGGTTGCATTGCACGACAGATTGTGCAACAGAGCGAGACCCTATCTCGAAAAAAA","GGCTGAGGTGGGATAATCACTTGAGCCCGGAAAGTTGAGGTTGCAGTGAGCCATGACTCGGCACTGCACTCCAGCCTGGGCAACAGAGCCAGACCCTATCTCAAAAAAA"
"GL873521","22569034","22569129","chr15","57106062","57106161","19","34537028","CAGGCATGGTGGCTCACACCTGTAATCATAGCACTTTGGGAGACCAGGAGTTCAAGACCATGCTGGGCAACATGGCGAGACCTTGTCTCTACCAAA","GGCCAGGCATGGTGGCTCACTCCTATAATCACAGCACTTTGGTAGGCCATGAATTCAAGACCAGCCTGGGCAACATAGTGTAACCCTGTCTCTACGAAAA"
"GL873521","23082461","23082581","chr19","17007875","17007987","43","6074586","AAAATACACAGAGTACCCAGGCATGGTGGTGCATGCCTCCAGTCCCAGCTACAGGTGAGACTAAGACTAAAGGATGCCTTCAGCTCAAGACTTTGAAGCTGGCCTAGGCAACAACAAGACC","ACAATGTAGCTATGGCATGGTGGTGCCTGCCTGTTGTCCCAGCTACTTGGGAGGCTGAGATGGGAGGATTGCATGAGCCCAAGAGTTCAAGGCTGCTGTGAGCTACAATCACG"
"GL873521","23326932","23327034","chr1","153330637","153330743","26","130003705","GACTGGGTATGGTGGCATATGCCTGTAAACCCAGCACTCTGGGAGGCTGTGGCGGGTGGACCAGCCTGAGACCAGCTTGAGAAAGAATAAGACTCTGTCTCTA","GGCTGGGTGTGATGGCTCATGCCTGTAATCCTAGCACTTTGGGAGGCTGAGGCAGGTGGATCACTTGAGCCCAGGAGTTTGGGCAACATGACAGAACCCTGTCTCTA"
"GL873521","23327057","23327213","chr6","85247800","85247964","38","61920743","CCAGACATTGTGACACATGCCTATAGTCCTACTTGGGAGGCTGAGGCAAGAGGATGTCTTGTGCCCAAGAGTTTGAGGTTGCTGTGAGCTATGATACCATAGCACTCTAGTGGGGGGCAAGAAAGTGAGACACTGTCTCAAAAAAAAAAAAAAAAAA","CCAGGCATTGTGGCACATGTGTGTAGTCCCAGCTATTTGGGAGGCTGAGGCAGGAGGATCCTTTGAGCCCAGGAGTTTGAGGCTTCAGTGAGCTGTGATTGGACCACTACACTCTGGCCTGGGCAACAGAGAAAGACCCTGTCTCAAAAAGAAAAAGAAAAAGAA"
"GL873521","23553294","23553452","chr8","101101478","101101641","53","77548184","AAAATAAAGTTAGCTAGACACAGCTTTGGGCACCTGCAGTCCCAGTTACTTGGAGGTTGAGGCAAGAGGATTGTTTGAGCCTAGAGGTTTGAGGATATGGTTTGCTGTAGTTCTACCTGTGAGTAGCCACTGTTCTCCAGCCAGGACACCAGCGCAAGA","AAAAAGACACCAAGTAGCCAGGTGTGGTGCTGCAGGCCTGCAGTCCCAGCTACTTGGGAGGCTGAGGCAGGAGGATTGCTTGAACCCAGGAGTTCAAGACTTCAGTATGCCATAATCGCACCTATGAATAGTCACTGCACTCCAGCCTGGGCGACATAACAAAA"
"GL873521","24165831","24166009","chrX","9218405","9218573","51","14947426","GGCCAGGCACAGCAGCTCACACCCATAATCCTAACACTCTGAGAGACCAAGGTGTATAGATTACCTGAGCTCAGGAGTTGGAGACCACCCTGAGCAAGAGTAAGACCCCCATCTCTACAAAAAAAAAAAAAAAATAGAAAAACTAGCCAGGTGTTGTGGTGGGTACTTACAGTGCCAAC","GGCCAGGCGCAGTGCCTCACACCTGTAATCCCAGCACTTTGGGAGGCCGAGGCGGGTGGATCACTTGAGCTCAGGAGTTTGAGACCAGCCTGAGCAACATGGCAAAACCTCACCTCTACAAAAAAAATACAAAAATTAACCAGGCATGGTGGCAGGCACCTGTAGTCTC"
"GL873521","24270646","24270916","chr8","27224878","27225151","68","2954232","GGCCAGGCACGGTGGCTCACACCTGAATCCTAGCTGGCATTCTGGAAGGCCGAGGTGGGTGGATCACCTGACCTCAGGAGTTCAAGACCATCCTGAGCAAGAGTGAGATGAAACCTCATCTCTAAAAATAGCTAGGCATTGTGGTGGGCACCAGTAGTCCCAGCTACTAGGGAGGCTGAAGCAAGAGGATCACTTGAGTCTAAGAGTTAGACGTTGCTGTGAGCAGTGACGCCACAGCACTCTACCCAGGGCAACAAAGTGAGACTGTCTC","GGCCAGGTGCAGTGGCTCACACCTGTAATCCTAGCCCTTAGGAGGCTGAGGTGGGAGGATCACTTGAGCTCAGGAGTTCAAGACCAGCCTGGGCAATATGGTGAAACCCTGTCTCTACGAAAAATTAGCCGGGCATGGTGGCGCATGCCTGTAGTCCCAGCTACTCAGGAGGCTGAGGTGGGAGGATCATTTGAGCCCAGGAGGCGGAAGTTGCAGTGAGCCAAGATTGCACCACCGTACTCCAGCCTGGGCAACAAGTGAGATCCTGTCTCAA"
"GL873521","24618820","24618994","chr8","68458893","68459071","47","43840073","TCCTAGCACTCTGGGGGGCCGAGGTGGTAGGATCACTTGAACTAGAGTTCAAGACCACCCTGAACAAAAATCACACCCTGTCTGTACTAAAAATAGAAAAATTAGCCAGGCATTATAGTGCATGCCTGTAGTCCCAGCTACCTGGTAGGCTGAGGCAGATCCTCTAGCCCAGGGG","CCCAGCACTTTGGGAGGCTGAGATGGGTGGATCACTTGAGCCCAGGAGTTCAAGACCAGCCTGGGCAACATGACGAAACTCTGTCTTTACAAAAAATACAAAAATGAACCAGGCATGGTGGTGCATGCCTGTAGACCCAGTACTTGGGAGGCTGAGGTGGGAGGATCCCTTGATCCTGA"
"GL873521","24626746","24626855","chr1","205148842","205148953","29","180522096","AAAGAATGACAAAAATTCAGATATGGTGGTATGCACCTATAGTCAGTCACAGCTACTGGGGAGGCTGAGGTGGGAGGCTTTCTTGAGCCCAGGAGGTTGAGTCTAGCAAT","AAAAAGTACAAAGAATTAGCCAGGTGTGGTGGTGCGTGCCTATAGTTCCAGCTACTTGGGAGGCTGAGGTGGGAGGATTGCTTGAGTCCAGGAGTTGGAGGCTGCAGTGAAA"
"GL873521","24781755","24782037","chr5","139301937","139302217","85","114520182","GACCAGGTGTGGTGGCTCACACCTATTAGCCTAGCACTCTTGGCAGCTGAGGCAGGAGGATTCACTCAGAACTTCAAGAGTTAAACCCATGCCTCTACTAAAAATAAGAAAAAAATCAGTCCAGAGTATCATGGTGGGCACTTGCAGTCCCAGCTACTCGCAATGCTGAGGAAGAAGGATAGCTTGAGCCTAGGAGTTTGAGGTTGCTGTAGGCTGGATTTTTGTCATGGCATGCTAGTCTTGGCAACAGAGTGAGACTCTGGGGGAAAAAAAAAAGGAAAAA","GGCTGGGTGCGGTGGCTCACACCTGTAATCCCAGCACTTTGGGAAGCTGAGGCCAGAGGATGGCTTGAGCTCAGGAGTTTGAGTTGAAACCCTGTCTCTACAAAAAATACAAAAATTAGCTGGGTGTGGTGGTGCACACCTGTGGTCCCAGCTACTTGGAAGTGTGGGGTGGGAGGATTGGTTGAGCCCAGGAGGTTGAGGCTGCAGTGAGCCATGATCGTGCCACTGTACTCCCGCCTGGGTGACAGAATGAGACCCTGTCTCAAAAAAAAAAAAAAAAA"
"GL873521","24969692","24969970","chr5","91805199","91805483","78","66835507","GGCTGGATGCAGTGGCTCACACCTATAAACCTAGCACTCTGGAAGGCCACAGTGGGAGAATGGCTCGAGTTCAGGATTTTGAGAGTAGCCTGAGCAAGAGCAAGACCACATCTCTACTAAAAATATAAAAATTAGCAGGAAGTCTTGCTGAATGCATCATCTCAACTGCTCTGGAGGATGAGGCAAGAGGATTGCTTGAACTCAAGAGTTGAGGTTGTGGTGAGCGAGACTGAATCCATAGCACTCTACCCCAGGCAACAGAGCAAGACTTTGTTGAAA","GACTGGGTGCAATGGTTCACATCTGTAATCCCAGCACTTTGGGAGGCCAAGGTGGGAGGATGGCTTGAGCCCAGAAGTTCAAGACCAGCCTGAGCTACATGGCAAAACCCTGTCTCTACAAAAAATGTAAAAATGAGCCAGGCATGGTGGTGCATGCCTATGGTCCCAGCTACTCAGGAGGCTGAGGCAGGAGGATCGCACTAATCTAGGAGATGGAGGCTGCAGTAAGCCGAGATTGAGTCATTGCACTCCAGCCTGGGCGAAAGAGCCAGACTCTGTCTCAAA"
"GL873521","24970004","24970019","chr3","153804291","153804307","1","128834287","AAAACAAAACAAAAAA","CAAAACAAAACAAAAAA"
"GL873521","25391954","25392209","chr7","3491054","3491312","81","21900900","CCTAGTGCAGTGGCTCACACCTGTAATCCTGGAGGCTGAAGCAGATGGATTGCTTTGAGTTCCTGCCTAAATAAAAGTGGGAATCTACTATAGCAAAATTAGCTGGGCGTTATGGTGGGTACTTGTGGTCCCAGCTACTCAGGACGCTGAGGCAGGAGGATTGCTTGAACCAAGGAATTTGAGGTTGTTATGAGCTATGATGATGCCATGGCACTCTACCCAGGCCACAGAGTAAGATTTGGTCTCCAAAAAAAAA","GGCCAGGTGCGGTAGCTCACATCTGCAATCCCAGCACTTTGGGAGGCTGAAGCTAGAGGATCACTTGAGTCTTGTCTCTACAAAAAAAATCAAAAAATTAGCCAGGGCATGGTGGTGCATGCCTGTAGTCCCAGCTACTCGGGAGGCTGAGGCAGGAGGATCACTTGAGCCCAGGAGGTTGAGGCTGCAGTGAGCTGTGACTGTACCACTGCACTCCAACCTGGGCAACAGAGTGAGACCCTGTCTCAAAAAATAATAA"
"GL873521","25453333","25453646","chr22","29946204","29946503","77","4492871","GCCGGGTACAGAGGTGCATTTACCTGTAATCCTAGCACTTTGGGAGGGTAGGGTAGGAGGATGGCTTGGGGCCAGTAGTTCAAGACCAGCCTGAACAATCTAGTGTGACCTCGTCTCCACAAAATATAGAAAAATTAGCCAGGCATGGTGGTGGGCACTTGTATTCTCAGCTTCTCAGGAAGCTGAGGCAGGAGGATCTTTTGAGGCTGGAAGGTTGAGGTTGCATTGTTGAGATTGCACTGAGCTGTGATGACACCACTGCACTCTAGCCCTGGCAACAGAGTGAGATCCTAATTTAAAAAAAAAAAAAAAAA","GCTGGGCGTGGTGGCTCCTTCCTGTAATCCCAGCACTTTGGGAGGCCAAGGCTGGAGGATCACCTGAGTCCAGGAGTTTAAGACCAGCCTGGGCAACATAGGGAGACCCTGTCTCTACAAAAAATAAAAAATTAGCCAGGCATGGTGGTGTGCACCTGTAGTCCCAGCTACTCAGGAGGCTGAGGCAGGAGGATCTCTTGAGCCTGGGAGGTCAGACTACAGTGAGCAATGATTGTGCCACTGCACTCCAGCCTGGGTGACAGAGTAAGACTCTGTCTCTTAAAAAAAAAAAAAAAAAAA"
"GL873521","25473197","25473312","chr11","64318421","64318538","25","38845224","GGGCATGGTAACTCACTCCTATAATCCCAGCAGTTTGAGAGGCCAAGGCTGGAGGATCACTTAAGGCTAGGAGTTCATGACTGGTCAGGGCAACATAGTAAGACTTATTCTCTACA","CCAGGCATGGTGGCTCACACCTATAATCCCAGCACTTTGGAAGGCCAAGGCGGGAGGATCCCTTGAGGCCAGGAGTTTGAGACCAGCCTGGGCAACATAGCAAGACTCCGTCTCCACA"
"GL873521","25473339","25473487","chr1","35894728","35894879","40","10421389","AAGAATTAGCTAGGCATAGTGGTGCGCAGCTGTAGTTCCAAGTACTTGGGAGGTTAAAGACCATGTGAGCGCAGGAGTTCAAGGCTACAGTGAGCTGTGATCATGCCACTGCACTCTGGCCTGGGTGACAGAGTCTGTGTCATAAAAAA","AAAAATTAGCCAGGCATGGTGGCACATGCCTGTGGTCCCAGATACTTGGGAGGCTGAAGTGGGAGGATCACTTGAGCCCAGGAGATCAAGGCTGCAATGAGCCATGATCATGCCACTGCACTCCAGCCTGGGCAACCCTGTCTTTAAAAAAA"
"GL873521","25493130","25493293","chr4","75562087","75562252","41","50068957","CTTAGAGTTGTGGTGGGCTCCTGTACTCCCAGCTACCCAGGAGGTGAGGCTGAGGCAGGTGGATCACTTGAACCCAGGTATGTGAGGTTGCTGAGAGCTAGGATGACACACAGCACTCTAGCCTGGTGACAGAGTGAGTCTATGTCTCTAAATAAATAAATAAA","TTAGCTGGGTGTGGTGGCATGCACCTGTAGTCCCAGCTACTTAGGAGGCTGAGGCAAGAGGATCACTTTAGCCCAGGAGGTGGAGGTTGCAGTGAGCTGAAATCATACCACTGCACTCCAGCCAGGGTGACAGAGTGAGACCTTGTCTCAAAAATAAATAAATAAA"
"GL873521","25493320","25493467","chr9","31337596","31337743","33","5844276","GACTGGGCTTGGTGGCTCATGCCTGTAATCCTAGCATTCTGGGAAGCTGAGGCAGGAGAATCACTTGAGGTCAGGAGTTCAAGACCAGACTGAGCAAGAGTGAGATCTTGCCTCTACTAAAAAAATATATATTTTTAAAAAATAATGC","GCTGGGTGTGGTGGCTCACACCTGTAATCCTAGTGATTCAGGAGGCTGAGGCAGAAGGATCACTTGAGGTCAGGAGTTTGAGAGCAGACTGAGCAACAGAGTGAGACCCCCTCTCTAAGAAAAAAATATTAAAAAAAAAAACAACCGC"
"GL873521","25793453","25793728","chr15","82250472","82250741","88","56457019","CAGGTATGGTGGCTCACACCTGTAATCCCAGCACTTCGGGAGGCCAGGAGGTGGGGGAGAGGCTCTCTTGAAGCCAGGAGTTCCTGACCAGCCAAGCAACAGGCGAAACCTTATCTCTACAAAATATTAAAGAAAAAAGGAAATTAGCCAGGTATAGCAGTAGACATCCATAATTCCAGATACTGTCGTGGCTAGGACAGGAAGATCACCTGTGATTGTGCCACTGCATCCCAACTTGCCAAAAAAGCAAGATGCTGTCTCTATAAAAGAAAACTA","GCCGGGCACGGTGGCTTATGCCTGTAATCCCAGCACTTTGGGAGGCCGAGGCAGGAGAATCGCTTGAGCCCGGGAGTTTGAGACCAGCCTGGGCAACATGGTGAAACCAAGTCTCTACAAAAAAATACAAAAAAATTAGCCAGGTGTCGTGGTGCACGTCTGTAGTCCCAGCCACTCCTGGGAGGTCGAGGCTGCAGTGAGCTGTGATCGTGCCACTGCACTCCAGCCTGGGGAACAGAGTGAGACCCCGTCTCAAAAAATAAAAAAAAA"
"GL873521","25946379","25946540","chr16","48668108","48668267","54","22721729","GTTGAGGCAGGATTTCTTGAGGCTGGGAGTTGGAGACCAGCCTGAAAAACATGTTGATACCATTGCTACAGAAATTAGAAGAGTTAGCTGGGTATAGTGGTGCATCCCTGTAGTTCCAACTACTAGGGATGCTGAGGCAGGAGGGTCACGTAAGCCCAGGAG","GTGGGAGGATTTCTTGATCCCAGGGGTTCAAGACCAACCTGGGCAACATAGTGAGACCCTGTGTATACTGAACAAAAACAATTTTTCAGGCATGGTGGCACACACCTGTAGTCCGAGCTATTCGAGAAGCTGAGATGGGAGGATCCCTTGAGCCCGGGAG"
"GL873521","25955927","25956105","chr3","43378154","43378339","50","17422227","AAAAAATAGAAAAATTAGCCATGTGCAGTGGCATGTGCCTATAGTTCCACCACTGTAGGGGCTGAGGTAGGAGGATCCCTTAAGACCAGGACTTTGAGATTGCTGTGAGTTATGACATCACTGCTGTCTGGTTGGGTGACAAAGGGAGACTTTGCCTCAAAAAAGGGAAGAAAGAAAAA","AAAAATACAAAAATTAGCCGGGCATGTTGGCATGTGCCTGTGGTCCCAGCTACTCCAGAGGCTGAGGTGGGAGGATCACTGGAGCCCGGGAAGTTGAGGCTGCAGTGAGCTGTGATCACACCACTGCACTCCAGCCTGGGTGACAGAGTGAGACCCTGTCTCAAAAAAAAAAAAAAAAAAAAAAAA"
"GL873521","26298260","26298339","chr4","95794331","95794409","18","69496071","GGCTGGGTGCATCAGCTTATGCCTGTAATCCCAGTACTTTAGGAGGTTGAGGTAAGAGGATCACTTAAGAACAGGAATCC","GGCTAGGTGCAGTGGCTTACACCTGTAATCCCAGCACTTTGGGAGGCCGAGGCAGGAGGATCACTTGAGCCCAGGAGTT"
"GL873521","26307582","26307851","chr5","152032216","152032514","85","125724634","GCTGGGCATAGTGGCTCACACCTACACTCTTAGAGGCCAGGGCAGATGAATTATTTGAGCTTGGGAGACCAGACTGAGCATGAGTGAGATCCTGTTCCTACTAAAAATAGAAAAATTAATTGGGTGTTGTGCCTGTAGTCCCAGCTACTTGGAAGGCTGAGGCAAGAGGATCACTTGAGCCCAAAAGACTGAAGTTCTAATGCCAAACATGCTACTCAGAGGGACAGAATGAGACTCTGTCTCAAAAATAAATAAATAAATAAATAAATA","GGCTGGGCACAGTGACTCACACCTATAATCCCAGCACTTTGTGAGGCTGAGGCAGGCAGATTATTTGAGCCCCTGAGGTCAAGACCATCCTGGGCAACATGGCAAAACCTCATCTCTACAAAAAATACAAAAATTAGTTGGGTGTGGTGGCATACGCCTATAGTCCCAGCTCCTCAGGAGGCTGAGGTAGGAGGATGGTTTGAGCCCAGGAGATGGAGGTTGATCATGCCACTGCTCTCCAGACTGGGCAACAGAATGAGACTCTGTCTCACAAAAAATGAAACAGAATAAAATAAAAA"
"GL873521","26951040","26951317","chr17","16672309","16672598","75","10278731","TGGCTTACACCTGTAATCCTAGCACTCTGAGAGGAGTGAGGCAGATTGCTTGAGCTTAGGAGTTTAAGACCAGCCTGAGCAAGAAAGATCCCATTTTTACTAAAATAGAAAACTAGCCAGGGGTGGTGGCCTATGTCTGTAGTCCCAGCTACTCGGTAGGCTAAGGCAAGAGGATTGCTCAAACCCAAGAGTTTGAGATTGCTGTGAGTTCTGGTGCCATGACACTCTATCCAGGGTAACAGAGTGAGACTTTGTCTAAAAAAGAAATAAAATAGGTG","GTGGCTCACACCTGTAATCTCAGCACTTTGGGAGGCTGAGGCGGGAGGATCACTTGAGCCCAGGAGTTTGAGACCAGCCTGAGCAACATAGTAGGCTCCTGTCTCTACAAAAAAATACAAAAATTAGCTGGTACTGGTGGCATGTGCCTGTAGTCCCAGCTACTCAGGAGGCTAAGGCAGGAGAATCGCTTGAGCCCAGGAGGTTGAGGCTGCTATGAGCTGTGATGGCACCACTGCACTCCAGCCTGGGTGACAGAGTGAGACCTGGTCTCAAAAAGAAAAAAAAAAAA"
"GL873521","26951542","26951557","chr3","53948633","53948648","1","26997091","AAAAGAAAGAAAGAAA","GAAAGAAAGAAAGAAA"
"GL873521","27061553","27061681","chr3","122788793","122788920","26","95727240","GGCCACGCACAGTGGCTCATGCCTTTAATCCTAGCTTTCTGTGGAGGCCAAAGCAAATGGATCACTTGAACTCAGGAGTTCAAGACCAGCCTGAGCAAGAGCAAGACCCCATCTCTACTAAAAATAGAA","GGCCAGGCACTGTGGCTCATGCCTGCAATCCCAGCACTTTGGGAGGCCAAGGCAAGAGGATTGTTTGAGCCCAGGAATTCAAGACCAGCCTGGGCAACTCAGGAAGACCCCATCTCTACAAAAAACAA"
"GL873521","27061706","27061860","chr8","96136998","96137163","44","69075292","TAGCTTGGCATTGTGGTAGGCACTGGCAGTCCCAGTTACTTCGGAGGCTAAAACAAGAAGGATTGCTTGAATCCAGTGAGGTTGCTGTGAGCTATAATGTCATGGCACTTCTCCCCAGGGCAACAGAATGAGACTATCTCAAAAAAACAAATAAA","TTTAGCTGGGAAGGTTGGCACGCACCTGCAGTCCCAGCTACTTGGGAGGCTGAGACTGGAGGATTGCTTGAGCCCGAGAGGTCGAGGTGGCAGTGAGCCATAATCACACCACTGTACTCCAGCCTGGGTAACAGAATGAGACTCTGTCTCAAAACAAACAAACAAA"
"GL873521","27073730","27073910","chr1","68095575","68095737","50","41021845","GAGCAGCCTGAGCAGCTAGGGTACTGCTCCCTGCCTCTAGTCCCAGCTACTTGAGGGGCTAAGGCAGGAGGATTGTTTGAGCCCAGGAGCCCAGGAGTTTGAGATTGATGTGAACTAGGCTGATGCCATGGCACTCTAAACTGGGCAACAGAGTAAGACTCTATCTTAAAAAAACAAAAAA","TTAGCCCTGCATGGTGGCACATGCCTGTAGTCCCAGCTATTTGGGAGGCTAAGGCAGGGGGATGGTTGGAGCCCAGGAGGCAGAGGTTGCAGTAAGCTGAGACTGAGCCATTGCACTGCAGCCTGGGTGACAGAGTGAGACTCTGTCTCAAAAAAAAAAAAAA"
"GL873521","27074182","27074275","chr19","50666183","50666279","26","23592001","GCTGGGTACTGTGGCTCAAGCATGTAATCATAGCACTCTTGAGGCCAAAGTTTGGAGGATCCCTGAAGCTCCAGAGTTTAAATGCAGCTTGAGT","GGCTGGGCTCTGTGGCTCATGCCTGTAATCCCAGCACTTTGGGAGGCCGAAGTGGGAGGATCACTTGAGTCCAGCAGTTTGAGAGCAGCCTGGGCAA"
"GL873521","27115551","27115853","chrX","48006439","48006741","74","20890888","GGCCAGGTGTGGTGGCTCCTGTAATCCTATCACTATGGGAGGCCAAGGTGGGTGGATTGCTTGAGCTCAGGAGTTGGAGACTAGCCTAGGCAAGAGTGAGATCCCGTATCTACTAAATAGAAAAACTAACCAGGTTCCAGGTGCCTGTAGTCCCAGATTCTTGGGAGGCTGAGGCAAGAGGATCACTTAAGGTCAGGAGTTTAAGGTTGCTGTGAGCTATGATGTCATAGCACTCTACCCAGGGTGACAGAGTGAGACTCTATCTCAAACAAACAAACAAACAAAACAAAAACAACAAAAAAA","GGCTGGGCTCAGTGGCTCACGCCTGTAATTCCAGCACTTTGGGAGGCCAAGGTGGGCGGACTGCTTGAGCTCAGGAGTTCGAGACCAGCCTGGGAAACATGGCGAAACCCCATCTCTTAAAAAAAAAAAATTATCTGGGTGGCAGGAGCCTGTAGTCCCAGCTACTTGGGAGGCTGAGGTAGGAGGATCACCTGAGCCCGGGAGGTCAAGGCTGCAGTGAGCCATGATCGTGCCACTGCACTCCATCCTGGGTGACAGAGTGAGACCCTGTCTAAAAAAAAAAAGAAAAAAGAAAAAAAGAAA"
"GL873521","3621655","3621735","chr19","38588582","38588671","29","34966927","AAACCCCCCAGAAAATTAGCTGTAGTCCAGCTACTTGGGAGGGTGAGGCAGGATTGCTTGAACTCAGGAGGCTGAGGTTGC","TTAGCCAGGTGTGGTTGTGCACGCCAGTAGTCCTAGCTACTCAGGAGGCTGAGGCAGGAGGATTGCTTGAGCCCAGGAGTTTGAGGCTGC"
"GL873521","3642385","3642519","chr4","190118736","190118870","25","186476351","GGCTGGGTGAGGTGGCTCACACCTGTAATCCCAGCACTCTGGGAGGCCAACAGGGATGGAGCACCTGAGCTCAGGAGCTTGTGCCCAGCTTGAGCAAGAGTGAGACCTCATCTCTGTTAAAAACAGAAAAAAAAA","GGCTGGGTGCAGTGGCTCACACCTGTAATCCCAGCACTTTGGGAGGCCAAGGTGGGAGGATCACTTGAGCTCAGGAATTCGAGACCAGCCTGGGCAACATAATGAGACTGCATCTCTGTAAAAAAAAAAAAAAAA"
"GL873521","3642815","3642983","chr6","117522072","117522244","43","113879257","AAAAAAACTAGCCAGGCATTGTGGCGAGTGCCTGTAGTCCCAGCTACTCGGGAGGCGGAGGCAAGAGGAGTGCTTAATCCCAAGAGTTTGAGGTTGCTGTAAGCTATGACACTCATTCTACTCAGGGTAACAAAGTGAGACTCTGTCTCAAAAGGAAAAAAGAAAGAGA","TAAAAAAATTAGCCAGATGTGGTGGCATGTGCCTGTAGTTCCAGCTACTCGGGAGGCTGAGGCAGGAGGATTGCTTGAGCTCAGGAGTTCGAGGCTGCAGTGAGCTATAATTGTGCCACTGCACTCTAGCCTGGGTGACACAGTGAGACCTTGTCTTTAAAAAAAAAAAAAAA"
"GL873521","3668981","3669096","chr1","92774326","92774442","25","89105345","GGCTAGGCTCAGTGGCTCATGCCTATAATCCTAGCACTCTGGGAGGCTGAGACAGGTGGAGTGCCTACGTTCAGAAGTTTGAGACCAACCTGGGGAAGAGTGAGACCCTTGTCTCT","GGCCAGGCGCAGTGGCTCACACCTGTAATTCTAGCACTCTGGGAGGCAGAGGCAGGCAGACTGCTTGAGCTCAGGAGTTCGAGACTACCCTGGGCCACACAGTGAGACTTTGTCTCT"
"GL873521","3669118","3669287","chr19","44556029","44556196","40","40886911","GCCTAGCCATGCATTATGGTGGGCACCTGTAATCCCAGCTACTTGAGTGGCTGAGACAGGAGGATTGCTTGGGCCCAGGTGTTTGAAATTGTCGTGAGCTATGACAACACTATAGCACTCAACCCAGGGCACAGAGTGAGACCCTGTCTCAAAAAAAATAATAAATAAAA","TTAGCTGGGCACGGTGGTGTGCACCTATACTCCCAGCTACTCTGGAGGCTGAGACAGGAGGATTGCTTGAGCCCAGGAGTTCAAGACTGCAGTGAGCTAGGATCGCACCATTGCACTCCAGCCTGGGCAACAGAGTGAGGCCCTGTCTCTAATAATAGTAAAAAAAAA"
"GL873521","3669631","3669737","chrX","25092369","25092466","29","21422738","GGTTAGGCATGGTGGCTTACACATGTAATCCCAGCACTTTCAGAGGCTGAAGTAGGAGGATCTCTCAAGAGACCATCAGAGGGAGACCCTGTCCTTATAAATAATTA","GGGTGTGGCGGCTCAAACCTGTAATCCCAGCACTCTGTGAGGCTGAGGCAGGAGGATCGCCTGGGCAATATAGTGAAACCCTGTCTGTATTAATAATA"
"GL873521","3670024","3670183","chr1","26355033","26355200","40","22685009","TTGGTTGGGTGTGGTAGCACTTGCCAATAGTCTTAGCTACTTGGGAGGCTGAGGCAGGAGGATCCCTTGAGCCCAGGAGTTCAAAGTTGTAGTGAGCTGTAGTAGGGCCACTATAGGGTAAAAGAGTAAAATCCTGTCTCAAAAAAAAAAAAAAAAAAAA","AACTAGCTGGGTGTGGCGGCGTGTGCCTGTAGTCCCAGCTACTTGGGAGGCTGAGGCAGGAGGATCACTTGAGCCCAGGAGTTCAAGGCTGCAGTGAGCTAAGATCATACCACTGCACTCCAGCCTGGGTAATAGAGTGAGATCCTGTCTCAAAAAAAAAAAAAAAAA"
"GL873521","3713060","3713213","chr16","52591348","52591478","53","48878288","ACTAAAATTGTAAAGCCTAAGCTGGGTGTCATGGTGCACACCTGGAGATCCAGCTCCTCGGAGGCAGAGACAGGAGGATCTCTTGAACCCCAAAATTTGAACACAGTGCGACAACATAATGAGACCCACCTCTTACAAAAAATTACAAAGACTA","GCTGAGTGTGGTGGTGTGTGCCTATAATTCCAGCTACTCAGGAGGCTGAGGCAGGAGGATCACTTGAGCCCAGGAGTTTGAGACCAGCCTGGGCAACACAGTGAGACCCCATCTCAAAAAATTAAACATTA"
"GL873521","3858021","3858181","chr15","40727742","40727900","45","36869721","GGAAAAATTAGCTCAGCATTGTGGTGGGTGCCAATAGTCCTAGTTACTGGGGGGGTGGAGGGTTGAGGCAGGAGCTTGAGCTCAGGAGTTTGAGGTTGCTGCGAGCAAGGCTCATGCCATGGCACACTAGCCTGGACAACAGAGTGAGAGTCTGTCTCAAA","TTTAAAAATTAGCCAGGCATGGTGGTGACCACCTGTAGTCCTAGCTATTCAGGAGGCTGAGGCAGAAAGATTGCCTGAGCTCAGGAGTTTGAGGTTACAGAGAACTCTGATCATGCCACTGCACTGCAGCCTGGGCAACAGAGTGAGACTCTGTCTCAA"
"GL873521","3858456","3858567","chr17","26390105","26390216","27","22531649","GGTTGGATGCAGTGACTCACGTTTATAATCCTAGCACTCTGGGGAGCAGAGGCAGGAGGATCCCTTGAGCTTAGGAGCAAGACCCCATCTCTACTAAAAAATGGAAAAATTA","GGCCGGATGCAGTGGCTCACGCCTGTAATCCCAGCACTTTGGGAGATGGAGGTGGGAGGATCGCTTGAGGCTAGGGGTTCGAGACCACATCTTTACAAAAAATTTAAAATTA"
"GL873521","3958462","3958555","chr3","156881552","156881648","15","152923090","GGCCAAGTGTGGTGGCTCACGCCTGTAATCCCAGCACTCTGGGAGGCTGAGGCAGAGAATCACTGGAGCGCAAGAGTTTGAGACTAGCTTGAGC","GGCCAGTTGTGGTGGCTCACACCTGTAATCCTAGCACTCTGGGAGGCTGAGGCTGGAGGATCACTTGAGCTCAGGAGTTTGAGACCAGCCTGGGCAA"
"GL873521","4004289","4004415","chr2A","53135817","53135938","36","49131528","GCCGGGCGCGGTGGCTGACACCTGTAACCGAGCACTTTGGGAGGCATCTGTAGGAGGATCGCTTGAGGCCAGGGATTGGAGACCTCCCGCCCTACAAATGATTTTAAAATAAACTGCTTATGCTGGG","GCCAGGTACAGTGGCTGACATCTGTAATCCCAGCACTTTGGGAGGCTGAAGTGGGAGGATCACTTGAGGCCTGGAGCTTGAGACCAGCCTTGTCAACATAGTGAGATTAAAAAATTAGCTGG"
"GL873521","4004664","4004811","chr5","141173286","141173416","45","137168622","CTGCTTATGCTGGAGGACCCTCACCCCACCCCACCCCCACACACACCTTGTGCTCCTGACTTGGAGACTGCAGTGAACTATGATCAGGCCGCTGCCCTCCAGCGTGAGCGACAGAGCATGACCCTGTCAAAAAAAAAAAAAAAAAAAA","CTACTTGGGAGGCTGACCCACGAGAATCACTTGAACCTGGGAGGTAGGCTGCAGTGAGCTAAGATCACACCACTGCACTCCAGCCTGGGCAACAGAGCAAGACTCTGTCTCAAAAAAAAAAAAAAAAAAAA"
"GL873521","4367979","4368038","chr4","148843957","148844014","16","144475978","GGGCCCGGATAATGGCTCTAATCCCAGCTACTTGGGAGGCTGGGGCAGAAGGATCGCTTG","GCAATGGTACATGCCTATAATCCCAGCCCTTTGGGAGGCTGAGGCAGGAGGATCACTT"
"GL873521","4416492","4416644","chr15","38442496","38442652","39","34026004","GACAAAAATTAGATGGGCGTGGGGCTGTAGTTCCAACTACTCTGGAGGCTGAGGCAGGAGGGTTGCTTCAGCCCAGGAGTTTGCGGTTGTAGTGAGCTATAATGATTCCACTGCACTATAGCATGGTGACAGAGTAAGACTGTATCTCAAAAA","TTAGCCAGATATGGTGGTGCATGCCTGTAGTCCCAGTTACTTGGGAGGCTGAGGCGGGAGGATTGCTTGAGCCCAGGAGTTTGAGGCTGTGGTGAGCTATGATTGTGCCACTGCACTCCAGCATGGGTAACAGAGCAAGACCCTATCTCTTTAAAAA"
"GL873521","4416915","4417046","chr12","122239412","122239544","30","117822497","GCCTGGTACAGTGGCTCACAGCTGTAATTCTACCACTCTGGCAGACTGAGGCAGGAGTATAGCTTGAGGTCAGGAGTTAGAGAGCAGCCTGAGCAAAAGTGAGACCCTCTATTAAAAATAGAAGAATTAGGG","GGCTGAGCACGGTGGCTCATACCTGTAATCCTAGCACTTTGGGAGGCTGAGGCGGGAGGATTGCTTGAGGCCAGGAGTTTGAGACCAGCCTGGGCAACATAGTGAGACCCCATCTCTAAAAAAAAAAAAATTA"
"GL873521","4508052","4508216","chr1","180937305","180937458","45","176429253","CGCCAAAATAGCCACGTATGGTTGTGTGCACCTATAGTCCCAGCTATTTCAGAGGCGGAGACCATAAGACCACTTGCACCCAGGAATTTGAGGATACAGCAAGCTGTGATCATGCCACTGCACTCCACTCCAAGCCACAGACTGAGGCCTTGTCTCTTAAAAAAA","GCAAGCCAGGTGTGGTGGCATTTGCCTATAGTCCCAGCTATGTCAAAGGCTGAGACAAAAGTATCACTTGAACCCAAGAGTTAGAGGTTACAGTGAGCTATGATCGCACCACTGCACTCCAGCCTAGGCAACAGAATGAGACCCTGTCTCTAAA"
"GL873521","4508241","4508340","chr4","142826785","142826889","25","138318544","CCAGGTGCCATGGCTTATGCCTGTAATCCCAGGGCTCAGCTTGAGGCAGATGATCACTTGAAGCCAGGAGTTCGAGACCAGCCTGGGTAACACAGTGAGA","GGCCAGGTGTGGTGGCTCATGCCTTTAATACCAGGGCTTTGGGAGGCTGAGGCAGGACGATCACTTGAGGCCAGGTGTTTAAGACCAGCCTGGGCAACATAGGGA"
"GL873521","4585645","4585775","chr1","22024766","22024901","32","17439121","GCTGGGCAAGGTGGCTCACGCCTGTAATCCGAGCACTCGGGGAGTCCAATAGGGGTGGATTGCCTGAGCTCAAGTTCAAGACCAACCCAAGCAAGAGTAAGACCCCATCTCTACTAAAAATAGAAAAAACA","GCCAGGTGAGGTAGCTCACGCCTGTAATCCCAGCACTTTGGGAGGCCAAGGTGGGTGGATCAACTGAGGTCAGGAGTTCAAGACCAGCCTGGCCAATATGGTAAAACCCCATCTCTACAAAAAATACAAAAATTAT"
"GL873521","4586039","4586216","chr5","162553581","162553768","45","157967542","TAATAGAAAAACTAGCCACTGGTAGGCACCCATAGTCCCAGCTACTTGGGAGACTTAGGCAAGAGAATCACTTAGCCCAAGAGTTTGAGGTTGCTGTGAGCTATGATGCCATAGCACTCTACCCACAGTGCCAGAGTGAGATTCTGTCTCAAAACAAAAAAAGAAAGAAAGAAAGAAA","AATTTAAAAATAGCCAAGTATAGTGGCATGCCTCTGTATTCCTAGCTACTTAGGAGACTGAGGCAGGAGGATCACTTGAGCCCAAGTGTGTGAGGCTGCAGTGAGCCATGATCCAGCCACTGCACTCGAGCCTGGAAGACAGAGTGAGATACTGTCTCAAAAAAAAGAAAGAAACGAAAAGAAAGAAA"
"GL873521","4615177","4615298","chr12","11845861","11845982","46","7230684","AAATATAATGAGTAGCTGGGTGTGGAGGCACGTACTTCTACACCCAGCTACATAGAAACTGTGTAGCAGGCAGGAAGATAGTTTAATTAATATAGTGAGAACCCCATTTCAAAAAGAAAGAA","AATACAAGGAAGCCAGGTGTGGTGGCATGCACCTACAGCCCGAGCTACTCGGGAAGCTTTGAACTGGAGACAAGCCTGGGCAACATAGTGAAACCCCATCTCCCTCTAAAAACAAGGAAAGA"
"GL873521","4639212","4639298","chr17","29760224","29760310","16","25121012","GGCCTGGCACAGTGGCTCATACCTATAATCCTAGCACTCTGGGAGGTGAGGTGGGGAGGATCCTTTGAGCTTAAGAGTTTGAGATCA","GGCCATGGGCAGTTGCTCACACCTATAATCCCAGCACTTTGGGAGACTGAGGTGGGAGGATCGCTTGAGCACAGGAGTTTGAGACCA"
"GL873521","4757227","4757326","chr1","32811419","32811520","26","28054192","TAAAATAAATAAATCAGCTGGCAGTGTGGTAGGCAACTGTAGCCCCAGCTACCCAGGGCTGTGGCAGGAAGGTGACTTGAGCCCAGTAGTTTGAGGTTGC","ATTAAATTAAATGGAGCCGGGCGTGGTGGTATGCACCTGTTGTCCCAGCTACTCAGGAGGCCAAGGCAGGAGGATCACTTGAGCCCAGGAGTTTGAGGATGC"
"GL873521","4757600","4757715","chrX","124471265","124471386","33","119713665","GGCTGAGCAGTGTGGCTCACGCCTGTAATCCTAGTGCTTTGGGAGGCTGAGGTGGAGTGAATTCCAGACCTGCCTGAACAAGAGAGTTTTTGTCTCTACTAAAAATATAAAAATCA","GGCTGGACACCGTGACTCACGCCTGTAATCCCAGCACTTTAGGAGGCTGAGGCAGGAGGATTGCTCAAGACTAGCCTGGCCAACATGGTGAAACCCCGTCTCCACTAAAAATACAAAAATTA"
"GL873521","4833908","4834183","chr20","5619662","5619943","68","785754","GGCCAGTGCAGTGGCTCATGCTGTAATCCCAGCCCTCTGGGAGGCTGAGGCAGGCGGATCCCCTGAGCTCAGTGGTTGGAGACCAGCCTGAGCAAAAGTGCAACCCCGGCTCTACTAAAAATAGAAAAAACATTAGCTGGGCTGGGTGGCAGCTGCCTATAGTTACAGCTAATAGGAAGGCTGAGACAGGAGGATGGTTTGAGCTCAGGAGGTTGGGGTTAAGATATGGTGACACCACTGCATGCTACCTGGGGCACAGAGCAAGACTCTTGTCTC","GGCCAGGTGCAGGGGCTGACACCTGTAGTCCCAGCACTTTGGGAGGCTGAGGCAGGAAGATCACTTAAGCCCAGGAGTTCGAGACCAGCCTGCGCAACATGGTGAAAACCCGACTCTACAAAAAATACAAAAACTAGCCAGGCATGGTGGTGCCTGCCTGTAGTCCTAGCTACTCAGAAGGCTGAGATGGGAGGATTGCTTGAGCCCAGGAGGTTGAGGTTGCAGTGAGCTGAGATGACACCGCTGCATTCCAGCTTGGGTGCCAGAGCAAGACCCTCTCTC"
"GL873521","4857882","4858053","chr13","48157593","48157767","59","43299711","GACCAACCAGAGTAAGAATAAGACCCCTGTCTCTACAAAAAAATGCCAAAATTAGCCAGGCATAGTGGCATGCACCTATAGTCCCAGCTACTATAGTTTTGAGGTTGCTGTGAGCTATGACGATGACATTGCACTCTACCCCAGGCAACACAGCAAGGCTCTGTCTCCAAAA","CCAGCCTGGACAACATAGGGAGACCCTGTCTCTACAAAAAAATTTTCAGAAAATTAGCTGGGCACCATGGCGCATTCCTATAGTCCCAGCTACTCAGGAGGCTGCAGTGAGCCATGATTGTGCCACTGTGCTCCAGCACGGGTGACAGAGCAAGACCCTGTCTCTTAAAAAAAAA"
"GL873521","4858329","4858418","chr2B","246546136","246546224","17","241687807","CAGGAGCAGGGGCTCACACCTATAATCCTAGCACTCTAGAAGGCCAAGGCTGGAGGATTACTTGAGGCCAGAAGTTCATGACCAGCCAGT","CCAGGTGCTGTGGCTCATGCCTGTAATCCCAGCACTTTGAGAGGCCTAGGCAGGAGGATTACTTGAGGCCAGAAGCTCAAGACCAGCCT"
"GL873521","4904065","4904344","chr20","3250028","3250308","77","1654037","GGCCAGGCATGGCGGCTCAGCCTATAATCTGGGAGGCCAAGGCTCAAGGAGTTTGAGACCTGCCTGAGCAAGAGCAAGACCCTGTCTCTACTAAAAATAGAAAAAACAGCCAGGTGTTGTGGCAGGCACCTGTAGGCCCAGCTACTTGAGAAACTGAGGCAGGAGGACTGCATGAGCTCAGGAGTTTGAAGTTGCTGTGAGCTAAGAAGCCACAGCATTCTAGTCTGTAGCAACAGAGTGAAACTGTCTCAAAAACAGAACAAAACAAAACAAAACAAAA","GGCCAGGTGCAGTGGCTCACACCTATAATCCTAGCACTTCAAGGCCAAGTTCGAGACCAGCCTGGGCAACATGGCAAAACCCTGTCTCTACAAAAAAAAAATAAAAATTAGCCAGGCATGGTGGCGCTCACCTGTAGCCCCAGCTTCTTGTGGGGCTGAGGCAGGAGGATTGTTTGAGCCTGGGAGACAGAGGTTGCAGTGAACCTATATCATGCCACTGCACTCCAGCCTGGGTGACAGAGTGAAACCCTGTCAAAAAAAAAAAAAAAAAAGAAAGAAAA"
"GL873521","5548943","5549231","chr4","172002891","172003185","72","166453948","GACTGGGCACAATGGCTCACGCCTATAATCCTAGCACTCTGGAAGGCCAAGGTGGGTGGATTACTTGAGCTCACAGGTTTGGGACCATCCTGAGCAAGAGTAAAACCTCATCTCTAAAAATAGCCCGGCATTGTGGTGGGTACCTTGTAGTCCCAGCTAGTTGGGAGGCTGAGGCAAGAGAATCTCTTGAGCCTAAGACTTTGAGGTTGCTGTAAGCTGTGATGCCATGGTACTCTACCGAGGGTGACATAGTAAGACTCTATCTCCAAAAAAAAGAAAGGAAAAAGAA","GGCCAGGCACAGTGGCTCATGCCTATAATCCCAGCAATTTGGGAGGCCAAGGTGGGAGGATCACTTGAGCCCAGGAGTTGGAGACCAGCCTGGGCAACATGGCAAAACTCCATCTCTACAAAAAATAGAAGCCAGGTGTGGTGGTGTGCATCTGTAGTCCCAGCTACTTGGGAGGCTGAGGTGGGAGAATCGCCTGAGCCTGGGAGGTGGAGGTTGCAGTGAGCCAAGATCATGCCACTGCACTCTAGCCTGGGTGTCAGAGTGACAACTTGTCTCAAAAAAAAAAAAAAAAGAA"
"GL873521","5616768","5616899","chr1","134480867","134480991","29","128864099","GTGGCTCTCTCCTGTAATCCCAGCACTTTGGGAGGCCAGGGGAGAGGATTGCTTAAGGCCAGGTATTTGAAACCAGCCTGGGCAACACAGAGAGATATGCCCATCTCTACCAAAAGAAAAAAATTGCTAGGA","GTGGCTCATGCCTGTAATCCCAGCACTTTGGGAGGCCAAGGAGTGAGGATTGCTTAAGTCCAGGAGTTCAAGAACAGCCTGGGAAACATAGTAAGATCCTGTCTCTACAAAAAATAAAAAATTGT"
"GL873521","5617203","5617331","chr3","201848039","201848154","42","196230836","TTAAAAGTTTGCTGGGCTTGCTGAAGTGTGCCTGTAGTCCCAGCTACTCAAGAGACTAAAGTGGGGGGGATCAACAGAGCCCAAGAGTTTTAGCCTGTTCTGAATCACTGGACCACTGCATTCCTGTCT","ATTAGCTGGGCGTGGTGGCGGCTGCCTGTAGTCCCAGCTACTCAGGAGGCTGAGGTGGGAGGATCACCTGAGCCCGGGAGGTCGAGGCTGCAGTGAGCAGTGATGACGGCACTGCA"
"GL873521","5813449","5813645","chr8","55925895","55926096","51","50112446","TCTATAAATATATAGAAATTGCCAGGCACTGTGGCTAATGCCTGTCATCCGAGCACTTTGGGAGGCTGAGGCAGGAGGATCATTTGAGCCCAGAAGTTGGAGGCTTCTATGACTGGGGTGCTGCACTACAGTGGAGGCTGGGTGAAAGAGCAAGATTCTGTCTCTAAAAAACATACAAAACAAACAAACAAACAAAA","TCTCTACAAAAAAATAAAAAACTAGCCGGGCATGGTGGCACATGCCTGTAGTCCCAGCTACTTGGGAGGCTGAGGCAAGAGGATCACTTTACCCCAGGAGGTCGGGGCTGCAGTGAGCTGTGTTCATACCACTGCACTACAGCCTGGGTGACAGAGCAAGACTCTGTCTCAACAAAACAAAACAAAACAAAACAAAACAAAA"
"GL873521","5816723","5816839","chr7","150519989","150520108","29","144703266","GGCTTACACCTGTAATCCTAGCACTTTGGGAGAGTGGGAGTATGGCTCGAACCCAAGAGTTGGGAGACCAGCATGGGAAAGAATGAGACCCTGTCTCTACAAAAATAGAAAAATTAG","TGGCTCACATCTGTAATCCCAGCACTTTGGGAGGCCAAGGTGGGAGGATTGCTTGATCCCAGGAGTTGGAGACCAGCCTGGGCAACATAGTGAGACCCTGTCTCAACAAAAATTTATTTT"
"GL873521","6392280","6392393","chr13","98865790","98865887","34","92473510","GGCATGGTGATACATGCCAGCGACTTAGGAGGAGGACCCCTTGAGCAAGTGAGCAGTGATTGTGCCACTGCACCTCCAGCCTGAGCAACAAAGTGAGACTCTGACTCTTAAAAA","CAGGGGGACCACCTGAGCCTGGGAGGTTGCAGCTGCAGAGCCGTGATTGTGCCACTGCATTCCAGCCTGGGCAACAGAGTGAGCTCCTGTCTCAAAAA"
"GL873521","6821886","6822161","chr13","35542940","35543211","71","28721054","GGCCTGGTGCAGTAGCTCAGAGCTGTAAGCCTAGCACTCTGGGAGGCAGAGGTAGGTAGATCACTTGAGACCAGGAGTTCAAGAAGACCAGACTAAGTAAGAGTGAGACCCTCACCTATGCTAAAAATAGAAAATATTAGCTGGGCATACAGTGTATGTCTGTAGTCCAGGCTACTTAGGAAGCTGAGGTAGGAGGATCACTTAAGCCCAGGAGTTTGAGGTTGCTGTGAGCTAGGCTGAGGCCATGGTACTTCAGCCTCGGCAACAGAGTGAGAC","GGCCAGATGTGGTGGCTCACACCTGTAATCCTAACACTTTGGGAGACCGAGGTGGGTGGATCACTTGAGGTCAGGAGTTCAAGACCAGCCTGGCCAACATGGTGAAACCCCATCTCTACTAAAAATACAAAAATTTGCTGGGCATGATGGTGGGCGCCAGTAGTTCCAGCTACTCAGGAGGCTGAGGCAGGAGAATCGCTTGAACCCAGGAATCAGAGGTTGCAGTGAGCCAAGATCACGCCATTGCACTGAAGCCTGGGCGACAAGAGCAA"
"GL873521","6822427","6822459","chr1","26448863","26448892","8","19626436","TCAGAGTGAGACTTTATCTCAAAGAAAAAAAAA","TGAGTAAGACCCTGTTTCAAAGAAAAAAAA"
"GL873521","6828199","6828251","chr12","8954703","8954756","17","2126504","GGGAGAGGTAGCTCAGGCCTGTAATTCTAACACTCTGGGAGGGAGGATCCCTT","GGTCAGGTATGGTGGCTCATGCCTGTAATTCTAGTACTTTGGGAGGCTGAGGTC"
"GL873521","6828640","6828791","chr2A","70191250","70191406","45","63362610","CCTTGAGCTCACAAGTTTGAGACCAGCCTGAGCAAGAGCGTGACTATCTCTACTAAAAATAGAAAACTCTGCTAGGTGTTGTGGCAGGTGCCTATAGTTCCAGCTACCTAGGAGGCTGAGGCAAGAGGATCACTTAAGCCCAGCAGTTTGAG","TCACTTGAGCCCAGGAGTTCGAGACCAGCCTGGGCAACATAGTGAGACTCAGTCACTACAAAAATAAACTTGCTGGGTGTGGTGGTGTGCACCTGTAGTTCTAGCTACTCAGGAGGCTGAGGTGGGAGGATCCCTTGAGCCTCGGAGGTGGAGGTTG"
"GL873521","6837142","6837367","chr12","104694083","104694305","59","97856941","GACTGGGTGCTATAGCTCACACCTGTAACCCTAGCACTCTCAGAGGCCAAGGTGGGTGGATTCGCTGAGCTCAGGAGTTCAAGACCAGCCTGAGCAAAATAAGACCCCATCTCTACTAAAAATAGAAAAAGAAAAACCAGCCAGGTGTGGTGCCAGGAGCCTGTAGTTCCAGCTACTCAGAGGCTAAAGTAAGAGGATTATTTGAGCAGTAAGAGTTTGTGGTTTC","GACTGAGTACGGTGGCTCACACCTGTAATCCTAGCATTTTGGGAGGTCAAAGTGGGAGGATGACTTGAGCCCAGGGGTTCAAGACCAGCCTGGGCAACAAAGTGAGACCCTGTCTCCATAAAAATTACAAAAATTAACCAGGCATGGTAGCATGTGCCTGTAGTCCCAGCTACTCGGGAAGCTGAGGCCAGAGGATTGCTTGAGCTTAAGAGGTTGAGGCTGC"
"GL873521","6837616","6837695","chr14","61332116","61332199","24","54494500","GTTTGTGGTTGCTGTGAGCTATGACATCACAGCACTCAACCCCAGGGTGACTACATACAACTCTGTCTCAGAAAAAAAAA","GGTTGAGGCTGCAGTGAGCTGTAATTGTACCACTGCACTCCAACCCAGGTGACACAGTAAGACCCTATCTCAAACAAAACAAAA"
"GL873521","7000001","7000131","chr1","35753661","35753787","41","28753660","ACAGTAATACATACTTGTAGTTCCAGCTTCTAGGCTGAGGCCAGAAGATGGCTTGAGCCCAGGACTTTGAGGTTGCAGTGAGAGATGATGATACCTCTGTACTCTAGCCCAGGTAACAGAGACTCTGTTTC","TTAGCCAGGCATACTAGCTCATGCCTGGAGGCTGAAGCAAGAGGACAGCTTGAGCCCAGGAGTTTGAGGCTGCAGGCAGCTATGATCGCACCATCGCACTCCAGCCTGGGTGACAAGACCCCATCTC"
"GL873521","7000386","7000547","chr6","44662547","44662705","42","37662161","GGGTGTGGTGGCTCTTACCTGTAATCCTAGCACTTTGGGAGGCTGGGGCAGGCAGGAAGATTGTTTGAGGCCAGGAGTTCCAGACCAGGCTTGTCAATATAGTGAGACCCCGTCCCTATAAAAAATAGAAAAATTATCTGGGCCTGGTAATGCATACTTTGG","GGCACAGTGGCTCATGCCTATAATCTCAGCACTTTGGGAGGCCAAGGTGAGAGGATCACTTGAGCCCAGGAGCTACAGACCAGCCTGGGCAACATAGAGAAAACCCATCTCTACAAAAAATACAAAAATTATCTGGGCGTGGTGATGCATGCCTGTTGT"
"GL873521","7034228","7034543","chr6","83628974","83629284","80","76594746","GGCCAGATGCAGTGGCTGACACCTGCAATTCTATAACTTTAGGAAGGTGAGAGAATTGCTTGAGGCCAGGAGTTCCAGACCAGCCTGAACAATATAGTGAGACCCCATTGCTACAAAAATTAGAAAAATTCACTGGGTGTAATGGCCAATGCCTGTATTCCCAGATAATCCAGAGGCTGATGCTGGAAGATTACTTGAGCCCAAGAATTTGAGGTGACAGTGAGCTATGATGACACCAATGCACTCTAGCTTGGGCAATAGAGTGTGACCCTATTTCCAAAAAAAGAAAGAAAGAAAGAAAGAAAAGAAAAGAAAA","GGCAGGGCATGGTGGCTCATACCTGTAATCCCAGCACTTTGGGAGTCCAAAGTGGGTGGATCGCTTGAGTCCAGGAGTTCAAGACCAGCATGGGCAATATGGTGAAACCCTATCTCTACAAAAAAATACAAAAATTAGCTGGGCATGGTGGCATGCACTTGTATCCCAGCTACTCCAGAGGCTGAGGTGGGAGGATTGCTTGAGCCCAGGAGGTTGAGGCTGCAGTGAGCCATGATCACACCACTGCACTGTAGCCTGGGCAGTAGAGCGAGACACTGTCTAAAAAAAAAAAAAAAGAAAAGAAAAGAAAA"
"GL873521","7070010","7070206","chr5","79804250","79804453","53","72734240","GGCCAGGCAAGATGGCTCATGCCTGTAATCCTAGCATTCTGGGTGGCTGAGACAGGCATATTCCCTGAACTCATGAGTTGGAGACAAGTCTGAGCCAGAGTTAGACCTCATCTCTAAAAATAGCCTGGCATTGTGGCATACACCTGTAGTCTCAGCTACTTGGGAGGCTGAGGTGAAAGAATTGCTTAAGCCCAAGA","CAGGCACTGTGGATCACACCTGTAATCCCAGCACTTTTGGAGGCTGAGGCGGGCAGATTGCTTGAGCTCAGGAGTTTGAGACCATCTTGGGCAACCTGGTAGAACCACATCTCTACAAAAAATTAGCCGGGCATCGTGGCACACGCCTGTAGTCGCAGCTATTTGGGGGGCCTCCTGAGGTGAGAGGATTGCTTGAGTCCAGGA"
"GL873521","7070300","7070404","chr10","27497894","27497990","34","20427594","GTAAGCCCAAGATTTTGAGGTTGCTGTGAGCTATAATGCCATAGCACGCTAACTGAAGCAAAGTAACTATGACAAAGTAAGACTCGGTCTCAAGAAAGAGAAAAA","CACTTGAGCCCAGGAGGTTGAGGCTGCAGTGAGCTATCATGCCACCACACTCCAGCCTGAATTACATGGCAAGACCCTGTCTCAAGAAAAAAAAAAA"
"GL873521","7099137","7099314","chr16","419989","420167","56","6679148","GGCTGGGTGCCGCGGCTCACACCTATAATCCTAGCACTCTGAGAGGCCAAGGCAGGTGGATTGCTTGAGCTCAGGCACTTGAGGCCCTCAAATAGAAAAACTAGCCCAGCCTTGTGGTGGGCCCCTGTAGTCCAGCTACTTAGGAGGCTGAGGCATGAGGATCGATTGAGCCCAAGTA","CTGGGCACCGTGGGTCATGCCTGTAATCCCAGCACTTTGGGAGGCTGAGGCAGGAGGATCACTTAAGCCCAGGTGTTCAAAAAACAAACAAAAAAACATTAGCCAGGTGTGGTGGTGCACACCTGTAGTCCCGGCTACTCAGGAGACTGAGGTGGGAGGAGCTCTTAAGACCGAGAGGT"
"GL873521","7099591","7099694","chr5","181790038","181790151","31","174690447","TGAGGCCAAGTATTTGAAGTTGCTGTGAGCTATGATGTGGCGCTCTACCAAGGTTGATAAAGTGAGACTCTGTCTCAAAAACAAACAAACAAACAAAAAAGCAA","TTGCTTGAGCCCAGGAGGTGGAGGTTTCAGTGAGCCAAGATCGTGCCACTGCACTCCAGCCTGGGTGACAAAGTGAGACCCTGTCTCAAAAACAAACTAACAAACAAAAAACAA"
"GL873521","7182117","7182284","chr17","14741482","14741644","46","7559365","AATTAGCCAGGCATCATAGCACATGCCTATAGTCCCAACTATTCAGGAGCCTCAGGGCCAGGAGGATCCCTTGAATATAGGAGTTTGGGGTTACTGTGAGCTATAATGATACCACCCACTGCACTTTAGTCTGGGTGACAGTGAGACCCCGGCTCAGGGGGAAAAAAA","AATTAGCCAGGCATGGTGGCACATGCCTATAGTTCCAGCACTTTGGGAGGCTAAGGCAGGAGGATTGCTTGAGCCCAGGAGTTTGAAGTTACAGTAAGCTATGATCATGCCATTGCACTCTAGCCTGGGCAACAGAGTGAGACCTTGTCTCTAAAAAAAAAAA"
"GL873521","7182549","7182656","chr11","75656969","75657073","28","68474420","AACCCCAGCACTTTGGGAGGCCAAAGCAGGAGGATCATTTGAGGCCTAGGAGTTGGAAAGCAGGCAGAACAAGAGTGAGACTATCTTCATAAAAATACAGAAAAATTA","CCAGCACTTTGGGAGGCCAAGGCAAAAGGATCACTTGAGCCCAGGAGTTTGAACCAACCTAAGCAACAGAGTGAGACCCTGTGTCTACAAAATATTAAAAAATTA"
"GL873521","7224398","7224414","chr1","153358526","153358539","3","146134128","AAAAAAGAAAGTAAAAA","AAAAAAAAAAAAAA"
"GL873521","7224442","7224704","chr16","23925003","23925279","73","16700561","GTGTGATGGCTCATGCCCATAATCCTAGTACTTTGGGAAGCTTAGGCAGGAAGATTGCTGGAGGTCAGGAGTTCAAGACCCACCTGAGCAAGAATGAGACCCCCGTATCTACAAAAAATAGAAACATTAGCTGGGTGTGTTGGTGTATGTCTGCAGTACCAACTACTAGAGAGTTTGAGGCAGGAGGATCGTGTAAGCCCAGGAATTTGAGGTTGCAGTGAGCCACCACTGCACTCTACCCTGGGAGGCAGATCAAGACTGTG","GGCTGAGCGCGGTAGCTCATGCCTATAATCCCAGCACTTTGGGAGGCTGAGGCAGGTGGATTACTTGAGCTCAGGAGTTCGAGACCAACCTGGGCAACACGGTGAAACCCCTTCTCTACAAAAAACACAAGAATTAGCAGGGCATGGTGGTGTGCACCCGAAGTCCCAGCTACTCAAGAGGCTGAGGTGGGAGGATGGCATAAGCCCAGGAAGTGGAGGTTGCAGTGAGCCAAGATCATGCCACTGCACTCCAGCCTGGGTGACAGCAAGACTGTCT"
"GL873521","7244822","7245115","chr16","74165797","74166100","72","66920975","GGCCGGGCTCAGTGGCTCTATAATCCTGGCACTCTGGGAGGTCAAGGTGGGTGGATTGCTTGAGCGCAGGAGTTTGAGACCAGCCTGAGCAAGAGTGAAACCCCGTCTCTAAAAATAGCCAGGTGCTGTGGTGAGCCCCTATAGTCCCAGCTACTCAGGAGGCTGAGGCCAGAGAATCGCTTAAGCCCAGAAGTTGGAGGTTGCTGTGAGCCGTGATACCATAATTCTTTAACAAGGGTGACAGAGTGAGACTCTGTCTCAAAAAAACAAACATACAAACAAAAAAAAAAAAAA","GGCTGGGCACAGTGGCTCATGCTTATAATTCCAGCACTTTGGGAGGCCAAGGTGGGTGGATCACTTGAGCCCAGGAGTTCGAGACCAGCCTGGGCAACATGGTGAAACTCTGTCTCTACAAAAAATTAGCTGGGTGTGGTGGCTCGTGCCTGCAGTCCCAGCTACTCAGGAGGCTGAGGTGAGAGGATCAATGGAGCCCAGGAGGTGGAAGTTGCAGTGAGCCAGATCACACCACTGTACTCTCCAGCCTGGGTGACAGAGCAAGACCCTGTCTCAAAAACAAACAAACAAACAAACAAACAAA"
"GL873521","7391188","7391475","chr8","106723939","106724236","70","99332751","GGCATGGTGGCTCACACCTATAATCCTAGCACTCTGGGAGGACAAGGTGGGAGGATCCCTTGCACTCAGAAGTTCAAGACCAGCCTGAGAGAGAATAGGACCCCATCTCTACTAAAAATAGAAAAATTACCTGGGCATTGTGGTTGGTGCCTGTAGTCCCAGCTTCTTGGGAGGGTGAGGCAGGGGCATCACGTGAGCCCAGGAATTTGAGGTTACAGTTAGCTGTTTTGTCACAGCCATCTACCCAGGGCAACAGAGTGAGACTCTATCTCAAAAAGAAAAAAAGAG","GGTGCTGTGGCTCAAGCCTATAGTCCCAGCACTTTGGGAGGACAAGGTGGGAGGATCACTTGAGCCCAGCAGTTCAAGACCAGCCTGAGCAACATGATAAGACCCCATCTCTACAAAAAATTAGAAAAATTAGCCAGGCATGGTGATGTATGCCTGTGGTCCTAGCTACTTGGGAGGCTGAGGCAGGAGGATCCCTTGAGCCCAGGAGGTCAAGGTTGCAGTGAGCCATGGTTGTACCACTGTACCCCAGCCTGGGTTACACAGTGAGATCCTATCTCAAAAAAAAAAAAAAAAAAAA"
"GL873521","7391570","7391585","chr17","38661961","38661976","2","31270391","GAAAAAAAAAAGAGAA","GAAAAGAAAAAAGAAA"
"GL873521","7411261","7411442","chr4","57296207","57296386","41","49884946","AGAAAGAAAGAAAAAAAATTAGTCAAGAATGGTGGCATGCACCTATATTCCCAGCTACTCAAGAGACTGAAGCAGGAGGATTACTTGAGCTCAGGAGTTGGGGGCTGCAGTAAGCTTTGACTATACTAATGCACTCCAGCCTGGGTGACAGAGCGAGACCCTGTTTCAAAAAAGAAAAAAAA","AAAAAAGAAAAATTAGCCAGGCATGGTGGCATGTGCCTGCAGTCCCAGCTACTCAGGAGACTGAGGTGGGAGGATTGCTTGAGCCAGGGAGATTGGGGCTGCAGTGAGCTGTGATATCATGCCACTGTACTCCAGCCTAGGCCGCAGAGTGAGACCCTGTCTCAAAACAAAAACAAAAAA"
"GL873521","7411723","7411845","chr16","11721596","11721721","28","4309873","GGCTGGGTGCAGTGATCCTAGCCTTTTGGGAGGCTGAGGCAGGAGGACTGATTGAGGCCATGAATTTGAGACCAGCCTGAGCAAGAGTGAGACCTTGTCTCTGCAAAAAATAGGAAAATTAGT","GGCTGGATGCGGTGGCTCATGCCTTTTGGGGAGGCTAAGGCAGGAGGATTGCTGGAGCCCAGGAATTAAAGACCAGCCTGGGCAACATAGTGAGACCTCGTCTCTACAAAATTAAAAATTAAGTTT"
"GL873521","7473204","7473396","chrX","14950093","14950281","51","7476889","CAAAAAAAAAACCTTAGCCAGGTATGGCAGCACAGATTTGTCATCCCAACTACTCAAGAAGCTAAGGTGAGAAGATCACCTGAGCACAGGAGTCTGAGGTTATAGTGAGCTGTGACTGGGCCATTCACTACATTCCAGCCTATGCTATAGAGTAAGACCCTGTCAAAAGAAAAAAAAAGAGAGAGAGAGAAAA","TCAATAAATAAAAATTAGCCAGGCATGGTAGCACATGCCTGTCGTCCCAGTTACTCAGGAGGCTGAGGTGGGAGGCTCACCTGAGCCCAGGCATTGAAGGCTGCAGTGAGCTATGATCACAACACTGCATTCCAGCCTGGGTGACAGAGCAAGACCCTGCCTCAAAATAAAATAAAGAAAGAAAGAAAA"
"GL873521","7473423","7473542","chr14","57739259","57739375","24","50265836","CTGGGCACAGTGTTCATGCCTGTAATTTGAGCACTTTGGGAGGCCAAGGCTAGAGGATCACTTGAGGCCAGGAGTTTGAAACCAGCCTCAGTAACACAGAGAACCCTCATCTCTATTTAA","CTGGGTACATTGGCTCAAGCCAGTAATCCCAGCACTTTGGGAGGCCAAAGCAGGAGGATCACTTGAGGCCAGGAGTTTGAGACCAGCCTGGGTAACATGAGACCCTGTTTCTACAAA"
"GL873521","7573100","7573248","chr5","35112160","35112317","42","27539060","AGCCAGATGTGGTCTATAGTCCACAGCTACTTAGAGGCTGAGGCAAAGGGATCACTTGAGCCCGAGAGTTCAGGGCTGTGGTGCACAATGATCATGTCTGTGAATAGCCACTGCACTTCAGCCTAGGCAACATAGCAAGACCCTATCTC","AGCCTGGTGTAGTGGCACATGCCTATAGTGTCAGCTACTGGAGAGGTTGAGGCAGCAGGATTGCTTGAGTCCAGCAGTTCAAGGCTGTAGTGCACGATGATGGTGCCTGTGAATAGATACTGTGCTTTAGCATGGGCAACACAGCAAGACTCTGTCTG"
"GL873521","7601934","7602029","chr5","155700261","155700353","20","148098327","GGCTGAGCCCAGAGGCTCATGCCTGTAATTCTAGCACTCTGGGAGGCTGAGGCAGGTGGAGTGCTTGAGCTCAGGAGTTAAAAAAATCCAGTTTGA","GGCCGGGCACAGTGGCTCATGCCTATAATCCCAGCACTTTGGGAAGCTGAGGCAGGAGGATTGCTTAAGCCCAGGAGTTCAAGACCAGTCTTG"
"GL873521","7602314","7602531","chr2A","29137649","29137868","57","21535335","GACCAGTGTGAGCAAGGGCAAGACTCTGTCTCTACTAAAAATAGAGAAACTAGCTGAGCATTGTGGTGGGTGCCTAAAGTCTCAGCTGCTCAGGAGGATAAGGCAGGAAGATCTCCTGAGCCCAGGAGTTTGAGGTTGATGTGAGCTATGATGATATCGCATTCTAACCAGGTAACAGAGTGAGGCTTTGTCTCAAAAAAAAAAAAAAAAAAGAAAAA","CAGCCTGGTCAACATAGGGAAACTCTGTCTCTACAAAAAGTTAAAAAATTAGCTGAGCATGGTGGCACATGCCTGTAGTCTCAGCTACTCAGGAGGCTGAGGCAGGAGGGTCACTTGAGCCTGGGAGGCTGAGGCTGCAGTGAGCTGTGATCATGCTATTGCACTCCAGCCTGGGAGACAGAGTGAGATCCTGTCTCCAAAAATAAAAAATAAAAATAAA"
"GL873521","7608283","7608358","chr9","32411376","32411450","22","24803093","AGGCTGAGGAGGAAAGATTACTTGAGCCCCAAAATCTAGCCTTGGTGACATAGTGAAACTCTGTCTAAAAAAAATA","AGGTGGGAAGAGTACTTGAGGCCAGGAATTCAAATCTAGCCTGGGCAACATAGTGAAACCCTGCCTTAAAAAAAA"
"GL873521","7633232","7633420","chr7","4237351","4237553","52","3395881","GTGGTGGCTCATGCCTGTAATCGTAACACTCTGGGAGGCTGAGGTGGGTAGATTGCTTCAGCTTAGGAGTTCGGGACCAACCAAAGCAAGAATGAGACCCCCTCTCTACTAAAAACAGAAAGACTAGCCAGGCATTGTAGCAGGTCCTGTAGTCGCTACTCAGGAGGCTGAAGCAGGAGGATCACTTAA","GGTCAGGCATGGTGGCTCATGCCTGTAATCCCAGCACTTTGGGAGGCCGAGGTGGGCAGATTGCTTGAACTCAGGAGTTGAAGACTAGCCTGGGCAACACGGCAAAACCCCATCTCTACTAAAACTACAAAAACTAACTGGGCATGGTGGCACGCGCCTGTAGTCCCAGCTACTGGGGAGGCTGAGGTAGGAGGATCACTTGA"
"GL873521","7636438","7636492","chr5","38545852","38545906","11","30909414","ATTCAAGCCTGGGTGACAGAGTGAGACACTATCTAAGAACAATAAATAAATAAAA","ATTCCAGCCTGAGTGACAGAGTGAAACCCTGTCTCAAAACAAAAACAAAAACAAA"
"GL873521","7696982","7697091","chr9","129918441","129918551","24","122221459","TAATCCTAGCACTCTGGGAGGCCAAGGTAAGTGGATTGCTTGAGCTCAGGAGTTCAAGAGCAGCCTGAGCAAGAACAAGACCCCAACTCTATTAAAAATAGAAAAAAGCA","TAATTCCAGCACTTTGGGAGACTGAGGCAGGAGGATTGCTTGAGCTCAGGAGTTCGAGACCAGCCTGGGCAACATATTGAGTCCTCATCTCTATTAAAAATTAAAAAAATA"
"GL873521","7697336","7697489","chr7","132712253","132712405","44","125014917","GTAGAAAAAAGGCCAGCTGGGCATAGTGGTACATGCTTGTAGTCCCAGCTACTTGGAGACTAAGGTAAGAGGACTGCTTAAGTCCAAGAGCTTAAGGTTGCTGTGAGCTATGACACCACAGGGTGATAAGAGTGAGACTGTCTCCAAAAAAAAA","GAATTAAATAAAAATTAGCAGGGCATGGTGGCATGTGCCTGTAGTGCCAGCTACTTGGGAGGCTGACGCCAGAGGATTACTTGAGCCCAGGAGTTGGAGGTTACAGTGATCATGCCACTGCATGACAGAGTGAGACCCTGTCTCAAAAAAAAA"
"GL873521","7750582","7750651","chr7","149337669","149337736","11","141587087","GCTGGGTAAGAGTGGCTCATACCTATAATCCCAGCACTTTTGGGAGGCTGAAACAGGAGGATCACTTGAG","GCTGGGCACAGTGGCTCACACCTGTAATCCCAGCACTTTGGGATGCTGAGGCAGGAGGATCATTGGAG"
"GL873521","7784733","7784858","chr3","160952502","160952627","25","153167769","GGCCGGGCATTGATGGCTTCTACCTGTAATCCCAGCACTTTTGGAGGCTGAGGTGGGAGGTTTCATTGAGATCAGGAGTTTGAGACCAACTTGGGCAACAGTGAGACCCTGCCTTAAAAAAAAAAA","GGCCAGGCATGGTGGCTCACACCTGTAATCCCAGCACTTTGGGAAGCTAAGGTGGGAGGATCGCTTGAGCACAGAAATTTGAGACCAGCTTGGGCAACATAGAGATCCTGTCTCTATTAAAAAAAA"
"GL873521","7784884","7785052","chr16","1604263","1604439","38","6180621","AATTAGGCAGGCATGGTGGCACTTGTCCCAGCTACTTGGAAGGCTGAAGGAGGAGGATCACTTGAGCCCAGGAGTTAGAGGTTGCTGTGAGCTTTGATGCCACTGTACTCTAACCTGGGCAACAGAGTGAGATGTGCCTCAAAAACAAACAAACAAACAAAACCAAAAA","AATTAGCCAGGCATGGTGATTGGCACCTGTGGTCCCAGCTACTTGGGAGGCTGAGGCAGGAGGATGAATTGACCCCAGGAGTTTGAGGCTGCAGTGAGCTATGATGGCACCACTGCACTCTAGCCTGGGCGACAGGATGAGATCTGTAAAAAAATAAATAAAAATGAAAATAAAAAA"
"GL873521","7870707","7870997","chrX","70230306","70230599","61","62359599","GCTGGGCACAGCAGCTCACACCTGAAATCCCAGTACCCTGGAAGGGTGAGGATGGAGGATCACTTGTGGTCAGGAGTTCAAAAACAGCCTAAGCAAGAGTGAATCGCCATCTCTATTAAAAATAGAGAAATTAGCCAGGTGTGGTGGCATTTGCCTGTAGTCCCAGCCACTTGGGAGGCTGAGGCAGGAGGATCATTAGAACCCAGAAGGTGGAGGTTGCAATGAGCAGTAATGACACCACTGCACTCCAGCCTGGGTGACAGAGCAAGTCTCTGTTTCAAAAAAAAAAAA","GGCCAGGTACAGTGGCTCACACCTGTAATCCCAGCACACTGGGAGGCAGAGGCGGGCAGATCATTTGAGCTCAGGAGTTCAAGAGCAGCCTGGGCAACATGGTGAAATCCCATCTCTACAAAAAATAGAAAAATTAGCCGAGTGTGGTGGCACTCCTCTGTAGTCCCAGCTACTTGGAAGACTGAGATGGGAGGATCATTTGAGCCCAGGAGGCGGAGGTTGCAGTGAGCTGAGATTGCACCACTGCCCTCCAGCCTGGGCAACAGAGCAGGACCCTATCTCAAAAAAAAAAAA"
"GL873521","8041789","8041920","chr12","80555695","80555826","29","72513906","GTGGTGGCTCATGCGGATTATCCCAGTACTTTGGGGAGGTTGAGGCAGGAGGATTGCTTGAGCCCAGGAATTTGAGACCAGCCTGAGCAACATAGTAAGACTCTATACAAAAAAATAGAAAAATTAGCCTGG","GTGGCTCATGCCTGTAATCCCAACACTTTGGGAGGCTGAAGCAGAAGGATTGCTTGAACCAGGAGTTTGAGACCAGCCTGGGCAACATAGTGAGACTATCTCCACAAAAATAAATAAAAAATTAGCTGGGCA"
"GL873521","8042182","8042375","chr4","7236991","7237179","49","805191","GGTAAAAAAGAAAAAGAAAAATTAGCCAGGAGCACTAGCTTACGGCTTGTAGTCCTAGCTACTCAGGAGGCTGAGGTAGGGGAATTGCTGGAGTCCAGGAGTTTGAAGCCACAGAGAGCAAAGACCACACCACTGTACTCCAGCCTAGGCAATAGAACAAGACCCTGTCTCTGAAAAAAATAAATAAAAATAAA","TAAAAAAAATACTTAAAATTAGCCAGGCGTGGTGGCACACACCTGTGGCCCCAGCTACTCAGGAGGCTGTTGTAGGAGGATCCCTTGAATCCAGGAGGTCAAGGCTGCAGTAAGCCAAGATCACGCCACTGCATTCCAGCCTAGGCAACAGAGCAAGATCCTGTCTCTTAAAAAAAAAAAAAAAAAGAA"
"GL873521","8067082","8067383","chr20","31024244","31024552","81","22957162","GGCCAGGTGTAGAGGCTCACACTTATAAGCCCAGCACCCTGAGAGGCCGAAGTGGGTGAACTGCTTGAGCTCAGGAGTTCAAGAGTAGCCTGAGCAATAGTGAGAGCCGATTTCTACTAAAAACAGAAAACCTAGCCAGGCACTGTGGTGGCGTCTATAGTCCCAGGTACTCGGGAGGCTGAGGCAGGAGGATTGCTCAATCCTAAACTTTGAGGTTGCTGTGGGCAATAATGCCATATCTCTACCCAGGGGAAAAGAATGAGACTCTGTCTAAATAAATAAATAAATAAAATAAAAACAAA","GGCCAGGCACAGTGGCTCACACCTGTAATCCCAGCACTTTGGGAGGCCGAGGTGGTGGACTGCTTGAGCTCAGGAGTTCAAGACCAGTCTGGGCAACATGGCAAAACCTTGTCCCTACAAATAATACAAAAATTAGCCAGGTGCGGTGGCATGTGCCTGTAGTCCCAGCCACTTGGGAGGCTGAAGTGGGAGGATTGCTTGATCCTGGGAGGTAGAGGCTGCAGTGAGCCATAATTGTGCCACTGCACTCCAGCCTGGGCAACAGAGTGAGACCCTATCTCAAAAATAAATAAATAAATATAAAGAAAA"
"GL873521","8204885","8205108","chr10","14099107","14099324","63","5894222","CGAATTCGAAACCAGCCTGAATAAGAGTGAGATCCGTCTCTAATGAAAAGAGAAAAACTAGCAGGTTTTGTGGTGGGTGCCTTTAGTCTCAAGCTACTTGGGAGCCTGAGGCAGGAGGATCACTTAAGCCCAGGAGTTTGAGGTTGCTGTGAGCTATGATAACATTAGGGCATTCTAGCCTGGGAAACCGAGTGAGACTCTGTCTTAGAGAAATAAAAAATAAA","AGACCAGCCTGGGCAACATGACAAGATCCCGTCTCTACAAAAAATACAAAAATTAGCAGCGTGTGGTGGGGTGTGCCTGTAGTCCCAGTTACTTAGGAGGCTGAGGCAGGAAGATCACTTGAGCCCAGGACGGGGAGGTTACAGTGAGCCGTGATCACACCACCACACTCCAGCCTGGGTGACAGAGTGAAACTCTGTCTCTATAACAAACAAACAAA"
"GL873521","8205374","8205463","chr18","31130683","31130770","22","22925309","GCCGGACATGGTGGCTCATGTCCCTCCTGTAACCCTAGCACTCTGGGAGGCTTTGGCCTAAGGATTTGAGCTCAAGAGTTTAAGACCAGG","GGCCAGGCATGGTGGCTCACACCTGTAATCCTAGCACTTTGGGAGGCTAAGACCAGAGGATAATTAAGCTCAGGAGTTCAAGACCAGC"
"GL873521","8530940","8531225","chr4","131255414","131255698","71","122724474","GTCAGGTGTGATGGCTCGTCCTGTAATCCCAACACTCTGGGAGGCTGAGGCTGGTGGTTTGCTTGAGCTCAGGAGTTCTGAGACCATCCTGAGGTAAGAGTGAGACCCCATCTCTACTAAAATTAGAAAAAAAATTACCCAGGTGTAGCGGTGATGCCTGTAGTCCTAGCTACTTGGGAGGCTGAGGCAAGAGGATTGCTCAAGCCTGAGAATTTGAGGTTGCTGTGAGCTATGACTCCATCGCACTCAACCCCAGGGTGACTGAGTGTGATTGTCTGAAAAAGAA","GGCAGGACACGGTGGCTCACACCTGTAATCCCAACACTTTGGGAGGCTGAGGCAGGTGGATCACTTGAGCTCAGGAGTTGAGACCAGCCTGGGCAACATGGTGAAACCCCATCTCTACTAAAAATACAAAAATTAGCCAGGCATGGTTGTGGATGTCTGTGGTCCCAACTACTTGGGGGGCTGAGGCAGCAGGATTGCTTAAGCCTGGTAATTTGAGGCTGCAGTGAGCCATGTTCTTGCCAGTGCTCCAGCCTGGGTGACAAAGCAAGACCCTGTCTCAAAAAA"
"GL873521","9138426","9138710","chr17","16672309","16672598","64","7533883","GGTGGCTCATGTCTGTAATCCGAGCACTCTGGGAGGCTAAAGTGGAAGGATCACTTGAGCTCAGGAGTTTGAGACTAGCCTGAGCAAAAGTGAGAACAATGTCTCTATTAAAAATAGAAAATTAGCCAGGTGTTATGATAGGTGCCTGTAGTCCCAGCTATTCAGGAAGGCCAGGAAGGAGGATCCCTTGAGCTGGGGAGTTTGAGGTTGCTGTGAGCTGTGATGACACCATGGCACTCTACCCATGATGACAGAGTAAGACTGTCTCTAAAGGGAGAAAAAAAA","GTGGCTCACACCTGTAATCTCAGCACTTTGGGAGGCTGAGGCGGGAGGATCACTTGAGCCCAGGAGTTTGAGACCAGCCTGAGCAACATAGTAGGCTCCTGTCTCTACAAAAAAATACAAAAATTAGCTGGTACTGGTGGCATGTGCCTGTAGTCCCAGCTACTCAGGAGGCTAAGGCAGGAGAATCGCTTGAGCCCAGGAGGTTGAGGCTGCTATGAGCTGTGATGGCACCACTGCACTCCAGCCTGGGTGACAGAGTGAGACCTGGTCTCAAAAAGAAAAAAAAAAAA"
"GL873521","9337001","9337128","chr7","153795408","153795531","29","144458407","CTGGGCTCAGTGGCTCATGCTTGCAAGCCCAGCACTCTGGGAGGCCAAGGCAGGTGGATTGCTCGAGTTCAGGAATTTCAGACCAGTCTAAGAAAGAGTGAGAGCCCATCTGTACTAAAAATAGAAAC","CTGGGCACAGTGGCTCACGCCTGTAATCCTAGCACTTTGGGAGTCCAAGGCAGGAGGATGCTTGAGTCCAGGAGTTCAAGACCAGCCTGAGCAATATAGTGAGACCCCCATCTCTACAAAAAAA"
"GL873521","9337149","9337320","chrX","5183862","5184037","43","4153287","TAAAATACTAGCTGGGCATTGCGATGGGTGCCTGTAATTCCAGCTACTCAGGAGGCTGAAGCAAAAGGATCACTTGGGCCCAAGAGTTTGCGGTTGCTGTGAGCTGTGATTACACCACAGCACTCTCCCCAGGCAGAGAGAGACTCTGTCTTTAAAAACAAACAAACAAAAA","ATAAAAATATTAGCTGGGCATGCTGGTACATGCCTGTAGTCCCAGCTACTCAGGAGGCTGAGGCCTGAGGATCACTTGAGCCCAGGAGTTCCAGGTTGCAGTGAGCCGTGATTGCACCATTGCACTCCAGCCTGGGCCACAGGGCTAGACCCTGCTCAAAAGAAAACAAAAAAGAA"
"GL873521","9671716","9671832","chr6","38551166","38551279","31","28879450","GGCTAGGCAGGGAGGCTCAAAACTAAAATTTTAGCACTCTGAGAGCCCAAGGTGGGAGAATTGCTTGACCTCGGGTGTTTGAGACCAGTCTGAGCAAGAGTAACATCACATCTCTAC","GGCTAGGCGTAGGGGCTCAAACCTGTAATTCCAGCACTTTGGGAGGTCAAGGTGGGAGGATTACCTGAGGCCAGGAGTTTGAGACCAGCCTGAGCAACAGTGAGACTTTGTCTC"
"GL873521","9671895","9672063","chrX","24568892","24569057","39","14896997","TAATTAGCCAGGCATAGAGGTGGTATACACCTGTAGTCCCAGCTACTCTGGAGGCTAAGTCAGAAGGACTGGTTGAACCCAGGAGTCTGAGGTTGCTGTGACTAGGCTGATGCCACAGAACTCTAGCCTGATCAACAGAGTGAGACTCTGCCTCAAAATAAAAAAGGAA","AAATTAGCTAGGCATGGTGGCATGCAACTATAGTCCCAACTACTCAGGAGGCTGAGGCCGGAGGATGGTTTGAGCCCAGGAGGTGGAGGTTGCAGTGAGCCAAGATCACACCACTGCACTCCAGCCTGGGCAACAGAGTGAGACCCTGTCTCAAAAAAAAAAAAAA"
"GL873521","9699009","9699116","chr16","57943722","57943822","32","48244713","TCTGAGACACTCGGGAGGCTGAGCCTAGGAGTTTGAGGTGACAGTAAGCTAAGTTGATGTCACTGCATTCCATCCTAGGCAACAAAGCAAGATCTTATCTCTAAAAGA","GGAGGATTGCATGAGCCCAGGAGGTTGAGGCTGCAGTGAGCCAAGATCGTGCCACTGCACGTCAGCCTGGGCAACAAAGCAAGACTCTATCTCAAAAAAAA"
"GL873521","9699330","9699522","chr6","3030697","3030873","65","6668633","GGCTGCATGTGGTGGCTCGTGACTGTAATTTCACCACTTCAAAAGGCTGAGGCAGAGGAGTCACCTGGGGCCCAGAAAGTCACCCTTAAAGTCCAGCCTGAGTAACACAGTGAGACCCAAGATCCCAACTCCACAAAAGAAAAAAGAAGGGAAAGGAAAGAAAAGAAGAGTGGTGTGTGGTGACCTCCTAGAC","GGCCAGGCATGGTGGCTCTCCCCTGTAATCCCAGCACTTTGGGAGGCCAAGGCAGAAGGATCGCTTGAGCCCAGGAGTTTTAAGACCAGCCTGAGCAACACAGAGAGACCAGATCCCACTTCCACAAAAAAAAAAAAAAAATATTTGCCAGGCGTGATGGTGCATGCCTGTAGTCCC"
"GL873521","9879625","9879892","chr2A","20521665","20521953","79","10642040","GGGTGGGCACTGTGGCTCAGGCCTCCTAGCACTCTGGGAGGCCGAGCTGGGTGGATGACTTGAGCTCATGAGTTTGAGACCAGACTGAGCAAGAGCAAGCCCCATTTTTAAAAATAGCCAAGTGTCATGGTGGGCATCTATAGTCCCAGCCAGTTGGCAGGCTGAGGAAGAAGGCTTACTTGAGCTCAAGAGGTAGCTGTGAGCTGTGATGCCATGGCACTCTACCCAGGACAACAAAGTAAGACTGTCTCCAAAAAAAAGAAAAAAA","GGCTGGGCACAGTGGCTCACGCCTGTAATCCCAGCACTGTGGGGAGGTCAAGTTGGGTGGATTGCTTGAGCCCAGGAGTTTGAGACCAGCCTAAGCAATAGGCAAAACCCTGTCTCTACAAAAATCAGCCAGGTATGGTAGTGCGTACCTGTAGTCCCAGCTACTCAGGAGGCTGAGGTGGGAGGATCACTTGAGCCTGGGAGGTGAAGGCTGAAATTAGCCATGATCATGCCACTGCACCCCAAGCCTGGGCAACAGAGCAAGACCTTGTCTCAAAAAAAAAAAAAAA"
"GL873521","10097455","10097754","chr11","114714719","114715027","67","104617264","GGCCTGGGTGTGGTGGCTCACACCTTAATCCTAGCACTCTGGGACGATGAGGCAGGTTTGCTTGACCTCAGGAGTTTGAGAGCAGCCTGAACAAGAGTGAAACTCTGTCTCTACTAAAAACAGAAAAACTAGCCTAGTGTAGTGGTGCACCCCTGTAGTCCCAGCTGCTCAGGAGGCTGAGGCAAGAGGATCACTTGAGCCCAAGAGATTGAGGTTACTGTGAGCTGTGAGGCTGTGTTACTCTACCCAGGGCAAGAGAGTGAAGCCATCTCAAAAAAAAAAAAAAAAAAAAAAAAAAAA","GGCCAGGTGTGGTGGCTCACACCTGTAATCCCAGCACTTTGGGAGGCTGAGACAGGTGGATTGCTTGAGCCTAGGAGTTCGAGACCAGCCTGGCAACATGGCGAAACCTTGTCTCTACAAAAAATACAAAAATTAGCCAAGTGTGGTGGTGCACACCTGTGGTCCAAGCTACTCGAGAGACTGAGGTGGGAGGATTGCTTGAGCCCAGGAGGTTGAGGCTGGGGTGAGTTGAGATCATGCCACTGCATTCCAGCCTGGGCAACAGAGGAAGACCCTGTCTCAAAAAAAAAAAAAAAAAAAAAAAAAAAA"
"GL873521","10225742","10225927","chr15","49930173","49930354","59","39704431","TGGCTTACACCTGTAATCCTAGCACTTTGGGAGGCCACAGCAGATGGCTGCTTGAGCTCAGGAGTTCAAGCCTAGCCTAAGCAAGCCAGAACCATTGCCACTAAAAACAAAAAAAATAGCTGGAGTTGTGGGCACCTGTAGTTAGTTCCAGCTACTTAGGAGGCTGAGGAAAAAGGATGGCTTGAT","GCCTGTAATCCCAGCACTTTGCGAGGCCGAGGCCAGGCAGATCACTTGAGCCCAGCAGTTCAAGACCAGCCTGGGCAACATGGCAAAACTCCTTCTCAACAAAATACATAAAAATTAGCTGGGTGTGGTGGCATGTACTTTCAGTCCCAGCTACTCAGGAGGCTGAAGCAGGAGGATCATTT"
"GL873521","10226192","10226278","chr4","154285033","154285123","27","144058841","GAGGATGGCTTGAGCCCAAGAGTTTGAGGTTGCTATGAACTATGATGTCATGGCACTCTATCCCTGGCCACAGAATCAGACTCTGTC","GGAGGATCACTTGAGCCCAGGTGGTTGAGGCTGCAGTGAGCTGTGTTTATACCACCACACTCCAGCCTGGGCCGCAGAGTGAGACTTTGTC"
"GL873521","10399308","10399475","chr9","96945917","96946089","50","86546609","GGCCAGGTATGGTAGCTCACACCTGTAATCCTTGTACTCTGGGAGGCTTAGGAGCAAAGATCACCTAAGTGTAGGCATCTGAGACCAGTTTGAGCAAGTGAAACCCCATATTTACTAAAATTAGAAAAATTAGCTAAATGTTGTGGCAGGAACCTATCGTCCTAGCTA","GCCGGGTACAGTGGCTCACACCTGTAATCCCAGTACTTTGGAAGGCCAAGGCCAGAGGATTACTTAAGGCCAAGAGTTTGAGACCAGTCTGGGCAACATGGTGAAACCCCATCTGTACAAAAAATACAAAAATTAGCTGGGCATGAGGGCATTTGCCTGTGGTCCTAGCTACT"
"GL873521","10449464","10449583","chrX","134402652","134402771","17","123953188","GGCCAGAGGTGGTAGTTCATGCCTATAATCCCAGCAATTTGGGAGGCTGAGGGGGGAGGATAGCTTGAGGCCAGGAGTTTGACCCCTGCCTAGGCAACATAGTGAGACCCTATCTCTACT","GGCCAGATGTAGTGGCTCATGCCTGTAATCCCAGCACTTTGGGAGGCTGAGGTGGGAGGATCACTTGAGCCCAGGAGTTTGAGACCAGCCTGGGCAACATAGCAAGACCCTGTCTCTACT"
"GL873521","10449618","10449745","chr1","23164480","23164594","46","12714862","CCAACCATAATCGAGCACCTACAGTTCTAGCTACTCCGCAATCTCAGGCAGGGGAAGATTGCTTGAGTCTAGGAGTTCAGGGTAAGCTACTGCCCTTCAGCCTGGGAAACAGAGGAAGACCTTGTCTC","GGCCAGGCACAGTGGTGCCTACCTACAATCCCAGCACTTTGGAAGGCTGAGGCAGGAGGATCGTTTGAGGCCAGGAGTTCAAGATCAGCCTGGGTAACATATCAAGACCTGTCTC"
"GL873521","10796827","10797050","chr7","39187608","39187844","67","28390781","ACTCTGGGAGGCCAAGACAGGTGGATTGCTTAAGCTCAGGAGTTGGAGACCAGCCTAAGCAAGAGTGAGACCTCGTCTCTAAAAATATCTGGGCATTGGTTGGGCACCTGTAGTCCCAGCTACTCAGGAGGCTGAGGCAATAGGATTGCTTGAGCCTAAGGATTCCTGTGAGCTATGATCCCACAGCACTTTACCAAAGGTGACAAAGTGAGACTCTATCTCAA","CACTTTGGGAAGCCAAGGCAGGAGGATTGCTTGAGTGAAGGAGTTCAAGACCAACCTGGGCAAGATTGGGAGAAAAAAATTAAAAATTAGCTGGGCATGGTGGTGCATGCCTGTAGTCTCAGCCACTGGGAAGGCTGAGGCAGGAGGATCGCTTGAGCCTGAGAGATTGAGGCTGCAGTGAGCCTTGATTGTGCCACTGCACTCCAGCTTGGGCAACAGAGTGAGACCCTGTCTCAA"
"GL873521","10797081","10797110","chr4","40399247","40399277","7","29602166","CTGGGTGCAGTGGCTCATAGTTGTAATCCT","GGCTGGGTGCAGTGGCTCACATCTATAATCC"
"GL873521","11204849","11204966","chr7","73480490","73480609","28","62275641","GGCCAGGCATAGTGGCCTCCAAAAATCTTAGGACTTTGGGAGGTAGAGGTAGGAGAACTACTTGAGCCAAGGAATTCAATACTAGCCTGACCACAATAATGAGACCCTACCTCTACCA","GGCCAGGCACAGTGGCTCATGCCTATAATCTCAGTGCTTTGGGAAACTGAGGCAGGAGGATCACTTGAGCCCAGGAGTTCAAGACCAGCCTGGACAGCATAATGAGACTCCACCTCTACA"
"GL873521","11205003","11205140","chrX","7019379","7019524","37","4185624","TAGCCAGGCATGGTGGCACATACCCAAGTCCCAGTTACAGAAGAAGCTGAGGGAAGGGTATCAGGCCCAGAAGTTCAAGGTTGCCATGAGAGATGATCACACCACTGCAGTTCAGCCTGGGCAGCAGAGAGACCCTAT","TAGCCAGGCATGGTGGCACATGCCTGTAGTCCCAGCTACTCAGAAGGCTGAGGTCGGAGGATCTCTTGAGCCCTGGGGTGCAAGGCTGCAGTGAACCATGATCACACCAGTGCACTGCAGCCTGGGCAACACAGCAAAACCCTGTC"
"GL873521","11332611","11332889","chr9","110082691","110082973","78","98750080","GACGGGGAGCCATGGCTTGAGACTGTAATCCTAGTACTCTAGGAGGCCAAGGTGAGTGGATTACTTAAGCTCAGGAGTTAAAGTCCAGGCTGAGCAAGAGTGAGACCCTGTCTCTCCCCCAGATAGGAAAACTAGCCGGACATTGTAGTAGGCACCTGTAGTCCCAGCTTCTGAGGAGGCTGAGGCAAGAGGATTGCCTGAGCCCAACAGTTTGAGGTTGCTGTGAGCTAAAATGCCATGGAACTCTACCCATGGTGATGGAGTAGGATTCTGTCTCAA","GACTGGGCATGGTGGCTCCCAAAGTGTAATCCCAGCACTTTGGGAGGCCAAGGTAGGTGGATTGCTTGAGCCCAGGAGTTTGAGACCAGCCTGGGCAACATGGTAAAACCCTGTCTCTACAAAGAATACAAAAATTAGCTGGGCATGGTTGCATGCACTTGTGGTCCCAGCTACTCAGGAGGCTGAGGTGGGAGGGTCACTTGAGCCCAGGAGATTGAGGCTGCAGTGAGCTGAGATCGTGCCACTGCACTCTAACCTGGGTAATGGAGTGAGACCCTGTCTC"
"GL873521","11332916","11332939","chr22","30701628","30701648","4","19368712","ATAAAACTAAAAAGTAAGAAAAAA","AAAAACTAAAAAGAAAAAGAA"
"GL873521","11407564","11407699","chr17","81073514","81073640","45","69665950","AAAAACTAATGGCTGGGCATAGTATGTGTAGGTAGACTAGGCTACTTAGGAGGTCAAGGCAGAAGAATCACTTGAGCTCATGAATTTGAGGCTAGCATGGGCAATGATACCTCAGGTCTCAATAAAATATAAAAAA","GCCAAGCACAATGGCTCATGCTGGTAATTCTAGTACTTTAGGAGGCCAAGGCAGTAGGATCACTTGAGGCCAGGAGTTTGAGACCAGCGTGGGCCACACAGAGACCCTCCCTGTATAAAAAAAAAAA"
"GL873521","11442747","11442764","chr1","62222108","62222122","3","50779361","CCCATAAAATAAAATAAA","ATAAAATAAAATAAA"
"GL873521","11442802","11443056","chr17","73117863","73118118","82","61675061","GGCTGGGCGTGGTGTTTCATGCATGTAATCCTAATACTTTCAGAGGCTGAGGTGGATGCACTGCCTGAGCTCAGGATTTTAAAGCCAGCCTGAGGAAGAGCAAGACCCCATCTCTAAAAAATAGCTGGGCATTGTGGTGGGTGCTTGTAGTCCCCATTGTGGTGGGTGCTTGTAGGTAGCTCACGAGTTTGAGGATGCTGTGAGCTATGATGCACCACACTTCTTTCTACCCAGGGAGACAAAGCAAGACTCTGT","GGCCGGGCGTGGTGACTCATGCCTGTAATCCCAGCACTTTGGGAGGCCGAGGCGGGTGGATCACCTGAGCTCAGGAGTTCAAGATCACCTTGGGCAATGTAGTGAGACCTCACCTCTACAAAAATGAGCCAGGCATGGTAGTGCATGCTTGTAGTCCTGACTGAGGCAGGAGGATGATGAGCCCAGGAGGCAGAGGCTACAGTGAGCCATGATCGCTCCATCGCACTCTAGCCTGGGTGATGTGACACCCTGTCTC"
"GL873521","11751009","11751243","chr8","26546785","26547018","61","14795776","CAAGACCAGCCTGAGCAAAGCTAAACCCTGTCTCTACTAAAAATAAAAGGATTAGCTAGGTATGGTGGCATATGCCTGTAGTCCCAACTGCTCAGGAGTCTCAGGCAAGAGGATTGCTTGAGCCCATGAGTTAGAGGTTGCTGTGAGCTTTGATGTCATGGCACTCTATCCAGGGCAACTGAGTGAGACTGTCTCAAAATAAATAAATAAATAAATAAGAAAGAAAGAAAGAAAA","CAAAATCAGCCTGGGTCACATGGTAAAACCCCATCTCTACAAAAAATACAAAAATTAGCCAGGTATGGTGGCTTACACCTGTACTTCCCAGCTACTTGGGGGGCTGAGGCGGGAGGATCGCTTGAGCCCAGGAGGTAGAGGTTGCAGTGAGCTGAGATCGCACCACTGCACTCCAGCCTGGGTGACGGAGTGAAACCCTGTCTTAAAAAAAAAAAAAAAAAAAAAAAAAAAGAA"
"GL873521","12019379","12019705","chr16","68023292","68023602","103","56003913","GCTCACACCGATAATCCTAGCTCTGGGAGGCTGAGGGGGCAGGATCTCTTGAGCTCAGGAGTTTGAGACCAGACAGAGCAAGAGTGAGACCTTGTCTGTACTAAAAATTAACCAGGTGTGGTGGAAGGTGCCATCGTCTCAGCTACTCTGGAGGCTGAGGCAGGAGGATCCCTTGAACCCAGGAGGTTGAGGTTGCTGTGAGCCAGGCTAATGCCAAGATCTGGGGCATCAGAGTAAAACTGAGGTTGCTGTGAGCCAGGCTGATTCTAGCCTGGGCAACAGAGTAAGACTCTGTCTCAAAAACAAACAAACAAAAAACAAAAAAAA","CGGTGGCTCACACCTGTAATCCCAGCACTTTGGGAGGCTGAGGTGGGAGGATCACTTGAGCTCAGAAGTTTGAGATCAGCCTGGGCAACATGGCAAAACCTATCTCTAGAAAAAATACAAAAACTAGCCAGAGTGGCACGTGCCTGTTGTCCTAGCTACCCAGGAGGCTGAGGTAGGAGGATCACTTGAACCTGGGGGCAGAGATTGCAGTGAGCCATGATTGTGCCACTGCACTCCAGTCTGGGCAACTCCAGCCTGGGCAACAGAATGAGACTCTGTCTCAAAAATAAAAAAGAAAAGAAAAGGAAAAA"
"GL873521","12059316","12059592","chr5","143468399","143468692","69","131409083","GGCTAGGTGCAGTGGCTCATGCCTGTAATCCCAGCACTCTGGGAGGCTCAGGCAGGTGGATTACTTGAGCTCAGGAGTTGGAGACTAGCCTGAGAAAGAGTGAAACCCATCTCTACTAAAAATAGAAAAACTAACCAGGTGTGTGGTGGTCCCCTATAGTCCCAAATACTGGGGAGACAAGAGAATTGTTTGAGCCCAAGAGACTGAGGTTAGCTGTGATGACTCCATAGCACTCTACCCAAAGTGACAGAGTGAGATTCTGTCTCAAAAAAGGAAA","GGCCAGGCACAGTGGCTCATGCCTGTAATTCTAGCACTTTGGGAGGTCAAGGCAGGCAGATCACTTGAGCTCAGGAGTTCGAGACCGGCCTGGGCAACAGGGTGAAACCCCATCTCTACAAAAAAATACAAAAACTAGCCAGGTGTGGTGAAGTGTGCCTGCAGTCCCAGCTACTCAGGAGGCTGAGGCAGGAGAATTGCTTGAGCCTGGAGGCTGAGGTTGCAGTAAGTCAAGATCATGCCATTGCACTCCAGCCTGGGTGACAGGAGTGAAACCCTGTCTCAAAACAAAGAA"
"GL873521","12087639","12087865","chr4","25649068","25649301","60","13561429","GGCTGGGCTAGGTATACCATGCCTGTAATCCTAGCATCCTTAGAGGCAGAAGCAGGATTCCTTTAGCTCAGGAGATTAAGACCAGCCTGAGCAAGGGTGACACCCCATTTCCATCAAAAATAGAAAAACTAGCTGGGCATAGTGGTGGGCATCTGTAGTCCTAGCTACTCGGGAGGCTGAGGCAAGAGGATCCTTGGAGCCCAGGAGTTTGGGGTTGCTATAAGCCG","GGCCGGGCATGGTAGCTCACGCCTGTAATACCAGCACTTTGGGAGGCTGAGGCGGGCTGATCACTTGAGTCCAGGAGATAGAGACCAGCCTGGGCAACATGGCAAAATCCCATCTCTATAAAAAAAACACAAAAATTAGCTGGGCATGGTGGTGTGCACCTATAGTCCCAGCTACTTGGGAGGCTGAGGCAGGAGAATCTCCTGAGCCCAGGAGGTGGAGGCTGCAGTGAGTCG"
"GL873521","12170072","12170342","chr3","111501569","111501837","73","99331497","GCCAGATGCAGTAGCTTACAGCTATAATCCCAGTACTTTGGAAGGTCAAGGCAAGAGGATTGGTTGAGACCAGGAGTTGAAGACCAGACTGGACAATGTAGTAAAACCCTATCCCTACAAAAAATAGAAAAAATTAGCTGGGTGTCATAGCTCTTGCTTATAGTCCCAGCTACCTGAGAGGCTGAGGGAAGAGGATCACTTGAACCCCTGAGATTGATACCATGGTACTCCACCTTGGGTGACAAAGTGAGACCCTTTCTCAAAAACAAAA","GGCTGGGTGTGATGGCTCACATCTATAATCCCAGCACTTTGGGAGGCCAAGGCAGGTGGACTGTCTGAGACCAGGAGTTTGAGACCAGCCTGGGCAACATGGTGAAACCCTGTCTTGACAAAAAAAATAAAAAATTAGCTGGGAGTGGTGGTGTGCACCTGTAGTCCCAGCTATGCGGGAGGCTGAGATGGGAGGATCGCTTGAGCCCGGCAGGCAGAGGTTCACTCCAGCCTGGGCGACAGAGTGAGACCCTGTCTTAAAAACGAAAA"
"GL873521","12688417","12688615","chr16","83498862","83499063","66","70810445","AAATCAGCCTGAGCAAAAGCAAGATCCAGTCTCTACAAAAAACTAGAAAAATTAGCCAGGCATGGTGATACACTCAGGAGAATGAAACAAGAGGATCACTTGAGCCCCGGGGTTTGATGTTGCACAGTGAGCTATGGCGATGCTGCTGCTCGGATAACAACGCGAGATGAGACCCCGTCTCAAAAACAAACAACAAAAA","ACTAGCCTGGGCAACACAGCAAAACCCCATCGCTACAAAAAATACAAATATTAGCCAGGTGTGATGGTGCATGCCTAGGGAGGCTGAGGTGGGAGGATCACTTGAGTCCAGGGAGGCTGAGGCTGCAGTGAGCTGAGATTATGCCACTGCACTCCAGCCTGAGTGACAGAGTGAGAACCTGTCTCAAGAAAATTAAAAAAAA"
"GL873521","12689719","12689822","chr7","26479088","26479188","21","13789369","GCTGAGTACAGTAGCTCACTTCTTTCATCTCAGCACTATGAGAGGCTGAGTCAGGAGGATCACTTGAGGCCAGGATTTTGAGACAAGCCTGGGGAACATAGTGA","GCTGGGTGCTGTGGCTCACATGTATAATCACAGCACTTTGGGAGGCTGAGGCAGGAGGATCACCTGAGGCCAGGATTTCAAGACCAGCCTGGGCGAAATGG"
"GL873521","12747705","12747831","chrX","118392849","118392966","30","105645144","GCCAAGCATGGTAGCACAAGCTTTGTAGGCCCAATTACTTGGGAGGCTAAGATGGGAGGATCACTTGAGCCCAGGAGTTTGAGGCCAGCCTGAGAAACACTCCAAGACCCTCTTTATTTAAAATATA","GCCAAGCATGGTGGCTCATGCCTGTAATCCCAGTACTTTGGGAGGCTGAGATGGGAGGATAGCTTGAGCCCAGGAGTTTGAGACCAGCCTGGTAACACAGTGAGACCTCATCTCTACA"
"GL873521","12758304","12758462","chr7","65488595","65488751","43","52730291","ACTTAGCTGAATATAGTAGCACAAGCCTGTATTTCCAGCTACTCAGGAGGCTGAGGCAGGAGGATCACTTGGGCTTACAAGTTGGAGGTTGTGGTAAGCTATGATGATGCCACTGCCCTCTGCCCCAGGCAAATGTGATGCCTTGTCTCAACAACAAAA","TTAACTGGGTATAATGACACATGCCTGTAGTCCCAGCTACTAGAAAGGCTGAGGTAGGAGGATTGCTTGAGCCTGAGAGGTTGAGGATGCAGTGAACCATGATCAGGCCACTGCACTCAGCCTAGGCAACACAGTGAGACCCTGTCTCAAGAAAAAA"
"GL873521","12758495","12758600","chr16","15961202","15961315","30","3202707","GTGGCTGGTGCATATAATCCTACCACTTTGGAAGGAGGAGGGAGAATCATTGAAACCAGGAGTTCAAGAACAGCCCAGGCAGGCTATAGTGAAATCTCATCTCTAC","GTGGCTGGGCATGCCTGTAATCCTAGCACTTTGAGAGGCTGCAGCGGAAGGATCGCTTGAGCCCAGGAGTTCAAGAACAGCCTAGGCAACATAGCAAGATCCCTGTCTCTACAA"
"GL873521","12822938","12822952","chr1","210017045","210017059","2","197194107","TAAAACAAAAGAAAA","TAATAAAAAAGAAAA"
"GL873521","12822989","12823283","chr7","75828649","75828941","71","63005660","GGCCAGGCAAGGTGGCTAACTGCTGTAATCTTAGCACTCTAGGAGGCTGAGGCAAGAGAATTCCTTGAGGTCAGGAGTCAGAGACCAGCCTGAGCAAAAATGACACTCCACCTCTATGAAAAATAGAAAACAAAAATTAGCCAGGTGTGATGGCCCATTTCTGTAGTCCCAGCTACTGGGGAGGCTGAGGCAGGAGGATAGCTTGAGCCCAGGAGCTTGAGGTTGCGGTAGCTAGGCAGATGGCTCAGCACTCTTTCTAGCCTGGGCAACAGAGCAACATTCTATCTCAAAAAAT","GGCTAGGCATGGTGGCTCATGCATGTAATCCCAGCACTTTGGGAGGCTGAGGCGGACGGATCACTTGAGGTCAGGAGTTCGAGACCAGCCTGGTCAACATGGTGAAACCCCATCTCTACTAAAAATATAAAAATTAGCCAGGTGTGGTGGCGCATGCCTGTAGTCCCAGCTACTTGGGAGACTGAGGTGGGAGGATCCCTTGAGCCTGGGAGGTTGAGGCTGCAGTGAGCTGTGATGGCACCACTGCACTCCAGCCTGGGCAATAGAGCAAGACCCTGTCTCATAGGAAAAAA"
"GL873521","13041237","13041319","chr5","49472177","49472254","12","36430940","GGCCAGTCATGGTGGCTCATGCCTATAATCCTAGCACTCTGGGAGGCTGAAGCAGGAGGATCACTTGAGCTCAGGAGTTTGAG","GGCCTGGCATGGTGGCTCATGCCTGTAATCCAGCATTTTGGGAGGCTGAGGCAGGAAGATCACTTGAGCTCAGGATTT"
"GL873521","13102109","13102207","chr16","30194624","30194720","25","17092515","TGAGCCCAGGAGTTTGAGGTTGTTGTGAGCTGAGCAGACCACACAGCATTCTAGCTTGGGCAACAGAGTGACATTGTGCTTCAAAAAAAGAAAAAAAAA","TGAGCCCAGGAGTTTGAGACTACAGTGAGCTATGATTACACCACTCCTCTCCAGCATGGGCAACAGAGTGAGACACTATCTCAAAAAAAAAAAAAAA"
"GL873521","13102475","13102686","chr2B","236887995","236888203","46","223785520","GGCCAAGTGTGGTGGCTCATGCTTGTAATCCTAGCACTCTGGGTGGCTGAGGCAGGGGGATCACTTGAGCTCAGGAGTTCAAGACCAGCTTGAGCAAGAGTGAGAACCCATTTCTACTCAAAATAGAAAAAAATTAGACAGGCACTGTGGTGAGTGCCTGTAGTATGAGCTACTTTGGAGGCTGAGATAGGAAGATCACTTGAGCCCAGGAG","GGCTAGGCGCAGTGGCTGAAGCCTGTAATCCTAGCACTTTGGGAGGCCGAGGTGGGCGATCACTTTGGCTCAGGAGTTCGAGACCAGCCTGGGCAATATGGCAAAACCCCATCTCTACACAAAATACAAAAATTACTCAGATGTGGTGGTGAGTGCCTGTAGTCCCAGCTACTTTGGACGCTGAGGTGGGAAGATCACCTGAGCCCAGG"
"GL873521","13327200","13327291","chr3","43397692","43397785","20","30070492","CTATCACTTTAGGAGGTGAGGTGGGAGGATCACTTGAGGCAAGGAGTTCAAGAGCAACCTAGGCAACATAGGAACCCCTCTGTCTCTCCAAA","CCCAGCACTTTGGGAGGCTGAGGTGGGCAGATCTCTCGAGCCCAGGAGTTCAAGACCAGCCTGGGCAACATGGTGAAACCCCGTCTCTACCAAA"
"GL873521","13327700","13327732","chr1","70851001","70851033","8","57523301","GCTGGATATGGAGTCTCACACCTGTAATTCTAT","GCTGGGCATGGTGGCTCATCCCTGTAATTCCCT"
"GL873521","13722076","13722356","chr17","55905881","55906166","74","42183805","GTCTGGCGTGGTGGCTCAAGCCTATAATCCTAGTACTCTGGGAGTCCAAAGTGGGTGGATTGCTTGAGCTCAGTAGTCTGAGACCAGCCTGAGTAAGACCCAGACATCGTATCTACTAAAAATAGAATAAACTACCTGGGCATTGTAGCGGGTGCCTACAGTCCCAGCTACGTGGGAGGTTGAGGCAAGAGGATCACCTGAACCTAGAGAATGAGGTTGCTGTGAGCTATGATGAGGTCAAGGCACTCTACCCAGAGTAACAGAGTGAAATTCTATCTCAA","GGTCAGGCATGGTGGCTCAGGCCTGTAATCCCAGCACTTTGGGAGGCCAAGGTGGGCAGATTGCTTGAGCCCAGGAGTTTGAGATCAGCTTGGGCAACATAGTGAAAACTCATCTCTACAAAAAATTAAAAAAATTAGCTGGGCATTGTGGCACGTAACTGCAGTCCCAGCTACTTGAGAGGCTGAGGTGAGAGGATCACCTGAGGCCGGGAAGTCGAGGCTGCAGTGAGCTGTGATTGGGCCACTGCACTCCATCCTGGGCGACAGAATAAGACCCTGTCTCAAA"
"GL873521","13722635","13722652","chr6","90847853","90847870","1","77125218","AAAAAAAAAAAAAAAAAA","CAAAAAAAAAAAAAAAAA"
"GL873521","13789517","13789832","chr12","121838917","121839229","75","108049400","GCTGGGTGTGGTGGCTCATATCTGTAATGATAGCACTCTGGGAGGTCAAAGCAGGGAGATTACTTGAGCTCAGGAGTTAGAGAGCATCCTGAGAAAGAGTGAGATCCCTATCTATACTAAAAACAGAAAAACTAGCCAGTTGTAGTGGCAGGCACCTGTAGTCCCAGCTACTTTGGGAGTCTGAGACAAGAGGATCTCATAAGCCCAAGAGTTTGAGGTTGCTGTGAGCTGCGATGCCACAGCACTCTACCTGGGGTGACAGAATGAGACTTTGTCTCAAAAAAATAAAAAATAAAATAAAATAAAATTTAAAAAA","GGCTGGGTGTGGTGGCTCATGCCTGTAATCCCAGCACTTTGGGAGGCCAAGTCAGGAGGATTATTTGAGCCTGGGAGTTTGAGACCAGCCTGTGCAACATGGTGAGACCTCATCTCTACAAAACATAAAAAATTAGCCAGGCATGGTGGCATGTGCCTGTAGTCCCAGCTACTTGGGAGGCTGAGGCAGGAGGATCAGTCGAGCCCAGAAGATTGAGGCTACAGTGAACTGTGTTCATGCCACTGCACTCCAGCCTGGGTGACAGAGTGAGACCTTGTCTCCAAAAAAATCAAATAAATAAAAAAATAAAAAA"
"GL873521","13902129","13902272","chr17","73619699","73619842","30","59717570","GGCCAGGCATAGTGGCTCGCACCTATAATCCAGTACTATGGGAGACCAAGGCTGGAGGATCAATTGAAGCCAAGAGTTAAAGACCAACCTGGGCAACATAGAAACACTTCACCTATATAAAAAAAAAAAAAAAGAAAGAAAAAA","GGCCAGGTATGGTGGCTCACACCTGTAATTTCAGCACTTTAGGAGGCTGAGGCAGGAAGATCACTTGAGGCCAGGAGTTCAAGACCAGCCTGGGCAACATGGCAAGGCTTCATTTCCACAAAAAAAAAAAAAAAAAAAAAAAAA"
"GL873521","13902315","13902339","chr7","66627085","66627108","7","52724770","AAAAATTAACCCAGCATGGTGGCGC","AAAAAATTAGCCAGGCATGGTGAC"
"GL873521","13902374","13902499","chr7","68063538","68063660","30","54161164","AGTCCCAGCTACCATAGAGGTTGAGCCAGGAGGATCACTGAAGCCCAGAGCCCAGAAGTTTGAGGTTGCAGTAAGCTATGATCATGCCACTGTACTCTAGTCTAGGTGACAGAAGGAGACCCTGTC","GTAGTCCCAGCTACAAGGGAGGCTGAGGCAGGAGGATGGCTTGAGCCTGGGAAGTTGAGGCTGCAGTAAGCTATGATCATGCCACTGCACTCCAGCCTGGGTGACAGAGTGAGATTCTGCCTC"
"GL873521","14127800","14127881","chr3","123515043","123515137","26","109387243","GGCTAGATATGGTGGCTCATGCCTATCTGGAAAGCTGAGGCAGGAGGATTGCAAGAGGCCAGAAGTTTAATACCAGGCTAAG","GGCCAGGTATGGTGGCTCATGCCTATACTCCCAGCCTTTTGGGAGGCTGAGACAGGAGGACTGCTTGAGGCCAGGAGTTTAAGACCAGCCTGACT"
"GL873521","14128162","14128352","chr4","26023510","26023691","57","11895348","GGGCTGAGAATGAGATCCCATCTTTACAAAAAATTACCCAGGTATAGTGGCATCATCCTAGCTACTTGGGAGGCTGGGGCAGGAGGATTTCTTGGGCCCAGGAGTGTGAGGCTACGCTGAGCTATGATACCACTGCACTTTAGCCTGGATGATACAGCAAGATTTTACCTCAAAAAAAAAAAAAAAAAAAA","GGGTGGGAAAAAATTATCTGGAAATGGTGGCATATGCCAGTGGTCCTAGCTACTTGGGAGACTGAGGCTGGAGGATCACCTGAGCCCAGGAGTTAGAGGCTGCGGTGAATCGTGATCATGCCACTGCACTCTAGGCTGGGCAATAGAGCAAGACCCTATCTCGAAAAAAAAACAACAAAAAA"
"GL873521","14184019","14184216","chr17","61651681","61651883","50","47467662","GGCTGGGCATGGTGGCTCATGCCTGTAACCCTAGCACTCTGTGAGGCCAAGGCAAGTGGATCACCTGAGCTCAGGAGTTTGAGAACAGCCTGAGCAAGAGTGAGACTCCATCTCTAAAAATAGTTGGGCATTTGTGGTGAATGCCTATAGTCTCAGCTACTCAGCTACTTAGGAGGCTGAGGCAAGAGGATTGCTTGA","GGCTGGGTGCAGTGGCTCACGCCTGTAATCCTGGCACCTTGGGAGGCCAAGGTGGGAGGATCACTTGAGCCCAGGAGTTTGAGATCAGCCTGAACAACGTGGTGAAACTCCATCTCTACAAAAAATACAAAAATTAGCTGGGCTTAATGGCATATGCCTGTGGTCCCAGCTACTGAGGAGGCTGAGGTGGGAGGATTGATTGA"
"GL873521","14185943","14186062","chr8","25834967","25835086","23","11649024","GGCAGGGTGCAGTGGCTCACACCTATAATCCCAGCACTCTGGGAAGCTGAGGTGGGAGGATTGCTTTGAGATCAGGAGTTTGAAACTAGCTTGAGCAAAGCAAGACCCATCTCTACTAAA","GGCCAGGTGCAGTGGCTCATGTCTGTAATCCCAGCACTTTGGGAGGCTGAGGTGGGAGGTTTGCTTGAGCCCAGGAGTTTGAGACCAGCCTGGGCAACATAGCAAGACCCTGTCTCTATA"
"GL873521","14186086","14186221","chr14","74199793","74199926","31","60013707","AATTAGAGAGGTGTGATGCCACACACTGTAGTCTCATCTACTTTGGAGGCTGAGGCACAAGGATTACTTGAGCCCAGGAGCATGAGGTTGCTGTGAGCGAGGCTGAGGCCACAGCACTCTAGCCTGGGCAACAGAG","TTAGCCAGGTATGGTGGTGCACACCTGTAGTCCCAGCTACTTGGGAGACTGAGGCAGGAGGATTGCTTGATCCCAGGAGTTGAGGCTGCTAAGAGCTATGATCATGTCACTGCACTCCAGCCTGGGCAACAGAG"
"GL873521","14534133","14534413","chr5","43470606","43470891","71","28936473","GGTAGCTCATGTCTATAACCCTGACACTCTGGGAGGCTAAGGGAGAAACATCCCTTGAGCTCAGGAGTTCAAGACCAGTCTAAGCCAAAAGGGAGATCCATCTTTACCAAAACAGAAAAATTAGCTGGGCATGGTGATGTGTGCCTGTAGTACCAGCTGCTTGGGAGGCTAAGGAAGGAGGATTGTTTGAGCCTAGGAGTTTAAGGTTGCTAAGAGCTAGACTGAGGCCATGGCACAGTAGCCCAGGCAATAGAATGAAACTCTGTCTCAAAAAAAAAAAA","GTGGCTCTTGCCTATAATCCCAGCACTTTGGGAGGCTGAGGAGGGCAGATTGCTTGAGCCCAGGAGTTCAAGACCAGCCTGGGCAACATGGGAAAACCTCGTCTCTACAAAAAACACAAAAATTAGCTGGGCATGGTGGCATGTACCTGTAGTCCTAGCTACTTGGGAGGCTGAGGCAGGAGGACTGCTTGAGCCTCTGGAGGCGGAGGTTGCAGTGAGCTGAGACCGCGCCACTGCACTCCAGCCTGGGTGATAGAACAAGACCCTGTCTCAAAAAAAAAAAAAA"
"GL873521","14534507","14534523","chrX","153619065","153619080","3","139084558","CCCAAAATAAAATAAAA","ACATAATAAAATAAAA"
"GL873521","14646173","14646307","chr1","9156973","9157091","40","5489200","GGATGTAGTAGCTCACACCTGTAATCCCAGCATCATGGGAGGATCACTTGAGGCCAGGAGTTTGAGACTGGCTTGGGCAATATGGTGAGGCCCCATTCTTACAAAATAGGAAAAGAATTAATTGGATATGGTGGC","GGCTGGGTGAGGTGGCCTCACGCCTGTAATCCCAGCACTTTGGGAGGCCAAGGCAGGAGTTTGAGACCAGCCTGGGCAATACAGTGAGACCCCATCTCCAAAAAAAAAATTAGTGGGGC"
"GL873521","14703100","14703421","chr17","68155983","68156305","73","53452883","GGCTGGGCACAGTGGCTCATACCTGTAATCCTAGCACTTTGGGAGGCCAGGAAGGGAAGATAGCTTGAGGCCAGGAGTTTGAGACCAGGATGAGCGAGGTAGCGAGACCCCCCATCTCTATCAAAAATTAAAAAAAAAAAAAAATTAGCTGGGTATAGTGGTGAGGGCCTATCATCCTAGCTACTTAGGAGTAAGACAGGAGGATCACTTGAGCCTAGGAGGTAAGGTTGCAGTGAACTATGATGATGACCCTGCACTCTTGCCTTAGCAAGATGGTGAGACCCTGTCTCAAAACAAACAAACAAACAAACAAACATAAAAA","GGCTGGGCACCGTGGCTGACATCTGTAATCCCAGCACTTTGGGAGGCCAAGGCGGGTGGATCACTTGAGCCCAGGAGCTCGAGACCAGCCTGACCAACATGGCAAAACCCCATCTCTACCAAAAAAAAAAAAAAAATACAAAAAGTTAGCTGGGCATGGTGGAGAGGGCCTGTAGTCCCAACTACTCAGGAGGCTGAGGTGAGAGGATCACCTGAGCCACAGGAGGTCGAGGCTGCAGTGAGCCATGATCACACCATTGCACTCCAGCCTGAGAGAAAGTGAGACCCTGTCTCAAAAAAACAAACAAACAAAAACAGCAAAAA"
"GL873521","14778613","14778888","chr15","42746072","42746354","63","27967459","GGCCCAGCACAGTGGCTCACACCTATAATCCTCGCATTCTAGGAGACTGAGGTGGGAGGATCACTTGAGCTCAGGAATTTGAGATCAGCTTGAGCAATAAGGTGACCCCATCTCTACTAAAAATAGACTAATTAGCCAGGCATTGTGGTGGGCACCTGTGGTCCCAGCTAGTTGAGAGGCTCATGTTGGATTCCTTGAACCCAGGAATTTGAGGCTGCTGTGAGCTGGGCTGATGCCACAGTATTCTAGCCTGGGCAACAGAGTATGACTCTGTCT","GGCCAGGTACAGTGGCTCACACCTGTAATCCCAGCACTTTGGGAGGCCAAGGCAGGAGGATCACTTGAGCCTAGGAATTCAAGACCAGTCAGGGCAATATGGTGAAACTCCATCTCTACAAAAAATACAAAAATCAGCCAGGTGTGGTGGTGTGCGCCTGTGGTCCCAGCTACTTGGGAGGCTGAGATGGAAGGATCACTTGAGCCCAGGAAATGGAGGCTGCAGTGAGCTAAGGCTGTGCCACTGCACTCCAGCCTGGGCAACAGAGTGAGACCCTGTCTCA"
"GL873521","14884261","14884393","chr13","24405237","24405373","27","9520976","GGCTAGGTGTGGTGGCTCATGCCCATAATTCCAGCATTCTGGGAGGCCAATGTGGGAGGATCCCTGGAGGTCAGGAGTTTGAGACCACCCTGAGCAAAGCGAGACCCCATCTTCACTAAAAATAGAAAAATTA","GGCTGGGCATGGAGGCTCATGCCTATAATCCCAGCACTTTGGGAGGCTGAGGTGGGAGGATCGCTTGAGTTCATGAGTTCAAGACCAGCCTGAGCAACACAGTGAGACCTCATCTCTACTAAAAATCAAAAAAATTA"
"GL873521","14884660","14884815","chr1","141772547","141772702","39","126887887","TTAGTTGAATGTGGTGGTGTACACCTGTAGTCCCAGCTACTTGAAAGGCTGAAGAAAGAGGATTGCTTGAGCCCAAGTGCTTGAGGTTGTAGTGAGCTAGGCTGACGCTATGACACTCTGACCCAGGTGATAGAAGAAGACCCTGTCTCAAAAAAA","TTAGCTGGGCATGGTGGCGTGCACCTGTGGTCCCAGCTATTTGAAAGGCTGAGTTGGGAGGATCACTTGAGCCCAGATGGTTGAGGCTGCAGTGAGCCATGATGGCACCACTGCACTTTAGCCTTGGTGACAGAGCAAGGCCCTGTCTGAAAAAAA"
"GL873521","15677856","15678124","chr7","99887814","99888086","73","84209958","TGGCTCATGCCTGTCAACAAAGTACTTTGGTAGATTGAGAAAGGAGGATCTCGTGGACTCAGGAGTTTGAGACCAGCCTGGACGACATGGTAAAAAAACATCTTTAAAAAATTAGCCTAGCATAGTGGTGCACATTGATAATTTCAGCTATTTCGCAGGCTGAAGTGGGAGAACCACTTGTGTTTGGAAGCTCGAGGCTGCAGTGAGCTATGATCTCACACTACACTCCAGCCTGGGTAATATGGTGAGGTCCTGCCTCAAAAACAAAA","GGCTTACACCTGTAATCCCAGTGCTTTGGGAGGCTGAGGCAGGCAGATCACTTGAGCCCTGGAGTTCAAGACCAGCCTGGGCAACATGGTGAAACCCCATCTCTACAAAAAATTAGCCAGGCATGGTGGCTTGCACCTGTAGTCCCAGCTACTCAGGAGGCTGAGGTAGGAGGATTTCATGAGCCTGGAAGGTTGAGGCTGCAGTGAGCTATGATCACACCACTGCACTCCAGTCTGGGTGATAAAGTGAGACCCTGTCTCAAAAAAAAAAAA"
"GL873521","15875728","15875811","chr8","5975319","5975398","26","9900409","CAGTGAGCCGTGGTCTCCCTGTGCATTCCAATGTGAGTGACAGAGAGACCTCCCTCACACTCCCAAAAAAGAAAAAACAAGAAA","GCAGTGAGCCTTGATCGTGCTATTGCACTCTAGCCTTGGTGACAGAGAGAGACCCTATCTCAAAAAAAAAAAAAAAAAAA"
"GL873521","16170363","16170540","chr3","50079465","50079644","47","33909102","AAAAAAAAAAAAAATTACCCAGGTAAGGTGGTAAGGACCTGCAGTCCTAGCTATCTGGGATACGAGGTAGGAGGAGCACTTTGGCCCAGGAATTCCAGGCTATGGTGAACTATGATTACAACTGCACTCTAGCCTGGGCAAAAGAGTAAGAGACTGTCACAAAACACAACAAAACAAA","ACAAAAAGAAAAAACAATTAGCAAGGCCTGGTGGTACACACTTGTAGTCCCAGCTATTTGGGAGGCTGAGGTGGGAGGATCACTTGAGCCCAGGAGTTCAAGGTTACAGTGAGCTATGATCATGCCACTGCACACTAGCCTGGGCATCAGAGAGAGTTCCTGTCTCTAAGAAAAAAAAAA"
"GL873521","16172240","16172374","chr1","29329421","29329551","29","13157181","GGCTGCATGCAGTGCCTCATGTTTGTAATCCCAGCACTTTGGGAGCCAGTGGAGGAGAGGATCACTTGAAGCCAGGAATTTAAGACGGACCTAGCCAACATAATGAGAACTCCTCTATACAAAAAATAATAAAAT","GGCTGGATGCACTGGCTCCTGTCTGTAATCCCAGCACTTTGGGAGGCTGAAACAGGAGGATCCCTTGAAGCCAGGAGTTTAAGATCAGCCTGAGCAACAGAGTGAAACCCTGTCTCTACAAAAAAAAAAAA"
"GL873521","16260421","16260667","chr2A","25887935","25888182","71","9627514","GGATACAGTGGCTCACACCTGTAATCTTAGCAAACACCCTGGGGTGCTAAGGCAGGAGGATCACTTGAGCTCAGGAGATCAAGACCAGCCTGAGGAAGAGTGAAACCCCATTTCTACCACACATAGAAAAATTAGCCAGGTGTCTCTCTCTAGTCCCAGCTACTTGGGAGGCTGAGACAGGAGAATTGCTTAAGCCAGGGAGTTTCAGGTTGCTGTGGCTCAGACCATGGCACTCTAGACTGAGCAA","GGCTGGGCACAGTGGCTCACACCTGTAATCCCAGCACTTTGGGAGGGTGAGGCAGGAGGATCACTTGAGCTCAGGAGTTCGCAACCAGCCTGGGCAATATGGTGAAACCGCATCTCTACAAAAAATACAAAAATTAACCGGGTGTGGTTGTGCATGCCTGTAGTCCCAGCTACTTGGCAGGCTGAGGTGGGAGGATTGCTTGAGCTCAGGAGGTCAAGGCTGCAGTGAGCCATGATTACTCCACTGCA"
"GL873521","16747501","16747629","chr7","102198592","102198722","33","85451091","GCCGGGTATGGTGGCTCACACCTGTAATCCCACCACGTGGGAGGCCAAGGCAAGCAGATTGCCTGAGCTCACAGGTTCAAGACCAGCCTGAGCCAGAGTGAGACTTTGTCTTGGAAAATACCCGGGTGT","GGCTGGGTGTGGTGGCTCACACCTGTAATCCCACCACTGTGGGAGGCTAAGGCAGGCAAATCGCTTGAGCCCAGGAGTTCGAGACCAGCCTAGGCAACGTGGTGAAACTGTCTTTAGAAAATATTAGCCAA"
"GL873521","16747905","16748071","chr1","26355033","26355200","42","9607128","AACTAGGTAGGTGTTGCAGCAGGCGCCTGTAAATCCCAGCTACTTGGGCCAAGGCAAGAGAATCAATCACTTATGCCCAGGAGTTTGAGGTTGCTGTAAGCTATGACGCCCTGGCACTCTACCAAGGGTAACAAAGTCAGATCCTGCCTCAAAAAAAAAAAAAAAAA","AACTAGCTGGGTGTGGCGGCGTGTGCCTGTAGTCCCAGCTACTTGGGAGGCTGAGGCAGGAGGATCACTTGAGCCCAGGAGTTCAAGGCTGCAGTGAGCTAAGATCATACCACTGCACTCCAGCCTGGGTAATAGAGTGAGATCCTGTCTCAAAAAAAAAAAAAAAAA"
"GL873521","16826358","16826516","chrX","96886204","96886345","57","80059846","GGCGCCCTGCCACAAGCTGTAGTCTCCCCTATTTGGGAGGGTGAGGTCGGAGGATCATGTGAGCTCGGCAGTTCAAAGTCACCGGGCACTACAACCTCACCTGGACCAGTCAGGACTGCACGCCAGCCTCCCCAGCGCAGTGAGACTCTGTTTCTAAAA","GGTGCACATCTGTAGTCTCAGTTATTTGGGAAGCTGAGGAGGGAGGATCACTTGAGCCTGGGAGGTCAAGGCGCCAGTGAGCTGTGATTGCACCACTGCACTCCAGCCTGTGCTACAGAGTGAGACTCTGTCTCAAAAAAAA"
"GL873521","16850386","16850705","chr1","224543342","224543654","83","207692956","GCCAGCTGTGGTGGCTCACACCTATAGTCCTCACACTCTGGGAGGCTGAGGAAGGCAGATTCCCTGGAGCTCAGGAGATTGAGACCAGGCTGAGCAAGAACTGAGACTCTGTCTCTACCCCAAACAGAAAAACTTCACTAGGTGTTGCGGTGGGCACCTATAGCCTGAGCTACTTGAGAGGCAGAGGCAGGATGATCACTTGAACTCAGGAGTTTGAGGTTGCTATAGCTGTGCTGATGCCATAGTACTTTAGCCTGGGCAACAGAATGAGACTCTGTCTCAAAATAAATAAATAAATTAATAAATAAAAGAGAAAGAAA","GCCAGGCAGGGTGGCTCACGCCTGTAATCCCAACACTTTGGGAGGCTGAGGCAGGCAGCTTGCTTGAACTCAGGAGTTTGAGACCAGTCTAGGCAACATGGTGAAACCCCATCTCTACAAAAAATACAAAAATTAGCCAGGCGAAGTGGCGTGCCTATAGTCTTAGCTACTTGGGAGGCTGAGGCAGGAGAACTGCTTGAACTGGGGAGGTCGAGGCTGCATGAGCCGAGATCGTGCCACTGCACTCCAGCCTGGATGACAGAGCGAGACCCTGTCTCAAAATAAATAAATGAATAAATAATAAAATAAATAA"
"GL873521","16987716","16987746","chr4","157175852","157175881","5","140188136","GAAGAAAGAAGAAAGAAGAAAGAAGAAAGAA","GAAGAAGAAGAAGAAGAAGAAGAAGAAGAA"
"GL873521","16988099","16988370","chr11","32048157","32048430","73","15060058","GGCCCAGTTCAGTGTCTCACACCTGTAATCCTAGAACTCTGGGAGGTCAAGGAAGGTGGAGTCCTTGAGCTCAGGATTTTCAGATAAGCCTGAGCAAGAGACAGATCCATATCTACTAAACATAGAAAAACTAGCCTGGCATCAGTGTAGTCCCAGCTACTCAGAAGGCTGAGGCAGGAGGATCATTTGAGCCCAAATGTTTGAGTTTGCTGTGAGCTATGATGAATGACACCAGGGCACTCTACCCAGGGCAACAGAGTGAGACTATTTCT","GGCCCACCACAGTGATTCACATCTATAATCCCAGCACTTTGGGAGGCCGAGGTGGGAGAGTAGCTTGAGCCCAGGAGTTTGAGACCAGCCTGAGCAACAGGGCGAGACCCCATCTCTACAAAAAAAATTTAAAAATTAGCCTAGCATGTGCCTGTAGTCCCAGCTACTCAGGAGGCTGAAGCAGGAGGATCACTTGAGCCCAGGAGTTGAAGGCTGCAGTAAGCTATGATCACCCCACTGAGCTCTAGCCAGGGTGACTGAGCAAGACTCTATT"
"GL873521","17153915","17154039","chr7","102370770","102370890","26","85216855","GGCTAGGCACGGTGGTGACTCCTGCTTGTAATCCCAGCACTCTGGGAGGCCTGTGGCAGGTGAATTCCTTGCGCTCAGGAGTTCAAGACTAGCCTGAGTAATAGTGAAACCTCTGTCTCTACTAA","GGCTAGGCACGGTGGCTCATGCCTGTAATCCCAGCACTTTGGGAGACTGAGGTGGGAGAATTGCTTGAAGCTGGGAGTTCAAGACCAGCCTAGGGAACATAGTGAGACCCTGTCTCTTCAA"
"GL873521","17154076","17154241","chr16","21596696","21596868","46","4442620","CTAACCAGACCTGACAGGTGGCTATACTCTCGGCTACTTGGGAGGCTGAGGCAAGAGGATCACTTGATCTCAAGAGTTTGAGGTTGCTATAAGCTATGAGGCCATGACACTCTACCGAGGGCAACAAAGTAAGAGTTTTTCTCAAAAAAAAAACCCAAAACAAAAA","ATTAGTCAGACATGGTGGCATGTGCCTATAGTCCCAGCTACTTGGGAGGCTGAGGCAAGAGAATCATTTGAGCCCAGGAGGTTGAGGCTGCAGTAAGCAGTGATCATGTCACTGCACTCCAGCCTGGGCAACAGAGCAAGACCCTGTCTCAAAAAAAAAAAAAAAAGAAAAAA"
"GL873521","18186068","18186211","chr11","18518855","18518988","40","332787","TAGTCAGGTGCAGTGGTGCATGCCTGCAGTCACAGCTACTCTACTCAGGAGGATGAAGCAGGAGGACCACTGGAGACCAGGAGTTTGAGAATGCTGTAAAATACCATTGAGTCACTGCCTGCCAGCTTCAGTAACAGAATAAGA","TTAGCCAGGTGCAGTGGCGCATGGCTGTAGTCCTGCTTACTCAGGAGGTTGAAGCAGGAGGATCACTTGGGCCCAGGAGTTTGAGGCGGCAGCGAGCCATAATCGTGCCACTGCACTCCAGCTGAGTGACAGAG"
"GL873521","18186242","18186351","chr4","101432127","101432236","31","83245885","CTTGTAATTTCAGCACTTTTGGAAACTGTAGAAGGAAGATTGTTTAAGACCAGGAGTTCCAGAACAATCTGGGCAACACATGTTGACCTTGTACCTACATGAAAAAAAAA","CCTGTAATCCCAGCACTTTGGGAGGCTGAGGCAGGAAGACAGCTTGAGGCCAGGAGTTCCAGACCAGTCTGGGCAATATAGCAAGACCCTCATCTCTTTAAAAAATAAAA"
"GL873521","18231783","18232086","chr11","120552808","120553110","90","102321025","GGCATGGTGGCTCACACCAGCAATCCCAGCGTTTTGGGAAGCCCAAGGAAGAGAATCACTTGAGACCAGCCAGAGGTACATAGACACGTGGTCTACAAGAAATGACAATTAAAACAAATTGCTGGGCATGGTAGCCTGTGACTATAGTCCTGGCAACTCAAGAGGCTGAGTCAGGGGGTTTTTTGAGCCTATGAAGTCTAAGTTGCAGTAAGCTGTGATCATGCCACTATACCCTAGCCTGGGTGACAGAACAAGATTCTGTCTCTAAAAATAAAATAAAATAAAATAATAAAATGAAATAAAA","GCCAAGCATGGTGGTTCATACCTATAATCCCAGAACTTTGAAAGGCCAAGGCGAGAGGAGTTTGAGACCAGCCTGGGCAACATGATGACATGCCGTCTCTACAAAAAAATAAAATAAACAAAAACTAGCTGGGCCTAGTGGCATGTGTCTGTAGTCCTAGCTACTCAGGAGACTGAGGCAGGAGGATCACTTGAGCCTGGGAGGTCAAGGTTGCAGTGAGCTATGATTGTGTCACTGTACTCCAGCCTGGGTGACATAGCAAGAACTGGTCTCAAAAAAAAAAGAAAGAGAGAAAAAAGAAAA"
"GL873521","18672921","18673268","chr5","164510023","164510360","89","145837102","GGCTGGCCATGGTGGCTGAGGCCTGTCATCCTACCACTCTGAGAGGATGAGGAAGGAGGATTGGATTGCTTCAGCTCAGGAGTTCAAGACCAGCCTGAGCAAGAGCAAGACTCAGTCTCTACCAAAAATAGAAAAATTAGACTAGCCAGATGTAATGGCAGATGCCTCTAGTCCCAGCTAGTGGGGAGGCTAAGGCAGGAGGATCACTGAAACCCAGGAGTTTGAGGTGCCTGTGAGTTAGTTTAATACCATGGCAGTCTAGCTTGGGCAACAAAGTGAGACTCTGTCTCAAAACAAACAAAGAAACAAAGAAACAAACAAACAAAAACCCCAAAAATAAAAAAAAAA","GGCTGGGCACAGTGGCTCATGCCTGTAATCCTAGCACTTTGGGAGGCTGAGGCAGGTGGATCGCTTGAGACTGGGAGTTCAAGACCAGCCTGGGCAATATGGCAAAACCCCGTCCCTACAAAAAATACAAACATTAGCCAAGCATGGTGGCACATGCCTGTAGTCCCAGCTACTTGGGAGGCTGAGGCAGGAGGATCATTTGAGCCCGGGATGTGGAGGTTGCAGTAAGCTGAGATTGCATCATTGCACTCCAGCCTGGGCAACAGAGGGAGACCCTGTATCAAATAAATAAATAAATAAATAAATAAATAAATAAATAAAAGAAATAAAAGTAAAAA"
"GL873521","19315680","19315722","chr1","205503465","205503511","11","186187785","CAGTTACTTGGAAGACTGAGGCAAGAGGATCCCTTGAGCTAGG","CCAGCACTTTGGGAGACTGAGGCAGAAGGATCCCTTGAGGCCAGCGG"
"GL873521","19598410","19598508","chr1","6398492","6398584","25","13199918","TATCACTACACCACTATACTCTAGCCTGGGCAACAGATTGAGAACCTGTATCAAAAACAAACAAACAAACAAACAAAACACAATAAAAAATAAATAAAA","GTGATTGCACCAATGCACTCCAGCCTGGGTGACAGAGCGAGACTGTCTCAAAACAAACAAACAAACAAATAAAACAAAAGAAAAGAAAAGCAA"
"GL873521","19777152","19777359","chr4","72787006","72787205","63","53009854","CCTGAGCAACATAGAGAGATCCCATCTCGACAAAAATATTGAAAAAAAAATAGATAAACTTATCAGCTGGGTTTGGTAGCACACAACTGTATCCCCAGCTACCGGGAAGGCTGAAGCAGGAGGAGCCTGACAGATCAAGGCTGCAGTGAGCAGTGATCACATCACTACACTCCAGCCCAGGTGACAAAGCACAATCCTGTCTCAAAAA","CTAGGCAACATGGAAGAACCCCATCTCTACAAAAATTACAAAAACTAGCTGGGCATGGTGGTGTGCGCCTGTATTCCCAGCCACTGGGGAGGCTGAGGTGGGAGGATTGCTTGAGCCTGGAAGATTAAGGCTGAAGTGAGCAGAGATCACACCGCTGCACTCCAGTCTGGGTGACAGAGCAAAACCCTGTCTCAAAAAAA"
"GL873521","19907026","19907166","chr6","12022857","12022993","42","7884169","AGGAAAAATTACCAGGGCATGGTGATGTGCACTTATAGTCCCAGCTCCTGGGAAGGCTGAGTCAGGAGGCCAGGAGTTTGAGGTTATAGTGAGCTATGATGCCACTGCACTCTCTCTGGGTGACATAGTGACATTCTGCCT","TTAAAATTAGCCAGGCATGGTAGCAGGCACCTGTACTCCCAGCTACGGGAGGGTCGCTTGAGCCCAGGAGATCAGGGCTGCAGTGAGCTATGATTGTACCACTGCACTCCAAACTGGGTGACAGAGTGAGACTCTGT"
"GL873521","19907190","19907299","chr3","21509747","21509855","27","1602557","GTGGTGGCTCAGCCTATAATCCTAGCCTTCTGGAGGCCCAGGCGGGAGGATTGCTTAAGGTCAGGATGTTGAGACGAACCTGAGCATGAGTGAGACCCCATCTCTACAAA","GGTGGCTCATGCCTATAATTCTAGCGCTTTTGGAGGCCAAGGGGGGAGGATTACTTGAGCTCAGGAGTTCCAGATCAGCCTGGACAATTTAGTGAGACCTCATCTATAC"
"GL873521","20453341","20453513","chr19","53340691","53340862","44","32887350","AGACAACTAGCCAGGCATTGTGGTGGGCATCTATAGTCCCAGCTACTTGGGAGGCTGAGGCAAGAGGATCACTTGAACCCAATAGTTTGAGGTTGTCATGAGCTATGATGATGTGGCATTCTACTCAGGGTGACAGCGTGAGAGACTCTGTCTCAAACAAATGAACAAAAAAA","ACAAAAATAGCTGGGTGTGGTGGTGCATACTTGTAGTCCCAGCTACTTGGGAGGCTGAGGCAGGAGGATCACTTCAGCCCAGGAGGTTGAGGCTGCAGTGAGCCATGATCATGCCACTGCACTCCAGCCGAGGGGAGAGAGCAAGACTCTGTCTCAAAACAAACAAACAAAA"
"GL873521","20453540","20453662","chr4","5943586","5943706","26","14509954","CAGGCGTGGTTGCTCATGCCTGTAGTCCTAGCACTTCAGGAGGCTGAGGAGGGTAGATTGCTTGAGGTCAGGAGCTGGAGACCAGCCTGAGCAAGAGCGAGACCTTGTCTCTACTAAAAATAG","GGCCATGGTGGCTCATGCCTGTAATCCTAGCACTTCGGGAGGCTGAGGAGGGAGGATTGCTTGAGGCCTGGAGTTTGAGACCAGCCTGGGCAACATAGTGAGACCACGACTCTATTTAAAA"
"GL873521","20821454","20821743","chr8","121327775","121328067","74","100506321","GCCGGGCCCAGATGGCTCAAGCCTGTAATCCTTGCACTTTGGGAGGCCAATGTAGGAGGATCACTTGCGCCTAGGAGTTCCAGGCCAAGCTGTGCAAGGTGAAACACTGTTCCAAAAAATATATATATATGAAAATTAGCCAGTCCTGTTGGTACACATCTGTCGTTCCAACTACTTGGGGGACTGAAGCAGGAGGATCCATGAGTCCAAGATTTGAGGTTGCAATGAGCTGTATTGGAGCTACTACACTGTAGCCAGGGCGACAGGAGGAAAAACTTGTTTTAAAAAAA","GGCTGGGTGCAGTGGCTCATGCCTGTAATCTTAGCACTTTGGGAGGCCAAGGCAGGTGGATCACTTGAGCTTAGGAGTTCAAGACCAGCCTGGGCAACATGGTGAAACCCTGTCTCTACAAAAAATAAAAAAAAATTAGCCAGGCATGGTGGCATACACCTGTAGTCCCAGCTACTTGTGGGGCTGAGGCAGGAGCATCACTTGAACCCAGGAGCTCAAGGCTGCAGTGAGCTGTGATCTTACCACTGCACTCCAGCCTGGGTGACAGAGTAAGACCTTGTCTCAATAAAAAA"
"GL873521","20825224","20825315","chr22","42881883","42881978","27","22056659","AGAGGATCTCTTGAGCCTAAGAGTTTGAGGTTGCTGTGAGTTCTGATACCACAGCGCTCTACACAGGGCGACAGAGTAAGACCCTTTCTTAA","GGCAGGAGGATCGCTTGAGCCTGGGAGGTCAAGGATGCAGTGAGCTGTGATTGCACCACTGCACTCCACCCTGGGCGACAGAGTGAGACCCTGTTT"
"GL873521","20825595","20825767","chr4","156475909","156476099","57","135650314","GCGGTGGCTCACACCTGTAATCCTAACACTCAGGATCGCCTAAGCTCAGGAGGTGGAGACCAGCCTGAGCAAGAGAAACACCTCAACTCTACCAAAAACAGAAAAAGTAGCCTGGGTGGTGGTAGGCATGTGTAGTCCCAGCTACTCGGGAAGCTGAGGCAAGAGGATCTCTT","GGCCAGGCACAGTGGCTCACACCTATAATCCCAGCACTCTGGGAGACTGAGGCAGGAGGAGCCCAGGAATGTGAGACCAGCCTGGCCAACATGGTGAAACCCAGTCTCTACTAAAAATATAAAAATTAGCCTGGTGTGGTGGTGTGCGCCTGTAGTCCCAGCTACTTGGGAGGCTGAGGTGGGAGGATCAC"
"GL873521","21355913","21356066","chr4","158479533","158479684","48","137123620","ATAAAAATTAACTAGCTATGGTGGCATACACTCTTGTCCTAGCTACTTAGGAGGCTGAGGATCATTTGAGGCCAGGAGTTTAAAGCTATAGTGTACTGTGATGATTACGCCTGTGAATAGCCACTGTACTCCAGCCTGGGCAACATAGCAAGAC","AATTAGCTGGGCATGGTGGTGCATACCTGTAGTCCTAGCTACTCAGGAAGCTGAGGCAGGAGGACAGCTTGAGGCCAGGAGGTCAAGGCTGCAATGAACCATGATTGATTACACCTGTAAATAGTCACTGCATTTCAGCCTGGGCAGCATAG"
"GL873521","21623697","21623773","chrX","53329871","53329945","26","31706174","AAATTTAGGCAGGCAAGTTGGCACATGTTTGTAGTCCAAGTTATGTGAGAGGATTCTTTGAGTCCAGAAGTTAAGGC","AATAGCTTGGGCAGGGTGGTGCATGGCTGTAGTCCTGAGATGGGAGGATCCCTTGAGTCCAGGAGCTTGATGCCG"
"GL873521","21623801","21623894","chr3","42032495","42032583","27","20408694","GTAATCTTAGTACTTTGGGAGGCCAGACAGGAGATTCATTTGAGACTGAGTTTAAGATCAGCCTGGACAACATGGCAATATCCCATGTCAACCA","TAATACCAGTATTTTGGGAGGCTGAGGCAGGCGATCACTTGAGCCCAGTTCAAGACCAGCCTGGGCAATATAGCGAAATCCTGTTTCTA"
"GL873521","21714176","21714337","chr12","96671998","96672172","41","74957822","ACTAGGGGGCATTGTGGCAACTGTCATCCTAGCTGCTCAAGAGGCTGAGGCAAGAGGATCACTTCAGCCCATGAGTTTATGGTTGCTGTGAGCTATGACTCCATGGCACTCTAGCCTGGGCAATAGAATGAGACTCTGTCGCAAAAAAAAAGAAAGAAAGAA","AATTAGCTGAGCATGGTGGCAGGCACCTGTAGTCCCAGCTACTTGGGAGGCTGAGGGAGGAGGGTCACTTGAACCCAGGAGTTTGAGGCTGCAATGAGCTATGACTGCATCAGTGCACTCTAGCCTGGGCAGTAGAGTGAGACCCTGTCTCACAAAAAAAAGAAGGAAAGAGAAA"
"GL873521","21714364","21714489","chr15","78802491","78802611","29","57088127","GGCTGGGTACCCTGGCTAGACACCTGTAATTCTAGCACTCCAGGAGGCTGAAACAGGTGGATTTCTTGAGCTCAGGAGTTCAAGACCAGCCTGTCCAAGACCAAGACCACAATTCTGTCTCTACTT","GGCTGGGTACAGTGGCTCACACCTGTAATCCCAGCACTTTGGGAGGTGGAGGCAGGAGGATCACTTGAACTCAGGAGTTCAAGACCAGCCTGGCCAACATGGCGAAACTCCGTCTCTACAA"
"GL873521","21743555","21743631","chr10","20213332","20213405","25","1530223","TATAGGGTGTGGCGGCAAGTGTGTATAGTACTAGCTACTTAAAGAGGTTGAGATGGGAGGATTGCTTGAGCTAAGGA","CCAGGTGTGATGGTGCATGCCTGTGGTCTCAGCTACTTTGGAGGCTGAGGTGGGAGGATTGTTTGAGTGGAGGT"
"GL873521","21743658","21743767","chr10","43292583","43292692","28","21548925","CAATGGTTTGTGCTTGTAATCCAGCACTTTGGGAAACAAAGGAGAAAGGATTAATTGAGACCAGGAGTTCAAAATCAGCCTGGGCAACATAAAGAGACCCTGTCTCTATG","GCGGTGGTTCAGCCTGTAATCCCCGCACTTTGGGAAGCTAAAGCAGGAAAATCACTTGAGCCCAGGAGTTCAAGACCAGCCTGAGCAACATAGTGATACCCCTGTTTCTA"
"GL873521","21994326","21994402","chr3","183523015","183523100","19","161528689","GGCATTGTGACTCACACCTATAATTCTAGCACTTTGGGAGGCTGAGGTGGGAAGACCACGAGCACAGGTTCAAGACC","GACTGGGGGCAGTGGCTCAAACCTGTAATCCTAGCACTTTGGGAGGCTGAGGTGGGAGGACCACCTGAGCTCAGGAGTTCAAGACC"
"GL873521","22568894","22569013","chr7","21219168","21219276","37","1349726","TACGTTGTGGTGGCTAGTCCCAAACTACTCAGCTACTCAGGAGTTTGAGGTTGCAGTAAGCTGTGAGGTTGCATTGCACGACAGATTGTGCAACAGAGCGAGACCCTATCTCGAAAAAAA","GGCTGAGGTGGGATAATCACTTGAGCCCGGAAAGTTGAGGTTGCAGTGAGCCATGACTCGGCACTGCACTCCAGCCTGGGCAACAGAGCCAGACCCTATCTCAAAAAAA"
"GL873521","22569034","22569129","chr15","57106062","57106161","19","34537028","CAGGCATGGTGGCTCACACCTGTAATCATAGCACTTTGGGAGACCAGGAGTTCAAGACCATGCTGGGCAACATGGCGAGACCTTGTCTCTACCAAA","GGCCAGGCATGGTGGCTCACTCCTATAATCACAGCACTTTGGTAGGCCATGAATTCAAGACCAGCCTGGGCAACATAGTGTAACCCTGTCTCTACGAAAA"
"GL873521","23082461","23082581","chr19","17007875","17007987","43","6074586","AAAATACACAGAGTACCCAGGCATGGTGGTGCATGCCTCCAGTCCCAGCTACAGGTGAGACTAAGACTAAAGGATGCCTTCAGCTCAAGACTTTGAAGCTGGCCTAGGCAACAACAAGACC","ACAATGTAGCTATGGCATGGTGGTGCCTGCCTGTTGTCCCAGCTACTTGGGAGGCTGAGATGGGAGGATTGCATGAGCCCAAGAGTTCAAGGCTGCTGTGAGCTACAATCACG"
"GL873521","23326932","23327034","chr1","153330637","153330743","26","130003705","GACTGGGTATGGTGGCATATGCCTGTAAACCCAGCACTCTGGGAGGCTGTGGCGGGTGGACCAGCCTGAGACCAGCTTGAGAAAGAATAAGACTCTGTCTCTA","GGCTGGGTGTGATGGCTCATGCCTGTAATCCTAGCACTTTGGGAGGCTGAGGCAGGTGGATCACTTGAGCCCAGGAGTTTGGGCAACATGACAGAACCCTGTCTCTA"
"GL873521","23327057","23327213","chr6","85247800","85247964","38","61920743","CCAGACATTGTGACACATGCCTATAGTCCTACTTGGGAGGCTGAGGCAAGAGGATGTCTTGTGCCCAAGAGTTTGAGGTTGCTGTGAGCTATGATACCATAGCACTCTAGTGGGGGGCAAGAAAGTGAGACACTGTCTCAAAAAAAAAAAAAAAAAA","CCAGGCATTGTGGCACATGTGTGTAGTCCCAGCTATTTGGGAGGCTGAGGCAGGAGGATCCTTTGAGCCCAGGAGTTTGAGGCTTCAGTGAGCTGTGATTGGACCACTACACTCTGGCCTGGGCAACAGAGAAAGACCCTGTCTCAAAAAGAAAAAGAAAAAGAA"
"GL873521","23553294","23553452","chr8","101101478","101101641","53","77548184","AAAATAAAGTTAGCTAGACACAGCTTTGGGCACCTGCAGTCCCAGTTACTTGGAGGTTGAGGCAAGAGGATTGTTTGAGCCTAGAGGTTTGAGGATATGGTTTGCTGTAGTTCTACCTGTGAGTAGCCACTGTTCTCCAGCCAGGACACCAGCGCAAGA","AAAAAGACACCAAGTAGCCAGGTGTGGTGCTGCAGGCCTGCAGTCCCAGCTACTTGGGAGGCTGAGGCAGGAGGATTGCTTGAACCCAGGAGTTCAAGACTTCAGTATGCCATAATCGCACCTATGAATAGTCACTGCACTCCAGCCTGGGCGACATAACAAAA"
"GL873521","24165831","24166009","chrX","9218405","9218573","51","14947426","GGCCAGGCACAGCAGCTCACACCCATAATCCTAACACTCTGAGAGACCAAGGTGTATAGATTACCTGAGCTCAGGAGTTGGAGACCACCCTGAGCAAGAGTAAGACCCCCATCTCTACAAAAAAAAAAAAAAAATAGAAAAACTAGCCAGGTGTTGTGGTGGGTACTTACAGTGCCAAC","GGCCAGGCGCAGTGCCTCACACCTGTAATCCCAGCACTTTGGGAGGCCGAGGCGGGTGGATCACTTGAGCTCAGGAGTTTGAGACCAGCCTGAGCAACATGGCAAAACCTCACCTCTACAAAAAAAATACAAAAATTAACCAGGCATGGTGGCAGGCACCTGTAGTCTC"
"GL873521","24270646","24270916","chr8","27224878","27225151","68","2954232","GGCCAGGCACGGTGGCTCACACCTGAATCCTAGCTGGCATTCTGGAAGGCCGAGGTGGGTGGATCACCTGACCTCAGGAGTTCAAGACCATCCTGAGCAAGAGTGAGATGAAACCTCATCTCTAAAAATAGCTAGGCATTGTGGTGGGCACCAGTAGTCCCAGCTACTAGGGAGGCTGAAGCAAGAGGATCACTTGAGTCTAAGAGTTAGACGTTGCTGTGAGCAGTGACGCCACAGCACTCTACCCAGGGCAACAAAGTGAGACTGTCTC","GGCCAGGTGCAGTGGCTCACACCTGTAATCCTAGCCCTTAGGAGGCTGAGGTGGGAGGATCACTTGAGCTCAGGAGTTCAAGACCAGCCTGGGCAATATGGTGAAACCCTGTCTCTACGAAAAATTAGCCGGGCATGGTGGCGCATGCCTGTAGTCCCAGCTACTCAGGAGGCTGAGGTGGGAGGATCATTTGAGCCCAGGAGGCGGAAGTTGCAGTGAGCCAAGATTGCACCACCGTACTCCAGCCTGGGCAACAAGTGAGATCCTGTCTCAA"
"GL873521","24618820","24618994","chr8","68458893","68459071","47","43840073","TCCTAGCACTCTGGGGGGCCGAGGTGGTAGGATCACTTGAACTAGAGTTCAAGACCACCCTGAACAAAAATCACACCCTGTCTGTACTAAAAATAGAAAAATTAGCCAGGCATTATAGTGCATGCCTGTAGTCCCAGCTACCTGGTAGGCTGAGGCAGATCCTCTAGCCCAGGGG","CCCAGCACTTTGGGAGGCTGAGATGGGTGGATCACTTGAGCCCAGGAGTTCAAGACCAGCCTGGGCAACATGACGAAACTCTGTCTTTACAAAAAATACAAAAATGAACCAGGCATGGTGGTGCATGCCTGTAGACCCAGTACTTGGGAGGCTGAGGTGGGAGGATCCCTTGATCCTGA"
"GL873521","24626746","24626855","chr1","205148842","205148953","29","180522096","AAAGAATGACAAAAATTCAGATATGGTGGTATGCACCTATAGTCAGTCACAGCTACTGGGGAGGCTGAGGTGGGAGGCTTTCTTGAGCCCAGGAGGTTGAGTCTAGCAAT","AAAAAGTACAAAGAATTAGCCAGGTGTGGTGGTGCGTGCCTATAGTTCCAGCTACTTGGGAGGCTGAGGTGGGAGGATTGCTTGAGTCCAGGAGTTGGAGGCTGCAGTGAAA"
"GL873521","24781755","24782037","chr5","139301937","139302217","85","114520182","GACCAGGTGTGGTGGCTCACACCTATTAGCCTAGCACTCTTGGCAGCTGAGGCAGGAGGATTCACTCAGAACTTCAAGAGTTAAACCCATGCCTCTACTAAAAATAAGAAAAAAATCAGTCCAGAGTATCATGGTGGGCACTTGCAGTCCCAGCTACTCGCAATGCTGAGGAAGAAGGATAGCTTGAGCCTAGGAGTTTGAGGTTGCTGTAGGCTGGATTTTTGTCATGGCATGCTAGTCTTGGCAACAGAGTGAGACTCTGGGGGAAAAAAAAAAGGAAAAA","GGCTGGGTGCGGTGGCTCACACCTGTAATCCCAGCACTTTGGGAAGCTGAGGCCAGAGGATGGCTTGAGCTCAGGAGTTTGAGTTGAAACCCTGTCTCTACAAAAAATACAAAAATTAGCTGGGTGTGGTGGTGCACACCTGTGGTCCCAGCTACTTGGAAGTGTGGGGTGGGAGGATTGGTTGAGCCCAGGAGGTTGAGGCTGCAGTGAGCCATGATCGTGCCACTGTACTCCCGCCTGGGTGACAGAATGAGACCCTGTCTCAAAAAAAAAAAAAAAAA"
"GL873521","24969692","24969970","chr5","91805199","91805483","78","66835507","GGCTGGATGCAGTGGCTCACACCTATAAACCTAGCACTCTGGAAGGCCACAGTGGGAGAATGGCTCGAGTTCAGGATTTTGAGAGTAGCCTGAGCAAGAGCAAGACCACATCTCTACTAAAAATATAAAAATTAGCAGGAAGTCTTGCTGAATGCATCATCTCAACTGCTCTGGAGGATGAGGCAAGAGGATTGCTTGAACTCAAGAGTTGAGGTTGTGGTGAGCGAGACTGAATCCATAGCACTCTACCCCAGGCAACAGAGCAAGACTTTGTTGAAA","GACTGGGTGCAATGGTTCACATCTGTAATCCCAGCACTTTGGGAGGCCAAGGTGGGAGGATGGCTTGAGCCCAGAAGTTCAAGACCAGCCTGAGCTACATGGCAAAACCCTGTCTCTACAAAAAATGTAAAAATGAGCCAGGCATGGTGGTGCATGCCTATGGTCCCAGCTACTCAGGAGGCTGAGGCAGGAGGATCGCACTAATCTAGGAGATGGAGGCTGCAGTAAGCCGAGATTGAGTCATTGCACTCCAGCCTGGGCGAAAGAGCCAGACTCTGTCTCAAA"
"GL873521","24970004","24970019","chr3","153804291","153804307","1","128834287","AAAACAAAACAAAAAA","CAAAACAAAACAAAAAA"
"GL873521","25391954","25392209","chr7","3491054","3491312","81","21900900","CCTAGTGCAGTGGCTCACACCTGTAATCCTGGAGGCTGAAGCAGATGGATTGCTTTGAGTTCCTGCCTAAATAAAAGTGGGAATCTACTATAGCAAAATTAGCTGGGCGTTATGGTGGGTACTTGTGGTCCCAGCTACTCAGGACGCTGAGGCAGGAGGATTGCTTGAACCAAGGAATTTGAGGTTGTTATGAGCTATGATGATGCCATGGCACTCTACCCAGGCCACAGAGTAAGATTTGGTCTCCAAAAAAAAA","GGCCAGGTGCGGTAGCTCACATCTGCAATCCCAGCACTTTGGGAGGCTGAAGCTAGAGGATCACTTGAGTCTTGTCTCTACAAAAAAAATCAAAAAATTAGCCAGGGCATGGTGGTGCATGCCTGTAGTCCCAGCTACTCGGGAGGCTGAGGCAGGAGGATCACTTGAGCCCAGGAGGTTGAGGCTGCAGTGAGCTGTGACTGTACCACTGCACTCCAACCTGGGCAACAGAGTGAGACCCTGTCTCAAAAAATAATAA"
"GL873521","25453333","25453646","chr22","29946204","29946503","77","4492871","GCCGGGTACAGAGGTGCATTTACCTGTAATCCTAGCACTTTGGGAGGGTAGGGTAGGAGGATGGCTTGGGGCCAGTAGTTCAAGACCAGCCTGAACAATCTAGTGTGACCTCGTCTCCACAAAATATAGAAAAATTAGCCAGGCATGGTGGTGGGCACTTGTATTCTCAGCTTCTCAGGAAGCTGAGGCAGGAGGATCTTTTGAGGCTGGAAGGTTGAGGTTGCATTGTTGAGATTGCACTGAGCTGTGATGACACCACTGCACTCTAGCCCTGGCAACAGAGTGAGATCCTAATTTAAAAAAAAAAAAAAAAA","GCTGGGCGTGGTGGCTCCTTCCTGTAATCCCAGCACTTTGGGAGGCCAAGGCTGGAGGATCACCTGAGTCCAGGAGTTTAAGACCAGCCTGGGCAACATAGGGAGACCCTGTCTCTACAAAAAATAAAAAATTAGCCAGGCATGGTGGTGTGCACCTGTAGTCCCAGCTACTCAGGAGGCTGAGGCAGGAGGATCTCTTGAGCCTGGGAGGTCAGACTACAGTGAGCAATGATTGTGCCACTGCACTCCAGCCTGGGTGACAGAGTAAGACTCTGTCTCTTAAAAAAAAAAAAAAAAAAA"
"GL873521","25473197","25473312","chr11","64318421","64318538","25","38845224","GGGCATGGTAACTCACTCCTATAATCCCAGCAGTTTGAGAGGCCAAGGCTGGAGGATCACTTAAGGCTAGGAGTTCATGACTGGTCAGGGCAACATAGTAAGACTTATTCTCTACA","CCAGGCATGGTGGCTCACACCTATAATCCCAGCACTTTGGAAGGCCAAGGCGGGAGGATCCCTTGAGGCCAGGAGTTTGAGACCAGCCTGGGCAACATAGCAAGACTCCGTCTCCACA"
"GL873521","25473339","25473487","chr1","35894728","35894879","40","10421389","AAGAATTAGCTAGGCATAGTGGTGCGCAGCTGTAGTTCCAAGTACTTGGGAGGTTAAAGACCATGTGAGCGCAGGAGTTCAAGGCTACAGTGAGCTGTGATCATGCCACTGCACTCTGGCCTGGGTGACAGAGTCTGTGTCATAAAAAA","AAAAATTAGCCAGGCATGGTGGCACATGCCTGTGGTCCCAGATACTTGGGAGGCTGAAGTGGGAGGATCACTTGAGCCCAGGAGATCAAGGCTGCAATGAGCCATGATCATGCCACTGCACTCCAGCCTGGGCAACCCTGTCTTTAAAAAAA"
"GL873521","25493130","25493293","chr4","75562087","75562252","41","50068957","CTTAGAGTTGTGGTGGGCTCCTGTACTCCCAGCTACCCAGGAGGTGAGGCTGAGGCAGGTGGATCACTTGAACCCAGGTATGTGAGGTTGCTGAGAGCTAGGATGACACACAGCACTCTAGCCTGGTGACAGAGTGAGTCTATGTCTCTAAATAAATAAATAAA","TTAGCTGGGTGTGGTGGCATGCACCTGTAGTCCCAGCTACTTAGGAGGCTGAGGCAAGAGGATCACTTTAGCCCAGGAGGTGGAGGTTGCAGTGAGCTGAAATCATACCACTGCACTCCAGCCAGGGTGACAGAGTGAGACCTTGTCTCAAAAATAAATAAATAAA"
"GL873521","25493320","25493467","chr9","31337596","31337743","33","5844276","GACTGGGCTTGGTGGCTCATGCCTGTAATCCTAGCATTCTGGGAAGCTGAGGCAGGAGAATCACTTGAGGTCAGGAGTTCAAGACCAGACTGAGCAAGAGTGAGATCTTGCCTCTACTAAAAAAATATATATTTTTAAAAAATAATGC","GCTGGGTGTGGTGGCTCACACCTGTAATCCTAGTGATTCAGGAGGCTGAGGCAGAAGGATCACTTGAGGTCAGGAGTTTGAGAGCAGACTGAGCAACAGAGTGAGACCCCCTCTCTAAGAAAAAAATATTAAAAAAAAAAACAACCGC"
"GL873521","25793453","25793728","chr15","82250472","82250741","88","56457019","CAGGTATGGTGGCTCACACCTGTAATCCCAGCACTTCGGGAGGCCAGGAGGTGGGGGAGAGGCTCTCTTGAAGCCAGGAGTTCCTGACCAGCCAAGCAACAGGCGAAACCTTATCTCTACAAAATATTAAAGAAAAAAGGAAATTAGCCAGGTATAGCAGTAGACATCCATAATTCCAGATACTGTCGTGGCTAGGACAGGAAGATCACCTGTGATTGTGCCACTGCATCCCAACTTGCCAAAAAAGCAAGATGCTGTCTCTATAAAAGAAAACTA","GCCGGGCACGGTGGCTTATGCCTGTAATCCCAGCACTTTGGGAGGCCGAGGCAGGAGAATCGCTTGAGCCCGGGAGTTTGAGACCAGCCTGGGCAACATGGTGAAACCAAGTCTCTACAAAAAAATACAAAAAAATTAGCCAGGTGTCGTGGTGCACGTCTGTAGTCCCAGCCACTCCTGGGAGGTCGAGGCTGCAGTGAGCTGTGATCGTGCCACTGCACTCCAGCCTGGGGAACAGAGTGAGACCCCGTCTCAAAAAATAAAAAAAAA"
"GL873521","25946379","25946540","chr16","48668108","48668267","54","22721729","GTTGAGGCAGGATTTCTTGAGGCTGGGAGTTGGAGACCAGCCTGAAAAACATGTTGATACCATTGCTACAGAAATTAGAAGAGTTAGCTGGGTATAGTGGTGCATCCCTGTAGTTCCAACTACTAGGGATGCTGAGGCAGGAGGGTCACGTAAGCCCAGGAG","GTGGGAGGATTTCTTGATCCCAGGGGTTCAAGACCAACCTGGGCAACATAGTGAGACCCTGTGTATACTGAACAAAAACAATTTTTCAGGCATGGTGGCACACACCTGTAGTCCGAGCTATTCGAGAAGCTGAGATGGGAGGATCCCTTGAGCCCGGGAG"
"GL873521","25955927","25956105","chr3","43378154","43378339","50","17422227","AAAAAATAGAAAAATTAGCCATGTGCAGTGGCATGTGCCTATAGTTCCACCACTGTAGGGGCTGAGGTAGGAGGATCCCTTAAGACCAGGACTTTGAGATTGCTGTGAGTTATGACATCACTGCTGTCTGGTTGGGTGACAAAGGGAGACTTTGCCTCAAAAAAGGGAAGAAAGAAAAA","AAAAATACAAAAATTAGCCGGGCATGTTGGCATGTGCCTGTGGTCCCAGCTACTCCAGAGGCTGAGGTGGGAGGATCACTGGAGCCCGGGAAGTTGAGGCTGCAGTGAGCTGTGATCACACCACTGCACTCCAGCCTGGGTGACAGAGTGAGACCCTGTCTCAAAAAAAAAAAAAAAAAAAAAAAA"
"GL873521","26298260","26298339","chr4","95794331","95794409","18","69496071","GGCTGGGTGCATCAGCTTATGCCTGTAATCCCAGTACTTTAGGAGGTTGAGGTAAGAGGATCACTTAAGAACAGGAATCC","GGCTAGGTGCAGTGGCTTACACCTGTAATCCCAGCACTTTGGGAGGCCGAGGCAGGAGGATCACTTGAGCCCAGGAGTT"
"GL873521","26307582","26307851","chr5","152032216","152032514","85","125724634","GCTGGGCATAGTGGCTCACACCTACACTCTTAGAGGCCAGGGCAGATGAATTATTTGAGCTTGGGAGACCAGACTGAGCATGAGTGAGATCCTGTTCCTACTAAAAATAGAAAAATTAATTGGGTGTTGTGCCTGTAGTCCCAGCTACTTGGAAGGCTGAGGCAAGAGGATCACTTGAGCCCAAAAGACTGAAGTTCTAATGCCAAACATGCTACTCAGAGGGACAGAATGAGACTCTGTCTCAAAAATAAATAAATAAATAAATAAATA","GGCTGGGCACAGTGACTCACACCTATAATCCCAGCACTTTGTGAGGCTGAGGCAGGCAGATTATTTGAGCCCCTGAGGTCAAGACCATCCTGGGCAACATGGCAAAACCTCATCTCTACAAAAAATACAAAAATTAGTTGGGTGTGGTGGCATACGCCTATAGTCCCAGCTCCTCAGGAGGCTGAGGTAGGAGGATGGTTTGAGCCCAGGAGATGGAGGTTGATCATGCCACTGCTCTCCAGACTGGGCAACAGAATGAGACTCTGTCTCACAAAAAATGAAACAGAATAAAATAAAAA"
"GL873521","26951040","26951317","chr17","16672309","16672598","75","10278731","TGGCTTACACCTGTAATCCTAGCACTCTGAGAGGAGTGAGGCAGATTGCTTGAGCTTAGGAGTTTAAGACCAGCCTGAGCAAGAAAGATCCCATTTTTACTAAAATAGAAAACTAGCCAGGGGTGGTGGCCTATGTCTGTAGTCCCAGCTACTCGGTAGGCTAAGGCAAGAGGATTGCTCAAACCCAAGAGTTTGAGATTGCTGTGAGTTCTGGTGCCATGACACTCTATCCAGGGTAACAGAGTGAGACTTTGTCTAAAAAAGAAATAAAATAGGTG","GTGGCTCACACCTGTAATCTCAGCACTTTGGGAGGCTGAGGCGGGAGGATCACTTGAGCCCAGGAGTTTGAGACCAGCCTGAGCAACATAGTAGGCTCCTGTCTCTACAAAAAAATACAAAAATTAGCTGGTACTGGTGGCATGTGCCTGTAGTCCCAGCTACTCAGGAGGCTAAGGCAGGAGAATCGCTTGAGCCCAGGAGGTTGAGGCTGCTATGAGCTGTGATGGCACCACTGCACTCCAGCCTGGGTGACAGAGTGAGACCTGGTCTCAAAAAGAAAAAAAAAAAA"
"GL873521","26951542","26951557","chr3","53948633","53948648","1","26997091","AAAAGAAAGAAAGAAA","GAAAGAAAGAAAGAAA"
"GL873521","27061553","27061681","chr3","122788793","122788920","26","95727240","GGCCACGCACAGTGGCTCATGCCTTTAATCCTAGCTTTCTGTGGAGGCCAAAGCAAATGGATCACTTGAACTCAGGAGTTCAAGACCAGCCTGAGCAAGAGCAAGACCCCATCTCTACTAAAAATAGAA","GGCCAGGCACTGTGGCTCATGCCTGCAATCCCAGCACTTTGGGAGGCCAAGGCAAGAGGATTGTTTGAGCCCAGGAATTCAAGACCAGCCTGGGCAACTCAGGAAGACCCCATCTCTACAAAAAACAA"
"GL873521","27061706","27061860","chr8","96136998","96137163","44","69075292","TAGCTTGGCATTGTGGTAGGCACTGGCAGTCCCAGTTACTTCGGAGGCTAAAACAAGAAGGATTGCTTGAATCCAGTGAGGTTGCTGTGAGCTATAATGTCATGGCACTTCTCCCCAGGGCAACAGAATGAGACTATCTCAAAAAAACAAATAAA","TTTAGCTGGGAAGGTTGGCACGCACCTGCAGTCCCAGCTACTTGGGAGGCTGAGACTGGAGGATTGCTTGAGCCCGAGAGGTCGAGGTGGCAGTGAGCCATAATCACACCACTGTACTCCAGCCTGGGTAACAGAATGAGACTCTGTCTCAAAACAAACAAACAAA"
"GL873521","27073730","27073910","chr1","68095575","68095737","50","41021845","GAGCAGCCTGAGCAGCTAGGGTACTGCTCCCTGCCTCTAGTCCCAGCTACTTGAGGGGCTAAGGCAGGAGGATTGTTTGAGCCCAGGAGCCCAGGAGTTTGAGATTGATGTGAACTAGGCTGATGCCATGGCACTCTAAACTGGGCAACAGAGTAAGACTCTATCTTAAAAAAACAAAAAA","TTAGCCCTGCATGGTGGCACATGCCTGTAGTCCCAGCTATTTGGGAGGCTAAGGCAGGGGGATGGTTGGAGCCCAGGAGGCAGAGGTTGCAGTAAGCTGAGACTGAGCCATTGCACTGCAGCCTGGGTGACAGAGTGAGACTCTGTCTCAAAAAAAAAAAAAA"
"GL873521","27074182","27074275","chr19","50666183","50666279","26","23592001","GCTGGGTACTGTGGCTCAAGCATGTAATCATAGCACTCTTGAGGCCAAAGTTTGGAGGATCCCTGAAGCTCCAGAGTTTAAATGCAGCTTGAGT","GGCTGGGCTCTGTGGCTCATGCCTGTAATCCCAGCACTTTGGGAGGCCGAAGTGGGAGGATCACTTGAGTCCAGCAGTTTGAGAGCAGCCTGGGCAA"
"GL873521","27115551","27115853","chrX","48006439","48006741","74","20890888","GGCCAGGTGTGGTGGCTCCTGTAATCCTATCACTATGGGAGGCCAAGGTGGGTGGATTGCTTGAGCTCAGGAGTTGGAGACTAGCCTAGGCAAGAGTGAGATCCCGTATCTACTAAATAGAAAAACTAACCAGGTTCCAGGTGCCTGTAGTCCCAGATTCTTGGGAGGCTGAGGCAAGAGGATCACTTAAGGTCAGGAGTTTAAGGTTGCTGTGAGCTATGATGTCATAGCACTCTACCCAGGGTGACAGAGTGAGACTCTATCTCAAACAAACAAACAAACAAAACAAAAACAACAAAAAAA","GGCTGGGCTCAGTGGCTCACGCCTGTAATTCCAGCACTTTGGGAGGCCAAGGTGGGCGGACTGCTTGAGCTCAGGAGTTCGAGACCAGCCTGGGAAACATGGCGAAACCCCATCTCTTAAAAAAAAAAAATTATCTGGGTGGCAGGAGCCTGTAGTCCCAGCTACTTGGGAGGCTGAGGTAGGAGGATCACCTGAGCCCGGGAGGTCAAGGCTGCAGTGAGCCATGATCGTGCCACTGCACTCCATCCTGGGTGACAGAGTGAGACCCTGTCTAAAAAAAAAAAGAAAAAAGAAAAAAAGAAA"
"GL873521","3621655","3621735","chr19","38588582","38588671","29","34966927","AAACCCCCCAGAAAATTAGCTGTAGTCCAGCTACTTGGGAGGGTGAGGCAGGATTGCTTGAACTCAGGAGGCTGAGGTTGC","TTAGCCAGGTGTGGTTGTGCACGCCAGTAGTCCTAGCTACTCAGGAGGCTGAGGCAGGAGGATTGCTTGAGCCCAGGAGTTTGAGGCTGC"
"GL873521","3642385","3642519","chr4","190118736","190118870","25","186476351","GGCTGGGTGAGGTGGCTCACACCTGTAATCCCAGCACTCTGGGAGGCCAACAGGGATGGAGCACCTGAGCTCAGGAGCTTGTGCCCAGCTTGAGCAAGAGTGAGACCTCATCTCTGTTAAAAACAGAAAAAAAAA","GGCTGGGTGCAGTGGCTCACACCTGTAATCCCAGCACTTTGGGAGGCCAAGGTGGGAGGATCACTTGAGCTCAGGAATTCGAGACCAGCCTGGGCAACATAATGAGACTGCATCTCTGTAAAAAAAAAAAAAAAA"
"GL873521","3642815","3642983","chr6","117522072","117522244","43","113879257","AAAAAAACTAGCCAGGCATTGTGGCGAGTGCCTGTAGTCCCAGCTACTCGGGAGGCGGAGGCAAGAGGAGTGCTTAATCCCAAGAGTTTGAGGTTGCTGTAAGCTATGACACTCATTCTACTCAGGGTAACAAAGTGAGACTCTGTCTCAAAAGGAAAAAAGAAAGAGA","TAAAAAAATTAGCCAGATGTGGTGGCATGTGCCTGTAGTTCCAGCTACTCGGGAGGCTGAGGCAGGAGGATTGCTTGAGCTCAGGAGTTCGAGGCTGCAGTGAGCTATAATTGTGCCACTGCACTCTAGCCTGGGTGACACAGTGAGACCTTGTCTTTAAAAAAAAAAAAAAA"
"GL873521","3668981","3669096","chr1","92774326","92774442","25","89105345","GGCTAGGCTCAGTGGCTCATGCCTATAATCCTAGCACTCTGGGAGGCTGAGACAGGTGGAGTGCCTACGTTCAGAAGTTTGAGACCAACCTGGGGAAGAGTGAGACCCTTGTCTCT","GGCCAGGCGCAGTGGCTCACACCTGTAATTCTAGCACTCTGGGAGGCAGAGGCAGGCAGACTGCTTGAGCTCAGGAGTTCGAGACTACCCTGGGCCACACAGTGAGACTTTGTCTCT"
"GL873521","3669118","3669287","chr19","44556029","44556196","40","40886911","GCCTAGCCATGCATTATGGTGGGCACCTGTAATCCCAGCTACTTGAGTGGCTGAGACAGGAGGATTGCTTGGGCCCAGGTGTTTGAAATTGTCGTGAGCTATGACAACACTATAGCACTCAACCCAGGGCACAGAGTGAGACCCTGTCTCAAAAAAAATAATAAATAAAA","TTAGCTGGGCACGGTGGTGTGCACCTATACTCCCAGCTACTCTGGAGGCTGAGACAGGAGGATTGCTTGAGCCCAGGAGTTCAAGACTGCAGTGAGCTAGGATCGCACCATTGCACTCCAGCCTGGGCAACAGAGTGAGGCCCTGTCTCTAATAATAGTAAAAAAAAA"
"GL873521","3669631","3669737","chrX","25092369","25092466","29","21422738","GGTTAGGCATGGTGGCTTACACATGTAATCCCAGCACTTTCAGAGGCTGAAGTAGGAGGATCTCTCAAGAGACCATCAGAGGGAGACCCTGTCCTTATAAATAATTA","GGGTGTGGCGGCTCAAACCTGTAATCCCAGCACTCTGTGAGGCTGAGGCAGGAGGATCGCCTGGGCAATATAGTGAAACCCTGTCTGTATTAATAATA"
"GL873521","3670024","3670183","chr1","26355033","26355200","40","22685009","TTGGTTGGGTGTGGTAGCACTTGCCAATAGTCTTAGCTACTTGGGAGGCTGAGGCAGGAGGATCCCTTGAGCCCAGGAGTTCAAAGTTGTAGTGAGCTGTAGTAGGGCCACTATAGGGTAAAAGAGTAAAATCCTGTCTCAAAAAAAAAAAAAAAAAAAA","AACTAGCTGGGTGTGGCGGCGTGTGCCTGTAGTCCCAGCTACTTGGGAGGCTGAGGCAGGAGGATCACTTGAGCCCAGGAGTTCAAGGCTGCAGTGAGCTAAGATCATACCACTGCACTCCAGCCTGGGTAATAGAGTGAGATCCTGTCTCAAAAAAAAAAAAAAAAA"
"GL873521","3713060","3713213","chr16","52591348","52591478","53","48878288","ACTAAAATTGTAAAGCCTAAGCTGGGTGTCATGGTGCACACCTGGAGATCCAGCTCCTCGGAGGCAGAGACAGGAGGATCTCTTGAACCCCAAAATTTGAACACAGTGCGACAACATAATGAGACCCACCTCTTACAAAAAATTACAAAGACTA","GCTGAGTGTGGTGGTGTGTGCCTATAATTCCAGCTACTCAGGAGGCTGAGGCAGGAGGATCACTTGAGCCCAGGAGTTTGAGACCAGCCTGGGCAACACAGTGAGACCCCATCTCAAAAAATTAAACATTA"
"GL873521","3858021","3858181","chr15","40727742","40727900","45","36869721","GGAAAAATTAGCTCAGCATTGTGGTGGGTGCCAATAGTCCTAGTTACTGGGGGGGTGGAGGGTTGAGGCAGGAGCTTGAGCTCAGGAGTTTGAGGTTGCTGCGAGCAAGGCTCATGCCATGGCACACTAGCCTGGACAACAGAGTGAGAGTCTGTCTCAAA","TTTAAAAATTAGCCAGGCATGGTGGTGACCACCTGTAGTCCTAGCTATTCAGGAGGCTGAGGCAGAAAGATTGCCTGAGCTCAGGAGTTTGAGGTTACAGAGAACTCTGATCATGCCACTGCACTGCAGCCTGGGCAACAGAGTGAGACTCTGTCTCAA"
"GL873521","3858456","3858567","chr17","26390105","26390216","27","22531649","GGTTGGATGCAGTGACTCACGTTTATAATCCTAGCACTCTGGGGAGCAGAGGCAGGAGGATCCCTTGAGCTTAGGAGCAAGACCCCATCTCTACTAAAAAATGGAAAAATTA","GGCCGGATGCAGTGGCTCACGCCTGTAATCCCAGCACTTTGGGAGATGGAGGTGGGAGGATCGCTTGAGGCTAGGGGTTCGAGACCACATCTTTACAAAAAATTTAAAATTA"
"GL873521","3958462","3958555","chr3","156881552","156881648","15","152923090","GGCCAAGTGTGGTGGCTCACGCCTGTAATCCCAGCACTCTGGGAGGCTGAGGCAGAGAATCACTGGAGCGCAAGAGTTTGAGACTAGCTTGAGC","GGCCAGTTGTGGTGGCTCACACCTGTAATCCTAGCACTCTGGGAGGCTGAGGCTGGAGGATCACTTGAGCTCAGGAGTTTGAGACCAGCCTGGGCAA"
"GL873521","4004289","4004415","chr2A","53135817","53135938","36","49131528","GCCGGGCGCGGTGGCTGACACCTGTAACCGAGCACTTTGGGAGGCATCTGTAGGAGGATCGCTTGAGGCCAGGGATTGGAGACCTCCCGCCCTACAAATGATTTTAAAATAAACTGCTTATGCTGGG","GCCAGGTACAGTGGCTGACATCTGTAATCCCAGCACTTTGGGAGGCTGAAGTGGGAGGATCACTTGAGGCCTGGAGCTTGAGACCAGCCTTGTCAACATAGTGAGATTAAAAAATTAGCTGG"
"GL873521","4004664","4004811","chr5","141173286","141173416","45","137168622","CTGCTTATGCTGGAGGACCCTCACCCCACCCCACCCCCACACACACCTTGTGCTCCTGACTTGGAGACTGCAGTGAACTATGATCAGGCCGCTGCCCTCCAGCGTGAGCGACAGAGCATGACCCTGTCAAAAAAAAAAAAAAAAAAAA","CTACTTGGGAGGCTGACCCACGAGAATCACTTGAACCTGGGAGGTAGGCTGCAGTGAGCTAAGATCACACCACTGCACTCCAGCCTGGGCAACAGAGCAAGACTCTGTCTCAAAAAAAAAAAAAAAAAAAA"
"GL873521","4367979","4368038","chr4","148843957","148844014","16","144475978","GGGCCCGGATAATGGCTCTAATCCCAGCTACTTGGGAGGCTGGGGCAGAAGGATCGCTTG","GCAATGGTACATGCCTATAATCCCAGCCCTTTGGGAGGCTGAGGCAGGAGGATCACTT"
"GL873521","4416492","4416644","chr15","38442496","38442652","39","34026004","GACAAAAATTAGATGGGCGTGGGGCTGTAGTTCCAACTACTCTGGAGGCTGAGGCAGGAGGGTTGCTTCAGCCCAGGAGTTTGCGGTTGTAGTGAGCTATAATGATTCCACTGCACTATAGCATGGTGACAGAGTAAGACTGTATCTCAAAAA","TTAGCCAGATATGGTGGTGCATGCCTGTAGTCCCAGTTACTTGGGAGGCTGAGGCGGGAGGATTGCTTGAGCCCAGGAGTTTGAGGCTGTGGTGAGCTATGATTGTGCCACTGCACTCCAGCATGGGTAACAGAGCAAGACCCTATCTCTTTAAAAA"
"GL873521","4416915","4417046","chr12","122239412","122239544","30","117822497","GCCTGGTACAGTGGCTCACAGCTGTAATTCTACCACTCTGGCAGACTGAGGCAGGAGTATAGCTTGAGGTCAGGAGTTAGAGAGCAGCCTGAGCAAAAGTGAGACCCTCTATTAAAAATAGAAGAATTAGGG","GGCTGAGCACGGTGGCTCATACCTGTAATCCTAGCACTTTGGGAGGCTGAGGCGGGAGGATTGCTTGAGGCCAGGAGTTTGAGACCAGCCTGGGCAACATAGTGAGACCCCATCTCTAAAAAAAAAAAAATTA"
"GL873521","4508052","4508216","chr1","180937305","180937458","45","176429253","CGCCAAAATAGCCACGTATGGTTGTGTGCACCTATAGTCCCAGCTATTTCAGAGGCGGAGACCATAAGACCACTTGCACCCAGGAATTTGAGGATACAGCAAGCTGTGATCATGCCACTGCACTCCACTCCAAGCCACAGACTGAGGCCTTGTCTCTTAAAAAAA","GCAAGCCAGGTGTGGTGGCATTTGCCTATAGTCCCAGCTATGTCAAAGGCTGAGACAAAAGTATCACTTGAACCCAAGAGTTAGAGGTTACAGTGAGCTATGATCGCACCACTGCACTCCAGCCTAGGCAACAGAATGAGACCCTGTCTCTAAA"
"GL873521","4508241","4508340","chr4","142826785","142826889","25","138318544","CCAGGTGCCATGGCTTATGCCTGTAATCCCAGGGCTCAGCTTGAGGCAGATGATCACTTGAAGCCAGGAGTTCGAGACCAGCCTGGGTAACACAGTGAGA","GGCCAGGTGTGGTGGCTCATGCCTTTAATACCAGGGCTTTGGGAGGCTGAGGCAGGACGATCACTTGAGGCCAGGTGTTTAAGACCAGCCTGGGCAACATAGGGA"
"GL873521","4585645","4585775","chr1","22024766","22024901","32","17439121","GCTGGGCAAGGTGGCTCACGCCTGTAATCCGAGCACTCGGGGAGTCCAATAGGGGTGGATTGCCTGAGCTCAAGTTCAAGACCAACCCAAGCAAGAGTAAGACCCCATCTCTACTAAAAATAGAAAAAACA","GCCAGGTGAGGTAGCTCACGCCTGTAATCCCAGCACTTTGGGAGGCCAAGGTGGGTGGATCAACTGAGGTCAGGAGTTCAAGACCAGCCTGGCCAATATGGTAAAACCCCATCTCTACAAAAAATACAAAAATTAT"
"GL873521","4586039","4586216","chr5","162553581","162553768","45","157967542","TAATAGAAAAACTAGCCACTGGTAGGCACCCATAGTCCCAGCTACTTGGGAGACTTAGGCAAGAGAATCACTTAGCCCAAGAGTTTGAGGTTGCTGTGAGCTATGATGCCATAGCACTCTACCCACAGTGCCAGAGTGAGATTCTGTCTCAAAACAAAAAAAGAAAGAAAGAAAGAAA","AATTTAAAAATAGCCAAGTATAGTGGCATGCCTCTGTATTCCTAGCTACTTAGGAGACTGAGGCAGGAGGATCACTTGAGCCCAAGTGTGTGAGGCTGCAGTGAGCCATGATCCAGCCACTGCACTCGAGCCTGGAAGACAGAGTGAGATACTGTCTCAAAAAAAAGAAAGAAACGAAAAGAAAGAAA"
"GL873521","4615177","4615298","chr12","11845861","11845982","46","7230684","AAATATAATGAGTAGCTGGGTGTGGAGGCACGTACTTCTACACCCAGCTACATAGAAACTGTGTAGCAGGCAGGAAGATAGTTTAATTAATATAGTGAGAACCCCATTTCAAAAAGAAAGAA","AATACAAGGAAGCCAGGTGTGGTGGCATGCACCTACAGCCCGAGCTACTCGGGAAGCTTTGAACTGGAGACAAGCCTGGGCAACATAGTGAAACCCCATCTCCCTCTAAAAACAAGGAAAGA"
"GL873521","4639212","4639298","chr17","29760224","29760310","16","25121012","GGCCTGGCACAGTGGCTCATACCTATAATCCTAGCACTCTGGGAGGTGAGGTGGGGAGGATCCTTTGAGCTTAAGAGTTTGAGATCA","GGCCATGGGCAGTTGCTCACACCTATAATCCCAGCACTTTGGGAGACTGAGGTGGGAGGATCGCTTGAGCACAGGAGTTTGAGACCA"
"GL873521","4757227","4757326","chr1","32811419","32811520","26","28054192","TAAAATAAATAAATCAGCTGGCAGTGTGGTAGGCAACTGTAGCCCCAGCTACCCAGGGCTGTGGCAGGAAGGTGACTTGAGCCCAGTAGTTTGAGGTTGC","ATTAAATTAAATGGAGCCGGGCGTGGTGGTATGCACCTGTTGTCCCAGCTACTCAGGAGGCCAAGGCAGGAGGATCACTTGAGCCCAGGAGTTTGAGGATGC"
"GL873521","4757600","4757715","chrX","124471265","124471386","33","119713665","GGCTGAGCAGTGTGGCTCACGCCTGTAATCCTAGTGCTTTGGGAGGCTGAGGTGGAGTGAATTCCAGACCTGCCTGAACAAGAGAGTTTTTGTCTCTACTAAAAATATAAAAATCA","GGCTGGACACCGTGACTCACGCCTGTAATCCCAGCACTTTAGGAGGCTGAGGCAGGAGGATTGCTCAAGACTAGCCTGGCCAACATGGTGAAACCCCGTCTCCACTAAAAATACAAAAATTA"
"GL873521","4833908","4834183","chr20","5619662","5619943","68","785754","GGCCAGTGCAGTGGCTCATGCTGTAATCCCAGCCCTCTGGGAGGCTGAGGCAGGCGGATCCCCTGAGCTCAGTGGTTGGAGACCAGCCTGAGCAAAAGTGCAACCCCGGCTCTACTAAAAATAGAAAAAACATTAGCTGGGCTGGGTGGCAGCTGCCTATAGTTACAGCTAATAGGAAGGCTGAGACAGGAGGATGGTTTGAGCTCAGGAGGTTGGGGTTAAGATATGGTGACACCACTGCATGCTACCTGGGGCACAGAGCAAGACTCTTGTCTC","GGCCAGGTGCAGGGGCTGACACCTGTAGTCCCAGCACTTTGGGAGGCTGAGGCAGGAAGATCACTTAAGCCCAGGAGTTCGAGACCAGCCTGCGCAACATGGTGAAAACCCGACTCTACAAAAAATACAAAAACTAGCCAGGCATGGTGGTGCCTGCCTGTAGTCCTAGCTACTCAGAAGGCTGAGATGGGAGGATTGCTTGAGCCCAGGAGGTTGAGGTTGCAGTGAGCTGAGATGACACCGCTGCATTCCAGCTTGGGTGCCAGAGCAAGACCCTCTCTC"
"GL873521","4857882","4858053","chr13","48157593","48157767","59","43299711","GACCAACCAGAGTAAGAATAAGACCCCTGTCTCTACAAAAAAATGCCAAAATTAGCCAGGCATAGTGGCATGCACCTATAGTCCCAGCTACTATAGTTTTGAGGTTGCTGTGAGCTATGACGATGACATTGCACTCTACCCCAGGCAACACAGCAAGGCTCTGTCTCCAAAA","CCAGCCTGGACAACATAGGGAGACCCTGTCTCTACAAAAAAATTTTCAGAAAATTAGCTGGGCACCATGGCGCATTCCTATAGTCCCAGCTACTCAGGAGGCTGCAGTGAGCCATGATTGTGCCACTGTGCTCCAGCACGGGTGACAGAGCAAGACCCTGTCTCTTAAAAAAAAA"
"GL873521","4858329","4858418","chr2B","246546136","246546224","17","241687807","CAGGAGCAGGGGCTCACACCTATAATCCTAGCACTCTAGAAGGCCAAGGCTGGAGGATTACTTGAGGCCAGAAGTTCATGACCAGCCAGT","CCAGGTGCTGTGGCTCATGCCTGTAATCCCAGCACTTTGAGAGGCCTAGGCAGGAGGATTACTTGAGGCCAGAAGCTCAAGACCAGCCT"
"GL873521","4904065","4904344","chr20","3250028","3250308","77","1654037","GGCCAGGCATGGCGGCTCAGCCTATAATCTGGGAGGCCAAGGCTCAAGGAGTTTGAGACCTGCCTGAGCAAGAGCAAGACCCTGTCTCTACTAAAAATAGAAAAAACAGCCAGGTGTTGTGGCAGGCACCTGTAGGCCCAGCTACTTGAGAAACTGAGGCAGGAGGACTGCATGAGCTCAGGAGTTTGAAGTTGCTGTGAGCTAAGAAGCCACAGCATTCTAGTCTGTAGCAACAGAGTGAAACTGTCTCAAAAACAGAACAAAACAAAACAAAACAAAA","GGCCAGGTGCAGTGGCTCACACCTATAATCCTAGCACTTCAAGGCCAAGTTCGAGACCAGCCTGGGCAACATGGCAAAACCCTGTCTCTACAAAAAAAAAATAAAAATTAGCCAGGCATGGTGGCGCTCACCTGTAGCCCCAGCTTCTTGTGGGGCTGAGGCAGGAGGATTGTTTGAGCCTGGGAGACAGAGGTTGCAGTGAACCTATATCATGCCACTGCACTCCAGCCTGGGTGACAGAGTGAAACCCTGTCAAAAAAAAAAAAAAAAAAGAAAGAAAA"
"GL873521","5548943","5549231","chr4","172002891","172003185","72","166453948","GACTGGGCACAATGGCTCACGCCTATAATCCTAGCACTCTGGAAGGCCAAGGTGGGTGGATTACTTGAGCTCACAGGTTTGGGACCATCCTGAGCAAGAGTAAAACCTCATCTCTAAAAATAGCCCGGCATTGTGGTGGGTACCTTGTAGTCCCAGCTAGTTGGGAGGCTGAGGCAAGAGAATCTCTTGAGCCTAAGACTTTGAGGTTGCTGTAAGCTGTGATGCCATGGTACTCTACCGAGGGTGACATAGTAAGACTCTATCTCCAAAAAAAAGAAAGGAAAAAGAA","GGCCAGGCACAGTGGCTCATGCCTATAATCCCAGCAATTTGGGAGGCCAAGGTGGGAGGATCACTTGAGCCCAGGAGTTGGAGACCAGCCTGGGCAACATGGCAAAACTCCATCTCTACAAAAAATAGAAGCCAGGTGTGGTGGTGTGCATCTGTAGTCCCAGCTACTTGGGAGGCTGAGGTGGGAGAATCGCCTGAGCCTGGGAGGTGGAGGTTGCAGTGAGCCAAGATCATGCCACTGCACTCTAGCCTGGGTGTCAGAGTGACAACTTGTCTCAAAAAAAAAAAAAAAAGAA"
"GL873521","5616768","5616899","chr1","134480867","134480991","29","128864099","GTGGCTCTCTCCTGTAATCCCAGCACTTTGGGAGGCCAGGGGAGAGGATTGCTTAAGGCCAGGTATTTGAAACCAGCCTGGGCAACACAGAGAGATATGCCCATCTCTACCAAAAGAAAAAAATTGCTAGGA","GTGGCTCATGCCTGTAATCCCAGCACTTTGGGAGGCCAAGGAGTGAGGATTGCTTAAGTCCAGGAGTTCAAGAACAGCCTGGGAAACATAGTAAGATCCTGTCTCTACAAAAAATAAAAAATTGT"
"GL873521","5617203","5617331","chr3","201848039","201848154","42","196230836","TTAAAAGTTTGCTGGGCTTGCTGAAGTGTGCCTGTAGTCCCAGCTACTCAAGAGACTAAAGTGGGGGGGATCAACAGAGCCCAAGAGTTTTAGCCTGTTCTGAATCACTGGACCACTGCATTCCTGTCT","ATTAGCTGGGCGTGGTGGCGGCTGCCTGTAGTCCCAGCTACTCAGGAGGCTGAGGTGGGAGGATCACCTGAGCCCGGGAGGTCGAGGCTGCAGTGAGCAGTGATGACGGCACTGCA"
"GL873521","5813449","5813645","chr8","55925895","55926096","51","50112446","TCTATAAATATATAGAAATTGCCAGGCACTGTGGCTAATGCCTGTCATCCGAGCACTTTGGGAGGCTGAGGCAGGAGGATCATTTGAGCCCAGAAGTTGGAGGCTTCTATGACTGGGGTGCTGCACTACAGTGGAGGCTGGGTGAAAGAGCAAGATTCTGTCTCTAAAAAACATACAAAACAAACAAACAAACAAAA","TCTCTACAAAAAAATAAAAAACTAGCCGGGCATGGTGGCACATGCCTGTAGTCCCAGCTACTTGGGAGGCTGAGGCAAGAGGATCACTTTACCCCAGGAGGTCGGGGCTGCAGTGAGCTGTGTTCATACCACTGCACTACAGCCTGGGTGACAGAGCAAGACTCTGTCTCAACAAAACAAAACAAAACAAAACAAAACAAAA"
"GL873521","5816723","5816839","chr7","150519989","150520108","29","144703266","GGCTTACACCTGTAATCCTAGCACTTTGGGAGAGTGGGAGTATGGCTCGAACCCAAGAGTTGGGAGACCAGCATGGGAAAGAATGAGACCCTGTCTCTACAAAAATAGAAAAATTAG","TGGCTCACATCTGTAATCCCAGCACTTTGGGAGGCCAAGGTGGGAGGATTGCTTGATCCCAGGAGTTGGAGACCAGCCTGGGCAACATAGTGAGACCCTGTCTCAACAAAAATTTATTTT"
"GL873521","6392280","6392393","chr13","98865790","98865887","34","92473510","GGCATGGTGATACATGCCAGCGACTTAGGAGGAGGACCCCTTGAGCAAGTGAGCAGTGATTGTGCCACTGCACCTCCAGCCTGAGCAACAAAGTGAGACTCTGACTCTTAAAAA","CAGGGGGACCACCTGAGCCTGGGAGGTTGCAGCTGCAGAGCCGTGATTGTGCCACTGCATTCCAGCCTGGGCAACAGAGTGAGCTCCTGTCTCAAAAA"
"GL873521","6821886","6822161","chr13","35542940","35543211","71","28721054","GGCCTGGTGCAGTAGCTCAGAGCTGTAAGCCTAGCACTCTGGGAGGCAGAGGTAGGTAGATCACTTGAGACCAGGAGTTCAAGAAGACCAGACTAAGTAAGAGTGAGACCCTCACCTATGCTAAAAATAGAAAATATTAGCTGGGCATACAGTGTATGTCTGTAGTCCAGGCTACTTAGGAAGCTGAGGTAGGAGGATCACTTAAGCCCAGGAGTTTGAGGTTGCTGTGAGCTAGGCTGAGGCCATGGTACTTCAGCCTCGGCAACAGAGTGAGAC","GGCCAGATGTGGTGGCTCACACCTGTAATCCTAACACTTTGGGAGACCGAGGTGGGTGGATCACTTGAGGTCAGGAGTTCAAGACCAGCCTGGCCAACATGGTGAAACCCCATCTCTACTAAAAATACAAAAATTTGCTGGGCATGATGGTGGGCGCCAGTAGTTCCAGCTACTCAGGAGGCTGAGGCAGGAGAATCGCTTGAACCCAGGAATCAGAGGTTGCAGTGAGCCAAGATCACGCCATTGCACTGAAGCCTGGGCGACAAGAGCAA"
"GL873521","6822427","6822459","chr1","26448863","26448892","8","19626436","TCAGAGTGAGACTTTATCTCAAAGAAAAAAAAA","TGAGTAAGACCCTGTTTCAAAGAAAAAAAA"
"GL873521","6828199","6828251","chr12","8954703","8954756","17","2126504","GGGAGAGGTAGCTCAGGCCTGTAATTCTAACACTCTGGGAGGGAGGATCCCTT","GGTCAGGTATGGTGGCTCATGCCTGTAATTCTAGTACTTTGGGAGGCTGAGGTC"
"GL873521","6828640","6828791","chr2A","70191250","70191406","45","63362610","CCTTGAGCTCACAAGTTTGAGACCAGCCTGAGCAAGAGCGTGACTATCTCTACTAAAAATAGAAAACTCTGCTAGGTGTTGTGGCAGGTGCCTATAGTTCCAGCTACCTAGGAGGCTGAGGCAAGAGGATCACTTAAGCCCAGCAGTTTGAG","TCACTTGAGCCCAGGAGTTCGAGACCAGCCTGGGCAACATAGTGAGACTCAGTCACTACAAAAATAAACTTGCTGGGTGTGGTGGTGTGCACCTGTAGTTCTAGCTACTCAGGAGGCTGAGGTGGGAGGATCCCTTGAGCCTCGGAGGTGGAGGTTG"
"GL873521","6837142","6837367","chr12","104694083","104694305","59","97856941","GACTGGGTGCTATAGCTCACACCTGTAACCCTAGCACTCTCAGAGGCCAAGGTGGGTGGATTCGCTGAGCTCAGGAGTTCAAGACCAGCCTGAGCAAAATAAGACCCCATCTCTACTAAAAATAGAAAAAGAAAAACCAGCCAGGTGTGGTGCCAGGAGCCTGTAGTTCCAGCTACTCAGAGGCTAAAGTAAGAGGATTATTTGAGCAGTAAGAGTTTGTGGTTTC","GACTGAGTACGGTGGCTCACACCTGTAATCCTAGCATTTTGGGAGGTCAAAGTGGGAGGATGACTTGAGCCCAGGGGTTCAAGACCAGCCTGGGCAACAAAGTGAGACCCTGTCTCCATAAAAATTACAAAAATTAACCAGGCATGGTAGCATGTGCCTGTAGTCCCAGCTACTCGGGAAGCTGAGGCCAGAGGATTGCTTGAGCTTAAGAGGTTGAGGCTGC"
"GL873521","6837616","6837695","chr14","61332116","61332199","24","54494500","GTTTGTGGTTGCTGTGAGCTATGACATCACAGCACTCAACCCCAGGGTGACTACATACAACTCTGTCTCAGAAAAAAAAA","GGTTGAGGCTGCAGTGAGCTGTAATTGTACCACTGCACTCCAACCCAGGTGACACAGTAAGACCCTATCTCAAACAAAACAAAA"
"GL873521","7000001","7000131","chr1","35753661","35753787","41","28753660","ACAGTAATACATACTTGTAGTTCCAGCTTCTAGGCTGAGGCCAGAAGATGGCTTGAGCCCAGGACTTTGAGGTTGCAGTGAGAGATGATGATACCTCTGTACTCTAGCCCAGGTAACAGAGACTCTGTTTC","TTAGCCAGGCATACTAGCTCATGCCTGGAGGCTGAAGCAAGAGGACAGCTTGAGCCCAGGAGTTTGAGGCTGCAGGCAGCTATGATCGCACCATCGCACTCCAGCCTGGGTGACAAGACCCCATCTC"
"GL873521","7000386","7000547","chr6","44662547","44662705","42","37662161","GGGTGTGGTGGCTCTTACCTGTAATCCTAGCACTTTGGGAGGCTGGGGCAGGCAGGAAGATTGTTTGAGGCCAGGAGTTCCAGACCAGGCTTGTCAATATAGTGAGACCCCGTCCCTATAAAAAATAGAAAAATTATCTGGGCCTGGTAATGCATACTTTGG","GGCACAGTGGCTCATGCCTATAATCTCAGCACTTTGGGAGGCCAAGGTGAGAGGATCACTTGAGCCCAGGAGCTACAGACCAGCCTGGGCAACATAGAGAAAACCCATCTCTACAAAAAATACAAAAATTATCTGGGCGTGGTGATGCATGCCTGTTGT"
"GL873521","7034228","7034543","chr6","83628974","83629284","80","76594746","GGCCAGATGCAGTGGCTGACACCTGCAATTCTATAACTTTAGGAAGGTGAGAGAATTGCTTGAGGCCAGGAGTTCCAGACCAGCCTGAACAATATAGTGAGACCCCATTGCTACAAAAATTAGAAAAATTCACTGGGTGTAATGGCCAATGCCTGTATTCCCAGATAATCCAGAGGCTGATGCTGGAAGATTACTTGAGCCCAAGAATTTGAGGTGACAGTGAGCTATGATGACACCAATGCACTCTAGCTTGGGCAATAGAGTGTGACCCTATTTCCAAAAAAAGAAAGAAAGAAAGAAAGAAAAGAAAAGAAAA","GGCAGGGCATGGTGGCTCATACCTGTAATCCCAGCACTTTGGGAGTCCAAAGTGGGTGGATCGCTTGAGTCCAGGAGTTCAAGACCAGCATGGGCAATATGGTGAAACCCTATCTCTACAAAAAAATACAAAAATTAGCTGGGCATGGTGGCATGCACTTGTATCCCAGCTACTCCAGAGGCTGAGGTGGGAGGATTGCTTGAGCCCAGGAGGTTGAGGCTGCAGTGAGCCATGATCACACCACTGCACTGTAGCCTGGGCAGTAGAGCGAGACACTGTCTAAAAAAAAAAAAAAAGAAAAGAAAAGAAAA"
"GL873521","7070010","7070206","chr5","79804250","79804453","53","72734240","GGCCAGGCAAGATGGCTCATGCCTGTAATCCTAGCATTCTGGGTGGCTGAGACAGGCATATTCCCTGAACTCATGAGTTGGAGACAAGTCTGAGCCAGAGTTAGACCTCATCTCTAAAAATAGCCTGGCATTGTGGCATACACCTGTAGTCTCAGCTACTTGGGAGGCTGAGGTGAAAGAATTGCTTAAGCCCAAGA","CAGGCACTGTGGATCACACCTGTAATCCCAGCACTTTTGGAGGCTGAGGCGGGCAGATTGCTTGAGCTCAGGAGTTTGAGACCATCTTGGGCAACCTGGTAGAACCACATCTCTACAAAAAATTAGCCGGGCATCGTGGCACACGCCTGTAGTCGCAGCTATTTGGGGGGCCTCCTGAGGTGAGAGGATTGCTTGAGTCCAGGA"
"GL873521","7070300","7070404","chr10","27497894","27497990","34","20427594","GTAAGCCCAAGATTTTGAGGTTGCTGTGAGCTATAATGCCATAGCACGCTAACTGAAGCAAAGTAACTATGACAAAGTAAGACTCGGTCTCAAGAAAGAGAAAAA","CACTTGAGCCCAGGAGGTTGAGGCTGCAGTGAGCTATCATGCCACCACACTCCAGCCTGAATTACATGGCAAGACCCTGTCTCAAGAAAAAAAAAAA"
"GL873521","7099137","7099314","chr16","419989","420167","56","6679148","GGCTGGGTGCCGCGGCTCACACCTATAATCCTAGCACTCTGAGAGGCCAAGGCAGGTGGATTGCTTGAGCTCAGGCACTTGAGGCCCTCAAATAGAAAAACTAGCCCAGCCTTGTGGTGGGCCCCTGTAGTCCAGCTACTTAGGAGGCTGAGGCATGAGGATCGATTGAGCCCAAGTA","CTGGGCACCGTGGGTCATGCCTGTAATCCCAGCACTTTGGGAGGCTGAGGCAGGAGGATCACTTAAGCCCAGGTGTTCAAAAAACAAACAAAAAAACATTAGCCAGGTGTGGTGGTGCACACCTGTAGTCCCGGCTACTCAGGAGACTGAGGTGGGAGGAGCTCTTAAGACCGAGAGGT"
"GL873521","7099591","7099694","chr5","181790038","181790151","31","174690447","TGAGGCCAAGTATTTGAAGTTGCTGTGAGCTATGATGTGGCGCTCTACCAAGGTTGATAAAGTGAGACTCTGTCTCAAAAACAAACAAACAAACAAAAAAGCAA","TTGCTTGAGCCCAGGAGGTGGAGGTTTCAGTGAGCCAAGATCGTGCCACTGCACTCCAGCCTGGGTGACAAAGTGAGACCCTGTCTCAAAAACAAACTAACAAACAAAAAACAA"
"GL873521","7182117","7182284","chr17","14741482","14741644","46","7559365","AATTAGCCAGGCATCATAGCACATGCCTATAGTCCCAACTATTCAGGAGCCTCAGGGCCAGGAGGATCCCTTGAATATAGGAGTTTGGGGTTACTGTGAGCTATAATGATACCACCCACTGCACTTTAGTCTGGGTGACAGTGAGACCCCGGCTCAGGGGGAAAAAAA","AATTAGCCAGGCATGGTGGCACATGCCTATAGTTCCAGCACTTTGGGAGGCTAAGGCAGGAGGATTGCTTGAGCCCAGGAGTTTGAAGTTACAGTAAGCTATGATCATGCCATTGCACTCTAGCCTGGGCAACAGAGTGAGACCTTGTCTCTAAAAAAAAAAA"
"GL873521","7182549","7182656","chr11","75656969","75657073","28","68474420","AACCCCAGCACTTTGGGAGGCCAAAGCAGGAGGATCATTTGAGGCCTAGGAGTTGGAAAGCAGGCAGAACAAGAGTGAGACTATCTTCATAAAAATACAGAAAAATTA","CCAGCACTTTGGGAGGCCAAGGCAAAAGGATCACTTGAGCCCAGGAGTTTGAACCAACCTAAGCAACAGAGTGAGACCCTGTGTCTACAAAATATTAAAAAATTA"
"GL873521","7224398","7224414","chr1","153358526","153358539","3","146134128","AAAAAAGAAAGTAAAAA","AAAAAAAAAAAAAA"
"GL873521","7224442","7224704","chr16","23925003","23925279","73","16700561","GTGTGATGGCTCATGCCCATAATCCTAGTACTTTGGGAAGCTTAGGCAGGAAGATTGCTGGAGGTCAGGAGTTCAAGACCCACCTGAGCAAGAATGAGACCCCCGTATCTACAAAAAATAGAAACATTAGCTGGGTGTGTTGGTGTATGTCTGCAGTACCAACTACTAGAGAGTTTGAGGCAGGAGGATCGTGTAAGCCCAGGAATTTGAGGTTGCAGTGAGCCACCACTGCACTCTACCCTGGGAGGCAGATCAAGACTGTG","GGCTGAGCGCGGTAGCTCATGCCTATAATCCCAGCACTTTGGGAGGCTGAGGCAGGTGGATTACTTGAGCTCAGGAGTTCGAGACCAACCTGGGCAACACGGTGAAACCCCTTCTCTACAAAAAACACAAGAATTAGCAGGGCATGGTGGTGTGCACCCGAAGTCCCAGCTACTCAAGAGGCTGAGGTGGGAGGATGGCATAAGCCCAGGAAGTGGAGGTTGCAGTGAGCCAAGATCATGCCACTGCACTCCAGCCTGGGTGACAGCAAGACTGTCT"
"GL873521","7244822","7245115","chr16","74165797","74166100","72","66920975","GGCCGGGCTCAGTGGCTCTATAATCCTGGCACTCTGGGAGGTCAAGGTGGGTGGATTGCTTGAGCGCAGGAGTTTGAGACCAGCCTGAGCAAGAGTGAAACCCCGTCTCTAAAAATAGCCAGGTGCTGTGGTGAGCCCCTATAGTCCCAGCTACTCAGGAGGCTGAGGCCAGAGAATCGCTTAAGCCCAGAAGTTGGAGGTTGCTGTGAGCCGTGATACCATAATTCTTTAACAAGGGTGACAGAGTGAGACTCTGTCTCAAAAAAACAAACATACAAACAAAAAAAAAAAAAA","GGCTGGGCACAGTGGCTCATGCTTATAATTCCAGCACTTTGGGAGGCCAAGGTGGGTGGATCACTTGAGCCCAGGAGTTCGAGACCAGCCTGGGCAACATGGTGAAACTCTGTCTCTACAAAAAATTAGCTGGGTGTGGTGGCTCGTGCCTGCAGTCCCAGCTACTCAGGAGGCTGAGGTGAGAGGATCAATGGAGCCCAGGAGGTGGAAGTTGCAGTGAGCCAGATCACACCACTGTACTCTCCAGCCTGGGTGACAGAGCAAGACCCTGTCTCAAAAACAAACAAACAAACAAACAAACAAA"
"GL873521","7391188","7391475","chr8","106723939","106724236","70","99332751","GGCATGGTGGCTCACACCTATAATCCTAGCACTCTGGGAGGACAAGGTGGGAGGATCCCTTGCACTCAGAAGTTCAAGACCAGCCTGAGAGAGAATAGGACCCCATCTCTACTAAAAATAGAAAAATTACCTGGGCATTGTGGTTGGTGCCTGTAGTCCCAGCTTCTTGGGAGGGTGAGGCAGGGGCATCACGTGAGCCCAGGAATTTGAGGTTACAGTTAGCTGTTTTGTCACAGCCATCTACCCAGGGCAACAGAGTGAGACTCTATCTCAAAAAGAAAAAAAGAG","GGTGCTGTGGCTCAAGCCTATAGTCCCAGCACTTTGGGAGGACAAGGTGGGAGGATCACTTGAGCCCAGCAGTTCAAGACCAGCCTGAGCAACATGATAAGACCCCATCTCTACAAAAAATTAGAAAAATTAGCCAGGCATGGTGATGTATGCCTGTGGTCCTAGCTACTTGGGAGGCTGAGGCAGGAGGATCCCTTGAGCCCAGGAGGTCAAGGTTGCAGTGAGCCATGGTTGTACCACTGTACCCCAGCCTGGGTTACACAGTGAGATCCTATCTCAAAAAAAAAAAAAAAAAAAA"
"GL873521","7391570","7391585","chr17","38661961","38661976","2","31270391","GAAAAAAAAAAGAGAA","GAAAAGAAAAAAGAAA"
"GL873521","7411261","7411442","chr4","57296207","57296386","41","49884946","AGAAAGAAAGAAAAAAAATTAGTCAAGAATGGTGGCATGCACCTATATTCCCAGCTACTCAAGAGACTGAAGCAGGAGGATTACTTGAGCTCAGGAGTTGGGGGCTGCAGTAAGCTTTGACTATACTAATGCACTCCAGCCTGGGTGACAGAGCGAGACCCTGTTTCAAAAAAGAAAAAAAA","AAAAAAGAAAAATTAGCCAGGCATGGTGGCATGTGCCTGCAGTCCCAGCTACTCAGGAGACTGAGGTGGGAGGATTGCTTGAGCCAGGGAGATTGGGGCTGCAGTGAGCTGTGATATCATGCCACTGTACTCCAGCCTAGGCCGCAGAGTGAGACCCTGTCTCAAAACAAAAACAAAAAA"
"GL873521","7411723","7411845","chr16","11721596","11721721","28","4309873","GGCTGGGTGCAGTGATCCTAGCCTTTTGGGAGGCTGAGGCAGGAGGACTGATTGAGGCCATGAATTTGAGACCAGCCTGAGCAAGAGTGAGACCTTGTCTCTGCAAAAAATAGGAAAATTAGT","GGCTGGATGCGGTGGCTCATGCCTTTTGGGGAGGCTAAGGCAGGAGGATTGCTGGAGCCCAGGAATTAAAGACCAGCCTGGGCAACATAGTGAGACCTCGTCTCTACAAAATTAAAAATTAAGTTT"
"GL873521","7473204","7473396","chrX","14950093","14950281","51","7476889","CAAAAAAAAAACCTTAGCCAGGTATGGCAGCACAGATTTGTCATCCCAACTACTCAAGAAGCTAAGGTGAGAAGATCACCTGAGCACAGGAGTCTGAGGTTATAGTGAGCTGTGACTGGGCCATTCACTACATTCCAGCCTATGCTATAGAGTAAGACCCTGTCAAAAGAAAAAAAAAGAGAGAGAGAGAAAA","TCAATAAATAAAAATTAGCCAGGCATGGTAGCACATGCCTGTCGTCCCAGTTACTCAGGAGGCTGAGGTGGGAGGCTCACCTGAGCCCAGGCATTGAAGGCTGCAGTGAGCTATGATCACAACACTGCATTCCAGCCTGGGTGACAGAGCAAGACCCTGCCTCAAAATAAAATAAAGAAAGAAAGAAAA"
"GL873521","7473423","7473542","chr14","57739259","57739375","24","50265836","CTGGGCACAGTGTTCATGCCTGTAATTTGAGCACTTTGGGAGGCCAAGGCTAGAGGATCACTTGAGGCCAGGAGTTTGAAACCAGCCTCAGTAACACAGAGAACCCTCATCTCTATTTAA","CTGGGTACATTGGCTCAAGCCAGTAATCCCAGCACTTTGGGAGGCCAAAGCAGGAGGATCACTTGAGGCCAGGAGTTTGAGACCAGCCTGGGTAACATGAGACCCTGTTTCTACAAA"
"GL873521","7573100","7573248","chr5","35112160","35112317","42","27539060","AGCCAGATGTGGTCTATAGTCCACAGCTACTTAGAGGCTGAGGCAAAGGGATCACTTGAGCCCGAGAGTTCAGGGCTGTGGTGCACAATGATCATGTCTGTGAATAGCCACTGCACTTCAGCCTAGGCAACATAGCAAGACCCTATCTC","AGCCTGGTGTAGTGGCACATGCCTATAGTGTCAGCTACTGGAGAGGTTGAGGCAGCAGGATTGCTTGAGTCCAGCAGTTCAAGGCTGTAGTGCACGATGATGGTGCCTGTGAATAGATACTGTGCTTTAGCATGGGCAACACAGCAAGACTCTGTCTG"
"GL873521","7601934","7602029","chr5","155700261","155700353","20","148098327","GGCTGAGCCCAGAGGCTCATGCCTGTAATTCTAGCACTCTGGGAGGCTGAGGCAGGTGGAGTGCTTGAGCTCAGGAGTTAAAAAAATCCAGTTTGA","GGCCGGGCACAGTGGCTCATGCCTATAATCCCAGCACTTTGGGAAGCTGAGGCAGGAGGATTGCTTAAGCCCAGGAGTTCAAGACCAGTCTTG"
"GL873521","7602314","7602531","chr2A","29137649","29137868","57","21535335","GACCAGTGTGAGCAAGGGCAAGACTCTGTCTCTACTAAAAATAGAGAAACTAGCTGAGCATTGTGGTGGGTGCCTAAAGTCTCAGCTGCTCAGGAGGATAAGGCAGGAAGATCTCCTGAGCCCAGGAGTTTGAGGTTGATGTGAGCTATGATGATATCGCATTCTAACCAGGTAACAGAGTGAGGCTTTGTCTCAAAAAAAAAAAAAAAAAAGAAAAA","CAGCCTGGTCAACATAGGGAAACTCTGTCTCTACAAAAAGTTAAAAAATTAGCTGAGCATGGTGGCACATGCCTGTAGTCTCAGCTACTCAGGAGGCTGAGGCAGGAGGGTCACTTGAGCCTGGGAGGCTGAGGCTGCAGTGAGCTGTGATCATGCTATTGCACTCCAGCCTGGGAGACAGAGTGAGATCCTGTCTCCAAAAATAAAAAATAAAAATAAA"
"GL873521","7608283","7608358","chr9","32411376","32411450","22","24803093","AGGCTGAGGAGGAAAGATTACTTGAGCCCCAAAATCTAGCCTTGGTGACATAGTGAAACTCTGTCTAAAAAAAATA","AGGTGGGAAGAGTACTTGAGGCCAGGAATTCAAATCTAGCCTGGGCAACATAGTGAAACCCTGCCTTAAAAAAAA"
"GL873521","7633232","7633420","chr7","4237351","4237553","52","3395881","GTGGTGGCTCATGCCTGTAATCGTAACACTCTGGGAGGCTGAGGTGGGTAGATTGCTTCAGCTTAGGAGTTCGGGACCAACCAAAGCAAGAATGAGACCCCCTCTCTACTAAAAACAGAAAGACTAGCCAGGCATTGTAGCAGGTCCTGTAGTCGCTACTCAGGAGGCTGAAGCAGGAGGATCACTTAA","GGTCAGGCATGGTGGCTCATGCCTGTAATCCCAGCACTTTGGGAGGCCGAGGTGGGCAGATTGCTTGAACTCAGGAGTTGAAGACTAGCCTGGGCAACACGGCAAAACCCCATCTCTACTAAAACTACAAAAACTAACTGGGCATGGTGGCACGCGCCTGTAGTCCCAGCTACTGGGGAGGCTGAGGTAGGAGGATCACTTGA"
"GL873521","7636438","7636492","chr5","38545852","38545906","11","30909414","ATTCAAGCCTGGGTGACAGAGTGAGACACTATCTAAGAACAATAAATAAATAAAA","ATTCCAGCCTGAGTGACAGAGTGAAACCCTGTCTCAAAACAAAAACAAAAACAAA"
"GL873521","7696982","7697091","chr9","129918441","129918551","24","122221459","TAATCCTAGCACTCTGGGAGGCCAAGGTAAGTGGATTGCTTGAGCTCAGGAGTTCAAGAGCAGCCTGAGCAAGAACAAGACCCCAACTCTATTAAAAATAGAAAAAAGCA","TAATTCCAGCACTTTGGGAGACTGAGGCAGGAGGATTGCTTGAGCTCAGGAGTTCGAGACCAGCCTGGGCAACATATTGAGTCCTCATCTCTATTAAAAATTAAAAAAATA"
"GL873521","7697336","7697489","chr7","132712253","132712405","44","125014917","GTAGAAAAAAGGCCAGCTGGGCATAGTGGTACATGCTTGTAGTCCCAGCTACTTGGAGACTAAGGTAAGAGGACTGCTTAAGTCCAAGAGCTTAAGGTTGCTGTGAGCTATGACACCACAGGGTGATAAGAGTGAGACTGTCTCCAAAAAAAAA","GAATTAAATAAAAATTAGCAGGGCATGGTGGCATGTGCCTGTAGTGCCAGCTACTTGGGAGGCTGACGCCAGAGGATTACTTGAGCCCAGGAGTTGGAGGTTACAGTGATCATGCCACTGCATGACAGAGTGAGACCCTGTCTCAAAAAAAAA"
"GL873521","7750582","7750651","chr7","149337669","149337736","11","141587087","GCTGGGTAAGAGTGGCTCATACCTATAATCCCAGCACTTTTGGGAGGCTGAAACAGGAGGATCACTTGAG","GCTGGGCACAGTGGCTCACACCTGTAATCCCAGCACTTTGGGATGCTGAGGCAGGAGGATCATTGGAG"
"GL873521","7784733","7784858","chr3","160952502","160952627","25","153167769","GGCCGGGCATTGATGGCTTCTACCTGTAATCCCAGCACTTTTGGAGGCTGAGGTGGGAGGTTTCATTGAGATCAGGAGTTTGAGACCAACTTGGGCAACAGTGAGACCCTGCCTTAAAAAAAAAAA","GGCCAGGCATGGTGGCTCACACCTGTAATCCCAGCACTTTGGGAAGCTAAGGTGGGAGGATCGCTTGAGCACAGAAATTTGAGACCAGCTTGGGCAACATAGAGATCCTGTCTCTATTAAAAAAAA"
"GL873521","7784884","7785052","chr16","1604263","1604439","38","6180621","AATTAGGCAGGCATGGTGGCACTTGTCCCAGCTACTTGGAAGGCTGAAGGAGGAGGATCACTTGAGCCCAGGAGTTAGAGGTTGCTGTGAGCTTTGATGCCACTGTACTCTAACCTGGGCAACAGAGTGAGATGTGCCTCAAAAACAAACAAACAAACAAAACCAAAAA","AATTAGCCAGGCATGGTGATTGGCACCTGTGGTCCCAGCTACTTGGGAGGCTGAGGCAGGAGGATGAATTGACCCCAGGAGTTTGAGGCTGCAGTGAGCTATGATGGCACCACTGCACTCTAGCCTGGGCGACAGGATGAGATCTGTAAAAAAATAAATAAAAATGAAAATAAAAAA"
"GL873521","7870707","7870997","chrX","70230306","70230599","61","62359599","GCTGGGCACAGCAGCTCACACCTGAAATCCCAGTACCCTGGAAGGGTGAGGATGGAGGATCACTTGTGGTCAGGAGTTCAAAAACAGCCTAAGCAAGAGTGAATCGCCATCTCTATTAAAAATAGAGAAATTAGCCAGGTGTGGTGGCATTTGCCTGTAGTCCCAGCCACTTGGGAGGCTGAGGCAGGAGGATCATTAGAACCCAGAAGGTGGAGGTTGCAATGAGCAGTAATGACACCACTGCACTCCAGCCTGGGTGACAGAGCAAGTCTCTGTTTCAAAAAAAAAAAA","GGCCAGGTACAGTGGCTCACACCTGTAATCCCAGCACACTGGGAGGCAGAGGCGGGCAGATCATTTGAGCTCAGGAGTTCAAGAGCAGCCTGGGCAACATGGTGAAATCCCATCTCTACAAAAAATAGAAAAATTAGCCGAGTGTGGTGGCACTCCTCTGTAGTCCCAGCTACTTGGAAGACTGAGATGGGAGGATCATTTGAGCCCAGGAGGCGGAGGTTGCAGTGAGCTGAGATTGCACCACTGCCCTCCAGCCTGGGCAACAGAGCAGGACCCTATCTCAAAAAAAAAAAA"
"GL873521","8041789","8041920","chr12","80555695","80555826","29","72513906","GTGGTGGCTCATGCGGATTATCCCAGTACTTTGGGGAGGTTGAGGCAGGAGGATTGCTTGAGCCCAGGAATTTGAGACCAGCCTGAGCAACATAGTAAGACTCTATACAAAAAAATAGAAAAATTAGCCTGG","GTGGCTCATGCCTGTAATCCCAACACTTTGGGAGGCTGAAGCAGAAGGATTGCTTGAACCAGGAGTTTGAGACCAGCCTGGGCAACATAGTGAGACTATCTCCACAAAAATAAATAAAAAATTAGCTGGGCA"
"GL873521","8042182","8042375","chr4","7236991","7237179","49","805191","GGTAAAAAAGAAAAAGAAAAATTAGCCAGGAGCACTAGCTTACGGCTTGTAGTCCTAGCTACTCAGGAGGCTGAGGTAGGGGAATTGCTGGAGTCCAGGAGTTTGAAGCCACAGAGAGCAAAGACCACACCACTGTACTCCAGCCTAGGCAATAGAACAAGACCCTGTCTCTGAAAAAAATAAATAAAAATAAA","TAAAAAAAATACTTAAAATTAGCCAGGCGTGGTGGCACACACCTGTGGCCCCAGCTACTCAGGAGGCTGTTGTAGGAGGATCCCTTGAATCCAGGAGGTCAAGGCTGCAGTAAGCCAAGATCACGCCACTGCATTCCAGCCTAGGCAACAGAGCAAGATCCTGTCTCTTAAAAAAAAAAAAAAAAAGAA"
"GL873521","8067082","8067383","chr20","31024244","31024552","81","22957162","GGCCAGGTGTAGAGGCTCACACTTATAAGCCCAGCACCCTGAGAGGCCGAAGTGGGTGAACTGCTTGAGCTCAGGAGTTCAAGAGTAGCCTGAGCAATAGTGAGAGCCGATTTCTACTAAAAACAGAAAACCTAGCCAGGCACTGTGGTGGCGTCTATAGTCCCAGGTACTCGGGAGGCTGAGGCAGGAGGATTGCTCAATCCTAAACTTTGAGGTTGCTGTGGGCAATAATGCCATATCTCTACCCAGGGGAAAAGAATGAGACTCTGTCTAAATAAATAAATAAATAAAATAAAAACAAA","GGCCAGGCACAGTGGCTCACACCTGTAATCCCAGCACTTTGGGAGGCCGAGGTGGTGGACTGCTTGAGCTCAGGAGTTCAAGACCAGTCTGGGCAACATGGCAAAACCTTGTCCCTACAAATAATACAAAAATTAGCCAGGTGCGGTGGCATGTGCCTGTAGTCCCAGCCACTTGGGAGGCTGAAGTGGGAGGATTGCTTGATCCTGGGAGGTAGAGGCTGCAGTGAGCCATAATTGTGCCACTGCACTCCAGCCTGGGCAACAGAGTGAGACCCTATCTCAAAAATAAATAAATAAATATAAAGAAAA"
"GL873521","8204885","8205108","chr10","14099107","14099324","63","5894222","CGAATTCGAAACCAGCCTGAATAAGAGTGAGATCCGTCTCTAATGAAAAGAGAAAAACTAGCAGGTTTTGTGGTGGGTGCCTTTAGTCTCAAGCTACTTGGGAGCCTGAGGCAGGAGGATCACTTAAGCCCAGGAGTTTGAGGTTGCTGTGAGCTATGATAACATTAGGGCATTCTAGCCTGGGAAACCGAGTGAGACTCTGTCTTAGAGAAATAAAAAATAAA","AGACCAGCCTGGGCAACATGACAAGATCCCGTCTCTACAAAAAATACAAAAATTAGCAGCGTGTGGTGGGGTGTGCCTGTAGTCCCAGTTACTTAGGAGGCTGAGGCAGGAAGATCACTTGAGCCCAGGACGGGGAGGTTACAGTGAGCCGTGATCACACCACCACACTCCAGCCTGGGTGACAGAGTGAAACTCTGTCTCTATAACAAACAAACAAA"
"GL873521","8205374","8205463","chr18","31130683","31130770","22","22925309","GCCGGACATGGTGGCTCATGTCCCTCCTGTAACCCTAGCACTCTGGGAGGCTTTGGCCTAAGGATTTGAGCTCAAGAGTTTAAGACCAGG","GGCCAGGCATGGTGGCTCACACCTGTAATCCTAGCACTTTGGGAGGCTAAGACCAGAGGATAATTAAGCTCAGGAGTTCAAGACCAGC"
"GL873521","8530940","8531225","chr4","131255414","131255698","71","122724474","GTCAGGTGTGATGGCTCGTCCTGTAATCCCAACACTCTGGGAGGCTGAGGCTGGTGGTTTGCTTGAGCTCAGGAGTTCTGAGACCATCCTGAGGTAAGAGTGAGACCCCATCTCTACTAAAATTAGAAAAAAAATTACCCAGGTGTAGCGGTGATGCCTGTAGTCCTAGCTACTTGGGAGGCTGAGGCAAGAGGATTGCTCAAGCCTGAGAATTTGAGGTTGCTGTGAGCTATGACTCCATCGCACTCAACCCCAGGGTGACTGAGTGTGATTGTCTGAAAAAGAA","GGCAGGACACGGTGGCTCACACCTGTAATCCCAACACTTTGGGAGGCTGAGGCAGGTGGATCACTTGAGCTCAGGAGTTGAGACCAGCCTGGGCAACATGGTGAAACCCCATCTCTACTAAAAATACAAAAATTAGCCAGGCATGGTTGTGGATGTCTGTGGTCCCAACTACTTGGGGGGCTGAGGCAGCAGGATTGCTTAAGCCTGGTAATTTGAGGCTGCAGTGAGCCATGTTCTTGCCAGTGCTCCAGCCTGGGTGACAAAGCAAGACCCTGTCTCAAAAAA"
"GL873521","9138426","9138710","chr17","16672309","16672598","64","7533883","GGTGGCTCATGTCTGTAATCCGAGCACTCTGGGAGGCTAAAGTGGAAGGATCACTTGAGCTCAGGAGTTTGAGACTAGCCTGAGCAAAAGTGAGAACAATGTCTCTATTAAAAATAGAAAATTAGCCAGGTGTTATGATAGGTGCCTGTAGTCCCAGCTATTCAGGAAGGCCAGGAAGGAGGATCCCTTGAGCTGGGGAGTTTGAGGTTGCTGTGAGCTGTGATGACACCATGGCACTCTACCCATGATGACAGAGTAAGACTGTCTCTAAAGGGAGAAAAAAAA","GTGGCTCACACCTGTAATCTCAGCACTTTGGGAGGCTGAGGCGGGAGGATCACTTGAGCCCAGGAGTTTGAGACCAGCCTGAGCAACATAGTAGGCTCCTGTCTCTACAAAAAAATACAAAAATTAGCTGGTACTGGTGGCATGTGCCTGTAGTCCCAGCTACTCAGGAGGCTAAGGCAGGAGAATCGCTTGAGCCCAGGAGGTTGAGGCTGCTATGAGCTGTGATGGCACCACTGCACTCCAGCCTGGGTGACAGAGTGAGACCTGGTCTCAAAAAGAAAAAAAAAAAA"
"GL873521","9337001","9337128","chr7","153795408","153795531","29","144458407","CTGGGCTCAGTGGCTCATGCTTGCAAGCCCAGCACTCTGGGAGGCCAAGGCAGGTGGATTGCTCGAGTTCAGGAATTTCAGACCAGTCTAAGAAAGAGTGAGAGCCCATCTGTACTAAAAATAGAAAC","CTGGGCACAGTGGCTCACGCCTGTAATCCTAGCACTTTGGGAGTCCAAGGCAGGAGGATGCTTGAGTCCAGGAGTTCAAGACCAGCCTGAGCAATATAGTGAGACCCCCATCTCTACAAAAAAA"
"GL873521","9337149","9337320","chrX","5183862","5184037","43","4153287","TAAAATACTAGCTGGGCATTGCGATGGGTGCCTGTAATTCCAGCTACTCAGGAGGCTGAAGCAAAAGGATCACTTGGGCCCAAGAGTTTGCGGTTGCTGTGAGCTGTGATTACACCACAGCACTCTCCCCAGGCAGAGAGAGACTCTGTCTTTAAAAACAAACAAACAAAAA","ATAAAAATATTAGCTGGGCATGCTGGTACATGCCTGTAGTCCCAGCTACTCAGGAGGCTGAGGCCTGAGGATCACTTGAGCCCAGGAGTTCCAGGTTGCAGTGAGCCGTGATTGCACCATTGCACTCCAGCCTGGGCCACAGGGCTAGACCCTGCTCAAAAGAAAACAAAAAAGAA"
"GL873521","9671716","9671832","chr6","38551166","38551279","31","28879450","GGCTAGGCAGGGAGGCTCAAAACTAAAATTTTAGCACTCTGAGAGCCCAAGGTGGGAGAATTGCTTGACCTCGGGTGTTTGAGACCAGTCTGAGCAAGAGTAACATCACATCTCTAC","GGCTAGGCGTAGGGGCTCAAACCTGTAATTCCAGCACTTTGGGAGGTCAAGGTGGGAGGATTACCTGAGGCCAGGAGTTTGAGACCAGCCTGAGCAACAGTGAGACTTTGTCTC"
"GL873521","9671895","9672063","chrX","24568892","24569057","39","14896997","TAATTAGCCAGGCATAGAGGTGGTATACACCTGTAGTCCCAGCTACTCTGGAGGCTAAGTCAGAAGGACTGGTTGAACCCAGGAGTCTGAGGTTGCTGTGACTAGGCTGATGCCACAGAACTCTAGCCTGATCAACAGAGTGAGACTCTGCCTCAAAATAAAAAAGGAA","AAATTAGCTAGGCATGGTGGCATGCAACTATAGTCCCAACTACTCAGGAGGCTGAGGCCGGAGGATGGTTTGAGCCCAGGAGGTGGAGGTTGCAGTGAGCCAAGATCACACCACTGCACTCCAGCCTGGGCAACAGAGTGAGACCCTGTCTCAAAAAAAAAAAAAA"
"GL873521","9699009","9699116","chr16","57943722","57943822","32","48244713","TCTGAGACACTCGGGAGGCTGAGCCTAGGAGTTTGAGGTGACAGTAAGCTAAGTTGATGTCACTGCATTCCATCCTAGGCAACAAAGCAAGATCTTATCTCTAAAAGA","GGAGGATTGCATGAGCCCAGGAGGTTGAGGCTGCAGTGAGCCAAGATCGTGCCACTGCACGTCAGCCTGGGCAACAAAGCAAGACTCTATCTCAAAAAAAA"
"GL873521","9699330","9699522","chr6","3030697","3030873","65","6668633","GGCTGCATGTGGTGGCTCGTGACTGTAATTTCACCACTTCAAAAGGCTGAGGCAGAGGAGTCACCTGGGGCCCAGAAAGTCACCCTTAAAGTCCAGCCTGAGTAACACAGTGAGACCCAAGATCCCAACTCCACAAAAGAAAAAAGAAGGGAAAGGAAAGAAAAGAAGAGTGGTGTGTGGTGACCTCCTAGAC","GGCCAGGCATGGTGGCTCTCCCCTGTAATCCCAGCACTTTGGGAGGCCAAGGCAGAAGGATCGCTTGAGCCCAGGAGTTTTAAGACCAGCCTGAGCAACACAGAGAGACCAGATCCCACTTCCACAAAAAAAAAAAAAAAATATTTGCCAGGCGTGATGGTGCATGCCTGTAGTCCC"
"GL873521","9879625","9879892","chr2A","20521665","20521953","79","10642040","GGGTGGGCACTGTGGCTCAGGCCTCCTAGCACTCTGGGAGGCCGAGCTGGGTGGATGACTTGAGCTCATGAGTTTGAGACCAGACTGAGCAAGAGCAAGCCCCATTTTTAAAAATAGCCAAGTGTCATGGTGGGCATCTATAGTCCCAGCCAGTTGGCAGGCTGAGGAAGAAGGCTTACTTGAGCTCAAGAGGTAGCTGTGAGCTGTGATGCCATGGCACTCTACCCAGGACAACAAAGTAAGACTGTCTCCAAAAAAAAGAAAAAAA","GGCTGGGCACAGTGGCTCACGCCTGTAATCCCAGCACTGTGGGGAGGTCAAGTTGGGTGGATTGCTTGAGCCCAGGAGTTTGAGACCAGCCTAAGCAATAGGCAAAACCCTGTCTCTACAAAAATCAGCCAGGTATGGTAGTGCGTACCTGTAGTCCCAGCTACTCAGGAGGCTGAGGTGGGAGGATCACTTGAGCCTGGGAGGTGAAGGCTGAAATTAGCCATGATCATGCCACTGCACCCCAAGCCTGGGCAACAGAGCAAGACCTTGTCTCAAAAAAAAAAAAAAA"
"GL873521","10097455","10097754","chr11","114714719","114715027","67","104617264","GGCCTGGGTGTGGTGGCTCACACCTTAATCCTAGCACTCTGGGACGATGAGGCAGGTTTGCTTGACCTCAGGAGTTTGAGAGCAGCCTGAACAAGAGTGAAACTCTGTCTCTACTAAAAACAGAAAAACTAGCCTAGTGTAGTGGTGCACCCCTGTAGTCCCAGCTGCTCAGGAGGCTGAGGCAAGAGGATCACTTGAGCCCAAGAGATTGAGGTTACTGTGAGCTGTGAGGCTGTGTTACTCTACCCAGGGCAAGAGAGTGAAGCCATCTCAAAAAAAAAAAAAAAAAAAAAAAAAAAA","GGCCAGGTGTGGTGGCTCACACCTGTAATCCCAGCACTTTGGGAGGCTGAGACAGGTGGATTGCTTGAGCCTAGGAGTTCGAGACCAGCCTGGCAACATGGCGAAACCTTGTCTCTACAAAAAATACAAAAATTAGCCAAGTGTGGTGGTGCACACCTGTGGTCCAAGCTACTCGAGAGACTGAGGTGGGAGGATTGCTTGAGCCCAGGAGGTTGAGGCTGGGGTGAGTTGAGATCATGCCACTGCATTCCAGCCTGGGCAACAGAGGAAGACCCTGTCTCAAAAAAAAAAAAAAAAAAAAAAAAAAAA"
"GL873521","10225742","10225927","chr15","49930173","49930354","59","39704431","TGGCTTACACCTGTAATCCTAGCACTTTGGGAGGCCACAGCAGATGGCTGCTTGAGCTCAGGAGTTCAAGCCTAGCCTAAGCAAGCCAGAACCATTGCCACTAAAAACAAAAAAAATAGCTGGAGTTGTGGGCACCTGTAGTTAGTTCCAGCTACTTAGGAGGCTGAGGAAAAAGGATGGCTTGAT","GCCTGTAATCCCAGCACTTTGCGAGGCCGAGGCCAGGCAGATCACTTGAGCCCAGCAGTTCAAGACCAGCCTGGGCAACATGGCAAAACTCCTTCTCAACAAAATACATAAAAATTAGCTGGGTGTGGTGGCATGTACTTTCAGTCCCAGCTACTCAGGAGGCTGAAGCAGGAGGATCATTT"
"GL873521","10226192","10226278","chr4","154285033","154285123","27","144058841","GAGGATGGCTTGAGCCCAAGAGTTTGAGGTTGCTATGAACTATGATGTCATGGCACTCTATCCCTGGCCACAGAATCAGACTCTGTC","GGAGGATCACTTGAGCCCAGGTGGTTGAGGCTGCAGTGAGCTGTGTTTATACCACCACACTCCAGCCTGGGCCGCAGAGTGAGACTTTGTC"
"GL873521","10399308","10399475","chr9","96945917","96946089","50","86546609","GGCCAGGTATGGTAGCTCACACCTGTAATCCTTGTACTCTGGGAGGCTTAGGAGCAAAGATCACCTAAGTGTAGGCATCTGAGACCAGTTTGAGCAAGTGAAACCCCATATTTACTAAAATTAGAAAAATTAGCTAAATGTTGTGGCAGGAACCTATCGTCCTAGCTA","GCCGGGTACAGTGGCTCACACCTGTAATCCCAGTACTTTGGAAGGCCAAGGCCAGAGGATTACTTAAGGCCAAGAGTTTGAGACCAGTCTGGGCAACATGGTGAAACCCCATCTGTACAAAAAATACAAAAATTAGCTGGGCATGAGGGCATTTGCCTGTGGTCCTAGCTACT"
"GL873521","10449464","10449583","chrX","134402652","134402771","17","123953188","GGCCAGAGGTGGTAGTTCATGCCTATAATCCCAGCAATTTGGGAGGCTGAGGGGGGAGGATAGCTTGAGGCCAGGAGTTTGACCCCTGCCTAGGCAACATAGTGAGACCCTATCTCTACT","GGCCAGATGTAGTGGCTCATGCCTGTAATCCCAGCACTTTGGGAGGCTGAGGTGGGAGGATCACTTGAGCCCAGGAGTTTGAGACCAGCCTGGGCAACATAGCAAGACCCTGTCTCTACT"
"GL873521","10449618","10449745","chr1","23164480","23164594","46","12714862","CCAACCATAATCGAGCACCTACAGTTCTAGCTACTCCGCAATCTCAGGCAGGGGAAGATTGCTTGAGTCTAGGAGTTCAGGGTAAGCTACTGCCCTTCAGCCTGGGAAACAGAGGAAGACCTTGTCTC","GGCCAGGCACAGTGGTGCCTACCTACAATCCCAGCACTTTGGAAGGCTGAGGCAGGAGGATCGTTTGAGGCCAGGAGTTCAAGATCAGCCTGGGTAACATATCAAGACCTGTCTC"
"GL873521","10796827","10797050","chr7","39187608","39187844","67","28390781","ACTCTGGGAGGCCAAGACAGGTGGATTGCTTAAGCTCAGGAGTTGGAGACCAGCCTAAGCAAGAGTGAGACCTCGTCTCTAAAAATATCTGGGCATTGGTTGGGCACCTGTAGTCCCAGCTACTCAGGAGGCTGAGGCAATAGGATTGCTTGAGCCTAAGGATTCCTGTGAGCTATGATCCCACAGCACTTTACCAAAGGTGACAAAGTGAGACTCTATCTCAA","CACTTTGGGAAGCCAAGGCAGGAGGATTGCTTGAGTGAAGGAGTTCAAGACCAACCTGGGCAAGATTGGGAGAAAAAAATTAAAAATTAGCTGGGCATGGTGGTGCATGCCTGTAGTCTCAGCCACTGGGAAGGCTGAGGCAGGAGGATCGCTTGAGCCTGAGAGATTGAGGCTGCAGTGAGCCTTGATTGTGCCACTGCACTCCAGCTTGGGCAACAGAGTGAGACCCTGTCTCAA"
"GL873521","10797081","10797110","chr4","40399247","40399277","7","29602166","CTGGGTGCAGTGGCTCATAGTTGTAATCCT","GGCTGGGTGCAGTGGCTCACATCTATAATCC"
"GL873521","11204849","11204966","chr7","73480490","73480609","28","62275641","GGCCAGGCATAGTGGCCTCCAAAAATCTTAGGACTTTGGGAGGTAGAGGTAGGAGAACTACTTGAGCCAAGGAATTCAATACTAGCCTGACCACAATAATGAGACCCTACCTCTACCA","GGCCAGGCACAGTGGCTCATGCCTATAATCTCAGTGCTTTGGGAAACTGAGGCAGGAGGATCACTTGAGCCCAGGAGTTCAAGACCAGCCTGGACAGCATAATGAGACTCCACCTCTACA"
"GL873521","11205003","11205140","chrX","7019379","7019524","37","4185624","TAGCCAGGCATGGTGGCACATACCCAAGTCCCAGTTACAGAAGAAGCTGAGGGAAGGGTATCAGGCCCAGAAGTTCAAGGTTGCCATGAGAGATGATCACACCACTGCAGTTCAGCCTGGGCAGCAGAGAGACCCTAT","TAGCCAGGCATGGTGGCACATGCCTGTAGTCCCAGCTACTCAGAAGGCTGAGGTCGGAGGATCTCTTGAGCCCTGGGGTGCAAGGCTGCAGTGAACCATGATCACACCAGTGCACTGCAGCCTGGGCAACACAGCAAAACCCTGTC"
"GL873521","11332611","11332889","chr9","110082691","110082973","78","98750080","GACGGGGAGCCATGGCTTGAGACTGTAATCCTAGTACTCTAGGAGGCCAAGGTGAGTGGATTACTTAAGCTCAGGAGTTAAAGTCCAGGCTGAGCAAGAGTGAGACCCTGTCTCTCCCCCAGATAGGAAAACTAGCCGGACATTGTAGTAGGCACCTGTAGTCCCAGCTTCTGAGGAGGCTGAGGCAAGAGGATTGCCTGAGCCCAACAGTTTGAGGTTGCTGTGAGCTAAAATGCCATGGAACTCTACCCATGGTGATGGAGTAGGATTCTGTCTCAA","GACTGGGCATGGTGGCTCCCAAAGTGTAATCCCAGCACTTTGGGAGGCCAAGGTAGGTGGATTGCTTGAGCCCAGGAGTTTGAGACCAGCCTGGGCAACATGGTAAAACCCTGTCTCTACAAAGAATACAAAAATTAGCTGGGCATGGTTGCATGCACTTGTGGTCCCAGCTACTCAGGAGGCTGAGGTGGGAGGGTCACTTGAGCCCAGGAGATTGAGGCTGCAGTGAGCTGAGATCGTGCCACTGCACTCTAACCTGGGTAATGGAGTGAGACCCTGTCTC"
"GL873521","11332916","11332939","chr22","30701628","30701648","4","19368712","ATAAAACTAAAAAGTAAGAAAAAA","AAAAACTAAAAAGAAAAAGAA"
"GL873521","11407564","11407699","chr17","81073514","81073640","45","69665950","AAAAACTAATGGCTGGGCATAGTATGTGTAGGTAGACTAGGCTACTTAGGAGGTCAAGGCAGAAGAATCACTTGAGCTCATGAATTTGAGGCTAGCATGGGCAATGATACCTCAGGTCTCAATAAAATATAAAAAA","GCCAAGCACAATGGCTCATGCTGGTAATTCTAGTACTTTAGGAGGCCAAGGCAGTAGGATCACTTGAGGCCAGGAGTTTGAGACCAGCGTGGGCCACACAGAGACCCTCCCTGTATAAAAAAAAAAA"
"GL873521","11442747","11442764","chr1","62222108","62222122","3","50779361","CCCATAAAATAAAATAAA","ATAAAATAAAATAAA"
"GL873521","11442802","11443056","chr17","73117863","73118118","82","61675061","GGCTGGGCGTGGTGTTTCATGCATGTAATCCTAATACTTTCAGAGGCTGAGGTGGATGCACTGCCTGAGCTCAGGATTTTAAAGCCAGCCTGAGGAAGAGCAAGACCCCATCTCTAAAAAATAGCTGGGCATTGTGGTGGGTGCTTGTAGTCCCCATTGTGGTGGGTGCTTGTAGGTAGCTCACGAGTTTGAGGATGCTGTGAGCTATGATGCACCACACTTCTTTCTACCCAGGGAGACAAAGCAAGACTCTGT","GGCCGGGCGTGGTGACTCATGCCTGTAATCCCAGCACTTTGGGAGGCCGAGGCGGGTGGATCACCTGAGCTCAGGAGTTCAAGATCACCTTGGGCAATGTAGTGAGACCTCACCTCTACAAAAATGAGCCAGGCATGGTAGTGCATGCTTGTAGTCCTGACTGAGGCAGGAGGATGATGAGCCCAGGAGGCAGAGGCTACAGTGAGCCATGATCGCTCCATCGCACTCTAGCCTGGGTGATGTGACACCCTGTCTC"
"GL873521","11751009","11751243","chr8","26546785","26547018","61","14795776","CAAGACCAGCCTGAGCAAAGCTAAACCCTGTCTCTACTAAAAATAAAAGGATTAGCTAGGTATGGTGGCATATGCCTGTAGTCCCAACTGCTCAGGAGTCTCAGGCAAGAGGATTGCTTGAGCCCATGAGTTAGAGGTTGCTGTGAGCTTTGATGTCATGGCACTCTATCCAGGGCAACTGAGTGAGACTGTCTCAAAATAAATAAATAAATAAATAAGAAAGAAAGAAAGAAAA","CAAAATCAGCCTGGGTCACATGGTAAAACCCCATCTCTACAAAAAATACAAAAATTAGCCAGGTATGGTGGCTTACACCTGTACTTCCCAGCTACTTGGGGGGCTGAGGCGGGAGGATCGCTTGAGCCCAGGAGGTAGAGGTTGCAGTGAGCTGAGATCGCACCACTGCACTCCAGCCTGGGTGACGGAGTGAAACCCTGTCTTAAAAAAAAAAAAAAAAAAAAAAAAAAAGAA"
"GL873521","12019379","12019705","chr16","68023292","68023602","103","56003913","GCTCACACCGATAATCCTAGCTCTGGGAGGCTGAGGGGGCAGGATCTCTTGAGCTCAGGAGTTTGAGACCAGACAGAGCAAGAGTGAGACCTTGTCTGTACTAAAAATTAACCAGGTGTGGTGGAAGGTGCCATCGTCTCAGCTACTCTGGAGGCTGAGGCAGGAGGATCCCTTGAACCCAGGAGGTTGAGGTTGCTGTGAGCCAGGCTAATGCCAAGATCTGGGGCATCAGAGTAAAACTGAGGTTGCTGTGAGCCAGGCTGATTCTAGCCTGGGCAACAGAGTAAGACTCTGTCTCAAAAACAAACAAACAAAAAACAAAAAAAA","CGGTGGCTCACACCTGTAATCCCAGCACTTTGGGAGGCTGAGGTGGGAGGATCACTTGAGCTCAGAAGTTTGAGATCAGCCTGGGCAACATGGCAAAACCTATCTCTAGAAAAAATACAAAAACTAGCCAGAGTGGCACGTGCCTGTTGTCCTAGCTACCCAGGAGGCTGAGGTAGGAGGATCACTTGAACCTGGGGGCAGAGATTGCAGTGAGCCATGATTGTGCCACTGCACTCCAGTCTGGGCAACTCCAGCCTGGGCAACAGAATGAGACTCTGTCTCAAAAATAAAAAAGAAAAGAAAAGGAAAAA"
"GL873521","12059316","12059592","chr5","143468399","143468692","69","131409083","GGCTAGGTGCAGTGGCTCATGCCTGTAATCCCAGCACTCTGGGAGGCTCAGGCAGGTGGATTACTTGAGCTCAGGAGTTGGAGACTAGCCTGAGAAAGAGTGAAACCCATCTCTACTAAAAATAGAAAAACTAACCAGGTGTGTGGTGGTCCCCTATAGTCCCAAATACTGGGGAGACAAGAGAATTGTTTGAGCCCAAGAGACTGAGGTTAGCTGTGATGACTCCATAGCACTCTACCCAAAGTGACAGAGTGAGATTCTGTCTCAAAAAAGGAAA","GGCCAGGCACAGTGGCTCATGCCTGTAATTCTAGCACTTTGGGAGGTCAAGGCAGGCAGATCACTTGAGCTCAGGAGTTCGAGACCGGCCTGGGCAACAGGGTGAAACCCCATCTCTACAAAAAAATACAAAAACTAGCCAGGTGTGGTGAAGTGTGCCTGCAGTCCCAGCTACTCAGGAGGCTGAGGCAGGAGAATTGCTTGAGCCTGGAGGCTGAGGTTGCAGTAAGTCAAGATCATGCCATTGCACTCCAGCCTGGGTGACAGGAGTGAAACCCTGTCTCAAAACAAAGAA"
"GL873521","12087639","12087865","chr4","25649068","25649301","60","13561429","GGCTGGGCTAGGTATACCATGCCTGTAATCCTAGCATCCTTAGAGGCAGAAGCAGGATTCCTTTAGCTCAGGAGATTAAGACCAGCCTGAGCAAGGGTGACACCCCATTTCCATCAAAAATAGAAAAACTAGCTGGGCATAGTGGTGGGCATCTGTAGTCCTAGCTACTCGGGAGGCTGAGGCAAGAGGATCCTTGGAGCCCAGGAGTTTGGGGTTGCTATAAGCCG","GGCCGGGCATGGTAGCTCACGCCTGTAATACCAGCACTTTGGGAGGCTGAGGCGGGCTGATCACTTGAGTCCAGGAGATAGAGACCAGCCTGGGCAACATGGCAAAATCCCATCTCTATAAAAAAAACACAAAAATTAGCTGGGCATGGTGGTGTGCACCTATAGTCCCAGCTACTTGGGAGGCTGAGGCAGGAGAATCTCCTGAGCCCAGGAGGTGGAGGCTGCAGTGAGTCG"
"GL873521","12170072","12170342","chr3","111501569","111501837","73","99331497","GCCAGATGCAGTAGCTTACAGCTATAATCCCAGTACTTTGGAAGGTCAAGGCAAGAGGATTGGTTGAGACCAGGAGTTGAAGACCAGACTGGACAATGTAGTAAAACCCTATCCCTACAAAAAATAGAAAAAATTAGCTGGGTGTCATAGCTCTTGCTTATAGTCCCAGCTACCTGAGAGGCTGAGGGAAGAGGATCACTTGAACCCCTGAGATTGATACCATGGTACTCCACCTTGGGTGACAAAGTGAGACCCTTTCTCAAAAACAAAA","GGCTGGGTGTGATGGCTCACATCTATAATCCCAGCACTTTGGGAGGCCAAGGCAGGTGGACTGTCTGAGACCAGGAGTTTGAGACCAGCCTGGGCAACATGGTGAAACCCTGTCTTGACAAAAAAAATAAAAAATTAGCTGGGAGTGGTGGTGTGCACCTGTAGTCCCAGCTATGCGGGAGGCTGAGATGGGAGGATCGCTTGAGCCCGGCAGGCAGAGGTTCACTCCAGCCTGGGCGACAGAGTGAGACCCTGTCTTAAAAACGAAAA"
"GL873521","12688417","12688615","chr16","83498862","83499063","66","70810445","AAATCAGCCTGAGCAAAAGCAAGATCCAGTCTCTACAAAAAACTAGAAAAATTAGCCAGGCATGGTGATACACTCAGGAGAATGAAACAAGAGGATCACTTGAGCCCCGGGGTTTGATGTTGCACAGTGAGCTATGGCGATGCTGCTGCTCGGATAACAACGCGAGATGAGACCCCGTCTCAAAAACAAACAACAAAAA","ACTAGCCTGGGCAACACAGCAAAACCCCATCGCTACAAAAAATACAAATATTAGCCAGGTGTGATGGTGCATGCCTAGGGAGGCTGAGGTGGGAGGATCACTTGAGTCCAGGGAGGCTGAGGCTGCAGTGAGCTGAGATTATGCCACTGCACTCCAGCCTGAGTGACAGAGTGAGAACCTGTCTCAAGAAAATTAAAAAAAA"
"GL873521","12689719","12689822","chr7","26479088","26479188","21","13789369","GCTGAGTACAGTAGCTCACTTCTTTCATCTCAGCACTATGAGAGGCTGAGTCAGGAGGATCACTTGAGGCCAGGATTTTGAGACAAGCCTGGGGAACATAGTGA","GCTGGGTGCTGTGGCTCACATGTATAATCACAGCACTTTGGGAGGCTGAGGCAGGAGGATCACCTGAGGCCAGGATTTCAAGACCAGCCTGGGCGAAATGG"
"GL873521","12747705","12747831","chrX","118392849","118392966","30","105645144","GCCAAGCATGGTAGCACAAGCTTTGTAGGCCCAATTACTTGGGAGGCTAAGATGGGAGGATCACTTGAGCCCAGGAGTTTGAGGCCAGCCTGAGAAACACTCCAAGACCCTCTTTATTTAAAATATA","GCCAAGCATGGTGGCTCATGCCTGTAATCCCAGTACTTTGGGAGGCTGAGATGGGAGGATAGCTTGAGCCCAGGAGTTTGAGACCAGCCTGGTAACACAGTGAGACCTCATCTCTACA"
"GL873521","12758304","12758462","chr7","65488595","65488751","43","52730291","ACTTAGCTGAATATAGTAGCACAAGCCTGTATTTCCAGCTACTCAGGAGGCTGAGGCAGGAGGATCACTTGGGCTTACAAGTTGGAGGTTGTGGTAAGCTATGATGATGCCACTGCCCTCTGCCCCAGGCAAATGTGATGCCTTGTCTCAACAACAAAA","TTAACTGGGTATAATGACACATGCCTGTAGTCCCAGCTACTAGAAAGGCTGAGGTAGGAGGATTGCTTGAGCCTGAGAGGTTGAGGATGCAGTGAACCATGATCAGGCCACTGCACTCAGCCTAGGCAACACAGTGAGACCCTGTCTCAAGAAAAAA"
"GL873521","12758495","12758600","chr16","15961202","15961315","30","3202707","GTGGCTGGTGCATATAATCCTACCACTTTGGAAGGAGGAGGGAGAATCATTGAAACCAGGAGTTCAAGAACAGCCCAGGCAGGCTATAGTGAAATCTCATCTCTAC","GTGGCTGGGCATGCCTGTAATCCTAGCACTTTGAGAGGCTGCAGCGGAAGGATCGCTTGAGCCCAGGAGTTCAAGAACAGCCTAGGCAACATAGCAAGATCCCTGTCTCTACAA"
"GL873521","12822938","12822952","chr1","210017045","210017059","2","197194107","TAAAACAAAAGAAAA","TAATAAAAAAGAAAA"
"GL873521","12822989","12823283","chr7","75828649","75828941","71","63005660","GGCCAGGCAAGGTGGCTAACTGCTGTAATCTTAGCACTCTAGGAGGCTGAGGCAAGAGAATTCCTTGAGGTCAGGAGTCAGAGACCAGCCTGAGCAAAAATGACACTCCACCTCTATGAAAAATAGAAAACAAAAATTAGCCAGGTGTGATGGCCCATTTCTGTAGTCCCAGCTACTGGGGAGGCTGAGGCAGGAGGATAGCTTGAGCCCAGGAGCTTGAGGTTGCGGTAGCTAGGCAGATGGCTCAGCACTCTTTCTAGCCTGGGCAACAGAGCAACATTCTATCTCAAAAAAT","GGCTAGGCATGGTGGCTCATGCATGTAATCCCAGCACTTTGGGAGGCTGAGGCGGACGGATCACTTGAGGTCAGGAGTTCGAGACCAGCCTGGTCAACATGGTGAAACCCCATCTCTACTAAAAATATAAAAATTAGCCAGGTGTGGTGGCGCATGCCTGTAGTCCCAGCTACTTGGGAGACTGAGGTGGGAGGATCCCTTGAGCCTGGGAGGTTGAGGCTGCAGTGAGCTGTGATGGCACCACTGCACTCCAGCCTGGGCAATAGAGCAAGACCCTGTCTCATAGGAAAAAA"
"GL873521","13041237","13041319","chr5","49472177","49472254","12","36430940","GGCCAGTCATGGTGGCTCATGCCTATAATCCTAGCACTCTGGGAGGCTGAAGCAGGAGGATCACTTGAGCTCAGGAGTTTGAG","GGCCTGGCATGGTGGCTCATGCCTGTAATCCAGCATTTTGGGAGGCTGAGGCAGGAAGATCACTTGAGCTCAGGATTT"
"GL873521","13102109","13102207","chr16","30194624","30194720","25","17092515","TGAGCCCAGGAGTTTGAGGTTGTTGTGAGCTGAGCAGACCACACAGCATTCTAGCTTGGGCAACAGAGTGACATTGTGCTTCAAAAAAAGAAAAAAAAA","TGAGCCCAGGAGTTTGAGACTACAGTGAGCTATGATTACACCACTCCTCTCCAGCATGGGCAACAGAGTGAGACACTATCTCAAAAAAAAAAAAAAA"
"GL873521","13102475","13102686","chr2B","236887995","236888203","46","223785520","GGCCAAGTGTGGTGGCTCATGCTTGTAATCCTAGCACTCTGGGTGGCTGAGGCAGGGGGATCACTTGAGCTCAGGAGTTCAAGACCAGCTTGAGCAAGAGTGAGAACCCATTTCTACTCAAAATAGAAAAAAATTAGACAGGCACTGTGGTGAGTGCCTGTAGTATGAGCTACTTTGGAGGCTGAGATAGGAAGATCACTTGAGCCCAGGAG","GGCTAGGCGCAGTGGCTGAAGCCTGTAATCCTAGCACTTTGGGAGGCCGAGGTGGGCGATCACTTTGGCTCAGGAGTTCGAGACCAGCCTGGGCAATATGGCAAAACCCCATCTCTACACAAAATACAAAAATTACTCAGATGTGGTGGTGAGTGCCTGTAGTCCCAGCTACTTTGGACGCTGAGGTGGGAAGATCACCTGAGCCCAGG"
"GL873521","13327200","13327291","chr3","43397692","43397785","20","30070492","CTATCACTTTAGGAGGTGAGGTGGGAGGATCACTTGAGGCAAGGAGTTCAAGAGCAACCTAGGCAACATAGGAACCCCTCTGTCTCTCCAAA","CCCAGCACTTTGGGAGGCTGAGGTGGGCAGATCTCTCGAGCCCAGGAGTTCAAGACCAGCCTGGGCAACATGGTGAAACCCCGTCTCTACCAAA"
"GL873521","13327700","13327732","chr1","70851001","70851033","8","57523301","GCTGGATATGGAGTCTCACACCTGTAATTCTAT","GCTGGGCATGGTGGCTCATCCCTGTAATTCCCT"
"GL873521","13722076","13722356","chr17","55905881","55906166","74","42183805","GTCTGGCGTGGTGGCTCAAGCCTATAATCCTAGTACTCTGGGAGTCCAAAGTGGGTGGATTGCTTGAGCTCAGTAGTCTGAGACCAGCCTGAGTAAGACCCAGACATCGTATCTACTAAAAATAGAATAAACTACCTGGGCATTGTAGCGGGTGCCTACAGTCCCAGCTACGTGGGAGGTTGAGGCAAGAGGATCACCTGAACCTAGAGAATGAGGTTGCTGTGAGCTATGATGAGGTCAAGGCACTCTACCCAGAGTAACAGAGTGAAATTCTATCTCAA","GGTCAGGCATGGTGGCTCAGGCCTGTAATCCCAGCACTTTGGGAGGCCAAGGTGGGCAGATTGCTTGAGCCCAGGAGTTTGAGATCAGCTTGGGCAACATAGTGAAAACTCATCTCTACAAAAAATTAAAAAAATTAGCTGGGCATTGTGGCACGTAACTGCAGTCCCAGCTACTTGAGAGGCTGAGGTGAGAGGATCACCTGAGGCCGGGAAGTCGAGGCTGCAGTGAGCTGTGATTGGGCCACTGCACTCCATCCTGGGCGACAGAATAAGACCCTGTCTCAAA"
"GL873521","13722635","13722652","chr6","90847853","90847870","1","77125218","AAAAAAAAAAAAAAAAAA","CAAAAAAAAAAAAAAAAA"
"GL873521","13789517","13789832","chr12","121838917","121839229","75","108049400","GCTGGGTGTGGTGGCTCATATCTGTAATGATAGCACTCTGGGAGGTCAAAGCAGGGAGATTACTTGAGCTCAGGAGTTAGAGAGCATCCTGAGAAAGAGTGAGATCCCTATCTATACTAAAAACAGAAAAACTAGCCAGTTGTAGTGGCAGGCACCTGTAGTCCCAGCTACTTTGGGAGTCTGAGACAAGAGGATCTCATAAGCCCAAGAGTTTGAGGTTGCTGTGAGCTGCGATGCCACAGCACTCTACCTGGGGTGACAGAATGAGACTTTGTCTCAAAAAAATAAAAAATAAAATAAAATAAAATTTAAAAAA","GGCTGGGTGTGGTGGCTCATGCCTGTAATCCCAGCACTTTGGGAGGCCAAGTCAGGAGGATTATTTGAGCCTGGGAGTTTGAGACCAGCCTGTGCAACATGGTGAGACCTCATCTCTACAAAACATAAAAAATTAGCCAGGCATGGTGGCATGTGCCTGTAGTCCCAGCTACTTGGGAGGCTGAGGCAGGAGGATCAGTCGAGCCCAGAAGATTGAGGCTACAGTGAACTGTGTTCATGCCACTGCACTCCAGCCTGGGTGACAGAGTGAGACCTTGTCTCCAAAAAAATCAAATAAATAAAAAAATAAAAAA"
"GL873521","13902129","13902272","chr17","73619699","73619842","30","59717570","GGCCAGGCATAGTGGCTCGCACCTATAATCCAGTACTATGGGAGACCAAGGCTGGAGGATCAATTGAAGCCAAGAGTTAAAGACCAACCTGGGCAACATAGAAACACTTCACCTATATAAAAAAAAAAAAAAAGAAAGAAAAAA","GGCCAGGTATGGTGGCTCACACCTGTAATTTCAGCACTTTAGGAGGCTGAGGCAGGAAGATCACTTGAGGCCAGGAGTTCAAGACCAGCCTGGGCAACATGGCAAGGCTTCATTTCCACAAAAAAAAAAAAAAAAAAAAAAAAA"
"GL873521","13902315","13902339","chr7","66627085","66627108","7","52724770","AAAAATTAACCCAGCATGGTGGCGC","AAAAAATTAGCCAGGCATGGTGAC"
"GL873521","13902374","13902499","chr7","68063538","68063660","30","54161164","AGTCCCAGCTACCATAGAGGTTGAGCCAGGAGGATCACTGAAGCCCAGAGCCCAGAAGTTTGAGGTTGCAGTAAGCTATGATCATGCCACTGTACTCTAGTCTAGGTGACAGAAGGAGACCCTGTC","GTAGTCCCAGCTACAAGGGAGGCTGAGGCAGGAGGATGGCTTGAGCCTGGGAAGTTGAGGCTGCAGTAAGCTATGATCATGCCACTGCACTCCAGCCTGGGTGACAGAGTGAGATTCTGCCTC"
"GL873521","14127800","14127881","chr3","123515043","123515137","26","109387243","GGCTAGATATGGTGGCTCATGCCTATCTGGAAAGCTGAGGCAGGAGGATTGCAAGAGGCCAGAAGTTTAATACCAGGCTAAG","GGCCAGGTATGGTGGCTCATGCCTATACTCCCAGCCTTTTGGGAGGCTGAGACAGGAGGACTGCTTGAGGCCAGGAGTTTAAGACCAGCCTGACT"
"GL873521","14128162","14128352","chr4","26023510","26023691","57","11895348","GGGCTGAGAATGAGATCCCATCTTTACAAAAAATTACCCAGGTATAGTGGCATCATCCTAGCTACTTGGGAGGCTGGGGCAGGAGGATTTCTTGGGCCCAGGAGTGTGAGGCTACGCTGAGCTATGATACCACTGCACTTTAGCCTGGATGATACAGCAAGATTTTACCTCAAAAAAAAAAAAAAAAAAAA","GGGTGGGAAAAAATTATCTGGAAATGGTGGCATATGCCAGTGGTCCTAGCTACTTGGGAGACTGAGGCTGGAGGATCACCTGAGCCCAGGAGTTAGAGGCTGCGGTGAATCGTGATCATGCCACTGCACTCTAGGCTGGGCAATAGAGCAAGACCCTATCTCGAAAAAAAAACAACAAAAAA"
"GL873521","14184019","14184216","chr17","61651681","61651883","50","47467662","GGCTGGGCATGGTGGCTCATGCCTGTAACCCTAGCACTCTGTGAGGCCAAGGCAAGTGGATCACCTGAGCTCAGGAGTTTGAGAACAGCCTGAGCAAGAGTGAGACTCCATCTCTAAAAATAGTTGGGCATTTGTGGTGAATGCCTATAGTCTCAGCTACTCAGCTACTTAGGAGGCTGAGGCAAGAGGATTGCTTGA","GGCTGGGTGCAGTGGCTCACGCCTGTAATCCTGGCACCTTGGGAGGCCAAGGTGGGAGGATCACTTGAGCCCAGGAGTTTGAGATCAGCCTGAACAACGTGGTGAAACTCCATCTCTACAAAAAATACAAAAATTAGCTGGGCTTAATGGCATATGCCTGTGGTCCCAGCTACTGAGGAGGCTGAGGTGGGAGGATTGATTGA"
"GL873521","14185943","14186062","chr8","25834967","25835086","23","11649024","GGCAGGGTGCAGTGGCTCACACCTATAATCCCAGCACTCTGGGAAGCTGAGGTGGGAGGATTGCTTTGAGATCAGGAGTTTGAAACTAGCTTGAGCAAAGCAAGACCCATCTCTACTAAA","GGCCAGGTGCAGTGGCTCATGTCTGTAATCCCAGCACTTTGGGAGGCTGAGGTGGGAGGTTTGCTTGAGCCCAGGAGTTTGAGACCAGCCTGGGCAACATAGCAAGACCCTGTCTCTATA"
"GL873521","14186086","14186221","chr14","74199793","74199926","31","60013707","AATTAGAGAGGTGTGATGCCACACACTGTAGTCTCATCTACTTTGGAGGCTGAGGCACAAGGATTACTTGAGCCCAGGAGCATGAGGTTGCTGTGAGCGAGGCTGAGGCCACAGCACTCTAGCCTGGGCAACAGAG","TTAGCCAGGTATGGTGGTGCACACCTGTAGTCCCAGCTACTTGGGAGACTGAGGCAGGAGGATTGCTTGATCCCAGGAGTTGAGGCTGCTAAGAGCTATGATCATGTCACTGCACTCCAGCCTGGGCAACAGAG"
"GL873521","14534133","14534413","chr5","43470606","43470891","71","28936473","GGTAGCTCATGTCTATAACCCTGACACTCTGGGAGGCTAAGGGAGAAACATCCCTTGAGCTCAGGAGTTCAAGACCAGTCTAAGCCAAAAGGGAGATCCATCTTTACCAAAACAGAAAAATTAGCTGGGCATGGTGATGTGTGCCTGTAGTACCAGCTGCTTGGGAGGCTAAGGAAGGAGGATTGTTTGAGCCTAGGAGTTTAAGGTTGCTAAGAGCTAGACTGAGGCCATGGCACAGTAGCCCAGGCAATAGAATGAAACTCTGTCTCAAAAAAAAAAAA","GTGGCTCTTGCCTATAATCCCAGCACTTTGGGAGGCTGAGGAGGGCAGATTGCTTGAGCCCAGGAGTTCAAGACCAGCCTGGGCAACATGGGAAAACCTCGTCTCTACAAAAAACACAAAAATTAGCTGGGCATGGTGGCATGTACCTGTAGTCCTAGCTACTTGGGAGGCTGAGGCAGGAGGACTGCTTGAGCCTCTGGAGGCGGAGGTTGCAGTGAGCTGAGACCGCGCCACTGCACTCCAGCCTGGGTGATAGAACAAGACCCTGTCTCAAAAAAAAAAAAAA"
"GL873521","14534507","14534523","chrX","153619065","153619080","3","139084558","CCCAAAATAAAATAAAA","ACATAATAAAATAAAA"
"GL873521","14646173","14646307","chr1","9156973","9157091","40","5489200","GGATGTAGTAGCTCACACCTGTAATCCCAGCATCATGGGAGGATCACTTGAGGCCAGGAGTTTGAGACTGGCTTGGGCAATATGGTGAGGCCCCATTCTTACAAAATAGGAAAAGAATTAATTGGATATGGTGGC","GGCTGGGTGAGGTGGCCTCACGCCTGTAATCCCAGCACTTTGGGAGGCCAAGGCAGGAGTTTGAGACCAGCCTGGGCAATACAGTGAGACCCCATCTCCAAAAAAAAAATTAGTGGGGC"
"GL873521","14703100","14703421","chr17","68155983","68156305","73","53452883","GGCTGGGCACAGTGGCTCATACCTGTAATCCTAGCACTTTGGGAGGCCAGGAAGGGAAGATAGCTTGAGGCCAGGAGTTTGAGACCAGGATGAGCGAGGTAGCGAGACCCCCCATCTCTATCAAAAATTAAAAAAAAAAAAAAATTAGCTGGGTATAGTGGTGAGGGCCTATCATCCTAGCTACTTAGGAGTAAGACAGGAGGATCACTTGAGCCTAGGAGGTAAGGTTGCAGTGAACTATGATGATGACCCTGCACTCTTGCCTTAGCAAGATGGTGAGACCCTGTCTCAAAACAAACAAACAAACAAACAAACATAAAAA","GGCTGGGCACCGTGGCTGACATCTGTAATCCCAGCACTTTGGGAGGCCAAGGCGGGTGGATCACTTGAGCCCAGGAGCTCGAGACCAGCCTGACCAACATGGCAAAACCCCATCTCTACCAAAAAAAAAAAAAAAATACAAAAAGTTAGCTGGGCATGGTGGAGAGGGCCTGTAGTCCCAACTACTCAGGAGGCTGAGGTGAGAGGATCACCTGAGCCACAGGAGGTCGAGGCTGCAGTGAGCCATGATCACACCATTGCACTCCAGCCTGAGAGAAAGTGAGACCCTGTCTCAAAAAAACAAACAAACAAAAACAGCAAAAA"
"GL873521","14778613","14778888","chr15","42746072","42746354","63","27967459","GGCCCAGCACAGTGGCTCACACCTATAATCCTCGCATTCTAGGAGACTGAGGTGGGAGGATCACTTGAGCTCAGGAATTTGAGATCAGCTTGAGCAATAAGGTGACCCCATCTCTACTAAAAATAGACTAATTAGCCAGGCATTGTGGTGGGCACCTGTGGTCCCAGCTAGTTGAGAGGCTCATGTTGGATTCCTTGAACCCAGGAATTTGAGGCTGCTGTGAGCTGGGCTGATGCCACAGTATTCTAGCCTGGGCAACAGAGTATGACTCTGTCT","GGCCAGGTACAGTGGCTCACACCTGTAATCCCAGCACTTTGGGAGGCCAAGGCAGGAGGATCACTTGAGCCTAGGAATTCAAGACCAGTCAGGGCAATATGGTGAAACTCCATCTCTACAAAAAATACAAAAATCAGCCAGGTGTGGTGGTGTGCGCCTGTGGTCCCAGCTACTTGGGAGGCTGAGATGGAAGGATCACTTGAGCCCAGGAAATGGAGGCTGCAGTGAGCTAAGGCTGTGCCACTGCACTCCAGCCTGGGCAACAGAGTGAGACCCTGTCTCA"
"GL873521","14884261","14884393","chr13","24405237","24405373","27","9520976","GGCTAGGTGTGGTGGCTCATGCCCATAATTCCAGCATTCTGGGAGGCCAATGTGGGAGGATCCCTGGAGGTCAGGAGTTTGAGACCACCCTGAGCAAAGCGAGACCCCATCTTCACTAAAAATAGAAAAATTA","GGCTGGGCATGGAGGCTCATGCCTATAATCCCAGCACTTTGGGAGGCTGAGGTGGGAGGATCGCTTGAGTTCATGAGTTCAAGACCAGCCTGAGCAACACAGTGAGACCTCATCTCTACTAAAAATCAAAAAAATTA"
"GL873521","14884660","14884815","chr1","141772547","141772702","39","126887887","TTAGTTGAATGTGGTGGTGTACACCTGTAGTCCCAGCTACTTGAAAGGCTGAAGAAAGAGGATTGCTTGAGCCCAAGTGCTTGAGGTTGTAGTGAGCTAGGCTGACGCTATGACACTCTGACCCAGGTGATAGAAGAAGACCCTGTCTCAAAAAAA","TTAGCTGGGCATGGTGGCGTGCACCTGTGGTCCCAGCTATTTGAAAGGCTGAGTTGGGAGGATCACTTGAGCCCAGATGGTTGAGGCTGCAGTGAGCCATGATGGCACCACTGCACTTTAGCCTTGGTGACAGAGCAAGGCCCTGTCTGAAAAAAA"
"GL873521","15677856","15678124","chr7","99887814","99888086","73","84209958","TGGCTCATGCCTGTCAACAAAGTACTTTGGTAGATTGAGAAAGGAGGATCTCGTGGACTCAGGAGTTTGAGACCAGCCTGGACGACATGGTAAAAAAACATCTTTAAAAAATTAGCCTAGCATAGTGGTGCACATTGATAATTTCAGCTATTTCGCAGGCTGAAGTGGGAGAACCACTTGTGTTTGGAAGCTCGAGGCTGCAGTGAGCTATGATCTCACACTACACTCCAGCCTGGGTAATATGGTGAGGTCCTGCCTCAAAAACAAAA","GGCTTACACCTGTAATCCCAGTGCTTTGGGAGGCTGAGGCAGGCAGATCACTTGAGCCCTGGAGTTCAAGACCAGCCTGGGCAACATGGTGAAACCCCATCTCTACAAAAAATTAGCCAGGCATGGTGGCTTGCACCTGTAGTCCCAGCTACTCAGGAGGCTGAGGTAGGAGGATTTCATGAGCCTGGAAGGTTGAGGCTGCAGTGAGCTATGATCACACCACTGCACTCCAGTCTGGGTGATAAAGTGAGACCCTGTCTCAAAAAAAAAAAA"
"GL873521","15875728","15875811","chr8","5975319","5975398","26","9900409","CAGTGAGCCGTGGTCTCCCTGTGCATTCCAATGTGAGTGACAGAGAGACCTCCCTCACACTCCCAAAAAAGAAAAAACAAGAAA","GCAGTGAGCCTTGATCGTGCTATTGCACTCTAGCCTTGGTGACAGAGAGAGACCCTATCTCAAAAAAAAAAAAAAAAAAA"
"GL873521","16170363","16170540","chr3","50079465","50079644","47","33909102","AAAAAAAAAAAAAATTACCCAGGTAAGGTGGTAAGGACCTGCAGTCCTAGCTATCTGGGATACGAGGTAGGAGGAGCACTTTGGCCCAGGAATTCCAGGCTATGGTGAACTATGATTACAACTGCACTCTAGCCTGGGCAAAAGAGTAAGAGACTGTCACAAAACACAACAAAACAAA","ACAAAAAGAAAAAACAATTAGCAAGGCCTGGTGGTACACACTTGTAGTCCCAGCTATTTGGGAGGCTGAGGTGGGAGGATCACTTGAGCCCAGGAGTTCAAGGTTACAGTGAGCTATGATCATGCCACTGCACACTAGCCTGGGCATCAGAGAGAGTTCCTGTCTCTAAGAAAAAAAAAA"
"GL873521","16172240","16172374","chr1","29329421","29329551","29","13157181","GGCTGCATGCAGTGCCTCATGTTTGTAATCCCAGCACTTTGGGAGCCAGTGGAGGAGAGGATCACTTGAAGCCAGGAATTTAAGACGGACCTAGCCAACATAATGAGAACTCCTCTATACAAAAAATAATAAAAT","GGCTGGATGCACTGGCTCCTGTCTGTAATCCCAGCACTTTGGGAGGCTGAAACAGGAGGATCCCTTGAAGCCAGGAGTTTAAGATCAGCCTGAGCAACAGAGTGAAACCCTGTCTCTACAAAAAAAAAAAA"
"GL873521","16260421","16260667","chr2A","25887935","25888182","71","9627514","GGATACAGTGGCTCACACCTGTAATCTTAGCAAACACCCTGGGGTGCTAAGGCAGGAGGATCACTTGAGCTCAGGAGATCAAGACCAGCCTGAGGAAGAGTGAAACCCCATTTCTACCACACATAGAAAAATTAGCCAGGTGTCTCTCTCTAGTCCCAGCTACTTGGGAGGCTGAGACAGGAGAATTGCTTAAGCCAGGGAGTTTCAGGTTGCTGTGGCTCAGACCATGGCACTCTAGACTGAGCAA","GGCTGGGCACAGTGGCTCACACCTGTAATCCCAGCACTTTGGGAGGGTGAGGCAGGAGGATCACTTGAGCTCAGGAGTTCGCAACCAGCCTGGGCAATATGGTGAAACCGCATCTCTACAAAAAATACAAAAATTAACCGGGTGTGGTTGTGCATGCCTGTAGTCCCAGCTACTTGGCAGGCTGAGGTGGGAGGATTGCTTGAGCTCAGGAGGTCAAGGCTGCAGTGAGCCATGATTACTCCACTGCA"
"GL873521","16747501","16747629","chr7","102198592","102198722","33","85451091","GCCGGGTATGGTGGCTCACACCTGTAATCCCACCACGTGGGAGGCCAAGGCAAGCAGATTGCCTGAGCTCACAGGTTCAAGACCAGCCTGAGCCAGAGTGAGACTTTGTCTTGGAAAATACCCGGGTGT","GGCTGGGTGTGGTGGCTCACACCTGTAATCCCACCACTGTGGGAGGCTAAGGCAGGCAAATCGCTTGAGCCCAGGAGTTCGAGACCAGCCTAGGCAACGTGGTGAAACTGTCTTTAGAAAATATTAGCCAA"
"GL873521","16747905","16748071","chr1","26355033","26355200","42","9607128","AACTAGGTAGGTGTTGCAGCAGGCGCCTGTAAATCCCAGCTACTTGGGCCAAGGCAAGAGAATCAATCACTTATGCCCAGGAGTTTGAGGTTGCTGTAAGCTATGACGCCCTGGCACTCTACCAAGGGTAACAAAGTCAGATCCTGCCTCAAAAAAAAAAAAAAAAA","AACTAGCTGGGTGTGGCGGCGTGTGCCTGTAGTCCCAGCTACTTGGGAGGCTGAGGCAGGAGGATCACTTGAGCCCAGGAGTTCAAGGCTGCAGTGAGCTAAGATCATACCACTGCACTCCAGCCTGGGTAATAGAGTGAGATCCTGTCTCAAAAAAAAAAAAAAAAA"
"GL873521","16826358","16826516","chrX","96886204","96886345","57","80059846","GGCGCCCTGCCACAAGCTGTAGTCTCCCCTATTTGGGAGGGTGAGGTCGGAGGATCATGTGAGCTCGGCAGTTCAAAGTCACCGGGCACTACAACCTCACCTGGACCAGTCAGGACTGCACGCCAGCCTCCCCAGCGCAGTGAGACTCTGTTTCTAAAA","GGTGCACATCTGTAGTCTCAGTTATTTGGGAAGCTGAGGAGGGAGGATCACTTGAGCCTGGGAGGTCAAGGCGCCAGTGAGCTGTGATTGCACCACTGCACTCCAGCCTGTGCTACAGAGTGAGACTCTGTCTCAAAAAAAA"
"GL873521","16850386","16850705","chr1","224543342","224543654","83","207692956","GCCAGCTGTGGTGGCTCACACCTATAGTCCTCACACTCTGGGAGGCTGAGGAAGGCAGATTCCCTGGAGCTCAGGAGATTGAGACCAGGCTGAGCAAGAACTGAGACTCTGTCTCTACCCCAAACAGAAAAACTTCACTAGGTGTTGCGGTGGGCACCTATAGCCTGAGCTACTTGAGAGGCAGAGGCAGGATGATCACTTGAACTCAGGAGTTTGAGGTTGCTATAGCTGTGCTGATGCCATAGTACTTTAGCCTGGGCAACAGAATGAGACTCTGTCTCAAAATAAATAAATAAATTAATAAATAAAAGAGAAAGAAA","GCCAGGCAGGGTGGCTCACGCCTGTAATCCCAACACTTTGGGAGGCTGAGGCAGGCAGCTTGCTTGAACTCAGGAGTTTGAGACCAGTCTAGGCAACATGGTGAAACCCCATCTCTACAAAAAATACAAAAATTAGCCAGGCGAAGTGGCGTGCCTATAGTCTTAGCTACTTGGGAGGCTGAGGCAGGAGAACTGCTTGAACTGGGGAGGTCGAGGCTGCATGAGCCGAGATCGTGCCACTGCACTCCAGCCTGGATGACAGAGCGAGACCCTGTCTCAAAATAAATAAATGAATAAATAATAAAATAAATAA"
"GL873521","16987716","16987746","chr4","157175852","157175881","5","140188136","GAAGAAAGAAGAAAGAAGAAAGAAGAAAGAA","GAAGAAGAAGAAGAAGAAGAAGAAGAAGAA"
"GL873521","16988099","16988370","chr11","32048157","32048430","73","15060058","GGCCCAGTTCAGTGTCTCACACCTGTAATCCTAGAACTCTGGGAGGTCAAGGAAGGTGGAGTCCTTGAGCTCAGGATTTTCAGATAAGCCTGAGCAAGAGACAGATCCATATCTACTAAACATAGAAAAACTAGCCTGGCATCAGTGTAGTCCCAGCTACTCAGAAGGCTGAGGCAGGAGGATCATTTGAGCCCAAATGTTTGAGTTTGCTGTGAGCTATGATGAATGACACCAGGGCACTCTACCCAGGGCAACAGAGTGAGACTATTTCT","GGCCCACCACAGTGATTCACATCTATAATCCCAGCACTTTGGGAGGCCGAGGTGGGAGAGTAGCTTGAGCCCAGGAGTTTGAGACCAGCCTGAGCAACAGGGCGAGACCCCATCTCTACAAAAAAAATTTAAAAATTAGCCTAGCATGTGCCTGTAGTCCCAGCTACTCAGGAGGCTGAAGCAGGAGGATCACTTGAGCCCAGGAGTTGAAGGCTGCAGTAAGCTATGATCACCCCACTGAGCTCTAGCCAGGGTGACTGAGCAAGACTCTATT"
"GL873521","17153915","17154039","chr7","102370770","102370890","26","85216855","GGCTAGGCACGGTGGTGACTCCTGCTTGTAATCCCAGCACTCTGGGAGGCCTGTGGCAGGTGAATTCCTTGCGCTCAGGAGTTCAAGACTAGCCTGAGTAATAGTGAAACCTCTGTCTCTACTAA","GGCTAGGCACGGTGGCTCATGCCTGTAATCCCAGCACTTTGGGAGACTGAGGTGGGAGAATTGCTTGAAGCTGGGAGTTCAAGACCAGCCTAGGGAACATAGTGAGACCCTGTCTCTTCAA"
"GL873521","17154076","17154241","chr16","21596696","21596868","46","4442620","CTAACCAGACCTGACAGGTGGCTATACTCTCGGCTACTTGGGAGGCTGAGGCAAGAGGATCACTTGATCTCAAGAGTTTGAGGTTGCTATAAGCTATGAGGCCATGACACTCTACCGAGGGCAACAAAGTAAGAGTTTTTCTCAAAAAAAAAACCCAAAACAAAAA","ATTAGTCAGACATGGTGGCATGTGCCTATAGTCCCAGCTACTTGGGAGGCTGAGGCAAGAGAATCATTTGAGCCCAGGAGGTTGAGGCTGCAGTAAGCAGTGATCATGTCACTGCACTCCAGCCTGGGCAACAGAGCAAGACCCTGTCTCAAAAAAAAAAAAAAAAGAAAAAA"
"GL873521","18186068","18186211","chr11","18518855","18518988","40","332787","TAGTCAGGTGCAGTGGTGCATGCCTGCAGTCACAGCTACTCTACTCAGGAGGATGAAGCAGGAGGACCACTGGAGACCAGGAGTTTGAGAATGCTGTAAAATACCATTGAGTCACTGCCTGCCAGCTTCAGTAACAGAATAAGA","TTAGCCAGGTGCAGTGGCGCATGGCTGTAGTCCTGCTTACTCAGGAGGTTGAAGCAGGAGGATCACTTGGGCCCAGGAGTTTGAGGCGGCAGCGAGCCATAATCGTGCCACTGCACTCCAGCTGAGTGACAGAG"
"GL873521","18186242","18186351","chr4","101432127","101432236","31","83245885","CTTGTAATTTCAGCACTTTTGGAAACTGTAGAAGGAAGATTGTTTAAGACCAGGAGTTCCAGAACAATCTGGGCAACACATGTTGACCTTGTACCTACATGAAAAAAAAA","CCTGTAATCCCAGCACTTTGGGAGGCTGAGGCAGGAAGACAGCTTGAGGCCAGGAGTTCCAGACCAGTCTGGGCAATATAGCAAGACCCTCATCTCTTTAAAAAATAAAA"
"GL873521","18231783","18232086","chr11","120552808","120553110","90","102321025","GGCATGGTGGCTCACACCAGCAATCCCAGCGTTTTGGGAAGCCCAAGGAAGAGAATCACTTGAGACCAGCCAGAGGTACATAGACACGTGGTCTACAAGAAATGACAATTAAAACAAATTGCTGGGCATGGTAGCCTGTGACTATAGTCCTGGCAACTCAAGAGGCTGAGTCAGGGGGTTTTTTGAGCCTATGAAGTCTAAGTTGCAGTAAGCTGTGATCATGCCACTATACCCTAGCCTGGGTGACAGAACAAGATTCTGTCTCTAAAAATAAAATAAAATAAAATAATAAAATGAAATAAAA","GCCAAGCATGGTGGTTCATACCTATAATCCCAGAACTTTGAAAGGCCAAGGCGAGAGGAGTTTGAGACCAGCCTGGGCAACATGATGACATGCCGTCTCTACAAAAAAATAAAATAAACAAAAACTAGCTGGGCCTAGTGGCATGTGTCTGTAGTCCTAGCTACTCAGGAGACTGAGGCAGGAGGATCACTTGAGCCTGGGAGGTCAAGGTTGCAGTGAGCTATGATTGTGTCACTGTACTCCAGCCTGGGTGACATAGCAAGAACTGGTCTCAAAAAAAAAAGAAAGAGAGAAAAAAGAAAA"
"GL873521","18672921","18673268","chr5","164510023","164510360","89","145837102","GGCTGGCCATGGTGGCTGAGGCCTGTCATCCTACCACTCTGAGAGGATGAGGAAGGAGGATTGGATTGCTTCAGCTCAGGAGTTCAAGACCAGCCTGAGCAAGAGCAAGACTCAGTCTCTACCAAAAATAGAAAAATTAGACTAGCCAGATGTAATGGCAGATGCCTCTAGTCCCAGCTAGTGGGGAGGCTAAGGCAGGAGGATCACTGAAACCCAGGAGTTTGAGGTGCCTGTGAGTTAGTTTAATACCATGGCAGTCTAGCTTGGGCAACAAAGTGAGACTCTGTCTCAAAACAAACAAAGAAACAAAGAAACAAACAAACAAAAACCCCAAAAATAAAAAAAAAA","GGCTGGGCACAGTGGCTCATGCCTGTAATCCTAGCACTTTGGGAGGCTGAGGCAGGTGGATCGCTTGAGACTGGGAGTTCAAGACCAGCCTGGGCAATATGGCAAAACCCCGTCCCTACAAAAAATACAAACATTAGCCAAGCATGGTGGCACATGCCTGTAGTCCCAGCTACTTGGGAGGCTGAGGCAGGAGGATCATTTGAGCCCGGGATGTGGAGGTTGCAGTAAGCTGAGATTGCATCATTGCACTCCAGCCTGGGCAACAGAGGGAGACCCTGTATCAAATAAATAAATAAATAAATAAATAAATAAATAAATAAAAGAAATAAAAGTAAAAA"
"GL873521","19315680","19315722","chr1","205503465","205503511","11","186187785","CAGTTACTTGGAAGACTGAGGCAAGAGGATCCCTTGAGCTAGG","CCAGCACTTTGGGAGACTGAGGCAGAAGGATCCCTTGAGGCCAGCGG"
"GL873521","19598410","19598508","chr1","6398492","6398584","25","13199918","TATCACTACACCACTATACTCTAGCCTGGGCAACAGATTGAGAACCTGTATCAAAAACAAACAAACAAACAAACAAAACACAATAAAAAATAAATAAAA","GTGATTGCACCAATGCACTCCAGCCTGGGTGACAGAGCGAGACTGTCTCAAAACAAACAAACAAACAAATAAAACAAAAGAAAAGAAAAGCAA"
"GL873521","19777152","19777359","chr4","72787006","72787205","63","53009854","CCTGAGCAACATAGAGAGATCCCATCTCGACAAAAATATTGAAAAAAAAATAGATAAACTTATCAGCTGGGTTTGGTAGCACACAACTGTATCCCCAGCTACCGGGAAGGCTGAAGCAGGAGGAGCCTGACAGATCAAGGCTGCAGTGAGCAGTGATCACATCACTACACTCCAGCCCAGGTGACAAAGCACAATCCTGTCTCAAAAA","CTAGGCAACATGGAAGAACCCCATCTCTACAAAAATTACAAAAACTAGCTGGGCATGGTGGTGTGCGCCTGTATTCCCAGCCACTGGGGAGGCTGAGGTGGGAGGATTGCTTGAGCCTGGAAGATTAAGGCTGAAGTGAGCAGAGATCACACCGCTGCACTCCAGTCTGGGTGACAGAGCAAAACCCTGTCTCAAAAAAA"
"GL873521","19907026","19907166","chr6","12022857","12022993","42","7884169","AGGAAAAATTACCAGGGCATGGTGATGTGCACTTATAGTCCCAGCTCCTGGGAAGGCTGAGTCAGGAGGCCAGGAGTTTGAGGTTATAGTGAGCTATGATGCCACTGCACTCTCTCTGGGTGACATAGTGACATTCTGCCT","TTAAAATTAGCCAGGCATGGTAGCAGGCACCTGTACTCCCAGCTACGGGAGGGTCGCTTGAGCCCAGGAGATCAGGGCTGCAGTGAGCTATGATTGTACCACTGCACTCCAAACTGGGTGACAGAGTGAGACTCTGT"
"GL873521","19907190","19907299","chr3","21509747","21509855","27","1602557","GTGGTGGCTCAGCCTATAATCCTAGCCTTCTGGAGGCCCAGGCGGGAGGATTGCTTAAGGTCAGGATGTTGAGACGAACCTGAGCATGAGTGAGACCCCATCTCTACAAA","GGTGGCTCATGCCTATAATTCTAGCGCTTTTGGAGGCCAAGGGGGGAGGATTACTTGAGCTCAGGAGTTCCAGATCAGCCTGGACAATTTAGTGAGACCTCATCTATAC"
"GL873521","20453341","20453513","chr19","53340691","53340862","44","32887350","AGACAACTAGCCAGGCATTGTGGTGGGCATCTATAGTCCCAGCTACTTGGGAGGCTGAGGCAAGAGGATCACTTGAACCCAATAGTTTGAGGTTGTCATGAGCTATGATGATGTGGCATTCTACTCAGGGTGACAGCGTGAGAGACTCTGTCTCAAACAAATGAACAAAAAAA","ACAAAAATAGCTGGGTGTGGTGGTGCATACTTGTAGTCCCAGCTACTTGGGAGGCTGAGGCAGGAGGATCACTTCAGCCCAGGAGGTTGAGGCTGCAGTGAGCCATGATCATGCCACTGCACTCCAGCCGAGGGGAGAGAGCAAGACTCTGTCTCAAAACAAACAAACAAAA"
"GL873521","20453540","20453662","chr4","5943586","5943706","26","14509954","CAGGCGTGGTTGCTCATGCCTGTAGTCCTAGCACTTCAGGAGGCTGAGGAGGGTAGATTGCTTGAGGTCAGGAGCTGGAGACCAGCCTGAGCAAGAGCGAGACCTTGTCTCTACTAAAAATAG","GGCCATGGTGGCTCATGCCTGTAATCCTAGCACTTCGGGAGGCTGAGGAGGGAGGATTGCTTGAGGCCTGGAGTTTGAGACCAGCCTGGGCAACATAGTGAGACCACGACTCTATTTAAAA"
"GL873521","20821454","20821743","chr8","121327775","121328067","74","100506321","GCCGGGCCCAGATGGCTCAAGCCTGTAATCCTTGCACTTTGGGAGGCCAATGTAGGAGGATCACTTGCGCCTAGGAGTTCCAGGCCAAGCTGTGCAAGGTGAAACACTGTTCCAAAAAATATATATATATGAAAATTAGCCAGTCCTGTTGGTACACATCTGTCGTTCCAACTACTTGGGGGACTGAAGCAGGAGGATCCATGAGTCCAAGATTTGAGGTTGCAATGAGCTGTATTGGAGCTACTACACTGTAGCCAGGGCGACAGGAGGAAAAACTTGTTTTAAAAAAA","GGCTGGGTGCAGTGGCTCATGCCTGTAATCTTAGCACTTTGGGAGGCCAAGGCAGGTGGATCACTTGAGCTTAGGAGTTCAAGACCAGCCTGGGCAACATGGTGAAACCCTGTCTCTACAAAAAATAAAAAAAAATTAGCCAGGCATGGTGGCATACACCTGTAGTCCCAGCTACTTGTGGGGCTGAGGCAGGAGCATCACTTGAACCCAGGAGCTCAAGGCTGCAGTGAGCTGTGATCTTACCACTGCACTCCAGCCTGGGTGACAGAGTAAGACCTTGTCTCAATAAAAAA"
"GL873521","20825224","20825315","chr22","42881883","42881978","27","22056659","AGAGGATCTCTTGAGCCTAAGAGTTTGAGGTTGCTGTGAGTTCTGATACCACAGCGCTCTACACAGGGCGACAGAGTAAGACCCTTTCTTAA","GGCAGGAGGATCGCTTGAGCCTGGGAGGTCAAGGATGCAGTGAGCTGTGATTGCACCACTGCACTCCACCCTGGGCGACAGAGTGAGACCCTGTTT"
"GL873521","20825595","20825767","chr4","156475909","156476099","57","135650314","GCGGTGGCTCACACCTGTAATCCTAACACTCAGGATCGCCTAAGCTCAGGAGGTGGAGACCAGCCTGAGCAAGAGAAACACCTCAACTCTACCAAAAACAGAAAAAGTAGCCTGGGTGGTGGTAGGCATGTGTAGTCCCAGCTACTCGGGAAGCTGAGGCAAGAGGATCTCTT","GGCCAGGCACAGTGGCTCACACCTATAATCCCAGCACTCTGGGAGACTGAGGCAGGAGGAGCCCAGGAATGTGAGACCAGCCTGGCCAACATGGTGAAACCCAGTCTCTACTAAAAATATAAAAATTAGCCTGGTGTGGTGGTGTGCGCCTGTAGTCCCAGCTACTTGGGAGGCTGAGGTGGGAGGATCAC"
"GL873521","21355913","21356066","chr4","158479533","158479684","48","137123620","ATAAAAATTAACTAGCTATGGTGGCATACACTCTTGTCCTAGCTACTTAGGAGGCTGAGGATCATTTGAGGCCAGGAGTTTAAAGCTATAGTGTACTGTGATGATTACGCCTGTGAATAGCCACTGTACTCCAGCCTGGGCAACATAGCAAGAC","AATTAGCTGGGCATGGTGGTGCATACCTGTAGTCCTAGCTACTCAGGAAGCTGAGGCAGGAGGACAGCTTGAGGCCAGGAGGTCAAGGCTGCAATGAACCATGATTGATTACACCTGTAAATAGTCACTGCATTTCAGCCTGGGCAGCATAG"
"GL873521","21623697","21623773","chrX","53329871","53329945","26","31706174","AAATTTAGGCAGGCAAGTTGGCACATGTTTGTAGTCCAAGTTATGTGAGAGGATTCTTTGAGTCCAGAAGTTAAGGC","AATAGCTTGGGCAGGGTGGTGCATGGCTGTAGTCCTGAGATGGGAGGATCCCTTGAGTCCAGGAGCTTGATGCCG"
"GL873521","21623801","21623894","chr3","42032495","42032583","27","20408694","GTAATCTTAGTACTTTGGGAGGCCAGACAGGAGATTCATTTGAGACTGAGTTTAAGATCAGCCTGGACAACATGGCAATATCCCATGTCAACCA","TAATACCAGTATTTTGGGAGGCTGAGGCAGGCGATCACTTGAGCCCAGTTCAAGACCAGCCTGGGCAATATAGCGAAATCCTGTTTCTA"
"GL873521","21714176","21714337","chr12","96671998","96672172","41","74957822","ACTAGGGGGCATTGTGGCAACTGTCATCCTAGCTGCTCAAGAGGCTGAGGCAAGAGGATCACTTCAGCCCATGAGTTTATGGTTGCTGTGAGCTATGACTCCATGGCACTCTAGCCTGGGCAATAGAATGAGACTCTGTCGCAAAAAAAAAGAAAGAAAGAA","AATTAGCTGAGCATGGTGGCAGGCACCTGTAGTCCCAGCTACTTGGGAGGCTGAGGGAGGAGGGTCACTTGAACCCAGGAGTTTGAGGCTGCAATGAGCTATGACTGCATCAGTGCACTCTAGCCTGGGCAGTAGAGTGAGACCCTGTCTCACAAAAAAAAGAAGGAAAGAGAAA"
"GL873521","21714364","21714489","chr15","78802491","78802611","29","57088127","GGCTGGGTACCCTGGCTAGACACCTGTAATTCTAGCACTCCAGGAGGCTGAAACAGGTGGATTTCTTGAGCTCAGGAGTTCAAGACCAGCCTGTCCAAGACCAAGACCACAATTCTGTCTCTACTT","GGCTGGGTACAGTGGCTCACACCTGTAATCCCAGCACTTTGGGAGGTGGAGGCAGGAGGATCACTTGAACTCAGGAGTTCAAGACCAGCCTGGCCAACATGGCGAAACTCCGTCTCTACAA"
"GL873521","21743555","21743631","chr10","20213332","20213405","25","1530223","TATAGGGTGTGGCGGCAAGTGTGTATAGTACTAGCTACTTAAAGAGGTTGAGATGGGAGGATTGCTTGAGCTAAGGA","CCAGGTGTGATGGTGCATGCCTGTGGTCTCAGCTACTTTGGAGGCTGAGGTGGGAGGATTGTTTGAGTGGAGGT"
"GL873521","21743658","21743767","chr10","43292583","43292692","28","21548925","CAATGGTTTGTGCTTGTAATCCAGCACTTTGGGAAACAAAGGAGAAAGGATTAATTGAGACCAGGAGTTCAAAATCAGCCTGGGCAACATAAAGAGACCCTGTCTCTATG","GCGGTGGTTCAGCCTGTAATCCCCGCACTTTGGGAAGCTAAAGCAGGAAAATCACTTGAGCCCAGGAGTTCAAGACCAGCCTGAGCAACATAGTGATACCCCTGTTTCTA"
"GL873521","21994326","21994402","chr3","183523015","183523100","19","161528689","GGCATTGTGACTCACACCTATAATTCTAGCACTTTGGGAGGCTGAGGTGGGAAGACCACGAGCACAGGTTCAAGACC","GACTGGGGGCAGTGGCTCAAACCTGTAATCCTAGCACTTTGGGAGGCTGAGGTGGGAGGACCACCTGAGCTCAGGAGTTCAAGACC"
"GL873521","22568894","22569013","chr7","21219168","21219276","37","1349726","TACGTTGTGGTGGCTAGTCCCAAACTACTCAGCTACTCAGGAGTTTGAGGTTGCAGTAAGCTGTGAGGTTGCATTGCACGACAGATTGTGCAACAGAGCGAGACCCTATCTCGAAAAAAA","GGCTGAGGTGGGATAATCACTTGAGCCCGGAAAGTTGAGGTTGCAGTGAGCCATGACTCGGCACTGCACTCCAGCCTGGGCAACAGAGCCAGACCCTATCTCAAAAAAA"
"GL873521","22569034","22569129","chr15","57106062","57106161","19","34537028","CAGGCATGGTGGCTCACACCTGTAATCATAGCACTTTGGGAGACCAGGAGTTCAAGACCATGCTGGGCAACATGGCGAGACCTTGTCTCTACCAAA","GGCCAGGCATGGTGGCTCACTCCTATAATCACAGCACTTTGGTAGGCCATGAATTCAAGACCAGCCTGGGCAACATAGTGTAACCCTGTCTCTACGAAAA"
"GL873521","23082461","23082581","chr19","17007875","17007987","43","6074586","AAAATACACAGAGTACCCAGGCATGGTGGTGCATGCCTCCAGTCCCAGCTACAGGTGAGACTAAGACTAAAGGATGCCTTCAGCTCAAGACTTTGAAGCTGGCCTAGGCAACAACAAGACC","ACAATGTAGCTATGGCATGGTGGTGCCTGCCTGTTGTCCCAGCTACTTGGGAGGCTGAGATGGGAGGATTGCATGAGCCCAAGAGTTCAAGGCTGCTGTGAGCTACAATCACG"
"GL873521","23326932","23327034","chr1","153330637","153330743","26","130003705","GACTGGGTATGGTGGCATATGCCTGTAAACCCAGCACTCTGGGAGGCTGTGGCGGGTGGACCAGCCTGAGACCAGCTTGAGAAAGAATAAGACTCTGTCTCTA","GGCTGGGTGTGATGGCTCATGCCTGTAATCCTAGCACTTTGGGAGGCTGAGGCAGGTGGATCACTTGAGCCCAGGAGTTTGGGCAACATGACAGAACCCTGTCTCTA"
"GL873521","23327057","23327213","chr6","85247800","85247964","38","61920743","CCAGACATTGTGACACATGCCTATAGTCCTACTTGGGAGGCTGAGGCAAGAGGATGTCTTGTGCCCAAGAGTTTGAGGTTGCTGTGAGCTATGATACCATAGCACTCTAGTGGGGGGCAAGAAAGTGAGACACTGTCTCAAAAAAAAAAAAAAAAAA","CCAGGCATTGTGGCACATGTGTGTAGTCCCAGCTATTTGGGAGGCTGAGGCAGGAGGATCCTTTGAGCCCAGGAGTTTGAGGCTTCAGTGAGCTGTGATTGGACCACTACACTCTGGCCTGGGCAACAGAGAAAGACCCTGTCTCAAAAAGAAAAAGAAAAAGAA"
"GL873521","23553294","23553452","chr8","101101478","101101641","53","77548184","AAAATAAAGTTAGCTAGACACAGCTTTGGGCACCTGCAGTCCCAGTTACTTGGAGGTTGAGGCAAGAGGATTGTTTGAGCCTAGAGGTTTGAGGATATGGTTTGCTGTAGTTCTACCTGTGAGTAGCCACTGTTCTCCAGCCAGGACACCAGCGCAAGA","AAAAAGACACCAAGTAGCCAGGTGTGGTGCTGCAGGCCTGCAGTCCCAGCTACTTGGGAGGCTGAGGCAGGAGGATTGCTTGAACCCAGGAGTTCAAGACTTCAGTATGCCATAATCGCACCTATGAATAGTCACTGCACTCCAGCCTGGGCGACATAACAAAA"
"GL873521","24165831","24166009","chrX","9218405","9218573","51","14947426","GGCCAGGCACAGCAGCTCACACCCATAATCCTAACACTCTGAGAGACCAAGGTGTATAGATTACCTGAGCTCAGGAGTTGGAGACCACCCTGAGCAAGAGTAAGACCCCCATCTCTACAAAAAAAAAAAAAAAATAGAAAAACTAGCCAGGTGTTGTGGTGGGTACTTACAGTGCCAAC","GGCCAGGCGCAGTGCCTCACACCTGTAATCCCAGCACTTTGGGAGGCCGAGGCGGGTGGATCACTTGAGCTCAGGAGTTTGAGACCAGCCTGAGCAACATGGCAAAACCTCACCTCTACAAAAAAAATACAAAAATTAACCAGGCATGGTGGCAGGCACCTGTAGTCTC"
"GL873521","24270646","24270916","chr8","27224878","27225151","68","2954232","GGCCAGGCACGGTGGCTCACACCTGAATCCTAGCTGGCATTCTGGAAGGCCGAGGTGGGTGGATCACCTGACCTCAGGAGTTCAAGACCATCCTGAGCAAGAGTGAGATGAAACCTCATCTCTAAAAATAGCTAGGCATTGTGGTGGGCACCAGTAGTCCCAGCTACTAGGGAGGCTGAAGCAAGAGGATCACTTGAGTCTAAGAGTTAGACGTTGCTGTGAGCAGTGACGCCACAGCACTCTACCCAGGGCAACAAAGTGAGACTGTCTC","GGCCAGGTGCAGTGGCTCACACCTGTAATCCTAGCCCTTAGGAGGCTGAGGTGGGAGGATCACTTGAGCTCAGGAGTTCAAGACCAGCCTGGGCAATATGGTGAAACCCTGTCTCTACGAAAAATTAGCCGGGCATGGTGGCGCATGCCTGTAGTCCCAGCTACTCAGGAGGCTGAGGTGGGAGGATCATTTGAGCCCAGGAGGCGGAAGTTGCAGTGAGCCAAGATTGCACCACCGTACTCCAGCCTGGGCAACAAGTGAGATCCTGTCTCAA"
"GL873521","24618820","24618994","chr8","68458893","68459071","47","43840073","TCCTAGCACTCTGGGGGGCCGAGGTGGTAGGATCACTTGAACTAGAGTTCAAGACCACCCTGAACAAAAATCACACCCTGTCTGTACTAAAAATAGAAAAATTAGCCAGGCATTATAGTGCATGCCTGTAGTCCCAGCTACCTGGTAGGCTGAGGCAGATCCTCTAGCCCAGGGG","CCCAGCACTTTGGGAGGCTGAGATGGGTGGATCACTTGAGCCCAGGAGTTCAAGACCAGCCTGGGCAACATGACGAAACTCTGTCTTTACAAAAAATACAAAAATGAACCAGGCATGGTGGTGCATGCCTGTAGACCCAGTACTTGGGAGGCTGAGGTGGGAGGATCCCTTGATCCTGA"
"GL873521","24626746","24626855","chr1","205148842","205148953","29","180522096","AAAGAATGACAAAAATTCAGATATGGTGGTATGCACCTATAGTCAGTCACAGCTACTGGGGAGGCTGAGGTGGGAGGCTTTCTTGAGCCCAGGAGGTTGAGTCTAGCAAT","AAAAAGTACAAAGAATTAGCCAGGTGTGGTGGTGCGTGCCTATAGTTCCAGCTACTTGGGAGGCTGAGGTGGGAGGATTGCTTGAGTCCAGGAGTTGGAGGCTGCAGTGAAA"
"GL873521","24781755","24782037","chr5","139301937","139302217","85","114520182","GACCAGGTGTGGTGGCTCACACCTATTAGCCTAGCACTCTTGGCAGCTGAGGCAGGAGGATTCACTCAGAACTTCAAGAGTTAAACCCATGCCTCTACTAAAAATAAGAAAAAAATCAGTCCAGAGTATCATGGTGGGCACTTGCAGTCCCAGCTACTCGCAATGCTGAGGAAGAAGGATAGCTTGAGCCTAGGAGTTTGAGGTTGCTGTAGGCTGGATTTTTGTCATGGCATGCTAGTCTTGGCAACAGAGTGAGACTCTGGGGGAAAAAAAAAAGGAAAAA","GGCTGGGTGCGGTGGCTCACACCTGTAATCCCAGCACTTTGGGAAGCTGAGGCCAGAGGATGGCTTGAGCTCAGGAGTTTGAGTTGAAACCCTGTCTCTACAAAAAATACAAAAATTAGCTGGGTGTGGTGGTGCACACCTGTGGTCCCAGCTACTTGGAAGTGTGGGGTGGGAGGATTGGTTGAGCCCAGGAGGTTGAGGCTGCAGTGAGCCATGATCGTGCCACTGTACTCCCGCCTGGGTGACAGAATGAGACCCTGTCTCAAAAAAAAAAAAAAAAA"
"GL873521","24969692","24969970","chr5","91805199","91805483","78","66835507","GGCTGGATGCAGTGGCTCACACCTATAAACCTAGCACTCTGGAAGGCCACAGTGGGAGAATGGCTCGAGTTCAGGATTTTGAGAGTAGCCTGAGCAAGAGCAAGACCACATCTCTACTAAAAATATAAAAATTAGCAGGAAGTCTTGCTGAATGCATCATCTCAACTGCTCTGGAGGATGAGGCAAGAGGATTGCTTGAACTCAAGAGTTGAGGTTGTGGTGAGCGAGACTGAATCCATAGCACTCTACCCCAGGCAACAGAGCAAGACTTTGTTGAAA","GACTGGGTGCAATGGTTCACATCTGTAATCCCAGCACTTTGGGAGGCCAAGGTGGGAGGATGGCTTGAGCCCAGAAGTTCAAGACCAGCCTGAGCTACATGGCAAAACCCTGTCTCTACAAAAAATGTAAAAATGAGCCAGGCATGGTGGTGCATGCCTATGGTCCCAGCTACTCAGGAGGCTGAGGCAGGAGGATCGCACTAATCTAGGAGATGGAGGCTGCAGTAAGCCGAGATTGAGTCATTGCACTCCAGCCTGGGCGAAAGAGCCAGACTCTGTCTCAAA"
"GL873521","24970004","24970019","chr3","153804291","153804307","1","128834287","AAAACAAAACAAAAAA","CAAAACAAAACAAAAAA"
"GL873521","25391954","25392209","chr7","3491054","3491312","81","21900900","CCTAGTGCAGTGGCTCACACCTGTAATCCTGGAGGCTGAAGCAGATGGATTGCTTTGAGTTCCTGCCTAAATAAAAGTGGGAATCTACTATAGCAAAATTAGCTGGGCGTTATGGTGGGTACTTGTGGTCCCAGCTACTCAGGACGCTGAGGCAGGAGGATTGCTTGAACCAAGGAATTTGAGGTTGTTATGAGCTATGATGATGCCATGGCACTCTACCCAGGCCACAGAGTAAGATTTGGTCTCCAAAAAAAAA","GGCCAGGTGCGGTAGCTCACATCTGCAATCCCAGCACTTTGGGAGGCTGAAGCTAGAGGATCACTTGAGTCTTGTCTCTACAAAAAAAATCAAAAAATTAGCCAGGGCATGGTGGTGCATGCCTGTAGTCCCAGCTACTCGGGAGGCTGAGGCAGGAGGATCACTTGAGCCCAGGAGGTTGAGGCTGCAGTGAGCTGTGACTGTACCACTGCACTCCAACCTGGGCAACAGAGTGAGACCCTGTCTCAAAAAATAATAA"
"GL873521","25453333","25453646","chr22","29946204","29946503","77","4492871","GCCGGGTACAGAGGTGCATTTACCTGTAATCCTAGCACTTTGGGAGGGTAGGGTAGGAGGATGGCTTGGGGCCAGTAGTTCAAGACCAGCCTGAACAATCTAGTGTGACCTCGTCTCCACAAAATATAGAAAAATTAGCCAGGCATGGTGGTGGGCACTTGTATTCTCAGCTTCTCAGGAAGCTGAGGCAGGAGGATCTTTTGAGGCTGGAAGGTTGAGGTTGCATTGTTGAGATTGCACTGAGCTGTGATGACACCACTGCACTCTAGCCCTGGCAACAGAGTGAGATCCTAATTTAAAAAAAAAAAAAAAAA","GCTGGGCGTGGTGGCTCCTTCCTGTAATCCCAGCACTTTGGGAGGCCAAGGCTGGAGGATCACCTGAGTCCAGGAGTTTAAGACCAGCCTGGGCAACATAGGGAGACCCTGTCTCTACAAAAAATAAAAAATTAGCCAGGCATGGTGGTGTGCACCTGTAGTCCCAGCTACTCAGGAGGCTGAGGCAGGAGGATCTCTTGAGCCTGGGAGGTCAGACTACAGTGAGCAATGATTGTGCCACTGCACTCCAGCCTGGGTGACAGAGTAAGACTCTGTCTCTTAAAAAAAAAAAAAAAAAAA"
"GL873521","25473197","25473312","chr11","64318421","64318538","25","38845224","GGGCATGGTAACTCACTCCTATAATCCCAGCAGTTTGAGAGGCCAAGGCTGGAGGATCACTTAAGGCTAGGAGTTCATGACTGGTCAGGGCAACATAGTAAGACTTATTCTCTACA","CCAGGCATGGTGGCTCACACCTATAATCCCAGCACTTTGGAAGGCCAAGGCGGGAGGATCCCTTGAGGCCAGGAGTTTGAGACCAGCCTGGGCAACATAGCAAGACTCCGTCTCCACA"
"GL873521","25473339","25473487","chr1","35894728","35894879","40","10421389","AAGAATTAGCTAGGCATAGTGGTGCGCAGCTGTAGTTCCAAGTACTTGGGAGGTTAAAGACCATGTGAGCGCAGGAGTTCAAGGCTACAGTGAGCTGTGATCATGCCACTGCACTCTGGCCTGGGTGACAGAGTCTGTGTCATAAAAAA","AAAAATTAGCCAGGCATGGTGGCACATGCCTGTGGTCCCAGATACTTGGGAGGCTGAAGTGGGAGGATCACTTGAGCCCAGGAGATCAAGGCTGCAATGAGCCATGATCATGCCACTGCACTCCAGCCTGGGCAACCCTGTCTTTAAAAAAA"
"GL873521","25493130","25493293","chr4","75562087","75562252","41","50068957","CTTAGAGTTGTGGTGGGCTCCTGTACTCCCAGCTACCCAGGAGGTGAGGCTGAGGCAGGTGGATCACTTGAACCCAGGTATGTGAGGTTGCTGAGAGCTAGGATGACACACAGCACTCTAGCCTGGTGACAGAGTGAGTCTATGTCTCTAAATAAATAAATAAA","TTAGCTGGGTGTGGTGGCATGCACCTGTAGTCCCAGCTACTTAGGAGGCTGAGGCAAGAGGATCACTTTAGCCCAGGAGGTGGAGGTTGCAGTGAGCTGAAATCATACCACTGCACTCCAGCCAGGGTGACAGAGTGAGACCTTGTCTCAAAAATAAATAAATAAA"
"GL873521","25493320","25493467","chr9","31337596","31337743","33","5844276","GACTGGGCTTGGTGGCTCATGCCTGTAATCCTAGCATTCTGGGAAGCTGAGGCAGGAGAATCACTTGAGGTCAGGAGTTCAAGACCAGACTGAGCAAGAGTGAGATCTTGCCTCTACTAAAAAAATATATATTTTTAAAAAATAATGC","GCTGGGTGTGGTGGCTCACACCTGTAATCCTAGTGATTCAGGAGGCTGAGGCAGAAGGATCACTTGAGGTCAGGAGTTTGAGAGCAGACTGAGCAACAGAGTGAGACCCCCTCTCTAAGAAAAAAATATTAAAAAAAAAAACAACCGC"
"GL873521","25793453","25793728","chr15","82250472","82250741","88","56457019","CAGGTATGGTGGCTCACACCTGTAATCCCAGCACTTCGGGAGGCCAGGAGGTGGGGGAGAGGCTCTCTTGAAGCCAGGAGTTCCTGACCAGCCAAGCAACAGGCGAAACCTTATCTCTACAAAATATTAAAGAAAAAAGGAAATTAGCCAGGTATAGCAGTAGACATCCATAATTCCAGATACTGTCGTGGCTAGGACAGGAAGATCACCTGTGATTGTGCCACTGCATCCCAACTTGCCAAAAAAGCAAGATGCTGTCTCTATAAAAGAAAACTA","GCCGGGCACGGTGGCTTATGCCTGTAATCCCAGCACTTTGGGAGGCCGAGGCAGGAGAATCGCTTGAGCCCGGGAGTTTGAGACCAGCCTGGGCAACATGGTGAAACCAAGTCTCTACAAAAAAATACAAAAAAATTAGCCAGGTGTCGTGGTGCACGTCTGTAGTCCCAGCCACTCCTGGGAGGTCGAGGCTGCAGTGAGCTGTGATCGTGCCACTGCACTCCAGCCTGGGGAACAGAGTGAGACCCCGTCTCAAAAAATAAAAAAAAA"
"GL873521","25946379","25946540","chr16","48668108","48668267","54","22721729","GTTGAGGCAGGATTTCTTGAGGCTGGGAGTTGGAGACCAGCCTGAAAAACATGTTGATACCATTGCTACAGAAATTAGAAGAGTTAGCTGGGTATAGTGGTGCATCCCTGTAGTTCCAACTACTAGGGATGCTGAGGCAGGAGGGTCACGTAAGCCCAGGAG","GTGGGAGGATTTCTTGATCCCAGGGGTTCAAGACCAACCTGGGCAACATAGTGAGACCCTGTGTATACTGAACAAAAACAATTTTTCAGGCATGGTGGCACACACCTGTAGTCCGAGCTATTCGAGAAGCTGAGATGGGAGGATCCCTTGAGCCCGGGAG"
"GL873521","25955927","25956105","chr3","43378154","43378339","50","17422227","AAAAAATAGAAAAATTAGCCATGTGCAGTGGCATGTGCCTATAGTTCCACCACTGTAGGGGCTGAGGTAGGAGGATCCCTTAAGACCAGGACTTTGAGATTGCTGTGAGTTATGACATCACTGCTGTCTGGTTGGGTGACAAAGGGAGACTTTGCCTCAAAAAAGGGAAGAAAGAAAAA","AAAAATACAAAAATTAGCCGGGCATGTTGGCATGTGCCTGTGGTCCCAGCTACTCCAGAGGCTGAGGTGGGAGGATCACTGGAGCCCGGGAAGTTGAGGCTGCAGTGAGCTGTGATCACACCACTGCACTCCAGCCTGGGTGACAGAGTGAGACCCTGTCTCAAAAAAAAAAAAAAAAAAAAAAAA"
"GL873521","26298260","26298339","chr4","95794331","95794409","18","69496071","GGCTGGGTGCATCAGCTTATGCCTGTAATCCCAGTACTTTAGGAGGTTGAGGTAAGAGGATCACTTAAGAACAGGAATCC","GGCTAGGTGCAGTGGCTTACACCTGTAATCCCAGCACTTTGGGAGGCCGAGGCAGGAGGATCACTTGAGCCCAGGAGTT"
"GL873521","26307582","26307851","chr5","152032216","152032514","85","125724634","GCTGGGCATAGTGGCTCACACCTACACTCTTAGAGGCCAGGGCAGATGAATTATTTGAGCTTGGGAGACCAGACTGAGCATGAGTGAGATCCTGTTCCTACTAAAAATAGAAAAATTAATTGGGTGTTGTGCCTGTAGTCCCAGCTACTTGGAAGGCTGAGGCAAGAGGATCACTTGAGCCCAAAAGACTGAAGTTCTAATGCCAAACATGCTACTCAGAGGGACAGAATGAGACTCTGTCTCAAAAATAAATAAATAAATAAATAAATA","GGCTGGGCACAGTGACTCACACCTATAATCCCAGCACTTTGTGAGGCTGAGGCAGGCAGATTATTTGAGCCCCTGAGGTCAAGACCATCCTGGGCAACATGGCAAAACCTCATCTCTACAAAAAATACAAAAATTAGTTGGGTGTGGTGGCATACGCCTATAGTCCCAGCTCCTCAGGAGGCTGAGGTAGGAGGATGGTTTGAGCCCAGGAGATGGAGGTTGATCATGCCACTGCTCTCCAGACTGGGCAACAGAATGAGACTCTGTCTCACAAAAAATGAAACAGAATAAAATAAAAA"
"GL873521","26951040","26951317","chr17","16672309","16672598","75","10278731","TGGCTTACACCTGTAATCCTAGCACTCTGAGAGGAGTGAGGCAGATTGCTTGAGCTTAGGAGTTTAAGACCAGCCTGAGCAAGAAAGATCCCATTTTTACTAAAATAGAAAACTAGCCAGGGGTGGTGGCCTATGTCTGTAGTCCCAGCTACTCGGTAGGCTAAGGCAAGAGGATTGCTCAAACCCAAGAGTTTGAGATTGCTGTGAGTTCTGGTGCCATGACACTCTATCCAGGGTAACAGAGTGAGACTTTGTCTAAAAAAGAAATAAAATAGGTG","GTGGCTCACACCTGTAATCTCAGCACTTTGGGAGGCTGAGGCGGGAGGATCACTTGAGCCCAGGAGTTTGAGACCAGCCTGAGCAACATAGTAGGCTCCTGTCTCTACAAAAAAATACAAAAATTAGCTGGTACTGGTGGCATGTGCCTGTAGTCCCAGCTACTCAGGAGGCTAAGGCAGGAGAATCGCTTGAGCCCAGGAGGTTGAGGCTGCTATGAGCTGTGATGGCACCACTGCACTCCAGCCTGGGTGACAGAGTGAGACCTGGTCTCAAAAAGAAAAAAAAAAAA"
"GL873521","26951542","26951557","chr3","53948633","53948648","1","26997091","AAAAGAAAGAAAGAAA","GAAAGAAAGAAAGAAA"
"GL873521","27061553","27061681","chr3","122788793","122788920","26","95727240","GGCCACGCACAGTGGCTCATGCCTTTAATCCTAGCTTTCTGTGGAGGCCAAAGCAAATGGATCACTTGAACTCAGGAGTTCAAGACCAGCCTGAGCAAGAGCAAGACCCCATCTCTACTAAAAATAGAA","GGCCAGGCACTGTGGCTCATGCCTGCAATCCCAGCACTTTGGGAGGCCAAGGCAAGAGGATTGTTTGAGCCCAGGAATTCAAGACCAGCCTGGGCAACTCAGGAAGACCCCATCTCTACAAAAAACAA"
"GL873521","27061706","27061860","chr8","96136998","96137163","44","69075292","TAGCTTGGCATTGTGGTAGGCACTGGCAGTCCCAGTTACTTCGGAGGCTAAAACAAGAAGGATTGCTTGAATCCAGTGAGGTTGCTGTGAGCTATAATGTCATGGCACTTCTCCCCAGGGCAACAGAATGAGACTATCTCAAAAAAACAAATAAA","TTTAGCTGGGAAGGTTGGCACGCACCTGCAGTCCCAGCTACTTGGGAGGCTGAGACTGGAGGATTGCTTGAGCCCGAGAGGTCGAGGTGGCAGTGAGCCATAATCACACCACTGTACTCCAGCCTGGGTAACAGAATGAGACTCTGTCTCAAAACAAACAAACAAA"
"GL873521","27073730","27073910","chr1","68095575","68095737","50","41021845","GAGCAGCCTGAGCAGCTAGGGTACTGCTCCCTGCCTCTAGTCCCAGCTACTTGAGGGGCTAAGGCAGGAGGATTGTTTGAGCCCAGGAGCCCAGGAGTTTGAGATTGATGTGAACTAGGCTGATGCCATGGCACTCTAAACTGGGCAACAGAGTAAGACTCTATCTTAAAAAAACAAAAAA","TTAGCCCTGCATGGTGGCACATGCCTGTAGTCCCAGCTATTTGGGAGGCTAAGGCAGGGGGATGGTTGGAGCCCAGGAGGCAGAGGTTGCAGTAAGCTGAGACTGAGCCATTGCACTGCAGCCTGGGTGACAGAGTGAGACTCTGTCTCAAAAAAAAAAAAAA"
"GL873521","27074182","27074275","chr19","50666183","50666279","26","23592001","GCTGGGTACTGTGGCTCAAGCATGTAATCATAGCACTCTTGAGGCCAAAGTTTGGAGGATCCCTGAAGCTCCAGAGTTTAAATGCAGCTTGAGT","GGCTGGGCTCTGTGGCTCATGCCTGTAATCCCAGCACTTTGGGAGGCCGAAGTGGGAGGATCACTTGAGTCCAGCAGTTTGAGAGCAGCCTGGGCAA"
"GL873521","27115551","27115853","chrX","48006439","48006741","74","20890888","GGCCAGGTGTGGTGGCTCCTGTAATCCTATCACTATGGGAGGCCAAGGTGGGTGGATTGCTTGAGCTCAGGAGTTGGAGACTAGCCTAGGCAAGAGTGAGATCCCGTATCTACTAAATAGAAAAACTAACCAGGTTCCAGGTGCCTGTAGTCCCAGATTCTTGGGAGGCTGAGGCAAGAGGATCACTTAAGGTCAGGAGTTTAAGGTTGCTGTGAGCTATGATGTCATAGCACTCTACCCAGGGTGACAGAGTGAGACTCTATCTCAAACAAACAAACAAACAAAACAAAAACAACAAAAAAA","GGCTGGGCTCAGTGGCTCACGCCTGTAATTCCAGCACTTTGGGAGGCCAAGGTGGGCGGACTGCTTGAGCTCAGGAGTTCGAGACCAGCCTGGGAAACATGGCGAAACCCCATCTCTTAAAAAAAAAAAATTATCTGGGTGGCAGGAGCCTGTAGTCCCAGCTACTTGGGAGGCTGAGGTAGGAGGATCACCTGAGCCCGGGAGGTCAAGGCTGCAGTGAGCCATGATCGTGCCACTGCACTCCATCCTGGGTGACAGAGTGAGACCCTGTCTAAAAAAAAAAAGAAAAAAGAAAAAAAGAAA"
"GL873521","3621655","3621735","chr19","38588582","38588671","29","34966927","AAACCCCCCAGAAAATTAGCTGTAGTCCAGCTACTTGGGAGGGTGAGGCAGGATTGCTTGAACTCAGGAGGCTGAGGTTGC","TTAGCCAGGTGTGGTTGTGCACGCCAGTAGTCCTAGCTACTCAGGAGGCTGAGGCAGGAGGATTGCTTGAGCCCAGGAGTTTGAGGCTGC"
"GL873521","3642385","3642519","chr4","190118736","190118870","25","186476351","GGCTGGGTGAGGTGGCTCACACCTGTAATCCCAGCACTCTGGGAGGCCAACAGGGATGGAGCACCTGAGCTCAGGAGCTTGTGCCCAGCTTGAGCAAGAGTGAGACCTCATCTCTGTTAAAAACAGAAAAAAAAA","GGCTGGGTGCAGTGGCTCACACCTGTAATCCCAGCACTTTGGGAGGCCAAGGTGGGAGGATCACTTGAGCTCAGGAATTCGAGACCAGCCTGGGCAACATAATGAGACTGCATCTCTGTAAAAAAAAAAAAAAAA"
"GL873521","3642815","3642983","chr6","117522072","117522244","43","113879257","AAAAAAACTAGCCAGGCATTGTGGCGAGTGCCTGTAGTCCCAGCTACTCGGGAGGCGGAGGCAAGAGGAGTGCTTAATCCCAAGAGTTTGAGGTTGCTGTAAGCTATGACACTCATTCTACTCAGGGTAACAAAGTGAGACTCTGTCTCAAAAGGAAAAAAGAAAGAGA","TAAAAAAATTAGCCAGATGTGGTGGCATGTGCCTGTAGTTCCAGCTACTCGGGAGGCTGAGGCAGGAGGATTGCTTGAGCTCAGGAGTTCGAGGCTGCAGTGAGCTATAATTGTGCCACTGCACTCTAGCCTGGGTGACACAGTGAGACCTTGTCTTTAAAAAAAAAAAAAAA"
"GL873521","3668981","3669096","chr1","92774326","92774442","25","89105345","GGCTAGGCTCAGTGGCTCATGCCTATAATCCTAGCACTCTGGGAGGCTGAGACAGGTGGAGTGCCTACGTTCAGAAGTTTGAGACCAACCTGGGGAAGAGTGAGACCCTTGTCTCT","GGCCAGGCGCAGTGGCTCACACCTGTAATTCTAGCACTCTGGGAGGCAGAGGCAGGCAGACTGCTTGAGCTCAGGAGTTCGAGACTACCCTGGGCCACACAGTGAGACTTTGTCTCT"
"GL873521","3669118","3669287","chr19","44556029","44556196","40","40886911","GCCTAGCCATGCATTATGGTGGGCACCTGTAATCCCAGCTACTTGAGTGGCTGAGACAGGAGGATTGCTTGGGCCCAGGTGTTTGAAATTGTCGTGAGCTATGACAACACTATAGCACTCAACCCAGGGCACAGAGTGAGACCCTGTCTCAAAAAAAATAATAAATAAAA","TTAGCTGGGCACGGTGGTGTGCACCTATACTCCCAGCTACTCTGGAGGCTGAGACAGGAGGATTGCTTGAGCCCAGGAGTTCAAGACTGCAGTGAGCTAGGATCGCACCATTGCACTCCAGCCTGGGCAACAGAGTGAGGCCCTGTCTCTAATAATAGTAAAAAAAAA"
"GL873521","3669631","3669737","chrX","25092369","25092466","29","21422738","GGTTAGGCATGGTGGCTTACACATGTAATCCCAGCACTTTCAGAGGCTGAAGTAGGAGGATCTCTCAAGAGACCATCAGAGGGAGACCCTGTCCTTATAAATAATTA","GGGTGTGGCGGCTCAAACCTGTAATCCCAGCACTCTGTGAGGCTGAGGCAGGAGGATCGCCTGGGCAATATAGTGAAACCCTGTCTGTATTAATAATA"
"GL873521","3670024","3670183","chr1","26355033","26355200","40","22685009","TTGGTTGGGTGTGGTAGCACTTGCCAATAGTCTTAGCTACTTGGGAGGCTGAGGCAGGAGGATCCCTTGAGCCCAGGAGTTCAAAGTTGTAGTGAGCTGTAGTAGGGCCACTATAGGGTAAAAGAGTAAAATCCTGTCTCAAAAAAAAAAAAAAAAAAAA","AACTAGCTGGGTGTGGCGGCGTGTGCCTGTAGTCCCAGCTACTTGGGAGGCTGAGGCAGGAGGATCACTTGAGCCCAGGAGTTCAAGGCTGCAGTGAGCTAAGATCATACCACTGCACTCCAGCCTGGGTAATAGAGTGAGATCCTGTCTCAAAAAAAAAAAAAAAAA"
"GL873521","3713060","3713213","chr16","52591348","52591478","53","48878288","ACTAAAATTGTAAAGCCTAAGCTGGGTGTCATGGTGCACACCTGGAGATCCAGCTCCTCGGAGGCAGAGACAGGAGGATCTCTTGAACCCCAAAATTTGAACACAGTGCGACAACATAATGAGACCCACCTCTTACAAAAAATTACAAAGACTA","GCTGAGTGTGGTGGTGTGTGCCTATAATTCCAGCTACTCAGGAGGCTGAGGCAGGAGGATCACTTGAGCCCAGGAGTTTGAGACCAGCCTGGGCAACACAGTGAGACCCCATCTCAAAAAATTAAACATTA"
"GL873521","3858021","3858181","chr15","40727742","40727900","45","36869721","GGAAAAATTAGCTCAGCATTGTGGTGGGTGCCAATAGTCCTAGTTACTGGGGGGGTGGAGGGTTGAGGCAGGAGCTTGAGCTCAGGAGTTTGAGGTTGCTGCGAGCAAGGCTCATGCCATGGCACACTAGCCTGGACAACAGAGTGAGAGTCTGTCTCAAA","TTTAAAAATTAGCCAGGCATGGTGGTGACCACCTGTAGTCCTAGCTATTCAGGAGGCTGAGGCAGAAAGATTGCCTGAGCTCAGGAGTTTGAGGTTACAGAGAACTCTGATCATGCCACTGCACTGCAGCCTGGGCAACAGAGTGAGACTCTGTCTCAA"
"GL873521","3858456","3858567","chr17","26390105","26390216","27","22531649","GGTTGGATGCAGTGACTCACGTTTATAATCCTAGCACTCTGGGGAGCAGAGGCAGGAGGATCCCTTGAGCTTAGGAGCAAGACCCCATCTCTACTAAAAAATGGAAAAATTA","GGCCGGATGCAGTGGCTCACGCCTGTAATCCCAGCACTTTGGGAGATGGAGGTGGGAGGATCGCTTGAGGCTAGGGGTTCGAGACCACATCTTTACAAAAAATTTAAAATTA"
"GL873521","3958462","3958555","chr3","156881552","156881648","15","152923090","GGCCAAGTGTGGTGGCTCACGCCTGTAATCCCAGCACTCTGGGAGGCTGAGGCAGAGAATCACTGGAGCGCAAGAGTTTGAGACTAGCTTGAGC","GGCCAGTTGTGGTGGCTCACACCTGTAATCCTAGCACTCTGGGAGGCTGAGGCTGGAGGATCACTTGAGCTCAGGAGTTTGAGACCAGCCTGGGCAA"
"GL873521","4004289","4004415","chr2A","53135817","53135938","36","49131528","GCCGGGCGCGGTGGCTGACACCTGTAACCGAGCACTTTGGGAGGCATCTGTAGGAGGATCGCTTGAGGCCAGGGATTGGAGACCTCCCGCCCTACAAATGATTTTAAAATAAACTGCTTATGCTGGG","GCCAGGTACAGTGGCTGACATCTGTAATCCCAGCACTTTGGGAGGCTGAAGTGGGAGGATCACTTGAGGCCTGGAGCTTGAGACCAGCCTTGTCAACATAGTGAGATTAAAAAATTAGCTGG"
"GL873521","4004664","4004811","chr5","141173286","141173416","45","137168622","CTGCTTATGCTGGAGGACCCTCACCCCACCCCACCCCCACACACACCTTGTGCTCCTGACTTGGAGACTGCAGTGAACTATGATCAGGCCGCTGCCCTCCAGCGTGAGCGACAGAGCATGACCCTGTCAAAAAAAAAAAAAAAAAAAA","CTACTTGGGAGGCTGACCCACGAGAATCACTTGAACCTGGGAGGTAGGCTGCAGTGAGCTAAGATCACACCACTGCACTCCAGCCTGGGCAACAGAGCAAGACTCTGTCTCAAAAAAAAAAAAAAAAAAAA"
"GL873521","4367979","4368038","chr4","148843957","148844014","16","144475978","GGGCCCGGATAATGGCTCTAATCCCAGCTACTTGGGAGGCTGGGGCAGAAGGATCGCTTG","GCAATGGTACATGCCTATAATCCCAGCCCTTTGGGAGGCTGAGGCAGGAGGATCACTT"
"GL873521","4416492","4416644","chr15","38442496","38442652","39","34026004","GACAAAAATTAGATGGGCGTGGGGCTGTAGTTCCAACTACTCTGGAGGCTGAGGCAGGAGGGTTGCTTCAGCCCAGGAGTTTGCGGTTGTAGTGAGCTATAATGATTCCACTGCACTATAGCATGGTGACAGAGTAAGACTGTATCTCAAAAA","TTAGCCAGATATGGTGGTGCATGCCTGTAGTCCCAGTTACTTGGGAGGCTGAGGCGGGAGGATTGCTTGAGCCCAGGAGTTTGAGGCTGTGGTGAGCTATGATTGTGCCACTGCACTCCAGCATGGGTAACAGAGCAAGACCCTATCTCTTTAAAAA"
"GL873521","4416915","4417046","chr12","122239412","122239544","30","117822497","GCCTGGTACAGTGGCTCACAGCTGTAATTCTACCACTCTGGCAGACTGAGGCAGGAGTATAGCTTGAGGTCAGGAGTTAGAGAGCAGCCTGAGCAAAAGTGAGACCCTCTATTAAAAATAGAAGAATTAGGG","GGCTGAGCACGGTGGCTCATACCTGTAATCCTAGCACTTTGGGAGGCTGAGGCGGGAGGATTGCTTGAGGCCAGGAGTTTGAGACCAGCCTGGGCAACATAGTGAGACCCCATCTCTAAAAAAAAAAAAATTA"
"GL873521","4508052","4508216","chr1","180937305","180937458","45","176429253","CGCCAAAATAGCCACGTATGGTTGTGTGCACCTATAGTCCCAGCTATTTCAGAGGCGGAGACCATAAGACCACTTGCACCCAGGAATTTGAGGATACAGCAAGCTGTGATCATGCCACTGCACTCCACTCCAAGCCACAGACTGAGGCCTTGTCTCTTAAAAAAA","GCAAGCCAGGTGTGGTGGCATTTGCCTATAGTCCCAGCTATGTCAAAGGCTGAGACAAAAGTATCACTTGAACCCAAGAGTTAGAGGTTACAGTGAGCTATGATCGCACCACTGCACTCCAGCCTAGGCAACAGAATGAGACCCTGTCTCTAAA"
"GL873521","4508241","4508340","chr4","142826785","142826889","25","138318544","CCAGGTGCCATGGCTTATGCCTGTAATCCCAGGGCTCAGCTTGAGGCAGATGATCACTTGAAGCCAGGAGTTCGAGACCAGCCTGGGTAACACAGTGAGA","GGCCAGGTGTGGTGGCTCATGCCTTTAATACCAGGGCTTTGGGAGGCTGAGGCAGGACGATCACTTGAGGCCAGGTGTTTAAGACCAGCCTGGGCAACATAGGGA"
"GL873521","4585645","4585775","chr1","22024766","22024901","32","17439121","GCTGGGCAAGGTGGCTCACGCCTGTAATCCGAGCACTCGGGGAGTCCAATAGGGGTGGATTGCCTGAGCTCAAGTTCAAGACCAACCCAAGCAAGAGTAAGACCCCATCTCTACTAAAAATAGAAAAAACA","GCCAGGTGAGGTAGCTCACGCCTGTAATCCCAGCACTTTGGGAGGCCAAGGTGGGTGGATCAACTGAGGTCAGGAGTTCAAGACCAGCCTGGCCAATATGGTAAAACCCCATCTCTACAAAAAATACAAAAATTAT"
"GL873521","4586039","4586216","chr5","162553581","162553768","45","157967542","TAATAGAAAAACTAGCCACTGGTAGGCACCCATAGTCCCAGCTACTTGGGAGACTTAGGCAAGAGAATCACTTAGCCCAAGAGTTTGAGGTTGCTGTGAGCTATGATGCCATAGCACTCTACCCACAGTGCCAGAGTGAGATTCTGTCTCAAAACAAAAAAAGAAAGAAAGAAAGAAA","AATTTAAAAATAGCCAAGTATAGTGGCATGCCTCTGTATTCCTAGCTACTTAGGAGACTGAGGCAGGAGGATCACTTGAGCCCAAGTGTGTGAGGCTGCAGTGAGCCATGATCCAGCCACTGCACTCGAGCCTGGAAGACAGAGTGAGATACTGTCTCAAAAAAAAGAAAGAAACGAAAAGAAAGAAA"
"GL873521","4615177","4615298","chr12","11845861","11845982","46","7230684","AAATATAATGAGTAGCTGGGTGTGGAGGCACGTACTTCTACACCCAGCTACATAGAAACTGTGTAGCAGGCAGGAAGATAGTTTAATTAATATAGTGAGAACCCCATTTCAAAAAGAAAGAA","AATACAAGGAAGCCAGGTGTGGTGGCATGCACCTACAGCCCGAGCTACTCGGGAAGCTTTGAACTGGAGACAAGCCTGGGCAACATAGTGAAACCCCATCTCCCTCTAAAAACAAGGAAAGA"
"GL873521","4639212","4639298","chr17","29760224","29760310","16","25121012","GGCCTGGCACAGTGGCTCATACCTATAATCCTAGCACTCTGGGAGGTGAGGTGGGGAGGATCCTTTGAGCTTAAGAGTTTGAGATCA","GGCCATGGGCAGTTGCTCACACCTATAATCCCAGCACTTTGGGAGACTGAGGTGGGAGGATCGCTTGAGCACAGGAGTTTGAGACCA"
"GL873521","4757227","4757326","chr1","32811419","32811520","26","28054192","TAAAATAAATAAATCAGCTGGCAGTGTGGTAGGCAACTGTAGCCCCAGCTACCCAGGGCTGTGGCAGGAAGGTGACTTGAGCCCAGTAGTTTGAGGTTGC","ATTAAATTAAATGGAGCCGGGCGTGGTGGTATGCACCTGTTGTCCCAGCTACTCAGGAGGCCAAGGCAGGAGGATCACTTGAGCCCAGGAGTTTGAGGATGC"
"GL873521","4757600","4757715","chrX","124471265","124471386","33","119713665","GGCTGAGCAGTGTGGCTCACGCCTGTAATCCTAGTGCTTTGGGAGGCTGAGGTGGAGTGAATTCCAGACCTGCCTGAACAAGAGAGTTTTTGTCTCTACTAAAAATATAAAAATCA","GGCTGGACACCGTGACTCACGCCTGTAATCCCAGCACTTTAGGAGGCTGAGGCAGGAGGATTGCTCAAGACTAGCCTGGCCAACATGGTGAAACCCCGTCTCCACTAAAAATACAAAAATTA"
"GL873521","4833908","4834183","chr20","5619662","5619943","68","785754","GGCCAGTGCAGTGGCTCATGCTGTAATCCCAGCCCTCTGGGAGGCTGAGGCAGGCGGATCCCCTGAGCTCAGTGGTTGGAGACCAGCCTGAGCAAAAGTGCAACCCCGGCTCTACTAAAAATAGAAAAAACATTAGCTGGGCTGGGTGGCAGCTGCCTATAGTTACAGCTAATAGGAAGGCTGAGACAGGAGGATGGTTTGAGCTCAGGAGGTTGGGGTTAAGATATGGTGACACCACTGCATGCTACCTGGGGCACAGAGCAAGACTCTTGTCTC","GGCCAGGTGCAGGGGCTGACACCTGTAGTCCCAGCACTTTGGGAGGCTGAGGCAGGAAGATCACTTAAGCCCAGGAGTTCGAGACCAGCCTGCGCAACATGGTGAAAACCCGACTCTACAAAAAATACAAAAACTAGCCAGGCATGGTGGTGCCTGCCTGTAGTCCTAGCTACTCAGAAGGCTGAGATGGGAGGATTGCTTGAGCCCAGGAGGTTGAGGTTGCAGTGAGCTGAGATGACACCGCTGCATTCCAGCTTGGGTGCCAGAGCAAGACCCTCTCTC"
"GL873521","4857882","4858053","chr13","48157593","48157767","59","43299711","GACCAACCAGAGTAAGAATAAGACCCCTGTCTCTACAAAAAAATGCCAAAATTAGCCAGGCATAGTGGCATGCACCTATAGTCCCAGCTACTATAGTTTTGAGGTTGCTGTGAGCTATGACGATGACATTGCACTCTACCCCAGGCAACACAGCAAGGCTCTGTCTCCAAAA","CCAGCCTGGACAACATAGGGAGACCCTGTCTCTACAAAAAAATTTTCAGAAAATTAGCTGGGCACCATGGCGCATTCCTATAGTCCCAGCTACTCAGGAGGCTGCAGTGAGCCATGATTGTGCCACTGTGCTCCAGCACGGGTGACAGAGCAAGACCCTGTCTCTTAAAAAAAAA"
"GL873521","4858329","4858418","chr2B","246546136","246546224","17","241687807","CAGGAGCAGGGGCTCACACCTATAATCCTAGCACTCTAGAAGGCCAAGGCTGGAGGATTACTTGAGGCCAGAAGTTCATGACCAGCCAGT","CCAGGTGCTGTGGCTCATGCCTGTAATCCCAGCACTTTGAGAGGCCTAGGCAGGAGGATTACTTGAGGCCAGAAGCTCAAGACCAGCCT"
"GL873521","4904065","4904344","chr20","3250028","3250308","77","1654037","GGCCAGGCATGGCGGCTCAGCCTATAATCTGGGAGGCCAAGGCTCAAGGAGTTTGAGACCTGCCTGAGCAAGAGCAAGACCCTGTCTCTACTAAAAATAGAAAAAACAGCCAGGTGTTGTGGCAGGCACCTGTAGGCCCAGCTACTTGAGAAACTGAGGCAGGAGGACTGCATGAGCTCAGGAGTTTGAAGTTGCTGTGAGCTAAGAAGCCACAGCATTCTAGTCTGTAGCAACAGAGTGAAACTGTCTCAAAAACAGAACAAAACAAAACAAAACAAAA","GGCCAGGTGCAGTGGCTCACACCTATAATCCTAGCACTTCAAGGCCAAGTTCGAGACCAGCCTGGGCAACATGGCAAAACCCTGTCTCTACAAAAAAAAAATAAAAATTAGCCAGGCATGGTGGCGCTCACCTGTAGCCCCAGCTTCTTGTGGGGCTGAGGCAGGAGGATTGTTTGAGCCTGGGAGACAGAGGTTGCAGTGAACCTATATCATGCCACTGCACTCCAGCCTGGGTGACAGAGTGAAACCCTGTCAAAAAAAAAAAAAAAAAAGAAAGAAAA"
"GL873521","5548943","5549231","chr4","172002891","172003185","72","166453948","GACTGGGCACAATGGCTCACGCCTATAATCCTAGCACTCTGGAAGGCCAAGGTGGGTGGATTACTTGAGCTCACAGGTTTGGGACCATCCTGAGCAAGAGTAAAACCTCATCTCTAAAAATAGCCCGGCATTGTGGTGGGTACCTTGTAGTCCCAGCTAGTTGGGAGGCTGAGGCAAGAGAATCTCTTGAGCCTAAGACTTTGAGGTTGCTGTAAGCTGTGATGCCATGGTACTCTACCGAGGGTGACATAGTAAGACTCTATCTCCAAAAAAAAGAAAGGAAAAAGAA","GGCCAGGCACAGTGGCTCATGCCTATAATCCCAGCAATTTGGGAGGCCAAGGTGGGAGGATCACTTGAGCCCAGGAGTTGGAGACCAGCCTGGGCAACATGGCAAAACTCCATCTCTACAAAAAATAGAAGCCAGGTGTGGTGGTGTGCATCTGTAGTCCCAGCTACTTGGGAGGCTGAGGTGGGAGAATCGCCTGAGCCTGGGAGGTGGAGGTTGCAGTGAGCCAAGATCATGCCACTGCACTCTAGCCTGGGTGTCAGAGTGACAACTTGTCTCAAAAAAAAAAAAAAAAGAA"
"GL873521","5616768","5616899","chr1","134480867","134480991","29","128864099","GTGGCTCTCTCCTGTAATCCCAGCACTTTGGGAGGCCAGGGGAGAGGATTGCTTAAGGCCAGGTATTTGAAACCAGCCTGGGCAACACAGAGAGATATGCCCATCTCTACCAAAAGAAAAAAATTGCTAGGA","GTGGCTCATGCCTGTAATCCCAGCACTTTGGGAGGCCAAGGAGTGAGGATTGCTTAAGTCCAGGAGTTCAAGAACAGCCTGGGAAACATAGTAAGATCCTGTCTCTACAAAAAATAAAAAATTGT"
"GL873521","5617203","5617331","chr3","201848039","201848154","42","196230836","TTAAAAGTTTGCTGGGCTTGCTGAAGTGTGCCTGTAGTCCCAGCTACTCAAGAGACTAAAGTGGGGGGGATCAACAGAGCCCAAGAGTTTTAGCCTGTTCTGAATCACTGGACCACTGCATTCCTGTCT","ATTAGCTGGGCGTGGTGGCGGCTGCCTGTAGTCCCAGCTACTCAGGAGGCTGAGGTGGGAGGATCACCTGAGCCCGGGAGGTCGAGGCTGCAGTGAGCAGTGATGACGGCACTGCA"
"GL873521","5813449","5813645","chr8","55925895","55926096","51","50112446","TCTATAAATATATAGAAATTGCCAGGCACTGTGGCTAATGCCTGTCATCCGAGCACTTTGGGAGGCTGAGGCAGGAGGATCATTTGAGCCCAGAAGTTGGAGGCTTCTATGACTGGGGTGCTGCACTACAGTGGAGGCTGGGTGAAAGAGCAAGATTCTGTCTCTAAAAAACATACAAAACAAACAAACAAACAAAA","TCTCTACAAAAAAATAAAAAACTAGCCGGGCATGGTGGCACATGCCTGTAGTCCCAGCTACTTGGGAGGCTGAGGCAAGAGGATCACTTTACCCCAGGAGGTCGGGGCTGCAGTGAGCTGTGTTCATACCACTGCACTACAGCCTGGGTGACAGAGCAAGACTCTGTCTCAACAAAACAAAACAAAACAAAACAAAACAAAA"
"GL873521","5816723","5816839","chr7","150519989","150520108","29","144703266","GGCTTACACCTGTAATCCTAGCACTTTGGGAGAGTGGGAGTATGGCTCGAACCCAAGAGTTGGGAGACCAGCATGGGAAAGAATGAGACCCTGTCTCTACAAAAATAGAAAAATTAG","TGGCTCACATCTGTAATCCCAGCACTTTGGGAGGCCAAGGTGGGAGGATTGCTTGATCCCAGGAGTTGGAGACCAGCCTGGGCAACATAGTGAGACCCTGTCTCAACAAAAATTTATTTT"
"GL873521","6392280","6392393","chr13","98865790","98865887","34","92473510","GGCATGGTGATACATGCCAGCGACTTAGGAGGAGGACCCCTTGAGCAAGTGAGCAGTGATTGTGCCACTGCACCTCCAGCCTGAGCAACAAAGTGAGACTCTGACTCTTAAAAA","CAGGGGGACCACCTGAGCCTGGGAGGTTGCAGCTGCAGAGCCGTGATTGTGCCACTGCATTCCAGCCTGGGCAACAGAGTGAGCTCCTGTCTCAAAAA"
"GL873521","6821886","6822161","chr13","35542940","35543211","71","28721054","GGCCTGGTGCAGTAGCTCAGAGCTGTAAGCCTAGCACTCTGGGAGGCAGAGGTAGGTAGATCACTTGAGACCAGGAGTTCAAGAAGACCAGACTAAGTAAGAGTGAGACCCTCACCTATGCTAAAAATAGAAAATATTAGCTGGGCATACAGTGTATGTCTGTAGTCCAGGCTACTTAGGAAGCTGAGGTAGGAGGATCACTTAAGCCCAGGAGTTTGAGGTTGCTGTGAGCTAGGCTGAGGCCATGGTACTTCAGCCTCGGCAACAGAGTGAGAC","GGCCAGATGTGGTGGCTCACACCTGTAATCCTAACACTTTGGGAGACCGAGGTGGGTGGATCACTTGAGGTCAGGAGTTCAAGACCAGCCTGGCCAACATGGTGAAACCCCATCTCTACTAAAAATACAAAAATTTGCTGGGCATGATGGTGGGCGCCAGTAGTTCCAGCTACTCAGGAGGCTGAGGCAGGAGAATCGCTTGAACCCAGGAATCAGAGGTTGCAGTGAGCCAAGATCACGCCATTGCACTGAAGCCTGGGCGACAAGAGCAA"
"GL873521","6822427","6822459","chr1","26448863","26448892","8","19626436","TCAGAGTGAGACTTTATCTCAAAGAAAAAAAAA","TGAGTAAGACCCTGTTTCAAAGAAAAAAAA"
"GL873521","6828199","6828251","chr12","8954703","8954756","17","2126504","GGGAGAGGTAGCTCAGGCCTGTAATTCTAACACTCTGGGAGGGAGGATCCCTT","GGTCAGGTATGGTGGCTCATGCCTGTAATTCTAGTACTTTGGGAGGCTGAGGTC"
"GL873521","6828640","6828791","chr2A","70191250","70191406","45","63362610","CCTTGAGCTCACAAGTTTGAGACCAGCCTGAGCAAGAGCGTGACTATCTCTACTAAAAATAGAAAACTCTGCTAGGTGTTGTGGCAGGTGCCTATAGTTCCAGCTACCTAGGAGGCTGAGGCAAGAGGATCACTTAAGCCCAGCAGTTTGAG","TCACTTGAGCCCAGGAGTTCGAGACCAGCCTGGGCAACATAGTGAGACTCAGTCACTACAAAAATAAACTTGCTGGGTGTGGTGGTGTGCACCTGTAGTTCTAGCTACTCAGGAGGCTGAGGTGGGAGGATCCCTTGAGCCTCGGAGGTGGAGGTTG"
"GL873521","6837142","6837367","chr12","104694083","104694305","59","97856941","GACTGGGTGCTATAGCTCACACCTGTAACCCTAGCACTCTCAGAGGCCAAGGTGGGTGGATTCGCTGAGCTCAGGAGTTCAAGACCAGCCTGAGCAAAATAAGACCCCATCTCTACTAAAAATAGAAAAAGAAAAACCAGCCAGGTGTGGTGCCAGGAGCCTGTAGTTCCAGCTACTCAGAGGCTAAAGTAAGAGGATTATTTGAGCAGTAAGAGTTTGTGGTTTC","GACTGAGTACGGTGGCTCACACCTGTAATCCTAGCATTTTGGGAGGTCAAAGTGGGAGGATGACTTGAGCCCAGGGGTTCAAGACCAGCCTGGGCAACAAAGTGAGACCCTGTCTCCATAAAAATTACAAAAATTAACCAGGCATGGTAGCATGTGCCTGTAGTCCCAGCTACTCGGGAAGCTGAGGCCAGAGGATTGCTTGAGCTTAAGAGGTTGAGGCTGC"
"GL873521","6837616","6837695","chr14","61332116","61332199","24","54494500","GTTTGTGGTTGCTGTGAGCTATGACATCACAGCACTCAACCCCAGGGTGACTACATACAACTCTGTCTCAGAAAAAAAAA","GGTTGAGGCTGCAGTGAGCTGTAATTGTACCACTGCACTCCAACCCAGGTGACACAGTAAGACCCTATCTCAAACAAAACAAAA"
"GL873521","7000001","7000131","chr1","35753661","35753787","41","28753660","ACAGTAATACATACTTGTAGTTCCAGCTTCTAGGCTGAGGCCAGAAGATGGCTTGAGCCCAGGACTTTGAGGTTGCAGTGAGAGATGATGATACCTCTGTACTCTAGCCCAGGTAACAGAGACTCTGTTTC","TTAGCCAGGCATACTAGCTCATGCCTGGAGGCTGAAGCAAGAGGACAGCTTGAGCCCAGGAGTTTGAGGCTGCAGGCAGCTATGATCGCACCATCGCACTCCAGCCTGGGTGACAAGACCCCATCTC"
"GL873521","7000386","7000547","chr6","44662547","44662705","42","37662161","GGGTGTGGTGGCTCTTACCTGTAATCCTAGCACTTTGGGAGGCTGGGGCAGGCAGGAAGATTGTTTGAGGCCAGGAGTTCCAGACCAGGCTTGTCAATATAGTGAGACCCCGTCCCTATAAAAAATAGAAAAATTATCTGGGCCTGGTAATGCATACTTTGG","GGCACAGTGGCTCATGCCTATAATCTCAGCACTTTGGGAGGCCAAGGTGAGAGGATCACTTGAGCCCAGGAGCTACAGACCAGCCTGGGCAACATAGAGAAAACCCATCTCTACAAAAAATACAAAAATTATCTGGGCGTGGTGATGCATGCCTGTTGT"
"GL873521","7034228","7034543","chr6","83628974","83629284","80","76594746","GGCCAGATGCAGTGGCTGACACCTGCAATTCTATAACTTTAGGAAGGTGAGAGAATTGCTTGAGGCCAGGAGTTCCAGACCAGCCTGAACAATATAGTGAGACCCCATTGCTACAAAAATTAGAAAAATTCACTGGGTGTAATGGCCAATGCCTGTATTCCCAGATAATCCAGAGGCTGATGCTGGAAGATTACTTGAGCCCAAGAATTTGAGGTGACAGTGAGCTATGATGACACCAATGCACTCTAGCTTGGGCAATAGAGTGTGACCCTATTTCCAAAAAAAGAAAGAAAGAAAGAAAGAAAAGAAAAGAAAA","GGCAGGGCATGGTGGCTCATACCTGTAATCCCAGCACTTTGGGAGTCCAAAGTGGGTGGATCGCTTGAGTCCAGGAGTTCAAGACCAGCATGGGCAATATGGTGAAACCCTATCTCTACAAAAAAATACAAAAATTAGCTGGGCATGGTGGCATGCACTTGTATCCCAGCTACTCCAGAGGCTGAGGTGGGAGGATTGCTTGAGCCCAGGAGGTTGAGGCTGCAGTGAGCCATGATCACACCACTGCACTGTAGCCTGGGCAGTAGAGCGAGACACTGTCTAAAAAAAAAAAAAAAGAAAAGAAAAGAAAA"
"GL873521","7070010","7070206","chr5","79804250","79804453","53","72734240","GGCCAGGCAAGATGGCTCATGCCTGTAATCCTAGCATTCTGGGTGGCTGAGACAGGCATATTCCCTGAACTCATGAGTTGGAGACAAGTCTGAGCCAGAGTTAGACCTCATCTCTAAAAATAGCCTGGCATTGTGGCATACACCTGTAGTCTCAGCTACTTGGGAGGCTGAGGTGAAAGAATTGCTTAAGCCCAAGA","CAGGCACTGTGGATCACACCTGTAATCCCAGCACTTTTGGAGGCTGAGGCGGGCAGATTGCTTGAGCTCAGGAGTTTGAGACCATCTTGGGCAACCTGGTAGAACCACATCTCTACAAAAAATTAGCCGGGCATCGTGGCACACGCCTGTAGTCGCAGCTATTTGGGGGGCCTCCTGAGGTGAGAGGATTGCTTGAGTCCAGGA"
"GL873521","7070300","7070404","chr10","27497894","27497990","34","20427594","GTAAGCCCAAGATTTTGAGGTTGCTGTGAGCTATAATGCCATAGCACGCTAACTGAAGCAAAGTAACTATGACAAAGTAAGACTCGGTCTCAAGAAAGAGAAAAA","CACTTGAGCCCAGGAGGTTGAGGCTGCAGTGAGCTATCATGCCACCACACTCCAGCCTGAATTACATGGCAAGACCCTGTCTCAAGAAAAAAAAAAA"
"GL873521","7099137","7099314","chr16","419989","420167","56","6679148","GGCTGGGTGCCGCGGCTCACACCTATAATCCTAGCACTCTGAGAGGCCAAGGCAGGTGGATTGCTTGAGCTCAGGCACTTGAGGCCCTCAAATAGAAAAACTAGCCCAGCCTTGTGGTGGGCCCCTGTAGTCCAGCTACTTAGGAGGCTGAGGCATGAGGATCGATTGAGCCCAAGTA","CTGGGCACCGTGGGTCATGCCTGTAATCCCAGCACTTTGGGAGGCTGAGGCAGGAGGATCACTTAAGCCCAGGTGTTCAAAAAACAAACAAAAAAACATTAGCCAGGTGTGGTGGTGCACACCTGTAGTCCCGGCTACTCAGGAGACTGAGGTGGGAGGAGCTCTTAAGACCGAGAGGT"
"GL873521","7099591","7099694","chr5","181790038","181790151","31","174690447","TGAGGCCAAGTATTTGAAGTTGCTGTGAGCTATGATGTGGCGCTCTACCAAGGTTGATAAAGTGAGACTCTGTCTCAAAAACAAACAAACAAACAAAAAAGCAA","TTGCTTGAGCCCAGGAGGTGGAGGTTTCAGTGAGCCAAGATCGTGCCACTGCACTCCAGCCTGGGTGACAAAGTGAGACCCTGTCTCAAAAACAAACTAACAAACAAAAAACAA"
"GL873521","7182117","7182284","chr17","14741482","14741644","46","7559365","AATTAGCCAGGCATCATAGCACATGCCTATAGTCCCAACTATTCAGGAGCCTCAGGGCCAGGAGGATCCCTTGAATATAGGAGTTTGGGGTTACTGTGAGCTATAATGATACCACCCACTGCACTTTAGTCTGGGTGACAGTGAGACCCCGGCTCAGGGGGAAAAAAA","AATTAGCCAGGCATGGTGGCACATGCCTATAGTTCCAGCACTTTGGGAGGCTAAGGCAGGAGGATTGCTTGAGCCCAGGAGTTTGAAGTTACAGTAAGCTATGATCATGCCATTGCACTCTAGCCTGGGCAACAGAGTGAGACCTTGTCTCTAAAAAAAAAAA"
"GL873521","7182549","7182656","chr11","75656969","75657073","28","68474420","AACCCCAGCACTTTGGGAGGCCAAAGCAGGAGGATCATTTGAGGCCTAGGAGTTGGAAAGCAGGCAGAACAAGAGTGAGACTATCTTCATAAAAATACAGAAAAATTA","CCAGCACTTTGGGAGGCCAAGGCAAAAGGATCACTTGAGCCCAGGAGTTTGAACCAACCTAAGCAACAGAGTGAGACCCTGTGTCTACAAAATATTAAAAAATTA"
"GL873521","7224398","7224414","chr1","153358526","153358539","3","146134128","AAAAAAGAAAGTAAAAA","AAAAAAAAAAAAAA"
"GL873521","7224442","7224704","chr16","23925003","23925279","73","16700561","GTGTGATGGCTCATGCCCATAATCCTAGTACTTTGGGAAGCTTAGGCAGGAAGATTGCTGGAGGTCAGGAGTTCAAGACCCACCTGAGCAAGAATGAGACCCCCGTATCTACAAAAAATAGAAACATTAGCTGGGTGTGTTGGTGTATGTCTGCAGTACCAACTACTAGAGAGTTTGAGGCAGGAGGATCGTGTAAGCCCAGGAATTTGAGGTTGCAGTGAGCCACCACTGCACTCTACCCTGGGAGGCAGATCAAGACTGTG","GGCTGAGCGCGGTAGCTCATGCCTATAATCCCAGCACTTTGGGAGGCTGAGGCAGGTGGATTACTTGAGCTCAGGAGTTCGAGACCAACCTGGGCAACACGGTGAAACCCCTTCTCTACAAAAAACACAAGAATTAGCAGGGCATGGTGGTGTGCACCCGAAGTCCCAGCTACTCAAGAGGCTGAGGTGGGAGGATGGCATAAGCCCAGGAAGTGGAGGTTGCAGTGAGCCAAGATCATGCCACTGCACTCCAGCCTGGGTGACAGCAAGACTGTCT"
"GL873521","7244822","7245115","chr16","74165797","74166100","72","66920975","GGCCGGGCTCAGTGGCTCTATAATCCTGGCACTCTGGGAGGTCAAGGTGGGTGGATTGCTTGAGCGCAGGAGTTTGAGACCAGCCTGAGCAAGAGTGAAACCCCGTCTCTAAAAATAGCCAGGTGCTGTGGTGAGCCCCTATAGTCCCAGCTACTCAGGAGGCTGAGGCCAGAGAATCGCTTAAGCCCAGAAGTTGGAGGTTGCTGTGAGCCGTGATACCATAATTCTTTAACAAGGGTGACAGAGTGAGACTCTGTCTCAAAAAAACAAACATACAAACAAAAAAAAAAAAAA","GGCTGGGCACAGTGGCTCATGCTTATAATTCCAGCACTTTGGGAGGCCAAGGTGGGTGGATCACTTGAGCCCAGGAGTTCGAGACCAGCCTGGGCAACATGGTGAAACTCTGTCTCTACAAAAAATTAGCTGGGTGTGGTGGCTCGTGCCTGCAGTCCCAGCTACTCAGGAGGCTGAGGTGAGAGGATCAATGGAGCCCAGGAGGTGGAAGTTGCAGTGAGCCAGATCACACCACTGTACTCTCCAGCCTGGGTGACAGAGCAAGACCCTGTCTCAAAAACAAACAAACAAACAAACAAACAAA"
"GL873521","7391188","7391475","chr8","106723939","106724236","70","99332751","GGCATGGTGGCTCACACCTATAATCCTAGCACTCTGGGAGGACAAGGTGGGAGGATCCCTTGCACTCAGAAGTTCAAGACCAGCCTGAGAGAGAATAGGACCCCATCTCTACTAAAAATAGAAAAATTACCTGGGCATTGTGGTTGGTGCCTGTAGTCCCAGCTTCTTGGGAGGGTGAGGCAGGGGCATCACGTGAGCCCAGGAATTTGAGGTTACAGTTAGCTGTTTTGTCACAGCCATCTACCCAGGGCAACAGAGTGAGACTCTATCTCAAAAAGAAAAAAAGAG","GGTGCTGTGGCTCAAGCCTATAGTCCCAGCACTTTGGGAGGACAAGGTGGGAGGATCACTTGAGCCCAGCAGTTCAAGACCAGCCTGAGCAACATGATAAGACCCCATCTCTACAAAAAATTAGAAAAATTAGCCAGGCATGGTGATGTATGCCTGTGGTCCTAGCTACTTGGGAGGCTGAGGCAGGAGGATCCCTTGAGCCCAGGAGGTCAAGGTTGCAGTGAGCCATGGTTGTACCACTGTACCCCAGCCTGGGTTACACAGTGAGATCCTATCTCAAAAAAAAAAAAAAAAAAAA"
"GL873521","7391570","7391585","chr17","38661961","38661976","2","31270391","GAAAAAAAAAAGAGAA","GAAAAGAAAAAAGAAA"
"GL873521","7411261","7411442","chr4","57296207","57296386","41","49884946","AGAAAGAAAGAAAAAAAATTAGTCAAGAATGGTGGCATGCACCTATATTCCCAGCTACTCAAGAGACTGAAGCAGGAGGATTACTTGAGCTCAGGAGTTGGGGGCTGCAGTAAGCTTTGACTATACTAATGCACTCCAGCCTGGGTGACAGAGCGAGACCCTGTTTCAAAAAAGAAAAAAAA","AAAAAAGAAAAATTAGCCAGGCATGGTGGCATGTGCCTGCAGTCCCAGCTACTCAGGAGACTGAGGTGGGAGGATTGCTTGAGCCAGGGAGATTGGGGCTGCAGTGAGCTGTGATATCATGCCACTGTACTCCAGCCTAGGCCGCAGAGTGAGACCCTGTCTCAAAACAAAAACAAAAAA"
"GL873521","7411723","7411845","chr16","11721596","11721721","28","4309873","GGCTGGGTGCAGTGATCCTAGCCTTTTGGGAGGCTGAGGCAGGAGGACTGATTGAGGCCATGAATTTGAGACCAGCCTGAGCAAGAGTGAGACCTTGTCTCTGCAAAAAATAGGAAAATTAGT","GGCTGGATGCGGTGGCTCATGCCTTTTGGGGAGGCTAAGGCAGGAGGATTGCTGGAGCCCAGGAATTAAAGACCAGCCTGGGCAACATAGTGAGACCTCGTCTCTACAAAATTAAAAATTAAGTTT"
"GL873521","7473204","7473396","chrX","14950093","14950281","51","7476889","CAAAAAAAAAACCTTAGCCAGGTATGGCAGCACAGATTTGTCATCCCAACTACTCAAGAAGCTAAGGTGAGAAGATCACCTGAGCACAGGAGTCTGAGGTTATAGTGAGCTGTGACTGGGCCATTCACTACATTCCAGCCTATGCTATAGAGTAAGACCCTGTCAAAAGAAAAAAAAAGAGAGAGAGAGAAAA","TCAATAAATAAAAATTAGCCAGGCATGGTAGCACATGCCTGTCGTCCCAGTTACTCAGGAGGCTGAGGTGGGAGGCTCACCTGAGCCCAGGCATTGAAGGCTGCAGTGAGCTATGATCACAACACTGCATTCCAGCCTGGGTGACAGAGCAAGACCCTGCCTCAAAATAAAATAAAGAAAGAAAGAAAA"
"GL873521","7473423","7473542","chr14","57739259","57739375","24","50265836","CTGGGCACAGTGTTCATGCCTGTAATTTGAGCACTTTGGGAGGCCAAGGCTAGAGGATCACTTGAGGCCAGGAGTTTGAAACCAGCCTCAGTAACACAGAGAACCCTCATCTCTATTTAA","CTGGGTACATTGGCTCAAGCCAGTAATCCCAGCACTTTGGGAGGCCAAAGCAGGAGGATCACTTGAGGCCAGGAGTTTGAGACCAGCCTGGGTAACATGAGACCCTGTTTCTACAAA"
"GL873521","7573100","7573248","chr5","35112160","35112317","42","27539060","AGCCAGATGTGGTCTATAGTCCACAGCTACTTAGAGGCTGAGGCAAAGGGATCACTTGAGCCCGAGAGTTCAGGGCTGTGGTGCACAATGATCATGTCTGTGAATAGCCACTGCACTTCAGCCTAGGCAACATAGCAAGACCCTATCTC","AGCCTGGTGTAGTGGCACATGCCTATAGTGTCAGCTACTGGAGAGGTTGAGGCAGCAGGATTGCTTGAGTCCAGCAGTTCAAGGCTGTAGTGCACGATGATGGTGCCTGTGAATAGATACTGTGCTTTAGCATGGGCAACACAGCAAGACTCTGTCTG"
"GL873521","7601934","7602029","chr5","155700261","155700353","20","148098327","GGCTGAGCCCAGAGGCTCATGCCTGTAATTCTAGCACTCTGGGAGGCTGAGGCAGGTGGAGTGCTTGAGCTCAGGAGTTAAAAAAATCCAGTTTGA","GGCCGGGCACAGTGGCTCATGCCTATAATCCCAGCACTTTGGGAAGCTGAGGCAGGAGGATTGCTTAAGCCCAGGAGTTCAAGACCAGTCTTG"
"GL873521","7602314","7602531","chr2A","29137649","29137868","57","21535335","GACCAGTGTGAGCAAGGGCAAGACTCTGTCTCTACTAAAAATAGAGAAACTAGCTGAGCATTGTGGTGGGTGCCTAAAGTCTCAGCTGCTCAGGAGGATAAGGCAGGAAGATCTCCTGAGCCCAGGAGTTTGAGGTTGATGTGAGCTATGATGATATCGCATTCTAACCAGGTAACAGAGTGAGGCTTTGTCTCAAAAAAAAAAAAAAAAAAGAAAAA","CAGCCTGGTCAACATAGGGAAACTCTGTCTCTACAAAAAGTTAAAAAATTAGCTGAGCATGGTGGCACATGCCTGTAGTCTCAGCTACTCAGGAGGCTGAGGCAGGAGGGTCACTTGAGCCTGGGAGGCTGAGGCTGCAGTGAGCTGTGATCATGCTATTGCACTCCAGCCTGGGAGACAGAGTGAGATCCTGTCTCCAAAAATAAAAAATAAAAATAAA"
"GL873521","7608283","7608358","chr9","32411376","32411450","22","24803093","AGGCTGAGGAGGAAAGATTACTTGAGCCCCAAAATCTAGCCTTGGTGACATAGTGAAACTCTGTCTAAAAAAAATA","AGGTGGGAAGAGTACTTGAGGCCAGGAATTCAAATCTAGCCTGGGCAACATAGTGAAACCCTGCCTTAAAAAAAA"
"GL873521","7633232","7633420","chr7","4237351","4237553","52","3395881","GTGGTGGCTCATGCCTGTAATCGTAACACTCTGGGAGGCTGAGGTGGGTAGATTGCTTCAGCTTAGGAGTTCGGGACCAACCAAAGCAAGAATGAGACCCCCTCTCTACTAAAAACAGAAAGACTAGCCAGGCATTGTAGCAGGTCCTGTAGTCGCTACTCAGGAGGCTGAAGCAGGAGGATCACTTAA","GGTCAGGCATGGTGGCTCATGCCTGTAATCCCAGCACTTTGGGAGGCCGAGGTGGGCAGATTGCTTGAACTCAGGAGTTGAAGACTAGCCTGGGCAACACGGCAAAACCCCATCTCTACTAAAACTACAAAAACTAACTGGGCATGGTGGCACGCGCCTGTAGTCCCAGCTACTGGGGAGGCTGAGGTAGGAGGATCACTTGA"
"GL873521","7636438","7636492","chr5","38545852","38545906","11","30909414","ATTCAAGCCTGGGTGACAGAGTGAGACACTATCTAAGAACAATAAATAAATAAAA","ATTCCAGCCTGAGTGACAGAGTGAAACCCTGTCTCAAAACAAAAACAAAAACAAA"
"GL873521","7696982","7697091","chr9","129918441","129918551","24","122221459","TAATCCTAGCACTCTGGGAGGCCAAGGTAAGTGGATTGCTTGAGCTCAGGAGTTCAAGAGCAGCCTGAGCAAGAACAAGACCCCAACTCTATTAAAAATAGAAAAAAGCA","TAATTCCAGCACTTTGGGAGACTGAGGCAGGAGGATTGCTTGAGCTCAGGAGTTCGAGACCAGCCTGGGCAACATATTGAGTCCTCATCTCTATTAAAAATTAAAAAAATA"
"GL873521","7697336","7697489","chr7","132712253","132712405","44","125014917","GTAGAAAAAAGGCCAGCTGGGCATAGTGGTACATGCTTGTAGTCCCAGCTACTTGGAGACTAAGGTAAGAGGACTGCTTAAGTCCAAGAGCTTAAGGTTGCTGTGAGCTATGACACCACAGGGTGATAAGAGTGAGACTGTCTCCAAAAAAAAA","GAATTAAATAAAAATTAGCAGGGCATGGTGGCATGTGCCTGTAGTGCCAGCTACTTGGGAGGCTGACGCCAGAGGATTACTTGAGCCCAGGAGTTGGAGGTTACAGTGATCATGCCACTGCATGACAGAGTGAGACCCTGTCTCAAAAAAAAA"
"GL873521","7750582","7750651","chr7","149337669","149337736","11","141587087","GCTGGGTAAGAGTGGCTCATACCTATAATCCCAGCACTTTTGGGAGGCTGAAACAGGAGGATCACTTGAG","GCTGGGCACAGTGGCTCACACCTGTAATCCCAGCACTTTGGGATGCTGAGGCAGGAGGATCATTGGAG"
"GL873521","7784733","7784858","chr3","160952502","160952627","25","153167769","GGCCGGGCATTGATGGCTTCTACCTGTAATCCCAGCACTTTTGGAGGCTGAGGTGGGAGGTTTCATTGAGATCAGGAGTTTGAGACCAACTTGGGCAACAGTGAGACCCTGCCTTAAAAAAAAAAA","GGCCAGGCATGGTGGCTCACACCTGTAATCCCAGCACTTTGGGAAGCTAAGGTGGGAGGATCGCTTGAGCACAGAAATTTGAGACCAGCTTGGGCAACATAGAGATCCTGTCTCTATTAAAAAAAA"
"GL873521","7784884","7785052","chr16","1604263","1604439","38","6180621","AATTAGGCAGGCATGGTGGCACTTGTCCCAGCTACTTGGAAGGCTGAAGGAGGAGGATCACTTGAGCCCAGGAGTTAGAGGTTGCTGTGAGCTTTGATGCCACTGTACTCTAACCTGGGCAACAGAGTGAGATGTGCCTCAAAAACAAACAAACAAACAAAACCAAAAA","AATTAGCCAGGCATGGTGATTGGCACCTGTGGTCCCAGCTACTTGGGAGGCTGAGGCAGGAGGATGAATTGACCCCAGGAGTTTGAGGCTGCAGTGAGCTATGATGGCACCACTGCACTCTAGCCTGGGCGACAGGATGAGATCTGTAAAAAAATAAATAAAAATGAAAATAAAAAA"
"GL873521","7870707","7870997","chrX","70230306","70230599","61","62359599","GCTGGGCACAGCAGCTCACACCTGAAATCCCAGTACCCTGGAAGGGTGAGGATGGAGGATCACTTGTGGTCAGGAGTTCAAAAACAGCCTAAGCAAGAGTGAATCGCCATCTCTATTAAAAATAGAGAAATTAGCCAGGTGTGGTGGCATTTGCCTGTAGTCCCAGCCACTTGGGAGGCTGAGGCAGGAGGATCATTAGAACCCAGAAGGTGGAGGTTGCAATGAGCAGTAATGACACCACTGCACTCCAGCCTGGGTGACAGAGCAAGTCTCTGTTTCAAAAAAAAAAAA","GGCCAGGTACAGTGGCTCACACCTGTAATCCCAGCACACTGGGAGGCAGAGGCGGGCAGATCATTTGAGCTCAGGAGTTCAAGAGCAGCCTGGGCAACATGGTGAAATCCCATCTCTACAAAAAATAGAAAAATTAGCCGAGTGTGGTGGCACTCCTCTGTAGTCCCAGCTACTTGGAAGACTGAGATGGGAGGATCATTTGAGCCCAGGAGGCGGAGGTTGCAGTGAGCTGAGATTGCACCACTGCCCTCCAGCCTGGGCAACAGAGCAGGACCCTATCTCAAAAAAAAAAAA"
"GL873521","8041789","8041920","chr12","80555695","80555826","29","72513906","GTGGTGGCTCATGCGGATTATCCCAGTACTTTGGGGAGGTTGAGGCAGGAGGATTGCTTGAGCCCAGGAATTTGAGACCAGCCTGAGCAACATAGTAAGACTCTATACAAAAAAATAGAAAAATTAGCCTGG","GTGGCTCATGCCTGTAATCCCAACACTTTGGGAGGCTGAAGCAGAAGGATTGCTTGAACCAGGAGTTTGAGACCAGCCTGGGCAACATAGTGAGACTATCTCCACAAAAATAAATAAAAAATTAGCTGGGCA"
"GL873521","8042182","8042375","chr4","7236991","7237179","49","805191","GGTAAAAAAGAAAAAGAAAAATTAGCCAGGAGCACTAGCTTACGGCTTGTAGTCCTAGCTACTCAGGAGGCTGAGGTAGGGGAATTGCTGGAGTCCAGGAGTTTGAAGCCACAGAGAGCAAAGACCACACCACTGTACTCCAGCCTAGGCAATAGAACAAGACCCTGTCTCTGAAAAAAATAAATAAAAATAAA","TAAAAAAAATACTTAAAATTAGCCAGGCGTGGTGGCACACACCTGTGGCCCCAGCTACTCAGGAGGCTGTTGTAGGAGGATCCCTTGAATCCAGGAGGTCAAGGCTGCAGTAAGCCAAGATCACGCCACTGCATTCCAGCCTAGGCAACAGAGCAAGATCCTGTCTCTTAAAAAAAAAAAAAAAAAGAA"
"GL873521","8067082","8067383","chr20","31024244","31024552","81","22957162","GGCCAGGTGTAGAGGCTCACACTTATAAGCCCAGCACCCTGAGAGGCCGAAGTGGGTGAACTGCTTGAGCTCAGGAGTTCAAGAGTAGCCTGAGCAATAGTGAGAGCCGATTTCTACTAAAAACAGAAAACCTAGCCAGGCACTGTGGTGGCGTCTATAGTCCCAGGTACTCGGGAGGCTGAGGCAGGAGGATTGCTCAATCCTAAACTTTGAGGTTGCTGTGGGCAATAATGCCATATCTCTACCCAGGGGAAAAGAATGAGACTCTGTCTAAATAAATAAATAAATAAAATAAAAACAAA","GGCCAGGCACAGTGGCTCACACCTGTAATCCCAGCACTTTGGGAGGCCGAGGTGGTGGACTGCTTGAGCTCAGGAGTTCAAGACCAGTCTGGGCAACATGGCAAAACCTTGTCCCTACAAATAATACAAAAATTAGCCAGGTGCGGTGGCATGTGCCTGTAGTCCCAGCCACTTGGGAGGCTGAAGTGGGAGGATTGCTTGATCCTGGGAGGTAGAGGCTGCAGTGAGCCATAATTGTGCCACTGCACTCCAGCCTGGGCAACAGAGTGAGACCCTATCTCAAAAATAAATAAATAAATATAAAGAAAA"
"GL873521","8204885","8205108","chr10","14099107","14099324","63","5894222","CGAATTCGAAACCAGCCTGAATAAGAGTGAGATCCGTCTCTAATGAAAAGAGAAAAACTAGCAGGTTTTGTGGTGGGTGCCTTTAGTCTCAAGCTACTTGGGAGCCTGAGGCAGGAGGATCACTTAAGCCCAGGAGTTTGAGGTTGCTGTGAGCTATGATAACATTAGGGCATTCTAGCCTGGGAAACCGAGTGAGACTCTGTCTTAGAGAAATAAAAAATAAA","AGACCAGCCTGGGCAACATGACAAGATCCCGTCTCTACAAAAAATACAAAAATTAGCAGCGTGTGGTGGGGTGTGCCTGTAGTCCCAGTTACTTAGGAGGCTGAGGCAGGAAGATCACTTGAGCCCAGGACGGGGAGGTTACAGTGAGCCGTGATCACACCACCACACTCCAGCCTGGGTGACAGAGTGAAACTCTGTCTCTATAACAAACAAACAAA"
"GL873521","8205374","8205463","chr18","31130683","31130770","22","22925309","GCCGGACATGGTGGCTCATGTCCCTCCTGTAACCCTAGCACTCTGGGAGGCTTTGGCCTAAGGATTTGAGCTCAAGAGTTTAAGACCAGG","GGCCAGGCATGGTGGCTCACACCTGTAATCCTAGCACTTTGGGAGGCTAAGACCAGAGGATAATTAAGCTCAGGAGTTCAAGACCAGC"
"GL873521","8530940","8531225","chr4","131255414","131255698","71","122724474","GTCAGGTGTGATGGCTCGTCCTGTAATCCCAACACTCTGGGAGGCTGAGGCTGGTGGTTTGCTTGAGCTCAGGAGTTCTGAGACCATCCTGAGGTAAGAGTGAGACCCCATCTCTACTAAAATTAGAAAAAAAATTACCCAGGTGTAGCGGTGATGCCTGTAGTCCTAGCTACTTGGGAGGCTGAGGCAAGAGGATTGCTCAAGCCTGAGAATTTGAGGTTGCTGTGAGCTATGACTCCATCGCACTCAACCCCAGGGTGACTGAGTGTGATTGTCTGAAAAAGAA","GGCAGGACACGGTGGCTCACACCTGTAATCCCAACACTTTGGGAGGCTGAGGCAGGTGGATCACTTGAGCTCAGGAGTTGAGACCAGCCTGGGCAACATGGTGAAACCCCATCTCTACTAAAAATACAAAAATTAGCCAGGCATGGTTGTGGATGTCTGTGGTCCCAACTACTTGGGGGGCTGAGGCAGCAGGATTGCTTAAGCCTGGTAATTTGAGGCTGCAGTGAGCCATGTTCTTGCCAGTGCTCCAGCCTGGGTGACAAAGCAAGACCCTGTCTCAAAAAA"
"GL873521","9138426","9138710","chr17","16672309","16672598","64","7533883","GGTGGCTCATGTCTGTAATCCGAGCACTCTGGGAGGCTAAAGTGGAAGGATCACTTGAGCTCAGGAGTTTGAGACTAGCCTGAGCAAAAGTGAGAACAATGTCTCTATTAAAAATAGAAAATTAGCCAGGTGTTATGATAGGTGCCTGTAGTCCCAGCTATTCAGGAAGGCCAGGAAGGAGGATCCCTTGAGCTGGGGAGTTTGAGGTTGCTGTGAGCTGTGATGACACCATGGCACTCTACCCATGATGACAGAGTAAGACTGTCTCTAAAGGGAGAAAAAAAA","GTGGCTCACACCTGTAATCTCAGCACTTTGGGAGGCTGAGGCGGGAGGATCACTTGAGCCCAGGAGTTTGAGACCAGCCTGAGCAACATAGTAGGCTCCTGTCTCTACAAAAAAATACAAAAATTAGCTGGTACTGGTGGCATGTGCCTGTAGTCCCAGCTACTCAGGAGGCTAAGGCAGGAGAATCGCTTGAGCCCAGGAGGTTGAGGCTGCTATGAGCTGTGATGGCACCACTGCACTCCAGCCTGGGTGACAGAGTGAGACCTGGTCTCAAAAAGAAAAAAAAAAAA"
"GL873521","9337001","9337128","chr7","153795408","153795531","29","144458407","CTGGGCTCAGTGGCTCATGCTTGCAAGCCCAGCACTCTGGGAGGCCAAGGCAGGTGGATTGCTCGAGTTCAGGAATTTCAGACCAGTCTAAGAAAGAGTGAGAGCCCATCTGTACTAAAAATAGAAAC","CTGGGCACAGTGGCTCACGCCTGTAATCCTAGCACTTTGGGAGTCCAAGGCAGGAGGATGCTTGAGTCCAGGAGTTCAAGACCAGCCTGAGCAATATAGTGAGACCCCCATCTCTACAAAAAAA"
"GL873521","9337149","9337320","chrX","5183862","5184037","43","4153287","TAAAATACTAGCTGGGCATTGCGATGGGTGCCTGTAATTCCAGCTACTCAGGAGGCTGAAGCAAAAGGATCACTTGGGCCCAAGAGTTTGCGGTTGCTGTGAGCTGTGATTACACCACAGCACTCTCCCCAGGCAGAGAGAGACTCTGTCTTTAAAAACAAACAAACAAAAA","ATAAAAATATTAGCTGGGCATGCTGGTACATGCCTGTAGTCCCAGCTACTCAGGAGGCTGAGGCCTGAGGATCACTTGAGCCCAGGAGTTCCAGGTTGCAGTGAGCCGTGATTGCACCATTGCACTCCAGCCTGGGCCACAGGGCTAGACCCTGCTCAAAAGAAAACAAAAAAGAA"
"GL873521","9671716","9671832","chr6","38551166","38551279","31","28879450","GGCTAGGCAGGGAGGCTCAAAACTAAAATTTTAGCACTCTGAGAGCCCAAGGTGGGAGAATTGCTTGACCTCGGGTGTTTGAGACCAGTCTGAGCAAGAGTAACATCACATCTCTAC","GGCTAGGCGTAGGGGCTCAAACCTGTAATTCCAGCACTTTGGGAGGTCAAGGTGGGAGGATTACCTGAGGCCAGGAGTTTGAGACCAGCCTGAGCAACAGTGAGACTTTGTCTC"
"GL873521","9671895","9672063","chrX","24568892","24569057","39","14896997","TAATTAGCCAGGCATAGAGGTGGTATACACCTGTAGTCCCAGCTACTCTGGAGGCTAAGTCAGAAGGACTGGTTGAACCCAGGAGTCTGAGGTTGCTGTGACTAGGCTGATGCCACAGAACTCTAGCCTGATCAACAGAGTGAGACTCTGCCTCAAAATAAAAAAGGAA","AAATTAGCTAGGCATGGTGGCATGCAACTATAGTCCCAACTACTCAGGAGGCTGAGGCCGGAGGATGGTTTGAGCCCAGGAGGTGGAGGTTGCAGTGAGCCAAGATCACACCACTGCACTCCAGCCTGGGCAACAGAGTGAGACCCTGTCTCAAAAAAAAAAAAAA"
"GL873521","9699009","9699116","chr16","57943722","57943822","32","48244713","TCTGAGACACTCGGGAGGCTGAGCCTAGGAGTTTGAGGTGACAGTAAGCTAAGTTGATGTCACTGCATTCCATCCTAGGCAACAAAGCAAGATCTTATCTCTAAAAGA","GGAGGATTGCATGAGCCCAGGAGGTTGAGGCTGCAGTGAGCCAAGATCGTGCCACTGCACGTCAGCCTGGGCAACAAAGCAAGACTCTATCTCAAAAAAAA"
"GL873521","9699330","9699522","chr6","3030697","3030873","65","6668633","GGCTGCATGTGGTGGCTCGTGACTGTAATTTCACCACTTCAAAAGGCTGAGGCAGAGGAGTCACCTGGGGCCCAGAAAGTCACCCTTAAAGTCCAGCCTGAGTAACACAGTGAGACCCAAGATCCCAACTCCACAAAAGAAAAAAGAAGGGAAAGGAAAGAAAAGAAGAGTGGTGTGTGGTGACCTCCTAGAC","GGCCAGGCATGGTGGCTCTCCCCTGTAATCCCAGCACTTTGGGAGGCCAAGGCAGAAGGATCGCTTGAGCCCAGGAGTTTTAAGACCAGCCTGAGCAACACAGAGAGACCAGATCCCACTTCCACAAAAAAAAAAAAAAAATATTTGCCAGGCGTGATGGTGCATGCCTGTAGTCCC"
"GL873521","9879625","9879892","chr2A","20521665","20521953","79","10642040","GGGTGGGCACTGTGGCTCAGGCCTCCTAGCACTCTGGGAGGCCGAGCTGGGTGGATGACTTGAGCTCATGAGTTTGAGACCAGACTGAGCAAGAGCAAGCCCCATTTTTAAAAATAGCCAAGTGTCATGGTGGGCATCTATAGTCCCAGCCAGTTGGCAGGCTGAGGAAGAAGGCTTACTTGAGCTCAAGAGGTAGCTGTGAGCTGTGATGCCATGGCACTCTACCCAGGACAACAAAGTAAGACTGTCTCCAAAAAAAAGAAAAAAA","GGCTGGGCACAGTGGCTCACGCCTGTAATCCCAGCACTGTGGGGAGGTCAAGTTGGGTGGATTGCTTGAGCCCAGGAGTTTGAGACCAGCCTAAGCAATAGGCAAAACCCTGTCTCTACAAAAATCAGCCAGGTATGGTAGTGCGTACCTGTAGTCCCAGCTACTCAGGAGGCTGAGGTGGGAGGATCACTTGAGCCTGGGAGGTGAAGGCTGAAATTAGCCATGATCATGCCACTGCACCCCAAGCCTGGGCAACAGAGCAAGACCTTGTCTCAAAAAAAAAAAAAAA"
"GL873521","10097455","10097754","chr11","114714719","114715027","67","104617264","GGCCTGGGTGTGGTGGCTCACACCTTAATCCTAGCACTCTGGGACGATGAGGCAGGTTTGCTTGACCTCAGGAGTTTGAGAGCAGCCTGAACAAGAGTGAAACTCTGTCTCTACTAAAAACAGAAAAACTAGCCTAGTGTAGTGGTGCACCCCTGTAGTCCCAGCTGCTCAGGAGGCTGAGGCAAGAGGATCACTTGAGCCCAAGAGATTGAGGTTACTGTGAGCTGTGAGGCTGTGTTACTCTACCCAGGGCAAGAGAGTGAAGCCATCTCAAAAAAAAAAAAAAAAAAAAAAAAAAAA","GGCCAGGTGTGGTGGCTCACACCTGTAATCCCAGCACTTTGGGAGGCTGAGACAGGTGGATTGCTTGAGCCTAGGAGTTCGAGACCAGCCTGGCAACATGGCGAAACCTTGTCTCTACAAAAAATACAAAAATTAGCCAAGTGTGGTGGTGCACACCTGTGGTCCAAGCTACTCGAGAGACTGAGGTGGGAGGATTGCTTGAGCCCAGGAGGTTGAGGCTGGGGTGAGTTGAGATCATGCCACTGCATTCCAGCCTGGGCAACAGAGGAAGACCCTGTCTCAAAAAAAAAAAAAAAAAAAAAAAAAAAA"
"GL873521","10225742","10225927","chr15","49930173","49930354","59","39704431","TGGCTTACACCTGTAATCCTAGCACTTTGGGAGGCCACAGCAGATGGCTGCTTGAGCTCAGGAGTTCAAGCCTAGCCTAAGCAAGCCAGAACCATTGCCACTAAAAACAAAAAAAATAGCTGGAGTTGTGGGCACCTGTAGTTAGTTCCAGCTACTTAGGAGGCTGAGGAAAAAGGATGGCTTGAT","GCCTGTAATCCCAGCACTTTGCGAGGCCGAGGCCAGGCAGATCACTTGAGCCCAGCAGTTCAAGACCAGCCTGGGCAACATGGCAAAACTCCTTCTCAACAAAATACATAAAAATTAGCTGGGTGTGGTGGCATGTACTTTCAGTCCCAGCTACTCAGGAGGCTGAAGCAGGAGGATCATTT"
"GL873521","10226192","10226278","chr4","154285033","154285123","27","144058841","GAGGATGGCTTGAGCCCAAGAGTTTGAGGTTGCTATGAACTATGATGTCATGGCACTCTATCCCTGGCCACAGAATCAGACTCTGTC","GGAGGATCACTTGAGCCCAGGTGGTTGAGGCTGCAGTGAGCTGTGTTTATACCACCACACTCCAGCCTGGGCCGCAGAGTGAGACTTTGTC"
"GL873521","10399308","10399475","chr9","96945917","96946089","50","86546609","GGCCAGGTATGGTAGCTCACACCTGTAATCCTTGTACTCTGGGAGGCTTAGGAGCAAAGATCACCTAAGTGTAGGCATCTGAGACCAGTTTGAGCAAGTGAAACCCCATATTTACTAAAATTAGAAAAATTAGCTAAATGTTGTGGCAGGAACCTATCGTCCTAGCTA","GCCGGGTACAGTGGCTCACACCTGTAATCCCAGTACTTTGGAAGGCCAAGGCCAGAGGATTACTTAAGGCCAAGAGTTTGAGACCAGTCTGGGCAACATGGTGAAACCCCATCTGTACAAAAAATACAAAAATTAGCTGGGCATGAGGGCATTTGCCTGTGGTCCTAGCTACT"
"GL873521","10449464","10449583","chrX","134402652","134402771","17","123953188","GGCCAGAGGTGGTAGTTCATGCCTATAATCCCAGCAATTTGGGAGGCTGAGGGGGGAGGATAGCTTGAGGCCAGGAGTTTGACCCCTGCCTAGGCAACATAGTGAGACCCTATCTCTACT","GGCCAGATGTAGTGGCTCATGCCTGTAATCCCAGCACTTTGGGAGGCTGAGGTGGGAGGATCACTTGAGCCCAGGAGTTTGAGACCAGCCTGGGCAACATAGCAAGACCCTGTCTCTACT"
"GL873521","10449618","10449745","chr1","23164480","23164594","46","12714862","CCAACCATAATCGAGCACCTACAGTTCTAGCTACTCCGCAATCTCAGGCAGGGGAAGATTGCTTGAGTCTAGGAGTTCAGGGTAAGCTACTGCCCTTCAGCCTGGGAAACAGAGGAAGACCTTGTCTC","GGCCAGGCACAGTGGTGCCTACCTACAATCCCAGCACTTTGGAAGGCTGAGGCAGGAGGATCGTTTGAGGCCAGGAGTTCAAGATCAGCCTGGGTAACATATCAAGACCTGTCTC"
"GL873521","10796827","10797050","chr7","39187608","39187844","67","28390781","ACTCTGGGAGGCCAAGACAGGTGGATTGCTTAAGCTCAGGAGTTGGAGACCAGCCTAAGCAAGAGTGAGACCTCGTCTCTAAAAATATCTGGGCATTGGTTGGGCACCTGTAGTCCCAGCTACTCAGGAGGCTGAGGCAATAGGATTGCTTGAGCCTAAGGATTCCTGTGAGCTATGATCCCACAGCACTTTACCAAAGGTGACAAAGTGAGACTCTATCTCAA","CACTTTGGGAAGCCAAGGCAGGAGGATTGCTTGAGTGAAGGAGTTCAAGACCAACCTGGGCAAGATTGGGAGAAAAAAATTAAAAATTAGCTGGGCATGGTGGTGCATGCCTGTAGTCTCAGCCACTGGGAAGGCTGAGGCAGGAGGATCGCTTGAGCCTGAGAGATTGAGGCTGCAGTGAGCCTTGATTGTGCCACTGCACTCCAGCTTGGGCAACAGAGTGAGACCCTGTCTCAA"
"GL873521","10797081","10797110","chr4","40399247","40399277","7","29602166","CTGGGTGCAGTGGCTCATAGTTGTAATCCT","GGCTGGGTGCAGTGGCTCACATCTATAATCC"
"GL873521","11204849","11204966","chr7","73480490","73480609","28","62275641","GGCCAGGCATAGTGGCCTCCAAAAATCTTAGGACTTTGGGAGGTAGAGGTAGGAGAACTACTTGAGCCAAGGAATTCAATACTAGCCTGACCACAATAATGAGACCCTACCTCTACCA","GGCCAGGCACAGTGGCTCATGCCTATAATCTCAGTGCTTTGGGAAACTGAGGCAGGAGGATCACTTGAGCCCAGGAGTTCAAGACCAGCCTGGACAGCATAATGAGACTCCACCTCTACA"
"GL873521","11205003","11205140","chrX","7019379","7019524","37","4185624","TAGCCAGGCATGGTGGCACATACCCAAGTCCCAGTTACAGAAGAAGCTGAGGGAAGGGTATCAGGCCCAGAAGTTCAAGGTTGCCATGAGAGATGATCACACCACTGCAGTTCAGCCTGGGCAGCAGAGAGACCCTAT","TAGCCAGGCATGGTGGCACATGCCTGTAGTCCCAGCTACTCAGAAGGCTGAGGTCGGAGGATCTCTTGAGCCCTGGGGTGCAAGGCTGCAGTGAACCATGATCACACCAGTGCACTGCAGCCTGGGCAACACAGCAAAACCCTGTC"
"GL873521","11332611","11332889","chr9","110082691","110082973","78","98750080","GACGGGGAGCCATGGCTTGAGACTGTAATCCTAGTACTCTAGGAGGCCAAGGTGAGTGGATTACTTAAGCTCAGGAGTTAAAGTCCAGGCTGAGCAAGAGTGAGACCCTGTCTCTCCCCCAGATAGGAAAACTAGCCGGACATTGTAGTAGGCACCTGTAGTCCCAGCTTCTGAGGAGGCTGAGGCAAGAGGATTGCCTGAGCCCAACAGTTTGAGGTTGCTGTGAGCTAAAATGCCATGGAACTCTACCCATGGTGATGGAGTAGGATTCTGTCTCAA","GACTGGGCATGGTGGCTCCCAAAGTGTAATCCCAGCACTTTGGGAGGCCAAGGTAGGTGGATTGCTTGAGCCCAGGAGTTTGAGACCAGCCTGGGCAACATGGTAAAACCCTGTCTCTACAAAGAATACAAAAATTAGCTGGGCATGGTTGCATGCACTTGTGGTCCCAGCTACTCAGGAGGCTGAGGTGGGAGGGTCACTTGAGCCCAGGAGATTGAGGCTGCAGTGAGCTGAGATCGTGCCACTGCACTCTAACCTGGGTAATGGAGTGAGACCCTGTCTC"
"GL873521","11332916","11332939","chr22","30701628","30701648","4","19368712","ATAAAACTAAAAAGTAAGAAAAAA","AAAAACTAAAAAGAAAAAGAA"
"GL873521","11407564","11407699","chr17","81073514","81073640","45","69665950","AAAAACTAATGGCTGGGCATAGTATGTGTAGGTAGACTAGGCTACTTAGGAGGTCAAGGCAGAAGAATCACTTGAGCTCATGAATTTGAGGCTAGCATGGGCAATGATACCTCAGGTCTCAATAAAATATAAAAAA","GCCAAGCACAATGGCTCATGCTGGTAATTCTAGTACTTTAGGAGGCCAAGGCAGTAGGATCACTTGAGGCCAGGAGTTTGAGACCAGCGTGGGCCACACAGAGACCCTCCCTGTATAAAAAAAAAAA"
"GL873521","11442747","11442764","chr1","62222108","62222122","3","50779361","CCCATAAAATAAAATAAA","ATAAAATAAAATAAA"
"GL873521","11442802","11443056","chr17","73117863","73118118","82","61675061","GGCTGGGCGTGGTGTTTCATGCATGTAATCCTAATACTTTCAGAGGCTGAGGTGGATGCACTGCCTGAGCTCAGGATTTTAAAGCCAGCCTGAGGAAGAGCAAGACCCCATCTCTAAAAAATAGCTGGGCATTGTGGTGGGTGCTTGTAGTCCCCATTGTGGTGGGTGCTTGTAGGTAGCTCACGAGTTTGAGGATGCTGTGAGCTATGATGCACCACACTTCTTTCTACCCAGGGAGACAAAGCAAGACTCTGT","GGCCGGGCGTGGTGACTCATGCCTGTAATCCCAGCACTTTGGGAGGCCGAGGCGGGTGGATCACCTGAGCTCAGGAGTTCAAGATCACCTTGGGCAATGTAGTGAGACCTCACCTCTACAAAAATGAGCCAGGCATGGTAGTGCATGCTTGTAGTCCTGACTGAGGCAGGAGGATGATGAGCCCAGGAGGCAGAGGCTACAGTGAGCCATGATCGCTCCATCGCACTCTAGCCTGGGTGATGTGACACCCTGTCTC"
"GL873521","11751009","11751243","chr8","26546785","26547018","61","14795776","CAAGACCAGCCTGAGCAAAGCTAAACCCTGTCTCTACTAAAAATAAAAGGATTAGCTAGGTATGGTGGCATATGCCTGTAGTCCCAACTGCTCAGGAGTCTCAGGCAAGAGGATTGCTTGAGCCCATGAGTTAGAGGTTGCTGTGAGCTTTGATGTCATGGCACTCTATCCAGGGCAACTGAGTGAGACTGTCTCAAAATAAATAAATAAATAAATAAGAAAGAAAGAAAGAAAA","CAAAATCAGCCTGGGTCACATGGTAAAACCCCATCTCTACAAAAAATACAAAAATTAGCCAGGTATGGTGGCTTACACCTGTACTTCCCAGCTACTTGGGGGGCTGAGGCGGGAGGATCGCTTGAGCCCAGGAGGTAGAGGTTGCAGTGAGCTGAGATCGCACCACTGCACTCCAGCCTGGGTGACGGAGTGAAACCCTGTCTTAAAAAAAAAAAAAAAAAAAAAAAAAAAGAA"
"GL873521","12019379","12019705","chr16","68023292","68023602","103","56003913","GCTCACACCGATAATCCTAGCTCTGGGAGGCTGAGGGGGCAGGATCTCTTGAGCTCAGGAGTTTGAGACCAGACAGAGCAAGAGTGAGACCTTGTCTGTACTAAAAATTAACCAGGTGTGGTGGAAGGTGCCATCGTCTCAGCTACTCTGGAGGCTGAGGCAGGAGGATCCCTTGAACCCAGGAGGTTGAGGTTGCTGTGAGCCAGGCTAATGCCAAGATCTGGGGCATCAGAGTAAAACTGAGGTTGCTGTGAGCCAGGCTGATTCTAGCCTGGGCAACAGAGTAAGACTCTGTCTCAAAAACAAACAAACAAAAAACAAAAAAAA","CGGTGGCTCACACCTGTAATCCCAGCACTTTGGGAGGCTGAGGTGGGAGGATCACTTGAGCTCAGAAGTTTGAGATCAGCCTGGGCAACATGGCAAAACCTATCTCTAGAAAAAATACAAAAACTAGCCAGAGTGGCACGTGCCTGTTGTCCTAGCTACCCAGGAGGCTGAGGTAGGAGGATCACTTGAACCTGGGGGCAGAGATTGCAGTGAGCCATGATTGTGCCACTGCACTCCAGTCTGGGCAACTCCAGCCTGGGCAACAGAATGAGACTCTGTCTCAAAAATAAAAAAGAAAAGAAAAGGAAAAA"
"GL873521","12059316","12059592","chr5","143468399","143468692","69","131409083","GGCTAGGTGCAGTGGCTCATGCCTGTAATCCCAGCACTCTGGGAGGCTCAGGCAGGTGGATTACTTGAGCTCAGGAGTTGGAGACTAGCCTGAGAAAGAGTGAAACCCATCTCTACTAAAAATAGAAAAACTAACCAGGTGTGTGGTGGTCCCCTATAGTCCCAAATACTGGGGAGACAAGAGAATTGTTTGAGCCCAAGAGACTGAGGTTAGCTGTGATGACTCCATAGCACTCTACCCAAAGTGACAGAGTGAGATTCTGTCTCAAAAAAGGAAA","GGCCAGGCACAGTGGCTCATGCCTGTAATTCTAGCACTTTGGGAGGTCAAGGCAGGCAGATCACTTGAGCTCAGGAGTTCGAGACCGGCCTGGGCAACAGGGTGAAACCCCATCTCTACAAAAAAATACAAAAACTAGCCAGGTGTGGTGAAGTGTGCCTGCAGTCCCAGCTACTCAGGAGGCTGAGGCAGGAGAATTGCTTGAGCCTGGAGGCTGAGGTTGCAGTAAGTCAAGATCATGCCATTGCACTCCAGCCTGGGTGACAGGAGTGAAACCCTGTCTCAAAACAAAGAA"
"GL873521","12087639","12087865","chr4","25649068","25649301","60","13561429","GGCTGGGCTAGGTATACCATGCCTGTAATCCTAGCATCCTTAGAGGCAGAAGCAGGATTCCTTTAGCTCAGGAGATTAAGACCAGCCTGAGCAAGGGTGACACCCCATTTCCATCAAAAATAGAAAAACTAGCTGGGCATAGTGGTGGGCATCTGTAGTCCTAGCTACTCGGGAGGCTGAGGCAAGAGGATCCTTGGAGCCCAGGAGTTTGGGGTTGCTATAAGCCG","GGCCGGGCATGGTAGCTCACGCCTGTAATACCAGCACTTTGGGAGGCTGAGGCGGGCTGATCACTTGAGTCCAGGAGATAGAGACCAGCCTGGGCAACATGGCAAAATCCCATCTCTATAAAAAAAACACAAAAATTAGCTGGGCATGGTGGTGTGCACCTATAGTCCCAGCTACTTGGGAGGCTGAGGCAGGAGAATCTCCTGAGCCCAGGAGGTGGAGGCTGCAGTGAGTCG"
"GL873521","12170072","12170342","chr3","111501569","111501837","73","99331497","GCCAGATGCAGTAGCTTACAGCTATAATCCCAGTACTTTGGAAGGTCAAGGCAAGAGGATTGGTTGAGACCAGGAGTTGAAGACCAGACTGGACAATGTAGTAAAACCCTATCCCTACAAAAAATAGAAAAAATTAGCTGGGTGTCATAGCTCTTGCTTATAGTCCCAGCTACCTGAGAGGCTGAGGGAAGAGGATCACTTGAACCCCTGAGATTGATACCATGGTACTCCACCTTGGGTGACAAAGTGAGACCCTTTCTCAAAAACAAAA","GGCTGGGTGTGATGGCTCACATCTATAATCCCAGCACTTTGGGAGGCCAAGGCAGGTGGACTGTCTGAGACCAGGAGTTTGAGACCAGCCTGGGCAACATGGTGAAACCCTGTCTTGACAAAAAAAATAAAAAATTAGCTGGGAGTGGTGGTGTGCACCTGTAGTCCCAGCTATGCGGGAGGCTGAGATGGGAGGATCGCTTGAGCCCGGCAGGCAGAGGTTCACTCCAGCCTGGGCGACAGAGTGAGACCCTGTCTTAAAAACGAAAA"
"GL873521","12688417","12688615","chr16","83498862","83499063","66","70810445","AAATCAGCCTGAGCAAAAGCAAGATCCAGTCTCTACAAAAAACTAGAAAAATTAGCCAGGCATGGTGATACACTCAGGAGAATGAAACAAGAGGATCACTTGAGCCCCGGGGTTTGATGTTGCACAGTGAGCTATGGCGATGCTGCTGCTCGGATAACAACGCGAGATGAGACCCCGTCTCAAAAACAAACAACAAAAA","ACTAGCCTGGGCAACACAGCAAAACCCCATCGCTACAAAAAATACAAATATTAGCCAGGTGTGATGGTGCATGCCTAGGGAGGCTGAGGTGGGAGGATCACTTGAGTCCAGGGAGGCTGAGGCTGCAGTGAGCTGAGATTATGCCACTGCACTCCAGCCTGAGTGACAGAGTGAGAACCTGTCTCAAGAAAATTAAAAAAAA"
"GL873521","12689719","12689822","chr7","26479088","26479188","21","13789369","GCTGAGTACAGTAGCTCACTTCTTTCATCTCAGCACTATGAGAGGCTGAGTCAGGAGGATCACTTGAGGCCAGGATTTTGAGACAAGCCTGGGGAACATAGTGA","GCTGGGTGCTGTGGCTCACATGTATAATCACAGCACTTTGGGAGGCTGAGGCAGGAGGATCACCTGAGGCCAGGATTTCAAGACCAGCCTGGGCGAAATGG"
"GL873521","12747705","12747831","chrX","118392849","118392966","30","105645144","GCCAAGCATGGTAGCACAAGCTTTGTAGGCCCAATTACTTGGGAGGCTAAGATGGGAGGATCACTTGAGCCCAGGAGTTTGAGGCCAGCCTGAGAAACACTCCAAGACCCTCTTTATTTAAAATATA","GCCAAGCATGGTGGCTCATGCCTGTAATCCCAGTACTTTGGGAGGCTGAGATGGGAGGATAGCTTGAGCCCAGGAGTTTGAGACCAGCCTGGTAACACAGTGAGACCTCATCTCTACA"
"GL873521","12758304","12758462","chr7","65488595","65488751","43","52730291","ACTTAGCTGAATATAGTAGCACAAGCCTGTATTTCCAGCTACTCAGGAGGCTGAGGCAGGAGGATCACTTGGGCTTACAAGTTGGAGGTTGTGGTAAGCTATGATGATGCCACTGCCCTCTGCCCCAGGCAAATGTGATGCCTTGTCTCAACAACAAAA","TTAACTGGGTATAATGACACATGCCTGTAGTCCCAGCTACTAGAAAGGCTGAGGTAGGAGGATTGCTTGAGCCTGAGAGGTTGAGGATGCAGTGAACCATGATCAGGCCACTGCACTCAGCCTAGGCAACACAGTGAGACCCTGTCTCAAGAAAAAA"
"GL873521","12758495","12758600","chr16","15961202","15961315","30","3202707","GTGGCTGGTGCATATAATCCTACCACTTTGGAAGGAGGAGGGAGAATCATTGAAACCAGGAGTTCAAGAACAGCCCAGGCAGGCTATAGTGAAATCTCATCTCTAC","GTGGCTGGGCATGCCTGTAATCCTAGCACTTTGAGAGGCTGCAGCGGAAGGATCGCTTGAGCCCAGGAGTTCAAGAACAGCCTAGGCAACATAGCAAGATCCCTGTCTCTACAA"
"GL873521","12822938","12822952","chr1","210017045","210017059","2","197194107","TAAAACAAAAGAAAA","TAATAAAAAAGAAAA"
"GL873521","12822989","12823283","chr7","75828649","75828941","71","63005660","GGCCAGGCAAGGTGGCTAACTGCTGTAATCTTAGCACTCTAGGAGGCTGAGGCAAGAGAATTCCTTGAGGTCAGGAGTCAGAGACCAGCCTGAGCAAAAATGACACTCCACCTCTATGAAAAATAGAAAACAAAAATTAGCCAGGTGTGATGGCCCATTTCTGTAGTCCCAGCTACTGGGGAGGCTGAGGCAGGAGGATAGCTTGAGCCCAGGAGCTTGAGGTTGCGGTAGCTAGGCAGATGGCTCAGCACTCTTTCTAGCCTGGGCAACAGAGCAACATTCTATCTCAAAAAAT","GGCTAGGCATGGTGGCTCATGCATGTAATCCCAGCACTTTGGGAGGCTGAGGCGGACGGATCACTTGAGGTCAGGAGTTCGAGACCAGCCTGGTCAACATGGTGAAACCCCATCTCTACTAAAAATATAAAAATTAGCCAGGTGTGGTGGCGCATGCCTGTAGTCCCAGCTACTTGGGAGACTGAGGTGGGAGGATCCCTTGAGCCTGGGAGGTTGAGGCTGCAGTGAGCTGTGATGGCACCACTGCACTCCAGCCTGGGCAATAGAGCAAGACCCTGTCTCATAGGAAAAAA"
"GL873521","13041237","13041319","chr5","49472177","49472254","12","36430940","GGCCAGTCATGGTGGCTCATGCCTATAATCCTAGCACTCTGGGAGGCTGAAGCAGGAGGATCACTTGAGCTCAGGAGTTTGAG","GGCCTGGCATGGTGGCTCATGCCTGTAATCCAGCATTTTGGGAGGCTGAGGCAGGAAGATCACTTGAGCTCAGGATTT"
"GL873521","13102109","13102207","chr16","30194624","30194720","25","17092515","TGAGCCCAGGAGTTTGAGGTTGTTGTGAGCTGAGCAGACCACACAGCATTCTAGCTTGGGCAACAGAGTGACATTGTGCTTCAAAAAAAGAAAAAAAAA","TGAGCCCAGGAGTTTGAGACTACAGTGAGCTATGATTACACCACTCCTCTCCAGCATGGGCAACAGAGTGAGACACTATCTCAAAAAAAAAAAAAAA"
"GL873521","13102475","13102686","chr2B","236887995","236888203","46","223785520","GGCCAAGTGTGGTGGCTCATGCTTGTAATCCTAGCACTCTGGGTGGCTGAGGCAGGGGGATCACTTGAGCTCAGGAGTTCAAGACCAGCTTGAGCAAGAGTGAGAACCCATTTCTACTCAAAATAGAAAAAAATTAGACAGGCACTGTGGTGAGTGCCTGTAGTATGAGCTACTTTGGAGGCTGAGATAGGAAGATCACTTGAGCCCAGGAG","GGCTAGGCGCAGTGGCTGAAGCCTGTAATCCTAGCACTTTGGGAGGCCGAGGTGGGCGATCACTTTGGCTCAGGAGTTCGAGACCAGCCTGGGCAATATGGCAAAACCCCATCTCTACACAAAATACAAAAATTACTCAGATGTGGTGGTGAGTGCCTGTAGTCCCAGCTACTTTGGACGCTGAGGTGGGAAGATCACCTGAGCCCAGG"
"GL873521","13327200","13327291","chr3","43397692","43397785","20","30070492","CTATCACTTTAGGAGGTGAGGTGGGAGGATCACTTGAGGCAAGGAGTTCAAGAGCAACCTAGGCAACATAGGAACCCCTCTGTCTCTCCAAA","CCCAGCACTTTGGGAGGCTGAGGTGGGCAGATCTCTCGAGCCCAGGAGTTCAAGACCAGCCTGGGCAACATGGTGAAACCCCGTCTCTACCAAA"
"GL873521","13327700","13327732","chr1","70851001","70851033","8","57523301","GCTGGATATGGAGTCTCACACCTGTAATTCTAT","GCTGGGCATGGTGGCTCATCCCTGTAATTCCCT"
"GL873521","13722076","13722356","chr17","55905881","55906166","74","42183805","GTCTGGCGTGGTGGCTCAAGCCTATAATCCTAGTACTCTGGGAGTCCAAAGTGGGTGGATTGCTTGAGCTCAGTAGTCTGAGACCAGCCTGAGTAAGACCCAGACATCGTATCTACTAAAAATAGAATAAACTACCTGGGCATTGTAGCGGGTGCCTACAGTCCCAGCTACGTGGGAGGTTGAGGCAAGAGGATCACCTGAACCTAGAGAATGAGGTTGCTGTGAGCTATGATGAGGTCAAGGCACTCTACCCAGAGTAACAGAGTGAAATTCTATCTCAA","GGTCAGGCATGGTGGCTCAGGCCTGTAATCCCAGCACTTTGGGAGGCCAAGGTGGGCAGATTGCTTGAGCCCAGGAGTTTGAGATCAGCTTGGGCAACATAGTGAAAACTCATCTCTACAAAAAATTAAAAAAATTAGCTGGGCATTGTGGCACGTAACTGCAGTCCCAGCTACTTGAGAGGCTGAGGTGAGAGGATCACCTGAGGCCGGGAAGTCGAGGCTGCAGTGAGCTGTGATTGGGCCACTGCACTCCATCCTGGGCGACAGAATAAGACCCTGTCTCAAA"
"GL873521","13722635","13722652","chr6","90847853","90847870","1","77125218","AAAAAAAAAAAAAAAAAA","CAAAAAAAAAAAAAAAAA"
"GL873521","13789517","13789832","chr12","121838917","121839229","75","108049400","GCTGGGTGTGGTGGCTCATATCTGTAATGATAGCACTCTGGGAGGTCAAAGCAGGGAGATTACTTGAGCTCAGGAGTTAGAGAGCATCCTGAGAAAGAGTGAGATCCCTATCTATACTAAAAACAGAAAAACTAGCCAGTTGTAGTGGCAGGCACCTGTAGTCCCAGCTACTTTGGGAGTCTGAGACAAGAGGATCTCATAAGCCCAAGAGTTTGAGGTTGCTGTGAGCTGCGATGCCACAGCACTCTACCTGGGGTGACAGAATGAGACTTTGTCTCAAAAAAATAAAAAATAAAATAAAATAAAATTTAAAAAA","GGCTGGGTGTGGTGGCTCATGCCTGTAATCCCAGCACTTTGGGAGGCCAAGTCAGGAGGATTATTTGAGCCTGGGAGTTTGAGACCAGCCTGTGCAACATGGTGAGACCTCATCTCTACAAAACATAAAAAATTAGCCAGGCATGGTGGCATGTGCCTGTAGTCCCAGCTACTTGGGAGGCTGAGGCAGGAGGATCAGTCGAGCCCAGAAGATTGAGGCTACAGTGAACTGTGTTCATGCCACTGCACTCCAGCCTGGGTGACAGAGTGAGACCTTGTCTCCAAAAAAATCAAATAAATAAAAAAATAAAAAA"
"GL873521","13902129","13902272","chr17","73619699","73619842","30","59717570","GGCCAGGCATAGTGGCTCGCACCTATAATCCAGTACTATGGGAGACCAAGGCTGGAGGATCAATTGAAGCCAAGAGTTAAAGACCAACCTGGGCAACATAGAAACACTTCACCTATATAAAAAAAAAAAAAAAGAAAGAAAAAA","GGCCAGGTATGGTGGCTCACACCTGTAATTTCAGCACTTTAGGAGGCTGAGGCAGGAAGATCACTTGAGGCCAGGAGTTCAAGACCAGCCTGGGCAACATGGCAAGGCTTCATTTCCACAAAAAAAAAAAAAAAAAAAAAAAAA"
"GL873521","13902315","13902339","chr7","66627085","66627108","7","52724770","AAAAATTAACCCAGCATGGTGGCGC","AAAAAATTAGCCAGGCATGGTGAC"
"GL873521","13902374","13902499","chr7","68063538","68063660","30","54161164","AGTCCCAGCTACCATAGAGGTTGAGCCAGGAGGATCACTGAAGCCCAGAGCCCAGAAGTTTGAGGTTGCAGTAAGCTATGATCATGCCACTGTACTCTAGTCTAGGTGACAGAAGGAGACCCTGTC","GTAGTCCCAGCTACAAGGGAGGCTGAGGCAGGAGGATGGCTTGAGCCTGGGAAGTTGAGGCTGCAGTAAGCTATGATCATGCCACTGCACTCCAGCCTGGGTGACAGAGTGAGATTCTGCCTC"
"GL873521","14127800","14127881","chr3","123515043","123515137","26","109387243","GGCTAGATATGGTGGCTCATGCCTATCTGGAAAGCTGAGGCAGGAGGATTGCAAGAGGCCAGAAGTTTAATACCAGGCTAAG","GGCCAGGTATGGTGGCTCATGCCTATACTCCCAGCCTTTTGGGAGGCTGAGACAGGAGGACTGCTTGAGGCCAGGAGTTTAAGACCAGCCTGACT"
"GL873521","14128162","14128352","chr4","26023510","26023691","57","11895348","GGGCTGAGAATGAGATCCCATCTTTACAAAAAATTACCCAGGTATAGTGGCATCATCCTAGCTACTTGGGAGGCTGGGGCAGGAGGATTTCTTGGGCCCAGGAGTGTGAGGCTACGCTGAGCTATGATACCACTGCACTTTAGCCTGGATGATACAGCAAGATTTTACCTCAAAAAAAAAAAAAAAAAAAA","GGGTGGGAAAAAATTATCTGGAAATGGTGGCATATGCCAGTGGTCCTAGCTACTTGGGAGACTGAGGCTGGAGGATCACCTGAGCCCAGGAGTTAGAGGCTGCGGTGAATCGTGATCATGCCACTGCACTCTAGGCTGGGCAATAGAGCAAGACCCTATCTCGAAAAAAAAACAACAAAAAA"
"GL873521","14184019","14184216","chr17","61651681","61651883","50","47467662","GGCTGGGCATGGTGGCTCATGCCTGTAACCCTAGCACTCTGTGAGGCCAAGGCAAGTGGATCACCTGAGCTCAGGAGTTTGAGAACAGCCTGAGCAAGAGTGAGACTCCATCTCTAAAAATAGTTGGGCATTTGTGGTGAATGCCTATAGTCTCAGCTACTCAGCTACTTAGGAGGCTGAGGCAAGAGGATTGCTTGA","GGCTGGGTGCAGTGGCTCACGCCTGTAATCCTGGCACCTTGGGAGGCCAAGGTGGGAGGATCACTTGAGCCCAGGAGTTTGAGATCAGCCTGAACAACGTGGTGAAACTCCATCTCTACAAAAAATACAAAAATTAGCTGGGCTTAATGGCATATGCCTGTGGTCCCAGCTACTGAGGAGGCTGAGGTGGGAGGATTGATTGA"
"GL873521","14185943","14186062","chr8","25834967","25835086","23","11649024","GGCAGGGTGCAGTGGCTCACACCTATAATCCCAGCACTCTGGGAAGCTGAGGTGGGAGGATTGCTTTGAGATCAGGAGTTTGAAACTAGCTTGAGCAAAGCAAGACCCATCTCTACTAAA","GGCCAGGTGCAGTGGCTCATGTCTGTAATCCCAGCACTTTGGGAGGCTGAGGTGGGAGGTTTGCTTGAGCCCAGGAGTTTGAGACCAGCCTGGGCAACATAGCAAGACCCTGTCTCTATA"
"GL873521","14186086","14186221","chr14","74199793","74199926","31","60013707","AATTAGAGAGGTGTGATGCCACACACTGTAGTCTCATCTACTTTGGAGGCTGAGGCACAAGGATTACTTGAGCCCAGGAGCATGAGGTTGCTGTGAGCGAGGCTGAGGCCACAGCACTCTAGCCTGGGCAACAGAG","TTAGCCAGGTATGGTGGTGCACACCTGTAGTCCCAGCTACTTGGGAGACTGAGGCAGGAGGATTGCTTGATCCCAGGAGTTGAGGCTGCTAAGAGCTATGATCATGTCACTGCACTCCAGCCTGGGCAACAGAG"
"GL873521","14534133","14534413","chr5","43470606","43470891","71","28936473","GGTAGCTCATGTCTATAACCCTGACACTCTGGGAGGCTAAGGGAGAAACATCCCTTGAGCTCAGGAGTTCAAGACCAGTCTAAGCCAAAAGGGAGATCCATCTTTACCAAAACAGAAAAATTAGCTGGGCATGGTGATGTGTGCCTGTAGTACCAGCTGCTTGGGAGGCTAAGGAAGGAGGATTGTTTGAGCCTAGGAGTTTAAGGTTGCTAAGAGCTAGACTGAGGCCATGGCACAGTAGCCCAGGCAATAGAATGAAACTCTGTCTCAAAAAAAAAAAA","GTGGCTCTTGCCTATAATCCCAGCACTTTGGGAGGCTGAGGAGGGCAGATTGCTTGAGCCCAGGAGTTCAAGACCAGCCTGGGCAACATGGGAAAACCTCGTCTCTACAAAAAACACAAAAATTAGCTGGGCATGGTGGCATGTACCTGTAGTCCTAGCTACTTGGGAGGCTGAGGCAGGAGGACTGCTTGAGCCTCTGGAGGCGGAGGTTGCAGTGAGCTGAGACCGCGCCACTGCACTCCAGCCTGGGTGATAGAACAAGACCCTGTCTCAAAAAAAAAAAAAA"
"GL873521","14534507","14534523","chrX","153619065","153619080","3","139084558","CCCAAAATAAAATAAAA","ACATAATAAAATAAAA"
"GL873521","14646173","14646307","chr1","9156973","9157091","40","5489200","GGATGTAGTAGCTCACACCTGTAATCCCAGCATCATGGGAGGATCACTTGAGGCCAGGAGTTTGAGACTGGCTTGGGCAATATGGTGAGGCCCCATTCTTACAAAATAGGAAAAGAATTAATTGGATATGGTGGC","GGCTGGGTGAGGTGGCCTCACGCCTGTAATCCCAGCACTTTGGGAGGCCAAGGCAGGAGTTTGAGACCAGCCTGGGCAATACAGTGAGACCCCATCTCCAAAAAAAAAATTAGTGGGGC"
"GL873521","14703100","14703421","chr17","68155983","68156305","73","53452883","GGCTGGGCACAGTGGCTCATACCTGTAATCCTAGCACTTTGGGAGGCCAGGAAGGGAAGATAGCTTGAGGCCAGGAGTTTGAGACCAGGATGAGCGAGGTAGCGAGACCCCCCATCTCTATCAAAAATTAAAAAAAAAAAAAAATTAGCTGGGTATAGTGGTGAGGGCCTATCATCCTAGCTACTTAGGAGTAAGACAGGAGGATCACTTGAGCCTAGGAGGTAAGGTTGCAGTGAACTATGATGATGACCCTGCACTCTTGCCTTAGCAAGATGGTGAGACCCTGTCTCAAAACAAACAAACAAACAAACAAACATAAAAA","GGCTGGGCACCGTGGCTGACATCTGTAATCCCAGCACTTTGGGAGGCCAAGGCGGGTGGATCACTTGAGCCCAGGAGCTCGAGACCAGCCTGACCAACATGGCAAAACCCCATCTCTACCAAAAAAAAAAAAAAAATACAAAAAGTTAGCTGGGCATGGTGGAGAGGGCCTGTAGTCCCAACTACTCAGGAGGCTGAGGTGAGAGGATCACCTGAGCCACAGGAGGTCGAGGCTGCAGTGAGCCATGATCACACCATTGCACTCCAGCCTGAGAGAAAGTGAGACCCTGTCTCAAAAAAACAAACAAACAAAAACAGCAAAAA"
"GL873521","14778613","14778888","chr15","42746072","42746354","63","27967459","GGCCCAGCACAGTGGCTCACACCTATAATCCTCGCATTCTAGGAGACTGAGGTGGGAGGATCACTTGAGCTCAGGAATTTGAGATCAGCTTGAGCAATAAGGTGACCCCATCTCTACTAAAAATAGACTAATTAGCCAGGCATTGTGGTGGGCACCTGTGGTCCCAGCTAGTTGAGAGGCTCATGTTGGATTCCTTGAACCCAGGAATTTGAGGCTGCTGTGAGCTGGGCTGATGCCACAGTATTCTAGCCTGGGCAACAGAGTATGACTCTGTCT","GGCCAGGTACAGTGGCTCACACCTGTAATCCCAGCACTTTGGGAGGCCAAGGCAGGAGGATCACTTGAGCCTAGGAATTCAAGACCAGTCAGGGCAATATGGTGAAACTCCATCTCTACAAAAAATACAAAAATCAGCCAGGTGTGGTGGTGTGCGCCTGTGGTCCCAGCTACTTGGGAGGCTGAGATGGAAGGATCACTTGAGCCCAGGAAATGGAGGCTGCAGTGAGCTAAGGCTGTGCCACTGCACTCCAGCCTGGGCAACAGAGTGAGACCCTGTCTCA"
"GL873521","14884261","14884393","chr13","24405237","24405373","27","9520976","GGCTAGGTGTGGTGGCTCATGCCCATAATTCCAGCATTCTGGGAGGCCAATGTGGGAGGATCCCTGGAGGTCAGGAGTTTGAGACCACCCTGAGCAAAGCGAGACCCCATCTTCACTAAAAATAGAAAAATTA","GGCTGGGCATGGAGGCTCATGCCTATAATCCCAGCACTTTGGGAGGCTGAGGTGGGAGGATCGCTTGAGTTCATGAGTTCAAGACCAGCCTGAGCAACACAGTGAGACCTCATCTCTACTAAAAATCAAAAAAATTA"
"GL873521","14884660","14884815","chr1","141772547","141772702","39","126887887","TTAGTTGAATGTGGTGGTGTACACCTGTAGTCCCAGCTACTTGAAAGGCTGAAGAAAGAGGATTGCTTGAGCCCAAGTGCTTGAGGTTGTAGTGAGCTAGGCTGACGCTATGACACTCTGACCCAGGTGATAGAAGAAGACCCTGTCTCAAAAAAA","TTAGCTGGGCATGGTGGCGTGCACCTGTGGTCCCAGCTATTTGAAAGGCTGAGTTGGGAGGATCACTTGAGCCCAGATGGTTGAGGCTGCAGTGAGCCATGATGGCACCACTGCACTTTAGCCTTGGTGACAGAGCAAGGCCCTGTCTGAAAAAAA"
"GL873521","15677856","15678124","chr7","99887814","99888086","73","84209958","TGGCTCATGCCTGTCAACAAAGTACTTTGGTAGATTGAGAAAGGAGGATCTCGTGGACTCAGGAGTTTGAGACCAGCCTGGACGACATGGTAAAAAAACATCTTTAAAAAATTAGCCTAGCATAGTGGTGCACATTGATAATTTCAGCTATTTCGCAGGCTGAAGTGGGAGAACCACTTGTGTTTGGAAGCTCGAGGCTGCAGTGAGCTATGATCTCACACTACACTCCAGCCTGGGTAATATGGTGAGGTCCTGCCTCAAAAACAAAA","GGCTTACACCTGTAATCCCAGTGCTTTGGGAGGCTGAGGCAGGCAGATCACTTGAGCCCTGGAGTTCAAGACCAGCCTGGGCAACATGGTGAAACCCCATCTCTACAAAAAATTAGCCAGGCATGGTGGCTTGCACCTGTAGTCCCAGCTACTCAGGAGGCTGAGGTAGGAGGATTTCATGAGCCTGGAAGGTTGAGGCTGCAGTGAGCTATGATCACACCACTGCACTCCAGTCTGGGTGATAAAGTGAGACCCTGTCTCAAAAAAAAAAAA"
"GL873521","15875728","15875811","chr8","5975319","5975398","26","9900409","CAGTGAGCCGTGGTCTCCCTGTGCATTCCAATGTGAGTGACAGAGAGACCTCCCTCACACTCCCAAAAAAGAAAAAACAAGAAA","GCAGTGAGCCTTGATCGTGCTATTGCACTCTAGCCTTGGTGACAGAGAGAGACCCTATCTCAAAAAAAAAAAAAAAAAAA"
"GL873521","16170363","16170540","chr3","50079465","50079644","47","33909102","AAAAAAAAAAAAAATTACCCAGGTAAGGTGGTAAGGACCTGCAGTCCTAGCTATCTGGGATACGAGGTAGGAGGAGCACTTTGGCCCAGGAATTCCAGGCTATGGTGAACTATGATTACAACTGCACTCTAGCCTGGGCAAAAGAGTAAGAGACTGTCACAAAACACAACAAAACAAA","ACAAAAAGAAAAAACAATTAGCAAGGCCTGGTGGTACACACTTGTAGTCCCAGCTATTTGGGAGGCTGAGGTGGGAGGATCACTTGAGCCCAGGAGTTCAAGGTTACAGTGAGCTATGATCATGCCACTGCACACTAGCCTGGGCATCAGAGAGAGTTCCTGTCTCTAAGAAAAAAAAAA"
"GL873521","16172240","16172374","chr1","29329421","29329551","29","13157181","GGCTGCATGCAGTGCCTCATGTTTGTAATCCCAGCACTTTGGGAGCCAGTGGAGGAGAGGATCACTTGAAGCCAGGAATTTAAGACGGACCTAGCCAACATAATGAGAACTCCTCTATACAAAAAATAATAAAAT","GGCTGGATGCACTGGCTCCTGTCTGTAATCCCAGCACTTTGGGAGGCTGAAACAGGAGGATCCCTTGAAGCCAGGAGTTTAAGATCAGCCTGAGCAACAGAGTGAAACCCTGTCTCTACAAAAAAAAAAAA"
"GL873521","16260421","16260667","chr2A","25887935","25888182","71","9627514","GGATACAGTGGCTCACACCTGTAATCTTAGCAAACACCCTGGGGTGCTAAGGCAGGAGGATCACTTGAGCTCAGGAGATCAAGACCAGCCTGAGGAAGAGTGAAACCCCATTTCTACCACACATAGAAAAATTAGCCAGGTGTCTCTCTCTAGTCCCAGCTACTTGGGAGGCTGAGACAGGAGAATTGCTTAAGCCAGGGAGTTTCAGGTTGCTGTGGCTCAGACCATGGCACTCTAGACTGAGCAA","GGCTGGGCACAGTGGCTCACACCTGTAATCCCAGCACTTTGGGAGGGTGAGGCAGGAGGATCACTTGAGCTCAGGAGTTCGCAACCAGCCTGGGCAATATGGTGAAACCGCATCTCTACAAAAAATACAAAAATTAACCGGGTGTGGTTGTGCATGCCTGTAGTCCCAGCTACTTGGCAGGCTGAGGTGGGAGGATTGCTTGAGCTCAGGAGGTCAAGGCTGCAGTGAGCCATGATTACTCCACTGCA"
"GL873521","16747501","16747629","chr7","102198592","102198722","33","85451091","GCCGGGTATGGTGGCTCACACCTGTAATCCCACCACGTGGGAGGCCAAGGCAAGCAGATTGCCTGAGCTCACAGGTTCAAGACCAGCCTGAGCCAGAGTGAGACTTTGTCTTGGAAAATACCCGGGTGT","GGCTGGGTGTGGTGGCTCACACCTGTAATCCCACCACTGTGGGAGGCTAAGGCAGGCAAATCGCTTGAGCCCAGGAGTTCGAGACCAGCCTAGGCAACGTGGTGAAACTGTCTTTAGAAAATATTAGCCAA"
"GL873521","16747905","16748071","chr1","26355033","26355200","42","9607128","AACTAGGTAGGTGTTGCAGCAGGCGCCTGTAAATCCCAGCTACTTGGGCCAAGGCAAGAGAATCAATCACTTATGCCCAGGAGTTTGAGGTTGCTGTAAGCTATGACGCCCTGGCACTCTACCAAGGGTAACAAAGTCAGATCCTGCCTCAAAAAAAAAAAAAAAAA","AACTAGCTGGGTGTGGCGGCGTGTGCCTGTAGTCCCAGCTACTTGGGAGGCTGAGGCAGGAGGATCACTTGAGCCCAGGAGTTCAAGGCTGCAGTGAGCTAAGATCATACCACTGCACTCCAGCCTGGGTAATAGAGTGAGATCCTGTCTCAAAAAAAAAAAAAAAAA"
"GL873521","16826358","16826516","chrX","96886204","96886345","57","80059846","GGCGCCCTGCCACAAGCTGTAGTCTCCCCTATTTGGGAGGGTGAGGTCGGAGGATCATGTGAGCTCGGCAGTTCAAAGTCACCGGGCACTACAACCTCACCTGGACCAGTCAGGACTGCACGCCAGCCTCCCCAGCGCAGTGAGACTCTGTTTCTAAAA","GGTGCACATCTGTAGTCTCAGTTATTTGGGAAGCTGAGGAGGGAGGATCACTTGAGCCTGGGAGGTCAAGGCGCCAGTGAGCTGTGATTGCACCACTGCACTCCAGCCTGTGCTACAGAGTGAGACTCTGTCTCAAAAAAAA"
"GL873521","16850386","16850705","chr1","224543342","224543654","83","207692956","GCCAGCTGTGGTGGCTCACACCTATAGTCCTCACACTCTGGGAGGCTGAGGAAGGCAGATTCCCTGGAGCTCAGGAGATTGAGACCAGGCTGAGCAAGAACTGAGACTCTGTCTCTACCCCAAACAGAAAAACTTCACTAGGTGTTGCGGTGGGCACCTATAGCCTGAGCTACTTGAGAGGCAGAGGCAGGATGATCACTTGAACTCAGGAGTTTGAGGTTGCTATAGCTGTGCTGATGCCATAGTACTTTAGCCTGGGCAACAGAATGAGACTCTGTCTCAAAATAAATAAATAAATTAATAAATAAAAGAGAAAGAAA","GCCAGGCAGGGTGGCTCACGCCTGTAATCCCAACACTTTGGGAGGCTGAGGCAGGCAGCTTGCTTGAACTCAGGAGTTTGAGACCAGTCTAGGCAACATGGTGAAACCCCATCTCTACAAAAAATACAAAAATTAGCCAGGCGAAGTGGCGTGCCTATAGTCTTAGCTACTTGGGAGGCTGAGGCAGGAGAACTGCTTGAACTGGGGAGGTCGAGGCTGCATGAGCCGAGATCGTGCCACTGCACTCCAGCCTGGATGACAGAGCGAGACCCTGTCTCAAAATAAATAAATGAATAAATAATAAAATAAATAA"
"GL873521","16987716","16987746","chr4","157175852","157175881","5","140188136","GAAGAAAGAAGAAAGAAGAAAGAAGAAAGAA","GAAGAAGAAGAAGAAGAAGAAGAAGAAGAA"
"GL873521","16988099","16988370","chr11","32048157","32048430","73","15060058","GGCCCAGTTCAGTGTCTCACACCTGTAATCCTAGAACTCTGGGAGGTCAAGGAAGGTGGAGTCCTTGAGCTCAGGATTTTCAGATAAGCCTGAGCAAGAGACAGATCCATATCTACTAAACATAGAAAAACTAGCCTGGCATCAGTGTAGTCCCAGCTACTCAGAAGGCTGAGGCAGGAGGATCATTTGAGCCCAAATGTTTGAGTTTGCTGTGAGCTATGATGAATGACACCAGGGCACTCTACCCAGGGCAACAGAGTGAGACTATTTCT","GGCCCACCACAGTGATTCACATCTATAATCCCAGCACTTTGGGAGGCCGAGGTGGGAGAGTAGCTTGAGCCCAGGAGTTTGAGACCAGCCTGAGCAACAGGGCGAGACCCCATCTCTACAAAAAAAATTTAAAAATTAGCCTAGCATGTGCCTGTAGTCCCAGCTACTCAGGAGGCTGAAGCAGGAGGATCACTTGAGCCCAGGAGTTGAAGGCTGCAGTAAGCTATGATCACCCCACTGAGCTCTAGCCAGGGTGACTGAGCAAGACTCTATT"
"GL873521","17153915","17154039","chr7","102370770","102370890","26","85216855","GGCTAGGCACGGTGGTGACTCCTGCTTGTAATCCCAGCACTCTGGGAGGCCTGTGGCAGGTGAATTCCTTGCGCTCAGGAGTTCAAGACTAGCCTGAGTAATAGTGAAACCTCTGTCTCTACTAA","GGCTAGGCACGGTGGCTCATGCCTGTAATCCCAGCACTTTGGGAGACTGAGGTGGGAGAATTGCTTGAAGCTGGGAGTTCAAGACCAGCCTAGGGAACATAGTGAGACCCTGTCTCTTCAA"
"GL873521","17154076","17154241","chr16","21596696","21596868","46","4442620","CTAACCAGACCTGACAGGTGGCTATACTCTCGGCTACTTGGGAGGCTGAGGCAAGAGGATCACTTGATCTCAAGAGTTTGAGGTTGCTATAAGCTATGAGGCCATGACACTCTACCGAGGGCAACAAAGTAAGAGTTTTTCTCAAAAAAAAAACCCAAAACAAAAA","ATTAGTCAGACATGGTGGCATGTGCCTATAGTCCCAGCTACTTGGGAGGCTGAGGCAAGAGAATCATTTGAGCCCAGGAGGTTGAGGCTGCAGTAAGCAGTGATCATGTCACTGCACTCCAGCCTGGGCAACAGAGCAAGACCCTGTCTCAAAAAAAAAAAAAAAAGAAAAAA"
"GL873521","18186068","18186211","chr11","18518855","18518988","40","332787","TAGTCAGGTGCAGTGGTGCATGCCTGCAGTCACAGCTACTCTACTCAGGAGGATGAAGCAGGAGGACCACTGGAGACCAGGAGTTTGAGAATGCTGTAAAATACCATTGAGTCACTGCCTGCCAGCTTCAGTAACAGAATAAGA","TTAGCCAGGTGCAGTGGCGCATGGCTGTAGTCCTGCTTACTCAGGAGGTTGAAGCAGGAGGATCACTTGGGCCCAGGAGTTTGAGGCGGCAGCGAGCCATAATCGTGCCACTGCACTCCAGCTGAGTGACAGAG"
"GL873521","18186242","18186351","chr4","101432127","101432236","31","83245885","CTTGTAATTTCAGCACTTTTGGAAACTGTAGAAGGAAGATTGTTTAAGACCAGGAGTTCCAGAACAATCTGGGCAACACATGTTGACCTTGTACCTACATGAAAAAAAAA","CCTGTAATCCCAGCACTTTGGGAGGCTGAGGCAGGAAGACAGCTTGAGGCCAGGAGTTCCAGACCAGTCTGGGCAATATAGCAAGACCCTCATCTCTTTAAAAAATAAAA"
"GL873521","18231783","18232086","chr11","120552808","120553110","90","102321025","GGCATGGTGGCTCACACCAGCAATCCCAGCGTTTTGGGAAGCCCAAGGAAGAGAATCACTTGAGACCAGCCAGAGGTACATAGACACGTGGTCTACAAGAAATGACAATTAAAACAAATTGCTGGGCATGGTAGCCTGTGACTATAGTCCTGGCAACTCAAGAGGCTGAGTCAGGGGGTTTTTTGAGCCTATGAAGTCTAAGTTGCAGTAAGCTGTGATCATGCCACTATACCCTAGCCTGGGTGACAGAACAAGATTCTGTCTCTAAAAATAAAATAAAATAAAATAATAAAATGAAATAAAA","GCCAAGCATGGTGGTTCATACCTATAATCCCAGAACTTTGAAAGGCCAAGGCGAGAGGAGTTTGAGACCAGCCTGGGCAACATGATGACATGCCGTCTCTACAAAAAAATAAAATAAACAAAAACTAGCTGGGCCTAGTGGCATGTGTCTGTAGTCCTAGCTACTCAGGAGACTGAGGCAGGAGGATCACTTGAGCCTGGGAGGTCAAGGTTGCAGTGAGCTATGATTGTGTCACTGTACTCCAGCCTGGGTGACATAGCAAGAACTGGTCTCAAAAAAAAAAGAAAGAGAGAAAAAAGAAAA"
"GL873521","18672921","18673268","chr5","164510023","164510360","89","145837102","GGCTGGCCATGGTGGCTGAGGCCTGTCATCCTACCACTCTGAGAGGATGAGGAAGGAGGATTGGATTGCTTCAGCTCAGGAGTTCAAGACCAGCCTGAGCAAGAGCAAGACTCAGTCTCTACCAAAAATAGAAAAATTAGACTAGCCAGATGTAATGGCAGATGCCTCTAGTCCCAGCTAGTGGGGAGGCTAAGGCAGGAGGATCACTGAAACCCAGGAGTTTGAGGTGCCTGTGAGTTAGTTTAATACCATGGCAGTCTAGCTTGGGCAACAAAGTGAGACTCTGTCTCAAAACAAACAAAGAAACAAAGAAACAAACAAACAAAAACCCCAAAAATAAAAAAAAAA","GGCTGGGCACAGTGGCTCATGCCTGTAATCCTAGCACTTTGGGAGGCTGAGGCAGGTGGATCGCTTGAGACTGGGAGTTCAAGACCAGCCTGGGCAATATGGCAAAACCCCGTCCCTACAAAAAATACAAACATTAGCCAAGCATGGTGGCACATGCCTGTAGTCCCAGCTACTTGGGAGGCTGAGGCAGGAGGATCATTTGAGCCCGGGATGTGGAGGTTGCAGTAAGCTGAGATTGCATCATTGCACTCCAGCCTGGGCAACAGAGGGAGACCCTGTATCAAATAAATAAATAAATAAATAAATAAATAAATAAATAAAAGAAATAAAAGTAAAAA"
"GL873521","19315680","19315722","chr1","205503465","205503511","11","186187785","CAGTTACTTGGAAGACTGAGGCAAGAGGATCCCTTGAGCTAGG","CCAGCACTTTGGGAGACTGAGGCAGAAGGATCCCTTGAGGCCAGCGG"
"GL873521","19598410","19598508","chr1","6398492","6398584","25","13199918","TATCACTACACCACTATACTCTAGCCTGGGCAACAGATTGAGAACCTGTATCAAAAACAAACAAACAAACAAACAAAACACAATAAAAAATAAATAAAA","GTGATTGCACCAATGCACTCCAGCCTGGGTGACAGAGCGAGACTGTCTCAAAACAAACAAACAAACAAATAAAACAAAAGAAAAGAAAAGCAA"
"GL873521","19777152","19777359","chr4","72787006","72787205","63","53009854","CCTGAGCAACATAGAGAGATCCCATCTCGACAAAAATATTGAAAAAAAAATAGATAAACTTATCAGCTGGGTTTGGTAGCACACAACTGTATCCCCAGCTACCGGGAAGGCTGAAGCAGGAGGAGCCTGACAGATCAAGGCTGCAGTGAGCAGTGATCACATCACTACACTCCAGCCCAGGTGACAAAGCACAATCCTGTCTCAAAAA","CTAGGCAACATGGAAGAACCCCATCTCTACAAAAATTACAAAAACTAGCTGGGCATGGTGGTGTGCGCCTGTATTCCCAGCCACTGGGGAGGCTGAGGTGGGAGGATTGCTTGAGCCTGGAAGATTAAGGCTGAAGTGAGCAGAGATCACACCGCTGCACTCCAGTCTGGGTGACAGAGCAAAACCCTGTCTCAAAAAAA"
"GL873521","19907026","19907166","chr6","12022857","12022993","42","7884169","AGGAAAAATTACCAGGGCATGGTGATGTGCACTTATAGTCCCAGCTCCTGGGAAGGCTGAGTCAGGAGGCCAGGAGTTTGAGGTTATAGTGAGCTATGATGCCACTGCACTCTCTCTGGGTGACATAGTGACATTCTGCCT","TTAAAATTAGCCAGGCATGGTAGCAGGCACCTGTACTCCCAGCTACGGGAGGGTCGCTTGAGCCCAGGAGATCAGGGCTGCAGTGAGCTATGATTGTACCACTGCACTCCAAACTGGGTGACAGAGTGAGACTCTGT"
"GL873521","19907190","19907299","chr3","21509747","21509855","27","1602557","GTGGTGGCTCAGCCTATAATCCTAGCCTTCTGGAGGCCCAGGCGGGAGGATTGCTTAAGGTCAGGATGTTGAGACGAACCTGAGCATGAGTGAGACCCCATCTCTACAAA","GGTGGCTCATGCCTATAATTCTAGCGCTTTTGGAGGCCAAGGGGGGAGGATTACTTGAGCTCAGGAGTTCCAGATCAGCCTGGACAATTTAGTGAGACCTCATCTATAC"
"GL873521","20453341","20453513","chr19","53340691","53340862","44","32887350","AGACAACTAGCCAGGCATTGTGGTGGGCATCTATAGTCCCAGCTACTTGGGAGGCTGAGGCAAGAGGATCACTTGAACCCAATAGTTTGAGGTTGTCATGAGCTATGATGATGTGGCATTCTACTCAGGGTGACAGCGTGAGAGACTCTGTCTCAAACAAATGAACAAAAAAA","ACAAAAATAGCTGGGTGTGGTGGTGCATACTTGTAGTCCCAGCTACTTGGGAGGCTGAGGCAGGAGGATCACTTCAGCCCAGGAGGTTGAGGCTGCAGTGAGCCATGATCATGCCACTGCACTCCAGCCGAGGGGAGAGAGCAAGACTCTGTCTCAAAACAAACAAACAAAA"
"GL873521","20453540","20453662","chr4","5943586","5943706","26","14509954","CAGGCGTGGTTGCTCATGCCTGTAGTCCTAGCACTTCAGGAGGCTGAGGAGGGTAGATTGCTTGAGGTCAGGAGCTGGAGACCAGCCTGAGCAAGAGCGAGACCTTGTCTCTACTAAAAATAG","GGCCATGGTGGCTCATGCCTGTAATCCTAGCACTTCGGGAGGCTGAGGAGGGAGGATTGCTTGAGGCCTGGAGTTTGAGACCAGCCTGGGCAACATAGTGAGACCACGACTCTATTTAAAA"
"GL873521","20821454","20821743","chr8","121327775","121328067","74","100506321","GCCGGGCCCAGATGGCTCAAGCCTGTAATCCTTGCACTTTGGGAGGCCAATGTAGGAGGATCACTTGCGCCTAGGAGTTCCAGGCCAAGCTGTGCAAGGTGAAACACTGTTCCAAAAAATATATATATATGAAAATTAGCCAGTCCTGTTGGTACACATCTGTCGTTCCAACTACTTGGGGGACTGAAGCAGGAGGATCCATGAGTCCAAGATTTGAGGTTGCAATGAGCTGTATTGGAGCTACTACACTGTAGCCAGGGCGACAGGAGGAAAAACTTGTTTTAAAAAAA","GGCTGGGTGCAGTGGCTCATGCCTGTAATCTTAGCACTTTGGGAGGCCAAGGCAGGTGGATCACTTGAGCTTAGGAGTTCAAGACCAGCCTGGGCAACATGGTGAAACCCTGTCTCTACAAAAAATAAAAAAAAATTAGCCAGGCATGGTGGCATACACCTGTAGTCCCAGCTACTTGTGGGGCTGAGGCAGGAGCATCACTTGAACCCAGGAGCTCAAGGCTGCAGTGAGCTGTGATCTTACCACTGCACTCCAGCCTGGGTGACAGAGTAAGACCTTGTCTCAATAAAAAA"
"GL873521","20825224","20825315","chr22","42881883","42881978","27","22056659","AGAGGATCTCTTGAGCCTAAGAGTTTGAGGTTGCTGTGAGTTCTGATACCACAGCGCTCTACACAGGGCGACAGAGTAAGACCCTTTCTTAA","GGCAGGAGGATCGCTTGAGCCTGGGAGGTCAAGGATGCAGTGAGCTGTGATTGCACCACTGCACTCCACCCTGGGCGACAGAGTGAGACCCTGTTT"
"GL873521","20825595","20825767","chr4","156475909","156476099","57","135650314","GCGGTGGCTCACACCTGTAATCCTAACACTCAGGATCGCCTAAGCTCAGGAGGTGGAGACCAGCCTGAGCAAGAGAAACACCTCAACTCTACCAAAAACAGAAAAAGTAGCCTGGGTGGTGGTAGGCATGTGTAGTCCCAGCTACTCGGGAAGCTGAGGCAAGAGGATCTCTT","GGCCAGGCACAGTGGCTCACACCTATAATCCCAGCACTCTGGGAGACTGAGGCAGGAGGAGCCCAGGAATGTGAGACCAGCCTGGCCAACATGGTGAAACCCAGTCTCTACTAAAAATATAAAAATTAGCCTGGTGTGGTGGTGTGCGCCTGTAGTCCCAGCTACTTGGGAGGCTGAGGTGGGAGGATCAC"
"GL873521","21355913","21356066","chr4","158479533","158479684","48","137123620","ATAAAAATTAACTAGCTATGGTGGCATACACTCTTGTCCTAGCTACTTAGGAGGCTGAGGATCATTTGAGGCCAGGAGTTTAAAGCTATAGTGTACTGTGATGATTACGCCTGTGAATAGCCACTGTACTCCAGCCTGGGCAACATAGCAAGAC","AATTAGCTGGGCATGGTGGTGCATACCTGTAGTCCTAGCTACTCAGGAAGCTGAGGCAGGAGGACAGCTTGAGGCCAGGAGGTCAAGGCTGCAATGAACCATGATTGATTACACCTGTAAATAGTCACTGCATTTCAGCCTGGGCAGCATAG"
"GL873521","21623697","21623773","chrX","53329871","53329945","26","31706174","AAATTTAGGCAGGCAAGTTGGCACATGTTTGTAGTCCAAGTTATGTGAGAGGATTCTTTGAGTCCAGAAGTTAAGGC","AATAGCTTGGGCAGGGTGGTGCATGGCTGTAGTCCTGAGATGGGAGGATCCCTTGAGTCCAGGAGCTTGATGCCG"
"GL873521","21623801","21623894","chr3","42032495","42032583","27","20408694","GTAATCTTAGTACTTTGGGAGGCCAGACAGGAGATTCATTTGAGACTGAGTTTAAGATCAGCCTGGACAACATGGCAATATCCCATGTCAACCA","TAATACCAGTATTTTGGGAGGCTGAGGCAGGCGATCACTTGAGCCCAGTTCAAGACCAGCCTGGGCAATATAGCGAAATCCTGTTTCTA"
"GL873521","21714176","21714337","chr12","96671998","96672172","41","74957822","ACTAGGGGGCATTGTGGCAACTGTCATCCTAGCTGCTCAAGAGGCTGAGGCAAGAGGATCACTTCAGCCCATGAGTTTATGGTTGCTGTGAGCTATGACTCCATGGCACTCTAGCCTGGGCAATAGAATGAGACTCTGTCGCAAAAAAAAAGAAAGAAAGAA","AATTAGCTGAGCATGGTGGCAGGCACCTGTAGTCCCAGCTACTTGGGAGGCTGAGGGAGGAGGGTCACTTGAACCCAGGAGTTTGAGGCTGCAATGAGCTATGACTGCATCAGTGCACTCTAGCCTGGGCAGTAGAGTGAGACCCTGTCTCACAAAAAAAAGAAGGAAAGAGAAA"
"GL873521","21714364","21714489","chr15","78802491","78802611","29","57088127","GGCTGGGTACCCTGGCTAGACACCTGTAATTCTAGCACTCCAGGAGGCTGAAACAGGTGGATTTCTTGAGCTCAGGAGTTCAAGACCAGCCTGTCCAAGACCAAGACCACAATTCTGTCTCTACTT","GGCTGGGTACAGTGGCTCACACCTGTAATCCCAGCACTTTGGGAGGTGGAGGCAGGAGGATCACTTGAACTCAGGAGTTCAAGACCAGCCTGGCCAACATGGCGAAACTCCGTCTCTACAA"
"GL873521","21743555","21743631","chr10","20213332","20213405","25","1530223","TATAGGGTGTGGCGGCAAGTGTGTATAGTACTAGCTACTTAAAGAGGTTGAGATGGGAGGATTGCTTGAGCTAAGGA","CCAGGTGTGATGGTGCATGCCTGTGGTCTCAGCTACTTTGGAGGCTGAGGTGGGAGGATTGTTTGAGTGGAGGT"
"GL873521","21743658","21743767","chr10","43292583","43292692","28","21548925","CAATGGTTTGTGCTTGTAATCCAGCACTTTGGGAAACAAAGGAGAAAGGATTAATTGAGACCAGGAGTTCAAAATCAGCCTGGGCAACATAAAGAGACCCTGTCTCTATG","GCGGTGGTTCAGCCTGTAATCCCCGCACTTTGGGAAGCTAAAGCAGGAAAATCACTTGAGCCCAGGAGTTCAAGACCAGCCTGAGCAACATAGTGATACCCCTGTTTCTA"
"GL873521","21994326","21994402","chr3","183523015","183523100","19","161528689","GGCATTGTGACTCACACCTATAATTCTAGCACTTTGGGAGGCTGAGGTGGGAAGACCACGAGCACAGGTTCAAGACC","GACTGGGGGCAGTGGCTCAAACCTGTAATCCTAGCACTTTGGGAGGCTGAGGTGGGAGGACCACCTGAGCTCAGGAGTTCAAGACC"
"GL873521","22568894","22569013","chr7","21219168","21219276","37","1349726","TACGTTGTGGTGGCTAGTCCCAAACTACTCAGCTACTCAGGAGTTTGAGGTTGCAGTAAGCTGTGAGGTTGCATTGCACGACAGATTGTGCAACAGAGCGAGACCCTATCTCGAAAAAAA","GGCTGAGGTGGGATAATCACTTGAGCCCGGAAAGTTGAGGTTGCAGTGAGCCATGACTCGGCACTGCACTCCAGCCTGGGCAACAGAGCCAGACCCTATCTCAAAAAAA"
"GL873521","22569034","22569129","chr15","57106062","57106161","19","34537028","CAGGCATGGTGGCTCACACCTGTAATCATAGCACTTTGGGAGACCAGGAGTTCAAGACCATGCTGGGCAACATGGCGAGACCTTGTCTCTACCAAA","GGCCAGGCATGGTGGCTCACTCCTATAATCACAGCACTTTGGTAGGCCATGAATTCAAGACCAGCCTGGGCAACATAGTGTAACCCTGTCTCTACGAAAA"
"GL873521","23082461","23082581","chr19","17007875","17007987","43","6074586","AAAATACACAGAGTACCCAGGCATGGTGGTGCATGCCTCCAGTCCCAGCTACAGGTGAGACTAAGACTAAAGGATGCCTTCAGCTCAAGACTTTGAAGCTGGCCTAGGCAACAACAAGACC","ACAATGTAGCTATGGCATGGTGGTGCCTGCCTGTTGTCCCAGCTACTTGGGAGGCTGAGATGGGAGGATTGCATGAGCCCAAGAGTTCAAGGCTGCTGTGAGCTACAATCACG"
"GL873521","23326932","23327034","chr1","153330637","153330743","26","130003705","GACTGGGTATGGTGGCATATGCCTGTAAACCCAGCACTCTGGGAGGCTGTGGCGGGTGGACCAGCCTGAGACCAGCTTGAGAAAGAATAAGACTCTGTCTCTA","GGCTGGGTGTGATGGCTCATGCCTGTAATCCTAGCACTTTGGGAGGCTGAGGCAGGTGGATCACTTGAGCCCAGGAGTTTGGGCAACATGACAGAACCCTGTCTCTA"
"GL873521","23327057","23327213","chr6","85247800","85247964","38","61920743","CCAGACATTGTGACACATGCCTATAGTCCTACTTGGGAGGCTGAGGCAAGAGGATGTCTTGTGCCCAAGAGTTTGAGGTTGCTGTGAGCTATGATACCATAGCACTCTAGTGGGGGGCAAGAAAGTGAGACACTGTCTCAAAAAAAAAAAAAAAAAA","CCAGGCATTGTGGCACATGTGTGTAGTCCCAGCTATTTGGGAGGCTGAGGCAGGAGGATCCTTTGAGCCCAGGAGTTTGAGGCTTCAGTGAGCTGTGATTGGACCACTACACTCTGGCCTGGGCAACAGAGAAAGACCCTGTCTCAAAAAGAAAAAGAAAAAGAA"
"GL873521","23553294","23553452","chr8","101101478","101101641","53","77548184","AAAATAAAGTTAGCTAGACACAGCTTTGGGCACCTGCAGTCCCAGTTACTTGGAGGTTGAGGCAAGAGGATTGTTTGAGCCTAGAGGTTTGAGGATATGGTTTGCTGTAGTTCTACCTGTGAGTAGCCACTGTTCTCCAGCCAGGACACCAGCGCAAGA","AAAAAGACACCAAGTAGCCAGGTGTGGTGCTGCAGGCCTGCAGTCCCAGCTACTTGGGAGGCTGAGGCAGGAGGATTGCTTGAACCCAGGAGTTCAAGACTTCAGTATGCCATAATCGCACCTATGAATAGTCACTGCACTCCAGCCTGGGCGACATAACAAAA"
"GL873521","24165831","24166009","chrX","9218405","9218573","51","14947426","GGCCAGGCACAGCAGCTCACACCCATAATCCTAACACTCTGAGAGACCAAGGTGTATAGATTACCTGAGCTCAGGAGTTGGAGACCACCCTGAGCAAGAGTAAGACCCCCATCTCTACAAAAAAAAAAAAAAAATAGAAAAACTAGCCAGGTGTTGTGGTGGGTACTTACAGTGCCAAC","GGCCAGGCGCAGTGCCTCACACCTGTAATCCCAGCACTTTGGGAGGCCGAGGCGGGTGGATCACTTGAGCTCAGGAGTTTGAGACCAGCCTGAGCAACATGGCAAAACCTCACCTCTACAAAAAAAATACAAAAATTAACCAGGCATGGTGGCAGGCACCTGTAGTCTC"
"GL873521","24270646","24270916","chr8","27224878","27225151","68","2954232","GGCCAGGCACGGTGGCTCACACCTGAATCCTAGCTGGCATTCTGGAAGGCCGAGGTGGGTGGATCACCTGACCTCAGGAGTTCAAGACCATCCTGAGCAAGAGTGAGATGAAACCTCATCTCTAAAAATAGCTAGGCATTGTGGTGGGCACCAGTAGTCCCAGCTACTAGGGAGGCTGAAGCAAGAGGATCACTTGAGTCTAAGAGTTAGACGTTGCTGTGAGCAGTGACGCCACAGCACTCTACCCAGGGCAACAAAGTGAGACTGTCTC","GGCCAGGTGCAGTGGCTCACACCTGTAATCCTAGCCCTTAGGAGGCTGAGGTGGGAGGATCACTTGAGCTCAGGAGTTCAAGACCAGCCTGGGCAATATGGTGAAACCCTGTCTCTACGAAAAATTAGCCGGGCATGGTGGCGCATGCCTGTAGTCCCAGCTACTCAGGAGGCTGAGGTGGGAGGATCATTTGAGCCCAGGAGGCGGAAGTTGCAGTGAGCCAAGATTGCACCACCGTACTCCAGCCTGGGCAACAAGTGAGATCCTGTCTCAA"
"GL873521","24618820","24618994","chr8","68458893","68459071","47","43840073","TCCTAGCACTCTGGGGGGCCGAGGTGGTAGGATCACTTGAACTAGAGTTCAAGACCACCCTGAACAAAAATCACACCCTGTCTGTACTAAAAATAGAAAAATTAGCCAGGCATTATAGTGCATGCCTGTAGTCCCAGCTACCTGGTAGGCTGAGGCAGATCCTCTAGCCCAGGGG","CCCAGCACTTTGGGAGGCTGAGATGGGTGGATCACTTGAGCCCAGGAGTTCAAGACCAGCCTGGGCAACATGACGAAACTCTGTCTTTACAAAAAATACAAAAATGAACCAGGCATGGTGGTGCATGCCTGTAGACCCAGTACTTGGGAGGCTGAGGTGGGAGGATCCCTTGATCCTGA"
"GL873521","24626746","24626855","chr1","205148842","205148953","29","180522096","AAAGAATGACAAAAATTCAGATATGGTGGTATGCACCTATAGTCAGTCACAGCTACTGGGGAGGCTGAGGTGGGAGGCTTTCTTGAGCCCAGGAGGTTGAGTCTAGCAAT","AAAAAGTACAAAGAATTAGCCAGGTGTGGTGGTGCGTGCCTATAGTTCCAGCTACTTGGGAGGCTGAGGTGGGAGGATTGCTTGAGTCCAGGAGTTGGAGGCTGCAGTGAAA"
"GL873521","24781755","24782037","chr5","139301937","139302217","85","114520182","GACCAGGTGTGGTGGCTCACACCTATTAGCCTAGCACTCTTGGCAGCTGAGGCAGGAGGATTCACTCAGAACTTCAAGAGTTAAACCCATGCCTCTACTAAAAATAAGAAAAAAATCAGTCCAGAGTATCATGGTGGGCACTTGCAGTCCCAGCTACTCGCAATGCTGAGGAAGAAGGATAGCTTGAGCCTAGGAGTTTGAGGTTGCTGTAGGCTGGATTTTTGTCATGGCATGCTAGTCTTGGCAACAGAGTGAGACTCTGGGGGAAAAAAAAAAGGAAAAA","GGCTGGGTGCGGTGGCTCACACCTGTAATCCCAGCACTTTGGGAAGCTGAGGCCAGAGGATGGCTTGAGCTCAGGAGTTTGAGTTGAAACCCTGTCTCTACAAAAAATACAAAAATTAGCTGGGTGTGGTGGTGCACACCTGTGGTCCCAGCTACTTGGAAGTGTGGGGTGGGAGGATTGGTTGAGCCCAGGAGGTTGAGGCTGCAGTGAGCCATGATCGTGCCACTGTACTCCCGCCTGGGTGACAGAATGAGACCCTGTCTCAAAAAAAAAAAAAAAAA"
"GL873521","24969692","24969970","chr5","91805199","91805483","78","66835507","GGCTGGATGCAGTGGCTCACACCTATAAACCTAGCACTCTGGAAGGCCACAGTGGGAGAATGGCTCGAGTTCAGGATTTTGAGAGTAGCCTGAGCAAGAGCAAGACCACATCTCTACTAAAAATATAAAAATTAGCAGGAAGTCTTGCTGAATGCATCATCTCAACTGCTCTGGAGGATGAGGCAAGAGGATTGCTTGAACTCAAGAGTTGAGGTTGTGGTGAGCGAGACTGAATCCATAGCACTCTACCCCAGGCAACAGAGCAAGACTTTGTTGAAA","GACTGGGTGCAATGGTTCACATCTGTAATCCCAGCACTTTGGGAGGCCAAGGTGGGAGGATGGCTTGAGCCCAGAAGTTCAAGACCAGCCTGAGCTACATGGCAAAACCCTGTCTCTACAAAAAATGTAAAAATGAGCCAGGCATGGTGGTGCATGCCTATGGTCCCAGCTACTCAGGAGGCTGAGGCAGGAGGATCGCACTAATCTAGGAGATGGAGGCTGCAGTAAGCCGAGATTGAGTCATTGCACTCCAGCCTGGGCGAAAGAGCCAGACTCTGTCTCAAA"
"GL873521","24970004","24970019","chr3","153804291","153804307","1","128834287","AAAACAAAACAAAAAA","CAAAACAAAACAAAAAA"
"GL873521","25391954","25392209","chr7","3491054","3491312","81","21900900","CCTAGTGCAGTGGCTCACACCTGTAATCCTGGAGGCTGAAGCAGATGGATTGCTTTGAGTTCCTGCCTAAATAAAAGTGGGAATCTACTATAGCAAAATTAGCTGGGCGTTATGGTGGGTACTTGTGGTCCCAGCTACTCAGGACGCTGAGGCAGGAGGATTGCTTGAACCAAGGAATTTGAGGTTGTTATGAGCTATGATGATGCCATGGCACTCTACCCAGGCCACAGAGTAAGATTTGGTCTCCAAAAAAAAA","GGCCAGGTGCGGTAGCTCACATCTGCAATCCCAGCACTTTGGGAGGCTGAAGCTAGAGGATCACTTGAGTCTTGTCTCTACAAAAAAAATCAAAAAATTAGCCAGGGCATGGTGGTGCATGCCTGTAGTCCCAGCTACTCGGGAGGCTGAGGCAGGAGGATCACTTGAGCCCAGGAGGTTGAGGCTGCAGTGAGCTGTGACTGTACCACTGCACTCCAACCTGGGCAACAGAGTGAGACCCTGTCTCAAAAAATAATAA"
"GL873521","25453333","25453646","chr22","29946204","29946503","77","4492871","GCCGGGTACAGAGGTGCATTTACCTGTAATCCTAGCACTTTGGGAGGGTAGGGTAGGAGGATGGCTTGGGGCCAGTAGTTCAAGACCAGCCTGAACAATCTAGTGTGACCTCGTCTCCACAAAATATAGAAAAATTAGCCAGGCATGGTGGTGGGCACTTGTATTCTCAGCTTCTCAGGAAGCTGAGGCAGGAGGATCTTTTGAGGCTGGAAGGTTGAGGTTGCATTGTTGAGATTGCACTGAGCTGTGATGACACCACTGCACTCTAGCCCTGGCAACAGAGTGAGATCCTAATTTAAAAAAAAAAAAAAAAA","GCTGGGCGTGGTGGCTCCTTCCTGTAATCCCAGCACTTTGGGAGGCCAAGGCTGGAGGATCACCTGAGTCCAGGAGTTTAAGACCAGCCTGGGCAACATAGGGAGACCCTGTCTCTACAAAAAATAAAAAATTAGCCAGGCATGGTGGTGTGCACCTGTAGTCCCAGCTACTCAGGAGGCTGAGGCAGGAGGATCTCTTGAGCCTGGGAGGTCAGACTACAGTGAGCAATGATTGTGCCACTGCACTCCAGCCTGGGTGACAGAGTAAGACTCTGTCTCTTAAAAAAAAAAAAAAAAAAA"
"GL873521","25473197","25473312","chr11","64318421","64318538","25","38845224","GGGCATGGTAACTCACTCCTATAATCCCAGCAGTTTGAGAGGCCAAGGCTGGAGGATCACTTAAGGCTAGGAGTTCATGACTGGTCAGGGCAACATAGTAAGACTTATTCTCTACA","CCAGGCATGGTGGCTCACACCTATAATCCCAGCACTTTGGAAGGCCAAGGCGGGAGGATCCCTTGAGGCCAGGAGTTTGAGACCAGCCTGGGCAACATAGCAAGACTCCGTCTCCACA"
"GL873521","25473339","25473487","chr1","35894728","35894879","40","10421389","AAGAATTAGCTAGGCATAGTGGTGCGCAGCTGTAGTTCCAAGTACTTGGGAGGTTAAAGACCATGTGAGCGCAGGAGTTCAAGGCTACAGTGAGCTGTGATCATGCCACTGCACTCTGGCCTGGGTGACAGAGTCTGTGTCATAAAAAA","AAAAATTAGCCAGGCATGGTGGCACATGCCTGTGGTCCCAGATACTTGGGAGGCTGAAGTGGGAGGATCACTTGAGCCCAGGAGATCAAGGCTGCAATGAGCCATGATCATGCCACTGCACTCCAGCCTGGGCAACCCTGTCTTTAAAAAAA"
"GL873521","25493130","25493293","chr4","75562087","75562252","41","50068957","CTTAGAGTTGTGGTGGGCTCCTGTACTCCCAGCTACCCAGGAGGTGAGGCTGAGGCAGGTGGATCACTTGAACCCAGGTATGTGAGGTTGCTGAGAGCTAGGATGACACACAGCACTCTAGCCTGGTGACAGAGTGAGTCTATGTCTCTAAATAAATAAATAAA","TTAGCTGGGTGTGGTGGCATGCACCTGTAGTCCCAGCTACTTAGGAGGCTGAGGCAAGAGGATCACTTTAGCCCAGGAGGTGGAGGTTGCAGTGAGCTGAAATCATACCACTGCACTCCAGCCAGGGTGACAGAGTGAGACCTTGTCTCAAAAATAAATAAATAAA"
"GL873521","25493320","25493467","chr9","31337596","31337743","33","5844276","GACTGGGCTTGGTGGCTCATGCCTGTAATCCTAGCATTCTGGGAAGCTGAGGCAGGAGAATCACTTGAGGTCAGGAGTTCAAGACCAGACTGAGCAAGAGTGAGATCTTGCCTCTACTAAAAAAATATATATTTTTAAAAAATAATGC","GCTGGGTGTGGTGGCTCACACCTGTAATCCTAGTGATTCAGGAGGCTGAGGCAGAAGGATCACTTGAGGTCAGGAGTTTGAGAGCAGACTGAGCAACAGAGTGAGACCCCCTCTCTAAGAAAAAAATATTAAAAAAAAAAACAACCGC"
"GL873521","25793453","25793728","chr15","82250472","82250741","88","56457019","CAGGTATGGTGGCTCACACCTGTAATCCCAGCACTTCGGGAGGCCAGGAGGTGGGGGAGAGGCTCTCTTGAAGCCAGGAGTTCCTGACCAGCCAAGCAACAGGCGAAACCTTATCTCTACAAAATATTAAAGAAAAAAGGAAATTAGCCAGGTATAGCAGTAGACATCCATAATTCCAGATACTGTCGTGGCTAGGACAGGAAGATCACCTGTGATTGTGCCACTGCATCCCAACTTGCCAAAAAAGCAAGATGCTGTCTCTATAAAAGAAAACTA","GCCGGGCACGGTGGCTTATGCCTGTAATCCCAGCACTTTGGGAGGCCGAGGCAGGAGAATCGCTTGAGCCCGGGAGTTTGAGACCAGCCTGGGCAACATGGTGAAACCAAGTCTCTACAAAAAAATACAAAAAAATTAGCCAGGTGTCGTGGTGCACGTCTGTAGTCCCAGCCACTCCTGGGAGGTCGAGGCTGCAGTGAGCTGTGATCGTGCCACTGCACTCCAGCCTGGGGAACAGAGTGAGACCCCGTCTCAAAAAATAAAAAAAAA"
"GL873521","25946379","25946540","chr16","48668108","48668267","54","22721729","GTTGAGGCAGGATTTCTTGAGGCTGGGAGTTGGAGACCAGCCTGAAAAACATGTTGATACCATTGCTACAGAAATTAGAAGAGTTAGCTGGGTATAGTGGTGCATCCCTGTAGTTCCAACTACTAGGGATGCTGAGGCAGGAGGGTCACGTAAGCCCAGGAG","GTGGGAGGATTTCTTGATCCCAGGGGTTCAAGACCAACCTGGGCAACATAGTGAGACCCTGTGTATACTGAACAAAAACAATTTTTCAGGCATGGTGGCACACACCTGTAGTCCGAGCTATTCGAGAAGCTGAGATGGGAGGATCCCTTGAGCCCGGGAG"
"GL873521","25955927","25956105","chr3","43378154","43378339","50","17422227","AAAAAATAGAAAAATTAGCCATGTGCAGTGGCATGTGCCTATAGTTCCACCACTGTAGGGGCTGAGGTAGGAGGATCCCTTAAGACCAGGACTTTGAGATTGCTGTGAGTTATGACATCACTGCTGTCTGGTTGGGTGACAAAGGGAGACTTTGCCTCAAAAAAGGGAAGAAAGAAAAA","AAAAATACAAAAATTAGCCGGGCATGTTGGCATGTGCCTGTGGTCCCAGCTACTCCAGAGGCTGAGGTGGGAGGATCACTGGAGCCCGGGAAGTTGAGGCTGCAGTGAGCTGTGATCACACCACTGCACTCCAGCCTGGGTGACAGAGTGAGACCCTGTCTCAAAAAAAAAAAAAAAAAAAAAAAA"
"GL873521","26298260","26298339","chr4","95794331","95794409","18","69496071","GGCTGGGTGCATCAGCTTATGCCTGTAATCCCAGTACTTTAGGAGGTTGAGGTAAGAGGATCACTTAAGAACAGGAATCC","GGCTAGGTGCAGTGGCTTACACCTGTAATCCCAGCACTTTGGGAGGCCGAGGCAGGAGGATCACTTGAGCCCAGGAGTT"
"GL873521","26307582","26307851","chr5","152032216","152032514","85","125724634","GCTGGGCATAGTGGCTCACACCTACACTCTTAGAGGCCAGGGCAGATGAATTATTTGAGCTTGGGAGACCAGACTGAGCATGAGTGAGATCCTGTTCCTACTAAAAATAGAAAAATTAATTGGGTGTTGTGCCTGTAGTCCCAGCTACTTGGAAGGCTGAGGCAAGAGGATCACTTGAGCCCAAAAGACTGAAGTTCTAATGCCAAACATGCTACTCAGAGGGACAGAATGAGACTCTGTCTCAAAAATAAATAAATAAATAAATAAATA","GGCTGGGCACAGTGACTCACACCTATAATCCCAGCACTTTGTGAGGCTGAGGCAGGCAGATTATTTGAGCCCCTGAGGTCAAGACCATCCTGGGCAACATGGCAAAACCTCATCTCTACAAAAAATACAAAAATTAGTTGGGTGTGGTGGCATACGCCTATAGTCCCAGCTCCTCAGGAGGCTGAGGTAGGAGGATGGTTTGAGCCCAGGAGATGGAGGTTGATCATGCCACTGCTCTCCAGACTGGGCAACAGAATGAGACTCTGTCTCACAAAAAATGAAACAGAATAAAATAAAAA"
"GL873521","26951040","26951317","chr17","16672309","16672598","75","10278731","TGGCTTACACCTGTAATCCTAGCACTCTGAGAGGAGTGAGGCAGATTGCTTGAGCTTAGGAGTTTAAGACCAGCCTGAGCAAGAAAGATCCCATTTTTACTAAAATAGAAAACTAGCCAGGGGTGGTGGCCTATGTCTGTAGTCCCAGCTACTCGGTAGGCTAAGGCAAGAGGATTGCTCAAACCCAAGAGTTTGAGATTGCTGTGAGTTCTGGTGCCATGACACTCTATCCAGGGTAACAGAGTGAGACTTTGTCTAAAAAAGAAATAAAATAGGTG","GTGGCTCACACCTGTAATCTCAGCACTTTGGGAGGCTGAGGCGGGAGGATCACTTGAGCCCAGGAGTTTGAGACCAGCCTGAGCAACATAGTAGGCTCCTGTCTCTACAAAAAAATACAAAAATTAGCTGGTACTGGTGGCATGTGCCTGTAGTCCCAGCTACTCAGGAGGCTAAGGCAGGAGAATCGCTTGAGCCCAGGAGGTTGAGGCTGCTATGAGCTGTGATGGCACCACTGCACTCCAGCCTGGGTGACAGAGTGAGACCTGGTCTCAAAAAGAAAAAAAAAAAA"
"GL873521","26951542","26951557","chr3","53948633","53948648","1","26997091","AAAAGAAAGAAAGAAA","GAAAGAAAGAAAGAAA"
"GL873521","27061553","27061681","chr3","122788793","122788920","26","95727240","GGCCACGCACAGTGGCTCATGCCTTTAATCCTAGCTTTCTGTGGAGGCCAAAGCAAATGGATCACTTGAACTCAGGAGTTCAAGACCAGCCTGAGCAAGAGCAAGACCCCATCTCTACTAAAAATAGAA","GGCCAGGCACTGTGGCTCATGCCTGCAATCCCAGCACTTTGGGAGGCCAAGGCAAGAGGATTGTTTGAGCCCAGGAATTCAAGACCAGCCTGGGCAACTCAGGAAGACCCCATCTCTACAAAAAACAA"
"GL873521","27061706","27061860","chr8","96136998","96137163","44","69075292","TAGCTTGGCATTGTGGTAGGCACTGGCAGTCCCAGTTACTTCGGAGGCTAAAACAAGAAGGATTGCTTGAATCCAGTGAGGTTGCTGTGAGCTATAATGTCATGGCACTTCTCCCCAGGGCAACAGAATGAGACTATCTCAAAAAAACAAATAAA","TTTAGCTGGGAAGGTTGGCACGCACCTGCAGTCCCAGCTACTTGGGAGGCTGAGACTGGAGGATTGCTTGAGCCCGAGAGGTCGAGGTGGCAGTGAGCCATAATCACACCACTGTACTCCAGCCTGGGTAACAGAATGAGACTCTGTCTCAAAACAAACAAACAAA"
"GL873521","27073730","27073910","chr1","68095575","68095737","50","41021845","GAGCAGCCTGAGCAGCTAGGGTACTGCTCCCTGCCTCTAGTCCCAGCTACTTGAGGGGCTAAGGCAGGAGGATTGTTTGAGCCCAGGAGCCCAGGAGTTTGAGATTGATGTGAACTAGGCTGATGCCATGGCACTCTAAACTGGGCAACAGAGTAAGACTCTATCTTAAAAAAACAAAAAA","TTAGCCCTGCATGGTGGCACATGCCTGTAGTCCCAGCTATTTGGGAGGCTAAGGCAGGGGGATGGTTGGAGCCCAGGAGGCAGAGGTTGCAGTAAGCTGAGACTGAGCCATTGCACTGCAGCCTGGGTGACAGAGTGAGACTCTGTCTCAAAAAAAAAAAAAA"
"GL873521","27074182","27074275","chr19","50666183","50666279","26","23592001","GCTGGGTACTGTGGCTCAAGCATGTAATCATAGCACTCTTGAGGCCAAAGTTTGGAGGATCCCTGAAGCTCCAGAGTTTAAATGCAGCTTGAGT","GGCTGGGCTCTGTGGCTCATGCCTGTAATCCCAGCACTTTGGGAGGCCGAAGTGGGAGGATCACTTGAGTCCAGCAGTTTGAGAGCAGCCTGGGCAA"
"GL873521","27115551","27115853","chrX","48006439","48006741","74","20890888","GGCCAGGTGTGGTGGCTCCTGTAATCCTATCACTATGGGAGGCCAAGGTGGGTGGATTGCTTGAGCTCAGGAGTTGGAGACTAGCCTAGGCAAGAGTGAGATCCCGTATCTACTAAATAGAAAAACTAACCAGGTTCCAGGTGCCTGTAGTCCCAGATTCTTGGGAGGCTGAGGCAAGAGGATCACTTAAGGTCAGGAGTTTAAGGTTGCTGTGAGCTATGATGTCATAGCACTCTACCCAGGGTGACAGAGTGAGACTCTATCTCAAACAAACAAACAAACAAAACAAAAACAACAAAAAAA","GGCTGGGCTCAGTGGCTCACGCCTGTAATTCCAGCACTTTGGGAGGCCAAGGTGGGCGGACTGCTTGAGCTCAGGAGTTCGAGACCAGCCTGGGAAACATGGCGAAACCCCATCTCTTAAAAAAAAAAAATTATCTGGGTGGCAGGAGCCTGTAGTCCCAGCTACTTGGGAGGCTGAGGTAGGAGGATCACCTGAGCCCGGGAGGTCAAGGCTGCAGTGAGCCATGATCGTGCCACTGCACTCCATCCTGGGTGACAGAGTGAGACCCTGTCTAAAAAAAAAAAGAAAAAAGAAAAAAAGAAA"
"GL873521","3621655","3621735","chr19","38588582","38588671","29","34966927","AAACCCCCCAGAAAATTAGCTGTAGTCCAGCTACTTGGGAGGGTGAGGCAGGATTGCTTGAACTCAGGAGGCTGAGGTTGC","TTAGCCAGGTGTGGTTGTGCACGCCAGTAGTCCTAGCTACTCAGGAGGCTGAGGCAGGAGGATTGCTTGAGCCCAGGAGTTTGAGGCTGC"
"GL873521","3642385","3642519","chr4","190118736","190118870","25","186476351","GGCTGGGTGAGGTGGCTCACACCTGTAATCCCAGCACTCTGGGAGGCCAACAGGGATGGAGCACCTGAGCTCAGGAGCTTGTGCCCAGCTTGAGCAAGAGTGAGACCTCATCTCTGTTAAAAACAGAAAAAAAAA","GGCTGGGTGCAGTGGCTCACACCTGTAATCCCAGCACTTTGGGAGGCCAAGGTGGGAGGATCACTTGAGCTCAGGAATTCGAGACCAGCCTGGGCAACATAATGAGACTGCATCTCTGTAAAAAAAAAAAAAAAA"
"GL873521","3642815","3642983","chr6","117522072","117522244","43","113879257","AAAAAAACTAGCCAGGCATTGTGGCGAGTGCCTGTAGTCCCAGCTACTCGGGAGGCGGAGGCAAGAGGAGTGCTTAATCCCAAGAGTTTGAGGTTGCTGTAAGCTATGACACTCATTCTACTCAGGGTAACAAAGTGAGACTCTGTCTCAAAAGGAAAAAAGAAAGAGA","TAAAAAAATTAGCCAGATGTGGTGGCATGTGCCTGTAGTTCCAGCTACTCGGGAGGCTGAGGCAGGAGGATTGCTTGAGCTCAGGAGTTCGAGGCTGCAGTGAGCTATAATTGTGCCACTGCACTCTAGCCTGGGTGACACAGTGAGACCTTGTCTTTAAAAAAAAAAAAAAA"
"GL873521","3668981","3669096","chr1","92774326","92774442","25","89105345","GGCTAGGCTCAGTGGCTCATGCCTATAATCCTAGCACTCTGGGAGGCTGAGACAGGTGGAGTGCCTACGTTCAGAAGTTTGAGACCAACCTGGGGAAGAGTGAGACCCTTGTCTCT","GGCCAGGCGCAGTGGCTCACACCTGTAATTCTAGCACTCTGGGAGGCAGAGGCAGGCAGACTGCTTGAGCTCAGGAGTTCGAGACTACCCTGGGCCACACAGTGAGACTTTGTCTCT"
"GL873521","3669118","3669287","chr19","44556029","44556196","40","40886911","GCCTAGCCATGCATTATGGTGGGCACCTGTAATCCCAGCTACTTGAGTGGCTGAGACAGGAGGATTGCTTGGGCCCAGGTGTTTGAAATTGTCGTGAGCTATGACAACACTATAGCACTCAACCCAGGGCACAGAGTGAGACCCTGTCTCAAAAAAAATAATAAATAAAA","TTAGCTGGGCACGGTGGTGTGCACCTATACTCCCAGCTACTCTGGAGGCTGAGACAGGAGGATTGCTTGAGCCCAGGAGTTCAAGACTGCAGTGAGCTAGGATCGCACCATTGCACTCCAGCCTGGGCAACAGAGTGAGGCCCTGTCTCTAATAATAGTAAAAAAAAA"
"GL873521","3669631","3669737","chrX","25092369","25092466","29","21422738","GGTTAGGCATGGTGGCTTACACATGTAATCCCAGCACTTTCAGAGGCTGAAGTAGGAGGATCTCTCAAGAGACCATCAGAGGGAGACCCTGTCCTTATAAATAATTA","GGGTGTGGCGGCTCAAACCTGTAATCCCAGCACTCTGTGAGGCTGAGGCAGGAGGATCGCCTGGGCAATATAGTGAAACCCTGTCTGTATTAATAATA"
"GL873521","3670024","3670183","chr1","26355033","26355200","40","22685009","TTGGTTGGGTGTGGTAGCACTTGCCAATAGTCTTAGCTACTTGGGAGGCTGAGGCAGGAGGATCCCTTGAGCCCAGGAGTTCAAAGTTGTAGTGAGCTGTAGTAGGGCCACTATAGGGTAAAAGAGTAAAATCCTGTCTCAAAAAAAAAAAAAAAAAAAA","AACTAGCTGGGTGTGGCGGCGTGTGCCTGTAGTCCCAGCTACTTGGGAGGCTGAGGCAGGAGGATCACTTGAGCCCAGGAGTTCAAGGCTGCAGTGAGCTAAGATCATACCACTGCACTCCAGCCTGGGTAATAGAGTGAGATCCTGTCTCAAAAAAAAAAAAAAAAA"
"GL873521","3713060","3713213","chr16","52591348","52591478","53","48878288","ACTAAAATTGTAAAGCCTAAGCTGGGTGTCATGGTGCACACCTGGAGATCCAGCTCCTCGGAGGCAGAGACAGGAGGATCTCTTGAACCCCAAAATTTGAACACAGTGCGACAACATAATGAGACCCACCTCTTACAAAAAATTACAAAGACTA","GCTGAGTGTGGTGGTGTGTGCCTATAATTCCAGCTACTCAGGAGGCTGAGGCAGGAGGATCACTTGAGCCCAGGAGTTTGAGACCAGCCTGGGCAACACAGTGAGACCCCATCTCAAAAAATTAAACATTA"
"GL873521","3858021","3858181","chr15","40727742","40727900","45","36869721","GGAAAAATTAGCTCAGCATTGTGGTGGGTGCCAATAGTCCTAGTTACTGGGGGGGTGGAGGGTTGAGGCAGGAGCTTGAGCTCAGGAGTTTGAGGTTGCTGCGAGCAAGGCTCATGCCATGGCACACTAGCCTGGACAACAGAGTGAGAGTCTGTCTCAAA","TTTAAAAATTAGCCAGGCATGGTGGTGACCACCTGTAGTCCTAGCTATTCAGGAGGCTGAGGCAGAAAGATTGCCTGAGCTCAGGAGTTTGAGGTTACAGAGAACTCTGATCATGCCACTGCACTGCAGCCTGGGCAACAGAGTGAGACTCTGTCTCAA"
"GL873521","3858456","3858567","chr17","26390105","26390216","27","22531649","GGTTGGATGCAGTGACTCACGTTTATAATCCTAGCACTCTGGGGAGCAGAGGCAGGAGGATCCCTTGAGCTTAGGAGCAAGACCCCATCTCTACTAAAAAATGGAAAAATTA","GGCCGGATGCAGTGGCTCACGCCTGTAATCCCAGCACTTTGGGAGATGGAGGTGGGAGGATCGCTTGAGGCTAGGGGTTCGAGACCACATCTTTACAAAAAATTTAAAATTA"
"GL873521","3958462","3958555","chr3","156881552","156881648","15","152923090","GGCCAAGTGTGGTGGCTCACGCCTGTAATCCCAGCACTCTGGGAGGCTGAGGCAGAGAATCACTGGAGCGCAAGAGTTTGAGACTAGCTTGAGC","GGCCAGTTGTGGTGGCTCACACCTGTAATCCTAGCACTCTGGGAGGCTGAGGCTGGAGGATCACTTGAGCTCAGGAGTTTGAGACCAGCCTGGGCAA"
"GL873521","4004289","4004415","chr2A","53135817","53135938","36","49131528","GCCGGGCGCGGTGGCTGACACCTGTAACCGAGCACTTTGGGAGGCATCTGTAGGAGGATCGCTTGAGGCCAGGGATTGGAGACCTCCCGCCCTACAAATGATTTTAAAATAAACTGCTTATGCTGGG","GCCAGGTACAGTGGCTGACATCTGTAATCCCAGCACTTTGGGAGGCTGAAGTGGGAGGATCACTTGAGGCCTGGAGCTTGAGACCAGCCTTGTCAACATAGTGAGATTAAAAAATTAGCTGG"
"GL873521","4004664","4004811","chr5","141173286","141173416","45","137168622","CTGCTTATGCTGGAGGACCCTCACCCCACCCCACCCCCACACACACCTTGTGCTCCTGACTTGGAGACTGCAGTGAACTATGATCAGGCCGCTGCCCTCCAGCGTGAGCGACAGAGCATGACCCTGTCAAAAAAAAAAAAAAAAAAAA","CTACTTGGGAGGCTGACCCACGAGAATCACTTGAACCTGGGAGGTAGGCTGCAGTGAGCTAAGATCACACCACTGCACTCCAGCCTGGGCAACAGAGCAAGACTCTGTCTCAAAAAAAAAAAAAAAAAAAA"
"GL873521","4367979","4368038","chr4","148843957","148844014","16","144475978","GGGCCCGGATAATGGCTCTAATCCCAGCTACTTGGGAGGCTGGGGCAGAAGGATCGCTTG","GCAATGGTACATGCCTATAATCCCAGCCCTTTGGGAGGCTGAGGCAGGAGGATCACTT"
"GL873521","4416492","4416644","chr15","38442496","38442652","39","34026004","GACAAAAATTAGATGGGCGTGGGGCTGTAGTTCCAACTACTCTGGAGGCTGAGGCAGGAGGGTTGCTTCAGCCCAGGAGTTTGCGGTTGTAGTGAGCTATAATGATTCCACTGCACTATAGCATGGTGACAGAGTAAGACTGTATCTCAAAAA","TTAGCCAGATATGGTGGTGCATGCCTGTAGTCCCAGTTACTTGGGAGGCTGAGGCGGGAGGATTGCTTGAGCCCAGGAGTTTGAGGCTGTGGTGAGCTATGATTGTGCCACTGCACTCCAGCATGGGTAACAGAGCAAGACCCTATCTCTTTAAAAA"
"GL873521","4416915","4417046","chr12","122239412","122239544","30","117822497","GCCTGGTACAGTGGCTCACAGCTGTAATTCTACCACTCTGGCAGACTGAGGCAGGAGTATAGCTTGAGGTCAGGAGTTAGAGAGCAGCCTGAGCAAAAGTGAGACCCTCTATTAAAAATAGAAGAATTAGGG","GGCTGAGCACGGTGGCTCATACCTGTAATCCTAGCACTTTGGGAGGCTGAGGCGGGAGGATTGCTTGAGGCCAGGAGTTTGAGACCAGCCTGGGCAACATAGTGAGACCCCATCTCTAAAAAAAAAAAAATTA"
"GL873521","4508052","4508216","chr1","180937305","180937458","45","176429253","CGCCAAAATAGCCACGTATGGTTGTGTGCACCTATAGTCCCAGCTATTTCAGAGGCGGAGACCATAAGACCACTTGCACCCAGGAATTTGAGGATACAGCAAGCTGTGATCATGCCACTGCACTCCACTCCAAGCCACAGACTGAGGCCTTGTCTCTTAAAAAAA","GCAAGCCAGGTGTGGTGGCATTTGCCTATAGTCCCAGCTATGTCAAAGGCTGAGACAAAAGTATCACTTGAACCCAAGAGTTAGAGGTTACAGTGAGCTATGATCGCACCACTGCACTCCAGCCTAGGCAACAGAATGAGACCCTGTCTCTAAA"
"GL873521","4508241","4508340","chr4","142826785","142826889","25","138318544","CCAGGTGCCATGGCTTATGCCTGTAATCCCAGGGCTCAGCTTGAGGCAGATGATCACTTGAAGCCAGGAGTTCGAGACCAGCCTGGGTAACACAGTGAGA","GGCCAGGTGTGGTGGCTCATGCCTTTAATACCAGGGCTTTGGGAGGCTGAGGCAGGACGATCACTTGAGGCCAGGTGTTTAAGACCAGCCTGGGCAACATAGGGA"
"GL873521","4585645","4585775","chr1","22024766","22024901","32","17439121","GCTGGGCAAGGTGGCTCACGCCTGTAATCCGAGCACTCGGGGAGTCCAATAGGGGTGGATTGCCTGAGCTCAAGTTCAAGACCAACCCAAGCAAGAGTAAGACCCCATCTCTACTAAAAATAGAAAAAACA","GCCAGGTGAGGTAGCTCACGCCTGTAATCCCAGCACTTTGGGAGGCCAAGGTGGGTGGATCAACTGAGGTCAGGAGTTCAAGACCAGCCTGGCCAATATGGTAAAACCCCATCTCTACAAAAAATACAAAAATTAT"
"GL873521","4586039","4586216","chr5","162553581","162553768","45","157967542","TAATAGAAAAACTAGCCACTGGTAGGCACCCATAGTCCCAGCTACTTGGGAGACTTAGGCAAGAGAATCACTTAGCCCAAGAGTTTGAGGTTGCTGTGAGCTATGATGCCATAGCACTCTACCCACAGTGCCAGAGTGAGATTCTGTCTCAAAACAAAAAAAGAAAGAAAGAAAGAAA","AATTTAAAAATAGCCAAGTATAGTGGCATGCCTCTGTATTCCTAGCTACTTAGGAGACTGAGGCAGGAGGATCACTTGAGCCCAAGTGTGTGAGGCTGCAGTGAGCCATGATCCAGCCACTGCACTCGAGCCTGGAAGACAGAGTGAGATACTGTCTCAAAAAAAAGAAAGAAACGAAAAGAAAGAAA"
"GL873521","4615177","4615298","chr12","11845861","11845982","46","7230684","AAATATAATGAGTAGCTGGGTGTGGAGGCACGTACTTCTACACCCAGCTACATAGAAACTGTGTAGCAGGCAGGAAGATAGTTTAATTAATATAGTGAGAACCCCATTTCAAAAAGAAAGAA","AATACAAGGAAGCCAGGTGTGGTGGCATGCACCTACAGCCCGAGCTACTCGGGAAGCTTTGAACTGGAGACAAGCCTGGGCAACATAGTGAAACCCCATCTCCCTCTAAAAACAAGGAAAGA"
"GL873521","4639212","4639298","chr17","29760224","29760310","16","25121012","GGCCTGGCACAGTGGCTCATACCTATAATCCTAGCACTCTGGGAGGTGAGGTGGGGAGGATCCTTTGAGCTTAAGAGTTTGAGATCA","GGCCATGGGCAGTTGCTCACACCTATAATCCCAGCACTTTGGGAGACTGAGGTGGGAGGATCGCTTGAGCACAGGAGTTTGAGACCA"
"GL873521","4757227","4757326","chr1","32811419","32811520","26","28054192","TAAAATAAATAAATCAGCTGGCAGTGTGGTAGGCAACTGTAGCCCCAGCTACCCAGGGCTGTGGCAGGAAGGTGACTTGAGCCCAGTAGTTTGAGGTTGC","ATTAAATTAAATGGAGCCGGGCGTGGTGGTATGCACCTGTTGTCCCAGCTACTCAGGAGGCCAAGGCAGGAGGATCACTTGAGCCCAGGAGTTTGAGGATGC"
"GL873521","4757600","4757715","chrX","124471265","124471386","33","119713665","GGCTGAGCAGTGTGGCTCACGCCTGTAATCCTAGTGCTTTGGGAGGCTGAGGTGGAGTGAATTCCAGACCTGCCTGAACAAGAGAGTTTTTGTCTCTACTAAAAATATAAAAATCA","GGCTGGACACCGTGACTCACGCCTGTAATCCCAGCACTTTAGGAGGCTGAGGCAGGAGGATTGCTCAAGACTAGCCTGGCCAACATGGTGAAACCCCGTCTCCACTAAAAATACAAAAATTA"
"GL873521","4833908","4834183","chr20","5619662","5619943","68","785754","GGCCAGTGCAGTGGCTCATGCTGTAATCCCAGCCCTCTGGGAGGCTGAGGCAGGCGGATCCCCTGAGCTCAGTGGTTGGAGACCAGCCTGAGCAAAAGTGCAACCCCGGCTCTACTAAAAATAGAAAAAACATTAGCTGGGCTGGGTGGCAGCTGCCTATAGTTACAGCTAATAGGAAGGCTGAGACAGGAGGATGGTTTGAGCTCAGGAGGTTGGGGTTAAGATATGGTGACACCACTGCATGCTACCTGGGGCACAGAGCAAGACTCTTGTCTC","GGCCAGGTGCAGGGGCTGACACCTGTAGTCCCAGCACTTTGGGAGGCTGAGGCAGGAAGATCACTTAAGCCCAGGAGTTCGAGACCAGCCTGCGCAACATGGTGAAAACCCGACTCTACAAAAAATACAAAAACTAGCCAGGCATGGTGGTGCCTGCCTGTAGTCCTAGCTACTCAGAAGGCTGAGATGGGAGGATTGCTTGAGCCCAGGAGGTTGAGGTTGCAGTGAGCTGAGATGACACCGCTGCATTCCAGCTTGGGTGCCAGAGCAAGACCCTCTCTC"
"GL873521","4857882","4858053","chr13","48157593","48157767","59","43299711","GACCAACCAGAGTAAGAATAAGACCCCTGTCTCTACAAAAAAATGCCAAAATTAGCCAGGCATAGTGGCATGCACCTATAGTCCCAGCTACTATAGTTTTGAGGTTGCTGTGAGCTATGACGATGACATTGCACTCTACCCCAGGCAACACAGCAAGGCTCTGTCTCCAAAA","CCAGCCTGGACAACATAGGGAGACCCTGTCTCTACAAAAAAATTTTCAGAAAATTAGCTGGGCACCATGGCGCATTCCTATAGTCCCAGCTACTCAGGAGGCTGCAGTGAGCCATGATTGTGCCACTGTGCTCCAGCACGGGTGACAGAGCAAGACCCTGTCTCTTAAAAAAAAA"
"GL873521","4858329","4858418","chr2B","246546136","246546224","17","241687807","CAGGAGCAGGGGCTCACACCTATAATCCTAGCACTCTAGAAGGCCAAGGCTGGAGGATTACTTGAGGCCAGAAGTTCATGACCAGCCAGT","CCAGGTGCTGTGGCTCATGCCTGTAATCCCAGCACTTTGAGAGGCCTAGGCAGGAGGATTACTTGAGGCCAGAAGCTCAAGACCAGCCT"
"GL873521","4904065","4904344","chr20","3250028","3250308","77","1654037","GGCCAGGCATGGCGGCTCAGCCTATAATCTGGGAGGCCAAGGCTCAAGGAGTTTGAGACCTGCCTGAGCAAGAGCAAGACCCTGTCTCTACTAAAAATAGAAAAAACAGCCAGGTGTTGTGGCAGGCACCTGTAGGCCCAGCTACTTGAGAAACTGAGGCAGGAGGACTGCATGAGCTCAGGAGTTTGAAGTTGCTGTGAGCTAAGAAGCCACAGCATTCTAGTCTGTAGCAACAGAGTGAAACTGTCTCAAAAACAGAACAAAACAAAACAAAACAAAA","GGCCAGGTGCAGTGGCTCACACCTATAATCCTAGCACTTCAAGGCCAAGTTCGAGACCAGCCTGGGCAACATGGCAAAACCCTGTCTCTACAAAAAAAAAATAAAAATTAGCCAGGCATGGTGGCGCTCACCTGTAGCCCCAGCTTCTTGTGGGGCTGAGGCAGGAGGATTGTTTGAGCCTGGGAGACAGAGGTTGCAGTGAACCTATATCATGCCACTGCACTCCAGCCTGGGTGACAGAGTGAAACCCTGTCAAAAAAAAAAAAAAAAAAGAAAGAAAA"
"GL873521","5548943","5549231","chr4","172002891","172003185","72","166453948","GACTGGGCACAATGGCTCACGCCTATAATCCTAGCACTCTGGAAGGCCAAGGTGGGTGGATTACTTGAGCTCACAGGTTTGGGACCATCCTGAGCAAGAGTAAAACCTCATCTCTAAAAATAGCCCGGCATTGTGGTGGGTACCTTGTAGTCCCAGCTAGTTGGGAGGCTGAGGCAAGAGAATCTCTTGAGCCTAAGACTTTGAGGTTGCTGTAAGCTGTGATGCCATGGTACTCTACCGAGGGTGACATAGTAAGACTCTATCTCCAAAAAAAAGAAAGGAAAAAGAA","GGCCAGGCACAGTGGCTCATGCCTATAATCCCAGCAATTTGGGAGGCCAAGGTGGGAGGATCACTTGAGCCCAGGAGTTGGAGACCAGCCTGGGCAACATGGCAAAACTCCATCTCTACAAAAAATAGAAGCCAGGTGTGGTGGTGTGCATCTGTAGTCCCAGCTACTTGGGAGGCTGAGGTGGGAGAATCGCCTGAGCCTGGGAGGTGGAGGTTGCAGTGAGCCAAGATCATGCCACTGCACTCTAGCCTGGGTGTCAGAGTGACAACTTGTCTCAAAAAAAAAAAAAAAAGAA"
"GL873521","5616768","5616899","chr1","134480867","134480991","29","128864099","GTGGCTCTCTCCTGTAATCCCAGCACTTTGGGAGGCCAGGGGAGAGGATTGCTTAAGGCCAGGTATTTGAAACCAGCCTGGGCAACACAGAGAGATATGCCCATCTCTACCAAAAGAAAAAAATTGCTAGGA","GTGGCTCATGCCTGTAATCCCAGCACTTTGGGAGGCCAAGGAGTGAGGATTGCTTAAGTCCAGGAGTTCAAGAACAGCCTGGGAAACATAGTAAGATCCTGTCTCTACAAAAAATAAAAAATTGT"
"GL873521","5617203","5617331","chr3","201848039","201848154","42","196230836","TTAAAAGTTTGCTGGGCTTGCTGAAGTGTGCCTGTAGTCCCAGCTACTCAAGAGACTAAAGTGGGGGGGATCAACAGAGCCCAAGAGTTTTAGCCTGTTCTGAATCACTGGACCACTGCATTCCTGTCT","ATTAGCTGGGCGTGGTGGCGGCTGCCTGTAGTCCCAGCTACTCAGGAGGCTGAGGTGGGAGGATCACCTGAGCCCGGGAGGTCGAGGCTGCAGTGAGCAGTGATGACGGCACTGCA"
"GL873521","5813449","5813645","chr8","55925895","55926096","51","50112446","TCTATAAATATATAGAAATTGCCAGGCACTGTGGCTAATGCCTGTCATCCGAGCACTTTGGGAGGCTGAGGCAGGAGGATCATTTGAGCCCAGAAGTTGGAGGCTTCTATGACTGGGGTGCTGCACTACAGTGGAGGCTGGGTGAAAGAGCAAGATTCTGTCTCTAAAAAACATACAAAACAAACAAACAAACAAAA","TCTCTACAAAAAAATAAAAAACTAGCCGGGCATGGTGGCACATGCCTGTAGTCCCAGCTACTTGGGAGGCTGAGGCAAGAGGATCACTTTACCCCAGGAGGTCGGGGCTGCAGTGAGCTGTGTTCATACCACTGCACTACAGCCTGGGTGACAGAGCAAGACTCTGTCTCAACAAAACAAAACAAAACAAAACAAAACAAAA"
"GL873521","5816723","5816839","chr7","150519989","150520108","29","144703266","GGCTTACACCTGTAATCCTAGCACTTTGGGAGAGTGGGAGTATGGCTCGAACCCAAGAGTTGGGAGACCAGCATGGGAAAGAATGAGACCCTGTCTCTACAAAAATAGAAAAATTAG","TGGCTCACATCTGTAATCCCAGCACTTTGGGAGGCCAAGGTGGGAGGATTGCTTGATCCCAGGAGTTGGAGACCAGCCTGGGCAACATAGTGAGACCCTGTCTCAACAAAAATTTATTTT"
"GL873521","6392280","6392393","chr13","98865790","98865887","34","92473510","GGCATGGTGATACATGCCAGCGACTTAGGAGGAGGACCCCTTGAGCAAGTGAGCAGTGATTGTGCCACTGCACCTCCAGCCTGAGCAACAAAGTGAGACTCTGACTCTTAAAAA","CAGGGGGACCACCTGAGCCTGGGAGGTTGCAGCTGCAGAGCCGTGATTGTGCCACTGCATTCCAGCCTGGGCAACAGAGTGAGCTCCTGTCTCAAAAA"
"GL873521","6821886","6822161","chr13","35542940","35543211","71","28721054","GGCCTGGTGCAGTAGCTCAGAGCTGTAAGCCTAGCACTCTGGGAGGCAGAGGTAGGTAGATCACTTGAGACCAGGAGTTCAAGAAGACCAGACTAAGTAAGAGTGAGACCCTCACCTATGCTAAAAATAGAAAATATTAGCTGGGCATACAGTGTATGTCTGTAGTCCAGGCTACTTAGGAAGCTGAGGTAGGAGGATCACTTAAGCCCAGGAGTTTGAGGTTGCTGTGAGCTAGGCTGAGGCCATGGTACTTCAGCCTCGGCAACAGAGTGAGAC","GGCCAGATGTGGTGGCTCACACCTGTAATCCTAACACTTTGGGAGACCGAGGTGGGTGGATCACTTGAGGTCAGGAGTTCAAGACCAGCCTGGCCAACATGGTGAAACCCCATCTCTACTAAAAATACAAAAATTTGCTGGGCATGATGGTGGGCGCCAGTAGTTCCAGCTACTCAGGAGGCTGAGGCAGGAGAATCGCTTGAACCCAGGAATCAGAGGTTGCAGTGAGCCAAGATCACGCCATTGCACTGAAGCCTGGGCGACAAGAGCAA"
"GL873521","6822427","6822459","chr1","26448863","26448892","8","19626436","TCAGAGTGAGACTTTATCTCAAAGAAAAAAAAA","TGAGTAAGACCCTGTTTCAAAGAAAAAAAA"
"GL873521","6828199","6828251","chr12","8954703","8954756","17","2126504","GGGAGAGGTAGCTCAGGCCTGTAATTCTAACACTCTGGGAGGGAGGATCCCTT","GGTCAGGTATGGTGGCTCATGCCTGTAATTCTAGTACTTTGGGAGGCTGAGGTC"
"GL873521","6828640","6828791","chr2A","70191250","70191406","45","63362610","CCTTGAGCTCACAAGTTTGAGACCAGCCTGAGCAAGAGCGTGACTATCTCTACTAAAAATAGAAAACTCTGCTAGGTGTTGTGGCAGGTGCCTATAGTTCCAGCTACCTAGGAGGCTGAGGCAAGAGGATCACTTAAGCCCAGCAGTTTGAG","TCACTTGAGCCCAGGAGTTCGAGACCAGCCTGGGCAACATAGTGAGACTCAGTCACTACAAAAATAAACTTGCTGGGTGTGGTGGTGTGCACCTGTAGTTCTAGCTACTCAGGAGGCTGAGGTGGGAGGATCCCTTGAGCCTCGGAGGTGGAGGTTG"
"GL873521","6837142","6837367","chr12","104694083","104694305","59","97856941","GACTGGGTGCTATAGCTCACACCTGTAACCCTAGCACTCTCAGAGGCCAAGGTGGGTGGATTCGCTGAGCTCAGGAGTTCAAGACCAGCCTGAGCAAAATAAGACCCCATCTCTACTAAAAATAGAAAAAGAAAAACCAGCCAGGTGTGGTGCCAGGAGCCTGTAGTTCCAGCTACTCAGAGGCTAAAGTAAGAGGATTATTTGAGCAGTAAGAGTTTGTGGTTTC","GACTGAGTACGGTGGCTCACACCTGTAATCCTAGCATTTTGGGAGGTCAAAGTGGGAGGATGACTTGAGCCCAGGGGTTCAAGACCAGCCTGGGCAACAAAGTGAGACCCTGTCTCCATAAAAATTACAAAAATTAACCAGGCATGGTAGCATGTGCCTGTAGTCCCAGCTACTCGGGAAGCTGAGGCCAGAGGATTGCTTGAGCTTAAGAGGTTGAGGCTGC"
"GL873521","6837616","6837695","chr14","61332116","61332199","24","54494500","GTTTGTGGTTGCTGTGAGCTATGACATCACAGCACTCAACCCCAGGGTGACTACATACAACTCTGTCTCAGAAAAAAAAA","GGTTGAGGCTGCAGTGAGCTGTAATTGTACCACTGCACTCCAACCCAGGTGACACAGTAAGACCCTATCTCAAACAAAACAAAA"
"GL873521","7000001","7000131","chr1","35753661","35753787","41","28753660","ACAGTAATACATACTTGTAGTTCCAGCTTCTAGGCTGAGGCCAGAAGATGGCTTGAGCCCAGGACTTTGAGGTTGCAGTGAGAGATGATGATACCTCTGTACTCTAGCCCAGGTAACAGAGACTCTGTTTC","TTAGCCAGGCATACTAGCTCATGCCTGGAGGCTGAAGCAAGAGGACAGCTTGAGCCCAGGAGTTTGAGGCTGCAGGCAGCTATGATCGCACCATCGCACTCCAGCCTGGGTGACAAGACCCCATCTC"
"GL873521","7000386","7000547","chr6","44662547","44662705","42","37662161","GGGTGTGGTGGCTCTTACCTGTAATCCTAGCACTTTGGGAGGCTGGGGCAGGCAGGAAGATTGTTTGAGGCCAGGAGTTCCAGACCAGGCTTGTCAATATAGTGAGACCCCGTCCCTATAAAAAATAGAAAAATTATCTGGGCCTGGTAATGCATACTTTGG","GGCACAGTGGCTCATGCCTATAATCTCAGCACTTTGGGAGGCCAAGGTGAGAGGATCACTTGAGCCCAGGAGCTACAGACCAGCCTGGGCAACATAGAGAAAACCCATCTCTACAAAAAATACAAAAATTATCTGGGCGTGGTGATGCATGCCTGTTGT"
"GL873521","7034228","7034543","chr6","83628974","83629284","80","76594746","GGCCAGATGCAGTGGCTGACACCTGCAATTCTATAACTTTAGGAAGGTGAGAGAATTGCTTGAGGCCAGGAGTTCCAGACCAGCCTGAACAATATAGTGAGACCCCATTGCTACAAAAATTAGAAAAATTCACTGGGTGTAATGGCCAATGCCTGTATTCCCAGATAATCCAGAGGCTGATGCTGGAAGATTACTTGAGCCCAAGAATTTGAGGTGACAGTGAGCTATGATGACACCAATGCACTCTAGCTTGGGCAATAGAGTGTGACCCTATTTCCAAAAAAAGAAAGAAAGAAAGAAAGAAAAGAAAAGAAAA","GGCAGGGCATGGTGGCTCATACCTGTAATCCCAGCACTTTGGGAGTCCAAAGTGGGTGGATCGCTTGAGTCCAGGAGTTCAAGACCAGCATGGGCAATATGGTGAAACCCTATCTCTACAAAAAAATACAAAAATTAGCTGGGCATGGTGGCATGCACTTGTATCCCAGCTACTCCAGAGGCTGAGGTGGGAGGATTGCTTGAGCCCAGGAGGTTGAGGCTGCAGTGAGCCATGATCACACCACTGCACTGTAGCCTGGGCAGTAGAGCGAGACACTGTCTAAAAAAAAAAAAAAAGAAAAGAAAAGAAAA"
"GL873521","7070010","7070206","chr5","79804250","79804453","53","72734240","GGCCAGGCAAGATGGCTCATGCCTGTAATCCTAGCATTCTGGGTGGCTGAGACAGGCATATTCCCTGAACTCATGAGTTGGAGACAAGTCTGAGCCAGAGTTAGACCTCATCTCTAAAAATAGCCTGGCATTGTGGCATACACCTGTAGTCTCAGCTACTTGGGAGGCTGAGGTGAAAGAATTGCTTAAGCCCAAGA","CAGGCACTGTGGATCACACCTGTAATCCCAGCACTTTTGGAGGCTGAGGCGGGCAGATTGCTTGAGCTCAGGAGTTTGAGACCATCTTGGGCAACCTGGTAGAACCACATCTCTACAAAAAATTAGCCGGGCATCGTGGCACACGCCTGTAGTCGCAGCTATTTGGGGGGCCTCCTGAGGTGAGAGGATTGCTTGAGTCCAGGA"
"GL873521","7070300","7070404","chr10","27497894","27497990","34","20427594","GTAAGCCCAAGATTTTGAGGTTGCTGTGAGCTATAATGCCATAGCACGCTAACTGAAGCAAAGTAACTATGACAAAGTAAGACTCGGTCTCAAGAAAGAGAAAAA","CACTTGAGCCCAGGAGGTTGAGGCTGCAGTGAGCTATCATGCCACCACACTCCAGCCTGAATTACATGGCAAGACCCTGTCTCAAGAAAAAAAAAAA"
"GL873521","7099137","7099314","chr16","419989","420167","56","6679148","GGCTGGGTGCCGCGGCTCACACCTATAATCCTAGCACTCTGAGAGGCCAAGGCAGGTGGATTGCTTGAGCTCAGGCACTTGAGGCCCTCAAATAGAAAAACTAGCCCAGCCTTGTGGTGGGCCCCTGTAGTCCAGCTACTTAGGAGGCTGAGGCATGAGGATCGATTGAGCCCAAGTA","CTGGGCACCGTGGGTCATGCCTGTAATCCCAGCACTTTGGGAGGCTGAGGCAGGAGGATCACTTAAGCCCAGGTGTTCAAAAAACAAACAAAAAAACATTAGCCAGGTGTGGTGGTGCACACCTGTAGTCCCGGCTACTCAGGAGACTGAGGTGGGAGGAGCTCTTAAGACCGAGAGGT"
"GL873521","7099591","7099694","chr5","181790038","181790151","31","174690447","TGAGGCCAAGTATTTGAAGTTGCTGTGAGCTATGATGTGGCGCTCTACCAAGGTTGATAAAGTGAGACTCTGTCTCAAAAACAAACAAACAAACAAAAAAGCAA","TTGCTTGAGCCCAGGAGGTGGAGGTTTCAGTGAGCCAAGATCGTGCCACTGCACTCCAGCCTGGGTGACAAAGTGAGACCCTGTCTCAAAAACAAACTAACAAACAAAAAACAA"
"GL873521","7182117","7182284","chr17","14741482","14741644","46","7559365","AATTAGCCAGGCATCATAGCACATGCCTATAGTCCCAACTATTCAGGAGCCTCAGGGCCAGGAGGATCCCTTGAATATAGGAGTTTGGGGTTACTGTGAGCTATAATGATACCACCCACTGCACTTTAGTCTGGGTGACAGTGAGACCCCGGCTCAGGGGGAAAAAAA","AATTAGCCAGGCATGGTGGCACATGCCTATAGTTCCAGCACTTTGGGAGGCTAAGGCAGGAGGATTGCTTGAGCCCAGGAGTTTGAAGTTACAGTAAGCTATGATCATGCCATTGCACTCTAGCCTGGGCAACAGAGTGAGACCTTGTCTCTAAAAAAAAAAA"
"GL873521","7182549","7182656","chr11","75656969","75657073","28","68474420","AACCCCAGCACTTTGGGAGGCCAAAGCAGGAGGATCATTTGAGGCCTAGGAGTTGGAAAGCAGGCAGAACAAGAGTGAGACTATCTTCATAAAAATACAGAAAAATTA","CCAGCACTTTGGGAGGCCAAGGCAAAAGGATCACTTGAGCCCAGGAGTTTGAACCAACCTAAGCAACAGAGTGAGACCCTGTGTCTACAAAATATTAAAAAATTA"
"GL873521","7224398","7224414","chr1","153358526","153358539","3","146134128","AAAAAAGAAAGTAAAAA","AAAAAAAAAAAAAA"
"GL873521","7224442","7224704","chr16","23925003","23925279","73","16700561","GTGTGATGGCTCATGCCCATAATCCTAGTACTTTGGGAAGCTTAGGCAGGAAGATTGCTGGAGGTCAGGAGTTCAAGACCCACCTGAGCAAGAATGAGACCCCCGTATCTACAAAAAATAGAAACATTAGCTGGGTGTGTTGGTGTATGTCTGCAGTACCAACTACTAGAGAGTTTGAGGCAGGAGGATCGTGTAAGCCCAGGAATTTGAGGTTGCAGTGAGCCACCACTGCACTCTACCCTGGGAGGCAGATCAAGACTGTG","GGCTGAGCGCGGTAGCTCATGCCTATAATCCCAGCACTTTGGGAGGCTGAGGCAGGTGGATTACTTGAGCTCAGGAGTTCGAGACCAACCTGGGCAACACGGTGAAACCCCTTCTCTACAAAAAACACAAGAATTAGCAGGGCATGGTGGTGTGCACCCGAAGTCCCAGCTACTCAAGAGGCTGAGGTGGGAGGATGGCATAAGCCCAGGAAGTGGAGGTTGCAGTGAGCCAAGATCATGCCACTGCACTCCAGCCTGGGTGACAGCAAGACTGTCT"
"GL873521","7244822","7245115","chr16","74165797","74166100","72","66920975","GGCCGGGCTCAGTGGCTCTATAATCCTGGCACTCTGGGAGGTCAAGGTGGGTGGATTGCTTGAGCGCAGGAGTTTGAGACCAGCCTGAGCAAGAGTGAAACCCCGTCTCTAAAAATAGCCAGGTGCTGTGGTGAGCCCCTATAGTCCCAGCTACTCAGGAGGCTGAGGCCAGAGAATCGCTTAAGCCCAGAAGTTGGAGGTTGCTGTGAGCCGTGATACCATAATTCTTTAACAAGGGTGACAGAGTGAGACTCTGTCTCAAAAAAACAAACATACAAACAAAAAAAAAAAAAA","GGCTGGGCACAGTGGCTCATGCTTATAATTCCAGCACTTTGGGAGGCCAAGGTGGGTGGATCACTTGAGCCCAGGAGTTCGAGACCAGCCTGGGCAACATGGTGAAACTCTGTCTCTACAAAAAATTAGCTGGGTGTGGTGGCTCGTGCCTGCAGTCCCAGCTACTCAGGAGGCTGAGGTGAGAGGATCAATGGAGCCCAGGAGGTGGAAGTTGCAGTGAGCCAGATCACACCACTGTACTCTCCAGCCTGGGTGACAGAGCAAGACCCTGTCTCAAAAACAAACAAACAAACAAACAAACAAA"
"GL873521","7391188","7391475","chr8","106723939","106724236","70","99332751","GGCATGGTGGCTCACACCTATAATCCTAGCACTCTGGGAGGACAAGGTGGGAGGATCCCTTGCACTCAGAAGTTCAAGACCAGCCTGAGAGAGAATAGGACCCCATCTCTACTAAAAATAGAAAAATTACCTGGGCATTGTGGTTGGTGCCTGTAGTCCCAGCTTCTTGGGAGGGTGAGGCAGGGGCATCACGTGAGCCCAGGAATTTGAGGTTACAGTTAGCTGTTTTGTCACAGCCATCTACCCAGGGCAACAGAGTGAGACTCTATCTCAAAAAGAAAAAAAGAG","GGTGCTGTGGCTCAAGCCTATAGTCCCAGCACTTTGGGAGGACAAGGTGGGAGGATCACTTGAGCCCAGCAGTTCAAGACCAGCCTGAGCAACATGATAAGACCCCATCTCTACAAAAAATTAGAAAAATTAGCCAGGCATGGTGATGTATGCCTGTGGTCCTAGCTACTTGGGAGGCTGAGGCAGGAGGATCCCTTGAGCCCAGGAGGTCAAGGTTGCAGTGAGCCATGGTTGTACCACTGTACCCCAGCCTGGGTTACACAGTGAGATCCTATCTCAAAAAAAAAAAAAAAAAAAA"
"GL873521","7391570","7391585","chr17","38661961","38661976","2","31270391","GAAAAAAAAAAGAGAA","GAAAAGAAAAAAGAAA"
"GL873521","7411261","7411442","chr4","57296207","57296386","41","49884946","AGAAAGAAAGAAAAAAAATTAGTCAAGAATGGTGGCATGCACCTATATTCCCAGCTACTCAAGAGACTGAAGCAGGAGGATTACTTGAGCTCAGGAGTTGGGGGCTGCAGTAAGCTTTGACTATACTAATGCACTCCAGCCTGGGTGACAGAGCGAGACCCTGTTTCAAAAAAGAAAAAAAA","AAAAAAGAAAAATTAGCCAGGCATGGTGGCATGTGCCTGCAGTCCCAGCTACTCAGGAGACTGAGGTGGGAGGATTGCTTGAGCCAGGGAGATTGGGGCTGCAGTGAGCTGTGATATCATGCCACTGTACTCCAGCCTAGGCCGCAGAGTGAGACCCTGTCTCAAAACAAAAACAAAAAA"
"GL873521","7411723","7411845","chr16","11721596","11721721","28","4309873","GGCTGGGTGCAGTGATCCTAGCCTTTTGGGAGGCTGAGGCAGGAGGACTGATTGAGGCCATGAATTTGAGACCAGCCTGAGCAAGAGTGAGACCTTGTCTCTGCAAAAAATAGGAAAATTAGT","GGCTGGATGCGGTGGCTCATGCCTTTTGGGGAGGCTAAGGCAGGAGGATTGCTGGAGCCCAGGAATTAAAGACCAGCCTGGGCAACATAGTGAGACCTCGTCTCTACAAAATTAAAAATTAAGTTT"
"GL873521","7473204","7473396","chrX","14950093","14950281","51","7476889","CAAAAAAAAAACCTTAGCCAGGTATGGCAGCACAGATTTGTCATCCCAACTACTCAAGAAGCTAAGGTGAGAAGATCACCTGAGCACAGGAGTCTGAGGTTATAGTGAGCTGTGACTGGGCCATTCACTACATTCCAGCCTATGCTATAGAGTAAGACCCTGTCAAAAGAAAAAAAAAGAGAGAGAGAGAAAA","TCAATAAATAAAAATTAGCCAGGCATGGTAGCACATGCCTGTCGTCCCAGTTACTCAGGAGGCTGAGGTGGGAGGCTCACCTGAGCCCAGGCATTGAAGGCTGCAGTGAGCTATGATCACAACACTGCATTCCAGCCTGGGTGACAGAGCAAGACCCTGCCTCAAAATAAAATAAAGAAAGAAAGAAAA"
"GL873521","7473423","7473542","chr14","57739259","57739375","24","50265836","CTGGGCACAGTGTTCATGCCTGTAATTTGAGCACTTTGGGAGGCCAAGGCTAGAGGATCACTTGAGGCCAGGAGTTTGAAACCAGCCTCAGTAACACAGAGAACCCTCATCTCTATTTAA","CTGGGTACATTGGCTCAAGCCAGTAATCCCAGCACTTTGGGAGGCCAAAGCAGGAGGATCACTTGAGGCCAGGAGTTTGAGACCAGCCTGGGTAACATGAGACCCTGTTTCTACAAA"
"GL873521","7573100","7573248","chr5","35112160","35112317","42","27539060","AGCCAGATGTGGTCTATAGTCCACAGCTACTTAGAGGCTGAGGCAAAGGGATCACTTGAGCCCGAGAGTTCAGGGCTGTGGTGCACAATGATCATGTCTGTGAATAGCCACTGCACTTCAGCCTAGGCAACATAGCAAGACCCTATCTC","AGCCTGGTGTAGTGGCACATGCCTATAGTGTCAGCTACTGGAGAGGTTGAGGCAGCAGGATTGCTTGAGTCCAGCAGTTCAAGGCTGTAGTGCACGATGATGGTGCCTGTGAATAGATACTGTGCTTTAGCATGGGCAACACAGCAAGACTCTGTCTG"
"GL873521","7601934","7602029","chr5","155700261","155700353","20","148098327","GGCTGAGCCCAGAGGCTCATGCCTGTAATTCTAGCACTCTGGGAGGCTGAGGCAGGTGGAGTGCTTGAGCTCAGGAGTTAAAAAAATCCAGTTTGA","GGCCGGGCACAGTGGCTCATGCCTATAATCCCAGCACTTTGGGAAGCTGAGGCAGGAGGATTGCTTAAGCCCAGGAGTTCAAGACCAGTCTTG"
"GL873521","7602314","7602531","chr2A","29137649","29137868","57","21535335","GACCAGTGTGAGCAAGGGCAAGACTCTGTCTCTACTAAAAATAGAGAAACTAGCTGAGCATTGTGGTGGGTGCCTAAAGTCTCAGCTGCTCAGGAGGATAAGGCAGGAAGATCTCCTGAGCCCAGGAGTTTGAGGTTGATGTGAGCTATGATGATATCGCATTCTAACCAGGTAACAGAGTGAGGCTTTGTCTCAAAAAAAAAAAAAAAAAAGAAAAA","CAGCCTGGTCAACATAGGGAAACTCTGTCTCTACAAAAAGTTAAAAAATTAGCTGAGCATGGTGGCACATGCCTGTAGTCTCAGCTACTCAGGAGGCTGAGGCAGGAGGGTCACTTGAGCCTGGGAGGCTGAGGCTGCAGTGAGCTGTGATCATGCTATTGCACTCCAGCCTGGGAGACAGAGTGAGATCCTGTCTCCAAAAATAAAAAATAAAAATAAA"
"GL873521","7608283","7608358","chr9","32411376","32411450","22","24803093","AGGCTGAGGAGGAAAGATTACTTGAGCCCCAAAATCTAGCCTTGGTGACATAGTGAAACTCTGTCTAAAAAAAATA","AGGTGGGAAGAGTACTTGAGGCCAGGAATTCAAATCTAGCCTGGGCAACATAGTGAAACCCTGCCTTAAAAAAAA"
"GL873521","7633232","7633420","chr7","4237351","4237553","52","3395881","GTGGTGGCTCATGCCTGTAATCGTAACACTCTGGGAGGCTGAGGTGGGTAGATTGCTTCAGCTTAGGAGTTCGGGACCAACCAAAGCAAGAATGAGACCCCCTCTCTACTAAAAACAGAAAGACTAGCCAGGCATTGTAGCAGGTCCTGTAGTCGCTACTCAGGAGGCTGAAGCAGGAGGATCACTTAA","GGTCAGGCATGGTGGCTCATGCCTGTAATCCCAGCACTTTGGGAGGCCGAGGTGGGCAGATTGCTTGAACTCAGGAGTTGAAGACTAGCCTGGGCAACACGGCAAAACCCCATCTCTACTAAAACTACAAAAACTAACTGGGCATGGTGGCACGCGCCTGTAGTCCCAGCTACTGGGGAGGCTGAGGTAGGAGGATCACTTGA"
"GL873521","7636438","7636492","chr5","38545852","38545906","11","30909414","ATTCAAGCCTGGGTGACAGAGTGAGACACTATCTAAGAACAATAAATAAATAAAA","ATTCCAGCCTGAGTGACAGAGTGAAACCCTGTCTCAAAACAAAAACAAAAACAAA"
"GL873521","7696982","7697091","chr9","129918441","129918551","24","122221459","TAATCCTAGCACTCTGGGAGGCCAAGGTAAGTGGATTGCTTGAGCTCAGGAGTTCAAGAGCAGCCTGAGCAAGAACAAGACCCCAACTCTATTAAAAATAGAAAAAAGCA","TAATTCCAGCACTTTGGGAGACTGAGGCAGGAGGATTGCTTGAGCTCAGGAGTTCGAGACCAGCCTGGGCAACATATTGAGTCCTCATCTCTATTAAAAATTAAAAAAATA"
"GL873521","7697336","7697489","chr7","132712253","132712405","44","125014917","GTAGAAAAAAGGCCAGCTGGGCATAGTGGTACATGCTTGTAGTCCCAGCTACTTGGAGACTAAGGTAAGAGGACTGCTTAAGTCCAAGAGCTTAAGGTTGCTGTGAGCTATGACACCACAGGGTGATAAGAGTGAGACTGTCTCCAAAAAAAAA","GAATTAAATAAAAATTAGCAGGGCATGGTGGCATGTGCCTGTAGTGCCAGCTACTTGGGAGGCTGACGCCAGAGGATTACTTGAGCCCAGGAGTTGGAGGTTACAGTGATCATGCCACTGCATGACAGAGTGAGACCCTGTCTCAAAAAAAAA"
"GL873521","7750582","7750651","chr7","149337669","149337736","11","141587087","GCTGGGTAAGAGTGGCTCATACCTATAATCCCAGCACTTTTGGGAGGCTGAAACAGGAGGATCACTTGAG","GCTGGGCACAGTGGCTCACACCTGTAATCCCAGCACTTTGGGATGCTGAGGCAGGAGGATCATTGGAG"
"GL873521","7784733","7784858","chr3","160952502","160952627","25","153167769","GGCCGGGCATTGATGGCTTCTACCTGTAATCCCAGCACTTTTGGAGGCTGAGGTGGGAGGTTTCATTGAGATCAGGAGTTTGAGACCAACTTGGGCAACAGTGAGACCCTGCCTTAAAAAAAAAAA","GGCCAGGCATGGTGGCTCACACCTGTAATCCCAGCACTTTGGGAAGCTAAGGTGGGAGGATCGCTTGAGCACAGAAATTTGAGACCAGCTTGGGCAACATAGAGATCCTGTCTCTATTAAAAAAAA"
"GL873521","7784884","7785052","chr16","1604263","1604439","38","6180621","AATTAGGCAGGCATGGTGGCACTTGTCCCAGCTACTTGGAAGGCTGAAGGAGGAGGATCACTTGAGCCCAGGAGTTAGAGGTTGCTGTGAGCTTTGATGCCACTGTACTCTAACCTGGGCAACAGAGTGAGATGTGCCTCAAAAACAAACAAACAAACAAAACCAAAAA","AATTAGCCAGGCATGGTGATTGGCACCTGTGGTCCCAGCTACTTGGGAGGCTGAGGCAGGAGGATGAATTGACCCCAGGAGTTTGAGGCTGCAGTGAGCTATGATGGCACCACTGCACTCTAGCCTGGGCGACAGGATGAGATCTGTAAAAAAATAAATAAAAATGAAAATAAAAAA"
"GL873521","7870707","7870997","chrX","70230306","70230599","61","62359599","GCTGGGCACAGCAGCTCACACCTGAAATCCCAGTACCCTGGAAGGGTGAGGATGGAGGATCACTTGTGGTCAGGAGTTCAAAAACAGCCTAAGCAAGAGTGAATCGCCATCTCTATTAAAAATAGAGAAATTAGCCAGGTGTGGTGGCATTTGCCTGTAGTCCCAGCCACTTGGGAGGCTGAGGCAGGAGGATCATTAGAACCCAGAAGGTGGAGGTTGCAATGAGCAGTAATGACACCACTGCACTCCAGCCTGGGTGACAGAGCAAGTCTCTGTTTCAAAAAAAAAAAA","GGCCAGGTACAGTGGCTCACACCTGTAATCCCAGCACACTGGGAGGCAGAGGCGGGCAGATCATTTGAGCTCAGGAGTTCAAGAGCAGCCTGGGCAACATGGTGAAATCCCATCTCTACAAAAAATAGAAAAATTAGCCGAGTGTGGTGGCACTCCTCTGTAGTCCCAGCTACTTGGAAGACTGAGATGGGAGGATCATTTGAGCCCAGGAGGCGGAGGTTGCAGTGAGCTGAGATTGCACCACTGCCCTCCAGCCTGGGCAACAGAGCAGGACCCTATCTCAAAAAAAAAAAA"
"GL873521","8041789","8041920","chr12","80555695","80555826","29","72513906","GTGGTGGCTCATGCGGATTATCCCAGTACTTTGGGGAGGTTGAGGCAGGAGGATTGCTTGAGCCCAGGAATTTGAGACCAGCCTGAGCAACATAGTAAGACTCTATACAAAAAAATAGAAAAATTAGCCTGG","GTGGCTCATGCCTGTAATCCCAACACTTTGGGAGGCTGAAGCAGAAGGATTGCTTGAACCAGGAGTTTGAGACCAGCCTGGGCAACATAGTGAGACTATCTCCACAAAAATAAATAAAAAATTAGCTGGGCA"
"GL873521","8042182","8042375","chr4","7236991","7237179","49","805191","GGTAAAAAAGAAAAAGAAAAATTAGCCAGGAGCACTAGCTTACGGCTTGTAGTCCTAGCTACTCAGGAGGCTGAGGTAGGGGAATTGCTGGAGTCCAGGAGTTTGAAGCCACAGAGAGCAAAGACCACACCACTGTACTCCAGCCTAGGCAATAGAACAAGACCCTGTCTCTGAAAAAAATAAATAAAAATAAA","TAAAAAAAATACTTAAAATTAGCCAGGCGTGGTGGCACACACCTGTGGCCCCAGCTACTCAGGAGGCTGTTGTAGGAGGATCCCTTGAATCCAGGAGGTCAAGGCTGCAGTAAGCCAAGATCACGCCACTGCATTCCAGCCTAGGCAACAGAGCAAGATCCTGTCTCTTAAAAAAAAAAAAAAAAAGAA"
"GL873521","8067082","8067383","chr20","31024244","31024552","81","22957162","GGCCAGGTGTAGAGGCTCACACTTATAAGCCCAGCACCCTGAGAGGCCGAAGTGGGTGAACTGCTTGAGCTCAGGAGTTCAAGAGTAGCCTGAGCAATAGTGAGAGCCGATTTCTACTAAAAACAGAAAACCTAGCCAGGCACTGTGGTGGCGTCTATAGTCCCAGGTACTCGGGAGGCTGAGGCAGGAGGATTGCTCAATCCTAAACTTTGAGGTTGCTGTGGGCAATAATGCCATATCTCTACCCAGGGGAAAAGAATGAGACTCTGTCTAAATAAATAAATAAATAAAATAAAAACAAA","GGCCAGGCACAGTGGCTCACACCTGTAATCCCAGCACTTTGGGAGGCCGAGGTGGTGGACTGCTTGAGCTCAGGAGTTCAAGACCAGTCTGGGCAACATGGCAAAACCTTGTCCCTACAAATAATACAAAAATTAGCCAGGTGCGGTGGCATGTGCCTGTAGTCCCAGCCACTTGGGAGGCTGAAGTGGGAGGATTGCTTGATCCTGGGAGGTAGAGGCTGCAGTGAGCCATAATTGTGCCACTGCACTCCAGCCTGGGCAACAGAGTGAGACCCTATCTCAAAAATAAATAAATAAATATAAAGAAAA"
"GL873521","8204885","8205108","chr10","14099107","14099324","63","5894222","CGAATTCGAAACCAGCCTGAATAAGAGTGAGATCCGTCTCTAATGAAAAGAGAAAAACTAGCAGGTTTTGTGGTGGGTGCCTTTAGTCTCAAGCTACTTGGGAGCCTGAGGCAGGAGGATCACTTAAGCCCAGGAGTTTGAGGTTGCTGTGAGCTATGATAACATTAGGGCATTCTAGCCTGGGAAACCGAGTGAGACTCTGTCTTAGAGAAATAAAAAATAAA","AGACCAGCCTGGGCAACATGACAAGATCCCGTCTCTACAAAAAATACAAAAATTAGCAGCGTGTGGTGGGGTGTGCCTGTAGTCCCAGTTACTTAGGAGGCTGAGGCAGGAAGATCACTTGAGCCCAGGACGGGGAGGTTACAGTGAGCCGTGATCACACCACCACACTCCAGCCTGGGTGACAGAGTGAAACTCTGTCTCTATAACAAACAAACAAA"
"GL873521","8205374","8205463","chr18","31130683","31130770","22","22925309","GCCGGACATGGTGGCTCATGTCCCTCCTGTAACCCTAGCACTCTGGGAGGCTTTGGCCTAAGGATTTGAGCTCAAGAGTTTAAGACCAGG","GGCCAGGCATGGTGGCTCACACCTGTAATCCTAGCACTTTGGGAGGCTAAGACCAGAGGATAATTAAGCTCAGGAGTTCAAGACCAGC"
"GL873521","8530940","8531225","chr4","131255414","131255698","71","122724474","GTCAGGTGTGATGGCTCGTCCTGTAATCCCAACACTCTGGGAGGCTGAGGCTGGTGGTTTGCTTGAGCTCAGGAGTTCTGAGACCATCCTGAGGTAAGAGTGAGACCCCATCTCTACTAAAATTAGAAAAAAAATTACCCAGGTGTAGCGGTGATGCCTGTAGTCCTAGCTACTTGGGAGGCTGAGGCAAGAGGATTGCTCAAGCCTGAGAATTTGAGGTTGCTGTGAGCTATGACTCCATCGCACTCAACCCCAGGGTGACTGAGTGTGATTGTCTGAAAAAGAA","GGCAGGACACGGTGGCTCACACCTGTAATCCCAACACTTTGGGAGGCTGAGGCAGGTGGATCACTTGAGCTCAGGAGTTGAGACCAGCCTGGGCAACATGGTGAAACCCCATCTCTACTAAAAATACAAAAATTAGCCAGGCATGGTTGTGGATGTCTGTGGTCCCAACTACTTGGGGGGCTGAGGCAGCAGGATTGCTTAAGCCTGGTAATTTGAGGCTGCAGTGAGCCATGTTCTTGCCAGTGCTCCAGCCTGGGTGACAAAGCAAGACCCTGTCTCAAAAAA"
"GL873521","9138426","9138710","chr17","16672309","16672598","64","7533883","GGTGGCTCATGTCTGTAATCCGAGCACTCTGGGAGGCTAAAGTGGAAGGATCACTTGAGCTCAGGAGTTTGAGACTAGCCTGAGCAAAAGTGAGAACAATGTCTCTATTAAAAATAGAAAATTAGCCAGGTGTTATGATAGGTGCCTGTAGTCCCAGCTATTCAGGAAGGCCAGGAAGGAGGATCCCTTGAGCTGGGGAGTTTGAGGTTGCTGTGAGCTGTGATGACACCATGGCACTCTACCCATGATGACAGAGTAAGACTGTCTCTAAAGGGAGAAAAAAAA","GTGGCTCACACCTGTAATCTCAGCACTTTGGGAGGCTGAGGCGGGAGGATCACTTGAGCCCAGGAGTTTGAGACCAGCCTGAGCAACATAGTAGGCTCCTGTCTCTACAAAAAAATACAAAAATTAGCTGGTACTGGTGGCATGTGCCTGTAGTCCCAGCTACTCAGGAGGCTAAGGCAGGAGAATCGCTTGAGCCCAGGAGGTTGAGGCTGCTATGAGCTGTGATGGCACCACTGCACTCCAGCCTGGGTGACAGAGTGAGACCTGGTCTCAAAAAGAAAAAAAAAAAA"
"GL873521","9337001","9337128","chr7","153795408","153795531","29","144458407","CTGGGCTCAGTGGCTCATGCTTGCAAGCCCAGCACTCTGGGAGGCCAAGGCAGGTGGATTGCTCGAGTTCAGGAATTTCAGACCAGTCTAAGAAAGAGTGAGAGCCCATCTGTACTAAAAATAGAAAC","CTGGGCACAGTGGCTCACGCCTGTAATCCTAGCACTTTGGGAGTCCAAGGCAGGAGGATGCTTGAGTCCAGGAGTTCAAGACCAGCCTGAGCAATATAGTGAGACCCCCATCTCTACAAAAAAA"
"GL873521","9337149","9337320","chrX","5183862","5184037","43","4153287","TAAAATACTAGCTGGGCATTGCGATGGGTGCCTGTAATTCCAGCTACTCAGGAGGCTGAAGCAAAAGGATCACTTGGGCCCAAGAGTTTGCGGTTGCTGTGAGCTGTGATTACACCACAGCACTCTCCCCAGGCAGAGAGAGACTCTGTCTTTAAAAACAAACAAACAAAAA","ATAAAAATATTAGCTGGGCATGCTGGTACATGCCTGTAGTCCCAGCTACTCAGGAGGCTGAGGCCTGAGGATCACTTGAGCCCAGGAGTTCCAGGTTGCAGTGAGCCGTGATTGCACCATTGCACTCCAGCCTGGGCCACAGGGCTAGACCCTGCTCAAAAGAAAACAAAAAAGAA"
"GL873521","9671716","9671832","chr6","38551166","38551279","31","28879450","GGCTAGGCAGGGAGGCTCAAAACTAAAATTTTAGCACTCTGAGAGCCCAAGGTGGGAGAATTGCTTGACCTCGGGTGTTTGAGACCAGTCTGAGCAAGAGTAACATCACATCTCTAC","GGCTAGGCGTAGGGGCTCAAACCTGTAATTCCAGCACTTTGGGAGGTCAAGGTGGGAGGATTACCTGAGGCCAGGAGTTTGAGACCAGCCTGAGCAACAGTGAGACTTTGTCTC"
"GL873521","9671895","9672063","chrX","24568892","24569057","39","14896997","TAATTAGCCAGGCATAGAGGTGGTATACACCTGTAGTCCCAGCTACTCTGGAGGCTAAGTCAGAAGGACTGGTTGAACCCAGGAGTCTGAGGTTGCTGTGACTAGGCTGATGCCACAGAACTCTAGCCTGATCAACAGAGTGAGACTCTGCCTCAAAATAAAAAAGGAA","AAATTAGCTAGGCATGGTGGCATGCAACTATAGTCCCAACTACTCAGGAGGCTGAGGCCGGAGGATGGTTTGAGCCCAGGAGGTGGAGGTTGCAGTGAGCCAAGATCACACCACTGCACTCCAGCCTGGGCAACAGAGTGAGACCCTGTCTCAAAAAAAAAAAAAA"
"GL873521","9699009","9699116","chr16","57943722","57943822","32","48244713","TCTGAGACACTCGGGAGGCTGAGCCTAGGAGTTTGAGGTGACAGTAAGCTAAGTTGATGTCACTGCATTCCATCCTAGGCAACAAAGCAAGATCTTATCTCTAAAAGA","GGAGGATTGCATGAGCCCAGGAGGTTGAGGCTGCAGTGAGCCAAGATCGTGCCACTGCACGTCAGCCTGGGCAACAAAGCAAGACTCTATCTCAAAAAAAA"
"GL873521","9699330","9699522","chr6","3030697","3030873","65","6668633","GGCTGCATGTGGTGGCTCGTGACTGTAATTTCACCACTTCAAAAGGCTGAGGCAGAGGAGTCACCTGGGGCCCAGAAAGTCACCCTTAAAGTCCAGCCTGAGTAACACAGTGAGACCCAAGATCCCAACTCCACAAAAGAAAAAAGAAGGGAAAGGAAAGAAAAGAAGAGTGGTGTGTGGTGACCTCCTAGAC","GGCCAGGCATGGTGGCTCTCCCCTGTAATCCCAGCACTTTGGGAGGCCAAGGCAGAAGGATCGCTTGAGCCCAGGAGTTTTAAGACCAGCCTGAGCAACACAGAGAGACCAGATCCCACTTCCACAAAAAAAAAAAAAAAATATTTGCCAGGCGTGATGGTGCATGCCTGTAGTCCC"
"GL873521","9879625","9879892","chr2A","20521665","20521953","79","10642040","GGGTGGGCACTGTGGCTCAGGCCTCCTAGCACTCTGGGAGGCCGAGCTGGGTGGATGACTTGAGCTCATGAGTTTGAGACCAGACTGAGCAAGAGCAAGCCCCATTTTTAAAAATAGCCAAGTGTCATGGTGGGCATCTATAGTCCCAGCCAGTTGGCAGGCTGAGGAAGAAGGCTTACTTGAGCTCAAGAGGTAGCTGTGAGCTGTGATGCCATGGCACTCTACCCAGGACAACAAAGTAAGACTGTCTCCAAAAAAAAGAAAAAAA","GGCTGGGCACAGTGGCTCACGCCTGTAATCCCAGCACTGTGGGGAGGTCAAGTTGGGTGGATTGCTTGAGCCCAGGAGTTTGAGACCAGCCTAAGCAATAGGCAAAACCCTGTCTCTACAAAAATCAGCCAGGTATGGTAGTGCGTACCTGTAGTCCCAGCTACTCAGGAGGCTGAGGTGGGAGGATCACTTGAGCCTGGGAGGTGAAGGCTGAAATTAGCCATGATCATGCCACTGCACCCCAAGCCTGGGCAACAGAGCAAGACCTTGTCTCAAAAAAAAAAAAAAA"
"GL873521","10097455","10097754","chr11","114714719","114715027","67","104617264","GGCCTGGGTGTGGTGGCTCACACCTTAATCCTAGCACTCTGGGACGATGAGGCAGGTTTGCTTGACCTCAGGAGTTTGAGAGCAGCCTGAACAAGAGTGAAACTCTGTCTCTACTAAAAACAGAAAAACTAGCCTAGTGTAGTGGTGCACCCCTGTAGTCCCAGCTGCTCAGGAGGCTGAGGCAAGAGGATCACTTGAGCCCAAGAGATTGAGGTTACTGTGAGCTGTGAGGCTGTGTTACTCTACCCAGGGCAAGAGAGTGAAGCCATCTCAAAAAAAAAAAAAAAAAAAAAAAAAAAA","GGCCAGGTGTGGTGGCTCACACCTGTAATCCCAGCACTTTGGGAGGCTGAGACAGGTGGATTGCTTGAGCCTAGGAGTTCGAGACCAGCCTGGCAACATGGCGAAACCTTGTCTCTACAAAAAATACAAAAATTAGCCAAGTGTGGTGGTGCACACCTGTGGTCCAAGCTACTCGAGAGACTGAGGTGGGAGGATTGCTTGAGCCCAGGAGGTTGAGGCTGGGGTGAGTTGAGATCATGCCACTGCATTCCAGCCTGGGCAACAGAGGAAGACCCTGTCTCAAAAAAAAAAAAAAAAAAAAAAAAAAAA"
"GL873521","10225742","10225927","chr15","49930173","49930354","59","39704431","TGGCTTACACCTGTAATCCTAGCACTTTGGGAGGCCACAGCAGATGGCTGCTTGAGCTCAGGAGTTCAAGCCTAGCCTAAGCAAGCCAGAACCATTGCCACTAAAAACAAAAAAAATAGCTGGAGTTGTGGGCACCTGTAGTTAGTTCCAGCTACTTAGGAGGCTGAGGAAAAAGGATGGCTTGAT","GCCTGTAATCCCAGCACTTTGCGAGGCCGAGGCCAGGCAGATCACTTGAGCCCAGCAGTTCAAGACCAGCCTGGGCAACATGGCAAAACTCCTTCTCAACAAAATACATAAAAATTAGCTGGGTGTGGTGGCATGTACTTTCAGTCCCAGCTACTCAGGAGGCTGAAGCAGGAGGATCATTT"
"GL873521","10226192","10226278","chr4","154285033","154285123","27","144058841","GAGGATGGCTTGAGCCCAAGAGTTTGAGGTTGCTATGAACTATGATGTCATGGCACTCTATCCCTGGCCACAGAATCAGACTCTGTC","GGAGGATCACTTGAGCCCAGGTGGTTGAGGCTGCAGTGAGCTGTGTTTATACCACCACACTCCAGCCTGGGCCGCAGAGTGAGACTTTGTC"
"GL873521","10399308","10399475","chr9","96945917","96946089","50","86546609","GGCCAGGTATGGTAGCTCACACCTGTAATCCTTGTACTCTGGGAGGCTTAGGAGCAAAGATCACCTAAGTGTAGGCATCTGAGACCAGTTTGAGCAAGTGAAACCCCATATTTACTAAAATTAGAAAAATTAGCTAAATGTTGTGGCAGGAACCTATCGTCCTAGCTA","GCCGGGTACAGTGGCTCACACCTGTAATCCCAGTACTTTGGAAGGCCAAGGCCAGAGGATTACTTAAGGCCAAGAGTTTGAGACCAGTCTGGGCAACATGGTGAAACCCCATCTGTACAAAAAATACAAAAATTAGCTGGGCATGAGGGCATTTGCCTGTGGTCCTAGCTACT"
"GL873521","10449464","10449583","chrX","134402652","134402771","17","123953188","GGCCAGAGGTGGTAGTTCATGCCTATAATCCCAGCAATTTGGGAGGCTGAGGGGGGAGGATAGCTTGAGGCCAGGAGTTTGACCCCTGCCTAGGCAACATAGTGAGACCCTATCTCTACT","GGCCAGATGTAGTGGCTCATGCCTGTAATCCCAGCACTTTGGGAGGCTGAGGTGGGAGGATCACTTGAGCCCAGGAGTTTGAGACCAGCCTGGGCAACATAGCAAGACCCTGTCTCTACT"
"GL873521","10449618","10449745","chr1","23164480","23164594","46","12714862","CCAACCATAATCGAGCACCTACAGTTCTAGCTACTCCGCAATCTCAGGCAGGGGAAGATTGCTTGAGTCTAGGAGTTCAGGGTAAGCTACTGCCCTTCAGCCTGGGAAACAGAGGAAGACCTTGTCTC","GGCCAGGCACAGTGGTGCCTACCTACAATCCCAGCACTTTGGAAGGCTGAGGCAGGAGGATCGTTTGAGGCCAGGAGTTCAAGATCAGCCTGGGTAACATATCAAGACCTGTCTC"
"GL873521","10796827","10797050","chr7","39187608","39187844","67","28390781","ACTCTGGGAGGCCAAGACAGGTGGATTGCTTAAGCTCAGGAGTTGGAGACCAGCCTAAGCAAGAGTGAGACCTCGTCTCTAAAAATATCTGGGCATTGGTTGGGCACCTGTAGTCCCAGCTACTCAGGAGGCTGAGGCAATAGGATTGCTTGAGCCTAAGGATTCCTGTGAGCTATGATCCCACAGCACTTTACCAAAGGTGACAAAGTGAGACTCTATCTCAA","CACTTTGGGAAGCCAAGGCAGGAGGATTGCTTGAGTGAAGGAGTTCAAGACCAACCTGGGCAAGATTGGGAGAAAAAAATTAAAAATTAGCTGGGCATGGTGGTGCATGCCTGTAGTCTCAGCCACTGGGAAGGCTGAGGCAGGAGGATCGCTTGAGCCTGAGAGATTGAGGCTGCAGTGAGCCTTGATTGTGCCACTGCACTCCAGCTTGGGCAACAGAGTGAGACCCTGTCTCAA"
"GL873521","10797081","10797110","chr4","40399247","40399277","7","29602166","CTGGGTGCAGTGGCTCATAGTTGTAATCCT","GGCTGGGTGCAGTGGCTCACATCTATAATCC"
"GL873521","11204849","11204966","chr7","73480490","73480609","28","62275641","GGCCAGGCATAGTGGCCTCCAAAAATCTTAGGACTTTGGGAGGTAGAGGTAGGAGAACTACTTGAGCCAAGGAATTCAATACTAGCCTGACCACAATAATGAGACCCTACCTCTACCA","GGCCAGGCACAGTGGCTCATGCCTATAATCTCAGTGCTTTGGGAAACTGAGGCAGGAGGATCACTTGAGCCCAGGAGTTCAAGACCAGCCTGGACAGCATAATGAGACTCCACCTCTACA"
"GL873521","11205003","11205140","chrX","7019379","7019524","37","4185624","TAGCCAGGCATGGTGGCACATACCCAAGTCCCAGTTACAGAAGAAGCTGAGGGAAGGGTATCAGGCCCAGAAGTTCAAGGTTGCCATGAGAGATGATCACACCACTGCAGTTCAGCCTGGGCAGCAGAGAGACCCTAT","TAGCCAGGCATGGTGGCACATGCCTGTAGTCCCAGCTACTCAGAAGGCTGAGGTCGGAGGATCTCTTGAGCCCTGGGGTGCAAGGCTGCAGTGAACCATGATCACACCAGTGCACTGCAGCCTGGGCAACACAGCAAAACCCTGTC"
"GL873521","11332611","11332889","chr9","110082691","110082973","78","98750080","GACGGGGAGCCATGGCTTGAGACTGTAATCCTAGTACTCTAGGAGGCCAAGGTGAGTGGATTACTTAAGCTCAGGAGTTAAAGTCCAGGCTGAGCAAGAGTGAGACCCTGTCTCTCCCCCAGATAGGAAAACTAGCCGGACATTGTAGTAGGCACCTGTAGTCCCAGCTTCTGAGGAGGCTGAGGCAAGAGGATTGCCTGAGCCCAACAGTTTGAGGTTGCTGTGAGCTAAAATGCCATGGAACTCTACCCATGGTGATGGAGTAGGATTCTGTCTCAA","GACTGGGCATGGTGGCTCCCAAAGTGTAATCCCAGCACTTTGGGAGGCCAAGGTAGGTGGATTGCTTGAGCCCAGGAGTTTGAGACCAGCCTGGGCAACATGGTAAAACCCTGTCTCTACAAAGAATACAAAAATTAGCTGGGCATGGTTGCATGCACTTGTGGTCCCAGCTACTCAGGAGGCTGAGGTGGGAGGGTCACTTGAGCCCAGGAGATTGAGGCTGCAGTGAGCTGAGATCGTGCCACTGCACTCTAACCTGGGTAATGGAGTGAGACCCTGTCTC"
"GL873521","11332916","11332939","chr22","30701628","30701648","4","19368712","ATAAAACTAAAAAGTAAGAAAAAA","AAAAACTAAAAAGAAAAAGAA"
"GL873521","11407564","11407699","chr17","81073514","81073640","45","69665950","AAAAACTAATGGCTGGGCATAGTATGTGTAGGTAGACTAGGCTACTTAGGAGGTCAAGGCAGAAGAATCACTTGAGCTCATGAATTTGAGGCTAGCATGGGCAATGATACCTCAGGTCTCAATAAAATATAAAAAA","GCCAAGCACAATGGCTCATGCTGGTAATTCTAGTACTTTAGGAGGCCAAGGCAGTAGGATCACTTGAGGCCAGGAGTTTGAGACCAGCGTGGGCCACACAGAGACCCTCCCTGTATAAAAAAAAAAA"
"GL873521","11442747","11442764","chr1","62222108","62222122","3","50779361","CCCATAAAATAAAATAAA","ATAAAATAAAATAAA"
"GL873521","11442802","11443056","chr17","73117863","73118118","82","61675061","GGCTGGGCGTGGTGTTTCATGCATGTAATCCTAATACTTTCAGAGGCTGAGGTGGATGCACTGCCTGAGCTCAGGATTTTAAAGCCAGCCTGAGGAAGAGCAAGACCCCATCTCTAAAAAATAGCTGGGCATTGTGGTGGGTGCTTGTAGTCCCCATTGTGGTGGGTGCTTGTAGGTAGCTCACGAGTTTGAGGATGCTGTGAGCTATGATGCACCACACTTCTTTCTACCCAGGGAGACAAAGCAAGACTCTGT","GGCCGGGCGTGGTGACTCATGCCTGTAATCCCAGCACTTTGGGAGGCCGAGGCGGGTGGATCACCTGAGCTCAGGAGTTCAAGATCACCTTGGGCAATGTAGTGAGACCTCACCTCTACAAAAATGAGCCAGGCATGGTAGTGCATGCTTGTAGTCCTGACTGAGGCAGGAGGATGATGAGCCCAGGAGGCAGAGGCTACAGTGAGCCATGATCGCTCCATCGCACTCTAGCCTGGGTGATGTGACACCCTGTCTC"
"GL873521","11751009","11751243","chr8","26546785","26547018","61","14795776","CAAGACCAGCCTGAGCAAAGCTAAACCCTGTCTCTACTAAAAATAAAAGGATTAGCTAGGTATGGTGGCATATGCCTGTAGTCCCAACTGCTCAGGAGTCTCAGGCAAGAGGATTGCTTGAGCCCATGAGTTAGAGGTTGCTGTGAGCTTTGATGTCATGGCACTCTATCCAGGGCAACTGAGTGAGACTGTCTCAAAATAAATAAATAAATAAATAAGAAAGAAAGAAAGAAAA","CAAAATCAGCCTGGGTCACATGGTAAAACCCCATCTCTACAAAAAATACAAAAATTAGCCAGGTATGGTGGCTTACACCTGTACTTCCCAGCTACTTGGGGGGCTGAGGCGGGAGGATCGCTTGAGCCCAGGAGGTAGAGGTTGCAGTGAGCTGAGATCGCACCACTGCACTCCAGCCTGGGTGACGGAGTGAAACCCTGTCTTAAAAAAAAAAAAAAAAAAAAAAAAAAAGAA"
"GL873521","12019379","12019705","chr16","68023292","68023602","103","56003913","GCTCACACCGATAATCCTAGCTCTGGGAGGCTGAGGGGGCAGGATCTCTTGAGCTCAGGAGTTTGAGACCAGACAGAGCAAGAGTGAGACCTTGTCTGTACTAAAAATTAACCAGGTGTGGTGGAAGGTGCCATCGTCTCAGCTACTCTGGAGGCTGAGGCAGGAGGATCCCTTGAACCCAGGAGGTTGAGGTTGCTGTGAGCCAGGCTAATGCCAAGATCTGGGGCATCAGAGTAAAACTGAGGTTGCTGTGAGCCAGGCTGATTCTAGCCTGGGCAACAGAGTAAGACTCTGTCTCAAAAACAAACAAACAAAAAACAAAAAAAA","CGGTGGCTCACACCTGTAATCCCAGCACTTTGGGAGGCTGAGGTGGGAGGATCACTTGAGCTCAGAAGTTTGAGATCAGCCTGGGCAACATGGCAAAACCTATCTCTAGAAAAAATACAAAAACTAGCCAGAGTGGCACGTGCCTGTTGTCCTAGCTACCCAGGAGGCTGAGGTAGGAGGATCACTTGAACCTGGGGGCAGAGATTGCAGTGAGCCATGATTGTGCCACTGCACTCCAGTCTGGGCAACTCCAGCCTGGGCAACAGAATGAGACTCTGTCTCAAAAATAAAAAAGAAAAGAAAAGGAAAAA"
"GL873521","12059316","12059592","chr5","143468399","143468692","69","131409083","GGCTAGGTGCAGTGGCTCATGCCTGTAATCCCAGCACTCTGGGAGGCTCAGGCAGGTGGATTACTTGAGCTCAGGAGTTGGAGACTAGCCTGAGAAAGAGTGAAACCCATCTCTACTAAAAATAGAAAAACTAACCAGGTGTGTGGTGGTCCCCTATAGTCCCAAATACTGGGGAGACAAGAGAATTGTTTGAGCCCAAGAGACTGAGGTTAGCTGTGATGACTCCATAGCACTCTACCCAAAGTGACAGAGTGAGATTCTGTCTCAAAAAAGGAAA","GGCCAGGCACAGTGGCTCATGCCTGTAATTCTAGCACTTTGGGAGGTCAAGGCAGGCAGATCACTTGAGCTCAGGAGTTCGAGACCGGCCTGGGCAACAGGGTGAAACCCCATCTCTACAAAAAAATACAAAAACTAGCCAGGTGTGGTGAAGTGTGCCTGCAGTCCCAGCTACTCAGGAGGCTGAGGCAGGAGAATTGCTTGAGCCTGGAGGCTGAGGTTGCAGTAAGTCAAGATCATGCCATTGCACTCCAGCCTGGGTGACAGGAGTGAAACCCTGTCTCAAAACAAAGAA"
"GL873521","12087639","12087865","chr4","25649068","25649301","60","13561429","GGCTGGGCTAGGTATACCATGCCTGTAATCCTAGCATCCTTAGAGGCAGAAGCAGGATTCCTTTAGCTCAGGAGATTAAGACCAGCCTGAGCAAGGGTGACACCCCATTTCCATCAAAAATAGAAAAACTAGCTGGGCATAGTGGTGGGCATCTGTAGTCCTAGCTACTCGGGAGGCTGAGGCAAGAGGATCCTTGGAGCCCAGGAGTTTGGGGTTGCTATAAGCCG","GGCCGGGCATGGTAGCTCACGCCTGTAATACCAGCACTTTGGGAGGCTGAGGCGGGCTGATCACTTGAGTCCAGGAGATAGAGACCAGCCTGGGCAACATGGCAAAATCCCATCTCTATAAAAAAAACACAAAAATTAGCTGGGCATGGTGGTGTGCACCTATAGTCCCAGCTACTTGGGAGGCTGAGGCAGGAGAATCTCCTGAGCCCAGGAGGTGGAGGCTGCAGTGAGTCG"
"GL873521","12170072","12170342","chr3","111501569","111501837","73","99331497","GCCAGATGCAGTAGCTTACAGCTATAATCCCAGTACTTTGGAAGGTCAAGGCAAGAGGATTGGTTGAGACCAGGAGTTGAAGACCAGACTGGACAATGTAGTAAAACCCTATCCCTACAAAAAATAGAAAAAATTAGCTGGGTGTCATAGCTCTTGCTTATAGTCCCAGCTACCTGAGAGGCTGAGGGAAGAGGATCACTTGAACCCCTGAGATTGATACCATGGTACTCCACCTTGGGTGACAAAGTGAGACCCTTTCTCAAAAACAAAA","GGCTGGGTGTGATGGCTCACATCTATAATCCCAGCACTTTGGGAGGCCAAGGCAGGTGGACTGTCTGAGACCAGGAGTTTGAGACCAGCCTGGGCAACATGGTGAAACCCTGTCTTGACAAAAAAAATAAAAAATTAGCTGGGAGTGGTGGTGTGCACCTGTAGTCCCAGCTATGCGGGAGGCTGAGATGGGAGGATCGCTTGAGCCCGGCAGGCAGAGGTTCACTCCAGCCTGGGCGACAGAGTGAGACCCTGTCTTAAAAACGAAAA"
"GL873521","12688417","12688615","chr16","83498862","83499063","66","70810445","AAATCAGCCTGAGCAAAAGCAAGATCCAGTCTCTACAAAAAACTAGAAAAATTAGCCAGGCATGGTGATACACTCAGGAGAATGAAACAAGAGGATCACTTGAGCCCCGGGGTTTGATGTTGCACAGTGAGCTATGGCGATGCTGCTGCTCGGATAACAACGCGAGATGAGACCCCGTCTCAAAAACAAACAACAAAAA","ACTAGCCTGGGCAACACAGCAAAACCCCATCGCTACAAAAAATACAAATATTAGCCAGGTGTGATGGTGCATGCCTAGGGAGGCTGAGGTGGGAGGATCACTTGAGTCCAGGGAGGCTGAGGCTGCAGTGAGCTGAGATTATGCCACTGCACTCCAGCCTGAGTGACAGAGTGAGAACCTGTCTCAAGAAAATTAAAAAAAA"
"GL873521","12689719","12689822","chr7","26479088","26479188","21","13789369","GCTGAGTACAGTAGCTCACTTCTTTCATCTCAGCACTATGAGAGGCTGAGTCAGGAGGATCACTTGAGGCCAGGATTTTGAGACAAGCCTGGGGAACATAGTGA","GCTGGGTGCTGTGGCTCACATGTATAATCACAGCACTTTGGGAGGCTGAGGCAGGAGGATCACCTGAGGCCAGGATTTCAAGACCAGCCTGGGCGAAATGG"
"GL873521","12747705","12747831","chrX","118392849","118392966","30","105645144","GCCAAGCATGGTAGCACAAGCTTTGTAGGCCCAATTACTTGGGAGGCTAAGATGGGAGGATCACTTGAGCCCAGGAGTTTGAGGCCAGCCTGAGAAACACTCCAAGACCCTCTTTATTTAAAATATA","GCCAAGCATGGTGGCTCATGCCTGTAATCCCAGTACTTTGGGAGGCTGAGATGGGAGGATAGCTTGAGCCCAGGAGTTTGAGACCAGCCTGGTAACACAGTGAGACCTCATCTCTACA"
"GL873521","12758304","12758462","chr7","65488595","65488751","43","52730291","ACTTAGCTGAATATAGTAGCACAAGCCTGTATTTCCAGCTACTCAGGAGGCTGAGGCAGGAGGATCACTTGGGCTTACAAGTTGGAGGTTGTGGTAAGCTATGATGATGCCACTGCCCTCTGCCCCAGGCAAATGTGATGCCTTGTCTCAACAACAAAA","TTAACTGGGTATAATGACACATGCCTGTAGTCCCAGCTACTAGAAAGGCTGAGGTAGGAGGATTGCTTGAGCCTGAGAGGTTGAGGATGCAGTGAACCATGATCAGGCCACTGCACTCAGCCTAGGCAACACAGTGAGACCCTGTCTCAAGAAAAAA"
"GL873521","12758495","12758600","chr16","15961202","15961315","30","3202707","GTGGCTGGTGCATATAATCCTACCACTTTGGAAGGAGGAGGGAGAATCATTGAAACCAGGAGTTCAAGAACAGCCCAGGCAGGCTATAGTGAAATCTCATCTCTAC","GTGGCTGGGCATGCCTGTAATCCTAGCACTTTGAGAGGCTGCAGCGGAAGGATCGCTTGAGCCCAGGAGTTCAAGAACAGCCTAGGCAACATAGCAAGATCCCTGTCTCTACAA"
"GL873521","12822938","12822952","chr1","210017045","210017059","2","197194107","TAAAACAAAAGAAAA","TAATAAAAAAGAAAA"
"GL873521","12822989","12823283","chr7","75828649","75828941","71","63005660","GGCCAGGCAAGGTGGCTAACTGCTGTAATCTTAGCACTCTAGGAGGCTGAGGCAAGAGAATTCCTTGAGGTCAGGAGTCAGAGACCAGCCTGAGCAAAAATGACACTCCACCTCTATGAAAAATAGAAAACAAAAATTAGCCAGGTGTGATGGCCCATTTCTGTAGTCCCAGCTACTGGGGAGGCTGAGGCAGGAGGATAGCTTGAGCCCAGGAGCTTGAGGTTGCGGTAGCTAGGCAGATGGCTCAGCACTCTTTCTAGCCTGGGCAACAGAGCAACATTCTATCTCAAAAAAT","GGCTAGGCATGGTGGCTCATGCATGTAATCCCAGCACTTTGGGAGGCTGAGGCGGACGGATCACTTGAGGTCAGGAGTTCGAGACCAGCCTGGTCAACATGGTGAAACCCCATCTCTACTAAAAATATAAAAATTAGCCAGGTGTGGTGGCGCATGCCTGTAGTCCCAGCTACTTGGGAGACTGAGGTGGGAGGATCCCTTGAGCCTGGGAGGTTGAGGCTGCAGTGAGCTGTGATGGCACCACTGCACTCCAGCCTGGGCAATAGAGCAAGACCCTGTCTCATAGGAAAAAA"
"GL873521","13041237","13041319","chr5","49472177","49472254","12","36430940","GGCCAGTCATGGTGGCTCATGCCTATAATCCTAGCACTCTGGGAGGCTGAAGCAGGAGGATCACTTGAGCTCAGGAGTTTGAG","GGCCTGGCATGGTGGCTCATGCCTGTAATCCAGCATTTTGGGAGGCTGAGGCAGGAAGATCACTTGAGCTCAGGATTT"
"GL873521","13102109","13102207","chr16","30194624","30194720","25","17092515","TGAGCCCAGGAGTTTGAGGTTGTTGTGAGCTGAGCAGACCACACAGCATTCTAGCTTGGGCAACAGAGTGACATTGTGCTTCAAAAAAAGAAAAAAAAA","TGAGCCCAGGAGTTTGAGACTACAGTGAGCTATGATTACACCACTCCTCTCCAGCATGGGCAACAGAGTGAGACACTATCTCAAAAAAAAAAAAAAA"
"GL873521","13102475","13102686","chr2B","236887995","236888203","46","223785520","GGCCAAGTGTGGTGGCTCATGCTTGTAATCCTAGCACTCTGGGTGGCTGAGGCAGGGGGATCACTTGAGCTCAGGAGTTCAAGACCAGCTTGAGCAAGAGTGAGAACCCATTTCTACTCAAAATAGAAAAAAATTAGACAGGCACTGTGGTGAGTGCCTGTAGTATGAGCTACTTTGGAGGCTGAGATAGGAAGATCACTTGAGCCCAGGAG","GGCTAGGCGCAGTGGCTGAAGCCTGTAATCCTAGCACTTTGGGAGGCCGAGGTGGGCGATCACTTTGGCTCAGGAGTTCGAGACCAGCCTGGGCAATATGGCAAAACCCCATCTCTACACAAAATACAAAAATTACTCAGATGTGGTGGTGAGTGCCTGTAGTCCCAGCTACTTTGGACGCTGAGGTGGGAAGATCACCTGAGCCCAGG"
"GL873521","13327200","13327291","chr3","43397692","43397785","20","30070492","CTATCACTTTAGGAGGTGAGGTGGGAGGATCACTTGAGGCAAGGAGTTCAAGAGCAACCTAGGCAACATAGGAACCCCTCTGTCTCTCCAAA","CCCAGCACTTTGGGAGGCTGAGGTGGGCAGATCTCTCGAGCCCAGGAGTTCAAGACCAGCCTGGGCAACATGGTGAAACCCCGTCTCTACCAAA"
"GL873521","13327700","13327732","chr1","70851001","70851033","8","57523301","GCTGGATATGGAGTCTCACACCTGTAATTCTAT","GCTGGGCATGGTGGCTCATCCCTGTAATTCCCT"
"GL873521","13722076","13722356","chr17","55905881","55906166","74","42183805","GTCTGGCGTGGTGGCTCAAGCCTATAATCCTAGTACTCTGGGAGTCCAAAGTGGGTGGATTGCTTGAGCTCAGTAGTCTGAGACCAGCCTGAGTAAGACCCAGACATCGTATCTACTAAAAATAGAATAAACTACCTGGGCATTGTAGCGGGTGCCTACAGTCCCAGCTACGTGGGAGGTTGAGGCAAGAGGATCACCTGAACCTAGAGAATGAGGTTGCTGTGAGCTATGATGAGGTCAAGGCACTCTACCCAGAGTAACAGAGTGAAATTCTATCTCAA","GGTCAGGCATGGTGGCTCAGGCCTGTAATCCCAGCACTTTGGGAGGCCAAGGTGGGCAGATTGCTTGAGCCCAGGAGTTTGAGATCAGCTTGGGCAACATAGTGAAAACTCATCTCTACAAAAAATTAAAAAAATTAGCTGGGCATTGTGGCACGTAACTGCAGTCCCAGCTACTTGAGAGGCTGAGGTGAGAGGATCACCTGAGGCCGGGAAGTCGAGGCTGCAGTGAGCTGTGATTGGGCCACTGCACTCCATCCTGGGCGACAGAATAAGACCCTGTCTCAAA"
"GL873521","13722635","13722652","chr6","90847853","90847870","1","77125218","AAAAAAAAAAAAAAAAAA","CAAAAAAAAAAAAAAAAA"
"GL873521","13789517","13789832","chr12","121838917","121839229","75","108049400","GCTGGGTGTGGTGGCTCATATCTGTAATGATAGCACTCTGGGAGGTCAAAGCAGGGAGATTACTTGAGCTCAGGAGTTAGAGAGCATCCTGAGAAAGAGTGAGATCCCTATCTATACTAAAAACAGAAAAACTAGCCAGTTGTAGTGGCAGGCACCTGTAGTCCCAGCTACTTTGGGAGTCTGAGACAAGAGGATCTCATAAGCCCAAGAGTTTGAGGTTGCTGTGAGCTGCGATGCCACAGCACTCTACCTGGGGTGACAGAATGAGACTTTGTCTCAAAAAAATAAAAAATAAAATAAAATAAAATTTAAAAAA","GGCTGGGTGTGGTGGCTCATGCCTGTAATCCCAGCACTTTGGGAGGCCAAGTCAGGAGGATTATTTGAGCCTGGGAGTTTGAGACCAGCCTGTGCAACATGGTGAGACCTCATCTCTACAAAACATAAAAAATTAGCCAGGCATGGTGGCATGTGCCTGTAGTCCCAGCTACTTGGGAGGCTGAGGCAGGAGGATCAGTCGAGCCCAGAAGATTGAGGCTACAGTGAACTGTGTTCATGCCACTGCACTCCAGCCTGGGTGACAGAGTGAGACCTTGTCTCCAAAAAAATCAAATAAATAAAAAAATAAAAAA"
"GL873521","13902129","13902272","chr17","73619699","73619842","30","59717570","GGCCAGGCATAGTGGCTCGCACCTATAATCCAGTACTATGGGAGACCAAGGCTGGAGGATCAATTGAAGCCAAGAGTTAAAGACCAACCTGGGCAACATAGAAACACTTCACCTATATAAAAAAAAAAAAAAAGAAAGAAAAAA","GGCCAGGTATGGTGGCTCACACCTGTAATTTCAGCACTTTAGGAGGCTGAGGCAGGAAGATCACTTGAGGCCAGGAGTTCAAGACCAGCCTGGGCAACATGGCAAGGCTTCATTTCCACAAAAAAAAAAAAAAAAAAAAAAAAA"
"GL873521","13902315","13902339","chr7","66627085","66627108","7","52724770","AAAAATTAACCCAGCATGGTGGCGC","AAAAAATTAGCCAGGCATGGTGAC"
"GL873521","13902374","13902499","chr7","68063538","68063660","30","54161164","AGTCCCAGCTACCATAGAGGTTGAGCCAGGAGGATCACTGAAGCCCAGAGCCCAGAAGTTTGAGGTTGCAGTAAGCTATGATCATGCCACTGTACTCTAGTCTAGGTGACAGAAGGAGACCCTGTC","GTAGTCCCAGCTACAAGGGAGGCTGAGGCAGGAGGATGGCTTGAGCCTGGGAAGTTGAGGCTGCAGTAAGCTATGATCATGCCACTGCACTCCAGCCTGGGTGACAGAGTGAGATTCTGCCTC"
"GL873521","14127800","14127881","chr3","123515043","123515137","26","109387243","GGCTAGATATGGTGGCTCATGCCTATCTGGAAAGCTGAGGCAGGAGGATTGCAAGAGGCCAGAAGTTTAATACCAGGCTAAG","GGCCAGGTATGGTGGCTCATGCCTATACTCCCAGCCTTTTGGGAGGCTGAGACAGGAGGACTGCTTGAGGCCAGGAGTTTAAGACCAGCCTGACT"
"GL873521","14128162","14128352","chr4","26023510","26023691","57","11895348","GGGCTGAGAATGAGATCCCATCTTTACAAAAAATTACCCAGGTATAGTGGCATCATCCTAGCTACTTGGGAGGCTGGGGCAGGAGGATTTCTTGGGCCCAGGAGTGTGAGGCTACGCTGAGCTATGATACCACTGCACTTTAGCCTGGATGATACAGCAAGATTTTACCTCAAAAAAAAAAAAAAAAAAAA","GGGTGGGAAAAAATTATCTGGAAATGGTGGCATATGCCAGTGGTCCTAGCTACTTGGGAGACTGAGGCTGGAGGATCACCTGAGCCCAGGAGTTAGAGGCTGCGGTGAATCGTGATCATGCCACTGCACTCTAGGCTGGGCAATAGAGCAAGACCCTATCTCGAAAAAAAAACAACAAAAAA"
"GL873521","14184019","14184216","chr17","61651681","61651883","50","47467662","GGCTGGGCATGGTGGCTCATGCCTGTAACCCTAGCACTCTGTGAGGCCAAGGCAAGTGGATCACCTGAGCTCAGGAGTTTGAGAACAGCCTGAGCAAGAGTGAGACTCCATCTCTAAAAATAGTTGGGCATTTGTGGTGAATGCCTATAGTCTCAGCTACTCAGCTACTTAGGAGGCTGAGGCAAGAGGATTGCTTGA","GGCTGGGTGCAGTGGCTCACGCCTGTAATCCTGGCACCTTGGGAGGCCAAGGTGGGAGGATCACTTGAGCCCAGGAGTTTGAGATCAGCCTGAACAACGTGGTGAAACTCCATCTCTACAAAAAATACAAAAATTAGCTGGGCTTAATGGCATATGCCTGTGGTCCCAGCTACTGAGGAGGCTGAGGTGGGAGGATTGATTGA"
"GL873521","14185943","14186062","chr8","25834967","25835086","23","11649024","GGCAGGGTGCAGTGGCTCACACCTATAATCCCAGCACTCTGGGAAGCTGAGGTGGGAGGATTGCTTTGAGATCAGGAGTTTGAAACTAGCTTGAGCAAAGCAAGACCCATCTCTACTAAA","GGCCAGGTGCAGTGGCTCATGTCTGTAATCCCAGCACTTTGGGAGGCTGAGGTGGGAGGTTTGCTTGAGCCCAGGAGTTTGAGACCAGCCTGGGCAACATAGCAAGACCCTGTCTCTATA"
"GL873521","14186086","14186221","chr14","74199793","74199926","31","60013707","AATTAGAGAGGTGTGATGCCACACACTGTAGTCTCATCTACTTTGGAGGCTGAGGCACAAGGATTACTTGAGCCCAGGAGCATGAGGTTGCTGTGAGCGAGGCTGAGGCCACAGCACTCTAGCCTGGGCAACAGAG","TTAGCCAGGTATGGTGGTGCACACCTGTAGTCCCAGCTACTTGGGAGACTGAGGCAGGAGGATTGCTTGATCCCAGGAGTTGAGGCTGCTAAGAGCTATGATCATGTCACTGCACTCCAGCCTGGGCAACAGAG"
"GL873521","14534133","14534413","chr5","43470606","43470891","71","28936473","GGTAGCTCATGTCTATAACCCTGACACTCTGGGAGGCTAAGGGAGAAACATCCCTTGAGCTCAGGAGTTCAAGACCAGTCTAAGCCAAAAGGGAGATCCATCTTTACCAAAACAGAAAAATTAGCTGGGCATGGTGATGTGTGCCTGTAGTACCAGCTGCTTGGGAGGCTAAGGAAGGAGGATTGTTTGAGCCTAGGAGTTTAAGGTTGCTAAGAGCTAGACTGAGGCCATGGCACAGTAGCCCAGGCAATAGAATGAAACTCTGTCTCAAAAAAAAAAAA","GTGGCTCTTGCCTATAATCCCAGCACTTTGGGAGGCTGAGGAGGGCAGATTGCTTGAGCCCAGGAGTTCAAGACCAGCCTGGGCAACATGGGAAAACCTCGTCTCTACAAAAAACACAAAAATTAGCTGGGCATGGTGGCATGTACCTGTAGTCCTAGCTACTTGGGAGGCTGAGGCAGGAGGACTGCTTGAGCCTCTGGAGGCGGAGGTTGCAGTGAGCTGAGACCGCGCCACTGCACTCCAGCCTGGGTGATAGAACAAGACCCTGTCTCAAAAAAAAAAAAAA"
"GL873521","14534507","14534523","chrX","153619065","153619080","3","139084558","CCCAAAATAAAATAAAA","ACATAATAAAATAAAA"
"GL873521","14646173","14646307","chr1","9156973","9157091","40","5489200","GGATGTAGTAGCTCACACCTGTAATCCCAGCATCATGGGAGGATCACTTGAGGCCAGGAGTTTGAGACTGGCTTGGGCAATATGGTGAGGCCCCATTCTTACAAAATAGGAAAAGAATTAATTGGATATGGTGGC","GGCTGGGTGAGGTGGCCTCACGCCTGTAATCCCAGCACTTTGGGAGGCCAAGGCAGGAGTTTGAGACCAGCCTGGGCAATACAGTGAGACCCCATCTCCAAAAAAAAAATTAGTGGGGC"
"GL873521","14703100","14703421","chr17","68155983","68156305","73","53452883","GGCTGGGCACAGTGGCTCATACCTGTAATCCTAGCACTTTGGGAGGCCAGGAAGGGAAGATAGCTTGAGGCCAGGAGTTTGAGACCAGGATGAGCGAGGTAGCGAGACCCCCCATCTCTATCAAAAATTAAAAAAAAAAAAAAATTAGCTGGGTATAGTGGTGAGGGCCTATCATCCTAGCTACTTAGGAGTAAGACAGGAGGATCACTTGAGCCTAGGAGGTAAGGTTGCAGTGAACTATGATGATGACCCTGCACTCTTGCCTTAGCAAGATGGTGAGACCCTGTCTCAAAACAAACAAACAAACAAACAAACATAAAAA","GGCTGGGCACCGTGGCTGACATCTGTAATCCCAGCACTTTGGGAGGCCAAGGCGGGTGGATCACTTGAGCCCAGGAGCTCGAGACCAGCCTGACCAACATGGCAAAACCCCATCTCTACCAAAAAAAAAAAAAAAATACAAAAAGTTAGCTGGGCATGGTGGAGAGGGCCTGTAGTCCCAACTACTCAGGAGGCTGAGGTGAGAGGATCACCTGAGCCACAGGAGGTCGAGGCTGCAGTGAGCCATGATCACACCATTGCACTCCAGCCTGAGAGAAAGTGAGACCCTGTCTCAAAAAAACAAACAAACAAAAACAGCAAAAA"
"GL873521","14778613","14778888","chr15","42746072","42746354","63","27967459","GGCCCAGCACAGTGGCTCACACCTATAATCCTCGCATTCTAGGAGACTGAGGTGGGAGGATCACTTGAGCTCAGGAATTTGAGATCAGCTTGAGCAATAAGGTGACCCCATCTCTACTAAAAATAGACTAATTAGCCAGGCATTGTGGTGGGCACCTGTGGTCCCAGCTAGTTGAGAGGCTCATGTTGGATTCCTTGAACCCAGGAATTTGAGGCTGCTGTGAGCTGGGCTGATGCCACAGTATTCTAGCCTGGGCAACAGAGTATGACTCTGTCT","GGCCAGGTACAGTGGCTCACACCTGTAATCCCAGCACTTTGGGAGGCCAAGGCAGGAGGATCACTTGAGCCTAGGAATTCAAGACCAGTCAGGGCAATATGGTGAAACTCCATCTCTACAAAAAATACAAAAATCAGCCAGGTGTGGTGGTGTGCGCCTGTGGTCCCAGCTACTTGGGAGGCTGAGATGGAAGGATCACTTGAGCCCAGGAAATGGAGGCTGCAGTGAGCTAAGGCTGTGCCACTGCACTCCAGCCTGGGCAACAGAGTGAGACCCTGTCTCA"
"GL873521","14884261","14884393","chr13","24405237","24405373","27","9520976","GGCTAGGTGTGGTGGCTCATGCCCATAATTCCAGCATTCTGGGAGGCCAATGTGGGAGGATCCCTGGAGGTCAGGAGTTTGAGACCACCCTGAGCAAAGCGAGACCCCATCTTCACTAAAAATAGAAAAATTA","GGCTGGGCATGGAGGCTCATGCCTATAATCCCAGCACTTTGGGAGGCTGAGGTGGGAGGATCGCTTGAGTTCATGAGTTCAAGACCAGCCTGAGCAACACAGTGAGACCTCATCTCTACTAAAAATCAAAAAAATTA"
"GL873521","14884660","14884815","chr1","141772547","141772702","39","126887887","TTAGTTGAATGTGGTGGTGTACACCTGTAGTCCCAGCTACTTGAAAGGCTGAAGAAAGAGGATTGCTTGAGCCCAAGTGCTTGAGGTTGTAGTGAGCTAGGCTGACGCTATGACACTCTGACCCAGGTGATAGAAGAAGACCCTGTCTCAAAAAAA","TTAGCTGGGCATGGTGGCGTGCACCTGTGGTCCCAGCTATTTGAAAGGCTGAGTTGGGAGGATCACTTGAGCCCAGATGGTTGAGGCTGCAGTGAGCCATGATGGCACCACTGCACTTTAGCCTTGGTGACAGAGCAAGGCCCTGTCTGAAAAAAA"
"GL873521","15677856","15678124","chr7","99887814","99888086","73","84209958","TGGCTCATGCCTGTCAACAAAGTACTTTGGTAGATTGAGAAAGGAGGATCTCGTGGACTCAGGAGTTTGAGACCAGCCTGGACGACATGGTAAAAAAACATCTTTAAAAAATTAGCCTAGCATAGTGGTGCACATTGATAATTTCAGCTATTTCGCAGGCTGAAGTGGGAGAACCACTTGTGTTTGGAAGCTCGAGGCTGCAGTGAGCTATGATCTCACACTACACTCCAGCCTGGGTAATATGGTGAGGTCCTGCCTCAAAAACAAAA","GGCTTACACCTGTAATCCCAGTGCTTTGGGAGGCTGAGGCAGGCAGATCACTTGAGCCCTGGAGTTCAAGACCAGCCTGGGCAACATGGTGAAACCCCATCTCTACAAAAAATTAGCCAGGCATGGTGGCTTGCACCTGTAGTCCCAGCTACTCAGGAGGCTGAGGTAGGAGGATTTCATGAGCCTGGAAGGTTGAGGCTGCAGTGAGCTATGATCACACCACTGCACTCCAGTCTGGGTGATAAAGTGAGACCCTGTCTCAAAAAAAAAAAA"
"GL873521","15875728","15875811","chr8","5975319","5975398","26","9900409","CAGTGAGCCGTGGTCTCCCTGTGCATTCCAATGTGAGTGACAGAGAGACCTCCCTCACACTCCCAAAAAAGAAAAAACAAGAAA","GCAGTGAGCCTTGATCGTGCTATTGCACTCTAGCCTTGGTGACAGAGAGAGACCCTATCTCAAAAAAAAAAAAAAAAAAA"
"GL873521","16170363","16170540","chr3","50079465","50079644","47","33909102","AAAAAAAAAAAAAATTACCCAGGTAAGGTGGTAAGGACCTGCAGTCCTAGCTATCTGGGATACGAGGTAGGAGGAGCACTTTGGCCCAGGAATTCCAGGCTATGGTGAACTATGATTACAACTGCACTCTAGCCTGGGCAAAAGAGTAAGAGACTGTCACAAAACACAACAAAACAAA","ACAAAAAGAAAAAACAATTAGCAAGGCCTGGTGGTACACACTTGTAGTCCCAGCTATTTGGGAGGCTGAGGTGGGAGGATCACTTGAGCCCAGGAGTTCAAGGTTACAGTGAGCTATGATCATGCCACTGCACACTAGCCTGGGCATCAGAGAGAGTTCCTGTCTCTAAGAAAAAAAAAA"
"GL873521","16172240","16172374","chr1","29329421","29329551","29","13157181","GGCTGCATGCAGTGCCTCATGTTTGTAATCCCAGCACTTTGGGAGCCAGTGGAGGAGAGGATCACTTGAAGCCAGGAATTTAAGACGGACCTAGCCAACATAATGAGAACTCCTCTATACAAAAAATAATAAAAT","GGCTGGATGCACTGGCTCCTGTCTGTAATCCCAGCACTTTGGGAGGCTGAAACAGGAGGATCCCTTGAAGCCAGGAGTTTAAGATCAGCCTGAGCAACAGAGTGAAACCCTGTCTCTACAAAAAAAAAAAA"
"GL873521","16260421","16260667","chr2A","25887935","25888182","71","9627514","GGATACAGTGGCTCACACCTGTAATCTTAGCAAACACCCTGGGGTGCTAAGGCAGGAGGATCACTTGAGCTCAGGAGATCAAGACCAGCCTGAGGAAGAGTGAAACCCCATTTCTACCACACATAGAAAAATTAGCCAGGTGTCTCTCTCTAGTCCCAGCTACTTGGGAGGCTGAGACAGGAGAATTGCTTAAGCCAGGGAGTTTCAGGTTGCTGTGGCTCAGACCATGGCACTCTAGACTGAGCAA","GGCTGGGCACAGTGGCTCACACCTGTAATCCCAGCACTTTGGGAGGGTGAGGCAGGAGGATCACTTGAGCTCAGGAGTTCGCAACCAGCCTGGGCAATATGGTGAAACCGCATCTCTACAAAAAATACAAAAATTAACCGGGTGTGGTTGTGCATGCCTGTAGTCCCAGCTACTTGGCAGGCTGAGGTGGGAGGATTGCTTGAGCTCAGGAGGTCAAGGCTGCAGTGAGCCATGATTACTCCACTGCA"
"GL873521","16747501","16747629","chr7","102198592","102198722","33","85451091","GCCGGGTATGGTGGCTCACACCTGTAATCCCACCACGTGGGAGGCCAAGGCAAGCAGATTGCCTGAGCTCACAGGTTCAAGACCAGCCTGAGCCAGAGTGAGACTTTGTCTTGGAAAATACCCGGGTGT","GGCTGGGTGTGGTGGCTCACACCTGTAATCCCACCACTGTGGGAGGCTAAGGCAGGCAAATCGCTTGAGCCCAGGAGTTCGAGACCAGCCTAGGCAACGTGGTGAAACTGTCTTTAGAAAATATTAGCCAA"
"GL873521","16747905","16748071","chr1","26355033","26355200","42","9607128","AACTAGGTAGGTGTTGCAGCAGGCGCCTGTAAATCCCAGCTACTTGGGCCAAGGCAAGAGAATCAATCACTTATGCCCAGGAGTTTGAGGTTGCTGTAAGCTATGACGCCCTGGCACTCTACCAAGGGTAACAAAGTCAGATCCTGCCTCAAAAAAAAAAAAAAAAA","AACTAGCTGGGTGTGGCGGCGTGTGCCTGTAGTCCCAGCTACTTGGGAGGCTGAGGCAGGAGGATCACTTGAGCCCAGGAGTTCAAGGCTGCAGTGAGCTAAGATCATACCACTGCACTCCAGCCTGGGTAATAGAGTGAGATCCTGTCTCAAAAAAAAAAAAAAAAA"
"GL873521","16826358","16826516","chrX","96886204","96886345","57","80059846","GGCGCCCTGCCACAAGCTGTAGTCTCCCCTATTTGGGAGGGTGAGGTCGGAGGATCATGTGAGCTCGGCAGTTCAAAGTCACCGGGCACTACAACCTCACCTGGACCAGTCAGGACTGCACGCCAGCCTCCCCAGCGCAGTGAGACTCTGTTTCTAAAA","GGTGCACATCTGTAGTCTCAGTTATTTGGGAAGCTGAGGAGGGAGGATCACTTGAGCCTGGGAGGTCAAGGCGCCAGTGAGCTGTGATTGCACCACTGCACTCCAGCCTGTGCTACAGAGTGAGACTCTGTCTCAAAAAAAA"
"GL873521","16850386","16850705","chr1","224543342","224543654","83","207692956","GCCAGCTGTGGTGGCTCACACCTATAGTCCTCACACTCTGGGAGGCTGAGGAAGGCAGATTCCCTGGAGCTCAGGAGATTGAGACCAGGCTGAGCAAGAACTGAGACTCTGTCTCTACCCCAAACAGAAAAACTTCACTAGGTGTTGCGGTGGGCACCTATAGCCTGAGCTACTTGAGAGGCAGAGGCAGGATGATCACTTGAACTCAGGAGTTTGAGGTTGCTATAGCTGTGCTGATGCCATAGTACTTTAGCCTGGGCAACAGAATGAGACTCTGTCTCAAAATAAATAAATAAATTAATAAATAAAAGAGAAAGAAA","GCCAGGCAGGGTGGCTCACGCCTGTAATCCCAACACTTTGGGAGGCTGAGGCAGGCAGCTTGCTTGAACTCAGGAGTTTGAGACCAGTCTAGGCAACATGGTGAAACCCCATCTCTACAAAAAATACAAAAATTAGCCAGGCGAAGTGGCGTGCCTATAGTCTTAGCTACTTGGGAGGCTGAGGCAGGAGAACTGCTTGAACTGGGGAGGTCGAGGCTGCATGAGCCGAGATCGTGCCACTGCACTCCAGCCTGGATGACAGAGCGAGACCCTGTCTCAAAATAAATAAATGAATAAATAATAAAATAAATAA"
"GL873521","16987716","16987746","chr4","157175852","157175881","5","140188136","GAAGAAAGAAGAAAGAAGAAAGAAGAAAGAA","GAAGAAGAAGAAGAAGAAGAAGAAGAAGAA"
"GL873521","16988099","16988370","chr11","32048157","32048430","73","15060058","GGCCCAGTTCAGTGTCTCACACCTGTAATCCTAGAACTCTGGGAGGTCAAGGAAGGTGGAGTCCTTGAGCTCAGGATTTTCAGATAAGCCTGAGCAAGAGACAGATCCATATCTACTAAACATAGAAAAACTAGCCTGGCATCAGTGTAGTCCCAGCTACTCAGAAGGCTGAGGCAGGAGGATCATTTGAGCCCAAATGTTTGAGTTTGCTGTGAGCTATGATGAATGACACCAGGGCACTCTACCCAGGGCAACAGAGTGAGACTATTTCT","GGCCCACCACAGTGATTCACATCTATAATCCCAGCACTTTGGGAGGCCGAGGTGGGAGAGTAGCTTGAGCCCAGGAGTTTGAGACCAGCCTGAGCAACAGGGCGAGACCCCATCTCTACAAAAAAAATTTAAAAATTAGCCTAGCATGTGCCTGTAGTCCCAGCTACTCAGGAGGCTGAAGCAGGAGGATCACTTGAGCCCAGGAGTTGAAGGCTGCAGTAAGCTATGATCACCCCACTGAGCTCTAGCCAGGGTGACTGAGCAAGACTCTATT"
"GL873521","17153915","17154039","chr7","102370770","102370890","26","85216855","GGCTAGGCACGGTGGTGACTCCTGCTTGTAATCCCAGCACTCTGGGAGGCCTGTGGCAGGTGAATTCCTTGCGCTCAGGAGTTCAAGACTAGCCTGAGTAATAGTGAAACCTCTGTCTCTACTAA","GGCTAGGCACGGTGGCTCATGCCTGTAATCCCAGCACTTTGGGAGACTGAGGTGGGAGAATTGCTTGAAGCTGGGAGTTCAAGACCAGCCTAGGGAACATAGTGAGACCCTGTCTCTTCAA"
"GL873521","17154076","17154241","chr16","21596696","21596868","46","4442620","CTAACCAGACCTGACAGGTGGCTATACTCTCGGCTACTTGGGAGGCTGAGGCAAGAGGATCACTTGATCTCAAGAGTTTGAGGTTGCTATAAGCTATGAGGCCATGACACTCTACCGAGGGCAACAAAGTAAGAGTTTTTCTCAAAAAAAAAACCCAAAACAAAAA","ATTAGTCAGACATGGTGGCATGTGCCTATAGTCCCAGCTACTTGGGAGGCTGAGGCAAGAGAATCATTTGAGCCCAGGAGGTTGAGGCTGCAGTAAGCAGTGATCATGTCACTGCACTCCAGCCTGGGCAACAGAGCAAGACCCTGTCTCAAAAAAAAAAAAAAAAGAAAAAA"
"GL873521","18186068","18186211","chr11","18518855","18518988","40","332787","TAGTCAGGTGCAGTGGTGCATGCCTGCAGTCACAGCTACTCTACTCAGGAGGATGAAGCAGGAGGACCACTGGAGACCAGGAGTTTGAGAATGCTGTAAAATACCATTGAGTCACTGCCTGCCAGCTTCAGTAACAGAATAAGA","TTAGCCAGGTGCAGTGGCGCATGGCTGTAGTCCTGCTTACTCAGGAGGTTGAAGCAGGAGGATCACTTGGGCCCAGGAGTTTGAGGCGGCAGCGAGCCATAATCGTGCCACTGCACTCCAGCTGAGTGACAGAG"
"GL873521","18186242","18186351","chr4","101432127","101432236","31","83245885","CTTGTAATTTCAGCACTTTTGGAAACTGTAGAAGGAAGATTGTTTAAGACCAGGAGTTCCAGAACAATCTGGGCAACACATGTTGACCTTGTACCTACATGAAAAAAAAA","CCTGTAATCCCAGCACTTTGGGAGGCTGAGGCAGGAAGACAGCTTGAGGCCAGGAGTTCCAGACCAGTCTGGGCAATATAGCAAGACCCTCATCTCTTTAAAAAATAAAA"
"GL873521","18231783","18232086","chr11","120552808","120553110","90","102321025","GGCATGGTGGCTCACACCAGCAATCCCAGCGTTTTGGGAAGCCCAAGGAAGAGAATCACTTGAGACCAGCCAGAGGTACATAGACACGTGGTCTACAAGAAATGACAATTAAAACAAATTGCTGGGCATGGTAGCCTGTGACTATAGTCCTGGCAACTCAAGAGGCTGAGTCAGGGGGTTTTTTGAGCCTATGAAGTCTAAGTTGCAGTAAGCTGTGATCATGCCACTATACCCTAGCCTGGGTGACAGAACAAGATTCTGTCTCTAAAAATAAAATAAAATAAAATAATAAAATGAAATAAAA","GCCAAGCATGGTGGTTCATACCTATAATCCCAGAACTTTGAAAGGCCAAGGCGAGAGGAGTTTGAGACCAGCCTGGGCAACATGATGACATGCCGTCTCTACAAAAAAATAAAATAAACAAAAACTAGCTGGGCCTAGTGGCATGTGTCTGTAGTCCTAGCTACTCAGGAGACTGAGGCAGGAGGATCACTTGAGCCTGGGAGGTCAAGGTTGCAGTGAGCTATGATTGTGTCACTGTACTCCAGCCTGGGTGACATAGCAAGAACTGGTCTCAAAAAAAAAAGAAAGAGAGAAAAAAGAAAA"
"GL873521","18672921","18673268","chr5","164510023","164510360","89","145837102","GGCTGGCCATGGTGGCTGAGGCCTGTCATCCTACCACTCTGAGAGGATGAGGAAGGAGGATTGGATTGCTTCAGCTCAGGAGTTCAAGACCAGCCTGAGCAAGAGCAAGACTCAGTCTCTACCAAAAATAGAAAAATTAGACTAGCCAGATGTAATGGCAGATGCCTCTAGTCCCAGCTAGTGGGGAGGCTAAGGCAGGAGGATCACTGAAACCCAGGAGTTTGAGGTGCCTGTGAGTTAGTTTAATACCATGGCAGTCTAGCTTGGGCAACAAAGTGAGACTCTGTCTCAAAACAAACAAAGAAACAAAGAAACAAACAAACAAAAACCCCAAAAATAAAAAAAAAA","GGCTGGGCACAGTGGCTCATGCCTGTAATCCTAGCACTTTGGGAGGCTGAGGCAGGTGGATCGCTTGAGACTGGGAGTTCAAGACCAGCCTGGGCAATATGGCAAAACCCCGTCCCTACAAAAAATACAAACATTAGCCAAGCATGGTGGCACATGCCTGTAGTCCCAGCTACTTGGGAGGCTGAGGCAGGAGGATCATTTGAGCCCGGGATGTGGAGGTTGCAGTAAGCTGAGATTGCATCATTGCACTCCAGCCTGGGCAACAGAGGGAGACCCTGTATCAAATAAATAAATAAATAAATAAATAAATAAATAAATAAAAGAAATAAAAGTAAAAA"
"GL873521","19315680","19315722","chr1","205503465","205503511","11","186187785","CAGTTACTTGGAAGACTGAGGCAAGAGGATCCCTTGAGCTAGG","CCAGCACTTTGGGAGACTGAGGCAGAAGGATCCCTTGAGGCCAGCGG"
"GL873521","19598410","19598508","chr1","6398492","6398584","25","13199918","TATCACTACACCACTATACTCTAGCCTGGGCAACAGATTGAGAACCTGTATCAAAAACAAACAAACAAACAAACAAAACACAATAAAAAATAAATAAAA","GTGATTGCACCAATGCACTCCAGCCTGGGTGACAGAGCGAGACTGTCTCAAAACAAACAAACAAACAAATAAAACAAAAGAAAAGAAAAGCAA"
"GL873521","19777152","19777359","chr4","72787006","72787205","63","53009854","CCTGAGCAACATAGAGAGATCCCATCTCGACAAAAATATTGAAAAAAAAATAGATAAACTTATCAGCTGGGTTTGGTAGCACACAACTGTATCCCCAGCTACCGGGAAGGCTGAAGCAGGAGGAGCCTGACAGATCAAGGCTGCAGTGAGCAGTGATCACATCACTACACTCCAGCCCAGGTGACAAAGCACAATCCTGTCTCAAAAA","CTAGGCAACATGGAAGAACCCCATCTCTACAAAAATTACAAAAACTAGCTGGGCATGGTGGTGTGCGCCTGTATTCCCAGCCACTGGGGAGGCTGAGGTGGGAGGATTGCTTGAGCCTGGAAGATTAAGGCTGAAGTGAGCAGAGATCACACCGCTGCACTCCAGTCTGGGTGACAGAGCAAAACCCTGTCTCAAAAAAA"
"GL873521","19907026","19907166","chr6","12022857","12022993","42","7884169","AGGAAAAATTACCAGGGCATGGTGATGTGCACTTATAGTCCCAGCTCCTGGGAAGGCTGAGTCAGGAGGCCAGGAGTTTGAGGTTATAGTGAGCTATGATGCCACTGCACTCTCTCTGGGTGACATAGTGACATTCTGCCT","TTAAAATTAGCCAGGCATGGTAGCAGGCACCTGTACTCCCAGCTACGGGAGGGTCGCTTGAGCCCAGGAGATCAGGGCTGCAGTGAGCTATGATTGTACCACTGCACTCCAAACTGGGTGACAGAGTGAGACTCTGT"
"GL873521","19907190","19907299","chr3","21509747","21509855","27","1602557","GTGGTGGCTCAGCCTATAATCCTAGCCTTCTGGAGGCCCAGGCGGGAGGATTGCTTAAGGTCAGGATGTTGAGACGAACCTGAGCATGAGTGAGACCCCATCTCTACAAA","GGTGGCTCATGCCTATAATTCTAGCGCTTTTGGAGGCCAAGGGGGGAGGATTACTTGAGCTCAGGAGTTCCAGATCAGCCTGGACAATTTAGTGAGACCTCATCTATAC"
"GL873521","20453341","20453513","chr19","53340691","53340862","44","32887350","AGACAACTAGCCAGGCATTGTGGTGGGCATCTATAGTCCCAGCTACTTGGGAGGCTGAGGCAAGAGGATCACTTGAACCCAATAGTTTGAGGTTGTCATGAGCTATGATGATGTGGCATTCTACTCAGGGTGACAGCGTGAGAGACTCTGTCTCAAACAAATGAACAAAAAAA","ACAAAAATAGCTGGGTGTGGTGGTGCATACTTGTAGTCCCAGCTACTTGGGAGGCTGAGGCAGGAGGATCACTTCAGCCCAGGAGGTTGAGGCTGCAGTGAGCCATGATCATGCCACTGCACTCCAGCCGAGGGGAGAGAGCAAGACTCTGTCTCAAAACAAACAAACAAAA"
"GL873521","20453540","20453662","chr4","5943586","5943706","26","14509954","CAGGCGTGGTTGCTCATGCCTGTAGTCCTAGCACTTCAGGAGGCTGAGGAGGGTAGATTGCTTGAGGTCAGGAGCTGGAGACCAGCCTGAGCAAGAGCGAGACCTTGTCTCTACTAAAAATAG","GGCCATGGTGGCTCATGCCTGTAATCCTAGCACTTCGGGAGGCTGAGGAGGGAGGATTGCTTGAGGCCTGGAGTTTGAGACCAGCCTGGGCAACATAGTGAGACCACGACTCTATTTAAAA"
"GL873521","20821454","20821743","chr8","121327775","121328067","74","100506321","GCCGGGCCCAGATGGCTCAAGCCTGTAATCCTTGCACTTTGGGAGGCCAATGTAGGAGGATCACTTGCGCCTAGGAGTTCCAGGCCAAGCTGTGCAAGGTGAAACACTGTTCCAAAAAATATATATATATGAAAATTAGCCAGTCCTGTTGGTACACATCTGTCGTTCCAACTACTTGGGGGACTGAAGCAGGAGGATCCATGAGTCCAAGATTTGAGGTTGCAATGAGCTGTATTGGAGCTACTACACTGTAGCCAGGGCGACAGGAGGAAAAACTTGTTTTAAAAAAA","GGCTGGGTGCAGTGGCTCATGCCTGTAATCTTAGCACTTTGGGAGGCCAAGGCAGGTGGATCACTTGAGCTTAGGAGTTCAAGACCAGCCTGGGCAACATGGTGAAACCCTGTCTCTACAAAAAATAAAAAAAAATTAGCCAGGCATGGTGGCATACACCTGTAGTCCCAGCTACTTGTGGGGCTGAGGCAGGAGCATCACTTGAACCCAGGAGCTCAAGGCTGCAGTGAGCTGTGATCTTACCACTGCACTCCAGCCTGGGTGACAGAGTAAGACCTTGTCTCAATAAAAAA"
"GL873521","20825224","20825315","chr22","42881883","42881978","27","22056659","AGAGGATCTCTTGAGCCTAAGAGTTTGAGGTTGCTGTGAGTTCTGATACCACAGCGCTCTACACAGGGCGACAGAGTAAGACCCTTTCTTAA","GGCAGGAGGATCGCTTGAGCCTGGGAGGTCAAGGATGCAGTGAGCTGTGATTGCACCACTGCACTCCACCCTGGGCGACAGAGTGAGACCCTGTTT"
"GL873521","20825595","20825767","chr4","156475909","156476099","57","135650314","GCGGTGGCTCACACCTGTAATCCTAACACTCAGGATCGCCTAAGCTCAGGAGGTGGAGACCAGCCTGAGCAAGAGAAACACCTCAACTCTACCAAAAACAGAAAAAGTAGCCTGGGTGGTGGTAGGCATGTGTAGTCCCAGCTACTCGGGAAGCTGAGGCAAGAGGATCTCTT","GGCCAGGCACAGTGGCTCACACCTATAATCCCAGCACTCTGGGAGACTGAGGCAGGAGGAGCCCAGGAATGTGAGACCAGCCTGGCCAACATGGTGAAACCCAGTCTCTACTAAAAATATAAAAATTAGCCTGGTGTGGTGGTGTGCGCCTGTAGTCCCAGCTACTTGGGAGGCTGAGGTGGGAGGATCAC"
"GL873521","21355913","21356066","chr4","158479533","158479684","48","137123620","ATAAAAATTAACTAGCTATGGTGGCATACACTCTTGTCCTAGCTACTTAGGAGGCTGAGGATCATTTGAGGCCAGGAGTTTAAAGCTATAGTGTACTGTGATGATTACGCCTGTGAATAGCCACTGTACTCCAGCCTGGGCAACATAGCAAGAC","AATTAGCTGGGCATGGTGGTGCATACCTGTAGTCCTAGCTACTCAGGAAGCTGAGGCAGGAGGACAGCTTGAGGCCAGGAGGTCAAGGCTGCAATGAACCATGATTGATTACACCTGTAAATAGTCACTGCATTTCAGCCTGGGCAGCATAG"
"GL873521","21623697","21623773","chrX","53329871","53329945","26","31706174","AAATTTAGGCAGGCAAGTTGGCACATGTTTGTAGTCCAAGTTATGTGAGAGGATTCTTTGAGTCCAGAAGTTAAGGC","AATAGCTTGGGCAGGGTGGTGCATGGCTGTAGTCCTGAGATGGGAGGATCCCTTGAGTCCAGGAGCTTGATGCCG"
"GL873521","21623801","21623894","chr3","42032495","42032583","27","20408694","GTAATCTTAGTACTTTGGGAGGCCAGACAGGAGATTCATTTGAGACTGAGTTTAAGATCAGCCTGGACAACATGGCAATATCCCATGTCAACCA","TAATACCAGTATTTTGGGAGGCTGAGGCAGGCGATCACTTGAGCCCAGTTCAAGACCAGCCTGGGCAATATAGCGAAATCCTGTTTCTA"
"GL873521","21714176","21714337","chr12","96671998","96672172","41","74957822","ACTAGGGGGCATTGTGGCAACTGTCATCCTAGCTGCTCAAGAGGCTGAGGCAAGAGGATCACTTCAGCCCATGAGTTTATGGTTGCTGTGAGCTATGACTCCATGGCACTCTAGCCTGGGCAATAGAATGAGACTCTGTCGCAAAAAAAAAGAAAGAAAGAA","AATTAGCTGAGCATGGTGGCAGGCACCTGTAGTCCCAGCTACTTGGGAGGCTGAGGGAGGAGGGTCACTTGAACCCAGGAGTTTGAGGCTGCAATGAGCTATGACTGCATCAGTGCACTCTAGCCTGGGCAGTAGAGTGAGACCCTGTCTCACAAAAAAAAGAAGGAAAGAGAAA"
"GL873521","21714364","21714489","chr15","78802491","78802611","29","57088127","GGCTGGGTACCCTGGCTAGACACCTGTAATTCTAGCACTCCAGGAGGCTGAAACAGGTGGATTTCTTGAGCTCAGGAGTTCAAGACCAGCCTGTCCAAGACCAAGACCACAATTCTGTCTCTACTT","GGCTGGGTACAGTGGCTCACACCTGTAATCCCAGCACTTTGGGAGGTGGAGGCAGGAGGATCACTTGAACTCAGGAGTTCAAGACCAGCCTGGCCAACATGGCGAAACTCCGTCTCTACAA"
"GL873521","21743555","21743631","chr10","20213332","20213405","25","1530223","TATAGGGTGTGGCGGCAAGTGTGTATAGTACTAGCTACTTAAAGAGGTTGAGATGGGAGGATTGCTTGAGCTAAGGA","CCAGGTGTGATGGTGCATGCCTGTGGTCTCAGCTACTTTGGAGGCTGAGGTGGGAGGATTGTTTGAGTGGAGGT"
"GL873521","21743658","21743767","chr10","43292583","43292692","28","21548925","CAATGGTTTGTGCTTGTAATCCAGCACTTTGGGAAACAAAGGAGAAAGGATTAATTGAGACCAGGAGTTCAAAATCAGCCTGGGCAACATAAAGAGACCCTGTCTCTATG","GCGGTGGTTCAGCCTGTAATCCCCGCACTTTGGGAAGCTAAAGCAGGAAAATCACTTGAGCCCAGGAGTTCAAGACCAGCCTGAGCAACATAGTGATACCCCTGTTTCTA"
"GL873521","21994326","21994402","chr3","183523015","183523100","19","161528689","GGCATTGTGACTCACACCTATAATTCTAGCACTTTGGGAGGCTGAGGTGGGAAGACCACGAGCACAGGTTCAAGACC","GACTGGGGGCAGTGGCTCAAACCTGTAATCCTAGCACTTTGGGAGGCTGAGGTGGGAGGACCACCTGAGCTCAGGAGTTCAAGACC"
"GL873521","22568894","22569013","chr7","21219168","21219276","37","1349726","TACGTTGTGGTGGCTAGTCCCAAACTACTCAGCTACTCAGGAGTTTGAGGTTGCAGTAAGCTGTGAGGTTGCATTGCACGACAGATTGTGCAACAGAGCGAGACCCTATCTCGAAAAAAA","GGCTGAGGTGGGATAATCACTTGAGCCCGGAAAGTTGAGGTTGCAGTGAGCCATGACTCGGCACTGCACTCCAGCCTGGGCAACAGAGCCAGACCCTATCTCAAAAAAA"
"GL873521","22569034","22569129","chr15","57106062","57106161","19","34537028","CAGGCATGGTGGCTCACACCTGTAATCATAGCACTTTGGGAGACCAGGAGTTCAAGACCATGCTGGGCAACATGGCGAGACCTTGTCTCTACCAAA","GGCCAGGCATGGTGGCTCACTCCTATAATCACAGCACTTTGGTAGGCCATGAATTCAAGACCAGCCTGGGCAACATAGTGTAACCCTGTCTCTACGAAAA"
"GL873521","23082461","23082581","chr19","17007875","17007987","43","6074586","AAAATACACAGAGTACCCAGGCATGGTGGTGCATGCCTCCAGTCCCAGCTACAGGTGAGACTAAGACTAAAGGATGCCTTCAGCTCAAGACTTTGAAGCTGGCCTAGGCAACAACAAGACC","ACAATGTAGCTATGGCATGGTGGTGCCTGCCTGTTGTCCCAGCTACTTGGGAGGCTGAGATGGGAGGATTGCATGAGCCCAAGAGTTCAAGGCTGCTGTGAGCTACAATCACG"
"GL873521","23326932","23327034","chr1","153330637","153330743","26","130003705","GACTGGGTATGGTGGCATATGCCTGTAAACCCAGCACTCTGGGAGGCTGTGGCGGGTGGACCAGCCTGAGACCAGCTTGAGAAAGAATAAGACTCTGTCTCTA","GGCTGGGTGTGATGGCTCATGCCTGTAATCCTAGCACTTTGGGAGGCTGAGGCAGGTGGATCACTTGAGCCCAGGAGTTTGGGCAACATGACAGAACCCTGTCTCTA"
"GL873521","23327057","23327213","chr6","85247800","85247964","38","61920743","CCAGACATTGTGACACATGCCTATAGTCCTACTTGGGAGGCTGAGGCAAGAGGATGTCTTGTGCCCAAGAGTTTGAGGTTGCTGTGAGCTATGATACCATAGCACTCTAGTGGGGGGCAAGAAAGTGAGACACTGTCTCAAAAAAAAAAAAAAAAAA","CCAGGCATTGTGGCACATGTGTGTAGTCCCAGCTATTTGGGAGGCTGAGGCAGGAGGATCCTTTGAGCCCAGGAGTTTGAGGCTTCAGTGAGCTGTGATTGGACCACTACACTCTGGCCTGGGCAACAGAGAAAGACCCTGTCTCAAAAAGAAAAAGAAAAAGAA"
"GL873521","23553294","23553452","chr8","101101478","101101641","53","77548184","AAAATAAAGTTAGCTAGACACAGCTTTGGGCACCTGCAGTCCCAGTTACTTGGAGGTTGAGGCAAGAGGATTGTTTGAGCCTAGAGGTTTGAGGATATGGTTTGCTGTAGTTCTACCTGTGAGTAGCCACTGTTCTCCAGCCAGGACACCAGCGCAAGA","AAAAAGACACCAAGTAGCCAGGTGTGGTGCTGCAGGCCTGCAGTCCCAGCTACTTGGGAGGCTGAGGCAGGAGGATTGCTTGAACCCAGGAGTTCAAGACTTCAGTATGCCATAATCGCACCTATGAATAGTCACTGCACTCCAGCCTGGGCGACATAACAAAA"
"GL873521","24165831","24166009","chrX","9218405","9218573","51","14947426","GGCCAGGCACAGCAGCTCACACCCATAATCCTAACACTCTGAGAGACCAAGGTGTATAGATTACCTGAGCTCAGGAGTTGGAGACCACCCTGAGCAAGAGTAAGACCCCCATCTCTACAAAAAAAAAAAAAAAATAGAAAAACTAGCCAGGTGTTGTGGTGGGTACTTACAGTGCCAAC","GGCCAGGCGCAGTGCCTCACACCTGTAATCCCAGCACTTTGGGAGGCCGAGGCGGGTGGATCACTTGAGCTCAGGAGTTTGAGACCAGCCTGAGCAACATGGCAAAACCTCACCTCTACAAAAAAAATACAAAAATTAACCAGGCATGGTGGCAGGCACCTGTAGTCTC"
"GL873521","24270646","24270916","chr8","27224878","27225151","68","2954232","GGCCAGGCACGGTGGCTCACACCTGAATCCTAGCTGGCATTCTGGAAGGCCGAGGTGGGTGGATCACCTGACCTCAGGAGTTCAAGACCATCCTGAGCAAGAGTGAGATGAAACCTCATCTCTAAAAATAGCTAGGCATTGTGGTGGGCACCAGTAGTCCCAGCTACTAGGGAGGCTGAAGCAAGAGGATCACTTGAGTCTAAGAGTTAGACGTTGCTGTGAGCAGTGACGCCACAGCACTCTACCCAGGGCAACAAAGTGAGACTGTCTC","GGCCAGGTGCAGTGGCTCACACCTGTAATCCTAGCCCTTAGGAGGCTGAGGTGGGAGGATCACTTGAGCTCAGGAGTTCAAGACCAGCCTGGGCAATATGGTGAAACCCTGTCTCTACGAAAAATTAGCCGGGCATGGTGGCGCATGCCTGTAGTCCCAGCTACTCAGGAGGCTGAGGTGGGAGGATCATTTGAGCCCAGGAGGCGGAAGTTGCAGTGAGCCAAGATTGCACCACCGTACTCCAGCCTGGGCAACAAGTGAGATCCTGTCTCAA"
"GL873521","24618820","24618994","chr8","68458893","68459071","47","43840073","TCCTAGCACTCTGGGGGGCCGAGGTGGTAGGATCACTTGAACTAGAGTTCAAGACCACCCTGAACAAAAATCACACCCTGTCTGTACTAAAAATAGAAAAATTAGCCAGGCATTATAGTGCATGCCTGTAGTCCCAGCTACCTGGTAGGCTGAGGCAGATCCTCTAGCCCAGGGG","CCCAGCACTTTGGGAGGCTGAGATGGGTGGATCACTTGAGCCCAGGAGTTCAAGACCAGCCTGGGCAACATGACGAAACTCTGTCTTTACAAAAAATACAAAAATGAACCAGGCATGGTGGTGCATGCCTGTAGACCCAGTACTTGGGAGGCTGAGGTGGGAGGATCCCTTGATCCTGA"
"GL873521","24626746","24626855","chr1","205148842","205148953","29","180522096","AAAGAATGACAAAAATTCAGATATGGTGGTATGCACCTATAGTCAGTCACAGCTACTGGGGAGGCTGAGGTGGGAGGCTTTCTTGAGCCCAGGAGGTTGAGTCTAGCAAT","AAAAAGTACAAAGAATTAGCCAGGTGTGGTGGTGCGTGCCTATAGTTCCAGCTACTTGGGAGGCTGAGGTGGGAGGATTGCTTGAGTCCAGGAGTTGGAGGCTGCAGTGAAA"
"GL873521","24781755","24782037","chr5","139301937","139302217","85","114520182","GACCAGGTGTGGTGGCTCACACCTATTAGCCTAGCACTCTTGGCAGCTGAGGCAGGAGGATTCACTCAGAACTTCAAGAGTTAAACCCATGCCTCTACTAAAAATAAGAAAAAAATCAGTCCAGAGTATCATGGTGGGCACTTGCAGTCCCAGCTACTCGCAATGCTGAGGAAGAAGGATAGCTTGAGCCTAGGAGTTTGAGGTTGCTGTAGGCTGGATTTTTGTCATGGCATGCTAGTCTTGGCAACAGAGTGAGACTCTGGGGGAAAAAAAAAAGGAAAAA","GGCTGGGTGCGGTGGCTCACACCTGTAATCCCAGCACTTTGGGAAGCTGAGGCCAGAGGATGGCTTGAGCTCAGGAGTTTGAGTTGAAACCCTGTCTCTACAAAAAATACAAAAATTAGCTGGGTGTGGTGGTGCACACCTGTGGTCCCAGCTACTTGGAAGTGTGGGGTGGGAGGATTGGTTGAGCCCAGGAGGTTGAGGCTGCAGTGAGCCATGATCGTGCCACTGTACTCCCGCCTGGGTGACAGAATGAGACCCTGTCTCAAAAAAAAAAAAAAAAA"
"GL873521","24969692","24969970","chr5","91805199","91805483","78","66835507","GGCTGGATGCAGTGGCTCACACCTATAAACCTAGCACTCTGGAAGGCCACAGTGGGAGAATGGCTCGAGTTCAGGATTTTGAGAGTAGCCTGAGCAAGAGCAAGACCACATCTCTACTAAAAATATAAAAATTAGCAGGAAGTCTTGCTGAATGCATCATCTCAACTGCTCTGGAGGATGAGGCAAGAGGATTGCTTGAACTCAAGAGTTGAGGTTGTGGTGAGCGAGACTGAATCCATAGCACTCTACCCCAGGCAACAGAGCAAGACTTTGTTGAAA","GACTGGGTGCAATGGTTCACATCTGTAATCCCAGCACTTTGGGAGGCCAAGGTGGGAGGATGGCTTGAGCCCAGAAGTTCAAGACCAGCCTGAGCTACATGGCAAAACCCTGTCTCTACAAAAAATGTAAAAATGAGCCAGGCATGGTGGTGCATGCCTATGGTCCCAGCTACTCAGGAGGCTGAGGCAGGAGGATCGCACTAATCTAGGAGATGGAGGCTGCAGTAAGCCGAGATTGAGTCATTGCACTCCAGCCTGGGCGAAAGAGCCAGACTCTGTCTCAAA"
"GL873521","24970004","24970019","chr3","153804291","153804307","1","128834287","AAAACAAAACAAAAAA","CAAAACAAAACAAAAAA"
"GL873521","25391954","25392209","chr7","3491054","3491312","81","21900900","CCTAGTGCAGTGGCTCACACCTGTAATCCTGGAGGCTGAAGCAGATGGATTGCTTTGAGTTCCTGCCTAAATAAAAGTGGGAATCTACTATAGCAAAATTAGCTGGGCGTTATGGTGGGTACTTGTGGTCCCAGCTACTCAGGACGCTGAGGCAGGAGGATTGCTTGAACCAAGGAATTTGAGGTTGTTATGAGCTATGATGATGCCATGGCACTCTACCCAGGCCACAGAGTAAGATTTGGTCTCCAAAAAAAAA","GGCCAGGTGCGGTAGCTCACATCTGCAATCCCAGCACTTTGGGAGGCTGAAGCTAGAGGATCACTTGAGTCTTGTCTCTACAAAAAAAATCAAAAAATTAGCCAGGGCATGGTGGTGCATGCCTGTAGTCCCAGCTACTCGGGAGGCTGAGGCAGGAGGATCACTTGAGCCCAGGAGGTTGAGGCTGCAGTGAGCTGTGACTGTACCACTGCACTCCAACCTGGGCAACAGAGTGAGACCCTGTCTCAAAAAATAATAA"
"GL873521","25453333","25453646","chr22","29946204","29946503","77","4492871","GCCGGGTACAGAGGTGCATTTACCTGTAATCCTAGCACTTTGGGAGGGTAGGGTAGGAGGATGGCTTGGGGCCAGTAGTTCAAGACCAGCCTGAACAATCTAGTGTGACCTCGTCTCCACAAAATATAGAAAAATTAGCCAGGCATGGTGGTGGGCACTTGTATTCTCAGCTTCTCAGGAAGCTGAGGCAGGAGGATCTTTTGAGGCTGGAAGGTTGAGGTTGCATTGTTGAGATTGCACTGAGCTGTGATGACACCACTGCACTCTAGCCCTGGCAACAGAGTGAGATCCTAATTTAAAAAAAAAAAAAAAAA","GCTGGGCGTGGTGGCTCCTTCCTGTAATCCCAGCACTTTGGGAGGCCAAGGCTGGAGGATCACCTGAGTCCAGGAGTTTAAGACCAGCCTGGGCAACATAGGGAGACCCTGTCTCTACAAAAAATAAAAAATTAGCCAGGCATGGTGGTGTGCACCTGTAGTCCCAGCTACTCAGGAGGCTGAGGCAGGAGGATCTCTTGAGCCTGGGAGGTCAGACTACAGTGAGCAATGATTGTGCCACTGCACTCCAGCCTGGGTGACAGAGTAAGACTCTGTCTCTTAAAAAAAAAAAAAAAAAAA"
"GL873521","25473197","25473312","chr11","64318421","64318538","25","38845224","GGGCATGGTAACTCACTCCTATAATCCCAGCAGTTTGAGAGGCCAAGGCTGGAGGATCACTTAAGGCTAGGAGTTCATGACTGGTCAGGGCAACATAGTAAGACTTATTCTCTACA","CCAGGCATGGTGGCTCACACCTATAATCCCAGCACTTTGGAAGGCCAAGGCGGGAGGATCCCTTGAGGCCAGGAGTTTGAGACCAGCCTGGGCAACATAGCAAGACTCCGTCTCCACA"
"GL873521","25473339","25473487","chr1","35894728","35894879","40","10421389","AAGAATTAGCTAGGCATAGTGGTGCGCAGCTGTAGTTCCAAGTACTTGGGAGGTTAAAGACCATGTGAGCGCAGGAGTTCAAGGCTACAGTGAGCTGTGATCATGCCACTGCACTCTGGCCTGGGTGACAGAGTCTGTGTCATAAAAAA","AAAAATTAGCCAGGCATGGTGGCACATGCCTGTGGTCCCAGATACTTGGGAGGCTGAAGTGGGAGGATCACTTGAGCCCAGGAGATCAAGGCTGCAATGAGCCATGATCATGCCACTGCACTCCAGCCTGGGCAACCCTGTCTTTAAAAAAA"
"GL873521","25493130","25493293","chr4","75562087","75562252","41","50068957","CTTAGAGTTGTGGTGGGCTCCTGTACTCCCAGCTACCCAGGAGGTGAGGCTGAGGCAGGTGGATCACTTGAACCCAGGTATGTGAGGTTGCTGAGAGCTAGGATGACACACAGCACTCTAGCCTGGTGACAGAGTGAGTCTATGTCTCTAAATAAATAAATAAA","TTAGCTGGGTGTGGTGGCATGCACCTGTAGTCCCAGCTACTTAGGAGGCTGAGGCAAGAGGATCACTTTAGCCCAGGAGGTGGAGGTTGCAGTGAGCTGAAATCATACCACTGCACTCCAGCCAGGGTGACAGAGTGAGACCTTGTCTCAAAAATAAATAAATAAA"
"GL873521","25493320","25493467","chr9","31337596","31337743","33","5844276","GACTGGGCTTGGTGGCTCATGCCTGTAATCCTAGCATTCTGGGAAGCTGAGGCAGGAGAATCACTTGAGGTCAGGAGTTCAAGACCAGACTGAGCAAGAGTGAGATCTTGCCTCTACTAAAAAAATATATATTTTTAAAAAATAATGC","GCTGGGTGTGGTGGCTCACACCTGTAATCCTAGTGATTCAGGAGGCTGAGGCAGAAGGATCACTTGAGGTCAGGAGTTTGAGAGCAGACTGAGCAACAGAGTGAGACCCCCTCTCTAAGAAAAAAATATTAAAAAAAAAAACAACCGC"
"GL873521","25793453","25793728","chr15","82250472","82250741","88","56457019","CAGGTATGGTGGCTCACACCTGTAATCCCAGCACTTCGGGAGGCCAGGAGGTGGGGGAGAGGCTCTCTTGAAGCCAGGAGTTCCTGACCAGCCAAGCAACAGGCGAAACCTTATCTCTACAAAATATTAAAGAAAAAAGGAAATTAGCCAGGTATAGCAGTAGACATCCATAATTCCAGATACTGTCGTGGCTAGGACAGGAAGATCACCTGTGATTGTGCCACTGCATCCCAACTTGCCAAAAAAGCAAGATGCTGTCTCTATAAAAGAAAACTA","GCCGGGCACGGTGGCTTATGCCTGTAATCCCAGCACTTTGGGAGGCCGAGGCAGGAGAATCGCTTGAGCCCGGGAGTTTGAGACCAGCCTGGGCAACATGGTGAAACCAAGTCTCTACAAAAAAATACAAAAAAATTAGCCAGGTGTCGTGGTGCACGTCTGTAGTCCCAGCCACTCCTGGGAGGTCGAGGCTGCAGTGAGCTGTGATCGTGCCACTGCACTCCAGCCTGGGGAACAGAGTGAGACCCCGTCTCAAAAAATAAAAAAAAA"
"GL873521","25946379","25946540","chr16","48668108","48668267","54","22721729","GTTGAGGCAGGATTTCTTGAGGCTGGGAGTTGGAGACCAGCCTGAAAAACATGTTGATACCATTGCTACAGAAATTAGAAGAGTTAGCTGGGTATAGTGGTGCATCCCTGTAGTTCCAACTACTAGGGATGCTGAGGCAGGAGGGTCACGTAAGCCCAGGAG","GTGGGAGGATTTCTTGATCCCAGGGGTTCAAGACCAACCTGGGCAACATAGTGAGACCCTGTGTATACTGAACAAAAACAATTTTTCAGGCATGGTGGCACACACCTGTAGTCCGAGCTATTCGAGAAGCTGAGATGGGAGGATCCCTTGAGCCCGGGAG"
"GL873521","25955927","25956105","chr3","43378154","43378339","50","17422227","AAAAAATAGAAAAATTAGCCATGTGCAGTGGCATGTGCCTATAGTTCCACCACTGTAGGGGCTGAGGTAGGAGGATCCCTTAAGACCAGGACTTTGAGATTGCTGTGAGTTATGACATCACTGCTGTCTGGTTGGGTGACAAAGGGAGACTTTGCCTCAAAAAAGGGAAGAAAGAAAAA","AAAAATACAAAAATTAGCCGGGCATGTTGGCATGTGCCTGTGGTCCCAGCTACTCCAGAGGCTGAGGTGGGAGGATCACTGGAGCCCGGGAAGTTGAGGCTGCAGTGAGCTGTGATCACACCACTGCACTCCAGCCTGGGTGACAGAGTGAGACCCTGTCTCAAAAAAAAAAAAAAAAAAAAAAAA"
"GL873521","26298260","26298339","chr4","95794331","95794409","18","69496071","GGCTGGGTGCATCAGCTTATGCCTGTAATCCCAGTACTTTAGGAGGTTGAGGTAAGAGGATCACTTAAGAACAGGAATCC","GGCTAGGTGCAGTGGCTTACACCTGTAATCCCAGCACTTTGGGAGGCCGAGGCAGGAGGATCACTTGAGCCCAGGAGTT"
"GL873521","26307582","26307851","chr5","152032216","152032514","85","125724634","GCTGGGCATAGTGGCTCACACCTACACTCTTAGAGGCCAGGGCAGATGAATTATTTGAGCTTGGGAGACCAGACTGAGCATGAGTGAGATCCTGTTCCTACTAAAAATAGAAAAATTAATTGGGTGTTGTGCCTGTAGTCCCAGCTACTTGGAAGGCTGAGGCAAGAGGATCACTTGAGCCCAAAAGACTGAAGTTCTAATGCCAAACATGCTACTCAGAGGGACAGAATGAGACTCTGTCTCAAAAATAAATAAATAAATAAATAAATA","GGCTGGGCACAGTGACTCACACCTATAATCCCAGCACTTTGTGAGGCTGAGGCAGGCAGATTATTTGAGCCCCTGAGGTCAAGACCATCCTGGGCAACATGGCAAAACCTCATCTCTACAAAAAATACAAAAATTAGTTGGGTGTGGTGGCATACGCCTATAGTCCCAGCTCCTCAGGAGGCTGAGGTAGGAGGATGGTTTGAGCCCAGGAGATGGAGGTTGATCATGCCACTGCTCTCCAGACTGGGCAACAGAATGAGACTCTGTCTCACAAAAAATGAAACAGAATAAAATAAAAA"
"GL873521","26951040","26951317","chr17","16672309","16672598","75","10278731","TGGCTTACACCTGTAATCCTAGCACTCTGAGAGGAGTGAGGCAGATTGCTTGAGCTTAGGAGTTTAAGACCAGCCTGAGCAAGAAAGATCCCATTTTTACTAAAATAGAAAACTAGCCAGGGGTGGTGGCCTATGTCTGTAGTCCCAGCTACTCGGTAGGCTAAGGCAAGAGGATTGCTCAAACCCAAGAGTTTGAGATTGCTGTGAGTTCTGGTGCCATGACACTCTATCCAGGGTAACAGAGTGAGACTTTGTCTAAAAAAGAAATAAAATAGGTG","GTGGCTCACACCTGTAATCTCAGCACTTTGGGAGGCTGAGGCGGGAGGATCACTTGAGCCCAGGAGTTTGAGACCAGCCTGAGCAACATAGTAGGCTCCTGTCTCTACAAAAAAATACAAAAATTAGCTGGTACTGGTGGCATGTGCCTGTAGTCCCAGCTACTCAGGAGGCTAAGGCAGGAGAATCGCTTGAGCCCAGGAGGTTGAGGCTGCTATGAGCTGTGATGGCACCACTGCACTCCAGCCTGGGTGACAGAGTGAGACCTGGTCTCAAAAAGAAAAAAAAAAAA"
"GL873521","26951542","26951557","chr3","53948633","53948648","1","26997091","AAAAGAAAGAAAGAAA","GAAAGAAAGAAAGAAA"
"GL873521","27061553","27061681","chr3","122788793","122788920","26","95727240","GGCCACGCACAGTGGCTCATGCCTTTAATCCTAGCTTTCTGTGGAGGCCAAAGCAAATGGATCACTTGAACTCAGGAGTTCAAGACCAGCCTGAGCAAGAGCAAGACCCCATCTCTACTAAAAATAGAA","GGCCAGGCACTGTGGCTCATGCCTGCAATCCCAGCACTTTGGGAGGCCAAGGCAAGAGGATTGTTTGAGCCCAGGAATTCAAGACCAGCCTGGGCAACTCAGGAAGACCCCATCTCTACAAAAAACAA"
"GL873521","27061706","27061860","chr8","96136998","96137163","44","69075292","TAGCTTGGCATTGTGGTAGGCACTGGCAGTCCCAGTTACTTCGGAGGCTAAAACAAGAAGGATTGCTTGAATCCAGTGAGGTTGCTGTGAGCTATAATGTCATGGCACTTCTCCCCAGGGCAACAGAATGAGACTATCTCAAAAAAACAAATAAA","TTTAGCTGGGAAGGTTGGCACGCACCTGCAGTCCCAGCTACTTGGGAGGCTGAGACTGGAGGATTGCTTGAGCCCGAGAGGTCGAGGTGGCAGTGAGCCATAATCACACCACTGTACTCCAGCCTGGGTAACAGAATGAGACTCTGTCTCAAAACAAACAAACAAA"
"GL873521","27073730","27073910","chr1","68095575","68095737","50","41021845","GAGCAGCCTGAGCAGCTAGGGTACTGCTCCCTGCCTCTAGTCCCAGCTACTTGAGGGGCTAAGGCAGGAGGATTGTTTGAGCCCAGGAGCCCAGGAGTTTGAGATTGATGTGAACTAGGCTGATGCCATGGCACTCTAAACTGGGCAACAGAGTAAGACTCTATCTTAAAAAAACAAAAAA","TTAGCCCTGCATGGTGGCACATGCCTGTAGTCCCAGCTATTTGGGAGGCTAAGGCAGGGGGATGGTTGGAGCCCAGGAGGCAGAGGTTGCAGTAAGCTGAGACTGAGCCATTGCACTGCAGCCTGGGTGACAGAGTGAGACTCTGTCTCAAAAAAAAAAAAAA"
"GL873521","27074182","27074275","chr19","50666183","50666279","26","23592001","GCTGGGTACTGTGGCTCAAGCATGTAATCATAGCACTCTTGAGGCCAAAGTTTGGAGGATCCCTGAAGCTCCAGAGTTTAAATGCAGCTTGAGT","GGCTGGGCTCTGTGGCTCATGCCTGTAATCCCAGCACTTTGGGAGGCCGAAGTGGGAGGATCACTTGAGTCCAGCAGTTTGAGAGCAGCCTGGGCAA"
"GL873521","27115551","27115853","chrX","48006439","48006741","74","20890888","GGCCAGGTGTGGTGGCTCCTGTAATCCTATCACTATGGGAGGCCAAGGTGGGTGGATTGCTTGAGCTCAGGAGTTGGAGACTAGCCTAGGCAAGAGTGAGATCCCGTATCTACTAAATAGAAAAACTAACCAGGTTCCAGGTGCCTGTAGTCCCAGATTCTTGGGAGGCTGAGGCAAGAGGATCACTTAAGGTCAGGAGTTTAAGGTTGCTGTGAGCTATGATGTCATAGCACTCTACCCAGGGTGACAGAGTGAGACTCTATCTCAAACAAACAAACAAACAAAACAAAAACAACAAAAAAA","GGCTGGGCTCAGTGGCTCACGCCTGTAATTCCAGCACTTTGGGAGGCCAAGGTGGGCGGACTGCTTGAGCTCAGGAGTTCGAGACCAGCCTGGGAAACATGGCGAAACCCCATCTCTTAAAAAAAAAAAATTATCTGGGTGGCAGGAGCCTGTAGTCCCAGCTACTTGGGAGGCTGAGGTAGGAGGATCACCTGAGCCCGGGAGGTCAAGGCTGCAGTGAGCCATGATCGTGCCACTGCACTCCATCCTGGGTGACAGAGTGAGACCCTGTCTAAAAAAAAAAAGAAAAAAGAAAAAAAGAAA"
"GL873521","3621655","3621735","chr19","38588582","38588671","29","34966927","AAACCCCCCAGAAAATTAGCTGTAGTCCAGCTACTTGGGAGGGTGAGGCAGGATTGCTTGAACTCAGGAGGCTGAGGTTGC","TTAGCCAGGTGTGGTTGTGCACGCCAGTAGTCCTAGCTACTCAGGAGGCTGAGGCAGGAGGATTGCTTGAGCCCAGGAGTTTGAGGCTGC"
"GL873521","3642385","3642519","chr4","190118736","190118870","25","186476351","GGCTGGGTGAGGTGGCTCACACCTGTAATCCCAGCACTCTGGGAGGCCAACAGGGATGGAGCACCTGAGCTCAGGAGCTTGTGCCCAGCTTGAGCAAGAGTGAGACCTCATCTCTGTTAAAAACAGAAAAAAAAA","GGCTGGGTGCAGTGGCTCACACCTGTAATCCCAGCACTTTGGGAGGCCAAGGTGGGAGGATCACTTGAGCTCAGGAATTCGAGACCAGCCTGGGCAACATAATGAGACTGCATCTCTGTAAAAAAAAAAAAAAAA"
"GL873521","3642815","3642983","chr6","117522072","117522244","43","113879257","AAAAAAACTAGCCAGGCATTGTGGCGAGTGCCTGTAGTCCCAGCTACTCGGGAGGCGGAGGCAAGAGGAGTGCTTAATCCCAAGAGTTTGAGGTTGCTGTAAGCTATGACACTCATTCTACTCAGGGTAACAAAGTGAGACTCTGTCTCAAAAGGAAAAAAGAAAGAGA","TAAAAAAATTAGCCAGATGTGGTGGCATGTGCCTGTAGTTCCAGCTACTCGGGAGGCTGAGGCAGGAGGATTGCTTGAGCTCAGGAGTTCGAGGCTGCAGTGAGCTATAATTGTGCCACTGCACTCTAGCCTGGGTGACACAGTGAGACCTTGTCTTTAAAAAAAAAAAAAAA"
"GL873521","3668981","3669096","chr1","92774326","92774442","25","89105345","GGCTAGGCTCAGTGGCTCATGCCTATAATCCTAGCACTCTGGGAGGCTGAGACAGGTGGAGTGCCTACGTTCAGAAGTTTGAGACCAACCTGGGGAAGAGTGAGACCCTTGTCTCT","GGCCAGGCGCAGTGGCTCACACCTGTAATTCTAGCACTCTGGGAGGCAGAGGCAGGCAGACTGCTTGAGCTCAGGAGTTCGAGACTACCCTGGGCCACACAGTGAGACTTTGTCTCT"
"GL873521","3669118","3669287","chr19","44556029","44556196","40","40886911","GCCTAGCCATGCATTATGGTGGGCACCTGTAATCCCAGCTACTTGAGTGGCTGAGACAGGAGGATTGCTTGGGCCCAGGTGTTTGAAATTGTCGTGAGCTATGACAACACTATAGCACTCAACCCAGGGCACAGAGTGAGACCCTGTCTCAAAAAAAATAATAAATAAAA","TTAGCTGGGCACGGTGGTGTGCACCTATACTCCCAGCTACTCTGGAGGCTGAGACAGGAGGATTGCTTGAGCCCAGGAGTTCAAGACTGCAGTGAGCTAGGATCGCACCATTGCACTCCAGCCTGGGCAACAGAGTGAGGCCCTGTCTCTAATAATAGTAAAAAAAAA"
"GL873521","3669631","3669737","chrX","25092369","25092466","29","21422738","GGTTAGGCATGGTGGCTTACACATGTAATCCCAGCACTTTCAGAGGCTGAAGTAGGAGGATCTCTCAAGAGACCATCAGAGGGAGACCCTGTCCTTATAAATAATTA","GGGTGTGGCGGCTCAAACCTGTAATCCCAGCACTCTGTGAGGCTGAGGCAGGAGGATCGCCTGGGCAATATAGTGAAACCCTGTCTGTATTAATAATA"
"GL873521","3670024","3670183","chr1","26355033","26355200","40","22685009","TTGGTTGGGTGTGGTAGCACTTGCCAATAGTCTTAGCTACTTGGGAGGCTGAGGCAGGAGGATCCCTTGAGCCCAGGAGTTCAAAGTTGTAGTGAGCTGTAGTAGGGCCACTATAGGGTAAAAGAGTAAAATCCTGTCTCAAAAAAAAAAAAAAAAAAAA","AACTAGCTGGGTGTGGCGGCGTGTGCCTGTAGTCCCAGCTACTTGGGAGGCTGAGGCAGGAGGATCACTTGAGCCCAGGAGTTCAAGGCTGCAGTGAGCTAAGATCATACCACTGCACTCCAGCCTGGGTAATAGAGTGAGATCCTGTCTCAAAAAAAAAAAAAAAAA"
"GL873521","3713060","3713213","chr16","52591348","52591478","53","48878288","ACTAAAATTGTAAAGCCTAAGCTGGGTGTCATGGTGCACACCTGGAGATCCAGCTCCTCGGAGGCAGAGACAGGAGGATCTCTTGAACCCCAAAATTTGAACACAGTGCGACAACATAATGAGACCCACCTCTTACAAAAAATTACAAAGACTA","GCTGAGTGTGGTGGTGTGTGCCTATAATTCCAGCTACTCAGGAGGCTGAGGCAGGAGGATCACTTGAGCCCAGGAGTTTGAGACCAGCCTGGGCAACACAGTGAGACCCCATCTCAAAAAATTAAACATTA"
"GL873521","3858021","3858181","chr15","40727742","40727900","45","36869721","GGAAAAATTAGCTCAGCATTGTGGTGGGTGCCAATAGTCCTAGTTACTGGGGGGGTGGAGGGTTGAGGCAGGAGCTTGAGCTCAGGAGTTTGAGGTTGCTGCGAGCAAGGCTCATGCCATGGCACACTAGCCTGGACAACAGAGTGAGAGTCTGTCTCAAA","TTTAAAAATTAGCCAGGCATGGTGGTGACCACCTGTAGTCCTAGCTATTCAGGAGGCTGAGGCAGAAAGATTGCCTGAGCTCAGGAGTTTGAGGTTACAGAGAACTCTGATCATGCCACTGCACTGCAGCCTGGGCAACAGAGTGAGACTCTGTCTCAA"
"GL873521","3858456","3858567","chr17","26390105","26390216","27","22531649","GGTTGGATGCAGTGACTCACGTTTATAATCCTAGCACTCTGGGGAGCAGAGGCAGGAGGATCCCTTGAGCTTAGGAGCAAGACCCCATCTCTACTAAAAAATGGAAAAATTA","GGCCGGATGCAGTGGCTCACGCCTGTAATCCCAGCACTTTGGGAGATGGAGGTGGGAGGATCGCTTGAGGCTAGGGGTTCGAGACCACATCTTTACAAAAAATTTAAAATTA"
"GL873521","3958462","3958555","chr3","156881552","156881648","15","152923090","GGCCAAGTGTGGTGGCTCACGCCTGTAATCCCAGCACTCTGGGAGGCTGAGGCAGAGAATCACTGGAGCGCAAGAGTTTGAGACTAGCTTGAGC","GGCCAGTTGTGGTGGCTCACACCTGTAATCCTAGCACTCTGGGAGGCTGAGGCTGGAGGATCACTTGAGCTCAGGAGTTTGAGACCAGCCTGGGCAA"
"GL873521","4004289","4004415","chr2A","53135817","53135938","36","49131528","GCCGGGCGCGGTGGCTGACACCTGTAACCGAGCACTTTGGGAGGCATCTGTAGGAGGATCGCTTGAGGCCAGGGATTGGAGACCTCCCGCCCTACAAATGATTTTAAAATAAACTGCTTATGCTGGG","GCCAGGTACAGTGGCTGACATCTGTAATCCCAGCACTTTGGGAGGCTGAAGTGGGAGGATCACTTGAGGCCTGGAGCTTGAGACCAGCCTTGTCAACATAGTGAGATTAAAAAATTAGCTGG"
"GL873521","4004664","4004811","chr5","141173286","141173416","45","137168622","CTGCTTATGCTGGAGGACCCTCACCCCACCCCACCCCCACACACACCTTGTGCTCCTGACTTGGAGACTGCAGTGAACTATGATCAGGCCGCTGCCCTCCAGCGTGAGCGACAGAGCATGACCCTGTCAAAAAAAAAAAAAAAAAAAA","CTACTTGGGAGGCTGACCCACGAGAATCACTTGAACCTGGGAGGTAGGCTGCAGTGAGCTAAGATCACACCACTGCACTCCAGCCTGGGCAACAGAGCAAGACTCTGTCTCAAAAAAAAAAAAAAAAAAAA"
"GL873521","4367979","4368038","chr4","148843957","148844014","16","144475978","GGGCCCGGATAATGGCTCTAATCCCAGCTACTTGGGAGGCTGGGGCAGAAGGATCGCTTG","GCAATGGTACATGCCTATAATCCCAGCCCTTTGGGAGGCTGAGGCAGGAGGATCACTT"
"GL873521","4416492","4416644","chr15","38442496","38442652","39","34026004","GACAAAAATTAGATGGGCGTGGGGCTGTAGTTCCAACTACTCTGGAGGCTGAGGCAGGAGGGTTGCTTCAGCCCAGGAGTTTGCGGTTGTAGTGAGCTATAATGATTCCACTGCACTATAGCATGGTGACAGAGTAAGACTGTATCTCAAAAA","TTAGCCAGATATGGTGGTGCATGCCTGTAGTCCCAGTTACTTGGGAGGCTGAGGCGGGAGGATTGCTTGAGCCCAGGAGTTTGAGGCTGTGGTGAGCTATGATTGTGCCACTGCACTCCAGCATGGGTAACAGAGCAAGACCCTATCTCTTTAAAAA"
"GL873521","4416915","4417046","chr12","122239412","122239544","30","117822497","GCCTGGTACAGTGGCTCACAGCTGTAATTCTACCACTCTGGCAGACTGAGGCAGGAGTATAGCTTGAGGTCAGGAGTTAGAGAGCAGCCTGAGCAAAAGTGAGACCCTCTATTAAAAATAGAAGAATTAGGG","GGCTGAGCACGGTGGCTCATACCTGTAATCCTAGCACTTTGGGAGGCTGAGGCGGGAGGATTGCTTGAGGCCAGGAGTTTGAGACCAGCCTGGGCAACATAGTGAGACCCCATCTCTAAAAAAAAAAAAATTA"
"GL873521","4508052","4508216","chr1","180937305","180937458","45","176429253","CGCCAAAATAGCCACGTATGGTTGTGTGCACCTATAGTCCCAGCTATTTCAGAGGCGGAGACCATAAGACCACTTGCACCCAGGAATTTGAGGATACAGCAAGCTGTGATCATGCCACTGCACTCCACTCCAAGCCACAGACTGAGGCCTTGTCTCTTAAAAAAA","GCAAGCCAGGTGTGGTGGCATTTGCCTATAGTCCCAGCTATGTCAAAGGCTGAGACAAAAGTATCACTTGAACCCAAGAGTTAGAGGTTACAGTGAGCTATGATCGCACCACTGCACTCCAGCCTAGGCAACAGAATGAGACCCTGTCTCTAAA"
"GL873521","4508241","4508340","chr4","142826785","142826889","25","138318544","CCAGGTGCCATGGCTTATGCCTGTAATCCCAGGGCTCAGCTTGAGGCAGATGATCACTTGAAGCCAGGAGTTCGAGACCAGCCTGGGTAACACAGTGAGA","GGCCAGGTGTGGTGGCTCATGCCTTTAATACCAGGGCTTTGGGAGGCTGAGGCAGGACGATCACTTGAGGCCAGGTGTTTAAGACCAGCCTGGGCAACATAGGGA"
"GL873521","4585645","4585775","chr1","22024766","22024901","32","17439121","GCTGGGCAAGGTGGCTCACGCCTGTAATCCGAGCACTCGGGGAGTCCAATAGGGGTGGATTGCCTGAGCTCAAGTTCAAGACCAACCCAAGCAAGAGTAAGACCCCATCTCTACTAAAAATAGAAAAAACA","GCCAGGTGAGGTAGCTCACGCCTGTAATCCCAGCACTTTGGGAGGCCAAGGTGGGTGGATCAACTGAGGTCAGGAGTTCAAGACCAGCCTGGCCAATATGGTAAAACCCCATCTCTACAAAAAATACAAAAATTAT"
"GL873521","4586039","4586216","chr5","162553581","162553768","45","157967542","TAATAGAAAAACTAGCCACTGGTAGGCACCCATAGTCCCAGCTACTTGGGAGACTTAGGCAAGAGAATCACTTAGCCCAAGAGTTTGAGGTTGCTGTGAGCTATGATGCCATAGCACTCTACCCACAGTGCCAGAGTGAGATTCTGTCTCAAAACAAAAAAAGAAAGAAAGAAAGAAA","AATTTAAAAATAGCCAAGTATAGTGGCATGCCTCTGTATTCCTAGCTACTTAGGAGACTGAGGCAGGAGGATCACTTGAGCCCAAGTGTGTGAGGCTGCAGTGAGCCATGATCCAGCCACTGCACTCGAGCCTGGAAGACAGAGTGAGATACTGTCTCAAAAAAAAGAAAGAAACGAAAAGAAAGAAA"
"GL873521","4615177","4615298","chr12","11845861","11845982","46","7230684","AAATATAATGAGTAGCTGGGTGTGGAGGCACGTACTTCTACACCCAGCTACATAGAAACTGTGTAGCAGGCAGGAAGATAGTTTAATTAATATAGTGAGAACCCCATTTCAAAAAGAAAGAA","AATACAAGGAAGCCAGGTGTGGTGGCATGCACCTACAGCCCGAGCTACTCGGGAAGCTTTGAACTGGAGACAAGCCTGGGCAACATAGTGAAACCCCATCTCCCTCTAAAAACAAGGAAAGA"
"GL873521","4639212","4639298","chr17","29760224","29760310","16","25121012","GGCCTGGCACAGTGGCTCATACCTATAATCCTAGCACTCTGGGAGGTGAGGTGGGGAGGATCCTTTGAGCTTAAGAGTTTGAGATCA","GGCCATGGGCAGTTGCTCACACCTATAATCCCAGCACTTTGGGAGACTGAGGTGGGAGGATCGCTTGAGCACAGGAGTTTGAGACCA"
"GL873521","4757227","4757326","chr1","32811419","32811520","26","28054192","TAAAATAAATAAATCAGCTGGCAGTGTGGTAGGCAACTGTAGCCCCAGCTACCCAGGGCTGTGGCAGGAAGGTGACTTGAGCCCAGTAGTTTGAGGTTGC","ATTAAATTAAATGGAGCCGGGCGTGGTGGTATGCACCTGTTGTCCCAGCTACTCAGGAGGCCAAGGCAGGAGGATCACTTGAGCCCAGGAGTTTGAGGATGC"
"GL873521","4757600","4757715","chrX","124471265","124471386","33","119713665","GGCTGAGCAGTGTGGCTCACGCCTGTAATCCTAGTGCTTTGGGAGGCTGAGGTGGAGTGAATTCCAGACCTGCCTGAACAAGAGAGTTTTTGTCTCTACTAAAAATATAAAAATCA","GGCTGGACACCGTGACTCACGCCTGTAATCCCAGCACTTTAGGAGGCTGAGGCAGGAGGATTGCTCAAGACTAGCCTGGCCAACATGGTGAAACCCCGTCTCCACTAAAAATACAAAAATTA"
"GL873521","4833908","4834183","chr20","5619662","5619943","68","785754","GGCCAGTGCAGTGGCTCATGCTGTAATCCCAGCCCTCTGGGAGGCTGAGGCAGGCGGATCCCCTGAGCTCAGTGGTTGGAGACCAGCCTGAGCAAAAGTGCAACCCCGGCTCTACTAAAAATAGAAAAAACATTAGCTGGGCTGGGTGGCAGCTGCCTATAGTTACAGCTAATAGGAAGGCTGAGACAGGAGGATGGTTTGAGCTCAGGAGGTTGGGGTTAAGATATGGTGACACCACTGCATGCTACCTGGGGCACAGAGCAAGACTCTTGTCTC","GGCCAGGTGCAGGGGCTGACACCTGTAGTCCCAGCACTTTGGGAGGCTGAGGCAGGAAGATCACTTAAGCCCAGGAGTTCGAGACCAGCCTGCGCAACATGGTGAAAACCCGACTCTACAAAAAATACAAAAACTAGCCAGGCATGGTGGTGCCTGCCTGTAGTCCTAGCTACTCAGAAGGCTGAGATGGGAGGATTGCTTGAGCCCAGGAGGTTGAGGTTGCAGTGAGCTGAGATGACACCGCTGCATTCCAGCTTGGGTGCCAGAGCAAGACCCTCTCTC"
"GL873521","4857882","4858053","chr13","48157593","48157767","59","43299711","GACCAACCAGAGTAAGAATAAGACCCCTGTCTCTACAAAAAAATGCCAAAATTAGCCAGGCATAGTGGCATGCACCTATAGTCCCAGCTACTATAGTTTTGAGGTTGCTGTGAGCTATGACGATGACATTGCACTCTACCCCAGGCAACACAGCAAGGCTCTGTCTCCAAAA","CCAGCCTGGACAACATAGGGAGACCCTGTCTCTACAAAAAAATTTTCAGAAAATTAGCTGGGCACCATGGCGCATTCCTATAGTCCCAGCTACTCAGGAGGCTGCAGTGAGCCATGATTGTGCCACTGTGCTCCAGCACGGGTGACAGAGCAAGACCCTGTCTCTTAAAAAAAAA"
"GL873521","4858329","4858418","chr2B","246546136","246546224","17","241687807","CAGGAGCAGGGGCTCACACCTATAATCCTAGCACTCTAGAAGGCCAAGGCTGGAGGATTACTTGAGGCCAGAAGTTCATGACCAGCCAGT","CCAGGTGCTGTGGCTCATGCCTGTAATCCCAGCACTTTGAGAGGCCTAGGCAGGAGGATTACTTGAGGCCAGAAGCTCAAGACCAGCCT"
"GL873521","4904065","4904344","chr20","3250028","3250308","77","1654037","GGCCAGGCATGGCGGCTCAGCCTATAATCTGGGAGGCCAAGGCTCAAGGAGTTTGAGACCTGCCTGAGCAAGAGCAAGACCCTGTCTCTACTAAAAATAGAAAAAACAGCCAGGTGTTGTGGCAGGCACCTGTAGGCCCAGCTACTTGAGAAACTGAGGCAGGAGGACTGCATGAGCTCAGGAGTTTGAAGTTGCTGTGAGCTAAGAAGCCACAGCATTCTAGTCTGTAGCAACAGAGTGAAACTGTCTCAAAAACAGAACAAAACAAAACAAAACAAAA","GGCCAGGTGCAGTGGCTCACACCTATAATCCTAGCACTTCAAGGCCAAGTTCGAGACCAGCCTGGGCAACATGGCAAAACCCTGTCTCTACAAAAAAAAAATAAAAATTAGCCAGGCATGGTGGCGCTCACCTGTAGCCCCAGCTTCTTGTGGGGCTGAGGCAGGAGGATTGTTTGAGCCTGGGAGACAGAGGTTGCAGTGAACCTATATCATGCCACTGCACTCCAGCCTGGGTGACAGAGTGAAACCCTGTCAAAAAAAAAAAAAAAAAAGAAAGAAAA"
"GL873521","5548943","5549231","chr4","172002891","172003185","72","166453948","GACTGGGCACAATGGCTCACGCCTATAATCCTAGCACTCTGGAAGGCCAAGGTGGGTGGATTACTTGAGCTCACAGGTTTGGGACCATCCTGAGCAAGAGTAAAACCTCATCTCTAAAAATAGCCCGGCATTGTGGTGGGTACCTTGTAGTCCCAGCTAGTTGGGAGGCTGAGGCAAGAGAATCTCTTGAGCCTAAGACTTTGAGGTTGCTGTAAGCTGTGATGCCATGGTACTCTACCGAGGGTGACATAGTAAGACTCTATCTCCAAAAAAAAGAAAGGAAAAAGAA","GGCCAGGCACAGTGGCTCATGCCTATAATCCCAGCAATTTGGGAGGCCAAGGTGGGAGGATCACTTGAGCCCAGGAGTTGGAGACCAGCCTGGGCAACATGGCAAAACTCCATCTCTACAAAAAATAGAAGCCAGGTGTGGTGGTGTGCATCTGTAGTCCCAGCTACTTGGGAGGCTGAGGTGGGAGAATCGCCTGAGCCTGGGAGGTGGAGGTTGCAGTGAGCCAAGATCATGCCACTGCACTCTAGCCTGGGTGTCAGAGTGACAACTTGTCTCAAAAAAAAAAAAAAAAGAA"
"GL873521","5616768","5616899","chr1","134480867","134480991","29","128864099","GTGGCTCTCTCCTGTAATCCCAGCACTTTGGGAGGCCAGGGGAGAGGATTGCTTAAGGCCAGGTATTTGAAACCAGCCTGGGCAACACAGAGAGATATGCCCATCTCTACCAAAAGAAAAAAATTGCTAGGA","GTGGCTCATGCCTGTAATCCCAGCACTTTGGGAGGCCAAGGAGTGAGGATTGCTTAAGTCCAGGAGTTCAAGAACAGCCTGGGAAACATAGTAAGATCCTGTCTCTACAAAAAATAAAAAATTGT"
"GL873521","5617203","5617331","chr3","201848039","201848154","42","196230836","TTAAAAGTTTGCTGGGCTTGCTGAAGTGTGCCTGTAGTCCCAGCTACTCAAGAGACTAAAGTGGGGGGGATCAACAGAGCCCAAGAGTTTTAGCCTGTTCTGAATCACTGGACCACTGCATTCCTGTCT","ATTAGCTGGGCGTGGTGGCGGCTGCCTGTAGTCCCAGCTACTCAGGAGGCTGAGGTGGGAGGATCACCTGAGCCCGGGAGGTCGAGGCTGCAGTGAGCAGTGATGACGGCACTGCA"
"GL873521","5813449","5813645","chr8","55925895","55926096","51","50112446","TCTATAAATATATAGAAATTGCCAGGCACTGTGGCTAATGCCTGTCATCCGAGCACTTTGGGAGGCTGAGGCAGGAGGATCATTTGAGCCCAGAAGTTGGAGGCTTCTATGACTGGGGTGCTGCACTACAGTGGAGGCTGGGTGAAAGAGCAAGATTCTGTCTCTAAAAAACATACAAAACAAACAAACAAACAAAA","TCTCTACAAAAAAATAAAAAACTAGCCGGGCATGGTGGCACATGCCTGTAGTCCCAGCTACTTGGGAGGCTGAGGCAAGAGGATCACTTTACCCCAGGAGGTCGGGGCTGCAGTGAGCTGTGTTCATACCACTGCACTACAGCCTGGGTGACAGAGCAAGACTCTGTCTCAACAAAACAAAACAAAACAAAACAAAACAAAA"
"GL873521","5816723","5816839","chr7","150519989","150520108","29","144703266","GGCTTACACCTGTAATCCTAGCACTTTGGGAGAGTGGGAGTATGGCTCGAACCCAAGAGTTGGGAGACCAGCATGGGAAAGAATGAGACCCTGTCTCTACAAAAATAGAAAAATTAG","TGGCTCACATCTGTAATCCCAGCACTTTGGGAGGCCAAGGTGGGAGGATTGCTTGATCCCAGGAGTTGGAGACCAGCCTGGGCAACATAGTGAGACCCTGTCTCAACAAAAATTTATTTT"
"GL873521","6392280","6392393","chr13","98865790","98865887","34","92473510","GGCATGGTGATACATGCCAGCGACTTAGGAGGAGGACCCCTTGAGCAAGTGAGCAGTGATTGTGCCACTGCACCTCCAGCCTGAGCAACAAAGTGAGACTCTGACTCTTAAAAA","CAGGGGGACCACCTGAGCCTGGGAGGTTGCAGCTGCAGAGCCGTGATTGTGCCACTGCATTCCAGCCTGGGCAACAGAGTGAGCTCCTGTCTCAAAAA"
"GL873521","6821886","6822161","chr13","35542940","35543211","71","28721054","GGCCTGGTGCAGTAGCTCAGAGCTGTAAGCCTAGCACTCTGGGAGGCAGAGGTAGGTAGATCACTTGAGACCAGGAGTTCAAGAAGACCAGACTAAGTAAGAGTGAGACCCTCACCTATGCTAAAAATAGAAAATATTAGCTGGGCATACAGTGTATGTCTGTAGTCCAGGCTACTTAGGAAGCTGAGGTAGGAGGATCACTTAAGCCCAGGAGTTTGAGGTTGCTGTGAGCTAGGCTGAGGCCATGGTACTTCAGCCTCGGCAACAGAGTGAGAC","GGCCAGATGTGGTGGCTCACACCTGTAATCCTAACACTTTGGGAGACCGAGGTGGGTGGATCACTTGAGGTCAGGAGTTCAAGACCAGCCTGGCCAACATGGTGAAACCCCATCTCTACTAAAAATACAAAAATTTGCTGGGCATGATGGTGGGCGCCAGTAGTTCCAGCTACTCAGGAGGCTGAGGCAGGAGAATCGCTTGAACCCAGGAATCAGAGGTTGCAGTGAGCCAAGATCACGCCATTGCACTGAAGCCTGGGCGACAAGAGCAA"
"GL873521","6822427","6822459","chr1","26448863","26448892","8","19626436","TCAGAGTGAGACTTTATCTCAAAGAAAAAAAAA","TGAGTAAGACCCTGTTTCAAAGAAAAAAAA"
"GL873521","6828199","6828251","chr12","8954703","8954756","17","2126504","GGGAGAGGTAGCTCAGGCCTGTAATTCTAACACTCTGGGAGGGAGGATCCCTT","GGTCAGGTATGGTGGCTCATGCCTGTAATTCTAGTACTTTGGGAGGCTGAGGTC"
"GL873521","6828640","6828791","chr2A","70191250","70191406","45","63362610","CCTTGAGCTCACAAGTTTGAGACCAGCCTGAGCAAGAGCGTGACTATCTCTACTAAAAATAGAAAACTCTGCTAGGTGTTGTGGCAGGTGCCTATAGTTCCAGCTACCTAGGAGGCTGAGGCAAGAGGATCACTTAAGCCCAGCAGTTTGAG","TCACTTGAGCCCAGGAGTTCGAGACCAGCCTGGGCAACATAGTGAGACTCAGTCACTACAAAAATAAACTTGCTGGGTGTGGTGGTGTGCACCTGTAGTTCTAGCTACTCAGGAGGCTGAGGTGGGAGGATCCCTTGAGCCTCGGAGGTGGAGGTTG"
"GL873521","6837142","6837367","chr12","104694083","104694305","59","97856941","GACTGGGTGCTATAGCTCACACCTGTAACCCTAGCACTCTCAGAGGCCAAGGTGGGTGGATTCGCTGAGCTCAGGAGTTCAAGACCAGCCTGAGCAAAATAAGACCCCATCTCTACTAAAAATAGAAAAAGAAAAACCAGCCAGGTGTGGTGCCAGGAGCCTGTAGTTCCAGCTACTCAGAGGCTAAAGTAAGAGGATTATTTGAGCAGTAAGAGTTTGTGGTTTC","GACTGAGTACGGTGGCTCACACCTGTAATCCTAGCATTTTGGGAGGTCAAAGTGGGAGGATGACTTGAGCCCAGGGGTTCAAGACCAGCCTGGGCAACAAAGTGAGACCCTGTCTCCATAAAAATTACAAAAATTAACCAGGCATGGTAGCATGTGCCTGTAGTCCCAGCTACTCGGGAAGCTGAGGCCAGAGGATTGCTTGAGCTTAAGAGGTTGAGGCTGC"
"GL873521","6837616","6837695","chr14","61332116","61332199","24","54494500","GTTTGTGGTTGCTGTGAGCTATGACATCACAGCACTCAACCCCAGGGTGACTACATACAACTCTGTCTCAGAAAAAAAAA","GGTTGAGGCTGCAGTGAGCTGTAATTGTACCACTGCACTCCAACCCAGGTGACACAGTAAGACCCTATCTCAAACAAAACAAAA"
"GL873521","7000001","7000131","chr1","35753661","35753787","41","28753660","ACAGTAATACATACTTGTAGTTCCAGCTTCTAGGCTGAGGCCAGAAGATGGCTTGAGCCCAGGACTTTGAGGTTGCAGTGAGAGATGATGATACCTCTGTACTCTAGCCCAGGTAACAGAGACTCTGTTTC","TTAGCCAGGCATACTAGCTCATGCCTGGAGGCTGAAGCAAGAGGACAGCTTGAGCCCAGGAGTTTGAGGCTGCAGGCAGCTATGATCGCACCATCGCACTCCAGCCTGGGTGACAAGACCCCATCTC"
"GL873521","7000386","7000547","chr6","44662547","44662705","42","37662161","GGGTGTGGTGGCTCTTACCTGTAATCCTAGCACTTTGGGAGGCTGGGGCAGGCAGGAAGATTGTTTGAGGCCAGGAGTTCCAGACCAGGCTTGTCAATATAGTGAGACCCCGTCCCTATAAAAAATAGAAAAATTATCTGGGCCTGGTAATGCATACTTTGG","GGCACAGTGGCTCATGCCTATAATCTCAGCACTTTGGGAGGCCAAGGTGAGAGGATCACTTGAGCCCAGGAGCTACAGACCAGCCTGGGCAACATAGAGAAAACCCATCTCTACAAAAAATACAAAAATTATCTGGGCGTGGTGATGCATGCCTGTTGT"
"GL873521","7034228","7034543","chr6","83628974","83629284","80","76594746","GGCCAGATGCAGTGGCTGACACCTGCAATTCTATAACTTTAGGAAGGTGAGAGAATTGCTTGAGGCCAGGAGTTCCAGACCAGCCTGAACAATATAGTGAGACCCCATTGCTACAAAAATTAGAAAAATTCACTGGGTGTAATGGCCAATGCCTGTATTCCCAGATAATCCAGAGGCTGATGCTGGAAGATTACTTGAGCCCAAGAATTTGAGGTGACAGTGAGCTATGATGACACCAATGCACTCTAGCTTGGGCAATAGAGTGTGACCCTATTTCCAAAAAAAGAAAGAAAGAAAGAAAGAAAAGAAAAGAAAA","GGCAGGGCATGGTGGCTCATACCTGTAATCCCAGCACTTTGGGAGTCCAAAGTGGGTGGATCGCTTGAGTCCAGGAGTTCAAGACCAGCATGGGCAATATGGTGAAACCCTATCTCTACAAAAAAATACAAAAATTAGCTGGGCATGGTGGCATGCACTTGTATCCCAGCTACTCCAGAGGCTGAGGTGGGAGGATTGCTTGAGCCCAGGAGGTTGAGGCTGCAGTGAGCCATGATCACACCACTGCACTGTAGCCTGGGCAGTAGAGCGAGACACTGTCTAAAAAAAAAAAAAAAGAAAAGAAAAGAAAA"
"GL873521","7070010","7070206","chr5","79804250","79804453","53","72734240","GGCCAGGCAAGATGGCTCATGCCTGTAATCCTAGCATTCTGGGTGGCTGAGACAGGCATATTCCCTGAACTCATGAGTTGGAGACAAGTCTGAGCCAGAGTTAGACCTCATCTCTAAAAATAGCCTGGCATTGTGGCATACACCTGTAGTCTCAGCTACTTGGGAGGCTGAGGTGAAAGAATTGCTTAAGCCCAAGA","CAGGCACTGTGGATCACACCTGTAATCCCAGCACTTTTGGAGGCTGAGGCGGGCAGATTGCTTGAGCTCAGGAGTTTGAGACCATCTTGGGCAACCTGGTAGAACCACATCTCTACAAAAAATTAGCCGGGCATCGTGGCACACGCCTGTAGTCGCAGCTATTTGGGGGGCCTCCTGAGGTGAGAGGATTGCTTGAGTCCAGGA"
"GL873521","7070300","7070404","chr10","27497894","27497990","34","20427594","GTAAGCCCAAGATTTTGAGGTTGCTGTGAGCTATAATGCCATAGCACGCTAACTGAAGCAAAGTAACTATGACAAAGTAAGACTCGGTCTCAAGAAAGAGAAAAA","CACTTGAGCCCAGGAGGTTGAGGCTGCAGTGAGCTATCATGCCACCACACTCCAGCCTGAATTACATGGCAAGACCCTGTCTCAAGAAAAAAAAAAA"
"GL873521","7099137","7099314","chr16","419989","420167","56","6679148","GGCTGGGTGCCGCGGCTCACACCTATAATCCTAGCACTCTGAGAGGCCAAGGCAGGTGGATTGCTTGAGCTCAGGCACTTGAGGCCCTCAAATAGAAAAACTAGCCCAGCCTTGTGGTGGGCCCCTGTAGTCCAGCTACTTAGGAGGCTGAGGCATGAGGATCGATTGAGCCCAAGTA","CTGGGCACCGTGGGTCATGCCTGTAATCCCAGCACTTTGGGAGGCTGAGGCAGGAGGATCACTTAAGCCCAGGTGTTCAAAAAACAAACAAAAAAACATTAGCCAGGTGTGGTGGTGCACACCTGTAGTCCCGGCTACTCAGGAGACTGAGGTGGGAGGAGCTCTTAAGACCGAGAGGT"
"GL873521","7099591","7099694","chr5","181790038","181790151","31","174690447","TGAGGCCAAGTATTTGAAGTTGCTGTGAGCTATGATGTGGCGCTCTACCAAGGTTGATAAAGTGAGACTCTGTCTCAAAAACAAACAAACAAACAAAAAAGCAA","TTGCTTGAGCCCAGGAGGTGGAGGTTTCAGTGAGCCAAGATCGTGCCACTGCACTCCAGCCTGGGTGACAAAGTGAGACCCTGTCTCAAAAACAAACTAACAAACAAAAAACAA"
"GL873521","7182117","7182284","chr17","14741482","14741644","46","7559365","AATTAGCCAGGCATCATAGCACATGCCTATAGTCCCAACTATTCAGGAGCCTCAGGGCCAGGAGGATCCCTTGAATATAGGAGTTTGGGGTTACTGTGAGCTATAATGATACCACCCACTGCACTTTAGTCTGGGTGACAGTGAGACCCCGGCTCAGGGGGAAAAAAA","AATTAGCCAGGCATGGTGGCACATGCCTATAGTTCCAGCACTTTGGGAGGCTAAGGCAGGAGGATTGCTTGAGCCCAGGAGTTTGAAGTTACAGTAAGCTATGATCATGCCATTGCACTCTAGCCTGGGCAACAGAGTGAGACCTTGTCTCTAAAAAAAAAAA"
"GL873521","7182549","7182656","chr11","75656969","75657073","28","68474420","AACCCCAGCACTTTGGGAGGCCAAAGCAGGAGGATCATTTGAGGCCTAGGAGTTGGAAAGCAGGCAGAACAAGAGTGAGACTATCTTCATAAAAATACAGAAAAATTA","CCAGCACTTTGGGAGGCCAAGGCAAAAGGATCACTTGAGCCCAGGAGTTTGAACCAACCTAAGCAACAGAGTGAGACCCTGTGTCTACAAAATATTAAAAAATTA"
"GL873521","7224398","7224414","chr1","153358526","153358539","3","146134128","AAAAAAGAAAGTAAAAA","AAAAAAAAAAAAAA"
"GL873521","7224442","7224704","chr16","23925003","23925279","73","16700561","GTGTGATGGCTCATGCCCATAATCCTAGTACTTTGGGAAGCTTAGGCAGGAAGATTGCTGGAGGTCAGGAGTTCAAGACCCACCTGAGCAAGAATGAGACCCCCGTATCTACAAAAAATAGAAACATTAGCTGGGTGTGTTGGTGTATGTCTGCAGTACCAACTACTAGAGAGTTTGAGGCAGGAGGATCGTGTAAGCCCAGGAATTTGAGGTTGCAGTGAGCCACCACTGCACTCTACCCTGGGAGGCAGATCAAGACTGTG","GGCTGAGCGCGGTAGCTCATGCCTATAATCCCAGCACTTTGGGAGGCTGAGGCAGGTGGATTACTTGAGCTCAGGAGTTCGAGACCAACCTGGGCAACACGGTGAAACCCCTTCTCTACAAAAAACACAAGAATTAGCAGGGCATGGTGGTGTGCACCCGAAGTCCCAGCTACTCAAGAGGCTGAGGTGGGAGGATGGCATAAGCCCAGGAAGTGGAGGTTGCAGTGAGCCAAGATCATGCCACTGCACTCCAGCCTGGGTGACAGCAAGACTGTCT"
"GL873521","7244822","7245115","chr16","74165797","74166100","72","66920975","GGCCGGGCTCAGTGGCTCTATAATCCTGGCACTCTGGGAGGTCAAGGTGGGTGGATTGCTTGAGCGCAGGAGTTTGAGACCAGCCTGAGCAAGAGTGAAACCCCGTCTCTAAAAATAGCCAGGTGCTGTGGTGAGCCCCTATAGTCCCAGCTACTCAGGAGGCTGAGGCCAGAGAATCGCTTAAGCCCAGAAGTTGGAGGTTGCTGTGAGCCGTGATACCATAATTCTTTAACAAGGGTGACAGAGTGAGACTCTGTCTCAAAAAAACAAACATACAAACAAAAAAAAAAAAAA","GGCTGGGCACAGTGGCTCATGCTTATAATTCCAGCACTTTGGGAGGCCAAGGTGGGTGGATCACTTGAGCCCAGGAGTTCGAGACCAGCCTGGGCAACATGGTGAAACTCTGTCTCTACAAAAAATTAGCTGGGTGTGGTGGCTCGTGCCTGCAGTCCCAGCTACTCAGGAGGCTGAGGTGAGAGGATCAATGGAGCCCAGGAGGTGGAAGTTGCAGTGAGCCAGATCACACCACTGTACTCTCCAGCCTGGGTGACAGAGCAAGACCCTGTCTCAAAAACAAACAAACAAACAAACAAACAAA"
"GL873521","7391188","7391475","chr8","106723939","106724236","70","99332751","GGCATGGTGGCTCACACCTATAATCCTAGCACTCTGGGAGGACAAGGTGGGAGGATCCCTTGCACTCAGAAGTTCAAGACCAGCCTGAGAGAGAATAGGACCCCATCTCTACTAAAAATAGAAAAATTACCTGGGCATTGTGGTTGGTGCCTGTAGTCCCAGCTTCTTGGGAGGGTGAGGCAGGGGCATCACGTGAGCCCAGGAATTTGAGGTTACAGTTAGCTGTTTTGTCACAGCCATCTACCCAGGGCAACAGAGTGAGACTCTATCTCAAAAAGAAAAAAAGAG","GGTGCTGTGGCTCAAGCCTATAGTCCCAGCACTTTGGGAGGACAAGGTGGGAGGATCACTTGAGCCCAGCAGTTCAAGACCAGCCTGAGCAACATGATAAGACCCCATCTCTACAAAAAATTAGAAAAATTAGCCAGGCATGGTGATGTATGCCTGTGGTCCTAGCTACTTGGGAGGCTGAGGCAGGAGGATCCCTTGAGCCCAGGAGGTCAAGGTTGCAGTGAGCCATGGTTGTACCACTGTACCCCAGCCTGGGTTACACAGTGAGATCCTATCTCAAAAAAAAAAAAAAAAAAAA"
"GL873521","7391570","7391585","chr17","38661961","38661976","2","31270391","GAAAAAAAAAAGAGAA","GAAAAGAAAAAAGAAA"
"GL873521","7411261","7411442","chr4","57296207","57296386","41","49884946","AGAAAGAAAGAAAAAAAATTAGTCAAGAATGGTGGCATGCACCTATATTCCCAGCTACTCAAGAGACTGAAGCAGGAGGATTACTTGAGCTCAGGAGTTGGGGGCTGCAGTAAGCTTTGACTATACTAATGCACTCCAGCCTGGGTGACAGAGCGAGACCCTGTTTCAAAAAAGAAAAAAAA","AAAAAAGAAAAATTAGCCAGGCATGGTGGCATGTGCCTGCAGTCCCAGCTACTCAGGAGACTGAGGTGGGAGGATTGCTTGAGCCAGGGAGATTGGGGCTGCAGTGAGCTGTGATATCATGCCACTGTACTCCAGCCTAGGCCGCAGAGTGAGACCCTGTCTCAAAACAAAAACAAAAAA"
"GL873521","7411723","7411845","chr16","11721596","11721721","28","4309873","GGCTGGGTGCAGTGATCCTAGCCTTTTGGGAGGCTGAGGCAGGAGGACTGATTGAGGCCATGAATTTGAGACCAGCCTGAGCAAGAGTGAGACCTTGTCTCTGCAAAAAATAGGAAAATTAGT","GGCTGGATGCGGTGGCTCATGCCTTTTGGGGAGGCTAAGGCAGGAGGATTGCTGGAGCCCAGGAATTAAAGACCAGCCTGGGCAACATAGTGAGACCTCGTCTCTACAAAATTAAAAATTAAGTTT"
"GL873521","7473204","7473396","chrX","14950093","14950281","51","7476889","CAAAAAAAAAACCTTAGCCAGGTATGGCAGCACAGATTTGTCATCCCAACTACTCAAGAAGCTAAGGTGAGAAGATCACCTGAGCACAGGAGTCTGAGGTTATAGTGAGCTGTGACTGGGCCATTCACTACATTCCAGCCTATGCTATAGAGTAAGACCCTGTCAAAAGAAAAAAAAAGAGAGAGAGAGAAAA","TCAATAAATAAAAATTAGCCAGGCATGGTAGCACATGCCTGTCGTCCCAGTTACTCAGGAGGCTGAGGTGGGAGGCTCACCTGAGCCCAGGCATTGAAGGCTGCAGTGAGCTATGATCACAACACTGCATTCCAGCCTGGGTGACAGAGCAAGACCCTGCCTCAAAATAAAATAAAGAAAGAAAGAAAA"
"GL873521","7473423","7473542","chr14","57739259","57739375","24","50265836","CTGGGCACAGTGTTCATGCCTGTAATTTGAGCACTTTGGGAGGCCAAGGCTAGAGGATCACTTGAGGCCAGGAGTTTGAAACCAGCCTCAGTAACACAGAGAACCCTCATCTCTATTTAA","CTGGGTACATTGGCTCAAGCCAGTAATCCCAGCACTTTGGGAGGCCAAAGCAGGAGGATCACTTGAGGCCAGGAGTTTGAGACCAGCCTGGGTAACATGAGACCCTGTTTCTACAAA"
"GL873521","7573100","7573248","chr5","35112160","35112317","42","27539060","AGCCAGATGTGGTCTATAGTCCACAGCTACTTAGAGGCTGAGGCAAAGGGATCACTTGAGCCCGAGAGTTCAGGGCTGTGGTGCACAATGATCATGTCTGTGAATAGCCACTGCACTTCAGCCTAGGCAACATAGCAAGACCCTATCTC","AGCCTGGTGTAGTGGCACATGCCTATAGTGTCAGCTACTGGAGAGGTTGAGGCAGCAGGATTGCTTGAGTCCAGCAGTTCAAGGCTGTAGTGCACGATGATGGTGCCTGTGAATAGATACTGTGCTTTAGCATGGGCAACACAGCAAGACTCTGTCTG"
"GL873521","7601934","7602029","chr5","155700261","155700353","20","148098327","GGCTGAGCCCAGAGGCTCATGCCTGTAATTCTAGCACTCTGGGAGGCTGAGGCAGGTGGAGTGCTTGAGCTCAGGAGTTAAAAAAATCCAGTTTGA","GGCCGGGCACAGTGGCTCATGCCTATAATCCCAGCACTTTGGGAAGCTGAGGCAGGAGGATTGCTTAAGCCCAGGAGTTCAAGACCAGTCTTG"
"GL873521","7602314","7602531","chr2A","29137649","29137868","57","21535335","GACCAGTGTGAGCAAGGGCAAGACTCTGTCTCTACTAAAAATAGAGAAACTAGCTGAGCATTGTGGTGGGTGCCTAAAGTCTCAGCTGCTCAGGAGGATAAGGCAGGAAGATCTCCTGAGCCCAGGAGTTTGAGGTTGATGTGAGCTATGATGATATCGCATTCTAACCAGGTAACAGAGTGAGGCTTTGTCTCAAAAAAAAAAAAAAAAAAGAAAAA","CAGCCTGGTCAACATAGGGAAACTCTGTCTCTACAAAAAGTTAAAAAATTAGCTGAGCATGGTGGCACATGCCTGTAGTCTCAGCTACTCAGGAGGCTGAGGCAGGAGGGTCACTTGAGCCTGGGAGGCTGAGGCTGCAGTGAGCTGTGATCATGCTATTGCACTCCAGCCTGGGAGACAGAGTGAGATCCTGTCTCCAAAAATAAAAAATAAAAATAAA"
"GL873521","7608283","7608358","chr9","32411376","32411450","22","24803093","AGGCTGAGGAGGAAAGATTACTTGAGCCCCAAAATCTAGCCTTGGTGACATAGTGAAACTCTGTCTAAAAAAAATA","AGGTGGGAAGAGTACTTGAGGCCAGGAATTCAAATCTAGCCTGGGCAACATAGTGAAACCCTGCCTTAAAAAAAA"
"GL873521","7633232","7633420","chr7","4237351","4237553","52","3395881","GTGGTGGCTCATGCCTGTAATCGTAACACTCTGGGAGGCTGAGGTGGGTAGATTGCTTCAGCTTAGGAGTTCGGGACCAACCAAAGCAAGAATGAGACCCCCTCTCTACTAAAAACAGAAAGACTAGCCAGGCATTGTAGCAGGTCCTGTAGTCGCTACTCAGGAGGCTGAAGCAGGAGGATCACTTAA","GGTCAGGCATGGTGGCTCATGCCTGTAATCCCAGCACTTTGGGAGGCCGAGGTGGGCAGATTGCTTGAACTCAGGAGTTGAAGACTAGCCTGGGCAACACGGCAAAACCCCATCTCTACTAAAACTACAAAAACTAACTGGGCATGGTGGCACGCGCCTGTAGTCCCAGCTACTGGGGAGGCTGAGGTAGGAGGATCACTTGA"
"GL873521","7636438","7636492","chr5","38545852","38545906","11","30909414","ATTCAAGCCTGGGTGACAGAGTGAGACACTATCTAAGAACAATAAATAAATAAAA","ATTCCAGCCTGAGTGACAGAGTGAAACCCTGTCTCAAAACAAAAACAAAAACAAA"
"GL873521","7696982","7697091","chr9","129918441","129918551","24","122221459","TAATCCTAGCACTCTGGGAGGCCAAGGTAAGTGGATTGCTTGAGCTCAGGAGTTCAAGAGCAGCCTGAGCAAGAACAAGACCCCAACTCTATTAAAAATAGAAAAAAGCA","TAATTCCAGCACTTTGGGAGACTGAGGCAGGAGGATTGCTTGAGCTCAGGAGTTCGAGACCAGCCTGGGCAACATATTGAGTCCTCATCTCTATTAAAAATTAAAAAAATA"
"GL873521","7697336","7697489","chr7","132712253","132712405","44","125014917","GTAGAAAAAAGGCCAGCTGGGCATAGTGGTACATGCTTGTAGTCCCAGCTACTTGGAGACTAAGGTAAGAGGACTGCTTAAGTCCAAGAGCTTAAGGTTGCTGTGAGCTATGACACCACAGGGTGATAAGAGTGAGACTGTCTCCAAAAAAAAA","GAATTAAATAAAAATTAGCAGGGCATGGTGGCATGTGCCTGTAGTGCCAGCTACTTGGGAGGCTGACGCCAGAGGATTACTTGAGCCCAGGAGTTGGAGGTTACAGTGATCATGCCACTGCATGACAGAGTGAGACCCTGTCTCAAAAAAAAA"
"GL873521","7750582","7750651","chr7","149337669","149337736","11","141587087","GCTGGGTAAGAGTGGCTCATACCTATAATCCCAGCACTTTTGGGAGGCTGAAACAGGAGGATCACTTGAG","GCTGGGCACAGTGGCTCACACCTGTAATCCCAGCACTTTGGGATGCTGAGGCAGGAGGATCATTGGAG"
"GL873521","7784733","7784858","chr3","160952502","160952627","25","153167769","GGCCGGGCATTGATGGCTTCTACCTGTAATCCCAGCACTTTTGGAGGCTGAGGTGGGAGGTTTCATTGAGATCAGGAGTTTGAGACCAACTTGGGCAACAGTGAGACCCTGCCTTAAAAAAAAAAA","GGCCAGGCATGGTGGCTCACACCTGTAATCCCAGCACTTTGGGAAGCTAAGGTGGGAGGATCGCTTGAGCACAGAAATTTGAGACCAGCTTGGGCAACATAGAGATCCTGTCTCTATTAAAAAAAA"
"GL873521","7784884","7785052","chr16","1604263","1604439","38","6180621","AATTAGGCAGGCATGGTGGCACTTGTCCCAGCTACTTGGAAGGCTGAAGGAGGAGGATCACTTGAGCCCAGGAGTTAGAGGTTGCTGTGAGCTTTGATGCCACTGTACTCTAACCTGGGCAACAGAGTGAGATGTGCCTCAAAAACAAACAAACAAACAAAACCAAAAA","AATTAGCCAGGCATGGTGATTGGCACCTGTGGTCCCAGCTACTTGGGAGGCTGAGGCAGGAGGATGAATTGACCCCAGGAGTTTGAGGCTGCAGTGAGCTATGATGGCACCACTGCACTCTAGCCTGGGCGACAGGATGAGATCTGTAAAAAAATAAATAAAAATGAAAATAAAAAA"
"GL873521","7870707","7870997","chrX","70230306","70230599","61","62359599","GCTGGGCACAGCAGCTCACACCTGAAATCCCAGTACCCTGGAAGGGTGAGGATGGAGGATCACTTGTGGTCAGGAGTTCAAAAACAGCCTAAGCAAGAGTGAATCGCCATCTCTATTAAAAATAGAGAAATTAGCCAGGTGTGGTGGCATTTGCCTGTAGTCCCAGCCACTTGGGAGGCTGAGGCAGGAGGATCATTAGAACCCAGAAGGTGGAGGTTGCAATGAGCAGTAATGACACCACTGCACTCCAGCCTGGGTGACAGAGCAAGTCTCTGTTTCAAAAAAAAAAAA","GGCCAGGTACAGTGGCTCACACCTGTAATCCCAGCACACTGGGAGGCAGAGGCGGGCAGATCATTTGAGCTCAGGAGTTCAAGAGCAGCCTGGGCAACATGGTGAAATCCCATCTCTACAAAAAATAGAAAAATTAGCCGAGTGTGGTGGCACTCCTCTGTAGTCCCAGCTACTTGGAAGACTGAGATGGGAGGATCATTTGAGCCCAGGAGGCGGAGGTTGCAGTGAGCTGAGATTGCACCACTGCCCTCCAGCCTGGGCAACAGAGCAGGACCCTATCTCAAAAAAAAAAAA"
"GL873521","8041789","8041920","chr12","80555695","80555826","29","72513906","GTGGTGGCTCATGCGGATTATCCCAGTACTTTGGGGAGGTTGAGGCAGGAGGATTGCTTGAGCCCAGGAATTTGAGACCAGCCTGAGCAACATAGTAAGACTCTATACAAAAAAATAGAAAAATTAGCCTGG","GTGGCTCATGCCTGTAATCCCAACACTTTGGGAGGCTGAAGCAGAAGGATTGCTTGAACCAGGAGTTTGAGACCAGCCTGGGCAACATAGTGAGACTATCTCCACAAAAATAAATAAAAAATTAGCTGGGCA"
"GL873521","8042182","8042375","chr4","7236991","7237179","49","805191","GGTAAAAAAGAAAAAGAAAAATTAGCCAGGAGCACTAGCTTACGGCTTGTAGTCCTAGCTACTCAGGAGGCTGAGGTAGGGGAATTGCTGGAGTCCAGGAGTTTGAAGCCACAGAGAGCAAAGACCACACCACTGTACTCCAGCCTAGGCAATAGAACAAGACCCTGTCTCTGAAAAAAATAAATAAAAATAAA","TAAAAAAAATACTTAAAATTAGCCAGGCGTGGTGGCACACACCTGTGGCCCCAGCTACTCAGGAGGCTGTTGTAGGAGGATCCCTTGAATCCAGGAGGTCAAGGCTGCAGTAAGCCAAGATCACGCCACTGCATTCCAGCCTAGGCAACAGAGCAAGATCCTGTCTCTTAAAAAAAAAAAAAAAAAGAA"
"GL873521","8067082","8067383","chr20","31024244","31024552","81","22957162","GGCCAGGTGTAGAGGCTCACACTTATAAGCCCAGCACCCTGAGAGGCCGAAGTGGGTGAACTGCTTGAGCTCAGGAGTTCAAGAGTAGCCTGAGCAATAGTGAGAGCCGATTTCTACTAAAAACAGAAAACCTAGCCAGGCACTGTGGTGGCGTCTATAGTCCCAGGTACTCGGGAGGCTGAGGCAGGAGGATTGCTCAATCCTAAACTTTGAGGTTGCTGTGGGCAATAATGCCATATCTCTACCCAGGGGAAAAGAATGAGACTCTGTCTAAATAAATAAATAAATAAAATAAAAACAAA","GGCCAGGCACAGTGGCTCACACCTGTAATCCCAGCACTTTGGGAGGCCGAGGTGGTGGACTGCTTGAGCTCAGGAGTTCAAGACCAGTCTGGGCAACATGGCAAAACCTTGTCCCTACAAATAATACAAAAATTAGCCAGGTGCGGTGGCATGTGCCTGTAGTCCCAGCCACTTGGGAGGCTGAAGTGGGAGGATTGCTTGATCCTGGGAGGTAGAGGCTGCAGTGAGCCATAATTGTGCCACTGCACTCCAGCCTGGGCAACAGAGTGAGACCCTATCTCAAAAATAAATAAATAAATATAAAGAAAA"
"GL873521","8204885","8205108","chr10","14099107","14099324","63","5894222","CGAATTCGAAACCAGCCTGAATAAGAGTGAGATCCGTCTCTAATGAAAAGAGAAAAACTAGCAGGTTTTGTGGTGGGTGCCTTTAGTCTCAAGCTACTTGGGAGCCTGAGGCAGGAGGATCACTTAAGCCCAGGAGTTTGAGGTTGCTGTGAGCTATGATAACATTAGGGCATTCTAGCCTGGGAAACCGAGTGAGACTCTGTCTTAGAGAAATAAAAAATAAA","AGACCAGCCTGGGCAACATGACAAGATCCCGTCTCTACAAAAAATACAAAAATTAGCAGCGTGTGGTGGGGTGTGCCTGTAGTCCCAGTTACTTAGGAGGCTGAGGCAGGAAGATCACTTGAGCCCAGGACGGGGAGGTTACAGTGAGCCGTGATCACACCACCACACTCCAGCCTGGGTGACAGAGTGAAACTCTGTCTCTATAACAAACAAACAAA"
"GL873521","8205374","8205463","chr18","31130683","31130770","22","22925309","GCCGGACATGGTGGCTCATGTCCCTCCTGTAACCCTAGCACTCTGGGAGGCTTTGGCCTAAGGATTTGAGCTCAAGAGTTTAAGACCAGG","GGCCAGGCATGGTGGCTCACACCTGTAATCCTAGCACTTTGGGAGGCTAAGACCAGAGGATAATTAAGCTCAGGAGTTCAAGACCAGC"
"GL873521","8530940","8531225","chr4","131255414","131255698","71","122724474","GTCAGGTGTGATGGCTCGTCCTGTAATCCCAACACTCTGGGAGGCTGAGGCTGGTGGTTTGCTTGAGCTCAGGAGTTCTGAGACCATCCTGAGGTAAGAGTGAGACCCCATCTCTACTAAAATTAGAAAAAAAATTACCCAGGTGTAGCGGTGATGCCTGTAGTCCTAGCTACTTGGGAGGCTGAGGCAAGAGGATTGCTCAAGCCTGAGAATTTGAGGTTGCTGTGAGCTATGACTCCATCGCACTCAACCCCAGGGTGACTGAGTGTGATTGTCTGAAAAAGAA","GGCAGGACACGGTGGCTCACACCTGTAATCCCAACACTTTGGGAGGCTGAGGCAGGTGGATCACTTGAGCTCAGGAGTTGAGACCAGCCTGGGCAACATGGTGAAACCCCATCTCTACTAAAAATACAAAAATTAGCCAGGCATGGTTGTGGATGTCTGTGGTCCCAACTACTTGGGGGGCTGAGGCAGCAGGATTGCTTAAGCCTGGTAATTTGAGGCTGCAGTGAGCCATGTTCTTGCCAGTGCTCCAGCCTGGGTGACAAAGCAAGACCCTGTCTCAAAAAA"
"GL873521","9138426","9138710","chr17","16672309","16672598","64","7533883","GGTGGCTCATGTCTGTAATCCGAGCACTCTGGGAGGCTAAAGTGGAAGGATCACTTGAGCTCAGGAGTTTGAGACTAGCCTGAGCAAAAGTGAGAACAATGTCTCTATTAAAAATAGAAAATTAGCCAGGTGTTATGATAGGTGCCTGTAGTCCCAGCTATTCAGGAAGGCCAGGAAGGAGGATCCCTTGAGCTGGGGAGTTTGAGGTTGCTGTGAGCTGTGATGACACCATGGCACTCTACCCATGATGACAGAGTAAGACTGTCTCTAAAGGGAGAAAAAAAA","GTGGCTCACACCTGTAATCTCAGCACTTTGGGAGGCTGAGGCGGGAGGATCACTTGAGCCCAGGAGTTTGAGACCAGCCTGAGCAACATAGTAGGCTCCTGTCTCTACAAAAAAATACAAAAATTAGCTGGTACTGGTGGCATGTGCCTGTAGTCCCAGCTACTCAGGAGGCTAAGGCAGGAGAATCGCTTGAGCCCAGGAGGTTGAGGCTGCTATGAGCTGTGATGGCACCACTGCACTCCAGCCTGGGTGACAGAGTGAGACCTGGTCTCAAAAAGAAAAAAAAAAAA"
"GL873521","9337001","9337128","chr7","153795408","153795531","29","144458407","CTGGGCTCAGTGGCTCATGCTTGCAAGCCCAGCACTCTGGGAGGCCAAGGCAGGTGGATTGCTCGAGTTCAGGAATTTCAGACCAGTCTAAGAAAGAGTGAGAGCCCATCTGTACTAAAAATAGAAAC","CTGGGCACAGTGGCTCACGCCTGTAATCCTAGCACTTTGGGAGTCCAAGGCAGGAGGATGCTTGAGTCCAGGAGTTCAAGACCAGCCTGAGCAATATAGTGAGACCCCCATCTCTACAAAAAAA"
"GL873521","9337149","9337320","chrX","5183862","5184037","43","4153287","TAAAATACTAGCTGGGCATTGCGATGGGTGCCTGTAATTCCAGCTACTCAGGAGGCTGAAGCAAAAGGATCACTTGGGCCCAAGAGTTTGCGGTTGCTGTGAGCTGTGATTACACCACAGCACTCTCCCCAGGCAGAGAGAGACTCTGTCTTTAAAAACAAACAAACAAAAA","ATAAAAATATTAGCTGGGCATGCTGGTACATGCCTGTAGTCCCAGCTACTCAGGAGGCTGAGGCCTGAGGATCACTTGAGCCCAGGAGTTCCAGGTTGCAGTGAGCCGTGATTGCACCATTGCACTCCAGCCTGGGCCACAGGGCTAGACCCTGCTCAAAAGAAAACAAAAAAGAA"
"GL873521","9671716","9671832","chr6","38551166","38551279","31","28879450","GGCTAGGCAGGGAGGCTCAAAACTAAAATTTTAGCACTCTGAGAGCCCAAGGTGGGAGAATTGCTTGACCTCGGGTGTTTGAGACCAGTCTGAGCAAGAGTAACATCACATCTCTAC","GGCTAGGCGTAGGGGCTCAAACCTGTAATTCCAGCACTTTGGGAGGTCAAGGTGGGAGGATTACCTGAGGCCAGGAGTTTGAGACCAGCCTGAGCAACAGTGAGACTTTGTCTC"
"GL873521","9671895","9672063","chrX","24568892","24569057","39","14896997","TAATTAGCCAGGCATAGAGGTGGTATACACCTGTAGTCCCAGCTACTCTGGAGGCTAAGTCAGAAGGACTGGTTGAACCCAGGAGTCTGAGGTTGCTGTGACTAGGCTGATGCCACAGAACTCTAGCCTGATCAACAGAGTGAGACTCTGCCTCAAAATAAAAAAGGAA","AAATTAGCTAGGCATGGTGGCATGCAACTATAGTCCCAACTACTCAGGAGGCTGAGGCCGGAGGATGGTTTGAGCCCAGGAGGTGGAGGTTGCAGTGAGCCAAGATCACACCACTGCACTCCAGCCTGGGCAACAGAGTGAGACCCTGTCTCAAAAAAAAAAAAAA"
"GL873521","9699009","9699116","chr16","57943722","57943822","32","48244713","TCTGAGACACTCGGGAGGCTGAGCCTAGGAGTTTGAGGTGACAGTAAGCTAAGTTGATGTCACTGCATTCCATCCTAGGCAACAAAGCAAGATCTTATCTCTAAAAGA","GGAGGATTGCATGAGCCCAGGAGGTTGAGGCTGCAGTGAGCCAAGATCGTGCCACTGCACGTCAGCCTGGGCAACAAAGCAAGACTCTATCTCAAAAAAAA"
"GL873521","9699330","9699522","chr6","3030697","3030873","65","6668633","GGCTGCATGTGGTGGCTCGTGACTGTAATTTCACCACTTCAAAAGGCTGAGGCAGAGGAGTCACCTGGGGCCCAGAAAGTCACCCTTAAAGTCCAGCCTGAGTAACACAGTGAGACCCAAGATCCCAACTCCACAAAAGAAAAAAGAAGGGAAAGGAAAGAAAAGAAGAGTGGTGTGTGGTGACCTCCTAGAC","GGCCAGGCATGGTGGCTCTCCCCTGTAATCCCAGCACTTTGGGAGGCCAAGGCAGAAGGATCGCTTGAGCCCAGGAGTTTTAAGACCAGCCTGAGCAACACAGAGAGACCAGATCCCACTTCCACAAAAAAAAAAAAAAAATATTTGCCAGGCGTGATGGTGCATGCCTGTAGTCCC"
"GL873521","9879625","9879892","chr2A","20521665","20521953","79","10642040","GGGTGGGCACTGTGGCTCAGGCCTCCTAGCACTCTGGGAGGCCGAGCTGGGTGGATGACTTGAGCTCATGAGTTTGAGACCAGACTGAGCAAGAGCAAGCCCCATTTTTAAAAATAGCCAAGTGTCATGGTGGGCATCTATAGTCCCAGCCAGTTGGCAGGCTGAGGAAGAAGGCTTACTTGAGCTCAAGAGGTAGCTGTGAGCTGTGATGCCATGGCACTCTACCCAGGACAACAAAGTAAGACTGTCTCCAAAAAAAAGAAAAAAA","GGCTGGGCACAGTGGCTCACGCCTGTAATCCCAGCACTGTGGGGAGGTCAAGTTGGGTGGATTGCTTGAGCCCAGGAGTTTGAGACCAGCCTAAGCAATAGGCAAAACCCTGTCTCTACAAAAATCAGCCAGGTATGGTAGTGCGTACCTGTAGTCCCAGCTACTCAGGAGGCTGAGGTGGGAGGATCACTTGAGCCTGGGAGGTGAAGGCTGAAATTAGCCATGATCATGCCACTGCACCCCAAGCCTGGGCAACAGAGCAAGACCTTGTCTCAAAAAAAAAAAAAAA"
"GL873521","10097455","10097754","chr11","114714719","114715027","67","104617264","GGCCTGGGTGTGGTGGCTCACACCTTAATCCTAGCACTCTGGGACGATGAGGCAGGTTTGCTTGACCTCAGGAGTTTGAGAGCAGCCTGAACAAGAGTGAAACTCTGTCTCTACTAAAAACAGAAAAACTAGCCTAGTGTAGTGGTGCACCCCTGTAGTCCCAGCTGCTCAGGAGGCTGAGGCAAGAGGATCACTTGAGCCCAAGAGATTGAGGTTACTGTGAGCTGTGAGGCTGTGTTACTCTACCCAGGGCAAGAGAGTGAAGCCATCTCAAAAAAAAAAAAAAAAAAAAAAAAAAAA","GGCCAGGTGTGGTGGCTCACACCTGTAATCCCAGCACTTTGGGAGGCTGAGACAGGTGGATTGCTTGAGCCTAGGAGTTCGAGACCAGCCTGGCAACATGGCGAAACCTTGTCTCTACAAAAAATACAAAAATTAGCCAAGTGTGGTGGTGCACACCTGTGGTCCAAGCTACTCGAGAGACTGAGGTGGGAGGATTGCTTGAGCCCAGGAGGTTGAGGCTGGGGTGAGTTGAGATCATGCCACTGCATTCCAGCCTGGGCAACAGAGGAAGACCCTGTCTCAAAAAAAAAAAAAAAAAAAAAAAAAAAA"
"GL873521","10225742","10225927","chr15","49930173","49930354","59","39704431","TGGCTTACACCTGTAATCCTAGCACTTTGGGAGGCCACAGCAGATGGCTGCTTGAGCTCAGGAGTTCAAGCCTAGCCTAAGCAAGCCAGAACCATTGCCACTAAAAACAAAAAAAATAGCTGGAGTTGTGGGCACCTGTAGTTAGTTCCAGCTACTTAGGAGGCTGAGGAAAAAGGATGGCTTGAT","GCCTGTAATCCCAGCACTTTGCGAGGCCGAGGCCAGGCAGATCACTTGAGCCCAGCAGTTCAAGACCAGCCTGGGCAACATGGCAAAACTCCTTCTCAACAAAATACATAAAAATTAGCTGGGTGTGGTGGCATGTACTTTCAGTCCCAGCTACTCAGGAGGCTGAAGCAGGAGGATCATTT"
"GL873521","10226192","10226278","chr4","154285033","154285123","27","144058841","GAGGATGGCTTGAGCCCAAGAGTTTGAGGTTGCTATGAACTATGATGTCATGGCACTCTATCCCTGGCCACAGAATCAGACTCTGTC","GGAGGATCACTTGAGCCCAGGTGGTTGAGGCTGCAGTGAGCTGTGTTTATACCACCACACTCCAGCCTGGGCCGCAGAGTGAGACTTTGTC"
"GL873521","10399308","10399475","chr9","96945917","96946089","50","86546609","GGCCAGGTATGGTAGCTCACACCTGTAATCCTTGTACTCTGGGAGGCTTAGGAGCAAAGATCACCTAAGTGTAGGCATCTGAGACCAGTTTGAGCAAGTGAAACCCCATATTTACTAAAATTAGAAAAATTAGCTAAATGTTGTGGCAGGAACCTATCGTCCTAGCTA","GCCGGGTACAGTGGCTCACACCTGTAATCCCAGTACTTTGGAAGGCCAAGGCCAGAGGATTACTTAAGGCCAAGAGTTTGAGACCAGTCTGGGCAACATGGTGAAACCCCATCTGTACAAAAAATACAAAAATTAGCTGGGCATGAGGGCATTTGCCTGTGGTCCTAGCTACT"
"GL873521","10449464","10449583","chrX","134402652","134402771","17","123953188","GGCCAGAGGTGGTAGTTCATGCCTATAATCCCAGCAATTTGGGAGGCTGAGGGGGGAGGATAGCTTGAGGCCAGGAGTTTGACCCCTGCCTAGGCAACATAGTGAGACCCTATCTCTACT","GGCCAGATGTAGTGGCTCATGCCTGTAATCCCAGCACTTTGGGAGGCTGAGGTGGGAGGATCACTTGAGCCCAGGAGTTTGAGACCAGCCTGGGCAACATAGCAAGACCCTGTCTCTACT"
"GL873521","10449618","10449745","chr1","23164480","23164594","46","12714862","CCAACCATAATCGAGCACCTACAGTTCTAGCTACTCCGCAATCTCAGGCAGGGGAAGATTGCTTGAGTCTAGGAGTTCAGGGTAAGCTACTGCCCTTCAGCCTGGGAAACAGAGGAAGACCTTGTCTC","GGCCAGGCACAGTGGTGCCTACCTACAATCCCAGCACTTTGGAAGGCTGAGGCAGGAGGATCGTTTGAGGCCAGGAGTTCAAGATCAGCCTGGGTAACATATCAAGACCTGTCTC"
"GL873521","10796827","10797050","chr7","39187608","39187844","67","28390781","ACTCTGGGAGGCCAAGACAGGTGGATTGCTTAAGCTCAGGAGTTGGAGACCAGCCTAAGCAAGAGTGAGACCTCGTCTCTAAAAATATCTGGGCATTGGTTGGGCACCTGTAGTCCCAGCTACTCAGGAGGCTGAGGCAATAGGATTGCTTGAGCCTAAGGATTCCTGTGAGCTATGATCCCACAGCACTTTACCAAAGGTGACAAAGTGAGACTCTATCTCAA","CACTTTGGGAAGCCAAGGCAGGAGGATTGCTTGAGTGAAGGAGTTCAAGACCAACCTGGGCAAGATTGGGAGAAAAAAATTAAAAATTAGCTGGGCATGGTGGTGCATGCCTGTAGTCTCAGCCACTGGGAAGGCTGAGGCAGGAGGATCGCTTGAGCCTGAGAGATTGAGGCTGCAGTGAGCCTTGATTGTGCCACTGCACTCCAGCTTGGGCAACAGAGTGAGACCCTGTCTCAA"
"GL873521","10797081","10797110","chr4","40399247","40399277","7","29602166","CTGGGTGCAGTGGCTCATAGTTGTAATCCT","GGCTGGGTGCAGTGGCTCACATCTATAATCC"
"GL873521","11204849","11204966","chr7","73480490","73480609","28","62275641","GGCCAGGCATAGTGGCCTCCAAAAATCTTAGGACTTTGGGAGGTAGAGGTAGGAGAACTACTTGAGCCAAGGAATTCAATACTAGCCTGACCACAATAATGAGACCCTACCTCTACCA","GGCCAGGCACAGTGGCTCATGCCTATAATCTCAGTGCTTTGGGAAACTGAGGCAGGAGGATCACTTGAGCCCAGGAGTTCAAGACCAGCCTGGACAGCATAATGAGACTCCACCTCTACA"
"GL873521","11205003","11205140","chrX","7019379","7019524","37","4185624","TAGCCAGGCATGGTGGCACATACCCAAGTCCCAGTTACAGAAGAAGCTGAGGGAAGGGTATCAGGCCCAGAAGTTCAAGGTTGCCATGAGAGATGATCACACCACTGCAGTTCAGCCTGGGCAGCAGAGAGACCCTAT","TAGCCAGGCATGGTGGCACATGCCTGTAGTCCCAGCTACTCAGAAGGCTGAGGTCGGAGGATCTCTTGAGCCCTGGGGTGCAAGGCTGCAGTGAACCATGATCACACCAGTGCACTGCAGCCTGGGCAACACAGCAAAACCCTGTC"
"GL873521","11332611","11332889","chr9","110082691","110082973","78","98750080","GACGGGGAGCCATGGCTTGAGACTGTAATCCTAGTACTCTAGGAGGCCAAGGTGAGTGGATTACTTAAGCTCAGGAGTTAAAGTCCAGGCTGAGCAAGAGTGAGACCCTGTCTCTCCCCCAGATAGGAAAACTAGCCGGACATTGTAGTAGGCACCTGTAGTCCCAGCTTCTGAGGAGGCTGAGGCAAGAGGATTGCCTGAGCCCAACAGTTTGAGGTTGCTGTGAGCTAAAATGCCATGGAACTCTACCCATGGTGATGGAGTAGGATTCTGTCTCAA","GACTGGGCATGGTGGCTCCCAAAGTGTAATCCCAGCACTTTGGGAGGCCAAGGTAGGTGGATTGCTTGAGCCCAGGAGTTTGAGACCAGCCTGGGCAACATGGTAAAACCCTGTCTCTACAAAGAATACAAAAATTAGCTGGGCATGGTTGCATGCACTTGTGGTCCCAGCTACTCAGGAGGCTGAGGTGGGAGGGTCACTTGAGCCCAGGAGATTGAGGCTGCAGTGAGCTGAGATCGTGCCACTGCACTCTAACCTGGGTAATGGAGTGAGACCCTGTCTC"
"GL873521","11332916","11332939","chr22","30701628","30701648","4","19368712","ATAAAACTAAAAAGTAAGAAAAAA","AAAAACTAAAAAGAAAAAGAA"
"GL873521","11407564","11407699","chr17","81073514","81073640","45","69665950","AAAAACTAATGGCTGGGCATAGTATGTGTAGGTAGACTAGGCTACTTAGGAGGTCAAGGCAGAAGAATCACTTGAGCTCATGAATTTGAGGCTAGCATGGGCAATGATACCTCAGGTCTCAATAAAATATAAAAAA","GCCAAGCACAATGGCTCATGCTGGTAATTCTAGTACTTTAGGAGGCCAAGGCAGTAGGATCACTTGAGGCCAGGAGTTTGAGACCAGCGTGGGCCACACAGAGACCCTCCCTGTATAAAAAAAAAAA"
"GL873521","11442747","11442764","chr1","62222108","62222122","3","50779361","CCCATAAAATAAAATAAA","ATAAAATAAAATAAA"
"GL873521","11442802","11443056","chr17","73117863","73118118","82","61675061","GGCTGGGCGTGGTGTTTCATGCATGTAATCCTAATACTTTCAGAGGCTGAGGTGGATGCACTGCCTGAGCTCAGGATTTTAAAGCCAGCCTGAGGAAGAGCAAGACCCCATCTCTAAAAAATAGCTGGGCATTGTGGTGGGTGCTTGTAGTCCCCATTGTGGTGGGTGCTTGTAGGTAGCTCACGAGTTTGAGGATGCTGTGAGCTATGATGCACCACACTTCTTTCTACCCAGGGAGACAAAGCAAGACTCTGT","GGCCGGGCGTGGTGACTCATGCCTGTAATCCCAGCACTTTGGGAGGCCGAGGCGGGTGGATCACCTGAGCTCAGGAGTTCAAGATCACCTTGGGCAATGTAGTGAGACCTCACCTCTACAAAAATGAGCCAGGCATGGTAGTGCATGCTTGTAGTCCTGACTGAGGCAGGAGGATGATGAGCCCAGGAGGCAGAGGCTACAGTGAGCCATGATCGCTCCATCGCACTCTAGCCTGGGTGATGTGACACCCTGTCTC"
"GL873521","11751009","11751243","chr8","26546785","26547018","61","14795776","CAAGACCAGCCTGAGCAAAGCTAAACCCTGTCTCTACTAAAAATAAAAGGATTAGCTAGGTATGGTGGCATATGCCTGTAGTCCCAACTGCTCAGGAGTCTCAGGCAAGAGGATTGCTTGAGCCCATGAGTTAGAGGTTGCTGTGAGCTTTGATGTCATGGCACTCTATCCAGGGCAACTGAGTGAGACTGTCTCAAAATAAATAAATAAATAAATAAGAAAGAAAGAAAGAAAA","CAAAATCAGCCTGGGTCACATGGTAAAACCCCATCTCTACAAAAAATACAAAAATTAGCCAGGTATGGTGGCTTACACCTGTACTTCCCAGCTACTTGGGGGGCTGAGGCGGGAGGATCGCTTGAGCCCAGGAGGTAGAGGTTGCAGTGAGCTGAGATCGCACCACTGCACTCCAGCCTGGGTGACGGAGTGAAACCCTGTCTTAAAAAAAAAAAAAAAAAAAAAAAAAAAGAA"
"GL873521","12019379","12019705","chr16","68023292","68023602","103","56003913","GCTCACACCGATAATCCTAGCTCTGGGAGGCTGAGGGGGCAGGATCTCTTGAGCTCAGGAGTTTGAGACCAGACAGAGCAAGAGTGAGACCTTGTCTGTACTAAAAATTAACCAGGTGTGGTGGAAGGTGCCATCGTCTCAGCTACTCTGGAGGCTGAGGCAGGAGGATCCCTTGAACCCAGGAGGTTGAGGTTGCTGTGAGCCAGGCTAATGCCAAGATCTGGGGCATCAGAGTAAAACTGAGGTTGCTGTGAGCCAGGCTGATTCTAGCCTGGGCAACAGAGTAAGACTCTGTCTCAAAAACAAACAAACAAAAAACAAAAAAAA","CGGTGGCTCACACCTGTAATCCCAGCACTTTGGGAGGCTGAGGTGGGAGGATCACTTGAGCTCAGAAGTTTGAGATCAGCCTGGGCAACATGGCAAAACCTATCTCTAGAAAAAATACAAAAACTAGCCAGAGTGGCACGTGCCTGTTGTCCTAGCTACCCAGGAGGCTGAGGTAGGAGGATCACTTGAACCTGGGGGCAGAGATTGCAGTGAGCCATGATTGTGCCACTGCACTCCAGTCTGGGCAACTCCAGCCTGGGCAACAGAATGAGACTCTGTCTCAAAAATAAAAAAGAAAAGAAAAGGAAAAA"
"GL873521","12059316","12059592","chr5","143468399","143468692","69","131409083","GGCTAGGTGCAGTGGCTCATGCCTGTAATCCCAGCACTCTGGGAGGCTCAGGCAGGTGGATTACTTGAGCTCAGGAGTTGGAGACTAGCCTGAGAAAGAGTGAAACCCATCTCTACTAAAAATAGAAAAACTAACCAGGTGTGTGGTGGTCCCCTATAGTCCCAAATACTGGGGAGACAAGAGAATTGTTTGAGCCCAAGAGACTGAGGTTAGCTGTGATGACTCCATAGCACTCTACCCAAAGTGACAGAGTGAGATTCTGTCTCAAAAAAGGAAA","GGCCAGGCACAGTGGCTCATGCCTGTAATTCTAGCACTTTGGGAGGTCAAGGCAGGCAGATCACTTGAGCTCAGGAGTTCGAGACCGGCCTGGGCAACAGGGTGAAACCCCATCTCTACAAAAAAATACAAAAACTAGCCAGGTGTGGTGAAGTGTGCCTGCAGTCCCAGCTACTCAGGAGGCTGAGGCAGGAGAATTGCTTGAGCCTGGAGGCTGAGGTTGCAGTAAGTCAAGATCATGCCATTGCACTCCAGCCTGGGTGACAGGAGTGAAACCCTGTCTCAAAACAAAGAA"
"GL873521","12087639","12087865","chr4","25649068","25649301","60","13561429","GGCTGGGCTAGGTATACCATGCCTGTAATCCTAGCATCCTTAGAGGCAGAAGCAGGATTCCTTTAGCTCAGGAGATTAAGACCAGCCTGAGCAAGGGTGACACCCCATTTCCATCAAAAATAGAAAAACTAGCTGGGCATAGTGGTGGGCATCTGTAGTCCTAGCTACTCGGGAGGCTGAGGCAAGAGGATCCTTGGAGCCCAGGAGTTTGGGGTTGCTATAAGCCG","GGCCGGGCATGGTAGCTCACGCCTGTAATACCAGCACTTTGGGAGGCTGAGGCGGGCTGATCACTTGAGTCCAGGAGATAGAGACCAGCCTGGGCAACATGGCAAAATCCCATCTCTATAAAAAAAACACAAAAATTAGCTGGGCATGGTGGTGTGCACCTATAGTCCCAGCTACTTGGGAGGCTGAGGCAGGAGAATCTCCTGAGCCCAGGAGGTGGAGGCTGCAGTGAGTCG"
"GL873521","12170072","12170342","chr3","111501569","111501837","73","99331497","GCCAGATGCAGTAGCTTACAGCTATAATCCCAGTACTTTGGAAGGTCAAGGCAAGAGGATTGGTTGAGACCAGGAGTTGAAGACCAGACTGGACAATGTAGTAAAACCCTATCCCTACAAAAAATAGAAAAAATTAGCTGGGTGTCATAGCTCTTGCTTATAGTCCCAGCTACCTGAGAGGCTGAGGGAAGAGGATCACTTGAACCCCTGAGATTGATACCATGGTACTCCACCTTGGGTGACAAAGTGAGACCCTTTCTCAAAAACAAAA","GGCTGGGTGTGATGGCTCACATCTATAATCCCAGCACTTTGGGAGGCCAAGGCAGGTGGACTGTCTGAGACCAGGAGTTTGAGACCAGCCTGGGCAACATGGTGAAACCCTGTCTTGACAAAAAAAATAAAAAATTAGCTGGGAGTGGTGGTGTGCACCTGTAGTCCCAGCTATGCGGGAGGCTGAGATGGGAGGATCGCTTGAGCCCGGCAGGCAGAGGTTCACTCCAGCCTGGGCGACAGAGTGAGACCCTGTCTTAAAAACGAAAA"
"GL873521","12688417","12688615","chr16","83498862","83499063","66","70810445","AAATCAGCCTGAGCAAAAGCAAGATCCAGTCTCTACAAAAAACTAGAAAAATTAGCCAGGCATGGTGATACACTCAGGAGAATGAAACAAGAGGATCACTTGAGCCCCGGGGTTTGATGTTGCACAGTGAGCTATGGCGATGCTGCTGCTCGGATAACAACGCGAGATGAGACCCCGTCTCAAAAACAAACAACAAAAA","ACTAGCCTGGGCAACACAGCAAAACCCCATCGCTACAAAAAATACAAATATTAGCCAGGTGTGATGGTGCATGCCTAGGGAGGCTGAGGTGGGAGGATCACTTGAGTCCAGGGAGGCTGAGGCTGCAGTGAGCTGAGATTATGCCACTGCACTCCAGCCTGAGTGACAGAGTGAGAACCTGTCTCAAGAAAATTAAAAAAAA"
"GL873521","12689719","12689822","chr7","26479088","26479188","21","13789369","GCTGAGTACAGTAGCTCACTTCTTTCATCTCAGCACTATGAGAGGCTGAGTCAGGAGGATCACTTGAGGCCAGGATTTTGAGACAAGCCTGGGGAACATAGTGA","GCTGGGTGCTGTGGCTCACATGTATAATCACAGCACTTTGGGAGGCTGAGGCAGGAGGATCACCTGAGGCCAGGATTTCAAGACCAGCCTGGGCGAAATGG"
"GL873521","12747705","12747831","chrX","118392849","118392966","30","105645144","GCCAAGCATGGTAGCACAAGCTTTGTAGGCCCAATTACTTGGGAGGCTAAGATGGGAGGATCACTTGAGCCCAGGAGTTTGAGGCCAGCCTGAGAAACACTCCAAGACCCTCTTTATTTAAAATATA","GCCAAGCATGGTGGCTCATGCCTGTAATCCCAGTACTTTGGGAGGCTGAGATGGGAGGATAGCTTGAGCCCAGGAGTTTGAGACCAGCCTGGTAACACAGTGAGACCTCATCTCTACA"
"GL873521","12758304","12758462","chr7","65488595","65488751","43","52730291","ACTTAGCTGAATATAGTAGCACAAGCCTGTATTTCCAGCTACTCAGGAGGCTGAGGCAGGAGGATCACTTGGGCTTACAAGTTGGAGGTTGTGGTAAGCTATGATGATGCCACTGCCCTCTGCCCCAGGCAAATGTGATGCCTTGTCTCAACAACAAAA","TTAACTGGGTATAATGACACATGCCTGTAGTCCCAGCTACTAGAAAGGCTGAGGTAGGAGGATTGCTTGAGCCTGAGAGGTTGAGGATGCAGTGAACCATGATCAGGCCACTGCACTCAGCCTAGGCAACACAGTGAGACCCTGTCTCAAGAAAAAA"
"GL873521","12758495","12758600","chr16","15961202","15961315","30","3202707","GTGGCTGGTGCATATAATCCTACCACTTTGGAAGGAGGAGGGAGAATCATTGAAACCAGGAGTTCAAGAACAGCCCAGGCAGGCTATAGTGAAATCTCATCTCTAC","GTGGCTGGGCATGCCTGTAATCCTAGCACTTTGAGAGGCTGCAGCGGAAGGATCGCTTGAGCCCAGGAGTTCAAGAACAGCCTAGGCAACATAGCAAGATCCCTGTCTCTACAA"
"GL873521","12822938","12822952","chr1","210017045","210017059","2","197194107","TAAAACAAAAGAAAA","TAATAAAAAAGAAAA"
"GL873521","12822989","12823283","chr7","75828649","75828941","71","63005660","GGCCAGGCAAGGTGGCTAACTGCTGTAATCTTAGCACTCTAGGAGGCTGAGGCAAGAGAATTCCTTGAGGTCAGGAGTCAGAGACCAGCCTGAGCAAAAATGACACTCCACCTCTATGAAAAATAGAAAACAAAAATTAGCCAGGTGTGATGGCCCATTTCTGTAGTCCCAGCTACTGGGGAGGCTGAGGCAGGAGGATAGCTTGAGCCCAGGAGCTTGAGGTTGCGGTAGCTAGGCAGATGGCTCAGCACTCTTTCTAGCCTGGGCAACAGAGCAACATTCTATCTCAAAAAAT","GGCTAGGCATGGTGGCTCATGCATGTAATCCCAGCACTTTGGGAGGCTGAGGCGGACGGATCACTTGAGGTCAGGAGTTCGAGACCAGCCTGGTCAACATGGTGAAACCCCATCTCTACTAAAAATATAAAAATTAGCCAGGTGTGGTGGCGCATGCCTGTAGTCCCAGCTACTTGGGAGACTGAGGTGGGAGGATCCCTTGAGCCTGGGAGGTTGAGGCTGCAGTGAGCTGTGATGGCACCACTGCACTCCAGCCTGGGCAATAGAGCAAGACCCTGTCTCATAGGAAAAAA"
"GL873521","13041237","13041319","chr5","49472177","49472254","12","36430940","GGCCAGTCATGGTGGCTCATGCCTATAATCCTAGCACTCTGGGAGGCTGAAGCAGGAGGATCACTTGAGCTCAGGAGTTTGAG","GGCCTGGCATGGTGGCTCATGCCTGTAATCCAGCATTTTGGGAGGCTGAGGCAGGAAGATCACTTGAGCTCAGGATTT"
"GL873521","13102109","13102207","chr16","30194624","30194720","25","17092515","TGAGCCCAGGAGTTTGAGGTTGTTGTGAGCTGAGCAGACCACACAGCATTCTAGCTTGGGCAACAGAGTGACATTGTGCTTCAAAAAAAGAAAAAAAAA","TGAGCCCAGGAGTTTGAGACTACAGTGAGCTATGATTACACCACTCCTCTCCAGCATGGGCAACAGAGTGAGACACTATCTCAAAAAAAAAAAAAAA"
"GL873521","13102475","13102686","chr2B","236887995","236888203","46","223785520","GGCCAAGTGTGGTGGCTCATGCTTGTAATCCTAGCACTCTGGGTGGCTGAGGCAGGGGGATCACTTGAGCTCAGGAGTTCAAGACCAGCTTGAGCAAGAGTGAGAACCCATTTCTACTCAAAATAGAAAAAAATTAGACAGGCACTGTGGTGAGTGCCTGTAGTATGAGCTACTTTGGAGGCTGAGATAGGAAGATCACTTGAGCCCAGGAG","GGCTAGGCGCAGTGGCTGAAGCCTGTAATCCTAGCACTTTGGGAGGCCGAGGTGGGCGATCACTTTGGCTCAGGAGTTCGAGACCAGCCTGGGCAATATGGCAAAACCCCATCTCTACACAAAATACAAAAATTACTCAGATGTGGTGGTGAGTGCCTGTAGTCCCAGCTACTTTGGACGCTGAGGTGGGAAGATCACCTGAGCCCAGG"
"GL873521","13327200","13327291","chr3","43397692","43397785","20","30070492","CTATCACTTTAGGAGGTGAGGTGGGAGGATCACTTGAGGCAAGGAGTTCAAGAGCAACCTAGGCAACATAGGAACCCCTCTGTCTCTCCAAA","CCCAGCACTTTGGGAGGCTGAGGTGGGCAGATCTCTCGAGCCCAGGAGTTCAAGACCAGCCTGGGCAACATGGTGAAACCCCGTCTCTACCAAA"
"GL873521","13327700","13327732","chr1","70851001","70851033","8","57523301","GCTGGATATGGAGTCTCACACCTGTAATTCTAT","GCTGGGCATGGTGGCTCATCCCTGTAATTCCCT"
"GL873521","13722076","13722356","chr17","55905881","55906166","74","42183805","GTCTGGCGTGGTGGCTCAAGCCTATAATCCTAGTACTCTGGGAGTCCAAAGTGGGTGGATTGCTTGAGCTCAGTAGTCTGAGACCAGCCTGAGTAAGACCCAGACATCGTATCTACTAAAAATAGAATAAACTACCTGGGCATTGTAGCGGGTGCCTACAGTCCCAGCTACGTGGGAGGTTGAGGCAAGAGGATCACCTGAACCTAGAGAATGAGGTTGCTGTGAGCTATGATGAGGTCAAGGCACTCTACCCAGAGTAACAGAGTGAAATTCTATCTCAA","GGTCAGGCATGGTGGCTCAGGCCTGTAATCCCAGCACTTTGGGAGGCCAAGGTGGGCAGATTGCTTGAGCCCAGGAGTTTGAGATCAGCTTGGGCAACATAGTGAAAACTCATCTCTACAAAAAATTAAAAAAATTAGCTGGGCATTGTGGCACGTAACTGCAGTCCCAGCTACTTGAGAGGCTGAGGTGAGAGGATCACCTGAGGCCGGGAAGTCGAGGCTGCAGTGAGCTGTGATTGGGCCACTGCACTCCATCCTGGGCGACAGAATAAGACCCTGTCTCAAA"
"GL873521","13722635","13722652","chr6","90847853","90847870","1","77125218","AAAAAAAAAAAAAAAAAA","CAAAAAAAAAAAAAAAAA"
"GL873521","13789517","13789832","chr12","121838917","121839229","75","108049400","GCTGGGTGTGGTGGCTCATATCTGTAATGATAGCACTCTGGGAGGTCAAAGCAGGGAGATTACTTGAGCTCAGGAGTTAGAGAGCATCCTGAGAAAGAGTGAGATCCCTATCTATACTAAAAACAGAAAAACTAGCCAGTTGTAGTGGCAGGCACCTGTAGTCCCAGCTACTTTGGGAGTCTGAGACAAGAGGATCTCATAAGCCCAAGAGTTTGAGGTTGCTGTGAGCTGCGATGCCACAGCACTCTACCTGGGGTGACAGAATGAGACTTTGTCTCAAAAAAATAAAAAATAAAATAAAATAAAATTTAAAAAA","GGCTGGGTGTGGTGGCTCATGCCTGTAATCCCAGCACTTTGGGAGGCCAAGTCAGGAGGATTATTTGAGCCTGGGAGTTTGAGACCAGCCTGTGCAACATGGTGAGACCTCATCTCTACAAAACATAAAAAATTAGCCAGGCATGGTGGCATGTGCCTGTAGTCCCAGCTACTTGGGAGGCTGAGGCAGGAGGATCAGTCGAGCCCAGAAGATTGAGGCTACAGTGAACTGTGTTCATGCCACTGCACTCCAGCCTGGGTGACAGAGTGAGACCTTGTCTCCAAAAAAATCAAATAAATAAAAAAATAAAAAA"
"GL873521","13902129","13902272","chr17","73619699","73619842","30","59717570","GGCCAGGCATAGTGGCTCGCACCTATAATCCAGTACTATGGGAGACCAAGGCTGGAGGATCAATTGAAGCCAAGAGTTAAAGACCAACCTGGGCAACATAGAAACACTTCACCTATATAAAAAAAAAAAAAAAGAAAGAAAAAA","GGCCAGGTATGGTGGCTCACACCTGTAATTTCAGCACTTTAGGAGGCTGAGGCAGGAAGATCACTTGAGGCCAGGAGTTCAAGACCAGCCTGGGCAACATGGCAAGGCTTCATTTCCACAAAAAAAAAAAAAAAAAAAAAAAAA"
"GL873521","13902315","13902339","chr7","66627085","66627108","7","52724770","AAAAATTAACCCAGCATGGTGGCGC","AAAAAATTAGCCAGGCATGGTGAC"
"GL873521","13902374","13902499","chr7","68063538","68063660","30","54161164","AGTCCCAGCTACCATAGAGGTTGAGCCAGGAGGATCACTGAAGCCCAGAGCCCAGAAGTTTGAGGTTGCAGTAAGCTATGATCATGCCACTGTACTCTAGTCTAGGTGACAGAAGGAGACCCTGTC","GTAGTCCCAGCTACAAGGGAGGCTGAGGCAGGAGGATGGCTTGAGCCTGGGAAGTTGAGGCTGCAGTAAGCTATGATCATGCCACTGCACTCCAGCCTGGGTGACAGAGTGAGATTCTGCCTC"
"GL873521","14127800","14127881","chr3","123515043","123515137","26","109387243","GGCTAGATATGGTGGCTCATGCCTATCTGGAAAGCTGAGGCAGGAGGATTGCAAGAGGCCAGAAGTTTAATACCAGGCTAAG","GGCCAGGTATGGTGGCTCATGCCTATACTCCCAGCCTTTTGGGAGGCTGAGACAGGAGGACTGCTTGAGGCCAGGAGTTTAAGACCAGCCTGACT"
"GL873521","14128162","14128352","chr4","26023510","26023691","57","11895348","GGGCTGAGAATGAGATCCCATCTTTACAAAAAATTACCCAGGTATAGTGGCATCATCCTAGCTACTTGGGAGGCTGGGGCAGGAGGATTTCTTGGGCCCAGGAGTGTGAGGCTACGCTGAGCTATGATACCACTGCACTTTAGCCTGGATGATACAGCAAGATTTTACCTCAAAAAAAAAAAAAAAAAAAA","GGGTGGGAAAAAATTATCTGGAAATGGTGGCATATGCCAGTGGTCCTAGCTACTTGGGAGACTGAGGCTGGAGGATCACCTGAGCCCAGGAGTTAGAGGCTGCGGTGAATCGTGATCATGCCACTGCACTCTAGGCTGGGCAATAGAGCAAGACCCTATCTCGAAAAAAAAACAACAAAAAA"
"GL873521","14184019","14184216","chr17","61651681","61651883","50","47467662","GGCTGGGCATGGTGGCTCATGCCTGTAACCCTAGCACTCTGTGAGGCCAAGGCAAGTGGATCACCTGAGCTCAGGAGTTTGAGAACAGCCTGAGCAAGAGTGAGACTCCATCTCTAAAAATAGTTGGGCATTTGTGGTGAATGCCTATAGTCTCAGCTACTCAGCTACTTAGGAGGCTGAGGCAAGAGGATTGCTTGA","GGCTGGGTGCAGTGGCTCACGCCTGTAATCCTGGCACCTTGGGAGGCCAAGGTGGGAGGATCACTTGAGCCCAGGAGTTTGAGATCAGCCTGAACAACGTGGTGAAACTCCATCTCTACAAAAAATACAAAAATTAGCTGGGCTTAATGGCATATGCCTGTGGTCCCAGCTACTGAGGAGGCTGAGGTGGGAGGATTGATTGA"
"GL873521","14185943","14186062","chr8","25834967","25835086","23","11649024","GGCAGGGTGCAGTGGCTCACACCTATAATCCCAGCACTCTGGGAAGCTGAGGTGGGAGGATTGCTTTGAGATCAGGAGTTTGAAACTAGCTTGAGCAAAGCAAGACCCATCTCTACTAAA","GGCCAGGTGCAGTGGCTCATGTCTGTAATCCCAGCACTTTGGGAGGCTGAGGTGGGAGGTTTGCTTGAGCCCAGGAGTTTGAGACCAGCCTGGGCAACATAGCAAGACCCTGTCTCTATA"
"GL873521","14186086","14186221","chr14","74199793","74199926","31","60013707","AATTAGAGAGGTGTGATGCCACACACTGTAGTCTCATCTACTTTGGAGGCTGAGGCACAAGGATTACTTGAGCCCAGGAGCATGAGGTTGCTGTGAGCGAGGCTGAGGCCACAGCACTCTAGCCTGGGCAACAGAG","TTAGCCAGGTATGGTGGTGCACACCTGTAGTCCCAGCTACTTGGGAGACTGAGGCAGGAGGATTGCTTGATCCCAGGAGTTGAGGCTGCTAAGAGCTATGATCATGTCACTGCACTCCAGCCTGGGCAACAGAG"
"GL873521","14534133","14534413","chr5","43470606","43470891","71","28936473","GGTAGCTCATGTCTATAACCCTGACACTCTGGGAGGCTAAGGGAGAAACATCCCTTGAGCTCAGGAGTTCAAGACCAGTCTAAGCCAAAAGGGAGATCCATCTTTACCAAAACAGAAAAATTAGCTGGGCATGGTGATGTGTGCCTGTAGTACCAGCTGCTTGGGAGGCTAAGGAAGGAGGATTGTTTGAGCCTAGGAGTTTAAGGTTGCTAAGAGCTAGACTGAGGCCATGGCACAGTAGCCCAGGCAATAGAATGAAACTCTGTCTCAAAAAAAAAAAA","GTGGCTCTTGCCTATAATCCCAGCACTTTGGGAGGCTGAGGAGGGCAGATTGCTTGAGCCCAGGAGTTCAAGACCAGCCTGGGCAACATGGGAAAACCTCGTCTCTACAAAAAACACAAAAATTAGCTGGGCATGGTGGCATGTACCTGTAGTCCTAGCTACTTGGGAGGCTGAGGCAGGAGGACTGCTTGAGCCTCTGGAGGCGGAGGTTGCAGTGAGCTGAGACCGCGCCACTGCACTCCAGCCTGGGTGATAGAACAAGACCCTGTCTCAAAAAAAAAAAAAA"
"GL873521","14534507","14534523","chrX","153619065","153619080","3","139084558","CCCAAAATAAAATAAAA","ACATAATAAAATAAAA"
"GL873521","14646173","14646307","chr1","9156973","9157091","40","5489200","GGATGTAGTAGCTCACACCTGTAATCCCAGCATCATGGGAGGATCACTTGAGGCCAGGAGTTTGAGACTGGCTTGGGCAATATGGTGAGGCCCCATTCTTACAAAATAGGAAAAGAATTAATTGGATATGGTGGC","GGCTGGGTGAGGTGGCCTCACGCCTGTAATCCCAGCACTTTGGGAGGCCAAGGCAGGAGTTTGAGACCAGCCTGGGCAATACAGTGAGACCCCATCTCCAAAAAAAAAATTAGTGGGGC"
"GL873521","14703100","14703421","chr17","68155983","68156305","73","53452883","GGCTGGGCACAGTGGCTCATACCTGTAATCCTAGCACTTTGGGAGGCCAGGAAGGGAAGATAGCTTGAGGCCAGGAGTTTGAGACCAGGATGAGCGAGGTAGCGAGACCCCCCATCTCTATCAAAAATTAAAAAAAAAAAAAAATTAGCTGGGTATAGTGGTGAGGGCCTATCATCCTAGCTACTTAGGAGTAAGACAGGAGGATCACTTGAGCCTAGGAGGTAAGGTTGCAGTGAACTATGATGATGACCCTGCACTCTTGCCTTAGCAAGATGGTGAGACCCTGTCTCAAAACAAACAAACAAACAAACAAACATAAAAA","GGCTGGGCACCGTGGCTGACATCTGTAATCCCAGCACTTTGGGAGGCCAAGGCGGGTGGATCACTTGAGCCCAGGAGCTCGAGACCAGCCTGACCAACATGGCAAAACCCCATCTCTACCAAAAAAAAAAAAAAAATACAAAAAGTTAGCTGGGCATGGTGGAGAGGGCCTGTAGTCCCAACTACTCAGGAGGCTGAGGTGAGAGGATCACCTGAGCCACAGGAGGTCGAGGCTGCAGTGAGCCATGATCACACCATTGCACTCCAGCCTGAGAGAAAGTGAGACCCTGTCTCAAAAAAACAAACAAACAAAAACAGCAAAAA"
"GL873521","14778613","14778888","chr15","42746072","42746354","63","27967459","GGCCCAGCACAGTGGCTCACACCTATAATCCTCGCATTCTAGGAGACTGAGGTGGGAGGATCACTTGAGCTCAGGAATTTGAGATCAGCTTGAGCAATAAGGTGACCCCATCTCTACTAAAAATAGACTAATTAGCCAGGCATTGTGGTGGGCACCTGTGGTCCCAGCTAGTTGAGAGGCTCATGTTGGATTCCTTGAACCCAGGAATTTGAGGCTGCTGTGAGCTGGGCTGATGCCACAGTATTCTAGCCTGGGCAACAGAGTATGACTCTGTCT","GGCCAGGTACAGTGGCTCACACCTGTAATCCCAGCACTTTGGGAGGCCAAGGCAGGAGGATCACTTGAGCCTAGGAATTCAAGACCAGTCAGGGCAATATGGTGAAACTCCATCTCTACAAAAAATACAAAAATCAGCCAGGTGTGGTGGTGTGCGCCTGTGGTCCCAGCTACTTGGGAGGCTGAGATGGAAGGATCACTTGAGCCCAGGAAATGGAGGCTGCAGTGAGCTAAGGCTGTGCCACTGCACTCCAGCCTGGGCAACAGAGTGAGACCCTGTCTCA"
"GL873521","14884261","14884393","chr13","24405237","24405373","27","9520976","GGCTAGGTGTGGTGGCTCATGCCCATAATTCCAGCATTCTGGGAGGCCAATGTGGGAGGATCCCTGGAGGTCAGGAGTTTGAGACCACCCTGAGCAAAGCGAGACCCCATCTTCACTAAAAATAGAAAAATTA","GGCTGGGCATGGAGGCTCATGCCTATAATCCCAGCACTTTGGGAGGCTGAGGTGGGAGGATCGCTTGAGTTCATGAGTTCAAGACCAGCCTGAGCAACACAGTGAGACCTCATCTCTACTAAAAATCAAAAAAATTA"
"GL873521","14884660","14884815","chr1","141772547","141772702","39","126887887","TTAGTTGAATGTGGTGGTGTACACCTGTAGTCCCAGCTACTTGAAAGGCTGAAGAAAGAGGATTGCTTGAGCCCAAGTGCTTGAGGTTGTAGTGAGCTAGGCTGACGCTATGACACTCTGACCCAGGTGATAGAAGAAGACCCTGTCTCAAAAAAA","TTAGCTGGGCATGGTGGCGTGCACCTGTGGTCCCAGCTATTTGAAAGGCTGAGTTGGGAGGATCACTTGAGCCCAGATGGTTGAGGCTGCAGTGAGCCATGATGGCACCACTGCACTTTAGCCTTGGTGACAGAGCAAGGCCCTGTCTGAAAAAAA"
"GL873521","15677856","15678124","chr7","99887814","99888086","73","84209958","TGGCTCATGCCTGTCAACAAAGTACTTTGGTAGATTGAGAAAGGAGGATCTCGTGGACTCAGGAGTTTGAGACCAGCCTGGACGACATGGTAAAAAAACATCTTTAAAAAATTAGCCTAGCATAGTGGTGCACATTGATAATTTCAGCTATTTCGCAGGCTGAAGTGGGAGAACCACTTGTGTTTGGAAGCTCGAGGCTGCAGTGAGCTATGATCTCACACTACACTCCAGCCTGGGTAATATGGTGAGGTCCTGCCTCAAAAACAAAA","GGCTTACACCTGTAATCCCAGTGCTTTGGGAGGCTGAGGCAGGCAGATCACTTGAGCCCTGGAGTTCAAGACCAGCCTGGGCAACATGGTGAAACCCCATCTCTACAAAAAATTAGCCAGGCATGGTGGCTTGCACCTGTAGTCCCAGCTACTCAGGAGGCTGAGGTAGGAGGATTTCATGAGCCTGGAAGGTTGAGGCTGCAGTGAGCTATGATCACACCACTGCACTCCAGTCTGGGTGATAAAGTGAGACCCTGTCTCAAAAAAAAAAAA"
"GL873521","15875728","15875811","chr8","5975319","5975398","26","9900409","CAGTGAGCCGTGGTCTCCCTGTGCATTCCAATGTGAGTGACAGAGAGACCTCCCTCACACTCCCAAAAAAGAAAAAACAAGAAA","GCAGTGAGCCTTGATCGTGCTATTGCACTCTAGCCTTGGTGACAGAGAGAGACCCTATCTCAAAAAAAAAAAAAAAAAAA"
"GL873521","16170363","16170540","chr3","50079465","50079644","47","33909102","AAAAAAAAAAAAAATTACCCAGGTAAGGTGGTAAGGACCTGCAGTCCTAGCTATCTGGGATACGAGGTAGGAGGAGCACTTTGGCCCAGGAATTCCAGGCTATGGTGAACTATGATTACAACTGCACTCTAGCCTGGGCAAAAGAGTAAGAGACTGTCACAAAACACAACAAAACAAA","ACAAAAAGAAAAAACAATTAGCAAGGCCTGGTGGTACACACTTGTAGTCCCAGCTATTTGGGAGGCTGAGGTGGGAGGATCACTTGAGCCCAGGAGTTCAAGGTTACAGTGAGCTATGATCATGCCACTGCACACTAGCCTGGGCATCAGAGAGAGTTCCTGTCTCTAAGAAAAAAAAAA"
"GL873521","16172240","16172374","chr1","29329421","29329551","29","13157181","GGCTGCATGCAGTGCCTCATGTTTGTAATCCCAGCACTTTGGGAGCCAGTGGAGGAGAGGATCACTTGAAGCCAGGAATTTAAGACGGACCTAGCCAACATAATGAGAACTCCTCTATACAAAAAATAATAAAAT","GGCTGGATGCACTGGCTCCTGTCTGTAATCCCAGCACTTTGGGAGGCTGAAACAGGAGGATCCCTTGAAGCCAGGAGTTTAAGATCAGCCTGAGCAACAGAGTGAAACCCTGTCTCTACAAAAAAAAAAAA"
"GL873521","16260421","16260667","chr2A","25887935","25888182","71","9627514","GGATACAGTGGCTCACACCTGTAATCTTAGCAAACACCCTGGGGTGCTAAGGCAGGAGGATCACTTGAGCTCAGGAGATCAAGACCAGCCTGAGGAAGAGTGAAACCCCATTTCTACCACACATAGAAAAATTAGCCAGGTGTCTCTCTCTAGTCCCAGCTACTTGGGAGGCTGAGACAGGAGAATTGCTTAAGCCAGGGAGTTTCAGGTTGCTGTGGCTCAGACCATGGCACTCTAGACTGAGCAA","GGCTGGGCACAGTGGCTCACACCTGTAATCCCAGCACTTTGGGAGGGTGAGGCAGGAGGATCACTTGAGCTCAGGAGTTCGCAACCAGCCTGGGCAATATGGTGAAACCGCATCTCTACAAAAAATACAAAAATTAACCGGGTGTGGTTGTGCATGCCTGTAGTCCCAGCTACTTGGCAGGCTGAGGTGGGAGGATTGCTTGAGCTCAGGAGGTCAAGGCTGCAGTGAGCCATGATTACTCCACTGCA"
"GL873521","16747501","16747629","chr7","102198592","102198722","33","85451091","GCCGGGTATGGTGGCTCACACCTGTAATCCCACCACGTGGGAGGCCAAGGCAAGCAGATTGCCTGAGCTCACAGGTTCAAGACCAGCCTGAGCCAGAGTGAGACTTTGTCTTGGAAAATACCCGGGTGT","GGCTGGGTGTGGTGGCTCACACCTGTAATCCCACCACTGTGGGAGGCTAAGGCAGGCAAATCGCTTGAGCCCAGGAGTTCGAGACCAGCCTAGGCAACGTGGTGAAACTGTCTTTAGAAAATATTAGCCAA"
"GL873521","16747905","16748071","chr1","26355033","26355200","42","9607128","AACTAGGTAGGTGTTGCAGCAGGCGCCTGTAAATCCCAGCTACTTGGGCCAAGGCAAGAGAATCAATCACTTATGCCCAGGAGTTTGAGGTTGCTGTAAGCTATGACGCCCTGGCACTCTACCAAGGGTAACAAAGTCAGATCCTGCCTCAAAAAAAAAAAAAAAAA","AACTAGCTGGGTGTGGCGGCGTGTGCCTGTAGTCCCAGCTACTTGGGAGGCTGAGGCAGGAGGATCACTTGAGCCCAGGAGTTCAAGGCTGCAGTGAGCTAAGATCATACCACTGCACTCCAGCCTGGGTAATAGAGTGAGATCCTGTCTCAAAAAAAAAAAAAAAAA"
"GL873521","16826358","16826516","chrX","96886204","96886345","57","80059846","GGCGCCCTGCCACAAGCTGTAGTCTCCCCTATTTGGGAGGGTGAGGTCGGAGGATCATGTGAGCTCGGCAGTTCAAAGTCACCGGGCACTACAACCTCACCTGGACCAGTCAGGACTGCACGCCAGCCTCCCCAGCGCAGTGAGACTCTGTTTCTAAAA","GGTGCACATCTGTAGTCTCAGTTATTTGGGAAGCTGAGGAGGGAGGATCACTTGAGCCTGGGAGGTCAAGGCGCCAGTGAGCTGTGATTGCACCACTGCACTCCAGCCTGTGCTACAGAGTGAGACTCTGTCTCAAAAAAAA"
"GL873521","16850386","16850705","chr1","224543342","224543654","83","207692956","GCCAGCTGTGGTGGCTCACACCTATAGTCCTCACACTCTGGGAGGCTGAGGAAGGCAGATTCCCTGGAGCTCAGGAGATTGAGACCAGGCTGAGCAAGAACTGAGACTCTGTCTCTACCCCAAACAGAAAAACTTCACTAGGTGTTGCGGTGGGCACCTATAGCCTGAGCTACTTGAGAGGCAGAGGCAGGATGATCACTTGAACTCAGGAGTTTGAGGTTGCTATAGCTGTGCTGATGCCATAGTACTTTAGCCTGGGCAACAGAATGAGACTCTGTCTCAAAATAAATAAATAAATTAATAAATAAAAGAGAAAGAAA","GCCAGGCAGGGTGGCTCACGCCTGTAATCCCAACACTTTGGGAGGCTGAGGCAGGCAGCTTGCTTGAACTCAGGAGTTTGAGACCAGTCTAGGCAACATGGTGAAACCCCATCTCTACAAAAAATACAAAAATTAGCCAGGCGAAGTGGCGTGCCTATAGTCTTAGCTACTTGGGAGGCTGAGGCAGGAGAACTGCTTGAACTGGGGAGGTCGAGGCTGCATGAGCCGAGATCGTGCCACTGCACTCCAGCCTGGATGACAGAGCGAGACCCTGTCTCAAAATAAATAAATGAATAAATAATAAAATAAATAA"
"GL873521","16987716","16987746","chr4","157175852","157175881","5","140188136","GAAGAAAGAAGAAAGAAGAAAGAAGAAAGAA","GAAGAAGAAGAAGAAGAAGAAGAAGAAGAA"
"GL873521","16988099","16988370","chr11","32048157","32048430","73","15060058","GGCCCAGTTCAGTGTCTCACACCTGTAATCCTAGAACTCTGGGAGGTCAAGGAAGGTGGAGTCCTTGAGCTCAGGATTTTCAGATAAGCCTGAGCAAGAGACAGATCCATATCTACTAAACATAGAAAAACTAGCCTGGCATCAGTGTAGTCCCAGCTACTCAGAAGGCTGAGGCAGGAGGATCATTTGAGCCCAAATGTTTGAGTTTGCTGTGAGCTATGATGAATGACACCAGGGCACTCTACCCAGGGCAACAGAGTGAGACTATTTCT","GGCCCACCACAGTGATTCACATCTATAATCCCAGCACTTTGGGAGGCCGAGGTGGGAGAGTAGCTTGAGCCCAGGAGTTTGAGACCAGCCTGAGCAACAGGGCGAGACCCCATCTCTACAAAAAAAATTTAAAAATTAGCCTAGCATGTGCCTGTAGTCCCAGCTACTCAGGAGGCTGAAGCAGGAGGATCACTTGAGCCCAGGAGTTGAAGGCTGCAGTAAGCTATGATCACCCCACTGAGCTCTAGCCAGGGTGACTGAGCAAGACTCTATT"
"GL873521","17153915","17154039","chr7","102370770","102370890","26","85216855","GGCTAGGCACGGTGGTGACTCCTGCTTGTAATCCCAGCACTCTGGGAGGCCTGTGGCAGGTGAATTCCTTGCGCTCAGGAGTTCAAGACTAGCCTGAGTAATAGTGAAACCTCTGTCTCTACTAA","GGCTAGGCACGGTGGCTCATGCCTGTAATCCCAGCACTTTGGGAGACTGAGGTGGGAGAATTGCTTGAAGCTGGGAGTTCAAGACCAGCCTAGGGAACATAGTGAGACCCTGTCTCTTCAA"
"GL873521","17154076","17154241","chr16","21596696","21596868","46","4442620","CTAACCAGACCTGACAGGTGGCTATACTCTCGGCTACTTGGGAGGCTGAGGCAAGAGGATCACTTGATCTCAAGAGTTTGAGGTTGCTATAAGCTATGAGGCCATGACACTCTACCGAGGGCAACAAAGTAAGAGTTTTTCTCAAAAAAAAAACCCAAAACAAAAA","ATTAGTCAGACATGGTGGCATGTGCCTATAGTCCCAGCTACTTGGGAGGCTGAGGCAAGAGAATCATTTGAGCCCAGGAGGTTGAGGCTGCAGTAAGCAGTGATCATGTCACTGCACTCCAGCCTGGGCAACAGAGCAAGACCCTGTCTCAAAAAAAAAAAAAAAAGAAAAAA"
"GL873521","18186068","18186211","chr11","18518855","18518988","40","332787","TAGTCAGGTGCAGTGGTGCATGCCTGCAGTCACAGCTACTCTACTCAGGAGGATGAAGCAGGAGGACCACTGGAGACCAGGAGTTTGAGAATGCTGTAAAATACCATTGAGTCACTGCCTGCCAGCTTCAGTAACAGAATAAGA","TTAGCCAGGTGCAGTGGCGCATGGCTGTAGTCCTGCTTACTCAGGAGGTTGAAGCAGGAGGATCACTTGGGCCCAGGAGTTTGAGGCGGCAGCGAGCCATAATCGTGCCACTGCACTCCAGCTGAGTGACAGAG"
"GL873521","18186242","18186351","chr4","101432127","101432236","31","83245885","CTTGTAATTTCAGCACTTTTGGAAACTGTAGAAGGAAGATTGTTTAAGACCAGGAGTTCCAGAACAATCTGGGCAACACATGTTGACCTTGTACCTACATGAAAAAAAAA","CCTGTAATCCCAGCACTTTGGGAGGCTGAGGCAGGAAGACAGCTTGAGGCCAGGAGTTCCAGACCAGTCTGGGCAATATAGCAAGACCCTCATCTCTTTAAAAAATAAAA"
"GL873521","18231783","18232086","chr11","120552808","120553110","90","102321025","GGCATGGTGGCTCACACCAGCAATCCCAGCGTTTTGGGAAGCCCAAGGAAGAGAATCACTTGAGACCAGCCAGAGGTACATAGACACGTGGTCTACAAGAAATGACAATTAAAACAAATTGCTGGGCATGGTAGCCTGTGACTATAGTCCTGGCAACTCAAGAGGCTGAGTCAGGGGGTTTTTTGAGCCTATGAAGTCTAAGTTGCAGTAAGCTGTGATCATGCCACTATACCCTAGCCTGGGTGACAGAACAAGATTCTGTCTCTAAAAATAAAATAAAATAAAATAATAAAATGAAATAAAA","GCCAAGCATGGTGGTTCATACCTATAATCCCAGAACTTTGAAAGGCCAAGGCGAGAGGAGTTTGAGACCAGCCTGGGCAACATGATGACATGCCGTCTCTACAAAAAAATAAAATAAACAAAAACTAGCTGGGCCTAGTGGCATGTGTCTGTAGTCCTAGCTACTCAGGAGACTGAGGCAGGAGGATCACTTGAGCCTGGGAGGTCAAGGTTGCAGTGAGCTATGATTGTGTCACTGTACTCCAGCCTGGGTGACATAGCAAGAACTGGTCTCAAAAAAAAAAGAAAGAGAGAAAAAAGAAAA"
"GL873521","18672921","18673268","chr5","164510023","164510360","89","145837102","GGCTGGCCATGGTGGCTGAGGCCTGTCATCCTACCACTCTGAGAGGATGAGGAAGGAGGATTGGATTGCTTCAGCTCAGGAGTTCAAGACCAGCCTGAGCAAGAGCAAGACTCAGTCTCTACCAAAAATAGAAAAATTAGACTAGCCAGATGTAATGGCAGATGCCTCTAGTCCCAGCTAGTGGGGAGGCTAAGGCAGGAGGATCACTGAAACCCAGGAGTTTGAGGTGCCTGTGAGTTAGTTTAATACCATGGCAGTCTAGCTTGGGCAACAAAGTGAGACTCTGTCTCAAAACAAACAAAGAAACAAAGAAACAAACAAACAAAAACCCCAAAAATAAAAAAAAAA","GGCTGGGCACAGTGGCTCATGCCTGTAATCCTAGCACTTTGGGAGGCTGAGGCAGGTGGATCGCTTGAGACTGGGAGTTCAAGACCAGCCTGGGCAATATGGCAAAACCCCGTCCCTACAAAAAATACAAACATTAGCCAAGCATGGTGGCACATGCCTGTAGTCCCAGCTACTTGGGAGGCTGAGGCAGGAGGATCATTTGAGCCCGGGATGTGGAGGTTGCAGTAAGCTGAGATTGCATCATTGCACTCCAGCCTGGGCAACAGAGGGAGACCCTGTATCAAATAAATAAATAAATAAATAAATAAATAAATAAATAAAAGAAATAAAAGTAAAAA"
"GL873521","19315680","19315722","chr1","205503465","205503511","11","186187785","CAGTTACTTGGAAGACTGAGGCAAGAGGATCCCTTGAGCTAGG","CCAGCACTTTGGGAGACTGAGGCAGAAGGATCCCTTGAGGCCAGCGG"
"GL873521","19598410","19598508","chr1","6398492","6398584","25","13199918","TATCACTACACCACTATACTCTAGCCTGGGCAACAGATTGAGAACCTGTATCAAAAACAAACAAACAAACAAACAAAACACAATAAAAAATAAATAAAA","GTGATTGCACCAATGCACTCCAGCCTGGGTGACAGAGCGAGACTGTCTCAAAACAAACAAACAAACAAATAAAACAAAAGAAAAGAAAAGCAA"
"GL873521","19777152","19777359","chr4","72787006","72787205","63","53009854","CCTGAGCAACATAGAGAGATCCCATCTCGACAAAAATATTGAAAAAAAAATAGATAAACTTATCAGCTGGGTTTGGTAGCACACAACTGTATCCCCAGCTACCGGGAAGGCTGAAGCAGGAGGAGCCTGACAGATCAAGGCTGCAGTGAGCAGTGATCACATCACTACACTCCAGCCCAGGTGACAAAGCACAATCCTGTCTCAAAAA","CTAGGCAACATGGAAGAACCCCATCTCTACAAAAATTACAAAAACTAGCTGGGCATGGTGGTGTGCGCCTGTATTCCCAGCCACTGGGGAGGCTGAGGTGGGAGGATTGCTTGAGCCTGGAAGATTAAGGCTGAAGTGAGCAGAGATCACACCGCTGCACTCCAGTCTGGGTGACAGAGCAAAACCCTGTCTCAAAAAAA"
"GL873521","19907026","19907166","chr6","12022857","12022993","42","7884169","AGGAAAAATTACCAGGGCATGGTGATGTGCACTTATAGTCCCAGCTCCTGGGAAGGCTGAGTCAGGAGGCCAGGAGTTTGAGGTTATAGTGAGCTATGATGCCACTGCACTCTCTCTGGGTGACATAGTGACATTCTGCCT","TTAAAATTAGCCAGGCATGGTAGCAGGCACCTGTACTCCCAGCTACGGGAGGGTCGCTTGAGCCCAGGAGATCAGGGCTGCAGTGAGCTATGATTGTACCACTGCACTCCAAACTGGGTGACAGAGTGAGACTCTGT"
"GL873521","19907190","19907299","chr3","21509747","21509855","27","1602557","GTGGTGGCTCAGCCTATAATCCTAGCCTTCTGGAGGCCCAGGCGGGAGGATTGCTTAAGGTCAGGATGTTGAGACGAACCTGAGCATGAGTGAGACCCCATCTCTACAAA","GGTGGCTCATGCCTATAATTCTAGCGCTTTTGGAGGCCAAGGGGGGAGGATTACTTGAGCTCAGGAGTTCCAGATCAGCCTGGACAATTTAGTGAGACCTCATCTATAC"
"GL873521","20453341","20453513","chr19","53340691","53340862","44","32887350","AGACAACTAGCCAGGCATTGTGGTGGGCATCTATAGTCCCAGCTACTTGGGAGGCTGAGGCAAGAGGATCACTTGAACCCAATAGTTTGAGGTTGTCATGAGCTATGATGATGTGGCATTCTACTCAGGGTGACAGCGTGAGAGACTCTGTCTCAAACAAATGAACAAAAAAA","ACAAAAATAGCTGGGTGTGGTGGTGCATACTTGTAGTCCCAGCTACTTGGGAGGCTGAGGCAGGAGGATCACTTCAGCCCAGGAGGTTGAGGCTGCAGTGAGCCATGATCATGCCACTGCACTCCAGCCGAGGGGAGAGAGCAAGACTCTGTCTCAAAACAAACAAACAAAA"
"GL873521","20453540","20453662","chr4","5943586","5943706","26","14509954","CAGGCGTGGTTGCTCATGCCTGTAGTCCTAGCACTTCAGGAGGCTGAGGAGGGTAGATTGCTTGAGGTCAGGAGCTGGAGACCAGCCTGAGCAAGAGCGAGACCTTGTCTCTACTAAAAATAG","GGCCATGGTGGCTCATGCCTGTAATCCTAGCACTTCGGGAGGCTGAGGAGGGAGGATTGCTTGAGGCCTGGAGTTTGAGACCAGCCTGGGCAACATAGTGAGACCACGACTCTATTTAAAA"
"GL873521","20821454","20821743","chr8","121327775","121328067","74","100506321","GCCGGGCCCAGATGGCTCAAGCCTGTAATCCTTGCACTTTGGGAGGCCAATGTAGGAGGATCACTTGCGCCTAGGAGTTCCAGGCCAAGCTGTGCAAGGTGAAACACTGTTCCAAAAAATATATATATATGAAAATTAGCCAGTCCTGTTGGTACACATCTGTCGTTCCAACTACTTGGGGGACTGAAGCAGGAGGATCCATGAGTCCAAGATTTGAGGTTGCAATGAGCTGTATTGGAGCTACTACACTGTAGCCAGGGCGACAGGAGGAAAAACTTGTTTTAAAAAAA","GGCTGGGTGCAGTGGCTCATGCCTGTAATCTTAGCACTTTGGGAGGCCAAGGCAGGTGGATCACTTGAGCTTAGGAGTTCAAGACCAGCCTGGGCAACATGGTGAAACCCTGTCTCTACAAAAAATAAAAAAAAATTAGCCAGGCATGGTGGCATACACCTGTAGTCCCAGCTACTTGTGGGGCTGAGGCAGGAGCATCACTTGAACCCAGGAGCTCAAGGCTGCAGTGAGCTGTGATCTTACCACTGCACTCCAGCCTGGGTGACAGAGTAAGACCTTGTCTCAATAAAAAA"
"GL873521","20825224","20825315","chr22","42881883","42881978","27","22056659","AGAGGATCTCTTGAGCCTAAGAGTTTGAGGTTGCTGTGAGTTCTGATACCACAGCGCTCTACACAGGGCGACAGAGTAAGACCCTTTCTTAA","GGCAGGAGGATCGCTTGAGCCTGGGAGGTCAAGGATGCAGTGAGCTGTGATTGCACCACTGCACTCCACCCTGGGCGACAGAGTGAGACCCTGTTT"
"GL873521","20825595","20825767","chr4","156475909","156476099","57","135650314","GCGGTGGCTCACACCTGTAATCCTAACACTCAGGATCGCCTAAGCTCAGGAGGTGGAGACCAGCCTGAGCAAGAGAAACACCTCAACTCTACCAAAAACAGAAAAAGTAGCCTGGGTGGTGGTAGGCATGTGTAGTCCCAGCTACTCGGGAAGCTGAGGCAAGAGGATCTCTT","GGCCAGGCACAGTGGCTCACACCTATAATCCCAGCACTCTGGGAGACTGAGGCAGGAGGAGCCCAGGAATGTGAGACCAGCCTGGCCAACATGGTGAAACCCAGTCTCTACTAAAAATATAAAAATTAGCCTGGTGTGGTGGTGTGCGCCTGTAGTCCCAGCTACTTGGGAGGCTGAGGTGGGAGGATCAC"
"GL873521","21355913","21356066","chr4","158479533","158479684","48","137123620","ATAAAAATTAACTAGCTATGGTGGCATACACTCTTGTCCTAGCTACTTAGGAGGCTGAGGATCATTTGAGGCCAGGAGTTTAAAGCTATAGTGTACTGTGATGATTACGCCTGTGAATAGCCACTGTACTCCAGCCTGGGCAACATAGCAAGAC","AATTAGCTGGGCATGGTGGTGCATACCTGTAGTCCTAGCTACTCAGGAAGCTGAGGCAGGAGGACAGCTTGAGGCCAGGAGGTCAAGGCTGCAATGAACCATGATTGATTACACCTGTAAATAGTCACTGCATTTCAGCCTGGGCAGCATAG"
"GL873521","21623697","21623773","chrX","53329871","53329945","26","31706174","AAATTTAGGCAGGCAAGTTGGCACATGTTTGTAGTCCAAGTTATGTGAGAGGATTCTTTGAGTCCAGAAGTTAAGGC","AATAGCTTGGGCAGGGTGGTGCATGGCTGTAGTCCTGAGATGGGAGGATCCCTTGAGTCCAGGAGCTTGATGCCG"
"GL873521","21623801","21623894","chr3","42032495","42032583","27","20408694","GTAATCTTAGTACTTTGGGAGGCCAGACAGGAGATTCATTTGAGACTGAGTTTAAGATCAGCCTGGACAACATGGCAATATCCCATGTCAACCA","TAATACCAGTATTTTGGGAGGCTGAGGCAGGCGATCACTTGAGCCCAGTTCAAGACCAGCCTGGGCAATATAGCGAAATCCTGTTTCTA"
"GL873521","21714176","21714337","chr12","96671998","96672172","41","74957822","ACTAGGGGGCATTGTGGCAACTGTCATCCTAGCTGCTCAAGAGGCTGAGGCAAGAGGATCACTTCAGCCCATGAGTTTATGGTTGCTGTGAGCTATGACTCCATGGCACTCTAGCCTGGGCAATAGAATGAGACTCTGTCGCAAAAAAAAAGAAAGAAAGAA","AATTAGCTGAGCATGGTGGCAGGCACCTGTAGTCCCAGCTACTTGGGAGGCTGAGGGAGGAGGGTCACTTGAACCCAGGAGTTTGAGGCTGCAATGAGCTATGACTGCATCAGTGCACTCTAGCCTGGGCAGTAGAGTGAGACCCTGTCTCACAAAAAAAAGAAGGAAAGAGAAA"
"GL873521","21714364","21714489","chr15","78802491","78802611","29","57088127","GGCTGGGTACCCTGGCTAGACACCTGTAATTCTAGCACTCCAGGAGGCTGAAACAGGTGGATTTCTTGAGCTCAGGAGTTCAAGACCAGCCTGTCCAAGACCAAGACCACAATTCTGTCTCTACTT","GGCTGGGTACAGTGGCTCACACCTGTAATCCCAGCACTTTGGGAGGTGGAGGCAGGAGGATCACTTGAACTCAGGAGTTCAAGACCAGCCTGGCCAACATGGCGAAACTCCGTCTCTACAA"
"GL873521","21743555","21743631","chr10","20213332","20213405","25","1530223","TATAGGGTGTGGCGGCAAGTGTGTATAGTACTAGCTACTTAAAGAGGTTGAGATGGGAGGATTGCTTGAGCTAAGGA","CCAGGTGTGATGGTGCATGCCTGTGGTCTCAGCTACTTTGGAGGCTGAGGTGGGAGGATTGTTTGAGTGGAGGT"
"GL873521","21743658","21743767","chr10","43292583","43292692","28","21548925","CAATGGTTTGTGCTTGTAATCCAGCACTTTGGGAAACAAAGGAGAAAGGATTAATTGAGACCAGGAGTTCAAAATCAGCCTGGGCAACATAAAGAGACCCTGTCTCTATG","GCGGTGGTTCAGCCTGTAATCCCCGCACTTTGGGAAGCTAAAGCAGGAAAATCACTTGAGCCCAGGAGTTCAAGACCAGCCTGAGCAACATAGTGATACCCCTGTTTCTA"
"GL873521","21994326","21994402","chr3","183523015","183523100","19","161528689","GGCATTGTGACTCACACCTATAATTCTAGCACTTTGGGAGGCTGAGGTGGGAAGACCACGAGCACAGGTTCAAGACC","GACTGGGGGCAGTGGCTCAAACCTGTAATCCTAGCACTTTGGGAGGCTGAGGTGGGAGGACCACCTGAGCTCAGGAGTTCAAGACC"
"GL873521","22568894","22569013","chr7","21219168","21219276","37","1349726","TACGTTGTGGTGGCTAGTCCCAAACTACTCAGCTACTCAGGAGTTTGAGGTTGCAGTAAGCTGTGAGGTTGCATTGCACGACAGATTGTGCAACAGAGCGAGACCCTATCTCGAAAAAAA","GGCTGAGGTGGGATAATCACTTGAGCCCGGAAAGTTGAGGTTGCAGTGAGCCATGACTCGGCACTGCACTCCAGCCTGGGCAACAGAGCCAGACCCTATCTCAAAAAAA"
"GL873521","22569034","22569129","chr15","57106062","57106161","19","34537028","CAGGCATGGTGGCTCACACCTGTAATCATAGCACTTTGGGAGACCAGGAGTTCAAGACCATGCTGGGCAACATGGCGAGACCTTGTCTCTACCAAA","GGCCAGGCATGGTGGCTCACTCCTATAATCACAGCACTTTGGTAGGCCATGAATTCAAGACCAGCCTGGGCAACATAGTGTAACCCTGTCTCTACGAAAA"
"GL873521","23082461","23082581","chr19","17007875","17007987","43","6074586","AAAATACACAGAGTACCCAGGCATGGTGGTGCATGCCTCCAGTCCCAGCTACAGGTGAGACTAAGACTAAAGGATGCCTTCAGCTCAAGACTTTGAAGCTGGCCTAGGCAACAACAAGACC","ACAATGTAGCTATGGCATGGTGGTGCCTGCCTGTTGTCCCAGCTACTTGGGAGGCTGAGATGGGAGGATTGCATGAGCCCAAGAGTTCAAGGCTGCTGTGAGCTACAATCACG"
"GL873521","23326932","23327034","chr1","153330637","153330743","26","130003705","GACTGGGTATGGTGGCATATGCCTGTAAACCCAGCACTCTGGGAGGCTGTGGCGGGTGGACCAGCCTGAGACCAGCTTGAGAAAGAATAAGACTCTGTCTCTA","GGCTGGGTGTGATGGCTCATGCCTGTAATCCTAGCACTTTGGGAGGCTGAGGCAGGTGGATCACTTGAGCCCAGGAGTTTGGGCAACATGACAGAACCCTGTCTCTA"
"GL873521","23327057","23327213","chr6","85247800","85247964","38","61920743","CCAGACATTGTGACACATGCCTATAGTCCTACTTGGGAGGCTGAGGCAAGAGGATGTCTTGTGCCCAAGAGTTTGAGGTTGCTGTGAGCTATGATACCATAGCACTCTAGTGGGGGGCAAGAAAGTGAGACACTGTCTCAAAAAAAAAAAAAAAAAA","CCAGGCATTGTGGCACATGTGTGTAGTCCCAGCTATTTGGGAGGCTGAGGCAGGAGGATCCTTTGAGCCCAGGAGTTTGAGGCTTCAGTGAGCTGTGATTGGACCACTACACTCTGGCCTGGGCAACAGAGAAAGACCCTGTCTCAAAAAGAAAAAGAAAAAGAA"
"GL873521","23553294","23553452","chr8","101101478","101101641","53","77548184","AAAATAAAGTTAGCTAGACACAGCTTTGGGCACCTGCAGTCCCAGTTACTTGGAGGTTGAGGCAAGAGGATTGTTTGAGCCTAGAGGTTTGAGGATATGGTTTGCTGTAGTTCTACCTGTGAGTAGCCACTGTTCTCCAGCCAGGACACCAGCGCAAGA","AAAAAGACACCAAGTAGCCAGGTGTGGTGCTGCAGGCCTGCAGTCCCAGCTACTTGGGAGGCTGAGGCAGGAGGATTGCTTGAACCCAGGAGTTCAAGACTTCAGTATGCCATAATCGCACCTATGAATAGTCACTGCACTCCAGCCTGGGCGACATAACAAAA"
"GL873521","24165831","24166009","chrX","9218405","9218573","51","14947426","GGCCAGGCACAGCAGCTCACACCCATAATCCTAACACTCTGAGAGACCAAGGTGTATAGATTACCTGAGCTCAGGAGTTGGAGACCACCCTGAGCAAGAGTAAGACCCCCATCTCTACAAAAAAAAAAAAAAAATAGAAAAACTAGCCAGGTGTTGTGGTGGGTACTTACAGTGCCAAC","GGCCAGGCGCAGTGCCTCACACCTGTAATCCCAGCACTTTGGGAGGCCGAGGCGGGTGGATCACTTGAGCTCAGGAGTTTGAGACCAGCCTGAGCAACATGGCAAAACCTCACCTCTACAAAAAAAATACAAAAATTAACCAGGCATGGTGGCAGGCACCTGTAGTCTC"
"GL873521","24270646","24270916","chr8","27224878","27225151","68","2954232","GGCCAGGCACGGTGGCTCACACCTGAATCCTAGCTGGCATTCTGGAAGGCCGAGGTGGGTGGATCACCTGACCTCAGGAGTTCAAGACCATCCTGAGCAAGAGTGAGATGAAACCTCATCTCTAAAAATAGCTAGGCATTGTGGTGGGCACCAGTAGTCCCAGCTACTAGGGAGGCTGAAGCAAGAGGATCACTTGAGTCTAAGAGTTAGACGTTGCTGTGAGCAGTGACGCCACAGCACTCTACCCAGGGCAACAAAGTGAGACTGTCTC","GGCCAGGTGCAGTGGCTCACACCTGTAATCCTAGCCCTTAGGAGGCTGAGGTGGGAGGATCACTTGAGCTCAGGAGTTCAAGACCAGCCTGGGCAATATGGTGAAACCCTGTCTCTACGAAAAATTAGCCGGGCATGGTGGCGCATGCCTGTAGTCCCAGCTACTCAGGAGGCTGAGGTGGGAGGATCATTTGAGCCCAGGAGGCGGAAGTTGCAGTGAGCCAAGATTGCACCACCGTACTCCAGCCTGGGCAACAAGTGAGATCCTGTCTCAA"
"GL873521","24618820","24618994","chr8","68458893","68459071","47","43840073","TCCTAGCACTCTGGGGGGCCGAGGTGGTAGGATCACTTGAACTAGAGTTCAAGACCACCCTGAACAAAAATCACACCCTGTCTGTACTAAAAATAGAAAAATTAGCCAGGCATTATAGTGCATGCCTGTAGTCCCAGCTACCTGGTAGGCTGAGGCAGATCCTCTAGCCCAGGGG","CCCAGCACTTTGGGAGGCTGAGATGGGTGGATCACTTGAGCCCAGGAGTTCAAGACCAGCCTGGGCAACATGACGAAACTCTGTCTTTACAAAAAATACAAAAATGAACCAGGCATGGTGGTGCATGCCTGTAGACCCAGTACTTGGGAGGCTGAGGTGGGAGGATCCCTTGATCCTGA"
"GL873521","24626746","24626855","chr1","205148842","205148953","29","180522096","AAAGAATGACAAAAATTCAGATATGGTGGTATGCACCTATAGTCAGTCACAGCTACTGGGGAGGCTGAGGTGGGAGGCTTTCTTGAGCCCAGGAGGTTGAGTCTAGCAAT","AAAAAGTACAAAGAATTAGCCAGGTGTGGTGGTGCGTGCCTATAGTTCCAGCTACTTGGGAGGCTGAGGTGGGAGGATTGCTTGAGTCCAGGAGTTGGAGGCTGCAGTGAAA"
"GL873521","24781755","24782037","chr5","139301937","139302217","85","114520182","GACCAGGTGTGGTGGCTCACACCTATTAGCCTAGCACTCTTGGCAGCTGAGGCAGGAGGATTCACTCAGAACTTCAAGAGTTAAACCCATGCCTCTACTAAAAATAAGAAAAAAATCAGTCCAGAGTATCATGGTGGGCACTTGCAGTCCCAGCTACTCGCAATGCTGAGGAAGAAGGATAGCTTGAGCCTAGGAGTTTGAGGTTGCTGTAGGCTGGATTTTTGTCATGGCATGCTAGTCTTGGCAACAGAGTGAGACTCTGGGGGAAAAAAAAAAGGAAAAA","GGCTGGGTGCGGTGGCTCACACCTGTAATCCCAGCACTTTGGGAAGCTGAGGCCAGAGGATGGCTTGAGCTCAGGAGTTTGAGTTGAAACCCTGTCTCTACAAAAAATACAAAAATTAGCTGGGTGTGGTGGTGCACACCTGTGGTCCCAGCTACTTGGAAGTGTGGGGTGGGAGGATTGGTTGAGCCCAGGAGGTTGAGGCTGCAGTGAGCCATGATCGTGCCACTGTACTCCCGCCTGGGTGACAGAATGAGACCCTGTCTCAAAAAAAAAAAAAAAAA"
"GL873521","24969692","24969970","chr5","91805199","91805483","78","66835507","GGCTGGATGCAGTGGCTCACACCTATAAACCTAGCACTCTGGAAGGCCACAGTGGGAGAATGGCTCGAGTTCAGGATTTTGAGAGTAGCCTGAGCAAGAGCAAGACCACATCTCTACTAAAAATATAAAAATTAGCAGGAAGTCTTGCTGAATGCATCATCTCAACTGCTCTGGAGGATGAGGCAAGAGGATTGCTTGAACTCAAGAGTTGAGGTTGTGGTGAGCGAGACTGAATCCATAGCACTCTACCCCAGGCAACAGAGCAAGACTTTGTTGAAA","GACTGGGTGCAATGGTTCACATCTGTAATCCCAGCACTTTGGGAGGCCAAGGTGGGAGGATGGCTTGAGCCCAGAAGTTCAAGACCAGCCTGAGCTACATGGCAAAACCCTGTCTCTACAAAAAATGTAAAAATGAGCCAGGCATGGTGGTGCATGCCTATGGTCCCAGCTACTCAGGAGGCTGAGGCAGGAGGATCGCACTAATCTAGGAGATGGAGGCTGCAGTAAGCCGAGATTGAGTCATTGCACTCCAGCCTGGGCGAAAGAGCCAGACTCTGTCTCAAA"
"GL873521","24970004","24970019","chr3","153804291","153804307","1","128834287","AAAACAAAACAAAAAA","CAAAACAAAACAAAAAA"
"GL873521","25391954","25392209","chr7","3491054","3491312","81","21900900","CCTAGTGCAGTGGCTCACACCTGTAATCCTGGAGGCTGAAGCAGATGGATTGCTTTGAGTTCCTGCCTAAATAAAAGTGGGAATCTACTATAGCAAAATTAGCTGGGCGTTATGGTGGGTACTTGTGGTCCCAGCTACTCAGGACGCTGAGGCAGGAGGATTGCTTGAACCAAGGAATTTGAGGTTGTTATGAGCTATGATGATGCCATGGCACTCTACCCAGGCCACAGAGTAAGATTTGGTCTCCAAAAAAAAA","GGCCAGGTGCGGTAGCTCACATCTGCAATCCCAGCACTTTGGGAGGCTGAAGCTAGAGGATCACTTGAGTCTTGTCTCTACAAAAAAAATCAAAAAATTAGCCAGGGCATGGTGGTGCATGCCTGTAGTCCCAGCTACTCGGGAGGCTGAGGCAGGAGGATCACTTGAGCCCAGGAGGTTGAGGCTGCAGTGAGCTGTGACTGTACCACTGCACTCCAACCTGGGCAACAGAGTGAGACCCTGTCTCAAAAAATAATAA"
"GL873521","25453333","25453646","chr22","29946204","29946503","77","4492871","GCCGGGTACAGAGGTGCATTTACCTGTAATCCTAGCACTTTGGGAGGGTAGGGTAGGAGGATGGCTTGGGGCCAGTAGTTCAAGACCAGCCTGAACAATCTAGTGTGACCTCGTCTCCACAAAATATAGAAAAATTAGCCAGGCATGGTGGTGGGCACTTGTATTCTCAGCTTCTCAGGAAGCTGAGGCAGGAGGATCTTTTGAGGCTGGAAGGTTGAGGTTGCATTGTTGAGATTGCACTGAGCTGTGATGACACCACTGCACTCTAGCCCTGGCAACAGAGTGAGATCCTAATTTAAAAAAAAAAAAAAAAA","GCTGGGCGTGGTGGCTCCTTCCTGTAATCCCAGCACTTTGGGAGGCCAAGGCTGGAGGATCACCTGAGTCCAGGAGTTTAAGACCAGCCTGGGCAACATAGGGAGACCCTGTCTCTACAAAAAATAAAAAATTAGCCAGGCATGGTGGTGTGCACCTGTAGTCCCAGCTACTCAGGAGGCTGAGGCAGGAGGATCTCTTGAGCCTGGGAGGTCAGACTACAGTGAGCAATGATTGTGCCACTGCACTCCAGCCTGGGTGACAGAGTAAGACTCTGTCTCTTAAAAAAAAAAAAAAAAAAA"
"GL873521","25473197","25473312","chr11","64318421","64318538","25","38845224","GGGCATGGTAACTCACTCCTATAATCCCAGCAGTTTGAGAGGCCAAGGCTGGAGGATCACTTAAGGCTAGGAGTTCATGACTGGTCAGGGCAACATAGTAAGACTTATTCTCTACA","CCAGGCATGGTGGCTCACACCTATAATCCCAGCACTTTGGAAGGCCAAGGCGGGAGGATCCCTTGAGGCCAGGAGTTTGAGACCAGCCTGGGCAACATAGCAAGACTCCGTCTCCACA"
"GL873521","25473339","25473487","chr1","35894728","35894879","40","10421389","AAGAATTAGCTAGGCATAGTGGTGCGCAGCTGTAGTTCCAAGTACTTGGGAGGTTAAAGACCATGTGAGCGCAGGAGTTCAAGGCTACAGTGAGCTGTGATCATGCCACTGCACTCTGGCCTGGGTGACAGAGTCTGTGTCATAAAAAA","AAAAATTAGCCAGGCATGGTGGCACATGCCTGTGGTCCCAGATACTTGGGAGGCTGAAGTGGGAGGATCACTTGAGCCCAGGAGATCAAGGCTGCAATGAGCCATGATCATGCCACTGCACTCCAGCCTGGGCAACCCTGTCTTTAAAAAAA"
"GL873521","25493130","25493293","chr4","75562087","75562252","41","50068957","CTTAGAGTTGTGGTGGGCTCCTGTACTCCCAGCTACCCAGGAGGTGAGGCTGAGGCAGGTGGATCACTTGAACCCAGGTATGTGAGGTTGCTGAGAGCTAGGATGACACACAGCACTCTAGCCTGGTGACAGAGTGAGTCTATGTCTCTAAATAAATAAATAAA","TTAGCTGGGTGTGGTGGCATGCACCTGTAGTCCCAGCTACTTAGGAGGCTGAGGCAAGAGGATCACTTTAGCCCAGGAGGTGGAGGTTGCAGTGAGCTGAAATCATACCACTGCACTCCAGCCAGGGTGACAGAGTGAGACCTTGTCTCAAAAATAAATAAATAAA"
"GL873521","25493320","25493467","chr9","31337596","31337743","33","5844276","GACTGGGCTTGGTGGCTCATGCCTGTAATCCTAGCATTCTGGGAAGCTGAGGCAGGAGAATCACTTGAGGTCAGGAGTTCAAGACCAGACTGAGCAAGAGTGAGATCTTGCCTCTACTAAAAAAATATATATTTTTAAAAAATAATGC","GCTGGGTGTGGTGGCTCACACCTGTAATCCTAGTGATTCAGGAGGCTGAGGCAGAAGGATCACTTGAGGTCAGGAGTTTGAGAGCAGACTGAGCAACAGAGTGAGACCCCCTCTCTAAGAAAAAAATATTAAAAAAAAAAACAACCGC"
"GL873521","25793453","25793728","chr15","82250472","82250741","88","56457019","CAGGTATGGTGGCTCACACCTGTAATCCCAGCACTTCGGGAGGCCAGGAGGTGGGGGAGAGGCTCTCTTGAAGCCAGGAGTTCCTGACCAGCCAAGCAACAGGCGAAACCTTATCTCTACAAAATATTAAAGAAAAAAGGAAATTAGCCAGGTATAGCAGTAGACATCCATAATTCCAGATACTGTCGTGGCTAGGACAGGAAGATCACCTGTGATTGTGCCACTGCATCCCAACTTGCCAAAAAAGCAAGATGCTGTCTCTATAAAAGAAAACTA","GCCGGGCACGGTGGCTTATGCCTGTAATCCCAGCACTTTGGGAGGCCGAGGCAGGAGAATCGCTTGAGCCCGGGAGTTTGAGACCAGCCTGGGCAACATGGTGAAACCAAGTCTCTACAAAAAAATACAAAAAAATTAGCCAGGTGTCGTGGTGCACGTCTGTAGTCCCAGCCACTCCTGGGAGGTCGAGGCTGCAGTGAGCTGTGATCGTGCCACTGCACTCCAGCCTGGGGAACAGAGTGAGACCCCGTCTCAAAAAATAAAAAAAAA"
"GL873521","25946379","25946540","chr16","48668108","48668267","54","22721729","GTTGAGGCAGGATTTCTTGAGGCTGGGAGTTGGAGACCAGCCTGAAAAACATGTTGATACCATTGCTACAGAAATTAGAAGAGTTAGCTGGGTATAGTGGTGCATCCCTGTAGTTCCAACTACTAGGGATGCTGAGGCAGGAGGGTCACGTAAGCCCAGGAG","GTGGGAGGATTTCTTGATCCCAGGGGTTCAAGACCAACCTGGGCAACATAGTGAGACCCTGTGTATACTGAACAAAAACAATTTTTCAGGCATGGTGGCACACACCTGTAGTCCGAGCTATTCGAGAAGCTGAGATGGGAGGATCCCTTGAGCCCGGGAG"
"GL873521","25955927","25956105","chr3","43378154","43378339","50","17422227","AAAAAATAGAAAAATTAGCCATGTGCAGTGGCATGTGCCTATAGTTCCACCACTGTAGGGGCTGAGGTAGGAGGATCCCTTAAGACCAGGACTTTGAGATTGCTGTGAGTTATGACATCACTGCTGTCTGGTTGGGTGACAAAGGGAGACTTTGCCTCAAAAAAGGGAAGAAAGAAAAA","AAAAATACAAAAATTAGCCGGGCATGTTGGCATGTGCCTGTGGTCCCAGCTACTCCAGAGGCTGAGGTGGGAGGATCACTGGAGCCCGGGAAGTTGAGGCTGCAGTGAGCTGTGATCACACCACTGCACTCCAGCCTGGGTGACAGAGTGAGACCCTGTCTCAAAAAAAAAAAAAAAAAAAAAAAA"
"GL873521","26298260","26298339","chr4","95794331","95794409","18","69496071","GGCTGGGTGCATCAGCTTATGCCTGTAATCCCAGTACTTTAGGAGGTTGAGGTAAGAGGATCACTTAAGAACAGGAATCC","GGCTAGGTGCAGTGGCTTACACCTGTAATCCCAGCACTTTGGGAGGCCGAGGCAGGAGGATCACTTGAGCCCAGGAGTT"
"GL873521","26307582","26307851","chr5","152032216","152032514","85","125724634","GCTGGGCATAGTGGCTCACACCTACACTCTTAGAGGCCAGGGCAGATGAATTATTTGAGCTTGGGAGACCAGACTGAGCATGAGTGAGATCCTGTTCCTACTAAAAATAGAAAAATTAATTGGGTGTTGTGCCTGTAGTCCCAGCTACTTGGAAGGCTGAGGCAAGAGGATCACTTGAGCCCAAAAGACTGAAGTTCTAATGCCAAACATGCTACTCAGAGGGACAGAATGAGACTCTGTCTCAAAAATAAATAAATAAATAAATAAATA","GGCTGGGCACAGTGACTCACACCTATAATCCCAGCACTTTGTGAGGCTGAGGCAGGCAGATTATTTGAGCCCCTGAGGTCAAGACCATCCTGGGCAACATGGCAAAACCTCATCTCTACAAAAAATACAAAAATTAGTTGGGTGTGGTGGCATACGCCTATAGTCCCAGCTCCTCAGGAGGCTGAGGTAGGAGGATGGTTTGAGCCCAGGAGATGGAGGTTGATCATGCCACTGCTCTCCAGACTGGGCAACAGAATGAGACTCTGTCTCACAAAAAATGAAACAGAATAAAATAAAAA"
"GL873521","26951040","26951317","chr17","16672309","16672598","75","10278731","TGGCTTACACCTGTAATCCTAGCACTCTGAGAGGAGTGAGGCAGATTGCTTGAGCTTAGGAGTTTAAGACCAGCCTGAGCAAGAAAGATCCCATTTTTACTAAAATAGAAAACTAGCCAGGGGTGGTGGCCTATGTCTGTAGTCCCAGCTACTCGGTAGGCTAAGGCAAGAGGATTGCTCAAACCCAAGAGTTTGAGATTGCTGTGAGTTCTGGTGCCATGACACTCTATCCAGGGTAACAGAGTGAGACTTTGTCTAAAAAAGAAATAAAATAGGTG","GTGGCTCACACCTGTAATCTCAGCACTTTGGGAGGCTGAGGCGGGAGGATCACTTGAGCCCAGGAGTTTGAGACCAGCCTGAGCAACATAGTAGGCTCCTGTCTCTACAAAAAAATACAAAAATTAGCTGGTACTGGTGGCATGTGCCTGTAGTCCCAGCTACTCAGGAGGCTAAGGCAGGAGAATCGCTTGAGCCCAGGAGGTTGAGGCTGCTATGAGCTGTGATGGCACCACTGCACTCCAGCCTGGGTGACAGAGTGAGACCTGGTCTCAAAAAGAAAAAAAAAAAA"
"GL873521","26951542","26951557","chr3","53948633","53948648","1","26997091","AAAAGAAAGAAAGAAA","GAAAGAAAGAAAGAAA"
"GL873521","27061553","27061681","chr3","122788793","122788920","26","95727240","GGCCACGCACAGTGGCTCATGCCTTTAATCCTAGCTTTCTGTGGAGGCCAAAGCAAATGGATCACTTGAACTCAGGAGTTCAAGACCAGCCTGAGCAAGAGCAAGACCCCATCTCTACTAAAAATAGAA","GGCCAGGCACTGTGGCTCATGCCTGCAATCCCAGCACTTTGGGAGGCCAAGGCAAGAGGATTGTTTGAGCCCAGGAATTCAAGACCAGCCTGGGCAACTCAGGAAGACCCCATCTCTACAAAAAACAA"
"GL873521","27061706","27061860","chr8","96136998","96137163","44","69075292","TAGCTTGGCATTGTGGTAGGCACTGGCAGTCCCAGTTACTTCGGAGGCTAAAACAAGAAGGATTGCTTGAATCCAGTGAGGTTGCTGTGAGCTATAATGTCATGGCACTTCTCCCCAGGGCAACAGAATGAGACTATCTCAAAAAAACAAATAAA","TTTAGCTGGGAAGGTTGGCACGCACCTGCAGTCCCAGCTACTTGGGAGGCTGAGACTGGAGGATTGCTTGAGCCCGAGAGGTCGAGGTGGCAGTGAGCCATAATCACACCACTGTACTCCAGCCTGGGTAACAGAATGAGACTCTGTCTCAAAACAAACAAACAAA"
"GL873521","27073730","27073910","chr1","68095575","68095737","50","41021845","GAGCAGCCTGAGCAGCTAGGGTACTGCTCCCTGCCTCTAGTCCCAGCTACTTGAGGGGCTAAGGCAGGAGGATTGTTTGAGCCCAGGAGCCCAGGAGTTTGAGATTGATGTGAACTAGGCTGATGCCATGGCACTCTAAACTGGGCAACAGAGTAAGACTCTATCTTAAAAAAACAAAAAA","TTAGCCCTGCATGGTGGCACATGCCTGTAGTCCCAGCTATTTGGGAGGCTAAGGCAGGGGGATGGTTGGAGCCCAGGAGGCAGAGGTTGCAGTAAGCTGAGACTGAGCCATTGCACTGCAGCCTGGGTGACAGAGTGAGACTCTGTCTCAAAAAAAAAAAAAA"
"GL873521","27074182","27074275","chr19","50666183","50666279","26","23592001","GCTGGGTACTGTGGCTCAAGCATGTAATCATAGCACTCTTGAGGCCAAAGTTTGGAGGATCCCTGAAGCTCCAGAGTTTAAATGCAGCTTGAGT","GGCTGGGCTCTGTGGCTCATGCCTGTAATCCCAGCACTTTGGGAGGCCGAAGTGGGAGGATCACTTGAGTCCAGCAGTTTGAGAGCAGCCTGGGCAA"
"GL873521","27115551","27115853","chrX","48006439","48006741","74","20890888","GGCCAGGTGTGGTGGCTCCTGTAATCCTATCACTATGGGAGGCCAAGGTGGGTGGATTGCTTGAGCTCAGGAGTTGGAGACTAGCCTAGGCAAGAGTGAGATCCCGTATCTACTAAATAGAAAAACTAACCAGGTTCCAGGTGCCTGTAGTCCCAGATTCTTGGGAGGCTGAGGCAAGAGGATCACTTAAGGTCAGGAGTTTAAGGTTGCTGTGAGCTATGATGTCATAGCACTCTACCCAGGGTGACAGAGTGAGACTCTATCTCAAACAAACAAACAAACAAAACAAAAACAACAAAAAAA","GGCTGGGCTCAGTGGCTCACGCCTGTAATTCCAGCACTTTGGGAGGCCAAGGTGGGCGGACTGCTTGAGCTCAGGAGTTCGAGACCAGCCTGGGAAACATGGCGAAACCCCATCTCTTAAAAAAAAAAAATTATCTGGGTGGCAGGAGCCTGTAGTCCCAGCTACTTGGGAGGCTGAGGTAGGAGGATCACCTGAGCCCGGGAGGTCAAGGCTGCAGTGAGCCATGATCGTGCCACTGCACTCCATCCTGGGTGACAGAGTGAGACCCTGTCTAAAAAAAAAAAGAAAAAAGAAAAAAAGAAA"
"GL873521","3621655","3621735","chr19","38588582","38588671","29","34966927","AAACCCCCCAGAAAATTAGCTGTAGTCCAGCTACTTGGGAGGGTGAGGCAGGATTGCTTGAACTCAGGAGGCTGAGGTTGC","TTAGCCAGGTGTGGTTGTGCACGCCAGTAGTCCTAGCTACTCAGGAGGCTGAGGCAGGAGGATTGCTTGAGCCCAGGAGTTTGAGGCTGC"
"GL873521","3642385","3642519","chr4","190118736","190118870","25","186476351","GGCTGGGTGAGGTGGCTCACACCTGTAATCCCAGCACTCTGGGAGGCCAACAGGGATGGAGCACCTGAGCTCAGGAGCTTGTGCCCAGCTTGAGCAAGAGTGAGACCTCATCTCTGTTAAAAACAGAAAAAAAAA","GGCTGGGTGCAGTGGCTCACACCTGTAATCCCAGCACTTTGGGAGGCCAAGGTGGGAGGATCACTTGAGCTCAGGAATTCGAGACCAGCCTGGGCAACATAATGAGACTGCATCTCTGTAAAAAAAAAAAAAAAA"
"GL873521","3642815","3642983","chr6","117522072","117522244","43","113879257","AAAAAAACTAGCCAGGCATTGTGGCGAGTGCCTGTAGTCCCAGCTACTCGGGAGGCGGAGGCAAGAGGAGTGCTTAATCCCAAGAGTTTGAGGTTGCTGTAAGCTATGACACTCATTCTACTCAGGGTAACAAAGTGAGACTCTGTCTCAAAAGGAAAAAAGAAAGAGA","TAAAAAAATTAGCCAGATGTGGTGGCATGTGCCTGTAGTTCCAGCTACTCGGGAGGCTGAGGCAGGAGGATTGCTTGAGCTCAGGAGTTCGAGGCTGCAGTGAGCTATAATTGTGCCACTGCACTCTAGCCTGGGTGACACAGTGAGACCTTGTCTTTAAAAAAAAAAAAAAA"
"GL873521","3668981","3669096","chr1","92774326","92774442","25","89105345","GGCTAGGCTCAGTGGCTCATGCCTATAATCCTAGCACTCTGGGAGGCTGAGACAGGTGGAGTGCCTACGTTCAGAAGTTTGAGACCAACCTGGGGAAGAGTGAGACCCTTGTCTCT","GGCCAGGCGCAGTGGCTCACACCTGTAATTCTAGCACTCTGGGAGGCAGAGGCAGGCAGACTGCTTGAGCTCAGGAGTTCGAGACTACCCTGGGCCACACAGTGAGACTTTGTCTCT"
"GL873521","3669118","3669287","chr19","44556029","44556196","40","40886911","GCCTAGCCATGCATTATGGTGGGCACCTGTAATCCCAGCTACTTGAGTGGCTGAGACAGGAGGATTGCTTGGGCCCAGGTGTTTGAAATTGTCGTGAGCTATGACAACACTATAGCACTCAACCCAGGGCACAGAGTGAGACCCTGTCTCAAAAAAAATAATAAATAAAA","TTAGCTGGGCACGGTGGTGTGCACCTATACTCCCAGCTACTCTGGAGGCTGAGACAGGAGGATTGCTTGAGCCCAGGAGTTCAAGACTGCAGTGAGCTAGGATCGCACCATTGCACTCCAGCCTGGGCAACAGAGTGAGGCCCTGTCTCTAATAATAGTAAAAAAAAA"
"GL873521","3669631","3669737","chrX","25092369","25092466","29","21422738","GGTTAGGCATGGTGGCTTACACATGTAATCCCAGCACTTTCAGAGGCTGAAGTAGGAGGATCTCTCAAGAGACCATCAGAGGGAGACCCTGTCCTTATAAATAATTA","GGGTGTGGCGGCTCAAACCTGTAATCCCAGCACTCTGTGAGGCTGAGGCAGGAGGATCGCCTGGGCAATATAGTGAAACCCTGTCTGTATTAATAATA"
"GL873521","3670024","3670183","chr1","26355033","26355200","40","22685009","TTGGTTGGGTGTGGTAGCACTTGCCAATAGTCTTAGCTACTTGGGAGGCTGAGGCAGGAGGATCCCTTGAGCCCAGGAGTTCAAAGTTGTAGTGAGCTGTAGTAGGGCCACTATAGGGTAAAAGAGTAAAATCCTGTCTCAAAAAAAAAAAAAAAAAAAA","AACTAGCTGGGTGTGGCGGCGTGTGCCTGTAGTCCCAGCTACTTGGGAGGCTGAGGCAGGAGGATCACTTGAGCCCAGGAGTTCAAGGCTGCAGTGAGCTAAGATCATACCACTGCACTCCAGCCTGGGTAATAGAGTGAGATCCTGTCTCAAAAAAAAAAAAAAAAA"
"GL873521","3713060","3713213","chr16","52591348","52591478","53","48878288","ACTAAAATTGTAAAGCCTAAGCTGGGTGTCATGGTGCACACCTGGAGATCCAGCTCCTCGGAGGCAGAGACAGGAGGATCTCTTGAACCCCAAAATTTGAACACAGTGCGACAACATAATGAGACCCACCTCTTACAAAAAATTACAAAGACTA","GCTGAGTGTGGTGGTGTGTGCCTATAATTCCAGCTACTCAGGAGGCTGAGGCAGGAGGATCACTTGAGCCCAGGAGTTTGAGACCAGCCTGGGCAACACAGTGAGACCCCATCTCAAAAAATTAAACATTA"
"GL873521","3858021","3858181","chr15","40727742","40727900","45","36869721","GGAAAAATTAGCTCAGCATTGTGGTGGGTGCCAATAGTCCTAGTTACTGGGGGGGTGGAGGGTTGAGGCAGGAGCTTGAGCTCAGGAGTTTGAGGTTGCTGCGAGCAAGGCTCATGCCATGGCACACTAGCCTGGACAACAGAGTGAGAGTCTGTCTCAAA","TTTAAAAATTAGCCAGGCATGGTGGTGACCACCTGTAGTCCTAGCTATTCAGGAGGCTGAGGCAGAAAGATTGCCTGAGCTCAGGAGTTTGAGGTTACAGAGAACTCTGATCATGCCACTGCACTGCAGCCTGGGCAACAGAGTGAGACTCTGTCTCAA"
"GL873521","3858456","3858567","chr17","26390105","26390216","27","22531649","GGTTGGATGCAGTGACTCACGTTTATAATCCTAGCACTCTGGGGAGCAGAGGCAGGAGGATCCCTTGAGCTTAGGAGCAAGACCCCATCTCTACTAAAAAATGGAAAAATTA","GGCCGGATGCAGTGGCTCACGCCTGTAATCCCAGCACTTTGGGAGATGGAGGTGGGAGGATCGCTTGAGGCTAGGGGTTCGAGACCACATCTTTACAAAAAATTTAAAATTA"
"GL873521","3958462","3958555","chr3","156881552","156881648","15","152923090","GGCCAAGTGTGGTGGCTCACGCCTGTAATCCCAGCACTCTGGGAGGCTGAGGCAGAGAATCACTGGAGCGCAAGAGTTTGAGACTAGCTTGAGC","GGCCAGTTGTGGTGGCTCACACCTGTAATCCTAGCACTCTGGGAGGCTGAGGCTGGAGGATCACTTGAGCTCAGGAGTTTGAGACCAGCCTGGGCAA"
"GL873521","4004289","4004415","chr2A","53135817","53135938","36","49131528","GCCGGGCGCGGTGGCTGACACCTGTAACCGAGCACTTTGGGAGGCATCTGTAGGAGGATCGCTTGAGGCCAGGGATTGGAGACCTCCCGCCCTACAAATGATTTTAAAATAAACTGCTTATGCTGGG","GCCAGGTACAGTGGCTGACATCTGTAATCCCAGCACTTTGGGAGGCTGAAGTGGGAGGATCACTTGAGGCCTGGAGCTTGAGACCAGCCTTGTCAACATAGTGAGATTAAAAAATTAGCTGG"
"GL873521","4004664","4004811","chr5","141173286","141173416","45","137168622","CTGCTTATGCTGGAGGACCCTCACCCCACCCCACCCCCACACACACCTTGTGCTCCTGACTTGGAGACTGCAGTGAACTATGATCAGGCCGCTGCCCTCCAGCGTGAGCGACAGAGCATGACCCTGTCAAAAAAAAAAAAAAAAAAAA","CTACTTGGGAGGCTGACCCACGAGAATCACTTGAACCTGGGAGGTAGGCTGCAGTGAGCTAAGATCACACCACTGCACTCCAGCCTGGGCAACAGAGCAAGACTCTGTCTCAAAAAAAAAAAAAAAAAAAA"
"GL873521","4367979","4368038","chr4","148843957","148844014","16","144475978","GGGCCCGGATAATGGCTCTAATCCCAGCTACTTGGGAGGCTGGGGCAGAAGGATCGCTTG","GCAATGGTACATGCCTATAATCCCAGCCCTTTGGGAGGCTGAGGCAGGAGGATCACTT"
"GL873521","4416492","4416644","chr15","38442496","38442652","39","34026004","GACAAAAATTAGATGGGCGTGGGGCTGTAGTTCCAACTACTCTGGAGGCTGAGGCAGGAGGGTTGCTTCAGCCCAGGAGTTTGCGGTTGTAGTGAGCTATAATGATTCCACTGCACTATAGCATGGTGACAGAGTAAGACTGTATCTCAAAAA","TTAGCCAGATATGGTGGTGCATGCCTGTAGTCCCAGTTACTTGGGAGGCTGAGGCGGGAGGATTGCTTGAGCCCAGGAGTTTGAGGCTGTGGTGAGCTATGATTGTGCCACTGCACTCCAGCATGGGTAACAGAGCAAGACCCTATCTCTTTAAAAA"
"GL873521","4416915","4417046","chr12","122239412","122239544","30","117822497","GCCTGGTACAGTGGCTCACAGCTGTAATTCTACCACTCTGGCAGACTGAGGCAGGAGTATAGCTTGAGGTCAGGAGTTAGAGAGCAGCCTGAGCAAAAGTGAGACCCTCTATTAAAAATAGAAGAATTAGGG","GGCTGAGCACGGTGGCTCATACCTGTAATCCTAGCACTTTGGGAGGCTGAGGCGGGAGGATTGCTTGAGGCCAGGAGTTTGAGACCAGCCTGGGCAACATAGTGAGACCCCATCTCTAAAAAAAAAAAAATTA"
"GL873521","4508052","4508216","chr1","180937305","180937458","45","176429253","CGCCAAAATAGCCACGTATGGTTGTGTGCACCTATAGTCCCAGCTATTTCAGAGGCGGAGACCATAAGACCACTTGCACCCAGGAATTTGAGGATACAGCAAGCTGTGATCATGCCACTGCACTCCACTCCAAGCCACAGACTGAGGCCTTGTCTCTTAAAAAAA","GCAAGCCAGGTGTGGTGGCATTTGCCTATAGTCCCAGCTATGTCAAAGGCTGAGACAAAAGTATCACTTGAACCCAAGAGTTAGAGGTTACAGTGAGCTATGATCGCACCACTGCACTCCAGCCTAGGCAACAGAATGAGACCCTGTCTCTAAA"
"GL873521","4508241","4508340","chr4","142826785","142826889","25","138318544","CCAGGTGCCATGGCTTATGCCTGTAATCCCAGGGCTCAGCTTGAGGCAGATGATCACTTGAAGCCAGGAGTTCGAGACCAGCCTGGGTAACACAGTGAGA","GGCCAGGTGTGGTGGCTCATGCCTTTAATACCAGGGCTTTGGGAGGCTGAGGCAGGACGATCACTTGAGGCCAGGTGTTTAAGACCAGCCTGGGCAACATAGGGA"
"GL873521","4585645","4585775","chr1","22024766","22024901","32","17439121","GCTGGGCAAGGTGGCTCACGCCTGTAATCCGAGCACTCGGGGAGTCCAATAGGGGTGGATTGCCTGAGCTCAAGTTCAAGACCAACCCAAGCAAGAGTAAGACCCCATCTCTACTAAAAATAGAAAAAACA","GCCAGGTGAGGTAGCTCACGCCTGTAATCCCAGCACTTTGGGAGGCCAAGGTGGGTGGATCAACTGAGGTCAGGAGTTCAAGACCAGCCTGGCCAATATGGTAAAACCCCATCTCTACAAAAAATACAAAAATTAT"
"GL873521","4586039","4586216","chr5","162553581","162553768","45","157967542","TAATAGAAAAACTAGCCACTGGTAGGCACCCATAGTCCCAGCTACTTGGGAGACTTAGGCAAGAGAATCACTTAGCCCAAGAGTTTGAGGTTGCTGTGAGCTATGATGCCATAGCACTCTACCCACAGTGCCAGAGTGAGATTCTGTCTCAAAACAAAAAAAGAAAGAAAGAAAGAAA","AATTTAAAAATAGCCAAGTATAGTGGCATGCCTCTGTATTCCTAGCTACTTAGGAGACTGAGGCAGGAGGATCACTTGAGCCCAAGTGTGTGAGGCTGCAGTGAGCCATGATCCAGCCACTGCACTCGAGCCTGGAAGACAGAGTGAGATACTGTCTCAAAAAAAAGAAAGAAACGAAAAGAAAGAAA"
"GL873521","4615177","4615298","chr12","11845861","11845982","46","7230684","AAATATAATGAGTAGCTGGGTGTGGAGGCACGTACTTCTACACCCAGCTACATAGAAACTGTGTAGCAGGCAGGAAGATAGTTTAATTAATATAGTGAGAACCCCATTTCAAAAAGAAAGAA","AATACAAGGAAGCCAGGTGTGGTGGCATGCACCTACAGCCCGAGCTACTCGGGAAGCTTTGAACTGGAGACAAGCCTGGGCAACATAGTGAAACCCCATCTCCCTCTAAAAACAAGGAAAGA"
"GL873521","4639212","4639298","chr17","29760224","29760310","16","25121012","GGCCTGGCACAGTGGCTCATACCTATAATCCTAGCACTCTGGGAGGTGAGGTGGGGAGGATCCTTTGAGCTTAAGAGTTTGAGATCA","GGCCATGGGCAGTTGCTCACACCTATAATCCCAGCACTTTGGGAGACTGAGGTGGGAGGATCGCTTGAGCACAGGAGTTTGAGACCA"
"GL873521","4757227","4757326","chr1","32811419","32811520","26","28054192","TAAAATAAATAAATCAGCTGGCAGTGTGGTAGGCAACTGTAGCCCCAGCTACCCAGGGCTGTGGCAGGAAGGTGACTTGAGCCCAGTAGTTTGAGGTTGC","ATTAAATTAAATGGAGCCGGGCGTGGTGGTATGCACCTGTTGTCCCAGCTACTCAGGAGGCCAAGGCAGGAGGATCACTTGAGCCCAGGAGTTTGAGGATGC"
"GL873521","4757600","4757715","chrX","124471265","124471386","33","119713665","GGCTGAGCAGTGTGGCTCACGCCTGTAATCCTAGTGCTTTGGGAGGCTGAGGTGGAGTGAATTCCAGACCTGCCTGAACAAGAGAGTTTTTGTCTCTACTAAAAATATAAAAATCA","GGCTGGACACCGTGACTCACGCCTGTAATCCCAGCACTTTAGGAGGCTGAGGCAGGAGGATTGCTCAAGACTAGCCTGGCCAACATGGTGAAACCCCGTCTCCACTAAAAATACAAAAATTA"
"GL873521","4833908","4834183","chr20","5619662","5619943","68","785754","GGCCAGTGCAGTGGCTCATGCTGTAATCCCAGCCCTCTGGGAGGCTGAGGCAGGCGGATCCCCTGAGCTCAGTGGTTGGAGACCAGCCTGAGCAAAAGTGCAACCCCGGCTCTACTAAAAATAGAAAAAACATTAGCTGGGCTGGGTGGCAGCTGCCTATAGTTACAGCTAATAGGAAGGCTGAGACAGGAGGATGGTTTGAGCTCAGGAGGTTGGGGTTAAGATATGGTGACACCACTGCATGCTACCTGGGGCACAGAGCAAGACTCTTGTCTC","GGCCAGGTGCAGGGGCTGACACCTGTAGTCCCAGCACTTTGGGAGGCTGAGGCAGGAAGATCACTTAAGCCCAGGAGTTCGAGACCAGCCTGCGCAACATGGTGAAAACCCGACTCTACAAAAAATACAAAAACTAGCCAGGCATGGTGGTGCCTGCCTGTAGTCCTAGCTACTCAGAAGGCTGAGATGGGAGGATTGCTTGAGCCCAGGAGGTTGAGGTTGCAGTGAGCTGAGATGACACCGCTGCATTCCAGCTTGGGTGCCAGAGCAAGACCCTCTCTC"
"GL873521","4857882","4858053","chr13","48157593","48157767","59","43299711","GACCAACCAGAGTAAGAATAAGACCCCTGTCTCTACAAAAAAATGCCAAAATTAGCCAGGCATAGTGGCATGCACCTATAGTCCCAGCTACTATAGTTTTGAGGTTGCTGTGAGCTATGACGATGACATTGCACTCTACCCCAGGCAACACAGCAAGGCTCTGTCTCCAAAA","CCAGCCTGGACAACATAGGGAGACCCTGTCTCTACAAAAAAATTTTCAGAAAATTAGCTGGGCACCATGGCGCATTCCTATAGTCCCAGCTACTCAGGAGGCTGCAGTGAGCCATGATTGTGCCACTGTGCTCCAGCACGGGTGACAGAGCAAGACCCTGTCTCTTAAAAAAAAA"
"GL873521","4858329","4858418","chr2B","246546136","246546224","17","241687807","CAGGAGCAGGGGCTCACACCTATAATCCTAGCACTCTAGAAGGCCAAGGCTGGAGGATTACTTGAGGCCAGAAGTTCATGACCAGCCAGT","CCAGGTGCTGTGGCTCATGCCTGTAATCCCAGCACTTTGAGAGGCCTAGGCAGGAGGATTACTTGAGGCCAGAAGCTCAAGACCAGCCT"
"GL873521","4904065","4904344","chr20","3250028","3250308","77","1654037","GGCCAGGCATGGCGGCTCAGCCTATAATCTGGGAGGCCAAGGCTCAAGGAGTTTGAGACCTGCCTGAGCAAGAGCAAGACCCTGTCTCTACTAAAAATAGAAAAAACAGCCAGGTGTTGTGGCAGGCACCTGTAGGCCCAGCTACTTGAGAAACTGAGGCAGGAGGACTGCATGAGCTCAGGAGTTTGAAGTTGCTGTGAGCTAAGAAGCCACAGCATTCTAGTCTGTAGCAACAGAGTGAAACTGTCTCAAAAACAGAACAAAACAAAACAAAACAAAA","GGCCAGGTGCAGTGGCTCACACCTATAATCCTAGCACTTCAAGGCCAAGTTCGAGACCAGCCTGGGCAACATGGCAAAACCCTGTCTCTACAAAAAAAAAATAAAAATTAGCCAGGCATGGTGGCGCTCACCTGTAGCCCCAGCTTCTTGTGGGGCTGAGGCAGGAGGATTGTTTGAGCCTGGGAGACAGAGGTTGCAGTGAACCTATATCATGCCACTGCACTCCAGCCTGGGTGACAGAGTGAAACCCTGTCAAAAAAAAAAAAAAAAAAGAAAGAAAA"
"GL873521","5548943","5549231","chr4","172002891","172003185","72","166453948","GACTGGGCACAATGGCTCACGCCTATAATCCTAGCACTCTGGAAGGCCAAGGTGGGTGGATTACTTGAGCTCACAGGTTTGGGACCATCCTGAGCAAGAGTAAAACCTCATCTCTAAAAATAGCCCGGCATTGTGGTGGGTACCTTGTAGTCCCAGCTAGTTGGGAGGCTGAGGCAAGAGAATCTCTTGAGCCTAAGACTTTGAGGTTGCTGTAAGCTGTGATGCCATGGTACTCTACCGAGGGTGACATAGTAAGACTCTATCTCCAAAAAAAAGAAAGGAAAAAGAA","GGCCAGGCACAGTGGCTCATGCCTATAATCCCAGCAATTTGGGAGGCCAAGGTGGGAGGATCACTTGAGCCCAGGAGTTGGAGACCAGCCTGGGCAACATGGCAAAACTCCATCTCTACAAAAAATAGAAGCCAGGTGTGGTGGTGTGCATCTGTAGTCCCAGCTACTTGGGAGGCTGAGGTGGGAGAATCGCCTGAGCCTGGGAGGTGGAGGTTGCAGTGAGCCAAGATCATGCCACTGCACTCTAGCCTGGGTGTCAGAGTGACAACTTGTCTCAAAAAAAAAAAAAAAAGAA"
"GL873521","5616768","5616899","chr1","134480867","134480991","29","128864099","GTGGCTCTCTCCTGTAATCCCAGCACTTTGGGAGGCCAGGGGAGAGGATTGCTTAAGGCCAGGTATTTGAAACCAGCCTGGGCAACACAGAGAGATATGCCCATCTCTACCAAAAGAAAAAAATTGCTAGGA","GTGGCTCATGCCTGTAATCCCAGCACTTTGGGAGGCCAAGGAGTGAGGATTGCTTAAGTCCAGGAGTTCAAGAACAGCCTGGGAAACATAGTAAGATCCTGTCTCTACAAAAAATAAAAAATTGT"
"GL873521","5617203","5617331","chr3","201848039","201848154","42","196230836","TTAAAAGTTTGCTGGGCTTGCTGAAGTGTGCCTGTAGTCCCAGCTACTCAAGAGACTAAAGTGGGGGGGATCAACAGAGCCCAAGAGTTTTAGCCTGTTCTGAATCACTGGACCACTGCATTCCTGTCT","ATTAGCTGGGCGTGGTGGCGGCTGCCTGTAGTCCCAGCTACTCAGGAGGCTGAGGTGGGAGGATCACCTGAGCCCGGGAGGTCGAGGCTGCAGTGAGCAGTGATGACGGCACTGCA"
"GL873521","5813449","5813645","chr8","55925895","55926096","51","50112446","TCTATAAATATATAGAAATTGCCAGGCACTGTGGCTAATGCCTGTCATCCGAGCACTTTGGGAGGCTGAGGCAGGAGGATCATTTGAGCCCAGAAGTTGGAGGCTTCTATGACTGGGGTGCTGCACTACAGTGGAGGCTGGGTGAAAGAGCAAGATTCTGTCTCTAAAAAACATACAAAACAAACAAACAAACAAAA","TCTCTACAAAAAAATAAAAAACTAGCCGGGCATGGTGGCACATGCCTGTAGTCCCAGCTACTTGGGAGGCTGAGGCAAGAGGATCACTTTACCCCAGGAGGTCGGGGCTGCAGTGAGCTGTGTTCATACCACTGCACTACAGCCTGGGTGACAGAGCAAGACTCTGTCTCAACAAAACAAAACAAAACAAAACAAAACAAAA"
"GL873521","5816723","5816839","chr7","150519989","150520108","29","144703266","GGCTTACACCTGTAATCCTAGCACTTTGGGAGAGTGGGAGTATGGCTCGAACCCAAGAGTTGGGAGACCAGCATGGGAAAGAATGAGACCCTGTCTCTACAAAAATAGAAAAATTAG","TGGCTCACATCTGTAATCCCAGCACTTTGGGAGGCCAAGGTGGGAGGATTGCTTGATCCCAGGAGTTGGAGACCAGCCTGGGCAACATAGTGAGACCCTGTCTCAACAAAAATTTATTTT"
"GL873521","6392280","6392393","chr13","98865790","98865887","34","92473510","GGCATGGTGATACATGCCAGCGACTTAGGAGGAGGACCCCTTGAGCAAGTGAGCAGTGATTGTGCCACTGCACCTCCAGCCTGAGCAACAAAGTGAGACTCTGACTCTTAAAAA","CAGGGGGACCACCTGAGCCTGGGAGGTTGCAGCTGCAGAGCCGTGATTGTGCCACTGCATTCCAGCCTGGGCAACAGAGTGAGCTCCTGTCTCAAAAA"
"GL873521","6821886","6822161","chr13","35542940","35543211","71","28721054","GGCCTGGTGCAGTAGCTCAGAGCTGTAAGCCTAGCACTCTGGGAGGCAGAGGTAGGTAGATCACTTGAGACCAGGAGTTCAAGAAGACCAGACTAAGTAAGAGTGAGACCCTCACCTATGCTAAAAATAGAAAATATTAGCTGGGCATACAGTGTATGTCTGTAGTCCAGGCTACTTAGGAAGCTGAGGTAGGAGGATCACTTAAGCCCAGGAGTTTGAGGTTGCTGTGAGCTAGGCTGAGGCCATGGTACTTCAGCCTCGGCAACAGAGTGAGAC","GGCCAGATGTGGTGGCTCACACCTGTAATCCTAACACTTTGGGAGACCGAGGTGGGTGGATCACTTGAGGTCAGGAGTTCAAGACCAGCCTGGCCAACATGGTGAAACCCCATCTCTACTAAAAATACAAAAATTTGCTGGGCATGATGGTGGGCGCCAGTAGTTCCAGCTACTCAGGAGGCTGAGGCAGGAGAATCGCTTGAACCCAGGAATCAGAGGTTGCAGTGAGCCAAGATCACGCCATTGCACTGAAGCCTGGGCGACAAGAGCAA"
"GL873521","6822427","6822459","chr1","26448863","26448892","8","19626436","TCAGAGTGAGACTTTATCTCAAAGAAAAAAAAA","TGAGTAAGACCCTGTTTCAAAGAAAAAAAA"
"GL873521","6828199","6828251","chr12","8954703","8954756","17","2126504","GGGAGAGGTAGCTCAGGCCTGTAATTCTAACACTCTGGGAGGGAGGATCCCTT","GGTCAGGTATGGTGGCTCATGCCTGTAATTCTAGTACTTTGGGAGGCTGAGGTC"
"GL873521","6828640","6828791","chr2A","70191250","70191406","45","63362610","CCTTGAGCTCACAAGTTTGAGACCAGCCTGAGCAAGAGCGTGACTATCTCTACTAAAAATAGAAAACTCTGCTAGGTGTTGTGGCAGGTGCCTATAGTTCCAGCTACCTAGGAGGCTGAGGCAAGAGGATCACTTAAGCCCAGCAGTTTGAG","TCACTTGAGCCCAGGAGTTCGAGACCAGCCTGGGCAACATAGTGAGACTCAGTCACTACAAAAATAAACTTGCTGGGTGTGGTGGTGTGCACCTGTAGTTCTAGCTACTCAGGAGGCTGAGGTGGGAGGATCCCTTGAGCCTCGGAGGTGGAGGTTG"
"GL873521","6837142","6837367","chr12","104694083","104694305","59","97856941","GACTGGGTGCTATAGCTCACACCTGTAACCCTAGCACTCTCAGAGGCCAAGGTGGGTGGATTCGCTGAGCTCAGGAGTTCAAGACCAGCCTGAGCAAAATAAGACCCCATCTCTACTAAAAATAGAAAAAGAAAAACCAGCCAGGTGTGGTGCCAGGAGCCTGTAGTTCCAGCTACTCAGAGGCTAAAGTAAGAGGATTATTTGAGCAGTAAGAGTTTGTGGTTTC","GACTGAGTACGGTGGCTCACACCTGTAATCCTAGCATTTTGGGAGGTCAAAGTGGGAGGATGACTTGAGCCCAGGGGTTCAAGACCAGCCTGGGCAACAAAGTGAGACCCTGTCTCCATAAAAATTACAAAAATTAACCAGGCATGGTAGCATGTGCCTGTAGTCCCAGCTACTCGGGAAGCTGAGGCCAGAGGATTGCTTGAGCTTAAGAGGTTGAGGCTGC"
"GL873521","6837616","6837695","chr14","61332116","61332199","24","54494500","GTTTGTGGTTGCTGTGAGCTATGACATCACAGCACTCAACCCCAGGGTGACTACATACAACTCTGTCTCAGAAAAAAAAA","GGTTGAGGCTGCAGTGAGCTGTAATTGTACCACTGCACTCCAACCCAGGTGACACAGTAAGACCCTATCTCAAACAAAACAAAA"
"GL873521","7000001","7000131","chr1","35753661","35753787","41","28753660","ACAGTAATACATACTTGTAGTTCCAGCTTCTAGGCTGAGGCCAGAAGATGGCTTGAGCCCAGGACTTTGAGGTTGCAGTGAGAGATGATGATACCTCTGTACTCTAGCCCAGGTAACAGAGACTCTGTTTC","TTAGCCAGGCATACTAGCTCATGCCTGGAGGCTGAAGCAAGAGGACAGCTTGAGCCCAGGAGTTTGAGGCTGCAGGCAGCTATGATCGCACCATCGCACTCCAGCCTGGGTGACAAGACCCCATCTC"
"GL873521","7000386","7000547","chr6","44662547","44662705","42","37662161","GGGTGTGGTGGCTCTTACCTGTAATCCTAGCACTTTGGGAGGCTGGGGCAGGCAGGAAGATTGTTTGAGGCCAGGAGTTCCAGACCAGGCTTGTCAATATAGTGAGACCCCGTCCCTATAAAAAATAGAAAAATTATCTGGGCCTGGTAATGCATACTTTGG","GGCACAGTGGCTCATGCCTATAATCTCAGCACTTTGGGAGGCCAAGGTGAGAGGATCACTTGAGCCCAGGAGCTACAGACCAGCCTGGGCAACATAGAGAAAACCCATCTCTACAAAAAATACAAAAATTATCTGGGCGTGGTGATGCATGCCTGTTGT"
"GL873521","7034228","7034543","chr6","83628974","83629284","80","76594746","GGCCAGATGCAGTGGCTGACACCTGCAATTCTATAACTTTAGGAAGGTGAGAGAATTGCTTGAGGCCAGGAGTTCCAGACCAGCCTGAACAATATAGTGAGACCCCATTGCTACAAAAATTAGAAAAATTCACTGGGTGTAATGGCCAATGCCTGTATTCCCAGATAATCCAGAGGCTGATGCTGGAAGATTACTTGAGCCCAAGAATTTGAGGTGACAGTGAGCTATGATGACACCAATGCACTCTAGCTTGGGCAATAGAGTGTGACCCTATTTCCAAAAAAAGAAAGAAAGAAAGAAAGAAAAGAAAAGAAAA","GGCAGGGCATGGTGGCTCATACCTGTAATCCCAGCACTTTGGGAGTCCAAAGTGGGTGGATCGCTTGAGTCCAGGAGTTCAAGACCAGCATGGGCAATATGGTGAAACCCTATCTCTACAAAAAAATACAAAAATTAGCTGGGCATGGTGGCATGCACTTGTATCCCAGCTACTCCAGAGGCTGAGGTGGGAGGATTGCTTGAGCCCAGGAGGTTGAGGCTGCAGTGAGCCATGATCACACCACTGCACTGTAGCCTGGGCAGTAGAGCGAGACACTGTCTAAAAAAAAAAAAAAAGAAAAGAAAAGAAAA"
"GL873521","7070010","7070206","chr5","79804250","79804453","53","72734240","GGCCAGGCAAGATGGCTCATGCCTGTAATCCTAGCATTCTGGGTGGCTGAGACAGGCATATTCCCTGAACTCATGAGTTGGAGACAAGTCTGAGCCAGAGTTAGACCTCATCTCTAAAAATAGCCTGGCATTGTGGCATACACCTGTAGTCTCAGCTACTTGGGAGGCTGAGGTGAAAGAATTGCTTAAGCCCAAGA","CAGGCACTGTGGATCACACCTGTAATCCCAGCACTTTTGGAGGCTGAGGCGGGCAGATTGCTTGAGCTCAGGAGTTTGAGACCATCTTGGGCAACCTGGTAGAACCACATCTCTACAAAAAATTAGCCGGGCATCGTGGCACACGCCTGTAGTCGCAGCTATTTGGGGGGCCTCCTGAGGTGAGAGGATTGCTTGAGTCCAGGA"
"GL873521","7070300","7070404","chr10","27497894","27497990","34","20427594","GTAAGCCCAAGATTTTGAGGTTGCTGTGAGCTATAATGCCATAGCACGCTAACTGAAGCAAAGTAACTATGACAAAGTAAGACTCGGTCTCAAGAAAGAGAAAAA","CACTTGAGCCCAGGAGGTTGAGGCTGCAGTGAGCTATCATGCCACCACACTCCAGCCTGAATTACATGGCAAGACCCTGTCTCAAGAAAAAAAAAAA"
"GL873521","7099137","7099314","chr16","419989","420167","56","6679148","GGCTGGGTGCCGCGGCTCACACCTATAATCCTAGCACTCTGAGAGGCCAAGGCAGGTGGATTGCTTGAGCTCAGGCACTTGAGGCCCTCAAATAGAAAAACTAGCCCAGCCTTGTGGTGGGCCCCTGTAGTCCAGCTACTTAGGAGGCTGAGGCATGAGGATCGATTGAGCCCAAGTA","CTGGGCACCGTGGGTCATGCCTGTAATCCCAGCACTTTGGGAGGCTGAGGCAGGAGGATCACTTAAGCCCAGGTGTTCAAAAAACAAACAAAAAAACATTAGCCAGGTGTGGTGGTGCACACCTGTAGTCCCGGCTACTCAGGAGACTGAGGTGGGAGGAGCTCTTAAGACCGAGAGGT"
"GL873521","7099591","7099694","chr5","181790038","181790151","31","174690447","TGAGGCCAAGTATTTGAAGTTGCTGTGAGCTATGATGTGGCGCTCTACCAAGGTTGATAAAGTGAGACTCTGTCTCAAAAACAAACAAACAAACAAAAAAGCAA","TTGCTTGAGCCCAGGAGGTGGAGGTTTCAGTGAGCCAAGATCGTGCCACTGCACTCCAGCCTGGGTGACAAAGTGAGACCCTGTCTCAAAAACAAACTAACAAACAAAAAACAA"
"GL873521","7182117","7182284","chr17","14741482","14741644","46","7559365","AATTAGCCAGGCATCATAGCACATGCCTATAGTCCCAACTATTCAGGAGCCTCAGGGCCAGGAGGATCCCTTGAATATAGGAGTTTGGGGTTACTGTGAGCTATAATGATACCACCCACTGCACTTTAGTCTGGGTGACAGTGAGACCCCGGCTCAGGGGGAAAAAAA","AATTAGCCAGGCATGGTGGCACATGCCTATAGTTCCAGCACTTTGGGAGGCTAAGGCAGGAGGATTGCTTGAGCCCAGGAGTTTGAAGTTACAGTAAGCTATGATCATGCCATTGCACTCTAGCCTGGGCAACAGAGTGAGACCTTGTCTCTAAAAAAAAAAA"
"GL873521","7182549","7182656","chr11","75656969","75657073","28","68474420","AACCCCAGCACTTTGGGAGGCCAAAGCAGGAGGATCATTTGAGGCCTAGGAGTTGGAAAGCAGGCAGAACAAGAGTGAGACTATCTTCATAAAAATACAGAAAAATTA","CCAGCACTTTGGGAGGCCAAGGCAAAAGGATCACTTGAGCCCAGGAGTTTGAACCAACCTAAGCAACAGAGTGAGACCCTGTGTCTACAAAATATTAAAAAATTA"
"GL873521","7224398","7224414","chr1","153358526","153358539","3","146134128","AAAAAAGAAAGTAAAAA","AAAAAAAAAAAAAA"
"GL873521","7224442","7224704","chr16","23925003","23925279","73","16700561","GTGTGATGGCTCATGCCCATAATCCTAGTACTTTGGGAAGCTTAGGCAGGAAGATTGCTGGAGGTCAGGAGTTCAAGACCCACCTGAGCAAGAATGAGACCCCCGTATCTACAAAAAATAGAAACATTAGCTGGGTGTGTTGGTGTATGTCTGCAGTACCAACTACTAGAGAGTTTGAGGCAGGAGGATCGTGTAAGCCCAGGAATTTGAGGTTGCAGTGAGCCACCACTGCACTCTACCCTGGGAGGCAGATCAAGACTGTG","GGCTGAGCGCGGTAGCTCATGCCTATAATCCCAGCACTTTGGGAGGCTGAGGCAGGTGGATTACTTGAGCTCAGGAGTTCGAGACCAACCTGGGCAACACGGTGAAACCCCTTCTCTACAAAAAACACAAGAATTAGCAGGGCATGGTGGTGTGCACCCGAAGTCCCAGCTACTCAAGAGGCTGAGGTGGGAGGATGGCATAAGCCCAGGAAGTGGAGGTTGCAGTGAGCCAAGATCATGCCACTGCACTCCAGCCTGGGTGACAGCAAGACTGTCT"
"GL873521","7244822","7245115","chr16","74165797","74166100","72","66920975","GGCCGGGCTCAGTGGCTCTATAATCCTGGCACTCTGGGAGGTCAAGGTGGGTGGATTGCTTGAGCGCAGGAGTTTGAGACCAGCCTGAGCAAGAGTGAAACCCCGTCTCTAAAAATAGCCAGGTGCTGTGGTGAGCCCCTATAGTCCCAGCTACTCAGGAGGCTGAGGCCAGAGAATCGCTTAAGCCCAGAAGTTGGAGGTTGCTGTGAGCCGTGATACCATAATTCTTTAACAAGGGTGACAGAGTGAGACTCTGTCTCAAAAAAACAAACATACAAACAAAAAAAAAAAAAA","GGCTGGGCACAGTGGCTCATGCTTATAATTCCAGCACTTTGGGAGGCCAAGGTGGGTGGATCACTTGAGCCCAGGAGTTCGAGACCAGCCTGGGCAACATGGTGAAACTCTGTCTCTACAAAAAATTAGCTGGGTGTGGTGGCTCGTGCCTGCAGTCCCAGCTACTCAGGAGGCTGAGGTGAGAGGATCAATGGAGCCCAGGAGGTGGAAGTTGCAGTGAGCCAGATCACACCACTGTACTCTCCAGCCTGGGTGACAGAGCAAGACCCTGTCTCAAAAACAAACAAACAAACAAACAAACAAA"
"GL873521","7391188","7391475","chr8","106723939","106724236","70","99332751","GGCATGGTGGCTCACACCTATAATCCTAGCACTCTGGGAGGACAAGGTGGGAGGATCCCTTGCACTCAGAAGTTCAAGACCAGCCTGAGAGAGAATAGGACCCCATCTCTACTAAAAATAGAAAAATTACCTGGGCATTGTGGTTGGTGCCTGTAGTCCCAGCTTCTTGGGAGGGTGAGGCAGGGGCATCACGTGAGCCCAGGAATTTGAGGTTACAGTTAGCTGTTTTGTCACAGCCATCTACCCAGGGCAACAGAGTGAGACTCTATCTCAAAAAGAAAAAAAGAG","GGTGCTGTGGCTCAAGCCTATAGTCCCAGCACTTTGGGAGGACAAGGTGGGAGGATCACTTGAGCCCAGCAGTTCAAGACCAGCCTGAGCAACATGATAAGACCCCATCTCTACAAAAAATTAGAAAAATTAGCCAGGCATGGTGATGTATGCCTGTGGTCCTAGCTACTTGGGAGGCTGAGGCAGGAGGATCCCTTGAGCCCAGGAGGTCAAGGTTGCAGTGAGCCATGGTTGTACCACTGTACCCCAGCCTGGGTTACACAGTGAGATCCTATCTCAAAAAAAAAAAAAAAAAAAA"
"GL873521","7391570","7391585","chr17","38661961","38661976","2","31270391","GAAAAAAAAAAGAGAA","GAAAAGAAAAAAGAAA"
"GL873521","7411261","7411442","chr4","57296207","57296386","41","49884946","AGAAAGAAAGAAAAAAAATTAGTCAAGAATGGTGGCATGCACCTATATTCCCAGCTACTCAAGAGACTGAAGCAGGAGGATTACTTGAGCTCAGGAGTTGGGGGCTGCAGTAAGCTTTGACTATACTAATGCACTCCAGCCTGGGTGACAGAGCGAGACCCTGTTTCAAAAAAGAAAAAAAA","AAAAAAGAAAAATTAGCCAGGCATGGTGGCATGTGCCTGCAGTCCCAGCTACTCAGGAGACTGAGGTGGGAGGATTGCTTGAGCCAGGGAGATTGGGGCTGCAGTGAGCTGTGATATCATGCCACTGTACTCCAGCCTAGGCCGCAGAGTGAGACCCTGTCTCAAAACAAAAACAAAAAA"
"GL873521","7411723","7411845","chr16","11721596","11721721","28","4309873","GGCTGGGTGCAGTGATCCTAGCCTTTTGGGAGGCTGAGGCAGGAGGACTGATTGAGGCCATGAATTTGAGACCAGCCTGAGCAAGAGTGAGACCTTGTCTCTGCAAAAAATAGGAAAATTAGT","GGCTGGATGCGGTGGCTCATGCCTTTTGGGGAGGCTAAGGCAGGAGGATTGCTGGAGCCCAGGAATTAAAGACCAGCCTGGGCAACATAGTGAGACCTCGTCTCTACAAAATTAAAAATTAAGTTT"
"GL873521","7473204","7473396","chrX","14950093","14950281","51","7476889","CAAAAAAAAAACCTTAGCCAGGTATGGCAGCACAGATTTGTCATCCCAACTACTCAAGAAGCTAAGGTGAGAAGATCACCTGAGCACAGGAGTCTGAGGTTATAGTGAGCTGTGACTGGGCCATTCACTACATTCCAGCCTATGCTATAGAGTAAGACCCTGTCAAAAGAAAAAAAAAGAGAGAGAGAGAAAA","TCAATAAATAAAAATTAGCCAGGCATGGTAGCACATGCCTGTCGTCCCAGTTACTCAGGAGGCTGAGGTGGGAGGCTCACCTGAGCCCAGGCATTGAAGGCTGCAGTGAGCTATGATCACAACACTGCATTCCAGCCTGGGTGACAGAGCAAGACCCTGCCTCAAAATAAAATAAAGAAAGAAAGAAAA"
"GL873521","7473423","7473542","chr14","57739259","57739375","24","50265836","CTGGGCACAGTGTTCATGCCTGTAATTTGAGCACTTTGGGAGGCCAAGGCTAGAGGATCACTTGAGGCCAGGAGTTTGAAACCAGCCTCAGTAACACAGAGAACCCTCATCTCTATTTAA","CTGGGTACATTGGCTCAAGCCAGTAATCCCAGCACTTTGGGAGGCCAAAGCAGGAGGATCACTTGAGGCCAGGAGTTTGAGACCAGCCTGGGTAACATGAGACCCTGTTTCTACAAA"
"GL873521","7573100","7573248","chr5","35112160","35112317","42","27539060","AGCCAGATGTGGTCTATAGTCCACAGCTACTTAGAGGCTGAGGCAAAGGGATCACTTGAGCCCGAGAGTTCAGGGCTGTGGTGCACAATGATCATGTCTGTGAATAGCCACTGCACTTCAGCCTAGGCAACATAGCAAGACCCTATCTC","AGCCTGGTGTAGTGGCACATGCCTATAGTGTCAGCTACTGGAGAGGTTGAGGCAGCAGGATTGCTTGAGTCCAGCAGTTCAAGGCTGTAGTGCACGATGATGGTGCCTGTGAATAGATACTGTGCTTTAGCATGGGCAACACAGCAAGACTCTGTCTG"
"GL873521","7601934","7602029","chr5","155700261","155700353","20","148098327","GGCTGAGCCCAGAGGCTCATGCCTGTAATTCTAGCACTCTGGGAGGCTGAGGCAGGTGGAGTGCTTGAGCTCAGGAGTTAAAAAAATCCAGTTTGA","GGCCGGGCACAGTGGCTCATGCCTATAATCCCAGCACTTTGGGAAGCTGAGGCAGGAGGATTGCTTAAGCCCAGGAGTTCAAGACCAGTCTTG"
"GL873521","7602314","7602531","chr2A","29137649","29137868","57","21535335","GACCAGTGTGAGCAAGGGCAAGACTCTGTCTCTACTAAAAATAGAGAAACTAGCTGAGCATTGTGGTGGGTGCCTAAAGTCTCAGCTGCTCAGGAGGATAAGGCAGGAAGATCTCCTGAGCCCAGGAGTTTGAGGTTGATGTGAGCTATGATGATATCGCATTCTAACCAGGTAACAGAGTGAGGCTTTGTCTCAAAAAAAAAAAAAAAAAAGAAAAA","CAGCCTGGTCAACATAGGGAAACTCTGTCTCTACAAAAAGTTAAAAAATTAGCTGAGCATGGTGGCACATGCCTGTAGTCTCAGCTACTCAGGAGGCTGAGGCAGGAGGGTCACTTGAGCCTGGGAGGCTGAGGCTGCAGTGAGCTGTGATCATGCTATTGCACTCCAGCCTGGGAGACAGAGTGAGATCCTGTCTCCAAAAATAAAAAATAAAAATAAA"
"GL873521","7608283","7608358","chr9","32411376","32411450","22","24803093","AGGCTGAGGAGGAAAGATTACTTGAGCCCCAAAATCTAGCCTTGGTGACATAGTGAAACTCTGTCTAAAAAAAATA","AGGTGGGAAGAGTACTTGAGGCCAGGAATTCAAATCTAGCCTGGGCAACATAGTGAAACCCTGCCTTAAAAAAAA"
"GL873521","7633232","7633420","chr7","4237351","4237553","52","3395881","GTGGTGGCTCATGCCTGTAATCGTAACACTCTGGGAGGCTGAGGTGGGTAGATTGCTTCAGCTTAGGAGTTCGGGACCAACCAAAGCAAGAATGAGACCCCCTCTCTACTAAAAACAGAAAGACTAGCCAGGCATTGTAGCAGGTCCTGTAGTCGCTACTCAGGAGGCTGAAGCAGGAGGATCACTTAA","GGTCAGGCATGGTGGCTCATGCCTGTAATCCCAGCACTTTGGGAGGCCGAGGTGGGCAGATTGCTTGAACTCAGGAGTTGAAGACTAGCCTGGGCAACACGGCAAAACCCCATCTCTACTAAAACTACAAAAACTAACTGGGCATGGTGGCACGCGCCTGTAGTCCCAGCTACTGGGGAGGCTGAGGTAGGAGGATCACTTGA"
"GL873521","7636438","7636492","chr5","38545852","38545906","11","30909414","ATTCAAGCCTGGGTGACAGAGTGAGACACTATCTAAGAACAATAAATAAATAAAA","ATTCCAGCCTGAGTGACAGAGTGAAACCCTGTCTCAAAACAAAAACAAAAACAAA"
"GL873521","7696982","7697091","chr9","129918441","129918551","24","122221459","TAATCCTAGCACTCTGGGAGGCCAAGGTAAGTGGATTGCTTGAGCTCAGGAGTTCAAGAGCAGCCTGAGCAAGAACAAGACCCCAACTCTATTAAAAATAGAAAAAAGCA","TAATTCCAGCACTTTGGGAGACTGAGGCAGGAGGATTGCTTGAGCTCAGGAGTTCGAGACCAGCCTGGGCAACATATTGAGTCCTCATCTCTATTAAAAATTAAAAAAATA"
"GL873521","7697336","7697489","chr7","132712253","132712405","44","125014917","GTAGAAAAAAGGCCAGCTGGGCATAGTGGTACATGCTTGTAGTCCCAGCTACTTGGAGACTAAGGTAAGAGGACTGCTTAAGTCCAAGAGCTTAAGGTTGCTGTGAGCTATGACACCACAGGGTGATAAGAGTGAGACTGTCTCCAAAAAAAAA","GAATTAAATAAAAATTAGCAGGGCATGGTGGCATGTGCCTGTAGTGCCAGCTACTTGGGAGGCTGACGCCAGAGGATTACTTGAGCCCAGGAGTTGGAGGTTACAGTGATCATGCCACTGCATGACAGAGTGAGACCCTGTCTCAAAAAAAAA"
"GL873521","7750582","7750651","chr7","149337669","149337736","11","141587087","GCTGGGTAAGAGTGGCTCATACCTATAATCCCAGCACTTTTGGGAGGCTGAAACAGGAGGATCACTTGAG","GCTGGGCACAGTGGCTCACACCTGTAATCCCAGCACTTTGGGATGCTGAGGCAGGAGGATCATTGGAG"
"GL873521","7784733","7784858","chr3","160952502","160952627","25","153167769","GGCCGGGCATTGATGGCTTCTACCTGTAATCCCAGCACTTTTGGAGGCTGAGGTGGGAGGTTTCATTGAGATCAGGAGTTTGAGACCAACTTGGGCAACAGTGAGACCCTGCCTTAAAAAAAAAAA","GGCCAGGCATGGTGGCTCACACCTGTAATCCCAGCACTTTGGGAAGCTAAGGTGGGAGGATCGCTTGAGCACAGAAATTTGAGACCAGCTTGGGCAACATAGAGATCCTGTCTCTATTAAAAAAAA"
"GL873521","7784884","7785052","chr16","1604263","1604439","38","6180621","AATTAGGCAGGCATGGTGGCACTTGTCCCAGCTACTTGGAAGGCTGAAGGAGGAGGATCACTTGAGCCCAGGAGTTAGAGGTTGCTGTGAGCTTTGATGCCACTGTACTCTAACCTGGGCAACAGAGTGAGATGTGCCTCAAAAACAAACAAACAAACAAAACCAAAAA","AATTAGCCAGGCATGGTGATTGGCACCTGTGGTCCCAGCTACTTGGGAGGCTGAGGCAGGAGGATGAATTGACCCCAGGAGTTTGAGGCTGCAGTGAGCTATGATGGCACCACTGCACTCTAGCCTGGGCGACAGGATGAGATCTGTAAAAAAATAAATAAAAATGAAAATAAAAAA"
"GL873521","7870707","7870997","chrX","70230306","70230599","61","62359599","GCTGGGCACAGCAGCTCACACCTGAAATCCCAGTACCCTGGAAGGGTGAGGATGGAGGATCACTTGTGGTCAGGAGTTCAAAAACAGCCTAAGCAAGAGTGAATCGCCATCTCTATTAAAAATAGAGAAATTAGCCAGGTGTGGTGGCATTTGCCTGTAGTCCCAGCCACTTGGGAGGCTGAGGCAGGAGGATCATTAGAACCCAGAAGGTGGAGGTTGCAATGAGCAGTAATGACACCACTGCACTCCAGCCTGGGTGACAGAGCAAGTCTCTGTTTCAAAAAAAAAAAA","GGCCAGGTACAGTGGCTCACACCTGTAATCCCAGCACACTGGGAGGCAGAGGCGGGCAGATCATTTGAGCTCAGGAGTTCAAGAGCAGCCTGGGCAACATGGTGAAATCCCATCTCTACAAAAAATAGAAAAATTAGCCGAGTGTGGTGGCACTCCTCTGTAGTCCCAGCTACTTGGAAGACTGAGATGGGAGGATCATTTGAGCCCAGGAGGCGGAGGTTGCAGTGAGCTGAGATTGCACCACTGCCCTCCAGCCTGGGCAACAGAGCAGGACCCTATCTCAAAAAAAAAAAA"
"GL873521","8041789","8041920","chr12","80555695","80555826","29","72513906","GTGGTGGCTCATGCGGATTATCCCAGTACTTTGGGGAGGTTGAGGCAGGAGGATTGCTTGAGCCCAGGAATTTGAGACCAGCCTGAGCAACATAGTAAGACTCTATACAAAAAAATAGAAAAATTAGCCTGG","GTGGCTCATGCCTGTAATCCCAACACTTTGGGAGGCTGAAGCAGAAGGATTGCTTGAACCAGGAGTTTGAGACCAGCCTGGGCAACATAGTGAGACTATCTCCACAAAAATAAATAAAAAATTAGCTGGGCA"
"GL873521","8042182","8042375","chr4","7236991","7237179","49","805191","GGTAAAAAAGAAAAAGAAAAATTAGCCAGGAGCACTAGCTTACGGCTTGTAGTCCTAGCTACTCAGGAGGCTGAGGTAGGGGAATTGCTGGAGTCCAGGAGTTTGAAGCCACAGAGAGCAAAGACCACACCACTGTACTCCAGCCTAGGCAATAGAACAAGACCCTGTCTCTGAAAAAAATAAATAAAAATAAA","TAAAAAAAATACTTAAAATTAGCCAGGCGTGGTGGCACACACCTGTGGCCCCAGCTACTCAGGAGGCTGTTGTAGGAGGATCCCTTGAATCCAGGAGGTCAAGGCTGCAGTAAGCCAAGATCACGCCACTGCATTCCAGCCTAGGCAACAGAGCAAGATCCTGTCTCTTAAAAAAAAAAAAAAAAAGAA"
"GL873521","8067082","8067383","chr20","31024244","31024552","81","22957162","GGCCAGGTGTAGAGGCTCACACTTATAAGCCCAGCACCCTGAGAGGCCGAAGTGGGTGAACTGCTTGAGCTCAGGAGTTCAAGAGTAGCCTGAGCAATAGTGAGAGCCGATTTCTACTAAAAACAGAAAACCTAGCCAGGCACTGTGGTGGCGTCTATAGTCCCAGGTACTCGGGAGGCTGAGGCAGGAGGATTGCTCAATCCTAAACTTTGAGGTTGCTGTGGGCAATAATGCCATATCTCTACCCAGGGGAAAAGAATGAGACTCTGTCTAAATAAATAAATAAATAAAATAAAAACAAA","GGCCAGGCACAGTGGCTCACACCTGTAATCCCAGCACTTTGGGAGGCCGAGGTGGTGGACTGCTTGAGCTCAGGAGTTCAAGACCAGTCTGGGCAACATGGCAAAACCTTGTCCCTACAAATAATACAAAAATTAGCCAGGTGCGGTGGCATGTGCCTGTAGTCCCAGCCACTTGGGAGGCTGAAGTGGGAGGATTGCTTGATCCTGGGAGGTAGAGGCTGCAGTGAGCCATAATTGTGCCACTGCACTCCAGCCTGGGCAACAGAGTGAGACCCTATCTCAAAAATAAATAAATAAATATAAAGAAAA"
"GL873521","8204885","8205108","chr10","14099107","14099324","63","5894222","CGAATTCGAAACCAGCCTGAATAAGAGTGAGATCCGTCTCTAATGAAAAGAGAAAAACTAGCAGGTTTTGTGGTGGGTGCCTTTAGTCTCAAGCTACTTGGGAGCCTGAGGCAGGAGGATCACTTAAGCCCAGGAGTTTGAGGTTGCTGTGAGCTATGATAACATTAGGGCATTCTAGCCTGGGAAACCGAGTGAGACTCTGTCTTAGAGAAATAAAAAATAAA","AGACCAGCCTGGGCAACATGACAAGATCCCGTCTCTACAAAAAATACAAAAATTAGCAGCGTGTGGTGGGGTGTGCCTGTAGTCCCAGTTACTTAGGAGGCTGAGGCAGGAAGATCACTTGAGCCCAGGACGGGGAGGTTACAGTGAGCCGTGATCACACCACCACACTCCAGCCTGGGTGACAGAGTGAAACTCTGTCTCTATAACAAACAAACAAA"
"GL873521","8205374","8205463","chr18","31130683","31130770","22","22925309","GCCGGACATGGTGGCTCATGTCCCTCCTGTAACCCTAGCACTCTGGGAGGCTTTGGCCTAAGGATTTGAGCTCAAGAGTTTAAGACCAGG","GGCCAGGCATGGTGGCTCACACCTGTAATCCTAGCACTTTGGGAGGCTAAGACCAGAGGATAATTAAGCTCAGGAGTTCAAGACCAGC"
"GL873521","8530940","8531225","chr4","131255414","131255698","71","122724474","GTCAGGTGTGATGGCTCGTCCTGTAATCCCAACACTCTGGGAGGCTGAGGCTGGTGGTTTGCTTGAGCTCAGGAGTTCTGAGACCATCCTGAGGTAAGAGTGAGACCCCATCTCTACTAAAATTAGAAAAAAAATTACCCAGGTGTAGCGGTGATGCCTGTAGTCCTAGCTACTTGGGAGGCTGAGGCAAGAGGATTGCTCAAGCCTGAGAATTTGAGGTTGCTGTGAGCTATGACTCCATCGCACTCAACCCCAGGGTGACTGAGTGTGATTGTCTGAAAAAGAA","GGCAGGACACGGTGGCTCACACCTGTAATCCCAACACTTTGGGAGGCTGAGGCAGGTGGATCACTTGAGCTCAGGAGTTGAGACCAGCCTGGGCAACATGGTGAAACCCCATCTCTACTAAAAATACAAAAATTAGCCAGGCATGGTTGTGGATGTCTGTGGTCCCAACTACTTGGGGGGCTGAGGCAGCAGGATTGCTTAAGCCTGGTAATTTGAGGCTGCAGTGAGCCATGTTCTTGCCAGTGCTCCAGCCTGGGTGACAAAGCAAGACCCTGTCTCAAAAAA"
"GL873521","9138426","9138710","chr17","16672309","16672598","64","7533883","GGTGGCTCATGTCTGTAATCCGAGCACTCTGGGAGGCTAAAGTGGAAGGATCACTTGAGCTCAGGAGTTTGAGACTAGCCTGAGCAAAAGTGAGAACAATGTCTCTATTAAAAATAGAAAATTAGCCAGGTGTTATGATAGGTGCCTGTAGTCCCAGCTATTCAGGAAGGCCAGGAAGGAGGATCCCTTGAGCTGGGGAGTTTGAGGTTGCTGTGAGCTGTGATGACACCATGGCACTCTACCCATGATGACAGAGTAAGACTGTCTCTAAAGGGAGAAAAAAAA","GTGGCTCACACCTGTAATCTCAGCACTTTGGGAGGCTGAGGCGGGAGGATCACTTGAGCCCAGGAGTTTGAGACCAGCCTGAGCAACATAGTAGGCTCCTGTCTCTACAAAAAAATACAAAAATTAGCTGGTACTGGTGGCATGTGCCTGTAGTCCCAGCTACTCAGGAGGCTAAGGCAGGAGAATCGCTTGAGCCCAGGAGGTTGAGGCTGCTATGAGCTGTGATGGCACCACTGCACTCCAGCCTGGGTGACAGAGTGAGACCTGGTCTCAAAAAGAAAAAAAAAAAA"
"GL873521","9337001","9337128","chr7","153795408","153795531","29","144458407","CTGGGCTCAGTGGCTCATGCTTGCAAGCCCAGCACTCTGGGAGGCCAAGGCAGGTGGATTGCTCGAGTTCAGGAATTTCAGACCAGTCTAAGAAAGAGTGAGAGCCCATCTGTACTAAAAATAGAAAC","CTGGGCACAGTGGCTCACGCCTGTAATCCTAGCACTTTGGGAGTCCAAGGCAGGAGGATGCTTGAGTCCAGGAGTTCAAGACCAGCCTGAGCAATATAGTGAGACCCCCATCTCTACAAAAAAA"
"GL873521","9337149","9337320","chrX","5183862","5184037","43","4153287","TAAAATACTAGCTGGGCATTGCGATGGGTGCCTGTAATTCCAGCTACTCAGGAGGCTGAAGCAAAAGGATCACTTGGGCCCAAGAGTTTGCGGTTGCTGTGAGCTGTGATTACACCACAGCACTCTCCCCAGGCAGAGAGAGACTCTGTCTTTAAAAACAAACAAACAAAAA","ATAAAAATATTAGCTGGGCATGCTGGTACATGCCTGTAGTCCCAGCTACTCAGGAGGCTGAGGCCTGAGGATCACTTGAGCCCAGGAGTTCCAGGTTGCAGTGAGCCGTGATTGCACCATTGCACTCCAGCCTGGGCCACAGGGCTAGACCCTGCTCAAAAGAAAACAAAAAAGAA"
"GL873521","9671716","9671832","chr6","38551166","38551279","31","28879450","GGCTAGGCAGGGAGGCTCAAAACTAAAATTTTAGCACTCTGAGAGCCCAAGGTGGGAGAATTGCTTGACCTCGGGTGTTTGAGACCAGTCTGAGCAAGAGTAACATCACATCTCTAC","GGCTAGGCGTAGGGGCTCAAACCTGTAATTCCAGCACTTTGGGAGGTCAAGGTGGGAGGATTACCTGAGGCCAGGAGTTTGAGACCAGCCTGAGCAACAGTGAGACTTTGTCTC"
"GL873521","9671895","9672063","chrX","24568892","24569057","39","14896997","TAATTAGCCAGGCATAGAGGTGGTATACACCTGTAGTCCCAGCTACTCTGGAGGCTAAGTCAGAAGGACTGGTTGAACCCAGGAGTCTGAGGTTGCTGTGACTAGGCTGATGCCACAGAACTCTAGCCTGATCAACAGAGTGAGACTCTGCCTCAAAATAAAAAAGGAA","AAATTAGCTAGGCATGGTGGCATGCAACTATAGTCCCAACTACTCAGGAGGCTGAGGCCGGAGGATGGTTTGAGCCCAGGAGGTGGAGGTTGCAGTGAGCCAAGATCACACCACTGCACTCCAGCCTGGGCAACAGAGTGAGACCCTGTCTCAAAAAAAAAAAAAA"
"GL873521","9699009","9699116","chr16","57943722","57943822","32","48244713","TCTGAGACACTCGGGAGGCTGAGCCTAGGAGTTTGAGGTGACAGTAAGCTAAGTTGATGTCACTGCATTCCATCCTAGGCAACAAAGCAAGATCTTATCTCTAAAAGA","GGAGGATTGCATGAGCCCAGGAGGTTGAGGCTGCAGTGAGCCAAGATCGTGCCACTGCACGTCAGCCTGGGCAACAAAGCAAGACTCTATCTCAAAAAAAA"
"GL873521","9699330","9699522","chr6","3030697","3030873","65","6668633","GGCTGCATGTGGTGGCTCGTGACTGTAATTTCACCACTTCAAAAGGCTGAGGCAGAGGAGTCACCTGGGGCCCAGAAAGTCACCCTTAAAGTCCAGCCTGAGTAACACAGTGAGACCCAAGATCCCAACTCCACAAAAGAAAAAAGAAGGGAAAGGAAAGAAAAGAAGAGTGGTGTGTGGTGACCTCCTAGAC","GGCCAGGCATGGTGGCTCTCCCCTGTAATCCCAGCACTTTGGGAGGCCAAGGCAGAAGGATCGCTTGAGCCCAGGAGTTTTAAGACCAGCCTGAGCAACACAGAGAGACCAGATCCCACTTCCACAAAAAAAAAAAAAAAATATTTGCCAGGCGTGATGGTGCATGCCTGTAGTCCC"
"GL873521","9879625","9879892","chr2A","20521665","20521953","79","10642040","GGGTGGGCACTGTGGCTCAGGCCTCCTAGCACTCTGGGAGGCCGAGCTGGGTGGATGACTTGAGCTCATGAGTTTGAGACCAGACTGAGCAAGAGCAAGCCCCATTTTTAAAAATAGCCAAGTGTCATGGTGGGCATCTATAGTCCCAGCCAGTTGGCAGGCTGAGGAAGAAGGCTTACTTGAGCTCAAGAGGTAGCTGTGAGCTGTGATGCCATGGCACTCTACCCAGGACAACAAAGTAAGACTGTCTCCAAAAAAAAGAAAAAAA","GGCTGGGCACAGTGGCTCACGCCTGTAATCCCAGCACTGTGGGGAGGTCAAGTTGGGTGGATTGCTTGAGCCCAGGAGTTTGAGACCAGCCTAAGCAATAGGCAAAACCCTGTCTCTACAAAAATCAGCCAGGTATGGTAGTGCGTACCTGTAGTCCCAGCTACTCAGGAGGCTGAGGTGGGAGGATCACTTGAGCCTGGGAGGTGAAGGCTGAAATTAGCCATGATCATGCCACTGCACCCCAAGCCTGGGCAACAGAGCAAGACCTTGTCTCAAAAAAAAAAAAAAA"
"GL873521","10097455","10097754","chr11","114714719","114715027","67","104617264","GGCCTGGGTGTGGTGGCTCACACCTTAATCCTAGCACTCTGGGACGATGAGGCAGGTTTGCTTGACCTCAGGAGTTTGAGAGCAGCCTGAACAAGAGTGAAACTCTGTCTCTACTAAAAACAGAAAAACTAGCCTAGTGTAGTGGTGCACCCCTGTAGTCCCAGCTGCTCAGGAGGCTGAGGCAAGAGGATCACTTGAGCCCAAGAGATTGAGGTTACTGTGAGCTGTGAGGCTGTGTTACTCTACCCAGGGCAAGAGAGTGAAGCCATCTCAAAAAAAAAAAAAAAAAAAAAAAAAAAA","GGCCAGGTGTGGTGGCTCACACCTGTAATCCCAGCACTTTGGGAGGCTGAGACAGGTGGATTGCTTGAGCCTAGGAGTTCGAGACCAGCCTGGCAACATGGCGAAACCTTGTCTCTACAAAAAATACAAAAATTAGCCAAGTGTGGTGGTGCACACCTGTGGTCCAAGCTACTCGAGAGACTGAGGTGGGAGGATTGCTTGAGCCCAGGAGGTTGAGGCTGGGGTGAGTTGAGATCATGCCACTGCATTCCAGCCTGGGCAACAGAGGAAGACCCTGTCTCAAAAAAAAAAAAAAAAAAAAAAAAAAAA"
"GL873521","10225742","10225927","chr15","49930173","49930354","59","39704431","TGGCTTACACCTGTAATCCTAGCACTTTGGGAGGCCACAGCAGATGGCTGCTTGAGCTCAGGAGTTCAAGCCTAGCCTAAGCAAGCCAGAACCATTGCCACTAAAAACAAAAAAAATAGCTGGAGTTGTGGGCACCTGTAGTTAGTTCCAGCTACTTAGGAGGCTGAGGAAAAAGGATGGCTTGAT","GCCTGTAATCCCAGCACTTTGCGAGGCCGAGGCCAGGCAGATCACTTGAGCCCAGCAGTTCAAGACCAGCCTGGGCAACATGGCAAAACTCCTTCTCAACAAAATACATAAAAATTAGCTGGGTGTGGTGGCATGTACTTTCAGTCCCAGCTACTCAGGAGGCTGAAGCAGGAGGATCATTT"
"GL873521","10226192","10226278","chr4","154285033","154285123","27","144058841","GAGGATGGCTTGAGCCCAAGAGTTTGAGGTTGCTATGAACTATGATGTCATGGCACTCTATCCCTGGCCACAGAATCAGACTCTGTC","GGAGGATCACTTGAGCCCAGGTGGTTGAGGCTGCAGTGAGCTGTGTTTATACCACCACACTCCAGCCTGGGCCGCAGAGTGAGACTTTGTC"
"GL873521","10399308","10399475","chr9","96945917","96946089","50","86546609","GGCCAGGTATGGTAGCTCACACCTGTAATCCTTGTACTCTGGGAGGCTTAGGAGCAAAGATCACCTAAGTGTAGGCATCTGAGACCAGTTTGAGCAAGTGAAACCCCATATTTACTAAAATTAGAAAAATTAGCTAAATGTTGTGGCAGGAACCTATCGTCCTAGCTA","GCCGGGTACAGTGGCTCACACCTGTAATCCCAGTACTTTGGAAGGCCAAGGCCAGAGGATTACTTAAGGCCAAGAGTTTGAGACCAGTCTGGGCAACATGGTGAAACCCCATCTGTACAAAAAATACAAAAATTAGCTGGGCATGAGGGCATTTGCCTGTGGTCCTAGCTACT"
"GL873521","10449464","10449583","chrX","134402652","134402771","17","123953188","GGCCAGAGGTGGTAGTTCATGCCTATAATCCCAGCAATTTGGGAGGCTGAGGGGGGAGGATAGCTTGAGGCCAGGAGTTTGACCCCTGCCTAGGCAACATAGTGAGACCCTATCTCTACT","GGCCAGATGTAGTGGCTCATGCCTGTAATCCCAGCACTTTGGGAGGCTGAGGTGGGAGGATCACTTGAGCCCAGGAGTTTGAGACCAGCCTGGGCAACATAGCAAGACCCTGTCTCTACT"
"GL873521","10449618","10449745","chr1","23164480","23164594","46","12714862","CCAACCATAATCGAGCACCTACAGTTCTAGCTACTCCGCAATCTCAGGCAGGGGAAGATTGCTTGAGTCTAGGAGTTCAGGGTAAGCTACTGCCCTTCAGCCTGGGAAACAGAGGAAGACCTTGTCTC","GGCCAGGCACAGTGGTGCCTACCTACAATCCCAGCACTTTGGAAGGCTGAGGCAGGAGGATCGTTTGAGGCCAGGAGTTCAAGATCAGCCTGGGTAACATATCAAGACCTGTCTC"
"GL873521","10796827","10797050","chr7","39187608","39187844","67","28390781","ACTCTGGGAGGCCAAGACAGGTGGATTGCTTAAGCTCAGGAGTTGGAGACCAGCCTAAGCAAGAGTGAGACCTCGTCTCTAAAAATATCTGGGCATTGGTTGGGCACCTGTAGTCCCAGCTACTCAGGAGGCTGAGGCAATAGGATTGCTTGAGCCTAAGGATTCCTGTGAGCTATGATCCCACAGCACTTTACCAAAGGTGACAAAGTGAGACTCTATCTCAA","CACTTTGGGAAGCCAAGGCAGGAGGATTGCTTGAGTGAAGGAGTTCAAGACCAACCTGGGCAAGATTGGGAGAAAAAAATTAAAAATTAGCTGGGCATGGTGGTGCATGCCTGTAGTCTCAGCCACTGGGAAGGCTGAGGCAGGAGGATCGCTTGAGCCTGAGAGATTGAGGCTGCAGTGAGCCTTGATTGTGCCACTGCACTCCAGCTTGGGCAACAGAGTGAGACCCTGTCTCAA"
"GL873521","10797081","10797110","chr4","40399247","40399277","7","29602166","CTGGGTGCAGTGGCTCATAGTTGTAATCCT","GGCTGGGTGCAGTGGCTCACATCTATAATCC"
"GL873521","11204849","11204966","chr7","73480490","73480609","28","62275641","GGCCAGGCATAGTGGCCTCCAAAAATCTTAGGACTTTGGGAGGTAGAGGTAGGAGAACTACTTGAGCCAAGGAATTCAATACTAGCCTGACCACAATAATGAGACCCTACCTCTACCA","GGCCAGGCACAGTGGCTCATGCCTATAATCTCAGTGCTTTGGGAAACTGAGGCAGGAGGATCACTTGAGCCCAGGAGTTCAAGACCAGCCTGGACAGCATAATGAGACTCCACCTCTACA"
"GL873521","11205003","11205140","chrX","7019379","7019524","37","4185624","TAGCCAGGCATGGTGGCACATACCCAAGTCCCAGTTACAGAAGAAGCTGAGGGAAGGGTATCAGGCCCAGAAGTTCAAGGTTGCCATGAGAGATGATCACACCACTGCAGTTCAGCCTGGGCAGCAGAGAGACCCTAT","TAGCCAGGCATGGTGGCACATGCCTGTAGTCCCAGCTACTCAGAAGGCTGAGGTCGGAGGATCTCTTGAGCCCTGGGGTGCAAGGCTGCAGTGAACCATGATCACACCAGTGCACTGCAGCCTGGGCAACACAGCAAAACCCTGTC"
"GL873521","11332611","11332889","chr9","110082691","110082973","78","98750080","GACGGGGAGCCATGGCTTGAGACTGTAATCCTAGTACTCTAGGAGGCCAAGGTGAGTGGATTACTTAAGCTCAGGAGTTAAAGTCCAGGCTGAGCAAGAGTGAGACCCTGTCTCTCCCCCAGATAGGAAAACTAGCCGGACATTGTAGTAGGCACCTGTAGTCCCAGCTTCTGAGGAGGCTGAGGCAAGAGGATTGCCTGAGCCCAACAGTTTGAGGTTGCTGTGAGCTAAAATGCCATGGAACTCTACCCATGGTGATGGAGTAGGATTCTGTCTCAA","GACTGGGCATGGTGGCTCCCAAAGTGTAATCCCAGCACTTTGGGAGGCCAAGGTAGGTGGATTGCTTGAGCCCAGGAGTTTGAGACCAGCCTGGGCAACATGGTAAAACCCTGTCTCTACAAAGAATACAAAAATTAGCTGGGCATGGTTGCATGCACTTGTGGTCCCAGCTACTCAGGAGGCTGAGGTGGGAGGGTCACTTGAGCCCAGGAGATTGAGGCTGCAGTGAGCTGAGATCGTGCCACTGCACTCTAACCTGGGTAATGGAGTGAGACCCTGTCTC"
"GL873521","11332916","11332939","chr22","30701628","30701648","4","19368712","ATAAAACTAAAAAGTAAGAAAAAA","AAAAACTAAAAAGAAAAAGAA"
"GL873521","11407564","11407699","chr17","81073514","81073640","45","69665950","AAAAACTAATGGCTGGGCATAGTATGTGTAGGTAGACTAGGCTACTTAGGAGGTCAAGGCAGAAGAATCACTTGAGCTCATGAATTTGAGGCTAGCATGGGCAATGATACCTCAGGTCTCAATAAAATATAAAAAA","GCCAAGCACAATGGCTCATGCTGGTAATTCTAGTACTTTAGGAGGCCAAGGCAGTAGGATCACTTGAGGCCAGGAGTTTGAGACCAGCGTGGGCCACACAGAGACCCTCCCTGTATAAAAAAAAAAA"
"GL873521","11442747","11442764","chr1","62222108","62222122","3","50779361","CCCATAAAATAAAATAAA","ATAAAATAAAATAAA"
"GL873521","11442802","11443056","chr17","73117863","73118118","82","61675061","GGCTGGGCGTGGTGTTTCATGCATGTAATCCTAATACTTTCAGAGGCTGAGGTGGATGCACTGCCTGAGCTCAGGATTTTAAAGCCAGCCTGAGGAAGAGCAAGACCCCATCTCTAAAAAATAGCTGGGCATTGTGGTGGGTGCTTGTAGTCCCCATTGTGGTGGGTGCTTGTAGGTAGCTCACGAGTTTGAGGATGCTGTGAGCTATGATGCACCACACTTCTTTCTACCCAGGGAGACAAAGCAAGACTCTGT","GGCCGGGCGTGGTGACTCATGCCTGTAATCCCAGCACTTTGGGAGGCCGAGGCGGGTGGATCACCTGAGCTCAGGAGTTCAAGATCACCTTGGGCAATGTAGTGAGACCTCACCTCTACAAAAATGAGCCAGGCATGGTAGTGCATGCTTGTAGTCCTGACTGAGGCAGGAGGATGATGAGCCCAGGAGGCAGAGGCTACAGTGAGCCATGATCGCTCCATCGCACTCTAGCCTGGGTGATGTGACACCCTGTCTC"
"GL873521","11751009","11751243","chr8","26546785","26547018","61","14795776","CAAGACCAGCCTGAGCAAAGCTAAACCCTGTCTCTACTAAAAATAAAAGGATTAGCTAGGTATGGTGGCATATGCCTGTAGTCCCAACTGCTCAGGAGTCTCAGGCAAGAGGATTGCTTGAGCCCATGAGTTAGAGGTTGCTGTGAGCTTTGATGTCATGGCACTCTATCCAGGGCAACTGAGTGAGACTGTCTCAAAATAAATAAATAAATAAATAAGAAAGAAAGAAAGAAAA","CAAAATCAGCCTGGGTCACATGGTAAAACCCCATCTCTACAAAAAATACAAAAATTAGCCAGGTATGGTGGCTTACACCTGTACTTCCCAGCTACTTGGGGGGCTGAGGCGGGAGGATCGCTTGAGCCCAGGAGGTAGAGGTTGCAGTGAGCTGAGATCGCACCACTGCACTCCAGCCTGGGTGACGGAGTGAAACCCTGTCTTAAAAAAAAAAAAAAAAAAAAAAAAAAAGAA"
"GL873521","12019379","12019705","chr16","68023292","68023602","103","56003913","GCTCACACCGATAATCCTAGCTCTGGGAGGCTGAGGGGGCAGGATCTCTTGAGCTCAGGAGTTTGAGACCAGACAGAGCAAGAGTGAGACCTTGTCTGTACTAAAAATTAACCAGGTGTGGTGGAAGGTGCCATCGTCTCAGCTACTCTGGAGGCTGAGGCAGGAGGATCCCTTGAACCCAGGAGGTTGAGGTTGCTGTGAGCCAGGCTAATGCCAAGATCTGGGGCATCAGAGTAAAACTGAGGTTGCTGTGAGCCAGGCTGATTCTAGCCTGGGCAACAGAGTAAGACTCTGTCTCAAAAACAAACAAACAAAAAACAAAAAAAA","CGGTGGCTCACACCTGTAATCCCAGCACTTTGGGAGGCTGAGGTGGGAGGATCACTTGAGCTCAGAAGTTTGAGATCAGCCTGGGCAACATGGCAAAACCTATCTCTAGAAAAAATACAAAAACTAGCCAGAGTGGCACGTGCCTGTTGTCCTAGCTACCCAGGAGGCTGAGGTAGGAGGATCACTTGAACCTGGGGGCAGAGATTGCAGTGAGCCATGATTGTGCCACTGCACTCCAGTCTGGGCAACTCCAGCCTGGGCAACAGAATGAGACTCTGTCTCAAAAATAAAAAAGAAAAGAAAAGGAAAAA"
"GL873521","12059316","12059592","chr5","143468399","143468692","69","131409083","GGCTAGGTGCAGTGGCTCATGCCTGTAATCCCAGCACTCTGGGAGGCTCAGGCAGGTGGATTACTTGAGCTCAGGAGTTGGAGACTAGCCTGAGAAAGAGTGAAACCCATCTCTACTAAAAATAGAAAAACTAACCAGGTGTGTGGTGGTCCCCTATAGTCCCAAATACTGGGGAGACAAGAGAATTGTTTGAGCCCAAGAGACTGAGGTTAGCTGTGATGACTCCATAGCACTCTACCCAAAGTGACAGAGTGAGATTCTGTCTCAAAAAAGGAAA","GGCCAGGCACAGTGGCTCATGCCTGTAATTCTAGCACTTTGGGAGGTCAAGGCAGGCAGATCACTTGAGCTCAGGAGTTCGAGACCGGCCTGGGCAACAGGGTGAAACCCCATCTCTACAAAAAAATACAAAAACTAGCCAGGTGTGGTGAAGTGTGCCTGCAGTCCCAGCTACTCAGGAGGCTGAGGCAGGAGAATTGCTTGAGCCTGGAGGCTGAGGTTGCAGTAAGTCAAGATCATGCCATTGCACTCCAGCCTGGGTGACAGGAGTGAAACCCTGTCTCAAAACAAAGAA"
"GL873521","12087639","12087865","chr4","25649068","25649301","60","13561429","GGCTGGGCTAGGTATACCATGCCTGTAATCCTAGCATCCTTAGAGGCAGAAGCAGGATTCCTTTAGCTCAGGAGATTAAGACCAGCCTGAGCAAGGGTGACACCCCATTTCCATCAAAAATAGAAAAACTAGCTGGGCATAGTGGTGGGCATCTGTAGTCCTAGCTACTCGGGAGGCTGAGGCAAGAGGATCCTTGGAGCCCAGGAGTTTGGGGTTGCTATAAGCCG","GGCCGGGCATGGTAGCTCACGCCTGTAATACCAGCACTTTGGGAGGCTGAGGCGGGCTGATCACTTGAGTCCAGGAGATAGAGACCAGCCTGGGCAACATGGCAAAATCCCATCTCTATAAAAAAAACACAAAAATTAGCTGGGCATGGTGGTGTGCACCTATAGTCCCAGCTACTTGGGAGGCTGAGGCAGGAGAATCTCCTGAGCCCAGGAGGTGGAGGCTGCAGTGAGTCG"
"GL873521","12170072","12170342","chr3","111501569","111501837","73","99331497","GCCAGATGCAGTAGCTTACAGCTATAATCCCAGTACTTTGGAAGGTCAAGGCAAGAGGATTGGTTGAGACCAGGAGTTGAAGACCAGACTGGACAATGTAGTAAAACCCTATCCCTACAAAAAATAGAAAAAATTAGCTGGGTGTCATAGCTCTTGCTTATAGTCCCAGCTACCTGAGAGGCTGAGGGAAGAGGATCACTTGAACCCCTGAGATTGATACCATGGTACTCCACCTTGGGTGACAAAGTGAGACCCTTTCTCAAAAACAAAA","GGCTGGGTGTGATGGCTCACATCTATAATCCCAGCACTTTGGGAGGCCAAGGCAGGTGGACTGTCTGAGACCAGGAGTTTGAGACCAGCCTGGGCAACATGGTGAAACCCTGTCTTGACAAAAAAAATAAAAAATTAGCTGGGAGTGGTGGTGTGCACCTGTAGTCCCAGCTATGCGGGAGGCTGAGATGGGAGGATCGCTTGAGCCCGGCAGGCAGAGGTTCACTCCAGCCTGGGCGACAGAGTGAGACCCTGTCTTAAAAACGAAAA"
"GL873521","12688417","12688615","chr16","83498862","83499063","66","70810445","AAATCAGCCTGAGCAAAAGCAAGATCCAGTCTCTACAAAAAACTAGAAAAATTAGCCAGGCATGGTGATACACTCAGGAGAATGAAACAAGAGGATCACTTGAGCCCCGGGGTTTGATGTTGCACAGTGAGCTATGGCGATGCTGCTGCTCGGATAACAACGCGAGATGAGACCCCGTCTCAAAAACAAACAACAAAAA","ACTAGCCTGGGCAACACAGCAAAACCCCATCGCTACAAAAAATACAAATATTAGCCAGGTGTGATGGTGCATGCCTAGGGAGGCTGAGGTGGGAGGATCACTTGAGTCCAGGGAGGCTGAGGCTGCAGTGAGCTGAGATTATGCCACTGCACTCCAGCCTGAGTGACAGAGTGAGAACCTGTCTCAAGAAAATTAAAAAAAA"
"GL873521","12689719","12689822","chr7","26479088","26479188","21","13789369","GCTGAGTACAGTAGCTCACTTCTTTCATCTCAGCACTATGAGAGGCTGAGTCAGGAGGATCACTTGAGGCCAGGATTTTGAGACAAGCCTGGGGAACATAGTGA","GCTGGGTGCTGTGGCTCACATGTATAATCACAGCACTTTGGGAGGCTGAGGCAGGAGGATCACCTGAGGCCAGGATTTCAAGACCAGCCTGGGCGAAATGG"
"GL873521","12747705","12747831","chrX","118392849","118392966","30","105645144","GCCAAGCATGGTAGCACAAGCTTTGTAGGCCCAATTACTTGGGAGGCTAAGATGGGAGGATCACTTGAGCCCAGGAGTTTGAGGCCAGCCTGAGAAACACTCCAAGACCCTCTTTATTTAAAATATA","GCCAAGCATGGTGGCTCATGCCTGTAATCCCAGTACTTTGGGAGGCTGAGATGGGAGGATAGCTTGAGCCCAGGAGTTTGAGACCAGCCTGGTAACACAGTGAGACCTCATCTCTACA"
"GL873521","12758304","12758462","chr7","65488595","65488751","43","52730291","ACTTAGCTGAATATAGTAGCACAAGCCTGTATTTCCAGCTACTCAGGAGGCTGAGGCAGGAGGATCACTTGGGCTTACAAGTTGGAGGTTGTGGTAAGCTATGATGATGCCACTGCCCTCTGCCCCAGGCAAATGTGATGCCTTGTCTCAACAACAAAA","TTAACTGGGTATAATGACACATGCCTGTAGTCCCAGCTACTAGAAAGGCTGAGGTAGGAGGATTGCTTGAGCCTGAGAGGTTGAGGATGCAGTGAACCATGATCAGGCCACTGCACTCAGCCTAGGCAACACAGTGAGACCCTGTCTCAAGAAAAAA"
"GL873521","12758495","12758600","chr16","15961202","15961315","30","3202707","GTGGCTGGTGCATATAATCCTACCACTTTGGAAGGAGGAGGGAGAATCATTGAAACCAGGAGTTCAAGAACAGCCCAGGCAGGCTATAGTGAAATCTCATCTCTAC","GTGGCTGGGCATGCCTGTAATCCTAGCACTTTGAGAGGCTGCAGCGGAAGGATCGCTTGAGCCCAGGAGTTCAAGAACAGCCTAGGCAACATAGCAAGATCCCTGTCTCTACAA"
"GL873521","12822938","12822952","chr1","210017045","210017059","2","197194107","TAAAACAAAAGAAAA","TAATAAAAAAGAAAA"
"GL873521","12822989","12823283","chr7","75828649","75828941","71","63005660","GGCCAGGCAAGGTGGCTAACTGCTGTAATCTTAGCACTCTAGGAGGCTGAGGCAAGAGAATTCCTTGAGGTCAGGAGTCAGAGACCAGCCTGAGCAAAAATGACACTCCACCTCTATGAAAAATAGAAAACAAAAATTAGCCAGGTGTGATGGCCCATTTCTGTAGTCCCAGCTACTGGGGAGGCTGAGGCAGGAGGATAGCTTGAGCCCAGGAGCTTGAGGTTGCGGTAGCTAGGCAGATGGCTCAGCACTCTTTCTAGCCTGGGCAACAGAGCAACATTCTATCTCAAAAAAT","GGCTAGGCATGGTGGCTCATGCATGTAATCCCAGCACTTTGGGAGGCTGAGGCGGACGGATCACTTGAGGTCAGGAGTTCGAGACCAGCCTGGTCAACATGGTGAAACCCCATCTCTACTAAAAATATAAAAATTAGCCAGGTGTGGTGGCGCATGCCTGTAGTCCCAGCTACTTGGGAGACTGAGGTGGGAGGATCCCTTGAGCCTGGGAGGTTGAGGCTGCAGTGAGCTGTGATGGCACCACTGCACTCCAGCCTGGGCAATAGAGCAAGACCCTGTCTCATAGGAAAAAA"
"GL873521","13041237","13041319","chr5","49472177","49472254","12","36430940","GGCCAGTCATGGTGGCTCATGCCTATAATCCTAGCACTCTGGGAGGCTGAAGCAGGAGGATCACTTGAGCTCAGGAGTTTGAG","GGCCTGGCATGGTGGCTCATGCCTGTAATCCAGCATTTTGGGAGGCTGAGGCAGGAAGATCACTTGAGCTCAGGATTT"
"GL873521","13102109","13102207","chr16","30194624","30194720","25","17092515","TGAGCCCAGGAGTTTGAGGTTGTTGTGAGCTGAGCAGACCACACAGCATTCTAGCTTGGGCAACAGAGTGACATTGTGCTTCAAAAAAAGAAAAAAAAA","TGAGCCCAGGAGTTTGAGACTACAGTGAGCTATGATTACACCACTCCTCTCCAGCATGGGCAACAGAGTGAGACACTATCTCAAAAAAAAAAAAAAA"
"GL873521","13102475","13102686","chr2B","236887995","236888203","46","223785520","GGCCAAGTGTGGTGGCTCATGCTTGTAATCCTAGCACTCTGGGTGGCTGAGGCAGGGGGATCACTTGAGCTCAGGAGTTCAAGACCAGCTTGAGCAAGAGTGAGAACCCATTTCTACTCAAAATAGAAAAAAATTAGACAGGCACTGTGGTGAGTGCCTGTAGTATGAGCTACTTTGGAGGCTGAGATAGGAAGATCACTTGAGCCCAGGAG","GGCTAGGCGCAGTGGCTGAAGCCTGTAATCCTAGCACTTTGGGAGGCCGAGGTGGGCGATCACTTTGGCTCAGGAGTTCGAGACCAGCCTGGGCAATATGGCAAAACCCCATCTCTACACAAAATACAAAAATTACTCAGATGTGGTGGTGAGTGCCTGTAGTCCCAGCTACTTTGGACGCTGAGGTGGGAAGATCACCTGAGCCCAGG"
"GL873521","13327200","13327291","chr3","43397692","43397785","20","30070492","CTATCACTTTAGGAGGTGAGGTGGGAGGATCACTTGAGGCAAGGAGTTCAAGAGCAACCTAGGCAACATAGGAACCCCTCTGTCTCTCCAAA","CCCAGCACTTTGGGAGGCTGAGGTGGGCAGATCTCTCGAGCCCAGGAGTTCAAGACCAGCCTGGGCAACATGGTGAAACCCCGTCTCTACCAAA"
"GL873521","13327700","13327732","chr1","70851001","70851033","8","57523301","GCTGGATATGGAGTCTCACACCTGTAATTCTAT","GCTGGGCATGGTGGCTCATCCCTGTAATTCCCT"
"GL873521","13722076","13722356","chr17","55905881","55906166","74","42183805","GTCTGGCGTGGTGGCTCAAGCCTATAATCCTAGTACTCTGGGAGTCCAAAGTGGGTGGATTGCTTGAGCTCAGTAGTCTGAGACCAGCCTGAGTAAGACCCAGACATCGTATCTACTAAAAATAGAATAAACTACCTGGGCATTGTAGCGGGTGCCTACAGTCCCAGCTACGTGGGAGGTTGAGGCAAGAGGATCACCTGAACCTAGAGAATGAGGTTGCTGTGAGCTATGATGAGGTCAAGGCACTCTACCCAGAGTAACAGAGTGAAATTCTATCTCAA","GGTCAGGCATGGTGGCTCAGGCCTGTAATCCCAGCACTTTGGGAGGCCAAGGTGGGCAGATTGCTTGAGCCCAGGAGTTTGAGATCAGCTTGGGCAACATAGTGAAAACTCATCTCTACAAAAAATTAAAAAAATTAGCTGGGCATTGTGGCACGTAACTGCAGTCCCAGCTACTTGAGAGGCTGAGGTGAGAGGATCACCTGAGGCCGGGAAGTCGAGGCTGCAGTGAGCTGTGATTGGGCCACTGCACTCCATCCTGGGCGACAGAATAAGACCCTGTCTCAAA"
"GL873521","13722635","13722652","chr6","90847853","90847870","1","77125218","AAAAAAAAAAAAAAAAAA","CAAAAAAAAAAAAAAAAA"
"GL873521","13789517","13789832","chr12","121838917","121839229","75","108049400","GCTGGGTGTGGTGGCTCATATCTGTAATGATAGCACTCTGGGAGGTCAAAGCAGGGAGATTACTTGAGCTCAGGAGTTAGAGAGCATCCTGAGAAAGAGTGAGATCCCTATCTATACTAAAAACAGAAAAACTAGCCAGTTGTAGTGGCAGGCACCTGTAGTCCCAGCTACTTTGGGAGTCTGAGACAAGAGGATCTCATAAGCCCAAGAGTTTGAGGTTGCTGTGAGCTGCGATGCCACAGCACTCTACCTGGGGTGACAGAATGAGACTTTGTCTCAAAAAAATAAAAAATAAAATAAAATAAAATTTAAAAAA","GGCTGGGTGTGGTGGCTCATGCCTGTAATCCCAGCACTTTGGGAGGCCAAGTCAGGAGGATTATTTGAGCCTGGGAGTTTGAGACCAGCCTGTGCAACATGGTGAGACCTCATCTCTACAAAACATAAAAAATTAGCCAGGCATGGTGGCATGTGCCTGTAGTCCCAGCTACTTGGGAGGCTGAGGCAGGAGGATCAGTCGAGCCCAGAAGATTGAGGCTACAGTGAACTGTGTTCATGCCACTGCACTCCAGCCTGGGTGACAGAGTGAGACCTTGTCTCCAAAAAAATCAAATAAATAAAAAAATAAAAAA"
"GL873521","13902129","13902272","chr17","73619699","73619842","30","59717570","GGCCAGGCATAGTGGCTCGCACCTATAATCCAGTACTATGGGAGACCAAGGCTGGAGGATCAATTGAAGCCAAGAGTTAAAGACCAACCTGGGCAACATAGAAACACTTCACCTATATAAAAAAAAAAAAAAAGAAAGAAAAAA","GGCCAGGTATGGTGGCTCACACCTGTAATTTCAGCACTTTAGGAGGCTGAGGCAGGAAGATCACTTGAGGCCAGGAGTTCAAGACCAGCCTGGGCAACATGGCAAGGCTTCATTTCCACAAAAAAAAAAAAAAAAAAAAAAAAA"
"GL873521","13902315","13902339","chr7","66627085","66627108","7","52724770","AAAAATTAACCCAGCATGGTGGCGC","AAAAAATTAGCCAGGCATGGTGAC"
"GL873521","13902374","13902499","chr7","68063538","68063660","30","54161164","AGTCCCAGCTACCATAGAGGTTGAGCCAGGAGGATCACTGAAGCCCAGAGCCCAGAAGTTTGAGGTTGCAGTAAGCTATGATCATGCCACTGTACTCTAGTCTAGGTGACAGAAGGAGACCCTGTC","GTAGTCCCAGCTACAAGGGAGGCTGAGGCAGGAGGATGGCTTGAGCCTGGGAAGTTGAGGCTGCAGTAAGCTATGATCATGCCACTGCACTCCAGCCTGGGTGACAGAGTGAGATTCTGCCTC"
"GL873521","14127800","14127881","chr3","123515043","123515137","26","109387243","GGCTAGATATGGTGGCTCATGCCTATCTGGAAAGCTGAGGCAGGAGGATTGCAAGAGGCCAGAAGTTTAATACCAGGCTAAG","GGCCAGGTATGGTGGCTCATGCCTATACTCCCAGCCTTTTGGGAGGCTGAGACAGGAGGACTGCTTGAGGCCAGGAGTTTAAGACCAGCCTGACT"
"GL873521","14128162","14128352","chr4","26023510","26023691","57","11895348","GGGCTGAGAATGAGATCCCATCTTTACAAAAAATTACCCAGGTATAGTGGCATCATCCTAGCTACTTGGGAGGCTGGGGCAGGAGGATTTCTTGGGCCCAGGAGTGTGAGGCTACGCTGAGCTATGATACCACTGCACTTTAGCCTGGATGATACAGCAAGATTTTACCTCAAAAAAAAAAAAAAAAAAAA","GGGTGGGAAAAAATTATCTGGAAATGGTGGCATATGCCAGTGGTCCTAGCTACTTGGGAGACTGAGGCTGGAGGATCACCTGAGCCCAGGAGTTAGAGGCTGCGGTGAATCGTGATCATGCCACTGCACTCTAGGCTGGGCAATAGAGCAAGACCCTATCTCGAAAAAAAAACAACAAAAAA"
"GL873521","14184019","14184216","chr17","61651681","61651883","50","47467662","GGCTGGGCATGGTGGCTCATGCCTGTAACCCTAGCACTCTGTGAGGCCAAGGCAAGTGGATCACCTGAGCTCAGGAGTTTGAGAACAGCCTGAGCAAGAGTGAGACTCCATCTCTAAAAATAGTTGGGCATTTGTGGTGAATGCCTATAGTCTCAGCTACTCAGCTACTTAGGAGGCTGAGGCAAGAGGATTGCTTGA","GGCTGGGTGCAGTGGCTCACGCCTGTAATCCTGGCACCTTGGGAGGCCAAGGTGGGAGGATCACTTGAGCCCAGGAGTTTGAGATCAGCCTGAACAACGTGGTGAAACTCCATCTCTACAAAAAATACAAAAATTAGCTGGGCTTAATGGCATATGCCTGTGGTCCCAGCTACTGAGGAGGCTGAGGTGGGAGGATTGATTGA"
"GL873521","14185943","14186062","chr8","25834967","25835086","23","11649024","GGCAGGGTGCAGTGGCTCACACCTATAATCCCAGCACTCTGGGAAGCTGAGGTGGGAGGATTGCTTTGAGATCAGGAGTTTGAAACTAGCTTGAGCAAAGCAAGACCCATCTCTACTAAA","GGCCAGGTGCAGTGGCTCATGTCTGTAATCCCAGCACTTTGGGAGGCTGAGGTGGGAGGTTTGCTTGAGCCCAGGAGTTTGAGACCAGCCTGGGCAACATAGCAAGACCCTGTCTCTATA"
"GL873521","14186086","14186221","chr14","74199793","74199926","31","60013707","AATTAGAGAGGTGTGATGCCACACACTGTAGTCTCATCTACTTTGGAGGCTGAGGCACAAGGATTACTTGAGCCCAGGAGCATGAGGTTGCTGTGAGCGAGGCTGAGGCCACAGCACTCTAGCCTGGGCAACAGAG","TTAGCCAGGTATGGTGGTGCACACCTGTAGTCCCAGCTACTTGGGAGACTGAGGCAGGAGGATTGCTTGATCCCAGGAGTTGAGGCTGCTAAGAGCTATGATCATGTCACTGCACTCCAGCCTGGGCAACAGAG"
"GL873521","14534133","14534413","chr5","43470606","43470891","71","28936473","GGTAGCTCATGTCTATAACCCTGACACTCTGGGAGGCTAAGGGAGAAACATCCCTTGAGCTCAGGAGTTCAAGACCAGTCTAAGCCAAAAGGGAGATCCATCTTTACCAAAACAGAAAAATTAGCTGGGCATGGTGATGTGTGCCTGTAGTACCAGCTGCTTGGGAGGCTAAGGAAGGAGGATTGTTTGAGCCTAGGAGTTTAAGGTTGCTAAGAGCTAGACTGAGGCCATGGCACAGTAGCCCAGGCAATAGAATGAAACTCTGTCTCAAAAAAAAAAAA","GTGGCTCTTGCCTATAATCCCAGCACTTTGGGAGGCTGAGGAGGGCAGATTGCTTGAGCCCAGGAGTTCAAGACCAGCCTGGGCAACATGGGAAAACCTCGTCTCTACAAAAAACACAAAAATTAGCTGGGCATGGTGGCATGTACCTGTAGTCCTAGCTACTTGGGAGGCTGAGGCAGGAGGACTGCTTGAGCCTCTGGAGGCGGAGGTTGCAGTGAGCTGAGACCGCGCCACTGCACTCCAGCCTGGGTGATAGAACAAGACCCTGTCTCAAAAAAAAAAAAAA"
"GL873521","14534507","14534523","chrX","153619065","153619080","3","139084558","CCCAAAATAAAATAAAA","ACATAATAAAATAAAA"
"GL873521","14646173","14646307","chr1","9156973","9157091","40","5489200","GGATGTAGTAGCTCACACCTGTAATCCCAGCATCATGGGAGGATCACTTGAGGCCAGGAGTTTGAGACTGGCTTGGGCAATATGGTGAGGCCCCATTCTTACAAAATAGGAAAAGAATTAATTGGATATGGTGGC","GGCTGGGTGAGGTGGCCTCACGCCTGTAATCCCAGCACTTTGGGAGGCCAAGGCAGGAGTTTGAGACCAGCCTGGGCAATACAGTGAGACCCCATCTCCAAAAAAAAAATTAGTGGGGC"
"GL873521","14703100","14703421","chr17","68155983","68156305","73","53452883","GGCTGGGCACAGTGGCTCATACCTGTAATCCTAGCACTTTGGGAGGCCAGGAAGGGAAGATAGCTTGAGGCCAGGAGTTTGAGACCAGGATGAGCGAGGTAGCGAGACCCCCCATCTCTATCAAAAATTAAAAAAAAAAAAAAATTAGCTGGGTATAGTGGTGAGGGCCTATCATCCTAGCTACTTAGGAGTAAGACAGGAGGATCACTTGAGCCTAGGAGGTAAGGTTGCAGTGAACTATGATGATGACCCTGCACTCTTGCCTTAGCAAGATGGTGAGACCCTGTCTCAAAACAAACAAACAAACAAACAAACATAAAAA","GGCTGGGCACCGTGGCTGACATCTGTAATCCCAGCACTTTGGGAGGCCAAGGCGGGTGGATCACTTGAGCCCAGGAGCTCGAGACCAGCCTGACCAACATGGCAAAACCCCATCTCTACCAAAAAAAAAAAAAAAATACAAAAAGTTAGCTGGGCATGGTGGAGAGGGCCTGTAGTCCCAACTACTCAGGAGGCTGAGGTGAGAGGATCACCTGAGCCACAGGAGGTCGAGGCTGCAGTGAGCCATGATCACACCATTGCACTCCAGCCTGAGAGAAAGTGAGACCCTGTCTCAAAAAAACAAACAAACAAAAACAGCAAAAA"
"GL873521","14778613","14778888","chr15","42746072","42746354","63","27967459","GGCCCAGCACAGTGGCTCACACCTATAATCCTCGCATTCTAGGAGACTGAGGTGGGAGGATCACTTGAGCTCAGGAATTTGAGATCAGCTTGAGCAATAAGGTGACCCCATCTCTACTAAAAATAGACTAATTAGCCAGGCATTGTGGTGGGCACCTGTGGTCCCAGCTAGTTGAGAGGCTCATGTTGGATTCCTTGAACCCAGGAATTTGAGGCTGCTGTGAGCTGGGCTGATGCCACAGTATTCTAGCCTGGGCAACAGAGTATGACTCTGTCT","GGCCAGGTACAGTGGCTCACACCTGTAATCCCAGCACTTTGGGAGGCCAAGGCAGGAGGATCACTTGAGCCTAGGAATTCAAGACCAGTCAGGGCAATATGGTGAAACTCCATCTCTACAAAAAATACAAAAATCAGCCAGGTGTGGTGGTGTGCGCCTGTGGTCCCAGCTACTTGGGAGGCTGAGATGGAAGGATCACTTGAGCCCAGGAAATGGAGGCTGCAGTGAGCTAAGGCTGTGCCACTGCACTCCAGCCTGGGCAACAGAGTGAGACCCTGTCTCA"
"GL873521","14884261","14884393","chr13","24405237","24405373","27","9520976","GGCTAGGTGTGGTGGCTCATGCCCATAATTCCAGCATTCTGGGAGGCCAATGTGGGAGGATCCCTGGAGGTCAGGAGTTTGAGACCACCCTGAGCAAAGCGAGACCCCATCTTCACTAAAAATAGAAAAATTA","GGCTGGGCATGGAGGCTCATGCCTATAATCCCAGCACTTTGGGAGGCTGAGGTGGGAGGATCGCTTGAGTTCATGAGTTCAAGACCAGCCTGAGCAACACAGTGAGACCTCATCTCTACTAAAAATCAAAAAAATTA"
"GL873521","14884660","14884815","chr1","141772547","141772702","39","126887887","TTAGTTGAATGTGGTGGTGTACACCTGTAGTCCCAGCTACTTGAAAGGCTGAAGAAAGAGGATTGCTTGAGCCCAAGTGCTTGAGGTTGTAGTGAGCTAGGCTGACGCTATGACACTCTGACCCAGGTGATAGAAGAAGACCCTGTCTCAAAAAAA","TTAGCTGGGCATGGTGGCGTGCACCTGTGGTCCCAGCTATTTGAAAGGCTGAGTTGGGAGGATCACTTGAGCCCAGATGGTTGAGGCTGCAGTGAGCCATGATGGCACCACTGCACTTTAGCCTTGGTGACAGAGCAAGGCCCTGTCTGAAAAAAA"
"GL873521","15677856","15678124","chr7","99887814","99888086","73","84209958","TGGCTCATGCCTGTCAACAAAGTACTTTGGTAGATTGAGAAAGGAGGATCTCGTGGACTCAGGAGTTTGAGACCAGCCTGGACGACATGGTAAAAAAACATCTTTAAAAAATTAGCCTAGCATAGTGGTGCACATTGATAATTTCAGCTATTTCGCAGGCTGAAGTGGGAGAACCACTTGTGTTTGGAAGCTCGAGGCTGCAGTGAGCTATGATCTCACACTACACTCCAGCCTGGGTAATATGGTGAGGTCCTGCCTCAAAAACAAAA","GGCTTACACCTGTAATCCCAGTGCTTTGGGAGGCTGAGGCAGGCAGATCACTTGAGCCCTGGAGTTCAAGACCAGCCTGGGCAACATGGTGAAACCCCATCTCTACAAAAAATTAGCCAGGCATGGTGGCTTGCACCTGTAGTCCCAGCTACTCAGGAGGCTGAGGTAGGAGGATTTCATGAGCCTGGAAGGTTGAGGCTGCAGTGAGCTATGATCACACCACTGCACTCCAGTCTGGGTGATAAAGTGAGACCCTGTCTCAAAAAAAAAAAA"
"GL873521","15875728","15875811","chr8","5975319","5975398","26","9900409","CAGTGAGCCGTGGTCTCCCTGTGCATTCCAATGTGAGTGACAGAGAGACCTCCCTCACACTCCCAAAAAAGAAAAAACAAGAAA","GCAGTGAGCCTTGATCGTGCTATTGCACTCTAGCCTTGGTGACAGAGAGAGACCCTATCTCAAAAAAAAAAAAAAAAAAA"
"GL873521","16170363","16170540","chr3","50079465","50079644","47","33909102","AAAAAAAAAAAAAATTACCCAGGTAAGGTGGTAAGGACCTGCAGTCCTAGCTATCTGGGATACGAGGTAGGAGGAGCACTTTGGCCCAGGAATTCCAGGCTATGGTGAACTATGATTACAACTGCACTCTAGCCTGGGCAAAAGAGTAAGAGACTGTCACAAAACACAACAAAACAAA","ACAAAAAGAAAAAACAATTAGCAAGGCCTGGTGGTACACACTTGTAGTCCCAGCTATTTGGGAGGCTGAGGTGGGAGGATCACTTGAGCCCAGGAGTTCAAGGTTACAGTGAGCTATGATCATGCCACTGCACACTAGCCTGGGCATCAGAGAGAGTTCCTGTCTCTAAGAAAAAAAAAA"
"GL873521","16172240","16172374","chr1","29329421","29329551","29","13157181","GGCTGCATGCAGTGCCTCATGTTTGTAATCCCAGCACTTTGGGAGCCAGTGGAGGAGAGGATCACTTGAAGCCAGGAATTTAAGACGGACCTAGCCAACATAATGAGAACTCCTCTATACAAAAAATAATAAAAT","GGCTGGATGCACTGGCTCCTGTCTGTAATCCCAGCACTTTGGGAGGCTGAAACAGGAGGATCCCTTGAAGCCAGGAGTTTAAGATCAGCCTGAGCAACAGAGTGAAACCCTGTCTCTACAAAAAAAAAAAA"
"GL873521","16260421","16260667","chr2A","25887935","25888182","71","9627514","GGATACAGTGGCTCACACCTGTAATCTTAGCAAACACCCTGGGGTGCTAAGGCAGGAGGATCACTTGAGCTCAGGAGATCAAGACCAGCCTGAGGAAGAGTGAAACCCCATTTCTACCACACATAGAAAAATTAGCCAGGTGTCTCTCTCTAGTCCCAGCTACTTGGGAGGCTGAGACAGGAGAATTGCTTAAGCCAGGGAGTTTCAGGTTGCTGTGGCTCAGACCATGGCACTCTAGACTGAGCAA","GGCTGGGCACAGTGGCTCACACCTGTAATCCCAGCACTTTGGGAGGGTGAGGCAGGAGGATCACTTGAGCTCAGGAGTTCGCAACCAGCCTGGGCAATATGGTGAAACCGCATCTCTACAAAAAATACAAAAATTAACCGGGTGTGGTTGTGCATGCCTGTAGTCCCAGCTACTTGGCAGGCTGAGGTGGGAGGATTGCTTGAGCTCAGGAGGTCAAGGCTGCAGTGAGCCATGATTACTCCACTGCA"
"GL873521","16747501","16747629","chr7","102198592","102198722","33","85451091","GCCGGGTATGGTGGCTCACACCTGTAATCCCACCACGTGGGAGGCCAAGGCAAGCAGATTGCCTGAGCTCACAGGTTCAAGACCAGCCTGAGCCAGAGTGAGACTTTGTCTTGGAAAATACCCGGGTGT","GGCTGGGTGTGGTGGCTCACACCTGTAATCCCACCACTGTGGGAGGCTAAGGCAGGCAAATCGCTTGAGCCCAGGAGTTCGAGACCAGCCTAGGCAACGTGGTGAAACTGTCTTTAGAAAATATTAGCCAA"
"GL873521","16747905","16748071","chr1","26355033","26355200","42","9607128","AACTAGGTAGGTGTTGCAGCAGGCGCCTGTAAATCCCAGCTACTTGGGCCAAGGCAAGAGAATCAATCACTTATGCCCAGGAGTTTGAGGTTGCTGTAAGCTATGACGCCCTGGCACTCTACCAAGGGTAACAAAGTCAGATCCTGCCTCAAAAAAAAAAAAAAAAA","AACTAGCTGGGTGTGGCGGCGTGTGCCTGTAGTCCCAGCTACTTGGGAGGCTGAGGCAGGAGGATCACTTGAGCCCAGGAGTTCAAGGCTGCAGTGAGCTAAGATCATACCACTGCACTCCAGCCTGGGTAATAGAGTGAGATCCTGTCTCAAAAAAAAAAAAAAAAA"
"GL873521","16826358","16826516","chrX","96886204","96886345","57","80059846","GGCGCCCTGCCACAAGCTGTAGTCTCCCCTATTTGGGAGGGTGAGGTCGGAGGATCATGTGAGCTCGGCAGTTCAAAGTCACCGGGCACTACAACCTCACCTGGACCAGTCAGGACTGCACGCCAGCCTCCCCAGCGCAGTGAGACTCTGTTTCTAAAA","GGTGCACATCTGTAGTCTCAGTTATTTGGGAAGCTGAGGAGGGAGGATCACTTGAGCCTGGGAGGTCAAGGCGCCAGTGAGCTGTGATTGCACCACTGCACTCCAGCCTGTGCTACAGAGTGAGACTCTGTCTCAAAAAAAA"
"GL873521","16850386","16850705","chr1","224543342","224543654","83","207692956","GCCAGCTGTGGTGGCTCACACCTATAGTCCTCACACTCTGGGAGGCTGAGGAAGGCAGATTCCCTGGAGCTCAGGAGATTGAGACCAGGCTGAGCAAGAACTGAGACTCTGTCTCTACCCCAAACAGAAAAACTTCACTAGGTGTTGCGGTGGGCACCTATAGCCTGAGCTACTTGAGAGGCAGAGGCAGGATGATCACTTGAACTCAGGAGTTTGAGGTTGCTATAGCTGTGCTGATGCCATAGTACTTTAGCCTGGGCAACAGAATGAGACTCTGTCTCAAAATAAATAAATAAATTAATAAATAAAAGAGAAAGAAA","GCCAGGCAGGGTGGCTCACGCCTGTAATCCCAACACTTTGGGAGGCTGAGGCAGGCAGCTTGCTTGAACTCAGGAGTTTGAGACCAGTCTAGGCAACATGGTGAAACCCCATCTCTACAAAAAATACAAAAATTAGCCAGGCGAAGTGGCGTGCCTATAGTCTTAGCTACTTGGGAGGCTGAGGCAGGAGAACTGCTTGAACTGGGGAGGTCGAGGCTGCATGAGCCGAGATCGTGCCACTGCACTCCAGCCTGGATGACAGAGCGAGACCCTGTCTCAAAATAAATAAATGAATAAATAATAAAATAAATAA"
"GL873521","16987716","16987746","chr4","157175852","157175881","5","140188136","GAAGAAAGAAGAAAGAAGAAAGAAGAAAGAA","GAAGAAGAAGAAGAAGAAGAAGAAGAAGAA"
"GL873521","16988099","16988370","chr11","32048157","32048430","73","15060058","GGCCCAGTTCAGTGTCTCACACCTGTAATCCTAGAACTCTGGGAGGTCAAGGAAGGTGGAGTCCTTGAGCTCAGGATTTTCAGATAAGCCTGAGCAAGAGACAGATCCATATCTACTAAACATAGAAAAACTAGCCTGGCATCAGTGTAGTCCCAGCTACTCAGAAGGCTGAGGCAGGAGGATCATTTGAGCCCAAATGTTTGAGTTTGCTGTGAGCTATGATGAATGACACCAGGGCACTCTACCCAGGGCAACAGAGTGAGACTATTTCT","GGCCCACCACAGTGATTCACATCTATAATCCCAGCACTTTGGGAGGCCGAGGTGGGAGAGTAGCTTGAGCCCAGGAGTTTGAGACCAGCCTGAGCAACAGGGCGAGACCCCATCTCTACAAAAAAAATTTAAAAATTAGCCTAGCATGTGCCTGTAGTCCCAGCTACTCAGGAGGCTGAAGCAGGAGGATCACTTGAGCCCAGGAGTTGAAGGCTGCAGTAAGCTATGATCACCCCACTGAGCTCTAGCCAGGGTGACTGAGCAAGACTCTATT"
"GL873521","17153915","17154039","chr7","102370770","102370890","26","85216855","GGCTAGGCACGGTGGTGACTCCTGCTTGTAATCCCAGCACTCTGGGAGGCCTGTGGCAGGTGAATTCCTTGCGCTCAGGAGTTCAAGACTAGCCTGAGTAATAGTGAAACCTCTGTCTCTACTAA","GGCTAGGCACGGTGGCTCATGCCTGTAATCCCAGCACTTTGGGAGACTGAGGTGGGAGAATTGCTTGAAGCTGGGAGTTCAAGACCAGCCTAGGGAACATAGTGAGACCCTGTCTCTTCAA"
"GL873521","17154076","17154241","chr16","21596696","21596868","46","4442620","CTAACCAGACCTGACAGGTGGCTATACTCTCGGCTACTTGGGAGGCTGAGGCAAGAGGATCACTTGATCTCAAGAGTTTGAGGTTGCTATAAGCTATGAGGCCATGACACTCTACCGAGGGCAACAAAGTAAGAGTTTTTCTCAAAAAAAAAACCCAAAACAAAAA","ATTAGTCAGACATGGTGGCATGTGCCTATAGTCCCAGCTACTTGGGAGGCTGAGGCAAGAGAATCATTTGAGCCCAGGAGGTTGAGGCTGCAGTAAGCAGTGATCATGTCACTGCACTCCAGCCTGGGCAACAGAGCAAGACCCTGTCTCAAAAAAAAAAAAAAAAGAAAAAA"
"GL873521","18186068","18186211","chr11","18518855","18518988","40","332787","TAGTCAGGTGCAGTGGTGCATGCCTGCAGTCACAGCTACTCTACTCAGGAGGATGAAGCAGGAGGACCACTGGAGACCAGGAGTTTGAGAATGCTGTAAAATACCATTGAGTCACTGCCTGCCAGCTTCAGTAACAGAATAAGA","TTAGCCAGGTGCAGTGGCGCATGGCTGTAGTCCTGCTTACTCAGGAGGTTGAAGCAGGAGGATCACTTGGGCCCAGGAGTTTGAGGCGGCAGCGAGCCATAATCGTGCCACTGCACTCCAGCTGAGTGACAGAG"
"GL873521","18186242","18186351","chr4","101432127","101432236","31","83245885","CTTGTAATTTCAGCACTTTTGGAAACTGTAGAAGGAAGATTGTTTAAGACCAGGAGTTCCAGAACAATCTGGGCAACACATGTTGACCTTGTACCTACATGAAAAAAAAA","CCTGTAATCCCAGCACTTTGGGAGGCTGAGGCAGGAAGACAGCTTGAGGCCAGGAGTTCCAGACCAGTCTGGGCAATATAGCAAGACCCTCATCTCTTTAAAAAATAAAA"
"GL873521","18231783","18232086","chr11","120552808","120553110","90","102321025","GGCATGGTGGCTCACACCAGCAATCCCAGCGTTTTGGGAAGCCCAAGGAAGAGAATCACTTGAGACCAGCCAGAGGTACATAGACACGTGGTCTACAAGAAATGACAATTAAAACAAATTGCTGGGCATGGTAGCCTGTGACTATAGTCCTGGCAACTCAAGAGGCTGAGTCAGGGGGTTTTTTGAGCCTATGAAGTCTAAGTTGCAGTAAGCTGTGATCATGCCACTATACCCTAGCCTGGGTGACAGAACAAGATTCTGTCTCTAAAAATAAAATAAAATAAAATAATAAAATGAAATAAAA","GCCAAGCATGGTGGTTCATACCTATAATCCCAGAACTTTGAAAGGCCAAGGCGAGAGGAGTTTGAGACCAGCCTGGGCAACATGATGACATGCCGTCTCTACAAAAAAATAAAATAAACAAAAACTAGCTGGGCCTAGTGGCATGTGTCTGTAGTCCTAGCTACTCAGGAGACTGAGGCAGGAGGATCACTTGAGCCTGGGAGGTCAAGGTTGCAGTGAGCTATGATTGTGTCACTGTACTCCAGCCTGGGTGACATAGCAAGAACTGGTCTCAAAAAAAAAAGAAAGAGAGAAAAAAGAAAA"
"GL873521","18672921","18673268","chr5","164510023","164510360","89","145837102","GGCTGGCCATGGTGGCTGAGGCCTGTCATCCTACCACTCTGAGAGGATGAGGAAGGAGGATTGGATTGCTTCAGCTCAGGAGTTCAAGACCAGCCTGAGCAAGAGCAAGACTCAGTCTCTACCAAAAATAGAAAAATTAGACTAGCCAGATGTAATGGCAGATGCCTCTAGTCCCAGCTAGTGGGGAGGCTAAGGCAGGAGGATCACTGAAACCCAGGAGTTTGAGGTGCCTGTGAGTTAGTTTAATACCATGGCAGTCTAGCTTGGGCAACAAAGTGAGACTCTGTCTCAAAACAAACAAAGAAACAAAGAAACAAACAAACAAAAACCCCAAAAATAAAAAAAAAA","GGCTGGGCACAGTGGCTCATGCCTGTAATCCTAGCACTTTGGGAGGCTGAGGCAGGTGGATCGCTTGAGACTGGGAGTTCAAGACCAGCCTGGGCAATATGGCAAAACCCCGTCCCTACAAAAAATACAAACATTAGCCAAGCATGGTGGCACATGCCTGTAGTCCCAGCTACTTGGGAGGCTGAGGCAGGAGGATCATTTGAGCCCGGGATGTGGAGGTTGCAGTAAGCTGAGATTGCATCATTGCACTCCAGCCTGGGCAACAGAGGGAGACCCTGTATCAAATAAATAAATAAATAAATAAATAAATAAATAAATAAAAGAAATAAAAGTAAAAA"
"GL873521","19315680","19315722","chr1","205503465","205503511","11","186187785","CAGTTACTTGGAAGACTGAGGCAAGAGGATCCCTTGAGCTAGG","CCAGCACTTTGGGAGACTGAGGCAGAAGGATCCCTTGAGGCCAGCGG"
"GL873521","19598410","19598508","chr1","6398492","6398584","25","13199918","TATCACTACACCACTATACTCTAGCCTGGGCAACAGATTGAGAACCTGTATCAAAAACAAACAAACAAACAAACAAAACACAATAAAAAATAAATAAAA","GTGATTGCACCAATGCACTCCAGCCTGGGTGACAGAGCGAGACTGTCTCAAAACAAACAAACAAACAAATAAAACAAAAGAAAAGAAAAGCAA"
"GL873521","19777152","19777359","chr4","72787006","72787205","63","53009854","CCTGAGCAACATAGAGAGATCCCATCTCGACAAAAATATTGAAAAAAAAATAGATAAACTTATCAGCTGGGTTTGGTAGCACACAACTGTATCCCCAGCTACCGGGAAGGCTGAAGCAGGAGGAGCCTGACAGATCAAGGCTGCAGTGAGCAGTGATCACATCACTACACTCCAGCCCAGGTGACAAAGCACAATCCTGTCTCAAAAA","CTAGGCAACATGGAAGAACCCCATCTCTACAAAAATTACAAAAACTAGCTGGGCATGGTGGTGTGCGCCTGTATTCCCAGCCACTGGGGAGGCTGAGGTGGGAGGATTGCTTGAGCCTGGAAGATTAAGGCTGAAGTGAGCAGAGATCACACCGCTGCACTCCAGTCTGGGTGACAGAGCAAAACCCTGTCTCAAAAAAA"
"GL873521","19907026","19907166","chr6","12022857","12022993","42","7884169","AGGAAAAATTACCAGGGCATGGTGATGTGCACTTATAGTCCCAGCTCCTGGGAAGGCTGAGTCAGGAGGCCAGGAGTTTGAGGTTATAGTGAGCTATGATGCCACTGCACTCTCTCTGGGTGACATAGTGACATTCTGCCT","TTAAAATTAGCCAGGCATGGTAGCAGGCACCTGTACTCCCAGCTACGGGAGGGTCGCTTGAGCCCAGGAGATCAGGGCTGCAGTGAGCTATGATTGTACCACTGCACTCCAAACTGGGTGACAGAGTGAGACTCTGT"
"GL873521","19907190","19907299","chr3","21509747","21509855","27","1602557","GTGGTGGCTCAGCCTATAATCCTAGCCTTCTGGAGGCCCAGGCGGGAGGATTGCTTAAGGTCAGGATGTTGAGACGAACCTGAGCATGAGTGAGACCCCATCTCTACAAA","GGTGGCTCATGCCTATAATTCTAGCGCTTTTGGAGGCCAAGGGGGGAGGATTACTTGAGCTCAGGAGTTCCAGATCAGCCTGGACAATTTAGTGAGACCTCATCTATAC"
"GL873521","20453341","20453513","chr19","53340691","53340862","44","32887350","AGACAACTAGCCAGGCATTGTGGTGGGCATCTATAGTCCCAGCTACTTGGGAGGCTGAGGCAAGAGGATCACTTGAACCCAATAGTTTGAGGTTGTCATGAGCTATGATGATGTGGCATTCTACTCAGGGTGACAGCGTGAGAGACTCTGTCTCAAACAAATGAACAAAAAAA","ACAAAAATAGCTGGGTGTGGTGGTGCATACTTGTAGTCCCAGCTACTTGGGAGGCTGAGGCAGGAGGATCACTTCAGCCCAGGAGGTTGAGGCTGCAGTGAGCCATGATCATGCCACTGCACTCCAGCCGAGGGGAGAGAGCAAGACTCTGTCTCAAAACAAACAAACAAAA"
"GL873521","20453540","20453662","chr4","5943586","5943706","26","14509954","CAGGCGTGGTTGCTCATGCCTGTAGTCCTAGCACTTCAGGAGGCTGAGGAGGGTAGATTGCTTGAGGTCAGGAGCTGGAGACCAGCCTGAGCAAGAGCGAGACCTTGTCTCTACTAAAAATAG","GGCCATGGTGGCTCATGCCTGTAATCCTAGCACTTCGGGAGGCTGAGGAGGGAGGATTGCTTGAGGCCTGGAGTTTGAGACCAGCCTGGGCAACATAGTGAGACCACGACTCTATTTAAAA"
"GL873521","20821454","20821743","chr8","121327775","121328067","74","100506321","GCCGGGCCCAGATGGCTCAAGCCTGTAATCCTTGCACTTTGGGAGGCCAATGTAGGAGGATCACTTGCGCCTAGGAGTTCCAGGCCAAGCTGTGCAAGGTGAAACACTGTTCCAAAAAATATATATATATGAAAATTAGCCAGTCCTGTTGGTACACATCTGTCGTTCCAACTACTTGGGGGACTGAAGCAGGAGGATCCATGAGTCCAAGATTTGAGGTTGCAATGAGCTGTATTGGAGCTACTACACTGTAGCCAGGGCGACAGGAGGAAAAACTTGTTTTAAAAAAA","GGCTGGGTGCAGTGGCTCATGCCTGTAATCTTAGCACTTTGGGAGGCCAAGGCAGGTGGATCACTTGAGCTTAGGAGTTCAAGACCAGCCTGGGCAACATGGTGAAACCCTGTCTCTACAAAAAATAAAAAAAAATTAGCCAGGCATGGTGGCATACACCTGTAGTCCCAGCTACTTGTGGGGCTGAGGCAGGAGCATCACTTGAACCCAGGAGCTCAAGGCTGCAGTGAGCTGTGATCTTACCACTGCACTCCAGCCTGGGTGACAGAGTAAGACCTTGTCTCAATAAAAAA"
"GL873521","20825224","20825315","chr22","42881883","42881978","27","22056659","AGAGGATCTCTTGAGCCTAAGAGTTTGAGGTTGCTGTGAGTTCTGATACCACAGCGCTCTACACAGGGCGACAGAGTAAGACCCTTTCTTAA","GGCAGGAGGATCGCTTGAGCCTGGGAGGTCAAGGATGCAGTGAGCTGTGATTGCACCACTGCACTCCACCCTGGGCGACAGAGTGAGACCCTGTTT"
"GL873521","20825595","20825767","chr4","156475909","156476099","57","135650314","GCGGTGGCTCACACCTGTAATCCTAACACTCAGGATCGCCTAAGCTCAGGAGGTGGAGACCAGCCTGAGCAAGAGAAACACCTCAACTCTACCAAAAACAGAAAAAGTAGCCTGGGTGGTGGTAGGCATGTGTAGTCCCAGCTACTCGGGAAGCTGAGGCAAGAGGATCTCTT","GGCCAGGCACAGTGGCTCACACCTATAATCCCAGCACTCTGGGAGACTGAGGCAGGAGGAGCCCAGGAATGTGAGACCAGCCTGGCCAACATGGTGAAACCCAGTCTCTACTAAAAATATAAAAATTAGCCTGGTGTGGTGGTGTGCGCCTGTAGTCCCAGCTACTTGGGAGGCTGAGGTGGGAGGATCAC"
"GL873521","21355913","21356066","chr4","158479533","158479684","48","137123620","ATAAAAATTAACTAGCTATGGTGGCATACACTCTTGTCCTAGCTACTTAGGAGGCTGAGGATCATTTGAGGCCAGGAGTTTAAAGCTATAGTGTACTGTGATGATTACGCCTGTGAATAGCCACTGTACTCCAGCCTGGGCAACATAGCAAGAC","AATTAGCTGGGCATGGTGGTGCATACCTGTAGTCCTAGCTACTCAGGAAGCTGAGGCAGGAGGACAGCTTGAGGCCAGGAGGTCAAGGCTGCAATGAACCATGATTGATTACACCTGTAAATAGTCACTGCATTTCAGCCTGGGCAGCATAG"
"GL873521","21623697","21623773","chrX","53329871","53329945","26","31706174","AAATTTAGGCAGGCAAGTTGGCACATGTTTGTAGTCCAAGTTATGTGAGAGGATTCTTTGAGTCCAGAAGTTAAGGC","AATAGCTTGGGCAGGGTGGTGCATGGCTGTAGTCCTGAGATGGGAGGATCCCTTGAGTCCAGGAGCTTGATGCCG"
"GL873521","21623801","21623894","chr3","42032495","42032583","27","20408694","GTAATCTTAGTACTTTGGGAGGCCAGACAGGAGATTCATTTGAGACTGAGTTTAAGATCAGCCTGGACAACATGGCAATATCCCATGTCAACCA","TAATACCAGTATTTTGGGAGGCTGAGGCAGGCGATCACTTGAGCCCAGTTCAAGACCAGCCTGGGCAATATAGCGAAATCCTGTTTCTA"
"GL873521","21714176","21714337","chr12","96671998","96672172","41","74957822","ACTAGGGGGCATTGTGGCAACTGTCATCCTAGCTGCTCAAGAGGCTGAGGCAAGAGGATCACTTCAGCCCATGAGTTTATGGTTGCTGTGAGCTATGACTCCATGGCACTCTAGCCTGGGCAATAGAATGAGACTCTGTCGCAAAAAAAAAGAAAGAAAGAA","AATTAGCTGAGCATGGTGGCAGGCACCTGTAGTCCCAGCTACTTGGGAGGCTGAGGGAGGAGGGTCACTTGAACCCAGGAGTTTGAGGCTGCAATGAGCTATGACTGCATCAGTGCACTCTAGCCTGGGCAGTAGAGTGAGACCCTGTCTCACAAAAAAAAGAAGGAAAGAGAAA"
"GL873521","21714364","21714489","chr15","78802491","78802611","29","57088127","GGCTGGGTACCCTGGCTAGACACCTGTAATTCTAGCACTCCAGGAGGCTGAAACAGGTGGATTTCTTGAGCTCAGGAGTTCAAGACCAGCCTGTCCAAGACCAAGACCACAATTCTGTCTCTACTT","GGCTGGGTACAGTGGCTCACACCTGTAATCCCAGCACTTTGGGAGGTGGAGGCAGGAGGATCACTTGAACTCAGGAGTTCAAGACCAGCCTGGCCAACATGGCGAAACTCCGTCTCTACAA"
"GL873521","21743555","21743631","chr10","20213332","20213405","25","1530223","TATAGGGTGTGGCGGCAAGTGTGTATAGTACTAGCTACTTAAAGAGGTTGAGATGGGAGGATTGCTTGAGCTAAGGA","CCAGGTGTGATGGTGCATGCCTGTGGTCTCAGCTACTTTGGAGGCTGAGGTGGGAGGATTGTTTGAGTGGAGGT"
"GL873521","21743658","21743767","chr10","43292583","43292692","28","21548925","CAATGGTTTGTGCTTGTAATCCAGCACTTTGGGAAACAAAGGAGAAAGGATTAATTGAGACCAGGAGTTCAAAATCAGCCTGGGCAACATAAAGAGACCCTGTCTCTATG","GCGGTGGTTCAGCCTGTAATCCCCGCACTTTGGGAAGCTAAAGCAGGAAAATCACTTGAGCCCAGGAGTTCAAGACCAGCCTGAGCAACATAGTGATACCCCTGTTTCTA"
"GL873521","21994326","21994402","chr3","183523015","183523100","19","161528689","GGCATTGTGACTCACACCTATAATTCTAGCACTTTGGGAGGCTGAGGTGGGAAGACCACGAGCACAGGTTCAAGACC","GACTGGGGGCAGTGGCTCAAACCTGTAATCCTAGCACTTTGGGAGGCTGAGGTGGGAGGACCACCTGAGCTCAGGAGTTCAAGACC"
"GL873521","22568894","22569013","chr7","21219168","21219276","37","1349726","TACGTTGTGGTGGCTAGTCCCAAACTACTCAGCTACTCAGGAGTTTGAGGTTGCAGTAAGCTGTGAGGTTGCATTGCACGACAGATTGTGCAACAGAGCGAGACCCTATCTCGAAAAAAA","GGCTGAGGTGGGATAATCACTTGAGCCCGGAAAGTTGAGGTTGCAGTGAGCCATGACTCGGCACTGCACTCCAGCCTGGGCAACAGAGCCAGACCCTATCTCAAAAAAA"
"GL873521","22569034","22569129","chr15","57106062","57106161","19","34537028","CAGGCATGGTGGCTCACACCTGTAATCATAGCACTTTGGGAGACCAGGAGTTCAAGACCATGCTGGGCAACATGGCGAGACCTTGTCTCTACCAAA","GGCCAGGCATGGTGGCTCACTCCTATAATCACAGCACTTTGGTAGGCCATGAATTCAAGACCAGCCTGGGCAACATAGTGTAACCCTGTCTCTACGAAAA"
"GL873521","23082461","23082581","chr19","17007875","17007987","43","6074586","AAAATACACAGAGTACCCAGGCATGGTGGTGCATGCCTCCAGTCCCAGCTACAGGTGAGACTAAGACTAAAGGATGCCTTCAGCTCAAGACTTTGAAGCTGGCCTAGGCAACAACAAGACC","ACAATGTAGCTATGGCATGGTGGTGCCTGCCTGTTGTCCCAGCTACTTGGGAGGCTGAGATGGGAGGATTGCATGAGCCCAAGAGTTCAAGGCTGCTGTGAGCTACAATCACG"
"GL873521","23326932","23327034","chr1","153330637","153330743","26","130003705","GACTGGGTATGGTGGCATATGCCTGTAAACCCAGCACTCTGGGAGGCTGTGGCGGGTGGACCAGCCTGAGACCAGCTTGAGAAAGAATAAGACTCTGTCTCTA","GGCTGGGTGTGATGGCTCATGCCTGTAATCCTAGCACTTTGGGAGGCTGAGGCAGGTGGATCACTTGAGCCCAGGAGTTTGGGCAACATGACAGAACCCTGTCTCTA"
"GL873521","23327057","23327213","chr6","85247800","85247964","38","61920743","CCAGACATTGTGACACATGCCTATAGTCCTACTTGGGAGGCTGAGGCAAGAGGATGTCTTGTGCCCAAGAGTTTGAGGTTGCTGTGAGCTATGATACCATAGCACTCTAGTGGGGGGCAAGAAAGTGAGACACTGTCTCAAAAAAAAAAAAAAAAAA","CCAGGCATTGTGGCACATGTGTGTAGTCCCAGCTATTTGGGAGGCTGAGGCAGGAGGATCCTTTGAGCCCAGGAGTTTGAGGCTTCAGTGAGCTGTGATTGGACCACTACACTCTGGCCTGGGCAACAGAGAAAGACCCTGTCTCAAAAAGAAAAAGAAAAAGAA"
"GL873521","23553294","23553452","chr8","101101478","101101641","53","77548184","AAAATAAAGTTAGCTAGACACAGCTTTGGGCACCTGCAGTCCCAGTTACTTGGAGGTTGAGGCAAGAGGATTGTTTGAGCCTAGAGGTTTGAGGATATGGTTTGCTGTAGTTCTACCTGTGAGTAGCCACTGTTCTCCAGCCAGGACACCAGCGCAAGA","AAAAAGACACCAAGTAGCCAGGTGTGGTGCTGCAGGCCTGCAGTCCCAGCTACTTGGGAGGCTGAGGCAGGAGGATTGCTTGAACCCAGGAGTTCAAGACTTCAGTATGCCATAATCGCACCTATGAATAGTCACTGCACTCCAGCCTGGGCGACATAACAAAA"
"GL873521","24165831","24166009","chrX","9218405","9218573","51","14947426","GGCCAGGCACAGCAGCTCACACCCATAATCCTAACACTCTGAGAGACCAAGGTGTATAGATTACCTGAGCTCAGGAGTTGGAGACCACCCTGAGCAAGAGTAAGACCCCCATCTCTACAAAAAAAAAAAAAAAATAGAAAAACTAGCCAGGTGTTGTGGTGGGTACTTACAGTGCCAAC","GGCCAGGCGCAGTGCCTCACACCTGTAATCCCAGCACTTTGGGAGGCCGAGGCGGGTGGATCACTTGAGCTCAGGAGTTTGAGACCAGCCTGAGCAACATGGCAAAACCTCACCTCTACAAAAAAAATACAAAAATTAACCAGGCATGGTGGCAGGCACCTGTAGTCTC"
"GL873521","24270646","24270916","chr8","27224878","27225151","68","2954232","GGCCAGGCACGGTGGCTCACACCTGAATCCTAGCTGGCATTCTGGAAGGCCGAGGTGGGTGGATCACCTGACCTCAGGAGTTCAAGACCATCCTGAGCAAGAGTGAGATGAAACCTCATCTCTAAAAATAGCTAGGCATTGTGGTGGGCACCAGTAGTCCCAGCTACTAGGGAGGCTGAAGCAAGAGGATCACTTGAGTCTAAGAGTTAGACGTTGCTGTGAGCAGTGACGCCACAGCACTCTACCCAGGGCAACAAAGTGAGACTGTCTC","GGCCAGGTGCAGTGGCTCACACCTGTAATCCTAGCCCTTAGGAGGCTGAGGTGGGAGGATCACTTGAGCTCAGGAGTTCAAGACCAGCCTGGGCAATATGGTGAAACCCTGTCTCTACGAAAAATTAGCCGGGCATGGTGGCGCATGCCTGTAGTCCCAGCTACTCAGGAGGCTGAGGTGGGAGGATCATTTGAGCCCAGGAGGCGGAAGTTGCAGTGAGCCAAGATTGCACCACCGTACTCCAGCCTGGGCAACAAGTGAGATCCTGTCTCAA"
"GL873521","24618820","24618994","chr8","68458893","68459071","47","43840073","TCCTAGCACTCTGGGGGGCCGAGGTGGTAGGATCACTTGAACTAGAGTTCAAGACCACCCTGAACAAAAATCACACCCTGTCTGTACTAAAAATAGAAAAATTAGCCAGGCATTATAGTGCATGCCTGTAGTCCCAGCTACCTGGTAGGCTGAGGCAGATCCTCTAGCCCAGGGG","CCCAGCACTTTGGGAGGCTGAGATGGGTGGATCACTTGAGCCCAGGAGTTCAAGACCAGCCTGGGCAACATGACGAAACTCTGTCTTTACAAAAAATACAAAAATGAACCAGGCATGGTGGTGCATGCCTGTAGACCCAGTACTTGGGAGGCTGAGGTGGGAGGATCCCTTGATCCTGA"
"GL873521","24626746","24626855","chr1","205148842","205148953","29","180522096","AAAGAATGACAAAAATTCAGATATGGTGGTATGCACCTATAGTCAGTCACAGCTACTGGGGAGGCTGAGGTGGGAGGCTTTCTTGAGCCCAGGAGGTTGAGTCTAGCAAT","AAAAAGTACAAAGAATTAGCCAGGTGTGGTGGTGCGTGCCTATAGTTCCAGCTACTTGGGAGGCTGAGGTGGGAGGATTGCTTGAGTCCAGGAGTTGGAGGCTGCAGTGAAA"
"GL873521","24781755","24782037","chr5","139301937","139302217","85","114520182","GACCAGGTGTGGTGGCTCACACCTATTAGCCTAGCACTCTTGGCAGCTGAGGCAGGAGGATTCACTCAGAACTTCAAGAGTTAAACCCATGCCTCTACTAAAAATAAGAAAAAAATCAGTCCAGAGTATCATGGTGGGCACTTGCAGTCCCAGCTACTCGCAATGCTGAGGAAGAAGGATAGCTTGAGCCTAGGAGTTTGAGGTTGCTGTAGGCTGGATTTTTGTCATGGCATGCTAGTCTTGGCAACAGAGTGAGACTCTGGGGGAAAAAAAAAAGGAAAAA","GGCTGGGTGCGGTGGCTCACACCTGTAATCCCAGCACTTTGGGAAGCTGAGGCCAGAGGATGGCTTGAGCTCAGGAGTTTGAGTTGAAACCCTGTCTCTACAAAAAATACAAAAATTAGCTGGGTGTGGTGGTGCACACCTGTGGTCCCAGCTACTTGGAAGTGTGGGGTGGGAGGATTGGTTGAGCCCAGGAGGTTGAGGCTGCAGTGAGCCATGATCGTGCCACTGTACTCCCGCCTGGGTGACAGAATGAGACCCTGTCTCAAAAAAAAAAAAAAAAA"
"GL873521","24969692","24969970","chr5","91805199","91805483","78","66835507","GGCTGGATGCAGTGGCTCACACCTATAAACCTAGCACTCTGGAAGGCCACAGTGGGAGAATGGCTCGAGTTCAGGATTTTGAGAGTAGCCTGAGCAAGAGCAAGACCACATCTCTACTAAAAATATAAAAATTAGCAGGAAGTCTTGCTGAATGCATCATCTCAACTGCTCTGGAGGATGAGGCAAGAGGATTGCTTGAACTCAAGAGTTGAGGTTGTGGTGAGCGAGACTGAATCCATAGCACTCTACCCCAGGCAACAGAGCAAGACTTTGTTGAAA","GACTGGGTGCAATGGTTCACATCTGTAATCCCAGCACTTTGGGAGGCCAAGGTGGGAGGATGGCTTGAGCCCAGAAGTTCAAGACCAGCCTGAGCTACATGGCAAAACCCTGTCTCTACAAAAAATGTAAAAATGAGCCAGGCATGGTGGTGCATGCCTATGGTCCCAGCTACTCAGGAGGCTGAGGCAGGAGGATCGCACTAATCTAGGAGATGGAGGCTGCAGTAAGCCGAGATTGAGTCATTGCACTCCAGCCTGGGCGAAAGAGCCAGACTCTGTCTCAAA"
"GL873521","24970004","24970019","chr3","153804291","153804307","1","128834287","AAAACAAAACAAAAAA","CAAAACAAAACAAAAAA"
"GL873521","25391954","25392209","chr7","3491054","3491312","81","21900900","CCTAGTGCAGTGGCTCACACCTGTAATCCTGGAGGCTGAAGCAGATGGATTGCTTTGAGTTCCTGCCTAAATAAAAGTGGGAATCTACTATAGCAAAATTAGCTGGGCGTTATGGTGGGTACTTGTGGTCCCAGCTACTCAGGACGCTGAGGCAGGAGGATTGCTTGAACCAAGGAATTTGAGGTTGTTATGAGCTATGATGATGCCATGGCACTCTACCCAGGCCACAGAGTAAGATTTGGTCTCCAAAAAAAAA","GGCCAGGTGCGGTAGCTCACATCTGCAATCCCAGCACTTTGGGAGGCTGAAGCTAGAGGATCACTTGAGTCTTGTCTCTACAAAAAAAATCAAAAAATTAGCCAGGGCATGGTGGTGCATGCCTGTAGTCCCAGCTACTCGGGAGGCTGAGGCAGGAGGATCACTTGAGCCCAGGAGGTTGAGGCTGCAGTGAGCTGTGACTGTACCACTGCACTCCAACCTGGGCAACAGAGTGAGACCCTGTCTCAAAAAATAATAA"
"GL873521","25453333","25453646","chr22","29946204","29946503","77","4492871","GCCGGGTACAGAGGTGCATTTACCTGTAATCCTAGCACTTTGGGAGGGTAGGGTAGGAGGATGGCTTGGGGCCAGTAGTTCAAGACCAGCCTGAACAATCTAGTGTGACCTCGTCTCCACAAAATATAGAAAAATTAGCCAGGCATGGTGGTGGGCACTTGTATTCTCAGCTTCTCAGGAAGCTGAGGCAGGAGGATCTTTTGAGGCTGGAAGGTTGAGGTTGCATTGTTGAGATTGCACTGAGCTGTGATGACACCACTGCACTCTAGCCCTGGCAACAGAGTGAGATCCTAATTTAAAAAAAAAAAAAAAAA","GCTGGGCGTGGTGGCTCCTTCCTGTAATCCCAGCACTTTGGGAGGCCAAGGCTGGAGGATCACCTGAGTCCAGGAGTTTAAGACCAGCCTGGGCAACATAGGGAGACCCTGTCTCTACAAAAAATAAAAAATTAGCCAGGCATGGTGGTGTGCACCTGTAGTCCCAGCTACTCAGGAGGCTGAGGCAGGAGGATCTCTTGAGCCTGGGAGGTCAGACTACAGTGAGCAATGATTGTGCCACTGCACTCCAGCCTGGGTGACAGAGTAAGACTCTGTCTCTTAAAAAAAAAAAAAAAAAAA"
"GL873521","25473197","25473312","chr11","64318421","64318538","25","38845224","GGGCATGGTAACTCACTCCTATAATCCCAGCAGTTTGAGAGGCCAAGGCTGGAGGATCACTTAAGGCTAGGAGTTCATGACTGGTCAGGGCAACATAGTAAGACTTATTCTCTACA","CCAGGCATGGTGGCTCACACCTATAATCCCAGCACTTTGGAAGGCCAAGGCGGGAGGATCCCTTGAGGCCAGGAGTTTGAGACCAGCCTGGGCAACATAGCAAGACTCCGTCTCCACA"
"GL873521","25473339","25473487","chr1","35894728","35894879","40","10421389","AAGAATTAGCTAGGCATAGTGGTGCGCAGCTGTAGTTCCAAGTACTTGGGAGGTTAAAGACCATGTGAGCGCAGGAGTTCAAGGCTACAGTGAGCTGTGATCATGCCACTGCACTCTGGCCTGGGTGACAGAGTCTGTGTCATAAAAAA","AAAAATTAGCCAGGCATGGTGGCACATGCCTGTGGTCCCAGATACTTGGGAGGCTGAAGTGGGAGGATCACTTGAGCCCAGGAGATCAAGGCTGCAATGAGCCATGATCATGCCACTGCACTCCAGCCTGGGCAACCCTGTCTTTAAAAAAA"
"GL873521","25493130","25493293","chr4","75562087","75562252","41","50068957","CTTAGAGTTGTGGTGGGCTCCTGTACTCCCAGCTACCCAGGAGGTGAGGCTGAGGCAGGTGGATCACTTGAACCCAGGTATGTGAGGTTGCTGAGAGCTAGGATGACACACAGCACTCTAGCCTGGTGACAGAGTGAGTCTATGTCTCTAAATAAATAAATAAA","TTAGCTGGGTGTGGTGGCATGCACCTGTAGTCCCAGCTACTTAGGAGGCTGAGGCAAGAGGATCACTTTAGCCCAGGAGGTGGAGGTTGCAGTGAGCTGAAATCATACCACTGCACTCCAGCCAGGGTGACAGAGTGAGACCTTGTCTCAAAAATAAATAAATAAA"
"GL873521","25493320","25493467","chr9","31337596","31337743","33","5844276","GACTGGGCTTGGTGGCTCATGCCTGTAATCCTAGCATTCTGGGAAGCTGAGGCAGGAGAATCACTTGAGGTCAGGAGTTCAAGACCAGACTGAGCAAGAGTGAGATCTTGCCTCTACTAAAAAAATATATATTTTTAAAAAATAATGC","GCTGGGTGTGGTGGCTCACACCTGTAATCCTAGTGATTCAGGAGGCTGAGGCAGAAGGATCACTTGAGGTCAGGAGTTTGAGAGCAGACTGAGCAACAGAGTGAGACCCCCTCTCTAAGAAAAAAATATTAAAAAAAAAAACAACCGC"
"GL873521","25793453","25793728","chr15","82250472","82250741","88","56457019","CAGGTATGGTGGCTCACACCTGTAATCCCAGCACTTCGGGAGGCCAGGAGGTGGGGGAGAGGCTCTCTTGAAGCCAGGAGTTCCTGACCAGCCAAGCAACAGGCGAAACCTTATCTCTACAAAATATTAAAGAAAAAAGGAAATTAGCCAGGTATAGCAGTAGACATCCATAATTCCAGATACTGTCGTGGCTAGGACAGGAAGATCACCTGTGATTGTGCCACTGCATCCCAACTTGCCAAAAAAGCAAGATGCTGTCTCTATAAAAGAAAACTA","GCCGGGCACGGTGGCTTATGCCTGTAATCCCAGCACTTTGGGAGGCCGAGGCAGGAGAATCGCTTGAGCCCGGGAGTTTGAGACCAGCCTGGGCAACATGGTGAAACCAAGTCTCTACAAAAAAATACAAAAAAATTAGCCAGGTGTCGTGGTGCACGTCTGTAGTCCCAGCCACTCCTGGGAGGTCGAGGCTGCAGTGAGCTGTGATCGTGCCACTGCACTCCAGCCTGGGGAACAGAGTGAGACCCCGTCTCAAAAAATAAAAAAAAA"
"GL873521","25946379","25946540","chr16","48668108","48668267","54","22721729","GTTGAGGCAGGATTTCTTGAGGCTGGGAGTTGGAGACCAGCCTGAAAAACATGTTGATACCATTGCTACAGAAATTAGAAGAGTTAGCTGGGTATAGTGGTGCATCCCTGTAGTTCCAACTACTAGGGATGCTGAGGCAGGAGGGTCACGTAAGCCCAGGAG","GTGGGAGGATTTCTTGATCCCAGGGGTTCAAGACCAACCTGGGCAACATAGTGAGACCCTGTGTATACTGAACAAAAACAATTTTTCAGGCATGGTGGCACACACCTGTAGTCCGAGCTATTCGAGAAGCTGAGATGGGAGGATCCCTTGAGCCCGGGAG"
"GL873521","25955927","25956105","chr3","43378154","43378339","50","17422227","AAAAAATAGAAAAATTAGCCATGTGCAGTGGCATGTGCCTATAGTTCCACCACTGTAGGGGCTGAGGTAGGAGGATCCCTTAAGACCAGGACTTTGAGATTGCTGTGAGTTATGACATCACTGCTGTCTGGTTGGGTGACAAAGGGAGACTTTGCCTCAAAAAAGGGAAGAAAGAAAAA","AAAAATACAAAAATTAGCCGGGCATGTTGGCATGTGCCTGTGGTCCCAGCTACTCCAGAGGCTGAGGTGGGAGGATCACTGGAGCCCGGGAAGTTGAGGCTGCAGTGAGCTGTGATCACACCACTGCACTCCAGCCTGGGTGACAGAGTGAGACCCTGTCTCAAAAAAAAAAAAAAAAAAAAAAAA"
"GL873521","26298260","26298339","chr4","95794331","95794409","18","69496071","GGCTGGGTGCATCAGCTTATGCCTGTAATCCCAGTACTTTAGGAGGTTGAGGTAAGAGGATCACTTAAGAACAGGAATCC","GGCTAGGTGCAGTGGCTTACACCTGTAATCCCAGCACTTTGGGAGGCCGAGGCAGGAGGATCACTTGAGCCCAGGAGTT"
"GL873521","26307582","26307851","chr5","152032216","152032514","85","125724634","GCTGGGCATAGTGGCTCACACCTACACTCTTAGAGGCCAGGGCAGATGAATTATTTGAGCTTGGGAGACCAGACTGAGCATGAGTGAGATCCTGTTCCTACTAAAAATAGAAAAATTAATTGGGTGTTGTGCCTGTAGTCCCAGCTACTTGGAAGGCTGAGGCAAGAGGATCACTTGAGCCCAAAAGACTGAAGTTCTAATGCCAAACATGCTACTCAGAGGGACAGAATGAGACTCTGTCTCAAAAATAAATAAATAAATAAATAAATA","GGCTGGGCACAGTGACTCACACCTATAATCCCAGCACTTTGTGAGGCTGAGGCAGGCAGATTATTTGAGCCCCTGAGGTCAAGACCATCCTGGGCAACATGGCAAAACCTCATCTCTACAAAAAATACAAAAATTAGTTGGGTGTGGTGGCATACGCCTATAGTCCCAGCTCCTCAGGAGGCTGAGGTAGGAGGATGGTTTGAGCCCAGGAGATGGAGGTTGATCATGCCACTGCTCTCCAGACTGGGCAACAGAATGAGACTCTGTCTCACAAAAAATGAAACAGAATAAAATAAAAA"
"GL873521","26951040","26951317","chr17","16672309","16672598","75","10278731","TGGCTTACACCTGTAATCCTAGCACTCTGAGAGGAGTGAGGCAGATTGCTTGAGCTTAGGAGTTTAAGACCAGCCTGAGCAAGAAAGATCCCATTTTTACTAAAATAGAAAACTAGCCAGGGGTGGTGGCCTATGTCTGTAGTCCCAGCTACTCGGTAGGCTAAGGCAAGAGGATTGCTCAAACCCAAGAGTTTGAGATTGCTGTGAGTTCTGGTGCCATGACACTCTATCCAGGGTAACAGAGTGAGACTTTGTCTAAAAAAGAAATAAAATAGGTG","GTGGCTCACACCTGTAATCTCAGCACTTTGGGAGGCTGAGGCGGGAGGATCACTTGAGCCCAGGAGTTTGAGACCAGCCTGAGCAACATAGTAGGCTCCTGTCTCTACAAAAAAATACAAAAATTAGCTGGTACTGGTGGCATGTGCCTGTAGTCCCAGCTACTCAGGAGGCTAAGGCAGGAGAATCGCTTGAGCCCAGGAGGTTGAGGCTGCTATGAGCTGTGATGGCACCACTGCACTCCAGCCTGGGTGACAGAGTGAGACCTGGTCTCAAAAAGAAAAAAAAAAAA"
"GL873521","26951542","26951557","chr3","53948633","53948648","1","26997091","AAAAGAAAGAAAGAAA","GAAAGAAAGAAAGAAA"
"GL873521","27061553","27061681","chr3","122788793","122788920","26","95727240","GGCCACGCACAGTGGCTCATGCCTTTAATCCTAGCTTTCTGTGGAGGCCAAAGCAAATGGATCACTTGAACTCAGGAGTTCAAGACCAGCCTGAGCAAGAGCAAGACCCCATCTCTACTAAAAATAGAA","GGCCAGGCACTGTGGCTCATGCCTGCAATCCCAGCACTTTGGGAGGCCAAGGCAAGAGGATTGTTTGAGCCCAGGAATTCAAGACCAGCCTGGGCAACTCAGGAAGACCCCATCTCTACAAAAAACAA"
"GL873521","27061706","27061860","chr8","96136998","96137163","44","69075292","TAGCTTGGCATTGTGGTAGGCACTGGCAGTCCCAGTTACTTCGGAGGCTAAAACAAGAAGGATTGCTTGAATCCAGTGAGGTTGCTGTGAGCTATAATGTCATGGCACTTCTCCCCAGGGCAACAGAATGAGACTATCTCAAAAAAACAAATAAA","TTTAGCTGGGAAGGTTGGCACGCACCTGCAGTCCCAGCTACTTGGGAGGCTGAGACTGGAGGATTGCTTGAGCCCGAGAGGTCGAGGTGGCAGTGAGCCATAATCACACCACTGTACTCCAGCCTGGGTAACAGAATGAGACTCTGTCTCAAAACAAACAAACAAA"
"GL873521","27073730","27073910","chr1","68095575","68095737","50","41021845","GAGCAGCCTGAGCAGCTAGGGTACTGCTCCCTGCCTCTAGTCCCAGCTACTTGAGGGGCTAAGGCAGGAGGATTGTTTGAGCCCAGGAGCCCAGGAGTTTGAGATTGATGTGAACTAGGCTGATGCCATGGCACTCTAAACTGGGCAACAGAGTAAGACTCTATCTTAAAAAAACAAAAAA","TTAGCCCTGCATGGTGGCACATGCCTGTAGTCCCAGCTATTTGGGAGGCTAAGGCAGGGGGATGGTTGGAGCCCAGGAGGCAGAGGTTGCAGTAAGCTGAGACTGAGCCATTGCACTGCAGCCTGGGTGACAGAGTGAGACTCTGTCTCAAAAAAAAAAAAAA"
"GL873521","27074182","27074275","chr19","50666183","50666279","26","23592001","GCTGGGTACTGTGGCTCAAGCATGTAATCATAGCACTCTTGAGGCCAAAGTTTGGAGGATCCCTGAAGCTCCAGAGTTTAAATGCAGCTTGAGT","GGCTGGGCTCTGTGGCTCATGCCTGTAATCCCAGCACTTTGGGAGGCCGAAGTGGGAGGATCACTTGAGTCCAGCAGTTTGAGAGCAGCCTGGGCAA"
"GL873521","27115551","27115853","chrX","48006439","48006741","74","20890888","GGCCAGGTGTGGTGGCTCCTGTAATCCTATCACTATGGGAGGCCAAGGTGGGTGGATTGCTTGAGCTCAGGAGTTGGAGACTAGCCTAGGCAAGAGTGAGATCCCGTATCTACTAAATAGAAAAACTAACCAGGTTCCAGGTGCCTGTAGTCCCAGATTCTTGGGAGGCTGAGGCAAGAGGATCACTTAAGGTCAGGAGTTTAAGGTTGCTGTGAGCTATGATGTCATAGCACTCTACCCAGGGTGACAGAGTGAGACTCTATCTCAAACAAACAAACAAACAAAACAAAAACAACAAAAAAA","GGCTGGGCTCAGTGGCTCACGCCTGTAATTCCAGCACTTTGGGAGGCCAAGGTGGGCGGACTGCTTGAGCTCAGGAGTTCGAGACCAGCCTGGGAAACATGGCGAAACCCCATCTCTTAAAAAAAAAAAATTATCTGGGTGGCAGGAGCCTGTAGTCCCAGCTACTTGGGAGGCTGAGGTAGGAGGATCACCTGAGCCCGGGAGGTCAAGGCTGCAGTGAGCCATGATCGTGCCACTGCACTCCATCCTGGGTGACAGAGTGAGACCCTGTCTAAAAAAAAAAAGAAAAAAGAAAAAAAGAAA"
"GL873521","3621655","3621735","chr19","38588582","38588671","29","34966927","AAACCCCCCAGAAAATTAGCTGTAGTCCAGCTACTTGGGAGGGTGAGGCAGGATTGCTTGAACTCAGGAGGCTGAGGTTGC","TTAGCCAGGTGTGGTTGTGCACGCCAGTAGTCCTAGCTACTCAGGAGGCTGAGGCAGGAGGATTGCTTGAGCCCAGGAGTTTGAGGCTGC"
"GL873521","3642385","3642519","chr4","190118736","190118870","25","186476351","GGCTGGGTGAGGTGGCTCACACCTGTAATCCCAGCACTCTGGGAGGCCAACAGGGATGGAGCACCTGAGCTCAGGAGCTTGTGCCCAGCTTGAGCAAGAGTGAGACCTCATCTCTGTTAAAAACAGAAAAAAAAA","GGCTGGGTGCAGTGGCTCACACCTGTAATCCCAGCACTTTGGGAGGCCAAGGTGGGAGGATCACTTGAGCTCAGGAATTCGAGACCAGCCTGGGCAACATAATGAGACTGCATCTCTGTAAAAAAAAAAAAAAAA"
"GL873521","3642815","3642983","chr6","117522072","117522244","43","113879257","AAAAAAACTAGCCAGGCATTGTGGCGAGTGCCTGTAGTCCCAGCTACTCGGGAGGCGGAGGCAAGAGGAGTGCTTAATCCCAAGAGTTTGAGGTTGCTGTAAGCTATGACACTCATTCTACTCAGGGTAACAAAGTGAGACTCTGTCTCAAAAGGAAAAAAGAAAGAGA","TAAAAAAATTAGCCAGATGTGGTGGCATGTGCCTGTAGTTCCAGCTACTCGGGAGGCTGAGGCAGGAGGATTGCTTGAGCTCAGGAGTTCGAGGCTGCAGTGAGCTATAATTGTGCCACTGCACTCTAGCCTGGGTGACACAGTGAGACCTTGTCTTTAAAAAAAAAAAAAAA"
"GL873521","3668981","3669096","chr1","92774326","92774442","25","89105345","GGCTAGGCTCAGTGGCTCATGCCTATAATCCTAGCACTCTGGGAGGCTGAGACAGGTGGAGTGCCTACGTTCAGAAGTTTGAGACCAACCTGGGGAAGAGTGAGACCCTTGTCTCT","GGCCAGGCGCAGTGGCTCACACCTGTAATTCTAGCACTCTGGGAGGCAGAGGCAGGCAGACTGCTTGAGCTCAGGAGTTCGAGACTACCCTGGGCCACACAGTGAGACTTTGTCTCT"
"GL873521","3669118","3669287","chr19","44556029","44556196","40","40886911","GCCTAGCCATGCATTATGGTGGGCACCTGTAATCCCAGCTACTTGAGTGGCTGAGACAGGAGGATTGCTTGGGCCCAGGTGTTTGAAATTGTCGTGAGCTATGACAACACTATAGCACTCAACCCAGGGCACAGAGTGAGACCCTGTCTCAAAAAAAATAATAAATAAAA","TTAGCTGGGCACGGTGGTGTGCACCTATACTCCCAGCTACTCTGGAGGCTGAGACAGGAGGATTGCTTGAGCCCAGGAGTTCAAGACTGCAGTGAGCTAGGATCGCACCATTGCACTCCAGCCTGGGCAACAGAGTGAGGCCCTGTCTCTAATAATAGTAAAAAAAAA"
"GL873521","3669631","3669737","chrX","25092369","25092466","29","21422738","GGTTAGGCATGGTGGCTTACACATGTAATCCCAGCACTTTCAGAGGCTGAAGTAGGAGGATCTCTCAAGAGACCATCAGAGGGAGACCCTGTCCTTATAAATAATTA","GGGTGTGGCGGCTCAAACCTGTAATCCCAGCACTCTGTGAGGCTGAGGCAGGAGGATCGCCTGGGCAATATAGTGAAACCCTGTCTGTATTAATAATA"
"GL873521","3670024","3670183","chr1","26355033","26355200","40","22685009","TTGGTTGGGTGTGGTAGCACTTGCCAATAGTCTTAGCTACTTGGGAGGCTGAGGCAGGAGGATCCCTTGAGCCCAGGAGTTCAAAGTTGTAGTGAGCTGTAGTAGGGCCACTATAGGGTAAAAGAGTAAAATCCTGTCTCAAAAAAAAAAAAAAAAAAAA","AACTAGCTGGGTGTGGCGGCGTGTGCCTGTAGTCCCAGCTACTTGGGAGGCTGAGGCAGGAGGATCACTTGAGCCCAGGAGTTCAAGGCTGCAGTGAGCTAAGATCATACCACTGCACTCCAGCCTGGGTAATAGAGTGAGATCCTGTCTCAAAAAAAAAAAAAAAAA"
"GL873521","3713060","3713213","chr16","52591348","52591478","53","48878288","ACTAAAATTGTAAAGCCTAAGCTGGGTGTCATGGTGCACACCTGGAGATCCAGCTCCTCGGAGGCAGAGACAGGAGGATCTCTTGAACCCCAAAATTTGAACACAGTGCGACAACATAATGAGACCCACCTCTTACAAAAAATTACAAAGACTA","GCTGAGTGTGGTGGTGTGTGCCTATAATTCCAGCTACTCAGGAGGCTGAGGCAGGAGGATCACTTGAGCCCAGGAGTTTGAGACCAGCCTGGGCAACACAGTGAGACCCCATCTCAAAAAATTAAACATTA"
"GL873521","3858021","3858181","chr15","40727742","40727900","45","36869721","GGAAAAATTAGCTCAGCATTGTGGTGGGTGCCAATAGTCCTAGTTACTGGGGGGGTGGAGGGTTGAGGCAGGAGCTTGAGCTCAGGAGTTTGAGGTTGCTGCGAGCAAGGCTCATGCCATGGCACACTAGCCTGGACAACAGAGTGAGAGTCTGTCTCAAA","TTTAAAAATTAGCCAGGCATGGTGGTGACCACCTGTAGTCCTAGCTATTCAGGAGGCTGAGGCAGAAAGATTGCCTGAGCTCAGGAGTTTGAGGTTACAGAGAACTCTGATCATGCCACTGCACTGCAGCCTGGGCAACAGAGTGAGACTCTGTCTCAA"
"GL873521","3858456","3858567","chr17","26390105","26390216","27","22531649","GGTTGGATGCAGTGACTCACGTTTATAATCCTAGCACTCTGGGGAGCAGAGGCAGGAGGATCCCTTGAGCTTAGGAGCAAGACCCCATCTCTACTAAAAAATGGAAAAATTA","GGCCGGATGCAGTGGCTCACGCCTGTAATCCCAGCACTTTGGGAGATGGAGGTGGGAGGATCGCTTGAGGCTAGGGGTTCGAGACCACATCTTTACAAAAAATTTAAAATTA"
"GL873521","3958462","3958555","chr3","156881552","156881648","15","152923090","GGCCAAGTGTGGTGGCTCACGCCTGTAATCCCAGCACTCTGGGAGGCTGAGGCAGAGAATCACTGGAGCGCAAGAGTTTGAGACTAGCTTGAGC","GGCCAGTTGTGGTGGCTCACACCTGTAATCCTAGCACTCTGGGAGGCTGAGGCTGGAGGATCACTTGAGCTCAGGAGTTTGAGACCAGCCTGGGCAA"
"GL873521","4004289","4004415","chr2A","53135817","53135938","36","49131528","GCCGGGCGCGGTGGCTGACACCTGTAACCGAGCACTTTGGGAGGCATCTGTAGGAGGATCGCTTGAGGCCAGGGATTGGAGACCTCCCGCCCTACAAATGATTTTAAAATAAACTGCTTATGCTGGG","GCCAGGTACAGTGGCTGACATCTGTAATCCCAGCACTTTGGGAGGCTGAAGTGGGAGGATCACTTGAGGCCTGGAGCTTGAGACCAGCCTTGTCAACATAGTGAGATTAAAAAATTAGCTGG"
"GL873521","4004664","4004811","chr5","141173286","141173416","45","137168622","CTGCTTATGCTGGAGGACCCTCACCCCACCCCACCCCCACACACACCTTGTGCTCCTGACTTGGAGACTGCAGTGAACTATGATCAGGCCGCTGCCCTCCAGCGTGAGCGACAGAGCATGACCCTGTCAAAAAAAAAAAAAAAAAAAA","CTACTTGGGAGGCTGACCCACGAGAATCACTTGAACCTGGGAGGTAGGCTGCAGTGAGCTAAGATCACACCACTGCACTCCAGCCTGGGCAACAGAGCAAGACTCTGTCTCAAAAAAAAAAAAAAAAAAAA"
"GL873521","4367979","4368038","chr4","148843957","148844014","16","144475978","GGGCCCGGATAATGGCTCTAATCCCAGCTACTTGGGAGGCTGGGGCAGAAGGATCGCTTG","GCAATGGTACATGCCTATAATCCCAGCCCTTTGGGAGGCTGAGGCAGGAGGATCACTT"
"GL873521","4416492","4416644","chr15","38442496","38442652","39","34026004","GACAAAAATTAGATGGGCGTGGGGCTGTAGTTCCAACTACTCTGGAGGCTGAGGCAGGAGGGTTGCTTCAGCCCAGGAGTTTGCGGTTGTAGTGAGCTATAATGATTCCACTGCACTATAGCATGGTGACAGAGTAAGACTGTATCTCAAAAA","TTAGCCAGATATGGTGGTGCATGCCTGTAGTCCCAGTTACTTGGGAGGCTGAGGCGGGAGGATTGCTTGAGCCCAGGAGTTTGAGGCTGTGGTGAGCTATGATTGTGCCACTGCACTCCAGCATGGGTAACAGAGCAAGACCCTATCTCTTTAAAAA"
"GL873521","4416915","4417046","chr12","122239412","122239544","30","117822497","GCCTGGTACAGTGGCTCACAGCTGTAATTCTACCACTCTGGCAGACTGAGGCAGGAGTATAGCTTGAGGTCAGGAGTTAGAGAGCAGCCTGAGCAAAAGTGAGACCCTCTATTAAAAATAGAAGAATTAGGG","GGCTGAGCACGGTGGCTCATACCTGTAATCCTAGCACTTTGGGAGGCTGAGGCGGGAGGATTGCTTGAGGCCAGGAGTTTGAGACCAGCCTGGGCAACATAGTGAGACCCCATCTCTAAAAAAAAAAAAATTA"
"GL873521","4508052","4508216","chr1","180937305","180937458","45","176429253","CGCCAAAATAGCCACGTATGGTTGTGTGCACCTATAGTCCCAGCTATTTCAGAGGCGGAGACCATAAGACCACTTGCACCCAGGAATTTGAGGATACAGCAAGCTGTGATCATGCCACTGCACTCCACTCCAAGCCACAGACTGAGGCCTTGTCTCTTAAAAAAA","GCAAGCCAGGTGTGGTGGCATTTGCCTATAGTCCCAGCTATGTCAAAGGCTGAGACAAAAGTATCACTTGAACCCAAGAGTTAGAGGTTACAGTGAGCTATGATCGCACCACTGCACTCCAGCCTAGGCAACAGAATGAGACCCTGTCTCTAAA"
"GL873521","4508241","4508340","chr4","142826785","142826889","25","138318544","CCAGGTGCCATGGCTTATGCCTGTAATCCCAGGGCTCAGCTTGAGGCAGATGATCACTTGAAGCCAGGAGTTCGAGACCAGCCTGGGTAACACAGTGAGA","GGCCAGGTGTGGTGGCTCATGCCTTTAATACCAGGGCTTTGGGAGGCTGAGGCAGGACGATCACTTGAGGCCAGGTGTTTAAGACCAGCCTGGGCAACATAGGGA"
"GL873521","4585645","4585775","chr1","22024766","22024901","32","17439121","GCTGGGCAAGGTGGCTCACGCCTGTAATCCGAGCACTCGGGGAGTCCAATAGGGGTGGATTGCCTGAGCTCAAGTTCAAGACCAACCCAAGCAAGAGTAAGACCCCATCTCTACTAAAAATAGAAAAAACA","GCCAGGTGAGGTAGCTCACGCCTGTAATCCCAGCACTTTGGGAGGCCAAGGTGGGTGGATCAACTGAGGTCAGGAGTTCAAGACCAGCCTGGCCAATATGGTAAAACCCCATCTCTACAAAAAATACAAAAATTAT"
"GL873521","4586039","4586216","chr5","162553581","162553768","45","157967542","TAATAGAAAAACTAGCCACTGGTAGGCACCCATAGTCCCAGCTACTTGGGAGACTTAGGCAAGAGAATCACTTAGCCCAAGAGTTTGAGGTTGCTGTGAGCTATGATGCCATAGCACTCTACCCACAGTGCCAGAGTGAGATTCTGTCTCAAAACAAAAAAAGAAAGAAAGAAAGAAA","AATTTAAAAATAGCCAAGTATAGTGGCATGCCTCTGTATTCCTAGCTACTTAGGAGACTGAGGCAGGAGGATCACTTGAGCCCAAGTGTGTGAGGCTGCAGTGAGCCATGATCCAGCCACTGCACTCGAGCCTGGAAGACAGAGTGAGATACTGTCTCAAAAAAAAGAAAGAAACGAAAAGAAAGAAA"
"GL873521","4615177","4615298","chr12","11845861","11845982","46","7230684","AAATATAATGAGTAGCTGGGTGTGGAGGCACGTACTTCTACACCCAGCTACATAGAAACTGTGTAGCAGGCAGGAAGATAGTTTAATTAATATAGTGAGAACCCCATTTCAAAAAGAAAGAA","AATACAAGGAAGCCAGGTGTGGTGGCATGCACCTACAGCCCGAGCTACTCGGGAAGCTTTGAACTGGAGACAAGCCTGGGCAACATAGTGAAACCCCATCTCCCTCTAAAAACAAGGAAAGA"
"GL873521","4639212","4639298","chr17","29760224","29760310","16","25121012","GGCCTGGCACAGTGGCTCATACCTATAATCCTAGCACTCTGGGAGGTGAGGTGGGGAGGATCCTTTGAGCTTAAGAGTTTGAGATCA","GGCCATGGGCAGTTGCTCACACCTATAATCCCAGCACTTTGGGAGACTGAGGTGGGAGGATCGCTTGAGCACAGGAGTTTGAGACCA"
"GL873521","4757227","4757326","chr1","32811419","32811520","26","28054192","TAAAATAAATAAATCAGCTGGCAGTGTGGTAGGCAACTGTAGCCCCAGCTACCCAGGGCTGTGGCAGGAAGGTGACTTGAGCCCAGTAGTTTGAGGTTGC","ATTAAATTAAATGGAGCCGGGCGTGGTGGTATGCACCTGTTGTCCCAGCTACTCAGGAGGCCAAGGCAGGAGGATCACTTGAGCCCAGGAGTTTGAGGATGC"
"GL873521","4757600","4757715","chrX","124471265","124471386","33","119713665","GGCTGAGCAGTGTGGCTCACGCCTGTAATCCTAGTGCTTTGGGAGGCTGAGGTGGAGTGAATTCCAGACCTGCCTGAACAAGAGAGTTTTTGTCTCTACTAAAAATATAAAAATCA","GGCTGGACACCGTGACTCACGCCTGTAATCCCAGCACTTTAGGAGGCTGAGGCAGGAGGATTGCTCAAGACTAGCCTGGCCAACATGGTGAAACCCCGTCTCCACTAAAAATACAAAAATTA"
"GL873521","4833908","4834183","chr20","5619662","5619943","68","785754","GGCCAGTGCAGTGGCTCATGCTGTAATCCCAGCCCTCTGGGAGGCTGAGGCAGGCGGATCCCCTGAGCTCAGTGGTTGGAGACCAGCCTGAGCAAAAGTGCAACCCCGGCTCTACTAAAAATAGAAAAAACATTAGCTGGGCTGGGTGGCAGCTGCCTATAGTTACAGCTAATAGGAAGGCTGAGACAGGAGGATGGTTTGAGCTCAGGAGGTTGGGGTTAAGATATGGTGACACCACTGCATGCTACCTGGGGCACAGAGCAAGACTCTTGTCTC","GGCCAGGTGCAGGGGCTGACACCTGTAGTCCCAGCACTTTGGGAGGCTGAGGCAGGAAGATCACTTAAGCCCAGGAGTTCGAGACCAGCCTGCGCAACATGGTGAAAACCCGACTCTACAAAAAATACAAAAACTAGCCAGGCATGGTGGTGCCTGCCTGTAGTCCTAGCTACTCAGAAGGCTGAGATGGGAGGATTGCTTGAGCCCAGGAGGTTGAGGTTGCAGTGAGCTGAGATGACACCGCTGCATTCCAGCTTGGGTGCCAGAGCAAGACCCTCTCTC"
"GL873521","4857882","4858053","chr13","48157593","48157767","59","43299711","GACCAACCAGAGTAAGAATAAGACCCCTGTCTCTACAAAAAAATGCCAAAATTAGCCAGGCATAGTGGCATGCACCTATAGTCCCAGCTACTATAGTTTTGAGGTTGCTGTGAGCTATGACGATGACATTGCACTCTACCCCAGGCAACACAGCAAGGCTCTGTCTCCAAAA","CCAGCCTGGACAACATAGGGAGACCCTGTCTCTACAAAAAAATTTTCAGAAAATTAGCTGGGCACCATGGCGCATTCCTATAGTCCCAGCTACTCAGGAGGCTGCAGTGAGCCATGATTGTGCCACTGTGCTCCAGCACGGGTGACAGAGCAAGACCCTGTCTCTTAAAAAAAAA"
"GL873521","4858329","4858418","chr2B","246546136","246546224","17","241687807","CAGGAGCAGGGGCTCACACCTATAATCCTAGCACTCTAGAAGGCCAAGGCTGGAGGATTACTTGAGGCCAGAAGTTCATGACCAGCCAGT","CCAGGTGCTGTGGCTCATGCCTGTAATCCCAGCACTTTGAGAGGCCTAGGCAGGAGGATTACTTGAGGCCAGAAGCTCAAGACCAGCCT"
"GL873521","4904065","4904344","chr20","3250028","3250308","77","1654037","GGCCAGGCATGGCGGCTCAGCCTATAATCTGGGAGGCCAAGGCTCAAGGAGTTTGAGACCTGCCTGAGCAAGAGCAAGACCCTGTCTCTACTAAAAATAGAAAAAACAGCCAGGTGTTGTGGCAGGCACCTGTAGGCCCAGCTACTTGAGAAACTGAGGCAGGAGGACTGCATGAGCTCAGGAGTTTGAAGTTGCTGTGAGCTAAGAAGCCACAGCATTCTAGTCTGTAGCAACAGAGTGAAACTGTCTCAAAAACAGAACAAAACAAAACAAAACAAAA","GGCCAGGTGCAGTGGCTCACACCTATAATCCTAGCACTTCAAGGCCAAGTTCGAGACCAGCCTGGGCAACATGGCAAAACCCTGTCTCTACAAAAAAAAAATAAAAATTAGCCAGGCATGGTGGCGCTCACCTGTAGCCCCAGCTTCTTGTGGGGCTGAGGCAGGAGGATTGTTTGAGCCTGGGAGACAGAGGTTGCAGTGAACCTATATCATGCCACTGCACTCCAGCCTGGGTGACAGAGTGAAACCCTGTCAAAAAAAAAAAAAAAAAAGAAAGAAAA"
"GL873521","5548943","5549231","chr4","172002891","172003185","72","166453948","GACTGGGCACAATGGCTCACGCCTATAATCCTAGCACTCTGGAAGGCCAAGGTGGGTGGATTACTTGAGCTCACAGGTTTGGGACCATCCTGAGCAAGAGTAAAACCTCATCTCTAAAAATAGCCCGGCATTGTGGTGGGTACCTTGTAGTCCCAGCTAGTTGGGAGGCTGAGGCAAGAGAATCTCTTGAGCCTAAGACTTTGAGGTTGCTGTAAGCTGTGATGCCATGGTACTCTACCGAGGGTGACATAGTAAGACTCTATCTCCAAAAAAAAGAAAGGAAAAAGAA","GGCCAGGCACAGTGGCTCATGCCTATAATCCCAGCAATTTGGGAGGCCAAGGTGGGAGGATCACTTGAGCCCAGGAGTTGGAGACCAGCCTGGGCAACATGGCAAAACTCCATCTCTACAAAAAATAGAAGCCAGGTGTGGTGGTGTGCATCTGTAGTCCCAGCTACTTGGGAGGCTGAGGTGGGAGAATCGCCTGAGCCTGGGAGGTGGAGGTTGCAGTGAGCCAAGATCATGCCACTGCACTCTAGCCTGGGTGTCAGAGTGACAACTTGTCTCAAAAAAAAAAAAAAAAGAA"
"GL873521","5616768","5616899","chr1","134480867","134480991","29","128864099","GTGGCTCTCTCCTGTAATCCCAGCACTTTGGGAGGCCAGGGGAGAGGATTGCTTAAGGCCAGGTATTTGAAACCAGCCTGGGCAACACAGAGAGATATGCCCATCTCTACCAAAAGAAAAAAATTGCTAGGA","GTGGCTCATGCCTGTAATCCCAGCACTTTGGGAGGCCAAGGAGTGAGGATTGCTTAAGTCCAGGAGTTCAAGAACAGCCTGGGAAACATAGTAAGATCCTGTCTCTACAAAAAATAAAAAATTGT"
"GL873521","5617203","5617331","chr3","201848039","201848154","42","196230836","TTAAAAGTTTGCTGGGCTTGCTGAAGTGTGCCTGTAGTCCCAGCTACTCAAGAGACTAAAGTGGGGGGGATCAACAGAGCCCAAGAGTTTTAGCCTGTTCTGAATCACTGGACCACTGCATTCCTGTCT","ATTAGCTGGGCGTGGTGGCGGCTGCCTGTAGTCCCAGCTACTCAGGAGGCTGAGGTGGGAGGATCACCTGAGCCCGGGAGGTCGAGGCTGCAGTGAGCAGTGATGACGGCACTGCA"
"GL873521","5813449","5813645","chr8","55925895","55926096","51","50112446","TCTATAAATATATAGAAATTGCCAGGCACTGTGGCTAATGCCTGTCATCCGAGCACTTTGGGAGGCTGAGGCAGGAGGATCATTTGAGCCCAGAAGTTGGAGGCTTCTATGACTGGGGTGCTGCACTACAGTGGAGGCTGGGTGAAAGAGCAAGATTCTGTCTCTAAAAAACATACAAAACAAACAAACAAACAAAA","TCTCTACAAAAAAATAAAAAACTAGCCGGGCATGGTGGCACATGCCTGTAGTCCCAGCTACTTGGGAGGCTGAGGCAAGAGGATCACTTTACCCCAGGAGGTCGGGGCTGCAGTGAGCTGTGTTCATACCACTGCACTACAGCCTGGGTGACAGAGCAAGACTCTGTCTCAACAAAACAAAACAAAACAAAACAAAACAAAA"
"GL873521","5816723","5816839","chr7","150519989","150520108","29","144703266","GGCTTACACCTGTAATCCTAGCACTTTGGGAGAGTGGGAGTATGGCTCGAACCCAAGAGTTGGGAGACCAGCATGGGAAAGAATGAGACCCTGTCTCTACAAAAATAGAAAAATTAG","TGGCTCACATCTGTAATCCCAGCACTTTGGGAGGCCAAGGTGGGAGGATTGCTTGATCCCAGGAGTTGGAGACCAGCCTGGGCAACATAGTGAGACCCTGTCTCAACAAAAATTTATTTT"
"GL873521","6392280","6392393","chr13","98865790","98865887","34","92473510","GGCATGGTGATACATGCCAGCGACTTAGGAGGAGGACCCCTTGAGCAAGTGAGCAGTGATTGTGCCACTGCACCTCCAGCCTGAGCAACAAAGTGAGACTCTGACTCTTAAAAA","CAGGGGGACCACCTGAGCCTGGGAGGTTGCAGCTGCAGAGCCGTGATTGTGCCACTGCATTCCAGCCTGGGCAACAGAGTGAGCTCCTGTCTCAAAAA"
"GL873521","6821886","6822161","chr13","35542940","35543211","71","28721054","GGCCTGGTGCAGTAGCTCAGAGCTGTAAGCCTAGCACTCTGGGAGGCAGAGGTAGGTAGATCACTTGAGACCAGGAGTTCAAGAAGACCAGACTAAGTAAGAGTGAGACCCTCACCTATGCTAAAAATAGAAAATATTAGCTGGGCATACAGTGTATGTCTGTAGTCCAGGCTACTTAGGAAGCTGAGGTAGGAGGATCACTTAAGCCCAGGAGTTTGAGGTTGCTGTGAGCTAGGCTGAGGCCATGGTACTTCAGCCTCGGCAACAGAGTGAGAC","GGCCAGATGTGGTGGCTCACACCTGTAATCCTAACACTTTGGGAGACCGAGGTGGGTGGATCACTTGAGGTCAGGAGTTCAAGACCAGCCTGGCCAACATGGTGAAACCCCATCTCTACTAAAAATACAAAAATTTGCTGGGCATGATGGTGGGCGCCAGTAGTTCCAGCTACTCAGGAGGCTGAGGCAGGAGAATCGCTTGAACCCAGGAATCAGAGGTTGCAGTGAGCCAAGATCACGCCATTGCACTGAAGCCTGGGCGACAAGAGCAA"
"GL873521","6822427","6822459","chr1","26448863","26448892","8","19626436","TCAGAGTGAGACTTTATCTCAAAGAAAAAAAAA","TGAGTAAGACCCTGTTTCAAAGAAAAAAAA"
"GL873521","6828199","6828251","chr12","8954703","8954756","17","2126504","GGGAGAGGTAGCTCAGGCCTGTAATTCTAACACTCTGGGAGGGAGGATCCCTT","GGTCAGGTATGGTGGCTCATGCCTGTAATTCTAGTACTTTGGGAGGCTGAGGTC"
"GL873521","6828640","6828791","chr2A","70191250","70191406","45","63362610","CCTTGAGCTCACAAGTTTGAGACCAGCCTGAGCAAGAGCGTGACTATCTCTACTAAAAATAGAAAACTCTGCTAGGTGTTGTGGCAGGTGCCTATAGTTCCAGCTACCTAGGAGGCTGAGGCAAGAGGATCACTTAAGCCCAGCAGTTTGAG","TCACTTGAGCCCAGGAGTTCGAGACCAGCCTGGGCAACATAGTGAGACTCAGTCACTACAAAAATAAACTTGCTGGGTGTGGTGGTGTGCACCTGTAGTTCTAGCTACTCAGGAGGCTGAGGTGGGAGGATCCCTTGAGCCTCGGAGGTGGAGGTTG"
"GL873521","6837142","6837367","chr12","104694083","104694305","59","97856941","GACTGGGTGCTATAGCTCACACCTGTAACCCTAGCACTCTCAGAGGCCAAGGTGGGTGGATTCGCTGAGCTCAGGAGTTCAAGACCAGCCTGAGCAAAATAAGACCCCATCTCTACTAAAAATAGAAAAAGAAAAACCAGCCAGGTGTGGTGCCAGGAGCCTGTAGTTCCAGCTACTCAGAGGCTAAAGTAAGAGGATTATTTGAGCAGTAAGAGTTTGTGGTTTC","GACTGAGTACGGTGGCTCACACCTGTAATCCTAGCATTTTGGGAGGTCAAAGTGGGAGGATGACTTGAGCCCAGGGGTTCAAGACCAGCCTGGGCAACAAAGTGAGACCCTGTCTCCATAAAAATTACAAAAATTAACCAGGCATGGTAGCATGTGCCTGTAGTCCCAGCTACTCGGGAAGCTGAGGCCAGAGGATTGCTTGAGCTTAAGAGGTTGAGGCTGC"
"GL873521","6837616","6837695","chr14","61332116","61332199","24","54494500","GTTTGTGGTTGCTGTGAGCTATGACATCACAGCACTCAACCCCAGGGTGACTACATACAACTCTGTCTCAGAAAAAAAAA","GGTTGAGGCTGCAGTGAGCTGTAATTGTACCACTGCACTCCAACCCAGGTGACACAGTAAGACCCTATCTCAAACAAAACAAAA"
"GL873521","7000001","7000131","chr1","35753661","35753787","41","28753660","ACAGTAATACATACTTGTAGTTCCAGCTTCTAGGCTGAGGCCAGAAGATGGCTTGAGCCCAGGACTTTGAGGTTGCAGTGAGAGATGATGATACCTCTGTACTCTAGCCCAGGTAACAGAGACTCTGTTTC","TTAGCCAGGCATACTAGCTCATGCCTGGAGGCTGAAGCAAGAGGACAGCTTGAGCCCAGGAGTTTGAGGCTGCAGGCAGCTATGATCGCACCATCGCACTCCAGCCTGGGTGACAAGACCCCATCTC"
"GL873521","7000386","7000547","chr6","44662547","44662705","42","37662161","GGGTGTGGTGGCTCTTACCTGTAATCCTAGCACTTTGGGAGGCTGGGGCAGGCAGGAAGATTGTTTGAGGCCAGGAGTTCCAGACCAGGCTTGTCAATATAGTGAGACCCCGTCCCTATAAAAAATAGAAAAATTATCTGGGCCTGGTAATGCATACTTTGG","GGCACAGTGGCTCATGCCTATAATCTCAGCACTTTGGGAGGCCAAGGTGAGAGGATCACTTGAGCCCAGGAGCTACAGACCAGCCTGGGCAACATAGAGAAAACCCATCTCTACAAAAAATACAAAAATTATCTGGGCGTGGTGATGCATGCCTGTTGT"
"GL873521","7034228","7034543","chr6","83628974","83629284","80","76594746","GGCCAGATGCAGTGGCTGACACCTGCAATTCTATAACTTTAGGAAGGTGAGAGAATTGCTTGAGGCCAGGAGTTCCAGACCAGCCTGAACAATATAGTGAGACCCCATTGCTACAAAAATTAGAAAAATTCACTGGGTGTAATGGCCAATGCCTGTATTCCCAGATAATCCAGAGGCTGATGCTGGAAGATTACTTGAGCCCAAGAATTTGAGGTGACAGTGAGCTATGATGACACCAATGCACTCTAGCTTGGGCAATAGAGTGTGACCCTATTTCCAAAAAAAGAAAGAAAGAAAGAAAGAAAAGAAAAGAAAA","GGCAGGGCATGGTGGCTCATACCTGTAATCCCAGCACTTTGGGAGTCCAAAGTGGGTGGATCGCTTGAGTCCAGGAGTTCAAGACCAGCATGGGCAATATGGTGAAACCCTATCTCTACAAAAAAATACAAAAATTAGCTGGGCATGGTGGCATGCACTTGTATCCCAGCTACTCCAGAGGCTGAGGTGGGAGGATTGCTTGAGCCCAGGAGGTTGAGGCTGCAGTGAGCCATGATCACACCACTGCACTGTAGCCTGGGCAGTAGAGCGAGACACTGTCTAAAAAAAAAAAAAAAGAAAAGAAAAGAAAA"
"GL873521","7070010","7070206","chr5","79804250","79804453","53","72734240","GGCCAGGCAAGATGGCTCATGCCTGTAATCCTAGCATTCTGGGTGGCTGAGACAGGCATATTCCCTGAACTCATGAGTTGGAGACAAGTCTGAGCCAGAGTTAGACCTCATCTCTAAAAATAGCCTGGCATTGTGGCATACACCTGTAGTCTCAGCTACTTGGGAGGCTGAGGTGAAAGAATTGCTTAAGCCCAAGA","CAGGCACTGTGGATCACACCTGTAATCCCAGCACTTTTGGAGGCTGAGGCGGGCAGATTGCTTGAGCTCAGGAGTTTGAGACCATCTTGGGCAACCTGGTAGAACCACATCTCTACAAAAAATTAGCCGGGCATCGTGGCACACGCCTGTAGTCGCAGCTATTTGGGGGGCCTCCTGAGGTGAGAGGATTGCTTGAGTCCAGGA"
"GL873521","7070300","7070404","chr10","27497894","27497990","34","20427594","GTAAGCCCAAGATTTTGAGGTTGCTGTGAGCTATAATGCCATAGCACGCTAACTGAAGCAAAGTAACTATGACAAAGTAAGACTCGGTCTCAAGAAAGAGAAAAA","CACTTGAGCCCAGGAGGTTGAGGCTGCAGTGAGCTATCATGCCACCACACTCCAGCCTGAATTACATGGCAAGACCCTGTCTCAAGAAAAAAAAAAA"
"GL873521","7099137","7099314","chr16","419989","420167","56","6679148","GGCTGGGTGCCGCGGCTCACACCTATAATCCTAGCACTCTGAGAGGCCAAGGCAGGTGGATTGCTTGAGCTCAGGCACTTGAGGCCCTCAAATAGAAAAACTAGCCCAGCCTTGTGGTGGGCCCCTGTAGTCCAGCTACTTAGGAGGCTGAGGCATGAGGATCGATTGAGCCCAAGTA","CTGGGCACCGTGGGTCATGCCTGTAATCCCAGCACTTTGGGAGGCTGAGGCAGGAGGATCACTTAAGCCCAGGTGTTCAAAAAACAAACAAAAAAACATTAGCCAGGTGTGGTGGTGCACACCTGTAGTCCCGGCTACTCAGGAGACTGAGGTGGGAGGAGCTCTTAAGACCGAGAGGT"
"GL873521","7099591","7099694","chr5","181790038","181790151","31","174690447","TGAGGCCAAGTATTTGAAGTTGCTGTGAGCTATGATGTGGCGCTCTACCAAGGTTGATAAAGTGAGACTCTGTCTCAAAAACAAACAAACAAACAAAAAAGCAA","TTGCTTGAGCCCAGGAGGTGGAGGTTTCAGTGAGCCAAGATCGTGCCACTGCACTCCAGCCTGGGTGACAAAGTGAGACCCTGTCTCAAAAACAAACTAACAAACAAAAAACAA"
"GL873521","7182117","7182284","chr17","14741482","14741644","46","7559365","AATTAGCCAGGCATCATAGCACATGCCTATAGTCCCAACTATTCAGGAGCCTCAGGGCCAGGAGGATCCCTTGAATATAGGAGTTTGGGGTTACTGTGAGCTATAATGATACCACCCACTGCACTTTAGTCTGGGTGACAGTGAGACCCCGGCTCAGGGGGAAAAAAA","AATTAGCCAGGCATGGTGGCACATGCCTATAGTTCCAGCACTTTGGGAGGCTAAGGCAGGAGGATTGCTTGAGCCCAGGAGTTTGAAGTTACAGTAAGCTATGATCATGCCATTGCACTCTAGCCTGGGCAACAGAGTGAGACCTTGTCTCTAAAAAAAAAAA"
"GL873521","7182549","7182656","chr11","75656969","75657073","28","68474420","AACCCCAGCACTTTGGGAGGCCAAAGCAGGAGGATCATTTGAGGCCTAGGAGTTGGAAAGCAGGCAGAACAAGAGTGAGACTATCTTCATAAAAATACAGAAAAATTA","CCAGCACTTTGGGAGGCCAAGGCAAAAGGATCACTTGAGCCCAGGAGTTTGAACCAACCTAAGCAACAGAGTGAGACCCTGTGTCTACAAAATATTAAAAAATTA"
"GL873521","7224398","7224414","chr1","153358526","153358539","3","146134128","AAAAAAGAAAGTAAAAA","AAAAAAAAAAAAAA"
"GL873521","7224442","7224704","chr16","23925003","23925279","73","16700561","GTGTGATGGCTCATGCCCATAATCCTAGTACTTTGGGAAGCTTAGGCAGGAAGATTGCTGGAGGTCAGGAGTTCAAGACCCACCTGAGCAAGAATGAGACCCCCGTATCTACAAAAAATAGAAACATTAGCTGGGTGTGTTGGTGTATGTCTGCAGTACCAACTACTAGAGAGTTTGAGGCAGGAGGATCGTGTAAGCCCAGGAATTTGAGGTTGCAGTGAGCCACCACTGCACTCTACCCTGGGAGGCAGATCAAGACTGTG","GGCTGAGCGCGGTAGCTCATGCCTATAATCCCAGCACTTTGGGAGGCTGAGGCAGGTGGATTACTTGAGCTCAGGAGTTCGAGACCAACCTGGGCAACACGGTGAAACCCCTTCTCTACAAAAAACACAAGAATTAGCAGGGCATGGTGGTGTGCACCCGAAGTCCCAGCTACTCAAGAGGCTGAGGTGGGAGGATGGCATAAGCCCAGGAAGTGGAGGTTGCAGTGAGCCAAGATCATGCCACTGCACTCCAGCCTGGGTGACAGCAAGACTGTCT"
"GL873521","7244822","7245115","chr16","74165797","74166100","72","66920975","GGCCGGGCTCAGTGGCTCTATAATCCTGGCACTCTGGGAGGTCAAGGTGGGTGGATTGCTTGAGCGCAGGAGTTTGAGACCAGCCTGAGCAAGAGTGAAACCCCGTCTCTAAAAATAGCCAGGTGCTGTGGTGAGCCCCTATAGTCCCAGCTACTCAGGAGGCTGAGGCCAGAGAATCGCTTAAGCCCAGAAGTTGGAGGTTGCTGTGAGCCGTGATACCATAATTCTTTAACAAGGGTGACAGAGTGAGACTCTGTCTCAAAAAAACAAACATACAAACAAAAAAAAAAAAAA","GGCTGGGCACAGTGGCTCATGCTTATAATTCCAGCACTTTGGGAGGCCAAGGTGGGTGGATCACTTGAGCCCAGGAGTTCGAGACCAGCCTGGGCAACATGGTGAAACTCTGTCTCTACAAAAAATTAGCTGGGTGTGGTGGCTCGTGCCTGCAGTCCCAGCTACTCAGGAGGCTGAGGTGAGAGGATCAATGGAGCCCAGGAGGTGGAAGTTGCAGTGAGCCAGATCACACCACTGTACTCTCCAGCCTGGGTGACAGAGCAAGACCCTGTCTCAAAAACAAACAAACAAACAAACAAACAAA"
"GL873521","7391188","7391475","chr8","106723939","106724236","70","99332751","GGCATGGTGGCTCACACCTATAATCCTAGCACTCTGGGAGGACAAGGTGGGAGGATCCCTTGCACTCAGAAGTTCAAGACCAGCCTGAGAGAGAATAGGACCCCATCTCTACTAAAAATAGAAAAATTACCTGGGCATTGTGGTTGGTGCCTGTAGTCCCAGCTTCTTGGGAGGGTGAGGCAGGGGCATCACGTGAGCCCAGGAATTTGAGGTTACAGTTAGCTGTTTTGTCACAGCCATCTACCCAGGGCAACAGAGTGAGACTCTATCTCAAAAAGAAAAAAAGAG","GGTGCTGTGGCTCAAGCCTATAGTCCCAGCACTTTGGGAGGACAAGGTGGGAGGATCACTTGAGCCCAGCAGTTCAAGACCAGCCTGAGCAACATGATAAGACCCCATCTCTACAAAAAATTAGAAAAATTAGCCAGGCATGGTGATGTATGCCTGTGGTCCTAGCTACTTGGGAGGCTGAGGCAGGAGGATCCCTTGAGCCCAGGAGGTCAAGGTTGCAGTGAGCCATGGTTGTACCACTGTACCCCAGCCTGGGTTACACAGTGAGATCCTATCTCAAAAAAAAAAAAAAAAAAAA"
"GL873521","7391570","7391585","chr17","38661961","38661976","2","31270391","GAAAAAAAAAAGAGAA","GAAAAGAAAAAAGAAA"
"GL873521","7411261","7411442","chr4","57296207","57296386","41","49884946","AGAAAGAAAGAAAAAAAATTAGTCAAGAATGGTGGCATGCACCTATATTCCCAGCTACTCAAGAGACTGAAGCAGGAGGATTACTTGAGCTCAGGAGTTGGGGGCTGCAGTAAGCTTTGACTATACTAATGCACTCCAGCCTGGGTGACAGAGCGAGACCCTGTTTCAAAAAAGAAAAAAAA","AAAAAAGAAAAATTAGCCAGGCATGGTGGCATGTGCCTGCAGTCCCAGCTACTCAGGAGACTGAGGTGGGAGGATTGCTTGAGCCAGGGAGATTGGGGCTGCAGTGAGCTGTGATATCATGCCACTGTACTCCAGCCTAGGCCGCAGAGTGAGACCCTGTCTCAAAACAAAAACAAAAAA"
"GL873521","7411723","7411845","chr16","11721596","11721721","28","4309873","GGCTGGGTGCAGTGATCCTAGCCTTTTGGGAGGCTGAGGCAGGAGGACTGATTGAGGCCATGAATTTGAGACCAGCCTGAGCAAGAGTGAGACCTTGTCTCTGCAAAAAATAGGAAAATTAGT","GGCTGGATGCGGTGGCTCATGCCTTTTGGGGAGGCTAAGGCAGGAGGATTGCTGGAGCCCAGGAATTAAAGACCAGCCTGGGCAACATAGTGAGACCTCGTCTCTACAAAATTAAAAATTAAGTTT"
"GL873521","7473204","7473396","chrX","14950093","14950281","51","7476889","CAAAAAAAAAACCTTAGCCAGGTATGGCAGCACAGATTTGTCATCCCAACTACTCAAGAAGCTAAGGTGAGAAGATCACCTGAGCACAGGAGTCTGAGGTTATAGTGAGCTGTGACTGGGCCATTCACTACATTCCAGCCTATGCTATAGAGTAAGACCCTGTCAAAAGAAAAAAAAAGAGAGAGAGAGAAAA","TCAATAAATAAAAATTAGCCAGGCATGGTAGCACATGCCTGTCGTCCCAGTTACTCAGGAGGCTGAGGTGGGAGGCTCACCTGAGCCCAGGCATTGAAGGCTGCAGTGAGCTATGATCACAACACTGCATTCCAGCCTGGGTGACAGAGCAAGACCCTGCCTCAAAATAAAATAAAGAAAGAAAGAAAA"
"GL873521","7473423","7473542","chr14","57739259","57739375","24","50265836","CTGGGCACAGTGTTCATGCCTGTAATTTGAGCACTTTGGGAGGCCAAGGCTAGAGGATCACTTGAGGCCAGGAGTTTGAAACCAGCCTCAGTAACACAGAGAACCCTCATCTCTATTTAA","CTGGGTACATTGGCTCAAGCCAGTAATCCCAGCACTTTGGGAGGCCAAAGCAGGAGGATCACTTGAGGCCAGGAGTTTGAGACCAGCCTGGGTAACATGAGACCCTGTTTCTACAAA"
"GL873521","7573100","7573248","chr5","35112160","35112317","42","27539060","AGCCAGATGTGGTCTATAGTCCACAGCTACTTAGAGGCTGAGGCAAAGGGATCACTTGAGCCCGAGAGTTCAGGGCTGTGGTGCACAATGATCATGTCTGTGAATAGCCACTGCACTTCAGCCTAGGCAACATAGCAAGACCCTATCTC","AGCCTGGTGTAGTGGCACATGCCTATAGTGTCAGCTACTGGAGAGGTTGAGGCAGCAGGATTGCTTGAGTCCAGCAGTTCAAGGCTGTAGTGCACGATGATGGTGCCTGTGAATAGATACTGTGCTTTAGCATGGGCAACACAGCAAGACTCTGTCTG"
"GL873521","7601934","7602029","chr5","155700261","155700353","20","148098327","GGCTGAGCCCAGAGGCTCATGCCTGTAATTCTAGCACTCTGGGAGGCTGAGGCAGGTGGAGTGCTTGAGCTCAGGAGTTAAAAAAATCCAGTTTGA","GGCCGGGCACAGTGGCTCATGCCTATAATCCCAGCACTTTGGGAAGCTGAGGCAGGAGGATTGCTTAAGCCCAGGAGTTCAAGACCAGTCTTG"
"GL873521","7602314","7602531","chr2A","29137649","29137868","57","21535335","GACCAGTGTGAGCAAGGGCAAGACTCTGTCTCTACTAAAAATAGAGAAACTAGCTGAGCATTGTGGTGGGTGCCTAAAGTCTCAGCTGCTCAGGAGGATAAGGCAGGAAGATCTCCTGAGCCCAGGAGTTTGAGGTTGATGTGAGCTATGATGATATCGCATTCTAACCAGGTAACAGAGTGAGGCTTTGTCTCAAAAAAAAAAAAAAAAAAGAAAAA","CAGCCTGGTCAACATAGGGAAACTCTGTCTCTACAAAAAGTTAAAAAATTAGCTGAGCATGGTGGCACATGCCTGTAGTCTCAGCTACTCAGGAGGCTGAGGCAGGAGGGTCACTTGAGCCTGGGAGGCTGAGGCTGCAGTGAGCTGTGATCATGCTATTGCACTCCAGCCTGGGAGACAGAGTGAGATCCTGTCTCCAAAAATAAAAAATAAAAATAAA"
"GL873521","7608283","7608358","chr9","32411376","32411450","22","24803093","AGGCTGAGGAGGAAAGATTACTTGAGCCCCAAAATCTAGCCTTGGTGACATAGTGAAACTCTGTCTAAAAAAAATA","AGGTGGGAAGAGTACTTGAGGCCAGGAATTCAAATCTAGCCTGGGCAACATAGTGAAACCCTGCCTTAAAAAAAA"
"GL873521","7633232","7633420","chr7","4237351","4237553","52","3395881","GTGGTGGCTCATGCCTGTAATCGTAACACTCTGGGAGGCTGAGGTGGGTAGATTGCTTCAGCTTAGGAGTTCGGGACCAACCAAAGCAAGAATGAGACCCCCTCTCTACTAAAAACAGAAAGACTAGCCAGGCATTGTAGCAGGTCCTGTAGTCGCTACTCAGGAGGCTGAAGCAGGAGGATCACTTAA","GGTCAGGCATGGTGGCTCATGCCTGTAATCCCAGCACTTTGGGAGGCCGAGGTGGGCAGATTGCTTGAACTCAGGAGTTGAAGACTAGCCTGGGCAACACGGCAAAACCCCATCTCTACTAAAACTACAAAAACTAACTGGGCATGGTGGCACGCGCCTGTAGTCCCAGCTACTGGGGAGGCTGAGGTAGGAGGATCACTTGA"
"GL873521","7636438","7636492","chr5","38545852","38545906","11","30909414","ATTCAAGCCTGGGTGACAGAGTGAGACACTATCTAAGAACAATAAATAAATAAAA","ATTCCAGCCTGAGTGACAGAGTGAAACCCTGTCTCAAAACAAAAACAAAAACAAA"
"GL873521","7696982","7697091","chr9","129918441","129918551","24","122221459","TAATCCTAGCACTCTGGGAGGCCAAGGTAAGTGGATTGCTTGAGCTCAGGAGTTCAAGAGCAGCCTGAGCAAGAACAAGACCCCAACTCTATTAAAAATAGAAAAAAGCA","TAATTCCAGCACTTTGGGAGACTGAGGCAGGAGGATTGCTTGAGCTCAGGAGTTCGAGACCAGCCTGGGCAACATATTGAGTCCTCATCTCTATTAAAAATTAAAAAAATA"
"GL873521","7697336","7697489","chr7","132712253","132712405","44","125014917","GTAGAAAAAAGGCCAGCTGGGCATAGTGGTACATGCTTGTAGTCCCAGCTACTTGGAGACTAAGGTAAGAGGACTGCTTAAGTCCAAGAGCTTAAGGTTGCTGTGAGCTATGACACCACAGGGTGATAAGAGTGAGACTGTCTCCAAAAAAAAA","GAATTAAATAAAAATTAGCAGGGCATGGTGGCATGTGCCTGTAGTGCCAGCTACTTGGGAGGCTGACGCCAGAGGATTACTTGAGCCCAGGAGTTGGAGGTTACAGTGATCATGCCACTGCATGACAGAGTGAGACCCTGTCTCAAAAAAAAA"
"GL873521","7750582","7750651","chr7","149337669","149337736","11","141587087","GCTGGGTAAGAGTGGCTCATACCTATAATCCCAGCACTTTTGGGAGGCTGAAACAGGAGGATCACTTGAG","GCTGGGCACAGTGGCTCACACCTGTAATCCCAGCACTTTGGGATGCTGAGGCAGGAGGATCATTGGAG"
"GL873521","7784733","7784858","chr3","160952502","160952627","25","153167769","GGCCGGGCATTGATGGCTTCTACCTGTAATCCCAGCACTTTTGGAGGCTGAGGTGGGAGGTTTCATTGAGATCAGGAGTTTGAGACCAACTTGGGCAACAGTGAGACCCTGCCTTAAAAAAAAAAA","GGCCAGGCATGGTGGCTCACACCTGTAATCCCAGCACTTTGGGAAGCTAAGGTGGGAGGATCGCTTGAGCACAGAAATTTGAGACCAGCTTGGGCAACATAGAGATCCTGTCTCTATTAAAAAAAA"
"GL873521","7784884","7785052","chr16","1604263","1604439","38","6180621","AATTAGGCAGGCATGGTGGCACTTGTCCCAGCTACTTGGAAGGCTGAAGGAGGAGGATCACTTGAGCCCAGGAGTTAGAGGTTGCTGTGAGCTTTGATGCCACTGTACTCTAACCTGGGCAACAGAGTGAGATGTGCCTCAAAAACAAACAAACAAACAAAACCAAAAA","AATTAGCCAGGCATGGTGATTGGCACCTGTGGTCCCAGCTACTTGGGAGGCTGAGGCAGGAGGATGAATTGACCCCAGGAGTTTGAGGCTGCAGTGAGCTATGATGGCACCACTGCACTCTAGCCTGGGCGACAGGATGAGATCTGTAAAAAAATAAATAAAAATGAAAATAAAAAA"
"GL873521","7870707","7870997","chrX","70230306","70230599","61","62359599","GCTGGGCACAGCAGCTCACACCTGAAATCCCAGTACCCTGGAAGGGTGAGGATGGAGGATCACTTGTGGTCAGGAGTTCAAAAACAGCCTAAGCAAGAGTGAATCGCCATCTCTATTAAAAATAGAGAAATTAGCCAGGTGTGGTGGCATTTGCCTGTAGTCCCAGCCACTTGGGAGGCTGAGGCAGGAGGATCATTAGAACCCAGAAGGTGGAGGTTGCAATGAGCAGTAATGACACCACTGCACTCCAGCCTGGGTGACAGAGCAAGTCTCTGTTTCAAAAAAAAAAAA","GGCCAGGTACAGTGGCTCACACCTGTAATCCCAGCACACTGGGAGGCAGAGGCGGGCAGATCATTTGAGCTCAGGAGTTCAAGAGCAGCCTGGGCAACATGGTGAAATCCCATCTCTACAAAAAATAGAAAAATTAGCCGAGTGTGGTGGCACTCCTCTGTAGTCCCAGCTACTTGGAAGACTGAGATGGGAGGATCATTTGAGCCCAGGAGGCGGAGGTTGCAGTGAGCTGAGATTGCACCACTGCCCTCCAGCCTGGGCAACAGAGCAGGACCCTATCTCAAAAAAAAAAAA"
"GL873521","8041789","8041920","chr12","80555695","80555826","29","72513906","GTGGTGGCTCATGCGGATTATCCCAGTACTTTGGGGAGGTTGAGGCAGGAGGATTGCTTGAGCCCAGGAATTTGAGACCAGCCTGAGCAACATAGTAAGACTCTATACAAAAAAATAGAAAAATTAGCCTGG","GTGGCTCATGCCTGTAATCCCAACACTTTGGGAGGCTGAAGCAGAAGGATTGCTTGAACCAGGAGTTTGAGACCAGCCTGGGCAACATAGTGAGACTATCTCCACAAAAATAAATAAAAAATTAGCTGGGCA"
"GL873521","8042182","8042375","chr4","7236991","7237179","49","805191","GGTAAAAAAGAAAAAGAAAAATTAGCCAGGAGCACTAGCTTACGGCTTGTAGTCCTAGCTACTCAGGAGGCTGAGGTAGGGGAATTGCTGGAGTCCAGGAGTTTGAAGCCACAGAGAGCAAAGACCACACCACTGTACTCCAGCCTAGGCAATAGAACAAGACCCTGTCTCTGAAAAAAATAAATAAAAATAAA","TAAAAAAAATACTTAAAATTAGCCAGGCGTGGTGGCACACACCTGTGGCCCCAGCTACTCAGGAGGCTGTTGTAGGAGGATCCCTTGAATCCAGGAGGTCAAGGCTGCAGTAAGCCAAGATCACGCCACTGCATTCCAGCCTAGGCAACAGAGCAAGATCCTGTCTCTTAAAAAAAAAAAAAAAAAGAA"
"GL873521","8067082","8067383","chr20","31024244","31024552","81","22957162","GGCCAGGTGTAGAGGCTCACACTTATAAGCCCAGCACCCTGAGAGGCCGAAGTGGGTGAACTGCTTGAGCTCAGGAGTTCAAGAGTAGCCTGAGCAATAGTGAGAGCCGATTTCTACTAAAAACAGAAAACCTAGCCAGGCACTGTGGTGGCGTCTATAGTCCCAGGTACTCGGGAGGCTGAGGCAGGAGGATTGCTCAATCCTAAACTTTGAGGTTGCTGTGGGCAATAATGCCATATCTCTACCCAGGGGAAAAGAATGAGACTCTGTCTAAATAAATAAATAAATAAAATAAAAACAAA","GGCCAGGCACAGTGGCTCACACCTGTAATCCCAGCACTTTGGGAGGCCGAGGTGGTGGACTGCTTGAGCTCAGGAGTTCAAGACCAGTCTGGGCAACATGGCAAAACCTTGTCCCTACAAATAATACAAAAATTAGCCAGGTGCGGTGGCATGTGCCTGTAGTCCCAGCCACTTGGGAGGCTGAAGTGGGAGGATTGCTTGATCCTGGGAGGTAGAGGCTGCAGTGAGCCATAATTGTGCCACTGCACTCCAGCCTGGGCAACAGAGTGAGACCCTATCTCAAAAATAAATAAATAAATATAAAGAAAA"
"GL873521","8204885","8205108","chr10","14099107","14099324","63","5894222","CGAATTCGAAACCAGCCTGAATAAGAGTGAGATCCGTCTCTAATGAAAAGAGAAAAACTAGCAGGTTTTGTGGTGGGTGCCTTTAGTCTCAAGCTACTTGGGAGCCTGAGGCAGGAGGATCACTTAAGCCCAGGAGTTTGAGGTTGCTGTGAGCTATGATAACATTAGGGCATTCTAGCCTGGGAAACCGAGTGAGACTCTGTCTTAGAGAAATAAAAAATAAA","AGACCAGCCTGGGCAACATGACAAGATCCCGTCTCTACAAAAAATACAAAAATTAGCAGCGTGTGGTGGGGTGTGCCTGTAGTCCCAGTTACTTAGGAGGCTGAGGCAGGAAGATCACTTGAGCCCAGGACGGGGAGGTTACAGTGAGCCGTGATCACACCACCACACTCCAGCCTGGGTGACAGAGTGAAACTCTGTCTCTATAACAAACAAACAAA"
"GL873521","8205374","8205463","chr18","31130683","31130770","22","22925309","GCCGGACATGGTGGCTCATGTCCCTCCTGTAACCCTAGCACTCTGGGAGGCTTTGGCCTAAGGATTTGAGCTCAAGAGTTTAAGACCAGG","GGCCAGGCATGGTGGCTCACACCTGTAATCCTAGCACTTTGGGAGGCTAAGACCAGAGGATAATTAAGCTCAGGAGTTCAAGACCAGC"
"GL873521","8530940","8531225","chr4","131255414","131255698","71","122724474","GTCAGGTGTGATGGCTCGTCCTGTAATCCCAACACTCTGGGAGGCTGAGGCTGGTGGTTTGCTTGAGCTCAGGAGTTCTGAGACCATCCTGAGGTAAGAGTGAGACCCCATCTCTACTAAAATTAGAAAAAAAATTACCCAGGTGTAGCGGTGATGCCTGTAGTCCTAGCTACTTGGGAGGCTGAGGCAAGAGGATTGCTCAAGCCTGAGAATTTGAGGTTGCTGTGAGCTATGACTCCATCGCACTCAACCCCAGGGTGACTGAGTGTGATTGTCTGAAAAAGAA","GGCAGGACACGGTGGCTCACACCTGTAATCCCAACACTTTGGGAGGCTGAGGCAGGTGGATCACTTGAGCTCAGGAGTTGAGACCAGCCTGGGCAACATGGTGAAACCCCATCTCTACTAAAAATACAAAAATTAGCCAGGCATGGTTGTGGATGTCTGTGGTCCCAACTACTTGGGGGGCTGAGGCAGCAGGATTGCTTAAGCCTGGTAATTTGAGGCTGCAGTGAGCCATGTTCTTGCCAGTGCTCCAGCCTGGGTGACAAAGCAAGACCCTGTCTCAAAAAA"
"GL873521","9138426","9138710","chr17","16672309","16672598","64","7533883","GGTGGCTCATGTCTGTAATCCGAGCACTCTGGGAGGCTAAAGTGGAAGGATCACTTGAGCTCAGGAGTTTGAGACTAGCCTGAGCAAAAGTGAGAACAATGTCTCTATTAAAAATAGAAAATTAGCCAGGTGTTATGATAGGTGCCTGTAGTCCCAGCTATTCAGGAAGGCCAGGAAGGAGGATCCCTTGAGCTGGGGAGTTTGAGGTTGCTGTGAGCTGTGATGACACCATGGCACTCTACCCATGATGACAGAGTAAGACTGTCTCTAAAGGGAGAAAAAAAA","GTGGCTCACACCTGTAATCTCAGCACTTTGGGAGGCTGAGGCGGGAGGATCACTTGAGCCCAGGAGTTTGAGACCAGCCTGAGCAACATAGTAGGCTCCTGTCTCTACAAAAAAATACAAAAATTAGCTGGTACTGGTGGCATGTGCCTGTAGTCCCAGCTACTCAGGAGGCTAAGGCAGGAGAATCGCTTGAGCCCAGGAGGTTGAGGCTGCTATGAGCTGTGATGGCACCACTGCACTCCAGCCTGGGTGACAGAGTGAGACCTGGTCTCAAAAAGAAAAAAAAAAAA"
"GL873521","9337001","9337128","chr7","153795408","153795531","29","144458407","CTGGGCTCAGTGGCTCATGCTTGCAAGCCCAGCACTCTGGGAGGCCAAGGCAGGTGGATTGCTCGAGTTCAGGAATTTCAGACCAGTCTAAGAAAGAGTGAGAGCCCATCTGTACTAAAAATAGAAAC","CTGGGCACAGTGGCTCACGCCTGTAATCCTAGCACTTTGGGAGTCCAAGGCAGGAGGATGCTTGAGTCCAGGAGTTCAAGACCAGCCTGAGCAATATAGTGAGACCCCCATCTCTACAAAAAAA"
"GL873521","9337149","9337320","chrX","5183862","5184037","43","4153287","TAAAATACTAGCTGGGCATTGCGATGGGTGCCTGTAATTCCAGCTACTCAGGAGGCTGAAGCAAAAGGATCACTTGGGCCCAAGAGTTTGCGGTTGCTGTGAGCTGTGATTACACCACAGCACTCTCCCCAGGCAGAGAGAGACTCTGTCTTTAAAAACAAACAAACAAAAA","ATAAAAATATTAGCTGGGCATGCTGGTACATGCCTGTAGTCCCAGCTACTCAGGAGGCTGAGGCCTGAGGATCACTTGAGCCCAGGAGTTCCAGGTTGCAGTGAGCCGTGATTGCACCATTGCACTCCAGCCTGGGCCACAGGGCTAGACCCTGCTCAAAAGAAAACAAAAAAGAA"
"GL873521","9671716","9671832","chr6","38551166","38551279","31","28879450","GGCTAGGCAGGGAGGCTCAAAACTAAAATTTTAGCACTCTGAGAGCCCAAGGTGGGAGAATTGCTTGACCTCGGGTGTTTGAGACCAGTCTGAGCAAGAGTAACATCACATCTCTAC","GGCTAGGCGTAGGGGCTCAAACCTGTAATTCCAGCACTTTGGGAGGTCAAGGTGGGAGGATTACCTGAGGCCAGGAGTTTGAGACCAGCCTGAGCAACAGTGAGACTTTGTCTC"
"GL873521","9671895","9672063","chrX","24568892","24569057","39","14896997","TAATTAGCCAGGCATAGAGGTGGTATACACCTGTAGTCCCAGCTACTCTGGAGGCTAAGTCAGAAGGACTGGTTGAACCCAGGAGTCTGAGGTTGCTGTGACTAGGCTGATGCCACAGAACTCTAGCCTGATCAACAGAGTGAGACTCTGCCTCAAAATAAAAAAGGAA","AAATTAGCTAGGCATGGTGGCATGCAACTATAGTCCCAACTACTCAGGAGGCTGAGGCCGGAGGATGGTTTGAGCCCAGGAGGTGGAGGTTGCAGTGAGCCAAGATCACACCACTGCACTCCAGCCTGGGCAACAGAGTGAGACCCTGTCTCAAAAAAAAAAAAAA"
"GL873521","9699009","9699116","chr16","57943722","57943822","32","48244713","TCTGAGACACTCGGGAGGCTGAGCCTAGGAGTTTGAGGTGACAGTAAGCTAAGTTGATGTCACTGCATTCCATCCTAGGCAACAAAGCAAGATCTTATCTCTAAAAGA","GGAGGATTGCATGAGCCCAGGAGGTTGAGGCTGCAGTGAGCCAAGATCGTGCCACTGCACGTCAGCCTGGGCAACAAAGCAAGACTCTATCTCAAAAAAAA"
"GL873521","9699330","9699522","chr6","3030697","3030873","65","6668633","GGCTGCATGTGGTGGCTCGTGACTGTAATTTCACCACTTCAAAAGGCTGAGGCAGAGGAGTCACCTGGGGCCCAGAAAGTCACCCTTAAAGTCCAGCCTGAGTAACACAGTGAGACCCAAGATCCCAACTCCACAAAAGAAAAAAGAAGGGAAAGGAAAGAAAAGAAGAGTGGTGTGTGGTGACCTCCTAGAC","GGCCAGGCATGGTGGCTCTCCCCTGTAATCCCAGCACTTTGGGAGGCCAAGGCAGAAGGATCGCTTGAGCCCAGGAGTTTTAAGACCAGCCTGAGCAACACAGAGAGACCAGATCCCACTTCCACAAAAAAAAAAAAAAAATATTTGCCAGGCGTGATGGTGCATGCCTGTAGTCCC"
"GL873521","9879625","9879892","chr2A","20521665","20521953","79","10642040","GGGTGGGCACTGTGGCTCAGGCCTCCTAGCACTCTGGGAGGCCGAGCTGGGTGGATGACTTGAGCTCATGAGTTTGAGACCAGACTGAGCAAGAGCAAGCCCCATTTTTAAAAATAGCCAAGTGTCATGGTGGGCATCTATAGTCCCAGCCAGTTGGCAGGCTGAGGAAGAAGGCTTACTTGAGCTCAAGAGGTAGCTGTGAGCTGTGATGCCATGGCACTCTACCCAGGACAACAAAGTAAGACTGTCTCCAAAAAAAAGAAAAAAA","GGCTGGGCACAGTGGCTCACGCCTGTAATCCCAGCACTGTGGGGAGGTCAAGTTGGGTGGATTGCTTGAGCCCAGGAGTTTGAGACCAGCCTAAGCAATAGGCAAAACCCTGTCTCTACAAAAATCAGCCAGGTATGGTAGTGCGTACCTGTAGTCCCAGCTACTCAGGAGGCTGAGGTGGGAGGATCACTTGAGCCTGGGAGGTGAAGGCTGAAATTAGCCATGATCATGCCACTGCACCCCAAGCCTGGGCAACAGAGCAAGACCTTGTCTCAAAAAAAAAAAAAAA"
"GL873521","10097455","10097754","chr11","114714719","114715027","67","104617264","GGCCTGGGTGTGGTGGCTCACACCTTAATCCTAGCACTCTGGGACGATGAGGCAGGTTTGCTTGACCTCAGGAGTTTGAGAGCAGCCTGAACAAGAGTGAAACTCTGTCTCTACTAAAAACAGAAAAACTAGCCTAGTGTAGTGGTGCACCCCTGTAGTCCCAGCTGCTCAGGAGGCTGAGGCAAGAGGATCACTTGAGCCCAAGAGATTGAGGTTACTGTGAGCTGTGAGGCTGTGTTACTCTACCCAGGGCAAGAGAGTGAAGCCATCTCAAAAAAAAAAAAAAAAAAAAAAAAAAAA","GGCCAGGTGTGGTGGCTCACACCTGTAATCCCAGCACTTTGGGAGGCTGAGACAGGTGGATTGCTTGAGCCTAGGAGTTCGAGACCAGCCTGGCAACATGGCGAAACCTTGTCTCTACAAAAAATACAAAAATTAGCCAAGTGTGGTGGTGCACACCTGTGGTCCAAGCTACTCGAGAGACTGAGGTGGGAGGATTGCTTGAGCCCAGGAGGTTGAGGCTGGGGTGAGTTGAGATCATGCCACTGCATTCCAGCCTGGGCAACAGAGGAAGACCCTGTCTCAAAAAAAAAAAAAAAAAAAAAAAAAAAA"
"GL873521","10225742","10225927","chr15","49930173","49930354","59","39704431","TGGCTTACACCTGTAATCCTAGCACTTTGGGAGGCCACAGCAGATGGCTGCTTGAGCTCAGGAGTTCAAGCCTAGCCTAAGCAAGCCAGAACCATTGCCACTAAAAACAAAAAAAATAGCTGGAGTTGTGGGCACCTGTAGTTAGTTCCAGCTACTTAGGAGGCTGAGGAAAAAGGATGGCTTGAT","GCCTGTAATCCCAGCACTTTGCGAGGCCGAGGCCAGGCAGATCACTTGAGCCCAGCAGTTCAAGACCAGCCTGGGCAACATGGCAAAACTCCTTCTCAACAAAATACATAAAAATTAGCTGGGTGTGGTGGCATGTACTTTCAGTCCCAGCTACTCAGGAGGCTGAAGCAGGAGGATCATTT"
"GL873521","10226192","10226278","chr4","154285033","154285123","27","144058841","GAGGATGGCTTGAGCCCAAGAGTTTGAGGTTGCTATGAACTATGATGTCATGGCACTCTATCCCTGGCCACAGAATCAGACTCTGTC","GGAGGATCACTTGAGCCCAGGTGGTTGAGGCTGCAGTGAGCTGTGTTTATACCACCACACTCCAGCCTGGGCCGCAGAGTGAGACTTTGTC"
"GL873521","10399308","10399475","chr9","96945917","96946089","50","86546609","GGCCAGGTATGGTAGCTCACACCTGTAATCCTTGTACTCTGGGAGGCTTAGGAGCAAAGATCACCTAAGTGTAGGCATCTGAGACCAGTTTGAGCAAGTGAAACCCCATATTTACTAAAATTAGAAAAATTAGCTAAATGTTGTGGCAGGAACCTATCGTCCTAGCTA","GCCGGGTACAGTGGCTCACACCTGTAATCCCAGTACTTTGGAAGGCCAAGGCCAGAGGATTACTTAAGGCCAAGAGTTTGAGACCAGTCTGGGCAACATGGTGAAACCCCATCTGTACAAAAAATACAAAAATTAGCTGGGCATGAGGGCATTTGCCTGTGGTCCTAGCTACT"
"GL873521","10449464","10449583","chrX","134402652","134402771","17","123953188","GGCCAGAGGTGGTAGTTCATGCCTATAATCCCAGCAATTTGGGAGGCTGAGGGGGGAGGATAGCTTGAGGCCAGGAGTTTGACCCCTGCCTAGGCAACATAGTGAGACCCTATCTCTACT","GGCCAGATGTAGTGGCTCATGCCTGTAATCCCAGCACTTTGGGAGGCTGAGGTGGGAGGATCACTTGAGCCCAGGAGTTTGAGACCAGCCTGGGCAACATAGCAAGACCCTGTCTCTACT"
"GL873521","10449618","10449745","chr1","23164480","23164594","46","12714862","CCAACCATAATCGAGCACCTACAGTTCTAGCTACTCCGCAATCTCAGGCAGGGGAAGATTGCTTGAGTCTAGGAGTTCAGGGTAAGCTACTGCCCTTCAGCCTGGGAAACAGAGGAAGACCTTGTCTC","GGCCAGGCACAGTGGTGCCTACCTACAATCCCAGCACTTTGGAAGGCTGAGGCAGGAGGATCGTTTGAGGCCAGGAGTTCAAGATCAGCCTGGGTAACATATCAAGACCTGTCTC"
"GL873521","10796827","10797050","chr7","39187608","39187844","67","28390781","ACTCTGGGAGGCCAAGACAGGTGGATTGCTTAAGCTCAGGAGTTGGAGACCAGCCTAAGCAAGAGTGAGACCTCGTCTCTAAAAATATCTGGGCATTGGTTGGGCACCTGTAGTCCCAGCTACTCAGGAGGCTGAGGCAATAGGATTGCTTGAGCCTAAGGATTCCTGTGAGCTATGATCCCACAGCACTTTACCAAAGGTGACAAAGTGAGACTCTATCTCAA","CACTTTGGGAAGCCAAGGCAGGAGGATTGCTTGAGTGAAGGAGTTCAAGACCAACCTGGGCAAGATTGGGAGAAAAAAATTAAAAATTAGCTGGGCATGGTGGTGCATGCCTGTAGTCTCAGCCACTGGGAAGGCTGAGGCAGGAGGATCGCTTGAGCCTGAGAGATTGAGGCTGCAGTGAGCCTTGATTGTGCCACTGCACTCCAGCTTGGGCAACAGAGTGAGACCCTGTCTCAA"
"GL873521","10797081","10797110","chr4","40399247","40399277","7","29602166","CTGGGTGCAGTGGCTCATAGTTGTAATCCT","GGCTGGGTGCAGTGGCTCACATCTATAATCC"
"GL873521","11204849","11204966","chr7","73480490","73480609","28","62275641","GGCCAGGCATAGTGGCCTCCAAAAATCTTAGGACTTTGGGAGGTAGAGGTAGGAGAACTACTTGAGCCAAGGAATTCAATACTAGCCTGACCACAATAATGAGACCCTACCTCTACCA","GGCCAGGCACAGTGGCTCATGCCTATAATCTCAGTGCTTTGGGAAACTGAGGCAGGAGGATCACTTGAGCCCAGGAGTTCAAGACCAGCCTGGACAGCATAATGAGACTCCACCTCTACA"
"GL873521","11205003","11205140","chrX","7019379","7019524","37","4185624","TAGCCAGGCATGGTGGCACATACCCAAGTCCCAGTTACAGAAGAAGCTGAGGGAAGGGTATCAGGCCCAGAAGTTCAAGGTTGCCATGAGAGATGATCACACCACTGCAGTTCAGCCTGGGCAGCAGAGAGACCCTAT","TAGCCAGGCATGGTGGCACATGCCTGTAGTCCCAGCTACTCAGAAGGCTGAGGTCGGAGGATCTCTTGAGCCCTGGGGTGCAAGGCTGCAGTGAACCATGATCACACCAGTGCACTGCAGCCTGGGCAACACAGCAAAACCCTGTC"
"GL873521","11332611","11332889","chr9","110082691","110082973","78","98750080","GACGGGGAGCCATGGCTTGAGACTGTAATCCTAGTACTCTAGGAGGCCAAGGTGAGTGGATTACTTAAGCTCAGGAGTTAAAGTCCAGGCTGAGCAAGAGTGAGACCCTGTCTCTCCCCCAGATAGGAAAACTAGCCGGACATTGTAGTAGGCACCTGTAGTCCCAGCTTCTGAGGAGGCTGAGGCAAGAGGATTGCCTGAGCCCAACAGTTTGAGGTTGCTGTGAGCTAAAATGCCATGGAACTCTACCCATGGTGATGGAGTAGGATTCTGTCTCAA","GACTGGGCATGGTGGCTCCCAAAGTGTAATCCCAGCACTTTGGGAGGCCAAGGTAGGTGGATTGCTTGAGCCCAGGAGTTTGAGACCAGCCTGGGCAACATGGTAAAACCCTGTCTCTACAAAGAATACAAAAATTAGCTGGGCATGGTTGCATGCACTTGTGGTCCCAGCTACTCAGGAGGCTGAGGTGGGAGGGTCACTTGAGCCCAGGAGATTGAGGCTGCAGTGAGCTGAGATCGTGCCACTGCACTCTAACCTGGGTAATGGAGTGAGACCCTGTCTC"
"GL873521","11332916","11332939","chr22","30701628","30701648","4","19368712","ATAAAACTAAAAAGTAAGAAAAAA","AAAAACTAAAAAGAAAAAGAA"
"GL873521","11407564","11407699","chr17","81073514","81073640","45","69665950","AAAAACTAATGGCTGGGCATAGTATGTGTAGGTAGACTAGGCTACTTAGGAGGTCAAGGCAGAAGAATCACTTGAGCTCATGAATTTGAGGCTAGCATGGGCAATGATACCTCAGGTCTCAATAAAATATAAAAAA","GCCAAGCACAATGGCTCATGCTGGTAATTCTAGTACTTTAGGAGGCCAAGGCAGTAGGATCACTTGAGGCCAGGAGTTTGAGACCAGCGTGGGCCACACAGAGACCCTCCCTGTATAAAAAAAAAAA"
"GL873521","11442747","11442764","chr1","62222108","62222122","3","50779361","CCCATAAAATAAAATAAA","ATAAAATAAAATAAA"
"GL873521","11442802","11443056","chr17","73117863","73118118","82","61675061","GGCTGGGCGTGGTGTTTCATGCATGTAATCCTAATACTTTCAGAGGCTGAGGTGGATGCACTGCCTGAGCTCAGGATTTTAAAGCCAGCCTGAGGAAGAGCAAGACCCCATCTCTAAAAAATAGCTGGGCATTGTGGTGGGTGCTTGTAGTCCCCATTGTGGTGGGTGCTTGTAGGTAGCTCACGAGTTTGAGGATGCTGTGAGCTATGATGCACCACACTTCTTTCTACCCAGGGAGACAAAGCAAGACTCTGT","GGCCGGGCGTGGTGACTCATGCCTGTAATCCCAGCACTTTGGGAGGCCGAGGCGGGTGGATCACCTGAGCTCAGGAGTTCAAGATCACCTTGGGCAATGTAGTGAGACCTCACCTCTACAAAAATGAGCCAGGCATGGTAGTGCATGCTTGTAGTCCTGACTGAGGCAGGAGGATGATGAGCCCAGGAGGCAGAGGCTACAGTGAGCCATGATCGCTCCATCGCACTCTAGCCTGGGTGATGTGACACCCTGTCTC"
"GL873521","11751009","11751243","chr8","26546785","26547018","61","14795776","CAAGACCAGCCTGAGCAAAGCTAAACCCTGTCTCTACTAAAAATAAAAGGATTAGCTAGGTATGGTGGCATATGCCTGTAGTCCCAACTGCTCAGGAGTCTCAGGCAAGAGGATTGCTTGAGCCCATGAGTTAGAGGTTGCTGTGAGCTTTGATGTCATGGCACTCTATCCAGGGCAACTGAGTGAGACTGTCTCAAAATAAATAAATAAATAAATAAGAAAGAAAGAAAGAAAA","CAAAATCAGCCTGGGTCACATGGTAAAACCCCATCTCTACAAAAAATACAAAAATTAGCCAGGTATGGTGGCTTACACCTGTACTTCCCAGCTACTTGGGGGGCTGAGGCGGGAGGATCGCTTGAGCCCAGGAGGTAGAGGTTGCAGTGAGCTGAGATCGCACCACTGCACTCCAGCCTGGGTGACGGAGTGAAACCCTGTCTTAAAAAAAAAAAAAAAAAAAAAAAAAAAGAA"
"GL873521","12019379","12019705","chr16","68023292","68023602","103","56003913","GCTCACACCGATAATCCTAGCTCTGGGAGGCTGAGGGGGCAGGATCTCTTGAGCTCAGGAGTTTGAGACCAGACAGAGCAAGAGTGAGACCTTGTCTGTACTAAAAATTAACCAGGTGTGGTGGAAGGTGCCATCGTCTCAGCTACTCTGGAGGCTGAGGCAGGAGGATCCCTTGAACCCAGGAGGTTGAGGTTGCTGTGAGCCAGGCTAATGCCAAGATCTGGGGCATCAGAGTAAAACTGAGGTTGCTGTGAGCCAGGCTGATTCTAGCCTGGGCAACAGAGTAAGACTCTGTCTCAAAAACAAACAAACAAAAAACAAAAAAAA","CGGTGGCTCACACCTGTAATCCCAGCACTTTGGGAGGCTGAGGTGGGAGGATCACTTGAGCTCAGAAGTTTGAGATCAGCCTGGGCAACATGGCAAAACCTATCTCTAGAAAAAATACAAAAACTAGCCAGAGTGGCACGTGCCTGTTGTCCTAGCTACCCAGGAGGCTGAGGTAGGAGGATCACTTGAACCTGGGGGCAGAGATTGCAGTGAGCCATGATTGTGCCACTGCACTCCAGTCTGGGCAACTCCAGCCTGGGCAACAGAATGAGACTCTGTCTCAAAAATAAAAAAGAAAAGAAAAGGAAAAA"
"GL873521","12059316","12059592","chr5","143468399","143468692","69","131409083","GGCTAGGTGCAGTGGCTCATGCCTGTAATCCCAGCACTCTGGGAGGCTCAGGCAGGTGGATTACTTGAGCTCAGGAGTTGGAGACTAGCCTGAGAAAGAGTGAAACCCATCTCTACTAAAAATAGAAAAACTAACCAGGTGTGTGGTGGTCCCCTATAGTCCCAAATACTGGGGAGACAAGAGAATTGTTTGAGCCCAAGAGACTGAGGTTAGCTGTGATGACTCCATAGCACTCTACCCAAAGTGACAGAGTGAGATTCTGTCTCAAAAAAGGAAA","GGCCAGGCACAGTGGCTCATGCCTGTAATTCTAGCACTTTGGGAGGTCAAGGCAGGCAGATCACTTGAGCTCAGGAGTTCGAGACCGGCCTGGGCAACAGGGTGAAACCCCATCTCTACAAAAAAATACAAAAACTAGCCAGGTGTGGTGAAGTGTGCCTGCAGTCCCAGCTACTCAGGAGGCTGAGGCAGGAGAATTGCTTGAGCCTGGAGGCTGAGGTTGCAGTAAGTCAAGATCATGCCATTGCACTCCAGCCTGGGTGACAGGAGTGAAACCCTGTCTCAAAACAAAGAA"
"GL873521","12087639","12087865","chr4","25649068","25649301","60","13561429","GGCTGGGCTAGGTATACCATGCCTGTAATCCTAGCATCCTTAGAGGCAGAAGCAGGATTCCTTTAGCTCAGGAGATTAAGACCAGCCTGAGCAAGGGTGACACCCCATTTCCATCAAAAATAGAAAAACTAGCTGGGCATAGTGGTGGGCATCTGTAGTCCTAGCTACTCGGGAGGCTGAGGCAAGAGGATCCTTGGAGCCCAGGAGTTTGGGGTTGCTATAAGCCG","GGCCGGGCATGGTAGCTCACGCCTGTAATACCAGCACTTTGGGAGGCTGAGGCGGGCTGATCACTTGAGTCCAGGAGATAGAGACCAGCCTGGGCAACATGGCAAAATCCCATCTCTATAAAAAAAACACAAAAATTAGCTGGGCATGGTGGTGTGCACCTATAGTCCCAGCTACTTGGGAGGCTGAGGCAGGAGAATCTCCTGAGCCCAGGAGGTGGAGGCTGCAGTGAGTCG"
"GL873521","12170072","12170342","chr3","111501569","111501837","73","99331497","GCCAGATGCAGTAGCTTACAGCTATAATCCCAGTACTTTGGAAGGTCAAGGCAAGAGGATTGGTTGAGACCAGGAGTTGAAGACCAGACTGGACAATGTAGTAAAACCCTATCCCTACAAAAAATAGAAAAAATTAGCTGGGTGTCATAGCTCTTGCTTATAGTCCCAGCTACCTGAGAGGCTGAGGGAAGAGGATCACTTGAACCCCTGAGATTGATACCATGGTACTCCACCTTGGGTGACAAAGTGAGACCCTTTCTCAAAAACAAAA","GGCTGGGTGTGATGGCTCACATCTATAATCCCAGCACTTTGGGAGGCCAAGGCAGGTGGACTGTCTGAGACCAGGAGTTTGAGACCAGCCTGGGCAACATGGTGAAACCCTGTCTTGACAAAAAAAATAAAAAATTAGCTGGGAGTGGTGGTGTGCACCTGTAGTCCCAGCTATGCGGGAGGCTGAGATGGGAGGATCGCTTGAGCCCGGCAGGCAGAGGTTCACTCCAGCCTGGGCGACAGAGTGAGACCCTGTCTTAAAAACGAAAA"
"GL873521","12688417","12688615","chr16","83498862","83499063","66","70810445","AAATCAGCCTGAGCAAAAGCAAGATCCAGTCTCTACAAAAAACTAGAAAAATTAGCCAGGCATGGTGATACACTCAGGAGAATGAAACAAGAGGATCACTTGAGCCCCGGGGTTTGATGTTGCACAGTGAGCTATGGCGATGCTGCTGCTCGGATAACAACGCGAGATGAGACCCCGTCTCAAAAACAAACAACAAAAA","ACTAGCCTGGGCAACACAGCAAAACCCCATCGCTACAAAAAATACAAATATTAGCCAGGTGTGATGGTGCATGCCTAGGGAGGCTGAGGTGGGAGGATCACTTGAGTCCAGGGAGGCTGAGGCTGCAGTGAGCTGAGATTATGCCACTGCACTCCAGCCTGAGTGACAGAGTGAGAACCTGTCTCAAGAAAATTAAAAAAAA"
"GL873521","12689719","12689822","chr7","26479088","26479188","21","13789369","GCTGAGTACAGTAGCTCACTTCTTTCATCTCAGCACTATGAGAGGCTGAGTCAGGAGGATCACTTGAGGCCAGGATTTTGAGACAAGCCTGGGGAACATAGTGA","GCTGGGTGCTGTGGCTCACATGTATAATCACAGCACTTTGGGAGGCTGAGGCAGGAGGATCACCTGAGGCCAGGATTTCAAGACCAGCCTGGGCGAAATGG"
"GL873521","12747705","12747831","chrX","118392849","118392966","30","105645144","GCCAAGCATGGTAGCACAAGCTTTGTAGGCCCAATTACTTGGGAGGCTAAGATGGGAGGATCACTTGAGCCCAGGAGTTTGAGGCCAGCCTGAGAAACACTCCAAGACCCTCTTTATTTAAAATATA","GCCAAGCATGGTGGCTCATGCCTGTAATCCCAGTACTTTGGGAGGCTGAGATGGGAGGATAGCTTGAGCCCAGGAGTTTGAGACCAGCCTGGTAACACAGTGAGACCTCATCTCTACA"
"GL873521","12758304","12758462","chr7","65488595","65488751","43","52730291","ACTTAGCTGAATATAGTAGCACAAGCCTGTATTTCCAGCTACTCAGGAGGCTGAGGCAGGAGGATCACTTGGGCTTACAAGTTGGAGGTTGTGGTAAGCTATGATGATGCCACTGCCCTCTGCCCCAGGCAAATGTGATGCCTTGTCTCAACAACAAAA","TTAACTGGGTATAATGACACATGCCTGTAGTCCCAGCTACTAGAAAGGCTGAGGTAGGAGGATTGCTTGAGCCTGAGAGGTTGAGGATGCAGTGAACCATGATCAGGCCACTGCACTCAGCCTAGGCAACACAGTGAGACCCTGTCTCAAGAAAAAA"
"GL873521","12758495","12758600","chr16","15961202","15961315","30","3202707","GTGGCTGGTGCATATAATCCTACCACTTTGGAAGGAGGAGGGAGAATCATTGAAACCAGGAGTTCAAGAACAGCCCAGGCAGGCTATAGTGAAATCTCATCTCTAC","GTGGCTGGGCATGCCTGTAATCCTAGCACTTTGAGAGGCTGCAGCGGAAGGATCGCTTGAGCCCAGGAGTTCAAGAACAGCCTAGGCAACATAGCAAGATCCCTGTCTCTACAA"
"GL873521","12822938","12822952","chr1","210017045","210017059","2","197194107","TAAAACAAAAGAAAA","TAATAAAAAAGAAAA"
"GL873521","12822989","12823283","chr7","75828649","75828941","71","63005660","GGCCAGGCAAGGTGGCTAACTGCTGTAATCTTAGCACTCTAGGAGGCTGAGGCAAGAGAATTCCTTGAGGTCAGGAGTCAGAGACCAGCCTGAGCAAAAATGACACTCCACCTCTATGAAAAATAGAAAACAAAAATTAGCCAGGTGTGATGGCCCATTTCTGTAGTCCCAGCTACTGGGGAGGCTGAGGCAGGAGGATAGCTTGAGCCCAGGAGCTTGAGGTTGCGGTAGCTAGGCAGATGGCTCAGCACTCTTTCTAGCCTGGGCAACAGAGCAACATTCTATCTCAAAAAAT","GGCTAGGCATGGTGGCTCATGCATGTAATCCCAGCACTTTGGGAGGCTGAGGCGGACGGATCACTTGAGGTCAGGAGTTCGAGACCAGCCTGGTCAACATGGTGAAACCCCATCTCTACTAAAAATATAAAAATTAGCCAGGTGTGGTGGCGCATGCCTGTAGTCCCAGCTACTTGGGAGACTGAGGTGGGAGGATCCCTTGAGCCTGGGAGGTTGAGGCTGCAGTGAGCTGTGATGGCACCACTGCACTCCAGCCTGGGCAATAGAGCAAGACCCTGTCTCATAGGAAAAAA"
"GL873521","13041237","13041319","chr5","49472177","49472254","12","36430940","GGCCAGTCATGGTGGCTCATGCCTATAATCCTAGCACTCTGGGAGGCTGAAGCAGGAGGATCACTTGAGCTCAGGAGTTTGAG","GGCCTGGCATGGTGGCTCATGCCTGTAATCCAGCATTTTGGGAGGCTGAGGCAGGAAGATCACTTGAGCTCAGGATTT"
"GL873521","13102109","13102207","chr16","30194624","30194720","25","17092515","TGAGCCCAGGAGTTTGAGGTTGTTGTGAGCTGAGCAGACCACACAGCATTCTAGCTTGGGCAACAGAGTGACATTGTGCTTCAAAAAAAGAAAAAAAAA","TGAGCCCAGGAGTTTGAGACTACAGTGAGCTATGATTACACCACTCCTCTCCAGCATGGGCAACAGAGTGAGACACTATCTCAAAAAAAAAAAAAAA"
"GL873521","13102475","13102686","chr2B","236887995","236888203","46","223785520","GGCCAAGTGTGGTGGCTCATGCTTGTAATCCTAGCACTCTGGGTGGCTGAGGCAGGGGGATCACTTGAGCTCAGGAGTTCAAGACCAGCTTGAGCAAGAGTGAGAACCCATTTCTACTCAAAATAGAAAAAAATTAGACAGGCACTGTGGTGAGTGCCTGTAGTATGAGCTACTTTGGAGGCTGAGATAGGAAGATCACTTGAGCCCAGGAG","GGCTAGGCGCAGTGGCTGAAGCCTGTAATCCTAGCACTTTGGGAGGCCGAGGTGGGCGATCACTTTGGCTCAGGAGTTCGAGACCAGCCTGGGCAATATGGCAAAACCCCATCTCTACACAAAATACAAAAATTACTCAGATGTGGTGGTGAGTGCCTGTAGTCCCAGCTACTTTGGACGCTGAGGTGGGAAGATCACCTGAGCCCAGG"
"GL873521","13327200","13327291","chr3","43397692","43397785","20","30070492","CTATCACTTTAGGAGGTGAGGTGGGAGGATCACTTGAGGCAAGGAGTTCAAGAGCAACCTAGGCAACATAGGAACCCCTCTGTCTCTCCAAA","CCCAGCACTTTGGGAGGCTGAGGTGGGCAGATCTCTCGAGCCCAGGAGTTCAAGACCAGCCTGGGCAACATGGTGAAACCCCGTCTCTACCAAA"
"GL873521","13327700","13327732","chr1","70851001","70851033","8","57523301","GCTGGATATGGAGTCTCACACCTGTAATTCTAT","GCTGGGCATGGTGGCTCATCCCTGTAATTCCCT"
"GL873521","13722076","13722356","chr17","55905881","55906166","74","42183805","GTCTGGCGTGGTGGCTCAAGCCTATAATCCTAGTACTCTGGGAGTCCAAAGTGGGTGGATTGCTTGAGCTCAGTAGTCTGAGACCAGCCTGAGTAAGACCCAGACATCGTATCTACTAAAAATAGAATAAACTACCTGGGCATTGTAGCGGGTGCCTACAGTCCCAGCTACGTGGGAGGTTGAGGCAAGAGGATCACCTGAACCTAGAGAATGAGGTTGCTGTGAGCTATGATGAGGTCAAGGCACTCTACCCAGAGTAACAGAGTGAAATTCTATCTCAA","GGTCAGGCATGGTGGCTCAGGCCTGTAATCCCAGCACTTTGGGAGGCCAAGGTGGGCAGATTGCTTGAGCCCAGGAGTTTGAGATCAGCTTGGGCAACATAGTGAAAACTCATCTCTACAAAAAATTAAAAAAATTAGCTGGGCATTGTGGCACGTAACTGCAGTCCCAGCTACTTGAGAGGCTGAGGTGAGAGGATCACCTGAGGCCGGGAAGTCGAGGCTGCAGTGAGCTGTGATTGGGCCACTGCACTCCATCCTGGGCGACAGAATAAGACCCTGTCTCAAA"
"GL873521","13722635","13722652","chr6","90847853","90847870","1","77125218","AAAAAAAAAAAAAAAAAA","CAAAAAAAAAAAAAAAAA"
"GL873521","13789517","13789832","chr12","121838917","121839229","75","108049400","GCTGGGTGTGGTGGCTCATATCTGTAATGATAGCACTCTGGGAGGTCAAAGCAGGGAGATTACTTGAGCTCAGGAGTTAGAGAGCATCCTGAGAAAGAGTGAGATCCCTATCTATACTAAAAACAGAAAAACTAGCCAGTTGTAGTGGCAGGCACCTGTAGTCCCAGCTACTTTGGGAGTCTGAGACAAGAGGATCTCATAAGCCCAAGAGTTTGAGGTTGCTGTGAGCTGCGATGCCACAGCACTCTACCTGGGGTGACAGAATGAGACTTTGTCTCAAAAAAATAAAAAATAAAATAAAATAAAATTTAAAAAA","GGCTGGGTGTGGTGGCTCATGCCTGTAATCCCAGCACTTTGGGAGGCCAAGTCAGGAGGATTATTTGAGCCTGGGAGTTTGAGACCAGCCTGTGCAACATGGTGAGACCTCATCTCTACAAAACATAAAAAATTAGCCAGGCATGGTGGCATGTGCCTGTAGTCCCAGCTACTTGGGAGGCTGAGGCAGGAGGATCAGTCGAGCCCAGAAGATTGAGGCTACAGTGAACTGTGTTCATGCCACTGCACTCCAGCCTGGGTGACAGAGTGAGACCTTGTCTCCAAAAAAATCAAATAAATAAAAAAATAAAAAA"
"GL873521","13902129","13902272","chr17","73619699","73619842","30","59717570","GGCCAGGCATAGTGGCTCGCACCTATAATCCAGTACTATGGGAGACCAAGGCTGGAGGATCAATTGAAGCCAAGAGTTAAAGACCAACCTGGGCAACATAGAAACACTTCACCTATATAAAAAAAAAAAAAAAGAAAGAAAAAA","GGCCAGGTATGGTGGCTCACACCTGTAATTTCAGCACTTTAGGAGGCTGAGGCAGGAAGATCACTTGAGGCCAGGAGTTCAAGACCAGCCTGGGCAACATGGCAAGGCTTCATTTCCACAAAAAAAAAAAAAAAAAAAAAAAAA"
"GL873521","13902315","13902339","chr7","66627085","66627108","7","52724770","AAAAATTAACCCAGCATGGTGGCGC","AAAAAATTAGCCAGGCATGGTGAC"
"GL873521","13902374","13902499","chr7","68063538","68063660","30","54161164","AGTCCCAGCTACCATAGAGGTTGAGCCAGGAGGATCACTGAAGCCCAGAGCCCAGAAGTTTGAGGTTGCAGTAAGCTATGATCATGCCACTGTACTCTAGTCTAGGTGACAGAAGGAGACCCTGTC","GTAGTCCCAGCTACAAGGGAGGCTGAGGCAGGAGGATGGCTTGAGCCTGGGAAGTTGAGGCTGCAGTAAGCTATGATCATGCCACTGCACTCCAGCCTGGGTGACAGAGTGAGATTCTGCCTC"
"GL873521","14127800","14127881","chr3","123515043","123515137","26","109387243","GGCTAGATATGGTGGCTCATGCCTATCTGGAAAGCTGAGGCAGGAGGATTGCAAGAGGCCAGAAGTTTAATACCAGGCTAAG","GGCCAGGTATGGTGGCTCATGCCTATACTCCCAGCCTTTTGGGAGGCTGAGACAGGAGGACTGCTTGAGGCCAGGAGTTTAAGACCAGCCTGACT"
"GL873521","14128162","14128352","chr4","26023510","26023691","57","11895348","GGGCTGAGAATGAGATCCCATCTTTACAAAAAATTACCCAGGTATAGTGGCATCATCCTAGCTACTTGGGAGGCTGGGGCAGGAGGATTTCTTGGGCCCAGGAGTGTGAGGCTACGCTGAGCTATGATACCACTGCACTTTAGCCTGGATGATACAGCAAGATTTTACCTCAAAAAAAAAAAAAAAAAAAA","GGGTGGGAAAAAATTATCTGGAAATGGTGGCATATGCCAGTGGTCCTAGCTACTTGGGAGACTGAGGCTGGAGGATCACCTGAGCCCAGGAGTTAGAGGCTGCGGTGAATCGTGATCATGCCACTGCACTCTAGGCTGGGCAATAGAGCAAGACCCTATCTCGAAAAAAAAACAACAAAAAA"
"GL873521","14184019","14184216","chr17","61651681","61651883","50","47467662","GGCTGGGCATGGTGGCTCATGCCTGTAACCCTAGCACTCTGTGAGGCCAAGGCAAGTGGATCACCTGAGCTCAGGAGTTTGAGAACAGCCTGAGCAAGAGTGAGACTCCATCTCTAAAAATAGTTGGGCATTTGTGGTGAATGCCTATAGTCTCAGCTACTCAGCTACTTAGGAGGCTGAGGCAAGAGGATTGCTTGA","GGCTGGGTGCAGTGGCTCACGCCTGTAATCCTGGCACCTTGGGAGGCCAAGGTGGGAGGATCACTTGAGCCCAGGAGTTTGAGATCAGCCTGAACAACGTGGTGAAACTCCATCTCTACAAAAAATACAAAAATTAGCTGGGCTTAATGGCATATGCCTGTGGTCCCAGCTACTGAGGAGGCTGAGGTGGGAGGATTGATTGA"
"GL873521","14185943","14186062","chr8","25834967","25835086","23","11649024","GGCAGGGTGCAGTGGCTCACACCTATAATCCCAGCACTCTGGGAAGCTGAGGTGGGAGGATTGCTTTGAGATCAGGAGTTTGAAACTAGCTTGAGCAAAGCAAGACCCATCTCTACTAAA","GGCCAGGTGCAGTGGCTCATGTCTGTAATCCCAGCACTTTGGGAGGCTGAGGTGGGAGGTTTGCTTGAGCCCAGGAGTTTGAGACCAGCCTGGGCAACATAGCAAGACCCTGTCTCTATA"
"GL873521","14186086","14186221","chr14","74199793","74199926","31","60013707","AATTAGAGAGGTGTGATGCCACACACTGTAGTCTCATCTACTTTGGAGGCTGAGGCACAAGGATTACTTGAGCCCAGGAGCATGAGGTTGCTGTGAGCGAGGCTGAGGCCACAGCACTCTAGCCTGGGCAACAGAG","TTAGCCAGGTATGGTGGTGCACACCTGTAGTCCCAGCTACTTGGGAGACTGAGGCAGGAGGATTGCTTGATCCCAGGAGTTGAGGCTGCTAAGAGCTATGATCATGTCACTGCACTCCAGCCTGGGCAACAGAG"
"GL873521","14534133","14534413","chr5","43470606","43470891","71","28936473","GGTAGCTCATGTCTATAACCCTGACACTCTGGGAGGCTAAGGGAGAAACATCCCTTGAGCTCAGGAGTTCAAGACCAGTCTAAGCCAAAAGGGAGATCCATCTTTACCAAAACAGAAAAATTAGCTGGGCATGGTGATGTGTGCCTGTAGTACCAGCTGCTTGGGAGGCTAAGGAAGGAGGATTGTTTGAGCCTAGGAGTTTAAGGTTGCTAAGAGCTAGACTGAGGCCATGGCACAGTAGCCCAGGCAATAGAATGAAACTCTGTCTCAAAAAAAAAAAA","GTGGCTCTTGCCTATAATCCCAGCACTTTGGGAGGCTGAGGAGGGCAGATTGCTTGAGCCCAGGAGTTCAAGACCAGCCTGGGCAACATGGGAAAACCTCGTCTCTACAAAAAACACAAAAATTAGCTGGGCATGGTGGCATGTACCTGTAGTCCTAGCTACTTGGGAGGCTGAGGCAGGAGGACTGCTTGAGCCTCTGGAGGCGGAGGTTGCAGTGAGCTGAGACCGCGCCACTGCACTCCAGCCTGGGTGATAGAACAAGACCCTGTCTCAAAAAAAAAAAAAA"
"GL873521","14534507","14534523","chrX","153619065","153619080","3","139084558","CCCAAAATAAAATAAAA","ACATAATAAAATAAAA"
"GL873521","14646173","14646307","chr1","9156973","9157091","40","5489200","GGATGTAGTAGCTCACACCTGTAATCCCAGCATCATGGGAGGATCACTTGAGGCCAGGAGTTTGAGACTGGCTTGGGCAATATGGTGAGGCCCCATTCTTACAAAATAGGAAAAGAATTAATTGGATATGGTGGC","GGCTGGGTGAGGTGGCCTCACGCCTGTAATCCCAGCACTTTGGGAGGCCAAGGCAGGAGTTTGAGACCAGCCTGGGCAATACAGTGAGACCCCATCTCCAAAAAAAAAATTAGTGGGGC"
"GL873521","14703100","14703421","chr17","68155983","68156305","73","53452883","GGCTGGGCACAGTGGCTCATACCTGTAATCCTAGCACTTTGGGAGGCCAGGAAGGGAAGATAGCTTGAGGCCAGGAGTTTGAGACCAGGATGAGCGAGGTAGCGAGACCCCCCATCTCTATCAAAAATTAAAAAAAAAAAAAAATTAGCTGGGTATAGTGGTGAGGGCCTATCATCCTAGCTACTTAGGAGTAAGACAGGAGGATCACTTGAGCCTAGGAGGTAAGGTTGCAGTGAACTATGATGATGACCCTGCACTCTTGCCTTAGCAAGATGGTGAGACCCTGTCTCAAAACAAACAAACAAACAAACAAACATAAAAA","GGCTGGGCACCGTGGCTGACATCTGTAATCCCAGCACTTTGGGAGGCCAAGGCGGGTGGATCACTTGAGCCCAGGAGCTCGAGACCAGCCTGACCAACATGGCAAAACCCCATCTCTACCAAAAAAAAAAAAAAAATACAAAAAGTTAGCTGGGCATGGTGGAGAGGGCCTGTAGTCCCAACTACTCAGGAGGCTGAGGTGAGAGGATCACCTGAGCCACAGGAGGTCGAGGCTGCAGTGAGCCATGATCACACCATTGCACTCCAGCCTGAGAGAAAGTGAGACCCTGTCTCAAAAAAACAAACAAACAAAAACAGCAAAAA"
"GL873521","14778613","14778888","chr15","42746072","42746354","63","27967459","GGCCCAGCACAGTGGCTCACACCTATAATCCTCGCATTCTAGGAGACTGAGGTGGGAGGATCACTTGAGCTCAGGAATTTGAGATCAGCTTGAGCAATAAGGTGACCCCATCTCTACTAAAAATAGACTAATTAGCCAGGCATTGTGGTGGGCACCTGTGGTCCCAGCTAGTTGAGAGGCTCATGTTGGATTCCTTGAACCCAGGAATTTGAGGCTGCTGTGAGCTGGGCTGATGCCACAGTATTCTAGCCTGGGCAACAGAGTATGACTCTGTCT","GGCCAGGTACAGTGGCTCACACCTGTAATCCCAGCACTTTGGGAGGCCAAGGCAGGAGGATCACTTGAGCCTAGGAATTCAAGACCAGTCAGGGCAATATGGTGAAACTCCATCTCTACAAAAAATACAAAAATCAGCCAGGTGTGGTGGTGTGCGCCTGTGGTCCCAGCTACTTGGGAGGCTGAGATGGAAGGATCACTTGAGCCCAGGAAATGGAGGCTGCAGTGAGCTAAGGCTGTGCCACTGCACTCCAGCCTGGGCAACAGAGTGAGACCCTGTCTCA"
"GL873521","14884261","14884393","chr13","24405237","24405373","27","9520976","GGCTAGGTGTGGTGGCTCATGCCCATAATTCCAGCATTCTGGGAGGCCAATGTGGGAGGATCCCTGGAGGTCAGGAGTTTGAGACCACCCTGAGCAAAGCGAGACCCCATCTTCACTAAAAATAGAAAAATTA","GGCTGGGCATGGAGGCTCATGCCTATAATCCCAGCACTTTGGGAGGCTGAGGTGGGAGGATCGCTTGAGTTCATGAGTTCAAGACCAGCCTGAGCAACACAGTGAGACCTCATCTCTACTAAAAATCAAAAAAATTA"
"GL873521","14884660","14884815","chr1","141772547","141772702","39","126887887","TTAGTTGAATGTGGTGGTGTACACCTGTAGTCCCAGCTACTTGAAAGGCTGAAGAAAGAGGATTGCTTGAGCCCAAGTGCTTGAGGTTGTAGTGAGCTAGGCTGACGCTATGACACTCTGACCCAGGTGATAGAAGAAGACCCTGTCTCAAAAAAA","TTAGCTGGGCATGGTGGCGTGCACCTGTGGTCCCAGCTATTTGAAAGGCTGAGTTGGGAGGATCACTTGAGCCCAGATGGTTGAGGCTGCAGTGAGCCATGATGGCACCACTGCACTTTAGCCTTGGTGACAGAGCAAGGCCCTGTCTGAAAAAAA"
"GL873521","15677856","15678124","chr7","99887814","99888086","73","84209958","TGGCTCATGCCTGTCAACAAAGTACTTTGGTAGATTGAGAAAGGAGGATCTCGTGGACTCAGGAGTTTGAGACCAGCCTGGACGACATGGTAAAAAAACATCTTTAAAAAATTAGCCTAGCATAGTGGTGCACATTGATAATTTCAGCTATTTCGCAGGCTGAAGTGGGAGAACCACTTGTGTTTGGAAGCTCGAGGCTGCAGTGAGCTATGATCTCACACTACACTCCAGCCTGGGTAATATGGTGAGGTCCTGCCTCAAAAACAAAA","GGCTTACACCTGTAATCCCAGTGCTTTGGGAGGCTGAGGCAGGCAGATCACTTGAGCCCTGGAGTTCAAGACCAGCCTGGGCAACATGGTGAAACCCCATCTCTACAAAAAATTAGCCAGGCATGGTGGCTTGCACCTGTAGTCCCAGCTACTCAGGAGGCTGAGGTAGGAGGATTTCATGAGCCTGGAAGGTTGAGGCTGCAGTGAGCTATGATCACACCACTGCACTCCAGTCTGGGTGATAAAGTGAGACCCTGTCTCAAAAAAAAAAAA"
"GL873521","15875728","15875811","chr8","5975319","5975398","26","9900409","CAGTGAGCCGTGGTCTCCCTGTGCATTCCAATGTGAGTGACAGAGAGACCTCCCTCACACTCCCAAAAAAGAAAAAACAAGAAA","GCAGTGAGCCTTGATCGTGCTATTGCACTCTAGCCTTGGTGACAGAGAGAGACCCTATCTCAAAAAAAAAAAAAAAAAAA"
"GL873521","16170363","16170540","chr3","50079465","50079644","47","33909102","AAAAAAAAAAAAAATTACCCAGGTAAGGTGGTAAGGACCTGCAGTCCTAGCTATCTGGGATACGAGGTAGGAGGAGCACTTTGGCCCAGGAATTCCAGGCTATGGTGAACTATGATTACAACTGCACTCTAGCCTGGGCAAAAGAGTAAGAGACTGTCACAAAACACAACAAAACAAA","ACAAAAAGAAAAAACAATTAGCAAGGCCTGGTGGTACACACTTGTAGTCCCAGCTATTTGGGAGGCTGAGGTGGGAGGATCACTTGAGCCCAGGAGTTCAAGGTTACAGTGAGCTATGATCATGCCACTGCACACTAGCCTGGGCATCAGAGAGAGTTCCTGTCTCTAAGAAAAAAAAAA"
"GL873521","16172240","16172374","chr1","29329421","29329551","29","13157181","GGCTGCATGCAGTGCCTCATGTTTGTAATCCCAGCACTTTGGGAGCCAGTGGAGGAGAGGATCACTTGAAGCCAGGAATTTAAGACGGACCTAGCCAACATAATGAGAACTCCTCTATACAAAAAATAATAAAAT","GGCTGGATGCACTGGCTCCTGTCTGTAATCCCAGCACTTTGGGAGGCTGAAACAGGAGGATCCCTTGAAGCCAGGAGTTTAAGATCAGCCTGAGCAACAGAGTGAAACCCTGTCTCTACAAAAAAAAAAAA"
"GL873521","16260421","16260667","chr2A","25887935","25888182","71","9627514","GGATACAGTGGCTCACACCTGTAATCTTAGCAAACACCCTGGGGTGCTAAGGCAGGAGGATCACTTGAGCTCAGGAGATCAAGACCAGCCTGAGGAAGAGTGAAACCCCATTTCTACCACACATAGAAAAATTAGCCAGGTGTCTCTCTCTAGTCCCAGCTACTTGGGAGGCTGAGACAGGAGAATTGCTTAAGCCAGGGAGTTTCAGGTTGCTGTGGCTCAGACCATGGCACTCTAGACTGAGCAA","GGCTGGGCACAGTGGCTCACACCTGTAATCCCAGCACTTTGGGAGGGTGAGGCAGGAGGATCACTTGAGCTCAGGAGTTCGCAACCAGCCTGGGCAATATGGTGAAACCGCATCTCTACAAAAAATACAAAAATTAACCGGGTGTGGTTGTGCATGCCTGTAGTCCCAGCTACTTGGCAGGCTGAGGTGGGAGGATTGCTTGAGCTCAGGAGGTCAAGGCTGCAGTGAGCCATGATTACTCCACTGCA"
"GL873521","16747501","16747629","chr7","102198592","102198722","33","85451091","GCCGGGTATGGTGGCTCACACCTGTAATCCCACCACGTGGGAGGCCAAGGCAAGCAGATTGCCTGAGCTCACAGGTTCAAGACCAGCCTGAGCCAGAGTGAGACTTTGTCTTGGAAAATACCCGGGTGT","GGCTGGGTGTGGTGGCTCACACCTGTAATCCCACCACTGTGGGAGGCTAAGGCAGGCAAATCGCTTGAGCCCAGGAGTTCGAGACCAGCCTAGGCAACGTGGTGAAACTGTCTTTAGAAAATATTAGCCAA"
"GL873521","16747905","16748071","chr1","26355033","26355200","42","9607128","AACTAGGTAGGTGTTGCAGCAGGCGCCTGTAAATCCCAGCTACTTGGGCCAAGGCAAGAGAATCAATCACTTATGCCCAGGAGTTTGAGGTTGCTGTAAGCTATGACGCCCTGGCACTCTACCAAGGGTAACAAAGTCAGATCCTGCCTCAAAAAAAAAAAAAAAAA","AACTAGCTGGGTGTGGCGGCGTGTGCCTGTAGTCCCAGCTACTTGGGAGGCTGAGGCAGGAGGATCACTTGAGCCCAGGAGTTCAAGGCTGCAGTGAGCTAAGATCATACCACTGCACTCCAGCCTGGGTAATAGAGTGAGATCCTGTCTCAAAAAAAAAAAAAAAAA"
"GL873521","16826358","16826516","chrX","96886204","96886345","57","80059846","GGCGCCCTGCCACAAGCTGTAGTCTCCCCTATTTGGGAGGGTGAGGTCGGAGGATCATGTGAGCTCGGCAGTTCAAAGTCACCGGGCACTACAACCTCACCTGGACCAGTCAGGACTGCACGCCAGCCTCCCCAGCGCAGTGAGACTCTGTTTCTAAAA","GGTGCACATCTGTAGTCTCAGTTATTTGGGAAGCTGAGGAGGGAGGATCACTTGAGCCTGGGAGGTCAAGGCGCCAGTGAGCTGTGATTGCACCACTGCACTCCAGCCTGTGCTACAGAGTGAGACTCTGTCTCAAAAAAAA"
"GL873521","16850386","16850705","chr1","224543342","224543654","83","207692956","GCCAGCTGTGGTGGCTCACACCTATAGTCCTCACACTCTGGGAGGCTGAGGAAGGCAGATTCCCTGGAGCTCAGGAGATTGAGACCAGGCTGAGCAAGAACTGAGACTCTGTCTCTACCCCAAACAGAAAAACTTCACTAGGTGTTGCGGTGGGCACCTATAGCCTGAGCTACTTGAGAGGCAGAGGCAGGATGATCACTTGAACTCAGGAGTTTGAGGTTGCTATAGCTGTGCTGATGCCATAGTACTTTAGCCTGGGCAACAGAATGAGACTCTGTCTCAAAATAAATAAATAAATTAATAAATAAAAGAGAAAGAAA","GCCAGGCAGGGTGGCTCACGCCTGTAATCCCAACACTTTGGGAGGCTGAGGCAGGCAGCTTGCTTGAACTCAGGAGTTTGAGACCAGTCTAGGCAACATGGTGAAACCCCATCTCTACAAAAAATACAAAAATTAGCCAGGCGAAGTGGCGTGCCTATAGTCTTAGCTACTTGGGAGGCTGAGGCAGGAGAACTGCTTGAACTGGGGAGGTCGAGGCTGCATGAGCCGAGATCGTGCCACTGCACTCCAGCCTGGATGACAGAGCGAGACCCTGTCTCAAAATAAATAAATGAATAAATAATAAAATAAATAA"
"GL873521","16987716","16987746","chr4","157175852","157175881","5","140188136","GAAGAAAGAAGAAAGAAGAAAGAAGAAAGAA","GAAGAAGAAGAAGAAGAAGAAGAAGAAGAA"
"GL873521","16988099","16988370","chr11","32048157","32048430","73","15060058","GGCCCAGTTCAGTGTCTCACACCTGTAATCCTAGAACTCTGGGAGGTCAAGGAAGGTGGAGTCCTTGAGCTCAGGATTTTCAGATAAGCCTGAGCAAGAGACAGATCCATATCTACTAAACATAGAAAAACTAGCCTGGCATCAGTGTAGTCCCAGCTACTCAGAAGGCTGAGGCAGGAGGATCATTTGAGCCCAAATGTTTGAGTTTGCTGTGAGCTATGATGAATGACACCAGGGCACTCTACCCAGGGCAACAGAGTGAGACTATTTCT","GGCCCACCACAGTGATTCACATCTATAATCCCAGCACTTTGGGAGGCCGAGGTGGGAGAGTAGCTTGAGCCCAGGAGTTTGAGACCAGCCTGAGCAACAGGGCGAGACCCCATCTCTACAAAAAAAATTTAAAAATTAGCCTAGCATGTGCCTGTAGTCCCAGCTACTCAGGAGGCTGAAGCAGGAGGATCACTTGAGCCCAGGAGTTGAAGGCTGCAGTAAGCTATGATCACCCCACTGAGCTCTAGCCAGGGTGACTGAGCAAGACTCTATT"
"GL873521","17153915","17154039","chr7","102370770","102370890","26","85216855","GGCTAGGCACGGTGGTGACTCCTGCTTGTAATCCCAGCACTCTGGGAGGCCTGTGGCAGGTGAATTCCTTGCGCTCAGGAGTTCAAGACTAGCCTGAGTAATAGTGAAACCTCTGTCTCTACTAA","GGCTAGGCACGGTGGCTCATGCCTGTAATCCCAGCACTTTGGGAGACTGAGGTGGGAGAATTGCTTGAAGCTGGGAGTTCAAGACCAGCCTAGGGAACATAGTGAGACCCTGTCTCTTCAA"
"GL873521","17154076","17154241","chr16","21596696","21596868","46","4442620","CTAACCAGACCTGACAGGTGGCTATACTCTCGGCTACTTGGGAGGCTGAGGCAAGAGGATCACTTGATCTCAAGAGTTTGAGGTTGCTATAAGCTATGAGGCCATGACACTCTACCGAGGGCAACAAAGTAAGAGTTTTTCTCAAAAAAAAAACCCAAAACAAAAA","ATTAGTCAGACATGGTGGCATGTGCCTATAGTCCCAGCTACTTGGGAGGCTGAGGCAAGAGAATCATTTGAGCCCAGGAGGTTGAGGCTGCAGTAAGCAGTGATCATGTCACTGCACTCCAGCCTGGGCAACAGAGCAAGACCCTGTCTCAAAAAAAAAAAAAAAAGAAAAAA"
"GL873521","18186068","18186211","chr11","18518855","18518988","40","332787","TAGTCAGGTGCAGTGGTGCATGCCTGCAGTCACAGCTACTCTACTCAGGAGGATGAAGCAGGAGGACCACTGGAGACCAGGAGTTTGAGAATGCTGTAAAATACCATTGAGTCACTGCCTGCCAGCTTCAGTAACAGAATAAGA","TTAGCCAGGTGCAGTGGCGCATGGCTGTAGTCCTGCTTACTCAGGAGGTTGAAGCAGGAGGATCACTTGGGCCCAGGAGTTTGAGGCGGCAGCGAGCCATAATCGTGCCACTGCACTCCAGCTGAGTGACAGAG"
"GL873521","18186242","18186351","chr4","101432127","101432236","31","83245885","CTTGTAATTTCAGCACTTTTGGAAACTGTAGAAGGAAGATTGTTTAAGACCAGGAGTTCCAGAACAATCTGGGCAACACATGTTGACCTTGTACCTACATGAAAAAAAAA","CCTGTAATCCCAGCACTTTGGGAGGCTGAGGCAGGAAGACAGCTTGAGGCCAGGAGTTCCAGACCAGTCTGGGCAATATAGCAAGACCCTCATCTCTTTAAAAAATAAAA"
"GL873521","18231783","18232086","chr11","120552808","120553110","90","102321025","GGCATGGTGGCTCACACCAGCAATCCCAGCGTTTTGGGAAGCCCAAGGAAGAGAATCACTTGAGACCAGCCAGAGGTACATAGACACGTGGTCTACAAGAAATGACAATTAAAACAAATTGCTGGGCATGGTAGCCTGTGACTATAGTCCTGGCAACTCAAGAGGCTGAGTCAGGGGGTTTTTTGAGCCTATGAAGTCTAAGTTGCAGTAAGCTGTGATCATGCCACTATACCCTAGCCTGGGTGACAGAACAAGATTCTGTCTCTAAAAATAAAATAAAATAAAATAATAAAATGAAATAAAA","GCCAAGCATGGTGGTTCATACCTATAATCCCAGAACTTTGAAAGGCCAAGGCGAGAGGAGTTTGAGACCAGCCTGGGCAACATGATGACATGCCGTCTCTACAAAAAAATAAAATAAACAAAAACTAGCTGGGCCTAGTGGCATGTGTCTGTAGTCCTAGCTACTCAGGAGACTGAGGCAGGAGGATCACTTGAGCCTGGGAGGTCAAGGTTGCAGTGAGCTATGATTGTGTCACTGTACTCCAGCCTGGGTGACATAGCAAGAACTGGTCTCAAAAAAAAAAGAAAGAGAGAAAAAAGAAAA"
"GL873521","18672921","18673268","chr5","164510023","164510360","89","145837102","GGCTGGCCATGGTGGCTGAGGCCTGTCATCCTACCACTCTGAGAGGATGAGGAAGGAGGATTGGATTGCTTCAGCTCAGGAGTTCAAGACCAGCCTGAGCAAGAGCAAGACTCAGTCTCTACCAAAAATAGAAAAATTAGACTAGCCAGATGTAATGGCAGATGCCTCTAGTCCCAGCTAGTGGGGAGGCTAAGGCAGGAGGATCACTGAAACCCAGGAGTTTGAGGTGCCTGTGAGTTAGTTTAATACCATGGCAGTCTAGCTTGGGCAACAAAGTGAGACTCTGTCTCAAAACAAACAAAGAAACAAAGAAACAAACAAACAAAAACCCCAAAAATAAAAAAAAAA","GGCTGGGCACAGTGGCTCATGCCTGTAATCCTAGCACTTTGGGAGGCTGAGGCAGGTGGATCGCTTGAGACTGGGAGTTCAAGACCAGCCTGGGCAATATGGCAAAACCCCGTCCCTACAAAAAATACAAACATTAGCCAAGCATGGTGGCACATGCCTGTAGTCCCAGCTACTTGGGAGGCTGAGGCAGGAGGATCATTTGAGCCCGGGATGTGGAGGTTGCAGTAAGCTGAGATTGCATCATTGCACTCCAGCCTGGGCAACAGAGGGAGACCCTGTATCAAATAAATAAATAAATAAATAAATAAATAAATAAATAAAAGAAATAAAAGTAAAAA"
"GL873521","19315680","19315722","chr1","205503465","205503511","11","186187785","CAGTTACTTGGAAGACTGAGGCAAGAGGATCCCTTGAGCTAGG","CCAGCACTTTGGGAGACTGAGGCAGAAGGATCCCTTGAGGCCAGCGG"
"GL873521","19598410","19598508","chr1","6398492","6398584","25","13199918","TATCACTACACCACTATACTCTAGCCTGGGCAACAGATTGAGAACCTGTATCAAAAACAAACAAACAAACAAACAAAACACAATAAAAAATAAATAAAA","GTGATTGCACCAATGCACTCCAGCCTGGGTGACAGAGCGAGACTGTCTCAAAACAAACAAACAAACAAATAAAACAAAAGAAAAGAAAAGCAA"
"GL873521","19777152","19777359","chr4","72787006","72787205","63","53009854","CCTGAGCAACATAGAGAGATCCCATCTCGACAAAAATATTGAAAAAAAAATAGATAAACTTATCAGCTGGGTTTGGTAGCACACAACTGTATCCCCAGCTACCGGGAAGGCTGAAGCAGGAGGAGCCTGACAGATCAAGGCTGCAGTGAGCAGTGATCACATCACTACACTCCAGCCCAGGTGACAAAGCACAATCCTGTCTCAAAAA","CTAGGCAACATGGAAGAACCCCATCTCTACAAAAATTACAAAAACTAGCTGGGCATGGTGGTGTGCGCCTGTATTCCCAGCCACTGGGGAGGCTGAGGTGGGAGGATTGCTTGAGCCTGGAAGATTAAGGCTGAAGTGAGCAGAGATCACACCGCTGCACTCCAGTCTGGGTGACAGAGCAAAACCCTGTCTCAAAAAAA"
"GL873521","19907026","19907166","chr6","12022857","12022993","42","7884169","AGGAAAAATTACCAGGGCATGGTGATGTGCACTTATAGTCCCAGCTCCTGGGAAGGCTGAGTCAGGAGGCCAGGAGTTTGAGGTTATAGTGAGCTATGATGCCACTGCACTCTCTCTGGGTGACATAGTGACATTCTGCCT","TTAAAATTAGCCAGGCATGGTAGCAGGCACCTGTACTCCCAGCTACGGGAGGGTCGCTTGAGCCCAGGAGATCAGGGCTGCAGTGAGCTATGATTGTACCACTGCACTCCAAACTGGGTGACAGAGTGAGACTCTGT"
"GL873521","19907190","19907299","chr3","21509747","21509855","27","1602557","GTGGTGGCTCAGCCTATAATCCTAGCCTTCTGGAGGCCCAGGCGGGAGGATTGCTTAAGGTCAGGATGTTGAGACGAACCTGAGCATGAGTGAGACCCCATCTCTACAAA","GGTGGCTCATGCCTATAATTCTAGCGCTTTTGGAGGCCAAGGGGGGAGGATTACTTGAGCTCAGGAGTTCCAGATCAGCCTGGACAATTTAGTGAGACCTCATCTATAC"
"GL873521","20453341","20453513","chr19","53340691","53340862","44","32887350","AGACAACTAGCCAGGCATTGTGGTGGGCATCTATAGTCCCAGCTACTTGGGAGGCTGAGGCAAGAGGATCACTTGAACCCAATAGTTTGAGGTTGTCATGAGCTATGATGATGTGGCATTCTACTCAGGGTGACAGCGTGAGAGACTCTGTCTCAAACAAATGAACAAAAAAA","ACAAAAATAGCTGGGTGTGGTGGTGCATACTTGTAGTCCCAGCTACTTGGGAGGCTGAGGCAGGAGGATCACTTCAGCCCAGGAGGTTGAGGCTGCAGTGAGCCATGATCATGCCACTGCACTCCAGCCGAGGGGAGAGAGCAAGACTCTGTCTCAAAACAAACAAACAAAA"
"GL873521","20453540","20453662","chr4","5943586","5943706","26","14509954","CAGGCGTGGTTGCTCATGCCTGTAGTCCTAGCACTTCAGGAGGCTGAGGAGGGTAGATTGCTTGAGGTCAGGAGCTGGAGACCAGCCTGAGCAAGAGCGAGACCTTGTCTCTACTAAAAATAG","GGCCATGGTGGCTCATGCCTGTAATCCTAGCACTTCGGGAGGCTGAGGAGGGAGGATTGCTTGAGGCCTGGAGTTTGAGACCAGCCTGGGCAACATAGTGAGACCACGACTCTATTTAAAA"
"GL873521","20821454","20821743","chr8","121327775","121328067","74","100506321","GCCGGGCCCAGATGGCTCAAGCCTGTAATCCTTGCACTTTGGGAGGCCAATGTAGGAGGATCACTTGCGCCTAGGAGTTCCAGGCCAAGCTGTGCAAGGTGAAACACTGTTCCAAAAAATATATATATATGAAAATTAGCCAGTCCTGTTGGTACACATCTGTCGTTCCAACTACTTGGGGGACTGAAGCAGGAGGATCCATGAGTCCAAGATTTGAGGTTGCAATGAGCTGTATTGGAGCTACTACACTGTAGCCAGGGCGACAGGAGGAAAAACTTGTTTTAAAAAAA","GGCTGGGTGCAGTGGCTCATGCCTGTAATCTTAGCACTTTGGGAGGCCAAGGCAGGTGGATCACTTGAGCTTAGGAGTTCAAGACCAGCCTGGGCAACATGGTGAAACCCTGTCTCTACAAAAAATAAAAAAAAATTAGCCAGGCATGGTGGCATACACCTGTAGTCCCAGCTACTTGTGGGGCTGAGGCAGGAGCATCACTTGAACCCAGGAGCTCAAGGCTGCAGTGAGCTGTGATCTTACCACTGCACTCCAGCCTGGGTGACAGAGTAAGACCTTGTCTCAATAAAAAA"
"GL873521","20825224","20825315","chr22","42881883","42881978","27","22056659","AGAGGATCTCTTGAGCCTAAGAGTTTGAGGTTGCTGTGAGTTCTGATACCACAGCGCTCTACACAGGGCGACAGAGTAAGACCCTTTCTTAA","GGCAGGAGGATCGCTTGAGCCTGGGAGGTCAAGGATGCAGTGAGCTGTGATTGCACCACTGCACTCCACCCTGGGCGACAGAGTGAGACCCTGTTT"
"GL873521","20825595","20825767","chr4","156475909","156476099","57","135650314","GCGGTGGCTCACACCTGTAATCCTAACACTCAGGATCGCCTAAGCTCAGGAGGTGGAGACCAGCCTGAGCAAGAGAAACACCTCAACTCTACCAAAAACAGAAAAAGTAGCCTGGGTGGTGGTAGGCATGTGTAGTCCCAGCTACTCGGGAAGCTGAGGCAAGAGGATCTCTT","GGCCAGGCACAGTGGCTCACACCTATAATCCCAGCACTCTGGGAGACTGAGGCAGGAGGAGCCCAGGAATGTGAGACCAGCCTGGCCAACATGGTGAAACCCAGTCTCTACTAAAAATATAAAAATTAGCCTGGTGTGGTGGTGTGCGCCTGTAGTCCCAGCTACTTGGGAGGCTGAGGTGGGAGGATCAC"
"GL873521","21355913","21356066","chr4","158479533","158479684","48","137123620","ATAAAAATTAACTAGCTATGGTGGCATACACTCTTGTCCTAGCTACTTAGGAGGCTGAGGATCATTTGAGGCCAGGAGTTTAAAGCTATAGTGTACTGTGATGATTACGCCTGTGAATAGCCACTGTACTCCAGCCTGGGCAACATAGCAAGAC","AATTAGCTGGGCATGGTGGTGCATACCTGTAGTCCTAGCTACTCAGGAAGCTGAGGCAGGAGGACAGCTTGAGGCCAGGAGGTCAAGGCTGCAATGAACCATGATTGATTACACCTGTAAATAGTCACTGCATTTCAGCCTGGGCAGCATAG"
"GL873521","21623697","21623773","chrX","53329871","53329945","26","31706174","AAATTTAGGCAGGCAAGTTGGCACATGTTTGTAGTCCAAGTTATGTGAGAGGATTCTTTGAGTCCAGAAGTTAAGGC","AATAGCTTGGGCAGGGTGGTGCATGGCTGTAGTCCTGAGATGGGAGGATCCCTTGAGTCCAGGAGCTTGATGCCG"
"GL873521","21623801","21623894","chr3","42032495","42032583","27","20408694","GTAATCTTAGTACTTTGGGAGGCCAGACAGGAGATTCATTTGAGACTGAGTTTAAGATCAGCCTGGACAACATGGCAATATCCCATGTCAACCA","TAATACCAGTATTTTGGGAGGCTGAGGCAGGCGATCACTTGAGCCCAGTTCAAGACCAGCCTGGGCAATATAGCGAAATCCTGTTTCTA"
"GL873521","21714176","21714337","chr12","96671998","96672172","41","74957822","ACTAGGGGGCATTGTGGCAACTGTCATCCTAGCTGCTCAAGAGGCTGAGGCAAGAGGATCACTTCAGCCCATGAGTTTATGGTTGCTGTGAGCTATGACTCCATGGCACTCTAGCCTGGGCAATAGAATGAGACTCTGTCGCAAAAAAAAAGAAAGAAAGAA","AATTAGCTGAGCATGGTGGCAGGCACCTGTAGTCCCAGCTACTTGGGAGGCTGAGGGAGGAGGGTCACTTGAACCCAGGAGTTTGAGGCTGCAATGAGCTATGACTGCATCAGTGCACTCTAGCCTGGGCAGTAGAGTGAGACCCTGTCTCACAAAAAAAAGAAGGAAAGAGAAA"
"GL873521","21714364","21714489","chr15","78802491","78802611","29","57088127","GGCTGGGTACCCTGGCTAGACACCTGTAATTCTAGCACTCCAGGAGGCTGAAACAGGTGGATTTCTTGAGCTCAGGAGTTCAAGACCAGCCTGTCCAAGACCAAGACCACAATTCTGTCTCTACTT","GGCTGGGTACAGTGGCTCACACCTGTAATCCCAGCACTTTGGGAGGTGGAGGCAGGAGGATCACTTGAACTCAGGAGTTCAAGACCAGCCTGGCCAACATGGCGAAACTCCGTCTCTACAA"
"GL873521","21743555","21743631","chr10","20213332","20213405","25","1530223","TATAGGGTGTGGCGGCAAGTGTGTATAGTACTAGCTACTTAAAGAGGTTGAGATGGGAGGATTGCTTGAGCTAAGGA","CCAGGTGTGATGGTGCATGCCTGTGGTCTCAGCTACTTTGGAGGCTGAGGTGGGAGGATTGTTTGAGTGGAGGT"
"GL873521","21743658","21743767","chr10","43292583","43292692","28","21548925","CAATGGTTTGTGCTTGTAATCCAGCACTTTGGGAAACAAAGGAGAAAGGATTAATTGAGACCAGGAGTTCAAAATCAGCCTGGGCAACATAAAGAGACCCTGTCTCTATG","GCGGTGGTTCAGCCTGTAATCCCCGCACTTTGGGAAGCTAAAGCAGGAAAATCACTTGAGCCCAGGAGTTCAAGACCAGCCTGAGCAACATAGTGATACCCCTGTTTCTA"
"GL873521","21994326","21994402","chr3","183523015","183523100","19","161528689","GGCATTGTGACTCACACCTATAATTCTAGCACTTTGGGAGGCTGAGGTGGGAAGACCACGAGCACAGGTTCAAGACC","GACTGGGGGCAGTGGCTCAAACCTGTAATCCTAGCACTTTGGGAGGCTGAGGTGGGAGGACCACCTGAGCTCAGGAGTTCAAGACC"
"GL873521","22568894","22569013","chr7","21219168","21219276","37","1349726","TACGTTGTGGTGGCTAGTCCCAAACTACTCAGCTACTCAGGAGTTTGAGGTTGCAGTAAGCTGTGAGGTTGCATTGCACGACAGATTGTGCAACAGAGCGAGACCCTATCTCGAAAAAAA","GGCTGAGGTGGGATAATCACTTGAGCCCGGAAAGTTGAGGTTGCAGTGAGCCATGACTCGGCACTGCACTCCAGCCTGGGCAACAGAGCCAGACCCTATCTCAAAAAAA"
"GL873521","22569034","22569129","chr15","57106062","57106161","19","34537028","CAGGCATGGTGGCTCACACCTGTAATCATAGCACTTTGGGAGACCAGGAGTTCAAGACCATGCTGGGCAACATGGCGAGACCTTGTCTCTACCAAA","GGCCAGGCATGGTGGCTCACTCCTATAATCACAGCACTTTGGTAGGCCATGAATTCAAGACCAGCCTGGGCAACATAGTGTAACCCTGTCTCTACGAAAA"
"GL873521","23082461","23082581","chr19","17007875","17007987","43","6074586","AAAATACACAGAGTACCCAGGCATGGTGGTGCATGCCTCCAGTCCCAGCTACAGGTGAGACTAAGACTAAAGGATGCCTTCAGCTCAAGACTTTGAAGCTGGCCTAGGCAACAACAAGACC","ACAATGTAGCTATGGCATGGTGGTGCCTGCCTGTTGTCCCAGCTACTTGGGAGGCTGAGATGGGAGGATTGCATGAGCCCAAGAGTTCAAGGCTGCTGTGAGCTACAATCACG"
"GL873521","23326932","23327034","chr1","153330637","153330743","26","130003705","GACTGGGTATGGTGGCATATGCCTGTAAACCCAGCACTCTGGGAGGCTGTGGCGGGTGGACCAGCCTGAGACCAGCTTGAGAAAGAATAAGACTCTGTCTCTA","GGCTGGGTGTGATGGCTCATGCCTGTAATCCTAGCACTTTGGGAGGCTGAGGCAGGTGGATCACTTGAGCCCAGGAGTTTGGGCAACATGACAGAACCCTGTCTCTA"
"GL873521","23327057","23327213","chr6","85247800","85247964","38","61920743","CCAGACATTGTGACACATGCCTATAGTCCTACTTGGGAGGCTGAGGCAAGAGGATGTCTTGTGCCCAAGAGTTTGAGGTTGCTGTGAGCTATGATACCATAGCACTCTAGTGGGGGGCAAGAAAGTGAGACACTGTCTCAAAAAAAAAAAAAAAAAA","CCAGGCATTGTGGCACATGTGTGTAGTCCCAGCTATTTGGGAGGCTGAGGCAGGAGGATCCTTTGAGCCCAGGAGTTTGAGGCTTCAGTGAGCTGTGATTGGACCACTACACTCTGGCCTGGGCAACAGAGAAAGACCCTGTCTCAAAAAGAAAAAGAAAAAGAA"
"GL873521","23553294","23553452","chr8","101101478","101101641","53","77548184","AAAATAAAGTTAGCTAGACACAGCTTTGGGCACCTGCAGTCCCAGTTACTTGGAGGTTGAGGCAAGAGGATTGTTTGAGCCTAGAGGTTTGAGGATATGGTTTGCTGTAGTTCTACCTGTGAGTAGCCACTGTTCTCCAGCCAGGACACCAGCGCAAGA","AAAAAGACACCAAGTAGCCAGGTGTGGTGCTGCAGGCCTGCAGTCCCAGCTACTTGGGAGGCTGAGGCAGGAGGATTGCTTGAACCCAGGAGTTCAAGACTTCAGTATGCCATAATCGCACCTATGAATAGTCACTGCACTCCAGCCTGGGCGACATAACAAAA"
"GL873521","24165831","24166009","chrX","9218405","9218573","51","14947426","GGCCAGGCACAGCAGCTCACACCCATAATCCTAACACTCTGAGAGACCAAGGTGTATAGATTACCTGAGCTCAGGAGTTGGAGACCACCCTGAGCAAGAGTAAGACCCCCATCTCTACAAAAAAAAAAAAAAAATAGAAAAACTAGCCAGGTGTTGTGGTGGGTACTTACAGTGCCAAC","GGCCAGGCGCAGTGCCTCACACCTGTAATCCCAGCACTTTGGGAGGCCGAGGCGGGTGGATCACTTGAGCTCAGGAGTTTGAGACCAGCCTGAGCAACATGGCAAAACCTCACCTCTACAAAAAAAATACAAAAATTAACCAGGCATGGTGGCAGGCACCTGTAGTCTC"
"GL873521","24270646","24270916","chr8","27224878","27225151","68","2954232","GGCCAGGCACGGTGGCTCACACCTGAATCCTAGCTGGCATTCTGGAAGGCCGAGGTGGGTGGATCACCTGACCTCAGGAGTTCAAGACCATCCTGAGCAAGAGTGAGATGAAACCTCATCTCTAAAAATAGCTAGGCATTGTGGTGGGCACCAGTAGTCCCAGCTACTAGGGAGGCTGAAGCAAGAGGATCACTTGAGTCTAAGAGTTAGACGTTGCTGTGAGCAGTGACGCCACAGCACTCTACCCAGGGCAACAAAGTGAGACTGTCTC","GGCCAGGTGCAGTGGCTCACACCTGTAATCCTAGCCCTTAGGAGGCTGAGGTGGGAGGATCACTTGAGCTCAGGAGTTCAAGACCAGCCTGGGCAATATGGTGAAACCCTGTCTCTACGAAAAATTAGCCGGGCATGGTGGCGCATGCCTGTAGTCCCAGCTACTCAGGAGGCTGAGGTGGGAGGATCATTTGAGCCCAGGAGGCGGAAGTTGCAGTGAGCCAAGATTGCACCACCGTACTCCAGCCTGGGCAACAAGTGAGATCCTGTCTCAA"
"GL873521","24618820","24618994","chr8","68458893","68459071","47","43840073","TCCTAGCACTCTGGGGGGCCGAGGTGGTAGGATCACTTGAACTAGAGTTCAAGACCACCCTGAACAAAAATCACACCCTGTCTGTACTAAAAATAGAAAAATTAGCCAGGCATTATAGTGCATGCCTGTAGTCCCAGCTACCTGGTAGGCTGAGGCAGATCCTCTAGCCCAGGGG","CCCAGCACTTTGGGAGGCTGAGATGGGTGGATCACTTGAGCCCAGGAGTTCAAGACCAGCCTGGGCAACATGACGAAACTCTGTCTTTACAAAAAATACAAAAATGAACCAGGCATGGTGGTGCATGCCTGTAGACCCAGTACTTGGGAGGCTGAGGTGGGAGGATCCCTTGATCCTGA"
"GL873521","24626746","24626855","chr1","205148842","205148953","29","180522096","AAAGAATGACAAAAATTCAGATATGGTGGTATGCACCTATAGTCAGTCACAGCTACTGGGGAGGCTGAGGTGGGAGGCTTTCTTGAGCCCAGGAGGTTGAGTCTAGCAAT","AAAAAGTACAAAGAATTAGCCAGGTGTGGTGGTGCGTGCCTATAGTTCCAGCTACTTGGGAGGCTGAGGTGGGAGGATTGCTTGAGTCCAGGAGTTGGAGGCTGCAGTGAAA"
"GL873521","24781755","24782037","chr5","139301937","139302217","85","114520182","GACCAGGTGTGGTGGCTCACACCTATTAGCCTAGCACTCTTGGCAGCTGAGGCAGGAGGATTCACTCAGAACTTCAAGAGTTAAACCCATGCCTCTACTAAAAATAAGAAAAAAATCAGTCCAGAGTATCATGGTGGGCACTTGCAGTCCCAGCTACTCGCAATGCTGAGGAAGAAGGATAGCTTGAGCCTAGGAGTTTGAGGTTGCTGTAGGCTGGATTTTTGTCATGGCATGCTAGTCTTGGCAACAGAGTGAGACTCTGGGGGAAAAAAAAAAGGAAAAA","GGCTGGGTGCGGTGGCTCACACCTGTAATCCCAGCACTTTGGGAAGCTGAGGCCAGAGGATGGCTTGAGCTCAGGAGTTTGAGTTGAAACCCTGTCTCTACAAAAAATACAAAAATTAGCTGGGTGTGGTGGTGCACACCTGTGGTCCCAGCTACTTGGAAGTGTGGGGTGGGAGGATTGGTTGAGCCCAGGAGGTTGAGGCTGCAGTGAGCCATGATCGTGCCACTGTACTCCCGCCTGGGTGACAGAATGAGACCCTGTCTCAAAAAAAAAAAAAAAAA"
"GL873521","24969692","24969970","chr5","91805199","91805483","78","66835507","GGCTGGATGCAGTGGCTCACACCTATAAACCTAGCACTCTGGAAGGCCACAGTGGGAGAATGGCTCGAGTTCAGGATTTTGAGAGTAGCCTGAGCAAGAGCAAGACCACATCTCTACTAAAAATATAAAAATTAGCAGGAAGTCTTGCTGAATGCATCATCTCAACTGCTCTGGAGGATGAGGCAAGAGGATTGCTTGAACTCAAGAGTTGAGGTTGTGGTGAGCGAGACTGAATCCATAGCACTCTACCCCAGGCAACAGAGCAAGACTTTGTTGAAA","GACTGGGTGCAATGGTTCACATCTGTAATCCCAGCACTTTGGGAGGCCAAGGTGGGAGGATGGCTTGAGCCCAGAAGTTCAAGACCAGCCTGAGCTACATGGCAAAACCCTGTCTCTACAAAAAATGTAAAAATGAGCCAGGCATGGTGGTGCATGCCTATGGTCCCAGCTACTCAGGAGGCTGAGGCAGGAGGATCGCACTAATCTAGGAGATGGAGGCTGCAGTAAGCCGAGATTGAGTCATTGCACTCCAGCCTGGGCGAAAGAGCCAGACTCTGTCTCAAA"
"GL873521","24970004","24970019","chr3","153804291","153804307","1","128834287","AAAACAAAACAAAAAA","CAAAACAAAACAAAAAA"
"GL873521","25391954","25392209","chr7","3491054","3491312","81","21900900","CCTAGTGCAGTGGCTCACACCTGTAATCCTGGAGGCTGAAGCAGATGGATTGCTTTGAGTTCCTGCCTAAATAAAAGTGGGAATCTACTATAGCAAAATTAGCTGGGCGTTATGGTGGGTACTTGTGGTCCCAGCTACTCAGGACGCTGAGGCAGGAGGATTGCTTGAACCAAGGAATTTGAGGTTGTTATGAGCTATGATGATGCCATGGCACTCTACCCAGGCCACAGAGTAAGATTTGGTCTCCAAAAAAAAA","GGCCAGGTGCGGTAGCTCACATCTGCAATCCCAGCACTTTGGGAGGCTGAAGCTAGAGGATCACTTGAGTCTTGTCTCTACAAAAAAAATCAAAAAATTAGCCAGGGCATGGTGGTGCATGCCTGTAGTCCCAGCTACTCGGGAGGCTGAGGCAGGAGGATCACTTGAGCCCAGGAGGTTGAGGCTGCAGTGAGCTGTGACTGTACCACTGCACTCCAACCTGGGCAACAGAGTGAGACCCTGTCTCAAAAAATAATAA"
"GL873521","25453333","25453646","chr22","29946204","29946503","77","4492871","GCCGGGTACAGAGGTGCATTTACCTGTAATCCTAGCACTTTGGGAGGGTAGGGTAGGAGGATGGCTTGGGGCCAGTAGTTCAAGACCAGCCTGAACAATCTAGTGTGACCTCGTCTCCACAAAATATAGAAAAATTAGCCAGGCATGGTGGTGGGCACTTGTATTCTCAGCTTCTCAGGAAGCTGAGGCAGGAGGATCTTTTGAGGCTGGAAGGTTGAGGTTGCATTGTTGAGATTGCACTGAGCTGTGATGACACCACTGCACTCTAGCCCTGGCAACAGAGTGAGATCCTAATTTAAAAAAAAAAAAAAAAA","GCTGGGCGTGGTGGCTCCTTCCTGTAATCCCAGCACTTTGGGAGGCCAAGGCTGGAGGATCACCTGAGTCCAGGAGTTTAAGACCAGCCTGGGCAACATAGGGAGACCCTGTCTCTACAAAAAATAAAAAATTAGCCAGGCATGGTGGTGTGCACCTGTAGTCCCAGCTACTCAGGAGGCTGAGGCAGGAGGATCTCTTGAGCCTGGGAGGTCAGACTACAGTGAGCAATGATTGTGCCACTGCACTCCAGCCTGGGTGACAGAGTAAGACTCTGTCTCTTAAAAAAAAAAAAAAAAAAA"
"GL873521","25473197","25473312","chr11","64318421","64318538","25","38845224","GGGCATGGTAACTCACTCCTATAATCCCAGCAGTTTGAGAGGCCAAGGCTGGAGGATCACTTAAGGCTAGGAGTTCATGACTGGTCAGGGCAACATAGTAAGACTTATTCTCTACA","CCAGGCATGGTGGCTCACACCTATAATCCCAGCACTTTGGAAGGCCAAGGCGGGAGGATCCCTTGAGGCCAGGAGTTTGAGACCAGCCTGGGCAACATAGCAAGACTCCGTCTCCACA"
"GL873521","25473339","25473487","chr1","35894728","35894879","40","10421389","AAGAATTAGCTAGGCATAGTGGTGCGCAGCTGTAGTTCCAAGTACTTGGGAGGTTAAAGACCATGTGAGCGCAGGAGTTCAAGGCTACAGTGAGCTGTGATCATGCCACTGCACTCTGGCCTGGGTGACAGAGTCTGTGTCATAAAAAA","AAAAATTAGCCAGGCATGGTGGCACATGCCTGTGGTCCCAGATACTTGGGAGGCTGAAGTGGGAGGATCACTTGAGCCCAGGAGATCAAGGCTGCAATGAGCCATGATCATGCCACTGCACTCCAGCCTGGGCAACCCTGTCTTTAAAAAAA"
"GL873521","25493130","25493293","chr4","75562087","75562252","41","50068957","CTTAGAGTTGTGGTGGGCTCCTGTACTCCCAGCTACCCAGGAGGTGAGGCTGAGGCAGGTGGATCACTTGAACCCAGGTATGTGAGGTTGCTGAGAGCTAGGATGACACACAGCACTCTAGCCTGGTGACAGAGTGAGTCTATGTCTCTAAATAAATAAATAAA","TTAGCTGGGTGTGGTGGCATGCACCTGTAGTCCCAGCTACTTAGGAGGCTGAGGCAAGAGGATCACTTTAGCCCAGGAGGTGGAGGTTGCAGTGAGCTGAAATCATACCACTGCACTCCAGCCAGGGTGACAGAGTGAGACCTTGTCTCAAAAATAAATAAATAAA"
"GL873521","25493320","25493467","chr9","31337596","31337743","33","5844276","GACTGGGCTTGGTGGCTCATGCCTGTAATCCTAGCATTCTGGGAAGCTGAGGCAGGAGAATCACTTGAGGTCAGGAGTTCAAGACCAGACTGAGCAAGAGTGAGATCTTGCCTCTACTAAAAAAATATATATTTTTAAAAAATAATGC","GCTGGGTGTGGTGGCTCACACCTGTAATCCTAGTGATTCAGGAGGCTGAGGCAGAAGGATCACTTGAGGTCAGGAGTTTGAGAGCAGACTGAGCAACAGAGTGAGACCCCCTCTCTAAGAAAAAAATATTAAAAAAAAAAACAACCGC"
"GL873521","25793453","25793728","chr15","82250472","82250741","88","56457019","CAGGTATGGTGGCTCACACCTGTAATCCCAGCACTTCGGGAGGCCAGGAGGTGGGGGAGAGGCTCTCTTGAAGCCAGGAGTTCCTGACCAGCCAAGCAACAGGCGAAACCTTATCTCTACAAAATATTAAAGAAAAAAGGAAATTAGCCAGGTATAGCAGTAGACATCCATAATTCCAGATACTGTCGTGGCTAGGACAGGAAGATCACCTGTGATTGTGCCACTGCATCCCAACTTGCCAAAAAAGCAAGATGCTGTCTCTATAAAAGAAAACTA","GCCGGGCACGGTGGCTTATGCCTGTAATCCCAGCACTTTGGGAGGCCGAGGCAGGAGAATCGCTTGAGCCCGGGAGTTTGAGACCAGCCTGGGCAACATGGTGAAACCAAGTCTCTACAAAAAAATACAAAAAAATTAGCCAGGTGTCGTGGTGCACGTCTGTAGTCCCAGCCACTCCTGGGAGGTCGAGGCTGCAGTGAGCTGTGATCGTGCCACTGCACTCCAGCCTGGGGAACAGAGTGAGACCCCGTCTCAAAAAATAAAAAAAAA"
"GL873521","25946379","25946540","chr16","48668108","48668267","54","22721729","GTTGAGGCAGGATTTCTTGAGGCTGGGAGTTGGAGACCAGCCTGAAAAACATGTTGATACCATTGCTACAGAAATTAGAAGAGTTAGCTGGGTATAGTGGTGCATCCCTGTAGTTCCAACTACTAGGGATGCTGAGGCAGGAGGGTCACGTAAGCCCAGGAG","GTGGGAGGATTTCTTGATCCCAGGGGTTCAAGACCAACCTGGGCAACATAGTGAGACCCTGTGTATACTGAACAAAAACAATTTTTCAGGCATGGTGGCACACACCTGTAGTCCGAGCTATTCGAGAAGCTGAGATGGGAGGATCCCTTGAGCCCGGGAG"
"GL873521","25955927","25956105","chr3","43378154","43378339","50","17422227","AAAAAATAGAAAAATTAGCCATGTGCAGTGGCATGTGCCTATAGTTCCACCACTGTAGGGGCTGAGGTAGGAGGATCCCTTAAGACCAGGACTTTGAGATTGCTGTGAGTTATGACATCACTGCTGTCTGGTTGGGTGACAAAGGGAGACTTTGCCTCAAAAAAGGGAAGAAAGAAAAA","AAAAATACAAAAATTAGCCGGGCATGTTGGCATGTGCCTGTGGTCCCAGCTACTCCAGAGGCTGAGGTGGGAGGATCACTGGAGCCCGGGAAGTTGAGGCTGCAGTGAGCTGTGATCACACCACTGCACTCCAGCCTGGGTGACAGAGTGAGACCCTGTCTCAAAAAAAAAAAAAAAAAAAAAAAA"
"GL873521","26298260","26298339","chr4","95794331","95794409","18","69496071","GGCTGGGTGCATCAGCTTATGCCTGTAATCCCAGTACTTTAGGAGGTTGAGGTAAGAGGATCACTTAAGAACAGGAATCC","GGCTAGGTGCAGTGGCTTACACCTGTAATCCCAGCACTTTGGGAGGCCGAGGCAGGAGGATCACTTGAGCCCAGGAGTT"
"GL873521","26307582","26307851","chr5","152032216","152032514","85","125724634","GCTGGGCATAGTGGCTCACACCTACACTCTTAGAGGCCAGGGCAGATGAATTATTTGAGCTTGGGAGACCAGACTGAGCATGAGTGAGATCCTGTTCCTACTAAAAATAGAAAAATTAATTGGGTGTTGTGCCTGTAGTCCCAGCTACTTGGAAGGCTGAGGCAAGAGGATCACTTGAGCCCAAAAGACTGAAGTTCTAATGCCAAACATGCTACTCAGAGGGACAGAATGAGACTCTGTCTCAAAAATAAATAAATAAATAAATAAATA","GGCTGGGCACAGTGACTCACACCTATAATCCCAGCACTTTGTGAGGCTGAGGCAGGCAGATTATTTGAGCCCCTGAGGTCAAGACCATCCTGGGCAACATGGCAAAACCTCATCTCTACAAAAAATACAAAAATTAGTTGGGTGTGGTGGCATACGCCTATAGTCCCAGCTCCTCAGGAGGCTGAGGTAGGAGGATGGTTTGAGCCCAGGAGATGGAGGTTGATCATGCCACTGCTCTCCAGACTGGGCAACAGAATGAGACTCTGTCTCACAAAAAATGAAACAGAATAAAATAAAAA"
"GL873521","26951040","26951317","chr17","16672309","16672598","75","10278731","TGGCTTACACCTGTAATCCTAGCACTCTGAGAGGAGTGAGGCAGATTGCTTGAGCTTAGGAGTTTAAGACCAGCCTGAGCAAGAAAGATCCCATTTTTACTAAAATAGAAAACTAGCCAGGGGTGGTGGCCTATGTCTGTAGTCCCAGCTACTCGGTAGGCTAAGGCAAGAGGATTGCTCAAACCCAAGAGTTTGAGATTGCTGTGAGTTCTGGTGCCATGACACTCTATCCAGGGTAACAGAGTGAGACTTTGTCTAAAAAAGAAATAAAATAGGTG","GTGGCTCACACCTGTAATCTCAGCACTTTGGGAGGCTGAGGCGGGAGGATCACTTGAGCCCAGGAGTTTGAGACCAGCCTGAGCAACATAGTAGGCTCCTGTCTCTACAAAAAAATACAAAAATTAGCTGGTACTGGTGGCATGTGCCTGTAGTCCCAGCTACTCAGGAGGCTAAGGCAGGAGAATCGCTTGAGCCCAGGAGGTTGAGGCTGCTATGAGCTGTGATGGCACCACTGCACTCCAGCCTGGGTGACAGAGTGAGACCTGGTCTCAAAAAGAAAAAAAAAAAA"
"GL873521","26951542","26951557","chr3","53948633","53948648","1","26997091","AAAAGAAAGAAAGAAA","GAAAGAAAGAAAGAAA"
"GL873521","27061553","27061681","chr3","122788793","122788920","26","95727240","GGCCACGCACAGTGGCTCATGCCTTTAATCCTAGCTTTCTGTGGAGGCCAAAGCAAATGGATCACTTGAACTCAGGAGTTCAAGACCAGCCTGAGCAAGAGCAAGACCCCATCTCTACTAAAAATAGAA","GGCCAGGCACTGTGGCTCATGCCTGCAATCCCAGCACTTTGGGAGGCCAAGGCAAGAGGATTGTTTGAGCCCAGGAATTCAAGACCAGCCTGGGCAACTCAGGAAGACCCCATCTCTACAAAAAACAA"
"GL873521","27061706","27061860","chr8","96136998","96137163","44","69075292","TAGCTTGGCATTGTGGTAGGCACTGGCAGTCCCAGTTACTTCGGAGGCTAAAACAAGAAGGATTGCTTGAATCCAGTGAGGTTGCTGTGAGCTATAATGTCATGGCACTTCTCCCCAGGGCAACAGAATGAGACTATCTCAAAAAAACAAATAAA","TTTAGCTGGGAAGGTTGGCACGCACCTGCAGTCCCAGCTACTTGGGAGGCTGAGACTGGAGGATTGCTTGAGCCCGAGAGGTCGAGGTGGCAGTGAGCCATAATCACACCACTGTACTCCAGCCTGGGTAACAGAATGAGACTCTGTCTCAAAACAAACAAACAAA"
"GL873521","27073730","27073910","chr1","68095575","68095737","50","41021845","GAGCAGCCTGAGCAGCTAGGGTACTGCTCCCTGCCTCTAGTCCCAGCTACTTGAGGGGCTAAGGCAGGAGGATTGTTTGAGCCCAGGAGCCCAGGAGTTTGAGATTGATGTGAACTAGGCTGATGCCATGGCACTCTAAACTGGGCAACAGAGTAAGACTCTATCTTAAAAAAACAAAAAA","TTAGCCCTGCATGGTGGCACATGCCTGTAGTCCCAGCTATTTGGGAGGCTAAGGCAGGGGGATGGTTGGAGCCCAGGAGGCAGAGGTTGCAGTAAGCTGAGACTGAGCCATTGCACTGCAGCCTGGGTGACAGAGTGAGACTCTGTCTCAAAAAAAAAAAAAA"
"GL873521","27074182","27074275","chr19","50666183","50666279","26","23592001","GCTGGGTACTGTGGCTCAAGCATGTAATCATAGCACTCTTGAGGCCAAAGTTTGGAGGATCCCTGAAGCTCCAGAGTTTAAATGCAGCTTGAGT","GGCTGGGCTCTGTGGCTCATGCCTGTAATCCCAGCACTTTGGGAGGCCGAAGTGGGAGGATCACTTGAGTCCAGCAGTTTGAGAGCAGCCTGGGCAA"
"GL873521","27115551","27115853","chrX","48006439","48006741","74","20890888","GGCCAGGTGTGGTGGCTCCTGTAATCCTATCACTATGGGAGGCCAAGGTGGGTGGATTGCTTGAGCTCAGGAGTTGGAGACTAGCCTAGGCAAGAGTGAGATCCCGTATCTACTAAATAGAAAAACTAACCAGGTTCCAGGTGCCTGTAGTCCCAGATTCTTGGGAGGCTGAGGCAAGAGGATCACTTAAGGTCAGGAGTTTAAGGTTGCTGTGAGCTATGATGTCATAGCACTCTACCCAGGGTGACAGAGTGAGACTCTATCTCAAACAAACAAACAAACAAAACAAAAACAACAAAAAAA","GGCTGGGCTCAGTGGCTCACGCCTGTAATTCCAGCACTTTGGGAGGCCAAGGTGGGCGGACTGCTTGAGCTCAGGAGTTCGAGACCAGCCTGGGAAACATGGCGAAACCCCATCTCTTAAAAAAAAAAAATTATCTGGGTGGCAGGAGCCTGTAGTCCCAGCTACTTGGGAGGCTGAGGTAGGAGGATCACCTGAGCCCGGGAGGTCAAGGCTGCAGTGAGCCATGATCGTGCCACTGCACTCCATCCTGGGTGACAGAGTGAGACCCTGTCTAAAAAAAAAAAGAAAAAAGAAAAAAAGAAA"
"GL873521","3621655","3621735","chr19","38588582","38588671","29","34966927","AAACCCCCCAGAAAATTAGCTGTAGTCCAGCTACTTGGGAGGGTGAGGCAGGATTGCTTGAACTCAGGAGGCTGAGGTTGC","TTAGCCAGGTGTGGTTGTGCACGCCAGTAGTCCTAGCTACTCAGGAGGCTGAGGCAGGAGGATTGCTTGAGCCCAGGAGTTTGAGGCTGC"
"GL873521","3642385","3642519","chr4","190118736","190118870","25","186476351","GGCTGGGTGAGGTGGCTCACACCTGTAATCCCAGCACTCTGGGAGGCCAACAGGGATGGAGCACCTGAGCTCAGGAGCTTGTGCCCAGCTTGAGCAAGAGTGAGACCTCATCTCTGTTAAAAACAGAAAAAAAAA","GGCTGGGTGCAGTGGCTCACACCTGTAATCCCAGCACTTTGGGAGGCCAAGGTGGGAGGATCACTTGAGCTCAGGAATTCGAGACCAGCCTGGGCAACATAATGAGACTGCATCTCTGTAAAAAAAAAAAAAAAA"
"GL873521","3642815","3642983","chr6","117522072","117522244","43","113879257","AAAAAAACTAGCCAGGCATTGTGGCGAGTGCCTGTAGTCCCAGCTACTCGGGAGGCGGAGGCAAGAGGAGTGCTTAATCCCAAGAGTTTGAGGTTGCTGTAAGCTATGACACTCATTCTACTCAGGGTAACAAAGTGAGACTCTGTCTCAAAAGGAAAAAAGAAAGAGA","TAAAAAAATTAGCCAGATGTGGTGGCATGTGCCTGTAGTTCCAGCTACTCGGGAGGCTGAGGCAGGAGGATTGCTTGAGCTCAGGAGTTCGAGGCTGCAGTGAGCTATAATTGTGCCACTGCACTCTAGCCTGGGTGACACAGTGAGACCTTGTCTTTAAAAAAAAAAAAAAA"
"GL873521","3668981","3669096","chr1","92774326","92774442","25","89105345","GGCTAGGCTCAGTGGCTCATGCCTATAATCCTAGCACTCTGGGAGGCTGAGACAGGTGGAGTGCCTACGTTCAGAAGTTTGAGACCAACCTGGGGAAGAGTGAGACCCTTGTCTCT","GGCCAGGCGCAGTGGCTCACACCTGTAATTCTAGCACTCTGGGAGGCAGAGGCAGGCAGACTGCTTGAGCTCAGGAGTTCGAGACTACCCTGGGCCACACAGTGAGACTTTGTCTCT"
"GL873521","3669118","3669287","chr19","44556029","44556196","40","40886911","GCCTAGCCATGCATTATGGTGGGCACCTGTAATCCCAGCTACTTGAGTGGCTGAGACAGGAGGATTGCTTGGGCCCAGGTGTTTGAAATTGTCGTGAGCTATGACAACACTATAGCACTCAACCCAGGGCACAGAGTGAGACCCTGTCTCAAAAAAAATAATAAATAAAA","TTAGCTGGGCACGGTGGTGTGCACCTATACTCCCAGCTACTCTGGAGGCTGAGACAGGAGGATTGCTTGAGCCCAGGAGTTCAAGACTGCAGTGAGCTAGGATCGCACCATTGCACTCCAGCCTGGGCAACAGAGTGAGGCCCTGTCTCTAATAATAGTAAAAAAAAA"
"GL873521","3669631","3669737","chrX","25092369","25092466","29","21422738","GGTTAGGCATGGTGGCTTACACATGTAATCCCAGCACTTTCAGAGGCTGAAGTAGGAGGATCTCTCAAGAGACCATCAGAGGGAGACCCTGTCCTTATAAATAATTA","GGGTGTGGCGGCTCAAACCTGTAATCCCAGCACTCTGTGAGGCTGAGGCAGGAGGATCGCCTGGGCAATATAGTGAAACCCTGTCTGTATTAATAATA"
"GL873521","3670024","3670183","chr1","26355033","26355200","40","22685009","TTGGTTGGGTGTGGTAGCACTTGCCAATAGTCTTAGCTACTTGGGAGGCTGAGGCAGGAGGATCCCTTGAGCCCAGGAGTTCAAAGTTGTAGTGAGCTGTAGTAGGGCCACTATAGGGTAAAAGAGTAAAATCCTGTCTCAAAAAAAAAAAAAAAAAAAA","AACTAGCTGGGTGTGGCGGCGTGTGCCTGTAGTCCCAGCTACTTGGGAGGCTGAGGCAGGAGGATCACTTGAGCCCAGGAGTTCAAGGCTGCAGTGAGCTAAGATCATACCACTGCACTCCAGCCTGGGTAATAGAGTGAGATCCTGTCTCAAAAAAAAAAAAAAAAA"
"GL873521","3713060","3713213","chr16","52591348","52591478","53","48878288","ACTAAAATTGTAAAGCCTAAGCTGGGTGTCATGGTGCACACCTGGAGATCCAGCTCCTCGGAGGCAGAGACAGGAGGATCTCTTGAACCCCAAAATTTGAACACAGTGCGACAACATAATGAGACCCACCTCTTACAAAAAATTACAAAGACTA","GCTGAGTGTGGTGGTGTGTGCCTATAATTCCAGCTACTCAGGAGGCTGAGGCAGGAGGATCACTTGAGCCCAGGAGTTTGAGACCAGCCTGGGCAACACAGTGAGACCCCATCTCAAAAAATTAAACATTA"
"GL873521","3858021","3858181","chr15","40727742","40727900","45","36869721","GGAAAAATTAGCTCAGCATTGTGGTGGGTGCCAATAGTCCTAGTTACTGGGGGGGTGGAGGGTTGAGGCAGGAGCTTGAGCTCAGGAGTTTGAGGTTGCTGCGAGCAAGGCTCATGCCATGGCACACTAGCCTGGACAACAGAGTGAGAGTCTGTCTCAAA","TTTAAAAATTAGCCAGGCATGGTGGTGACCACCTGTAGTCCTAGCTATTCAGGAGGCTGAGGCAGAAAGATTGCCTGAGCTCAGGAGTTTGAGGTTACAGAGAACTCTGATCATGCCACTGCACTGCAGCCTGGGCAACAGAGTGAGACTCTGTCTCAA"
"GL873521","3858456","3858567","chr17","26390105","26390216","27","22531649","GGTTGGATGCAGTGACTCACGTTTATAATCCTAGCACTCTGGGGAGCAGAGGCAGGAGGATCCCTTGAGCTTAGGAGCAAGACCCCATCTCTACTAAAAAATGGAAAAATTA","GGCCGGATGCAGTGGCTCACGCCTGTAATCCCAGCACTTTGGGAGATGGAGGTGGGAGGATCGCTTGAGGCTAGGGGTTCGAGACCACATCTTTACAAAAAATTTAAAATTA"
"GL873521","3958462","3958555","chr3","156881552","156881648","15","152923090","GGCCAAGTGTGGTGGCTCACGCCTGTAATCCCAGCACTCTGGGAGGCTGAGGCAGAGAATCACTGGAGCGCAAGAGTTTGAGACTAGCTTGAGC","GGCCAGTTGTGGTGGCTCACACCTGTAATCCTAGCACTCTGGGAGGCTGAGGCTGGAGGATCACTTGAGCTCAGGAGTTTGAGACCAGCCTGGGCAA"
"GL873521","4004289","4004415","chr2A","53135817","53135938","36","49131528","GCCGGGCGCGGTGGCTGACACCTGTAACCGAGCACTTTGGGAGGCATCTGTAGGAGGATCGCTTGAGGCCAGGGATTGGAGACCTCCCGCCCTACAAATGATTTTAAAATAAACTGCTTATGCTGGG","GCCAGGTACAGTGGCTGACATCTGTAATCCCAGCACTTTGGGAGGCTGAAGTGGGAGGATCACTTGAGGCCTGGAGCTTGAGACCAGCCTTGTCAACATAGTGAGATTAAAAAATTAGCTGG"
"GL873521","4004664","4004811","chr5","141173286","141173416","45","137168622","CTGCTTATGCTGGAGGACCCTCACCCCACCCCACCCCCACACACACCTTGTGCTCCTGACTTGGAGACTGCAGTGAACTATGATCAGGCCGCTGCCCTCCAGCGTGAGCGACAGAGCATGACCCTGTCAAAAAAAAAAAAAAAAAAAA","CTACTTGGGAGGCTGACCCACGAGAATCACTTGAACCTGGGAGGTAGGCTGCAGTGAGCTAAGATCACACCACTGCACTCCAGCCTGGGCAACAGAGCAAGACTCTGTCTCAAAAAAAAAAAAAAAAAAAA"
"GL873521","4367979","4368038","chr4","148843957","148844014","16","144475978","GGGCCCGGATAATGGCTCTAATCCCAGCTACTTGGGAGGCTGGGGCAGAAGGATCGCTTG","GCAATGGTACATGCCTATAATCCCAGCCCTTTGGGAGGCTGAGGCAGGAGGATCACTT"
"GL873521","4416492","4416644","chr15","38442496","38442652","39","34026004","GACAAAAATTAGATGGGCGTGGGGCTGTAGTTCCAACTACTCTGGAGGCTGAGGCAGGAGGGTTGCTTCAGCCCAGGAGTTTGCGGTTGTAGTGAGCTATAATGATTCCACTGCACTATAGCATGGTGACAGAGTAAGACTGTATCTCAAAAA","TTAGCCAGATATGGTGGTGCATGCCTGTAGTCCCAGTTACTTGGGAGGCTGAGGCGGGAGGATTGCTTGAGCCCAGGAGTTTGAGGCTGTGGTGAGCTATGATTGTGCCACTGCACTCCAGCATGGGTAACAGAGCAAGACCCTATCTCTTTAAAAA"
"GL873521","4416915","4417046","chr12","122239412","122239544","30","117822497","GCCTGGTACAGTGGCTCACAGCTGTAATTCTACCACTCTGGCAGACTGAGGCAGGAGTATAGCTTGAGGTCAGGAGTTAGAGAGCAGCCTGAGCAAAAGTGAGACCCTCTATTAAAAATAGAAGAATTAGGG","GGCTGAGCACGGTGGCTCATACCTGTAATCCTAGCACTTTGGGAGGCTGAGGCGGGAGGATTGCTTGAGGCCAGGAGTTTGAGACCAGCCTGGGCAACATAGTGAGACCCCATCTCTAAAAAAAAAAAAATTA"
"GL873521","4508052","4508216","chr1","180937305","180937458","45","176429253","CGCCAAAATAGCCACGTATGGTTGTGTGCACCTATAGTCCCAGCTATTTCAGAGGCGGAGACCATAAGACCACTTGCACCCAGGAATTTGAGGATACAGCAAGCTGTGATCATGCCACTGCACTCCACTCCAAGCCACAGACTGAGGCCTTGTCTCTTAAAAAAA","GCAAGCCAGGTGTGGTGGCATTTGCCTATAGTCCCAGCTATGTCAAAGGCTGAGACAAAAGTATCACTTGAACCCAAGAGTTAGAGGTTACAGTGAGCTATGATCGCACCACTGCACTCCAGCCTAGGCAACAGAATGAGACCCTGTCTCTAAA"
"GL873521","4508241","4508340","chr4","142826785","142826889","25","138318544","CCAGGTGCCATGGCTTATGCCTGTAATCCCAGGGCTCAGCTTGAGGCAGATGATCACTTGAAGCCAGGAGTTCGAGACCAGCCTGGGTAACACAGTGAGA","GGCCAGGTGTGGTGGCTCATGCCTTTAATACCAGGGCTTTGGGAGGCTGAGGCAGGACGATCACTTGAGGCCAGGTGTTTAAGACCAGCCTGGGCAACATAGGGA"
"GL873521","4585645","4585775","chr1","22024766","22024901","32","17439121","GCTGGGCAAGGTGGCTCACGCCTGTAATCCGAGCACTCGGGGAGTCCAATAGGGGTGGATTGCCTGAGCTCAAGTTCAAGACCAACCCAAGCAAGAGTAAGACCCCATCTCTACTAAAAATAGAAAAAACA","GCCAGGTGAGGTAGCTCACGCCTGTAATCCCAGCACTTTGGGAGGCCAAGGTGGGTGGATCAACTGAGGTCAGGAGTTCAAGACCAGCCTGGCCAATATGGTAAAACCCCATCTCTACAAAAAATACAAAAATTAT"
"GL873521","4586039","4586216","chr5","162553581","162553768","45","157967542","TAATAGAAAAACTAGCCACTGGTAGGCACCCATAGTCCCAGCTACTTGGGAGACTTAGGCAAGAGAATCACTTAGCCCAAGAGTTTGAGGTTGCTGTGAGCTATGATGCCATAGCACTCTACCCACAGTGCCAGAGTGAGATTCTGTCTCAAAACAAAAAAAGAAAGAAAGAAAGAAA","AATTTAAAAATAGCCAAGTATAGTGGCATGCCTCTGTATTCCTAGCTACTTAGGAGACTGAGGCAGGAGGATCACTTGAGCCCAAGTGTGTGAGGCTGCAGTGAGCCATGATCCAGCCACTGCACTCGAGCCTGGAAGACAGAGTGAGATACTGTCTCAAAAAAAAGAAAGAAACGAAAAGAAAGAAA"
"GL873521","4615177","4615298","chr12","11845861","11845982","46","7230684","AAATATAATGAGTAGCTGGGTGTGGAGGCACGTACTTCTACACCCAGCTACATAGAAACTGTGTAGCAGGCAGGAAGATAGTTTAATTAATATAGTGAGAACCCCATTTCAAAAAGAAAGAA","AATACAAGGAAGCCAGGTGTGGTGGCATGCACCTACAGCCCGAGCTACTCGGGAAGCTTTGAACTGGAGACAAGCCTGGGCAACATAGTGAAACCCCATCTCCCTCTAAAAACAAGGAAAGA"
"GL873521","4639212","4639298","chr17","29760224","29760310","16","25121012","GGCCTGGCACAGTGGCTCATACCTATAATCCTAGCACTCTGGGAGGTGAGGTGGGGAGGATCCTTTGAGCTTAAGAGTTTGAGATCA","GGCCATGGGCAGTTGCTCACACCTATAATCCCAGCACTTTGGGAGACTGAGGTGGGAGGATCGCTTGAGCACAGGAGTTTGAGACCA"
"GL873521","4757227","4757326","chr1","32811419","32811520","26","28054192","TAAAATAAATAAATCAGCTGGCAGTGTGGTAGGCAACTGTAGCCCCAGCTACCCAGGGCTGTGGCAGGAAGGTGACTTGAGCCCAGTAGTTTGAGGTTGC","ATTAAATTAAATGGAGCCGGGCGTGGTGGTATGCACCTGTTGTCCCAGCTACTCAGGAGGCCAAGGCAGGAGGATCACTTGAGCCCAGGAGTTTGAGGATGC"
"GL873521","4757600","4757715","chrX","124471265","124471386","33","119713665","GGCTGAGCAGTGTGGCTCACGCCTGTAATCCTAGTGCTTTGGGAGGCTGAGGTGGAGTGAATTCCAGACCTGCCTGAACAAGAGAGTTTTTGTCTCTACTAAAAATATAAAAATCA","GGCTGGACACCGTGACTCACGCCTGTAATCCCAGCACTTTAGGAGGCTGAGGCAGGAGGATTGCTCAAGACTAGCCTGGCCAACATGGTGAAACCCCGTCTCCACTAAAAATACAAAAATTA"
"GL873521","4833908","4834183","chr20","5619662","5619943","68","785754","GGCCAGTGCAGTGGCTCATGCTGTAATCCCAGCCCTCTGGGAGGCTGAGGCAGGCGGATCCCCTGAGCTCAGTGGTTGGAGACCAGCCTGAGCAAAAGTGCAACCCCGGCTCTACTAAAAATAGAAAAAACATTAGCTGGGCTGGGTGGCAGCTGCCTATAGTTACAGCTAATAGGAAGGCTGAGACAGGAGGATGGTTTGAGCTCAGGAGGTTGGGGTTAAGATATGGTGACACCACTGCATGCTACCTGGGGCACAGAGCAAGACTCTTGTCTC","GGCCAGGTGCAGGGGCTGACACCTGTAGTCCCAGCACTTTGGGAGGCTGAGGCAGGAAGATCACTTAAGCCCAGGAGTTCGAGACCAGCCTGCGCAACATGGTGAAAACCCGACTCTACAAAAAATACAAAAACTAGCCAGGCATGGTGGTGCCTGCCTGTAGTCCTAGCTACTCAGAAGGCTGAGATGGGAGGATTGCTTGAGCCCAGGAGGTTGAGGTTGCAGTGAGCTGAGATGACACCGCTGCATTCCAGCTTGGGTGCCAGAGCAAGACCCTCTCTC"
"GL873521","4857882","4858053","chr13","48157593","48157767","59","43299711","GACCAACCAGAGTAAGAATAAGACCCCTGTCTCTACAAAAAAATGCCAAAATTAGCCAGGCATAGTGGCATGCACCTATAGTCCCAGCTACTATAGTTTTGAGGTTGCTGTGAGCTATGACGATGACATTGCACTCTACCCCAGGCAACACAGCAAGGCTCTGTCTCCAAAA","CCAGCCTGGACAACATAGGGAGACCCTGTCTCTACAAAAAAATTTTCAGAAAATTAGCTGGGCACCATGGCGCATTCCTATAGTCCCAGCTACTCAGGAGGCTGCAGTGAGCCATGATTGTGCCACTGTGCTCCAGCACGGGTGACAGAGCAAGACCCTGTCTCTTAAAAAAAAA"
"GL873521","4858329","4858418","chr2B","246546136","246546224","17","241687807","CAGGAGCAGGGGCTCACACCTATAATCCTAGCACTCTAGAAGGCCAAGGCTGGAGGATTACTTGAGGCCAGAAGTTCATGACCAGCCAGT","CCAGGTGCTGTGGCTCATGCCTGTAATCCCAGCACTTTGAGAGGCCTAGGCAGGAGGATTACTTGAGGCCAGAAGCTCAAGACCAGCCT"
"GL873521","4904065","4904344","chr20","3250028","3250308","77","1654037","GGCCAGGCATGGCGGCTCAGCCTATAATCTGGGAGGCCAAGGCTCAAGGAGTTTGAGACCTGCCTGAGCAAGAGCAAGACCCTGTCTCTACTAAAAATAGAAAAAACAGCCAGGTGTTGTGGCAGGCACCTGTAGGCCCAGCTACTTGAGAAACTGAGGCAGGAGGACTGCATGAGCTCAGGAGTTTGAAGTTGCTGTGAGCTAAGAAGCCACAGCATTCTAGTCTGTAGCAACAGAGTGAAACTGTCTCAAAAACAGAACAAAACAAAACAAAACAAAA","GGCCAGGTGCAGTGGCTCACACCTATAATCCTAGCACTTCAAGGCCAAGTTCGAGACCAGCCTGGGCAACATGGCAAAACCCTGTCTCTACAAAAAAAAAATAAAAATTAGCCAGGCATGGTGGCGCTCACCTGTAGCCCCAGCTTCTTGTGGGGCTGAGGCAGGAGGATTGTTTGAGCCTGGGAGACAGAGGTTGCAGTGAACCTATATCATGCCACTGCACTCCAGCCTGGGTGACAGAGTGAAACCCTGTCAAAAAAAAAAAAAAAAAAGAAAGAAAA"
"GL873521","5548943","5549231","chr4","172002891","172003185","72","166453948","GACTGGGCACAATGGCTCACGCCTATAATCCTAGCACTCTGGAAGGCCAAGGTGGGTGGATTACTTGAGCTCACAGGTTTGGGACCATCCTGAGCAAGAGTAAAACCTCATCTCTAAAAATAGCCCGGCATTGTGGTGGGTACCTTGTAGTCCCAGCTAGTTGGGAGGCTGAGGCAAGAGAATCTCTTGAGCCTAAGACTTTGAGGTTGCTGTAAGCTGTGATGCCATGGTACTCTACCGAGGGTGACATAGTAAGACTCTATCTCCAAAAAAAAGAAAGGAAAAAGAA","GGCCAGGCACAGTGGCTCATGCCTATAATCCCAGCAATTTGGGAGGCCAAGGTGGGAGGATCACTTGAGCCCAGGAGTTGGAGACCAGCCTGGGCAACATGGCAAAACTCCATCTCTACAAAAAATAGAAGCCAGGTGTGGTGGTGTGCATCTGTAGTCCCAGCTACTTGGGAGGCTGAGGTGGGAGAATCGCCTGAGCCTGGGAGGTGGAGGTTGCAGTGAGCCAAGATCATGCCACTGCACTCTAGCCTGGGTGTCAGAGTGACAACTTGTCTCAAAAAAAAAAAAAAAAGAA"
"GL873521","5616768","5616899","chr1","134480867","134480991","29","128864099","GTGGCTCTCTCCTGTAATCCCAGCACTTTGGGAGGCCAGGGGAGAGGATTGCTTAAGGCCAGGTATTTGAAACCAGCCTGGGCAACACAGAGAGATATGCCCATCTCTACCAAAAGAAAAAAATTGCTAGGA","GTGGCTCATGCCTGTAATCCCAGCACTTTGGGAGGCCAAGGAGTGAGGATTGCTTAAGTCCAGGAGTTCAAGAACAGCCTGGGAAACATAGTAAGATCCTGTCTCTACAAAAAATAAAAAATTGT"
"GL873521","5617203","5617331","chr3","201848039","201848154","42","196230836","TTAAAAGTTTGCTGGGCTTGCTGAAGTGTGCCTGTAGTCCCAGCTACTCAAGAGACTAAAGTGGGGGGGATCAACAGAGCCCAAGAGTTTTAGCCTGTTCTGAATCACTGGACCACTGCATTCCTGTCT","ATTAGCTGGGCGTGGTGGCGGCTGCCTGTAGTCCCAGCTACTCAGGAGGCTGAGGTGGGAGGATCACCTGAGCCCGGGAGGTCGAGGCTGCAGTGAGCAGTGATGACGGCACTGCA"
"GL873521","5813449","5813645","chr8","55925895","55926096","51","50112446","TCTATAAATATATAGAAATTGCCAGGCACTGTGGCTAATGCCTGTCATCCGAGCACTTTGGGAGGCTGAGGCAGGAGGATCATTTGAGCCCAGAAGTTGGAGGCTTCTATGACTGGGGTGCTGCACTACAGTGGAGGCTGGGTGAAAGAGCAAGATTCTGTCTCTAAAAAACATACAAAACAAACAAACAAACAAAA","TCTCTACAAAAAAATAAAAAACTAGCCGGGCATGGTGGCACATGCCTGTAGTCCCAGCTACTTGGGAGGCTGAGGCAAGAGGATCACTTTACCCCAGGAGGTCGGGGCTGCAGTGAGCTGTGTTCATACCACTGCACTACAGCCTGGGTGACAGAGCAAGACTCTGTCTCAACAAAACAAAACAAAACAAAACAAAACAAAA"
"GL873521","5816723","5816839","chr7","150519989","150520108","29","144703266","GGCTTACACCTGTAATCCTAGCACTTTGGGAGAGTGGGAGTATGGCTCGAACCCAAGAGTTGGGAGACCAGCATGGGAAAGAATGAGACCCTGTCTCTACAAAAATAGAAAAATTAG","TGGCTCACATCTGTAATCCCAGCACTTTGGGAGGCCAAGGTGGGAGGATTGCTTGATCCCAGGAGTTGGAGACCAGCCTGGGCAACATAGTGAGACCCTGTCTCAACAAAAATTTATTTT"
"GL873521","6392280","6392393","chr13","98865790","98865887","34","92473510","GGCATGGTGATACATGCCAGCGACTTAGGAGGAGGACCCCTTGAGCAAGTGAGCAGTGATTGTGCCACTGCACCTCCAGCCTGAGCAACAAAGTGAGACTCTGACTCTTAAAAA","CAGGGGGACCACCTGAGCCTGGGAGGTTGCAGCTGCAGAGCCGTGATTGTGCCACTGCATTCCAGCCTGGGCAACAGAGTGAGCTCCTGTCTCAAAAA"
"GL873521","6821886","6822161","chr13","35542940","35543211","71","28721054","GGCCTGGTGCAGTAGCTCAGAGCTGTAAGCCTAGCACTCTGGGAGGCAGAGGTAGGTAGATCACTTGAGACCAGGAGTTCAAGAAGACCAGACTAAGTAAGAGTGAGACCCTCACCTATGCTAAAAATAGAAAATATTAGCTGGGCATACAGTGTATGTCTGTAGTCCAGGCTACTTAGGAAGCTGAGGTAGGAGGATCACTTAAGCCCAGGAGTTTGAGGTTGCTGTGAGCTAGGCTGAGGCCATGGTACTTCAGCCTCGGCAACAGAGTGAGAC","GGCCAGATGTGGTGGCTCACACCTGTAATCCTAACACTTTGGGAGACCGAGGTGGGTGGATCACTTGAGGTCAGGAGTTCAAGACCAGCCTGGCCAACATGGTGAAACCCCATCTCTACTAAAAATACAAAAATTTGCTGGGCATGATGGTGGGCGCCAGTAGTTCCAGCTACTCAGGAGGCTGAGGCAGGAGAATCGCTTGAACCCAGGAATCAGAGGTTGCAGTGAGCCAAGATCACGCCATTGCACTGAAGCCTGGGCGACAAGAGCAA"
"GL873521","6822427","6822459","chr1","26448863","26448892","8","19626436","TCAGAGTGAGACTTTATCTCAAAGAAAAAAAAA","TGAGTAAGACCCTGTTTCAAAGAAAAAAAA"
"GL873521","6828199","6828251","chr12","8954703","8954756","17","2126504","GGGAGAGGTAGCTCAGGCCTGTAATTCTAACACTCTGGGAGGGAGGATCCCTT","GGTCAGGTATGGTGGCTCATGCCTGTAATTCTAGTACTTTGGGAGGCTGAGGTC"
"GL873521","6828640","6828791","chr2A","70191250","70191406","45","63362610","CCTTGAGCTCACAAGTTTGAGACCAGCCTGAGCAAGAGCGTGACTATCTCTACTAAAAATAGAAAACTCTGCTAGGTGTTGTGGCAGGTGCCTATAGTTCCAGCTACCTAGGAGGCTGAGGCAAGAGGATCACTTAAGCCCAGCAGTTTGAG","TCACTTGAGCCCAGGAGTTCGAGACCAGCCTGGGCAACATAGTGAGACTCAGTCACTACAAAAATAAACTTGCTGGGTGTGGTGGTGTGCACCTGTAGTTCTAGCTACTCAGGAGGCTGAGGTGGGAGGATCCCTTGAGCCTCGGAGGTGGAGGTTG"
"GL873521","6837142","6837367","chr12","104694083","104694305","59","97856941","GACTGGGTGCTATAGCTCACACCTGTAACCCTAGCACTCTCAGAGGCCAAGGTGGGTGGATTCGCTGAGCTCAGGAGTTCAAGACCAGCCTGAGCAAAATAAGACCCCATCTCTACTAAAAATAGAAAAAGAAAAACCAGCCAGGTGTGGTGCCAGGAGCCTGTAGTTCCAGCTACTCAGAGGCTAAAGTAAGAGGATTATTTGAGCAGTAAGAGTTTGTGGTTTC","GACTGAGTACGGTGGCTCACACCTGTAATCCTAGCATTTTGGGAGGTCAAAGTGGGAGGATGACTTGAGCCCAGGGGTTCAAGACCAGCCTGGGCAACAAAGTGAGACCCTGTCTCCATAAAAATTACAAAAATTAACCAGGCATGGTAGCATGTGCCTGTAGTCCCAGCTACTCGGGAAGCTGAGGCCAGAGGATTGCTTGAGCTTAAGAGGTTGAGGCTGC"
"GL873521","6837616","6837695","chr14","61332116","61332199","24","54494500","GTTTGTGGTTGCTGTGAGCTATGACATCACAGCACTCAACCCCAGGGTGACTACATACAACTCTGTCTCAGAAAAAAAAA","GGTTGAGGCTGCAGTGAGCTGTAATTGTACCACTGCACTCCAACCCAGGTGACACAGTAAGACCCTATCTCAAACAAAACAAAA"
"GL873521","7000001","7000131","chr1","35753661","35753787","41","28753660","ACAGTAATACATACTTGTAGTTCCAGCTTCTAGGCTGAGGCCAGAAGATGGCTTGAGCCCAGGACTTTGAGGTTGCAGTGAGAGATGATGATACCTCTGTACTCTAGCCCAGGTAACAGAGACTCTGTTTC","TTAGCCAGGCATACTAGCTCATGCCTGGAGGCTGAAGCAAGAGGACAGCTTGAGCCCAGGAGTTTGAGGCTGCAGGCAGCTATGATCGCACCATCGCACTCCAGCCTGGGTGACAAGACCCCATCTC"
"GL873521","7000386","7000547","chr6","44662547","44662705","42","37662161","GGGTGTGGTGGCTCTTACCTGTAATCCTAGCACTTTGGGAGGCTGGGGCAGGCAGGAAGATTGTTTGAGGCCAGGAGTTCCAGACCAGGCTTGTCAATATAGTGAGACCCCGTCCCTATAAAAAATAGAAAAATTATCTGGGCCTGGTAATGCATACTTTGG","GGCACAGTGGCTCATGCCTATAATCTCAGCACTTTGGGAGGCCAAGGTGAGAGGATCACTTGAGCCCAGGAGCTACAGACCAGCCTGGGCAACATAGAGAAAACCCATCTCTACAAAAAATACAAAAATTATCTGGGCGTGGTGATGCATGCCTGTTGT"
"GL873521","7034228","7034543","chr6","83628974","83629284","80","76594746","GGCCAGATGCAGTGGCTGACACCTGCAATTCTATAACTTTAGGAAGGTGAGAGAATTGCTTGAGGCCAGGAGTTCCAGACCAGCCTGAACAATATAGTGAGACCCCATTGCTACAAAAATTAGAAAAATTCACTGGGTGTAATGGCCAATGCCTGTATTCCCAGATAATCCAGAGGCTGATGCTGGAAGATTACTTGAGCCCAAGAATTTGAGGTGACAGTGAGCTATGATGACACCAATGCACTCTAGCTTGGGCAATAGAGTGTGACCCTATTTCCAAAAAAAGAAAGAAAGAAAGAAAGAAAAGAAAAGAAAA","GGCAGGGCATGGTGGCTCATACCTGTAATCCCAGCACTTTGGGAGTCCAAAGTGGGTGGATCGCTTGAGTCCAGGAGTTCAAGACCAGCATGGGCAATATGGTGAAACCCTATCTCTACAAAAAAATACAAAAATTAGCTGGGCATGGTGGCATGCACTTGTATCCCAGCTACTCCAGAGGCTGAGGTGGGAGGATTGCTTGAGCCCAGGAGGTTGAGGCTGCAGTGAGCCATGATCACACCACTGCACTGTAGCCTGGGCAGTAGAGCGAGACACTGTCTAAAAAAAAAAAAAAAGAAAAGAAAAGAAAA"
"GL873521","7070010","7070206","chr5","79804250","79804453","53","72734240","GGCCAGGCAAGATGGCTCATGCCTGTAATCCTAGCATTCTGGGTGGCTGAGACAGGCATATTCCCTGAACTCATGAGTTGGAGACAAGTCTGAGCCAGAGTTAGACCTCATCTCTAAAAATAGCCTGGCATTGTGGCATACACCTGTAGTCTCAGCTACTTGGGAGGCTGAGGTGAAAGAATTGCTTAAGCCCAAGA","CAGGCACTGTGGATCACACCTGTAATCCCAGCACTTTTGGAGGCTGAGGCGGGCAGATTGCTTGAGCTCAGGAGTTTGAGACCATCTTGGGCAACCTGGTAGAACCACATCTCTACAAAAAATTAGCCGGGCATCGTGGCACACGCCTGTAGTCGCAGCTATTTGGGGGGCCTCCTGAGGTGAGAGGATTGCTTGAGTCCAGGA"
"GL873521","7070300","7070404","chr10","27497894","27497990","34","20427594","GTAAGCCCAAGATTTTGAGGTTGCTGTGAGCTATAATGCCATAGCACGCTAACTGAAGCAAAGTAACTATGACAAAGTAAGACTCGGTCTCAAGAAAGAGAAAAA","CACTTGAGCCCAGGAGGTTGAGGCTGCAGTGAGCTATCATGCCACCACACTCCAGCCTGAATTACATGGCAAGACCCTGTCTCAAGAAAAAAAAAAA"
"GL873521","7099137","7099314","chr16","419989","420167","56","6679148","GGCTGGGTGCCGCGGCTCACACCTATAATCCTAGCACTCTGAGAGGCCAAGGCAGGTGGATTGCTTGAGCTCAGGCACTTGAGGCCCTCAAATAGAAAAACTAGCCCAGCCTTGTGGTGGGCCCCTGTAGTCCAGCTACTTAGGAGGCTGAGGCATGAGGATCGATTGAGCCCAAGTA","CTGGGCACCGTGGGTCATGCCTGTAATCCCAGCACTTTGGGAGGCTGAGGCAGGAGGATCACTTAAGCCCAGGTGTTCAAAAAACAAACAAAAAAACATTAGCCAGGTGTGGTGGTGCACACCTGTAGTCCCGGCTACTCAGGAGACTGAGGTGGGAGGAGCTCTTAAGACCGAGAGGT"
"GL873521","7099591","7099694","chr5","181790038","181790151","31","174690447","TGAGGCCAAGTATTTGAAGTTGCTGTGAGCTATGATGTGGCGCTCTACCAAGGTTGATAAAGTGAGACTCTGTCTCAAAAACAAACAAACAAACAAAAAAGCAA","TTGCTTGAGCCCAGGAGGTGGAGGTTTCAGTGAGCCAAGATCGTGCCACTGCACTCCAGCCTGGGTGACAAAGTGAGACCCTGTCTCAAAAACAAACTAACAAACAAAAAACAA"
"GL873521","7182117","7182284","chr17","14741482","14741644","46","7559365","AATTAGCCAGGCATCATAGCACATGCCTATAGTCCCAACTATTCAGGAGCCTCAGGGCCAGGAGGATCCCTTGAATATAGGAGTTTGGGGTTACTGTGAGCTATAATGATACCACCCACTGCACTTTAGTCTGGGTGACAGTGAGACCCCGGCTCAGGGGGAAAAAAA","AATTAGCCAGGCATGGTGGCACATGCCTATAGTTCCAGCACTTTGGGAGGCTAAGGCAGGAGGATTGCTTGAGCCCAGGAGTTTGAAGTTACAGTAAGCTATGATCATGCCATTGCACTCTAGCCTGGGCAACAGAGTGAGACCTTGTCTCTAAAAAAAAAAA"
"GL873521","7182549","7182656","chr11","75656969","75657073","28","68474420","AACCCCAGCACTTTGGGAGGCCAAAGCAGGAGGATCATTTGAGGCCTAGGAGTTGGAAAGCAGGCAGAACAAGAGTGAGACTATCTTCATAAAAATACAGAAAAATTA","CCAGCACTTTGGGAGGCCAAGGCAAAAGGATCACTTGAGCCCAGGAGTTTGAACCAACCTAAGCAACAGAGTGAGACCCTGTGTCTACAAAATATTAAAAAATTA"
"GL873521","7224398","7224414","chr1","153358526","153358539","3","146134128","AAAAAAGAAAGTAAAAA","AAAAAAAAAAAAAA"
"GL873521","7224442","7224704","chr16","23925003","23925279","73","16700561","GTGTGATGGCTCATGCCCATAATCCTAGTACTTTGGGAAGCTTAGGCAGGAAGATTGCTGGAGGTCAGGAGTTCAAGACCCACCTGAGCAAGAATGAGACCCCCGTATCTACAAAAAATAGAAACATTAGCTGGGTGTGTTGGTGTATGTCTGCAGTACCAACTACTAGAGAGTTTGAGGCAGGAGGATCGTGTAAGCCCAGGAATTTGAGGTTGCAGTGAGCCACCACTGCACTCTACCCTGGGAGGCAGATCAAGACTGTG","GGCTGAGCGCGGTAGCTCATGCCTATAATCCCAGCACTTTGGGAGGCTGAGGCAGGTGGATTACTTGAGCTCAGGAGTTCGAGACCAACCTGGGCAACACGGTGAAACCCCTTCTCTACAAAAAACACAAGAATTAGCAGGGCATGGTGGTGTGCACCCGAAGTCCCAGCTACTCAAGAGGCTGAGGTGGGAGGATGGCATAAGCCCAGGAAGTGGAGGTTGCAGTGAGCCAAGATCATGCCACTGCACTCCAGCCTGGGTGACAGCAAGACTGTCT"
"GL873521","7244822","7245115","chr16","74165797","74166100","72","66920975","GGCCGGGCTCAGTGGCTCTATAATCCTGGCACTCTGGGAGGTCAAGGTGGGTGGATTGCTTGAGCGCAGGAGTTTGAGACCAGCCTGAGCAAGAGTGAAACCCCGTCTCTAAAAATAGCCAGGTGCTGTGGTGAGCCCCTATAGTCCCAGCTACTCAGGAGGCTGAGGCCAGAGAATCGCTTAAGCCCAGAAGTTGGAGGTTGCTGTGAGCCGTGATACCATAATTCTTTAACAAGGGTGACAGAGTGAGACTCTGTCTCAAAAAAACAAACATACAAACAAAAAAAAAAAAAA","GGCTGGGCACAGTGGCTCATGCTTATAATTCCAGCACTTTGGGAGGCCAAGGTGGGTGGATCACTTGAGCCCAGGAGTTCGAGACCAGCCTGGGCAACATGGTGAAACTCTGTCTCTACAAAAAATTAGCTGGGTGTGGTGGCTCGTGCCTGCAGTCCCAGCTACTCAGGAGGCTGAGGTGAGAGGATCAATGGAGCCCAGGAGGTGGAAGTTGCAGTGAGCCAGATCACACCACTGTACTCTCCAGCCTGGGTGACAGAGCAAGACCCTGTCTCAAAAACAAACAAACAAACAAACAAACAAA"
"GL873521","7391188","7391475","chr8","106723939","106724236","70","99332751","GGCATGGTGGCTCACACCTATAATCCTAGCACTCTGGGAGGACAAGGTGGGAGGATCCCTTGCACTCAGAAGTTCAAGACCAGCCTGAGAGAGAATAGGACCCCATCTCTACTAAAAATAGAAAAATTACCTGGGCATTGTGGTTGGTGCCTGTAGTCCCAGCTTCTTGGGAGGGTGAGGCAGGGGCATCACGTGAGCCCAGGAATTTGAGGTTACAGTTAGCTGTTTTGTCACAGCCATCTACCCAGGGCAACAGAGTGAGACTCTATCTCAAAAAGAAAAAAAGAG","GGTGCTGTGGCTCAAGCCTATAGTCCCAGCACTTTGGGAGGACAAGGTGGGAGGATCACTTGAGCCCAGCAGTTCAAGACCAGCCTGAGCAACATGATAAGACCCCATCTCTACAAAAAATTAGAAAAATTAGCCAGGCATGGTGATGTATGCCTGTGGTCCTAGCTACTTGGGAGGCTGAGGCAGGAGGATCCCTTGAGCCCAGGAGGTCAAGGTTGCAGTGAGCCATGGTTGTACCACTGTACCCCAGCCTGGGTTACACAGTGAGATCCTATCTCAAAAAAAAAAAAAAAAAAAA"
"GL873521","7391570","7391585","chr17","38661961","38661976","2","31270391","GAAAAAAAAAAGAGAA","GAAAAGAAAAAAGAAA"
"GL873521","7411261","7411442","chr4","57296207","57296386","41","49884946","AGAAAGAAAGAAAAAAAATTAGTCAAGAATGGTGGCATGCACCTATATTCCCAGCTACTCAAGAGACTGAAGCAGGAGGATTACTTGAGCTCAGGAGTTGGGGGCTGCAGTAAGCTTTGACTATACTAATGCACTCCAGCCTGGGTGACAGAGCGAGACCCTGTTTCAAAAAAGAAAAAAAA","AAAAAAGAAAAATTAGCCAGGCATGGTGGCATGTGCCTGCAGTCCCAGCTACTCAGGAGACTGAGGTGGGAGGATTGCTTGAGCCAGGGAGATTGGGGCTGCAGTGAGCTGTGATATCATGCCACTGTACTCCAGCCTAGGCCGCAGAGTGAGACCCTGTCTCAAAACAAAAACAAAAAA"
"GL873521","7411723","7411845","chr16","11721596","11721721","28","4309873","GGCTGGGTGCAGTGATCCTAGCCTTTTGGGAGGCTGAGGCAGGAGGACTGATTGAGGCCATGAATTTGAGACCAGCCTGAGCAAGAGTGAGACCTTGTCTCTGCAAAAAATAGGAAAATTAGT","GGCTGGATGCGGTGGCTCATGCCTTTTGGGGAGGCTAAGGCAGGAGGATTGCTGGAGCCCAGGAATTAAAGACCAGCCTGGGCAACATAGTGAGACCTCGTCTCTACAAAATTAAAAATTAAGTTT"
"GL873521","7473204","7473396","chrX","14950093","14950281","51","7476889","CAAAAAAAAAACCTTAGCCAGGTATGGCAGCACAGATTTGTCATCCCAACTACTCAAGAAGCTAAGGTGAGAAGATCACCTGAGCACAGGAGTCTGAGGTTATAGTGAGCTGTGACTGGGCCATTCACTACATTCCAGCCTATGCTATAGAGTAAGACCCTGTCAAAAGAAAAAAAAAGAGAGAGAGAGAAAA","TCAATAAATAAAAATTAGCCAGGCATGGTAGCACATGCCTGTCGTCCCAGTTACTCAGGAGGCTGAGGTGGGAGGCTCACCTGAGCCCAGGCATTGAAGGCTGCAGTGAGCTATGATCACAACACTGCATTCCAGCCTGGGTGACAGAGCAAGACCCTGCCTCAAAATAAAATAAAGAAAGAAAGAAAA"
"GL873521","7473423","7473542","chr14","57739259","57739375","24","50265836","CTGGGCACAGTGTTCATGCCTGTAATTTGAGCACTTTGGGAGGCCAAGGCTAGAGGATCACTTGAGGCCAGGAGTTTGAAACCAGCCTCAGTAACACAGAGAACCCTCATCTCTATTTAA","CTGGGTACATTGGCTCAAGCCAGTAATCCCAGCACTTTGGGAGGCCAAAGCAGGAGGATCACTTGAGGCCAGGAGTTTGAGACCAGCCTGGGTAACATGAGACCCTGTTTCTACAAA"
"GL873521","7573100","7573248","chr5","35112160","35112317","42","27539060","AGCCAGATGTGGTCTATAGTCCACAGCTACTTAGAGGCTGAGGCAAAGGGATCACTTGAGCCCGAGAGTTCAGGGCTGTGGTGCACAATGATCATGTCTGTGAATAGCCACTGCACTTCAGCCTAGGCAACATAGCAAGACCCTATCTC","AGCCTGGTGTAGTGGCACATGCCTATAGTGTCAGCTACTGGAGAGGTTGAGGCAGCAGGATTGCTTGAGTCCAGCAGTTCAAGGCTGTAGTGCACGATGATGGTGCCTGTGAATAGATACTGTGCTTTAGCATGGGCAACACAGCAAGACTCTGTCTG"
"GL873521","7601934","7602029","chr5","155700261","155700353","20","148098327","GGCTGAGCCCAGAGGCTCATGCCTGTAATTCTAGCACTCTGGGAGGCTGAGGCAGGTGGAGTGCTTGAGCTCAGGAGTTAAAAAAATCCAGTTTGA","GGCCGGGCACAGTGGCTCATGCCTATAATCCCAGCACTTTGGGAAGCTGAGGCAGGAGGATTGCTTAAGCCCAGGAGTTCAAGACCAGTCTTG"
"GL873521","7602314","7602531","chr2A","29137649","29137868","57","21535335","GACCAGTGTGAGCAAGGGCAAGACTCTGTCTCTACTAAAAATAGAGAAACTAGCTGAGCATTGTGGTGGGTGCCTAAAGTCTCAGCTGCTCAGGAGGATAAGGCAGGAAGATCTCCTGAGCCCAGGAGTTTGAGGTTGATGTGAGCTATGATGATATCGCATTCTAACCAGGTAACAGAGTGAGGCTTTGTCTCAAAAAAAAAAAAAAAAAAGAAAAA","CAGCCTGGTCAACATAGGGAAACTCTGTCTCTACAAAAAGTTAAAAAATTAGCTGAGCATGGTGGCACATGCCTGTAGTCTCAGCTACTCAGGAGGCTGAGGCAGGAGGGTCACTTGAGCCTGGGAGGCTGAGGCTGCAGTGAGCTGTGATCATGCTATTGCACTCCAGCCTGGGAGACAGAGTGAGATCCTGTCTCCAAAAATAAAAAATAAAAATAAA"
"GL873521","7608283","7608358","chr9","32411376","32411450","22","24803093","AGGCTGAGGAGGAAAGATTACTTGAGCCCCAAAATCTAGCCTTGGTGACATAGTGAAACTCTGTCTAAAAAAAATA","AGGTGGGAAGAGTACTTGAGGCCAGGAATTCAAATCTAGCCTGGGCAACATAGTGAAACCCTGCCTTAAAAAAAA"
"GL873521","7633232","7633420","chr7","4237351","4237553","52","3395881","GTGGTGGCTCATGCCTGTAATCGTAACACTCTGGGAGGCTGAGGTGGGTAGATTGCTTCAGCTTAGGAGTTCGGGACCAACCAAAGCAAGAATGAGACCCCCTCTCTACTAAAAACAGAAAGACTAGCCAGGCATTGTAGCAGGTCCTGTAGTCGCTACTCAGGAGGCTGAAGCAGGAGGATCACTTAA","GGTCAGGCATGGTGGCTCATGCCTGTAATCCCAGCACTTTGGGAGGCCGAGGTGGGCAGATTGCTTGAACTCAGGAGTTGAAGACTAGCCTGGGCAACACGGCAAAACCCCATCTCTACTAAAACTACAAAAACTAACTGGGCATGGTGGCACGCGCCTGTAGTCCCAGCTACTGGGGAGGCTGAGGTAGGAGGATCACTTGA"
"GL873521","7636438","7636492","chr5","38545852","38545906","11","30909414","ATTCAAGCCTGGGTGACAGAGTGAGACACTATCTAAGAACAATAAATAAATAAAA","ATTCCAGCCTGAGTGACAGAGTGAAACCCTGTCTCAAAACAAAAACAAAAACAAA"
"GL873521","7696982","7697091","chr9","129918441","129918551","24","122221459","TAATCCTAGCACTCTGGGAGGCCAAGGTAAGTGGATTGCTTGAGCTCAGGAGTTCAAGAGCAGCCTGAGCAAGAACAAGACCCCAACTCTATTAAAAATAGAAAAAAGCA","TAATTCCAGCACTTTGGGAGACTGAGGCAGGAGGATTGCTTGAGCTCAGGAGTTCGAGACCAGCCTGGGCAACATATTGAGTCCTCATCTCTATTAAAAATTAAAAAAATA"
"GL873521","7697336","7697489","chr7","132712253","132712405","44","125014917","GTAGAAAAAAGGCCAGCTGGGCATAGTGGTACATGCTTGTAGTCCCAGCTACTTGGAGACTAAGGTAAGAGGACTGCTTAAGTCCAAGAGCTTAAGGTTGCTGTGAGCTATGACACCACAGGGTGATAAGAGTGAGACTGTCTCCAAAAAAAAA","GAATTAAATAAAAATTAGCAGGGCATGGTGGCATGTGCCTGTAGTGCCAGCTACTTGGGAGGCTGACGCCAGAGGATTACTTGAGCCCAGGAGTTGGAGGTTACAGTGATCATGCCACTGCATGACAGAGTGAGACCCTGTCTCAAAAAAAAA"
"GL873521","7750582","7750651","chr7","149337669","149337736","11","141587087","GCTGGGTAAGAGTGGCTCATACCTATAATCCCAGCACTTTTGGGAGGCTGAAACAGGAGGATCACTTGAG","GCTGGGCACAGTGGCTCACACCTGTAATCCCAGCACTTTGGGATGCTGAGGCAGGAGGATCATTGGAG"
"GL873521","7784733","7784858","chr3","160952502","160952627","25","153167769","GGCCGGGCATTGATGGCTTCTACCTGTAATCCCAGCACTTTTGGAGGCTGAGGTGGGAGGTTTCATTGAGATCAGGAGTTTGAGACCAACTTGGGCAACAGTGAGACCCTGCCTTAAAAAAAAAAA","GGCCAGGCATGGTGGCTCACACCTGTAATCCCAGCACTTTGGGAAGCTAAGGTGGGAGGATCGCTTGAGCACAGAAATTTGAGACCAGCTTGGGCAACATAGAGATCCTGTCTCTATTAAAAAAAA"
"GL873521","7784884","7785052","chr16","1604263","1604439","38","6180621","AATTAGGCAGGCATGGTGGCACTTGTCCCAGCTACTTGGAAGGCTGAAGGAGGAGGATCACTTGAGCCCAGGAGTTAGAGGTTGCTGTGAGCTTTGATGCCACTGTACTCTAACCTGGGCAACAGAGTGAGATGTGCCTCAAAAACAAACAAACAAACAAAACCAAAAA","AATTAGCCAGGCATGGTGATTGGCACCTGTGGTCCCAGCTACTTGGGAGGCTGAGGCAGGAGGATGAATTGACCCCAGGAGTTTGAGGCTGCAGTGAGCTATGATGGCACCACTGCACTCTAGCCTGGGCGACAGGATGAGATCTGTAAAAAAATAAATAAAAATGAAAATAAAAAA"
"GL873521","7870707","7870997","chrX","70230306","70230599","61","62359599","GCTGGGCACAGCAGCTCACACCTGAAATCCCAGTACCCTGGAAGGGTGAGGATGGAGGATCACTTGTGGTCAGGAGTTCAAAAACAGCCTAAGCAAGAGTGAATCGCCATCTCTATTAAAAATAGAGAAATTAGCCAGGTGTGGTGGCATTTGCCTGTAGTCCCAGCCACTTGGGAGGCTGAGGCAGGAGGATCATTAGAACCCAGAAGGTGGAGGTTGCAATGAGCAGTAATGACACCACTGCACTCCAGCCTGGGTGACAGAGCAAGTCTCTGTTTCAAAAAAAAAAAA","GGCCAGGTACAGTGGCTCACACCTGTAATCCCAGCACACTGGGAGGCAGAGGCGGGCAGATCATTTGAGCTCAGGAGTTCAAGAGCAGCCTGGGCAACATGGTGAAATCCCATCTCTACAAAAAATAGAAAAATTAGCCGAGTGTGGTGGCACTCCTCTGTAGTCCCAGCTACTTGGAAGACTGAGATGGGAGGATCATTTGAGCCCAGGAGGCGGAGGTTGCAGTGAGCTGAGATTGCACCACTGCCCTCCAGCCTGGGCAACAGAGCAGGACCCTATCTCAAAAAAAAAAAA"
"GL873521","8041789","8041920","chr12","80555695","80555826","29","72513906","GTGGTGGCTCATGCGGATTATCCCAGTACTTTGGGGAGGTTGAGGCAGGAGGATTGCTTGAGCCCAGGAATTTGAGACCAGCCTGAGCAACATAGTAAGACTCTATACAAAAAAATAGAAAAATTAGCCTGG","GTGGCTCATGCCTGTAATCCCAACACTTTGGGAGGCTGAAGCAGAAGGATTGCTTGAACCAGGAGTTTGAGACCAGCCTGGGCAACATAGTGAGACTATCTCCACAAAAATAAATAAAAAATTAGCTGGGCA"
"GL873521","8042182","8042375","chr4","7236991","7237179","49","805191","GGTAAAAAAGAAAAAGAAAAATTAGCCAGGAGCACTAGCTTACGGCTTGTAGTCCTAGCTACTCAGGAGGCTGAGGTAGGGGAATTGCTGGAGTCCAGGAGTTTGAAGCCACAGAGAGCAAAGACCACACCACTGTACTCCAGCCTAGGCAATAGAACAAGACCCTGTCTCTGAAAAAAATAAATAAAAATAAA","TAAAAAAAATACTTAAAATTAGCCAGGCGTGGTGGCACACACCTGTGGCCCCAGCTACTCAGGAGGCTGTTGTAGGAGGATCCCTTGAATCCAGGAGGTCAAGGCTGCAGTAAGCCAAGATCACGCCACTGCATTCCAGCCTAGGCAACAGAGCAAGATCCTGTCTCTTAAAAAAAAAAAAAAAAAGAA"
"GL873521","8067082","8067383","chr20","31024244","31024552","81","22957162","GGCCAGGTGTAGAGGCTCACACTTATAAGCCCAGCACCCTGAGAGGCCGAAGTGGGTGAACTGCTTGAGCTCAGGAGTTCAAGAGTAGCCTGAGCAATAGTGAGAGCCGATTTCTACTAAAAACAGAAAACCTAGCCAGGCACTGTGGTGGCGTCTATAGTCCCAGGTACTCGGGAGGCTGAGGCAGGAGGATTGCTCAATCCTAAACTTTGAGGTTGCTGTGGGCAATAATGCCATATCTCTACCCAGGGGAAAAGAATGAGACTCTGTCTAAATAAATAAATAAATAAAATAAAAACAAA","GGCCAGGCACAGTGGCTCACACCTGTAATCCCAGCACTTTGGGAGGCCGAGGTGGTGGACTGCTTGAGCTCAGGAGTTCAAGACCAGTCTGGGCAACATGGCAAAACCTTGTCCCTACAAATAATACAAAAATTAGCCAGGTGCGGTGGCATGTGCCTGTAGTCCCAGCCACTTGGGAGGCTGAAGTGGGAGGATTGCTTGATCCTGGGAGGTAGAGGCTGCAGTGAGCCATAATTGTGCCACTGCACTCCAGCCTGGGCAACAGAGTGAGACCCTATCTCAAAAATAAATAAATAAATATAAAGAAAA"
"GL873521","8204885","8205108","chr10","14099107","14099324","63","5894222","CGAATTCGAAACCAGCCTGAATAAGAGTGAGATCCGTCTCTAATGAAAAGAGAAAAACTAGCAGGTTTTGTGGTGGGTGCCTTTAGTCTCAAGCTACTTGGGAGCCTGAGGCAGGAGGATCACTTAAGCCCAGGAGTTTGAGGTTGCTGTGAGCTATGATAACATTAGGGCATTCTAGCCTGGGAAACCGAGTGAGACTCTGTCTTAGAGAAATAAAAAATAAA","AGACCAGCCTGGGCAACATGACAAGATCCCGTCTCTACAAAAAATACAAAAATTAGCAGCGTGTGGTGGGGTGTGCCTGTAGTCCCAGTTACTTAGGAGGCTGAGGCAGGAAGATCACTTGAGCCCAGGACGGGGAGGTTACAGTGAGCCGTGATCACACCACCACACTCCAGCCTGGGTGACAGAGTGAAACTCTGTCTCTATAACAAACAAACAAA"
"GL873521","8205374","8205463","chr18","31130683","31130770","22","22925309","GCCGGACATGGTGGCTCATGTCCCTCCTGTAACCCTAGCACTCTGGGAGGCTTTGGCCTAAGGATTTGAGCTCAAGAGTTTAAGACCAGG","GGCCAGGCATGGTGGCTCACACCTGTAATCCTAGCACTTTGGGAGGCTAAGACCAGAGGATAATTAAGCTCAGGAGTTCAAGACCAGC"
"GL873521","8530940","8531225","chr4","131255414","131255698","71","122724474","GTCAGGTGTGATGGCTCGTCCTGTAATCCCAACACTCTGGGAGGCTGAGGCTGGTGGTTTGCTTGAGCTCAGGAGTTCTGAGACCATCCTGAGGTAAGAGTGAGACCCCATCTCTACTAAAATTAGAAAAAAAATTACCCAGGTGTAGCGGTGATGCCTGTAGTCCTAGCTACTTGGGAGGCTGAGGCAAGAGGATTGCTCAAGCCTGAGAATTTGAGGTTGCTGTGAGCTATGACTCCATCGCACTCAACCCCAGGGTGACTGAGTGTGATTGTCTGAAAAAGAA","GGCAGGACACGGTGGCTCACACCTGTAATCCCAACACTTTGGGAGGCTGAGGCAGGTGGATCACTTGAGCTCAGGAGTTGAGACCAGCCTGGGCAACATGGTGAAACCCCATCTCTACTAAAAATACAAAAATTAGCCAGGCATGGTTGTGGATGTCTGTGGTCCCAACTACTTGGGGGGCTGAGGCAGCAGGATTGCTTAAGCCTGGTAATTTGAGGCTGCAGTGAGCCATGTTCTTGCCAGTGCTCCAGCCTGGGTGACAAAGCAAGACCCTGTCTCAAAAAA"
"GL873521","9138426","9138710","chr17","16672309","16672598","64","7533883","GGTGGCTCATGTCTGTAATCCGAGCACTCTGGGAGGCTAAAGTGGAAGGATCACTTGAGCTCAGGAGTTTGAGACTAGCCTGAGCAAAAGTGAGAACAATGTCTCTATTAAAAATAGAAAATTAGCCAGGTGTTATGATAGGTGCCTGTAGTCCCAGCTATTCAGGAAGGCCAGGAAGGAGGATCCCTTGAGCTGGGGAGTTTGAGGTTGCTGTGAGCTGTGATGACACCATGGCACTCTACCCATGATGACAGAGTAAGACTGTCTCTAAAGGGAGAAAAAAAA","GTGGCTCACACCTGTAATCTCAGCACTTTGGGAGGCTGAGGCGGGAGGATCACTTGAGCCCAGGAGTTTGAGACCAGCCTGAGCAACATAGTAGGCTCCTGTCTCTACAAAAAAATACAAAAATTAGCTGGTACTGGTGGCATGTGCCTGTAGTCCCAGCTACTCAGGAGGCTAAGGCAGGAGAATCGCTTGAGCCCAGGAGGTTGAGGCTGCTATGAGCTGTGATGGCACCACTGCACTCCAGCCTGGGTGACAGAGTGAGACCTGGTCTCAAAAAGAAAAAAAAAAAA"
"GL873521","9337001","9337128","chr7","153795408","153795531","29","144458407","CTGGGCTCAGTGGCTCATGCTTGCAAGCCCAGCACTCTGGGAGGCCAAGGCAGGTGGATTGCTCGAGTTCAGGAATTTCAGACCAGTCTAAGAAAGAGTGAGAGCCCATCTGTACTAAAAATAGAAAC","CTGGGCACAGTGGCTCACGCCTGTAATCCTAGCACTTTGGGAGTCCAAGGCAGGAGGATGCTTGAGTCCAGGAGTTCAAGACCAGCCTGAGCAATATAGTGAGACCCCCATCTCTACAAAAAAA"
"GL873521","9337149","9337320","chrX","5183862","5184037","43","4153287","TAAAATACTAGCTGGGCATTGCGATGGGTGCCTGTAATTCCAGCTACTCAGGAGGCTGAAGCAAAAGGATCACTTGGGCCCAAGAGTTTGCGGTTGCTGTGAGCTGTGATTACACCACAGCACTCTCCCCAGGCAGAGAGAGACTCTGTCTTTAAAAACAAACAAACAAAAA","ATAAAAATATTAGCTGGGCATGCTGGTACATGCCTGTAGTCCCAGCTACTCAGGAGGCTGAGGCCTGAGGATCACTTGAGCCCAGGAGTTCCAGGTTGCAGTGAGCCGTGATTGCACCATTGCACTCCAGCCTGGGCCACAGGGCTAGACCCTGCTCAAAAGAAAACAAAAAAGAA"
"GL873521","9671716","9671832","chr6","38551166","38551279","31","28879450","GGCTAGGCAGGGAGGCTCAAAACTAAAATTTTAGCACTCTGAGAGCCCAAGGTGGGAGAATTGCTTGACCTCGGGTGTTTGAGACCAGTCTGAGCAAGAGTAACATCACATCTCTAC","GGCTAGGCGTAGGGGCTCAAACCTGTAATTCCAGCACTTTGGGAGGTCAAGGTGGGAGGATTACCTGAGGCCAGGAGTTTGAGACCAGCCTGAGCAACAGTGAGACTTTGTCTC"
"GL873521","9671895","9672063","chrX","24568892","24569057","39","14896997","TAATTAGCCAGGCATAGAGGTGGTATACACCTGTAGTCCCAGCTACTCTGGAGGCTAAGTCAGAAGGACTGGTTGAACCCAGGAGTCTGAGGTTGCTGTGACTAGGCTGATGCCACAGAACTCTAGCCTGATCAACAGAGTGAGACTCTGCCTCAAAATAAAAAAGGAA","AAATTAGCTAGGCATGGTGGCATGCAACTATAGTCCCAACTACTCAGGAGGCTGAGGCCGGAGGATGGTTTGAGCCCAGGAGGTGGAGGTTGCAGTGAGCCAAGATCACACCACTGCACTCCAGCCTGGGCAACAGAGTGAGACCCTGTCTCAAAAAAAAAAAAAA"
"GL873521","9699009","9699116","chr16","57943722","57943822","32","48244713","TCTGAGACACTCGGGAGGCTGAGCCTAGGAGTTTGAGGTGACAGTAAGCTAAGTTGATGTCACTGCATTCCATCCTAGGCAACAAAGCAAGATCTTATCTCTAAAAGA","GGAGGATTGCATGAGCCCAGGAGGTTGAGGCTGCAGTGAGCCAAGATCGTGCCACTGCACGTCAGCCTGGGCAACAAAGCAAGACTCTATCTCAAAAAAAA"
"GL873521","9699330","9699522","chr6","3030697","3030873","65","6668633","GGCTGCATGTGGTGGCTCGTGACTGTAATTTCACCACTTCAAAAGGCTGAGGCAGAGGAGTCACCTGGGGCCCAGAAAGTCACCCTTAAAGTCCAGCCTGAGTAACACAGTGAGACCCAAGATCCCAACTCCACAAAAGAAAAAAGAAGGGAAAGGAAAGAAAAGAAGAGTGGTGTGTGGTGACCTCCTAGAC","GGCCAGGCATGGTGGCTCTCCCCTGTAATCCCAGCACTTTGGGAGGCCAAGGCAGAAGGATCGCTTGAGCCCAGGAGTTTTAAGACCAGCCTGAGCAACACAGAGAGACCAGATCCCACTTCCACAAAAAAAAAAAAAAAATATTTGCCAGGCGTGATGGTGCATGCCTGTAGTCCC"
"GL873521","9879625","9879892","chr2A","20521665","20521953","79","10642040","GGGTGGGCACTGTGGCTCAGGCCTCCTAGCACTCTGGGAGGCCGAGCTGGGTGGATGACTTGAGCTCATGAGTTTGAGACCAGACTGAGCAAGAGCAAGCCCCATTTTTAAAAATAGCCAAGTGTCATGGTGGGCATCTATAGTCCCAGCCAGTTGGCAGGCTGAGGAAGAAGGCTTACTTGAGCTCAAGAGGTAGCTGTGAGCTGTGATGCCATGGCACTCTACCCAGGACAACAAAGTAAGACTGTCTCCAAAAAAAAGAAAAAAA","GGCTGGGCACAGTGGCTCACGCCTGTAATCCCAGCACTGTGGGGAGGTCAAGTTGGGTGGATTGCTTGAGCCCAGGAGTTTGAGACCAGCCTAAGCAATAGGCAAAACCCTGTCTCTACAAAAATCAGCCAGGTATGGTAGTGCGTACCTGTAGTCCCAGCTACTCAGGAGGCTGAGGTGGGAGGATCACTTGAGCCTGGGAGGTGAAGGCTGAAATTAGCCATGATCATGCCACTGCACCCCAAGCCTGGGCAACAGAGCAAGACCTTGTCTCAAAAAAAAAAAAAAA"
"GL873521","10097455","10097754","chr11","114714719","114715027","67","104617264","GGCCTGGGTGTGGTGGCTCACACCTTAATCCTAGCACTCTGGGACGATGAGGCAGGTTTGCTTGACCTCAGGAGTTTGAGAGCAGCCTGAACAAGAGTGAAACTCTGTCTCTACTAAAAACAGAAAAACTAGCCTAGTGTAGTGGTGCACCCCTGTAGTCCCAGCTGCTCAGGAGGCTGAGGCAAGAGGATCACTTGAGCCCAAGAGATTGAGGTTACTGTGAGCTGTGAGGCTGTGTTACTCTACCCAGGGCAAGAGAGTGAAGCCATCTCAAAAAAAAAAAAAAAAAAAAAAAAAAAA","GGCCAGGTGTGGTGGCTCACACCTGTAATCCCAGCACTTTGGGAGGCTGAGACAGGTGGATTGCTTGAGCCTAGGAGTTCGAGACCAGCCTGGCAACATGGCGAAACCTTGTCTCTACAAAAAATACAAAAATTAGCCAAGTGTGGTGGTGCACACCTGTGGTCCAAGCTACTCGAGAGACTGAGGTGGGAGGATTGCTTGAGCCCAGGAGGTTGAGGCTGGGGTGAGTTGAGATCATGCCACTGCATTCCAGCCTGGGCAACAGAGGAAGACCCTGTCTCAAAAAAAAAAAAAAAAAAAAAAAAAAAA"
"GL873521","10225742","10225927","chr15","49930173","49930354","59","39704431","TGGCTTACACCTGTAATCCTAGCACTTTGGGAGGCCACAGCAGATGGCTGCTTGAGCTCAGGAGTTCAAGCCTAGCCTAAGCAAGCCAGAACCATTGCCACTAAAAACAAAAAAAATAGCTGGAGTTGTGGGCACCTGTAGTTAGTTCCAGCTACTTAGGAGGCTGAGGAAAAAGGATGGCTTGAT","GCCTGTAATCCCAGCACTTTGCGAGGCCGAGGCCAGGCAGATCACTTGAGCCCAGCAGTTCAAGACCAGCCTGGGCAACATGGCAAAACTCCTTCTCAACAAAATACATAAAAATTAGCTGGGTGTGGTGGCATGTACTTTCAGTCCCAGCTACTCAGGAGGCTGAAGCAGGAGGATCATTT"
"GL873521","10226192","10226278","chr4","154285033","154285123","27","144058841","GAGGATGGCTTGAGCCCAAGAGTTTGAGGTTGCTATGAACTATGATGTCATGGCACTCTATCCCTGGCCACAGAATCAGACTCTGTC","GGAGGATCACTTGAGCCCAGGTGGTTGAGGCTGCAGTGAGCTGTGTTTATACCACCACACTCCAGCCTGGGCCGCAGAGTGAGACTTTGTC"
"GL873521","10399308","10399475","chr9","96945917","96946089","50","86546609","GGCCAGGTATGGTAGCTCACACCTGTAATCCTTGTACTCTGGGAGGCTTAGGAGCAAAGATCACCTAAGTGTAGGCATCTGAGACCAGTTTGAGCAAGTGAAACCCCATATTTACTAAAATTAGAAAAATTAGCTAAATGTTGTGGCAGGAACCTATCGTCCTAGCTA","GCCGGGTACAGTGGCTCACACCTGTAATCCCAGTACTTTGGAAGGCCAAGGCCAGAGGATTACTTAAGGCCAAGAGTTTGAGACCAGTCTGGGCAACATGGTGAAACCCCATCTGTACAAAAAATACAAAAATTAGCTGGGCATGAGGGCATTTGCCTGTGGTCCTAGCTACT"
"GL873521","10449464","10449583","chrX","134402652","134402771","17","123953188","GGCCAGAGGTGGTAGTTCATGCCTATAATCCCAGCAATTTGGGAGGCTGAGGGGGGAGGATAGCTTGAGGCCAGGAGTTTGACCCCTGCCTAGGCAACATAGTGAGACCCTATCTCTACT","GGCCAGATGTAGTGGCTCATGCCTGTAATCCCAGCACTTTGGGAGGCTGAGGTGGGAGGATCACTTGAGCCCAGGAGTTTGAGACCAGCCTGGGCAACATAGCAAGACCCTGTCTCTACT"
"GL873521","10449618","10449745","chr1","23164480","23164594","46","12714862","CCAACCATAATCGAGCACCTACAGTTCTAGCTACTCCGCAATCTCAGGCAGGGGAAGATTGCTTGAGTCTAGGAGTTCAGGGTAAGCTACTGCCCTTCAGCCTGGGAAACAGAGGAAGACCTTGTCTC","GGCCAGGCACAGTGGTGCCTACCTACAATCCCAGCACTTTGGAAGGCTGAGGCAGGAGGATCGTTTGAGGCCAGGAGTTCAAGATCAGCCTGGGTAACATATCAAGACCTGTCTC"
"GL873521","10796827","10797050","chr7","39187608","39187844","67","28390781","ACTCTGGGAGGCCAAGACAGGTGGATTGCTTAAGCTCAGGAGTTGGAGACCAGCCTAAGCAAGAGTGAGACCTCGTCTCTAAAAATATCTGGGCATTGGTTGGGCACCTGTAGTCCCAGCTACTCAGGAGGCTGAGGCAATAGGATTGCTTGAGCCTAAGGATTCCTGTGAGCTATGATCCCACAGCACTTTACCAAAGGTGACAAAGTGAGACTCTATCTCAA","CACTTTGGGAAGCCAAGGCAGGAGGATTGCTTGAGTGAAGGAGTTCAAGACCAACCTGGGCAAGATTGGGAGAAAAAAATTAAAAATTAGCTGGGCATGGTGGTGCATGCCTGTAGTCTCAGCCACTGGGAAGGCTGAGGCAGGAGGATCGCTTGAGCCTGAGAGATTGAGGCTGCAGTGAGCCTTGATTGTGCCACTGCACTCCAGCTTGGGCAACAGAGTGAGACCCTGTCTCAA"
"GL873521","10797081","10797110","chr4","40399247","40399277","7","29602166","CTGGGTGCAGTGGCTCATAGTTGTAATCCT","GGCTGGGTGCAGTGGCTCACATCTATAATCC"
"GL873521","11204849","11204966","chr7","73480490","73480609","28","62275641","GGCCAGGCATAGTGGCCTCCAAAAATCTTAGGACTTTGGGAGGTAGAGGTAGGAGAACTACTTGAGCCAAGGAATTCAATACTAGCCTGACCACAATAATGAGACCCTACCTCTACCA","GGCCAGGCACAGTGGCTCATGCCTATAATCTCAGTGCTTTGGGAAACTGAGGCAGGAGGATCACTTGAGCCCAGGAGTTCAAGACCAGCCTGGACAGCATAATGAGACTCCACCTCTACA"
"GL873521","11205003","11205140","chrX","7019379","7019524","37","4185624","TAGCCAGGCATGGTGGCACATACCCAAGTCCCAGTTACAGAAGAAGCTGAGGGAAGGGTATCAGGCCCAGAAGTTCAAGGTTGCCATGAGAGATGATCACACCACTGCAGTTCAGCCTGGGCAGCAGAGAGACCCTAT","TAGCCAGGCATGGTGGCACATGCCTGTAGTCCCAGCTACTCAGAAGGCTGAGGTCGGAGGATCTCTTGAGCCCTGGGGTGCAAGGCTGCAGTGAACCATGATCACACCAGTGCACTGCAGCCTGGGCAACACAGCAAAACCCTGTC"
"GL873521","11332611","11332889","chr9","110082691","110082973","78","98750080","GACGGGGAGCCATGGCTTGAGACTGTAATCCTAGTACTCTAGGAGGCCAAGGTGAGTGGATTACTTAAGCTCAGGAGTTAAAGTCCAGGCTGAGCAAGAGTGAGACCCTGTCTCTCCCCCAGATAGGAAAACTAGCCGGACATTGTAGTAGGCACCTGTAGTCCCAGCTTCTGAGGAGGCTGAGGCAAGAGGATTGCCTGAGCCCAACAGTTTGAGGTTGCTGTGAGCTAAAATGCCATGGAACTCTACCCATGGTGATGGAGTAGGATTCTGTCTCAA","GACTGGGCATGGTGGCTCCCAAAGTGTAATCCCAGCACTTTGGGAGGCCAAGGTAGGTGGATTGCTTGAGCCCAGGAGTTTGAGACCAGCCTGGGCAACATGGTAAAACCCTGTCTCTACAAAGAATACAAAAATTAGCTGGGCATGGTTGCATGCACTTGTGGTCCCAGCTACTCAGGAGGCTGAGGTGGGAGGGTCACTTGAGCCCAGGAGATTGAGGCTGCAGTGAGCTGAGATCGTGCCACTGCACTCTAACCTGGGTAATGGAGTGAGACCCTGTCTC"
"GL873521","11332916","11332939","chr22","30701628","30701648","4","19368712","ATAAAACTAAAAAGTAAGAAAAAA","AAAAACTAAAAAGAAAAAGAA"
"GL873521","11407564","11407699","chr17","81073514","81073640","45","69665950","AAAAACTAATGGCTGGGCATAGTATGTGTAGGTAGACTAGGCTACTTAGGAGGTCAAGGCAGAAGAATCACTTGAGCTCATGAATTTGAGGCTAGCATGGGCAATGATACCTCAGGTCTCAATAAAATATAAAAAA","GCCAAGCACAATGGCTCATGCTGGTAATTCTAGTACTTTAGGAGGCCAAGGCAGTAGGATCACTTGAGGCCAGGAGTTTGAGACCAGCGTGGGCCACACAGAGACCCTCCCTGTATAAAAAAAAAAA"
"GL873521","11442747","11442764","chr1","62222108","62222122","3","50779361","CCCATAAAATAAAATAAA","ATAAAATAAAATAAA"
"GL873521","11442802","11443056","chr17","73117863","73118118","82","61675061","GGCTGGGCGTGGTGTTTCATGCATGTAATCCTAATACTTTCAGAGGCTGAGGTGGATGCACTGCCTGAGCTCAGGATTTTAAAGCCAGCCTGAGGAAGAGCAAGACCCCATCTCTAAAAAATAGCTGGGCATTGTGGTGGGTGCTTGTAGTCCCCATTGTGGTGGGTGCTTGTAGGTAGCTCACGAGTTTGAGGATGCTGTGAGCTATGATGCACCACACTTCTTTCTACCCAGGGAGACAAAGCAAGACTCTGT","GGCCGGGCGTGGTGACTCATGCCTGTAATCCCAGCACTTTGGGAGGCCGAGGCGGGTGGATCACCTGAGCTCAGGAGTTCAAGATCACCTTGGGCAATGTAGTGAGACCTCACCTCTACAAAAATGAGCCAGGCATGGTAGTGCATGCTTGTAGTCCTGACTGAGGCAGGAGGATGATGAGCCCAGGAGGCAGAGGCTACAGTGAGCCATGATCGCTCCATCGCACTCTAGCCTGGGTGATGTGACACCCTGTCTC"
"GL873521","11751009","11751243","chr8","26546785","26547018","61","14795776","CAAGACCAGCCTGAGCAAAGCTAAACCCTGTCTCTACTAAAAATAAAAGGATTAGCTAGGTATGGTGGCATATGCCTGTAGTCCCAACTGCTCAGGAGTCTCAGGCAAGAGGATTGCTTGAGCCCATGAGTTAGAGGTTGCTGTGAGCTTTGATGTCATGGCACTCTATCCAGGGCAACTGAGTGAGACTGTCTCAAAATAAATAAATAAATAAATAAGAAAGAAAGAAAGAAAA","CAAAATCAGCCTGGGTCACATGGTAAAACCCCATCTCTACAAAAAATACAAAAATTAGCCAGGTATGGTGGCTTACACCTGTACTTCCCAGCTACTTGGGGGGCTGAGGCGGGAGGATCGCTTGAGCCCAGGAGGTAGAGGTTGCAGTGAGCTGAGATCGCACCACTGCACTCCAGCCTGGGTGACGGAGTGAAACCCTGTCTTAAAAAAAAAAAAAAAAAAAAAAAAAAAGAA"
"GL873521","12019379","12019705","chr16","68023292","68023602","103","56003913","GCTCACACCGATAATCCTAGCTCTGGGAGGCTGAGGGGGCAGGATCTCTTGAGCTCAGGAGTTTGAGACCAGACAGAGCAAGAGTGAGACCTTGTCTGTACTAAAAATTAACCAGGTGTGGTGGAAGGTGCCATCGTCTCAGCTACTCTGGAGGCTGAGGCAGGAGGATCCCTTGAACCCAGGAGGTTGAGGTTGCTGTGAGCCAGGCTAATGCCAAGATCTGGGGCATCAGAGTAAAACTGAGGTTGCTGTGAGCCAGGCTGATTCTAGCCTGGGCAACAGAGTAAGACTCTGTCTCAAAAACAAACAAACAAAAAACAAAAAAAA","CGGTGGCTCACACCTGTAATCCCAGCACTTTGGGAGGCTGAGGTGGGAGGATCACTTGAGCTCAGAAGTTTGAGATCAGCCTGGGCAACATGGCAAAACCTATCTCTAGAAAAAATACAAAAACTAGCCAGAGTGGCACGTGCCTGTTGTCCTAGCTACCCAGGAGGCTGAGGTAGGAGGATCACTTGAACCTGGGGGCAGAGATTGCAGTGAGCCATGATTGTGCCACTGCACTCCAGTCTGGGCAACTCCAGCCTGGGCAACAGAATGAGACTCTGTCTCAAAAATAAAAAAGAAAAGAAAAGGAAAAA"
"GL873521","12059316","12059592","chr5","143468399","143468692","69","131409083","GGCTAGGTGCAGTGGCTCATGCCTGTAATCCCAGCACTCTGGGAGGCTCAGGCAGGTGGATTACTTGAGCTCAGGAGTTGGAGACTAGCCTGAGAAAGAGTGAAACCCATCTCTACTAAAAATAGAAAAACTAACCAGGTGTGTGGTGGTCCCCTATAGTCCCAAATACTGGGGAGACAAGAGAATTGTTTGAGCCCAAGAGACTGAGGTTAGCTGTGATGACTCCATAGCACTCTACCCAAAGTGACAGAGTGAGATTCTGTCTCAAAAAAGGAAA","GGCCAGGCACAGTGGCTCATGCCTGTAATTCTAGCACTTTGGGAGGTCAAGGCAGGCAGATCACTTGAGCTCAGGAGTTCGAGACCGGCCTGGGCAACAGGGTGAAACCCCATCTCTACAAAAAAATACAAAAACTAGCCAGGTGTGGTGAAGTGTGCCTGCAGTCCCAGCTACTCAGGAGGCTGAGGCAGGAGAATTGCTTGAGCCTGGAGGCTGAGGTTGCAGTAAGTCAAGATCATGCCATTGCACTCCAGCCTGGGTGACAGGAGTGAAACCCTGTCTCAAAACAAAGAA"
"GL873521","12087639","12087865","chr4","25649068","25649301","60","13561429","GGCTGGGCTAGGTATACCATGCCTGTAATCCTAGCATCCTTAGAGGCAGAAGCAGGATTCCTTTAGCTCAGGAGATTAAGACCAGCCTGAGCAAGGGTGACACCCCATTTCCATCAAAAATAGAAAAACTAGCTGGGCATAGTGGTGGGCATCTGTAGTCCTAGCTACTCGGGAGGCTGAGGCAAGAGGATCCTTGGAGCCCAGGAGTTTGGGGTTGCTATAAGCCG","GGCCGGGCATGGTAGCTCACGCCTGTAATACCAGCACTTTGGGAGGCTGAGGCGGGCTGATCACTTGAGTCCAGGAGATAGAGACCAGCCTGGGCAACATGGCAAAATCCCATCTCTATAAAAAAAACACAAAAATTAGCTGGGCATGGTGGTGTGCACCTATAGTCCCAGCTACTTGGGAGGCTGAGGCAGGAGAATCTCCTGAGCCCAGGAGGTGGAGGCTGCAGTGAGTCG"
"GL873521","12170072","12170342","chr3","111501569","111501837","73","99331497","GCCAGATGCAGTAGCTTACAGCTATAATCCCAGTACTTTGGAAGGTCAAGGCAAGAGGATTGGTTGAGACCAGGAGTTGAAGACCAGACTGGACAATGTAGTAAAACCCTATCCCTACAAAAAATAGAAAAAATTAGCTGGGTGTCATAGCTCTTGCTTATAGTCCCAGCTACCTGAGAGGCTGAGGGAAGAGGATCACTTGAACCCCTGAGATTGATACCATGGTACTCCACCTTGGGTGACAAAGTGAGACCCTTTCTCAAAAACAAAA","GGCTGGGTGTGATGGCTCACATCTATAATCCCAGCACTTTGGGAGGCCAAGGCAGGTGGACTGTCTGAGACCAGGAGTTTGAGACCAGCCTGGGCAACATGGTGAAACCCTGTCTTGACAAAAAAAATAAAAAATTAGCTGGGAGTGGTGGTGTGCACCTGTAGTCCCAGCTATGCGGGAGGCTGAGATGGGAGGATCGCTTGAGCCCGGCAGGCAGAGGTTCACTCCAGCCTGGGCGACAGAGTGAGACCCTGTCTTAAAAACGAAAA"
"GL873521","12688417","12688615","chr16","83498862","83499063","66","70810445","AAATCAGCCTGAGCAAAAGCAAGATCCAGTCTCTACAAAAAACTAGAAAAATTAGCCAGGCATGGTGATACACTCAGGAGAATGAAACAAGAGGATCACTTGAGCCCCGGGGTTTGATGTTGCACAGTGAGCTATGGCGATGCTGCTGCTCGGATAACAACGCGAGATGAGACCCCGTCTCAAAAACAAACAACAAAAA","ACTAGCCTGGGCAACACAGCAAAACCCCATCGCTACAAAAAATACAAATATTAGCCAGGTGTGATGGTGCATGCCTAGGGAGGCTGAGGTGGGAGGATCACTTGAGTCCAGGGAGGCTGAGGCTGCAGTGAGCTGAGATTATGCCACTGCACTCCAGCCTGAGTGACAGAGTGAGAACCTGTCTCAAGAAAATTAAAAAAAA"
"GL873521","12689719","12689822","chr7","26479088","26479188","21","13789369","GCTGAGTACAGTAGCTCACTTCTTTCATCTCAGCACTATGAGAGGCTGAGTCAGGAGGATCACTTGAGGCCAGGATTTTGAGACAAGCCTGGGGAACATAGTGA","GCTGGGTGCTGTGGCTCACATGTATAATCACAGCACTTTGGGAGGCTGAGGCAGGAGGATCACCTGAGGCCAGGATTTCAAGACCAGCCTGGGCGAAATGG"
"GL873521","12747705","12747831","chrX","118392849","118392966","30","105645144","GCCAAGCATGGTAGCACAAGCTTTGTAGGCCCAATTACTTGGGAGGCTAAGATGGGAGGATCACTTGAGCCCAGGAGTTTGAGGCCAGCCTGAGAAACACTCCAAGACCCTCTTTATTTAAAATATA","GCCAAGCATGGTGGCTCATGCCTGTAATCCCAGTACTTTGGGAGGCTGAGATGGGAGGATAGCTTGAGCCCAGGAGTTTGAGACCAGCCTGGTAACACAGTGAGACCTCATCTCTACA"
"GL873521","12758304","12758462","chr7","65488595","65488751","43","52730291","ACTTAGCTGAATATAGTAGCACAAGCCTGTATTTCCAGCTACTCAGGAGGCTGAGGCAGGAGGATCACTTGGGCTTACAAGTTGGAGGTTGTGGTAAGCTATGATGATGCCACTGCCCTCTGCCCCAGGCAAATGTGATGCCTTGTCTCAACAACAAAA","TTAACTGGGTATAATGACACATGCCTGTAGTCCCAGCTACTAGAAAGGCTGAGGTAGGAGGATTGCTTGAGCCTGAGAGGTTGAGGATGCAGTGAACCATGATCAGGCCACTGCACTCAGCCTAGGCAACACAGTGAGACCCTGTCTCAAGAAAAAA"
"GL873521","12758495","12758600","chr16","15961202","15961315","30","3202707","GTGGCTGGTGCATATAATCCTACCACTTTGGAAGGAGGAGGGAGAATCATTGAAACCAGGAGTTCAAGAACAGCCCAGGCAGGCTATAGTGAAATCTCATCTCTAC","GTGGCTGGGCATGCCTGTAATCCTAGCACTTTGAGAGGCTGCAGCGGAAGGATCGCTTGAGCCCAGGAGTTCAAGAACAGCCTAGGCAACATAGCAAGATCCCTGTCTCTACAA"
"GL873521","12822938","12822952","chr1","210017045","210017059","2","197194107","TAAAACAAAAGAAAA","TAATAAAAAAGAAAA"
"GL873521","12822989","12823283","chr7","75828649","75828941","71","63005660","GGCCAGGCAAGGTGGCTAACTGCTGTAATCTTAGCACTCTAGGAGGCTGAGGCAAGAGAATTCCTTGAGGTCAGGAGTCAGAGACCAGCCTGAGCAAAAATGACACTCCACCTCTATGAAAAATAGAAAACAAAAATTAGCCAGGTGTGATGGCCCATTTCTGTAGTCCCAGCTACTGGGGAGGCTGAGGCAGGAGGATAGCTTGAGCCCAGGAGCTTGAGGTTGCGGTAGCTAGGCAGATGGCTCAGCACTCTTTCTAGCCTGGGCAACAGAGCAACATTCTATCTCAAAAAAT","GGCTAGGCATGGTGGCTCATGCATGTAATCCCAGCACTTTGGGAGGCTGAGGCGGACGGATCACTTGAGGTCAGGAGTTCGAGACCAGCCTGGTCAACATGGTGAAACCCCATCTCTACTAAAAATATAAAAATTAGCCAGGTGTGGTGGCGCATGCCTGTAGTCCCAGCTACTTGGGAGACTGAGGTGGGAGGATCCCTTGAGCCTGGGAGGTTGAGGCTGCAGTGAGCTGTGATGGCACCACTGCACTCCAGCCTGGGCAATAGAGCAAGACCCTGTCTCATAGGAAAAAA"
"GL873521","13041237","13041319","chr5","49472177","49472254","12","36430940","GGCCAGTCATGGTGGCTCATGCCTATAATCCTAGCACTCTGGGAGGCTGAAGCAGGAGGATCACTTGAGCTCAGGAGTTTGAG","GGCCTGGCATGGTGGCTCATGCCTGTAATCCAGCATTTTGGGAGGCTGAGGCAGGAAGATCACTTGAGCTCAGGATTT"
"GL873521","13102109","13102207","chr16","30194624","30194720","25","17092515","TGAGCCCAGGAGTTTGAGGTTGTTGTGAGCTGAGCAGACCACACAGCATTCTAGCTTGGGCAACAGAGTGACATTGTGCTTCAAAAAAAGAAAAAAAAA","TGAGCCCAGGAGTTTGAGACTACAGTGAGCTATGATTACACCACTCCTCTCCAGCATGGGCAACAGAGTGAGACACTATCTCAAAAAAAAAAAAAAA"
"GL873521","13102475","13102686","chr2B","236887995","236888203","46","223785520","GGCCAAGTGTGGTGGCTCATGCTTGTAATCCTAGCACTCTGGGTGGCTGAGGCAGGGGGATCACTTGAGCTCAGGAGTTCAAGACCAGCTTGAGCAAGAGTGAGAACCCATTTCTACTCAAAATAGAAAAAAATTAGACAGGCACTGTGGTGAGTGCCTGTAGTATGAGCTACTTTGGAGGCTGAGATAGGAAGATCACTTGAGCCCAGGAG","GGCTAGGCGCAGTGGCTGAAGCCTGTAATCCTAGCACTTTGGGAGGCCGAGGTGGGCGATCACTTTGGCTCAGGAGTTCGAGACCAGCCTGGGCAATATGGCAAAACCCCATCTCTACACAAAATACAAAAATTACTCAGATGTGGTGGTGAGTGCCTGTAGTCCCAGCTACTTTGGACGCTGAGGTGGGAAGATCACCTGAGCCCAGG"
"GL873521","13327200","13327291","chr3","43397692","43397785","20","30070492","CTATCACTTTAGGAGGTGAGGTGGGAGGATCACTTGAGGCAAGGAGTTCAAGAGCAACCTAGGCAACATAGGAACCCCTCTGTCTCTCCAAA","CCCAGCACTTTGGGAGGCTGAGGTGGGCAGATCTCTCGAGCCCAGGAGTTCAAGACCAGCCTGGGCAACATGGTGAAACCCCGTCTCTACCAAA"
"GL873521","13327700","13327732","chr1","70851001","70851033","8","57523301","GCTGGATATGGAGTCTCACACCTGTAATTCTAT","GCTGGGCATGGTGGCTCATCCCTGTAATTCCCT"
"GL873521","13722076","13722356","chr17","55905881","55906166","74","42183805","GTCTGGCGTGGTGGCTCAAGCCTATAATCCTAGTACTCTGGGAGTCCAAAGTGGGTGGATTGCTTGAGCTCAGTAGTCTGAGACCAGCCTGAGTAAGACCCAGACATCGTATCTACTAAAAATAGAATAAACTACCTGGGCATTGTAGCGGGTGCCTACAGTCCCAGCTACGTGGGAGGTTGAGGCAAGAGGATCACCTGAACCTAGAGAATGAGGTTGCTGTGAGCTATGATGAGGTCAAGGCACTCTACCCAGAGTAACAGAGTGAAATTCTATCTCAA","GGTCAGGCATGGTGGCTCAGGCCTGTAATCCCAGCACTTTGGGAGGCCAAGGTGGGCAGATTGCTTGAGCCCAGGAGTTTGAGATCAGCTTGGGCAACATAGTGAAAACTCATCTCTACAAAAAATTAAAAAAATTAGCTGGGCATTGTGGCACGTAACTGCAGTCCCAGCTACTTGAGAGGCTGAGGTGAGAGGATCACCTGAGGCCGGGAAGTCGAGGCTGCAGTGAGCTGTGATTGGGCCACTGCACTCCATCCTGGGCGACAGAATAAGACCCTGTCTCAAA"
"GL873521","13722635","13722652","chr6","90847853","90847870","1","77125218","AAAAAAAAAAAAAAAAAA","CAAAAAAAAAAAAAAAAA"
"GL873521","13789517","13789832","chr12","121838917","121839229","75","108049400","GCTGGGTGTGGTGGCTCATATCTGTAATGATAGCACTCTGGGAGGTCAAAGCAGGGAGATTACTTGAGCTCAGGAGTTAGAGAGCATCCTGAGAAAGAGTGAGATCCCTATCTATACTAAAAACAGAAAAACTAGCCAGTTGTAGTGGCAGGCACCTGTAGTCCCAGCTACTTTGGGAGTCTGAGACAAGAGGATCTCATAAGCCCAAGAGTTTGAGGTTGCTGTGAGCTGCGATGCCACAGCACTCTACCTGGGGTGACAGAATGAGACTTTGTCTCAAAAAAATAAAAAATAAAATAAAATAAAATTTAAAAAA","GGCTGGGTGTGGTGGCTCATGCCTGTAATCCCAGCACTTTGGGAGGCCAAGTCAGGAGGATTATTTGAGCCTGGGAGTTTGAGACCAGCCTGTGCAACATGGTGAGACCTCATCTCTACAAAACATAAAAAATTAGCCAGGCATGGTGGCATGTGCCTGTAGTCCCAGCTACTTGGGAGGCTGAGGCAGGAGGATCAGTCGAGCCCAGAAGATTGAGGCTACAGTGAACTGTGTTCATGCCACTGCACTCCAGCCTGGGTGACAGAGTGAGACCTTGTCTCCAAAAAAATCAAATAAATAAAAAAATAAAAAA"
"GL873521","13902129","13902272","chr17","73619699","73619842","30","59717570","GGCCAGGCATAGTGGCTCGCACCTATAATCCAGTACTATGGGAGACCAAGGCTGGAGGATCAATTGAAGCCAAGAGTTAAAGACCAACCTGGGCAACATAGAAACACTTCACCTATATAAAAAAAAAAAAAAAGAAAGAAAAAA","GGCCAGGTATGGTGGCTCACACCTGTAATTTCAGCACTTTAGGAGGCTGAGGCAGGAAGATCACTTGAGGCCAGGAGTTCAAGACCAGCCTGGGCAACATGGCAAGGCTTCATTTCCACAAAAAAAAAAAAAAAAAAAAAAAAA"
"GL873521","13902315","13902339","chr7","66627085","66627108","7","52724770","AAAAATTAACCCAGCATGGTGGCGC","AAAAAATTAGCCAGGCATGGTGAC"
"GL873521","13902374","13902499","chr7","68063538","68063660","30","54161164","AGTCCCAGCTACCATAGAGGTTGAGCCAGGAGGATCACTGAAGCCCAGAGCCCAGAAGTTTGAGGTTGCAGTAAGCTATGATCATGCCACTGTACTCTAGTCTAGGTGACAGAAGGAGACCCTGTC","GTAGTCCCAGCTACAAGGGAGGCTGAGGCAGGAGGATGGCTTGAGCCTGGGAAGTTGAGGCTGCAGTAAGCTATGATCATGCCACTGCACTCCAGCCTGGGTGACAGAGTGAGATTCTGCCTC"
"GL873521","14127800","14127881","chr3","123515043","123515137","26","109387243","GGCTAGATATGGTGGCTCATGCCTATCTGGAAAGCTGAGGCAGGAGGATTGCAAGAGGCCAGAAGTTTAATACCAGGCTAAG","GGCCAGGTATGGTGGCTCATGCCTATACTCCCAGCCTTTTGGGAGGCTGAGACAGGAGGACTGCTTGAGGCCAGGAGTTTAAGACCAGCCTGACT"
"GL873521","14128162","14128352","chr4","26023510","26023691","57","11895348","GGGCTGAGAATGAGATCCCATCTTTACAAAAAATTACCCAGGTATAGTGGCATCATCCTAGCTACTTGGGAGGCTGGGGCAGGAGGATTTCTTGGGCCCAGGAGTGTGAGGCTACGCTGAGCTATGATACCACTGCACTTTAGCCTGGATGATACAGCAAGATTTTACCTCAAAAAAAAAAAAAAAAAAAA","GGGTGGGAAAAAATTATCTGGAAATGGTGGCATATGCCAGTGGTCCTAGCTACTTGGGAGACTGAGGCTGGAGGATCACCTGAGCCCAGGAGTTAGAGGCTGCGGTGAATCGTGATCATGCCACTGCACTCTAGGCTGGGCAATAGAGCAAGACCCTATCTCGAAAAAAAAACAACAAAAAA"
"GL873521","14184019","14184216","chr17","61651681","61651883","50","47467662","GGCTGGGCATGGTGGCTCATGCCTGTAACCCTAGCACTCTGTGAGGCCAAGGCAAGTGGATCACCTGAGCTCAGGAGTTTGAGAACAGCCTGAGCAAGAGTGAGACTCCATCTCTAAAAATAGTTGGGCATTTGTGGTGAATGCCTATAGTCTCAGCTACTCAGCTACTTAGGAGGCTGAGGCAAGAGGATTGCTTGA","GGCTGGGTGCAGTGGCTCACGCCTGTAATCCTGGCACCTTGGGAGGCCAAGGTGGGAGGATCACTTGAGCCCAGGAGTTTGAGATCAGCCTGAACAACGTGGTGAAACTCCATCTCTACAAAAAATACAAAAATTAGCTGGGCTTAATGGCATATGCCTGTGGTCCCAGCTACTGAGGAGGCTGAGGTGGGAGGATTGATTGA"
"GL873521","14185943","14186062","chr8","25834967","25835086","23","11649024","GGCAGGGTGCAGTGGCTCACACCTATAATCCCAGCACTCTGGGAAGCTGAGGTGGGAGGATTGCTTTGAGATCAGGAGTTTGAAACTAGCTTGAGCAAAGCAAGACCCATCTCTACTAAA","GGCCAGGTGCAGTGGCTCATGTCTGTAATCCCAGCACTTTGGGAGGCTGAGGTGGGAGGTTTGCTTGAGCCCAGGAGTTTGAGACCAGCCTGGGCAACATAGCAAGACCCTGTCTCTATA"
"GL873521","14186086","14186221","chr14","74199793","74199926","31","60013707","AATTAGAGAGGTGTGATGCCACACACTGTAGTCTCATCTACTTTGGAGGCTGAGGCACAAGGATTACTTGAGCCCAGGAGCATGAGGTTGCTGTGAGCGAGGCTGAGGCCACAGCACTCTAGCCTGGGCAACAGAG","TTAGCCAGGTATGGTGGTGCACACCTGTAGTCCCAGCTACTTGGGAGACTGAGGCAGGAGGATTGCTTGATCCCAGGAGTTGAGGCTGCTAAGAGCTATGATCATGTCACTGCACTCCAGCCTGGGCAACAGAG"
"GL873521","14534133","14534413","chr5","43470606","43470891","71","28936473","GGTAGCTCATGTCTATAACCCTGACACTCTGGGAGGCTAAGGGAGAAACATCCCTTGAGCTCAGGAGTTCAAGACCAGTCTAAGCCAAAAGGGAGATCCATCTTTACCAAAACAGAAAAATTAGCTGGGCATGGTGATGTGTGCCTGTAGTACCAGCTGCTTGGGAGGCTAAGGAAGGAGGATTGTTTGAGCCTAGGAGTTTAAGGTTGCTAAGAGCTAGACTGAGGCCATGGCACAGTAGCCCAGGCAATAGAATGAAACTCTGTCTCAAAAAAAAAAAA","GTGGCTCTTGCCTATAATCCCAGCACTTTGGGAGGCTGAGGAGGGCAGATTGCTTGAGCCCAGGAGTTCAAGACCAGCCTGGGCAACATGGGAAAACCTCGTCTCTACAAAAAACACAAAAATTAGCTGGGCATGGTGGCATGTACCTGTAGTCCTAGCTACTTGGGAGGCTGAGGCAGGAGGACTGCTTGAGCCTCTGGAGGCGGAGGTTGCAGTGAGCTGAGACCGCGCCACTGCACTCCAGCCTGGGTGATAGAACAAGACCCTGTCTCAAAAAAAAAAAAAA"
"GL873521","14534507","14534523","chrX","153619065","153619080","3","139084558","CCCAAAATAAAATAAAA","ACATAATAAAATAAAA"
"GL873521","14646173","14646307","chr1","9156973","9157091","40","5489200","GGATGTAGTAGCTCACACCTGTAATCCCAGCATCATGGGAGGATCACTTGAGGCCAGGAGTTTGAGACTGGCTTGGGCAATATGGTGAGGCCCCATTCTTACAAAATAGGAAAAGAATTAATTGGATATGGTGGC","GGCTGGGTGAGGTGGCCTCACGCCTGTAATCCCAGCACTTTGGGAGGCCAAGGCAGGAGTTTGAGACCAGCCTGGGCAATACAGTGAGACCCCATCTCCAAAAAAAAAATTAGTGGGGC"
"GL873521","14703100","14703421","chr17","68155983","68156305","73","53452883","GGCTGGGCACAGTGGCTCATACCTGTAATCCTAGCACTTTGGGAGGCCAGGAAGGGAAGATAGCTTGAGGCCAGGAGTTTGAGACCAGGATGAGCGAGGTAGCGAGACCCCCCATCTCTATCAAAAATTAAAAAAAAAAAAAAATTAGCTGGGTATAGTGGTGAGGGCCTATCATCCTAGCTACTTAGGAGTAAGACAGGAGGATCACTTGAGCCTAGGAGGTAAGGTTGCAGTGAACTATGATGATGACCCTGCACTCTTGCCTTAGCAAGATGGTGAGACCCTGTCTCAAAACAAACAAACAAACAAACAAACATAAAAA","GGCTGGGCACCGTGGCTGACATCTGTAATCCCAGCACTTTGGGAGGCCAAGGCGGGTGGATCACTTGAGCCCAGGAGCTCGAGACCAGCCTGACCAACATGGCAAAACCCCATCTCTACCAAAAAAAAAAAAAAAATACAAAAAGTTAGCTGGGCATGGTGGAGAGGGCCTGTAGTCCCAACTACTCAGGAGGCTGAGGTGAGAGGATCACCTGAGCCACAGGAGGTCGAGGCTGCAGTGAGCCATGATCACACCATTGCACTCCAGCCTGAGAGAAAGTGAGACCCTGTCTCAAAAAAACAAACAAACAAAAACAGCAAAAA"
"GL873521","14778613","14778888","chr15","42746072","42746354","63","27967459","GGCCCAGCACAGTGGCTCACACCTATAATCCTCGCATTCTAGGAGACTGAGGTGGGAGGATCACTTGAGCTCAGGAATTTGAGATCAGCTTGAGCAATAAGGTGACCCCATCTCTACTAAAAATAGACTAATTAGCCAGGCATTGTGGTGGGCACCTGTGGTCCCAGCTAGTTGAGAGGCTCATGTTGGATTCCTTGAACCCAGGAATTTGAGGCTGCTGTGAGCTGGGCTGATGCCACAGTATTCTAGCCTGGGCAACAGAGTATGACTCTGTCT","GGCCAGGTACAGTGGCTCACACCTGTAATCCCAGCACTTTGGGAGGCCAAGGCAGGAGGATCACTTGAGCCTAGGAATTCAAGACCAGTCAGGGCAATATGGTGAAACTCCATCTCTACAAAAAATACAAAAATCAGCCAGGTGTGGTGGTGTGCGCCTGTGGTCCCAGCTACTTGGGAGGCTGAGATGGAAGGATCACTTGAGCCCAGGAAATGGAGGCTGCAGTGAGCTAAGGCTGTGCCACTGCACTCCAGCCTGGGCAACAGAGTGAGACCCTGTCTCA"
"GL873521","14884261","14884393","chr13","24405237","24405373","27","9520976","GGCTAGGTGTGGTGGCTCATGCCCATAATTCCAGCATTCTGGGAGGCCAATGTGGGAGGATCCCTGGAGGTCAGGAGTTTGAGACCACCCTGAGCAAAGCGAGACCCCATCTTCACTAAAAATAGAAAAATTA","GGCTGGGCATGGAGGCTCATGCCTATAATCCCAGCACTTTGGGAGGCTGAGGTGGGAGGATCGCTTGAGTTCATGAGTTCAAGACCAGCCTGAGCAACACAGTGAGACCTCATCTCTACTAAAAATCAAAAAAATTA"
"GL873521","14884660","14884815","chr1","141772547","141772702","39","126887887","TTAGTTGAATGTGGTGGTGTACACCTGTAGTCCCAGCTACTTGAAAGGCTGAAGAAAGAGGATTGCTTGAGCCCAAGTGCTTGAGGTTGTAGTGAGCTAGGCTGACGCTATGACACTCTGACCCAGGTGATAGAAGAAGACCCTGTCTCAAAAAAA","TTAGCTGGGCATGGTGGCGTGCACCTGTGGTCCCAGCTATTTGAAAGGCTGAGTTGGGAGGATCACTTGAGCCCAGATGGTTGAGGCTGCAGTGAGCCATGATGGCACCACTGCACTTTAGCCTTGGTGACAGAGCAAGGCCCTGTCTGAAAAAAA"
"GL873521","15677856","15678124","chr7","99887814","99888086","73","84209958","TGGCTCATGCCTGTCAACAAAGTACTTTGGTAGATTGAGAAAGGAGGATCTCGTGGACTCAGGAGTTTGAGACCAGCCTGGACGACATGGTAAAAAAACATCTTTAAAAAATTAGCCTAGCATAGTGGTGCACATTGATAATTTCAGCTATTTCGCAGGCTGAAGTGGGAGAACCACTTGTGTTTGGAAGCTCGAGGCTGCAGTGAGCTATGATCTCACACTACACTCCAGCCTGGGTAATATGGTGAGGTCCTGCCTCAAAAACAAAA","GGCTTACACCTGTAATCCCAGTGCTTTGGGAGGCTGAGGCAGGCAGATCACTTGAGCCCTGGAGTTCAAGACCAGCCTGGGCAACATGGTGAAACCCCATCTCTACAAAAAATTAGCCAGGCATGGTGGCTTGCACCTGTAGTCCCAGCTACTCAGGAGGCTGAGGTAGGAGGATTTCATGAGCCTGGAAGGTTGAGGCTGCAGTGAGCTATGATCACACCACTGCACTCCAGTCTGGGTGATAAAGTGAGACCCTGTCTCAAAAAAAAAAAA"
"GL873521","15875728","15875811","chr8","5975319","5975398","26","9900409","CAGTGAGCCGTGGTCTCCCTGTGCATTCCAATGTGAGTGACAGAGAGACCTCCCTCACACTCCCAAAAAAGAAAAAACAAGAAA","GCAGTGAGCCTTGATCGTGCTATTGCACTCTAGCCTTGGTGACAGAGAGAGACCCTATCTCAAAAAAAAAAAAAAAAAAA"
"GL873521","16170363","16170540","chr3","50079465","50079644","47","33909102","AAAAAAAAAAAAAATTACCCAGGTAAGGTGGTAAGGACCTGCAGTCCTAGCTATCTGGGATACGAGGTAGGAGGAGCACTTTGGCCCAGGAATTCCAGGCTATGGTGAACTATGATTACAACTGCACTCTAGCCTGGGCAAAAGAGTAAGAGACTGTCACAAAACACAACAAAACAAA","ACAAAAAGAAAAAACAATTAGCAAGGCCTGGTGGTACACACTTGTAGTCCCAGCTATTTGGGAGGCTGAGGTGGGAGGATCACTTGAGCCCAGGAGTTCAAGGTTACAGTGAGCTATGATCATGCCACTGCACACTAGCCTGGGCATCAGAGAGAGTTCCTGTCTCTAAGAAAAAAAAAA"
"GL873521","16172240","16172374","chr1","29329421","29329551","29","13157181","GGCTGCATGCAGTGCCTCATGTTTGTAATCCCAGCACTTTGGGAGCCAGTGGAGGAGAGGATCACTTGAAGCCAGGAATTTAAGACGGACCTAGCCAACATAATGAGAACTCCTCTATACAAAAAATAATAAAAT","GGCTGGATGCACTGGCTCCTGTCTGTAATCCCAGCACTTTGGGAGGCTGAAACAGGAGGATCCCTTGAAGCCAGGAGTTTAAGATCAGCCTGAGCAACAGAGTGAAACCCTGTCTCTACAAAAAAAAAAAA"
"GL873521","16260421","16260667","chr2A","25887935","25888182","71","9627514","GGATACAGTGGCTCACACCTGTAATCTTAGCAAACACCCTGGGGTGCTAAGGCAGGAGGATCACTTGAGCTCAGGAGATCAAGACCAGCCTGAGGAAGAGTGAAACCCCATTTCTACCACACATAGAAAAATTAGCCAGGTGTCTCTCTCTAGTCCCAGCTACTTGGGAGGCTGAGACAGGAGAATTGCTTAAGCCAGGGAGTTTCAGGTTGCTGTGGCTCAGACCATGGCACTCTAGACTGAGCAA","GGCTGGGCACAGTGGCTCACACCTGTAATCCCAGCACTTTGGGAGGGTGAGGCAGGAGGATCACTTGAGCTCAGGAGTTCGCAACCAGCCTGGGCAATATGGTGAAACCGCATCTCTACAAAAAATACAAAAATTAACCGGGTGTGGTTGTGCATGCCTGTAGTCCCAGCTACTTGGCAGGCTGAGGTGGGAGGATTGCTTGAGCTCAGGAGGTCAAGGCTGCAGTGAGCCATGATTACTCCACTGCA"
"GL873521","16747501","16747629","chr7","102198592","102198722","33","85451091","GCCGGGTATGGTGGCTCACACCTGTAATCCCACCACGTGGGAGGCCAAGGCAAGCAGATTGCCTGAGCTCACAGGTTCAAGACCAGCCTGAGCCAGAGTGAGACTTTGTCTTGGAAAATACCCGGGTGT","GGCTGGGTGTGGTGGCTCACACCTGTAATCCCACCACTGTGGGAGGCTAAGGCAGGCAAATCGCTTGAGCCCAGGAGTTCGAGACCAGCCTAGGCAACGTGGTGAAACTGTCTTTAGAAAATATTAGCCAA"
"GL873521","16747905","16748071","chr1","26355033","26355200","42","9607128","AACTAGGTAGGTGTTGCAGCAGGCGCCTGTAAATCCCAGCTACTTGGGCCAAGGCAAGAGAATCAATCACTTATGCCCAGGAGTTTGAGGTTGCTGTAAGCTATGACGCCCTGGCACTCTACCAAGGGTAACAAAGTCAGATCCTGCCTCAAAAAAAAAAAAAAAAA","AACTAGCTGGGTGTGGCGGCGTGTGCCTGTAGTCCCAGCTACTTGGGAGGCTGAGGCAGGAGGATCACTTGAGCCCAGGAGTTCAAGGCTGCAGTGAGCTAAGATCATACCACTGCACTCCAGCCTGGGTAATAGAGTGAGATCCTGTCTCAAAAAAAAAAAAAAAAA"
"GL873521","16826358","16826516","chrX","96886204","96886345","57","80059846","GGCGCCCTGCCACAAGCTGTAGTCTCCCCTATTTGGGAGGGTGAGGTCGGAGGATCATGTGAGCTCGGCAGTTCAAAGTCACCGGGCACTACAACCTCACCTGGACCAGTCAGGACTGCACGCCAGCCTCCCCAGCGCAGTGAGACTCTGTTTCTAAAA","GGTGCACATCTGTAGTCTCAGTTATTTGGGAAGCTGAGGAGGGAGGATCACTTGAGCCTGGGAGGTCAAGGCGCCAGTGAGCTGTGATTGCACCACTGCACTCCAGCCTGTGCTACAGAGTGAGACTCTGTCTCAAAAAAAA"
"GL873521","16850386","16850705","chr1","224543342","224543654","83","207692956","GCCAGCTGTGGTGGCTCACACCTATAGTCCTCACACTCTGGGAGGCTGAGGAAGGCAGATTCCCTGGAGCTCAGGAGATTGAGACCAGGCTGAGCAAGAACTGAGACTCTGTCTCTACCCCAAACAGAAAAACTTCACTAGGTGTTGCGGTGGGCACCTATAGCCTGAGCTACTTGAGAGGCAGAGGCAGGATGATCACTTGAACTCAGGAGTTTGAGGTTGCTATAGCTGTGCTGATGCCATAGTACTTTAGCCTGGGCAACAGAATGAGACTCTGTCTCAAAATAAATAAATAAATTAATAAATAAAAGAGAAAGAAA","GCCAGGCAGGGTGGCTCACGCCTGTAATCCCAACACTTTGGGAGGCTGAGGCAGGCAGCTTGCTTGAACTCAGGAGTTTGAGACCAGTCTAGGCAACATGGTGAAACCCCATCTCTACAAAAAATACAAAAATTAGCCAGGCGAAGTGGCGTGCCTATAGTCTTAGCTACTTGGGAGGCTGAGGCAGGAGAACTGCTTGAACTGGGGAGGTCGAGGCTGCATGAGCCGAGATCGTGCCACTGCACTCCAGCCTGGATGACAGAGCGAGACCCTGTCTCAAAATAAATAAATGAATAAATAATAAAATAAATAA"
"GL873521","16987716","16987746","chr4","157175852","157175881","5","140188136","GAAGAAAGAAGAAAGAAGAAAGAAGAAAGAA","GAAGAAGAAGAAGAAGAAGAAGAAGAAGAA"
"GL873521","16988099","16988370","chr11","32048157","32048430","73","15060058","GGCCCAGTTCAGTGTCTCACACCTGTAATCCTAGAACTCTGGGAGGTCAAGGAAGGTGGAGTCCTTGAGCTCAGGATTTTCAGATAAGCCTGAGCAAGAGACAGATCCATATCTACTAAACATAGAAAAACTAGCCTGGCATCAGTGTAGTCCCAGCTACTCAGAAGGCTGAGGCAGGAGGATCATTTGAGCCCAAATGTTTGAGTTTGCTGTGAGCTATGATGAATGACACCAGGGCACTCTACCCAGGGCAACAGAGTGAGACTATTTCT","GGCCCACCACAGTGATTCACATCTATAATCCCAGCACTTTGGGAGGCCGAGGTGGGAGAGTAGCTTGAGCCCAGGAGTTTGAGACCAGCCTGAGCAACAGGGCGAGACCCCATCTCTACAAAAAAAATTTAAAAATTAGCCTAGCATGTGCCTGTAGTCCCAGCTACTCAGGAGGCTGAAGCAGGAGGATCACTTGAGCCCAGGAGTTGAAGGCTGCAGTAAGCTATGATCACCCCACTGAGCTCTAGCCAGGGTGACTGAGCAAGACTCTATT"
"GL873521","17153915","17154039","chr7","102370770","102370890","26","85216855","GGCTAGGCACGGTGGTGACTCCTGCTTGTAATCCCAGCACTCTGGGAGGCCTGTGGCAGGTGAATTCCTTGCGCTCAGGAGTTCAAGACTAGCCTGAGTAATAGTGAAACCTCTGTCTCTACTAA","GGCTAGGCACGGTGGCTCATGCCTGTAATCCCAGCACTTTGGGAGACTGAGGTGGGAGAATTGCTTGAAGCTGGGAGTTCAAGACCAGCCTAGGGAACATAGTGAGACCCTGTCTCTTCAA"
"GL873521","17154076","17154241","chr16","21596696","21596868","46","4442620","CTAACCAGACCTGACAGGTGGCTATACTCTCGGCTACTTGGGAGGCTGAGGCAAGAGGATCACTTGATCTCAAGAGTTTGAGGTTGCTATAAGCTATGAGGCCATGACACTCTACCGAGGGCAACAAAGTAAGAGTTTTTCTCAAAAAAAAAACCCAAAACAAAAA","ATTAGTCAGACATGGTGGCATGTGCCTATAGTCCCAGCTACTTGGGAGGCTGAGGCAAGAGAATCATTTGAGCCCAGGAGGTTGAGGCTGCAGTAAGCAGTGATCATGTCACTGCACTCCAGCCTGGGCAACAGAGCAAGACCCTGTCTCAAAAAAAAAAAAAAAAGAAAAAA"
"GL873521","18186068","18186211","chr11","18518855","18518988","40","332787","TAGTCAGGTGCAGTGGTGCATGCCTGCAGTCACAGCTACTCTACTCAGGAGGATGAAGCAGGAGGACCACTGGAGACCAGGAGTTTGAGAATGCTGTAAAATACCATTGAGTCACTGCCTGCCAGCTTCAGTAACAGAATAAGA","TTAGCCAGGTGCAGTGGCGCATGGCTGTAGTCCTGCTTACTCAGGAGGTTGAAGCAGGAGGATCACTTGGGCCCAGGAGTTTGAGGCGGCAGCGAGCCATAATCGTGCCACTGCACTCCAGCTGAGTGACAGAG"
"GL873521","18186242","18186351","chr4","101432127","101432236","31","83245885","CTTGTAATTTCAGCACTTTTGGAAACTGTAGAAGGAAGATTGTTTAAGACCAGGAGTTCCAGAACAATCTGGGCAACACATGTTGACCTTGTACCTACATGAAAAAAAAA","CCTGTAATCCCAGCACTTTGGGAGGCTGAGGCAGGAAGACAGCTTGAGGCCAGGAGTTCCAGACCAGTCTGGGCAATATAGCAAGACCCTCATCTCTTTAAAAAATAAAA"
"GL873521","18231783","18232086","chr11","120552808","120553110","90","102321025","GGCATGGTGGCTCACACCAGCAATCCCAGCGTTTTGGGAAGCCCAAGGAAGAGAATCACTTGAGACCAGCCAGAGGTACATAGACACGTGGTCTACAAGAAATGACAATTAAAACAAATTGCTGGGCATGGTAGCCTGTGACTATAGTCCTGGCAACTCAAGAGGCTGAGTCAGGGGGTTTTTTGAGCCTATGAAGTCTAAGTTGCAGTAAGCTGTGATCATGCCACTATACCCTAGCCTGGGTGACAGAACAAGATTCTGTCTCTAAAAATAAAATAAAATAAAATAATAAAATGAAATAAAA","GCCAAGCATGGTGGTTCATACCTATAATCCCAGAACTTTGAAAGGCCAAGGCGAGAGGAGTTTGAGACCAGCCTGGGCAACATGATGACATGCCGTCTCTACAAAAAAATAAAATAAACAAAAACTAGCTGGGCCTAGTGGCATGTGTCTGTAGTCCTAGCTACTCAGGAGACTGAGGCAGGAGGATCACTTGAGCCTGGGAGGTCAAGGTTGCAGTGAGCTATGATTGTGTCACTGTACTCCAGCCTGGGTGACATAGCAAGAACTGGTCTCAAAAAAAAAAGAAAGAGAGAAAAAAGAAAA"
"GL873521","18672921","18673268","chr5","164510023","164510360","89","145837102","GGCTGGCCATGGTGGCTGAGGCCTGTCATCCTACCACTCTGAGAGGATGAGGAAGGAGGATTGGATTGCTTCAGCTCAGGAGTTCAAGACCAGCCTGAGCAAGAGCAAGACTCAGTCTCTACCAAAAATAGAAAAATTAGACTAGCCAGATGTAATGGCAGATGCCTCTAGTCCCAGCTAGTGGGGAGGCTAAGGCAGGAGGATCACTGAAACCCAGGAGTTTGAGGTGCCTGTGAGTTAGTTTAATACCATGGCAGTCTAGCTTGGGCAACAAAGTGAGACTCTGTCTCAAAACAAACAAAGAAACAAAGAAACAAACAAACAAAAACCCCAAAAATAAAAAAAAAA","GGCTGGGCACAGTGGCTCATGCCTGTAATCCTAGCACTTTGGGAGGCTGAGGCAGGTGGATCGCTTGAGACTGGGAGTTCAAGACCAGCCTGGGCAATATGGCAAAACCCCGTCCCTACAAAAAATACAAACATTAGCCAAGCATGGTGGCACATGCCTGTAGTCCCAGCTACTTGGGAGGCTGAGGCAGGAGGATCATTTGAGCCCGGGATGTGGAGGTTGCAGTAAGCTGAGATTGCATCATTGCACTCCAGCCTGGGCAACAGAGGGAGACCCTGTATCAAATAAATAAATAAATAAATAAATAAATAAATAAATAAAAGAAATAAAAGTAAAAA"
"GL873521","19315680","19315722","chr1","205503465","205503511","11","186187785","CAGTTACTTGGAAGACTGAGGCAAGAGGATCCCTTGAGCTAGG","CCAGCACTTTGGGAGACTGAGGCAGAAGGATCCCTTGAGGCCAGCGG"
"GL873521","19598410","19598508","chr1","6398492","6398584","25","13199918","TATCACTACACCACTATACTCTAGCCTGGGCAACAGATTGAGAACCTGTATCAAAAACAAACAAACAAACAAACAAAACACAATAAAAAATAAATAAAA","GTGATTGCACCAATGCACTCCAGCCTGGGTGACAGAGCGAGACTGTCTCAAAACAAACAAACAAACAAATAAAACAAAAGAAAAGAAAAGCAA"
"GL873521","19777152","19777359","chr4","72787006","72787205","63","53009854","CCTGAGCAACATAGAGAGATCCCATCTCGACAAAAATATTGAAAAAAAAATAGATAAACTTATCAGCTGGGTTTGGTAGCACACAACTGTATCCCCAGCTACCGGGAAGGCTGAAGCAGGAGGAGCCTGACAGATCAAGGCTGCAGTGAGCAGTGATCACATCACTACACTCCAGCCCAGGTGACAAAGCACAATCCTGTCTCAAAAA","CTAGGCAACATGGAAGAACCCCATCTCTACAAAAATTACAAAAACTAGCTGGGCATGGTGGTGTGCGCCTGTATTCCCAGCCACTGGGGAGGCTGAGGTGGGAGGATTGCTTGAGCCTGGAAGATTAAGGCTGAAGTGAGCAGAGATCACACCGCTGCACTCCAGTCTGGGTGACAGAGCAAAACCCTGTCTCAAAAAAA"
"GL873521","19907026","19907166","chr6","12022857","12022993","42","7884169","AGGAAAAATTACCAGGGCATGGTGATGTGCACTTATAGTCCCAGCTCCTGGGAAGGCTGAGTCAGGAGGCCAGGAGTTTGAGGTTATAGTGAGCTATGATGCCACTGCACTCTCTCTGGGTGACATAGTGACATTCTGCCT","TTAAAATTAGCCAGGCATGGTAGCAGGCACCTGTACTCCCAGCTACGGGAGGGTCGCTTGAGCCCAGGAGATCAGGGCTGCAGTGAGCTATGATTGTACCACTGCACTCCAAACTGGGTGACAGAGTGAGACTCTGT"
"GL873521","19907190","19907299","chr3","21509747","21509855","27","1602557","GTGGTGGCTCAGCCTATAATCCTAGCCTTCTGGAGGCCCAGGCGGGAGGATTGCTTAAGGTCAGGATGTTGAGACGAACCTGAGCATGAGTGAGACCCCATCTCTACAAA","GGTGGCTCATGCCTATAATTCTAGCGCTTTTGGAGGCCAAGGGGGGAGGATTACTTGAGCTCAGGAGTTCCAGATCAGCCTGGACAATTTAGTGAGACCTCATCTATAC"
"GL873521","20453341","20453513","chr19","53340691","53340862","44","32887350","AGACAACTAGCCAGGCATTGTGGTGGGCATCTATAGTCCCAGCTACTTGGGAGGCTGAGGCAAGAGGATCACTTGAACCCAATAGTTTGAGGTTGTCATGAGCTATGATGATGTGGCATTCTACTCAGGGTGACAGCGTGAGAGACTCTGTCTCAAACAAATGAACAAAAAAA","ACAAAAATAGCTGGGTGTGGTGGTGCATACTTGTAGTCCCAGCTACTTGGGAGGCTGAGGCAGGAGGATCACTTCAGCCCAGGAGGTTGAGGCTGCAGTGAGCCATGATCATGCCACTGCACTCCAGCCGAGGGGAGAGAGCAAGACTCTGTCTCAAAACAAACAAACAAAA"
"GL873521","20453540","20453662","chr4","5943586","5943706","26","14509954","CAGGCGTGGTTGCTCATGCCTGTAGTCCTAGCACTTCAGGAGGCTGAGGAGGGTAGATTGCTTGAGGTCAGGAGCTGGAGACCAGCCTGAGCAAGAGCGAGACCTTGTCTCTACTAAAAATAG","GGCCATGGTGGCTCATGCCTGTAATCCTAGCACTTCGGGAGGCTGAGGAGGGAGGATTGCTTGAGGCCTGGAGTTTGAGACCAGCCTGGGCAACATAGTGAGACCACGACTCTATTTAAAA"
"GL873521","20821454","20821743","chr8","121327775","121328067","74","100506321","GCCGGGCCCAGATGGCTCAAGCCTGTAATCCTTGCACTTTGGGAGGCCAATGTAGGAGGATCACTTGCGCCTAGGAGTTCCAGGCCAAGCTGTGCAAGGTGAAACACTGTTCCAAAAAATATATATATATGAAAATTAGCCAGTCCTGTTGGTACACATCTGTCGTTCCAACTACTTGGGGGACTGAAGCAGGAGGATCCATGAGTCCAAGATTTGAGGTTGCAATGAGCTGTATTGGAGCTACTACACTGTAGCCAGGGCGACAGGAGGAAAAACTTGTTTTAAAAAAA","GGCTGGGTGCAGTGGCTCATGCCTGTAATCTTAGCACTTTGGGAGGCCAAGGCAGGTGGATCACTTGAGCTTAGGAGTTCAAGACCAGCCTGGGCAACATGGTGAAACCCTGTCTCTACAAAAAATAAAAAAAAATTAGCCAGGCATGGTGGCATACACCTGTAGTCCCAGCTACTTGTGGGGCTGAGGCAGGAGCATCACTTGAACCCAGGAGCTCAAGGCTGCAGTGAGCTGTGATCTTACCACTGCACTCCAGCCTGGGTGACAGAGTAAGACCTTGTCTCAATAAAAAA"
"GL873521","20825224","20825315","chr22","42881883","42881978","27","22056659","AGAGGATCTCTTGAGCCTAAGAGTTTGAGGTTGCTGTGAGTTCTGATACCACAGCGCTCTACACAGGGCGACAGAGTAAGACCCTTTCTTAA","GGCAGGAGGATCGCTTGAGCCTGGGAGGTCAAGGATGCAGTGAGCTGTGATTGCACCACTGCACTCCACCCTGGGCGACAGAGTGAGACCCTGTTT"
"GL873521","20825595","20825767","chr4","156475909","156476099","57","135650314","GCGGTGGCTCACACCTGTAATCCTAACACTCAGGATCGCCTAAGCTCAGGAGGTGGAGACCAGCCTGAGCAAGAGAAACACCTCAACTCTACCAAAAACAGAAAAAGTAGCCTGGGTGGTGGTAGGCATGTGTAGTCCCAGCTACTCGGGAAGCTGAGGCAAGAGGATCTCTT","GGCCAGGCACAGTGGCTCACACCTATAATCCCAGCACTCTGGGAGACTGAGGCAGGAGGAGCCCAGGAATGTGAGACCAGCCTGGCCAACATGGTGAAACCCAGTCTCTACTAAAAATATAAAAATTAGCCTGGTGTGGTGGTGTGCGCCTGTAGTCCCAGCTACTTGGGAGGCTGAGGTGGGAGGATCAC"
"GL873521","21355913","21356066","chr4","158479533","158479684","48","137123620","ATAAAAATTAACTAGCTATGGTGGCATACACTCTTGTCCTAGCTACTTAGGAGGCTGAGGATCATTTGAGGCCAGGAGTTTAAAGCTATAGTGTACTGTGATGATTACGCCTGTGAATAGCCACTGTACTCCAGCCTGGGCAACATAGCAAGAC","AATTAGCTGGGCATGGTGGTGCATACCTGTAGTCCTAGCTACTCAGGAAGCTGAGGCAGGAGGACAGCTTGAGGCCAGGAGGTCAAGGCTGCAATGAACCATGATTGATTACACCTGTAAATAGTCACTGCATTTCAGCCTGGGCAGCATAG"
"GL873521","21623697","21623773","chrX","53329871","53329945","26","31706174","AAATTTAGGCAGGCAAGTTGGCACATGTTTGTAGTCCAAGTTATGTGAGAGGATTCTTTGAGTCCAGAAGTTAAGGC","AATAGCTTGGGCAGGGTGGTGCATGGCTGTAGTCCTGAGATGGGAGGATCCCTTGAGTCCAGGAGCTTGATGCCG"
"GL873521","21623801","21623894","chr3","42032495","42032583","27","20408694","GTAATCTTAGTACTTTGGGAGGCCAGACAGGAGATTCATTTGAGACTGAGTTTAAGATCAGCCTGGACAACATGGCAATATCCCATGTCAACCA","TAATACCAGTATTTTGGGAGGCTGAGGCAGGCGATCACTTGAGCCCAGTTCAAGACCAGCCTGGGCAATATAGCGAAATCCTGTTTCTA"
"GL873521","21714176","21714337","chr12","96671998","96672172","41","74957822","ACTAGGGGGCATTGTGGCAACTGTCATCCTAGCTGCTCAAGAGGCTGAGGCAAGAGGATCACTTCAGCCCATGAGTTTATGGTTGCTGTGAGCTATGACTCCATGGCACTCTAGCCTGGGCAATAGAATGAGACTCTGTCGCAAAAAAAAAGAAAGAAAGAA","AATTAGCTGAGCATGGTGGCAGGCACCTGTAGTCCCAGCTACTTGGGAGGCTGAGGGAGGAGGGTCACTTGAACCCAGGAGTTTGAGGCTGCAATGAGCTATGACTGCATCAGTGCACTCTAGCCTGGGCAGTAGAGTGAGACCCTGTCTCACAAAAAAAAGAAGGAAAGAGAAA"
"GL873521","21714364","21714489","chr15","78802491","78802611","29","57088127","GGCTGGGTACCCTGGCTAGACACCTGTAATTCTAGCACTCCAGGAGGCTGAAACAGGTGGATTTCTTGAGCTCAGGAGTTCAAGACCAGCCTGTCCAAGACCAAGACCACAATTCTGTCTCTACTT","GGCTGGGTACAGTGGCTCACACCTGTAATCCCAGCACTTTGGGAGGTGGAGGCAGGAGGATCACTTGAACTCAGGAGTTCAAGACCAGCCTGGCCAACATGGCGAAACTCCGTCTCTACAA"
"GL873521","21743555","21743631","chr10","20213332","20213405","25","1530223","TATAGGGTGTGGCGGCAAGTGTGTATAGTACTAGCTACTTAAAGAGGTTGAGATGGGAGGATTGCTTGAGCTAAGGA","CCAGGTGTGATGGTGCATGCCTGTGGTCTCAGCTACTTTGGAGGCTGAGGTGGGAGGATTGTTTGAGTGGAGGT"
"GL873521","21743658","21743767","chr10","43292583","43292692","28","21548925","CAATGGTTTGTGCTTGTAATCCAGCACTTTGGGAAACAAAGGAGAAAGGATTAATTGAGACCAGGAGTTCAAAATCAGCCTGGGCAACATAAAGAGACCCTGTCTCTATG","GCGGTGGTTCAGCCTGTAATCCCCGCACTTTGGGAAGCTAAAGCAGGAAAATCACTTGAGCCCAGGAGTTCAAGACCAGCCTGAGCAACATAGTGATACCCCTGTTTCTA"
"GL873521","21994326","21994402","chr3","183523015","183523100","19","161528689","GGCATTGTGACTCACACCTATAATTCTAGCACTTTGGGAGGCTGAGGTGGGAAGACCACGAGCACAGGTTCAAGACC","GACTGGGGGCAGTGGCTCAAACCTGTAATCCTAGCACTTTGGGAGGCTGAGGTGGGAGGACCACCTGAGCTCAGGAGTTCAAGACC"
"GL873521","22568894","22569013","chr7","21219168","21219276","37","1349726","TACGTTGTGGTGGCTAGTCCCAAACTACTCAGCTACTCAGGAGTTTGAGGTTGCAGTAAGCTGTGAGGTTGCATTGCACGACAGATTGTGCAACAGAGCGAGACCCTATCTCGAAAAAAA","GGCTGAGGTGGGATAATCACTTGAGCCCGGAAAGTTGAGGTTGCAGTGAGCCATGACTCGGCACTGCACTCCAGCCTGGGCAACAGAGCCAGACCCTATCTCAAAAAAA"
"GL873521","22569034","22569129","chr15","57106062","57106161","19","34537028","CAGGCATGGTGGCTCACACCTGTAATCATAGCACTTTGGGAGACCAGGAGTTCAAGACCATGCTGGGCAACATGGCGAGACCTTGTCTCTACCAAA","GGCCAGGCATGGTGGCTCACTCCTATAATCACAGCACTTTGGTAGGCCATGAATTCAAGACCAGCCTGGGCAACATAGTGTAACCCTGTCTCTACGAAAA"
"GL873521","23082461","23082581","chr19","17007875","17007987","43","6074586","AAAATACACAGAGTACCCAGGCATGGTGGTGCATGCCTCCAGTCCCAGCTACAGGTGAGACTAAGACTAAAGGATGCCTTCAGCTCAAGACTTTGAAGCTGGCCTAGGCAACAACAAGACC","ACAATGTAGCTATGGCATGGTGGTGCCTGCCTGTTGTCCCAGCTACTTGGGAGGCTGAGATGGGAGGATTGCATGAGCCCAAGAGTTCAAGGCTGCTGTGAGCTACAATCACG"
"GL873521","23326932","23327034","chr1","153330637","153330743","26","130003705","GACTGGGTATGGTGGCATATGCCTGTAAACCCAGCACTCTGGGAGGCTGTGGCGGGTGGACCAGCCTGAGACCAGCTTGAGAAAGAATAAGACTCTGTCTCTA","GGCTGGGTGTGATGGCTCATGCCTGTAATCCTAGCACTTTGGGAGGCTGAGGCAGGTGGATCACTTGAGCCCAGGAGTTTGGGCAACATGACAGAACCCTGTCTCTA"
"GL873521","23327057","23327213","chr6","85247800","85247964","38","61920743","CCAGACATTGTGACACATGCCTATAGTCCTACTTGGGAGGCTGAGGCAAGAGGATGTCTTGTGCCCAAGAGTTTGAGGTTGCTGTGAGCTATGATACCATAGCACTCTAGTGGGGGGCAAGAAAGTGAGACACTGTCTCAAAAAAAAAAAAAAAAAA","CCAGGCATTGTGGCACATGTGTGTAGTCCCAGCTATTTGGGAGGCTGAGGCAGGAGGATCCTTTGAGCCCAGGAGTTTGAGGCTTCAGTGAGCTGTGATTGGACCACTACACTCTGGCCTGGGCAACAGAGAAAGACCCTGTCTCAAAAAGAAAAAGAAAAAGAA"
"GL873521","23553294","23553452","chr8","101101478","101101641","53","77548184","AAAATAAAGTTAGCTAGACACAGCTTTGGGCACCTGCAGTCCCAGTTACTTGGAGGTTGAGGCAAGAGGATTGTTTGAGCCTAGAGGTTTGAGGATATGGTTTGCTGTAGTTCTACCTGTGAGTAGCCACTGTTCTCCAGCCAGGACACCAGCGCAAGA","AAAAAGACACCAAGTAGCCAGGTGTGGTGCTGCAGGCCTGCAGTCCCAGCTACTTGGGAGGCTGAGGCAGGAGGATTGCTTGAACCCAGGAGTTCAAGACTTCAGTATGCCATAATCGCACCTATGAATAGTCACTGCACTCCAGCCTGGGCGACATAACAAAA"
"GL873521","24165831","24166009","chrX","9218405","9218573","51","14947426","GGCCAGGCACAGCAGCTCACACCCATAATCCTAACACTCTGAGAGACCAAGGTGTATAGATTACCTGAGCTCAGGAGTTGGAGACCACCCTGAGCAAGAGTAAGACCCCCATCTCTACAAAAAAAAAAAAAAAATAGAAAAACTAGCCAGGTGTTGTGGTGGGTACTTACAGTGCCAAC","GGCCAGGCGCAGTGCCTCACACCTGTAATCCCAGCACTTTGGGAGGCCGAGGCGGGTGGATCACTTGAGCTCAGGAGTTTGAGACCAGCCTGAGCAACATGGCAAAACCTCACCTCTACAAAAAAAATACAAAAATTAACCAGGCATGGTGGCAGGCACCTGTAGTCTC"
"GL873521","24270646","24270916","chr8","27224878","27225151","68","2954232","GGCCAGGCACGGTGGCTCACACCTGAATCCTAGCTGGCATTCTGGAAGGCCGAGGTGGGTGGATCACCTGACCTCAGGAGTTCAAGACCATCCTGAGCAAGAGTGAGATGAAACCTCATCTCTAAAAATAGCTAGGCATTGTGGTGGGCACCAGTAGTCCCAGCTACTAGGGAGGCTGAAGCAAGAGGATCACTTGAGTCTAAGAGTTAGACGTTGCTGTGAGCAGTGACGCCACAGCACTCTACCCAGGGCAACAAAGTGAGACTGTCTC","GGCCAGGTGCAGTGGCTCACACCTGTAATCCTAGCCCTTAGGAGGCTGAGGTGGGAGGATCACTTGAGCTCAGGAGTTCAAGACCAGCCTGGGCAATATGGTGAAACCCTGTCTCTACGAAAAATTAGCCGGGCATGGTGGCGCATGCCTGTAGTCCCAGCTACTCAGGAGGCTGAGGTGGGAGGATCATTTGAGCCCAGGAGGCGGAAGTTGCAGTGAGCCAAGATTGCACCACCGTACTCCAGCCTGGGCAACAAGTGAGATCCTGTCTCAA"
"GL873521","24618820","24618994","chr8","68458893","68459071","47","43840073","TCCTAGCACTCTGGGGGGCCGAGGTGGTAGGATCACTTGAACTAGAGTTCAAGACCACCCTGAACAAAAATCACACCCTGTCTGTACTAAAAATAGAAAAATTAGCCAGGCATTATAGTGCATGCCTGTAGTCCCAGCTACCTGGTAGGCTGAGGCAGATCCTCTAGCCCAGGGG","CCCAGCACTTTGGGAGGCTGAGATGGGTGGATCACTTGAGCCCAGGAGTTCAAGACCAGCCTGGGCAACATGACGAAACTCTGTCTTTACAAAAAATACAAAAATGAACCAGGCATGGTGGTGCATGCCTGTAGACCCAGTACTTGGGAGGCTGAGGTGGGAGGATCCCTTGATCCTGA"
"GL873521","24626746","24626855","chr1","205148842","205148953","29","180522096","AAAGAATGACAAAAATTCAGATATGGTGGTATGCACCTATAGTCAGTCACAGCTACTGGGGAGGCTGAGGTGGGAGGCTTTCTTGAGCCCAGGAGGTTGAGTCTAGCAAT","AAAAAGTACAAAGAATTAGCCAGGTGTGGTGGTGCGTGCCTATAGTTCCAGCTACTTGGGAGGCTGAGGTGGGAGGATTGCTTGAGTCCAGGAGTTGGAGGCTGCAGTGAAA"
"GL873521","24781755","24782037","chr5","139301937","139302217","85","114520182","GACCAGGTGTGGTGGCTCACACCTATTAGCCTAGCACTCTTGGCAGCTGAGGCAGGAGGATTCACTCAGAACTTCAAGAGTTAAACCCATGCCTCTACTAAAAATAAGAAAAAAATCAGTCCAGAGTATCATGGTGGGCACTTGCAGTCCCAGCTACTCGCAATGCTGAGGAAGAAGGATAGCTTGAGCCTAGGAGTTTGAGGTTGCTGTAGGCTGGATTTTTGTCATGGCATGCTAGTCTTGGCAACAGAGTGAGACTCTGGGGGAAAAAAAAAAGGAAAAA","GGCTGGGTGCGGTGGCTCACACCTGTAATCCCAGCACTTTGGGAAGCTGAGGCCAGAGGATGGCTTGAGCTCAGGAGTTTGAGTTGAAACCCTGTCTCTACAAAAAATACAAAAATTAGCTGGGTGTGGTGGTGCACACCTGTGGTCCCAGCTACTTGGAAGTGTGGGGTGGGAGGATTGGTTGAGCCCAGGAGGTTGAGGCTGCAGTGAGCCATGATCGTGCCACTGTACTCCCGCCTGGGTGACAGAATGAGACCCTGTCTCAAAAAAAAAAAAAAAAA"
"GL873521","24969692","24969970","chr5","91805199","91805483","78","66835507","GGCTGGATGCAGTGGCTCACACCTATAAACCTAGCACTCTGGAAGGCCACAGTGGGAGAATGGCTCGAGTTCAGGATTTTGAGAGTAGCCTGAGCAAGAGCAAGACCACATCTCTACTAAAAATATAAAAATTAGCAGGAAGTCTTGCTGAATGCATCATCTCAACTGCTCTGGAGGATGAGGCAAGAGGATTGCTTGAACTCAAGAGTTGAGGTTGTGGTGAGCGAGACTGAATCCATAGCACTCTACCCCAGGCAACAGAGCAAGACTTTGTTGAAA","GACTGGGTGCAATGGTTCACATCTGTAATCCCAGCACTTTGGGAGGCCAAGGTGGGAGGATGGCTTGAGCCCAGAAGTTCAAGACCAGCCTGAGCTACATGGCAAAACCCTGTCTCTACAAAAAATGTAAAAATGAGCCAGGCATGGTGGTGCATGCCTATGGTCCCAGCTACTCAGGAGGCTGAGGCAGGAGGATCGCACTAATCTAGGAGATGGAGGCTGCAGTAAGCCGAGATTGAGTCATTGCACTCCAGCCTGGGCGAAAGAGCCAGACTCTGTCTCAAA"
"GL873521","24970004","24970019","chr3","153804291","153804307","1","128834287","AAAACAAAACAAAAAA","CAAAACAAAACAAAAAA"
"GL873521","25391954","25392209","chr7","3491054","3491312","81","21900900","CCTAGTGCAGTGGCTCACACCTGTAATCCTGGAGGCTGAAGCAGATGGATTGCTTTGAGTTCCTGCCTAAATAAAAGTGGGAATCTACTATAGCAAAATTAGCTGGGCGTTATGGTGGGTACTTGTGGTCCCAGCTACTCAGGACGCTGAGGCAGGAGGATTGCTTGAACCAAGGAATTTGAGGTTGTTATGAGCTATGATGATGCCATGGCACTCTACCCAGGCCACAGAGTAAGATTTGGTCTCCAAAAAAAAA","GGCCAGGTGCGGTAGCTCACATCTGCAATCCCAGCACTTTGGGAGGCTGAAGCTAGAGGATCACTTGAGTCTTGTCTCTACAAAAAAAATCAAAAAATTAGCCAGGGCATGGTGGTGCATGCCTGTAGTCCCAGCTACTCGGGAGGCTGAGGCAGGAGGATCACTTGAGCCCAGGAGGTTGAGGCTGCAGTGAGCTGTGACTGTACCACTGCACTCCAACCTGGGCAACAGAGTGAGACCCTGTCTCAAAAAATAATAA"
"GL873521","25453333","25453646","chr22","29946204","29946503","77","4492871","GCCGGGTACAGAGGTGCATTTACCTGTAATCCTAGCACTTTGGGAGGGTAGGGTAGGAGGATGGCTTGGGGCCAGTAGTTCAAGACCAGCCTGAACAATCTAGTGTGACCTCGTCTCCACAAAATATAGAAAAATTAGCCAGGCATGGTGGTGGGCACTTGTATTCTCAGCTTCTCAGGAAGCTGAGGCAGGAGGATCTTTTGAGGCTGGAAGGTTGAGGTTGCATTGTTGAGATTGCACTGAGCTGTGATGACACCACTGCACTCTAGCCCTGGCAACAGAGTGAGATCCTAATTTAAAAAAAAAAAAAAAAA","GCTGGGCGTGGTGGCTCCTTCCTGTAATCCCAGCACTTTGGGAGGCCAAGGCTGGAGGATCACCTGAGTCCAGGAGTTTAAGACCAGCCTGGGCAACATAGGGAGACCCTGTCTCTACAAAAAATAAAAAATTAGCCAGGCATGGTGGTGTGCACCTGTAGTCCCAGCTACTCAGGAGGCTGAGGCAGGAGGATCTCTTGAGCCTGGGAGGTCAGACTACAGTGAGCAATGATTGTGCCACTGCACTCCAGCCTGGGTGACAGAGTAAGACTCTGTCTCTTAAAAAAAAAAAAAAAAAAA"
"GL873521","25473197","25473312","chr11","64318421","64318538","25","38845224","GGGCATGGTAACTCACTCCTATAATCCCAGCAGTTTGAGAGGCCAAGGCTGGAGGATCACTTAAGGCTAGGAGTTCATGACTGGTCAGGGCAACATAGTAAGACTTATTCTCTACA","CCAGGCATGGTGGCTCACACCTATAATCCCAGCACTTTGGAAGGCCAAGGCGGGAGGATCCCTTGAGGCCAGGAGTTTGAGACCAGCCTGGGCAACATAGCAAGACTCCGTCTCCACA"
"GL873521","25473339","25473487","chr1","35894728","35894879","40","10421389","AAGAATTAGCTAGGCATAGTGGTGCGCAGCTGTAGTTCCAAGTACTTGGGAGGTTAAAGACCATGTGAGCGCAGGAGTTCAAGGCTACAGTGAGCTGTGATCATGCCACTGCACTCTGGCCTGGGTGACAGAGTCTGTGTCATAAAAAA","AAAAATTAGCCAGGCATGGTGGCACATGCCTGTGGTCCCAGATACTTGGGAGGCTGAAGTGGGAGGATCACTTGAGCCCAGGAGATCAAGGCTGCAATGAGCCATGATCATGCCACTGCACTCCAGCCTGGGCAACCCTGTCTTTAAAAAAA"
"GL873521","25493130","25493293","chr4","75562087","75562252","41","50068957","CTTAGAGTTGTGGTGGGCTCCTGTACTCCCAGCTACCCAGGAGGTGAGGCTGAGGCAGGTGGATCACTTGAACCCAGGTATGTGAGGTTGCTGAGAGCTAGGATGACACACAGCACTCTAGCCTGGTGACAGAGTGAGTCTATGTCTCTAAATAAATAAATAAA","TTAGCTGGGTGTGGTGGCATGCACCTGTAGTCCCAGCTACTTAGGAGGCTGAGGCAAGAGGATCACTTTAGCCCAGGAGGTGGAGGTTGCAGTGAGCTGAAATCATACCACTGCACTCCAGCCAGGGTGACAGAGTGAGACCTTGTCTCAAAAATAAATAAATAAA"
"GL873521","25493320","25493467","chr9","31337596","31337743","33","5844276","GACTGGGCTTGGTGGCTCATGCCTGTAATCCTAGCATTCTGGGAAGCTGAGGCAGGAGAATCACTTGAGGTCAGGAGTTCAAGACCAGACTGAGCAAGAGTGAGATCTTGCCTCTACTAAAAAAATATATATTTTTAAAAAATAATGC","GCTGGGTGTGGTGGCTCACACCTGTAATCCTAGTGATTCAGGAGGCTGAGGCAGAAGGATCACTTGAGGTCAGGAGTTTGAGAGCAGACTGAGCAACAGAGTGAGACCCCCTCTCTAAGAAAAAAATATTAAAAAAAAAAACAACCGC"
"GL873521","25793453","25793728","chr15","82250472","82250741","88","56457019","CAGGTATGGTGGCTCACACCTGTAATCCCAGCACTTCGGGAGGCCAGGAGGTGGGGGAGAGGCTCTCTTGAAGCCAGGAGTTCCTGACCAGCCAAGCAACAGGCGAAACCTTATCTCTACAAAATATTAAAGAAAAAAGGAAATTAGCCAGGTATAGCAGTAGACATCCATAATTCCAGATACTGTCGTGGCTAGGACAGGAAGATCACCTGTGATTGTGCCACTGCATCCCAACTTGCCAAAAAAGCAAGATGCTGTCTCTATAAAAGAAAACTA","GCCGGGCACGGTGGCTTATGCCTGTAATCCCAGCACTTTGGGAGGCCGAGGCAGGAGAATCGCTTGAGCCCGGGAGTTTGAGACCAGCCTGGGCAACATGGTGAAACCAAGTCTCTACAAAAAAATACAAAAAAATTAGCCAGGTGTCGTGGTGCACGTCTGTAGTCCCAGCCACTCCTGGGAGGTCGAGGCTGCAGTGAGCTGTGATCGTGCCACTGCACTCCAGCCTGGGGAACAGAGTGAGACCCCGTCTCAAAAAATAAAAAAAAA"
"GL873521","25946379","25946540","chr16","48668108","48668267","54","22721729","GTTGAGGCAGGATTTCTTGAGGCTGGGAGTTGGAGACCAGCCTGAAAAACATGTTGATACCATTGCTACAGAAATTAGAAGAGTTAGCTGGGTATAGTGGTGCATCCCTGTAGTTCCAACTACTAGGGATGCTGAGGCAGGAGGGTCACGTAAGCCCAGGAG","GTGGGAGGATTTCTTGATCCCAGGGGTTCAAGACCAACCTGGGCAACATAGTGAGACCCTGTGTATACTGAACAAAAACAATTTTTCAGGCATGGTGGCACACACCTGTAGTCCGAGCTATTCGAGAAGCTGAGATGGGAGGATCCCTTGAGCCCGGGAG"
"GL873521","25955927","25956105","chr3","43378154","43378339","50","17422227","AAAAAATAGAAAAATTAGCCATGTGCAGTGGCATGTGCCTATAGTTCCACCACTGTAGGGGCTGAGGTAGGAGGATCCCTTAAGACCAGGACTTTGAGATTGCTGTGAGTTATGACATCACTGCTGTCTGGTTGGGTGACAAAGGGAGACTTTGCCTCAAAAAAGGGAAGAAAGAAAAA","AAAAATACAAAAATTAGCCGGGCATGTTGGCATGTGCCTGTGGTCCCAGCTACTCCAGAGGCTGAGGTGGGAGGATCACTGGAGCCCGGGAAGTTGAGGCTGCAGTGAGCTGTGATCACACCACTGCACTCCAGCCTGGGTGACAGAGTGAGACCCTGTCTCAAAAAAAAAAAAAAAAAAAAAAAA"
"GL873521","26298260","26298339","chr4","95794331","95794409","18","69496071","GGCTGGGTGCATCAGCTTATGCCTGTAATCCCAGTACTTTAGGAGGTTGAGGTAAGAGGATCACTTAAGAACAGGAATCC","GGCTAGGTGCAGTGGCTTACACCTGTAATCCCAGCACTTTGGGAGGCCGAGGCAGGAGGATCACTTGAGCCCAGGAGTT"
"GL873521","26307582","26307851","chr5","152032216","152032514","85","125724634","GCTGGGCATAGTGGCTCACACCTACACTCTTAGAGGCCAGGGCAGATGAATTATTTGAGCTTGGGAGACCAGACTGAGCATGAGTGAGATCCTGTTCCTACTAAAAATAGAAAAATTAATTGGGTGTTGTGCCTGTAGTCCCAGCTACTTGGAAGGCTGAGGCAAGAGGATCACTTGAGCCCAAAAGACTGAAGTTCTAATGCCAAACATGCTACTCAGAGGGACAGAATGAGACTCTGTCTCAAAAATAAATAAATAAATAAATAAATA","GGCTGGGCACAGTGACTCACACCTATAATCCCAGCACTTTGTGAGGCTGAGGCAGGCAGATTATTTGAGCCCCTGAGGTCAAGACCATCCTGGGCAACATGGCAAAACCTCATCTCTACAAAAAATACAAAAATTAGTTGGGTGTGGTGGCATACGCCTATAGTCCCAGCTCCTCAGGAGGCTGAGGTAGGAGGATGGTTTGAGCCCAGGAGATGGAGGTTGATCATGCCACTGCTCTCCAGACTGGGCAACAGAATGAGACTCTGTCTCACAAAAAATGAAACAGAATAAAATAAAAA"
"GL873521","26951040","26951317","chr17","16672309","16672598","75","10278731","TGGCTTACACCTGTAATCCTAGCACTCTGAGAGGAGTGAGGCAGATTGCTTGAGCTTAGGAGTTTAAGACCAGCCTGAGCAAGAAAGATCCCATTTTTACTAAAATAGAAAACTAGCCAGGGGTGGTGGCCTATGTCTGTAGTCCCAGCTACTCGGTAGGCTAAGGCAAGAGGATTGCTCAAACCCAAGAGTTTGAGATTGCTGTGAGTTCTGGTGCCATGACACTCTATCCAGGGTAACAGAGTGAGACTTTGTCTAAAAAAGAAATAAAATAGGTG","GTGGCTCACACCTGTAATCTCAGCACTTTGGGAGGCTGAGGCGGGAGGATCACTTGAGCCCAGGAGTTTGAGACCAGCCTGAGCAACATAGTAGGCTCCTGTCTCTACAAAAAAATACAAAAATTAGCTGGTACTGGTGGCATGTGCCTGTAGTCCCAGCTACTCAGGAGGCTAAGGCAGGAGAATCGCTTGAGCCCAGGAGGTTGAGGCTGCTATGAGCTGTGATGGCACCACTGCACTCCAGCCTGGGTGACAGAGTGAGACCTGGTCTCAAAAAGAAAAAAAAAAAA"
"GL873521","26951542","26951557","chr3","53948633","53948648","1","26997091","AAAAGAAAGAAAGAAA","GAAAGAAAGAAAGAAA"
"GL873521","27061553","27061681","chr3","122788793","122788920","26","95727240","GGCCACGCACAGTGGCTCATGCCTTTAATCCTAGCTTTCTGTGGAGGCCAAAGCAAATGGATCACTTGAACTCAGGAGTTCAAGACCAGCCTGAGCAAGAGCAAGACCCCATCTCTACTAAAAATAGAA","GGCCAGGCACTGTGGCTCATGCCTGCAATCCCAGCACTTTGGGAGGCCAAGGCAAGAGGATTGTTTGAGCCCAGGAATTCAAGACCAGCCTGGGCAACTCAGGAAGACCCCATCTCTACAAAAAACAA"
"GL873521","27061706","27061860","chr8","96136998","96137163","44","69075292","TAGCTTGGCATTGTGGTAGGCACTGGCAGTCCCAGTTACTTCGGAGGCTAAAACAAGAAGGATTGCTTGAATCCAGTGAGGTTGCTGTGAGCTATAATGTCATGGCACTTCTCCCCAGGGCAACAGAATGAGACTATCTCAAAAAAACAAATAAA","TTTAGCTGGGAAGGTTGGCACGCACCTGCAGTCCCAGCTACTTGGGAGGCTGAGACTGGAGGATTGCTTGAGCCCGAGAGGTCGAGGTGGCAGTGAGCCATAATCACACCACTGTACTCCAGCCTGGGTAACAGAATGAGACTCTGTCTCAAAACAAACAAACAAA"
"GL873521","27073730","27073910","chr1","68095575","68095737","50","41021845","GAGCAGCCTGAGCAGCTAGGGTACTGCTCCCTGCCTCTAGTCCCAGCTACTTGAGGGGCTAAGGCAGGAGGATTGTTTGAGCCCAGGAGCCCAGGAGTTTGAGATTGATGTGAACTAGGCTGATGCCATGGCACTCTAAACTGGGCAACAGAGTAAGACTCTATCTTAAAAAAACAAAAAA","TTAGCCCTGCATGGTGGCACATGCCTGTAGTCCCAGCTATTTGGGAGGCTAAGGCAGGGGGATGGTTGGAGCCCAGGAGGCAGAGGTTGCAGTAAGCTGAGACTGAGCCATTGCACTGCAGCCTGGGTGACAGAGTGAGACTCTGTCTCAAAAAAAAAAAAAA"
"GL873521","27074182","27074275","chr19","50666183","50666279","26","23592001","GCTGGGTACTGTGGCTCAAGCATGTAATCATAGCACTCTTGAGGCCAAAGTTTGGAGGATCCCTGAAGCTCCAGAGTTTAAATGCAGCTTGAGT","GGCTGGGCTCTGTGGCTCATGCCTGTAATCCCAGCACTTTGGGAGGCCGAAGTGGGAGGATCACTTGAGTCCAGCAGTTTGAGAGCAGCCTGGGCAA"
"GL873521","27115551","27115853","chrX","48006439","48006741","74","20890888","GGCCAGGTGTGGTGGCTCCTGTAATCCTATCACTATGGGAGGCCAAGGTGGGTGGATTGCTTGAGCTCAGGAGTTGGAGACTAGCCTAGGCAAGAGTGAGATCCCGTATCTACTAAATAGAAAAACTAACCAGGTTCCAGGTGCCTGTAGTCCCAGATTCTTGGGAGGCTGAGGCAAGAGGATCACTTAAGGTCAGGAGTTTAAGGTTGCTGTGAGCTATGATGTCATAGCACTCTACCCAGGGTGACAGAGTGAGACTCTATCTCAAACAAACAAACAAACAAAACAAAAACAACAAAAAAA","GGCTGGGCTCAGTGGCTCACGCCTGTAATTCCAGCACTTTGGGAGGCCAAGGTGGGCGGACTGCTTGAGCTCAGGAGTTCGAGACCAGCCTGGGAAACATGGCGAAACCCCATCTCTTAAAAAAAAAAAATTATCTGGGTGGCAGGAGCCTGTAGTCCCAGCTACTTGGGAGGCTGAGGTAGGAGGATCACCTGAGCCCGGGAGGTCAAGGCTGCAGTGAGCCATGATCGTGCCACTGCACTCCATCCTGGGTGACAGAGTGAGACCCTGTCTAAAAAAAAAAAGAAAAAAGAAAAAAAGAAA"
"GL873521","3621655","3621735","chr19","38588582","38588671","29","34966927","AAACCCCCCAGAAAATTAGCTGTAGTCCAGCTACTTGGGAGGGTGAGGCAGGATTGCTTGAACTCAGGAGGCTGAGGTTGC","TTAGCCAGGTGTGGTTGTGCACGCCAGTAGTCCTAGCTACTCAGGAGGCTGAGGCAGGAGGATTGCTTGAGCCCAGGAGTTTGAGGCTGC"
"GL873521","3642385","3642519","chr4","190118736","190118870","25","186476351","GGCTGGGTGAGGTGGCTCACACCTGTAATCCCAGCACTCTGGGAGGCCAACAGGGATGGAGCACCTGAGCTCAGGAGCTTGTGCCCAGCTTGAGCAAGAGTGAGACCTCATCTCTGTTAAAAACAGAAAAAAAAA","GGCTGGGTGCAGTGGCTCACACCTGTAATCCCAGCACTTTGGGAGGCCAAGGTGGGAGGATCACTTGAGCTCAGGAATTCGAGACCAGCCTGGGCAACATAATGAGACTGCATCTCTGTAAAAAAAAAAAAAAAA"
"GL873521","3642815","3642983","chr6","117522072","117522244","43","113879257","AAAAAAACTAGCCAGGCATTGTGGCGAGTGCCTGTAGTCCCAGCTACTCGGGAGGCGGAGGCAAGAGGAGTGCTTAATCCCAAGAGTTTGAGGTTGCTGTAAGCTATGACACTCATTCTACTCAGGGTAACAAAGTGAGACTCTGTCTCAAAAGGAAAAAAGAAAGAGA","TAAAAAAATTAGCCAGATGTGGTGGCATGTGCCTGTAGTTCCAGCTACTCGGGAGGCTGAGGCAGGAGGATTGCTTGAGCTCAGGAGTTCGAGGCTGCAGTGAGCTATAATTGTGCCACTGCACTCTAGCCTGGGTGACACAGTGAGACCTTGTCTTTAAAAAAAAAAAAAAA"
"GL873521","3668981","3669096","chr1","92774326","92774442","25","89105345","GGCTAGGCTCAGTGGCTCATGCCTATAATCCTAGCACTCTGGGAGGCTGAGACAGGTGGAGTGCCTACGTTCAGAAGTTTGAGACCAACCTGGGGAAGAGTGAGACCCTTGTCTCT","GGCCAGGCGCAGTGGCTCACACCTGTAATTCTAGCACTCTGGGAGGCAGAGGCAGGCAGACTGCTTGAGCTCAGGAGTTCGAGACTACCCTGGGCCACACAGTGAGACTTTGTCTCT"
"GL873521","3669118","3669287","chr19","44556029","44556196","40","40886911","GCCTAGCCATGCATTATGGTGGGCACCTGTAATCCCAGCTACTTGAGTGGCTGAGACAGGAGGATTGCTTGGGCCCAGGTGTTTGAAATTGTCGTGAGCTATGACAACACTATAGCACTCAACCCAGGGCACAGAGTGAGACCCTGTCTCAAAAAAAATAATAAATAAAA","TTAGCTGGGCACGGTGGTGTGCACCTATACTCCCAGCTACTCTGGAGGCTGAGACAGGAGGATTGCTTGAGCCCAGGAGTTCAAGACTGCAGTGAGCTAGGATCGCACCATTGCACTCCAGCCTGGGCAACAGAGTGAGGCCCTGTCTCTAATAATAGTAAAAAAAAA"
"GL873521","3669631","3669737","chrX","25092369","25092466","29","21422738","GGTTAGGCATGGTGGCTTACACATGTAATCCCAGCACTTTCAGAGGCTGAAGTAGGAGGATCTCTCAAGAGACCATCAGAGGGAGACCCTGTCCTTATAAATAATTA","GGGTGTGGCGGCTCAAACCTGTAATCCCAGCACTCTGTGAGGCTGAGGCAGGAGGATCGCCTGGGCAATATAGTGAAACCCTGTCTGTATTAATAATA"
"GL873521","3670024","3670183","chr1","26355033","26355200","40","22685009","TTGGTTGGGTGTGGTAGCACTTGCCAATAGTCTTAGCTACTTGGGAGGCTGAGGCAGGAGGATCCCTTGAGCCCAGGAGTTCAAAGTTGTAGTGAGCTGTAGTAGGGCCACTATAGGGTAAAAGAGTAAAATCCTGTCTCAAAAAAAAAAAAAAAAAAAA","AACTAGCTGGGTGTGGCGGCGTGTGCCTGTAGTCCCAGCTACTTGGGAGGCTGAGGCAGGAGGATCACTTGAGCCCAGGAGTTCAAGGCTGCAGTGAGCTAAGATCATACCACTGCACTCCAGCCTGGGTAATAGAGTGAGATCCTGTCTCAAAAAAAAAAAAAAAAA"
"GL873521","3713060","3713213","chr16","52591348","52591478","53","48878288","ACTAAAATTGTAAAGCCTAAGCTGGGTGTCATGGTGCACACCTGGAGATCCAGCTCCTCGGAGGCAGAGACAGGAGGATCTCTTGAACCCCAAAATTTGAACACAGTGCGACAACATAATGAGACCCACCTCTTACAAAAAATTACAAAGACTA","GCTGAGTGTGGTGGTGTGTGCCTATAATTCCAGCTACTCAGGAGGCTGAGGCAGGAGGATCACTTGAGCCCAGGAGTTTGAGACCAGCCTGGGCAACACAGTGAGACCCCATCTCAAAAAATTAAACATTA"
"GL873521","3858021","3858181","chr15","40727742","40727900","45","36869721","GGAAAAATTAGCTCAGCATTGTGGTGGGTGCCAATAGTCCTAGTTACTGGGGGGGTGGAGGGTTGAGGCAGGAGCTTGAGCTCAGGAGTTTGAGGTTGCTGCGAGCAAGGCTCATGCCATGGCACACTAGCCTGGACAACAGAGTGAGAGTCTGTCTCAAA","TTTAAAAATTAGCCAGGCATGGTGGTGACCACCTGTAGTCCTAGCTATTCAGGAGGCTGAGGCAGAAAGATTGCCTGAGCTCAGGAGTTTGAGGTTACAGAGAACTCTGATCATGCCACTGCACTGCAGCCTGGGCAACAGAGTGAGACTCTGTCTCAA"
"GL873521","3858456","3858567","chr17","26390105","26390216","27","22531649","GGTTGGATGCAGTGACTCACGTTTATAATCCTAGCACTCTGGGGAGCAGAGGCAGGAGGATCCCTTGAGCTTAGGAGCAAGACCCCATCTCTACTAAAAAATGGAAAAATTA","GGCCGGATGCAGTGGCTCACGCCTGTAATCCCAGCACTTTGGGAGATGGAGGTGGGAGGATCGCTTGAGGCTAGGGGTTCGAGACCACATCTTTACAAAAAATTTAAAATTA"
"GL873521","3958462","3958555","chr3","156881552","156881648","15","152923090","GGCCAAGTGTGGTGGCTCACGCCTGTAATCCCAGCACTCTGGGAGGCTGAGGCAGAGAATCACTGGAGCGCAAGAGTTTGAGACTAGCTTGAGC","GGCCAGTTGTGGTGGCTCACACCTGTAATCCTAGCACTCTGGGAGGCTGAGGCTGGAGGATCACTTGAGCTCAGGAGTTTGAGACCAGCCTGGGCAA"
"GL873521","4004289","4004415","chr2A","53135817","53135938","36","49131528","GCCGGGCGCGGTGGCTGACACCTGTAACCGAGCACTTTGGGAGGCATCTGTAGGAGGATCGCTTGAGGCCAGGGATTGGAGACCTCCCGCCCTACAAATGATTTTAAAATAAACTGCTTATGCTGGG","GCCAGGTACAGTGGCTGACATCTGTAATCCCAGCACTTTGGGAGGCTGAAGTGGGAGGATCACTTGAGGCCTGGAGCTTGAGACCAGCCTTGTCAACATAGTGAGATTAAAAAATTAGCTGG"
"GL873521","4004664","4004811","chr5","141173286","141173416","45","137168622","CTGCTTATGCTGGAGGACCCTCACCCCACCCCACCCCCACACACACCTTGTGCTCCTGACTTGGAGACTGCAGTGAACTATGATCAGGCCGCTGCCCTCCAGCGTGAGCGACAGAGCATGACCCTGTCAAAAAAAAAAAAAAAAAAAA","CTACTTGGGAGGCTGACCCACGAGAATCACTTGAACCTGGGAGGTAGGCTGCAGTGAGCTAAGATCACACCACTGCACTCCAGCCTGGGCAACAGAGCAAGACTCTGTCTCAAAAAAAAAAAAAAAAAAAA"
"GL873521","4367979","4368038","chr4","148843957","148844014","16","144475978","GGGCCCGGATAATGGCTCTAATCCCAGCTACTTGGGAGGCTGGGGCAGAAGGATCGCTTG","GCAATGGTACATGCCTATAATCCCAGCCCTTTGGGAGGCTGAGGCAGGAGGATCACTT"
"GL873521","4416492","4416644","chr15","38442496","38442652","39","34026004","GACAAAAATTAGATGGGCGTGGGGCTGTAGTTCCAACTACTCTGGAGGCTGAGGCAGGAGGGTTGCTTCAGCCCAGGAGTTTGCGGTTGTAGTGAGCTATAATGATTCCACTGCACTATAGCATGGTGACAGAGTAAGACTGTATCTCAAAAA","TTAGCCAGATATGGTGGTGCATGCCTGTAGTCCCAGTTACTTGGGAGGCTGAGGCGGGAGGATTGCTTGAGCCCAGGAGTTTGAGGCTGTGGTGAGCTATGATTGTGCCACTGCACTCCAGCATGGGTAACAGAGCAAGACCCTATCTCTTTAAAAA"
"GL873521","4416915","4417046","chr12","122239412","122239544","30","117822497","GCCTGGTACAGTGGCTCACAGCTGTAATTCTACCACTCTGGCAGACTGAGGCAGGAGTATAGCTTGAGGTCAGGAGTTAGAGAGCAGCCTGAGCAAAAGTGAGACCCTCTATTAAAAATAGAAGAATTAGGG","GGCTGAGCACGGTGGCTCATACCTGTAATCCTAGCACTTTGGGAGGCTGAGGCGGGAGGATTGCTTGAGGCCAGGAGTTTGAGACCAGCCTGGGCAACATAGTGAGACCCCATCTCTAAAAAAAAAAAAATTA"
"GL873521","4508052","4508216","chr1","180937305","180937458","45","176429253","CGCCAAAATAGCCACGTATGGTTGTGTGCACCTATAGTCCCAGCTATTTCAGAGGCGGAGACCATAAGACCACTTGCACCCAGGAATTTGAGGATACAGCAAGCTGTGATCATGCCACTGCACTCCACTCCAAGCCACAGACTGAGGCCTTGTCTCTTAAAAAAA","GCAAGCCAGGTGTGGTGGCATTTGCCTATAGTCCCAGCTATGTCAAAGGCTGAGACAAAAGTATCACTTGAACCCAAGAGTTAGAGGTTACAGTGAGCTATGATCGCACCACTGCACTCCAGCCTAGGCAACAGAATGAGACCCTGTCTCTAAA"
"GL873521","4508241","4508340","chr4","142826785","142826889","25","138318544","CCAGGTGCCATGGCTTATGCCTGTAATCCCAGGGCTCAGCTTGAGGCAGATGATCACTTGAAGCCAGGAGTTCGAGACCAGCCTGGGTAACACAGTGAGA","GGCCAGGTGTGGTGGCTCATGCCTTTAATACCAGGGCTTTGGGAGGCTGAGGCAGGACGATCACTTGAGGCCAGGTGTTTAAGACCAGCCTGGGCAACATAGGGA"
"GL873521","4585645","4585775","chr1","22024766","22024901","32","17439121","GCTGGGCAAGGTGGCTCACGCCTGTAATCCGAGCACTCGGGGAGTCCAATAGGGGTGGATTGCCTGAGCTCAAGTTCAAGACCAACCCAAGCAAGAGTAAGACCCCATCTCTACTAAAAATAGAAAAAACA","GCCAGGTGAGGTAGCTCACGCCTGTAATCCCAGCACTTTGGGAGGCCAAGGTGGGTGGATCAACTGAGGTCAGGAGTTCAAGACCAGCCTGGCCAATATGGTAAAACCCCATCTCTACAAAAAATACAAAAATTAT"
"GL873521","4586039","4586216","chr5","162553581","162553768","45","157967542","TAATAGAAAAACTAGCCACTGGTAGGCACCCATAGTCCCAGCTACTTGGGAGACTTAGGCAAGAGAATCACTTAGCCCAAGAGTTTGAGGTTGCTGTGAGCTATGATGCCATAGCACTCTACCCACAGTGCCAGAGTGAGATTCTGTCTCAAAACAAAAAAAGAAAGAAAGAAAGAAA","AATTTAAAAATAGCCAAGTATAGTGGCATGCCTCTGTATTCCTAGCTACTTAGGAGACTGAGGCAGGAGGATCACTTGAGCCCAAGTGTGTGAGGCTGCAGTGAGCCATGATCCAGCCACTGCACTCGAGCCTGGAAGACAGAGTGAGATACTGTCTCAAAAAAAAGAAAGAAACGAAAAGAAAGAAA"
"GL873521","4615177","4615298","chr12","11845861","11845982","46","7230684","AAATATAATGAGTAGCTGGGTGTGGAGGCACGTACTTCTACACCCAGCTACATAGAAACTGTGTAGCAGGCAGGAAGATAGTTTAATTAATATAGTGAGAACCCCATTTCAAAAAGAAAGAA","AATACAAGGAAGCCAGGTGTGGTGGCATGCACCTACAGCCCGAGCTACTCGGGAAGCTTTGAACTGGAGACAAGCCTGGGCAACATAGTGAAACCCCATCTCCCTCTAAAAACAAGGAAAGA"
"GL873521","4639212","4639298","chr17","29760224","29760310","16","25121012","GGCCTGGCACAGTGGCTCATACCTATAATCCTAGCACTCTGGGAGGTGAGGTGGGGAGGATCCTTTGAGCTTAAGAGTTTGAGATCA","GGCCATGGGCAGTTGCTCACACCTATAATCCCAGCACTTTGGGAGACTGAGGTGGGAGGATCGCTTGAGCACAGGAGTTTGAGACCA"
"GL873521","4757227","4757326","chr1","32811419","32811520","26","28054192","TAAAATAAATAAATCAGCTGGCAGTGTGGTAGGCAACTGTAGCCCCAGCTACCCAGGGCTGTGGCAGGAAGGTGACTTGAGCCCAGTAGTTTGAGGTTGC","ATTAAATTAAATGGAGCCGGGCGTGGTGGTATGCACCTGTTGTCCCAGCTACTCAGGAGGCCAAGGCAGGAGGATCACTTGAGCCCAGGAGTTTGAGGATGC"
"GL873521","4757600","4757715","chrX","124471265","124471386","33","119713665","GGCTGAGCAGTGTGGCTCACGCCTGTAATCCTAGTGCTTTGGGAGGCTGAGGTGGAGTGAATTCCAGACCTGCCTGAACAAGAGAGTTTTTGTCTCTACTAAAAATATAAAAATCA","GGCTGGACACCGTGACTCACGCCTGTAATCCCAGCACTTTAGGAGGCTGAGGCAGGAGGATTGCTCAAGACTAGCCTGGCCAACATGGTGAAACCCCGTCTCCACTAAAAATACAAAAATTA"
"GL873521","4833908","4834183","chr20","5619662","5619943","68","785754","GGCCAGTGCAGTGGCTCATGCTGTAATCCCAGCCCTCTGGGAGGCTGAGGCAGGCGGATCCCCTGAGCTCAGTGGTTGGAGACCAGCCTGAGCAAAAGTGCAACCCCGGCTCTACTAAAAATAGAAAAAACATTAGCTGGGCTGGGTGGCAGCTGCCTATAGTTACAGCTAATAGGAAGGCTGAGACAGGAGGATGGTTTGAGCTCAGGAGGTTGGGGTTAAGATATGGTGACACCACTGCATGCTACCTGGGGCACAGAGCAAGACTCTTGTCTC","GGCCAGGTGCAGGGGCTGACACCTGTAGTCCCAGCACTTTGGGAGGCTGAGGCAGGAAGATCACTTAAGCCCAGGAGTTCGAGACCAGCCTGCGCAACATGGTGAAAACCCGACTCTACAAAAAATACAAAAACTAGCCAGGCATGGTGGTGCCTGCCTGTAGTCCTAGCTACTCAGAAGGCTGAGATGGGAGGATTGCTTGAGCCCAGGAGGTTGAGGTTGCAGTGAGCTGAGATGACACCGCTGCATTCCAGCTTGGGTGCCAGAGCAAGACCCTCTCTC"
"GL873521","4857882","4858053","chr13","48157593","48157767","59","43299711","GACCAACCAGAGTAAGAATAAGACCCCTGTCTCTACAAAAAAATGCCAAAATTAGCCAGGCATAGTGGCATGCACCTATAGTCCCAGCTACTATAGTTTTGAGGTTGCTGTGAGCTATGACGATGACATTGCACTCTACCCCAGGCAACACAGCAAGGCTCTGTCTCCAAAA","CCAGCCTGGACAACATAGGGAGACCCTGTCTCTACAAAAAAATTTTCAGAAAATTAGCTGGGCACCATGGCGCATTCCTATAGTCCCAGCTACTCAGGAGGCTGCAGTGAGCCATGATTGTGCCACTGTGCTCCAGCACGGGTGACAGAGCAAGACCCTGTCTCTTAAAAAAAAA"
"GL873521","4858329","4858418","chr2B","246546136","246546224","17","241687807","CAGGAGCAGGGGCTCACACCTATAATCCTAGCACTCTAGAAGGCCAAGGCTGGAGGATTACTTGAGGCCAGAAGTTCATGACCAGCCAGT","CCAGGTGCTGTGGCTCATGCCTGTAATCCCAGCACTTTGAGAGGCCTAGGCAGGAGGATTACTTGAGGCCAGAAGCTCAAGACCAGCCT"
"GL873521","4904065","4904344","chr20","3250028","3250308","77","1654037","GGCCAGGCATGGCGGCTCAGCCTATAATCTGGGAGGCCAAGGCTCAAGGAGTTTGAGACCTGCCTGAGCAAGAGCAAGACCCTGTCTCTACTAAAAATAGAAAAAACAGCCAGGTGTTGTGGCAGGCACCTGTAGGCCCAGCTACTTGAGAAACTGAGGCAGGAGGACTGCATGAGCTCAGGAGTTTGAAGTTGCTGTGAGCTAAGAAGCCACAGCATTCTAGTCTGTAGCAACAGAGTGAAACTGTCTCAAAAACAGAACAAAACAAAACAAAACAAAA","GGCCAGGTGCAGTGGCTCACACCTATAATCCTAGCACTTCAAGGCCAAGTTCGAGACCAGCCTGGGCAACATGGCAAAACCCTGTCTCTACAAAAAAAAAATAAAAATTAGCCAGGCATGGTGGCGCTCACCTGTAGCCCCAGCTTCTTGTGGGGCTGAGGCAGGAGGATTGTTTGAGCCTGGGAGACAGAGGTTGCAGTGAACCTATATCATGCCACTGCACTCCAGCCTGGGTGACAGAGTGAAACCCTGTCAAAAAAAAAAAAAAAAAAGAAAGAAAA"
"GL873521","5548943","5549231","chr4","172002891","172003185","72","166453948","GACTGGGCACAATGGCTCACGCCTATAATCCTAGCACTCTGGAAGGCCAAGGTGGGTGGATTACTTGAGCTCACAGGTTTGGGACCATCCTGAGCAAGAGTAAAACCTCATCTCTAAAAATAGCCCGGCATTGTGGTGGGTACCTTGTAGTCCCAGCTAGTTGGGAGGCTGAGGCAAGAGAATCTCTTGAGCCTAAGACTTTGAGGTTGCTGTAAGCTGTGATGCCATGGTACTCTACCGAGGGTGACATAGTAAGACTCTATCTCCAAAAAAAAGAAAGGAAAAAGAA","GGCCAGGCACAGTGGCTCATGCCTATAATCCCAGCAATTTGGGAGGCCAAGGTGGGAGGATCACTTGAGCCCAGGAGTTGGAGACCAGCCTGGGCAACATGGCAAAACTCCATCTCTACAAAAAATAGAAGCCAGGTGTGGTGGTGTGCATCTGTAGTCCCAGCTACTTGGGAGGCTGAGGTGGGAGAATCGCCTGAGCCTGGGAGGTGGAGGTTGCAGTGAGCCAAGATCATGCCACTGCACTCTAGCCTGGGTGTCAGAGTGACAACTTGTCTCAAAAAAAAAAAAAAAAGAA"
"GL873521","5616768","5616899","chr1","134480867","134480991","29","128864099","GTGGCTCTCTCCTGTAATCCCAGCACTTTGGGAGGCCAGGGGAGAGGATTGCTTAAGGCCAGGTATTTGAAACCAGCCTGGGCAACACAGAGAGATATGCCCATCTCTACCAAAAGAAAAAAATTGCTAGGA","GTGGCTCATGCCTGTAATCCCAGCACTTTGGGAGGCCAAGGAGTGAGGATTGCTTAAGTCCAGGAGTTCAAGAACAGCCTGGGAAACATAGTAAGATCCTGTCTCTACAAAAAATAAAAAATTGT"
"GL873521","5617203","5617331","chr3","201848039","201848154","42","196230836","TTAAAAGTTTGCTGGGCTTGCTGAAGTGTGCCTGTAGTCCCAGCTACTCAAGAGACTAAAGTGGGGGGGATCAACAGAGCCCAAGAGTTTTAGCCTGTTCTGAATCACTGGACCACTGCATTCCTGTCT","ATTAGCTGGGCGTGGTGGCGGCTGCCTGTAGTCCCAGCTACTCAGGAGGCTGAGGTGGGAGGATCACCTGAGCCCGGGAGGTCGAGGCTGCAGTGAGCAGTGATGACGGCACTGCA"
"GL873521","5813449","5813645","chr8","55925895","55926096","51","50112446","TCTATAAATATATAGAAATTGCCAGGCACTGTGGCTAATGCCTGTCATCCGAGCACTTTGGGAGGCTGAGGCAGGAGGATCATTTGAGCCCAGAAGTTGGAGGCTTCTATGACTGGGGTGCTGCACTACAGTGGAGGCTGGGTGAAAGAGCAAGATTCTGTCTCTAAAAAACATACAAAACAAACAAACAAACAAAA","TCTCTACAAAAAAATAAAAAACTAGCCGGGCATGGTGGCACATGCCTGTAGTCCCAGCTACTTGGGAGGCTGAGGCAAGAGGATCACTTTACCCCAGGAGGTCGGGGCTGCAGTGAGCTGTGTTCATACCACTGCACTACAGCCTGGGTGACAGAGCAAGACTCTGTCTCAACAAAACAAAACAAAACAAAACAAAACAAAA"
"GL873521","5816723","5816839","chr7","150519989","150520108","29","144703266","GGCTTACACCTGTAATCCTAGCACTTTGGGAGAGTGGGAGTATGGCTCGAACCCAAGAGTTGGGAGACCAGCATGGGAAAGAATGAGACCCTGTCTCTACAAAAATAGAAAAATTAG","TGGCTCACATCTGTAATCCCAGCACTTTGGGAGGCCAAGGTGGGAGGATTGCTTGATCCCAGGAGTTGGAGACCAGCCTGGGCAACATAGTGAGACCCTGTCTCAACAAAAATTTATTTT"
"GL873521","6392280","6392393","chr13","98865790","98865887","34","92473510","GGCATGGTGATACATGCCAGCGACTTAGGAGGAGGACCCCTTGAGCAAGTGAGCAGTGATTGTGCCACTGCACCTCCAGCCTGAGCAACAAAGTGAGACTCTGACTCTTAAAAA","CAGGGGGACCACCTGAGCCTGGGAGGTTGCAGCTGCAGAGCCGTGATTGTGCCACTGCATTCCAGCCTGGGCAACAGAGTGAGCTCCTGTCTCAAAAA"
"GL873521","6821886","6822161","chr13","35542940","35543211","71","28721054","GGCCTGGTGCAGTAGCTCAGAGCTGTAAGCCTAGCACTCTGGGAGGCAGAGGTAGGTAGATCACTTGAGACCAGGAGTTCAAGAAGACCAGACTAAGTAAGAGTGAGACCCTCACCTATGCTAAAAATAGAAAATATTAGCTGGGCATACAGTGTATGTCTGTAGTCCAGGCTACTTAGGAAGCTGAGGTAGGAGGATCACTTAAGCCCAGGAGTTTGAGGTTGCTGTGAGCTAGGCTGAGGCCATGGTACTTCAGCCTCGGCAACAGAGTGAGAC","GGCCAGATGTGGTGGCTCACACCTGTAATCCTAACACTTTGGGAGACCGAGGTGGGTGGATCACTTGAGGTCAGGAGTTCAAGACCAGCCTGGCCAACATGGTGAAACCCCATCTCTACTAAAAATACAAAAATTTGCTGGGCATGATGGTGGGCGCCAGTAGTTCCAGCTACTCAGGAGGCTGAGGCAGGAGAATCGCTTGAACCCAGGAATCAGAGGTTGCAGTGAGCCAAGATCACGCCATTGCACTGAAGCCTGGGCGACAAGAGCAA"
"GL873521","6822427","6822459","chr1","26448863","26448892","8","19626436","TCAGAGTGAGACTTTATCTCAAAGAAAAAAAAA","TGAGTAAGACCCTGTTTCAAAGAAAAAAAA"
"GL873521","6828199","6828251","chr12","8954703","8954756","17","2126504","GGGAGAGGTAGCTCAGGCCTGTAATTCTAACACTCTGGGAGGGAGGATCCCTT","GGTCAGGTATGGTGGCTCATGCCTGTAATTCTAGTACTTTGGGAGGCTGAGGTC"
"GL873521","6828640","6828791","chr2A","70191250","70191406","45","63362610","CCTTGAGCTCACAAGTTTGAGACCAGCCTGAGCAAGAGCGTGACTATCTCTACTAAAAATAGAAAACTCTGCTAGGTGTTGTGGCAGGTGCCTATAGTTCCAGCTACCTAGGAGGCTGAGGCAAGAGGATCACTTAAGCCCAGCAGTTTGAG","TCACTTGAGCCCAGGAGTTCGAGACCAGCCTGGGCAACATAGTGAGACTCAGTCACTACAAAAATAAACTTGCTGGGTGTGGTGGTGTGCACCTGTAGTTCTAGCTACTCAGGAGGCTGAGGTGGGAGGATCCCTTGAGCCTCGGAGGTGGAGGTTG"
"GL873521","6837142","6837367","chr12","104694083","104694305","59","97856941","GACTGGGTGCTATAGCTCACACCTGTAACCCTAGCACTCTCAGAGGCCAAGGTGGGTGGATTCGCTGAGCTCAGGAGTTCAAGACCAGCCTGAGCAAAATAAGACCCCATCTCTACTAAAAATAGAAAAAGAAAAACCAGCCAGGTGTGGTGCCAGGAGCCTGTAGTTCCAGCTACTCAGAGGCTAAAGTAAGAGGATTATTTGAGCAGTAAGAGTTTGTGGTTTC","GACTGAGTACGGTGGCTCACACCTGTAATCCTAGCATTTTGGGAGGTCAAAGTGGGAGGATGACTTGAGCCCAGGGGTTCAAGACCAGCCTGGGCAACAAAGTGAGACCCTGTCTCCATAAAAATTACAAAAATTAACCAGGCATGGTAGCATGTGCCTGTAGTCCCAGCTACTCGGGAAGCTGAGGCCAGAGGATTGCTTGAGCTTAAGAGGTTGAGGCTGC"
"GL873521","6837616","6837695","chr14","61332116","61332199","24","54494500","GTTTGTGGTTGCTGTGAGCTATGACATCACAGCACTCAACCCCAGGGTGACTACATACAACTCTGTCTCAGAAAAAAAAA","GGTTGAGGCTGCAGTGAGCTGTAATTGTACCACTGCACTCCAACCCAGGTGACACAGTAAGACCCTATCTCAAACAAAACAAAA"
"GL873521","7000001","7000131","chr1","35753661","35753787","41","28753660","ACAGTAATACATACTTGTAGTTCCAGCTTCTAGGCTGAGGCCAGAAGATGGCTTGAGCCCAGGACTTTGAGGTTGCAGTGAGAGATGATGATACCTCTGTACTCTAGCCCAGGTAACAGAGACTCTGTTTC","TTAGCCAGGCATACTAGCTCATGCCTGGAGGCTGAAGCAAGAGGACAGCTTGAGCCCAGGAGTTTGAGGCTGCAGGCAGCTATGATCGCACCATCGCACTCCAGCCTGGGTGACAAGACCCCATCTC"
"GL873521","7000386","7000547","chr6","44662547","44662705","42","37662161","GGGTGTGGTGGCTCTTACCTGTAATCCTAGCACTTTGGGAGGCTGGGGCAGGCAGGAAGATTGTTTGAGGCCAGGAGTTCCAGACCAGGCTTGTCAATATAGTGAGACCCCGTCCCTATAAAAAATAGAAAAATTATCTGGGCCTGGTAATGCATACTTTGG","GGCACAGTGGCTCATGCCTATAATCTCAGCACTTTGGGAGGCCAAGGTGAGAGGATCACTTGAGCCCAGGAGCTACAGACCAGCCTGGGCAACATAGAGAAAACCCATCTCTACAAAAAATACAAAAATTATCTGGGCGTGGTGATGCATGCCTGTTGT"
"GL873521","7034228","7034543","chr6","83628974","83629284","80","76594746","GGCCAGATGCAGTGGCTGACACCTGCAATTCTATAACTTTAGGAAGGTGAGAGAATTGCTTGAGGCCAGGAGTTCCAGACCAGCCTGAACAATATAGTGAGACCCCATTGCTACAAAAATTAGAAAAATTCACTGGGTGTAATGGCCAATGCCTGTATTCCCAGATAATCCAGAGGCTGATGCTGGAAGATTACTTGAGCCCAAGAATTTGAGGTGACAGTGAGCTATGATGACACCAATGCACTCTAGCTTGGGCAATAGAGTGTGACCCTATTTCCAAAAAAAGAAAGAAAGAAAGAAAGAAAAGAAAAGAAAA","GGCAGGGCATGGTGGCTCATACCTGTAATCCCAGCACTTTGGGAGTCCAAAGTGGGTGGATCGCTTGAGTCCAGGAGTTCAAGACCAGCATGGGCAATATGGTGAAACCCTATCTCTACAAAAAAATACAAAAATTAGCTGGGCATGGTGGCATGCACTTGTATCCCAGCTACTCCAGAGGCTGAGGTGGGAGGATTGCTTGAGCCCAGGAGGTTGAGGCTGCAGTGAGCCATGATCACACCACTGCACTGTAGCCTGGGCAGTAGAGCGAGACACTGTCTAAAAAAAAAAAAAAAGAAAAGAAAAGAAAA"
"GL873521","7070010","7070206","chr5","79804250","79804453","53","72734240","GGCCAGGCAAGATGGCTCATGCCTGTAATCCTAGCATTCTGGGTGGCTGAGACAGGCATATTCCCTGAACTCATGAGTTGGAGACAAGTCTGAGCCAGAGTTAGACCTCATCTCTAAAAATAGCCTGGCATTGTGGCATACACCTGTAGTCTCAGCTACTTGGGAGGCTGAGGTGAAAGAATTGCTTAAGCCCAAGA","CAGGCACTGTGGATCACACCTGTAATCCCAGCACTTTTGGAGGCTGAGGCGGGCAGATTGCTTGAGCTCAGGAGTTTGAGACCATCTTGGGCAACCTGGTAGAACCACATCTCTACAAAAAATTAGCCGGGCATCGTGGCACACGCCTGTAGTCGCAGCTATTTGGGGGGCCTCCTGAGGTGAGAGGATTGCTTGAGTCCAGGA"
"GL873521","7070300","7070404","chr10","27497894","27497990","34","20427594","GTAAGCCCAAGATTTTGAGGTTGCTGTGAGCTATAATGCCATAGCACGCTAACTGAAGCAAAGTAACTATGACAAAGTAAGACTCGGTCTCAAGAAAGAGAAAAA","CACTTGAGCCCAGGAGGTTGAGGCTGCAGTGAGCTATCATGCCACCACACTCCAGCCTGAATTACATGGCAAGACCCTGTCTCAAGAAAAAAAAAAA"
"GL873521","7099137","7099314","chr16","419989","420167","56","6679148","GGCTGGGTGCCGCGGCTCACACCTATAATCCTAGCACTCTGAGAGGCCAAGGCAGGTGGATTGCTTGAGCTCAGGCACTTGAGGCCCTCAAATAGAAAAACTAGCCCAGCCTTGTGGTGGGCCCCTGTAGTCCAGCTACTTAGGAGGCTGAGGCATGAGGATCGATTGAGCCCAAGTA","CTGGGCACCGTGGGTCATGCCTGTAATCCCAGCACTTTGGGAGGCTGAGGCAGGAGGATCACTTAAGCCCAGGTGTTCAAAAAACAAACAAAAAAACATTAGCCAGGTGTGGTGGTGCACACCTGTAGTCCCGGCTACTCAGGAGACTGAGGTGGGAGGAGCTCTTAAGACCGAGAGGT"
"GL873521","7099591","7099694","chr5","181790038","181790151","31","174690447","TGAGGCCAAGTATTTGAAGTTGCTGTGAGCTATGATGTGGCGCTCTACCAAGGTTGATAAAGTGAGACTCTGTCTCAAAAACAAACAAACAAACAAAAAAGCAA","TTGCTTGAGCCCAGGAGGTGGAGGTTTCAGTGAGCCAAGATCGTGCCACTGCACTCCAGCCTGGGTGACAAAGTGAGACCCTGTCTCAAAAACAAACTAACAAACAAAAAACAA"
"GL873521","7182117","7182284","chr17","14741482","14741644","46","7559365","AATTAGCCAGGCATCATAGCACATGCCTATAGTCCCAACTATTCAGGAGCCTCAGGGCCAGGAGGATCCCTTGAATATAGGAGTTTGGGGTTACTGTGAGCTATAATGATACCACCCACTGCACTTTAGTCTGGGTGACAGTGAGACCCCGGCTCAGGGGGAAAAAAA","AATTAGCCAGGCATGGTGGCACATGCCTATAGTTCCAGCACTTTGGGAGGCTAAGGCAGGAGGATTGCTTGAGCCCAGGAGTTTGAAGTTACAGTAAGCTATGATCATGCCATTGCACTCTAGCCTGGGCAACAGAGTGAGACCTTGTCTCTAAAAAAAAAAA"
"GL873521","7182549","7182656","chr11","75656969","75657073","28","68474420","AACCCCAGCACTTTGGGAGGCCAAAGCAGGAGGATCATTTGAGGCCTAGGAGTTGGAAAGCAGGCAGAACAAGAGTGAGACTATCTTCATAAAAATACAGAAAAATTA","CCAGCACTTTGGGAGGCCAAGGCAAAAGGATCACTTGAGCCCAGGAGTTTGAACCAACCTAAGCAACAGAGTGAGACCCTGTGTCTACAAAATATTAAAAAATTA"
"GL873521","7224398","7224414","chr1","153358526","153358539","3","146134128","AAAAAAGAAAGTAAAAA","AAAAAAAAAAAAAA"
"GL873521","7224442","7224704","chr16","23925003","23925279","73","16700561","GTGTGATGGCTCATGCCCATAATCCTAGTACTTTGGGAAGCTTAGGCAGGAAGATTGCTGGAGGTCAGGAGTTCAAGACCCACCTGAGCAAGAATGAGACCCCCGTATCTACAAAAAATAGAAACATTAGCTGGGTGTGTTGGTGTATGTCTGCAGTACCAACTACTAGAGAGTTTGAGGCAGGAGGATCGTGTAAGCCCAGGAATTTGAGGTTGCAGTGAGCCACCACTGCACTCTACCCTGGGAGGCAGATCAAGACTGTG","GGCTGAGCGCGGTAGCTCATGCCTATAATCCCAGCACTTTGGGAGGCTGAGGCAGGTGGATTACTTGAGCTCAGGAGTTCGAGACCAACCTGGGCAACACGGTGAAACCCCTTCTCTACAAAAAACACAAGAATTAGCAGGGCATGGTGGTGTGCACCCGAAGTCCCAGCTACTCAAGAGGCTGAGGTGGGAGGATGGCATAAGCCCAGGAAGTGGAGGTTGCAGTGAGCCAAGATCATGCCACTGCACTCCAGCCTGGGTGACAGCAAGACTGTCT"
"GL873521","7244822","7245115","chr16","74165797","74166100","72","66920975","GGCCGGGCTCAGTGGCTCTATAATCCTGGCACTCTGGGAGGTCAAGGTGGGTGGATTGCTTGAGCGCAGGAGTTTGAGACCAGCCTGAGCAAGAGTGAAACCCCGTCTCTAAAAATAGCCAGGTGCTGTGGTGAGCCCCTATAGTCCCAGCTACTCAGGAGGCTGAGGCCAGAGAATCGCTTAAGCCCAGAAGTTGGAGGTTGCTGTGAGCCGTGATACCATAATTCTTTAACAAGGGTGACAGAGTGAGACTCTGTCTCAAAAAAACAAACATACAAACAAAAAAAAAAAAAA","GGCTGGGCACAGTGGCTCATGCTTATAATTCCAGCACTTTGGGAGGCCAAGGTGGGTGGATCACTTGAGCCCAGGAGTTCGAGACCAGCCTGGGCAACATGGTGAAACTCTGTCTCTACAAAAAATTAGCTGGGTGTGGTGGCTCGTGCCTGCAGTCCCAGCTACTCAGGAGGCTGAGGTGAGAGGATCAATGGAGCCCAGGAGGTGGAAGTTGCAGTGAGCCAGATCACACCACTGTACTCTCCAGCCTGGGTGACAGAGCAAGACCCTGTCTCAAAAACAAACAAACAAACAAACAAACAAA"
"GL873521","7391188","7391475","chr8","106723939","106724236","70","99332751","GGCATGGTGGCTCACACCTATAATCCTAGCACTCTGGGAGGACAAGGTGGGAGGATCCCTTGCACTCAGAAGTTCAAGACCAGCCTGAGAGAGAATAGGACCCCATCTCTACTAAAAATAGAAAAATTACCTGGGCATTGTGGTTGGTGCCTGTAGTCCCAGCTTCTTGGGAGGGTGAGGCAGGGGCATCACGTGAGCCCAGGAATTTGAGGTTACAGTTAGCTGTTTTGTCACAGCCATCTACCCAGGGCAACAGAGTGAGACTCTATCTCAAAAAGAAAAAAAGAG","GGTGCTGTGGCTCAAGCCTATAGTCCCAGCACTTTGGGAGGACAAGGTGGGAGGATCACTTGAGCCCAGCAGTTCAAGACCAGCCTGAGCAACATGATAAGACCCCATCTCTACAAAAAATTAGAAAAATTAGCCAGGCATGGTGATGTATGCCTGTGGTCCTAGCTACTTGGGAGGCTGAGGCAGGAGGATCCCTTGAGCCCAGGAGGTCAAGGTTGCAGTGAGCCATGGTTGTACCACTGTACCCCAGCCTGGGTTACACAGTGAGATCCTATCTCAAAAAAAAAAAAAAAAAAAA"
"GL873521","7391570","7391585","chr17","38661961","38661976","2","31270391","GAAAAAAAAAAGAGAA","GAAAAGAAAAAAGAAA"
"GL873521","7411261","7411442","chr4","57296207","57296386","41","49884946","AGAAAGAAAGAAAAAAAATTAGTCAAGAATGGTGGCATGCACCTATATTCCCAGCTACTCAAGAGACTGAAGCAGGAGGATTACTTGAGCTCAGGAGTTGGGGGCTGCAGTAAGCTTTGACTATACTAATGCACTCCAGCCTGGGTGACAGAGCGAGACCCTGTTTCAAAAAAGAAAAAAAA","AAAAAAGAAAAATTAGCCAGGCATGGTGGCATGTGCCTGCAGTCCCAGCTACTCAGGAGACTGAGGTGGGAGGATTGCTTGAGCCAGGGAGATTGGGGCTGCAGTGAGCTGTGATATCATGCCACTGTACTCCAGCCTAGGCCGCAGAGTGAGACCCTGTCTCAAAACAAAAACAAAAAA"
"GL873521","7411723","7411845","chr16","11721596","11721721","28","4309873","GGCTGGGTGCAGTGATCCTAGCCTTTTGGGAGGCTGAGGCAGGAGGACTGATTGAGGCCATGAATTTGAGACCAGCCTGAGCAAGAGTGAGACCTTGTCTCTGCAAAAAATAGGAAAATTAGT","GGCTGGATGCGGTGGCTCATGCCTTTTGGGGAGGCTAAGGCAGGAGGATTGCTGGAGCCCAGGAATTAAAGACCAGCCTGGGCAACATAGTGAGACCTCGTCTCTACAAAATTAAAAATTAAGTTT"
"GL873521","7473204","7473396","chrX","14950093","14950281","51","7476889","CAAAAAAAAAACCTTAGCCAGGTATGGCAGCACAGATTTGTCATCCCAACTACTCAAGAAGCTAAGGTGAGAAGATCACCTGAGCACAGGAGTCTGAGGTTATAGTGAGCTGTGACTGGGCCATTCACTACATTCCAGCCTATGCTATAGAGTAAGACCCTGTCAAAAGAAAAAAAAAGAGAGAGAGAGAAAA","TCAATAAATAAAAATTAGCCAGGCATGGTAGCACATGCCTGTCGTCCCAGTTACTCAGGAGGCTGAGGTGGGAGGCTCACCTGAGCCCAGGCATTGAAGGCTGCAGTGAGCTATGATCACAACACTGCATTCCAGCCTGGGTGACAGAGCAAGACCCTGCCTCAAAATAAAATAAAGAAAGAAAGAAAA"
"GL873521","7473423","7473542","chr14","57739259","57739375","24","50265836","CTGGGCACAGTGTTCATGCCTGTAATTTGAGCACTTTGGGAGGCCAAGGCTAGAGGATCACTTGAGGCCAGGAGTTTGAAACCAGCCTCAGTAACACAGAGAACCCTCATCTCTATTTAA","CTGGGTACATTGGCTCAAGCCAGTAATCCCAGCACTTTGGGAGGCCAAAGCAGGAGGATCACTTGAGGCCAGGAGTTTGAGACCAGCCTGGGTAACATGAGACCCTGTTTCTACAAA"
"GL873521","7573100","7573248","chr5","35112160","35112317","42","27539060","AGCCAGATGTGGTCTATAGTCCACAGCTACTTAGAGGCTGAGGCAAAGGGATCACTTGAGCCCGAGAGTTCAGGGCTGTGGTGCACAATGATCATGTCTGTGAATAGCCACTGCACTTCAGCCTAGGCAACATAGCAAGACCCTATCTC","AGCCTGGTGTAGTGGCACATGCCTATAGTGTCAGCTACTGGAGAGGTTGAGGCAGCAGGATTGCTTGAGTCCAGCAGTTCAAGGCTGTAGTGCACGATGATGGTGCCTGTGAATAGATACTGTGCTTTAGCATGGGCAACACAGCAAGACTCTGTCTG"
"GL873521","7601934","7602029","chr5","155700261","155700353","20","148098327","GGCTGAGCCCAGAGGCTCATGCCTGTAATTCTAGCACTCTGGGAGGCTGAGGCAGGTGGAGTGCTTGAGCTCAGGAGTTAAAAAAATCCAGTTTGA","GGCCGGGCACAGTGGCTCATGCCTATAATCCCAGCACTTTGGGAAGCTGAGGCAGGAGGATTGCTTAAGCCCAGGAGTTCAAGACCAGTCTTG"
"GL873521","7602314","7602531","chr2A","29137649","29137868","57","21535335","GACCAGTGTGAGCAAGGGCAAGACTCTGTCTCTACTAAAAATAGAGAAACTAGCTGAGCATTGTGGTGGGTGCCTAAAGTCTCAGCTGCTCAGGAGGATAAGGCAGGAAGATCTCCTGAGCCCAGGAGTTTGAGGTTGATGTGAGCTATGATGATATCGCATTCTAACCAGGTAACAGAGTGAGGCTTTGTCTCAAAAAAAAAAAAAAAAAAGAAAAA","CAGCCTGGTCAACATAGGGAAACTCTGTCTCTACAAAAAGTTAAAAAATTAGCTGAGCATGGTGGCACATGCCTGTAGTCTCAGCTACTCAGGAGGCTGAGGCAGGAGGGTCACTTGAGCCTGGGAGGCTGAGGCTGCAGTGAGCTGTGATCATGCTATTGCACTCCAGCCTGGGAGACAGAGTGAGATCCTGTCTCCAAAAATAAAAAATAAAAATAAA"
"GL873521","7608283","7608358","chr9","32411376","32411450","22","24803093","AGGCTGAGGAGGAAAGATTACTTGAGCCCCAAAATCTAGCCTTGGTGACATAGTGAAACTCTGTCTAAAAAAAATA","AGGTGGGAAGAGTACTTGAGGCCAGGAATTCAAATCTAGCCTGGGCAACATAGTGAAACCCTGCCTTAAAAAAAA"
"GL873521","7633232","7633420","chr7","4237351","4237553","52","3395881","GTGGTGGCTCATGCCTGTAATCGTAACACTCTGGGAGGCTGAGGTGGGTAGATTGCTTCAGCTTAGGAGTTCGGGACCAACCAAAGCAAGAATGAGACCCCCTCTCTACTAAAAACAGAAAGACTAGCCAGGCATTGTAGCAGGTCCTGTAGTCGCTACTCAGGAGGCTGAAGCAGGAGGATCACTTAA","GGTCAGGCATGGTGGCTCATGCCTGTAATCCCAGCACTTTGGGAGGCCGAGGTGGGCAGATTGCTTGAACTCAGGAGTTGAAGACTAGCCTGGGCAACACGGCAAAACCCCATCTCTACTAAAACTACAAAAACTAACTGGGCATGGTGGCACGCGCCTGTAGTCCCAGCTACTGGGGAGGCTGAGGTAGGAGGATCACTTGA"
"GL873521","7636438","7636492","chr5","38545852","38545906","11","30909414","ATTCAAGCCTGGGTGACAGAGTGAGACACTATCTAAGAACAATAAATAAATAAAA","ATTCCAGCCTGAGTGACAGAGTGAAACCCTGTCTCAAAACAAAAACAAAAACAAA"
"GL873521","7696982","7697091","chr9","129918441","129918551","24","122221459","TAATCCTAGCACTCTGGGAGGCCAAGGTAAGTGGATTGCTTGAGCTCAGGAGTTCAAGAGCAGCCTGAGCAAGAACAAGACCCCAACTCTATTAAAAATAGAAAAAAGCA","TAATTCCAGCACTTTGGGAGACTGAGGCAGGAGGATTGCTTGAGCTCAGGAGTTCGAGACCAGCCTGGGCAACATATTGAGTCCTCATCTCTATTAAAAATTAAAAAAATA"
"GL873521","7697336","7697489","chr7","132712253","132712405","44","125014917","GTAGAAAAAAGGCCAGCTGGGCATAGTGGTACATGCTTGTAGTCCCAGCTACTTGGAGACTAAGGTAAGAGGACTGCTTAAGTCCAAGAGCTTAAGGTTGCTGTGAGCTATGACACCACAGGGTGATAAGAGTGAGACTGTCTCCAAAAAAAAA","GAATTAAATAAAAATTAGCAGGGCATGGTGGCATGTGCCTGTAGTGCCAGCTACTTGGGAGGCTGACGCCAGAGGATTACTTGAGCCCAGGAGTTGGAGGTTACAGTGATCATGCCACTGCATGACAGAGTGAGACCCTGTCTCAAAAAAAAA"
"GL873521","7750582","7750651","chr7","149337669","149337736","11","141587087","GCTGGGTAAGAGTGGCTCATACCTATAATCCCAGCACTTTTGGGAGGCTGAAACAGGAGGATCACTTGAG","GCTGGGCACAGTGGCTCACACCTGTAATCCCAGCACTTTGGGATGCTGAGGCAGGAGGATCATTGGAG"
"GL873521","7784733","7784858","chr3","160952502","160952627","25","153167769","GGCCGGGCATTGATGGCTTCTACCTGTAATCCCAGCACTTTTGGAGGCTGAGGTGGGAGGTTTCATTGAGATCAGGAGTTTGAGACCAACTTGGGCAACAGTGAGACCCTGCCTTAAAAAAAAAAA","GGCCAGGCATGGTGGCTCACACCTGTAATCCCAGCACTTTGGGAAGCTAAGGTGGGAGGATCGCTTGAGCACAGAAATTTGAGACCAGCTTGGGCAACATAGAGATCCTGTCTCTATTAAAAAAAA"
"GL873521","7784884","7785052","chr16","1604263","1604439","38","6180621","AATTAGGCAGGCATGGTGGCACTTGTCCCAGCTACTTGGAAGGCTGAAGGAGGAGGATCACTTGAGCCCAGGAGTTAGAGGTTGCTGTGAGCTTTGATGCCACTGTACTCTAACCTGGGCAACAGAGTGAGATGTGCCTCAAAAACAAACAAACAAACAAAACCAAAAA","AATTAGCCAGGCATGGTGATTGGCACCTGTGGTCCCAGCTACTTGGGAGGCTGAGGCAGGAGGATGAATTGACCCCAGGAGTTTGAGGCTGCAGTGAGCTATGATGGCACCACTGCACTCTAGCCTGGGCGACAGGATGAGATCTGTAAAAAAATAAATAAAAATGAAAATAAAAAA"
"GL873521","7870707","7870997","chrX","70230306","70230599","61","62359599","GCTGGGCACAGCAGCTCACACCTGAAATCCCAGTACCCTGGAAGGGTGAGGATGGAGGATCACTTGTGGTCAGGAGTTCAAAAACAGCCTAAGCAAGAGTGAATCGCCATCTCTATTAAAAATAGAGAAATTAGCCAGGTGTGGTGGCATTTGCCTGTAGTCCCAGCCACTTGGGAGGCTGAGGCAGGAGGATCATTAGAACCCAGAAGGTGGAGGTTGCAATGAGCAGTAATGACACCACTGCACTCCAGCCTGGGTGACAGAGCAAGTCTCTGTTTCAAAAAAAAAAAA","GGCCAGGTACAGTGGCTCACACCTGTAATCCCAGCACACTGGGAGGCAGAGGCGGGCAGATCATTTGAGCTCAGGAGTTCAAGAGCAGCCTGGGCAACATGGTGAAATCCCATCTCTACAAAAAATAGAAAAATTAGCCGAGTGTGGTGGCACTCCTCTGTAGTCCCAGCTACTTGGAAGACTGAGATGGGAGGATCATTTGAGCCCAGGAGGCGGAGGTTGCAGTGAGCTGAGATTGCACCACTGCCCTCCAGCCTGGGCAACAGAGCAGGACCCTATCTCAAAAAAAAAAAA"
"GL873521","8041789","8041920","chr12","80555695","80555826","29","72513906","GTGGTGGCTCATGCGGATTATCCCAGTACTTTGGGGAGGTTGAGGCAGGAGGATTGCTTGAGCCCAGGAATTTGAGACCAGCCTGAGCAACATAGTAAGACTCTATACAAAAAAATAGAAAAATTAGCCTGG","GTGGCTCATGCCTGTAATCCCAACACTTTGGGAGGCTGAAGCAGAAGGATTGCTTGAACCAGGAGTTTGAGACCAGCCTGGGCAACATAGTGAGACTATCTCCACAAAAATAAATAAAAAATTAGCTGGGCA"
"GL873521","8042182","8042375","chr4","7236991","7237179","49","805191","GGTAAAAAAGAAAAAGAAAAATTAGCCAGGAGCACTAGCTTACGGCTTGTAGTCCTAGCTACTCAGGAGGCTGAGGTAGGGGAATTGCTGGAGTCCAGGAGTTTGAAGCCACAGAGAGCAAAGACCACACCACTGTACTCCAGCCTAGGCAATAGAACAAGACCCTGTCTCTGAAAAAAATAAATAAAAATAAA","TAAAAAAAATACTTAAAATTAGCCAGGCGTGGTGGCACACACCTGTGGCCCCAGCTACTCAGGAGGCTGTTGTAGGAGGATCCCTTGAATCCAGGAGGTCAAGGCTGCAGTAAGCCAAGATCACGCCACTGCATTCCAGCCTAGGCAACAGAGCAAGATCCTGTCTCTTAAAAAAAAAAAAAAAAAGAA"
"GL873521","8067082","8067383","chr20","31024244","31024552","81","22957162","GGCCAGGTGTAGAGGCTCACACTTATAAGCCCAGCACCCTGAGAGGCCGAAGTGGGTGAACTGCTTGAGCTCAGGAGTTCAAGAGTAGCCTGAGCAATAGTGAGAGCCGATTTCTACTAAAAACAGAAAACCTAGCCAGGCACTGTGGTGGCGTCTATAGTCCCAGGTACTCGGGAGGCTGAGGCAGGAGGATTGCTCAATCCTAAACTTTGAGGTTGCTGTGGGCAATAATGCCATATCTCTACCCAGGGGAAAAGAATGAGACTCTGTCTAAATAAATAAATAAATAAAATAAAAACAAA","GGCCAGGCACAGTGGCTCACACCTGTAATCCCAGCACTTTGGGAGGCCGAGGTGGTGGACTGCTTGAGCTCAGGAGTTCAAGACCAGTCTGGGCAACATGGCAAAACCTTGTCCCTACAAATAATACAAAAATTAGCCAGGTGCGGTGGCATGTGCCTGTAGTCCCAGCCACTTGGGAGGCTGAAGTGGGAGGATTGCTTGATCCTGGGAGGTAGAGGCTGCAGTGAGCCATAATTGTGCCACTGCACTCCAGCCTGGGCAACAGAGTGAGACCCTATCTCAAAAATAAATAAATAAATATAAAGAAAA"
"GL873521","8204885","8205108","chr10","14099107","14099324","63","5894222","CGAATTCGAAACCAGCCTGAATAAGAGTGAGATCCGTCTCTAATGAAAAGAGAAAAACTAGCAGGTTTTGTGGTGGGTGCCTTTAGTCTCAAGCTACTTGGGAGCCTGAGGCAGGAGGATCACTTAAGCCCAGGAGTTTGAGGTTGCTGTGAGCTATGATAACATTAGGGCATTCTAGCCTGGGAAACCGAGTGAGACTCTGTCTTAGAGAAATAAAAAATAAA","AGACCAGCCTGGGCAACATGACAAGATCCCGTCTCTACAAAAAATACAAAAATTAGCAGCGTGTGGTGGGGTGTGCCTGTAGTCCCAGTTACTTAGGAGGCTGAGGCAGGAAGATCACTTGAGCCCAGGACGGGGAGGTTACAGTGAGCCGTGATCACACCACCACACTCCAGCCTGGGTGACAGAGTGAAACTCTGTCTCTATAACAAACAAACAAA"
"GL873521","8205374","8205463","chr18","31130683","31130770","22","22925309","GCCGGACATGGTGGCTCATGTCCCTCCTGTAACCCTAGCACTCTGGGAGGCTTTGGCCTAAGGATTTGAGCTCAAGAGTTTAAGACCAGG","GGCCAGGCATGGTGGCTCACACCTGTAATCCTAGCACTTTGGGAGGCTAAGACCAGAGGATAATTAAGCTCAGGAGTTCAAGACCAGC"
"GL873521","8530940","8531225","chr4","131255414","131255698","71","122724474","GTCAGGTGTGATGGCTCGTCCTGTAATCCCAACACTCTGGGAGGCTGAGGCTGGTGGTTTGCTTGAGCTCAGGAGTTCTGAGACCATCCTGAGGTAAGAGTGAGACCCCATCTCTACTAAAATTAGAAAAAAAATTACCCAGGTGTAGCGGTGATGCCTGTAGTCCTAGCTACTTGGGAGGCTGAGGCAAGAGGATTGCTCAAGCCTGAGAATTTGAGGTTGCTGTGAGCTATGACTCCATCGCACTCAACCCCAGGGTGACTGAGTGTGATTGTCTGAAAAAGAA","GGCAGGACACGGTGGCTCACACCTGTAATCCCAACACTTTGGGAGGCTGAGGCAGGTGGATCACTTGAGCTCAGGAGTTGAGACCAGCCTGGGCAACATGGTGAAACCCCATCTCTACTAAAAATACAAAAATTAGCCAGGCATGGTTGTGGATGTCTGTGGTCCCAACTACTTGGGGGGCTGAGGCAGCAGGATTGCTTAAGCCTGGTAATTTGAGGCTGCAGTGAGCCATGTTCTTGCCAGTGCTCCAGCCTGGGTGACAAAGCAAGACCCTGTCTCAAAAAA"
"GL873521","9138426","9138710","chr17","16672309","16672598","64","7533883","GGTGGCTCATGTCTGTAATCCGAGCACTCTGGGAGGCTAAAGTGGAAGGATCACTTGAGCTCAGGAGTTTGAGACTAGCCTGAGCAAAAGTGAGAACAATGTCTCTATTAAAAATAGAAAATTAGCCAGGTGTTATGATAGGTGCCTGTAGTCCCAGCTATTCAGGAAGGCCAGGAAGGAGGATCCCTTGAGCTGGGGAGTTTGAGGTTGCTGTGAGCTGTGATGACACCATGGCACTCTACCCATGATGACAGAGTAAGACTGTCTCTAAAGGGAGAAAAAAAA","GTGGCTCACACCTGTAATCTCAGCACTTTGGGAGGCTGAGGCGGGAGGATCACTTGAGCCCAGGAGTTTGAGACCAGCCTGAGCAACATAGTAGGCTCCTGTCTCTACAAAAAAATACAAAAATTAGCTGGTACTGGTGGCATGTGCCTGTAGTCCCAGCTACTCAGGAGGCTAAGGCAGGAGAATCGCTTGAGCCCAGGAGGTTGAGGCTGCTATGAGCTGTGATGGCACCACTGCACTCCAGCCTGGGTGACAGAGTGAGACCTGGTCTCAAAAAGAAAAAAAAAAAA"
"GL873521","9337001","9337128","chr7","153795408","153795531","29","144458407","CTGGGCTCAGTGGCTCATGCTTGCAAGCCCAGCACTCTGGGAGGCCAAGGCAGGTGGATTGCTCGAGTTCAGGAATTTCAGACCAGTCTAAGAAAGAGTGAGAGCCCATCTGTACTAAAAATAGAAAC","CTGGGCACAGTGGCTCACGCCTGTAATCCTAGCACTTTGGGAGTCCAAGGCAGGAGGATGCTTGAGTCCAGGAGTTCAAGACCAGCCTGAGCAATATAGTGAGACCCCCATCTCTACAAAAAAA"
"GL873521","9337149","9337320","chrX","5183862","5184037","43","4153287","TAAAATACTAGCTGGGCATTGCGATGGGTGCCTGTAATTCCAGCTACTCAGGAGGCTGAAGCAAAAGGATCACTTGGGCCCAAGAGTTTGCGGTTGCTGTGAGCTGTGATTACACCACAGCACTCTCCCCAGGCAGAGAGAGACTCTGTCTTTAAAAACAAACAAACAAAAA","ATAAAAATATTAGCTGGGCATGCTGGTACATGCCTGTAGTCCCAGCTACTCAGGAGGCTGAGGCCTGAGGATCACTTGAGCCCAGGAGTTCCAGGTTGCAGTGAGCCGTGATTGCACCATTGCACTCCAGCCTGGGCCACAGGGCTAGACCCTGCTCAAAAGAAAACAAAAAAGAA"
"GL873521","9671716","9671832","chr6","38551166","38551279","31","28879450","GGCTAGGCAGGGAGGCTCAAAACTAAAATTTTAGCACTCTGAGAGCCCAAGGTGGGAGAATTGCTTGACCTCGGGTGTTTGAGACCAGTCTGAGCAAGAGTAACATCACATCTCTAC","GGCTAGGCGTAGGGGCTCAAACCTGTAATTCCAGCACTTTGGGAGGTCAAGGTGGGAGGATTACCTGAGGCCAGGAGTTTGAGACCAGCCTGAGCAACAGTGAGACTTTGTCTC"
"GL873521","9671895","9672063","chrX","24568892","24569057","39","14896997","TAATTAGCCAGGCATAGAGGTGGTATACACCTGTAGTCCCAGCTACTCTGGAGGCTAAGTCAGAAGGACTGGTTGAACCCAGGAGTCTGAGGTTGCTGTGACTAGGCTGATGCCACAGAACTCTAGCCTGATCAACAGAGTGAGACTCTGCCTCAAAATAAAAAAGGAA","AAATTAGCTAGGCATGGTGGCATGCAACTATAGTCCCAACTACTCAGGAGGCTGAGGCCGGAGGATGGTTTGAGCCCAGGAGGTGGAGGTTGCAGTGAGCCAAGATCACACCACTGCACTCCAGCCTGGGCAACAGAGTGAGACCCTGTCTCAAAAAAAAAAAAAA"
"GL873521","9699009","9699116","chr16","57943722","57943822","32","48244713","TCTGAGACACTCGGGAGGCTGAGCCTAGGAGTTTGAGGTGACAGTAAGCTAAGTTGATGTCACTGCATTCCATCCTAGGCAACAAAGCAAGATCTTATCTCTAAAAGA","GGAGGATTGCATGAGCCCAGGAGGTTGAGGCTGCAGTGAGCCAAGATCGTGCCACTGCACGTCAGCCTGGGCAACAAAGCAAGACTCTATCTCAAAAAAAA"
"GL873521","9699330","9699522","chr6","3030697","3030873","65","6668633","GGCTGCATGTGGTGGCTCGTGACTGTAATTTCACCACTTCAAAAGGCTGAGGCAGAGGAGTCACCTGGGGCCCAGAAAGTCACCCTTAAAGTCCAGCCTGAGTAACACAGTGAGACCCAAGATCCCAACTCCACAAAAGAAAAAAGAAGGGAAAGGAAAGAAAAGAAGAGTGGTGTGTGGTGACCTCCTAGAC","GGCCAGGCATGGTGGCTCTCCCCTGTAATCCCAGCACTTTGGGAGGCCAAGGCAGAAGGATCGCTTGAGCCCAGGAGTTTTAAGACCAGCCTGAGCAACACAGAGAGACCAGATCCCACTTCCACAAAAAAAAAAAAAAAATATTTGCCAGGCGTGATGGTGCATGCCTGTAGTCCC"
"GL873521","9879625","9879892","chr2A","20521665","20521953","79","10642040","GGGTGGGCACTGTGGCTCAGGCCTCCTAGCACTCTGGGAGGCCGAGCTGGGTGGATGACTTGAGCTCATGAGTTTGAGACCAGACTGAGCAAGAGCAAGCCCCATTTTTAAAAATAGCCAAGTGTCATGGTGGGCATCTATAGTCCCAGCCAGTTGGCAGGCTGAGGAAGAAGGCTTACTTGAGCTCAAGAGGTAGCTGTGAGCTGTGATGCCATGGCACTCTACCCAGGACAACAAAGTAAGACTGTCTCCAAAAAAAAGAAAAAAA","GGCTGGGCACAGTGGCTCACGCCTGTAATCCCAGCACTGTGGGGAGGTCAAGTTGGGTGGATTGCTTGAGCCCAGGAGTTTGAGACCAGCCTAAGCAATAGGCAAAACCCTGTCTCTACAAAAATCAGCCAGGTATGGTAGTGCGTACCTGTAGTCCCAGCTACTCAGGAGGCTGAGGTGGGAGGATCACTTGAGCCTGGGAGGTGAAGGCTGAAATTAGCCATGATCATGCCACTGCACCCCAAGCCTGGGCAACAGAGCAAGACCTTGTCTCAAAAAAAAAAAAAAA"
"GL873521","10097455","10097754","chr11","114714719","114715027","67","104617264","GGCCTGGGTGTGGTGGCTCACACCTTAATCCTAGCACTCTGGGACGATGAGGCAGGTTTGCTTGACCTCAGGAGTTTGAGAGCAGCCTGAACAAGAGTGAAACTCTGTCTCTACTAAAAACAGAAAAACTAGCCTAGTGTAGTGGTGCACCCCTGTAGTCCCAGCTGCTCAGGAGGCTGAGGCAAGAGGATCACTTGAGCCCAAGAGATTGAGGTTACTGTGAGCTGTGAGGCTGTGTTACTCTACCCAGGGCAAGAGAGTGAAGCCATCTCAAAAAAAAAAAAAAAAAAAAAAAAAAAA","GGCCAGGTGTGGTGGCTCACACCTGTAATCCCAGCACTTTGGGAGGCTGAGACAGGTGGATTGCTTGAGCCTAGGAGTTCGAGACCAGCCTGGCAACATGGCGAAACCTTGTCTCTACAAAAAATACAAAAATTAGCCAAGTGTGGTGGTGCACACCTGTGGTCCAAGCTACTCGAGAGACTGAGGTGGGAGGATTGCTTGAGCCCAGGAGGTTGAGGCTGGGGTGAGTTGAGATCATGCCACTGCATTCCAGCCTGGGCAACAGAGGAAGACCCTGTCTCAAAAAAAAAAAAAAAAAAAAAAAAAAAA"
"GL873521","10225742","10225927","chr15","49930173","49930354","59","39704431","TGGCTTACACCTGTAATCCTAGCACTTTGGGAGGCCACAGCAGATGGCTGCTTGAGCTCAGGAGTTCAAGCCTAGCCTAAGCAAGCCAGAACCATTGCCACTAAAAACAAAAAAAATAGCTGGAGTTGTGGGCACCTGTAGTTAGTTCCAGCTACTTAGGAGGCTGAGGAAAAAGGATGGCTTGAT","GCCTGTAATCCCAGCACTTTGCGAGGCCGAGGCCAGGCAGATCACTTGAGCCCAGCAGTTCAAGACCAGCCTGGGCAACATGGCAAAACTCCTTCTCAACAAAATACATAAAAATTAGCTGGGTGTGGTGGCATGTACTTTCAGTCCCAGCTACTCAGGAGGCTGAAGCAGGAGGATCATTT"
"GL873521","10226192","10226278","chr4","154285033","154285123","27","144058841","GAGGATGGCTTGAGCCCAAGAGTTTGAGGTTGCTATGAACTATGATGTCATGGCACTCTATCCCTGGCCACAGAATCAGACTCTGTC","GGAGGATCACTTGAGCCCAGGTGGTTGAGGCTGCAGTGAGCTGTGTTTATACCACCACACTCCAGCCTGGGCCGCAGAGTGAGACTTTGTC"
"GL873521","10399308","10399475","chr9","96945917","96946089","50","86546609","GGCCAGGTATGGTAGCTCACACCTGTAATCCTTGTACTCTGGGAGGCTTAGGAGCAAAGATCACCTAAGTGTAGGCATCTGAGACCAGTTTGAGCAAGTGAAACCCCATATTTACTAAAATTAGAAAAATTAGCTAAATGTTGTGGCAGGAACCTATCGTCCTAGCTA","GCCGGGTACAGTGGCTCACACCTGTAATCCCAGTACTTTGGAAGGCCAAGGCCAGAGGATTACTTAAGGCCAAGAGTTTGAGACCAGTCTGGGCAACATGGTGAAACCCCATCTGTACAAAAAATACAAAAATTAGCTGGGCATGAGGGCATTTGCCTGTGGTCCTAGCTACT"
"GL873521","10449464","10449583","chrX","134402652","134402771","17","123953188","GGCCAGAGGTGGTAGTTCATGCCTATAATCCCAGCAATTTGGGAGGCTGAGGGGGGAGGATAGCTTGAGGCCAGGAGTTTGACCCCTGCCTAGGCAACATAGTGAGACCCTATCTCTACT","GGCCAGATGTAGTGGCTCATGCCTGTAATCCCAGCACTTTGGGAGGCTGAGGTGGGAGGATCACTTGAGCCCAGGAGTTTGAGACCAGCCTGGGCAACATAGCAAGACCCTGTCTCTACT"
"GL873521","10449618","10449745","chr1","23164480","23164594","46","12714862","CCAACCATAATCGAGCACCTACAGTTCTAGCTACTCCGCAATCTCAGGCAGGGGAAGATTGCTTGAGTCTAGGAGTTCAGGGTAAGCTACTGCCCTTCAGCCTGGGAAACAGAGGAAGACCTTGTCTC","GGCCAGGCACAGTGGTGCCTACCTACAATCCCAGCACTTTGGAAGGCTGAGGCAGGAGGATCGTTTGAGGCCAGGAGTTCAAGATCAGCCTGGGTAACATATCAAGACCTGTCTC"
"GL873521","10796827","10797050","chr7","39187608","39187844","67","28390781","ACTCTGGGAGGCCAAGACAGGTGGATTGCTTAAGCTCAGGAGTTGGAGACCAGCCTAAGCAAGAGTGAGACCTCGTCTCTAAAAATATCTGGGCATTGGTTGGGCACCTGTAGTCCCAGCTACTCAGGAGGCTGAGGCAATAGGATTGCTTGAGCCTAAGGATTCCTGTGAGCTATGATCCCACAGCACTTTACCAAAGGTGACAAAGTGAGACTCTATCTCAA","CACTTTGGGAAGCCAAGGCAGGAGGATTGCTTGAGTGAAGGAGTTCAAGACCAACCTGGGCAAGATTGGGAGAAAAAAATTAAAAATTAGCTGGGCATGGTGGTGCATGCCTGTAGTCTCAGCCACTGGGAAGGCTGAGGCAGGAGGATCGCTTGAGCCTGAGAGATTGAGGCTGCAGTGAGCCTTGATTGTGCCACTGCACTCCAGCTTGGGCAACAGAGTGAGACCCTGTCTCAA"
"GL873521","10797081","10797110","chr4","40399247","40399277","7","29602166","CTGGGTGCAGTGGCTCATAGTTGTAATCCT","GGCTGGGTGCAGTGGCTCACATCTATAATCC"
"GL873521","11204849","11204966","chr7","73480490","73480609","28","62275641","GGCCAGGCATAGTGGCCTCCAAAAATCTTAGGACTTTGGGAGGTAGAGGTAGGAGAACTACTTGAGCCAAGGAATTCAATACTAGCCTGACCACAATAATGAGACCCTACCTCTACCA","GGCCAGGCACAGTGGCTCATGCCTATAATCTCAGTGCTTTGGGAAACTGAGGCAGGAGGATCACTTGAGCCCAGGAGTTCAAGACCAGCCTGGACAGCATAATGAGACTCCACCTCTACA"
"GL873521","11205003","11205140","chrX","7019379","7019524","37","4185624","TAGCCAGGCATGGTGGCACATACCCAAGTCCCAGTTACAGAAGAAGCTGAGGGAAGGGTATCAGGCCCAGAAGTTCAAGGTTGCCATGAGAGATGATCACACCACTGCAGTTCAGCCTGGGCAGCAGAGAGACCCTAT","TAGCCAGGCATGGTGGCACATGCCTGTAGTCCCAGCTACTCAGAAGGCTGAGGTCGGAGGATCTCTTGAGCCCTGGGGTGCAAGGCTGCAGTGAACCATGATCACACCAGTGCACTGCAGCCTGGGCAACACAGCAAAACCCTGTC"
"GL873521","11332611","11332889","chr9","110082691","110082973","78","98750080","GACGGGGAGCCATGGCTTGAGACTGTAATCCTAGTACTCTAGGAGGCCAAGGTGAGTGGATTACTTAAGCTCAGGAGTTAAAGTCCAGGCTGAGCAAGAGTGAGACCCTGTCTCTCCCCCAGATAGGAAAACTAGCCGGACATTGTAGTAGGCACCTGTAGTCCCAGCTTCTGAGGAGGCTGAGGCAAGAGGATTGCCTGAGCCCAACAGTTTGAGGTTGCTGTGAGCTAAAATGCCATGGAACTCTACCCATGGTGATGGAGTAGGATTCTGTCTCAA","GACTGGGCATGGTGGCTCCCAAAGTGTAATCCCAGCACTTTGGGAGGCCAAGGTAGGTGGATTGCTTGAGCCCAGGAGTTTGAGACCAGCCTGGGCAACATGGTAAAACCCTGTCTCTACAAAGAATACAAAAATTAGCTGGGCATGGTTGCATGCACTTGTGGTCCCAGCTACTCAGGAGGCTGAGGTGGGAGGGTCACTTGAGCCCAGGAGATTGAGGCTGCAGTGAGCTGAGATCGTGCCACTGCACTCTAACCTGGGTAATGGAGTGAGACCCTGTCTC"
"GL873521","11332916","11332939","chr22","30701628","30701648","4","19368712","ATAAAACTAAAAAGTAAGAAAAAA","AAAAACTAAAAAGAAAAAGAA"
"GL873521","11407564","11407699","chr17","81073514","81073640","45","69665950","AAAAACTAATGGCTGGGCATAGTATGTGTAGGTAGACTAGGCTACTTAGGAGGTCAAGGCAGAAGAATCACTTGAGCTCATGAATTTGAGGCTAGCATGGGCAATGATACCTCAGGTCTCAATAAAATATAAAAAA","GCCAAGCACAATGGCTCATGCTGGTAATTCTAGTACTTTAGGAGGCCAAGGCAGTAGGATCACTTGAGGCCAGGAGTTTGAGACCAGCGTGGGCCACACAGAGACCCTCCCTGTATAAAAAAAAAAA"
"GL873521","11442747","11442764","chr1","62222108","62222122","3","50779361","CCCATAAAATAAAATAAA","ATAAAATAAAATAAA"
"GL873521","11442802","11443056","chr17","73117863","73118118","82","61675061","GGCTGGGCGTGGTGTTTCATGCATGTAATCCTAATACTTTCAGAGGCTGAGGTGGATGCACTGCCTGAGCTCAGGATTTTAAAGCCAGCCTGAGGAAGAGCAAGACCCCATCTCTAAAAAATAGCTGGGCATTGTGGTGGGTGCTTGTAGTCCCCATTGTGGTGGGTGCTTGTAGGTAGCTCACGAGTTTGAGGATGCTGTGAGCTATGATGCACCACACTTCTTTCTACCCAGGGAGACAAAGCAAGACTCTGT","GGCCGGGCGTGGTGACTCATGCCTGTAATCCCAGCACTTTGGGAGGCCGAGGCGGGTGGATCACCTGAGCTCAGGAGTTCAAGATCACCTTGGGCAATGTAGTGAGACCTCACCTCTACAAAAATGAGCCAGGCATGGTAGTGCATGCTTGTAGTCCTGACTGAGGCAGGAGGATGATGAGCCCAGGAGGCAGAGGCTACAGTGAGCCATGATCGCTCCATCGCACTCTAGCCTGGGTGATGTGACACCCTGTCTC"
"GL873521","11751009","11751243","chr8","26546785","26547018","61","14795776","CAAGACCAGCCTGAGCAAAGCTAAACCCTGTCTCTACTAAAAATAAAAGGATTAGCTAGGTATGGTGGCATATGCCTGTAGTCCCAACTGCTCAGGAGTCTCAGGCAAGAGGATTGCTTGAGCCCATGAGTTAGAGGTTGCTGTGAGCTTTGATGTCATGGCACTCTATCCAGGGCAACTGAGTGAGACTGTCTCAAAATAAATAAATAAATAAATAAGAAAGAAAGAAAGAAAA","CAAAATCAGCCTGGGTCACATGGTAAAACCCCATCTCTACAAAAAATACAAAAATTAGCCAGGTATGGTGGCTTACACCTGTACTTCCCAGCTACTTGGGGGGCTGAGGCGGGAGGATCGCTTGAGCCCAGGAGGTAGAGGTTGCAGTGAGCTGAGATCGCACCACTGCACTCCAGCCTGGGTGACGGAGTGAAACCCTGTCTTAAAAAAAAAAAAAAAAAAAAAAAAAAAGAA"
"GL873521","12019379","12019705","chr16","68023292","68023602","103","56003913","GCTCACACCGATAATCCTAGCTCTGGGAGGCTGAGGGGGCAGGATCTCTTGAGCTCAGGAGTTTGAGACCAGACAGAGCAAGAGTGAGACCTTGTCTGTACTAAAAATTAACCAGGTGTGGTGGAAGGTGCCATCGTCTCAGCTACTCTGGAGGCTGAGGCAGGAGGATCCCTTGAACCCAGGAGGTTGAGGTTGCTGTGAGCCAGGCTAATGCCAAGATCTGGGGCATCAGAGTAAAACTGAGGTTGCTGTGAGCCAGGCTGATTCTAGCCTGGGCAACAGAGTAAGACTCTGTCTCAAAAACAAACAAACAAAAAACAAAAAAAA","CGGTGGCTCACACCTGTAATCCCAGCACTTTGGGAGGCTGAGGTGGGAGGATCACTTGAGCTCAGAAGTTTGAGATCAGCCTGGGCAACATGGCAAAACCTATCTCTAGAAAAAATACAAAAACTAGCCAGAGTGGCACGTGCCTGTTGTCCTAGCTACCCAGGAGGCTGAGGTAGGAGGATCACTTGAACCTGGGGGCAGAGATTGCAGTGAGCCATGATTGTGCCACTGCACTCCAGTCTGGGCAACTCCAGCCTGGGCAACAGAATGAGACTCTGTCTCAAAAATAAAAAAGAAAAGAAAAGGAAAAA"
"GL873521","12059316","12059592","chr5","143468399","143468692","69","131409083","GGCTAGGTGCAGTGGCTCATGCCTGTAATCCCAGCACTCTGGGAGGCTCAGGCAGGTGGATTACTTGAGCTCAGGAGTTGGAGACTAGCCTGAGAAAGAGTGAAACCCATCTCTACTAAAAATAGAAAAACTAACCAGGTGTGTGGTGGTCCCCTATAGTCCCAAATACTGGGGAGACAAGAGAATTGTTTGAGCCCAAGAGACTGAGGTTAGCTGTGATGACTCCATAGCACTCTACCCAAAGTGACAGAGTGAGATTCTGTCTCAAAAAAGGAAA","GGCCAGGCACAGTGGCTCATGCCTGTAATTCTAGCACTTTGGGAGGTCAAGGCAGGCAGATCACTTGAGCTCAGGAGTTCGAGACCGGCCTGGGCAACAGGGTGAAACCCCATCTCTACAAAAAAATACAAAAACTAGCCAGGTGTGGTGAAGTGTGCCTGCAGTCCCAGCTACTCAGGAGGCTGAGGCAGGAGAATTGCTTGAGCCTGGAGGCTGAGGTTGCAGTAAGTCAAGATCATGCCATTGCACTCCAGCCTGGGTGACAGGAGTGAAACCCTGTCTCAAAACAAAGAA"
"GL873521","12087639","12087865","chr4","25649068","25649301","60","13561429","GGCTGGGCTAGGTATACCATGCCTGTAATCCTAGCATCCTTAGAGGCAGAAGCAGGATTCCTTTAGCTCAGGAGATTAAGACCAGCCTGAGCAAGGGTGACACCCCATTTCCATCAAAAATAGAAAAACTAGCTGGGCATAGTGGTGGGCATCTGTAGTCCTAGCTACTCGGGAGGCTGAGGCAAGAGGATCCTTGGAGCCCAGGAGTTTGGGGTTGCTATAAGCCG","GGCCGGGCATGGTAGCTCACGCCTGTAATACCAGCACTTTGGGAGGCTGAGGCGGGCTGATCACTTGAGTCCAGGAGATAGAGACCAGCCTGGGCAACATGGCAAAATCCCATCTCTATAAAAAAAACACAAAAATTAGCTGGGCATGGTGGTGTGCACCTATAGTCCCAGCTACTTGGGAGGCTGAGGCAGGAGAATCTCCTGAGCCCAGGAGGTGGAGGCTGCAGTGAGTCG"
"GL873521","12170072","12170342","chr3","111501569","111501837","73","99331497","GCCAGATGCAGTAGCTTACAGCTATAATCCCAGTACTTTGGAAGGTCAAGGCAAGAGGATTGGTTGAGACCAGGAGTTGAAGACCAGACTGGACAATGTAGTAAAACCCTATCCCTACAAAAAATAGAAAAAATTAGCTGGGTGTCATAGCTCTTGCTTATAGTCCCAGCTACCTGAGAGGCTGAGGGAAGAGGATCACTTGAACCCCTGAGATTGATACCATGGTACTCCACCTTGGGTGACAAAGTGAGACCCTTTCTCAAAAACAAAA","GGCTGGGTGTGATGGCTCACATCTATAATCCCAGCACTTTGGGAGGCCAAGGCAGGTGGACTGTCTGAGACCAGGAGTTTGAGACCAGCCTGGGCAACATGGTGAAACCCTGTCTTGACAAAAAAAATAAAAAATTAGCTGGGAGTGGTGGTGTGCACCTGTAGTCCCAGCTATGCGGGAGGCTGAGATGGGAGGATCGCTTGAGCCCGGCAGGCAGAGGTTCACTCCAGCCTGGGCGACAGAGTGAGACCCTGTCTTAAAAACGAAAA"
"GL873521","12688417","12688615","chr16","83498862","83499063","66","70810445","AAATCAGCCTGAGCAAAAGCAAGATCCAGTCTCTACAAAAAACTAGAAAAATTAGCCAGGCATGGTGATACACTCAGGAGAATGAAACAAGAGGATCACTTGAGCCCCGGGGTTTGATGTTGCACAGTGAGCTATGGCGATGCTGCTGCTCGGATAACAACGCGAGATGAGACCCCGTCTCAAAAACAAACAACAAAAA","ACTAGCCTGGGCAACACAGCAAAACCCCATCGCTACAAAAAATACAAATATTAGCCAGGTGTGATGGTGCATGCCTAGGGAGGCTGAGGTGGGAGGATCACTTGAGTCCAGGGAGGCTGAGGCTGCAGTGAGCTGAGATTATGCCACTGCACTCCAGCCTGAGTGACAGAGTGAGAACCTGTCTCAAGAAAATTAAAAAAAA"
"GL873521","12689719","12689822","chr7","26479088","26479188","21","13789369","GCTGAGTACAGTAGCTCACTTCTTTCATCTCAGCACTATGAGAGGCTGAGTCAGGAGGATCACTTGAGGCCAGGATTTTGAGACAAGCCTGGGGAACATAGTGA","GCTGGGTGCTGTGGCTCACATGTATAATCACAGCACTTTGGGAGGCTGAGGCAGGAGGATCACCTGAGGCCAGGATTTCAAGACCAGCCTGGGCGAAATGG"
"GL873521","12747705","12747831","chrX","118392849","118392966","30","105645144","GCCAAGCATGGTAGCACAAGCTTTGTAGGCCCAATTACTTGGGAGGCTAAGATGGGAGGATCACTTGAGCCCAGGAGTTTGAGGCCAGCCTGAGAAACACTCCAAGACCCTCTTTATTTAAAATATA","GCCAAGCATGGTGGCTCATGCCTGTAATCCCAGTACTTTGGGAGGCTGAGATGGGAGGATAGCTTGAGCCCAGGAGTTTGAGACCAGCCTGGTAACACAGTGAGACCTCATCTCTACA"
"GL873521","12758304","12758462","chr7","65488595","65488751","43","52730291","ACTTAGCTGAATATAGTAGCACAAGCCTGTATTTCCAGCTACTCAGGAGGCTGAGGCAGGAGGATCACTTGGGCTTACAAGTTGGAGGTTGTGGTAAGCTATGATGATGCCACTGCCCTCTGCCCCAGGCAAATGTGATGCCTTGTCTCAACAACAAAA","TTAACTGGGTATAATGACACATGCCTGTAGTCCCAGCTACTAGAAAGGCTGAGGTAGGAGGATTGCTTGAGCCTGAGAGGTTGAGGATGCAGTGAACCATGATCAGGCCACTGCACTCAGCCTAGGCAACACAGTGAGACCCTGTCTCAAGAAAAAA"
"GL873521","12758495","12758600","chr16","15961202","15961315","30","3202707","GTGGCTGGTGCATATAATCCTACCACTTTGGAAGGAGGAGGGAGAATCATTGAAACCAGGAGTTCAAGAACAGCCCAGGCAGGCTATAGTGAAATCTCATCTCTAC","GTGGCTGGGCATGCCTGTAATCCTAGCACTTTGAGAGGCTGCAGCGGAAGGATCGCTTGAGCCCAGGAGTTCAAGAACAGCCTAGGCAACATAGCAAGATCCCTGTCTCTACAA"
"GL873521","12822938","12822952","chr1","210017045","210017059","2","197194107","TAAAACAAAAGAAAA","TAATAAAAAAGAAAA"
"GL873521","12822989","12823283","chr7","75828649","75828941","71","63005660","GGCCAGGCAAGGTGGCTAACTGCTGTAATCTTAGCACTCTAGGAGGCTGAGGCAAGAGAATTCCTTGAGGTCAGGAGTCAGAGACCAGCCTGAGCAAAAATGACACTCCACCTCTATGAAAAATAGAAAACAAAAATTAGCCAGGTGTGATGGCCCATTTCTGTAGTCCCAGCTACTGGGGAGGCTGAGGCAGGAGGATAGCTTGAGCCCAGGAGCTTGAGGTTGCGGTAGCTAGGCAGATGGCTCAGCACTCTTTCTAGCCTGGGCAACAGAGCAACATTCTATCTCAAAAAAT","GGCTAGGCATGGTGGCTCATGCATGTAATCCCAGCACTTTGGGAGGCTGAGGCGGACGGATCACTTGAGGTCAGGAGTTCGAGACCAGCCTGGTCAACATGGTGAAACCCCATCTCTACTAAAAATATAAAAATTAGCCAGGTGTGGTGGCGCATGCCTGTAGTCCCAGCTACTTGGGAGACTGAGGTGGGAGGATCCCTTGAGCCTGGGAGGTTGAGGCTGCAGTGAGCTGTGATGGCACCACTGCACTCCAGCCTGGGCAATAGAGCAAGACCCTGTCTCATAGGAAAAAA"
"GL873521","13041237","13041319","chr5","49472177","49472254","12","36430940","GGCCAGTCATGGTGGCTCATGCCTATAATCCTAGCACTCTGGGAGGCTGAAGCAGGAGGATCACTTGAGCTCAGGAGTTTGAG","GGCCTGGCATGGTGGCTCATGCCTGTAATCCAGCATTTTGGGAGGCTGAGGCAGGAAGATCACTTGAGCTCAGGATTT"
"GL873521","13102109","13102207","chr16","30194624","30194720","25","17092515","TGAGCCCAGGAGTTTGAGGTTGTTGTGAGCTGAGCAGACCACACAGCATTCTAGCTTGGGCAACAGAGTGACATTGTGCTTCAAAAAAAGAAAAAAAAA","TGAGCCCAGGAGTTTGAGACTACAGTGAGCTATGATTACACCACTCCTCTCCAGCATGGGCAACAGAGTGAGACACTATCTCAAAAAAAAAAAAAAA"
"GL873521","13102475","13102686","chr2B","236887995","236888203","46","223785520","GGCCAAGTGTGGTGGCTCATGCTTGTAATCCTAGCACTCTGGGTGGCTGAGGCAGGGGGATCACTTGAGCTCAGGAGTTCAAGACCAGCTTGAGCAAGAGTGAGAACCCATTTCTACTCAAAATAGAAAAAAATTAGACAGGCACTGTGGTGAGTGCCTGTAGTATGAGCTACTTTGGAGGCTGAGATAGGAAGATCACTTGAGCCCAGGAG","GGCTAGGCGCAGTGGCTGAAGCCTGTAATCCTAGCACTTTGGGAGGCCGAGGTGGGCGATCACTTTGGCTCAGGAGTTCGAGACCAGCCTGGGCAATATGGCAAAACCCCATCTCTACACAAAATACAAAAATTACTCAGATGTGGTGGTGAGTGCCTGTAGTCCCAGCTACTTTGGACGCTGAGGTGGGAAGATCACCTGAGCCCAGG"
"GL873521","13327200","13327291","chr3","43397692","43397785","20","30070492","CTATCACTTTAGGAGGTGAGGTGGGAGGATCACTTGAGGCAAGGAGTTCAAGAGCAACCTAGGCAACATAGGAACCCCTCTGTCTCTCCAAA","CCCAGCACTTTGGGAGGCTGAGGTGGGCAGATCTCTCGAGCCCAGGAGTTCAAGACCAGCCTGGGCAACATGGTGAAACCCCGTCTCTACCAAA"
"GL873521","13327700","13327732","chr1","70851001","70851033","8","57523301","GCTGGATATGGAGTCTCACACCTGTAATTCTAT","GCTGGGCATGGTGGCTCATCCCTGTAATTCCCT"
"GL873521","13722076","13722356","chr17","55905881","55906166","74","42183805","GTCTGGCGTGGTGGCTCAAGCCTATAATCCTAGTACTCTGGGAGTCCAAAGTGGGTGGATTGCTTGAGCTCAGTAGTCTGAGACCAGCCTGAGTAAGACCCAGACATCGTATCTACTAAAAATAGAATAAACTACCTGGGCATTGTAGCGGGTGCCTACAGTCCCAGCTACGTGGGAGGTTGAGGCAAGAGGATCACCTGAACCTAGAGAATGAGGTTGCTGTGAGCTATGATGAGGTCAAGGCACTCTACCCAGAGTAACAGAGTGAAATTCTATCTCAA","GGTCAGGCATGGTGGCTCAGGCCTGTAATCCCAGCACTTTGGGAGGCCAAGGTGGGCAGATTGCTTGAGCCCAGGAGTTTGAGATCAGCTTGGGCAACATAGTGAAAACTCATCTCTACAAAAAATTAAAAAAATTAGCTGGGCATTGTGGCACGTAACTGCAGTCCCAGCTACTTGAGAGGCTGAGGTGAGAGGATCACCTGAGGCCGGGAAGTCGAGGCTGCAGTGAGCTGTGATTGGGCCACTGCACTCCATCCTGGGCGACAGAATAAGACCCTGTCTCAAA"
"GL873521","13722635","13722652","chr6","90847853","90847870","1","77125218","AAAAAAAAAAAAAAAAAA","CAAAAAAAAAAAAAAAAA"
"GL873521","13789517","13789832","chr12","121838917","121839229","75","108049400","GCTGGGTGTGGTGGCTCATATCTGTAATGATAGCACTCTGGGAGGTCAAAGCAGGGAGATTACTTGAGCTCAGGAGTTAGAGAGCATCCTGAGAAAGAGTGAGATCCCTATCTATACTAAAAACAGAAAAACTAGCCAGTTGTAGTGGCAGGCACCTGTAGTCCCAGCTACTTTGGGAGTCTGAGACAAGAGGATCTCATAAGCCCAAGAGTTTGAGGTTGCTGTGAGCTGCGATGCCACAGCACTCTACCTGGGGTGACAGAATGAGACTTTGTCTCAAAAAAATAAAAAATAAAATAAAATAAAATTTAAAAAA","GGCTGGGTGTGGTGGCTCATGCCTGTAATCCCAGCACTTTGGGAGGCCAAGTCAGGAGGATTATTTGAGCCTGGGAGTTTGAGACCAGCCTGTGCAACATGGTGAGACCTCATCTCTACAAAACATAAAAAATTAGCCAGGCATGGTGGCATGTGCCTGTAGTCCCAGCTACTTGGGAGGCTGAGGCAGGAGGATCAGTCGAGCCCAGAAGATTGAGGCTACAGTGAACTGTGTTCATGCCACTGCACTCCAGCCTGGGTGACAGAGTGAGACCTTGTCTCCAAAAAAATCAAATAAATAAAAAAATAAAAAA"
"GL873521","13902129","13902272","chr17","73619699","73619842","30","59717570","GGCCAGGCATAGTGGCTCGCACCTATAATCCAGTACTATGGGAGACCAAGGCTGGAGGATCAATTGAAGCCAAGAGTTAAAGACCAACCTGGGCAACATAGAAACACTTCACCTATATAAAAAAAAAAAAAAAGAAAGAAAAAA","GGCCAGGTATGGTGGCTCACACCTGTAATTTCAGCACTTTAGGAGGCTGAGGCAGGAAGATCACTTGAGGCCAGGAGTTCAAGACCAGCCTGGGCAACATGGCAAGGCTTCATTTCCACAAAAAAAAAAAAAAAAAAAAAAAAA"
"GL873521","13902315","13902339","chr7","66627085","66627108","7","52724770","AAAAATTAACCCAGCATGGTGGCGC","AAAAAATTAGCCAGGCATGGTGAC"
"GL873521","13902374","13902499","chr7","68063538","68063660","30","54161164","AGTCCCAGCTACCATAGAGGTTGAGCCAGGAGGATCACTGAAGCCCAGAGCCCAGAAGTTTGAGGTTGCAGTAAGCTATGATCATGCCACTGTACTCTAGTCTAGGTGACAGAAGGAGACCCTGTC","GTAGTCCCAGCTACAAGGGAGGCTGAGGCAGGAGGATGGCTTGAGCCTGGGAAGTTGAGGCTGCAGTAAGCTATGATCATGCCACTGCACTCCAGCCTGGGTGACAGAGTGAGATTCTGCCTC"
"GL873521","14127800","14127881","chr3","123515043","123515137","26","109387243","GGCTAGATATGGTGGCTCATGCCTATCTGGAAAGCTGAGGCAGGAGGATTGCAAGAGGCCAGAAGTTTAATACCAGGCTAAG","GGCCAGGTATGGTGGCTCATGCCTATACTCCCAGCCTTTTGGGAGGCTGAGACAGGAGGACTGCTTGAGGCCAGGAGTTTAAGACCAGCCTGACT"
"GL873521","14128162","14128352","chr4","26023510","26023691","57","11895348","GGGCTGAGAATGAGATCCCATCTTTACAAAAAATTACCCAGGTATAGTGGCATCATCCTAGCTACTTGGGAGGCTGGGGCAGGAGGATTTCTTGGGCCCAGGAGTGTGAGGCTACGCTGAGCTATGATACCACTGCACTTTAGCCTGGATGATACAGCAAGATTTTACCTCAAAAAAAAAAAAAAAAAAAA","GGGTGGGAAAAAATTATCTGGAAATGGTGGCATATGCCAGTGGTCCTAGCTACTTGGGAGACTGAGGCTGGAGGATCACCTGAGCCCAGGAGTTAGAGGCTGCGGTGAATCGTGATCATGCCACTGCACTCTAGGCTGGGCAATAGAGCAAGACCCTATCTCGAAAAAAAAACAACAAAAAA"
"GL873521","14184019","14184216","chr17","61651681","61651883","50","47467662","GGCTGGGCATGGTGGCTCATGCCTGTAACCCTAGCACTCTGTGAGGCCAAGGCAAGTGGATCACCTGAGCTCAGGAGTTTGAGAACAGCCTGAGCAAGAGTGAGACTCCATCTCTAAAAATAGTTGGGCATTTGTGGTGAATGCCTATAGTCTCAGCTACTCAGCTACTTAGGAGGCTGAGGCAAGAGGATTGCTTGA","GGCTGGGTGCAGTGGCTCACGCCTGTAATCCTGGCACCTTGGGAGGCCAAGGTGGGAGGATCACTTGAGCCCAGGAGTTTGAGATCAGCCTGAACAACGTGGTGAAACTCCATCTCTACAAAAAATACAAAAATTAGCTGGGCTTAATGGCATATGCCTGTGGTCCCAGCTACTGAGGAGGCTGAGGTGGGAGGATTGATTGA"
"GL873521","14185943","14186062","chr8","25834967","25835086","23","11649024","GGCAGGGTGCAGTGGCTCACACCTATAATCCCAGCACTCTGGGAAGCTGAGGTGGGAGGATTGCTTTGAGATCAGGAGTTTGAAACTAGCTTGAGCAAAGCAAGACCCATCTCTACTAAA","GGCCAGGTGCAGTGGCTCATGTCTGTAATCCCAGCACTTTGGGAGGCTGAGGTGGGAGGTTTGCTTGAGCCCAGGAGTTTGAGACCAGCCTGGGCAACATAGCAAGACCCTGTCTCTATA"
"GL873521","14186086","14186221","chr14","74199793","74199926","31","60013707","AATTAGAGAGGTGTGATGCCACACACTGTAGTCTCATCTACTTTGGAGGCTGAGGCACAAGGATTACTTGAGCCCAGGAGCATGAGGTTGCTGTGAGCGAGGCTGAGGCCACAGCACTCTAGCCTGGGCAACAGAG","TTAGCCAGGTATGGTGGTGCACACCTGTAGTCCCAGCTACTTGGGAGACTGAGGCAGGAGGATTGCTTGATCCCAGGAGTTGAGGCTGCTAAGAGCTATGATCATGTCACTGCACTCCAGCCTGGGCAACAGAG"
"GL873521","14534133","14534413","chr5","43470606","43470891","71","28936473","GGTAGCTCATGTCTATAACCCTGACACTCTGGGAGGCTAAGGGAGAAACATCCCTTGAGCTCAGGAGTTCAAGACCAGTCTAAGCCAAAAGGGAGATCCATCTTTACCAAAACAGAAAAATTAGCTGGGCATGGTGATGTGTGCCTGTAGTACCAGCTGCTTGGGAGGCTAAGGAAGGAGGATTGTTTGAGCCTAGGAGTTTAAGGTTGCTAAGAGCTAGACTGAGGCCATGGCACAGTAGCCCAGGCAATAGAATGAAACTCTGTCTCAAAAAAAAAAAA","GTGGCTCTTGCCTATAATCCCAGCACTTTGGGAGGCTGAGGAGGGCAGATTGCTTGAGCCCAGGAGTTCAAGACCAGCCTGGGCAACATGGGAAAACCTCGTCTCTACAAAAAACACAAAAATTAGCTGGGCATGGTGGCATGTACCTGTAGTCCTAGCTACTTGGGAGGCTGAGGCAGGAGGACTGCTTGAGCCTCTGGAGGCGGAGGTTGCAGTGAGCTGAGACCGCGCCACTGCACTCCAGCCTGGGTGATAGAACAAGACCCTGTCTCAAAAAAAAAAAAAA"
"GL873521","14534507","14534523","chrX","153619065","153619080","3","139084558","CCCAAAATAAAATAAAA","ACATAATAAAATAAAA"
"GL873521","14646173","14646307","chr1","9156973","9157091","40","5489200","GGATGTAGTAGCTCACACCTGTAATCCCAGCATCATGGGAGGATCACTTGAGGCCAGGAGTTTGAGACTGGCTTGGGCAATATGGTGAGGCCCCATTCTTACAAAATAGGAAAAGAATTAATTGGATATGGTGGC","GGCTGGGTGAGGTGGCCTCACGCCTGTAATCCCAGCACTTTGGGAGGCCAAGGCAGGAGTTTGAGACCAGCCTGGGCAATACAGTGAGACCCCATCTCCAAAAAAAAAATTAGTGGGGC"
"GL873521","14703100","14703421","chr17","68155983","68156305","73","53452883","GGCTGGGCACAGTGGCTCATACCTGTAATCCTAGCACTTTGGGAGGCCAGGAAGGGAAGATAGCTTGAGGCCAGGAGTTTGAGACCAGGATGAGCGAGGTAGCGAGACCCCCCATCTCTATCAAAAATTAAAAAAAAAAAAAAATTAGCTGGGTATAGTGGTGAGGGCCTATCATCCTAGCTACTTAGGAGTAAGACAGGAGGATCACTTGAGCCTAGGAGGTAAGGTTGCAGTGAACTATGATGATGACCCTGCACTCTTGCCTTAGCAAGATGGTGAGACCCTGTCTCAAAACAAACAAACAAACAAACAAACATAAAAA","GGCTGGGCACCGTGGCTGACATCTGTAATCCCAGCACTTTGGGAGGCCAAGGCGGGTGGATCACTTGAGCCCAGGAGCTCGAGACCAGCCTGACCAACATGGCAAAACCCCATCTCTACCAAAAAAAAAAAAAAAATACAAAAAGTTAGCTGGGCATGGTGGAGAGGGCCTGTAGTCCCAACTACTCAGGAGGCTGAGGTGAGAGGATCACCTGAGCCACAGGAGGTCGAGGCTGCAGTGAGCCATGATCACACCATTGCACTCCAGCCTGAGAGAAAGTGAGACCCTGTCTCAAAAAAACAAACAAACAAAAACAGCAAAAA"
"GL873521","14778613","14778888","chr15","42746072","42746354","63","27967459","GGCCCAGCACAGTGGCTCACACCTATAATCCTCGCATTCTAGGAGACTGAGGTGGGAGGATCACTTGAGCTCAGGAATTTGAGATCAGCTTGAGCAATAAGGTGACCCCATCTCTACTAAAAATAGACTAATTAGCCAGGCATTGTGGTGGGCACCTGTGGTCCCAGCTAGTTGAGAGGCTCATGTTGGATTCCTTGAACCCAGGAATTTGAGGCTGCTGTGAGCTGGGCTGATGCCACAGTATTCTAGCCTGGGCAACAGAGTATGACTCTGTCT","GGCCAGGTACAGTGGCTCACACCTGTAATCCCAGCACTTTGGGAGGCCAAGGCAGGAGGATCACTTGAGCCTAGGAATTCAAGACCAGTCAGGGCAATATGGTGAAACTCCATCTCTACAAAAAATACAAAAATCAGCCAGGTGTGGTGGTGTGCGCCTGTGGTCCCAGCTACTTGGGAGGCTGAGATGGAAGGATCACTTGAGCCCAGGAAATGGAGGCTGCAGTGAGCTAAGGCTGTGCCACTGCACTCCAGCCTGGGCAACAGAGTGAGACCCTGTCTCA"
"GL873521","14884261","14884393","chr13","24405237","24405373","27","9520976","GGCTAGGTGTGGTGGCTCATGCCCATAATTCCAGCATTCTGGGAGGCCAATGTGGGAGGATCCCTGGAGGTCAGGAGTTTGAGACCACCCTGAGCAAAGCGAGACCCCATCTTCACTAAAAATAGAAAAATTA","GGCTGGGCATGGAGGCTCATGCCTATAATCCCAGCACTTTGGGAGGCTGAGGTGGGAGGATCGCTTGAGTTCATGAGTTCAAGACCAGCCTGAGCAACACAGTGAGACCTCATCTCTACTAAAAATCAAAAAAATTA"
"GL873521","14884660","14884815","chr1","141772547","141772702","39","126887887","TTAGTTGAATGTGGTGGTGTACACCTGTAGTCCCAGCTACTTGAAAGGCTGAAGAAAGAGGATTGCTTGAGCCCAAGTGCTTGAGGTTGTAGTGAGCTAGGCTGACGCTATGACACTCTGACCCAGGTGATAGAAGAAGACCCTGTCTCAAAAAAA","TTAGCTGGGCATGGTGGCGTGCACCTGTGGTCCCAGCTATTTGAAAGGCTGAGTTGGGAGGATCACTTGAGCCCAGATGGTTGAGGCTGCAGTGAGCCATGATGGCACCACTGCACTTTAGCCTTGGTGACAGAGCAAGGCCCTGTCTGAAAAAAA"
"GL873521","15677856","15678124","chr7","99887814","99888086","73","84209958","TGGCTCATGCCTGTCAACAAAGTACTTTGGTAGATTGAGAAAGGAGGATCTCGTGGACTCAGGAGTTTGAGACCAGCCTGGACGACATGGTAAAAAAACATCTTTAAAAAATTAGCCTAGCATAGTGGTGCACATTGATAATTTCAGCTATTTCGCAGGCTGAAGTGGGAGAACCACTTGTGTTTGGAAGCTCGAGGCTGCAGTGAGCTATGATCTCACACTACACTCCAGCCTGGGTAATATGGTGAGGTCCTGCCTCAAAAACAAAA","GGCTTACACCTGTAATCCCAGTGCTTTGGGAGGCTGAGGCAGGCAGATCACTTGAGCCCTGGAGTTCAAGACCAGCCTGGGCAACATGGTGAAACCCCATCTCTACAAAAAATTAGCCAGGCATGGTGGCTTGCACCTGTAGTCCCAGCTACTCAGGAGGCTGAGGTAGGAGGATTTCATGAGCCTGGAAGGTTGAGGCTGCAGTGAGCTATGATCACACCACTGCACTCCAGTCTGGGTGATAAAGTGAGACCCTGTCTCAAAAAAAAAAAA"
"GL873521","15875728","15875811","chr8","5975319","5975398","26","9900409","CAGTGAGCCGTGGTCTCCCTGTGCATTCCAATGTGAGTGACAGAGAGACCTCCCTCACACTCCCAAAAAAGAAAAAACAAGAAA","GCAGTGAGCCTTGATCGTGCTATTGCACTCTAGCCTTGGTGACAGAGAGAGACCCTATCTCAAAAAAAAAAAAAAAAAAA"
"GL873521","16170363","16170540","chr3","50079465","50079644","47","33909102","AAAAAAAAAAAAAATTACCCAGGTAAGGTGGTAAGGACCTGCAGTCCTAGCTATCTGGGATACGAGGTAGGAGGAGCACTTTGGCCCAGGAATTCCAGGCTATGGTGAACTATGATTACAACTGCACTCTAGCCTGGGCAAAAGAGTAAGAGACTGTCACAAAACACAACAAAACAAA","ACAAAAAGAAAAAACAATTAGCAAGGCCTGGTGGTACACACTTGTAGTCCCAGCTATTTGGGAGGCTGAGGTGGGAGGATCACTTGAGCCCAGGAGTTCAAGGTTACAGTGAGCTATGATCATGCCACTGCACACTAGCCTGGGCATCAGAGAGAGTTCCTGTCTCTAAGAAAAAAAAAA"
"GL873521","16172240","16172374","chr1","29329421","29329551","29","13157181","GGCTGCATGCAGTGCCTCATGTTTGTAATCCCAGCACTTTGGGAGCCAGTGGAGGAGAGGATCACTTGAAGCCAGGAATTTAAGACGGACCTAGCCAACATAATGAGAACTCCTCTATACAAAAAATAATAAAAT","GGCTGGATGCACTGGCTCCTGTCTGTAATCCCAGCACTTTGGGAGGCTGAAACAGGAGGATCCCTTGAAGCCAGGAGTTTAAGATCAGCCTGAGCAACAGAGTGAAACCCTGTCTCTACAAAAAAAAAAAA"
"GL873521","16260421","16260667","chr2A","25887935","25888182","71","9627514","GGATACAGTGGCTCACACCTGTAATCTTAGCAAACACCCTGGGGTGCTAAGGCAGGAGGATCACTTGAGCTCAGGAGATCAAGACCAGCCTGAGGAAGAGTGAAACCCCATTTCTACCACACATAGAAAAATTAGCCAGGTGTCTCTCTCTAGTCCCAGCTACTTGGGAGGCTGAGACAGGAGAATTGCTTAAGCCAGGGAGTTTCAGGTTGCTGTGGCTCAGACCATGGCACTCTAGACTGAGCAA","GGCTGGGCACAGTGGCTCACACCTGTAATCCCAGCACTTTGGGAGGGTGAGGCAGGAGGATCACTTGAGCTCAGGAGTTCGCAACCAGCCTGGGCAATATGGTGAAACCGCATCTCTACAAAAAATACAAAAATTAACCGGGTGTGGTTGTGCATGCCTGTAGTCCCAGCTACTTGGCAGGCTGAGGTGGGAGGATTGCTTGAGCTCAGGAGGTCAAGGCTGCAGTGAGCCATGATTACTCCACTGCA"
"GL873521","16747501","16747629","chr7","102198592","102198722","33","85451091","GCCGGGTATGGTGGCTCACACCTGTAATCCCACCACGTGGGAGGCCAAGGCAAGCAGATTGCCTGAGCTCACAGGTTCAAGACCAGCCTGAGCCAGAGTGAGACTTTGTCTTGGAAAATACCCGGGTGT","GGCTGGGTGTGGTGGCTCACACCTGTAATCCCACCACTGTGGGAGGCTAAGGCAGGCAAATCGCTTGAGCCCAGGAGTTCGAGACCAGCCTAGGCAACGTGGTGAAACTGTCTTTAGAAAATATTAGCCAA"
"GL873521","16747905","16748071","chr1","26355033","26355200","42","9607128","AACTAGGTAGGTGTTGCAGCAGGCGCCTGTAAATCCCAGCTACTTGGGCCAAGGCAAGAGAATCAATCACTTATGCCCAGGAGTTTGAGGTTGCTGTAAGCTATGACGCCCTGGCACTCTACCAAGGGTAACAAAGTCAGATCCTGCCTCAAAAAAAAAAAAAAAAA","AACTAGCTGGGTGTGGCGGCGTGTGCCTGTAGTCCCAGCTACTTGGGAGGCTGAGGCAGGAGGATCACTTGAGCCCAGGAGTTCAAGGCTGCAGTGAGCTAAGATCATACCACTGCACTCCAGCCTGGGTAATAGAGTGAGATCCTGTCTCAAAAAAAAAAAAAAAAA"
"GL873521","16826358","16826516","chrX","96886204","96886345","57","80059846","GGCGCCCTGCCACAAGCTGTAGTCTCCCCTATTTGGGAGGGTGAGGTCGGAGGATCATGTGAGCTCGGCAGTTCAAAGTCACCGGGCACTACAACCTCACCTGGACCAGTCAGGACTGCACGCCAGCCTCCCCAGCGCAGTGAGACTCTGTTTCTAAAA","GGTGCACATCTGTAGTCTCAGTTATTTGGGAAGCTGAGGAGGGAGGATCACTTGAGCCTGGGAGGTCAAGGCGCCAGTGAGCTGTGATTGCACCACTGCACTCCAGCCTGTGCTACAGAGTGAGACTCTGTCTCAAAAAAAA"
"GL873521","16850386","16850705","chr1","224543342","224543654","83","207692956","GCCAGCTGTGGTGGCTCACACCTATAGTCCTCACACTCTGGGAGGCTGAGGAAGGCAGATTCCCTGGAGCTCAGGAGATTGAGACCAGGCTGAGCAAGAACTGAGACTCTGTCTCTACCCCAAACAGAAAAACTTCACTAGGTGTTGCGGTGGGCACCTATAGCCTGAGCTACTTGAGAGGCAGAGGCAGGATGATCACTTGAACTCAGGAGTTTGAGGTTGCTATAGCTGTGCTGATGCCATAGTACTTTAGCCTGGGCAACAGAATGAGACTCTGTCTCAAAATAAATAAATAAATTAATAAATAAAAGAGAAAGAAA","GCCAGGCAGGGTGGCTCACGCCTGTAATCCCAACACTTTGGGAGGCTGAGGCAGGCAGCTTGCTTGAACTCAGGAGTTTGAGACCAGTCTAGGCAACATGGTGAAACCCCATCTCTACAAAAAATACAAAAATTAGCCAGGCGAAGTGGCGTGCCTATAGTCTTAGCTACTTGGGAGGCTGAGGCAGGAGAACTGCTTGAACTGGGGAGGTCGAGGCTGCATGAGCCGAGATCGTGCCACTGCACTCCAGCCTGGATGACAGAGCGAGACCCTGTCTCAAAATAAATAAATGAATAAATAATAAAATAAATAA"
"GL873521","16987716","16987746","chr4","157175852","157175881","5","140188136","GAAGAAAGAAGAAAGAAGAAAGAAGAAAGAA","GAAGAAGAAGAAGAAGAAGAAGAAGAAGAA"
"GL873521","16988099","16988370","chr11","32048157","32048430","73","15060058","GGCCCAGTTCAGTGTCTCACACCTGTAATCCTAGAACTCTGGGAGGTCAAGGAAGGTGGAGTCCTTGAGCTCAGGATTTTCAGATAAGCCTGAGCAAGAGACAGATCCATATCTACTAAACATAGAAAAACTAGCCTGGCATCAGTGTAGTCCCAGCTACTCAGAAGGCTGAGGCAGGAGGATCATTTGAGCCCAAATGTTTGAGTTTGCTGTGAGCTATGATGAATGACACCAGGGCACTCTACCCAGGGCAACAGAGTGAGACTATTTCT","GGCCCACCACAGTGATTCACATCTATAATCCCAGCACTTTGGGAGGCCGAGGTGGGAGAGTAGCTTGAGCCCAGGAGTTTGAGACCAGCCTGAGCAACAGGGCGAGACCCCATCTCTACAAAAAAAATTTAAAAATTAGCCTAGCATGTGCCTGTAGTCCCAGCTACTCAGGAGGCTGAAGCAGGAGGATCACTTGAGCCCAGGAGTTGAAGGCTGCAGTAAGCTATGATCACCCCACTGAGCTCTAGCCAGGGTGACTGAGCAAGACTCTATT"
"GL873521","17153915","17154039","chr7","102370770","102370890","26","85216855","GGCTAGGCACGGTGGTGACTCCTGCTTGTAATCCCAGCACTCTGGGAGGCCTGTGGCAGGTGAATTCCTTGCGCTCAGGAGTTCAAGACTAGCCTGAGTAATAGTGAAACCTCTGTCTCTACTAA","GGCTAGGCACGGTGGCTCATGCCTGTAATCCCAGCACTTTGGGAGACTGAGGTGGGAGAATTGCTTGAAGCTGGGAGTTCAAGACCAGCCTAGGGAACATAGTGAGACCCTGTCTCTTCAA"
"GL873521","17154076","17154241","chr16","21596696","21596868","46","4442620","CTAACCAGACCTGACAGGTGGCTATACTCTCGGCTACTTGGGAGGCTGAGGCAAGAGGATCACTTGATCTCAAGAGTTTGAGGTTGCTATAAGCTATGAGGCCATGACACTCTACCGAGGGCAACAAAGTAAGAGTTTTTCTCAAAAAAAAAACCCAAAACAAAAA","ATTAGTCAGACATGGTGGCATGTGCCTATAGTCCCAGCTACTTGGGAGGCTGAGGCAAGAGAATCATTTGAGCCCAGGAGGTTGAGGCTGCAGTAAGCAGTGATCATGTCACTGCACTCCAGCCTGGGCAACAGAGCAAGACCCTGTCTCAAAAAAAAAAAAAAAAGAAAAAA"
"GL873521","18186068","18186211","chr11","18518855","18518988","40","332787","TAGTCAGGTGCAGTGGTGCATGCCTGCAGTCACAGCTACTCTACTCAGGAGGATGAAGCAGGAGGACCACTGGAGACCAGGAGTTTGAGAATGCTGTAAAATACCATTGAGTCACTGCCTGCCAGCTTCAGTAACAGAATAAGA","TTAGCCAGGTGCAGTGGCGCATGGCTGTAGTCCTGCTTACTCAGGAGGTTGAAGCAGGAGGATCACTTGGGCCCAGGAGTTTGAGGCGGCAGCGAGCCATAATCGTGCCACTGCACTCCAGCTGAGTGACAGAG"
"GL873521","18186242","18186351","chr4","101432127","101432236","31","83245885","CTTGTAATTTCAGCACTTTTGGAAACTGTAGAAGGAAGATTGTTTAAGACCAGGAGTTCCAGAACAATCTGGGCAACACATGTTGACCTTGTACCTACATGAAAAAAAAA","CCTGTAATCCCAGCACTTTGGGAGGCTGAGGCAGGAAGACAGCTTGAGGCCAGGAGTTCCAGACCAGTCTGGGCAATATAGCAAGACCCTCATCTCTTTAAAAAATAAAA"
"GL873521","18231783","18232086","chr11","120552808","120553110","90","102321025","GGCATGGTGGCTCACACCAGCAATCCCAGCGTTTTGGGAAGCCCAAGGAAGAGAATCACTTGAGACCAGCCAGAGGTACATAGACACGTGGTCTACAAGAAATGACAATTAAAACAAATTGCTGGGCATGGTAGCCTGTGACTATAGTCCTGGCAACTCAAGAGGCTGAGTCAGGGGGTTTTTTGAGCCTATGAAGTCTAAGTTGCAGTAAGCTGTGATCATGCCACTATACCCTAGCCTGGGTGACAGAACAAGATTCTGTCTCTAAAAATAAAATAAAATAAAATAATAAAATGAAATAAAA","GCCAAGCATGGTGGTTCATACCTATAATCCCAGAACTTTGAAAGGCCAAGGCGAGAGGAGTTTGAGACCAGCCTGGGCAACATGATGACATGCCGTCTCTACAAAAAAATAAAATAAACAAAAACTAGCTGGGCCTAGTGGCATGTGTCTGTAGTCCTAGCTACTCAGGAGACTGAGGCAGGAGGATCACTTGAGCCTGGGAGGTCAAGGTTGCAGTGAGCTATGATTGTGTCACTGTACTCCAGCCTGGGTGACATAGCAAGAACTGGTCTCAAAAAAAAAAGAAAGAGAGAAAAAAGAAAA"
"GL873521","18672921","18673268","chr5","164510023","164510360","89","145837102","GGCTGGCCATGGTGGCTGAGGCCTGTCATCCTACCACTCTGAGAGGATGAGGAAGGAGGATTGGATTGCTTCAGCTCAGGAGTTCAAGACCAGCCTGAGCAAGAGCAAGACTCAGTCTCTACCAAAAATAGAAAAATTAGACTAGCCAGATGTAATGGCAGATGCCTCTAGTCCCAGCTAGTGGGGAGGCTAAGGCAGGAGGATCACTGAAACCCAGGAGTTTGAGGTGCCTGTGAGTTAGTTTAATACCATGGCAGTCTAGCTTGGGCAACAAAGTGAGACTCTGTCTCAAAACAAACAAAGAAACAAAGAAACAAACAAACAAAAACCCCAAAAATAAAAAAAAAA","GGCTGGGCACAGTGGCTCATGCCTGTAATCCTAGCACTTTGGGAGGCTGAGGCAGGTGGATCGCTTGAGACTGGGAGTTCAAGACCAGCCTGGGCAATATGGCAAAACCCCGTCCCTACAAAAAATACAAACATTAGCCAAGCATGGTGGCACATGCCTGTAGTCCCAGCTACTTGGGAGGCTGAGGCAGGAGGATCATTTGAGCCCGGGATGTGGAGGTTGCAGTAAGCTGAGATTGCATCATTGCACTCCAGCCTGGGCAACAGAGGGAGACCCTGTATCAAATAAATAAATAAATAAATAAATAAATAAATAAATAAAAGAAATAAAAGTAAAAA"
"GL873521","19315680","19315722","chr1","205503465","205503511","11","186187785","CAGTTACTTGGAAGACTGAGGCAAGAGGATCCCTTGAGCTAGG","CCAGCACTTTGGGAGACTGAGGCAGAAGGATCCCTTGAGGCCAGCGG"
"GL873521","19598410","19598508","chr1","6398492","6398584","25","13199918","TATCACTACACCACTATACTCTAGCCTGGGCAACAGATTGAGAACCTGTATCAAAAACAAACAAACAAACAAACAAAACACAATAAAAAATAAATAAAA","GTGATTGCACCAATGCACTCCAGCCTGGGTGACAGAGCGAGACTGTCTCAAAACAAACAAACAAACAAATAAAACAAAAGAAAAGAAAAGCAA"
"GL873521","19777152","19777359","chr4","72787006","72787205","63","53009854","CCTGAGCAACATAGAGAGATCCCATCTCGACAAAAATATTGAAAAAAAAATAGATAAACTTATCAGCTGGGTTTGGTAGCACACAACTGTATCCCCAGCTACCGGGAAGGCTGAAGCAGGAGGAGCCTGACAGATCAAGGCTGCAGTGAGCAGTGATCACATCACTACACTCCAGCCCAGGTGACAAAGCACAATCCTGTCTCAAAAA","CTAGGCAACATGGAAGAACCCCATCTCTACAAAAATTACAAAAACTAGCTGGGCATGGTGGTGTGCGCCTGTATTCCCAGCCACTGGGGAGGCTGAGGTGGGAGGATTGCTTGAGCCTGGAAGATTAAGGCTGAAGTGAGCAGAGATCACACCGCTGCACTCCAGTCTGGGTGACAGAGCAAAACCCTGTCTCAAAAAAA"
"GL873521","19907026","19907166","chr6","12022857","12022993","42","7884169","AGGAAAAATTACCAGGGCATGGTGATGTGCACTTATAGTCCCAGCTCCTGGGAAGGCTGAGTCAGGAGGCCAGGAGTTTGAGGTTATAGTGAGCTATGATGCCACTGCACTCTCTCTGGGTGACATAGTGACATTCTGCCT","TTAAAATTAGCCAGGCATGGTAGCAGGCACCTGTACTCCCAGCTACGGGAGGGTCGCTTGAGCCCAGGAGATCAGGGCTGCAGTGAGCTATGATTGTACCACTGCACTCCAAACTGGGTGACAGAGTGAGACTCTGT"
"GL873521","19907190","19907299","chr3","21509747","21509855","27","1602557","GTGGTGGCTCAGCCTATAATCCTAGCCTTCTGGAGGCCCAGGCGGGAGGATTGCTTAAGGTCAGGATGTTGAGACGAACCTGAGCATGAGTGAGACCCCATCTCTACAAA","GGTGGCTCATGCCTATAATTCTAGCGCTTTTGGAGGCCAAGGGGGGAGGATTACTTGAGCTCAGGAGTTCCAGATCAGCCTGGACAATTTAGTGAGACCTCATCTATAC"
"GL873521","20453341","20453513","chr19","53340691","53340862","44","32887350","AGACAACTAGCCAGGCATTGTGGTGGGCATCTATAGTCCCAGCTACTTGGGAGGCTGAGGCAAGAGGATCACTTGAACCCAATAGTTTGAGGTTGTCATGAGCTATGATGATGTGGCATTCTACTCAGGGTGACAGCGTGAGAGACTCTGTCTCAAACAAATGAACAAAAAAA","ACAAAAATAGCTGGGTGTGGTGGTGCATACTTGTAGTCCCAGCTACTTGGGAGGCTGAGGCAGGAGGATCACTTCAGCCCAGGAGGTTGAGGCTGCAGTGAGCCATGATCATGCCACTGCACTCCAGCCGAGGGGAGAGAGCAAGACTCTGTCTCAAAACAAACAAACAAAA"
"GL873521","20453540","20453662","chr4","5943586","5943706","26","14509954","CAGGCGTGGTTGCTCATGCCTGTAGTCCTAGCACTTCAGGAGGCTGAGGAGGGTAGATTGCTTGAGGTCAGGAGCTGGAGACCAGCCTGAGCAAGAGCGAGACCTTGTCTCTACTAAAAATAG","GGCCATGGTGGCTCATGCCTGTAATCCTAGCACTTCGGGAGGCTGAGGAGGGAGGATTGCTTGAGGCCTGGAGTTTGAGACCAGCCTGGGCAACATAGTGAGACCACGACTCTATTTAAAA"
"GL873521","20821454","20821743","chr8","121327775","121328067","74","100506321","GCCGGGCCCAGATGGCTCAAGCCTGTAATCCTTGCACTTTGGGAGGCCAATGTAGGAGGATCACTTGCGCCTAGGAGTTCCAGGCCAAGCTGTGCAAGGTGAAACACTGTTCCAAAAAATATATATATATGAAAATTAGCCAGTCCTGTTGGTACACATCTGTCGTTCCAACTACTTGGGGGACTGAAGCAGGAGGATCCATGAGTCCAAGATTTGAGGTTGCAATGAGCTGTATTGGAGCTACTACACTGTAGCCAGGGCGACAGGAGGAAAAACTTGTTTTAAAAAAA","GGCTGGGTGCAGTGGCTCATGCCTGTAATCTTAGCACTTTGGGAGGCCAAGGCAGGTGGATCACTTGAGCTTAGGAGTTCAAGACCAGCCTGGGCAACATGGTGAAACCCTGTCTCTACAAAAAATAAAAAAAAATTAGCCAGGCATGGTGGCATACACCTGTAGTCCCAGCTACTTGTGGGGCTGAGGCAGGAGCATCACTTGAACCCAGGAGCTCAAGGCTGCAGTGAGCTGTGATCTTACCACTGCACTCCAGCCTGGGTGACAGAGTAAGACCTTGTCTCAATAAAAAA"
"GL873521","20825224","20825315","chr22","42881883","42881978","27","22056659","AGAGGATCTCTTGAGCCTAAGAGTTTGAGGTTGCTGTGAGTTCTGATACCACAGCGCTCTACACAGGGCGACAGAGTAAGACCCTTTCTTAA","GGCAGGAGGATCGCTTGAGCCTGGGAGGTCAAGGATGCAGTGAGCTGTGATTGCACCACTGCACTCCACCCTGGGCGACAGAGTGAGACCCTGTTT"
"GL873521","20825595","20825767","chr4","156475909","156476099","57","135650314","GCGGTGGCTCACACCTGTAATCCTAACACTCAGGATCGCCTAAGCTCAGGAGGTGGAGACCAGCCTGAGCAAGAGAAACACCTCAACTCTACCAAAAACAGAAAAAGTAGCCTGGGTGGTGGTAGGCATGTGTAGTCCCAGCTACTCGGGAAGCTGAGGCAAGAGGATCTCTT","GGCCAGGCACAGTGGCTCACACCTATAATCCCAGCACTCTGGGAGACTGAGGCAGGAGGAGCCCAGGAATGTGAGACCAGCCTGGCCAACATGGTGAAACCCAGTCTCTACTAAAAATATAAAAATTAGCCTGGTGTGGTGGTGTGCGCCTGTAGTCCCAGCTACTTGGGAGGCTGAGGTGGGAGGATCAC"
"GL873521","21355913","21356066","chr4","158479533","158479684","48","137123620","ATAAAAATTAACTAGCTATGGTGGCATACACTCTTGTCCTAGCTACTTAGGAGGCTGAGGATCATTTGAGGCCAGGAGTTTAAAGCTATAGTGTACTGTGATGATTACGCCTGTGAATAGCCACTGTACTCCAGCCTGGGCAACATAGCAAGAC","AATTAGCTGGGCATGGTGGTGCATACCTGTAGTCCTAGCTACTCAGGAAGCTGAGGCAGGAGGACAGCTTGAGGCCAGGAGGTCAAGGCTGCAATGAACCATGATTGATTACACCTGTAAATAGTCACTGCATTTCAGCCTGGGCAGCATAG"
"GL873521","21623697","21623773","chrX","53329871","53329945","26","31706174","AAATTTAGGCAGGCAAGTTGGCACATGTTTGTAGTCCAAGTTATGTGAGAGGATTCTTTGAGTCCAGAAGTTAAGGC","AATAGCTTGGGCAGGGTGGTGCATGGCTGTAGTCCTGAGATGGGAGGATCCCTTGAGTCCAGGAGCTTGATGCCG"
"GL873521","21623801","21623894","chr3","42032495","42032583","27","20408694","GTAATCTTAGTACTTTGGGAGGCCAGACAGGAGATTCATTTGAGACTGAGTTTAAGATCAGCCTGGACAACATGGCAATATCCCATGTCAACCA","TAATACCAGTATTTTGGGAGGCTGAGGCAGGCGATCACTTGAGCCCAGTTCAAGACCAGCCTGGGCAATATAGCGAAATCCTGTTTCTA"
"GL873521","21714176","21714337","chr12","96671998","96672172","41","74957822","ACTAGGGGGCATTGTGGCAACTGTCATCCTAGCTGCTCAAGAGGCTGAGGCAAGAGGATCACTTCAGCCCATGAGTTTATGGTTGCTGTGAGCTATGACTCCATGGCACTCTAGCCTGGGCAATAGAATGAGACTCTGTCGCAAAAAAAAAGAAAGAAAGAA","AATTAGCTGAGCATGGTGGCAGGCACCTGTAGTCCCAGCTACTTGGGAGGCTGAGGGAGGAGGGTCACTTGAACCCAGGAGTTTGAGGCTGCAATGAGCTATGACTGCATCAGTGCACTCTAGCCTGGGCAGTAGAGTGAGACCCTGTCTCACAAAAAAAAGAAGGAAAGAGAAA"
"GL873521","21714364","21714489","chr15","78802491","78802611","29","57088127","GGCTGGGTACCCTGGCTAGACACCTGTAATTCTAGCACTCCAGGAGGCTGAAACAGGTGGATTTCTTGAGCTCAGGAGTTCAAGACCAGCCTGTCCAAGACCAAGACCACAATTCTGTCTCTACTT","GGCTGGGTACAGTGGCTCACACCTGTAATCCCAGCACTTTGGGAGGTGGAGGCAGGAGGATCACTTGAACTCAGGAGTTCAAGACCAGCCTGGCCAACATGGCGAAACTCCGTCTCTACAA"
"GL873521","21743555","21743631","chr10","20213332","20213405","25","1530223","TATAGGGTGTGGCGGCAAGTGTGTATAGTACTAGCTACTTAAAGAGGTTGAGATGGGAGGATTGCTTGAGCTAAGGA","CCAGGTGTGATGGTGCATGCCTGTGGTCTCAGCTACTTTGGAGGCTGAGGTGGGAGGATTGTTTGAGTGGAGGT"
"GL873521","21743658","21743767","chr10","43292583","43292692","28","21548925","CAATGGTTTGTGCTTGTAATCCAGCACTTTGGGAAACAAAGGAGAAAGGATTAATTGAGACCAGGAGTTCAAAATCAGCCTGGGCAACATAAAGAGACCCTGTCTCTATG","GCGGTGGTTCAGCCTGTAATCCCCGCACTTTGGGAAGCTAAAGCAGGAAAATCACTTGAGCCCAGGAGTTCAAGACCAGCCTGAGCAACATAGTGATACCCCTGTTTCTA"
"GL873521","21994326","21994402","chr3","183523015","183523100","19","161528689","GGCATTGTGACTCACACCTATAATTCTAGCACTTTGGGAGGCTGAGGTGGGAAGACCACGAGCACAGGTTCAAGACC","GACTGGGGGCAGTGGCTCAAACCTGTAATCCTAGCACTTTGGGAGGCTGAGGTGGGAGGACCACCTGAGCTCAGGAGTTCAAGACC"
"GL873521","22568894","22569013","chr7","21219168","21219276","37","1349726","TACGTTGTGGTGGCTAGTCCCAAACTACTCAGCTACTCAGGAGTTTGAGGTTGCAGTAAGCTGTGAGGTTGCATTGCACGACAGATTGTGCAACAGAGCGAGACCCTATCTCGAAAAAAA","GGCTGAGGTGGGATAATCACTTGAGCCCGGAAAGTTGAGGTTGCAGTGAGCCATGACTCGGCACTGCACTCCAGCCTGGGCAACAGAGCCAGACCCTATCTCAAAAAAA"
"GL873521","22569034","22569129","chr15","57106062","57106161","19","34537028","CAGGCATGGTGGCTCACACCTGTAATCATAGCACTTTGGGAGACCAGGAGTTCAAGACCATGCTGGGCAACATGGCGAGACCTTGTCTCTACCAAA","GGCCAGGCATGGTGGCTCACTCCTATAATCACAGCACTTTGGTAGGCCATGAATTCAAGACCAGCCTGGGCAACATAGTGTAACCCTGTCTCTACGAAAA"
"GL873521","23082461","23082581","chr19","17007875","17007987","43","6074586","AAAATACACAGAGTACCCAGGCATGGTGGTGCATGCCTCCAGTCCCAGCTACAGGTGAGACTAAGACTAAAGGATGCCTTCAGCTCAAGACTTTGAAGCTGGCCTAGGCAACAACAAGACC","ACAATGTAGCTATGGCATGGTGGTGCCTGCCTGTTGTCCCAGCTACTTGGGAGGCTGAGATGGGAGGATTGCATGAGCCCAAGAGTTCAAGGCTGCTGTGAGCTACAATCACG"
"GL873521","23326932","23327034","chr1","153330637","153330743","26","130003705","GACTGGGTATGGTGGCATATGCCTGTAAACCCAGCACTCTGGGAGGCTGTGGCGGGTGGACCAGCCTGAGACCAGCTTGAGAAAGAATAAGACTCTGTCTCTA","GGCTGGGTGTGATGGCTCATGCCTGTAATCCTAGCACTTTGGGAGGCTGAGGCAGGTGGATCACTTGAGCCCAGGAGTTTGGGCAACATGACAGAACCCTGTCTCTA"
"GL873521","23327057","23327213","chr6","85247800","85247964","38","61920743","CCAGACATTGTGACACATGCCTATAGTCCTACTTGGGAGGCTGAGGCAAGAGGATGTCTTGTGCCCAAGAGTTTGAGGTTGCTGTGAGCTATGATACCATAGCACTCTAGTGGGGGGCAAGAAAGTGAGACACTGTCTCAAAAAAAAAAAAAAAAAA","CCAGGCATTGTGGCACATGTGTGTAGTCCCAGCTATTTGGGAGGCTGAGGCAGGAGGATCCTTTGAGCCCAGGAGTTTGAGGCTTCAGTGAGCTGTGATTGGACCACTACACTCTGGCCTGGGCAACAGAGAAAGACCCTGTCTCAAAAAGAAAAAGAAAAAGAA"
"GL873521","23553294","23553452","chr8","101101478","101101641","53","77548184","AAAATAAAGTTAGCTAGACACAGCTTTGGGCACCTGCAGTCCCAGTTACTTGGAGGTTGAGGCAAGAGGATTGTTTGAGCCTAGAGGTTTGAGGATATGGTTTGCTGTAGTTCTACCTGTGAGTAGCCACTGTTCTCCAGCCAGGACACCAGCGCAAGA","AAAAAGACACCAAGTAGCCAGGTGTGGTGCTGCAGGCCTGCAGTCCCAGCTACTTGGGAGGCTGAGGCAGGAGGATTGCTTGAACCCAGGAGTTCAAGACTTCAGTATGCCATAATCGCACCTATGAATAGTCACTGCACTCCAGCCTGGGCGACATAACAAAA"
"GL873521","24165831","24166009","chrX","9218405","9218573","51","14947426","GGCCAGGCACAGCAGCTCACACCCATAATCCTAACACTCTGAGAGACCAAGGTGTATAGATTACCTGAGCTCAGGAGTTGGAGACCACCCTGAGCAAGAGTAAGACCCCCATCTCTACAAAAAAAAAAAAAAAATAGAAAAACTAGCCAGGTGTTGTGGTGGGTACTTACAGTGCCAAC","GGCCAGGCGCAGTGCCTCACACCTGTAATCCCAGCACTTTGGGAGGCCGAGGCGGGTGGATCACTTGAGCTCAGGAGTTTGAGACCAGCCTGAGCAACATGGCAAAACCTCACCTCTACAAAAAAAATACAAAAATTAACCAGGCATGGTGGCAGGCACCTGTAGTCTC"
"GL873521","24270646","24270916","chr8","27224878","27225151","68","2954232","GGCCAGGCACGGTGGCTCACACCTGAATCCTAGCTGGCATTCTGGAAGGCCGAGGTGGGTGGATCACCTGACCTCAGGAGTTCAAGACCATCCTGAGCAAGAGTGAGATGAAACCTCATCTCTAAAAATAGCTAGGCATTGTGGTGGGCACCAGTAGTCCCAGCTACTAGGGAGGCTGAAGCAAGAGGATCACTTGAGTCTAAGAGTTAGACGTTGCTGTGAGCAGTGACGCCACAGCACTCTACCCAGGGCAACAAAGTGAGACTGTCTC","GGCCAGGTGCAGTGGCTCACACCTGTAATCCTAGCCCTTAGGAGGCTGAGGTGGGAGGATCACTTGAGCTCAGGAGTTCAAGACCAGCCTGGGCAATATGGTGAAACCCTGTCTCTACGAAAAATTAGCCGGGCATGGTGGCGCATGCCTGTAGTCCCAGCTACTCAGGAGGCTGAGGTGGGAGGATCATTTGAGCCCAGGAGGCGGAAGTTGCAGTGAGCCAAGATTGCACCACCGTACTCCAGCCTGGGCAACAAGTGAGATCCTGTCTCAA"
"GL873521","24618820","24618994","chr8","68458893","68459071","47","43840073","TCCTAGCACTCTGGGGGGCCGAGGTGGTAGGATCACTTGAACTAGAGTTCAAGACCACCCTGAACAAAAATCACACCCTGTCTGTACTAAAAATAGAAAAATTAGCCAGGCATTATAGTGCATGCCTGTAGTCCCAGCTACCTGGTAGGCTGAGGCAGATCCTCTAGCCCAGGGG","CCCAGCACTTTGGGAGGCTGAGATGGGTGGATCACTTGAGCCCAGGAGTTCAAGACCAGCCTGGGCAACATGACGAAACTCTGTCTTTACAAAAAATACAAAAATGAACCAGGCATGGTGGTGCATGCCTGTAGACCCAGTACTTGGGAGGCTGAGGTGGGAGGATCCCTTGATCCTGA"
"GL873521","24626746","24626855","chr1","205148842","205148953","29","180522096","AAAGAATGACAAAAATTCAGATATGGTGGTATGCACCTATAGTCAGTCACAGCTACTGGGGAGGCTGAGGTGGGAGGCTTTCTTGAGCCCAGGAGGTTGAGTCTAGCAAT","AAAAAGTACAAAGAATTAGCCAGGTGTGGTGGTGCGTGCCTATAGTTCCAGCTACTTGGGAGGCTGAGGTGGGAGGATTGCTTGAGTCCAGGAGTTGGAGGCTGCAGTGAAA"
"GL873521","24781755","24782037","chr5","139301937","139302217","85","114520182","GACCAGGTGTGGTGGCTCACACCTATTAGCCTAGCACTCTTGGCAGCTGAGGCAGGAGGATTCACTCAGAACTTCAAGAGTTAAACCCATGCCTCTACTAAAAATAAGAAAAAAATCAGTCCAGAGTATCATGGTGGGCACTTGCAGTCCCAGCTACTCGCAATGCTGAGGAAGAAGGATAGCTTGAGCCTAGGAGTTTGAGGTTGCTGTAGGCTGGATTTTTGTCATGGCATGCTAGTCTTGGCAACAGAGTGAGACTCTGGGGGAAAAAAAAAAGGAAAAA","GGCTGGGTGCGGTGGCTCACACCTGTAATCCCAGCACTTTGGGAAGCTGAGGCCAGAGGATGGCTTGAGCTCAGGAGTTTGAGTTGAAACCCTGTCTCTACAAAAAATACAAAAATTAGCTGGGTGTGGTGGTGCACACCTGTGGTCCCAGCTACTTGGAAGTGTGGGGTGGGAGGATTGGTTGAGCCCAGGAGGTTGAGGCTGCAGTGAGCCATGATCGTGCCACTGTACTCCCGCCTGGGTGACAGAATGAGACCCTGTCTCAAAAAAAAAAAAAAAAA"
"GL873521","24969692","24969970","chr5","91805199","91805483","78","66835507","GGCTGGATGCAGTGGCTCACACCTATAAACCTAGCACTCTGGAAGGCCACAGTGGGAGAATGGCTCGAGTTCAGGATTTTGAGAGTAGCCTGAGCAAGAGCAAGACCACATCTCTACTAAAAATATAAAAATTAGCAGGAAGTCTTGCTGAATGCATCATCTCAACTGCTCTGGAGGATGAGGCAAGAGGATTGCTTGAACTCAAGAGTTGAGGTTGTGGTGAGCGAGACTGAATCCATAGCACTCTACCCCAGGCAACAGAGCAAGACTTTGTTGAAA","GACTGGGTGCAATGGTTCACATCTGTAATCCCAGCACTTTGGGAGGCCAAGGTGGGAGGATGGCTTGAGCCCAGAAGTTCAAGACCAGCCTGAGCTACATGGCAAAACCCTGTCTCTACAAAAAATGTAAAAATGAGCCAGGCATGGTGGTGCATGCCTATGGTCCCAGCTACTCAGGAGGCTGAGGCAGGAGGATCGCACTAATCTAGGAGATGGAGGCTGCAGTAAGCCGAGATTGAGTCATTGCACTCCAGCCTGGGCGAAAGAGCCAGACTCTGTCTCAAA"
"GL873521","24970004","24970019","chr3","153804291","153804307","1","128834287","AAAACAAAACAAAAAA","CAAAACAAAACAAAAAA"
"GL873521","25391954","25392209","chr7","3491054","3491312","81","21900900","CCTAGTGCAGTGGCTCACACCTGTAATCCTGGAGGCTGAAGCAGATGGATTGCTTTGAGTTCCTGCCTAAATAAAAGTGGGAATCTACTATAGCAAAATTAGCTGGGCGTTATGGTGGGTACTTGTGGTCCCAGCTACTCAGGACGCTGAGGCAGGAGGATTGCTTGAACCAAGGAATTTGAGGTTGTTATGAGCTATGATGATGCCATGGCACTCTACCCAGGCCACAGAGTAAGATTTGGTCTCCAAAAAAAAA","GGCCAGGTGCGGTAGCTCACATCTGCAATCCCAGCACTTTGGGAGGCTGAAGCTAGAGGATCACTTGAGTCTTGTCTCTACAAAAAAAATCAAAAAATTAGCCAGGGCATGGTGGTGCATGCCTGTAGTCCCAGCTACTCGGGAGGCTGAGGCAGGAGGATCACTTGAGCCCAGGAGGTTGAGGCTGCAGTGAGCTGTGACTGTACCACTGCACTCCAACCTGGGCAACAGAGTGAGACCCTGTCTCAAAAAATAATAA"
"GL873521","25453333","25453646","chr22","29946204","29946503","77","4492871","GCCGGGTACAGAGGTGCATTTACCTGTAATCCTAGCACTTTGGGAGGGTAGGGTAGGAGGATGGCTTGGGGCCAGTAGTTCAAGACCAGCCTGAACAATCTAGTGTGACCTCGTCTCCACAAAATATAGAAAAATTAGCCAGGCATGGTGGTGGGCACTTGTATTCTCAGCTTCTCAGGAAGCTGAGGCAGGAGGATCTTTTGAGGCTGGAAGGTTGAGGTTGCATTGTTGAGATTGCACTGAGCTGTGATGACACCACTGCACTCTAGCCCTGGCAACAGAGTGAGATCCTAATTTAAAAAAAAAAAAAAAAA","GCTGGGCGTGGTGGCTCCTTCCTGTAATCCCAGCACTTTGGGAGGCCAAGGCTGGAGGATCACCTGAGTCCAGGAGTTTAAGACCAGCCTGGGCAACATAGGGAGACCCTGTCTCTACAAAAAATAAAAAATTAGCCAGGCATGGTGGTGTGCACCTGTAGTCCCAGCTACTCAGGAGGCTGAGGCAGGAGGATCTCTTGAGCCTGGGAGGTCAGACTACAGTGAGCAATGATTGTGCCACTGCACTCCAGCCTGGGTGACAGAGTAAGACTCTGTCTCTTAAAAAAAAAAAAAAAAAAA"
"GL873521","25473197","25473312","chr11","64318421","64318538","25","38845224","GGGCATGGTAACTCACTCCTATAATCCCAGCAGTTTGAGAGGCCAAGGCTGGAGGATCACTTAAGGCTAGGAGTTCATGACTGGTCAGGGCAACATAGTAAGACTTATTCTCTACA","CCAGGCATGGTGGCTCACACCTATAATCCCAGCACTTTGGAAGGCCAAGGCGGGAGGATCCCTTGAGGCCAGGAGTTTGAGACCAGCCTGGGCAACATAGCAAGACTCCGTCTCCACA"
"GL873521","25473339","25473487","chr1","35894728","35894879","40","10421389","AAGAATTAGCTAGGCATAGTGGTGCGCAGCTGTAGTTCCAAGTACTTGGGAGGTTAAAGACCATGTGAGCGCAGGAGTTCAAGGCTACAGTGAGCTGTGATCATGCCACTGCACTCTGGCCTGGGTGACAGAGTCTGTGTCATAAAAAA","AAAAATTAGCCAGGCATGGTGGCACATGCCTGTGGTCCCAGATACTTGGGAGGCTGAAGTGGGAGGATCACTTGAGCCCAGGAGATCAAGGCTGCAATGAGCCATGATCATGCCACTGCACTCCAGCCTGGGCAACCCTGTCTTTAAAAAAA"
"GL873521","25493130","25493293","chr4","75562087","75562252","41","50068957","CTTAGAGTTGTGGTGGGCTCCTGTACTCCCAGCTACCCAGGAGGTGAGGCTGAGGCAGGTGGATCACTTGAACCCAGGTATGTGAGGTTGCTGAGAGCTAGGATGACACACAGCACTCTAGCCTGGTGACAGAGTGAGTCTATGTCTCTAAATAAATAAATAAA","TTAGCTGGGTGTGGTGGCATGCACCTGTAGTCCCAGCTACTTAGGAGGCTGAGGCAAGAGGATCACTTTAGCCCAGGAGGTGGAGGTTGCAGTGAGCTGAAATCATACCACTGCACTCCAGCCAGGGTGACAGAGTGAGACCTTGTCTCAAAAATAAATAAATAAA"
"GL873521","25493320","25493467","chr9","31337596","31337743","33","5844276","GACTGGGCTTGGTGGCTCATGCCTGTAATCCTAGCATTCTGGGAAGCTGAGGCAGGAGAATCACTTGAGGTCAGGAGTTCAAGACCAGACTGAGCAAGAGTGAGATCTTGCCTCTACTAAAAAAATATATATTTTTAAAAAATAATGC","GCTGGGTGTGGTGGCTCACACCTGTAATCCTAGTGATTCAGGAGGCTGAGGCAGAAGGATCACTTGAGGTCAGGAGTTTGAGAGCAGACTGAGCAACAGAGTGAGACCCCCTCTCTAAGAAAAAAATATTAAAAAAAAAAACAACCGC"
"GL873521","25793453","25793728","chr15","82250472","82250741","88","56457019","CAGGTATGGTGGCTCACACCTGTAATCCCAGCACTTCGGGAGGCCAGGAGGTGGGGGAGAGGCTCTCTTGAAGCCAGGAGTTCCTGACCAGCCAAGCAACAGGCGAAACCTTATCTCTACAAAATATTAAAGAAAAAAGGAAATTAGCCAGGTATAGCAGTAGACATCCATAATTCCAGATACTGTCGTGGCTAGGACAGGAAGATCACCTGTGATTGTGCCACTGCATCCCAACTTGCCAAAAAAGCAAGATGCTGTCTCTATAAAAGAAAACTA","GCCGGGCACGGTGGCTTATGCCTGTAATCCCAGCACTTTGGGAGGCCGAGGCAGGAGAATCGCTTGAGCCCGGGAGTTTGAGACCAGCCTGGGCAACATGGTGAAACCAAGTCTCTACAAAAAAATACAAAAAAATTAGCCAGGTGTCGTGGTGCACGTCTGTAGTCCCAGCCACTCCTGGGAGGTCGAGGCTGCAGTGAGCTGTGATCGTGCCACTGCACTCCAGCCTGGGGAACAGAGTGAGACCCCGTCTCAAAAAATAAAAAAAAA"
"GL873521","25946379","25946540","chr16","48668108","48668267","54","22721729","GTTGAGGCAGGATTTCTTGAGGCTGGGAGTTGGAGACCAGCCTGAAAAACATGTTGATACCATTGCTACAGAAATTAGAAGAGTTAGCTGGGTATAGTGGTGCATCCCTGTAGTTCCAACTACTAGGGATGCTGAGGCAGGAGGGTCACGTAAGCCCAGGAG","GTGGGAGGATTTCTTGATCCCAGGGGTTCAAGACCAACCTGGGCAACATAGTGAGACCCTGTGTATACTGAACAAAAACAATTTTTCAGGCATGGTGGCACACACCTGTAGTCCGAGCTATTCGAGAAGCTGAGATGGGAGGATCCCTTGAGCCCGGGAG"
"GL873521","25955927","25956105","chr3","43378154","43378339","50","17422227","AAAAAATAGAAAAATTAGCCATGTGCAGTGGCATGTGCCTATAGTTCCACCACTGTAGGGGCTGAGGTAGGAGGATCCCTTAAGACCAGGACTTTGAGATTGCTGTGAGTTATGACATCACTGCTGTCTGGTTGGGTGACAAAGGGAGACTTTGCCTCAAAAAAGGGAAGAAAGAAAAA","AAAAATACAAAAATTAGCCGGGCATGTTGGCATGTGCCTGTGGTCCCAGCTACTCCAGAGGCTGAGGTGGGAGGATCACTGGAGCCCGGGAAGTTGAGGCTGCAGTGAGCTGTGATCACACCACTGCACTCCAGCCTGGGTGACAGAGTGAGACCCTGTCTCAAAAAAAAAAAAAAAAAAAAAAAA"
"GL873521","26298260","26298339","chr4","95794331","95794409","18","69496071","GGCTGGGTGCATCAGCTTATGCCTGTAATCCCAGTACTTTAGGAGGTTGAGGTAAGAGGATCACTTAAGAACAGGAATCC","GGCTAGGTGCAGTGGCTTACACCTGTAATCCCAGCACTTTGGGAGGCCGAGGCAGGAGGATCACTTGAGCCCAGGAGTT"
"GL873521","26307582","26307851","chr5","152032216","152032514","85","125724634","GCTGGGCATAGTGGCTCACACCTACACTCTTAGAGGCCAGGGCAGATGAATTATTTGAGCTTGGGAGACCAGACTGAGCATGAGTGAGATCCTGTTCCTACTAAAAATAGAAAAATTAATTGGGTGTTGTGCCTGTAGTCCCAGCTACTTGGAAGGCTGAGGCAAGAGGATCACTTGAGCCCAAAAGACTGAAGTTCTAATGCCAAACATGCTACTCAGAGGGACAGAATGAGACTCTGTCTCAAAAATAAATAAATAAATAAATAAATA","GGCTGGGCACAGTGACTCACACCTATAATCCCAGCACTTTGTGAGGCTGAGGCAGGCAGATTATTTGAGCCCCTGAGGTCAAGACCATCCTGGGCAACATGGCAAAACCTCATCTCTACAAAAAATACAAAAATTAGTTGGGTGTGGTGGCATACGCCTATAGTCCCAGCTCCTCAGGAGGCTGAGGTAGGAGGATGGTTTGAGCCCAGGAGATGGAGGTTGATCATGCCACTGCTCTCCAGACTGGGCAACAGAATGAGACTCTGTCTCACAAAAAATGAAACAGAATAAAATAAAAA"
"GL873521","26951040","26951317","chr17","16672309","16672598","75","10278731","TGGCTTACACCTGTAATCCTAGCACTCTGAGAGGAGTGAGGCAGATTGCTTGAGCTTAGGAGTTTAAGACCAGCCTGAGCAAGAAAGATCCCATTTTTACTAAAATAGAAAACTAGCCAGGGGTGGTGGCCTATGTCTGTAGTCCCAGCTACTCGGTAGGCTAAGGCAAGAGGATTGCTCAAACCCAAGAGTTTGAGATTGCTGTGAGTTCTGGTGCCATGACACTCTATCCAGGGTAACAGAGTGAGACTTTGTCTAAAAAAGAAATAAAATAGGTG","GTGGCTCACACCTGTAATCTCAGCACTTTGGGAGGCTGAGGCGGGAGGATCACTTGAGCCCAGGAGTTTGAGACCAGCCTGAGCAACATAGTAGGCTCCTGTCTCTACAAAAAAATACAAAAATTAGCTGGTACTGGTGGCATGTGCCTGTAGTCCCAGCTACTCAGGAGGCTAAGGCAGGAGAATCGCTTGAGCCCAGGAGGTTGAGGCTGCTATGAGCTGTGATGGCACCACTGCACTCCAGCCTGGGTGACAGAGTGAGACCTGGTCTCAAAAAGAAAAAAAAAAAA"
"GL873521","26951542","26951557","chr3","53948633","53948648","1","26997091","AAAAGAAAGAAAGAAA","GAAAGAAAGAAAGAAA"
"GL873521","27061553","27061681","chr3","122788793","122788920","26","95727240","GGCCACGCACAGTGGCTCATGCCTTTAATCCTAGCTTTCTGTGGAGGCCAAAGCAAATGGATCACTTGAACTCAGGAGTTCAAGACCAGCCTGAGCAAGAGCAAGACCCCATCTCTACTAAAAATAGAA","GGCCAGGCACTGTGGCTCATGCCTGCAATCCCAGCACTTTGGGAGGCCAAGGCAAGAGGATTGTTTGAGCCCAGGAATTCAAGACCAGCCTGGGCAACTCAGGAAGACCCCATCTCTACAAAAAACAA"
"GL873521","27061706","27061860","chr8","96136998","96137163","44","69075292","TAGCTTGGCATTGTGGTAGGCACTGGCAGTCCCAGTTACTTCGGAGGCTAAAACAAGAAGGATTGCTTGAATCCAGTGAGGTTGCTGTGAGCTATAATGTCATGGCACTTCTCCCCAGGGCAACAGAATGAGACTATCTCAAAAAAACAAATAAA","TTTAGCTGGGAAGGTTGGCACGCACCTGCAGTCCCAGCTACTTGGGAGGCTGAGACTGGAGGATTGCTTGAGCCCGAGAGGTCGAGGTGGCAGTGAGCCATAATCACACCACTGTACTCCAGCCTGGGTAACAGAATGAGACTCTGTCTCAAAACAAACAAACAAA"
"GL873521","27073730","27073910","chr1","68095575","68095737","50","41021845","GAGCAGCCTGAGCAGCTAGGGTACTGCTCCCTGCCTCTAGTCCCAGCTACTTGAGGGGCTAAGGCAGGAGGATTGTTTGAGCCCAGGAGCCCAGGAGTTTGAGATTGATGTGAACTAGGCTGATGCCATGGCACTCTAAACTGGGCAACAGAGTAAGACTCTATCTTAAAAAAACAAAAAA","TTAGCCCTGCATGGTGGCACATGCCTGTAGTCCCAGCTATTTGGGAGGCTAAGGCAGGGGGATGGTTGGAGCCCAGGAGGCAGAGGTTGCAGTAAGCTGAGACTGAGCCATTGCACTGCAGCCTGGGTGACAGAGTGAGACTCTGTCTCAAAAAAAAAAAAAA"
"GL873521","27074182","27074275","chr19","50666183","50666279","26","23592001","GCTGGGTACTGTGGCTCAAGCATGTAATCATAGCACTCTTGAGGCCAAAGTTTGGAGGATCCCTGAAGCTCCAGAGTTTAAATGCAGCTTGAGT","GGCTGGGCTCTGTGGCTCATGCCTGTAATCCCAGCACTTTGGGAGGCCGAAGTGGGAGGATCACTTGAGTCCAGCAGTTTGAGAGCAGCCTGGGCAA"
"GL873521","27115551","27115853","chrX","48006439","48006741","74","20890888","GGCCAGGTGTGGTGGCTCCTGTAATCCTATCACTATGGGAGGCCAAGGTGGGTGGATTGCTTGAGCTCAGGAGTTGGAGACTAGCCTAGGCAAGAGTGAGATCCCGTATCTACTAAATAGAAAAACTAACCAGGTTCCAGGTGCCTGTAGTCCCAGATTCTTGGGAGGCTGAGGCAAGAGGATCACTTAAGGTCAGGAGTTTAAGGTTGCTGTGAGCTATGATGTCATAGCACTCTACCCAGGGTGACAGAGTGAGACTCTATCTCAAACAAACAAACAAACAAAACAAAAACAACAAAAAAA","GGCTGGGCTCAGTGGCTCACGCCTGTAATTCCAGCACTTTGGGAGGCCAAGGTGGGCGGACTGCTTGAGCTCAGGAGTTCGAGACCAGCCTGGGAAACATGGCGAAACCCCATCTCTTAAAAAAAAAAAATTATCTGGGTGGCAGGAGCCTGTAGTCCCAGCTACTTGGGAGGCTGAGGTAGGAGGATCACCTGAGCCCGGGAGGTCAAGGCTGCAGTGAGCCATGATCGTGCCACTGCACTCCATCCTGGGTGACAGAGTGAGACCCTGTCTAAAAAAAAAAAGAAAAAAGAAAAAAAGAAA"
"GL873521","3621655","3621735","chr19","38588582","38588671","29","34966927","AAACCCCCCAGAAAATTAGCTGTAGTCCAGCTACTTGGGAGGGTGAGGCAGGATTGCTTGAACTCAGGAGGCTGAGGTTGC","TTAGCCAGGTGTGGTTGTGCACGCCAGTAGTCCTAGCTACTCAGGAGGCTGAGGCAGGAGGATTGCTTGAGCCCAGGAGTTTGAGGCTGC"
"GL873521","3642385","3642519","chr4","190118736","190118870","25","186476351","GGCTGGGTGAGGTGGCTCACACCTGTAATCCCAGCACTCTGGGAGGCCAACAGGGATGGAGCACCTGAGCTCAGGAGCTTGTGCCCAGCTTGAGCAAGAGTGAGACCTCATCTCTGTTAAAAACAGAAAAAAAAA","GGCTGGGTGCAGTGGCTCACACCTGTAATCCCAGCACTTTGGGAGGCCAAGGTGGGAGGATCACTTGAGCTCAGGAATTCGAGACCAGCCTGGGCAACATAATGAGACTGCATCTCTGTAAAAAAAAAAAAAAAA"
"GL873521","3642815","3642983","chr6","117522072","117522244","43","113879257","AAAAAAACTAGCCAGGCATTGTGGCGAGTGCCTGTAGTCCCAGCTACTCGGGAGGCGGAGGCAAGAGGAGTGCTTAATCCCAAGAGTTTGAGGTTGCTGTAAGCTATGACACTCATTCTACTCAGGGTAACAAAGTGAGACTCTGTCTCAAAAGGAAAAAAGAAAGAGA","TAAAAAAATTAGCCAGATGTGGTGGCATGTGCCTGTAGTTCCAGCTACTCGGGAGGCTGAGGCAGGAGGATTGCTTGAGCTCAGGAGTTCGAGGCTGCAGTGAGCTATAATTGTGCCACTGCACTCTAGCCTGGGTGACACAGTGAGACCTTGTCTTTAAAAAAAAAAAAAAA"
"GL873521","3668981","3669096","chr1","92774326","92774442","25","89105345","GGCTAGGCTCAGTGGCTCATGCCTATAATCCTAGCACTCTGGGAGGCTGAGACAGGTGGAGTGCCTACGTTCAGAAGTTTGAGACCAACCTGGGGAAGAGTGAGACCCTTGTCTCT","GGCCAGGCGCAGTGGCTCACACCTGTAATTCTAGCACTCTGGGAGGCAGAGGCAGGCAGACTGCTTGAGCTCAGGAGTTCGAGACTACCCTGGGCCACACAGTGAGACTTTGTCTCT"
"GL873521","3669118","3669287","chr19","44556029","44556196","40","40886911","GCCTAGCCATGCATTATGGTGGGCACCTGTAATCCCAGCTACTTGAGTGGCTGAGACAGGAGGATTGCTTGGGCCCAGGTGTTTGAAATTGTCGTGAGCTATGACAACACTATAGCACTCAACCCAGGGCACAGAGTGAGACCCTGTCTCAAAAAAAATAATAAATAAAA","TTAGCTGGGCACGGTGGTGTGCACCTATACTCCCAGCTACTCTGGAGGCTGAGACAGGAGGATTGCTTGAGCCCAGGAGTTCAAGACTGCAGTGAGCTAGGATCGCACCATTGCACTCCAGCCTGGGCAACAGAGTGAGGCCCTGTCTCTAATAATAGTAAAAAAAAA"
"GL873521","3669631","3669737","chrX","25092369","25092466","29","21422738","GGTTAGGCATGGTGGCTTACACATGTAATCCCAGCACTTTCAGAGGCTGAAGTAGGAGGATCTCTCAAGAGACCATCAGAGGGAGACCCTGTCCTTATAAATAATTA","GGGTGTGGCGGCTCAAACCTGTAATCCCAGCACTCTGTGAGGCTGAGGCAGGAGGATCGCCTGGGCAATATAGTGAAACCCTGTCTGTATTAATAATA"
"GL873521","3670024","3670183","chr1","26355033","26355200","40","22685009","TTGGTTGGGTGTGGTAGCACTTGCCAATAGTCTTAGCTACTTGGGAGGCTGAGGCAGGAGGATCCCTTGAGCCCAGGAGTTCAAAGTTGTAGTGAGCTGTAGTAGGGCCACTATAGGGTAAAAGAGTAAAATCCTGTCTCAAAAAAAAAAAAAAAAAAAA","AACTAGCTGGGTGTGGCGGCGTGTGCCTGTAGTCCCAGCTACTTGGGAGGCTGAGGCAGGAGGATCACTTGAGCCCAGGAGTTCAAGGCTGCAGTGAGCTAAGATCATACCACTGCACTCCAGCCTGGGTAATAGAGTGAGATCCTGTCTCAAAAAAAAAAAAAAAAA"
"GL873521","3713060","3713213","chr16","52591348","52591478","53","48878288","ACTAAAATTGTAAAGCCTAAGCTGGGTGTCATGGTGCACACCTGGAGATCCAGCTCCTCGGAGGCAGAGACAGGAGGATCTCTTGAACCCCAAAATTTGAACACAGTGCGACAACATAATGAGACCCACCTCTTACAAAAAATTACAAAGACTA","GCTGAGTGTGGTGGTGTGTGCCTATAATTCCAGCTACTCAGGAGGCTGAGGCAGGAGGATCACTTGAGCCCAGGAGTTTGAGACCAGCCTGGGCAACACAGTGAGACCCCATCTCAAAAAATTAAACATTA"
"GL873521","3858021","3858181","chr15","40727742","40727900","45","36869721","GGAAAAATTAGCTCAGCATTGTGGTGGGTGCCAATAGTCCTAGTTACTGGGGGGGTGGAGGGTTGAGGCAGGAGCTTGAGCTCAGGAGTTTGAGGTTGCTGCGAGCAAGGCTCATGCCATGGCACACTAGCCTGGACAACAGAGTGAGAGTCTGTCTCAAA","TTTAAAAATTAGCCAGGCATGGTGGTGACCACCTGTAGTCCTAGCTATTCAGGAGGCTGAGGCAGAAAGATTGCCTGAGCTCAGGAGTTTGAGGTTACAGAGAACTCTGATCATGCCACTGCACTGCAGCCTGGGCAACAGAGTGAGACTCTGTCTCAA"
"GL873521","3858456","3858567","chr17","26390105","26390216","27","22531649","GGTTGGATGCAGTGACTCACGTTTATAATCCTAGCACTCTGGGGAGCAGAGGCAGGAGGATCCCTTGAGCTTAGGAGCAAGACCCCATCTCTACTAAAAAATGGAAAAATTA","GGCCGGATGCAGTGGCTCACGCCTGTAATCCCAGCACTTTGGGAGATGGAGGTGGGAGGATCGCTTGAGGCTAGGGGTTCGAGACCACATCTTTACAAAAAATTTAAAATTA"
"GL873521","3958462","3958555","chr3","156881552","156881648","15","152923090","GGCCAAGTGTGGTGGCTCACGCCTGTAATCCCAGCACTCTGGGAGGCTGAGGCAGAGAATCACTGGAGCGCAAGAGTTTGAGACTAGCTTGAGC","GGCCAGTTGTGGTGGCTCACACCTGTAATCCTAGCACTCTGGGAGGCTGAGGCTGGAGGATCACTTGAGCTCAGGAGTTTGAGACCAGCCTGGGCAA"
"GL873521","4004289","4004415","chr2A","53135817","53135938","36","49131528","GCCGGGCGCGGTGGCTGACACCTGTAACCGAGCACTTTGGGAGGCATCTGTAGGAGGATCGCTTGAGGCCAGGGATTGGAGACCTCCCGCCCTACAAATGATTTTAAAATAAACTGCTTATGCTGGG","GCCAGGTACAGTGGCTGACATCTGTAATCCCAGCACTTTGGGAGGCTGAAGTGGGAGGATCACTTGAGGCCTGGAGCTTGAGACCAGCCTTGTCAACATAGTGAGATTAAAAAATTAGCTGG"
"GL873521","4004664","4004811","chr5","141173286","141173416","45","137168622","CTGCTTATGCTGGAGGACCCTCACCCCACCCCACCCCCACACACACCTTGTGCTCCTGACTTGGAGACTGCAGTGAACTATGATCAGGCCGCTGCCCTCCAGCGTGAGCGACAGAGCATGACCCTGTCAAAAAAAAAAAAAAAAAAAA","CTACTTGGGAGGCTGACCCACGAGAATCACTTGAACCTGGGAGGTAGGCTGCAGTGAGCTAAGATCACACCACTGCACTCCAGCCTGGGCAACAGAGCAAGACTCTGTCTCAAAAAAAAAAAAAAAAAAAA"
"GL873521","4367979","4368038","chr4","148843957","148844014","16","144475978","GGGCCCGGATAATGGCTCTAATCCCAGCTACTTGGGAGGCTGGGGCAGAAGGATCGCTTG","GCAATGGTACATGCCTATAATCCCAGCCCTTTGGGAGGCTGAGGCAGGAGGATCACTT"
"GL873521","4416492","4416644","chr15","38442496","38442652","39","34026004","GACAAAAATTAGATGGGCGTGGGGCTGTAGTTCCAACTACTCTGGAGGCTGAGGCAGGAGGGTTGCTTCAGCCCAGGAGTTTGCGGTTGTAGTGAGCTATAATGATTCCACTGCACTATAGCATGGTGACAGAGTAAGACTGTATCTCAAAAA","TTAGCCAGATATGGTGGTGCATGCCTGTAGTCCCAGTTACTTGGGAGGCTGAGGCGGGAGGATTGCTTGAGCCCAGGAGTTTGAGGCTGTGGTGAGCTATGATTGTGCCACTGCACTCCAGCATGGGTAACAGAGCAAGACCCTATCTCTTTAAAAA"
"GL873521","4416915","4417046","chr12","122239412","122239544","30","117822497","GCCTGGTACAGTGGCTCACAGCTGTAATTCTACCACTCTGGCAGACTGAGGCAGGAGTATAGCTTGAGGTCAGGAGTTAGAGAGCAGCCTGAGCAAAAGTGAGACCCTCTATTAAAAATAGAAGAATTAGGG","GGCTGAGCACGGTGGCTCATACCTGTAATCCTAGCACTTTGGGAGGCTGAGGCGGGAGGATTGCTTGAGGCCAGGAGTTTGAGACCAGCCTGGGCAACATAGTGAGACCCCATCTCTAAAAAAAAAAAAATTA"
"GL873521","4508052","4508216","chr1","180937305","180937458","45","176429253","CGCCAAAATAGCCACGTATGGTTGTGTGCACCTATAGTCCCAGCTATTTCAGAGGCGGAGACCATAAGACCACTTGCACCCAGGAATTTGAGGATACAGCAAGCTGTGATCATGCCACTGCACTCCACTCCAAGCCACAGACTGAGGCCTTGTCTCTTAAAAAAA","GCAAGCCAGGTGTGGTGGCATTTGCCTATAGTCCCAGCTATGTCAAAGGCTGAGACAAAAGTATCACTTGAACCCAAGAGTTAGAGGTTACAGTGAGCTATGATCGCACCACTGCACTCCAGCCTAGGCAACAGAATGAGACCCTGTCTCTAAA"
"GL873521","4508241","4508340","chr4","142826785","142826889","25","138318544","CCAGGTGCCATGGCTTATGCCTGTAATCCCAGGGCTCAGCTTGAGGCAGATGATCACTTGAAGCCAGGAGTTCGAGACCAGCCTGGGTAACACAGTGAGA","GGCCAGGTGTGGTGGCTCATGCCTTTAATACCAGGGCTTTGGGAGGCTGAGGCAGGACGATCACTTGAGGCCAGGTGTTTAAGACCAGCCTGGGCAACATAGGGA"
"GL873521","4585645","4585775","chr1","22024766","22024901","32","17439121","GCTGGGCAAGGTGGCTCACGCCTGTAATCCGAGCACTCGGGGAGTCCAATAGGGGTGGATTGCCTGAGCTCAAGTTCAAGACCAACCCAAGCAAGAGTAAGACCCCATCTCTACTAAAAATAGAAAAAACA","GCCAGGTGAGGTAGCTCACGCCTGTAATCCCAGCACTTTGGGAGGCCAAGGTGGGTGGATCAACTGAGGTCAGGAGTTCAAGACCAGCCTGGCCAATATGGTAAAACCCCATCTCTACAAAAAATACAAAAATTAT"
"GL873521","4586039","4586216","chr5","162553581","162553768","45","157967542","TAATAGAAAAACTAGCCACTGGTAGGCACCCATAGTCCCAGCTACTTGGGAGACTTAGGCAAGAGAATCACTTAGCCCAAGAGTTTGAGGTTGCTGTGAGCTATGATGCCATAGCACTCTACCCACAGTGCCAGAGTGAGATTCTGTCTCAAAACAAAAAAAGAAAGAAAGAAAGAAA","AATTTAAAAATAGCCAAGTATAGTGGCATGCCTCTGTATTCCTAGCTACTTAGGAGACTGAGGCAGGAGGATCACTTGAGCCCAAGTGTGTGAGGCTGCAGTGAGCCATGATCCAGCCACTGCACTCGAGCCTGGAAGACAGAGTGAGATACTGTCTCAAAAAAAAGAAAGAAACGAAAAGAAAGAAA"
"GL873521","4615177","4615298","chr12","11845861","11845982","46","7230684","AAATATAATGAGTAGCTGGGTGTGGAGGCACGTACTTCTACACCCAGCTACATAGAAACTGTGTAGCAGGCAGGAAGATAGTTTAATTAATATAGTGAGAACCCCATTTCAAAAAGAAAGAA","AATACAAGGAAGCCAGGTGTGGTGGCATGCACCTACAGCCCGAGCTACTCGGGAAGCTTTGAACTGGAGACAAGCCTGGGCAACATAGTGAAACCCCATCTCCCTCTAAAAACAAGGAAAGA"
"GL873521","4639212","4639298","chr17","29760224","29760310","16","25121012","GGCCTGGCACAGTGGCTCATACCTATAATCCTAGCACTCTGGGAGGTGAGGTGGGGAGGATCCTTTGAGCTTAAGAGTTTGAGATCA","GGCCATGGGCAGTTGCTCACACCTATAATCCCAGCACTTTGGGAGACTGAGGTGGGAGGATCGCTTGAGCACAGGAGTTTGAGACCA"
"GL873521","4757227","4757326","chr1","32811419","32811520","26","28054192","TAAAATAAATAAATCAGCTGGCAGTGTGGTAGGCAACTGTAGCCCCAGCTACCCAGGGCTGTGGCAGGAAGGTGACTTGAGCCCAGTAGTTTGAGGTTGC","ATTAAATTAAATGGAGCCGGGCGTGGTGGTATGCACCTGTTGTCCCAGCTACTCAGGAGGCCAAGGCAGGAGGATCACTTGAGCCCAGGAGTTTGAGGATGC"
"GL873521","4757600","4757715","chrX","124471265","124471386","33","119713665","GGCTGAGCAGTGTGGCTCACGCCTGTAATCCTAGTGCTTTGGGAGGCTGAGGTGGAGTGAATTCCAGACCTGCCTGAACAAGAGAGTTTTTGTCTCTACTAAAAATATAAAAATCA","GGCTGGACACCGTGACTCACGCCTGTAATCCCAGCACTTTAGGAGGCTGAGGCAGGAGGATTGCTCAAGACTAGCCTGGCCAACATGGTGAAACCCCGTCTCCACTAAAAATACAAAAATTA"
"GL873521","4833908","4834183","chr20","5619662","5619943","68","785754","GGCCAGTGCAGTGGCTCATGCTGTAATCCCAGCCCTCTGGGAGGCTGAGGCAGGCGGATCCCCTGAGCTCAGTGGTTGGAGACCAGCCTGAGCAAAAGTGCAACCCCGGCTCTACTAAAAATAGAAAAAACATTAGCTGGGCTGGGTGGCAGCTGCCTATAGTTACAGCTAATAGGAAGGCTGAGACAGGAGGATGGTTTGAGCTCAGGAGGTTGGGGTTAAGATATGGTGACACCACTGCATGCTACCTGGGGCACAGAGCAAGACTCTTGTCTC","GGCCAGGTGCAGGGGCTGACACCTGTAGTCCCAGCACTTTGGGAGGCTGAGGCAGGAAGATCACTTAAGCCCAGGAGTTCGAGACCAGCCTGCGCAACATGGTGAAAACCCGACTCTACAAAAAATACAAAAACTAGCCAGGCATGGTGGTGCCTGCCTGTAGTCCTAGCTACTCAGAAGGCTGAGATGGGAGGATTGCTTGAGCCCAGGAGGTTGAGGTTGCAGTGAGCTGAGATGACACCGCTGCATTCCAGCTTGGGTGCCAGAGCAAGACCCTCTCTC"
"GL873521","4857882","4858053","chr13","48157593","48157767","59","43299711","GACCAACCAGAGTAAGAATAAGACCCCTGTCTCTACAAAAAAATGCCAAAATTAGCCAGGCATAGTGGCATGCACCTATAGTCCCAGCTACTATAGTTTTGAGGTTGCTGTGAGCTATGACGATGACATTGCACTCTACCCCAGGCAACACAGCAAGGCTCTGTCTCCAAAA","CCAGCCTGGACAACATAGGGAGACCCTGTCTCTACAAAAAAATTTTCAGAAAATTAGCTGGGCACCATGGCGCATTCCTATAGTCCCAGCTACTCAGGAGGCTGCAGTGAGCCATGATTGTGCCACTGTGCTCCAGCACGGGTGACAGAGCAAGACCCTGTCTCTTAAAAAAAAA"
"GL873521","4858329","4858418","chr2B","246546136","246546224","17","241687807","CAGGAGCAGGGGCTCACACCTATAATCCTAGCACTCTAGAAGGCCAAGGCTGGAGGATTACTTGAGGCCAGAAGTTCATGACCAGCCAGT","CCAGGTGCTGTGGCTCATGCCTGTAATCCCAGCACTTTGAGAGGCCTAGGCAGGAGGATTACTTGAGGCCAGAAGCTCAAGACCAGCCT"
"GL873521","4904065","4904344","chr20","3250028","3250308","77","1654037","GGCCAGGCATGGCGGCTCAGCCTATAATCTGGGAGGCCAAGGCTCAAGGAGTTTGAGACCTGCCTGAGCAAGAGCAAGACCCTGTCTCTACTAAAAATAGAAAAAACAGCCAGGTGTTGTGGCAGGCACCTGTAGGCCCAGCTACTTGAGAAACTGAGGCAGGAGGACTGCATGAGCTCAGGAGTTTGAAGTTGCTGTGAGCTAAGAAGCCACAGCATTCTAGTCTGTAGCAACAGAGTGAAACTGTCTCAAAAACAGAACAAAACAAAACAAAACAAAA","GGCCAGGTGCAGTGGCTCACACCTATAATCCTAGCACTTCAAGGCCAAGTTCGAGACCAGCCTGGGCAACATGGCAAAACCCTGTCTCTACAAAAAAAAAATAAAAATTAGCCAGGCATGGTGGCGCTCACCTGTAGCCCCAGCTTCTTGTGGGGCTGAGGCAGGAGGATTGTTTGAGCCTGGGAGACAGAGGTTGCAGTGAACCTATATCATGCCACTGCACTCCAGCCTGGGTGACAGAGTGAAACCCTGTCAAAAAAAAAAAAAAAAAAGAAAGAAAA"
"GL873521","5548943","5549231","chr4","172002891","172003185","72","166453948","GACTGGGCACAATGGCTCACGCCTATAATCCTAGCACTCTGGAAGGCCAAGGTGGGTGGATTACTTGAGCTCACAGGTTTGGGACCATCCTGAGCAAGAGTAAAACCTCATCTCTAAAAATAGCCCGGCATTGTGGTGGGTACCTTGTAGTCCCAGCTAGTTGGGAGGCTGAGGCAAGAGAATCTCTTGAGCCTAAGACTTTGAGGTTGCTGTAAGCTGTGATGCCATGGTACTCTACCGAGGGTGACATAGTAAGACTCTATCTCCAAAAAAAAGAAAGGAAAAAGAA","GGCCAGGCACAGTGGCTCATGCCTATAATCCCAGCAATTTGGGAGGCCAAGGTGGGAGGATCACTTGAGCCCAGGAGTTGGAGACCAGCCTGGGCAACATGGCAAAACTCCATCTCTACAAAAAATAGAAGCCAGGTGTGGTGGTGTGCATCTGTAGTCCCAGCTACTTGGGAGGCTGAGGTGGGAGAATCGCCTGAGCCTGGGAGGTGGAGGTTGCAGTGAGCCAAGATCATGCCACTGCACTCTAGCCTGGGTGTCAGAGTGACAACTTGTCTCAAAAAAAAAAAAAAAAGAA"
"GL873521","5616768","5616899","chr1","134480867","134480991","29","128864099","GTGGCTCTCTCCTGTAATCCCAGCACTTTGGGAGGCCAGGGGAGAGGATTGCTTAAGGCCAGGTATTTGAAACCAGCCTGGGCAACACAGAGAGATATGCCCATCTCTACCAAAAGAAAAAAATTGCTAGGA","GTGGCTCATGCCTGTAATCCCAGCACTTTGGGAGGCCAAGGAGTGAGGATTGCTTAAGTCCAGGAGTTCAAGAACAGCCTGGGAAACATAGTAAGATCCTGTCTCTACAAAAAATAAAAAATTGT"
"GL873521","5617203","5617331","chr3","201848039","201848154","42","196230836","TTAAAAGTTTGCTGGGCTTGCTGAAGTGTGCCTGTAGTCCCAGCTACTCAAGAGACTAAAGTGGGGGGGATCAACAGAGCCCAAGAGTTTTAGCCTGTTCTGAATCACTGGACCACTGCATTCCTGTCT","ATTAGCTGGGCGTGGTGGCGGCTGCCTGTAGTCCCAGCTACTCAGGAGGCTGAGGTGGGAGGATCACCTGAGCCCGGGAGGTCGAGGCTGCAGTGAGCAGTGATGACGGCACTGCA"
"GL873521","5813449","5813645","chr8","55925895","55926096","51","50112446","TCTATAAATATATAGAAATTGCCAGGCACTGTGGCTAATGCCTGTCATCCGAGCACTTTGGGAGGCTGAGGCAGGAGGATCATTTGAGCCCAGAAGTTGGAGGCTTCTATGACTGGGGTGCTGCACTACAGTGGAGGCTGGGTGAAAGAGCAAGATTCTGTCTCTAAAAAACATACAAAACAAACAAACAAACAAAA","TCTCTACAAAAAAATAAAAAACTAGCCGGGCATGGTGGCACATGCCTGTAGTCCCAGCTACTTGGGAGGCTGAGGCAAGAGGATCACTTTACCCCAGGAGGTCGGGGCTGCAGTGAGCTGTGTTCATACCACTGCACTACAGCCTGGGTGACAGAGCAAGACTCTGTCTCAACAAAACAAAACAAAACAAAACAAAACAAAA"
"GL873521","5816723","5816839","chr7","150519989","150520108","29","144703266","GGCTTACACCTGTAATCCTAGCACTTTGGGAGAGTGGGAGTATGGCTCGAACCCAAGAGTTGGGAGACCAGCATGGGAAAGAATGAGACCCTGTCTCTACAAAAATAGAAAAATTAG","TGGCTCACATCTGTAATCCCAGCACTTTGGGAGGCCAAGGTGGGAGGATTGCTTGATCCCAGGAGTTGGAGACCAGCCTGGGCAACATAGTGAGACCCTGTCTCAACAAAAATTTATTTT"
"GL873521","6392280","6392393","chr13","98865790","98865887","34","92473510","GGCATGGTGATACATGCCAGCGACTTAGGAGGAGGACCCCTTGAGCAAGTGAGCAGTGATTGTGCCACTGCACCTCCAGCCTGAGCAACAAAGTGAGACTCTGACTCTTAAAAA","CAGGGGGACCACCTGAGCCTGGGAGGTTGCAGCTGCAGAGCCGTGATTGTGCCACTGCATTCCAGCCTGGGCAACAGAGTGAGCTCCTGTCTCAAAAA"
"GL873521","6821886","6822161","chr13","35542940","35543211","71","28721054","GGCCTGGTGCAGTAGCTCAGAGCTGTAAGCCTAGCACTCTGGGAGGCAGAGGTAGGTAGATCACTTGAGACCAGGAGTTCAAGAAGACCAGACTAAGTAAGAGTGAGACCCTCACCTATGCTAAAAATAGAAAATATTAGCTGGGCATACAGTGTATGTCTGTAGTCCAGGCTACTTAGGAAGCTGAGGTAGGAGGATCACTTAAGCCCAGGAGTTTGAGGTTGCTGTGAGCTAGGCTGAGGCCATGGTACTTCAGCCTCGGCAACAGAGTGAGAC","GGCCAGATGTGGTGGCTCACACCTGTAATCCTAACACTTTGGGAGACCGAGGTGGGTGGATCACTTGAGGTCAGGAGTTCAAGACCAGCCTGGCCAACATGGTGAAACCCCATCTCTACTAAAAATACAAAAATTTGCTGGGCATGATGGTGGGCGCCAGTAGTTCCAGCTACTCAGGAGGCTGAGGCAGGAGAATCGCTTGAACCCAGGAATCAGAGGTTGCAGTGAGCCAAGATCACGCCATTGCACTGAAGCCTGGGCGACAAGAGCAA"
"GL873521","6822427","6822459","chr1","26448863","26448892","8","19626436","TCAGAGTGAGACTTTATCTCAAAGAAAAAAAAA","TGAGTAAGACCCTGTTTCAAAGAAAAAAAA"
"GL873521","6828199","6828251","chr12","8954703","8954756","17","2126504","GGGAGAGGTAGCTCAGGCCTGTAATTCTAACACTCTGGGAGGGAGGATCCCTT","GGTCAGGTATGGTGGCTCATGCCTGTAATTCTAGTACTTTGGGAGGCTGAGGTC"
"GL873521","6828640","6828791","chr2A","70191250","70191406","45","63362610","CCTTGAGCTCACAAGTTTGAGACCAGCCTGAGCAAGAGCGTGACTATCTCTACTAAAAATAGAAAACTCTGCTAGGTGTTGTGGCAGGTGCCTATAGTTCCAGCTACCTAGGAGGCTGAGGCAAGAGGATCACTTAAGCCCAGCAGTTTGAG","TCACTTGAGCCCAGGAGTTCGAGACCAGCCTGGGCAACATAGTGAGACTCAGTCACTACAAAAATAAACTTGCTGGGTGTGGTGGTGTGCACCTGTAGTTCTAGCTACTCAGGAGGCTGAGGTGGGAGGATCCCTTGAGCCTCGGAGGTGGAGGTTG"
"GL873521","6837142","6837367","chr12","104694083","104694305","59","97856941","GACTGGGTGCTATAGCTCACACCTGTAACCCTAGCACTCTCAGAGGCCAAGGTGGGTGGATTCGCTGAGCTCAGGAGTTCAAGACCAGCCTGAGCAAAATAAGACCCCATCTCTACTAAAAATAGAAAAAGAAAAACCAGCCAGGTGTGGTGCCAGGAGCCTGTAGTTCCAGCTACTCAGAGGCTAAAGTAAGAGGATTATTTGAGCAGTAAGAGTTTGTGGTTTC","GACTGAGTACGGTGGCTCACACCTGTAATCCTAGCATTTTGGGAGGTCAAAGTGGGAGGATGACTTGAGCCCAGGGGTTCAAGACCAGCCTGGGCAACAAAGTGAGACCCTGTCTCCATAAAAATTACAAAAATTAACCAGGCATGGTAGCATGTGCCTGTAGTCCCAGCTACTCGGGAAGCTGAGGCCAGAGGATTGCTTGAGCTTAAGAGGTTGAGGCTGC"
"GL873521","6837616","6837695","chr14","61332116","61332199","24","54494500","GTTTGTGGTTGCTGTGAGCTATGACATCACAGCACTCAACCCCAGGGTGACTACATACAACTCTGTCTCAGAAAAAAAAA","GGTTGAGGCTGCAGTGAGCTGTAATTGTACCACTGCACTCCAACCCAGGTGACACAGTAAGACCCTATCTCAAACAAAACAAAA"
"GL873521","7000001","7000131","chr1","35753661","35753787","41","28753660","ACAGTAATACATACTTGTAGTTCCAGCTTCTAGGCTGAGGCCAGAAGATGGCTTGAGCCCAGGACTTTGAGGTTGCAGTGAGAGATGATGATACCTCTGTACTCTAGCCCAGGTAACAGAGACTCTGTTTC","TTAGCCAGGCATACTAGCTCATGCCTGGAGGCTGAAGCAAGAGGACAGCTTGAGCCCAGGAGTTTGAGGCTGCAGGCAGCTATGATCGCACCATCGCACTCCAGCCTGGGTGACAAGACCCCATCTC"
"GL873521","7000386","7000547","chr6","44662547","44662705","42","37662161","GGGTGTGGTGGCTCTTACCTGTAATCCTAGCACTTTGGGAGGCTGGGGCAGGCAGGAAGATTGTTTGAGGCCAGGAGTTCCAGACCAGGCTTGTCAATATAGTGAGACCCCGTCCCTATAAAAAATAGAAAAATTATCTGGGCCTGGTAATGCATACTTTGG","GGCACAGTGGCTCATGCCTATAATCTCAGCACTTTGGGAGGCCAAGGTGAGAGGATCACTTGAGCCCAGGAGCTACAGACCAGCCTGGGCAACATAGAGAAAACCCATCTCTACAAAAAATACAAAAATTATCTGGGCGTGGTGATGCATGCCTGTTGT"
"GL873521","7034228","7034543","chr6","83628974","83629284","80","76594746","GGCCAGATGCAGTGGCTGACACCTGCAATTCTATAACTTTAGGAAGGTGAGAGAATTGCTTGAGGCCAGGAGTTCCAGACCAGCCTGAACAATATAGTGAGACCCCATTGCTACAAAAATTAGAAAAATTCACTGGGTGTAATGGCCAATGCCTGTATTCCCAGATAATCCAGAGGCTGATGCTGGAAGATTACTTGAGCCCAAGAATTTGAGGTGACAGTGAGCTATGATGACACCAATGCACTCTAGCTTGGGCAATAGAGTGTGACCCTATTTCCAAAAAAAGAAAGAAAGAAAGAAAGAAAAGAAAAGAAAA","GGCAGGGCATGGTGGCTCATACCTGTAATCCCAGCACTTTGGGAGTCCAAAGTGGGTGGATCGCTTGAGTCCAGGAGTTCAAGACCAGCATGGGCAATATGGTGAAACCCTATCTCTACAAAAAAATACAAAAATTAGCTGGGCATGGTGGCATGCACTTGTATCCCAGCTACTCCAGAGGCTGAGGTGGGAGGATTGCTTGAGCCCAGGAGGTTGAGGCTGCAGTGAGCCATGATCACACCACTGCACTGTAGCCTGGGCAGTAGAGCGAGACACTGTCTAAAAAAAAAAAAAAAGAAAAGAAAAGAAAA"
"GL873521","7070010","7070206","chr5","79804250","79804453","53","72734240","GGCCAGGCAAGATGGCTCATGCCTGTAATCCTAGCATTCTGGGTGGCTGAGACAGGCATATTCCCTGAACTCATGAGTTGGAGACAAGTCTGAGCCAGAGTTAGACCTCATCTCTAAAAATAGCCTGGCATTGTGGCATACACCTGTAGTCTCAGCTACTTGGGAGGCTGAGGTGAAAGAATTGCTTAAGCCCAAGA","CAGGCACTGTGGATCACACCTGTAATCCCAGCACTTTTGGAGGCTGAGGCGGGCAGATTGCTTGAGCTCAGGAGTTTGAGACCATCTTGGGCAACCTGGTAGAACCACATCTCTACAAAAAATTAGCCGGGCATCGTGGCACACGCCTGTAGTCGCAGCTATTTGGGGGGCCTCCTGAGGTGAGAGGATTGCTTGAGTCCAGGA"
"GL873521","7070300","7070404","chr10","27497894","27497990","34","20427594","GTAAGCCCAAGATTTTGAGGTTGCTGTGAGCTATAATGCCATAGCACGCTAACTGAAGCAAAGTAACTATGACAAAGTAAGACTCGGTCTCAAGAAAGAGAAAAA","CACTTGAGCCCAGGAGGTTGAGGCTGCAGTGAGCTATCATGCCACCACACTCCAGCCTGAATTACATGGCAAGACCCTGTCTCAAGAAAAAAAAAAA"
"GL873521","7099137","7099314","chr16","419989","420167","56","6679148","GGCTGGGTGCCGCGGCTCACACCTATAATCCTAGCACTCTGAGAGGCCAAGGCAGGTGGATTGCTTGAGCTCAGGCACTTGAGGCCCTCAAATAGAAAAACTAGCCCAGCCTTGTGGTGGGCCCCTGTAGTCCAGCTACTTAGGAGGCTGAGGCATGAGGATCGATTGAGCCCAAGTA","CTGGGCACCGTGGGTCATGCCTGTAATCCCAGCACTTTGGGAGGCTGAGGCAGGAGGATCACTTAAGCCCAGGTGTTCAAAAAACAAACAAAAAAACATTAGCCAGGTGTGGTGGTGCACACCTGTAGTCCCGGCTACTCAGGAGACTGAGGTGGGAGGAGCTCTTAAGACCGAGAGGT"
"GL873521","7099591","7099694","chr5","181790038","181790151","31","174690447","TGAGGCCAAGTATTTGAAGTTGCTGTGAGCTATGATGTGGCGCTCTACCAAGGTTGATAAAGTGAGACTCTGTCTCAAAAACAAACAAACAAACAAAAAAGCAA","TTGCTTGAGCCCAGGAGGTGGAGGTTTCAGTGAGCCAAGATCGTGCCACTGCACTCCAGCCTGGGTGACAAAGTGAGACCCTGTCTCAAAAACAAACTAACAAACAAAAAACAA"
"GL873521","7182117","7182284","chr17","14741482","14741644","46","7559365","AATTAGCCAGGCATCATAGCACATGCCTATAGTCCCAACTATTCAGGAGCCTCAGGGCCAGGAGGATCCCTTGAATATAGGAGTTTGGGGTTACTGTGAGCTATAATGATACCACCCACTGCACTTTAGTCTGGGTGACAGTGAGACCCCGGCTCAGGGGGAAAAAAA","AATTAGCCAGGCATGGTGGCACATGCCTATAGTTCCAGCACTTTGGGAGGCTAAGGCAGGAGGATTGCTTGAGCCCAGGAGTTTGAAGTTACAGTAAGCTATGATCATGCCATTGCACTCTAGCCTGGGCAACAGAGTGAGACCTTGTCTCTAAAAAAAAAAA"
"GL873521","7182549","7182656","chr11","75656969","75657073","28","68474420","AACCCCAGCACTTTGGGAGGCCAAAGCAGGAGGATCATTTGAGGCCTAGGAGTTGGAAAGCAGGCAGAACAAGAGTGAGACTATCTTCATAAAAATACAGAAAAATTA","CCAGCACTTTGGGAGGCCAAGGCAAAAGGATCACTTGAGCCCAGGAGTTTGAACCAACCTAAGCAACAGAGTGAGACCCTGTGTCTACAAAATATTAAAAAATTA"
"GL873521","7224398","7224414","chr1","153358526","153358539","3","146134128","AAAAAAGAAAGTAAAAA","AAAAAAAAAAAAAA"
"GL873521","7224442","7224704","chr16","23925003","23925279","73","16700561","GTGTGATGGCTCATGCCCATAATCCTAGTACTTTGGGAAGCTTAGGCAGGAAGATTGCTGGAGGTCAGGAGTTCAAGACCCACCTGAGCAAGAATGAGACCCCCGTATCTACAAAAAATAGAAACATTAGCTGGGTGTGTTGGTGTATGTCTGCAGTACCAACTACTAGAGAGTTTGAGGCAGGAGGATCGTGTAAGCCCAGGAATTTGAGGTTGCAGTGAGCCACCACTGCACTCTACCCTGGGAGGCAGATCAAGACTGTG","GGCTGAGCGCGGTAGCTCATGCCTATAATCCCAGCACTTTGGGAGGCTGAGGCAGGTGGATTACTTGAGCTCAGGAGTTCGAGACCAACCTGGGCAACACGGTGAAACCCCTTCTCTACAAAAAACACAAGAATTAGCAGGGCATGGTGGTGTGCACCCGAAGTCCCAGCTACTCAAGAGGCTGAGGTGGGAGGATGGCATAAGCCCAGGAAGTGGAGGTTGCAGTGAGCCAAGATCATGCCACTGCACTCCAGCCTGGGTGACAGCAAGACTGTCT"
"GL873521","7244822","7245115","chr16","74165797","74166100","72","66920975","GGCCGGGCTCAGTGGCTCTATAATCCTGGCACTCTGGGAGGTCAAGGTGGGTGGATTGCTTGAGCGCAGGAGTTTGAGACCAGCCTGAGCAAGAGTGAAACCCCGTCTCTAAAAATAGCCAGGTGCTGTGGTGAGCCCCTATAGTCCCAGCTACTCAGGAGGCTGAGGCCAGAGAATCGCTTAAGCCCAGAAGTTGGAGGTTGCTGTGAGCCGTGATACCATAATTCTTTAACAAGGGTGACAGAGTGAGACTCTGTCTCAAAAAAACAAACATACAAACAAAAAAAAAAAAAA","GGCTGGGCACAGTGGCTCATGCTTATAATTCCAGCACTTTGGGAGGCCAAGGTGGGTGGATCACTTGAGCCCAGGAGTTCGAGACCAGCCTGGGCAACATGGTGAAACTCTGTCTCTACAAAAAATTAGCTGGGTGTGGTGGCTCGTGCCTGCAGTCCCAGCTACTCAGGAGGCTGAGGTGAGAGGATCAATGGAGCCCAGGAGGTGGAAGTTGCAGTGAGCCAGATCACACCACTGTACTCTCCAGCCTGGGTGACAGAGCAAGACCCTGTCTCAAAAACAAACAAACAAACAAACAAACAAA"
"GL873521","7391188","7391475","chr8","106723939","106724236","70","99332751","GGCATGGTGGCTCACACCTATAATCCTAGCACTCTGGGAGGACAAGGTGGGAGGATCCCTTGCACTCAGAAGTTCAAGACCAGCCTGAGAGAGAATAGGACCCCATCTCTACTAAAAATAGAAAAATTACCTGGGCATTGTGGTTGGTGCCTGTAGTCCCAGCTTCTTGGGAGGGTGAGGCAGGGGCATCACGTGAGCCCAGGAATTTGAGGTTACAGTTAGCTGTTTTGTCACAGCCATCTACCCAGGGCAACAGAGTGAGACTCTATCTCAAAAAGAAAAAAAGAG","GGTGCTGTGGCTCAAGCCTATAGTCCCAGCACTTTGGGAGGACAAGGTGGGAGGATCACTTGAGCCCAGCAGTTCAAGACCAGCCTGAGCAACATGATAAGACCCCATCTCTACAAAAAATTAGAAAAATTAGCCAGGCATGGTGATGTATGCCTGTGGTCCTAGCTACTTGGGAGGCTGAGGCAGGAGGATCCCTTGAGCCCAGGAGGTCAAGGTTGCAGTGAGCCATGGTTGTACCACTGTACCCCAGCCTGGGTTACACAGTGAGATCCTATCTCAAAAAAAAAAAAAAAAAAAA"
"GL873521","7391570","7391585","chr17","38661961","38661976","2","31270391","GAAAAAAAAAAGAGAA","GAAAAGAAAAAAGAAA"
"GL873521","7411261","7411442","chr4","57296207","57296386","41","49884946","AGAAAGAAAGAAAAAAAATTAGTCAAGAATGGTGGCATGCACCTATATTCCCAGCTACTCAAGAGACTGAAGCAGGAGGATTACTTGAGCTCAGGAGTTGGGGGCTGCAGTAAGCTTTGACTATACTAATGCACTCCAGCCTGGGTGACAGAGCGAGACCCTGTTTCAAAAAAGAAAAAAAA","AAAAAAGAAAAATTAGCCAGGCATGGTGGCATGTGCCTGCAGTCCCAGCTACTCAGGAGACTGAGGTGGGAGGATTGCTTGAGCCAGGGAGATTGGGGCTGCAGTGAGCTGTGATATCATGCCACTGTACTCCAGCCTAGGCCGCAGAGTGAGACCCTGTCTCAAAACAAAAACAAAAAA"
"GL873521","7411723","7411845","chr16","11721596","11721721","28","4309873","GGCTGGGTGCAGTGATCCTAGCCTTTTGGGAGGCTGAGGCAGGAGGACTGATTGAGGCCATGAATTTGAGACCAGCCTGAGCAAGAGTGAGACCTTGTCTCTGCAAAAAATAGGAAAATTAGT","GGCTGGATGCGGTGGCTCATGCCTTTTGGGGAGGCTAAGGCAGGAGGATTGCTGGAGCCCAGGAATTAAAGACCAGCCTGGGCAACATAGTGAGACCTCGTCTCTACAAAATTAAAAATTAAGTTT"
"GL873521","7473204","7473396","chrX","14950093","14950281","51","7476889","CAAAAAAAAAACCTTAGCCAGGTATGGCAGCACAGATTTGTCATCCCAACTACTCAAGAAGCTAAGGTGAGAAGATCACCTGAGCACAGGAGTCTGAGGTTATAGTGAGCTGTGACTGGGCCATTCACTACATTCCAGCCTATGCTATAGAGTAAGACCCTGTCAAAAGAAAAAAAAAGAGAGAGAGAGAAAA","TCAATAAATAAAAATTAGCCAGGCATGGTAGCACATGCCTGTCGTCCCAGTTACTCAGGAGGCTGAGGTGGGAGGCTCACCTGAGCCCAGGCATTGAAGGCTGCAGTGAGCTATGATCACAACACTGCATTCCAGCCTGGGTGACAGAGCAAGACCCTGCCTCAAAATAAAATAAAGAAAGAAAGAAAA"
"GL873521","7473423","7473542","chr14","57739259","57739375","24","50265836","CTGGGCACAGTGTTCATGCCTGTAATTTGAGCACTTTGGGAGGCCAAGGCTAGAGGATCACTTGAGGCCAGGAGTTTGAAACCAGCCTCAGTAACACAGAGAACCCTCATCTCTATTTAA","CTGGGTACATTGGCTCAAGCCAGTAATCCCAGCACTTTGGGAGGCCAAAGCAGGAGGATCACTTGAGGCCAGGAGTTTGAGACCAGCCTGGGTAACATGAGACCCTGTTTCTACAAA"
"GL873521","7573100","7573248","chr5","35112160","35112317","42","27539060","AGCCAGATGTGGTCTATAGTCCACAGCTACTTAGAGGCTGAGGCAAAGGGATCACTTGAGCCCGAGAGTTCAGGGCTGTGGTGCACAATGATCATGTCTGTGAATAGCCACTGCACTTCAGCCTAGGCAACATAGCAAGACCCTATCTC","AGCCTGGTGTAGTGGCACATGCCTATAGTGTCAGCTACTGGAGAGGTTGAGGCAGCAGGATTGCTTGAGTCCAGCAGTTCAAGGCTGTAGTGCACGATGATGGTGCCTGTGAATAGATACTGTGCTTTAGCATGGGCAACACAGCAAGACTCTGTCTG"
"GL873521","7601934","7602029","chr5","155700261","155700353","20","148098327","GGCTGAGCCCAGAGGCTCATGCCTGTAATTCTAGCACTCTGGGAGGCTGAGGCAGGTGGAGTGCTTGAGCTCAGGAGTTAAAAAAATCCAGTTTGA","GGCCGGGCACAGTGGCTCATGCCTATAATCCCAGCACTTTGGGAAGCTGAGGCAGGAGGATTGCTTAAGCCCAGGAGTTCAAGACCAGTCTTG"
"GL873521","7602314","7602531","chr2A","29137649","29137868","57","21535335","GACCAGTGTGAGCAAGGGCAAGACTCTGTCTCTACTAAAAATAGAGAAACTAGCTGAGCATTGTGGTGGGTGCCTAAAGTCTCAGCTGCTCAGGAGGATAAGGCAGGAAGATCTCCTGAGCCCAGGAGTTTGAGGTTGATGTGAGCTATGATGATATCGCATTCTAACCAGGTAACAGAGTGAGGCTTTGTCTCAAAAAAAAAAAAAAAAAAGAAAAA","CAGCCTGGTCAACATAGGGAAACTCTGTCTCTACAAAAAGTTAAAAAATTAGCTGAGCATGGTGGCACATGCCTGTAGTCTCAGCTACTCAGGAGGCTGAGGCAGGAGGGTCACTTGAGCCTGGGAGGCTGAGGCTGCAGTGAGCTGTGATCATGCTATTGCACTCCAGCCTGGGAGACAGAGTGAGATCCTGTCTCCAAAAATAAAAAATAAAAATAAA"
"GL873521","7608283","7608358","chr9","32411376","32411450","22","24803093","AGGCTGAGGAGGAAAGATTACTTGAGCCCCAAAATCTAGCCTTGGTGACATAGTGAAACTCTGTCTAAAAAAAATA","AGGTGGGAAGAGTACTTGAGGCCAGGAATTCAAATCTAGCCTGGGCAACATAGTGAAACCCTGCCTTAAAAAAAA"
"GL873521","7633232","7633420","chr7","4237351","4237553","52","3395881","GTGGTGGCTCATGCCTGTAATCGTAACACTCTGGGAGGCTGAGGTGGGTAGATTGCTTCAGCTTAGGAGTTCGGGACCAACCAAAGCAAGAATGAGACCCCCTCTCTACTAAAAACAGAAAGACTAGCCAGGCATTGTAGCAGGTCCTGTAGTCGCTACTCAGGAGGCTGAAGCAGGAGGATCACTTAA","GGTCAGGCATGGTGGCTCATGCCTGTAATCCCAGCACTTTGGGAGGCCGAGGTGGGCAGATTGCTTGAACTCAGGAGTTGAAGACTAGCCTGGGCAACACGGCAAAACCCCATCTCTACTAAAACTACAAAAACTAACTGGGCATGGTGGCACGCGCCTGTAGTCCCAGCTACTGGGGAGGCTGAGGTAGGAGGATCACTTGA"
"GL873521","7636438","7636492","chr5","38545852","38545906","11","30909414","ATTCAAGCCTGGGTGACAGAGTGAGACACTATCTAAGAACAATAAATAAATAAAA","ATTCCAGCCTGAGTGACAGAGTGAAACCCTGTCTCAAAACAAAAACAAAAACAAA"
"GL873521","7696982","7697091","chr9","129918441","129918551","24","122221459","TAATCCTAGCACTCTGGGAGGCCAAGGTAAGTGGATTGCTTGAGCTCAGGAGTTCAAGAGCAGCCTGAGCAAGAACAAGACCCCAACTCTATTAAAAATAGAAAAAAGCA","TAATTCCAGCACTTTGGGAGACTGAGGCAGGAGGATTGCTTGAGCTCAGGAGTTCGAGACCAGCCTGGGCAACATATTGAGTCCTCATCTCTATTAAAAATTAAAAAAATA"
"GL873521","7697336","7697489","chr7","132712253","132712405","44","125014917","GTAGAAAAAAGGCCAGCTGGGCATAGTGGTACATGCTTGTAGTCCCAGCTACTTGGAGACTAAGGTAAGAGGACTGCTTAAGTCCAAGAGCTTAAGGTTGCTGTGAGCTATGACACCACAGGGTGATAAGAGTGAGACTGTCTCCAAAAAAAAA","GAATTAAATAAAAATTAGCAGGGCATGGTGGCATGTGCCTGTAGTGCCAGCTACTTGGGAGGCTGACGCCAGAGGATTACTTGAGCCCAGGAGTTGGAGGTTACAGTGATCATGCCACTGCATGACAGAGTGAGACCCTGTCTCAAAAAAAAA"
"GL873521","7750582","7750651","chr7","149337669","149337736","11","141587087","GCTGGGTAAGAGTGGCTCATACCTATAATCCCAGCACTTTTGGGAGGCTGAAACAGGAGGATCACTTGAG","GCTGGGCACAGTGGCTCACACCTGTAATCCCAGCACTTTGGGATGCTGAGGCAGGAGGATCATTGGAG"
"GL873521","7784733","7784858","chr3","160952502","160952627","25","153167769","GGCCGGGCATTGATGGCTTCTACCTGTAATCCCAGCACTTTTGGAGGCTGAGGTGGGAGGTTTCATTGAGATCAGGAGTTTGAGACCAACTTGGGCAACAGTGAGACCCTGCCTTAAAAAAAAAAA","GGCCAGGCATGGTGGCTCACACCTGTAATCCCAGCACTTTGGGAAGCTAAGGTGGGAGGATCGCTTGAGCACAGAAATTTGAGACCAGCTTGGGCAACATAGAGATCCTGTCTCTATTAAAAAAAA"
"GL873521","7784884","7785052","chr16","1604263","1604439","38","6180621","AATTAGGCAGGCATGGTGGCACTTGTCCCAGCTACTTGGAAGGCTGAAGGAGGAGGATCACTTGAGCCCAGGAGTTAGAGGTTGCTGTGAGCTTTGATGCCACTGTACTCTAACCTGGGCAACAGAGTGAGATGTGCCTCAAAAACAAACAAACAAACAAAACCAAAAA","AATTAGCCAGGCATGGTGATTGGCACCTGTGGTCCCAGCTACTTGGGAGGCTGAGGCAGGAGGATGAATTGACCCCAGGAGTTTGAGGCTGCAGTGAGCTATGATGGCACCACTGCACTCTAGCCTGGGCGACAGGATGAGATCTGTAAAAAAATAAATAAAAATGAAAATAAAAAA"
"GL873521","7870707","7870997","chrX","70230306","70230599","61","62359599","GCTGGGCACAGCAGCTCACACCTGAAATCCCAGTACCCTGGAAGGGTGAGGATGGAGGATCACTTGTGGTCAGGAGTTCAAAAACAGCCTAAGCAAGAGTGAATCGCCATCTCTATTAAAAATAGAGAAATTAGCCAGGTGTGGTGGCATTTGCCTGTAGTCCCAGCCACTTGGGAGGCTGAGGCAGGAGGATCATTAGAACCCAGAAGGTGGAGGTTGCAATGAGCAGTAATGACACCACTGCACTCCAGCCTGGGTGACAGAGCAAGTCTCTGTTTCAAAAAAAAAAAA","GGCCAGGTACAGTGGCTCACACCTGTAATCCCAGCACACTGGGAGGCAGAGGCGGGCAGATCATTTGAGCTCAGGAGTTCAAGAGCAGCCTGGGCAACATGGTGAAATCCCATCTCTACAAAAAATAGAAAAATTAGCCGAGTGTGGTGGCACTCCTCTGTAGTCCCAGCTACTTGGAAGACTGAGATGGGAGGATCATTTGAGCCCAGGAGGCGGAGGTTGCAGTGAGCTGAGATTGCACCACTGCCCTCCAGCCTGGGCAACAGAGCAGGACCCTATCTCAAAAAAAAAAAA"
"GL873521","8041789","8041920","chr12","80555695","80555826","29","72513906","GTGGTGGCTCATGCGGATTATCCCAGTACTTTGGGGAGGTTGAGGCAGGAGGATTGCTTGAGCCCAGGAATTTGAGACCAGCCTGAGCAACATAGTAAGACTCTATACAAAAAAATAGAAAAATTAGCCTGG","GTGGCTCATGCCTGTAATCCCAACACTTTGGGAGGCTGAAGCAGAAGGATTGCTTGAACCAGGAGTTTGAGACCAGCCTGGGCAACATAGTGAGACTATCTCCACAAAAATAAATAAAAAATTAGCTGGGCA"
"GL873521","8042182","8042375","chr4","7236991","7237179","49","805191","GGTAAAAAAGAAAAAGAAAAATTAGCCAGGAGCACTAGCTTACGGCTTGTAGTCCTAGCTACTCAGGAGGCTGAGGTAGGGGAATTGCTGGAGTCCAGGAGTTTGAAGCCACAGAGAGCAAAGACCACACCACTGTACTCCAGCCTAGGCAATAGAACAAGACCCTGTCTCTGAAAAAAATAAATAAAAATAAA","TAAAAAAAATACTTAAAATTAGCCAGGCGTGGTGGCACACACCTGTGGCCCCAGCTACTCAGGAGGCTGTTGTAGGAGGATCCCTTGAATCCAGGAGGTCAAGGCTGCAGTAAGCCAAGATCACGCCACTGCATTCCAGCCTAGGCAACAGAGCAAGATCCTGTCTCTTAAAAAAAAAAAAAAAAAGAA"
"GL873521","8067082","8067383","chr20","31024244","31024552","81","22957162","GGCCAGGTGTAGAGGCTCACACTTATAAGCCCAGCACCCTGAGAGGCCGAAGTGGGTGAACTGCTTGAGCTCAGGAGTTCAAGAGTAGCCTGAGCAATAGTGAGAGCCGATTTCTACTAAAAACAGAAAACCTAGCCAGGCACTGTGGTGGCGTCTATAGTCCCAGGTACTCGGGAGGCTGAGGCAGGAGGATTGCTCAATCCTAAACTTTGAGGTTGCTGTGGGCAATAATGCCATATCTCTACCCAGGGGAAAAGAATGAGACTCTGTCTAAATAAATAAATAAATAAAATAAAAACAAA","GGCCAGGCACAGTGGCTCACACCTGTAATCCCAGCACTTTGGGAGGCCGAGGTGGTGGACTGCTTGAGCTCAGGAGTTCAAGACCAGTCTGGGCAACATGGCAAAACCTTGTCCCTACAAATAATACAAAAATTAGCCAGGTGCGGTGGCATGTGCCTGTAGTCCCAGCCACTTGGGAGGCTGAAGTGGGAGGATTGCTTGATCCTGGGAGGTAGAGGCTGCAGTGAGCCATAATTGTGCCACTGCACTCCAGCCTGGGCAACAGAGTGAGACCCTATCTCAAAAATAAATAAATAAATATAAAGAAAA"
"GL873521","8204885","8205108","chr10","14099107","14099324","63","5894222","CGAATTCGAAACCAGCCTGAATAAGAGTGAGATCCGTCTCTAATGAAAAGAGAAAAACTAGCAGGTTTTGTGGTGGGTGCCTTTAGTCTCAAGCTACTTGGGAGCCTGAGGCAGGAGGATCACTTAAGCCCAGGAGTTTGAGGTTGCTGTGAGCTATGATAACATTAGGGCATTCTAGCCTGGGAAACCGAGTGAGACTCTGTCTTAGAGAAATAAAAAATAAA","AGACCAGCCTGGGCAACATGACAAGATCCCGTCTCTACAAAAAATACAAAAATTAGCAGCGTGTGGTGGGGTGTGCCTGTAGTCCCAGTTACTTAGGAGGCTGAGGCAGGAAGATCACTTGAGCCCAGGACGGGGAGGTTACAGTGAGCCGTGATCACACCACCACACTCCAGCCTGGGTGACAGAGTGAAACTCTGTCTCTATAACAAACAAACAAA"
"GL873521","8205374","8205463","chr18","31130683","31130770","22","22925309","GCCGGACATGGTGGCTCATGTCCCTCCTGTAACCCTAGCACTCTGGGAGGCTTTGGCCTAAGGATTTGAGCTCAAGAGTTTAAGACCAGG","GGCCAGGCATGGTGGCTCACACCTGTAATCCTAGCACTTTGGGAGGCTAAGACCAGAGGATAATTAAGCTCAGGAGTTCAAGACCAGC"
"GL873521","8530940","8531225","chr4","131255414","131255698","71","122724474","GTCAGGTGTGATGGCTCGTCCTGTAATCCCAACACTCTGGGAGGCTGAGGCTGGTGGTTTGCTTGAGCTCAGGAGTTCTGAGACCATCCTGAGGTAAGAGTGAGACCCCATCTCTACTAAAATTAGAAAAAAAATTACCCAGGTGTAGCGGTGATGCCTGTAGTCCTAGCTACTTGGGAGGCTGAGGCAAGAGGATTGCTCAAGCCTGAGAATTTGAGGTTGCTGTGAGCTATGACTCCATCGCACTCAACCCCAGGGTGACTGAGTGTGATTGTCTGAAAAAGAA","GGCAGGACACGGTGGCTCACACCTGTAATCCCAACACTTTGGGAGGCTGAGGCAGGTGGATCACTTGAGCTCAGGAGTTGAGACCAGCCTGGGCAACATGGTGAAACCCCATCTCTACTAAAAATACAAAAATTAGCCAGGCATGGTTGTGGATGTCTGTGGTCCCAACTACTTGGGGGGCTGAGGCAGCAGGATTGCTTAAGCCTGGTAATTTGAGGCTGCAGTGAGCCATGTTCTTGCCAGTGCTCCAGCCTGGGTGACAAAGCAAGACCCTGTCTCAAAAAA"
"GL873521","9138426","9138710","chr17","16672309","16672598","64","7533883","GGTGGCTCATGTCTGTAATCCGAGCACTCTGGGAGGCTAAAGTGGAAGGATCACTTGAGCTCAGGAGTTTGAGACTAGCCTGAGCAAAAGTGAGAACAATGTCTCTATTAAAAATAGAAAATTAGCCAGGTGTTATGATAGGTGCCTGTAGTCCCAGCTATTCAGGAAGGCCAGGAAGGAGGATCCCTTGAGCTGGGGAGTTTGAGGTTGCTGTGAGCTGTGATGACACCATGGCACTCTACCCATGATGACAGAGTAAGACTGTCTCTAAAGGGAGAAAAAAAA","GTGGCTCACACCTGTAATCTCAGCACTTTGGGAGGCTGAGGCGGGAGGATCACTTGAGCCCAGGAGTTTGAGACCAGCCTGAGCAACATAGTAGGCTCCTGTCTCTACAAAAAAATACAAAAATTAGCTGGTACTGGTGGCATGTGCCTGTAGTCCCAGCTACTCAGGAGGCTAAGGCAGGAGAATCGCTTGAGCCCAGGAGGTTGAGGCTGCTATGAGCTGTGATGGCACCACTGCACTCCAGCCTGGGTGACAGAGTGAGACCTGGTCTCAAAAAGAAAAAAAAAAAA"
"GL873521","9337001","9337128","chr7","153795408","153795531","29","144458407","CTGGGCTCAGTGGCTCATGCTTGCAAGCCCAGCACTCTGGGAGGCCAAGGCAGGTGGATTGCTCGAGTTCAGGAATTTCAGACCAGTCTAAGAAAGAGTGAGAGCCCATCTGTACTAAAAATAGAAAC","CTGGGCACAGTGGCTCACGCCTGTAATCCTAGCACTTTGGGAGTCCAAGGCAGGAGGATGCTTGAGTCCAGGAGTTCAAGACCAGCCTGAGCAATATAGTGAGACCCCCATCTCTACAAAAAAA"
"GL873521","9337149","9337320","chrX","5183862","5184037","43","4153287","TAAAATACTAGCTGGGCATTGCGATGGGTGCCTGTAATTCCAGCTACTCAGGAGGCTGAAGCAAAAGGATCACTTGGGCCCAAGAGTTTGCGGTTGCTGTGAGCTGTGATTACACCACAGCACTCTCCCCAGGCAGAGAGAGACTCTGTCTTTAAAAACAAACAAACAAAAA","ATAAAAATATTAGCTGGGCATGCTGGTACATGCCTGTAGTCCCAGCTACTCAGGAGGCTGAGGCCTGAGGATCACTTGAGCCCAGGAGTTCCAGGTTGCAGTGAGCCGTGATTGCACCATTGCACTCCAGCCTGGGCCACAGGGCTAGACCCTGCTCAAAAGAAAACAAAAAAGAA"
"GL873521","9671716","9671832","chr6","38551166","38551279","31","28879450","GGCTAGGCAGGGAGGCTCAAAACTAAAATTTTAGCACTCTGAGAGCCCAAGGTGGGAGAATTGCTTGACCTCGGGTGTTTGAGACCAGTCTGAGCAAGAGTAACATCACATCTCTAC","GGCTAGGCGTAGGGGCTCAAACCTGTAATTCCAGCACTTTGGGAGGTCAAGGTGGGAGGATTACCTGAGGCCAGGAGTTTGAGACCAGCCTGAGCAACAGTGAGACTTTGTCTC"
"GL873521","9671895","9672063","chrX","24568892","24569057","39","14896997","TAATTAGCCAGGCATAGAGGTGGTATACACCTGTAGTCCCAGCTACTCTGGAGGCTAAGTCAGAAGGACTGGTTGAACCCAGGAGTCTGAGGTTGCTGTGACTAGGCTGATGCCACAGAACTCTAGCCTGATCAACAGAGTGAGACTCTGCCTCAAAATAAAAAAGGAA","AAATTAGCTAGGCATGGTGGCATGCAACTATAGTCCCAACTACTCAGGAGGCTGAGGCCGGAGGATGGTTTGAGCCCAGGAGGTGGAGGTTGCAGTGAGCCAAGATCACACCACTGCACTCCAGCCTGGGCAACAGAGTGAGACCCTGTCTCAAAAAAAAAAAAAA"
"GL873521","9699009","9699116","chr16","57943722","57943822","32","48244713","TCTGAGACACTCGGGAGGCTGAGCCTAGGAGTTTGAGGTGACAGTAAGCTAAGTTGATGTCACTGCATTCCATCCTAGGCAACAAAGCAAGATCTTATCTCTAAAAGA","GGAGGATTGCATGAGCCCAGGAGGTTGAGGCTGCAGTGAGCCAAGATCGTGCCACTGCACGTCAGCCTGGGCAACAAAGCAAGACTCTATCTCAAAAAAAA"
"GL873521","9699330","9699522","chr6","3030697","3030873","65","6668633","GGCTGCATGTGGTGGCTCGTGACTGTAATTTCACCACTTCAAAAGGCTGAGGCAGAGGAGTCACCTGGGGCCCAGAAAGTCACCCTTAAAGTCCAGCCTGAGTAACACAGTGAGACCCAAGATCCCAACTCCACAAAAGAAAAAAGAAGGGAAAGGAAAGAAAAGAAGAGTGGTGTGTGGTGACCTCCTAGAC","GGCCAGGCATGGTGGCTCTCCCCTGTAATCCCAGCACTTTGGGAGGCCAAGGCAGAAGGATCGCTTGAGCCCAGGAGTTTTAAGACCAGCCTGAGCAACACAGAGAGACCAGATCCCACTTCCACAAAAAAAAAAAAAAAATATTTGCCAGGCGTGATGGTGCATGCCTGTAGTCCC"
"GL873521","9879625","9879892","chr2A","20521665","20521953","79","10642040","GGGTGGGCACTGTGGCTCAGGCCTCCTAGCACTCTGGGAGGCCGAGCTGGGTGGATGACTTGAGCTCATGAGTTTGAGACCAGACTGAGCAAGAGCAAGCCCCATTTTTAAAAATAGCCAAGTGTCATGGTGGGCATCTATAGTCCCAGCCAGTTGGCAGGCTGAGGAAGAAGGCTTACTTGAGCTCAAGAGGTAGCTGTGAGCTGTGATGCCATGGCACTCTACCCAGGACAACAAAGTAAGACTGTCTCCAAAAAAAAGAAAAAAA","GGCTGGGCACAGTGGCTCACGCCTGTAATCCCAGCACTGTGGGGAGGTCAAGTTGGGTGGATTGCTTGAGCCCAGGAGTTTGAGACCAGCCTAAGCAATAGGCAAAACCCTGTCTCTACAAAAATCAGCCAGGTATGGTAGTGCGTACCTGTAGTCCCAGCTACTCAGGAGGCTGAGGTGGGAGGATCACTTGAGCCTGGGAGGTGAAGGCTGAAATTAGCCATGATCATGCCACTGCACCCCAAGCCTGGGCAACAGAGCAAGACCTTGTCTCAAAAAAAAAAAAAAA"
"GL873521","10097455","10097754","chr11","114714719","114715027","67","104617264","GGCCTGGGTGTGGTGGCTCACACCTTAATCCTAGCACTCTGGGACGATGAGGCAGGTTTGCTTGACCTCAGGAGTTTGAGAGCAGCCTGAACAAGAGTGAAACTCTGTCTCTACTAAAAACAGAAAAACTAGCCTAGTGTAGTGGTGCACCCCTGTAGTCCCAGCTGCTCAGGAGGCTGAGGCAAGAGGATCACTTGAGCCCAAGAGATTGAGGTTACTGTGAGCTGTGAGGCTGTGTTACTCTACCCAGGGCAAGAGAGTGAAGCCATCTCAAAAAAAAAAAAAAAAAAAAAAAAAAAA","GGCCAGGTGTGGTGGCTCACACCTGTAATCCCAGCACTTTGGGAGGCTGAGACAGGTGGATTGCTTGAGCCTAGGAGTTCGAGACCAGCCTGGCAACATGGCGAAACCTTGTCTCTACAAAAAATACAAAAATTAGCCAAGTGTGGTGGTGCACACCTGTGGTCCAAGCTACTCGAGAGACTGAGGTGGGAGGATTGCTTGAGCCCAGGAGGTTGAGGCTGGGGTGAGTTGAGATCATGCCACTGCATTCCAGCCTGGGCAACAGAGGAAGACCCTGTCTCAAAAAAAAAAAAAAAAAAAAAAAAAAAA"
"GL873521","10225742","10225927","chr15","49930173","49930354","59","39704431","TGGCTTACACCTGTAATCCTAGCACTTTGGGAGGCCACAGCAGATGGCTGCTTGAGCTCAGGAGTTCAAGCCTAGCCTAAGCAAGCCAGAACCATTGCCACTAAAAACAAAAAAAATAGCTGGAGTTGTGGGCACCTGTAGTTAGTTCCAGCTACTTAGGAGGCTGAGGAAAAAGGATGGCTTGAT","GCCTGTAATCCCAGCACTTTGCGAGGCCGAGGCCAGGCAGATCACTTGAGCCCAGCAGTTCAAGACCAGCCTGGGCAACATGGCAAAACTCCTTCTCAACAAAATACATAAAAATTAGCTGGGTGTGGTGGCATGTACTTTCAGTCCCAGCTACTCAGGAGGCTGAAGCAGGAGGATCATTT"
"GL873521","10226192","10226278","chr4","154285033","154285123","27","144058841","GAGGATGGCTTGAGCCCAAGAGTTTGAGGTTGCTATGAACTATGATGTCATGGCACTCTATCCCTGGCCACAGAATCAGACTCTGTC","GGAGGATCACTTGAGCCCAGGTGGTTGAGGCTGCAGTGAGCTGTGTTTATACCACCACACTCCAGCCTGGGCCGCAGAGTGAGACTTTGTC"
"GL873521","10399308","10399475","chr9","96945917","96946089","50","86546609","GGCCAGGTATGGTAGCTCACACCTGTAATCCTTGTACTCTGGGAGGCTTAGGAGCAAAGATCACCTAAGTGTAGGCATCTGAGACCAGTTTGAGCAAGTGAAACCCCATATTTACTAAAATTAGAAAAATTAGCTAAATGTTGTGGCAGGAACCTATCGTCCTAGCTA","GCCGGGTACAGTGGCTCACACCTGTAATCCCAGTACTTTGGAAGGCCAAGGCCAGAGGATTACTTAAGGCCAAGAGTTTGAGACCAGTCTGGGCAACATGGTGAAACCCCATCTGTACAAAAAATACAAAAATTAGCTGGGCATGAGGGCATTTGCCTGTGGTCCTAGCTACT"
"GL873521","10449464","10449583","chrX","134402652","134402771","17","123953188","GGCCAGAGGTGGTAGTTCATGCCTATAATCCCAGCAATTTGGGAGGCTGAGGGGGGAGGATAGCTTGAGGCCAGGAGTTTGACCCCTGCCTAGGCAACATAGTGAGACCCTATCTCTACT","GGCCAGATGTAGTGGCTCATGCCTGTAATCCCAGCACTTTGGGAGGCTGAGGTGGGAGGATCACTTGAGCCCAGGAGTTTGAGACCAGCCTGGGCAACATAGCAAGACCCTGTCTCTACT"
"GL873521","10449618","10449745","chr1","23164480","23164594","46","12714862","CCAACCATAATCGAGCACCTACAGTTCTAGCTACTCCGCAATCTCAGGCAGGGGAAGATTGCTTGAGTCTAGGAGTTCAGGGTAAGCTACTGCCCTTCAGCCTGGGAAACAGAGGAAGACCTTGTCTC","GGCCAGGCACAGTGGTGCCTACCTACAATCCCAGCACTTTGGAAGGCTGAGGCAGGAGGATCGTTTGAGGCCAGGAGTTCAAGATCAGCCTGGGTAACATATCAAGACCTGTCTC"
"GL873521","10796827","10797050","chr7","39187608","39187844","67","28390781","ACTCTGGGAGGCCAAGACAGGTGGATTGCTTAAGCTCAGGAGTTGGAGACCAGCCTAAGCAAGAGTGAGACCTCGTCTCTAAAAATATCTGGGCATTGGTTGGGCACCTGTAGTCCCAGCTACTCAGGAGGCTGAGGCAATAGGATTGCTTGAGCCTAAGGATTCCTGTGAGCTATGATCCCACAGCACTTTACCAAAGGTGACAAAGTGAGACTCTATCTCAA","CACTTTGGGAAGCCAAGGCAGGAGGATTGCTTGAGTGAAGGAGTTCAAGACCAACCTGGGCAAGATTGGGAGAAAAAAATTAAAAATTAGCTGGGCATGGTGGTGCATGCCTGTAGTCTCAGCCACTGGGAAGGCTGAGGCAGGAGGATCGCTTGAGCCTGAGAGATTGAGGCTGCAGTGAGCCTTGATTGTGCCACTGCACTCCAGCTTGGGCAACAGAGTGAGACCCTGTCTCAA"
"GL873521","10797081","10797110","chr4","40399247","40399277","7","29602166","CTGGGTGCAGTGGCTCATAGTTGTAATCCT","GGCTGGGTGCAGTGGCTCACATCTATAATCC"
"GL873521","11204849","11204966","chr7","73480490","73480609","28","62275641","GGCCAGGCATAGTGGCCTCCAAAAATCTTAGGACTTTGGGAGGTAGAGGTAGGAGAACTACTTGAGCCAAGGAATTCAATACTAGCCTGACCACAATAATGAGACCCTACCTCTACCA","GGCCAGGCACAGTGGCTCATGCCTATAATCTCAGTGCTTTGGGAAACTGAGGCAGGAGGATCACTTGAGCCCAGGAGTTCAAGACCAGCCTGGACAGCATAATGAGACTCCACCTCTACA"
"GL873521","11205003","11205140","chrX","7019379","7019524","37","4185624","TAGCCAGGCATGGTGGCACATACCCAAGTCCCAGTTACAGAAGAAGCTGAGGGAAGGGTATCAGGCCCAGAAGTTCAAGGTTGCCATGAGAGATGATCACACCACTGCAGTTCAGCCTGGGCAGCAGAGAGACCCTAT","TAGCCAGGCATGGTGGCACATGCCTGTAGTCCCAGCTACTCAGAAGGCTGAGGTCGGAGGATCTCTTGAGCCCTGGGGTGCAAGGCTGCAGTGAACCATGATCACACCAGTGCACTGCAGCCTGGGCAACACAGCAAAACCCTGTC"
"GL873521","11332611","11332889","chr9","110082691","110082973","78","98750080","GACGGGGAGCCATGGCTTGAGACTGTAATCCTAGTACTCTAGGAGGCCAAGGTGAGTGGATTACTTAAGCTCAGGAGTTAAAGTCCAGGCTGAGCAAGAGTGAGACCCTGTCTCTCCCCCAGATAGGAAAACTAGCCGGACATTGTAGTAGGCACCTGTAGTCCCAGCTTCTGAGGAGGCTGAGGCAAGAGGATTGCCTGAGCCCAACAGTTTGAGGTTGCTGTGAGCTAAAATGCCATGGAACTCTACCCATGGTGATGGAGTAGGATTCTGTCTCAA","GACTGGGCATGGTGGCTCCCAAAGTGTAATCCCAGCACTTTGGGAGGCCAAGGTAGGTGGATTGCTTGAGCCCAGGAGTTTGAGACCAGCCTGGGCAACATGGTAAAACCCTGTCTCTACAAAGAATACAAAAATTAGCTGGGCATGGTTGCATGCACTTGTGGTCCCAGCTACTCAGGAGGCTGAGGTGGGAGGGTCACTTGAGCCCAGGAGATTGAGGCTGCAGTGAGCTGAGATCGTGCCACTGCACTCTAACCTGGGTAATGGAGTGAGACCCTGTCTC"
"GL873521","11332916","11332939","chr22","30701628","30701648","4","19368712","ATAAAACTAAAAAGTAAGAAAAAA","AAAAACTAAAAAGAAAAAGAA"
"GL873521","11407564","11407699","chr17","81073514","81073640","45","69665950","AAAAACTAATGGCTGGGCATAGTATGTGTAGGTAGACTAGGCTACTTAGGAGGTCAAGGCAGAAGAATCACTTGAGCTCATGAATTTGAGGCTAGCATGGGCAATGATACCTCAGGTCTCAATAAAATATAAAAAA","GCCAAGCACAATGGCTCATGCTGGTAATTCTAGTACTTTAGGAGGCCAAGGCAGTAGGATCACTTGAGGCCAGGAGTTTGAGACCAGCGTGGGCCACACAGAGACCCTCCCTGTATAAAAAAAAAAA"
"GL873521","11442747","11442764","chr1","62222108","62222122","3","50779361","CCCATAAAATAAAATAAA","ATAAAATAAAATAAA"
"GL873521","11442802","11443056","chr17","73117863","73118118","82","61675061","GGCTGGGCGTGGTGTTTCATGCATGTAATCCTAATACTTTCAGAGGCTGAGGTGGATGCACTGCCTGAGCTCAGGATTTTAAAGCCAGCCTGAGGAAGAGCAAGACCCCATCTCTAAAAAATAGCTGGGCATTGTGGTGGGTGCTTGTAGTCCCCATTGTGGTGGGTGCTTGTAGGTAGCTCACGAGTTTGAGGATGCTGTGAGCTATGATGCACCACACTTCTTTCTACCCAGGGAGACAAAGCAAGACTCTGT","GGCCGGGCGTGGTGACTCATGCCTGTAATCCCAGCACTTTGGGAGGCCGAGGCGGGTGGATCACCTGAGCTCAGGAGTTCAAGATCACCTTGGGCAATGTAGTGAGACCTCACCTCTACAAAAATGAGCCAGGCATGGTAGTGCATGCTTGTAGTCCTGACTGAGGCAGGAGGATGATGAGCCCAGGAGGCAGAGGCTACAGTGAGCCATGATCGCTCCATCGCACTCTAGCCTGGGTGATGTGACACCCTGTCTC"
"GL873521","11751009","11751243","chr8","26546785","26547018","61","14795776","CAAGACCAGCCTGAGCAAAGCTAAACCCTGTCTCTACTAAAAATAAAAGGATTAGCTAGGTATGGTGGCATATGCCTGTAGTCCCAACTGCTCAGGAGTCTCAGGCAAGAGGATTGCTTGAGCCCATGAGTTAGAGGTTGCTGTGAGCTTTGATGTCATGGCACTCTATCCAGGGCAACTGAGTGAGACTGTCTCAAAATAAATAAATAAATAAATAAGAAAGAAAGAAAGAAAA","CAAAATCAGCCTGGGTCACATGGTAAAACCCCATCTCTACAAAAAATACAAAAATTAGCCAGGTATGGTGGCTTACACCTGTACTTCCCAGCTACTTGGGGGGCTGAGGCGGGAGGATCGCTTGAGCCCAGGAGGTAGAGGTTGCAGTGAGCTGAGATCGCACCACTGCACTCCAGCCTGGGTGACGGAGTGAAACCCTGTCTTAAAAAAAAAAAAAAAAAAAAAAAAAAAGAA"
"GL873521","12019379","12019705","chr16","68023292","68023602","103","56003913","GCTCACACCGATAATCCTAGCTCTGGGAGGCTGAGGGGGCAGGATCTCTTGAGCTCAGGAGTTTGAGACCAGACAGAGCAAGAGTGAGACCTTGTCTGTACTAAAAATTAACCAGGTGTGGTGGAAGGTGCCATCGTCTCAGCTACTCTGGAGGCTGAGGCAGGAGGATCCCTTGAACCCAGGAGGTTGAGGTTGCTGTGAGCCAGGCTAATGCCAAGATCTGGGGCATCAGAGTAAAACTGAGGTTGCTGTGAGCCAGGCTGATTCTAGCCTGGGCAACAGAGTAAGACTCTGTCTCAAAAACAAACAAACAAAAAACAAAAAAAA","CGGTGGCTCACACCTGTAATCCCAGCACTTTGGGAGGCTGAGGTGGGAGGATCACTTGAGCTCAGAAGTTTGAGATCAGCCTGGGCAACATGGCAAAACCTATCTCTAGAAAAAATACAAAAACTAGCCAGAGTGGCACGTGCCTGTTGTCCTAGCTACCCAGGAGGCTGAGGTAGGAGGATCACTTGAACCTGGGGGCAGAGATTGCAGTGAGCCATGATTGTGCCACTGCACTCCAGTCTGGGCAACTCCAGCCTGGGCAACAGAATGAGACTCTGTCTCAAAAATAAAAAAGAAAAGAAAAGGAAAAA"
"GL873521","12059316","12059592","chr5","143468399","143468692","69","131409083","GGCTAGGTGCAGTGGCTCATGCCTGTAATCCCAGCACTCTGGGAGGCTCAGGCAGGTGGATTACTTGAGCTCAGGAGTTGGAGACTAGCCTGAGAAAGAGTGAAACCCATCTCTACTAAAAATAGAAAAACTAACCAGGTGTGTGGTGGTCCCCTATAGTCCCAAATACTGGGGAGACAAGAGAATTGTTTGAGCCCAAGAGACTGAGGTTAGCTGTGATGACTCCATAGCACTCTACCCAAAGTGACAGAGTGAGATTCTGTCTCAAAAAAGGAAA","GGCCAGGCACAGTGGCTCATGCCTGTAATTCTAGCACTTTGGGAGGTCAAGGCAGGCAGATCACTTGAGCTCAGGAGTTCGAGACCGGCCTGGGCAACAGGGTGAAACCCCATCTCTACAAAAAAATACAAAAACTAGCCAGGTGTGGTGAAGTGTGCCTGCAGTCCCAGCTACTCAGGAGGCTGAGGCAGGAGAATTGCTTGAGCCTGGAGGCTGAGGTTGCAGTAAGTCAAGATCATGCCATTGCACTCCAGCCTGGGTGACAGGAGTGAAACCCTGTCTCAAAACAAAGAA"
"GL873521","12087639","12087865","chr4","25649068","25649301","60","13561429","GGCTGGGCTAGGTATACCATGCCTGTAATCCTAGCATCCTTAGAGGCAGAAGCAGGATTCCTTTAGCTCAGGAGATTAAGACCAGCCTGAGCAAGGGTGACACCCCATTTCCATCAAAAATAGAAAAACTAGCTGGGCATAGTGGTGGGCATCTGTAGTCCTAGCTACTCGGGAGGCTGAGGCAAGAGGATCCTTGGAGCCCAGGAGTTTGGGGTTGCTATAAGCCG","GGCCGGGCATGGTAGCTCACGCCTGTAATACCAGCACTTTGGGAGGCTGAGGCGGGCTGATCACTTGAGTCCAGGAGATAGAGACCAGCCTGGGCAACATGGCAAAATCCCATCTCTATAAAAAAAACACAAAAATTAGCTGGGCATGGTGGTGTGCACCTATAGTCCCAGCTACTTGGGAGGCTGAGGCAGGAGAATCTCCTGAGCCCAGGAGGTGGAGGCTGCAGTGAGTCG"
"GL873521","12170072","12170342","chr3","111501569","111501837","73","99331497","GCCAGATGCAGTAGCTTACAGCTATAATCCCAGTACTTTGGAAGGTCAAGGCAAGAGGATTGGTTGAGACCAGGAGTTGAAGACCAGACTGGACAATGTAGTAAAACCCTATCCCTACAAAAAATAGAAAAAATTAGCTGGGTGTCATAGCTCTTGCTTATAGTCCCAGCTACCTGAGAGGCTGAGGGAAGAGGATCACTTGAACCCCTGAGATTGATACCATGGTACTCCACCTTGGGTGACAAAGTGAGACCCTTTCTCAAAAACAAAA","GGCTGGGTGTGATGGCTCACATCTATAATCCCAGCACTTTGGGAGGCCAAGGCAGGTGGACTGTCTGAGACCAGGAGTTTGAGACCAGCCTGGGCAACATGGTGAAACCCTGTCTTGACAAAAAAAATAAAAAATTAGCTGGGAGTGGTGGTGTGCACCTGTAGTCCCAGCTATGCGGGAGGCTGAGATGGGAGGATCGCTTGAGCCCGGCAGGCAGAGGTTCACTCCAGCCTGGGCGACAGAGTGAGACCCTGTCTTAAAAACGAAAA"
"GL873521","12688417","12688615","chr16","83498862","83499063","66","70810445","AAATCAGCCTGAGCAAAAGCAAGATCCAGTCTCTACAAAAAACTAGAAAAATTAGCCAGGCATGGTGATACACTCAGGAGAATGAAACAAGAGGATCACTTGAGCCCCGGGGTTTGATGTTGCACAGTGAGCTATGGCGATGCTGCTGCTCGGATAACAACGCGAGATGAGACCCCGTCTCAAAAACAAACAACAAAAA","ACTAGCCTGGGCAACACAGCAAAACCCCATCGCTACAAAAAATACAAATATTAGCCAGGTGTGATGGTGCATGCCTAGGGAGGCTGAGGTGGGAGGATCACTTGAGTCCAGGGAGGCTGAGGCTGCAGTGAGCTGAGATTATGCCACTGCACTCCAGCCTGAGTGACAGAGTGAGAACCTGTCTCAAGAAAATTAAAAAAAA"
"GL873521","12689719","12689822","chr7","26479088","26479188","21","13789369","GCTGAGTACAGTAGCTCACTTCTTTCATCTCAGCACTATGAGAGGCTGAGTCAGGAGGATCACTTGAGGCCAGGATTTTGAGACAAGCCTGGGGAACATAGTGA","GCTGGGTGCTGTGGCTCACATGTATAATCACAGCACTTTGGGAGGCTGAGGCAGGAGGATCACCTGAGGCCAGGATTTCAAGACCAGCCTGGGCGAAATGG"
"GL873521","12747705","12747831","chrX","118392849","118392966","30","105645144","GCCAAGCATGGTAGCACAAGCTTTGTAGGCCCAATTACTTGGGAGGCTAAGATGGGAGGATCACTTGAGCCCAGGAGTTTGAGGCCAGCCTGAGAAACACTCCAAGACCCTCTTTATTTAAAATATA","GCCAAGCATGGTGGCTCATGCCTGTAATCCCAGTACTTTGGGAGGCTGAGATGGGAGGATAGCTTGAGCCCAGGAGTTTGAGACCAGCCTGGTAACACAGTGAGACCTCATCTCTACA"
"GL873521","12758304","12758462","chr7","65488595","65488751","43","52730291","ACTTAGCTGAATATAGTAGCACAAGCCTGTATTTCCAGCTACTCAGGAGGCTGAGGCAGGAGGATCACTTGGGCTTACAAGTTGGAGGTTGTGGTAAGCTATGATGATGCCACTGCCCTCTGCCCCAGGCAAATGTGATGCCTTGTCTCAACAACAAAA","TTAACTGGGTATAATGACACATGCCTGTAGTCCCAGCTACTAGAAAGGCTGAGGTAGGAGGATTGCTTGAGCCTGAGAGGTTGAGGATGCAGTGAACCATGATCAGGCCACTGCACTCAGCCTAGGCAACACAGTGAGACCCTGTCTCAAGAAAAAA"
"GL873521","12758495","12758600","chr16","15961202","15961315","30","3202707","GTGGCTGGTGCATATAATCCTACCACTTTGGAAGGAGGAGGGAGAATCATTGAAACCAGGAGTTCAAGAACAGCCCAGGCAGGCTATAGTGAAATCTCATCTCTAC","GTGGCTGGGCATGCCTGTAATCCTAGCACTTTGAGAGGCTGCAGCGGAAGGATCGCTTGAGCCCAGGAGTTCAAGAACAGCCTAGGCAACATAGCAAGATCCCTGTCTCTACAA"
"GL873521","12822938","12822952","chr1","210017045","210017059","2","197194107","TAAAACAAAAGAAAA","TAATAAAAAAGAAAA"
"GL873521","12822989","12823283","chr7","75828649","75828941","71","63005660","GGCCAGGCAAGGTGGCTAACTGCTGTAATCTTAGCACTCTAGGAGGCTGAGGCAAGAGAATTCCTTGAGGTCAGGAGTCAGAGACCAGCCTGAGCAAAAATGACACTCCACCTCTATGAAAAATAGAAAACAAAAATTAGCCAGGTGTGATGGCCCATTTCTGTAGTCCCAGCTACTGGGGAGGCTGAGGCAGGAGGATAGCTTGAGCCCAGGAGCTTGAGGTTGCGGTAGCTAGGCAGATGGCTCAGCACTCTTTCTAGCCTGGGCAACAGAGCAACATTCTATCTCAAAAAAT","GGCTAGGCATGGTGGCTCATGCATGTAATCCCAGCACTTTGGGAGGCTGAGGCGGACGGATCACTTGAGGTCAGGAGTTCGAGACCAGCCTGGTCAACATGGTGAAACCCCATCTCTACTAAAAATATAAAAATTAGCCAGGTGTGGTGGCGCATGCCTGTAGTCCCAGCTACTTGGGAGACTGAGGTGGGAGGATCCCTTGAGCCTGGGAGGTTGAGGCTGCAGTGAGCTGTGATGGCACCACTGCACTCCAGCCTGGGCAATAGAGCAAGACCCTGTCTCATAGGAAAAAA"
"GL873521","13041237","13041319","chr5","49472177","49472254","12","36430940","GGCCAGTCATGGTGGCTCATGCCTATAATCCTAGCACTCTGGGAGGCTGAAGCAGGAGGATCACTTGAGCTCAGGAGTTTGAG","GGCCTGGCATGGTGGCTCATGCCTGTAATCCAGCATTTTGGGAGGCTGAGGCAGGAAGATCACTTGAGCTCAGGATTT"
"GL873521","13102109","13102207","chr16","30194624","30194720","25","17092515","TGAGCCCAGGAGTTTGAGGTTGTTGTGAGCTGAGCAGACCACACAGCATTCTAGCTTGGGCAACAGAGTGACATTGTGCTTCAAAAAAAGAAAAAAAAA","TGAGCCCAGGAGTTTGAGACTACAGTGAGCTATGATTACACCACTCCTCTCCAGCATGGGCAACAGAGTGAGACACTATCTCAAAAAAAAAAAAAAA"
"GL873521","13102475","13102686","chr2B","236887995","236888203","46","223785520","GGCCAAGTGTGGTGGCTCATGCTTGTAATCCTAGCACTCTGGGTGGCTGAGGCAGGGGGATCACTTGAGCTCAGGAGTTCAAGACCAGCTTGAGCAAGAGTGAGAACCCATTTCTACTCAAAATAGAAAAAAATTAGACAGGCACTGTGGTGAGTGCCTGTAGTATGAGCTACTTTGGAGGCTGAGATAGGAAGATCACTTGAGCCCAGGAG","GGCTAGGCGCAGTGGCTGAAGCCTGTAATCCTAGCACTTTGGGAGGCCGAGGTGGGCGATCACTTTGGCTCAGGAGTTCGAGACCAGCCTGGGCAATATGGCAAAACCCCATCTCTACACAAAATACAAAAATTACTCAGATGTGGTGGTGAGTGCCTGTAGTCCCAGCTACTTTGGACGCTGAGGTGGGAAGATCACCTGAGCCCAGG"
"GL873521","13327200","13327291","chr3","43397692","43397785","20","30070492","CTATCACTTTAGGAGGTGAGGTGGGAGGATCACTTGAGGCAAGGAGTTCAAGAGCAACCTAGGCAACATAGGAACCCCTCTGTCTCTCCAAA","CCCAGCACTTTGGGAGGCTGAGGTGGGCAGATCTCTCGAGCCCAGGAGTTCAAGACCAGCCTGGGCAACATGGTGAAACCCCGTCTCTACCAAA"
"GL873521","13327700","13327732","chr1","70851001","70851033","8","57523301","GCTGGATATGGAGTCTCACACCTGTAATTCTAT","GCTGGGCATGGTGGCTCATCCCTGTAATTCCCT"
"GL873521","13722076","13722356","chr17","55905881","55906166","74","42183805","GTCTGGCGTGGTGGCTCAAGCCTATAATCCTAGTACTCTGGGAGTCCAAAGTGGGTGGATTGCTTGAGCTCAGTAGTCTGAGACCAGCCTGAGTAAGACCCAGACATCGTATCTACTAAAAATAGAATAAACTACCTGGGCATTGTAGCGGGTGCCTACAGTCCCAGCTACGTGGGAGGTTGAGGCAAGAGGATCACCTGAACCTAGAGAATGAGGTTGCTGTGAGCTATGATGAGGTCAAGGCACTCTACCCAGAGTAACAGAGTGAAATTCTATCTCAA","GGTCAGGCATGGTGGCTCAGGCCTGTAATCCCAGCACTTTGGGAGGCCAAGGTGGGCAGATTGCTTGAGCCCAGGAGTTTGAGATCAGCTTGGGCAACATAGTGAAAACTCATCTCTACAAAAAATTAAAAAAATTAGCTGGGCATTGTGGCACGTAACTGCAGTCCCAGCTACTTGAGAGGCTGAGGTGAGAGGATCACCTGAGGCCGGGAAGTCGAGGCTGCAGTGAGCTGTGATTGGGCCACTGCACTCCATCCTGGGCGACAGAATAAGACCCTGTCTCAAA"
"GL873521","13722635","13722652","chr6","90847853","90847870","1","77125218","AAAAAAAAAAAAAAAAAA","CAAAAAAAAAAAAAAAAA"
"GL873521","13789517","13789832","chr12","121838917","121839229","75","108049400","GCTGGGTGTGGTGGCTCATATCTGTAATGATAGCACTCTGGGAGGTCAAAGCAGGGAGATTACTTGAGCTCAGGAGTTAGAGAGCATCCTGAGAAAGAGTGAGATCCCTATCTATACTAAAAACAGAAAAACTAGCCAGTTGTAGTGGCAGGCACCTGTAGTCCCAGCTACTTTGGGAGTCTGAGACAAGAGGATCTCATAAGCCCAAGAGTTTGAGGTTGCTGTGAGCTGCGATGCCACAGCACTCTACCTGGGGTGACAGAATGAGACTTTGTCTCAAAAAAATAAAAAATAAAATAAAATAAAATTTAAAAAA","GGCTGGGTGTGGTGGCTCATGCCTGTAATCCCAGCACTTTGGGAGGCCAAGTCAGGAGGATTATTTGAGCCTGGGAGTTTGAGACCAGCCTGTGCAACATGGTGAGACCTCATCTCTACAAAACATAAAAAATTAGCCAGGCATGGTGGCATGTGCCTGTAGTCCCAGCTACTTGGGAGGCTGAGGCAGGAGGATCAGTCGAGCCCAGAAGATTGAGGCTACAGTGAACTGTGTTCATGCCACTGCACTCCAGCCTGGGTGACAGAGTGAGACCTTGTCTCCAAAAAAATCAAATAAATAAAAAAATAAAAAA"
"GL873521","13902129","13902272","chr17","73619699","73619842","30","59717570","GGCCAGGCATAGTGGCTCGCACCTATAATCCAGTACTATGGGAGACCAAGGCTGGAGGATCAATTGAAGCCAAGAGTTAAAGACCAACCTGGGCAACATAGAAACACTTCACCTATATAAAAAAAAAAAAAAAGAAAGAAAAAA","GGCCAGGTATGGTGGCTCACACCTGTAATTTCAGCACTTTAGGAGGCTGAGGCAGGAAGATCACTTGAGGCCAGGAGTTCAAGACCAGCCTGGGCAACATGGCAAGGCTTCATTTCCACAAAAAAAAAAAAAAAAAAAAAAAAA"
"GL873521","13902315","13902339","chr7","66627085","66627108","7","52724770","AAAAATTAACCCAGCATGGTGGCGC","AAAAAATTAGCCAGGCATGGTGAC"
"GL873521","13902374","13902499","chr7","68063538","68063660","30","54161164","AGTCCCAGCTACCATAGAGGTTGAGCCAGGAGGATCACTGAAGCCCAGAGCCCAGAAGTTTGAGGTTGCAGTAAGCTATGATCATGCCACTGTACTCTAGTCTAGGTGACAGAAGGAGACCCTGTC","GTAGTCCCAGCTACAAGGGAGGCTGAGGCAGGAGGATGGCTTGAGCCTGGGAAGTTGAGGCTGCAGTAAGCTATGATCATGCCACTGCACTCCAGCCTGGGTGACAGAGTGAGATTCTGCCTC"
"GL873521","14127800","14127881","chr3","123515043","123515137","26","109387243","GGCTAGATATGGTGGCTCATGCCTATCTGGAAAGCTGAGGCAGGAGGATTGCAAGAGGCCAGAAGTTTAATACCAGGCTAAG","GGCCAGGTATGGTGGCTCATGCCTATACTCCCAGCCTTTTGGGAGGCTGAGACAGGAGGACTGCTTGAGGCCAGGAGTTTAAGACCAGCCTGACT"
"GL873521","14128162","14128352","chr4","26023510","26023691","57","11895348","GGGCTGAGAATGAGATCCCATCTTTACAAAAAATTACCCAGGTATAGTGGCATCATCCTAGCTACTTGGGAGGCTGGGGCAGGAGGATTTCTTGGGCCCAGGAGTGTGAGGCTACGCTGAGCTATGATACCACTGCACTTTAGCCTGGATGATACAGCAAGATTTTACCTCAAAAAAAAAAAAAAAAAAAA","GGGTGGGAAAAAATTATCTGGAAATGGTGGCATATGCCAGTGGTCCTAGCTACTTGGGAGACTGAGGCTGGAGGATCACCTGAGCCCAGGAGTTAGAGGCTGCGGTGAATCGTGATCATGCCACTGCACTCTAGGCTGGGCAATAGAGCAAGACCCTATCTCGAAAAAAAAACAACAAAAAA"
"GL873521","14184019","14184216","chr17","61651681","61651883","50","47467662","GGCTGGGCATGGTGGCTCATGCCTGTAACCCTAGCACTCTGTGAGGCCAAGGCAAGTGGATCACCTGAGCTCAGGAGTTTGAGAACAGCCTGAGCAAGAGTGAGACTCCATCTCTAAAAATAGTTGGGCATTTGTGGTGAATGCCTATAGTCTCAGCTACTCAGCTACTTAGGAGGCTGAGGCAAGAGGATTGCTTGA","GGCTGGGTGCAGTGGCTCACGCCTGTAATCCTGGCACCTTGGGAGGCCAAGGTGGGAGGATCACTTGAGCCCAGGAGTTTGAGATCAGCCTGAACAACGTGGTGAAACTCCATCTCTACAAAAAATACAAAAATTAGCTGGGCTTAATGGCATATGCCTGTGGTCCCAGCTACTGAGGAGGCTGAGGTGGGAGGATTGATTGA"
"GL873521","14185943","14186062","chr8","25834967","25835086","23","11649024","GGCAGGGTGCAGTGGCTCACACCTATAATCCCAGCACTCTGGGAAGCTGAGGTGGGAGGATTGCTTTGAGATCAGGAGTTTGAAACTAGCTTGAGCAAAGCAAGACCCATCTCTACTAAA","GGCCAGGTGCAGTGGCTCATGTCTGTAATCCCAGCACTTTGGGAGGCTGAGGTGGGAGGTTTGCTTGAGCCCAGGAGTTTGAGACCAGCCTGGGCAACATAGCAAGACCCTGTCTCTATA"
"GL873521","14186086","14186221","chr14","74199793","74199926","31","60013707","AATTAGAGAGGTGTGATGCCACACACTGTAGTCTCATCTACTTTGGAGGCTGAGGCACAAGGATTACTTGAGCCCAGGAGCATGAGGTTGCTGTGAGCGAGGCTGAGGCCACAGCACTCTAGCCTGGGCAACAGAG","TTAGCCAGGTATGGTGGTGCACACCTGTAGTCCCAGCTACTTGGGAGACTGAGGCAGGAGGATTGCTTGATCCCAGGAGTTGAGGCTGCTAAGAGCTATGATCATGTCACTGCACTCCAGCCTGGGCAACAGAG"
"GL873521","14534133","14534413","chr5","43470606","43470891","71","28936473","GGTAGCTCATGTCTATAACCCTGACACTCTGGGAGGCTAAGGGAGAAACATCCCTTGAGCTCAGGAGTTCAAGACCAGTCTAAGCCAAAAGGGAGATCCATCTTTACCAAAACAGAAAAATTAGCTGGGCATGGTGATGTGTGCCTGTAGTACCAGCTGCTTGGGAGGCTAAGGAAGGAGGATTGTTTGAGCCTAGGAGTTTAAGGTTGCTAAGAGCTAGACTGAGGCCATGGCACAGTAGCCCAGGCAATAGAATGAAACTCTGTCTCAAAAAAAAAAAA","GTGGCTCTTGCCTATAATCCCAGCACTTTGGGAGGCTGAGGAGGGCAGATTGCTTGAGCCCAGGAGTTCAAGACCAGCCTGGGCAACATGGGAAAACCTCGTCTCTACAAAAAACACAAAAATTAGCTGGGCATGGTGGCATGTACCTGTAGTCCTAGCTACTTGGGAGGCTGAGGCAGGAGGACTGCTTGAGCCTCTGGAGGCGGAGGTTGCAGTGAGCTGAGACCGCGCCACTGCACTCCAGCCTGGGTGATAGAACAAGACCCTGTCTCAAAAAAAAAAAAAA"
"GL873521","14534507","14534523","chrX","153619065","153619080","3","139084558","CCCAAAATAAAATAAAA","ACATAATAAAATAAAA"
"GL873521","14646173","14646307","chr1","9156973","9157091","40","5489200","GGATGTAGTAGCTCACACCTGTAATCCCAGCATCATGGGAGGATCACTTGAGGCCAGGAGTTTGAGACTGGCTTGGGCAATATGGTGAGGCCCCATTCTTACAAAATAGGAAAAGAATTAATTGGATATGGTGGC","GGCTGGGTGAGGTGGCCTCACGCCTGTAATCCCAGCACTTTGGGAGGCCAAGGCAGGAGTTTGAGACCAGCCTGGGCAATACAGTGAGACCCCATCTCCAAAAAAAAAATTAGTGGGGC"
"GL873521","14703100","14703421","chr17","68155983","68156305","73","53452883","GGCTGGGCACAGTGGCTCATACCTGTAATCCTAGCACTTTGGGAGGCCAGGAAGGGAAGATAGCTTGAGGCCAGGAGTTTGAGACCAGGATGAGCGAGGTAGCGAGACCCCCCATCTCTATCAAAAATTAAAAAAAAAAAAAAATTAGCTGGGTATAGTGGTGAGGGCCTATCATCCTAGCTACTTAGGAGTAAGACAGGAGGATCACTTGAGCCTAGGAGGTAAGGTTGCAGTGAACTATGATGATGACCCTGCACTCTTGCCTTAGCAAGATGGTGAGACCCTGTCTCAAAACAAACAAACAAACAAACAAACATAAAAA","GGCTGGGCACCGTGGCTGACATCTGTAATCCCAGCACTTTGGGAGGCCAAGGCGGGTGGATCACTTGAGCCCAGGAGCTCGAGACCAGCCTGACCAACATGGCAAAACCCCATCTCTACCAAAAAAAAAAAAAAAATACAAAAAGTTAGCTGGGCATGGTGGAGAGGGCCTGTAGTCCCAACTACTCAGGAGGCTGAGGTGAGAGGATCACCTGAGCCACAGGAGGTCGAGGCTGCAGTGAGCCATGATCACACCATTGCACTCCAGCCTGAGAGAAAGTGAGACCCTGTCTCAAAAAAACAAACAAACAAAAACAGCAAAAA"
"GL873521","14778613","14778888","chr15","42746072","42746354","63","27967459","GGCCCAGCACAGTGGCTCACACCTATAATCCTCGCATTCTAGGAGACTGAGGTGGGAGGATCACTTGAGCTCAGGAATTTGAGATCAGCTTGAGCAATAAGGTGACCCCATCTCTACTAAAAATAGACTAATTAGCCAGGCATTGTGGTGGGCACCTGTGGTCCCAGCTAGTTGAGAGGCTCATGTTGGATTCCTTGAACCCAGGAATTTGAGGCTGCTGTGAGCTGGGCTGATGCCACAGTATTCTAGCCTGGGCAACAGAGTATGACTCTGTCT","GGCCAGGTACAGTGGCTCACACCTGTAATCCCAGCACTTTGGGAGGCCAAGGCAGGAGGATCACTTGAGCCTAGGAATTCAAGACCAGTCAGGGCAATATGGTGAAACTCCATCTCTACAAAAAATACAAAAATCAGCCAGGTGTGGTGGTGTGCGCCTGTGGTCCCAGCTACTTGGGAGGCTGAGATGGAAGGATCACTTGAGCCCAGGAAATGGAGGCTGCAGTGAGCTAAGGCTGTGCCACTGCACTCCAGCCTGGGCAACAGAGTGAGACCCTGTCTCA"
"GL873521","14884261","14884393","chr13","24405237","24405373","27","9520976","GGCTAGGTGTGGTGGCTCATGCCCATAATTCCAGCATTCTGGGAGGCCAATGTGGGAGGATCCCTGGAGGTCAGGAGTTTGAGACCACCCTGAGCAAAGCGAGACCCCATCTTCACTAAAAATAGAAAAATTA","GGCTGGGCATGGAGGCTCATGCCTATAATCCCAGCACTTTGGGAGGCTGAGGTGGGAGGATCGCTTGAGTTCATGAGTTCAAGACCAGCCTGAGCAACACAGTGAGACCTCATCTCTACTAAAAATCAAAAAAATTA"
"GL873521","14884660","14884815","chr1","141772547","141772702","39","126887887","TTAGTTGAATGTGGTGGTGTACACCTGTAGTCCCAGCTACTTGAAAGGCTGAAGAAAGAGGATTGCTTGAGCCCAAGTGCTTGAGGTTGTAGTGAGCTAGGCTGACGCTATGACACTCTGACCCAGGTGATAGAAGAAGACCCTGTCTCAAAAAAA","TTAGCTGGGCATGGTGGCGTGCACCTGTGGTCCCAGCTATTTGAAAGGCTGAGTTGGGAGGATCACTTGAGCCCAGATGGTTGAGGCTGCAGTGAGCCATGATGGCACCACTGCACTTTAGCCTTGGTGACAGAGCAAGGCCCTGTCTGAAAAAAA"
"GL873521","15677856","15678124","chr7","99887814","99888086","73","84209958","TGGCTCATGCCTGTCAACAAAGTACTTTGGTAGATTGAGAAAGGAGGATCTCGTGGACTCAGGAGTTTGAGACCAGCCTGGACGACATGGTAAAAAAACATCTTTAAAAAATTAGCCTAGCATAGTGGTGCACATTGATAATTTCAGCTATTTCGCAGGCTGAAGTGGGAGAACCACTTGTGTTTGGAAGCTCGAGGCTGCAGTGAGCTATGATCTCACACTACACTCCAGCCTGGGTAATATGGTGAGGTCCTGCCTCAAAAACAAAA","GGCTTACACCTGTAATCCCAGTGCTTTGGGAGGCTGAGGCAGGCAGATCACTTGAGCCCTGGAGTTCAAGACCAGCCTGGGCAACATGGTGAAACCCCATCTCTACAAAAAATTAGCCAGGCATGGTGGCTTGCACCTGTAGTCCCAGCTACTCAGGAGGCTGAGGTAGGAGGATTTCATGAGCCTGGAAGGTTGAGGCTGCAGTGAGCTATGATCACACCACTGCACTCCAGTCTGGGTGATAAAGTGAGACCCTGTCTCAAAAAAAAAAAA"
"GL873521","15875728","15875811","chr8","5975319","5975398","26","9900409","CAGTGAGCCGTGGTCTCCCTGTGCATTCCAATGTGAGTGACAGAGAGACCTCCCTCACACTCCCAAAAAAGAAAAAACAAGAAA","GCAGTGAGCCTTGATCGTGCTATTGCACTCTAGCCTTGGTGACAGAGAGAGACCCTATCTCAAAAAAAAAAAAAAAAAAA"
"GL873521","16170363","16170540","chr3","50079465","50079644","47","33909102","AAAAAAAAAAAAAATTACCCAGGTAAGGTGGTAAGGACCTGCAGTCCTAGCTATCTGGGATACGAGGTAGGAGGAGCACTTTGGCCCAGGAATTCCAGGCTATGGTGAACTATGATTACAACTGCACTCTAGCCTGGGCAAAAGAGTAAGAGACTGTCACAAAACACAACAAAACAAA","ACAAAAAGAAAAAACAATTAGCAAGGCCTGGTGGTACACACTTGTAGTCCCAGCTATTTGGGAGGCTGAGGTGGGAGGATCACTTGAGCCCAGGAGTTCAAGGTTACAGTGAGCTATGATCATGCCACTGCACACTAGCCTGGGCATCAGAGAGAGTTCCTGTCTCTAAGAAAAAAAAAA"
"GL873521","16172240","16172374","chr1","29329421","29329551","29","13157181","GGCTGCATGCAGTGCCTCATGTTTGTAATCCCAGCACTTTGGGAGCCAGTGGAGGAGAGGATCACTTGAAGCCAGGAATTTAAGACGGACCTAGCCAACATAATGAGAACTCCTCTATACAAAAAATAATAAAAT","GGCTGGATGCACTGGCTCCTGTCTGTAATCCCAGCACTTTGGGAGGCTGAAACAGGAGGATCCCTTGAAGCCAGGAGTTTAAGATCAGCCTGAGCAACAGAGTGAAACCCTGTCTCTACAAAAAAAAAAAA"
"GL873521","16260421","16260667","chr2A","25887935","25888182","71","9627514","GGATACAGTGGCTCACACCTGTAATCTTAGCAAACACCCTGGGGTGCTAAGGCAGGAGGATCACTTGAGCTCAGGAGATCAAGACCAGCCTGAGGAAGAGTGAAACCCCATTTCTACCACACATAGAAAAATTAGCCAGGTGTCTCTCTCTAGTCCCAGCTACTTGGGAGGCTGAGACAGGAGAATTGCTTAAGCCAGGGAGTTTCAGGTTGCTGTGGCTCAGACCATGGCACTCTAGACTGAGCAA","GGCTGGGCACAGTGGCTCACACCTGTAATCCCAGCACTTTGGGAGGGTGAGGCAGGAGGATCACTTGAGCTCAGGAGTTCGCAACCAGCCTGGGCAATATGGTGAAACCGCATCTCTACAAAAAATACAAAAATTAACCGGGTGTGGTTGTGCATGCCTGTAGTCCCAGCTACTTGGCAGGCTGAGGTGGGAGGATTGCTTGAGCTCAGGAGGTCAAGGCTGCAGTGAGCCATGATTACTCCACTGCA"
"GL873521","16747501","16747629","chr7","102198592","102198722","33","85451091","GCCGGGTATGGTGGCTCACACCTGTAATCCCACCACGTGGGAGGCCAAGGCAAGCAGATTGCCTGAGCTCACAGGTTCAAGACCAGCCTGAGCCAGAGTGAGACTTTGTCTTGGAAAATACCCGGGTGT","GGCTGGGTGTGGTGGCTCACACCTGTAATCCCACCACTGTGGGAGGCTAAGGCAGGCAAATCGCTTGAGCCCAGGAGTTCGAGACCAGCCTAGGCAACGTGGTGAAACTGTCTTTAGAAAATATTAGCCAA"
"GL873521","16747905","16748071","chr1","26355033","26355200","42","9607128","AACTAGGTAGGTGTTGCAGCAGGCGCCTGTAAATCCCAGCTACTTGGGCCAAGGCAAGAGAATCAATCACTTATGCCCAGGAGTTTGAGGTTGCTGTAAGCTATGACGCCCTGGCACTCTACCAAGGGTAACAAAGTCAGATCCTGCCTCAAAAAAAAAAAAAAAAA","AACTAGCTGGGTGTGGCGGCGTGTGCCTGTAGTCCCAGCTACTTGGGAGGCTGAGGCAGGAGGATCACTTGAGCCCAGGAGTTCAAGGCTGCAGTGAGCTAAGATCATACCACTGCACTCCAGCCTGGGTAATAGAGTGAGATCCTGTCTCAAAAAAAAAAAAAAAAA"
"GL873521","16826358","16826516","chrX","96886204","96886345","57","80059846","GGCGCCCTGCCACAAGCTGTAGTCTCCCCTATTTGGGAGGGTGAGGTCGGAGGATCATGTGAGCTCGGCAGTTCAAAGTCACCGGGCACTACAACCTCACCTGGACCAGTCAGGACTGCACGCCAGCCTCCCCAGCGCAGTGAGACTCTGTTTCTAAAA","GGTGCACATCTGTAGTCTCAGTTATTTGGGAAGCTGAGGAGGGAGGATCACTTGAGCCTGGGAGGTCAAGGCGCCAGTGAGCTGTGATTGCACCACTGCACTCCAGCCTGTGCTACAGAGTGAGACTCTGTCTCAAAAAAAA"
"GL873521","16850386","16850705","chr1","224543342","224543654","83","207692956","GCCAGCTGTGGTGGCTCACACCTATAGTCCTCACACTCTGGGAGGCTGAGGAAGGCAGATTCCCTGGAGCTCAGGAGATTGAGACCAGGCTGAGCAAGAACTGAGACTCTGTCTCTACCCCAAACAGAAAAACTTCACTAGGTGTTGCGGTGGGCACCTATAGCCTGAGCTACTTGAGAGGCAGAGGCAGGATGATCACTTGAACTCAGGAGTTTGAGGTTGCTATAGCTGTGCTGATGCCATAGTACTTTAGCCTGGGCAACAGAATGAGACTCTGTCTCAAAATAAATAAATAAATTAATAAATAAAAGAGAAAGAAA","GCCAGGCAGGGTGGCTCACGCCTGTAATCCCAACACTTTGGGAGGCTGAGGCAGGCAGCTTGCTTGAACTCAGGAGTTTGAGACCAGTCTAGGCAACATGGTGAAACCCCATCTCTACAAAAAATACAAAAATTAGCCAGGCGAAGTGGCGTGCCTATAGTCTTAGCTACTTGGGAGGCTGAGGCAGGAGAACTGCTTGAACTGGGGAGGTCGAGGCTGCATGAGCCGAGATCGTGCCACTGCACTCCAGCCTGGATGACAGAGCGAGACCCTGTCTCAAAATAAATAAATGAATAAATAATAAAATAAATAA"
"GL873521","16987716","16987746","chr4","157175852","157175881","5","140188136","GAAGAAAGAAGAAAGAAGAAAGAAGAAAGAA","GAAGAAGAAGAAGAAGAAGAAGAAGAAGAA"
"GL873521","16988099","16988370","chr11","32048157","32048430","73","15060058","GGCCCAGTTCAGTGTCTCACACCTGTAATCCTAGAACTCTGGGAGGTCAAGGAAGGTGGAGTCCTTGAGCTCAGGATTTTCAGATAAGCCTGAGCAAGAGACAGATCCATATCTACTAAACATAGAAAAACTAGCCTGGCATCAGTGTAGTCCCAGCTACTCAGAAGGCTGAGGCAGGAGGATCATTTGAGCCCAAATGTTTGAGTTTGCTGTGAGCTATGATGAATGACACCAGGGCACTCTACCCAGGGCAACAGAGTGAGACTATTTCT","GGCCCACCACAGTGATTCACATCTATAATCCCAGCACTTTGGGAGGCCGAGGTGGGAGAGTAGCTTGAGCCCAGGAGTTTGAGACCAGCCTGAGCAACAGGGCGAGACCCCATCTCTACAAAAAAAATTTAAAAATTAGCCTAGCATGTGCCTGTAGTCCCAGCTACTCAGGAGGCTGAAGCAGGAGGATCACTTGAGCCCAGGAGTTGAAGGCTGCAGTAAGCTATGATCACCCCACTGAGCTCTAGCCAGGGTGACTGAGCAAGACTCTATT"
"GL873521","17153915","17154039","chr7","102370770","102370890","26","85216855","GGCTAGGCACGGTGGTGACTCCTGCTTGTAATCCCAGCACTCTGGGAGGCCTGTGGCAGGTGAATTCCTTGCGCTCAGGAGTTCAAGACTAGCCTGAGTAATAGTGAAACCTCTGTCTCTACTAA","GGCTAGGCACGGTGGCTCATGCCTGTAATCCCAGCACTTTGGGAGACTGAGGTGGGAGAATTGCTTGAAGCTGGGAGTTCAAGACCAGCCTAGGGAACATAGTGAGACCCTGTCTCTTCAA"
"GL873521","17154076","17154241","chr16","21596696","21596868","46","4442620","CTAACCAGACCTGACAGGTGGCTATACTCTCGGCTACTTGGGAGGCTGAGGCAAGAGGATCACTTGATCTCAAGAGTTTGAGGTTGCTATAAGCTATGAGGCCATGACACTCTACCGAGGGCAACAAAGTAAGAGTTTTTCTCAAAAAAAAAACCCAAAACAAAAA","ATTAGTCAGACATGGTGGCATGTGCCTATAGTCCCAGCTACTTGGGAGGCTGAGGCAAGAGAATCATTTGAGCCCAGGAGGTTGAGGCTGCAGTAAGCAGTGATCATGTCACTGCACTCCAGCCTGGGCAACAGAGCAAGACCCTGTCTCAAAAAAAAAAAAAAAAGAAAAAA"
"GL873521","18186068","18186211","chr11","18518855","18518988","40","332787","TAGTCAGGTGCAGTGGTGCATGCCTGCAGTCACAGCTACTCTACTCAGGAGGATGAAGCAGGAGGACCACTGGAGACCAGGAGTTTGAGAATGCTGTAAAATACCATTGAGTCACTGCCTGCCAGCTTCAGTAACAGAATAAGA","TTAGCCAGGTGCAGTGGCGCATGGCTGTAGTCCTGCTTACTCAGGAGGTTGAAGCAGGAGGATCACTTGGGCCCAGGAGTTTGAGGCGGCAGCGAGCCATAATCGTGCCACTGCACTCCAGCTGAGTGACAGAG"
"GL873521","18186242","18186351","chr4","101432127","101432236","31","83245885","CTTGTAATTTCAGCACTTTTGGAAACTGTAGAAGGAAGATTGTTTAAGACCAGGAGTTCCAGAACAATCTGGGCAACACATGTTGACCTTGTACCTACATGAAAAAAAAA","CCTGTAATCCCAGCACTTTGGGAGGCTGAGGCAGGAAGACAGCTTGAGGCCAGGAGTTCCAGACCAGTCTGGGCAATATAGCAAGACCCTCATCTCTTTAAAAAATAAAA"
"GL873521","18231783","18232086","chr11","120552808","120553110","90","102321025","GGCATGGTGGCTCACACCAGCAATCCCAGCGTTTTGGGAAGCCCAAGGAAGAGAATCACTTGAGACCAGCCAGAGGTACATAGACACGTGGTCTACAAGAAATGACAATTAAAACAAATTGCTGGGCATGGTAGCCTGTGACTATAGTCCTGGCAACTCAAGAGGCTGAGTCAGGGGGTTTTTTGAGCCTATGAAGTCTAAGTTGCAGTAAGCTGTGATCATGCCACTATACCCTAGCCTGGGTGACAGAACAAGATTCTGTCTCTAAAAATAAAATAAAATAAAATAATAAAATGAAATAAAA","GCCAAGCATGGTGGTTCATACCTATAATCCCAGAACTTTGAAAGGCCAAGGCGAGAGGAGTTTGAGACCAGCCTGGGCAACATGATGACATGCCGTCTCTACAAAAAAATAAAATAAACAAAAACTAGCTGGGCCTAGTGGCATGTGTCTGTAGTCCTAGCTACTCAGGAGACTGAGGCAGGAGGATCACTTGAGCCTGGGAGGTCAAGGTTGCAGTGAGCTATGATTGTGTCACTGTACTCCAGCCTGGGTGACATAGCAAGAACTGGTCTCAAAAAAAAAAGAAAGAGAGAAAAAAGAAAA"
"GL873521","18672921","18673268","chr5","164510023","164510360","89","145837102","GGCTGGCCATGGTGGCTGAGGCCTGTCATCCTACCACTCTGAGAGGATGAGGAAGGAGGATTGGATTGCTTCAGCTCAGGAGTTCAAGACCAGCCTGAGCAAGAGCAAGACTCAGTCTCTACCAAAAATAGAAAAATTAGACTAGCCAGATGTAATGGCAGATGCCTCTAGTCCCAGCTAGTGGGGAGGCTAAGGCAGGAGGATCACTGAAACCCAGGAGTTTGAGGTGCCTGTGAGTTAGTTTAATACCATGGCAGTCTAGCTTGGGCAACAAAGTGAGACTCTGTCTCAAAACAAACAAAGAAACAAAGAAACAAACAAACAAAAACCCCAAAAATAAAAAAAAAA","GGCTGGGCACAGTGGCTCATGCCTGTAATCCTAGCACTTTGGGAGGCTGAGGCAGGTGGATCGCTTGAGACTGGGAGTTCAAGACCAGCCTGGGCAATATGGCAAAACCCCGTCCCTACAAAAAATACAAACATTAGCCAAGCATGGTGGCACATGCCTGTAGTCCCAGCTACTTGGGAGGCTGAGGCAGGAGGATCATTTGAGCCCGGGATGTGGAGGTTGCAGTAAGCTGAGATTGCATCATTGCACTCCAGCCTGGGCAACAGAGGGAGACCCTGTATCAAATAAATAAATAAATAAATAAATAAATAAATAAATAAAAGAAATAAAAGTAAAAA"
"GL873521","19315680","19315722","chr1","205503465","205503511","11","186187785","CAGTTACTTGGAAGACTGAGGCAAGAGGATCCCTTGAGCTAGG","CCAGCACTTTGGGAGACTGAGGCAGAAGGATCCCTTGAGGCCAGCGG"
"GL873521","19598410","19598508","chr1","6398492","6398584","25","13199918","TATCACTACACCACTATACTCTAGCCTGGGCAACAGATTGAGAACCTGTATCAAAAACAAACAAACAAACAAACAAAACACAATAAAAAATAAATAAAA","GTGATTGCACCAATGCACTCCAGCCTGGGTGACAGAGCGAGACTGTCTCAAAACAAACAAACAAACAAATAAAACAAAAGAAAAGAAAAGCAA"
"GL873521","19777152","19777359","chr4","72787006","72787205","63","53009854","CCTGAGCAACATAGAGAGATCCCATCTCGACAAAAATATTGAAAAAAAAATAGATAAACTTATCAGCTGGGTTTGGTAGCACACAACTGTATCCCCAGCTACCGGGAAGGCTGAAGCAGGAGGAGCCTGACAGATCAAGGCTGCAGTGAGCAGTGATCACATCACTACACTCCAGCCCAGGTGACAAAGCACAATCCTGTCTCAAAAA","CTAGGCAACATGGAAGAACCCCATCTCTACAAAAATTACAAAAACTAGCTGGGCATGGTGGTGTGCGCCTGTATTCCCAGCCACTGGGGAGGCTGAGGTGGGAGGATTGCTTGAGCCTGGAAGATTAAGGCTGAAGTGAGCAGAGATCACACCGCTGCACTCCAGTCTGGGTGACAGAGCAAAACCCTGTCTCAAAAAAA"
"GL873521","19907026","19907166","chr6","12022857","12022993","42","7884169","AGGAAAAATTACCAGGGCATGGTGATGTGCACTTATAGTCCCAGCTCCTGGGAAGGCTGAGTCAGGAGGCCAGGAGTTTGAGGTTATAGTGAGCTATGATGCCACTGCACTCTCTCTGGGTGACATAGTGACATTCTGCCT","TTAAAATTAGCCAGGCATGGTAGCAGGCACCTGTACTCCCAGCTACGGGAGGGTCGCTTGAGCCCAGGAGATCAGGGCTGCAGTGAGCTATGATTGTACCACTGCACTCCAAACTGGGTGACAGAGTGAGACTCTGT"
"GL873521","19907190","19907299","chr3","21509747","21509855","27","1602557","GTGGTGGCTCAGCCTATAATCCTAGCCTTCTGGAGGCCCAGGCGGGAGGATTGCTTAAGGTCAGGATGTTGAGACGAACCTGAGCATGAGTGAGACCCCATCTCTACAAA","GGTGGCTCATGCCTATAATTCTAGCGCTTTTGGAGGCCAAGGGGGGAGGATTACTTGAGCTCAGGAGTTCCAGATCAGCCTGGACAATTTAGTGAGACCTCATCTATAC"
"GL873521","20453341","20453513","chr19","53340691","53340862","44","32887350","AGACAACTAGCCAGGCATTGTGGTGGGCATCTATAGTCCCAGCTACTTGGGAGGCTGAGGCAAGAGGATCACTTGAACCCAATAGTTTGAGGTTGTCATGAGCTATGATGATGTGGCATTCTACTCAGGGTGACAGCGTGAGAGACTCTGTCTCAAACAAATGAACAAAAAAA","ACAAAAATAGCTGGGTGTGGTGGTGCATACTTGTAGTCCCAGCTACTTGGGAGGCTGAGGCAGGAGGATCACTTCAGCCCAGGAGGTTGAGGCTGCAGTGAGCCATGATCATGCCACTGCACTCCAGCCGAGGGGAGAGAGCAAGACTCTGTCTCAAAACAAACAAACAAAA"
"GL873521","20453540","20453662","chr4","5943586","5943706","26","14509954","CAGGCGTGGTTGCTCATGCCTGTAGTCCTAGCACTTCAGGAGGCTGAGGAGGGTAGATTGCTTGAGGTCAGGAGCTGGAGACCAGCCTGAGCAAGAGCGAGACCTTGTCTCTACTAAAAATAG","GGCCATGGTGGCTCATGCCTGTAATCCTAGCACTTCGGGAGGCTGAGGAGGGAGGATTGCTTGAGGCCTGGAGTTTGAGACCAGCCTGGGCAACATAGTGAGACCACGACTCTATTTAAAA"
"GL873521","20821454","20821743","chr8","121327775","121328067","74","100506321","GCCGGGCCCAGATGGCTCAAGCCTGTAATCCTTGCACTTTGGGAGGCCAATGTAGGAGGATCACTTGCGCCTAGGAGTTCCAGGCCAAGCTGTGCAAGGTGAAACACTGTTCCAAAAAATATATATATATGAAAATTAGCCAGTCCTGTTGGTACACATCTGTCGTTCCAACTACTTGGGGGACTGAAGCAGGAGGATCCATGAGTCCAAGATTTGAGGTTGCAATGAGCTGTATTGGAGCTACTACACTGTAGCCAGGGCGACAGGAGGAAAAACTTGTTTTAAAAAAA","GGCTGGGTGCAGTGGCTCATGCCTGTAATCTTAGCACTTTGGGAGGCCAAGGCAGGTGGATCACTTGAGCTTAGGAGTTCAAGACCAGCCTGGGCAACATGGTGAAACCCTGTCTCTACAAAAAATAAAAAAAAATTAGCCAGGCATGGTGGCATACACCTGTAGTCCCAGCTACTTGTGGGGCTGAGGCAGGAGCATCACTTGAACCCAGGAGCTCAAGGCTGCAGTGAGCTGTGATCTTACCACTGCACTCCAGCCTGGGTGACAGAGTAAGACCTTGTCTCAATAAAAAA"
"GL873521","20825224","20825315","chr22","42881883","42881978","27","22056659","AGAGGATCTCTTGAGCCTAAGAGTTTGAGGTTGCTGTGAGTTCTGATACCACAGCGCTCTACACAGGGCGACAGAGTAAGACCCTTTCTTAA","GGCAGGAGGATCGCTTGAGCCTGGGAGGTCAAGGATGCAGTGAGCTGTGATTGCACCACTGCACTCCACCCTGGGCGACAGAGTGAGACCCTGTTT"
"GL873521","20825595","20825767","chr4","156475909","156476099","57","135650314","GCGGTGGCTCACACCTGTAATCCTAACACTCAGGATCGCCTAAGCTCAGGAGGTGGAGACCAGCCTGAGCAAGAGAAACACCTCAACTCTACCAAAAACAGAAAAAGTAGCCTGGGTGGTGGTAGGCATGTGTAGTCCCAGCTACTCGGGAAGCTGAGGCAAGAGGATCTCTT","GGCCAGGCACAGTGGCTCACACCTATAATCCCAGCACTCTGGGAGACTGAGGCAGGAGGAGCCCAGGAATGTGAGACCAGCCTGGCCAACATGGTGAAACCCAGTCTCTACTAAAAATATAAAAATTAGCCTGGTGTGGTGGTGTGCGCCTGTAGTCCCAGCTACTTGGGAGGCTGAGGTGGGAGGATCAC"
"GL873521","21355913","21356066","chr4","158479533","158479684","48","137123620","ATAAAAATTAACTAGCTATGGTGGCATACACTCTTGTCCTAGCTACTTAGGAGGCTGAGGATCATTTGAGGCCAGGAGTTTAAAGCTATAGTGTACTGTGATGATTACGCCTGTGAATAGCCACTGTACTCCAGCCTGGGCAACATAGCAAGAC","AATTAGCTGGGCATGGTGGTGCATACCTGTAGTCCTAGCTACTCAGGAAGCTGAGGCAGGAGGACAGCTTGAGGCCAGGAGGTCAAGGCTGCAATGAACCATGATTGATTACACCTGTAAATAGTCACTGCATTTCAGCCTGGGCAGCATAG"
"GL873521","21623697","21623773","chrX","53329871","53329945","26","31706174","AAATTTAGGCAGGCAAGTTGGCACATGTTTGTAGTCCAAGTTATGTGAGAGGATTCTTTGAGTCCAGAAGTTAAGGC","AATAGCTTGGGCAGGGTGGTGCATGGCTGTAGTCCTGAGATGGGAGGATCCCTTGAGTCCAGGAGCTTGATGCCG"
"GL873521","21623801","21623894","chr3","42032495","42032583","27","20408694","GTAATCTTAGTACTTTGGGAGGCCAGACAGGAGATTCATTTGAGACTGAGTTTAAGATCAGCCTGGACAACATGGCAATATCCCATGTCAACCA","TAATACCAGTATTTTGGGAGGCTGAGGCAGGCGATCACTTGAGCCCAGTTCAAGACCAGCCTGGGCAATATAGCGAAATCCTGTTTCTA"
"GL873521","21714176","21714337","chr12","96671998","96672172","41","74957822","ACTAGGGGGCATTGTGGCAACTGTCATCCTAGCTGCTCAAGAGGCTGAGGCAAGAGGATCACTTCAGCCCATGAGTTTATGGTTGCTGTGAGCTATGACTCCATGGCACTCTAGCCTGGGCAATAGAATGAGACTCTGTCGCAAAAAAAAAGAAAGAAAGAA","AATTAGCTGAGCATGGTGGCAGGCACCTGTAGTCCCAGCTACTTGGGAGGCTGAGGGAGGAGGGTCACTTGAACCCAGGAGTTTGAGGCTGCAATGAGCTATGACTGCATCAGTGCACTCTAGCCTGGGCAGTAGAGTGAGACCCTGTCTCACAAAAAAAAGAAGGAAAGAGAAA"
"GL873521","21714364","21714489","chr15","78802491","78802611","29","57088127","GGCTGGGTACCCTGGCTAGACACCTGTAATTCTAGCACTCCAGGAGGCTGAAACAGGTGGATTTCTTGAGCTCAGGAGTTCAAGACCAGCCTGTCCAAGACCAAGACCACAATTCTGTCTCTACTT","GGCTGGGTACAGTGGCTCACACCTGTAATCCCAGCACTTTGGGAGGTGGAGGCAGGAGGATCACTTGAACTCAGGAGTTCAAGACCAGCCTGGCCAACATGGCGAAACTCCGTCTCTACAA"
"GL873521","21743555","21743631","chr10","20213332","20213405","25","1530223","TATAGGGTGTGGCGGCAAGTGTGTATAGTACTAGCTACTTAAAGAGGTTGAGATGGGAGGATTGCTTGAGCTAAGGA","CCAGGTGTGATGGTGCATGCCTGTGGTCTCAGCTACTTTGGAGGCTGAGGTGGGAGGATTGTTTGAGTGGAGGT"
"GL873521","21743658","21743767","chr10","43292583","43292692","28","21548925","CAATGGTTTGTGCTTGTAATCCAGCACTTTGGGAAACAAAGGAGAAAGGATTAATTGAGACCAGGAGTTCAAAATCAGCCTGGGCAACATAAAGAGACCCTGTCTCTATG","GCGGTGGTTCAGCCTGTAATCCCCGCACTTTGGGAAGCTAAAGCAGGAAAATCACTTGAGCCCAGGAGTTCAAGACCAGCCTGAGCAACATAGTGATACCCCTGTTTCTA"
"GL873521","21994326","21994402","chr3","183523015","183523100","19","161528689","GGCATTGTGACTCACACCTATAATTCTAGCACTTTGGGAGGCTGAGGTGGGAAGACCACGAGCACAGGTTCAAGACC","GACTGGGGGCAGTGGCTCAAACCTGTAATCCTAGCACTTTGGGAGGCTGAGGTGGGAGGACCACCTGAGCTCAGGAGTTCAAGACC"
"GL873521","22568894","22569013","chr7","21219168","21219276","37","1349726","TACGTTGTGGTGGCTAGTCCCAAACTACTCAGCTACTCAGGAGTTTGAGGTTGCAGTAAGCTGTGAGGTTGCATTGCACGACAGATTGTGCAACAGAGCGAGACCCTATCTCGAAAAAAA","GGCTGAGGTGGGATAATCACTTGAGCCCGGAAAGTTGAGGTTGCAGTGAGCCATGACTCGGCACTGCACTCCAGCCTGGGCAACAGAGCCAGACCCTATCTCAAAAAAA"
"GL873521","22569034","22569129","chr15","57106062","57106161","19","34537028","CAGGCATGGTGGCTCACACCTGTAATCATAGCACTTTGGGAGACCAGGAGTTCAAGACCATGCTGGGCAACATGGCGAGACCTTGTCTCTACCAAA","GGCCAGGCATGGTGGCTCACTCCTATAATCACAGCACTTTGGTAGGCCATGAATTCAAGACCAGCCTGGGCAACATAGTGTAACCCTGTCTCTACGAAAA"
"GL873521","23082461","23082581","chr19","17007875","17007987","43","6074586","AAAATACACAGAGTACCCAGGCATGGTGGTGCATGCCTCCAGTCCCAGCTACAGGTGAGACTAAGACTAAAGGATGCCTTCAGCTCAAGACTTTGAAGCTGGCCTAGGCAACAACAAGACC","ACAATGTAGCTATGGCATGGTGGTGCCTGCCTGTTGTCCCAGCTACTTGGGAGGCTGAGATGGGAGGATTGCATGAGCCCAAGAGTTCAAGGCTGCTGTGAGCTACAATCACG"
"GL873521","23326932","23327034","chr1","153330637","153330743","26","130003705","GACTGGGTATGGTGGCATATGCCTGTAAACCCAGCACTCTGGGAGGCTGTGGCGGGTGGACCAGCCTGAGACCAGCTTGAGAAAGAATAAGACTCTGTCTCTA","GGCTGGGTGTGATGGCTCATGCCTGTAATCCTAGCACTTTGGGAGGCTGAGGCAGGTGGATCACTTGAGCCCAGGAGTTTGGGCAACATGACAGAACCCTGTCTCTA"
"GL873521","23327057","23327213","chr6","85247800","85247964","38","61920743","CCAGACATTGTGACACATGCCTATAGTCCTACTTGGGAGGCTGAGGCAAGAGGATGTCTTGTGCCCAAGAGTTTGAGGTTGCTGTGAGCTATGATACCATAGCACTCTAGTGGGGGGCAAGAAAGTGAGACACTGTCTCAAAAAAAAAAAAAAAAAA","CCAGGCATTGTGGCACATGTGTGTAGTCCCAGCTATTTGGGAGGCTGAGGCAGGAGGATCCTTTGAGCCCAGGAGTTTGAGGCTTCAGTGAGCTGTGATTGGACCACTACACTCTGGCCTGGGCAACAGAGAAAGACCCTGTCTCAAAAAGAAAAAGAAAAAGAA"
"GL873521","23553294","23553452","chr8","101101478","101101641","53","77548184","AAAATAAAGTTAGCTAGACACAGCTTTGGGCACCTGCAGTCCCAGTTACTTGGAGGTTGAGGCAAGAGGATTGTTTGAGCCTAGAGGTTTGAGGATATGGTTTGCTGTAGTTCTACCTGTGAGTAGCCACTGTTCTCCAGCCAGGACACCAGCGCAAGA","AAAAAGACACCAAGTAGCCAGGTGTGGTGCTGCAGGCCTGCAGTCCCAGCTACTTGGGAGGCTGAGGCAGGAGGATTGCTTGAACCCAGGAGTTCAAGACTTCAGTATGCCATAATCGCACCTATGAATAGTCACTGCACTCCAGCCTGGGCGACATAACAAAA"
"GL873521","24165831","24166009","chrX","9218405","9218573","51","14947426","GGCCAGGCACAGCAGCTCACACCCATAATCCTAACACTCTGAGAGACCAAGGTGTATAGATTACCTGAGCTCAGGAGTTGGAGACCACCCTGAGCAAGAGTAAGACCCCCATCTCTACAAAAAAAAAAAAAAAATAGAAAAACTAGCCAGGTGTTGTGGTGGGTACTTACAGTGCCAAC","GGCCAGGCGCAGTGCCTCACACCTGTAATCCCAGCACTTTGGGAGGCCGAGGCGGGTGGATCACTTGAGCTCAGGAGTTTGAGACCAGCCTGAGCAACATGGCAAAACCTCACCTCTACAAAAAAAATACAAAAATTAACCAGGCATGGTGGCAGGCACCTGTAGTCTC"
"GL873521","24270646","24270916","chr8","27224878","27225151","68","2954232","GGCCAGGCACGGTGGCTCACACCTGAATCCTAGCTGGCATTCTGGAAGGCCGAGGTGGGTGGATCACCTGACCTCAGGAGTTCAAGACCATCCTGAGCAAGAGTGAGATGAAACCTCATCTCTAAAAATAGCTAGGCATTGTGGTGGGCACCAGTAGTCCCAGCTACTAGGGAGGCTGAAGCAAGAGGATCACTTGAGTCTAAGAGTTAGACGTTGCTGTGAGCAGTGACGCCACAGCACTCTACCCAGGGCAACAAAGTGAGACTGTCTC","GGCCAGGTGCAGTGGCTCACACCTGTAATCCTAGCCCTTAGGAGGCTGAGGTGGGAGGATCACTTGAGCTCAGGAGTTCAAGACCAGCCTGGGCAATATGGTGAAACCCTGTCTCTACGAAAAATTAGCCGGGCATGGTGGCGCATGCCTGTAGTCCCAGCTACTCAGGAGGCTGAGGTGGGAGGATCATTTGAGCCCAGGAGGCGGAAGTTGCAGTGAGCCAAGATTGCACCACCGTACTCCAGCCTGGGCAACAAGTGAGATCCTGTCTCAA"
"GL873521","24618820","24618994","chr8","68458893","68459071","47","43840073","TCCTAGCACTCTGGGGGGCCGAGGTGGTAGGATCACTTGAACTAGAGTTCAAGACCACCCTGAACAAAAATCACACCCTGTCTGTACTAAAAATAGAAAAATTAGCCAGGCATTATAGTGCATGCCTGTAGTCCCAGCTACCTGGTAGGCTGAGGCAGATCCTCTAGCCCAGGGG","CCCAGCACTTTGGGAGGCTGAGATGGGTGGATCACTTGAGCCCAGGAGTTCAAGACCAGCCTGGGCAACATGACGAAACTCTGTCTTTACAAAAAATACAAAAATGAACCAGGCATGGTGGTGCATGCCTGTAGACCCAGTACTTGGGAGGCTGAGGTGGGAGGATCCCTTGATCCTGA"
"GL873521","24626746","24626855","chr1","205148842","205148953","29","180522096","AAAGAATGACAAAAATTCAGATATGGTGGTATGCACCTATAGTCAGTCACAGCTACTGGGGAGGCTGAGGTGGGAGGCTTTCTTGAGCCCAGGAGGTTGAGTCTAGCAAT","AAAAAGTACAAAGAATTAGCCAGGTGTGGTGGTGCGTGCCTATAGTTCCAGCTACTTGGGAGGCTGAGGTGGGAGGATTGCTTGAGTCCAGGAGTTGGAGGCTGCAGTGAAA"
"GL873521","24781755","24782037","chr5","139301937","139302217","85","114520182","GACCAGGTGTGGTGGCTCACACCTATTAGCCTAGCACTCTTGGCAGCTGAGGCAGGAGGATTCACTCAGAACTTCAAGAGTTAAACCCATGCCTCTACTAAAAATAAGAAAAAAATCAGTCCAGAGTATCATGGTGGGCACTTGCAGTCCCAGCTACTCGCAATGCTGAGGAAGAAGGATAGCTTGAGCCTAGGAGTTTGAGGTTGCTGTAGGCTGGATTTTTGTCATGGCATGCTAGTCTTGGCAACAGAGTGAGACTCTGGGGGAAAAAAAAAAGGAAAAA","GGCTGGGTGCGGTGGCTCACACCTGTAATCCCAGCACTTTGGGAAGCTGAGGCCAGAGGATGGCTTGAGCTCAGGAGTTTGAGTTGAAACCCTGTCTCTACAAAAAATACAAAAATTAGCTGGGTGTGGTGGTGCACACCTGTGGTCCCAGCTACTTGGAAGTGTGGGGTGGGAGGATTGGTTGAGCCCAGGAGGTTGAGGCTGCAGTGAGCCATGATCGTGCCACTGTACTCCCGCCTGGGTGACAGAATGAGACCCTGTCTCAAAAAAAAAAAAAAAAA"
"GL873521","24969692","24969970","chr5","91805199","91805483","78","66835507","GGCTGGATGCAGTGGCTCACACCTATAAACCTAGCACTCTGGAAGGCCACAGTGGGAGAATGGCTCGAGTTCAGGATTTTGAGAGTAGCCTGAGCAAGAGCAAGACCACATCTCTACTAAAAATATAAAAATTAGCAGGAAGTCTTGCTGAATGCATCATCTCAACTGCTCTGGAGGATGAGGCAAGAGGATTGCTTGAACTCAAGAGTTGAGGTTGTGGTGAGCGAGACTGAATCCATAGCACTCTACCCCAGGCAACAGAGCAAGACTTTGTTGAAA","GACTGGGTGCAATGGTTCACATCTGTAATCCCAGCACTTTGGGAGGCCAAGGTGGGAGGATGGCTTGAGCCCAGAAGTTCAAGACCAGCCTGAGCTACATGGCAAAACCCTGTCTCTACAAAAAATGTAAAAATGAGCCAGGCATGGTGGTGCATGCCTATGGTCCCAGCTACTCAGGAGGCTGAGGCAGGAGGATCGCACTAATCTAGGAGATGGAGGCTGCAGTAAGCCGAGATTGAGTCATTGCACTCCAGCCTGGGCGAAAGAGCCAGACTCTGTCTCAAA"
"GL873521","24970004","24970019","chr3","153804291","153804307","1","128834287","AAAACAAAACAAAAAA","CAAAACAAAACAAAAAA"
"GL873521","25391954","25392209","chr7","3491054","3491312","81","21900900","CCTAGTGCAGTGGCTCACACCTGTAATCCTGGAGGCTGAAGCAGATGGATTGCTTTGAGTTCCTGCCTAAATAAAAGTGGGAATCTACTATAGCAAAATTAGCTGGGCGTTATGGTGGGTACTTGTGGTCCCAGCTACTCAGGACGCTGAGGCAGGAGGATTGCTTGAACCAAGGAATTTGAGGTTGTTATGAGCTATGATGATGCCATGGCACTCTACCCAGGCCACAGAGTAAGATTTGGTCTCCAAAAAAAAA","GGCCAGGTGCGGTAGCTCACATCTGCAATCCCAGCACTTTGGGAGGCTGAAGCTAGAGGATCACTTGAGTCTTGTCTCTACAAAAAAAATCAAAAAATTAGCCAGGGCATGGTGGTGCATGCCTGTAGTCCCAGCTACTCGGGAGGCTGAGGCAGGAGGATCACTTGAGCCCAGGAGGTTGAGGCTGCAGTGAGCTGTGACTGTACCACTGCACTCCAACCTGGGCAACAGAGTGAGACCCTGTCTCAAAAAATAATAA"
"GL873521","25453333","25453646","chr22","29946204","29946503","77","4492871","GCCGGGTACAGAGGTGCATTTACCTGTAATCCTAGCACTTTGGGAGGGTAGGGTAGGAGGATGGCTTGGGGCCAGTAGTTCAAGACCAGCCTGAACAATCTAGTGTGACCTCGTCTCCACAAAATATAGAAAAATTAGCCAGGCATGGTGGTGGGCACTTGTATTCTCAGCTTCTCAGGAAGCTGAGGCAGGAGGATCTTTTGAGGCTGGAAGGTTGAGGTTGCATTGTTGAGATTGCACTGAGCTGTGATGACACCACTGCACTCTAGCCCTGGCAACAGAGTGAGATCCTAATTTAAAAAAAAAAAAAAAAA","GCTGGGCGTGGTGGCTCCTTCCTGTAATCCCAGCACTTTGGGAGGCCAAGGCTGGAGGATCACCTGAGTCCAGGAGTTTAAGACCAGCCTGGGCAACATAGGGAGACCCTGTCTCTACAAAAAATAAAAAATTAGCCAGGCATGGTGGTGTGCACCTGTAGTCCCAGCTACTCAGGAGGCTGAGGCAGGAGGATCTCTTGAGCCTGGGAGGTCAGACTACAGTGAGCAATGATTGTGCCACTGCACTCCAGCCTGGGTGACAGAGTAAGACTCTGTCTCTTAAAAAAAAAAAAAAAAAAA"
"GL873521","25473197","25473312","chr11","64318421","64318538","25","38845224","GGGCATGGTAACTCACTCCTATAATCCCAGCAGTTTGAGAGGCCAAGGCTGGAGGATCACTTAAGGCTAGGAGTTCATGACTGGTCAGGGCAACATAGTAAGACTTATTCTCTACA","CCAGGCATGGTGGCTCACACCTATAATCCCAGCACTTTGGAAGGCCAAGGCGGGAGGATCCCTTGAGGCCAGGAGTTTGAGACCAGCCTGGGCAACATAGCAAGACTCCGTCTCCACA"
"GL873521","25473339","25473487","chr1","35894728","35894879","40","10421389","AAGAATTAGCTAGGCATAGTGGTGCGCAGCTGTAGTTCCAAGTACTTGGGAGGTTAAAGACCATGTGAGCGCAGGAGTTCAAGGCTACAGTGAGCTGTGATCATGCCACTGCACTCTGGCCTGGGTGACAGAGTCTGTGTCATAAAAAA","AAAAATTAGCCAGGCATGGTGGCACATGCCTGTGGTCCCAGATACTTGGGAGGCTGAAGTGGGAGGATCACTTGAGCCCAGGAGATCAAGGCTGCAATGAGCCATGATCATGCCACTGCACTCCAGCCTGGGCAACCCTGTCTTTAAAAAAA"
"GL873521","25493130","25493293","chr4","75562087","75562252","41","50068957","CTTAGAGTTGTGGTGGGCTCCTGTACTCCCAGCTACCCAGGAGGTGAGGCTGAGGCAGGTGGATCACTTGAACCCAGGTATGTGAGGTTGCTGAGAGCTAGGATGACACACAGCACTCTAGCCTGGTGACAGAGTGAGTCTATGTCTCTAAATAAATAAATAAA","TTAGCTGGGTGTGGTGGCATGCACCTGTAGTCCCAGCTACTTAGGAGGCTGAGGCAAGAGGATCACTTTAGCCCAGGAGGTGGAGGTTGCAGTGAGCTGAAATCATACCACTGCACTCCAGCCAGGGTGACAGAGTGAGACCTTGTCTCAAAAATAAATAAATAAA"
"GL873521","25493320","25493467","chr9","31337596","31337743","33","5844276","GACTGGGCTTGGTGGCTCATGCCTGTAATCCTAGCATTCTGGGAAGCTGAGGCAGGAGAATCACTTGAGGTCAGGAGTTCAAGACCAGACTGAGCAAGAGTGAGATCTTGCCTCTACTAAAAAAATATATATTTTTAAAAAATAATGC","GCTGGGTGTGGTGGCTCACACCTGTAATCCTAGTGATTCAGGAGGCTGAGGCAGAAGGATCACTTGAGGTCAGGAGTTTGAGAGCAGACTGAGCAACAGAGTGAGACCCCCTCTCTAAGAAAAAAATATTAAAAAAAAAAACAACCGC"
"GL873521","25793453","25793728","chr15","82250472","82250741","88","56457019","CAGGTATGGTGGCTCACACCTGTAATCCCAGCACTTCGGGAGGCCAGGAGGTGGGGGAGAGGCTCTCTTGAAGCCAGGAGTTCCTGACCAGCCAAGCAACAGGCGAAACCTTATCTCTACAAAATATTAAAGAAAAAAGGAAATTAGCCAGGTATAGCAGTAGACATCCATAATTCCAGATACTGTCGTGGCTAGGACAGGAAGATCACCTGTGATTGTGCCACTGCATCCCAACTTGCCAAAAAAGCAAGATGCTGTCTCTATAAAAGAAAACTA","GCCGGGCACGGTGGCTTATGCCTGTAATCCCAGCACTTTGGGAGGCCGAGGCAGGAGAATCGCTTGAGCCCGGGAGTTTGAGACCAGCCTGGGCAACATGGTGAAACCAAGTCTCTACAAAAAAATACAAAAAAATTAGCCAGGTGTCGTGGTGCACGTCTGTAGTCCCAGCCACTCCTGGGAGGTCGAGGCTGCAGTGAGCTGTGATCGTGCCACTGCACTCCAGCCTGGGGAACAGAGTGAGACCCCGTCTCAAAAAATAAAAAAAAA"
"GL873521","25946379","25946540","chr16","48668108","48668267","54","22721729","GTTGAGGCAGGATTTCTTGAGGCTGGGAGTTGGAGACCAGCCTGAAAAACATGTTGATACCATTGCTACAGAAATTAGAAGAGTTAGCTGGGTATAGTGGTGCATCCCTGTAGTTCCAACTACTAGGGATGCTGAGGCAGGAGGGTCACGTAAGCCCAGGAG","GTGGGAGGATTTCTTGATCCCAGGGGTTCAAGACCAACCTGGGCAACATAGTGAGACCCTGTGTATACTGAACAAAAACAATTTTTCAGGCATGGTGGCACACACCTGTAGTCCGAGCTATTCGAGAAGCTGAGATGGGAGGATCCCTTGAGCCCGGGAG"
"GL873521","25955927","25956105","chr3","43378154","43378339","50","17422227","AAAAAATAGAAAAATTAGCCATGTGCAGTGGCATGTGCCTATAGTTCCACCACTGTAGGGGCTGAGGTAGGAGGATCCCTTAAGACCAGGACTTTGAGATTGCTGTGAGTTATGACATCACTGCTGTCTGGTTGGGTGACAAAGGGAGACTTTGCCTCAAAAAAGGGAAGAAAGAAAAA","AAAAATACAAAAATTAGCCGGGCATGTTGGCATGTGCCTGTGGTCCCAGCTACTCCAGAGGCTGAGGTGGGAGGATCACTGGAGCCCGGGAAGTTGAGGCTGCAGTGAGCTGTGATCACACCACTGCACTCCAGCCTGGGTGACAGAGTGAGACCCTGTCTCAAAAAAAAAAAAAAAAAAAAAAAA"
"GL873521","26298260","26298339","chr4","95794331","95794409","18","69496071","GGCTGGGTGCATCAGCTTATGCCTGTAATCCCAGTACTTTAGGAGGTTGAGGTAAGAGGATCACTTAAGAACAGGAATCC","GGCTAGGTGCAGTGGCTTACACCTGTAATCCCAGCACTTTGGGAGGCCGAGGCAGGAGGATCACTTGAGCCCAGGAGTT"
"GL873521","26307582","26307851","chr5","152032216","152032514","85","125724634","GCTGGGCATAGTGGCTCACACCTACACTCTTAGAGGCCAGGGCAGATGAATTATTTGAGCTTGGGAGACCAGACTGAGCATGAGTGAGATCCTGTTCCTACTAAAAATAGAAAAATTAATTGGGTGTTGTGCCTGTAGTCCCAGCTACTTGGAAGGCTGAGGCAAGAGGATCACTTGAGCCCAAAAGACTGAAGTTCTAATGCCAAACATGCTACTCAGAGGGACAGAATGAGACTCTGTCTCAAAAATAAATAAATAAATAAATAAATA","GGCTGGGCACAGTGACTCACACCTATAATCCCAGCACTTTGTGAGGCTGAGGCAGGCAGATTATTTGAGCCCCTGAGGTCAAGACCATCCTGGGCAACATGGCAAAACCTCATCTCTACAAAAAATACAAAAATTAGTTGGGTGTGGTGGCATACGCCTATAGTCCCAGCTCCTCAGGAGGCTGAGGTAGGAGGATGGTTTGAGCCCAGGAGATGGAGGTTGATCATGCCACTGCTCTCCAGACTGGGCAACAGAATGAGACTCTGTCTCACAAAAAATGAAACAGAATAAAATAAAAA"
"GL873521","26951040","26951317","chr17","16672309","16672598","75","10278731","TGGCTTACACCTGTAATCCTAGCACTCTGAGAGGAGTGAGGCAGATTGCTTGAGCTTAGGAGTTTAAGACCAGCCTGAGCAAGAAAGATCCCATTTTTACTAAAATAGAAAACTAGCCAGGGGTGGTGGCCTATGTCTGTAGTCCCAGCTACTCGGTAGGCTAAGGCAAGAGGATTGCTCAAACCCAAGAGTTTGAGATTGCTGTGAGTTCTGGTGCCATGACACTCTATCCAGGGTAACAGAGTGAGACTTTGTCTAAAAAAGAAATAAAATAGGTG","GTGGCTCACACCTGTAATCTCAGCACTTTGGGAGGCTGAGGCGGGAGGATCACTTGAGCCCAGGAGTTTGAGACCAGCCTGAGCAACATAGTAGGCTCCTGTCTCTACAAAAAAATACAAAAATTAGCTGGTACTGGTGGCATGTGCCTGTAGTCCCAGCTACTCAGGAGGCTAAGGCAGGAGAATCGCTTGAGCCCAGGAGGTTGAGGCTGCTATGAGCTGTGATGGCACCACTGCACTCCAGCCTGGGTGACAGAGTGAGACCTGGTCTCAAAAAGAAAAAAAAAAAA"
"GL873521","26951542","26951557","chr3","53948633","53948648","1","26997091","AAAAGAAAGAAAGAAA","GAAAGAAAGAAAGAAA"
"GL873521","27061553","27061681","chr3","122788793","122788920","26","95727240","GGCCACGCACAGTGGCTCATGCCTTTAATCCTAGCTTTCTGTGGAGGCCAAAGCAAATGGATCACTTGAACTCAGGAGTTCAAGACCAGCCTGAGCAAGAGCAAGACCCCATCTCTACTAAAAATAGAA","GGCCAGGCACTGTGGCTCATGCCTGCAATCCCAGCACTTTGGGAGGCCAAGGCAAGAGGATTGTTTGAGCCCAGGAATTCAAGACCAGCCTGGGCAACTCAGGAAGACCCCATCTCTACAAAAAACAA"
"GL873521","27061706","27061860","chr8","96136998","96137163","44","69075292","TAGCTTGGCATTGTGGTAGGCACTGGCAGTCCCAGTTACTTCGGAGGCTAAAACAAGAAGGATTGCTTGAATCCAGTGAGGTTGCTGTGAGCTATAATGTCATGGCACTTCTCCCCAGGGCAACAGAATGAGACTATCTCAAAAAAACAAATAAA","TTTAGCTGGGAAGGTTGGCACGCACCTGCAGTCCCAGCTACTTGGGAGGCTGAGACTGGAGGATTGCTTGAGCCCGAGAGGTCGAGGTGGCAGTGAGCCATAATCACACCACTGTACTCCAGCCTGGGTAACAGAATGAGACTCTGTCTCAAAACAAACAAACAAA"
"GL873521","27073730","27073910","chr1","68095575","68095737","50","41021845","GAGCAGCCTGAGCAGCTAGGGTACTGCTCCCTGCCTCTAGTCCCAGCTACTTGAGGGGCTAAGGCAGGAGGATTGTTTGAGCCCAGGAGCCCAGGAGTTTGAGATTGATGTGAACTAGGCTGATGCCATGGCACTCTAAACTGGGCAACAGAGTAAGACTCTATCTTAAAAAAACAAAAAA","TTAGCCCTGCATGGTGGCACATGCCTGTAGTCCCAGCTATTTGGGAGGCTAAGGCAGGGGGATGGTTGGAGCCCAGGAGGCAGAGGTTGCAGTAAGCTGAGACTGAGCCATTGCACTGCAGCCTGGGTGACAGAGTGAGACTCTGTCTCAAAAAAAAAAAAAA"
"GL873521","27074182","27074275","chr19","50666183","50666279","26","23592001","GCTGGGTACTGTGGCTCAAGCATGTAATCATAGCACTCTTGAGGCCAAAGTTTGGAGGATCCCTGAAGCTCCAGAGTTTAAATGCAGCTTGAGT","GGCTGGGCTCTGTGGCTCATGCCTGTAATCCCAGCACTTTGGGAGGCCGAAGTGGGAGGATCACTTGAGTCCAGCAGTTTGAGAGCAGCCTGGGCAA"
"GL873521","27115551","27115853","chrX","48006439","48006741","74","20890888","GGCCAGGTGTGGTGGCTCCTGTAATCCTATCACTATGGGAGGCCAAGGTGGGTGGATTGCTTGAGCTCAGGAGTTGGAGACTAGCCTAGGCAAGAGTGAGATCCCGTATCTACTAAATAGAAAAACTAACCAGGTTCCAGGTGCCTGTAGTCCCAGATTCTTGGGAGGCTGAGGCAAGAGGATCACTTAAGGTCAGGAGTTTAAGGTTGCTGTGAGCTATGATGTCATAGCACTCTACCCAGGGTGACAGAGTGAGACTCTATCTCAAACAAACAAACAAACAAAACAAAAACAACAAAAAAA","GGCTGGGCTCAGTGGCTCACGCCTGTAATTCCAGCACTTTGGGAGGCCAAGGTGGGCGGACTGCTTGAGCTCAGGAGTTCGAGACCAGCCTGGGAAACATGGCGAAACCCCATCTCTTAAAAAAAAAAAATTATCTGGGTGGCAGGAGCCTGTAGTCCCAGCTACTTGGGAGGCTGAGGTAGGAGGATCACCTGAGCCCGGGAGGTCAAGGCTGCAGTGAGCCATGATCGTGCCACTGCACTCCATCCTGGGTGACAGAGTGAGACCCTGTCTAAAAAAAAAAAGAAAAAAGAAAAAAAGAAA"
"GL873521","3621655","3621735","chr19","38588582","38588671","29","34966927","AAACCCCCCAGAAAATTAGCTGTAGTCCAGCTACTTGGGAGGGTGAGGCAGGATTGCTTGAACTCAGGAGGCTGAGGTTGC","TTAGCCAGGTGTGGTTGTGCACGCCAGTAGTCCTAGCTACTCAGGAGGCTGAGGCAGGAGGATTGCTTGAGCCCAGGAGTTTGAGGCTGC"
"GL873521","3642385","3642519","chr4","190118736","190118870","25","186476351","GGCTGGGTGAGGTGGCTCACACCTGTAATCCCAGCACTCTGGGAGGCCAACAGGGATGGAGCACCTGAGCTCAGGAGCTTGTGCCCAGCTTGAGCAAGAGTGAGACCTCATCTCTGTTAAAAACAGAAAAAAAAA","GGCTGGGTGCAGTGGCTCACACCTGTAATCCCAGCACTTTGGGAGGCCAAGGTGGGAGGATCACTTGAGCTCAGGAATTCGAGACCAGCCTGGGCAACATAATGAGACTGCATCTCTGTAAAAAAAAAAAAAAAA"
"GL873521","3642815","3642983","chr6","117522072","117522244","43","113879257","AAAAAAACTAGCCAGGCATTGTGGCGAGTGCCTGTAGTCCCAGCTACTCGGGAGGCGGAGGCAAGAGGAGTGCTTAATCCCAAGAGTTTGAGGTTGCTGTAAGCTATGACACTCATTCTACTCAGGGTAACAAAGTGAGACTCTGTCTCAAAAGGAAAAAAGAAAGAGA","TAAAAAAATTAGCCAGATGTGGTGGCATGTGCCTGTAGTTCCAGCTACTCGGGAGGCTGAGGCAGGAGGATTGCTTGAGCTCAGGAGTTCGAGGCTGCAGTGAGCTATAATTGTGCCACTGCACTCTAGCCTGGGTGACACAGTGAGACCTTGTCTTTAAAAAAAAAAAAAAA"
"GL873521","3668981","3669096","chr1","92774326","92774442","25","89105345","GGCTAGGCTCAGTGGCTCATGCCTATAATCCTAGCACTCTGGGAGGCTGAGACAGGTGGAGTGCCTACGTTCAGAAGTTTGAGACCAACCTGGGGAAGAGTGAGACCCTTGTCTCT","GGCCAGGCGCAGTGGCTCACACCTGTAATTCTAGCACTCTGGGAGGCAGAGGCAGGCAGACTGCTTGAGCTCAGGAGTTCGAGACTACCCTGGGCCACACAGTGAGACTTTGTCTCT"
"GL873521","3669118","3669287","chr19","44556029","44556196","40","40886911","GCCTAGCCATGCATTATGGTGGGCACCTGTAATCCCAGCTACTTGAGTGGCTGAGACAGGAGGATTGCTTGGGCCCAGGTGTTTGAAATTGTCGTGAGCTATGACAACACTATAGCACTCAACCCAGGGCACAGAGTGAGACCCTGTCTCAAAAAAAATAATAAATAAAA","TTAGCTGGGCACGGTGGTGTGCACCTATACTCCCAGCTACTCTGGAGGCTGAGACAGGAGGATTGCTTGAGCCCAGGAGTTCAAGACTGCAGTGAGCTAGGATCGCACCATTGCACTCCAGCCTGGGCAACAGAGTGAGGCCCTGTCTCTAATAATAGTAAAAAAAAA"
"GL873521","3669631","3669737","chrX","25092369","25092466","29","21422738","GGTTAGGCATGGTGGCTTACACATGTAATCCCAGCACTTTCAGAGGCTGAAGTAGGAGGATCTCTCAAGAGACCATCAGAGGGAGACCCTGTCCTTATAAATAATTA","GGGTGTGGCGGCTCAAACCTGTAATCCCAGCACTCTGTGAGGCTGAGGCAGGAGGATCGCCTGGGCAATATAGTGAAACCCTGTCTGTATTAATAATA"
"GL873521","3670024","3670183","chr1","26355033","26355200","40","22685009","TTGGTTGGGTGTGGTAGCACTTGCCAATAGTCTTAGCTACTTGGGAGGCTGAGGCAGGAGGATCCCTTGAGCCCAGGAGTTCAAAGTTGTAGTGAGCTGTAGTAGGGCCACTATAGGGTAAAAGAGTAAAATCCTGTCTCAAAAAAAAAAAAAAAAAAAA","AACTAGCTGGGTGTGGCGGCGTGTGCCTGTAGTCCCAGCTACTTGGGAGGCTGAGGCAGGAGGATCACTTGAGCCCAGGAGTTCAAGGCTGCAGTGAGCTAAGATCATACCACTGCACTCCAGCCTGGGTAATAGAGTGAGATCCTGTCTCAAAAAAAAAAAAAAAAA"
"GL873521","3713060","3713213","chr16","52591348","52591478","53","48878288","ACTAAAATTGTAAAGCCTAAGCTGGGTGTCATGGTGCACACCTGGAGATCCAGCTCCTCGGAGGCAGAGACAGGAGGATCTCTTGAACCCCAAAATTTGAACACAGTGCGACAACATAATGAGACCCACCTCTTACAAAAAATTACAAAGACTA","GCTGAGTGTGGTGGTGTGTGCCTATAATTCCAGCTACTCAGGAGGCTGAGGCAGGAGGATCACTTGAGCCCAGGAGTTTGAGACCAGCCTGGGCAACACAGTGAGACCCCATCTCAAAAAATTAAACATTA"
"GL873521","3858021","3858181","chr15","40727742","40727900","45","36869721","GGAAAAATTAGCTCAGCATTGTGGTGGGTGCCAATAGTCCTAGTTACTGGGGGGGTGGAGGGTTGAGGCAGGAGCTTGAGCTCAGGAGTTTGAGGTTGCTGCGAGCAAGGCTCATGCCATGGCACACTAGCCTGGACAACAGAGTGAGAGTCTGTCTCAAA","TTTAAAAATTAGCCAGGCATGGTGGTGACCACCTGTAGTCCTAGCTATTCAGGAGGCTGAGGCAGAAAGATTGCCTGAGCTCAGGAGTTTGAGGTTACAGAGAACTCTGATCATGCCACTGCACTGCAGCCTGGGCAACAGAGTGAGACTCTGTCTCAA"
"GL873521","3858456","3858567","chr17","26390105","26390216","27","22531649","GGTTGGATGCAGTGACTCACGTTTATAATCCTAGCACTCTGGGGAGCAGAGGCAGGAGGATCCCTTGAGCTTAGGAGCAAGACCCCATCTCTACTAAAAAATGGAAAAATTA","GGCCGGATGCAGTGGCTCACGCCTGTAATCCCAGCACTTTGGGAGATGGAGGTGGGAGGATCGCTTGAGGCTAGGGGTTCGAGACCACATCTTTACAAAAAATTTAAAATTA"
"GL873521","3958462","3958555","chr3","156881552","156881648","15","152923090","GGCCAAGTGTGGTGGCTCACGCCTGTAATCCCAGCACTCTGGGAGGCTGAGGCAGAGAATCACTGGAGCGCAAGAGTTTGAGACTAGCTTGAGC","GGCCAGTTGTGGTGGCTCACACCTGTAATCCTAGCACTCTGGGAGGCTGAGGCTGGAGGATCACTTGAGCTCAGGAGTTTGAGACCAGCCTGGGCAA"
"GL873521","4004289","4004415","chr2A","53135817","53135938","36","49131528","GCCGGGCGCGGTGGCTGACACCTGTAACCGAGCACTTTGGGAGGCATCTGTAGGAGGATCGCTTGAGGCCAGGGATTGGAGACCTCCCGCCCTACAAATGATTTTAAAATAAACTGCTTATGCTGGG","GCCAGGTACAGTGGCTGACATCTGTAATCCCAGCACTTTGGGAGGCTGAAGTGGGAGGATCACTTGAGGCCTGGAGCTTGAGACCAGCCTTGTCAACATAGTGAGATTAAAAAATTAGCTGG"
"GL873521","4004664","4004811","chr5","141173286","141173416","45","137168622","CTGCTTATGCTGGAGGACCCTCACCCCACCCCACCCCCACACACACCTTGTGCTCCTGACTTGGAGACTGCAGTGAACTATGATCAGGCCGCTGCCCTCCAGCGTGAGCGACAGAGCATGACCCTGTCAAAAAAAAAAAAAAAAAAAA","CTACTTGGGAGGCTGACCCACGAGAATCACTTGAACCTGGGAGGTAGGCTGCAGTGAGCTAAGATCACACCACTGCACTCCAGCCTGGGCAACAGAGCAAGACTCTGTCTCAAAAAAAAAAAAAAAAAAAA"
"GL873521","4367979","4368038","chr4","148843957","148844014","16","144475978","GGGCCCGGATAATGGCTCTAATCCCAGCTACTTGGGAGGCTGGGGCAGAAGGATCGCTTG","GCAATGGTACATGCCTATAATCCCAGCCCTTTGGGAGGCTGAGGCAGGAGGATCACTT"
"GL873521","4416492","4416644","chr15","38442496","38442652","39","34026004","GACAAAAATTAGATGGGCGTGGGGCTGTAGTTCCAACTACTCTGGAGGCTGAGGCAGGAGGGTTGCTTCAGCCCAGGAGTTTGCGGTTGTAGTGAGCTATAATGATTCCACTGCACTATAGCATGGTGACAGAGTAAGACTGTATCTCAAAAA","TTAGCCAGATATGGTGGTGCATGCCTGTAGTCCCAGTTACTTGGGAGGCTGAGGCGGGAGGATTGCTTGAGCCCAGGAGTTTGAGGCTGTGGTGAGCTATGATTGTGCCACTGCACTCCAGCATGGGTAACAGAGCAAGACCCTATCTCTTTAAAAA"
"GL873521","4416915","4417046","chr12","122239412","122239544","30","117822497","GCCTGGTACAGTGGCTCACAGCTGTAATTCTACCACTCTGGCAGACTGAGGCAGGAGTATAGCTTGAGGTCAGGAGTTAGAGAGCAGCCTGAGCAAAAGTGAGACCCTCTATTAAAAATAGAAGAATTAGGG","GGCTGAGCACGGTGGCTCATACCTGTAATCCTAGCACTTTGGGAGGCTGAGGCGGGAGGATTGCTTGAGGCCAGGAGTTTGAGACCAGCCTGGGCAACATAGTGAGACCCCATCTCTAAAAAAAAAAAAATTA"
"GL873521","4508052","4508216","chr1","180937305","180937458","45","176429253","CGCCAAAATAGCCACGTATGGTTGTGTGCACCTATAGTCCCAGCTATTTCAGAGGCGGAGACCATAAGACCACTTGCACCCAGGAATTTGAGGATACAGCAAGCTGTGATCATGCCACTGCACTCCACTCCAAGCCACAGACTGAGGCCTTGTCTCTTAAAAAAA","GCAAGCCAGGTGTGGTGGCATTTGCCTATAGTCCCAGCTATGTCAAAGGCTGAGACAAAAGTATCACTTGAACCCAAGAGTTAGAGGTTACAGTGAGCTATGATCGCACCACTGCACTCCAGCCTAGGCAACAGAATGAGACCCTGTCTCTAAA"
"GL873521","4508241","4508340","chr4","142826785","142826889","25","138318544","CCAGGTGCCATGGCTTATGCCTGTAATCCCAGGGCTCAGCTTGAGGCAGATGATCACTTGAAGCCAGGAGTTCGAGACCAGCCTGGGTAACACAGTGAGA","GGCCAGGTGTGGTGGCTCATGCCTTTAATACCAGGGCTTTGGGAGGCTGAGGCAGGACGATCACTTGAGGCCAGGTGTTTAAGACCAGCCTGGGCAACATAGGGA"
"GL873521","4585645","4585775","chr1","22024766","22024901","32","17439121","GCTGGGCAAGGTGGCTCACGCCTGTAATCCGAGCACTCGGGGAGTCCAATAGGGGTGGATTGCCTGAGCTCAAGTTCAAGACCAACCCAAGCAAGAGTAAGACCCCATCTCTACTAAAAATAGAAAAAACA","GCCAGGTGAGGTAGCTCACGCCTGTAATCCCAGCACTTTGGGAGGCCAAGGTGGGTGGATCAACTGAGGTCAGGAGTTCAAGACCAGCCTGGCCAATATGGTAAAACCCCATCTCTACAAAAAATACAAAAATTAT"
"GL873521","4586039","4586216","chr5","162553581","162553768","45","157967542","TAATAGAAAAACTAGCCACTGGTAGGCACCCATAGTCCCAGCTACTTGGGAGACTTAGGCAAGAGAATCACTTAGCCCAAGAGTTTGAGGTTGCTGTGAGCTATGATGCCATAGCACTCTACCCACAGTGCCAGAGTGAGATTCTGTCTCAAAACAAAAAAAGAAAGAAAGAAAGAAA","AATTTAAAAATAGCCAAGTATAGTGGCATGCCTCTGTATTCCTAGCTACTTAGGAGACTGAGGCAGGAGGATCACTTGAGCCCAAGTGTGTGAGGCTGCAGTGAGCCATGATCCAGCCACTGCACTCGAGCCTGGAAGACAGAGTGAGATACTGTCTCAAAAAAAAGAAAGAAACGAAAAGAAAGAAA"
"GL873521","4615177","4615298","chr12","11845861","11845982","46","7230684","AAATATAATGAGTAGCTGGGTGTGGAGGCACGTACTTCTACACCCAGCTACATAGAAACTGTGTAGCAGGCAGGAAGATAGTTTAATTAATATAGTGAGAACCCCATTTCAAAAAGAAAGAA","AATACAAGGAAGCCAGGTGTGGTGGCATGCACCTACAGCCCGAGCTACTCGGGAAGCTTTGAACTGGAGACAAGCCTGGGCAACATAGTGAAACCCCATCTCCCTCTAAAAACAAGGAAAGA"
"GL873521","4639212","4639298","chr17","29760224","29760310","16","25121012","GGCCTGGCACAGTGGCTCATACCTATAATCCTAGCACTCTGGGAGGTGAGGTGGGGAGGATCCTTTGAGCTTAAGAGTTTGAGATCA","GGCCATGGGCAGTTGCTCACACCTATAATCCCAGCACTTTGGGAGACTGAGGTGGGAGGATCGCTTGAGCACAGGAGTTTGAGACCA"
"GL873521","4757227","4757326","chr1","32811419","32811520","26","28054192","TAAAATAAATAAATCAGCTGGCAGTGTGGTAGGCAACTGTAGCCCCAGCTACCCAGGGCTGTGGCAGGAAGGTGACTTGAGCCCAGTAGTTTGAGGTTGC","ATTAAATTAAATGGAGCCGGGCGTGGTGGTATGCACCTGTTGTCCCAGCTACTCAGGAGGCCAAGGCAGGAGGATCACTTGAGCCCAGGAGTTTGAGGATGC"
"GL873521","4757600","4757715","chrX","124471265","124471386","33","119713665","GGCTGAGCAGTGTGGCTCACGCCTGTAATCCTAGTGCTTTGGGAGGCTGAGGTGGAGTGAATTCCAGACCTGCCTGAACAAGAGAGTTTTTGTCTCTACTAAAAATATAAAAATCA","GGCTGGACACCGTGACTCACGCCTGTAATCCCAGCACTTTAGGAGGCTGAGGCAGGAGGATTGCTCAAGACTAGCCTGGCCAACATGGTGAAACCCCGTCTCCACTAAAAATACAAAAATTA"
"GL873521","4833908","4834183","chr20","5619662","5619943","68","785754","GGCCAGTGCAGTGGCTCATGCTGTAATCCCAGCCCTCTGGGAGGCTGAGGCAGGCGGATCCCCTGAGCTCAGTGGTTGGAGACCAGCCTGAGCAAAAGTGCAACCCCGGCTCTACTAAAAATAGAAAAAACATTAGCTGGGCTGGGTGGCAGCTGCCTATAGTTACAGCTAATAGGAAGGCTGAGACAGGAGGATGGTTTGAGCTCAGGAGGTTGGGGTTAAGATATGGTGACACCACTGCATGCTACCTGGGGCACAGAGCAAGACTCTTGTCTC","GGCCAGGTGCAGGGGCTGACACCTGTAGTCCCAGCACTTTGGGAGGCTGAGGCAGGAAGATCACTTAAGCCCAGGAGTTCGAGACCAGCCTGCGCAACATGGTGAAAACCCGACTCTACAAAAAATACAAAAACTAGCCAGGCATGGTGGTGCCTGCCTGTAGTCCTAGCTACTCAGAAGGCTGAGATGGGAGGATTGCTTGAGCCCAGGAGGTTGAGGTTGCAGTGAGCTGAGATGACACCGCTGCATTCCAGCTTGGGTGCCAGAGCAAGACCCTCTCTC"
"GL873521","4857882","4858053","chr13","48157593","48157767","59","43299711","GACCAACCAGAGTAAGAATAAGACCCCTGTCTCTACAAAAAAATGCCAAAATTAGCCAGGCATAGTGGCATGCACCTATAGTCCCAGCTACTATAGTTTTGAGGTTGCTGTGAGCTATGACGATGACATTGCACTCTACCCCAGGCAACACAGCAAGGCTCTGTCTCCAAAA","CCAGCCTGGACAACATAGGGAGACCCTGTCTCTACAAAAAAATTTTCAGAAAATTAGCTGGGCACCATGGCGCATTCCTATAGTCCCAGCTACTCAGGAGGCTGCAGTGAGCCATGATTGTGCCACTGTGCTCCAGCACGGGTGACAGAGCAAGACCCTGTCTCTTAAAAAAAAA"
"GL873521","4858329","4858418","chr2B","246546136","246546224","17","241687807","CAGGAGCAGGGGCTCACACCTATAATCCTAGCACTCTAGAAGGCCAAGGCTGGAGGATTACTTGAGGCCAGAAGTTCATGACCAGCCAGT","CCAGGTGCTGTGGCTCATGCCTGTAATCCCAGCACTTTGAGAGGCCTAGGCAGGAGGATTACTTGAGGCCAGAAGCTCAAGACCAGCCT"
"GL873521","4904065","4904344","chr20","3250028","3250308","77","1654037","GGCCAGGCATGGCGGCTCAGCCTATAATCTGGGAGGCCAAGGCTCAAGGAGTTTGAGACCTGCCTGAGCAAGAGCAAGACCCTGTCTCTACTAAAAATAGAAAAAACAGCCAGGTGTTGTGGCAGGCACCTGTAGGCCCAGCTACTTGAGAAACTGAGGCAGGAGGACTGCATGAGCTCAGGAGTTTGAAGTTGCTGTGAGCTAAGAAGCCACAGCATTCTAGTCTGTAGCAACAGAGTGAAACTGTCTCAAAAACAGAACAAAACAAAACAAAACAAAA","GGCCAGGTGCAGTGGCTCACACCTATAATCCTAGCACTTCAAGGCCAAGTTCGAGACCAGCCTGGGCAACATGGCAAAACCCTGTCTCTACAAAAAAAAAATAAAAATTAGCCAGGCATGGTGGCGCTCACCTGTAGCCCCAGCTTCTTGTGGGGCTGAGGCAGGAGGATTGTTTGAGCCTGGGAGACAGAGGTTGCAGTGAACCTATATCATGCCACTGCACTCCAGCCTGGGTGACAGAGTGAAACCCTGTCAAAAAAAAAAAAAAAAAAGAAAGAAAA"
"GL873521","5548943","5549231","chr4","172002891","172003185","72","166453948","GACTGGGCACAATGGCTCACGCCTATAATCCTAGCACTCTGGAAGGCCAAGGTGGGTGGATTACTTGAGCTCACAGGTTTGGGACCATCCTGAGCAAGAGTAAAACCTCATCTCTAAAAATAGCCCGGCATTGTGGTGGGTACCTTGTAGTCCCAGCTAGTTGGGAGGCTGAGGCAAGAGAATCTCTTGAGCCTAAGACTTTGAGGTTGCTGTAAGCTGTGATGCCATGGTACTCTACCGAGGGTGACATAGTAAGACTCTATCTCCAAAAAAAAGAAAGGAAAAAGAA","GGCCAGGCACAGTGGCTCATGCCTATAATCCCAGCAATTTGGGAGGCCAAGGTGGGAGGATCACTTGAGCCCAGGAGTTGGAGACCAGCCTGGGCAACATGGCAAAACTCCATCTCTACAAAAAATAGAAGCCAGGTGTGGTGGTGTGCATCTGTAGTCCCAGCTACTTGGGAGGCTGAGGTGGGAGAATCGCCTGAGCCTGGGAGGTGGAGGTTGCAGTGAGCCAAGATCATGCCACTGCACTCTAGCCTGGGTGTCAGAGTGACAACTTGTCTCAAAAAAAAAAAAAAAAGAA"
"GL873521","5616768","5616899","chr1","134480867","134480991","29","128864099","GTGGCTCTCTCCTGTAATCCCAGCACTTTGGGAGGCCAGGGGAGAGGATTGCTTAAGGCCAGGTATTTGAAACCAGCCTGGGCAACACAGAGAGATATGCCCATCTCTACCAAAAGAAAAAAATTGCTAGGA","GTGGCTCATGCCTGTAATCCCAGCACTTTGGGAGGCCAAGGAGTGAGGATTGCTTAAGTCCAGGAGTTCAAGAACAGCCTGGGAAACATAGTAAGATCCTGTCTCTACAAAAAATAAAAAATTGT"
"GL873521","5617203","5617331","chr3","201848039","201848154","42","196230836","TTAAAAGTTTGCTGGGCTTGCTGAAGTGTGCCTGTAGTCCCAGCTACTCAAGAGACTAAAGTGGGGGGGATCAACAGAGCCCAAGAGTTTTAGCCTGTTCTGAATCACTGGACCACTGCATTCCTGTCT","ATTAGCTGGGCGTGGTGGCGGCTGCCTGTAGTCCCAGCTACTCAGGAGGCTGAGGTGGGAGGATCACCTGAGCCCGGGAGGTCGAGGCTGCAGTGAGCAGTGATGACGGCACTGCA"
"GL873521","5813449","5813645","chr8","55925895","55926096","51","50112446","TCTATAAATATATAGAAATTGCCAGGCACTGTGGCTAATGCCTGTCATCCGAGCACTTTGGGAGGCTGAGGCAGGAGGATCATTTGAGCCCAGAAGTTGGAGGCTTCTATGACTGGGGTGCTGCACTACAGTGGAGGCTGGGTGAAAGAGCAAGATTCTGTCTCTAAAAAACATACAAAACAAACAAACAAACAAAA","TCTCTACAAAAAAATAAAAAACTAGCCGGGCATGGTGGCACATGCCTGTAGTCCCAGCTACTTGGGAGGCTGAGGCAAGAGGATCACTTTACCCCAGGAGGTCGGGGCTGCAGTGAGCTGTGTTCATACCACTGCACTACAGCCTGGGTGACAGAGCAAGACTCTGTCTCAACAAAACAAAACAAAACAAAACAAAACAAAA"
"GL873521","5816723","5816839","chr7","150519989","150520108","29","144703266","GGCTTACACCTGTAATCCTAGCACTTTGGGAGAGTGGGAGTATGGCTCGAACCCAAGAGTTGGGAGACCAGCATGGGAAAGAATGAGACCCTGTCTCTACAAAAATAGAAAAATTAG","TGGCTCACATCTGTAATCCCAGCACTTTGGGAGGCCAAGGTGGGAGGATTGCTTGATCCCAGGAGTTGGAGACCAGCCTGGGCAACATAGTGAGACCCTGTCTCAACAAAAATTTATTTT"
"GL873521","6392280","6392393","chr13","98865790","98865887","34","92473510","GGCATGGTGATACATGCCAGCGACTTAGGAGGAGGACCCCTTGAGCAAGTGAGCAGTGATTGTGCCACTGCACCTCCAGCCTGAGCAACAAAGTGAGACTCTGACTCTTAAAAA","CAGGGGGACCACCTGAGCCTGGGAGGTTGCAGCTGCAGAGCCGTGATTGTGCCACTGCATTCCAGCCTGGGCAACAGAGTGAGCTCCTGTCTCAAAAA"
"GL873521","6821886","6822161","chr13","35542940","35543211","71","28721054","GGCCTGGTGCAGTAGCTCAGAGCTGTAAGCCTAGCACTCTGGGAGGCAGAGGTAGGTAGATCACTTGAGACCAGGAGTTCAAGAAGACCAGACTAAGTAAGAGTGAGACCCTCACCTATGCTAAAAATAGAAAATATTAGCTGGGCATACAGTGTATGTCTGTAGTCCAGGCTACTTAGGAAGCTGAGGTAGGAGGATCACTTAAGCCCAGGAGTTTGAGGTTGCTGTGAGCTAGGCTGAGGCCATGGTACTTCAGCCTCGGCAACAGAGTGAGAC","GGCCAGATGTGGTGGCTCACACCTGTAATCCTAACACTTTGGGAGACCGAGGTGGGTGGATCACTTGAGGTCAGGAGTTCAAGACCAGCCTGGCCAACATGGTGAAACCCCATCTCTACTAAAAATACAAAAATTTGCTGGGCATGATGGTGGGCGCCAGTAGTTCCAGCTACTCAGGAGGCTGAGGCAGGAGAATCGCTTGAACCCAGGAATCAGAGGTTGCAGTGAGCCAAGATCACGCCATTGCACTGAAGCCTGGGCGACAAGAGCAA"
"GL873521","6822427","6822459","chr1","26448863","26448892","8","19626436","TCAGAGTGAGACTTTATCTCAAAGAAAAAAAAA","TGAGTAAGACCCTGTTTCAAAGAAAAAAAA"
"GL873521","6828199","6828251","chr12","8954703","8954756","17","2126504","GGGAGAGGTAGCTCAGGCCTGTAATTCTAACACTCTGGGAGGGAGGATCCCTT","GGTCAGGTATGGTGGCTCATGCCTGTAATTCTAGTACTTTGGGAGGCTGAGGTC"
"GL873521","6828640","6828791","chr2A","70191250","70191406","45","63362610","CCTTGAGCTCACAAGTTTGAGACCAGCCTGAGCAAGAGCGTGACTATCTCTACTAAAAATAGAAAACTCTGCTAGGTGTTGTGGCAGGTGCCTATAGTTCCAGCTACCTAGGAGGCTGAGGCAAGAGGATCACTTAAGCCCAGCAGTTTGAG","TCACTTGAGCCCAGGAGTTCGAGACCAGCCTGGGCAACATAGTGAGACTCAGTCACTACAAAAATAAACTTGCTGGGTGTGGTGGTGTGCACCTGTAGTTCTAGCTACTCAGGAGGCTGAGGTGGGAGGATCCCTTGAGCCTCGGAGGTGGAGGTTG"
"GL873521","6837142","6837367","chr12","104694083","104694305","59","97856941","GACTGGGTGCTATAGCTCACACCTGTAACCCTAGCACTCTCAGAGGCCAAGGTGGGTGGATTCGCTGAGCTCAGGAGTTCAAGACCAGCCTGAGCAAAATAAGACCCCATCTCTACTAAAAATAGAAAAAGAAAAACCAGCCAGGTGTGGTGCCAGGAGCCTGTAGTTCCAGCTACTCAGAGGCTAAAGTAAGAGGATTATTTGAGCAGTAAGAGTTTGTGGTTTC","GACTGAGTACGGTGGCTCACACCTGTAATCCTAGCATTTTGGGAGGTCAAAGTGGGAGGATGACTTGAGCCCAGGGGTTCAAGACCAGCCTGGGCAACAAAGTGAGACCCTGTCTCCATAAAAATTACAAAAATTAACCAGGCATGGTAGCATGTGCCTGTAGTCCCAGCTACTCGGGAAGCTGAGGCCAGAGGATTGCTTGAGCTTAAGAGGTTGAGGCTGC"
"GL873521","6837616","6837695","chr14","61332116","61332199","24","54494500","GTTTGTGGTTGCTGTGAGCTATGACATCACAGCACTCAACCCCAGGGTGACTACATACAACTCTGTCTCAGAAAAAAAAA","GGTTGAGGCTGCAGTGAGCTGTAATTGTACCACTGCACTCCAACCCAGGTGACACAGTAAGACCCTATCTCAAACAAAACAAAA"
"GL873521","7000001","7000131","chr1","35753661","35753787","41","28753660","ACAGTAATACATACTTGTAGTTCCAGCTTCTAGGCTGAGGCCAGAAGATGGCTTGAGCCCAGGACTTTGAGGTTGCAGTGAGAGATGATGATACCTCTGTACTCTAGCCCAGGTAACAGAGACTCTGTTTC","TTAGCCAGGCATACTAGCTCATGCCTGGAGGCTGAAGCAAGAGGACAGCTTGAGCCCAGGAGTTTGAGGCTGCAGGCAGCTATGATCGCACCATCGCACTCCAGCCTGGGTGACAAGACCCCATCTC"
"GL873521","7000386","7000547","chr6","44662547","44662705","42","37662161","GGGTGTGGTGGCTCTTACCTGTAATCCTAGCACTTTGGGAGGCTGGGGCAGGCAGGAAGATTGTTTGAGGCCAGGAGTTCCAGACCAGGCTTGTCAATATAGTGAGACCCCGTCCCTATAAAAAATAGAAAAATTATCTGGGCCTGGTAATGCATACTTTGG","GGCACAGTGGCTCATGCCTATAATCTCAGCACTTTGGGAGGCCAAGGTGAGAGGATCACTTGAGCCCAGGAGCTACAGACCAGCCTGGGCAACATAGAGAAAACCCATCTCTACAAAAAATACAAAAATTATCTGGGCGTGGTGATGCATGCCTGTTGT"
"GL873521","7034228","7034543","chr6","83628974","83629284","80","76594746","GGCCAGATGCAGTGGCTGACACCTGCAATTCTATAACTTTAGGAAGGTGAGAGAATTGCTTGAGGCCAGGAGTTCCAGACCAGCCTGAACAATATAGTGAGACCCCATTGCTACAAAAATTAGAAAAATTCACTGGGTGTAATGGCCAATGCCTGTATTCCCAGATAATCCAGAGGCTGATGCTGGAAGATTACTTGAGCCCAAGAATTTGAGGTGACAGTGAGCTATGATGACACCAATGCACTCTAGCTTGGGCAATAGAGTGTGACCCTATTTCCAAAAAAAGAAAGAAAGAAAGAAAGAAAAGAAAAGAAAA","GGCAGGGCATGGTGGCTCATACCTGTAATCCCAGCACTTTGGGAGTCCAAAGTGGGTGGATCGCTTGAGTCCAGGAGTTCAAGACCAGCATGGGCAATATGGTGAAACCCTATCTCTACAAAAAAATACAAAAATTAGCTGGGCATGGTGGCATGCACTTGTATCCCAGCTACTCCAGAGGCTGAGGTGGGAGGATTGCTTGAGCCCAGGAGGTTGAGGCTGCAGTGAGCCATGATCACACCACTGCACTGTAGCCTGGGCAGTAGAGCGAGACACTGTCTAAAAAAAAAAAAAAAGAAAAGAAAAGAAAA"
"GL873521","7070010","7070206","chr5","79804250","79804453","53","72734240","GGCCAGGCAAGATGGCTCATGCCTGTAATCCTAGCATTCTGGGTGGCTGAGACAGGCATATTCCCTGAACTCATGAGTTGGAGACAAGTCTGAGCCAGAGTTAGACCTCATCTCTAAAAATAGCCTGGCATTGTGGCATACACCTGTAGTCTCAGCTACTTGGGAGGCTGAGGTGAAAGAATTGCTTAAGCCCAAGA","CAGGCACTGTGGATCACACCTGTAATCCCAGCACTTTTGGAGGCTGAGGCGGGCAGATTGCTTGAGCTCAGGAGTTTGAGACCATCTTGGGCAACCTGGTAGAACCACATCTCTACAAAAAATTAGCCGGGCATCGTGGCACACGCCTGTAGTCGCAGCTATTTGGGGGGCCTCCTGAGGTGAGAGGATTGCTTGAGTCCAGGA"
"GL873521","7070300","7070404","chr10","27497894","27497990","34","20427594","GTAAGCCCAAGATTTTGAGGTTGCTGTGAGCTATAATGCCATAGCACGCTAACTGAAGCAAAGTAACTATGACAAAGTAAGACTCGGTCTCAAGAAAGAGAAAAA","CACTTGAGCCCAGGAGGTTGAGGCTGCAGTGAGCTATCATGCCACCACACTCCAGCCTGAATTACATGGCAAGACCCTGTCTCAAGAAAAAAAAAAA"
"GL873521","7099137","7099314","chr16","419989","420167","56","6679148","GGCTGGGTGCCGCGGCTCACACCTATAATCCTAGCACTCTGAGAGGCCAAGGCAGGTGGATTGCTTGAGCTCAGGCACTTGAGGCCCTCAAATAGAAAAACTAGCCCAGCCTTGTGGTGGGCCCCTGTAGTCCAGCTACTTAGGAGGCTGAGGCATGAGGATCGATTGAGCCCAAGTA","CTGGGCACCGTGGGTCATGCCTGTAATCCCAGCACTTTGGGAGGCTGAGGCAGGAGGATCACTTAAGCCCAGGTGTTCAAAAAACAAACAAAAAAACATTAGCCAGGTGTGGTGGTGCACACCTGTAGTCCCGGCTACTCAGGAGACTGAGGTGGGAGGAGCTCTTAAGACCGAGAGGT"
"GL873521","7099591","7099694","chr5","181790038","181790151","31","174690447","TGAGGCCAAGTATTTGAAGTTGCTGTGAGCTATGATGTGGCGCTCTACCAAGGTTGATAAAGTGAGACTCTGTCTCAAAAACAAACAAACAAACAAAAAAGCAA","TTGCTTGAGCCCAGGAGGTGGAGGTTTCAGTGAGCCAAGATCGTGCCACTGCACTCCAGCCTGGGTGACAAAGTGAGACCCTGTCTCAAAAACAAACTAACAAACAAAAAACAA"
"GL873521","7182117","7182284","chr17","14741482","14741644","46","7559365","AATTAGCCAGGCATCATAGCACATGCCTATAGTCCCAACTATTCAGGAGCCTCAGGGCCAGGAGGATCCCTTGAATATAGGAGTTTGGGGTTACTGTGAGCTATAATGATACCACCCACTGCACTTTAGTCTGGGTGACAGTGAGACCCCGGCTCAGGGGGAAAAAAA","AATTAGCCAGGCATGGTGGCACATGCCTATAGTTCCAGCACTTTGGGAGGCTAAGGCAGGAGGATTGCTTGAGCCCAGGAGTTTGAAGTTACAGTAAGCTATGATCATGCCATTGCACTCTAGCCTGGGCAACAGAGTGAGACCTTGTCTCTAAAAAAAAAAA"
"GL873521","7182549","7182656","chr11","75656969","75657073","28","68474420","AACCCCAGCACTTTGGGAGGCCAAAGCAGGAGGATCATTTGAGGCCTAGGAGTTGGAAAGCAGGCAGAACAAGAGTGAGACTATCTTCATAAAAATACAGAAAAATTA","CCAGCACTTTGGGAGGCCAAGGCAAAAGGATCACTTGAGCCCAGGAGTTTGAACCAACCTAAGCAACAGAGTGAGACCCTGTGTCTACAAAATATTAAAAAATTA"
"GL873521","7224398","7224414","chr1","153358526","153358539","3","146134128","AAAAAAGAAAGTAAAAA","AAAAAAAAAAAAAA"
"GL873521","7224442","7224704","chr16","23925003","23925279","73","16700561","GTGTGATGGCTCATGCCCATAATCCTAGTACTTTGGGAAGCTTAGGCAGGAAGATTGCTGGAGGTCAGGAGTTCAAGACCCACCTGAGCAAGAATGAGACCCCCGTATCTACAAAAAATAGAAACATTAGCTGGGTGTGTTGGTGTATGTCTGCAGTACCAACTACTAGAGAGTTTGAGGCAGGAGGATCGTGTAAGCCCAGGAATTTGAGGTTGCAGTGAGCCACCACTGCACTCTACCCTGGGAGGCAGATCAAGACTGTG","GGCTGAGCGCGGTAGCTCATGCCTATAATCCCAGCACTTTGGGAGGCTGAGGCAGGTGGATTACTTGAGCTCAGGAGTTCGAGACCAACCTGGGCAACACGGTGAAACCCCTTCTCTACAAAAAACACAAGAATTAGCAGGGCATGGTGGTGTGCACCCGAAGTCCCAGCTACTCAAGAGGCTGAGGTGGGAGGATGGCATAAGCCCAGGAAGTGGAGGTTGCAGTGAGCCAAGATCATGCCACTGCACTCCAGCCTGGGTGACAGCAAGACTGTCT"
"GL873521","7244822","7245115","chr16","74165797","74166100","72","66920975","GGCCGGGCTCAGTGGCTCTATAATCCTGGCACTCTGGGAGGTCAAGGTGGGTGGATTGCTTGAGCGCAGGAGTTTGAGACCAGCCTGAGCAAGAGTGAAACCCCGTCTCTAAAAATAGCCAGGTGCTGTGGTGAGCCCCTATAGTCCCAGCTACTCAGGAGGCTGAGGCCAGAGAATCGCTTAAGCCCAGAAGTTGGAGGTTGCTGTGAGCCGTGATACCATAATTCTTTAACAAGGGTGACAGAGTGAGACTCTGTCTCAAAAAAACAAACATACAAACAAAAAAAAAAAAAA","GGCTGGGCACAGTGGCTCATGCTTATAATTCCAGCACTTTGGGAGGCCAAGGTGGGTGGATCACTTGAGCCCAGGAGTTCGAGACCAGCCTGGGCAACATGGTGAAACTCTGTCTCTACAAAAAATTAGCTGGGTGTGGTGGCTCGTGCCTGCAGTCCCAGCTACTCAGGAGGCTGAGGTGAGAGGATCAATGGAGCCCAGGAGGTGGAAGTTGCAGTGAGCCAGATCACACCACTGTACTCTCCAGCCTGGGTGACAGAGCAAGACCCTGTCTCAAAAACAAACAAACAAACAAACAAACAAA"
"GL873521","7391188","7391475","chr8","106723939","106724236","70","99332751","GGCATGGTGGCTCACACCTATAATCCTAGCACTCTGGGAGGACAAGGTGGGAGGATCCCTTGCACTCAGAAGTTCAAGACCAGCCTGAGAGAGAATAGGACCCCATCTCTACTAAAAATAGAAAAATTACCTGGGCATTGTGGTTGGTGCCTGTAGTCCCAGCTTCTTGGGAGGGTGAGGCAGGGGCATCACGTGAGCCCAGGAATTTGAGGTTACAGTTAGCTGTTTTGTCACAGCCATCTACCCAGGGCAACAGAGTGAGACTCTATCTCAAAAAGAAAAAAAGAG","GGTGCTGTGGCTCAAGCCTATAGTCCCAGCACTTTGGGAGGACAAGGTGGGAGGATCACTTGAGCCCAGCAGTTCAAGACCAGCCTGAGCAACATGATAAGACCCCATCTCTACAAAAAATTAGAAAAATTAGCCAGGCATGGTGATGTATGCCTGTGGTCCTAGCTACTTGGGAGGCTGAGGCAGGAGGATCCCTTGAGCCCAGGAGGTCAAGGTTGCAGTGAGCCATGGTTGTACCACTGTACCCCAGCCTGGGTTACACAGTGAGATCCTATCTCAAAAAAAAAAAAAAAAAAAA"
"GL873521","7391570","7391585","chr17","38661961","38661976","2","31270391","GAAAAAAAAAAGAGAA","GAAAAGAAAAAAGAAA"
"GL873521","7411261","7411442","chr4","57296207","57296386","41","49884946","AGAAAGAAAGAAAAAAAATTAGTCAAGAATGGTGGCATGCACCTATATTCCCAGCTACTCAAGAGACTGAAGCAGGAGGATTACTTGAGCTCAGGAGTTGGGGGCTGCAGTAAGCTTTGACTATACTAATGCACTCCAGCCTGGGTGACAGAGCGAGACCCTGTTTCAAAAAAGAAAAAAAA","AAAAAAGAAAAATTAGCCAGGCATGGTGGCATGTGCCTGCAGTCCCAGCTACTCAGGAGACTGAGGTGGGAGGATTGCTTGAGCCAGGGAGATTGGGGCTGCAGTGAGCTGTGATATCATGCCACTGTACTCCAGCCTAGGCCGCAGAGTGAGACCCTGTCTCAAAACAAAAACAAAAAA"
"GL873521","7411723","7411845","chr16","11721596","11721721","28","4309873","GGCTGGGTGCAGTGATCCTAGCCTTTTGGGAGGCTGAGGCAGGAGGACTGATTGAGGCCATGAATTTGAGACCAGCCTGAGCAAGAGTGAGACCTTGTCTCTGCAAAAAATAGGAAAATTAGT","GGCTGGATGCGGTGGCTCATGCCTTTTGGGGAGGCTAAGGCAGGAGGATTGCTGGAGCCCAGGAATTAAAGACCAGCCTGGGCAACATAGTGAGACCTCGTCTCTACAAAATTAAAAATTAAGTTT"
"GL873521","7473204","7473396","chrX","14950093","14950281","51","7476889","CAAAAAAAAAACCTTAGCCAGGTATGGCAGCACAGATTTGTCATCCCAACTACTCAAGAAGCTAAGGTGAGAAGATCACCTGAGCACAGGAGTCTGAGGTTATAGTGAGCTGTGACTGGGCCATTCACTACATTCCAGCCTATGCTATAGAGTAAGACCCTGTCAAAAGAAAAAAAAAGAGAGAGAGAGAAAA","TCAATAAATAAAAATTAGCCAGGCATGGTAGCACATGCCTGTCGTCCCAGTTACTCAGGAGGCTGAGGTGGGAGGCTCACCTGAGCCCAGGCATTGAAGGCTGCAGTGAGCTATGATCACAACACTGCATTCCAGCCTGGGTGACAGAGCAAGACCCTGCCTCAAAATAAAATAAAGAAAGAAAGAAAA"
"GL873521","7473423","7473542","chr14","57739259","57739375","24","50265836","CTGGGCACAGTGTTCATGCCTGTAATTTGAGCACTTTGGGAGGCCAAGGCTAGAGGATCACTTGAGGCCAGGAGTTTGAAACCAGCCTCAGTAACACAGAGAACCCTCATCTCTATTTAA","CTGGGTACATTGGCTCAAGCCAGTAATCCCAGCACTTTGGGAGGCCAAAGCAGGAGGATCACTTGAGGCCAGGAGTTTGAGACCAGCCTGGGTAACATGAGACCCTGTTTCTACAAA"
"GL873521","7573100","7573248","chr5","35112160","35112317","42","27539060","AGCCAGATGTGGTCTATAGTCCACAGCTACTTAGAGGCTGAGGCAAAGGGATCACTTGAGCCCGAGAGTTCAGGGCTGTGGTGCACAATGATCATGTCTGTGAATAGCCACTGCACTTCAGCCTAGGCAACATAGCAAGACCCTATCTC","AGCCTGGTGTAGTGGCACATGCCTATAGTGTCAGCTACTGGAGAGGTTGAGGCAGCAGGATTGCTTGAGTCCAGCAGTTCAAGGCTGTAGTGCACGATGATGGTGCCTGTGAATAGATACTGTGCTTTAGCATGGGCAACACAGCAAGACTCTGTCTG"
"GL873521","7601934","7602029","chr5","155700261","155700353","20","148098327","GGCTGAGCCCAGAGGCTCATGCCTGTAATTCTAGCACTCTGGGAGGCTGAGGCAGGTGGAGTGCTTGAGCTCAGGAGTTAAAAAAATCCAGTTTGA","GGCCGGGCACAGTGGCTCATGCCTATAATCCCAGCACTTTGGGAAGCTGAGGCAGGAGGATTGCTTAAGCCCAGGAGTTCAAGACCAGTCTTG"
"GL873521","7602314","7602531","chr2A","29137649","29137868","57","21535335","GACCAGTGTGAGCAAGGGCAAGACTCTGTCTCTACTAAAAATAGAGAAACTAGCTGAGCATTGTGGTGGGTGCCTAAAGTCTCAGCTGCTCAGGAGGATAAGGCAGGAAGATCTCCTGAGCCCAGGAGTTTGAGGTTGATGTGAGCTATGATGATATCGCATTCTAACCAGGTAACAGAGTGAGGCTTTGTCTCAAAAAAAAAAAAAAAAAAGAAAAA","CAGCCTGGTCAACATAGGGAAACTCTGTCTCTACAAAAAGTTAAAAAATTAGCTGAGCATGGTGGCACATGCCTGTAGTCTCAGCTACTCAGGAGGCTGAGGCAGGAGGGTCACTTGAGCCTGGGAGGCTGAGGCTGCAGTGAGCTGTGATCATGCTATTGCACTCCAGCCTGGGAGACAGAGTGAGATCCTGTCTCCAAAAATAAAAAATAAAAATAAA"
"GL873521","7608283","7608358","chr9","32411376","32411450","22","24803093","AGGCTGAGGAGGAAAGATTACTTGAGCCCCAAAATCTAGCCTTGGTGACATAGTGAAACTCTGTCTAAAAAAAATA","AGGTGGGAAGAGTACTTGAGGCCAGGAATTCAAATCTAGCCTGGGCAACATAGTGAAACCCTGCCTTAAAAAAAA"
"GL873521","7633232","7633420","chr7","4237351","4237553","52","3395881","GTGGTGGCTCATGCCTGTAATCGTAACACTCTGGGAGGCTGAGGTGGGTAGATTGCTTCAGCTTAGGAGTTCGGGACCAACCAAAGCAAGAATGAGACCCCCTCTCTACTAAAAACAGAAAGACTAGCCAGGCATTGTAGCAGGTCCTGTAGTCGCTACTCAGGAGGCTGAAGCAGGAGGATCACTTAA","GGTCAGGCATGGTGGCTCATGCCTGTAATCCCAGCACTTTGGGAGGCCGAGGTGGGCAGATTGCTTGAACTCAGGAGTTGAAGACTAGCCTGGGCAACACGGCAAAACCCCATCTCTACTAAAACTACAAAAACTAACTGGGCATGGTGGCACGCGCCTGTAGTCCCAGCTACTGGGGAGGCTGAGGTAGGAGGATCACTTGA"
"GL873521","7636438","7636492","chr5","38545852","38545906","11","30909414","ATTCAAGCCTGGGTGACAGAGTGAGACACTATCTAAGAACAATAAATAAATAAAA","ATTCCAGCCTGAGTGACAGAGTGAAACCCTGTCTCAAAACAAAAACAAAAACAAA"
"GL873521","7696982","7697091","chr9","129918441","129918551","24","122221459","TAATCCTAGCACTCTGGGAGGCCAAGGTAAGTGGATTGCTTGAGCTCAGGAGTTCAAGAGCAGCCTGAGCAAGAACAAGACCCCAACTCTATTAAAAATAGAAAAAAGCA","TAATTCCAGCACTTTGGGAGACTGAGGCAGGAGGATTGCTTGAGCTCAGGAGTTCGAGACCAGCCTGGGCAACATATTGAGTCCTCATCTCTATTAAAAATTAAAAAAATA"
"GL873521","7697336","7697489","chr7","132712253","132712405","44","125014917","GTAGAAAAAAGGCCAGCTGGGCATAGTGGTACATGCTTGTAGTCCCAGCTACTTGGAGACTAAGGTAAGAGGACTGCTTAAGTCCAAGAGCTTAAGGTTGCTGTGAGCTATGACACCACAGGGTGATAAGAGTGAGACTGTCTCCAAAAAAAAA","GAATTAAATAAAAATTAGCAGGGCATGGTGGCATGTGCCTGTAGTGCCAGCTACTTGGGAGGCTGACGCCAGAGGATTACTTGAGCCCAGGAGTTGGAGGTTACAGTGATCATGCCACTGCATGACAGAGTGAGACCCTGTCTCAAAAAAAAA"
"GL873521","7750582","7750651","chr7","149337669","149337736","11","141587087","GCTGGGTAAGAGTGGCTCATACCTATAATCCCAGCACTTTTGGGAGGCTGAAACAGGAGGATCACTTGAG","GCTGGGCACAGTGGCTCACACCTGTAATCCCAGCACTTTGGGATGCTGAGGCAGGAGGATCATTGGAG"
"GL873521","7784733","7784858","chr3","160952502","160952627","25","153167769","GGCCGGGCATTGATGGCTTCTACCTGTAATCCCAGCACTTTTGGAGGCTGAGGTGGGAGGTTTCATTGAGATCAGGAGTTTGAGACCAACTTGGGCAACAGTGAGACCCTGCCTTAAAAAAAAAAA","GGCCAGGCATGGTGGCTCACACCTGTAATCCCAGCACTTTGGGAAGCTAAGGTGGGAGGATCGCTTGAGCACAGAAATTTGAGACCAGCTTGGGCAACATAGAGATCCTGTCTCTATTAAAAAAAA"
"GL873521","7784884","7785052","chr16","1604263","1604439","38","6180621","AATTAGGCAGGCATGGTGGCACTTGTCCCAGCTACTTGGAAGGCTGAAGGAGGAGGATCACTTGAGCCCAGGAGTTAGAGGTTGCTGTGAGCTTTGATGCCACTGTACTCTAACCTGGGCAACAGAGTGAGATGTGCCTCAAAAACAAACAAACAAACAAAACCAAAAA","AATTAGCCAGGCATGGTGATTGGCACCTGTGGTCCCAGCTACTTGGGAGGCTGAGGCAGGAGGATGAATTGACCCCAGGAGTTTGAGGCTGCAGTGAGCTATGATGGCACCACTGCACTCTAGCCTGGGCGACAGGATGAGATCTGTAAAAAAATAAATAAAAATGAAAATAAAAAA"
"GL873521","7870707","7870997","chrX","70230306","70230599","61","62359599","GCTGGGCACAGCAGCTCACACCTGAAATCCCAGTACCCTGGAAGGGTGAGGATGGAGGATCACTTGTGGTCAGGAGTTCAAAAACAGCCTAAGCAAGAGTGAATCGCCATCTCTATTAAAAATAGAGAAATTAGCCAGGTGTGGTGGCATTTGCCTGTAGTCCCAGCCACTTGGGAGGCTGAGGCAGGAGGATCATTAGAACCCAGAAGGTGGAGGTTGCAATGAGCAGTAATGACACCACTGCACTCCAGCCTGGGTGACAGAGCAAGTCTCTGTTTCAAAAAAAAAAAA","GGCCAGGTACAGTGGCTCACACCTGTAATCCCAGCACACTGGGAGGCAGAGGCGGGCAGATCATTTGAGCTCAGGAGTTCAAGAGCAGCCTGGGCAACATGGTGAAATCCCATCTCTACAAAAAATAGAAAAATTAGCCGAGTGTGGTGGCACTCCTCTGTAGTCCCAGCTACTTGGAAGACTGAGATGGGAGGATCATTTGAGCCCAGGAGGCGGAGGTTGCAGTGAGCTGAGATTGCACCACTGCCCTCCAGCCTGGGCAACAGAGCAGGACCCTATCTCAAAAAAAAAAAA"
"GL873521","8041789","8041920","chr12","80555695","80555826","29","72513906","GTGGTGGCTCATGCGGATTATCCCAGTACTTTGGGGAGGTTGAGGCAGGAGGATTGCTTGAGCCCAGGAATTTGAGACCAGCCTGAGCAACATAGTAAGACTCTATACAAAAAAATAGAAAAATTAGCCTGG","GTGGCTCATGCCTGTAATCCCAACACTTTGGGAGGCTGAAGCAGAAGGATTGCTTGAACCAGGAGTTTGAGACCAGCCTGGGCAACATAGTGAGACTATCTCCACAAAAATAAATAAAAAATTAGCTGGGCA"
"GL873521","8042182","8042375","chr4","7236991","7237179","49","805191","GGTAAAAAAGAAAAAGAAAAATTAGCCAGGAGCACTAGCTTACGGCTTGTAGTCCTAGCTACTCAGGAGGCTGAGGTAGGGGAATTGCTGGAGTCCAGGAGTTTGAAGCCACAGAGAGCAAAGACCACACCACTGTACTCCAGCCTAGGCAATAGAACAAGACCCTGTCTCTGAAAAAAATAAATAAAAATAAA","TAAAAAAAATACTTAAAATTAGCCAGGCGTGGTGGCACACACCTGTGGCCCCAGCTACTCAGGAGGCTGTTGTAGGAGGATCCCTTGAATCCAGGAGGTCAAGGCTGCAGTAAGCCAAGATCACGCCACTGCATTCCAGCCTAGGCAACAGAGCAAGATCCTGTCTCTTAAAAAAAAAAAAAAAAAGAA"
"GL873521","8067082","8067383","chr20","31024244","31024552","81","22957162","GGCCAGGTGTAGAGGCTCACACTTATAAGCCCAGCACCCTGAGAGGCCGAAGTGGGTGAACTGCTTGAGCTCAGGAGTTCAAGAGTAGCCTGAGCAATAGTGAGAGCCGATTTCTACTAAAAACAGAAAACCTAGCCAGGCACTGTGGTGGCGTCTATAGTCCCAGGTACTCGGGAGGCTGAGGCAGGAGGATTGCTCAATCCTAAACTTTGAGGTTGCTGTGGGCAATAATGCCATATCTCTACCCAGGGGAAAAGAATGAGACTCTGTCTAAATAAATAAATAAATAAAATAAAAACAAA","GGCCAGGCACAGTGGCTCACACCTGTAATCCCAGCACTTTGGGAGGCCGAGGTGGTGGACTGCTTGAGCTCAGGAGTTCAAGACCAGTCTGGGCAACATGGCAAAACCTTGTCCCTACAAATAATACAAAAATTAGCCAGGTGCGGTGGCATGTGCCTGTAGTCCCAGCCACTTGGGAGGCTGAAGTGGGAGGATTGCTTGATCCTGGGAGGTAGAGGCTGCAGTGAGCCATAATTGTGCCACTGCACTCCAGCCTGGGCAACAGAGTGAGACCCTATCTCAAAAATAAATAAATAAATATAAAGAAAA"
"GL873521","8204885","8205108","chr10","14099107","14099324","63","5894222","CGAATTCGAAACCAGCCTGAATAAGAGTGAGATCCGTCTCTAATGAAAAGAGAAAAACTAGCAGGTTTTGTGGTGGGTGCCTTTAGTCTCAAGCTACTTGGGAGCCTGAGGCAGGAGGATCACTTAAGCCCAGGAGTTTGAGGTTGCTGTGAGCTATGATAACATTAGGGCATTCTAGCCTGGGAAACCGAGTGAGACTCTGTCTTAGAGAAATAAAAAATAAA","AGACCAGCCTGGGCAACATGACAAGATCCCGTCTCTACAAAAAATACAAAAATTAGCAGCGTGTGGTGGGGTGTGCCTGTAGTCCCAGTTACTTAGGAGGCTGAGGCAGGAAGATCACTTGAGCCCAGGACGGGGAGGTTACAGTGAGCCGTGATCACACCACCACACTCCAGCCTGGGTGACAGAGTGAAACTCTGTCTCTATAACAAACAAACAAA"
"GL873521","8205374","8205463","chr18","31130683","31130770","22","22925309","GCCGGACATGGTGGCTCATGTCCCTCCTGTAACCCTAGCACTCTGGGAGGCTTTGGCCTAAGGATTTGAGCTCAAGAGTTTAAGACCAGG","GGCCAGGCATGGTGGCTCACACCTGTAATCCTAGCACTTTGGGAGGCTAAGACCAGAGGATAATTAAGCTCAGGAGTTCAAGACCAGC"
"GL873521","8530940","8531225","chr4","131255414","131255698","71","122724474","GTCAGGTGTGATGGCTCGTCCTGTAATCCCAACACTCTGGGAGGCTGAGGCTGGTGGTTTGCTTGAGCTCAGGAGTTCTGAGACCATCCTGAGGTAAGAGTGAGACCCCATCTCTACTAAAATTAGAAAAAAAATTACCCAGGTGTAGCGGTGATGCCTGTAGTCCTAGCTACTTGGGAGGCTGAGGCAAGAGGATTGCTCAAGCCTGAGAATTTGAGGTTGCTGTGAGCTATGACTCCATCGCACTCAACCCCAGGGTGACTGAGTGTGATTGTCTGAAAAAGAA","GGCAGGACACGGTGGCTCACACCTGTAATCCCAACACTTTGGGAGGCTGAGGCAGGTGGATCACTTGAGCTCAGGAGTTGAGACCAGCCTGGGCAACATGGTGAAACCCCATCTCTACTAAAAATACAAAAATTAGCCAGGCATGGTTGTGGATGTCTGTGGTCCCAACTACTTGGGGGGCTGAGGCAGCAGGATTGCTTAAGCCTGGTAATTTGAGGCTGCAGTGAGCCATGTTCTTGCCAGTGCTCCAGCCTGGGTGACAAAGCAAGACCCTGTCTCAAAAAA"
"GL873521","9138426","9138710","chr17","16672309","16672598","64","7533883","GGTGGCTCATGTCTGTAATCCGAGCACTCTGGGAGGCTAAAGTGGAAGGATCACTTGAGCTCAGGAGTTTGAGACTAGCCTGAGCAAAAGTGAGAACAATGTCTCTATTAAAAATAGAAAATTAGCCAGGTGTTATGATAGGTGCCTGTAGTCCCAGCTATTCAGGAAGGCCAGGAAGGAGGATCCCTTGAGCTGGGGAGTTTGAGGTTGCTGTGAGCTGTGATGACACCATGGCACTCTACCCATGATGACAGAGTAAGACTGTCTCTAAAGGGAGAAAAAAAA","GTGGCTCACACCTGTAATCTCAGCACTTTGGGAGGCTGAGGCGGGAGGATCACTTGAGCCCAGGAGTTTGAGACCAGCCTGAGCAACATAGTAGGCTCCTGTCTCTACAAAAAAATACAAAAATTAGCTGGTACTGGTGGCATGTGCCTGTAGTCCCAGCTACTCAGGAGGCTAAGGCAGGAGAATCGCTTGAGCCCAGGAGGTTGAGGCTGCTATGAGCTGTGATGGCACCACTGCACTCCAGCCTGGGTGACAGAGTGAGACCTGGTCTCAAAAAGAAAAAAAAAAAA"
"GL873521","9337001","9337128","chr7","153795408","153795531","29","144458407","CTGGGCTCAGTGGCTCATGCTTGCAAGCCCAGCACTCTGGGAGGCCAAGGCAGGTGGATTGCTCGAGTTCAGGAATTTCAGACCAGTCTAAGAAAGAGTGAGAGCCCATCTGTACTAAAAATAGAAAC","CTGGGCACAGTGGCTCACGCCTGTAATCCTAGCACTTTGGGAGTCCAAGGCAGGAGGATGCTTGAGTCCAGGAGTTCAAGACCAGCCTGAGCAATATAGTGAGACCCCCATCTCTACAAAAAAA"
"GL873521","9337149","9337320","chrX","5183862","5184037","43","4153287","TAAAATACTAGCTGGGCATTGCGATGGGTGCCTGTAATTCCAGCTACTCAGGAGGCTGAAGCAAAAGGATCACTTGGGCCCAAGAGTTTGCGGTTGCTGTGAGCTGTGATTACACCACAGCACTCTCCCCAGGCAGAGAGAGACTCTGTCTTTAAAAACAAACAAACAAAAA","ATAAAAATATTAGCTGGGCATGCTGGTACATGCCTGTAGTCCCAGCTACTCAGGAGGCTGAGGCCTGAGGATCACTTGAGCCCAGGAGTTCCAGGTTGCAGTGAGCCGTGATTGCACCATTGCACTCCAGCCTGGGCCACAGGGCTAGACCCTGCTCAAAAGAAAACAAAAAAGAA"
"GL873521","9671716","9671832","chr6","38551166","38551279","31","28879450","GGCTAGGCAGGGAGGCTCAAAACTAAAATTTTAGCACTCTGAGAGCCCAAGGTGGGAGAATTGCTTGACCTCGGGTGTTTGAGACCAGTCTGAGCAAGAGTAACATCACATCTCTAC","GGCTAGGCGTAGGGGCTCAAACCTGTAATTCCAGCACTTTGGGAGGTCAAGGTGGGAGGATTACCTGAGGCCAGGAGTTTGAGACCAGCCTGAGCAACAGTGAGACTTTGTCTC"
"GL873521","9671895","9672063","chrX","24568892","24569057","39","14896997","TAATTAGCCAGGCATAGAGGTGGTATACACCTGTAGTCCCAGCTACTCTGGAGGCTAAGTCAGAAGGACTGGTTGAACCCAGGAGTCTGAGGTTGCTGTGACTAGGCTGATGCCACAGAACTCTAGCCTGATCAACAGAGTGAGACTCTGCCTCAAAATAAAAAAGGAA","AAATTAGCTAGGCATGGTGGCATGCAACTATAGTCCCAACTACTCAGGAGGCTGAGGCCGGAGGATGGTTTGAGCCCAGGAGGTGGAGGTTGCAGTGAGCCAAGATCACACCACTGCACTCCAGCCTGGGCAACAGAGTGAGACCCTGTCTCAAAAAAAAAAAAAA"
"GL873521","9699009","9699116","chr16","57943722","57943822","32","48244713","TCTGAGACACTCGGGAGGCTGAGCCTAGGAGTTTGAGGTGACAGTAAGCTAAGTTGATGTCACTGCATTCCATCCTAGGCAACAAAGCAAGATCTTATCTCTAAAAGA","GGAGGATTGCATGAGCCCAGGAGGTTGAGGCTGCAGTGAGCCAAGATCGTGCCACTGCACGTCAGCCTGGGCAACAAAGCAAGACTCTATCTCAAAAAAAA"
"GL873521","9699330","9699522","chr6","3030697","3030873","65","6668633","GGCTGCATGTGGTGGCTCGTGACTGTAATTTCACCACTTCAAAAGGCTGAGGCAGAGGAGTCACCTGGGGCCCAGAAAGTCACCCTTAAAGTCCAGCCTGAGTAACACAGTGAGACCCAAGATCCCAACTCCACAAAAGAAAAAAGAAGGGAAAGGAAAGAAAAGAAGAGTGGTGTGTGGTGACCTCCTAGAC","GGCCAGGCATGGTGGCTCTCCCCTGTAATCCCAGCACTTTGGGAGGCCAAGGCAGAAGGATCGCTTGAGCCCAGGAGTTTTAAGACCAGCCTGAGCAACACAGAGAGACCAGATCCCACTTCCACAAAAAAAAAAAAAAAATATTTGCCAGGCGTGATGGTGCATGCCTGTAGTCCC"
"GL873521","9879625","9879892","chr2A","20521665","20521953","79","10642040","GGGTGGGCACTGTGGCTCAGGCCTCCTAGCACTCTGGGAGGCCGAGCTGGGTGGATGACTTGAGCTCATGAGTTTGAGACCAGACTGAGCAAGAGCAAGCCCCATTTTTAAAAATAGCCAAGTGTCATGGTGGGCATCTATAGTCCCAGCCAGTTGGCAGGCTGAGGAAGAAGGCTTACTTGAGCTCAAGAGGTAGCTGTGAGCTGTGATGCCATGGCACTCTACCCAGGACAACAAAGTAAGACTGTCTCCAAAAAAAAGAAAAAAA","GGCTGGGCACAGTGGCTCACGCCTGTAATCCCAGCACTGTGGGGAGGTCAAGTTGGGTGGATTGCTTGAGCCCAGGAGTTTGAGACCAGCCTAAGCAATAGGCAAAACCCTGTCTCTACAAAAATCAGCCAGGTATGGTAGTGCGTACCTGTAGTCCCAGCTACTCAGGAGGCTGAGGTGGGAGGATCACTTGAGCCTGGGAGGTGAAGGCTGAAATTAGCCATGATCATGCCACTGCACCCCAAGCCTGGGCAACAGAGCAAGACCTTGTCTCAAAAAAAAAAAAAAA"
"GL873521","10097455","10097754","chr11","114714719","114715027","67","104617264","GGCCTGGGTGTGGTGGCTCACACCTTAATCCTAGCACTCTGGGACGATGAGGCAGGTTTGCTTGACCTCAGGAGTTTGAGAGCAGCCTGAACAAGAGTGAAACTCTGTCTCTACTAAAAACAGAAAAACTAGCCTAGTGTAGTGGTGCACCCCTGTAGTCCCAGCTGCTCAGGAGGCTGAGGCAAGAGGATCACTTGAGCCCAAGAGATTGAGGTTACTGTGAGCTGTGAGGCTGTGTTACTCTACCCAGGGCAAGAGAGTGAAGCCATCTCAAAAAAAAAAAAAAAAAAAAAAAAAAAA","GGCCAGGTGTGGTGGCTCACACCTGTAATCCCAGCACTTTGGGAGGCTGAGACAGGTGGATTGCTTGAGCCTAGGAGTTCGAGACCAGCCTGGCAACATGGCGAAACCTTGTCTCTACAAAAAATACAAAAATTAGCCAAGTGTGGTGGTGCACACCTGTGGTCCAAGCTACTCGAGAGACTGAGGTGGGAGGATTGCTTGAGCCCAGGAGGTTGAGGCTGGGGTGAGTTGAGATCATGCCACTGCATTCCAGCCTGGGCAACAGAGGAAGACCCTGTCTCAAAAAAAAAAAAAAAAAAAAAAAAAAAA"
"GL873521","10225742","10225927","chr15","49930173","49930354","59","39704431","TGGCTTACACCTGTAATCCTAGCACTTTGGGAGGCCACAGCAGATGGCTGCTTGAGCTCAGGAGTTCAAGCCTAGCCTAAGCAAGCCAGAACCATTGCCACTAAAAACAAAAAAAATAGCTGGAGTTGTGGGCACCTGTAGTTAGTTCCAGCTACTTAGGAGGCTGAGGAAAAAGGATGGCTTGAT","GCCTGTAATCCCAGCACTTTGCGAGGCCGAGGCCAGGCAGATCACTTGAGCCCAGCAGTTCAAGACCAGCCTGGGCAACATGGCAAAACTCCTTCTCAACAAAATACATAAAAATTAGCTGGGTGTGGTGGCATGTACTTTCAGTCCCAGCTACTCAGGAGGCTGAAGCAGGAGGATCATTT"
"GL873521","10226192","10226278","chr4","154285033","154285123","27","144058841","GAGGATGGCTTGAGCCCAAGAGTTTGAGGTTGCTATGAACTATGATGTCATGGCACTCTATCCCTGGCCACAGAATCAGACTCTGTC","GGAGGATCACTTGAGCCCAGGTGGTTGAGGCTGCAGTGAGCTGTGTTTATACCACCACACTCCAGCCTGGGCCGCAGAGTGAGACTTTGTC"
"GL873521","10399308","10399475","chr9","96945917","96946089","50","86546609","GGCCAGGTATGGTAGCTCACACCTGTAATCCTTGTACTCTGGGAGGCTTAGGAGCAAAGATCACCTAAGTGTAGGCATCTGAGACCAGTTTGAGCAAGTGAAACCCCATATTTACTAAAATTAGAAAAATTAGCTAAATGTTGTGGCAGGAACCTATCGTCCTAGCTA","GCCGGGTACAGTGGCTCACACCTGTAATCCCAGTACTTTGGAAGGCCAAGGCCAGAGGATTACTTAAGGCCAAGAGTTTGAGACCAGTCTGGGCAACATGGTGAAACCCCATCTGTACAAAAAATACAAAAATTAGCTGGGCATGAGGGCATTTGCCTGTGGTCCTAGCTACT"
"GL873521","10449464","10449583","chrX","134402652","134402771","17","123953188","GGCCAGAGGTGGTAGTTCATGCCTATAATCCCAGCAATTTGGGAGGCTGAGGGGGGAGGATAGCTTGAGGCCAGGAGTTTGACCCCTGCCTAGGCAACATAGTGAGACCCTATCTCTACT","GGCCAGATGTAGTGGCTCATGCCTGTAATCCCAGCACTTTGGGAGGCTGAGGTGGGAGGATCACTTGAGCCCAGGAGTTTGAGACCAGCCTGGGCAACATAGCAAGACCCTGTCTCTACT"
"GL873521","10449618","10449745","chr1","23164480","23164594","46","12714862","CCAACCATAATCGAGCACCTACAGTTCTAGCTACTCCGCAATCTCAGGCAGGGGAAGATTGCTTGAGTCTAGGAGTTCAGGGTAAGCTACTGCCCTTCAGCCTGGGAAACAGAGGAAGACCTTGTCTC","GGCCAGGCACAGTGGTGCCTACCTACAATCCCAGCACTTTGGAAGGCTGAGGCAGGAGGATCGTTTGAGGCCAGGAGTTCAAGATCAGCCTGGGTAACATATCAAGACCTGTCTC"
"GL873521","10796827","10797050","chr7","39187608","39187844","67","28390781","ACTCTGGGAGGCCAAGACAGGTGGATTGCTTAAGCTCAGGAGTTGGAGACCAGCCTAAGCAAGAGTGAGACCTCGTCTCTAAAAATATCTGGGCATTGGTTGGGCACCTGTAGTCCCAGCTACTCAGGAGGCTGAGGCAATAGGATTGCTTGAGCCTAAGGATTCCTGTGAGCTATGATCCCACAGCACTTTACCAAAGGTGACAAAGTGAGACTCTATCTCAA","CACTTTGGGAAGCCAAGGCAGGAGGATTGCTTGAGTGAAGGAGTTCAAGACCAACCTGGGCAAGATTGGGAGAAAAAAATTAAAAATTAGCTGGGCATGGTGGTGCATGCCTGTAGTCTCAGCCACTGGGAAGGCTGAGGCAGGAGGATCGCTTGAGCCTGAGAGATTGAGGCTGCAGTGAGCCTTGATTGTGCCACTGCACTCCAGCTTGGGCAACAGAGTGAGACCCTGTCTCAA"
"GL873521","10797081","10797110","chr4","40399247","40399277","7","29602166","CTGGGTGCAGTGGCTCATAGTTGTAATCCT","GGCTGGGTGCAGTGGCTCACATCTATAATCC"
"GL873521","11204849","11204966","chr7","73480490","73480609","28","62275641","GGCCAGGCATAGTGGCCTCCAAAAATCTTAGGACTTTGGGAGGTAGAGGTAGGAGAACTACTTGAGCCAAGGAATTCAATACTAGCCTGACCACAATAATGAGACCCTACCTCTACCA","GGCCAGGCACAGTGGCTCATGCCTATAATCTCAGTGCTTTGGGAAACTGAGGCAGGAGGATCACTTGAGCCCAGGAGTTCAAGACCAGCCTGGACAGCATAATGAGACTCCACCTCTACA"
"GL873521","11205003","11205140","chrX","7019379","7019524","37","4185624","TAGCCAGGCATGGTGGCACATACCCAAGTCCCAGTTACAGAAGAAGCTGAGGGAAGGGTATCAGGCCCAGAAGTTCAAGGTTGCCATGAGAGATGATCACACCACTGCAGTTCAGCCTGGGCAGCAGAGAGACCCTAT","TAGCCAGGCATGGTGGCACATGCCTGTAGTCCCAGCTACTCAGAAGGCTGAGGTCGGAGGATCTCTTGAGCCCTGGGGTGCAAGGCTGCAGTGAACCATGATCACACCAGTGCACTGCAGCCTGGGCAACACAGCAAAACCCTGTC"
"GL873521","11332611","11332889","chr9","110082691","110082973","78","98750080","GACGGGGAGCCATGGCTTGAGACTGTAATCCTAGTACTCTAGGAGGCCAAGGTGAGTGGATTACTTAAGCTCAGGAGTTAAAGTCCAGGCTGAGCAAGAGTGAGACCCTGTCTCTCCCCCAGATAGGAAAACTAGCCGGACATTGTAGTAGGCACCTGTAGTCCCAGCTTCTGAGGAGGCTGAGGCAAGAGGATTGCCTGAGCCCAACAGTTTGAGGTTGCTGTGAGCTAAAATGCCATGGAACTCTACCCATGGTGATGGAGTAGGATTCTGTCTCAA","GACTGGGCATGGTGGCTCCCAAAGTGTAATCCCAGCACTTTGGGAGGCCAAGGTAGGTGGATTGCTTGAGCCCAGGAGTTTGAGACCAGCCTGGGCAACATGGTAAAACCCTGTCTCTACAAAGAATACAAAAATTAGCTGGGCATGGTTGCATGCACTTGTGGTCCCAGCTACTCAGGAGGCTGAGGTGGGAGGGTCACTTGAGCCCAGGAGATTGAGGCTGCAGTGAGCTGAGATCGTGCCACTGCACTCTAACCTGGGTAATGGAGTGAGACCCTGTCTC"
"GL873521","11332916","11332939","chr22","30701628","30701648","4","19368712","ATAAAACTAAAAAGTAAGAAAAAA","AAAAACTAAAAAGAAAAAGAA"
"GL873521","11407564","11407699","chr17","81073514","81073640","45","69665950","AAAAACTAATGGCTGGGCATAGTATGTGTAGGTAGACTAGGCTACTTAGGAGGTCAAGGCAGAAGAATCACTTGAGCTCATGAATTTGAGGCTAGCATGGGCAATGATACCTCAGGTCTCAATAAAATATAAAAAA","GCCAAGCACAATGGCTCATGCTGGTAATTCTAGTACTTTAGGAGGCCAAGGCAGTAGGATCACTTGAGGCCAGGAGTTTGAGACCAGCGTGGGCCACACAGAGACCCTCCCTGTATAAAAAAAAAAA"
"GL873521","11442747","11442764","chr1","62222108","62222122","3","50779361","CCCATAAAATAAAATAAA","ATAAAATAAAATAAA"
"GL873521","11442802","11443056","chr17","73117863","73118118","82","61675061","GGCTGGGCGTGGTGTTTCATGCATGTAATCCTAATACTTTCAGAGGCTGAGGTGGATGCACTGCCTGAGCTCAGGATTTTAAAGCCAGCCTGAGGAAGAGCAAGACCCCATCTCTAAAAAATAGCTGGGCATTGTGGTGGGTGCTTGTAGTCCCCATTGTGGTGGGTGCTTGTAGGTAGCTCACGAGTTTGAGGATGCTGTGAGCTATGATGCACCACACTTCTTTCTACCCAGGGAGACAAAGCAAGACTCTGT","GGCCGGGCGTGGTGACTCATGCCTGTAATCCCAGCACTTTGGGAGGCCGAGGCGGGTGGATCACCTGAGCTCAGGAGTTCAAGATCACCTTGGGCAATGTAGTGAGACCTCACCTCTACAAAAATGAGCCAGGCATGGTAGTGCATGCTTGTAGTCCTGACTGAGGCAGGAGGATGATGAGCCCAGGAGGCAGAGGCTACAGTGAGCCATGATCGCTCCATCGCACTCTAGCCTGGGTGATGTGACACCCTGTCTC"
"GL873521","11751009","11751243","chr8","26546785","26547018","61","14795776","CAAGACCAGCCTGAGCAAAGCTAAACCCTGTCTCTACTAAAAATAAAAGGATTAGCTAGGTATGGTGGCATATGCCTGTAGTCCCAACTGCTCAGGAGTCTCAGGCAAGAGGATTGCTTGAGCCCATGAGTTAGAGGTTGCTGTGAGCTTTGATGTCATGGCACTCTATCCAGGGCAACTGAGTGAGACTGTCTCAAAATAAATAAATAAATAAATAAGAAAGAAAGAAAGAAAA","CAAAATCAGCCTGGGTCACATGGTAAAACCCCATCTCTACAAAAAATACAAAAATTAGCCAGGTATGGTGGCTTACACCTGTACTTCCCAGCTACTTGGGGGGCTGAGGCGGGAGGATCGCTTGAGCCCAGGAGGTAGAGGTTGCAGTGAGCTGAGATCGCACCACTGCACTCCAGCCTGGGTGACGGAGTGAAACCCTGTCTTAAAAAAAAAAAAAAAAAAAAAAAAAAAGAA"
"GL873521","12019379","12019705","chr16","68023292","68023602","103","56003913","GCTCACACCGATAATCCTAGCTCTGGGAGGCTGAGGGGGCAGGATCTCTTGAGCTCAGGAGTTTGAGACCAGACAGAGCAAGAGTGAGACCTTGTCTGTACTAAAAATTAACCAGGTGTGGTGGAAGGTGCCATCGTCTCAGCTACTCTGGAGGCTGAGGCAGGAGGATCCCTTGAACCCAGGAGGTTGAGGTTGCTGTGAGCCAGGCTAATGCCAAGATCTGGGGCATCAGAGTAAAACTGAGGTTGCTGTGAGCCAGGCTGATTCTAGCCTGGGCAACAGAGTAAGACTCTGTCTCAAAAACAAACAAACAAAAAACAAAAAAAA","CGGTGGCTCACACCTGTAATCCCAGCACTTTGGGAGGCTGAGGTGGGAGGATCACTTGAGCTCAGAAGTTTGAGATCAGCCTGGGCAACATGGCAAAACCTATCTCTAGAAAAAATACAAAAACTAGCCAGAGTGGCACGTGCCTGTTGTCCTAGCTACCCAGGAGGCTGAGGTAGGAGGATCACTTGAACCTGGGGGCAGAGATTGCAGTGAGCCATGATTGTGCCACTGCACTCCAGTCTGGGCAACTCCAGCCTGGGCAACAGAATGAGACTCTGTCTCAAAAATAAAAAAGAAAAGAAAAGGAAAAA"
"GL873521","12059316","12059592","chr5","143468399","143468692","69","131409083","GGCTAGGTGCAGTGGCTCATGCCTGTAATCCCAGCACTCTGGGAGGCTCAGGCAGGTGGATTACTTGAGCTCAGGAGTTGGAGACTAGCCTGAGAAAGAGTGAAACCCATCTCTACTAAAAATAGAAAAACTAACCAGGTGTGTGGTGGTCCCCTATAGTCCCAAATACTGGGGAGACAAGAGAATTGTTTGAGCCCAAGAGACTGAGGTTAGCTGTGATGACTCCATAGCACTCTACCCAAAGTGACAGAGTGAGATTCTGTCTCAAAAAAGGAAA","GGCCAGGCACAGTGGCTCATGCCTGTAATTCTAGCACTTTGGGAGGTCAAGGCAGGCAGATCACTTGAGCTCAGGAGTTCGAGACCGGCCTGGGCAACAGGGTGAAACCCCATCTCTACAAAAAAATACAAAAACTAGCCAGGTGTGGTGAAGTGTGCCTGCAGTCCCAGCTACTCAGGAGGCTGAGGCAGGAGAATTGCTTGAGCCTGGAGGCTGAGGTTGCAGTAAGTCAAGATCATGCCATTGCACTCCAGCCTGGGTGACAGGAGTGAAACCCTGTCTCAAAACAAAGAA"
"GL873521","12087639","12087865","chr4","25649068","25649301","60","13561429","GGCTGGGCTAGGTATACCATGCCTGTAATCCTAGCATCCTTAGAGGCAGAAGCAGGATTCCTTTAGCTCAGGAGATTAAGACCAGCCTGAGCAAGGGTGACACCCCATTTCCATCAAAAATAGAAAAACTAGCTGGGCATAGTGGTGGGCATCTGTAGTCCTAGCTACTCGGGAGGCTGAGGCAAGAGGATCCTTGGAGCCCAGGAGTTTGGGGTTGCTATAAGCCG","GGCCGGGCATGGTAGCTCACGCCTGTAATACCAGCACTTTGGGAGGCTGAGGCGGGCTGATCACTTGAGTCCAGGAGATAGAGACCAGCCTGGGCAACATGGCAAAATCCCATCTCTATAAAAAAAACACAAAAATTAGCTGGGCATGGTGGTGTGCACCTATAGTCCCAGCTACTTGGGAGGCTGAGGCAGGAGAATCTCCTGAGCCCAGGAGGTGGAGGCTGCAGTGAGTCG"
"GL873521","12170072","12170342","chr3","111501569","111501837","73","99331497","GCCAGATGCAGTAGCTTACAGCTATAATCCCAGTACTTTGGAAGGTCAAGGCAAGAGGATTGGTTGAGACCAGGAGTTGAAGACCAGACTGGACAATGTAGTAAAACCCTATCCCTACAAAAAATAGAAAAAATTAGCTGGGTGTCATAGCTCTTGCTTATAGTCCCAGCTACCTGAGAGGCTGAGGGAAGAGGATCACTTGAACCCCTGAGATTGATACCATGGTACTCCACCTTGGGTGACAAAGTGAGACCCTTTCTCAAAAACAAAA","GGCTGGGTGTGATGGCTCACATCTATAATCCCAGCACTTTGGGAGGCCAAGGCAGGTGGACTGTCTGAGACCAGGAGTTTGAGACCAGCCTGGGCAACATGGTGAAACCCTGTCTTGACAAAAAAAATAAAAAATTAGCTGGGAGTGGTGGTGTGCACCTGTAGTCCCAGCTATGCGGGAGGCTGAGATGGGAGGATCGCTTGAGCCCGGCAGGCAGAGGTTCACTCCAGCCTGGGCGACAGAGTGAGACCCTGTCTTAAAAACGAAAA"
"GL873521","12688417","12688615","chr16","83498862","83499063","66","70810445","AAATCAGCCTGAGCAAAAGCAAGATCCAGTCTCTACAAAAAACTAGAAAAATTAGCCAGGCATGGTGATACACTCAGGAGAATGAAACAAGAGGATCACTTGAGCCCCGGGGTTTGATGTTGCACAGTGAGCTATGGCGATGCTGCTGCTCGGATAACAACGCGAGATGAGACCCCGTCTCAAAAACAAACAACAAAAA","ACTAGCCTGGGCAACACAGCAAAACCCCATCGCTACAAAAAATACAAATATTAGCCAGGTGTGATGGTGCATGCCTAGGGAGGCTGAGGTGGGAGGATCACTTGAGTCCAGGGAGGCTGAGGCTGCAGTGAGCTGAGATTATGCCACTGCACTCCAGCCTGAGTGACAGAGTGAGAACCTGTCTCAAGAAAATTAAAAAAAA"
"GL873521","12689719","12689822","chr7","26479088","26479188","21","13789369","GCTGAGTACAGTAGCTCACTTCTTTCATCTCAGCACTATGAGAGGCTGAGTCAGGAGGATCACTTGAGGCCAGGATTTTGAGACAAGCCTGGGGAACATAGTGA","GCTGGGTGCTGTGGCTCACATGTATAATCACAGCACTTTGGGAGGCTGAGGCAGGAGGATCACCTGAGGCCAGGATTTCAAGACCAGCCTGGGCGAAATGG"
"GL873521","12747705","12747831","chrX","118392849","118392966","30","105645144","GCCAAGCATGGTAGCACAAGCTTTGTAGGCCCAATTACTTGGGAGGCTAAGATGGGAGGATCACTTGAGCCCAGGAGTTTGAGGCCAGCCTGAGAAACACTCCAAGACCCTCTTTATTTAAAATATA","GCCAAGCATGGTGGCTCATGCCTGTAATCCCAGTACTTTGGGAGGCTGAGATGGGAGGATAGCTTGAGCCCAGGAGTTTGAGACCAGCCTGGTAACACAGTGAGACCTCATCTCTACA"
"GL873521","12758304","12758462","chr7","65488595","65488751","43","52730291","ACTTAGCTGAATATAGTAGCACAAGCCTGTATTTCCAGCTACTCAGGAGGCTGAGGCAGGAGGATCACTTGGGCTTACAAGTTGGAGGTTGTGGTAAGCTATGATGATGCCACTGCCCTCTGCCCCAGGCAAATGTGATGCCTTGTCTCAACAACAAAA","TTAACTGGGTATAATGACACATGCCTGTAGTCCCAGCTACTAGAAAGGCTGAGGTAGGAGGATTGCTTGAGCCTGAGAGGTTGAGGATGCAGTGAACCATGATCAGGCCACTGCACTCAGCCTAGGCAACACAGTGAGACCCTGTCTCAAGAAAAAA"
"GL873521","12758495","12758600","chr16","15961202","15961315","30","3202707","GTGGCTGGTGCATATAATCCTACCACTTTGGAAGGAGGAGGGAGAATCATTGAAACCAGGAGTTCAAGAACAGCCCAGGCAGGCTATAGTGAAATCTCATCTCTAC","GTGGCTGGGCATGCCTGTAATCCTAGCACTTTGAGAGGCTGCAGCGGAAGGATCGCTTGAGCCCAGGAGTTCAAGAACAGCCTAGGCAACATAGCAAGATCCCTGTCTCTACAA"
"GL873521","12822938","12822952","chr1","210017045","210017059","2","197194107","TAAAACAAAAGAAAA","TAATAAAAAAGAAAA"
"GL873521","12822989","12823283","chr7","75828649","75828941","71","63005660","GGCCAGGCAAGGTGGCTAACTGCTGTAATCTTAGCACTCTAGGAGGCTGAGGCAAGAGAATTCCTTGAGGTCAGGAGTCAGAGACCAGCCTGAGCAAAAATGACACTCCACCTCTATGAAAAATAGAAAACAAAAATTAGCCAGGTGTGATGGCCCATTTCTGTAGTCCCAGCTACTGGGGAGGCTGAGGCAGGAGGATAGCTTGAGCCCAGGAGCTTGAGGTTGCGGTAGCTAGGCAGATGGCTCAGCACTCTTTCTAGCCTGGGCAACAGAGCAACATTCTATCTCAAAAAAT","GGCTAGGCATGGTGGCTCATGCATGTAATCCCAGCACTTTGGGAGGCTGAGGCGGACGGATCACTTGAGGTCAGGAGTTCGAGACCAGCCTGGTCAACATGGTGAAACCCCATCTCTACTAAAAATATAAAAATTAGCCAGGTGTGGTGGCGCATGCCTGTAGTCCCAGCTACTTGGGAGACTGAGGTGGGAGGATCCCTTGAGCCTGGGAGGTTGAGGCTGCAGTGAGCTGTGATGGCACCACTGCACTCCAGCCTGGGCAATAGAGCAAGACCCTGTCTCATAGGAAAAAA"
"GL873521","13041237","13041319","chr5","49472177","49472254","12","36430940","GGCCAGTCATGGTGGCTCATGCCTATAATCCTAGCACTCTGGGAGGCTGAAGCAGGAGGATCACTTGAGCTCAGGAGTTTGAG","GGCCTGGCATGGTGGCTCATGCCTGTAATCCAGCATTTTGGGAGGCTGAGGCAGGAAGATCACTTGAGCTCAGGATTT"
"GL873521","13102109","13102207","chr16","30194624","30194720","25","17092515","TGAGCCCAGGAGTTTGAGGTTGTTGTGAGCTGAGCAGACCACACAGCATTCTAGCTTGGGCAACAGAGTGACATTGTGCTTCAAAAAAAGAAAAAAAAA","TGAGCCCAGGAGTTTGAGACTACAGTGAGCTATGATTACACCACTCCTCTCCAGCATGGGCAACAGAGTGAGACACTATCTCAAAAAAAAAAAAAAA"
"GL873521","13102475","13102686","chr2B","236887995","236888203","46","223785520","GGCCAAGTGTGGTGGCTCATGCTTGTAATCCTAGCACTCTGGGTGGCTGAGGCAGGGGGATCACTTGAGCTCAGGAGTTCAAGACCAGCTTGAGCAAGAGTGAGAACCCATTTCTACTCAAAATAGAAAAAAATTAGACAGGCACTGTGGTGAGTGCCTGTAGTATGAGCTACTTTGGAGGCTGAGATAGGAAGATCACTTGAGCCCAGGAG","GGCTAGGCGCAGTGGCTGAAGCCTGTAATCCTAGCACTTTGGGAGGCCGAGGTGGGCGATCACTTTGGCTCAGGAGTTCGAGACCAGCCTGGGCAATATGGCAAAACCCCATCTCTACACAAAATACAAAAATTACTCAGATGTGGTGGTGAGTGCCTGTAGTCCCAGCTACTTTGGACGCTGAGGTGGGAAGATCACCTGAGCCCAGG"
"GL873521","13327200","13327291","chr3","43397692","43397785","20","30070492","CTATCACTTTAGGAGGTGAGGTGGGAGGATCACTTGAGGCAAGGAGTTCAAGAGCAACCTAGGCAACATAGGAACCCCTCTGTCTCTCCAAA","CCCAGCACTTTGGGAGGCTGAGGTGGGCAGATCTCTCGAGCCCAGGAGTTCAAGACCAGCCTGGGCAACATGGTGAAACCCCGTCTCTACCAAA"
"GL873521","13327700","13327732","chr1","70851001","70851033","8","57523301","GCTGGATATGGAGTCTCACACCTGTAATTCTAT","GCTGGGCATGGTGGCTCATCCCTGTAATTCCCT"
"GL873521","13722076","13722356","chr17","55905881","55906166","74","42183805","GTCTGGCGTGGTGGCTCAAGCCTATAATCCTAGTACTCTGGGAGTCCAAAGTGGGTGGATTGCTTGAGCTCAGTAGTCTGAGACCAGCCTGAGTAAGACCCAGACATCGTATCTACTAAAAATAGAATAAACTACCTGGGCATTGTAGCGGGTGCCTACAGTCCCAGCTACGTGGGAGGTTGAGGCAAGAGGATCACCTGAACCTAGAGAATGAGGTTGCTGTGAGCTATGATGAGGTCAAGGCACTCTACCCAGAGTAACAGAGTGAAATTCTATCTCAA","GGTCAGGCATGGTGGCTCAGGCCTGTAATCCCAGCACTTTGGGAGGCCAAGGTGGGCAGATTGCTTGAGCCCAGGAGTTTGAGATCAGCTTGGGCAACATAGTGAAAACTCATCTCTACAAAAAATTAAAAAAATTAGCTGGGCATTGTGGCACGTAACTGCAGTCCCAGCTACTTGAGAGGCTGAGGTGAGAGGATCACCTGAGGCCGGGAAGTCGAGGCTGCAGTGAGCTGTGATTGGGCCACTGCACTCCATCCTGGGCGACAGAATAAGACCCTGTCTCAAA"
"GL873521","13722635","13722652","chr6","90847853","90847870","1","77125218","AAAAAAAAAAAAAAAAAA","CAAAAAAAAAAAAAAAAA"
"GL873521","13789517","13789832","chr12","121838917","121839229","75","108049400","GCTGGGTGTGGTGGCTCATATCTGTAATGATAGCACTCTGGGAGGTCAAAGCAGGGAGATTACTTGAGCTCAGGAGTTAGAGAGCATCCTGAGAAAGAGTGAGATCCCTATCTATACTAAAAACAGAAAAACTAGCCAGTTGTAGTGGCAGGCACCTGTAGTCCCAGCTACTTTGGGAGTCTGAGACAAGAGGATCTCATAAGCCCAAGAGTTTGAGGTTGCTGTGAGCTGCGATGCCACAGCACTCTACCTGGGGTGACAGAATGAGACTTTGTCTCAAAAAAATAAAAAATAAAATAAAATAAAATTTAAAAAA","GGCTGGGTGTGGTGGCTCATGCCTGTAATCCCAGCACTTTGGGAGGCCAAGTCAGGAGGATTATTTGAGCCTGGGAGTTTGAGACCAGCCTGTGCAACATGGTGAGACCTCATCTCTACAAAACATAAAAAATTAGCCAGGCATGGTGGCATGTGCCTGTAGTCCCAGCTACTTGGGAGGCTGAGGCAGGAGGATCAGTCGAGCCCAGAAGATTGAGGCTACAGTGAACTGTGTTCATGCCACTGCACTCCAGCCTGGGTGACAGAGTGAGACCTTGTCTCCAAAAAAATCAAATAAATAAAAAAATAAAAAA"
"GL873521","13902129","13902272","chr17","73619699","73619842","30","59717570","GGCCAGGCATAGTGGCTCGCACCTATAATCCAGTACTATGGGAGACCAAGGCTGGAGGATCAATTGAAGCCAAGAGTTAAAGACCAACCTGGGCAACATAGAAACACTTCACCTATATAAAAAAAAAAAAAAAGAAAGAAAAAA","GGCCAGGTATGGTGGCTCACACCTGTAATTTCAGCACTTTAGGAGGCTGAGGCAGGAAGATCACTTGAGGCCAGGAGTTCAAGACCAGCCTGGGCAACATGGCAAGGCTTCATTTCCACAAAAAAAAAAAAAAAAAAAAAAAAA"
"GL873521","13902315","13902339","chr7","66627085","66627108","7","52724770","AAAAATTAACCCAGCATGGTGGCGC","AAAAAATTAGCCAGGCATGGTGAC"
"GL873521","13902374","13902499","chr7","68063538","68063660","30","54161164","AGTCCCAGCTACCATAGAGGTTGAGCCAGGAGGATCACTGAAGCCCAGAGCCCAGAAGTTTGAGGTTGCAGTAAGCTATGATCATGCCACTGTACTCTAGTCTAGGTGACAGAAGGAGACCCTGTC","GTAGTCCCAGCTACAAGGGAGGCTGAGGCAGGAGGATGGCTTGAGCCTGGGAAGTTGAGGCTGCAGTAAGCTATGATCATGCCACTGCACTCCAGCCTGGGTGACAGAGTGAGATTCTGCCTC"
"GL873521","14127800","14127881","chr3","123515043","123515137","26","109387243","GGCTAGATATGGTGGCTCATGCCTATCTGGAAAGCTGAGGCAGGAGGATTGCAAGAGGCCAGAAGTTTAATACCAGGCTAAG","GGCCAGGTATGGTGGCTCATGCCTATACTCCCAGCCTTTTGGGAGGCTGAGACAGGAGGACTGCTTGAGGCCAGGAGTTTAAGACCAGCCTGACT"
"GL873521","14128162","14128352","chr4","26023510","26023691","57","11895348","GGGCTGAGAATGAGATCCCATCTTTACAAAAAATTACCCAGGTATAGTGGCATCATCCTAGCTACTTGGGAGGCTGGGGCAGGAGGATTTCTTGGGCCCAGGAGTGTGAGGCTACGCTGAGCTATGATACCACTGCACTTTAGCCTGGATGATACAGCAAGATTTTACCTCAAAAAAAAAAAAAAAAAAAA","GGGTGGGAAAAAATTATCTGGAAATGGTGGCATATGCCAGTGGTCCTAGCTACTTGGGAGACTGAGGCTGGAGGATCACCTGAGCCCAGGAGTTAGAGGCTGCGGTGAATCGTGATCATGCCACTGCACTCTAGGCTGGGCAATAGAGCAAGACCCTATCTCGAAAAAAAAACAACAAAAAA"
"GL873521","14184019","14184216","chr17","61651681","61651883","50","47467662","GGCTGGGCATGGTGGCTCATGCCTGTAACCCTAGCACTCTGTGAGGCCAAGGCAAGTGGATCACCTGAGCTCAGGAGTTTGAGAACAGCCTGAGCAAGAGTGAGACTCCATCTCTAAAAATAGTTGGGCATTTGTGGTGAATGCCTATAGTCTCAGCTACTCAGCTACTTAGGAGGCTGAGGCAAGAGGATTGCTTGA","GGCTGGGTGCAGTGGCTCACGCCTGTAATCCTGGCACCTTGGGAGGCCAAGGTGGGAGGATCACTTGAGCCCAGGAGTTTGAGATCAGCCTGAACAACGTGGTGAAACTCCATCTCTACAAAAAATACAAAAATTAGCTGGGCTTAATGGCATATGCCTGTGGTCCCAGCTACTGAGGAGGCTGAGGTGGGAGGATTGATTGA"
"GL873521","14185943","14186062","chr8","25834967","25835086","23","11649024","GGCAGGGTGCAGTGGCTCACACCTATAATCCCAGCACTCTGGGAAGCTGAGGTGGGAGGATTGCTTTGAGATCAGGAGTTTGAAACTAGCTTGAGCAAAGCAAGACCCATCTCTACTAAA","GGCCAGGTGCAGTGGCTCATGTCTGTAATCCCAGCACTTTGGGAGGCTGAGGTGGGAGGTTTGCTTGAGCCCAGGAGTTTGAGACCAGCCTGGGCAACATAGCAAGACCCTGTCTCTATA"
"GL873521","14186086","14186221","chr14","74199793","74199926","31","60013707","AATTAGAGAGGTGTGATGCCACACACTGTAGTCTCATCTACTTTGGAGGCTGAGGCACAAGGATTACTTGAGCCCAGGAGCATGAGGTTGCTGTGAGCGAGGCTGAGGCCACAGCACTCTAGCCTGGGCAACAGAG","TTAGCCAGGTATGGTGGTGCACACCTGTAGTCCCAGCTACTTGGGAGACTGAGGCAGGAGGATTGCTTGATCCCAGGAGTTGAGGCTGCTAAGAGCTATGATCATGTCACTGCACTCCAGCCTGGGCAACAGAG"
"GL873521","14534133","14534413","chr5","43470606","43470891","71","28936473","GGTAGCTCATGTCTATAACCCTGACACTCTGGGAGGCTAAGGGAGAAACATCCCTTGAGCTCAGGAGTTCAAGACCAGTCTAAGCCAAAAGGGAGATCCATCTTTACCAAAACAGAAAAATTAGCTGGGCATGGTGATGTGTGCCTGTAGTACCAGCTGCTTGGGAGGCTAAGGAAGGAGGATTGTTTGAGCCTAGGAGTTTAAGGTTGCTAAGAGCTAGACTGAGGCCATGGCACAGTAGCCCAGGCAATAGAATGAAACTCTGTCTCAAAAAAAAAAAA","GTGGCTCTTGCCTATAATCCCAGCACTTTGGGAGGCTGAGGAGGGCAGATTGCTTGAGCCCAGGAGTTCAAGACCAGCCTGGGCAACATGGGAAAACCTCGTCTCTACAAAAAACACAAAAATTAGCTGGGCATGGTGGCATGTACCTGTAGTCCTAGCTACTTGGGAGGCTGAGGCAGGAGGACTGCTTGAGCCTCTGGAGGCGGAGGTTGCAGTGAGCTGAGACCGCGCCACTGCACTCCAGCCTGGGTGATAGAACAAGACCCTGTCTCAAAAAAAAAAAAAA"
"GL873521","14534507","14534523","chrX","153619065","153619080","3","139084558","CCCAAAATAAAATAAAA","ACATAATAAAATAAAA"
"GL873521","14646173","14646307","chr1","9156973","9157091","40","5489200","GGATGTAGTAGCTCACACCTGTAATCCCAGCATCATGGGAGGATCACTTGAGGCCAGGAGTTTGAGACTGGCTTGGGCAATATGGTGAGGCCCCATTCTTACAAAATAGGAAAAGAATTAATTGGATATGGTGGC","GGCTGGGTGAGGTGGCCTCACGCCTGTAATCCCAGCACTTTGGGAGGCCAAGGCAGGAGTTTGAGACCAGCCTGGGCAATACAGTGAGACCCCATCTCCAAAAAAAAAATTAGTGGGGC"
"GL873521","14703100","14703421","chr17","68155983","68156305","73","53452883","GGCTGGGCACAGTGGCTCATACCTGTAATCCTAGCACTTTGGGAGGCCAGGAAGGGAAGATAGCTTGAGGCCAGGAGTTTGAGACCAGGATGAGCGAGGTAGCGAGACCCCCCATCTCTATCAAAAATTAAAAAAAAAAAAAAATTAGCTGGGTATAGTGGTGAGGGCCTATCATCCTAGCTACTTAGGAGTAAGACAGGAGGATCACTTGAGCCTAGGAGGTAAGGTTGCAGTGAACTATGATGATGACCCTGCACTCTTGCCTTAGCAAGATGGTGAGACCCTGTCTCAAAACAAACAAACAAACAAACAAACATAAAAA","GGCTGGGCACCGTGGCTGACATCTGTAATCCCAGCACTTTGGGAGGCCAAGGCGGGTGGATCACTTGAGCCCAGGAGCTCGAGACCAGCCTGACCAACATGGCAAAACCCCATCTCTACCAAAAAAAAAAAAAAAATACAAAAAGTTAGCTGGGCATGGTGGAGAGGGCCTGTAGTCCCAACTACTCAGGAGGCTGAGGTGAGAGGATCACCTGAGCCACAGGAGGTCGAGGCTGCAGTGAGCCATGATCACACCATTGCACTCCAGCCTGAGAGAAAGTGAGACCCTGTCTCAAAAAAACAAACAAACAAAAACAGCAAAAA"
"GL873521","14778613","14778888","chr15","42746072","42746354","63","27967459","GGCCCAGCACAGTGGCTCACACCTATAATCCTCGCATTCTAGGAGACTGAGGTGGGAGGATCACTTGAGCTCAGGAATTTGAGATCAGCTTGAGCAATAAGGTGACCCCATCTCTACTAAAAATAGACTAATTAGCCAGGCATTGTGGTGGGCACCTGTGGTCCCAGCTAGTTGAGAGGCTCATGTTGGATTCCTTGAACCCAGGAATTTGAGGCTGCTGTGAGCTGGGCTGATGCCACAGTATTCTAGCCTGGGCAACAGAGTATGACTCTGTCT","GGCCAGGTACAGTGGCTCACACCTGTAATCCCAGCACTTTGGGAGGCCAAGGCAGGAGGATCACTTGAGCCTAGGAATTCAAGACCAGTCAGGGCAATATGGTGAAACTCCATCTCTACAAAAAATACAAAAATCAGCCAGGTGTGGTGGTGTGCGCCTGTGGTCCCAGCTACTTGGGAGGCTGAGATGGAAGGATCACTTGAGCCCAGGAAATGGAGGCTGCAGTGAGCTAAGGCTGTGCCACTGCACTCCAGCCTGGGCAACAGAGTGAGACCCTGTCTCA"
"GL873521","14884261","14884393","chr13","24405237","24405373","27","9520976","GGCTAGGTGTGGTGGCTCATGCCCATAATTCCAGCATTCTGGGAGGCCAATGTGGGAGGATCCCTGGAGGTCAGGAGTTTGAGACCACCCTGAGCAAAGCGAGACCCCATCTTCACTAAAAATAGAAAAATTA","GGCTGGGCATGGAGGCTCATGCCTATAATCCCAGCACTTTGGGAGGCTGAGGTGGGAGGATCGCTTGAGTTCATGAGTTCAAGACCAGCCTGAGCAACACAGTGAGACCTCATCTCTACTAAAAATCAAAAAAATTA"
"GL873521","14884660","14884815","chr1","141772547","141772702","39","126887887","TTAGTTGAATGTGGTGGTGTACACCTGTAGTCCCAGCTACTTGAAAGGCTGAAGAAAGAGGATTGCTTGAGCCCAAGTGCTTGAGGTTGTAGTGAGCTAGGCTGACGCTATGACACTCTGACCCAGGTGATAGAAGAAGACCCTGTCTCAAAAAAA","TTAGCTGGGCATGGTGGCGTGCACCTGTGGTCCCAGCTATTTGAAAGGCTGAGTTGGGAGGATCACTTGAGCCCAGATGGTTGAGGCTGCAGTGAGCCATGATGGCACCACTGCACTTTAGCCTTGGTGACAGAGCAAGGCCCTGTCTGAAAAAAA"
"GL873521","15677856","15678124","chr7","99887814","99888086","73","84209958","TGGCTCATGCCTGTCAACAAAGTACTTTGGTAGATTGAGAAAGGAGGATCTCGTGGACTCAGGAGTTTGAGACCAGCCTGGACGACATGGTAAAAAAACATCTTTAAAAAATTAGCCTAGCATAGTGGTGCACATTGATAATTTCAGCTATTTCGCAGGCTGAAGTGGGAGAACCACTTGTGTTTGGAAGCTCGAGGCTGCAGTGAGCTATGATCTCACACTACACTCCAGCCTGGGTAATATGGTGAGGTCCTGCCTCAAAAACAAAA","GGCTTACACCTGTAATCCCAGTGCTTTGGGAGGCTGAGGCAGGCAGATCACTTGAGCCCTGGAGTTCAAGACCAGCCTGGGCAACATGGTGAAACCCCATCTCTACAAAAAATTAGCCAGGCATGGTGGCTTGCACCTGTAGTCCCAGCTACTCAGGAGGCTGAGGTAGGAGGATTTCATGAGCCTGGAAGGTTGAGGCTGCAGTGAGCTATGATCACACCACTGCACTCCAGTCTGGGTGATAAAGTGAGACCCTGTCTCAAAAAAAAAAAA"
"GL873521","15875728","15875811","chr8","5975319","5975398","26","9900409","CAGTGAGCCGTGGTCTCCCTGTGCATTCCAATGTGAGTGACAGAGAGACCTCCCTCACACTCCCAAAAAAGAAAAAACAAGAAA","GCAGTGAGCCTTGATCGTGCTATTGCACTCTAGCCTTGGTGACAGAGAGAGACCCTATCTCAAAAAAAAAAAAAAAAAAA"
"GL873521","16170363","16170540","chr3","50079465","50079644","47","33909102","AAAAAAAAAAAAAATTACCCAGGTAAGGTGGTAAGGACCTGCAGTCCTAGCTATCTGGGATACGAGGTAGGAGGAGCACTTTGGCCCAGGAATTCCAGGCTATGGTGAACTATGATTACAACTGCACTCTAGCCTGGGCAAAAGAGTAAGAGACTGTCACAAAACACAACAAAACAAA","ACAAAAAGAAAAAACAATTAGCAAGGCCTGGTGGTACACACTTGTAGTCCCAGCTATTTGGGAGGCTGAGGTGGGAGGATCACTTGAGCCCAGGAGTTCAAGGTTACAGTGAGCTATGATCATGCCACTGCACACTAGCCTGGGCATCAGAGAGAGTTCCTGTCTCTAAGAAAAAAAAAA"
"GL873521","16172240","16172374","chr1","29329421","29329551","29","13157181","GGCTGCATGCAGTGCCTCATGTTTGTAATCCCAGCACTTTGGGAGCCAGTGGAGGAGAGGATCACTTGAAGCCAGGAATTTAAGACGGACCTAGCCAACATAATGAGAACTCCTCTATACAAAAAATAATAAAAT","GGCTGGATGCACTGGCTCCTGTCTGTAATCCCAGCACTTTGGGAGGCTGAAACAGGAGGATCCCTTGAAGCCAGGAGTTTAAGATCAGCCTGAGCAACAGAGTGAAACCCTGTCTCTACAAAAAAAAAAAA"
"GL873521","16260421","16260667","chr2A","25887935","25888182","71","9627514","GGATACAGTGGCTCACACCTGTAATCTTAGCAAACACCCTGGGGTGCTAAGGCAGGAGGATCACTTGAGCTCAGGAGATCAAGACCAGCCTGAGGAAGAGTGAAACCCCATTTCTACCACACATAGAAAAATTAGCCAGGTGTCTCTCTCTAGTCCCAGCTACTTGGGAGGCTGAGACAGGAGAATTGCTTAAGCCAGGGAGTTTCAGGTTGCTGTGGCTCAGACCATGGCACTCTAGACTGAGCAA","GGCTGGGCACAGTGGCTCACACCTGTAATCCCAGCACTTTGGGAGGGTGAGGCAGGAGGATCACTTGAGCTCAGGAGTTCGCAACCAGCCTGGGCAATATGGTGAAACCGCATCTCTACAAAAAATACAAAAATTAACCGGGTGTGGTTGTGCATGCCTGTAGTCCCAGCTACTTGGCAGGCTGAGGTGGGAGGATTGCTTGAGCTCAGGAGGTCAAGGCTGCAGTGAGCCATGATTACTCCACTGCA"
"GL873521","16747501","16747629","chr7","102198592","102198722","33","85451091","GCCGGGTATGGTGGCTCACACCTGTAATCCCACCACGTGGGAGGCCAAGGCAAGCAGATTGCCTGAGCTCACAGGTTCAAGACCAGCCTGAGCCAGAGTGAGACTTTGTCTTGGAAAATACCCGGGTGT","GGCTGGGTGTGGTGGCTCACACCTGTAATCCCACCACTGTGGGAGGCTAAGGCAGGCAAATCGCTTGAGCCCAGGAGTTCGAGACCAGCCTAGGCAACGTGGTGAAACTGTCTTTAGAAAATATTAGCCAA"
"GL873521","16747905","16748071","chr1","26355033","26355200","42","9607128","AACTAGGTAGGTGTTGCAGCAGGCGCCTGTAAATCCCAGCTACTTGGGCCAAGGCAAGAGAATCAATCACTTATGCCCAGGAGTTTGAGGTTGCTGTAAGCTATGACGCCCTGGCACTCTACCAAGGGTAACAAAGTCAGATCCTGCCTCAAAAAAAAAAAAAAAAA","AACTAGCTGGGTGTGGCGGCGTGTGCCTGTAGTCCCAGCTACTTGGGAGGCTGAGGCAGGAGGATCACTTGAGCCCAGGAGTTCAAGGCTGCAGTGAGCTAAGATCATACCACTGCACTCCAGCCTGGGTAATAGAGTGAGATCCTGTCTCAAAAAAAAAAAAAAAAA"
"GL873521","16826358","16826516","chrX","96886204","96886345","57","80059846","GGCGCCCTGCCACAAGCTGTAGTCTCCCCTATTTGGGAGGGTGAGGTCGGAGGATCATGTGAGCTCGGCAGTTCAAAGTCACCGGGCACTACAACCTCACCTGGACCAGTCAGGACTGCACGCCAGCCTCCCCAGCGCAGTGAGACTCTGTTTCTAAAA","GGTGCACATCTGTAGTCTCAGTTATTTGGGAAGCTGAGGAGGGAGGATCACTTGAGCCTGGGAGGTCAAGGCGCCAGTGAGCTGTGATTGCACCACTGCACTCCAGCCTGTGCTACAGAGTGAGACTCTGTCTCAAAAAAAA"
"GL873521","16850386","16850705","chr1","224543342","224543654","83","207692956","GCCAGCTGTGGTGGCTCACACCTATAGTCCTCACACTCTGGGAGGCTGAGGAAGGCAGATTCCCTGGAGCTCAGGAGATTGAGACCAGGCTGAGCAAGAACTGAGACTCTGTCTCTACCCCAAACAGAAAAACTTCACTAGGTGTTGCGGTGGGCACCTATAGCCTGAGCTACTTGAGAGGCAGAGGCAGGATGATCACTTGAACTCAGGAGTTTGAGGTTGCTATAGCTGTGCTGATGCCATAGTACTTTAGCCTGGGCAACAGAATGAGACTCTGTCTCAAAATAAATAAATAAATTAATAAATAAAAGAGAAAGAAA","GCCAGGCAGGGTGGCTCACGCCTGTAATCCCAACACTTTGGGAGGCTGAGGCAGGCAGCTTGCTTGAACTCAGGAGTTTGAGACCAGTCTAGGCAACATGGTGAAACCCCATCTCTACAAAAAATACAAAAATTAGCCAGGCGAAGTGGCGTGCCTATAGTCTTAGCTACTTGGGAGGCTGAGGCAGGAGAACTGCTTGAACTGGGGAGGTCGAGGCTGCATGAGCCGAGATCGTGCCACTGCACTCCAGCCTGGATGACAGAGCGAGACCCTGTCTCAAAATAAATAAATGAATAAATAATAAAATAAATAA"
"GL873521","16987716","16987746","chr4","157175852","157175881","5","140188136","GAAGAAAGAAGAAAGAAGAAAGAAGAAAGAA","GAAGAAGAAGAAGAAGAAGAAGAAGAAGAA"
"GL873521","16988099","16988370","chr11","32048157","32048430","73","15060058","GGCCCAGTTCAGTGTCTCACACCTGTAATCCTAGAACTCTGGGAGGTCAAGGAAGGTGGAGTCCTTGAGCTCAGGATTTTCAGATAAGCCTGAGCAAGAGACAGATCCATATCTACTAAACATAGAAAAACTAGCCTGGCATCAGTGTAGTCCCAGCTACTCAGAAGGCTGAGGCAGGAGGATCATTTGAGCCCAAATGTTTGAGTTTGCTGTGAGCTATGATGAATGACACCAGGGCACTCTACCCAGGGCAACAGAGTGAGACTATTTCT","GGCCCACCACAGTGATTCACATCTATAATCCCAGCACTTTGGGAGGCCGAGGTGGGAGAGTAGCTTGAGCCCAGGAGTTTGAGACCAGCCTGAGCAACAGGGCGAGACCCCATCTCTACAAAAAAAATTTAAAAATTAGCCTAGCATGTGCCTGTAGTCCCAGCTACTCAGGAGGCTGAAGCAGGAGGATCACTTGAGCCCAGGAGTTGAAGGCTGCAGTAAGCTATGATCACCCCACTGAGCTCTAGCCAGGGTGACTGAGCAAGACTCTATT"
"GL873521","17153915","17154039","chr7","102370770","102370890","26","85216855","GGCTAGGCACGGTGGTGACTCCTGCTTGTAATCCCAGCACTCTGGGAGGCCTGTGGCAGGTGAATTCCTTGCGCTCAGGAGTTCAAGACTAGCCTGAGTAATAGTGAAACCTCTGTCTCTACTAA","GGCTAGGCACGGTGGCTCATGCCTGTAATCCCAGCACTTTGGGAGACTGAGGTGGGAGAATTGCTTGAAGCTGGGAGTTCAAGACCAGCCTAGGGAACATAGTGAGACCCTGTCTCTTCAA"
"GL873521","17154076","17154241","chr16","21596696","21596868","46","4442620","CTAACCAGACCTGACAGGTGGCTATACTCTCGGCTACTTGGGAGGCTGAGGCAAGAGGATCACTTGATCTCAAGAGTTTGAGGTTGCTATAAGCTATGAGGCCATGACACTCTACCGAGGGCAACAAAGTAAGAGTTTTTCTCAAAAAAAAAACCCAAAACAAAAA","ATTAGTCAGACATGGTGGCATGTGCCTATAGTCCCAGCTACTTGGGAGGCTGAGGCAAGAGAATCATTTGAGCCCAGGAGGTTGAGGCTGCAGTAAGCAGTGATCATGTCACTGCACTCCAGCCTGGGCAACAGAGCAAGACCCTGTCTCAAAAAAAAAAAAAAAAGAAAAAA"
"GL873521","18186068","18186211","chr11","18518855","18518988","40","332787","TAGTCAGGTGCAGTGGTGCATGCCTGCAGTCACAGCTACTCTACTCAGGAGGATGAAGCAGGAGGACCACTGGAGACCAGGAGTTTGAGAATGCTGTAAAATACCATTGAGTCACTGCCTGCCAGCTTCAGTAACAGAATAAGA","TTAGCCAGGTGCAGTGGCGCATGGCTGTAGTCCTGCTTACTCAGGAGGTTGAAGCAGGAGGATCACTTGGGCCCAGGAGTTTGAGGCGGCAGCGAGCCATAATCGTGCCACTGCACTCCAGCTGAGTGACAGAG"
"GL873521","18186242","18186351","chr4","101432127","101432236","31","83245885","CTTGTAATTTCAGCACTTTTGGAAACTGTAGAAGGAAGATTGTTTAAGACCAGGAGTTCCAGAACAATCTGGGCAACACATGTTGACCTTGTACCTACATGAAAAAAAAA","CCTGTAATCCCAGCACTTTGGGAGGCTGAGGCAGGAAGACAGCTTGAGGCCAGGAGTTCCAGACCAGTCTGGGCAATATAGCAAGACCCTCATCTCTTTAAAAAATAAAA"
"GL873521","18231783","18232086","chr11","120552808","120553110","90","102321025","GGCATGGTGGCTCACACCAGCAATCCCAGCGTTTTGGGAAGCCCAAGGAAGAGAATCACTTGAGACCAGCCAGAGGTACATAGACACGTGGTCTACAAGAAATGACAATTAAAACAAATTGCTGGGCATGGTAGCCTGTGACTATAGTCCTGGCAACTCAAGAGGCTGAGTCAGGGGGTTTTTTGAGCCTATGAAGTCTAAGTTGCAGTAAGCTGTGATCATGCCACTATACCCTAGCCTGGGTGACAGAACAAGATTCTGTCTCTAAAAATAAAATAAAATAAAATAATAAAATGAAATAAAA","GCCAAGCATGGTGGTTCATACCTATAATCCCAGAACTTTGAAAGGCCAAGGCGAGAGGAGTTTGAGACCAGCCTGGGCAACATGATGACATGCCGTCTCTACAAAAAAATAAAATAAACAAAAACTAGCTGGGCCTAGTGGCATGTGTCTGTAGTCCTAGCTACTCAGGAGACTGAGGCAGGAGGATCACTTGAGCCTGGGAGGTCAAGGTTGCAGTGAGCTATGATTGTGTCACTGTACTCCAGCCTGGGTGACATAGCAAGAACTGGTCTCAAAAAAAAAAGAAAGAGAGAAAAAAGAAAA"
"GL873521","18672921","18673268","chr5","164510023","164510360","89","145837102","GGCTGGCCATGGTGGCTGAGGCCTGTCATCCTACCACTCTGAGAGGATGAGGAAGGAGGATTGGATTGCTTCAGCTCAGGAGTTCAAGACCAGCCTGAGCAAGAGCAAGACTCAGTCTCTACCAAAAATAGAAAAATTAGACTAGCCAGATGTAATGGCAGATGCCTCTAGTCCCAGCTAGTGGGGAGGCTAAGGCAGGAGGATCACTGAAACCCAGGAGTTTGAGGTGCCTGTGAGTTAGTTTAATACCATGGCAGTCTAGCTTGGGCAACAAAGTGAGACTCTGTCTCAAAACAAACAAAGAAACAAAGAAACAAACAAACAAAAACCCCAAAAATAAAAAAAAAA","GGCTGGGCACAGTGGCTCATGCCTGTAATCCTAGCACTTTGGGAGGCTGAGGCAGGTGGATCGCTTGAGACTGGGAGTTCAAGACCAGCCTGGGCAATATGGCAAAACCCCGTCCCTACAAAAAATACAAACATTAGCCAAGCATGGTGGCACATGCCTGTAGTCCCAGCTACTTGGGAGGCTGAGGCAGGAGGATCATTTGAGCCCGGGATGTGGAGGTTGCAGTAAGCTGAGATTGCATCATTGCACTCCAGCCTGGGCAACAGAGGGAGACCCTGTATCAAATAAATAAATAAATAAATAAATAAATAAATAAATAAAAGAAATAAAAGTAAAAA"
"GL873521","19315680","19315722","chr1","205503465","205503511","11","186187785","CAGTTACTTGGAAGACTGAGGCAAGAGGATCCCTTGAGCTAGG","CCAGCACTTTGGGAGACTGAGGCAGAAGGATCCCTTGAGGCCAGCGG"
"GL873521","19598410","19598508","chr1","6398492","6398584","25","13199918","TATCACTACACCACTATACTCTAGCCTGGGCAACAGATTGAGAACCTGTATCAAAAACAAACAAACAAACAAACAAAACACAATAAAAAATAAATAAAA","GTGATTGCACCAATGCACTCCAGCCTGGGTGACAGAGCGAGACTGTCTCAAAACAAACAAACAAACAAATAAAACAAAAGAAAAGAAAAGCAA"
"GL873521","19777152","19777359","chr4","72787006","72787205","63","53009854","CCTGAGCAACATAGAGAGATCCCATCTCGACAAAAATATTGAAAAAAAAATAGATAAACTTATCAGCTGGGTTTGGTAGCACACAACTGTATCCCCAGCTACCGGGAAGGCTGAAGCAGGAGGAGCCTGACAGATCAAGGCTGCAGTGAGCAGTGATCACATCACTACACTCCAGCCCAGGTGACAAAGCACAATCCTGTCTCAAAAA","CTAGGCAACATGGAAGAACCCCATCTCTACAAAAATTACAAAAACTAGCTGGGCATGGTGGTGTGCGCCTGTATTCCCAGCCACTGGGGAGGCTGAGGTGGGAGGATTGCTTGAGCCTGGAAGATTAAGGCTGAAGTGAGCAGAGATCACACCGCTGCACTCCAGTCTGGGTGACAGAGCAAAACCCTGTCTCAAAAAAA"
"GL873521","19907026","19907166","chr6","12022857","12022993","42","7884169","AGGAAAAATTACCAGGGCATGGTGATGTGCACTTATAGTCCCAGCTCCTGGGAAGGCTGAGTCAGGAGGCCAGGAGTTTGAGGTTATAGTGAGCTATGATGCCACTGCACTCTCTCTGGGTGACATAGTGACATTCTGCCT","TTAAAATTAGCCAGGCATGGTAGCAGGCACCTGTACTCCCAGCTACGGGAGGGTCGCTTGAGCCCAGGAGATCAGGGCTGCAGTGAGCTATGATTGTACCACTGCACTCCAAACTGGGTGACAGAGTGAGACTCTGT"
"GL873521","19907190","19907299","chr3","21509747","21509855","27","1602557","GTGGTGGCTCAGCCTATAATCCTAGCCTTCTGGAGGCCCAGGCGGGAGGATTGCTTAAGGTCAGGATGTTGAGACGAACCTGAGCATGAGTGAGACCCCATCTCTACAAA","GGTGGCTCATGCCTATAATTCTAGCGCTTTTGGAGGCCAAGGGGGGAGGATTACTTGAGCTCAGGAGTTCCAGATCAGCCTGGACAATTTAGTGAGACCTCATCTATAC"
"GL873521","20453341","20453513","chr19","53340691","53340862","44","32887350","AGACAACTAGCCAGGCATTGTGGTGGGCATCTATAGTCCCAGCTACTTGGGAGGCTGAGGCAAGAGGATCACTTGAACCCAATAGTTTGAGGTTGTCATGAGCTATGATGATGTGGCATTCTACTCAGGGTGACAGCGTGAGAGACTCTGTCTCAAACAAATGAACAAAAAAA","ACAAAAATAGCTGGGTGTGGTGGTGCATACTTGTAGTCCCAGCTACTTGGGAGGCTGAGGCAGGAGGATCACTTCAGCCCAGGAGGTTGAGGCTGCAGTGAGCCATGATCATGCCACTGCACTCCAGCCGAGGGGAGAGAGCAAGACTCTGTCTCAAAACAAACAAACAAAA"
"GL873521","20453540","20453662","chr4","5943586","5943706","26","14509954","CAGGCGTGGTTGCTCATGCCTGTAGTCCTAGCACTTCAGGAGGCTGAGGAGGGTAGATTGCTTGAGGTCAGGAGCTGGAGACCAGCCTGAGCAAGAGCGAGACCTTGTCTCTACTAAAAATAG","GGCCATGGTGGCTCATGCCTGTAATCCTAGCACTTCGGGAGGCTGAGGAGGGAGGATTGCTTGAGGCCTGGAGTTTGAGACCAGCCTGGGCAACATAGTGAGACCACGACTCTATTTAAAA"
"GL873521","20821454","20821743","chr8","121327775","121328067","74","100506321","GCCGGGCCCAGATGGCTCAAGCCTGTAATCCTTGCACTTTGGGAGGCCAATGTAGGAGGATCACTTGCGCCTAGGAGTTCCAGGCCAAGCTGTGCAAGGTGAAACACTGTTCCAAAAAATATATATATATGAAAATTAGCCAGTCCTGTTGGTACACATCTGTCGTTCCAACTACTTGGGGGACTGAAGCAGGAGGATCCATGAGTCCAAGATTTGAGGTTGCAATGAGCTGTATTGGAGCTACTACACTGTAGCCAGGGCGACAGGAGGAAAAACTTGTTTTAAAAAAA","GGCTGGGTGCAGTGGCTCATGCCTGTAATCTTAGCACTTTGGGAGGCCAAGGCAGGTGGATCACTTGAGCTTAGGAGTTCAAGACCAGCCTGGGCAACATGGTGAAACCCTGTCTCTACAAAAAATAAAAAAAAATTAGCCAGGCATGGTGGCATACACCTGTAGTCCCAGCTACTTGTGGGGCTGAGGCAGGAGCATCACTTGAACCCAGGAGCTCAAGGCTGCAGTGAGCTGTGATCTTACCACTGCACTCCAGCCTGGGTGACAGAGTAAGACCTTGTCTCAATAAAAAA"
"GL873521","20825224","20825315","chr22","42881883","42881978","27","22056659","AGAGGATCTCTTGAGCCTAAGAGTTTGAGGTTGCTGTGAGTTCTGATACCACAGCGCTCTACACAGGGCGACAGAGTAAGACCCTTTCTTAA","GGCAGGAGGATCGCTTGAGCCTGGGAGGTCAAGGATGCAGTGAGCTGTGATTGCACCACTGCACTCCACCCTGGGCGACAGAGTGAGACCCTGTTT"
"GL873521","20825595","20825767","chr4","156475909","156476099","57","135650314","GCGGTGGCTCACACCTGTAATCCTAACACTCAGGATCGCCTAAGCTCAGGAGGTGGAGACCAGCCTGAGCAAGAGAAACACCTCAACTCTACCAAAAACAGAAAAAGTAGCCTGGGTGGTGGTAGGCATGTGTAGTCCCAGCTACTCGGGAAGCTGAGGCAAGAGGATCTCTT","GGCCAGGCACAGTGGCTCACACCTATAATCCCAGCACTCTGGGAGACTGAGGCAGGAGGAGCCCAGGAATGTGAGACCAGCCTGGCCAACATGGTGAAACCCAGTCTCTACTAAAAATATAAAAATTAGCCTGGTGTGGTGGTGTGCGCCTGTAGTCCCAGCTACTTGGGAGGCTGAGGTGGGAGGATCAC"
"GL873521","21355913","21356066","chr4","158479533","158479684","48","137123620","ATAAAAATTAACTAGCTATGGTGGCATACACTCTTGTCCTAGCTACTTAGGAGGCTGAGGATCATTTGAGGCCAGGAGTTTAAAGCTATAGTGTACTGTGATGATTACGCCTGTGAATAGCCACTGTACTCCAGCCTGGGCAACATAGCAAGAC","AATTAGCTGGGCATGGTGGTGCATACCTGTAGTCCTAGCTACTCAGGAAGCTGAGGCAGGAGGACAGCTTGAGGCCAGGAGGTCAAGGCTGCAATGAACCATGATTGATTACACCTGTAAATAGTCACTGCATTTCAGCCTGGGCAGCATAG"
"GL873521","21623697","21623773","chrX","53329871","53329945","26","31706174","AAATTTAGGCAGGCAAGTTGGCACATGTTTGTAGTCCAAGTTATGTGAGAGGATTCTTTGAGTCCAGAAGTTAAGGC","AATAGCTTGGGCAGGGTGGTGCATGGCTGTAGTCCTGAGATGGGAGGATCCCTTGAGTCCAGGAGCTTGATGCCG"
"GL873521","21623801","21623894","chr3","42032495","42032583","27","20408694","GTAATCTTAGTACTTTGGGAGGCCAGACAGGAGATTCATTTGAGACTGAGTTTAAGATCAGCCTGGACAACATGGCAATATCCCATGTCAACCA","TAATACCAGTATTTTGGGAGGCTGAGGCAGGCGATCACTTGAGCCCAGTTCAAGACCAGCCTGGGCAATATAGCGAAATCCTGTTTCTA"
"GL873521","21714176","21714337","chr12","96671998","96672172","41","74957822","ACTAGGGGGCATTGTGGCAACTGTCATCCTAGCTGCTCAAGAGGCTGAGGCAAGAGGATCACTTCAGCCCATGAGTTTATGGTTGCTGTGAGCTATGACTCCATGGCACTCTAGCCTGGGCAATAGAATGAGACTCTGTCGCAAAAAAAAAGAAAGAAAGAA","AATTAGCTGAGCATGGTGGCAGGCACCTGTAGTCCCAGCTACTTGGGAGGCTGAGGGAGGAGGGTCACTTGAACCCAGGAGTTTGAGGCTGCAATGAGCTATGACTGCATCAGTGCACTCTAGCCTGGGCAGTAGAGTGAGACCCTGTCTCACAAAAAAAAGAAGGAAAGAGAAA"
"GL873521","21714364","21714489","chr15","78802491","78802611","29","57088127","GGCTGGGTACCCTGGCTAGACACCTGTAATTCTAGCACTCCAGGAGGCTGAAACAGGTGGATTTCTTGAGCTCAGGAGTTCAAGACCAGCCTGTCCAAGACCAAGACCACAATTCTGTCTCTACTT","GGCTGGGTACAGTGGCTCACACCTGTAATCCCAGCACTTTGGGAGGTGGAGGCAGGAGGATCACTTGAACTCAGGAGTTCAAGACCAGCCTGGCCAACATGGCGAAACTCCGTCTCTACAA"
"GL873521","21743555","21743631","chr10","20213332","20213405","25","1530223","TATAGGGTGTGGCGGCAAGTGTGTATAGTACTAGCTACTTAAAGAGGTTGAGATGGGAGGATTGCTTGAGCTAAGGA","CCAGGTGTGATGGTGCATGCCTGTGGTCTCAGCTACTTTGGAGGCTGAGGTGGGAGGATTGTTTGAGTGGAGGT"
"GL873521","21743658","21743767","chr10","43292583","43292692","28","21548925","CAATGGTTTGTGCTTGTAATCCAGCACTTTGGGAAACAAAGGAGAAAGGATTAATTGAGACCAGGAGTTCAAAATCAGCCTGGGCAACATAAAGAGACCCTGTCTCTATG","GCGGTGGTTCAGCCTGTAATCCCCGCACTTTGGGAAGCTAAAGCAGGAAAATCACTTGAGCCCAGGAGTTCAAGACCAGCCTGAGCAACATAGTGATACCCCTGTTTCTA"
"GL873521","21994326","21994402","chr3","183523015","183523100","19","161528689","GGCATTGTGACTCACACCTATAATTCTAGCACTTTGGGAGGCTGAGGTGGGAAGACCACGAGCACAGGTTCAAGACC","GACTGGGGGCAGTGGCTCAAACCTGTAATCCTAGCACTTTGGGAGGCTGAGGTGGGAGGACCACCTGAGCTCAGGAGTTCAAGACC"
"GL873521","22568894","22569013","chr7","21219168","21219276","37","1349726","TACGTTGTGGTGGCTAGTCCCAAACTACTCAGCTACTCAGGAGTTTGAGGTTGCAGTAAGCTGTGAGGTTGCATTGCACGACAGATTGTGCAACAGAGCGAGACCCTATCTCGAAAAAAA","GGCTGAGGTGGGATAATCACTTGAGCCCGGAAAGTTGAGGTTGCAGTGAGCCATGACTCGGCACTGCACTCCAGCCTGGGCAACAGAGCCAGACCCTATCTCAAAAAAA"
"GL873521","22569034","22569129","chr15","57106062","57106161","19","34537028","CAGGCATGGTGGCTCACACCTGTAATCATAGCACTTTGGGAGACCAGGAGTTCAAGACCATGCTGGGCAACATGGCGAGACCTTGTCTCTACCAAA","GGCCAGGCATGGTGGCTCACTCCTATAATCACAGCACTTTGGTAGGCCATGAATTCAAGACCAGCCTGGGCAACATAGTGTAACCCTGTCTCTACGAAAA"
"GL873521","23082461","23082581","chr19","17007875","17007987","43","6074586","AAAATACACAGAGTACCCAGGCATGGTGGTGCATGCCTCCAGTCCCAGCTACAGGTGAGACTAAGACTAAAGGATGCCTTCAGCTCAAGACTTTGAAGCTGGCCTAGGCAACAACAAGACC","ACAATGTAGCTATGGCATGGTGGTGCCTGCCTGTTGTCCCAGCTACTTGGGAGGCTGAGATGGGAGGATTGCATGAGCCCAAGAGTTCAAGGCTGCTGTGAGCTACAATCACG"
"GL873521","23326932","23327034","chr1","153330637","153330743","26","130003705","GACTGGGTATGGTGGCATATGCCTGTAAACCCAGCACTCTGGGAGGCTGTGGCGGGTGGACCAGCCTGAGACCAGCTTGAGAAAGAATAAGACTCTGTCTCTA","GGCTGGGTGTGATGGCTCATGCCTGTAATCCTAGCACTTTGGGAGGCTGAGGCAGGTGGATCACTTGAGCCCAGGAGTTTGGGCAACATGACAGAACCCTGTCTCTA"
"GL873521","23327057","23327213","chr6","85247800","85247964","38","61920743","CCAGACATTGTGACACATGCCTATAGTCCTACTTGGGAGGCTGAGGCAAGAGGATGTCTTGTGCCCAAGAGTTTGAGGTTGCTGTGAGCTATGATACCATAGCACTCTAGTGGGGGGCAAGAAAGTGAGACACTGTCTCAAAAAAAAAAAAAAAAAA","CCAGGCATTGTGGCACATGTGTGTAGTCCCAGCTATTTGGGAGGCTGAGGCAGGAGGATCCTTTGAGCCCAGGAGTTTGAGGCTTCAGTGAGCTGTGATTGGACCACTACACTCTGGCCTGGGCAACAGAGAAAGACCCTGTCTCAAAAAGAAAAAGAAAAAGAA"
"GL873521","23553294","23553452","chr8","101101478","101101641","53","77548184","AAAATAAAGTTAGCTAGACACAGCTTTGGGCACCTGCAGTCCCAGTTACTTGGAGGTTGAGGCAAGAGGATTGTTTGAGCCTAGAGGTTTGAGGATATGGTTTGCTGTAGTTCTACCTGTGAGTAGCCACTGTTCTCCAGCCAGGACACCAGCGCAAGA","AAAAAGACACCAAGTAGCCAGGTGTGGTGCTGCAGGCCTGCAGTCCCAGCTACTTGGGAGGCTGAGGCAGGAGGATTGCTTGAACCCAGGAGTTCAAGACTTCAGTATGCCATAATCGCACCTATGAATAGTCACTGCACTCCAGCCTGGGCGACATAACAAAA"
"GL873521","24165831","24166009","chrX","9218405","9218573","51","14947426","GGCCAGGCACAGCAGCTCACACCCATAATCCTAACACTCTGAGAGACCAAGGTGTATAGATTACCTGAGCTCAGGAGTTGGAGACCACCCTGAGCAAGAGTAAGACCCCCATCTCTACAAAAAAAAAAAAAAAATAGAAAAACTAGCCAGGTGTTGTGGTGGGTACTTACAGTGCCAAC","GGCCAGGCGCAGTGCCTCACACCTGTAATCCCAGCACTTTGGGAGGCCGAGGCGGGTGGATCACTTGAGCTCAGGAGTTTGAGACCAGCCTGAGCAACATGGCAAAACCTCACCTCTACAAAAAAAATACAAAAATTAACCAGGCATGGTGGCAGGCACCTGTAGTCTC"
"GL873521","24270646","24270916","chr8","27224878","27225151","68","2954232","GGCCAGGCACGGTGGCTCACACCTGAATCCTAGCTGGCATTCTGGAAGGCCGAGGTGGGTGGATCACCTGACCTCAGGAGTTCAAGACCATCCTGAGCAAGAGTGAGATGAAACCTCATCTCTAAAAATAGCTAGGCATTGTGGTGGGCACCAGTAGTCCCAGCTACTAGGGAGGCTGAAGCAAGAGGATCACTTGAGTCTAAGAGTTAGACGTTGCTGTGAGCAGTGACGCCACAGCACTCTACCCAGGGCAACAAAGTGAGACTGTCTC","GGCCAGGTGCAGTGGCTCACACCTGTAATCCTAGCCCTTAGGAGGCTGAGGTGGGAGGATCACTTGAGCTCAGGAGTTCAAGACCAGCCTGGGCAATATGGTGAAACCCTGTCTCTACGAAAAATTAGCCGGGCATGGTGGCGCATGCCTGTAGTCCCAGCTACTCAGGAGGCTGAGGTGGGAGGATCATTTGAGCCCAGGAGGCGGAAGTTGCAGTGAGCCAAGATTGCACCACCGTACTCCAGCCTGGGCAACAAGTGAGATCCTGTCTCAA"
"GL873521","24618820","24618994","chr8","68458893","68459071","47","43840073","TCCTAGCACTCTGGGGGGCCGAGGTGGTAGGATCACTTGAACTAGAGTTCAAGACCACCCTGAACAAAAATCACACCCTGTCTGTACTAAAAATAGAAAAATTAGCCAGGCATTATAGTGCATGCCTGTAGTCCCAGCTACCTGGTAGGCTGAGGCAGATCCTCTAGCCCAGGGG","CCCAGCACTTTGGGAGGCTGAGATGGGTGGATCACTTGAGCCCAGGAGTTCAAGACCAGCCTGGGCAACATGACGAAACTCTGTCTTTACAAAAAATACAAAAATGAACCAGGCATGGTGGTGCATGCCTGTAGACCCAGTACTTGGGAGGCTGAGGTGGGAGGATCCCTTGATCCTGA"
"GL873521","24626746","24626855","chr1","205148842","205148953","29","180522096","AAAGAATGACAAAAATTCAGATATGGTGGTATGCACCTATAGTCAGTCACAGCTACTGGGGAGGCTGAGGTGGGAGGCTTTCTTGAGCCCAGGAGGTTGAGTCTAGCAAT","AAAAAGTACAAAGAATTAGCCAGGTGTGGTGGTGCGTGCCTATAGTTCCAGCTACTTGGGAGGCTGAGGTGGGAGGATTGCTTGAGTCCAGGAGTTGGAGGCTGCAGTGAAA"
"GL873521","24781755","24782037","chr5","139301937","139302217","85","114520182","GACCAGGTGTGGTGGCTCACACCTATTAGCCTAGCACTCTTGGCAGCTGAGGCAGGAGGATTCACTCAGAACTTCAAGAGTTAAACCCATGCCTCTACTAAAAATAAGAAAAAAATCAGTCCAGAGTATCATGGTGGGCACTTGCAGTCCCAGCTACTCGCAATGCTGAGGAAGAAGGATAGCTTGAGCCTAGGAGTTTGAGGTTGCTGTAGGCTGGATTTTTGTCATGGCATGCTAGTCTTGGCAACAGAGTGAGACTCTGGGGGAAAAAAAAAAGGAAAAA","GGCTGGGTGCGGTGGCTCACACCTGTAATCCCAGCACTTTGGGAAGCTGAGGCCAGAGGATGGCTTGAGCTCAGGAGTTTGAGTTGAAACCCTGTCTCTACAAAAAATACAAAAATTAGCTGGGTGTGGTGGTGCACACCTGTGGTCCCAGCTACTTGGAAGTGTGGGGTGGGAGGATTGGTTGAGCCCAGGAGGTTGAGGCTGCAGTGAGCCATGATCGTGCCACTGTACTCCCGCCTGGGTGACAGAATGAGACCCTGTCTCAAAAAAAAAAAAAAAAA"
"GL873521","24969692","24969970","chr5","91805199","91805483","78","66835507","GGCTGGATGCAGTGGCTCACACCTATAAACCTAGCACTCTGGAAGGCCACAGTGGGAGAATGGCTCGAGTTCAGGATTTTGAGAGTAGCCTGAGCAAGAGCAAGACCACATCTCTACTAAAAATATAAAAATTAGCAGGAAGTCTTGCTGAATGCATCATCTCAACTGCTCTGGAGGATGAGGCAAGAGGATTGCTTGAACTCAAGAGTTGAGGTTGTGGTGAGCGAGACTGAATCCATAGCACTCTACCCCAGGCAACAGAGCAAGACTTTGTTGAAA","GACTGGGTGCAATGGTTCACATCTGTAATCCCAGCACTTTGGGAGGCCAAGGTGGGAGGATGGCTTGAGCCCAGAAGTTCAAGACCAGCCTGAGCTACATGGCAAAACCCTGTCTCTACAAAAAATGTAAAAATGAGCCAGGCATGGTGGTGCATGCCTATGGTCCCAGCTACTCAGGAGGCTGAGGCAGGAGGATCGCACTAATCTAGGAGATGGAGGCTGCAGTAAGCCGAGATTGAGTCATTGCACTCCAGCCTGGGCGAAAGAGCCAGACTCTGTCTCAAA"
"GL873521","24970004","24970019","chr3","153804291","153804307","1","128834287","AAAACAAAACAAAAAA","CAAAACAAAACAAAAAA"
"GL873521","25391954","25392209","chr7","3491054","3491312","81","21900900","CCTAGTGCAGTGGCTCACACCTGTAATCCTGGAGGCTGAAGCAGATGGATTGCTTTGAGTTCCTGCCTAAATAAAAGTGGGAATCTACTATAGCAAAATTAGCTGGGCGTTATGGTGGGTACTTGTGGTCCCAGCTACTCAGGACGCTGAGGCAGGAGGATTGCTTGAACCAAGGAATTTGAGGTTGTTATGAGCTATGATGATGCCATGGCACTCTACCCAGGCCACAGAGTAAGATTTGGTCTCCAAAAAAAAA","GGCCAGGTGCGGTAGCTCACATCTGCAATCCCAGCACTTTGGGAGGCTGAAGCTAGAGGATCACTTGAGTCTTGTCTCTACAAAAAAAATCAAAAAATTAGCCAGGGCATGGTGGTGCATGCCTGTAGTCCCAGCTACTCGGGAGGCTGAGGCAGGAGGATCACTTGAGCCCAGGAGGTTGAGGCTGCAGTGAGCTGTGACTGTACCACTGCACTCCAACCTGGGCAACAGAGTGAGACCCTGTCTCAAAAAATAATAA"
"GL873521","25453333","25453646","chr22","29946204","29946503","77","4492871","GCCGGGTACAGAGGTGCATTTACCTGTAATCCTAGCACTTTGGGAGGGTAGGGTAGGAGGATGGCTTGGGGCCAGTAGTTCAAGACCAGCCTGAACAATCTAGTGTGACCTCGTCTCCACAAAATATAGAAAAATTAGCCAGGCATGGTGGTGGGCACTTGTATTCTCAGCTTCTCAGGAAGCTGAGGCAGGAGGATCTTTTGAGGCTGGAAGGTTGAGGTTGCATTGTTGAGATTGCACTGAGCTGTGATGACACCACTGCACTCTAGCCCTGGCAACAGAGTGAGATCCTAATTTAAAAAAAAAAAAAAAAA","GCTGGGCGTGGTGGCTCCTTCCTGTAATCCCAGCACTTTGGGAGGCCAAGGCTGGAGGATCACCTGAGTCCAGGAGTTTAAGACCAGCCTGGGCAACATAGGGAGACCCTGTCTCTACAAAAAATAAAAAATTAGCCAGGCATGGTGGTGTGCACCTGTAGTCCCAGCTACTCAGGAGGCTGAGGCAGGAGGATCTCTTGAGCCTGGGAGGTCAGACTACAGTGAGCAATGATTGTGCCACTGCACTCCAGCCTGGGTGACAGAGTAAGACTCTGTCTCTTAAAAAAAAAAAAAAAAAAA"
"GL873521","25473197","25473312","chr11","64318421","64318538","25","38845224","GGGCATGGTAACTCACTCCTATAATCCCAGCAGTTTGAGAGGCCAAGGCTGGAGGATCACTTAAGGCTAGGAGTTCATGACTGGTCAGGGCAACATAGTAAGACTTATTCTCTACA","CCAGGCATGGTGGCTCACACCTATAATCCCAGCACTTTGGAAGGCCAAGGCGGGAGGATCCCTTGAGGCCAGGAGTTTGAGACCAGCCTGGGCAACATAGCAAGACTCCGTCTCCACA"
"GL873521","25473339","25473487","chr1","35894728","35894879","40","10421389","AAGAATTAGCTAGGCATAGTGGTGCGCAGCTGTAGTTCCAAGTACTTGGGAGGTTAAAGACCATGTGAGCGCAGGAGTTCAAGGCTACAGTGAGCTGTGATCATGCCACTGCACTCTGGCCTGGGTGACAGAGTCTGTGTCATAAAAAA","AAAAATTAGCCAGGCATGGTGGCACATGCCTGTGGTCCCAGATACTTGGGAGGCTGAAGTGGGAGGATCACTTGAGCCCAGGAGATCAAGGCTGCAATGAGCCATGATCATGCCACTGCACTCCAGCCTGGGCAACCCTGTCTTTAAAAAAA"
"GL873521","25493130","25493293","chr4","75562087","75562252","41","50068957","CTTAGAGTTGTGGTGGGCTCCTGTACTCCCAGCTACCCAGGAGGTGAGGCTGAGGCAGGTGGATCACTTGAACCCAGGTATGTGAGGTTGCTGAGAGCTAGGATGACACACAGCACTCTAGCCTGGTGACAGAGTGAGTCTATGTCTCTAAATAAATAAATAAA","TTAGCTGGGTGTGGTGGCATGCACCTGTAGTCCCAGCTACTTAGGAGGCTGAGGCAAGAGGATCACTTTAGCCCAGGAGGTGGAGGTTGCAGTGAGCTGAAATCATACCACTGCACTCCAGCCAGGGTGACAGAGTGAGACCTTGTCTCAAAAATAAATAAATAAA"
"GL873521","25493320","25493467","chr9","31337596","31337743","33","5844276","GACTGGGCTTGGTGGCTCATGCCTGTAATCCTAGCATTCTGGGAAGCTGAGGCAGGAGAATCACTTGAGGTCAGGAGTTCAAGACCAGACTGAGCAAGAGTGAGATCTTGCCTCTACTAAAAAAATATATATTTTTAAAAAATAATGC","GCTGGGTGTGGTGGCTCACACCTGTAATCCTAGTGATTCAGGAGGCTGAGGCAGAAGGATCACTTGAGGTCAGGAGTTTGAGAGCAGACTGAGCAACAGAGTGAGACCCCCTCTCTAAGAAAAAAATATTAAAAAAAAAAACAACCGC"
"GL873521","25793453","25793728","chr15","82250472","82250741","88","56457019","CAGGTATGGTGGCTCACACCTGTAATCCCAGCACTTCGGGAGGCCAGGAGGTGGGGGAGAGGCTCTCTTGAAGCCAGGAGTTCCTGACCAGCCAAGCAACAGGCGAAACCTTATCTCTACAAAATATTAAAGAAAAAAGGAAATTAGCCAGGTATAGCAGTAGACATCCATAATTCCAGATACTGTCGTGGCTAGGACAGGAAGATCACCTGTGATTGTGCCACTGCATCCCAACTTGCCAAAAAAGCAAGATGCTGTCTCTATAAAAGAAAACTA","GCCGGGCACGGTGGCTTATGCCTGTAATCCCAGCACTTTGGGAGGCCGAGGCAGGAGAATCGCTTGAGCCCGGGAGTTTGAGACCAGCCTGGGCAACATGGTGAAACCAAGTCTCTACAAAAAAATACAAAAAAATTAGCCAGGTGTCGTGGTGCACGTCTGTAGTCCCAGCCACTCCTGGGAGGTCGAGGCTGCAGTGAGCTGTGATCGTGCCACTGCACTCCAGCCTGGGGAACAGAGTGAGACCCCGTCTCAAAAAATAAAAAAAAA"
"GL873521","25946379","25946540","chr16","48668108","48668267","54","22721729","GTTGAGGCAGGATTTCTTGAGGCTGGGAGTTGGAGACCAGCCTGAAAAACATGTTGATACCATTGCTACAGAAATTAGAAGAGTTAGCTGGGTATAGTGGTGCATCCCTGTAGTTCCAACTACTAGGGATGCTGAGGCAGGAGGGTCACGTAAGCCCAGGAG","GTGGGAGGATTTCTTGATCCCAGGGGTTCAAGACCAACCTGGGCAACATAGTGAGACCCTGTGTATACTGAACAAAAACAATTTTTCAGGCATGGTGGCACACACCTGTAGTCCGAGCTATTCGAGAAGCTGAGATGGGAGGATCCCTTGAGCCCGGGAG"
"GL873521","25955927","25956105","chr3","43378154","43378339","50","17422227","AAAAAATAGAAAAATTAGCCATGTGCAGTGGCATGTGCCTATAGTTCCACCACTGTAGGGGCTGAGGTAGGAGGATCCCTTAAGACCAGGACTTTGAGATTGCTGTGAGTTATGACATCACTGCTGTCTGGTTGGGTGACAAAGGGAGACTTTGCCTCAAAAAAGGGAAGAAAGAAAAA","AAAAATACAAAAATTAGCCGGGCATGTTGGCATGTGCCTGTGGTCCCAGCTACTCCAGAGGCTGAGGTGGGAGGATCACTGGAGCCCGGGAAGTTGAGGCTGCAGTGAGCTGTGATCACACCACTGCACTCCAGCCTGGGTGACAGAGTGAGACCCTGTCTCAAAAAAAAAAAAAAAAAAAAAAAA"
"GL873521","26298260","26298339","chr4","95794331","95794409","18","69496071","GGCTGGGTGCATCAGCTTATGCCTGTAATCCCAGTACTTTAGGAGGTTGAGGTAAGAGGATCACTTAAGAACAGGAATCC","GGCTAGGTGCAGTGGCTTACACCTGTAATCCCAGCACTTTGGGAGGCCGAGGCAGGAGGATCACTTGAGCCCAGGAGTT"
"GL873521","26307582","26307851","chr5","152032216","152032514","85","125724634","GCTGGGCATAGTGGCTCACACCTACACTCTTAGAGGCCAGGGCAGATGAATTATTTGAGCTTGGGAGACCAGACTGAGCATGAGTGAGATCCTGTTCCTACTAAAAATAGAAAAATTAATTGGGTGTTGTGCCTGTAGTCCCAGCTACTTGGAAGGCTGAGGCAAGAGGATCACTTGAGCCCAAAAGACTGAAGTTCTAATGCCAAACATGCTACTCAGAGGGACAGAATGAGACTCTGTCTCAAAAATAAATAAATAAATAAATAAATA","GGCTGGGCACAGTGACTCACACCTATAATCCCAGCACTTTGTGAGGCTGAGGCAGGCAGATTATTTGAGCCCCTGAGGTCAAGACCATCCTGGGCAACATGGCAAAACCTCATCTCTACAAAAAATACAAAAATTAGTTGGGTGTGGTGGCATACGCCTATAGTCCCAGCTCCTCAGGAGGCTGAGGTAGGAGGATGGTTTGAGCCCAGGAGATGGAGGTTGATCATGCCACTGCTCTCCAGACTGGGCAACAGAATGAGACTCTGTCTCACAAAAAATGAAACAGAATAAAATAAAAA"
"GL873521","26951040","26951317","chr17","16672309","16672598","75","10278731","TGGCTTACACCTGTAATCCTAGCACTCTGAGAGGAGTGAGGCAGATTGCTTGAGCTTAGGAGTTTAAGACCAGCCTGAGCAAGAAAGATCCCATTTTTACTAAAATAGAAAACTAGCCAGGGGTGGTGGCCTATGTCTGTAGTCCCAGCTACTCGGTAGGCTAAGGCAAGAGGATTGCTCAAACCCAAGAGTTTGAGATTGCTGTGAGTTCTGGTGCCATGACACTCTATCCAGGGTAACAGAGTGAGACTTTGTCTAAAAAAGAAATAAAATAGGTG","GTGGCTCACACCTGTAATCTCAGCACTTTGGGAGGCTGAGGCGGGAGGATCACTTGAGCCCAGGAGTTTGAGACCAGCCTGAGCAACATAGTAGGCTCCTGTCTCTACAAAAAAATACAAAAATTAGCTGGTACTGGTGGCATGTGCCTGTAGTCCCAGCTACTCAGGAGGCTAAGGCAGGAGAATCGCTTGAGCCCAGGAGGTTGAGGCTGCTATGAGCTGTGATGGCACCACTGCACTCCAGCCTGGGTGACAGAGTGAGACCTGGTCTCAAAAAGAAAAAAAAAAAA"
"GL873521","26951542","26951557","chr3","53948633","53948648","1","26997091","AAAAGAAAGAAAGAAA","GAAAGAAAGAAAGAAA"
"GL873521","27061553","27061681","chr3","122788793","122788920","26","95727240","GGCCACGCACAGTGGCTCATGCCTTTAATCCTAGCTTTCTGTGGAGGCCAAAGCAAATGGATCACTTGAACTCAGGAGTTCAAGACCAGCCTGAGCAAGAGCAAGACCCCATCTCTACTAAAAATAGAA","GGCCAGGCACTGTGGCTCATGCCTGCAATCCCAGCACTTTGGGAGGCCAAGGCAAGAGGATTGTTTGAGCCCAGGAATTCAAGACCAGCCTGGGCAACTCAGGAAGACCCCATCTCTACAAAAAACAA"
"GL873521","27061706","27061860","chr8","96136998","96137163","44","69075292","TAGCTTGGCATTGTGGTAGGCACTGGCAGTCCCAGTTACTTCGGAGGCTAAAACAAGAAGGATTGCTTGAATCCAGTGAGGTTGCTGTGAGCTATAATGTCATGGCACTTCTCCCCAGGGCAACAGAATGAGACTATCTCAAAAAAACAAATAAA","TTTAGCTGGGAAGGTTGGCACGCACCTGCAGTCCCAGCTACTTGGGAGGCTGAGACTGGAGGATTGCTTGAGCCCGAGAGGTCGAGGTGGCAGTGAGCCATAATCACACCACTGTACTCCAGCCTGGGTAACAGAATGAGACTCTGTCTCAAAACAAACAAACAAA"
"GL873521","27073730","27073910","chr1","68095575","68095737","50","41021845","GAGCAGCCTGAGCAGCTAGGGTACTGCTCCCTGCCTCTAGTCCCAGCTACTTGAGGGGCTAAGGCAGGAGGATTGTTTGAGCCCAGGAGCCCAGGAGTTTGAGATTGATGTGAACTAGGCTGATGCCATGGCACTCTAAACTGGGCAACAGAGTAAGACTCTATCTTAAAAAAACAAAAAA","TTAGCCCTGCATGGTGGCACATGCCTGTAGTCCCAGCTATTTGGGAGGCTAAGGCAGGGGGATGGTTGGAGCCCAGGAGGCAGAGGTTGCAGTAAGCTGAGACTGAGCCATTGCACTGCAGCCTGGGTGACAGAGTGAGACTCTGTCTCAAAAAAAAAAAAAA"
"GL873521","27074182","27074275","chr19","50666183","50666279","26","23592001","GCTGGGTACTGTGGCTCAAGCATGTAATCATAGCACTCTTGAGGCCAAAGTTTGGAGGATCCCTGAAGCTCCAGAGTTTAAATGCAGCTTGAGT","GGCTGGGCTCTGTGGCTCATGCCTGTAATCCCAGCACTTTGGGAGGCCGAAGTGGGAGGATCACTTGAGTCCAGCAGTTTGAGAGCAGCCTGGGCAA"
"GL873521","27115551","27115853","chrX","48006439","48006741","74","20890888","GGCCAGGTGTGGTGGCTCCTGTAATCCTATCACTATGGGAGGCCAAGGTGGGTGGATTGCTTGAGCTCAGGAGTTGGAGACTAGCCTAGGCAAGAGTGAGATCCCGTATCTACTAAATAGAAAAACTAACCAGGTTCCAGGTGCCTGTAGTCCCAGATTCTTGGGAGGCTGAGGCAAGAGGATCACTTAAGGTCAGGAGTTTAAGGTTGCTGTGAGCTATGATGTCATAGCACTCTACCCAGGGTGACAGAGTGAGACTCTATCTCAAACAAACAAACAAACAAAACAAAAACAACAAAAAAA","GGCTGGGCTCAGTGGCTCACGCCTGTAATTCCAGCACTTTGGGAGGCCAAGGTGGGCGGACTGCTTGAGCTCAGGAGTTCGAGACCAGCCTGGGAAACATGGCGAAACCCCATCTCTTAAAAAAAAAAAATTATCTGGGTGGCAGGAGCCTGTAGTCCCAGCTACTTGGGAGGCTGAGGTAGGAGGATCACCTGAGCCCGGGAGGTCAAGGCTGCAGTGAGCCATGATCGTGCCACTGCACTCCATCCTGGGTGACAGAGTGAGACCCTGTCTAAAAAAAAAAAGAAAAAAGAAAAAAAGAAA"
"GL873521","3621655","3621735","chr19","38588582","38588671","29","34966927","AAACCCCCCAGAAAATTAGCTGTAGTCCAGCTACTTGGGAGGGTGAGGCAGGATTGCTTGAACTCAGGAGGCTGAGGTTGC","TTAGCCAGGTGTGGTTGTGCACGCCAGTAGTCCTAGCTACTCAGGAGGCTGAGGCAGGAGGATTGCTTGAGCCCAGGAGTTTGAGGCTGC"
"GL873521","3642385","3642519","chr4","190118736","190118870","25","186476351","GGCTGGGTGAGGTGGCTCACACCTGTAATCCCAGCACTCTGGGAGGCCAACAGGGATGGAGCACCTGAGCTCAGGAGCTTGTGCCCAGCTTGAGCAAGAGTGAGACCTCATCTCTGTTAAAAACAGAAAAAAAAA","GGCTGGGTGCAGTGGCTCACACCTGTAATCCCAGCACTTTGGGAGGCCAAGGTGGGAGGATCACTTGAGCTCAGGAATTCGAGACCAGCCTGGGCAACATAATGAGACTGCATCTCTGTAAAAAAAAAAAAAAAA"
"GL873521","3642815","3642983","chr6","117522072","117522244","43","113879257","AAAAAAACTAGCCAGGCATTGTGGCGAGTGCCTGTAGTCCCAGCTACTCGGGAGGCGGAGGCAAGAGGAGTGCTTAATCCCAAGAGTTTGAGGTTGCTGTAAGCTATGACACTCATTCTACTCAGGGTAACAAAGTGAGACTCTGTCTCAAAAGGAAAAAAGAAAGAGA","TAAAAAAATTAGCCAGATGTGGTGGCATGTGCCTGTAGTTCCAGCTACTCGGGAGGCTGAGGCAGGAGGATTGCTTGAGCTCAGGAGTTCGAGGCTGCAGTGAGCTATAATTGTGCCACTGCACTCTAGCCTGGGTGACACAGTGAGACCTTGTCTTTAAAAAAAAAAAAAAA"
"GL873521","3668981","3669096","chr1","92774326","92774442","25","89105345","GGCTAGGCTCAGTGGCTCATGCCTATAATCCTAGCACTCTGGGAGGCTGAGACAGGTGGAGTGCCTACGTTCAGAAGTTTGAGACCAACCTGGGGAAGAGTGAGACCCTTGTCTCT","GGCCAGGCGCAGTGGCTCACACCTGTAATTCTAGCACTCTGGGAGGCAGAGGCAGGCAGACTGCTTGAGCTCAGGAGTTCGAGACTACCCTGGGCCACACAGTGAGACTTTGTCTCT"
"GL873521","3669118","3669287","chr19","44556029","44556196","40","40886911","GCCTAGCCATGCATTATGGTGGGCACCTGTAATCCCAGCTACTTGAGTGGCTGAGACAGGAGGATTGCTTGGGCCCAGGTGTTTGAAATTGTCGTGAGCTATGACAACACTATAGCACTCAACCCAGGGCACAGAGTGAGACCCTGTCTCAAAAAAAATAATAAATAAAA","TTAGCTGGGCACGGTGGTGTGCACCTATACTCCCAGCTACTCTGGAGGCTGAGACAGGAGGATTGCTTGAGCCCAGGAGTTCAAGACTGCAGTGAGCTAGGATCGCACCATTGCACTCCAGCCTGGGCAACAGAGTGAGGCCCTGTCTCTAATAATAGTAAAAAAAAA"
"GL873521","3669631","3669737","chrX","25092369","25092466","29","21422738","GGTTAGGCATGGTGGCTTACACATGTAATCCCAGCACTTTCAGAGGCTGAAGTAGGAGGATCTCTCAAGAGACCATCAGAGGGAGACCCTGTCCTTATAAATAATTA","GGGTGTGGCGGCTCAAACCTGTAATCCCAGCACTCTGTGAGGCTGAGGCAGGAGGATCGCCTGGGCAATATAGTGAAACCCTGTCTGTATTAATAATA"
"GL873521","3670024","3670183","chr1","26355033","26355200","40","22685009","TTGGTTGGGTGTGGTAGCACTTGCCAATAGTCTTAGCTACTTGGGAGGCTGAGGCAGGAGGATCCCTTGAGCCCAGGAGTTCAAAGTTGTAGTGAGCTGTAGTAGGGCCACTATAGGGTAAAAGAGTAAAATCCTGTCTCAAAAAAAAAAAAAAAAAAAA","AACTAGCTGGGTGTGGCGGCGTGTGCCTGTAGTCCCAGCTACTTGGGAGGCTGAGGCAGGAGGATCACTTGAGCCCAGGAGTTCAAGGCTGCAGTGAGCTAAGATCATACCACTGCACTCCAGCCTGGGTAATAGAGTGAGATCCTGTCTCAAAAAAAAAAAAAAAAA"
"GL873521","3713060","3713213","chr16","52591348","52591478","53","48878288","ACTAAAATTGTAAAGCCTAAGCTGGGTGTCATGGTGCACACCTGGAGATCCAGCTCCTCGGAGGCAGAGACAGGAGGATCTCTTGAACCCCAAAATTTGAACACAGTGCGACAACATAATGAGACCCACCTCTTACAAAAAATTACAAAGACTA","GCTGAGTGTGGTGGTGTGTGCCTATAATTCCAGCTACTCAGGAGGCTGAGGCAGGAGGATCACTTGAGCCCAGGAGTTTGAGACCAGCCTGGGCAACACAGTGAGACCCCATCTCAAAAAATTAAACATTA"
"GL873521","3858021","3858181","chr15","40727742","40727900","45","36869721","GGAAAAATTAGCTCAGCATTGTGGTGGGTGCCAATAGTCCTAGTTACTGGGGGGGTGGAGGGTTGAGGCAGGAGCTTGAGCTCAGGAGTTTGAGGTTGCTGCGAGCAAGGCTCATGCCATGGCACACTAGCCTGGACAACAGAGTGAGAGTCTGTCTCAAA","TTTAAAAATTAGCCAGGCATGGTGGTGACCACCTGTAGTCCTAGCTATTCAGGAGGCTGAGGCAGAAAGATTGCCTGAGCTCAGGAGTTTGAGGTTACAGAGAACTCTGATCATGCCACTGCACTGCAGCCTGGGCAACAGAGTGAGACTCTGTCTCAA"
"GL873521","3858456","3858567","chr17","26390105","26390216","27","22531649","GGTTGGATGCAGTGACTCACGTTTATAATCCTAGCACTCTGGGGAGCAGAGGCAGGAGGATCCCTTGAGCTTAGGAGCAAGACCCCATCTCTACTAAAAAATGGAAAAATTA","GGCCGGATGCAGTGGCTCACGCCTGTAATCCCAGCACTTTGGGAGATGGAGGTGGGAGGATCGCTTGAGGCTAGGGGTTCGAGACCACATCTTTACAAAAAATTTAAAATTA"
"GL873521","3958462","3958555","chr3","156881552","156881648","15","152923090","GGCCAAGTGTGGTGGCTCACGCCTGTAATCCCAGCACTCTGGGAGGCTGAGGCAGAGAATCACTGGAGCGCAAGAGTTTGAGACTAGCTTGAGC","GGCCAGTTGTGGTGGCTCACACCTGTAATCCTAGCACTCTGGGAGGCTGAGGCTGGAGGATCACTTGAGCTCAGGAGTTTGAGACCAGCCTGGGCAA"
"GL873521","4004289","4004415","chr2A","53135817","53135938","36","49131528","GCCGGGCGCGGTGGCTGACACCTGTAACCGAGCACTTTGGGAGGCATCTGTAGGAGGATCGCTTGAGGCCAGGGATTGGAGACCTCCCGCCCTACAAATGATTTTAAAATAAACTGCTTATGCTGGG","GCCAGGTACAGTGGCTGACATCTGTAATCCCAGCACTTTGGGAGGCTGAAGTGGGAGGATCACTTGAGGCCTGGAGCTTGAGACCAGCCTTGTCAACATAGTGAGATTAAAAAATTAGCTGG"
"GL873521","4004664","4004811","chr5","141173286","141173416","45","137168622","CTGCTTATGCTGGAGGACCCTCACCCCACCCCACCCCCACACACACCTTGTGCTCCTGACTTGGAGACTGCAGTGAACTATGATCAGGCCGCTGCCCTCCAGCGTGAGCGACAGAGCATGACCCTGTCAAAAAAAAAAAAAAAAAAAA","CTACTTGGGAGGCTGACCCACGAGAATCACTTGAACCTGGGAGGTAGGCTGCAGTGAGCTAAGATCACACCACTGCACTCCAGCCTGGGCAACAGAGCAAGACTCTGTCTCAAAAAAAAAAAAAAAAAAAA"
"GL873521","4367979","4368038","chr4","148843957","148844014","16","144475978","GGGCCCGGATAATGGCTCTAATCCCAGCTACTTGGGAGGCTGGGGCAGAAGGATCGCTTG","GCAATGGTACATGCCTATAATCCCAGCCCTTTGGGAGGCTGAGGCAGGAGGATCACTT"
"GL873521","4416492","4416644","chr15","38442496","38442652","39","34026004","GACAAAAATTAGATGGGCGTGGGGCTGTAGTTCCAACTACTCTGGAGGCTGAGGCAGGAGGGTTGCTTCAGCCCAGGAGTTTGCGGTTGTAGTGAGCTATAATGATTCCACTGCACTATAGCATGGTGACAGAGTAAGACTGTATCTCAAAAA","TTAGCCAGATATGGTGGTGCATGCCTGTAGTCCCAGTTACTTGGGAGGCTGAGGCGGGAGGATTGCTTGAGCCCAGGAGTTTGAGGCTGTGGTGAGCTATGATTGTGCCACTGCACTCCAGCATGGGTAACAGAGCAAGACCCTATCTCTTTAAAAA"
"GL873521","4416915","4417046","chr12","122239412","122239544","30","117822497","GCCTGGTACAGTGGCTCACAGCTGTAATTCTACCACTCTGGCAGACTGAGGCAGGAGTATAGCTTGAGGTCAGGAGTTAGAGAGCAGCCTGAGCAAAAGTGAGACCCTCTATTAAAAATAGAAGAATTAGGG","GGCTGAGCACGGTGGCTCATACCTGTAATCCTAGCACTTTGGGAGGCTGAGGCGGGAGGATTGCTTGAGGCCAGGAGTTTGAGACCAGCCTGGGCAACATAGTGAGACCCCATCTCTAAAAAAAAAAAAATTA"
"GL873521","4508052","4508216","chr1","180937305","180937458","45","176429253","CGCCAAAATAGCCACGTATGGTTGTGTGCACCTATAGTCCCAGCTATTTCAGAGGCGGAGACCATAAGACCACTTGCACCCAGGAATTTGAGGATACAGCAAGCTGTGATCATGCCACTGCACTCCACTCCAAGCCACAGACTGAGGCCTTGTCTCTTAAAAAAA","GCAAGCCAGGTGTGGTGGCATTTGCCTATAGTCCCAGCTATGTCAAAGGCTGAGACAAAAGTATCACTTGAACCCAAGAGTTAGAGGTTACAGTGAGCTATGATCGCACCACTGCACTCCAGCCTAGGCAACAGAATGAGACCCTGTCTCTAAA"
"GL873521","4508241","4508340","chr4","142826785","142826889","25","138318544","CCAGGTGCCATGGCTTATGCCTGTAATCCCAGGGCTCAGCTTGAGGCAGATGATCACTTGAAGCCAGGAGTTCGAGACCAGCCTGGGTAACACAGTGAGA","GGCCAGGTGTGGTGGCTCATGCCTTTAATACCAGGGCTTTGGGAGGCTGAGGCAGGACGATCACTTGAGGCCAGGTGTTTAAGACCAGCCTGGGCAACATAGGGA"
"GL873521","4585645","4585775","chr1","22024766","22024901","32","17439121","GCTGGGCAAGGTGGCTCACGCCTGTAATCCGAGCACTCGGGGAGTCCAATAGGGGTGGATTGCCTGAGCTCAAGTTCAAGACCAACCCAAGCAAGAGTAAGACCCCATCTCTACTAAAAATAGAAAAAACA","GCCAGGTGAGGTAGCTCACGCCTGTAATCCCAGCACTTTGGGAGGCCAAGGTGGGTGGATCAACTGAGGTCAGGAGTTCAAGACCAGCCTGGCCAATATGGTAAAACCCCATCTCTACAAAAAATACAAAAATTAT"
"GL873521","4586039","4586216","chr5","162553581","162553768","45","157967542","TAATAGAAAAACTAGCCACTGGTAGGCACCCATAGTCCCAGCTACTTGGGAGACTTAGGCAAGAGAATCACTTAGCCCAAGAGTTTGAGGTTGCTGTGAGCTATGATGCCATAGCACTCTACCCACAGTGCCAGAGTGAGATTCTGTCTCAAAACAAAAAAAGAAAGAAAGAAAGAAA","AATTTAAAAATAGCCAAGTATAGTGGCATGCCTCTGTATTCCTAGCTACTTAGGAGACTGAGGCAGGAGGATCACTTGAGCCCAAGTGTGTGAGGCTGCAGTGAGCCATGATCCAGCCACTGCACTCGAGCCTGGAAGACAGAGTGAGATACTGTCTCAAAAAAAAGAAAGAAACGAAAAGAAAGAAA"
"GL873521","4615177","4615298","chr12","11845861","11845982","46","7230684","AAATATAATGAGTAGCTGGGTGTGGAGGCACGTACTTCTACACCCAGCTACATAGAAACTGTGTAGCAGGCAGGAAGATAGTTTAATTAATATAGTGAGAACCCCATTTCAAAAAGAAAGAA","AATACAAGGAAGCCAGGTGTGGTGGCATGCACCTACAGCCCGAGCTACTCGGGAAGCTTTGAACTGGAGACAAGCCTGGGCAACATAGTGAAACCCCATCTCCCTCTAAAAACAAGGAAAGA"
"GL873521","4639212","4639298","chr17","29760224","29760310","16","25121012","GGCCTGGCACAGTGGCTCATACCTATAATCCTAGCACTCTGGGAGGTGAGGTGGGGAGGATCCTTTGAGCTTAAGAGTTTGAGATCA","GGCCATGGGCAGTTGCTCACACCTATAATCCCAGCACTTTGGGAGACTGAGGTGGGAGGATCGCTTGAGCACAGGAGTTTGAGACCA"
"GL873521","4757227","4757326","chr1","32811419","32811520","26","28054192","TAAAATAAATAAATCAGCTGGCAGTGTGGTAGGCAACTGTAGCCCCAGCTACCCAGGGCTGTGGCAGGAAGGTGACTTGAGCCCAGTAGTTTGAGGTTGC","ATTAAATTAAATGGAGCCGGGCGTGGTGGTATGCACCTGTTGTCCCAGCTACTCAGGAGGCCAAGGCAGGAGGATCACTTGAGCCCAGGAGTTTGAGGATGC"
"GL873521","4757600","4757715","chrX","124471265","124471386","33","119713665","GGCTGAGCAGTGTGGCTCACGCCTGTAATCCTAGTGCTTTGGGAGGCTGAGGTGGAGTGAATTCCAGACCTGCCTGAACAAGAGAGTTTTTGTCTCTACTAAAAATATAAAAATCA","GGCTGGACACCGTGACTCACGCCTGTAATCCCAGCACTTTAGGAGGCTGAGGCAGGAGGATTGCTCAAGACTAGCCTGGCCAACATGGTGAAACCCCGTCTCCACTAAAAATACAAAAATTA"
"GL873521","4833908","4834183","chr20","5619662","5619943","68","785754","GGCCAGTGCAGTGGCTCATGCTGTAATCCCAGCCCTCTGGGAGGCTGAGGCAGGCGGATCCCCTGAGCTCAGTGGTTGGAGACCAGCCTGAGCAAAAGTGCAACCCCGGCTCTACTAAAAATAGAAAAAACATTAGCTGGGCTGGGTGGCAGCTGCCTATAGTTACAGCTAATAGGAAGGCTGAGACAGGAGGATGGTTTGAGCTCAGGAGGTTGGGGTTAAGATATGGTGACACCACTGCATGCTACCTGGGGCACAGAGCAAGACTCTTGTCTC","GGCCAGGTGCAGGGGCTGACACCTGTAGTCCCAGCACTTTGGGAGGCTGAGGCAGGAAGATCACTTAAGCCCAGGAGTTCGAGACCAGCCTGCGCAACATGGTGAAAACCCGACTCTACAAAAAATACAAAAACTAGCCAGGCATGGTGGTGCCTGCCTGTAGTCCTAGCTACTCAGAAGGCTGAGATGGGAGGATTGCTTGAGCCCAGGAGGTTGAGGTTGCAGTGAGCTGAGATGACACCGCTGCATTCCAGCTTGGGTGCCAGAGCAAGACCCTCTCTC"
"GL873521","4857882","4858053","chr13","48157593","48157767","59","43299711","GACCAACCAGAGTAAGAATAAGACCCCTGTCTCTACAAAAAAATGCCAAAATTAGCCAGGCATAGTGGCATGCACCTATAGTCCCAGCTACTATAGTTTTGAGGTTGCTGTGAGCTATGACGATGACATTGCACTCTACCCCAGGCAACACAGCAAGGCTCTGTCTCCAAAA","CCAGCCTGGACAACATAGGGAGACCCTGTCTCTACAAAAAAATTTTCAGAAAATTAGCTGGGCACCATGGCGCATTCCTATAGTCCCAGCTACTCAGGAGGCTGCAGTGAGCCATGATTGTGCCACTGTGCTCCAGCACGGGTGACAGAGCAAGACCCTGTCTCTTAAAAAAAAA"
"GL873521","4858329","4858418","chr2B","246546136","246546224","17","241687807","CAGGAGCAGGGGCTCACACCTATAATCCTAGCACTCTAGAAGGCCAAGGCTGGAGGATTACTTGAGGCCAGAAGTTCATGACCAGCCAGT","CCAGGTGCTGTGGCTCATGCCTGTAATCCCAGCACTTTGAGAGGCCTAGGCAGGAGGATTACTTGAGGCCAGAAGCTCAAGACCAGCCT"
"GL873521","4904065","4904344","chr20","3250028","3250308","77","1654037","GGCCAGGCATGGCGGCTCAGCCTATAATCTGGGAGGCCAAGGCTCAAGGAGTTTGAGACCTGCCTGAGCAAGAGCAAGACCCTGTCTCTACTAAAAATAGAAAAAACAGCCAGGTGTTGTGGCAGGCACCTGTAGGCCCAGCTACTTGAGAAACTGAGGCAGGAGGACTGCATGAGCTCAGGAGTTTGAAGTTGCTGTGAGCTAAGAAGCCACAGCATTCTAGTCTGTAGCAACAGAGTGAAACTGTCTCAAAAACAGAACAAAACAAAACAAAACAAAA","GGCCAGGTGCAGTGGCTCACACCTATAATCCTAGCACTTCAAGGCCAAGTTCGAGACCAGCCTGGGCAACATGGCAAAACCCTGTCTCTACAAAAAAAAAATAAAAATTAGCCAGGCATGGTGGCGCTCACCTGTAGCCCCAGCTTCTTGTGGGGCTGAGGCAGGAGGATTGTTTGAGCCTGGGAGACAGAGGTTGCAGTGAACCTATATCATGCCACTGCACTCCAGCCTGGGTGACAGAGTGAAACCCTGTCAAAAAAAAAAAAAAAAAAGAAAGAAAA"
"GL873521","5548943","5549231","chr4","172002891","172003185","72","166453948","GACTGGGCACAATGGCTCACGCCTATAATCCTAGCACTCTGGAAGGCCAAGGTGGGTGGATTACTTGAGCTCACAGGTTTGGGACCATCCTGAGCAAGAGTAAAACCTCATCTCTAAAAATAGCCCGGCATTGTGGTGGGTACCTTGTAGTCCCAGCTAGTTGGGAGGCTGAGGCAAGAGAATCTCTTGAGCCTAAGACTTTGAGGTTGCTGTAAGCTGTGATGCCATGGTACTCTACCGAGGGTGACATAGTAAGACTCTATCTCCAAAAAAAAGAAAGGAAAAAGAA","GGCCAGGCACAGTGGCTCATGCCTATAATCCCAGCAATTTGGGAGGCCAAGGTGGGAGGATCACTTGAGCCCAGGAGTTGGAGACCAGCCTGGGCAACATGGCAAAACTCCATCTCTACAAAAAATAGAAGCCAGGTGTGGTGGTGTGCATCTGTAGTCCCAGCTACTTGGGAGGCTGAGGTGGGAGAATCGCCTGAGCCTGGGAGGTGGAGGTTGCAGTGAGCCAAGATCATGCCACTGCACTCTAGCCTGGGTGTCAGAGTGACAACTTGTCTCAAAAAAAAAAAAAAAAGAA"
"GL873521","5616768","5616899","chr1","134480867","134480991","29","128864099","GTGGCTCTCTCCTGTAATCCCAGCACTTTGGGAGGCCAGGGGAGAGGATTGCTTAAGGCCAGGTATTTGAAACCAGCCTGGGCAACACAGAGAGATATGCCCATCTCTACCAAAAGAAAAAAATTGCTAGGA","GTGGCTCATGCCTGTAATCCCAGCACTTTGGGAGGCCAAGGAGTGAGGATTGCTTAAGTCCAGGAGTTCAAGAACAGCCTGGGAAACATAGTAAGATCCTGTCTCTACAAAAAATAAAAAATTGT"
"GL873521","5617203","5617331","chr3","201848039","201848154","42","196230836","TTAAAAGTTTGCTGGGCTTGCTGAAGTGTGCCTGTAGTCCCAGCTACTCAAGAGACTAAAGTGGGGGGGATCAACAGAGCCCAAGAGTTTTAGCCTGTTCTGAATCACTGGACCACTGCATTCCTGTCT","ATTAGCTGGGCGTGGTGGCGGCTGCCTGTAGTCCCAGCTACTCAGGAGGCTGAGGTGGGAGGATCACCTGAGCCCGGGAGGTCGAGGCTGCAGTGAGCAGTGATGACGGCACTGCA"
"GL873521","5813449","5813645","chr8","55925895","55926096","51","50112446","TCTATAAATATATAGAAATTGCCAGGCACTGTGGCTAATGCCTGTCATCCGAGCACTTTGGGAGGCTGAGGCAGGAGGATCATTTGAGCCCAGAAGTTGGAGGCTTCTATGACTGGGGTGCTGCACTACAGTGGAGGCTGGGTGAAAGAGCAAGATTCTGTCTCTAAAAAACATACAAAACAAACAAACAAACAAAA","TCTCTACAAAAAAATAAAAAACTAGCCGGGCATGGTGGCACATGCCTGTAGTCCCAGCTACTTGGGAGGCTGAGGCAAGAGGATCACTTTACCCCAGGAGGTCGGGGCTGCAGTGAGCTGTGTTCATACCACTGCACTACAGCCTGGGTGACAGAGCAAGACTCTGTCTCAACAAAACAAAACAAAACAAAACAAAACAAAA"
"GL873521","5816723","5816839","chr7","150519989","150520108","29","144703266","GGCTTACACCTGTAATCCTAGCACTTTGGGAGAGTGGGAGTATGGCTCGAACCCAAGAGTTGGGAGACCAGCATGGGAAAGAATGAGACCCTGTCTCTACAAAAATAGAAAAATTAG","TGGCTCACATCTGTAATCCCAGCACTTTGGGAGGCCAAGGTGGGAGGATTGCTTGATCCCAGGAGTTGGAGACCAGCCTGGGCAACATAGTGAGACCCTGTCTCAACAAAAATTTATTTT"
"GL873521","6392280","6392393","chr13","98865790","98865887","34","92473510","GGCATGGTGATACATGCCAGCGACTTAGGAGGAGGACCCCTTGAGCAAGTGAGCAGTGATTGTGCCACTGCACCTCCAGCCTGAGCAACAAAGTGAGACTCTGACTCTTAAAAA","CAGGGGGACCACCTGAGCCTGGGAGGTTGCAGCTGCAGAGCCGTGATTGTGCCACTGCATTCCAGCCTGGGCAACAGAGTGAGCTCCTGTCTCAAAAA"
"GL873521","6821886","6822161","chr13","35542940","35543211","71","28721054","GGCCTGGTGCAGTAGCTCAGAGCTGTAAGCCTAGCACTCTGGGAGGCAGAGGTAGGTAGATCACTTGAGACCAGGAGTTCAAGAAGACCAGACTAAGTAAGAGTGAGACCCTCACCTATGCTAAAAATAGAAAATATTAGCTGGGCATACAGTGTATGTCTGTAGTCCAGGCTACTTAGGAAGCTGAGGTAGGAGGATCACTTAAGCCCAGGAGTTTGAGGTTGCTGTGAGCTAGGCTGAGGCCATGGTACTTCAGCCTCGGCAACAGAGTGAGAC","GGCCAGATGTGGTGGCTCACACCTGTAATCCTAACACTTTGGGAGACCGAGGTGGGTGGATCACTTGAGGTCAGGAGTTCAAGACCAGCCTGGCCAACATGGTGAAACCCCATCTCTACTAAAAATACAAAAATTTGCTGGGCATGATGGTGGGCGCCAGTAGTTCCAGCTACTCAGGAGGCTGAGGCAGGAGAATCGCTTGAACCCAGGAATCAGAGGTTGCAGTGAGCCAAGATCACGCCATTGCACTGAAGCCTGGGCGACAAGAGCAA"
"GL873521","6822427","6822459","chr1","26448863","26448892","8","19626436","TCAGAGTGAGACTTTATCTCAAAGAAAAAAAAA","TGAGTAAGACCCTGTTTCAAAGAAAAAAAA"
"GL873521","6828199","6828251","chr12","8954703","8954756","17","2126504","GGGAGAGGTAGCTCAGGCCTGTAATTCTAACACTCTGGGAGGGAGGATCCCTT","GGTCAGGTATGGTGGCTCATGCCTGTAATTCTAGTACTTTGGGAGGCTGAGGTC"
"GL873521","6828640","6828791","chr2A","70191250","70191406","45","63362610","CCTTGAGCTCACAAGTTTGAGACCAGCCTGAGCAAGAGCGTGACTATCTCTACTAAAAATAGAAAACTCTGCTAGGTGTTGTGGCAGGTGCCTATAGTTCCAGCTACCTAGGAGGCTGAGGCAAGAGGATCACTTAAGCCCAGCAGTTTGAG","TCACTTGAGCCCAGGAGTTCGAGACCAGCCTGGGCAACATAGTGAGACTCAGTCACTACAAAAATAAACTTGCTGGGTGTGGTGGTGTGCACCTGTAGTTCTAGCTACTCAGGAGGCTGAGGTGGGAGGATCCCTTGAGCCTCGGAGGTGGAGGTTG"
"GL873521","6837142","6837367","chr12","104694083","104694305","59","97856941","GACTGGGTGCTATAGCTCACACCTGTAACCCTAGCACTCTCAGAGGCCAAGGTGGGTGGATTCGCTGAGCTCAGGAGTTCAAGACCAGCCTGAGCAAAATAAGACCCCATCTCTACTAAAAATAGAAAAAGAAAAACCAGCCAGGTGTGGTGCCAGGAGCCTGTAGTTCCAGCTACTCAGAGGCTAAAGTAAGAGGATTATTTGAGCAGTAAGAGTTTGTGGTTTC","GACTGAGTACGGTGGCTCACACCTGTAATCCTAGCATTTTGGGAGGTCAAAGTGGGAGGATGACTTGAGCCCAGGGGTTCAAGACCAGCCTGGGCAACAAAGTGAGACCCTGTCTCCATAAAAATTACAAAAATTAACCAGGCATGGTAGCATGTGCCTGTAGTCCCAGCTACTCGGGAAGCTGAGGCCAGAGGATTGCTTGAGCTTAAGAGGTTGAGGCTGC"
"GL873521","6837616","6837695","chr14","61332116","61332199","24","54494500","GTTTGTGGTTGCTGTGAGCTATGACATCACAGCACTCAACCCCAGGGTGACTACATACAACTCTGTCTCAGAAAAAAAAA","GGTTGAGGCTGCAGTGAGCTGTAATTGTACCACTGCACTCCAACCCAGGTGACACAGTAAGACCCTATCTCAAACAAAACAAAA"
"GL873521","7000001","7000131","chr1","35753661","35753787","41","28753660","ACAGTAATACATACTTGTAGTTCCAGCTTCTAGGCTGAGGCCAGAAGATGGCTTGAGCCCAGGACTTTGAGGTTGCAGTGAGAGATGATGATACCTCTGTACTCTAGCCCAGGTAACAGAGACTCTGTTTC","TTAGCCAGGCATACTAGCTCATGCCTGGAGGCTGAAGCAAGAGGACAGCTTGAGCCCAGGAGTTTGAGGCTGCAGGCAGCTATGATCGCACCATCGCACTCCAGCCTGGGTGACAAGACCCCATCTC"
"GL873521","7000386","7000547","chr6","44662547","44662705","42","37662161","GGGTGTGGTGGCTCTTACCTGTAATCCTAGCACTTTGGGAGGCTGGGGCAGGCAGGAAGATTGTTTGAGGCCAGGAGTTCCAGACCAGGCTTGTCAATATAGTGAGACCCCGTCCCTATAAAAAATAGAAAAATTATCTGGGCCTGGTAATGCATACTTTGG","GGCACAGTGGCTCATGCCTATAATCTCAGCACTTTGGGAGGCCAAGGTGAGAGGATCACTTGAGCCCAGGAGCTACAGACCAGCCTGGGCAACATAGAGAAAACCCATCTCTACAAAAAATACAAAAATTATCTGGGCGTGGTGATGCATGCCTGTTGT"
"GL873521","7034228","7034543","chr6","83628974","83629284","80","76594746","GGCCAGATGCAGTGGCTGACACCTGCAATTCTATAACTTTAGGAAGGTGAGAGAATTGCTTGAGGCCAGGAGTTCCAGACCAGCCTGAACAATATAGTGAGACCCCATTGCTACAAAAATTAGAAAAATTCACTGGGTGTAATGGCCAATGCCTGTATTCCCAGATAATCCAGAGGCTGATGCTGGAAGATTACTTGAGCCCAAGAATTTGAGGTGACAGTGAGCTATGATGACACCAATGCACTCTAGCTTGGGCAATAGAGTGTGACCCTATTTCCAAAAAAAGAAAGAAAGAAAGAAAGAAAAGAAAAGAAAA","GGCAGGGCATGGTGGCTCATACCTGTAATCCCAGCACTTTGGGAGTCCAAAGTGGGTGGATCGCTTGAGTCCAGGAGTTCAAGACCAGCATGGGCAATATGGTGAAACCCTATCTCTACAAAAAAATACAAAAATTAGCTGGGCATGGTGGCATGCACTTGTATCCCAGCTACTCCAGAGGCTGAGGTGGGAGGATTGCTTGAGCCCAGGAGGTTGAGGCTGCAGTGAGCCATGATCACACCACTGCACTGTAGCCTGGGCAGTAGAGCGAGACACTGTCTAAAAAAAAAAAAAAAGAAAAGAAAAGAAAA"
"GL873521","7070010","7070206","chr5","79804250","79804453","53","72734240","GGCCAGGCAAGATGGCTCATGCCTGTAATCCTAGCATTCTGGGTGGCTGAGACAGGCATATTCCCTGAACTCATGAGTTGGAGACAAGTCTGAGCCAGAGTTAGACCTCATCTCTAAAAATAGCCTGGCATTGTGGCATACACCTGTAGTCTCAGCTACTTGGGAGGCTGAGGTGAAAGAATTGCTTAAGCCCAAGA","CAGGCACTGTGGATCACACCTGTAATCCCAGCACTTTTGGAGGCTGAGGCGGGCAGATTGCTTGAGCTCAGGAGTTTGAGACCATCTTGGGCAACCTGGTAGAACCACATCTCTACAAAAAATTAGCCGGGCATCGTGGCACACGCCTGTAGTCGCAGCTATTTGGGGGGCCTCCTGAGGTGAGAGGATTGCTTGAGTCCAGGA"
"GL873521","7070300","7070404","chr10","27497894","27497990","34","20427594","GTAAGCCCAAGATTTTGAGGTTGCTGTGAGCTATAATGCCATAGCACGCTAACTGAAGCAAAGTAACTATGACAAAGTAAGACTCGGTCTCAAGAAAGAGAAAAA","CACTTGAGCCCAGGAGGTTGAGGCTGCAGTGAGCTATCATGCCACCACACTCCAGCCTGAATTACATGGCAAGACCCTGTCTCAAGAAAAAAAAAAA"
"GL873521","7099137","7099314","chr16","419989","420167","56","6679148","GGCTGGGTGCCGCGGCTCACACCTATAATCCTAGCACTCTGAGAGGCCAAGGCAGGTGGATTGCTTGAGCTCAGGCACTTGAGGCCCTCAAATAGAAAAACTAGCCCAGCCTTGTGGTGGGCCCCTGTAGTCCAGCTACTTAGGAGGCTGAGGCATGAGGATCGATTGAGCCCAAGTA","CTGGGCACCGTGGGTCATGCCTGTAATCCCAGCACTTTGGGAGGCTGAGGCAGGAGGATCACTTAAGCCCAGGTGTTCAAAAAACAAACAAAAAAACATTAGCCAGGTGTGGTGGTGCACACCTGTAGTCCCGGCTACTCAGGAGACTGAGGTGGGAGGAGCTCTTAAGACCGAGAGGT"
"GL873521","7099591","7099694","chr5","181790038","181790151","31","174690447","TGAGGCCAAGTATTTGAAGTTGCTGTGAGCTATGATGTGGCGCTCTACCAAGGTTGATAAAGTGAGACTCTGTCTCAAAAACAAACAAACAAACAAAAAAGCAA","TTGCTTGAGCCCAGGAGGTGGAGGTTTCAGTGAGCCAAGATCGTGCCACTGCACTCCAGCCTGGGTGACAAAGTGAGACCCTGTCTCAAAAACAAACTAACAAACAAAAAACAA"
"GL873521","7182117","7182284","chr17","14741482","14741644","46","7559365","AATTAGCCAGGCATCATAGCACATGCCTATAGTCCCAACTATTCAGGAGCCTCAGGGCCAGGAGGATCCCTTGAATATAGGAGTTTGGGGTTACTGTGAGCTATAATGATACCACCCACTGCACTTTAGTCTGGGTGACAGTGAGACCCCGGCTCAGGGGGAAAAAAA","AATTAGCCAGGCATGGTGGCACATGCCTATAGTTCCAGCACTTTGGGAGGCTAAGGCAGGAGGATTGCTTGAGCCCAGGAGTTTGAAGTTACAGTAAGCTATGATCATGCCATTGCACTCTAGCCTGGGCAACAGAGTGAGACCTTGTCTCTAAAAAAAAAAA"
"GL873521","7182549","7182656","chr11","75656969","75657073","28","68474420","AACCCCAGCACTTTGGGAGGCCAAAGCAGGAGGATCATTTGAGGCCTAGGAGTTGGAAAGCAGGCAGAACAAGAGTGAGACTATCTTCATAAAAATACAGAAAAATTA","CCAGCACTTTGGGAGGCCAAGGCAAAAGGATCACTTGAGCCCAGGAGTTTGAACCAACCTAAGCAACAGAGTGAGACCCTGTGTCTACAAAATATTAAAAAATTA"
"GL873521","7224398","7224414","chr1","153358526","153358539","3","146134128","AAAAAAGAAAGTAAAAA","AAAAAAAAAAAAAA"
"GL873521","7224442","7224704","chr16","23925003","23925279","73","16700561","GTGTGATGGCTCATGCCCATAATCCTAGTACTTTGGGAAGCTTAGGCAGGAAGATTGCTGGAGGTCAGGAGTTCAAGACCCACCTGAGCAAGAATGAGACCCCCGTATCTACAAAAAATAGAAACATTAGCTGGGTGTGTTGGTGTATGTCTGCAGTACCAACTACTAGAGAGTTTGAGGCAGGAGGATCGTGTAAGCCCAGGAATTTGAGGTTGCAGTGAGCCACCACTGCACTCTACCCTGGGAGGCAGATCAAGACTGTG","GGCTGAGCGCGGTAGCTCATGCCTATAATCCCAGCACTTTGGGAGGCTGAGGCAGGTGGATTACTTGAGCTCAGGAGTTCGAGACCAACCTGGGCAACACGGTGAAACCCCTTCTCTACAAAAAACACAAGAATTAGCAGGGCATGGTGGTGTGCACCCGAAGTCCCAGCTACTCAAGAGGCTGAGGTGGGAGGATGGCATAAGCCCAGGAAGTGGAGGTTGCAGTGAGCCAAGATCATGCCACTGCACTCCAGCCTGGGTGACAGCAAGACTGTCT"
"GL873521","7244822","7245115","chr16","74165797","74166100","72","66920975","GGCCGGGCTCAGTGGCTCTATAATCCTGGCACTCTGGGAGGTCAAGGTGGGTGGATTGCTTGAGCGCAGGAGTTTGAGACCAGCCTGAGCAAGAGTGAAACCCCGTCTCTAAAAATAGCCAGGTGCTGTGGTGAGCCCCTATAGTCCCAGCTACTCAGGAGGCTGAGGCCAGAGAATCGCTTAAGCCCAGAAGTTGGAGGTTGCTGTGAGCCGTGATACCATAATTCTTTAACAAGGGTGACAGAGTGAGACTCTGTCTCAAAAAAACAAACATACAAACAAAAAAAAAAAAAA","GGCTGGGCACAGTGGCTCATGCTTATAATTCCAGCACTTTGGGAGGCCAAGGTGGGTGGATCACTTGAGCCCAGGAGTTCGAGACCAGCCTGGGCAACATGGTGAAACTCTGTCTCTACAAAAAATTAGCTGGGTGTGGTGGCTCGTGCCTGCAGTCCCAGCTACTCAGGAGGCTGAGGTGAGAGGATCAATGGAGCCCAGGAGGTGGAAGTTGCAGTGAGCCAGATCACACCACTGTACTCTCCAGCCTGGGTGACAGAGCAAGACCCTGTCTCAAAAACAAACAAACAAACAAACAAACAAA"
"GL873521","7391188","7391475","chr8","106723939","106724236","70","99332751","GGCATGGTGGCTCACACCTATAATCCTAGCACTCTGGGAGGACAAGGTGGGAGGATCCCTTGCACTCAGAAGTTCAAGACCAGCCTGAGAGAGAATAGGACCCCATCTCTACTAAAAATAGAAAAATTACCTGGGCATTGTGGTTGGTGCCTGTAGTCCCAGCTTCTTGGGAGGGTGAGGCAGGGGCATCACGTGAGCCCAGGAATTTGAGGTTACAGTTAGCTGTTTTGTCACAGCCATCTACCCAGGGCAACAGAGTGAGACTCTATCTCAAAAAGAAAAAAAGAG","GGTGCTGTGGCTCAAGCCTATAGTCCCAGCACTTTGGGAGGACAAGGTGGGAGGATCACTTGAGCCCAGCAGTTCAAGACCAGCCTGAGCAACATGATAAGACCCCATCTCTACAAAAAATTAGAAAAATTAGCCAGGCATGGTGATGTATGCCTGTGGTCCTAGCTACTTGGGAGGCTGAGGCAGGAGGATCCCTTGAGCCCAGGAGGTCAAGGTTGCAGTGAGCCATGGTTGTACCACTGTACCCCAGCCTGGGTTACACAGTGAGATCCTATCTCAAAAAAAAAAAAAAAAAAAA"
"GL873521","7391570","7391585","chr17","38661961","38661976","2","31270391","GAAAAAAAAAAGAGAA","GAAAAGAAAAAAGAAA"
"GL873521","7411261","7411442","chr4","57296207","57296386","41","49884946","AGAAAGAAAGAAAAAAAATTAGTCAAGAATGGTGGCATGCACCTATATTCCCAGCTACTCAAGAGACTGAAGCAGGAGGATTACTTGAGCTCAGGAGTTGGGGGCTGCAGTAAGCTTTGACTATACTAATGCACTCCAGCCTGGGTGACAGAGCGAGACCCTGTTTCAAAAAAGAAAAAAAA","AAAAAAGAAAAATTAGCCAGGCATGGTGGCATGTGCCTGCAGTCCCAGCTACTCAGGAGACTGAGGTGGGAGGATTGCTTGAGCCAGGGAGATTGGGGCTGCAGTGAGCTGTGATATCATGCCACTGTACTCCAGCCTAGGCCGCAGAGTGAGACCCTGTCTCAAAACAAAAACAAAAAA"
"GL873521","7411723","7411845","chr16","11721596","11721721","28","4309873","GGCTGGGTGCAGTGATCCTAGCCTTTTGGGAGGCTGAGGCAGGAGGACTGATTGAGGCCATGAATTTGAGACCAGCCTGAGCAAGAGTGAGACCTTGTCTCTGCAAAAAATAGGAAAATTAGT","GGCTGGATGCGGTGGCTCATGCCTTTTGGGGAGGCTAAGGCAGGAGGATTGCTGGAGCCCAGGAATTAAAGACCAGCCTGGGCAACATAGTGAGACCTCGTCTCTACAAAATTAAAAATTAAGTTT"
"GL873521","7473204","7473396","chrX","14950093","14950281","51","7476889","CAAAAAAAAAACCTTAGCCAGGTATGGCAGCACAGATTTGTCATCCCAACTACTCAAGAAGCTAAGGTGAGAAGATCACCTGAGCACAGGAGTCTGAGGTTATAGTGAGCTGTGACTGGGCCATTCACTACATTCCAGCCTATGCTATAGAGTAAGACCCTGTCAAAAGAAAAAAAAAGAGAGAGAGAGAAAA","TCAATAAATAAAAATTAGCCAGGCATGGTAGCACATGCCTGTCGTCCCAGTTACTCAGGAGGCTGAGGTGGGAGGCTCACCTGAGCCCAGGCATTGAAGGCTGCAGTGAGCTATGATCACAACACTGCATTCCAGCCTGGGTGACAGAGCAAGACCCTGCCTCAAAATAAAATAAAGAAAGAAAGAAAA"
"GL873521","7473423","7473542","chr14","57739259","57739375","24","50265836","CTGGGCACAGTGTTCATGCCTGTAATTTGAGCACTTTGGGAGGCCAAGGCTAGAGGATCACTTGAGGCCAGGAGTTTGAAACCAGCCTCAGTAACACAGAGAACCCTCATCTCTATTTAA","CTGGGTACATTGGCTCAAGCCAGTAATCCCAGCACTTTGGGAGGCCAAAGCAGGAGGATCACTTGAGGCCAGGAGTTTGAGACCAGCCTGGGTAACATGAGACCCTGTTTCTACAAA"
"GL873521","7573100","7573248","chr5","35112160","35112317","42","27539060","AGCCAGATGTGGTCTATAGTCCACAGCTACTTAGAGGCTGAGGCAAAGGGATCACTTGAGCCCGAGAGTTCAGGGCTGTGGTGCACAATGATCATGTCTGTGAATAGCCACTGCACTTCAGCCTAGGCAACATAGCAAGACCCTATCTC","AGCCTGGTGTAGTGGCACATGCCTATAGTGTCAGCTACTGGAGAGGTTGAGGCAGCAGGATTGCTTGAGTCCAGCAGTTCAAGGCTGTAGTGCACGATGATGGTGCCTGTGAATAGATACTGTGCTTTAGCATGGGCAACACAGCAAGACTCTGTCTG"
"GL873521","7601934","7602029","chr5","155700261","155700353","20","148098327","GGCTGAGCCCAGAGGCTCATGCCTGTAATTCTAGCACTCTGGGAGGCTGAGGCAGGTGGAGTGCTTGAGCTCAGGAGTTAAAAAAATCCAGTTTGA","GGCCGGGCACAGTGGCTCATGCCTATAATCCCAGCACTTTGGGAAGCTGAGGCAGGAGGATTGCTTAAGCCCAGGAGTTCAAGACCAGTCTTG"
"GL873521","7602314","7602531","chr2A","29137649","29137868","57","21535335","GACCAGTGTGAGCAAGGGCAAGACTCTGTCTCTACTAAAAATAGAGAAACTAGCTGAGCATTGTGGTGGGTGCCTAAAGTCTCAGCTGCTCAGGAGGATAAGGCAGGAAGATCTCCTGAGCCCAGGAGTTTGAGGTTGATGTGAGCTATGATGATATCGCATTCTAACCAGGTAACAGAGTGAGGCTTTGTCTCAAAAAAAAAAAAAAAAAAGAAAAA","CAGCCTGGTCAACATAGGGAAACTCTGTCTCTACAAAAAGTTAAAAAATTAGCTGAGCATGGTGGCACATGCCTGTAGTCTCAGCTACTCAGGAGGCTGAGGCAGGAGGGTCACTTGAGCCTGGGAGGCTGAGGCTGCAGTGAGCTGTGATCATGCTATTGCACTCCAGCCTGGGAGACAGAGTGAGATCCTGTCTCCAAAAATAAAAAATAAAAATAAA"
"GL873521","7608283","7608358","chr9","32411376","32411450","22","24803093","AGGCTGAGGAGGAAAGATTACTTGAGCCCCAAAATCTAGCCTTGGTGACATAGTGAAACTCTGTCTAAAAAAAATA","AGGTGGGAAGAGTACTTGAGGCCAGGAATTCAAATCTAGCCTGGGCAACATAGTGAAACCCTGCCTTAAAAAAAA"
"GL873521","7633232","7633420","chr7","4237351","4237553","52","3395881","GTGGTGGCTCATGCCTGTAATCGTAACACTCTGGGAGGCTGAGGTGGGTAGATTGCTTCAGCTTAGGAGTTCGGGACCAACCAAAGCAAGAATGAGACCCCCTCTCTACTAAAAACAGAAAGACTAGCCAGGCATTGTAGCAGGTCCTGTAGTCGCTACTCAGGAGGCTGAAGCAGGAGGATCACTTAA","GGTCAGGCATGGTGGCTCATGCCTGTAATCCCAGCACTTTGGGAGGCCGAGGTGGGCAGATTGCTTGAACTCAGGAGTTGAAGACTAGCCTGGGCAACACGGCAAAACCCCATCTCTACTAAAACTACAAAAACTAACTGGGCATGGTGGCACGCGCCTGTAGTCCCAGCTACTGGGGAGGCTGAGGTAGGAGGATCACTTGA"
"GL873521","7636438","7636492","chr5","38545852","38545906","11","30909414","ATTCAAGCCTGGGTGACAGAGTGAGACACTATCTAAGAACAATAAATAAATAAAA","ATTCCAGCCTGAGTGACAGAGTGAAACCCTGTCTCAAAACAAAAACAAAAACAAA"
"GL873521","7696982","7697091","chr9","129918441","129918551","24","122221459","TAATCCTAGCACTCTGGGAGGCCAAGGTAAGTGGATTGCTTGAGCTCAGGAGTTCAAGAGCAGCCTGAGCAAGAACAAGACCCCAACTCTATTAAAAATAGAAAAAAGCA","TAATTCCAGCACTTTGGGAGACTGAGGCAGGAGGATTGCTTGAGCTCAGGAGTTCGAGACCAGCCTGGGCAACATATTGAGTCCTCATCTCTATTAAAAATTAAAAAAATA"
"GL873521","7697336","7697489","chr7","132712253","132712405","44","125014917","GTAGAAAAAAGGCCAGCTGGGCATAGTGGTACATGCTTGTAGTCCCAGCTACTTGGAGACTAAGGTAAGAGGACTGCTTAAGTCCAAGAGCTTAAGGTTGCTGTGAGCTATGACACCACAGGGTGATAAGAGTGAGACTGTCTCCAAAAAAAAA","GAATTAAATAAAAATTAGCAGGGCATGGTGGCATGTGCCTGTAGTGCCAGCTACTTGGGAGGCTGACGCCAGAGGATTACTTGAGCCCAGGAGTTGGAGGTTACAGTGATCATGCCACTGCATGACAGAGTGAGACCCTGTCTCAAAAAAAAA"
"GL873521","7750582","7750651","chr7","149337669","149337736","11","141587087","GCTGGGTAAGAGTGGCTCATACCTATAATCCCAGCACTTTTGGGAGGCTGAAACAGGAGGATCACTTGAG","GCTGGGCACAGTGGCTCACACCTGTAATCCCAGCACTTTGGGATGCTGAGGCAGGAGGATCATTGGAG"
"GL873521","7784733","7784858","chr3","160952502","160952627","25","153167769","GGCCGGGCATTGATGGCTTCTACCTGTAATCCCAGCACTTTTGGAGGCTGAGGTGGGAGGTTTCATTGAGATCAGGAGTTTGAGACCAACTTGGGCAACAGTGAGACCCTGCCTTAAAAAAAAAAA","GGCCAGGCATGGTGGCTCACACCTGTAATCCCAGCACTTTGGGAAGCTAAGGTGGGAGGATCGCTTGAGCACAGAAATTTGAGACCAGCTTGGGCAACATAGAGATCCTGTCTCTATTAAAAAAAA"
"GL873521","7784884","7785052","chr16","1604263","1604439","38","6180621","AATTAGGCAGGCATGGTGGCACTTGTCCCAGCTACTTGGAAGGCTGAAGGAGGAGGATCACTTGAGCCCAGGAGTTAGAGGTTGCTGTGAGCTTTGATGCCACTGTACTCTAACCTGGGCAACAGAGTGAGATGTGCCTCAAAAACAAACAAACAAACAAAACCAAAAA","AATTAGCCAGGCATGGTGATTGGCACCTGTGGTCCCAGCTACTTGGGAGGCTGAGGCAGGAGGATGAATTGACCCCAGGAGTTTGAGGCTGCAGTGAGCTATGATGGCACCACTGCACTCTAGCCTGGGCGACAGGATGAGATCTGTAAAAAAATAAATAAAAATGAAAATAAAAAA"
"GL873521","7870707","7870997","chrX","70230306","70230599","61","62359599","GCTGGGCACAGCAGCTCACACCTGAAATCCCAGTACCCTGGAAGGGTGAGGATGGAGGATCACTTGTGGTCAGGAGTTCAAAAACAGCCTAAGCAAGAGTGAATCGCCATCTCTATTAAAAATAGAGAAATTAGCCAGGTGTGGTGGCATTTGCCTGTAGTCCCAGCCACTTGGGAGGCTGAGGCAGGAGGATCATTAGAACCCAGAAGGTGGAGGTTGCAATGAGCAGTAATGACACCACTGCACTCCAGCCTGGGTGACAGAGCAAGTCTCTGTTTCAAAAAAAAAAAA","GGCCAGGTACAGTGGCTCACACCTGTAATCCCAGCACACTGGGAGGCAGAGGCGGGCAGATCATTTGAGCTCAGGAGTTCAAGAGCAGCCTGGGCAACATGGTGAAATCCCATCTCTACAAAAAATAGAAAAATTAGCCGAGTGTGGTGGCACTCCTCTGTAGTCCCAGCTACTTGGAAGACTGAGATGGGAGGATCATTTGAGCCCAGGAGGCGGAGGTTGCAGTGAGCTGAGATTGCACCACTGCCCTCCAGCCTGGGCAACAGAGCAGGACCCTATCTCAAAAAAAAAAAA"
"GL873521","8041789","8041920","chr12","80555695","80555826","29","72513906","GTGGTGGCTCATGCGGATTATCCCAGTACTTTGGGGAGGTTGAGGCAGGAGGATTGCTTGAGCCCAGGAATTTGAGACCAGCCTGAGCAACATAGTAAGACTCTATACAAAAAAATAGAAAAATTAGCCTGG","GTGGCTCATGCCTGTAATCCCAACACTTTGGGAGGCTGAAGCAGAAGGATTGCTTGAACCAGGAGTTTGAGACCAGCCTGGGCAACATAGTGAGACTATCTCCACAAAAATAAATAAAAAATTAGCTGGGCA"
"GL873521","8042182","8042375","chr4","7236991","7237179","49","805191","GGTAAAAAAGAAAAAGAAAAATTAGCCAGGAGCACTAGCTTACGGCTTGTAGTCCTAGCTACTCAGGAGGCTGAGGTAGGGGAATTGCTGGAGTCCAGGAGTTTGAAGCCACAGAGAGCAAAGACCACACCACTGTACTCCAGCCTAGGCAATAGAACAAGACCCTGTCTCTGAAAAAAATAAATAAAAATAAA","TAAAAAAAATACTTAAAATTAGCCAGGCGTGGTGGCACACACCTGTGGCCCCAGCTACTCAGGAGGCTGTTGTAGGAGGATCCCTTGAATCCAGGAGGTCAAGGCTGCAGTAAGCCAAGATCACGCCACTGCATTCCAGCCTAGGCAACAGAGCAAGATCCTGTCTCTTAAAAAAAAAAAAAAAAAGAA"
"GL873521","8067082","8067383","chr20","31024244","31024552","81","22957162","GGCCAGGTGTAGAGGCTCACACTTATAAGCCCAGCACCCTGAGAGGCCGAAGTGGGTGAACTGCTTGAGCTCAGGAGTTCAAGAGTAGCCTGAGCAATAGTGAGAGCCGATTTCTACTAAAAACAGAAAACCTAGCCAGGCACTGTGGTGGCGTCTATAGTCCCAGGTACTCGGGAGGCTGAGGCAGGAGGATTGCTCAATCCTAAACTTTGAGGTTGCTGTGGGCAATAATGCCATATCTCTACCCAGGGGAAAAGAATGAGACTCTGTCTAAATAAATAAATAAATAAAATAAAAACAAA","GGCCAGGCACAGTGGCTCACACCTGTAATCCCAGCACTTTGGGAGGCCGAGGTGGTGGACTGCTTGAGCTCAGGAGTTCAAGACCAGTCTGGGCAACATGGCAAAACCTTGTCCCTACAAATAATACAAAAATTAGCCAGGTGCGGTGGCATGTGCCTGTAGTCCCAGCCACTTGGGAGGCTGAAGTGGGAGGATTGCTTGATCCTGGGAGGTAGAGGCTGCAGTGAGCCATAATTGTGCCACTGCACTCCAGCCTGGGCAACAGAGTGAGACCCTATCTCAAAAATAAATAAATAAATATAAAGAAAA"
"GL873521","8204885","8205108","chr10","14099107","14099324","63","5894222","CGAATTCGAAACCAGCCTGAATAAGAGTGAGATCCGTCTCTAATGAAAAGAGAAAAACTAGCAGGTTTTGTGGTGGGTGCCTTTAGTCTCAAGCTACTTGGGAGCCTGAGGCAGGAGGATCACTTAAGCCCAGGAGTTTGAGGTTGCTGTGAGCTATGATAACATTAGGGCATTCTAGCCTGGGAAACCGAGTGAGACTCTGTCTTAGAGAAATAAAAAATAAA","AGACCAGCCTGGGCAACATGACAAGATCCCGTCTCTACAAAAAATACAAAAATTAGCAGCGTGTGGTGGGGTGTGCCTGTAGTCCCAGTTACTTAGGAGGCTGAGGCAGGAAGATCACTTGAGCCCAGGACGGGGAGGTTACAGTGAGCCGTGATCACACCACCACACTCCAGCCTGGGTGACAGAGTGAAACTCTGTCTCTATAACAAACAAACAAA"
"GL873521","8205374","8205463","chr18","31130683","31130770","22","22925309","GCCGGACATGGTGGCTCATGTCCCTCCTGTAACCCTAGCACTCTGGGAGGCTTTGGCCTAAGGATTTGAGCTCAAGAGTTTAAGACCAGG","GGCCAGGCATGGTGGCTCACACCTGTAATCCTAGCACTTTGGGAGGCTAAGACCAGAGGATAATTAAGCTCAGGAGTTCAAGACCAGC"
"GL873521","8530940","8531225","chr4","131255414","131255698","71","122724474","GTCAGGTGTGATGGCTCGTCCTGTAATCCCAACACTCTGGGAGGCTGAGGCTGGTGGTTTGCTTGAGCTCAGGAGTTCTGAGACCATCCTGAGGTAAGAGTGAGACCCCATCTCTACTAAAATTAGAAAAAAAATTACCCAGGTGTAGCGGTGATGCCTGTAGTCCTAGCTACTTGGGAGGCTGAGGCAAGAGGATTGCTCAAGCCTGAGAATTTGAGGTTGCTGTGAGCTATGACTCCATCGCACTCAACCCCAGGGTGACTGAGTGTGATTGTCTGAAAAAGAA","GGCAGGACACGGTGGCTCACACCTGTAATCCCAACACTTTGGGAGGCTGAGGCAGGTGGATCACTTGAGCTCAGGAGTTGAGACCAGCCTGGGCAACATGGTGAAACCCCATCTCTACTAAAAATACAAAAATTAGCCAGGCATGGTTGTGGATGTCTGTGGTCCCAACTACTTGGGGGGCTGAGGCAGCAGGATTGCTTAAGCCTGGTAATTTGAGGCTGCAGTGAGCCATGTTCTTGCCAGTGCTCCAGCCTGGGTGACAAAGCAAGACCCTGTCTCAAAAAA"
"GL873521","9138426","9138710","chr17","16672309","16672598","64","7533883","GGTGGCTCATGTCTGTAATCCGAGCACTCTGGGAGGCTAAAGTGGAAGGATCACTTGAGCTCAGGAGTTTGAGACTAGCCTGAGCAAAAGTGAGAACAATGTCTCTATTAAAAATAGAAAATTAGCCAGGTGTTATGATAGGTGCCTGTAGTCCCAGCTATTCAGGAAGGCCAGGAAGGAGGATCCCTTGAGCTGGGGAGTTTGAGGTTGCTGTGAGCTGTGATGACACCATGGCACTCTACCCATGATGACAGAGTAAGACTGTCTCTAAAGGGAGAAAAAAAA","GTGGCTCACACCTGTAATCTCAGCACTTTGGGAGGCTGAGGCGGGAGGATCACTTGAGCCCAGGAGTTTGAGACCAGCCTGAGCAACATAGTAGGCTCCTGTCTCTACAAAAAAATACAAAAATTAGCTGGTACTGGTGGCATGTGCCTGTAGTCCCAGCTACTCAGGAGGCTAAGGCAGGAGAATCGCTTGAGCCCAGGAGGTTGAGGCTGCTATGAGCTGTGATGGCACCACTGCACTCCAGCCTGGGTGACAGAGTGAGACCTGGTCTCAAAAAGAAAAAAAAAAAA"
"GL873521","9337001","9337128","chr7","153795408","153795531","29","144458407","CTGGGCTCAGTGGCTCATGCTTGCAAGCCCAGCACTCTGGGAGGCCAAGGCAGGTGGATTGCTCGAGTTCAGGAATTTCAGACCAGTCTAAGAAAGAGTGAGAGCCCATCTGTACTAAAAATAGAAAC","CTGGGCACAGTGGCTCACGCCTGTAATCCTAGCACTTTGGGAGTCCAAGGCAGGAGGATGCTTGAGTCCAGGAGTTCAAGACCAGCCTGAGCAATATAGTGAGACCCCCATCTCTACAAAAAAA"
"GL873521","9337149","9337320","chrX","5183862","5184037","43","4153287","TAAAATACTAGCTGGGCATTGCGATGGGTGCCTGTAATTCCAGCTACTCAGGAGGCTGAAGCAAAAGGATCACTTGGGCCCAAGAGTTTGCGGTTGCTGTGAGCTGTGATTACACCACAGCACTCTCCCCAGGCAGAGAGAGACTCTGTCTTTAAAAACAAACAAACAAAAA","ATAAAAATATTAGCTGGGCATGCTGGTACATGCCTGTAGTCCCAGCTACTCAGGAGGCTGAGGCCTGAGGATCACTTGAGCCCAGGAGTTCCAGGTTGCAGTGAGCCGTGATTGCACCATTGCACTCCAGCCTGGGCCACAGGGCTAGACCCTGCTCAAAAGAAAACAAAAAAGAA"
"GL873521","9671716","9671832","chr6","38551166","38551279","31","28879450","GGCTAGGCAGGGAGGCTCAAAACTAAAATTTTAGCACTCTGAGAGCCCAAGGTGGGAGAATTGCTTGACCTCGGGTGTTTGAGACCAGTCTGAGCAAGAGTAACATCACATCTCTAC","GGCTAGGCGTAGGGGCTCAAACCTGTAATTCCAGCACTTTGGGAGGTCAAGGTGGGAGGATTACCTGAGGCCAGGAGTTTGAGACCAGCCTGAGCAACAGTGAGACTTTGTCTC"
"GL873521","9671895","9672063","chrX","24568892","24569057","39","14896997","TAATTAGCCAGGCATAGAGGTGGTATACACCTGTAGTCCCAGCTACTCTGGAGGCTAAGTCAGAAGGACTGGTTGAACCCAGGAGTCTGAGGTTGCTGTGACTAGGCTGATGCCACAGAACTCTAGCCTGATCAACAGAGTGAGACTCTGCCTCAAAATAAAAAAGGAA","AAATTAGCTAGGCATGGTGGCATGCAACTATAGTCCCAACTACTCAGGAGGCTGAGGCCGGAGGATGGTTTGAGCCCAGGAGGTGGAGGTTGCAGTGAGCCAAGATCACACCACTGCACTCCAGCCTGGGCAACAGAGTGAGACCCTGTCTCAAAAAAAAAAAAAA"
"GL873521","9699009","9699116","chr16","57943722","57943822","32","48244713","TCTGAGACACTCGGGAGGCTGAGCCTAGGAGTTTGAGGTGACAGTAAGCTAAGTTGATGTCACTGCATTCCATCCTAGGCAACAAAGCAAGATCTTATCTCTAAAAGA","GGAGGATTGCATGAGCCCAGGAGGTTGAGGCTGCAGTGAGCCAAGATCGTGCCACTGCACGTCAGCCTGGGCAACAAAGCAAGACTCTATCTCAAAAAAAA"
"GL873521","9699330","9699522","chr6","3030697","3030873","65","6668633","GGCTGCATGTGGTGGCTCGTGACTGTAATTTCACCACTTCAAAAGGCTGAGGCAGAGGAGTCACCTGGGGCCCAGAAAGTCACCCTTAAAGTCCAGCCTGAGTAACACAGTGAGACCCAAGATCCCAACTCCACAAAAGAAAAAAGAAGGGAAAGGAAAGAAAAGAAGAGTGGTGTGTGGTGACCTCCTAGAC","GGCCAGGCATGGTGGCTCTCCCCTGTAATCCCAGCACTTTGGGAGGCCAAGGCAGAAGGATCGCTTGAGCCCAGGAGTTTTAAGACCAGCCTGAGCAACACAGAGAGACCAGATCCCACTTCCACAAAAAAAAAAAAAAAATATTTGCCAGGCGTGATGGTGCATGCCTGTAGTCCC"
"GL873521","9879625","9879892","chr2A","20521665","20521953","79","10642040","GGGTGGGCACTGTGGCTCAGGCCTCCTAGCACTCTGGGAGGCCGAGCTGGGTGGATGACTTGAGCTCATGAGTTTGAGACCAGACTGAGCAAGAGCAAGCCCCATTTTTAAAAATAGCCAAGTGTCATGGTGGGCATCTATAGTCCCAGCCAGTTGGCAGGCTGAGGAAGAAGGCTTACTTGAGCTCAAGAGGTAGCTGTGAGCTGTGATGCCATGGCACTCTACCCAGGACAACAAAGTAAGACTGTCTCCAAAAAAAAGAAAAAAA","GGCTGGGCACAGTGGCTCACGCCTGTAATCCCAGCACTGTGGGGAGGTCAAGTTGGGTGGATTGCTTGAGCCCAGGAGTTTGAGACCAGCCTAAGCAATAGGCAAAACCCTGTCTCTACAAAAATCAGCCAGGTATGGTAGTGCGTACCTGTAGTCCCAGCTACTCAGGAGGCTGAGGTGGGAGGATCACTTGAGCCTGGGAGGTGAAGGCTGAAATTAGCCATGATCATGCCACTGCACCCCAAGCCTGGGCAACAGAGCAAGACCTTGTCTCAAAAAAAAAAAAAAA"
"GL873521","10097455","10097754","chr11","114714719","114715027","67","104617264","GGCCTGGGTGTGGTGGCTCACACCTTAATCCTAGCACTCTGGGACGATGAGGCAGGTTTGCTTGACCTCAGGAGTTTGAGAGCAGCCTGAACAAGAGTGAAACTCTGTCTCTACTAAAAACAGAAAAACTAGCCTAGTGTAGTGGTGCACCCCTGTAGTCCCAGCTGCTCAGGAGGCTGAGGCAAGAGGATCACTTGAGCCCAAGAGATTGAGGTTACTGTGAGCTGTGAGGCTGTGTTACTCTACCCAGGGCAAGAGAGTGAAGCCATCTCAAAAAAAAAAAAAAAAAAAAAAAAAAAA","GGCCAGGTGTGGTGGCTCACACCTGTAATCCCAGCACTTTGGGAGGCTGAGACAGGTGGATTGCTTGAGCCTAGGAGTTCGAGACCAGCCTGGCAACATGGCGAAACCTTGTCTCTACAAAAAATACAAAAATTAGCCAAGTGTGGTGGTGCACACCTGTGGTCCAAGCTACTCGAGAGACTGAGGTGGGAGGATTGCTTGAGCCCAGGAGGTTGAGGCTGGGGTGAGTTGAGATCATGCCACTGCATTCCAGCCTGGGCAACAGAGGAAGACCCTGTCTCAAAAAAAAAAAAAAAAAAAAAAAAAAAA"
"GL873521","10225742","10225927","chr15","49930173","49930354","59","39704431","TGGCTTACACCTGTAATCCTAGCACTTTGGGAGGCCACAGCAGATGGCTGCTTGAGCTCAGGAGTTCAAGCCTAGCCTAAGCAAGCCAGAACCATTGCCACTAAAAACAAAAAAAATAGCTGGAGTTGTGGGCACCTGTAGTTAGTTCCAGCTACTTAGGAGGCTGAGGAAAAAGGATGGCTTGAT","GCCTGTAATCCCAGCACTTTGCGAGGCCGAGGCCAGGCAGATCACTTGAGCCCAGCAGTTCAAGACCAGCCTGGGCAACATGGCAAAACTCCTTCTCAACAAAATACATAAAAATTAGCTGGGTGTGGTGGCATGTACTTTCAGTCCCAGCTACTCAGGAGGCTGAAGCAGGAGGATCATTT"
"GL873521","10226192","10226278","chr4","154285033","154285123","27","144058841","GAGGATGGCTTGAGCCCAAGAGTTTGAGGTTGCTATGAACTATGATGTCATGGCACTCTATCCCTGGCCACAGAATCAGACTCTGTC","GGAGGATCACTTGAGCCCAGGTGGTTGAGGCTGCAGTGAGCTGTGTTTATACCACCACACTCCAGCCTGGGCCGCAGAGTGAGACTTTGTC"
"GL873521","10399308","10399475","chr9","96945917","96946089","50","86546609","GGCCAGGTATGGTAGCTCACACCTGTAATCCTTGTACTCTGGGAGGCTTAGGAGCAAAGATCACCTAAGTGTAGGCATCTGAGACCAGTTTGAGCAAGTGAAACCCCATATTTACTAAAATTAGAAAAATTAGCTAAATGTTGTGGCAGGAACCTATCGTCCTAGCTA","GCCGGGTACAGTGGCTCACACCTGTAATCCCAGTACTTTGGAAGGCCAAGGCCAGAGGATTACTTAAGGCCAAGAGTTTGAGACCAGTCTGGGCAACATGGTGAAACCCCATCTGTACAAAAAATACAAAAATTAGCTGGGCATGAGGGCATTTGCCTGTGGTCCTAGCTACT"
"GL873521","10449464","10449583","chrX","134402652","134402771","17","123953188","GGCCAGAGGTGGTAGTTCATGCCTATAATCCCAGCAATTTGGGAGGCTGAGGGGGGAGGATAGCTTGAGGCCAGGAGTTTGACCCCTGCCTAGGCAACATAGTGAGACCCTATCTCTACT","GGCCAGATGTAGTGGCTCATGCCTGTAATCCCAGCACTTTGGGAGGCTGAGGTGGGAGGATCACTTGAGCCCAGGAGTTTGAGACCAGCCTGGGCAACATAGCAAGACCCTGTCTCTACT"
"GL873521","10449618","10449745","chr1","23164480","23164594","46","12714862","CCAACCATAATCGAGCACCTACAGTTCTAGCTACTCCGCAATCTCAGGCAGGGGAAGATTGCTTGAGTCTAGGAGTTCAGGGTAAGCTACTGCCCTTCAGCCTGGGAAACAGAGGAAGACCTTGTCTC","GGCCAGGCACAGTGGTGCCTACCTACAATCCCAGCACTTTGGAAGGCTGAGGCAGGAGGATCGTTTGAGGCCAGGAGTTCAAGATCAGCCTGGGTAACATATCAAGACCTGTCTC"
"GL873521","10796827","10797050","chr7","39187608","39187844","67","28390781","ACTCTGGGAGGCCAAGACAGGTGGATTGCTTAAGCTCAGGAGTTGGAGACCAGCCTAAGCAAGAGTGAGACCTCGTCTCTAAAAATATCTGGGCATTGGTTGGGCACCTGTAGTCCCAGCTACTCAGGAGGCTGAGGCAATAGGATTGCTTGAGCCTAAGGATTCCTGTGAGCTATGATCCCACAGCACTTTACCAAAGGTGACAAAGTGAGACTCTATCTCAA","CACTTTGGGAAGCCAAGGCAGGAGGATTGCTTGAGTGAAGGAGTTCAAGACCAACCTGGGCAAGATTGGGAGAAAAAAATTAAAAATTAGCTGGGCATGGTGGTGCATGCCTGTAGTCTCAGCCACTGGGAAGGCTGAGGCAGGAGGATCGCTTGAGCCTGAGAGATTGAGGCTGCAGTGAGCCTTGATTGTGCCACTGCACTCCAGCTTGGGCAACAGAGTGAGACCCTGTCTCAA"
"GL873521","10797081","10797110","chr4","40399247","40399277","7","29602166","CTGGGTGCAGTGGCTCATAGTTGTAATCCT","GGCTGGGTGCAGTGGCTCACATCTATAATCC"
"GL873521","11204849","11204966","chr7","73480490","73480609","28","62275641","GGCCAGGCATAGTGGCCTCCAAAAATCTTAGGACTTTGGGAGGTAGAGGTAGGAGAACTACTTGAGCCAAGGAATTCAATACTAGCCTGACCACAATAATGAGACCCTACCTCTACCA","GGCCAGGCACAGTGGCTCATGCCTATAATCTCAGTGCTTTGGGAAACTGAGGCAGGAGGATCACTTGAGCCCAGGAGTTCAAGACCAGCCTGGACAGCATAATGAGACTCCACCTCTACA"
"GL873521","11205003","11205140","chrX","7019379","7019524","37","4185624","TAGCCAGGCATGGTGGCACATACCCAAGTCCCAGTTACAGAAGAAGCTGAGGGAAGGGTATCAGGCCCAGAAGTTCAAGGTTGCCATGAGAGATGATCACACCACTGCAGTTCAGCCTGGGCAGCAGAGAGACCCTAT","TAGCCAGGCATGGTGGCACATGCCTGTAGTCCCAGCTACTCAGAAGGCTGAGGTCGGAGGATCTCTTGAGCCCTGGGGTGCAAGGCTGCAGTGAACCATGATCACACCAGTGCACTGCAGCCTGGGCAACACAGCAAAACCCTGTC"
"GL873521","11332611","11332889","chr9","110082691","110082973","78","98750080","GACGGGGAGCCATGGCTTGAGACTGTAATCCTAGTACTCTAGGAGGCCAAGGTGAGTGGATTACTTAAGCTCAGGAGTTAAAGTCCAGGCTGAGCAAGAGTGAGACCCTGTCTCTCCCCCAGATAGGAAAACTAGCCGGACATTGTAGTAGGCACCTGTAGTCCCAGCTTCTGAGGAGGCTGAGGCAAGAGGATTGCCTGAGCCCAACAGTTTGAGGTTGCTGTGAGCTAAAATGCCATGGAACTCTACCCATGGTGATGGAGTAGGATTCTGTCTCAA","GACTGGGCATGGTGGCTCCCAAAGTGTAATCCCAGCACTTTGGGAGGCCAAGGTAGGTGGATTGCTTGAGCCCAGGAGTTTGAGACCAGCCTGGGCAACATGGTAAAACCCTGTCTCTACAAAGAATACAAAAATTAGCTGGGCATGGTTGCATGCACTTGTGGTCCCAGCTACTCAGGAGGCTGAGGTGGGAGGGTCACTTGAGCCCAGGAGATTGAGGCTGCAGTGAGCTGAGATCGTGCCACTGCACTCTAACCTGGGTAATGGAGTGAGACCCTGTCTC"
"GL873521","11332916","11332939","chr22","30701628","30701648","4","19368712","ATAAAACTAAAAAGTAAGAAAAAA","AAAAACTAAAAAGAAAAAGAA"
"GL873521","11407564","11407699","chr17","81073514","81073640","45","69665950","AAAAACTAATGGCTGGGCATAGTATGTGTAGGTAGACTAGGCTACTTAGGAGGTCAAGGCAGAAGAATCACTTGAGCTCATGAATTTGAGGCTAGCATGGGCAATGATACCTCAGGTCTCAATAAAATATAAAAAA","GCCAAGCACAATGGCTCATGCTGGTAATTCTAGTACTTTAGGAGGCCAAGGCAGTAGGATCACTTGAGGCCAGGAGTTTGAGACCAGCGTGGGCCACACAGAGACCCTCCCTGTATAAAAAAAAAAA"
"GL873521","11442747","11442764","chr1","62222108","62222122","3","50779361","CCCATAAAATAAAATAAA","ATAAAATAAAATAAA"
"GL873521","11442802","11443056","chr17","73117863","73118118","82","61675061","GGCTGGGCGTGGTGTTTCATGCATGTAATCCTAATACTTTCAGAGGCTGAGGTGGATGCACTGCCTGAGCTCAGGATTTTAAAGCCAGCCTGAGGAAGAGCAAGACCCCATCTCTAAAAAATAGCTGGGCATTGTGGTGGGTGCTTGTAGTCCCCATTGTGGTGGGTGCTTGTAGGTAGCTCACGAGTTTGAGGATGCTGTGAGCTATGATGCACCACACTTCTTTCTACCCAGGGAGACAAAGCAAGACTCTGT","GGCCGGGCGTGGTGACTCATGCCTGTAATCCCAGCACTTTGGGAGGCCGAGGCGGGTGGATCACCTGAGCTCAGGAGTTCAAGATCACCTTGGGCAATGTAGTGAGACCTCACCTCTACAAAAATGAGCCAGGCATGGTAGTGCATGCTTGTAGTCCTGACTGAGGCAGGAGGATGATGAGCCCAGGAGGCAGAGGCTACAGTGAGCCATGATCGCTCCATCGCACTCTAGCCTGGGTGATGTGACACCCTGTCTC"
"GL873521","11751009","11751243","chr8","26546785","26547018","61","14795776","CAAGACCAGCCTGAGCAAAGCTAAACCCTGTCTCTACTAAAAATAAAAGGATTAGCTAGGTATGGTGGCATATGCCTGTAGTCCCAACTGCTCAGGAGTCTCAGGCAAGAGGATTGCTTGAGCCCATGAGTTAGAGGTTGCTGTGAGCTTTGATGTCATGGCACTCTATCCAGGGCAACTGAGTGAGACTGTCTCAAAATAAATAAATAAATAAATAAGAAAGAAAGAAAGAAAA","CAAAATCAGCCTGGGTCACATGGTAAAACCCCATCTCTACAAAAAATACAAAAATTAGCCAGGTATGGTGGCTTACACCTGTACTTCCCAGCTACTTGGGGGGCTGAGGCGGGAGGATCGCTTGAGCCCAGGAGGTAGAGGTTGCAGTGAGCTGAGATCGCACCACTGCACTCCAGCCTGGGTGACGGAGTGAAACCCTGTCTTAAAAAAAAAAAAAAAAAAAAAAAAAAAGAA"
"GL873521","12019379","12019705","chr16","68023292","68023602","103","56003913","GCTCACACCGATAATCCTAGCTCTGGGAGGCTGAGGGGGCAGGATCTCTTGAGCTCAGGAGTTTGAGACCAGACAGAGCAAGAGTGAGACCTTGTCTGTACTAAAAATTAACCAGGTGTGGTGGAAGGTGCCATCGTCTCAGCTACTCTGGAGGCTGAGGCAGGAGGATCCCTTGAACCCAGGAGGTTGAGGTTGCTGTGAGCCAGGCTAATGCCAAGATCTGGGGCATCAGAGTAAAACTGAGGTTGCTGTGAGCCAGGCTGATTCTAGCCTGGGCAACAGAGTAAGACTCTGTCTCAAAAACAAACAAACAAAAAACAAAAAAAA","CGGTGGCTCACACCTGTAATCCCAGCACTTTGGGAGGCTGAGGTGGGAGGATCACTTGAGCTCAGAAGTTTGAGATCAGCCTGGGCAACATGGCAAAACCTATCTCTAGAAAAAATACAAAAACTAGCCAGAGTGGCACGTGCCTGTTGTCCTAGCTACCCAGGAGGCTGAGGTAGGAGGATCACTTGAACCTGGGGGCAGAGATTGCAGTGAGCCATGATTGTGCCACTGCACTCCAGTCTGGGCAACTCCAGCCTGGGCAACAGAATGAGACTCTGTCTCAAAAATAAAAAAGAAAAGAAAAGGAAAAA"
"GL873521","12059316","12059592","chr5","143468399","143468692","69","131409083","GGCTAGGTGCAGTGGCTCATGCCTGTAATCCCAGCACTCTGGGAGGCTCAGGCAGGTGGATTACTTGAGCTCAGGAGTTGGAGACTAGCCTGAGAAAGAGTGAAACCCATCTCTACTAAAAATAGAAAAACTAACCAGGTGTGTGGTGGTCCCCTATAGTCCCAAATACTGGGGAGACAAGAGAATTGTTTGAGCCCAAGAGACTGAGGTTAGCTGTGATGACTCCATAGCACTCTACCCAAAGTGACAGAGTGAGATTCTGTCTCAAAAAAGGAAA","GGCCAGGCACAGTGGCTCATGCCTGTAATTCTAGCACTTTGGGAGGTCAAGGCAGGCAGATCACTTGAGCTCAGGAGTTCGAGACCGGCCTGGGCAACAGGGTGAAACCCCATCTCTACAAAAAAATACAAAAACTAGCCAGGTGTGGTGAAGTGTGCCTGCAGTCCCAGCTACTCAGGAGGCTGAGGCAGGAGAATTGCTTGAGCCTGGAGGCTGAGGTTGCAGTAAGTCAAGATCATGCCATTGCACTCCAGCCTGGGTGACAGGAGTGAAACCCTGTCTCAAAACAAAGAA"
"GL873521","12087639","12087865","chr4","25649068","25649301","60","13561429","GGCTGGGCTAGGTATACCATGCCTGTAATCCTAGCATCCTTAGAGGCAGAAGCAGGATTCCTTTAGCTCAGGAGATTAAGACCAGCCTGAGCAAGGGTGACACCCCATTTCCATCAAAAATAGAAAAACTAGCTGGGCATAGTGGTGGGCATCTGTAGTCCTAGCTACTCGGGAGGCTGAGGCAAGAGGATCCTTGGAGCCCAGGAGTTTGGGGTTGCTATAAGCCG","GGCCGGGCATGGTAGCTCACGCCTGTAATACCAGCACTTTGGGAGGCTGAGGCGGGCTGATCACTTGAGTCCAGGAGATAGAGACCAGCCTGGGCAACATGGCAAAATCCCATCTCTATAAAAAAAACACAAAAATTAGCTGGGCATGGTGGTGTGCACCTATAGTCCCAGCTACTTGGGAGGCTGAGGCAGGAGAATCTCCTGAGCCCAGGAGGTGGAGGCTGCAGTGAGTCG"
"GL873521","12170072","12170342","chr3","111501569","111501837","73","99331497","GCCAGATGCAGTAGCTTACAGCTATAATCCCAGTACTTTGGAAGGTCAAGGCAAGAGGATTGGTTGAGACCAGGAGTTGAAGACCAGACTGGACAATGTAGTAAAACCCTATCCCTACAAAAAATAGAAAAAATTAGCTGGGTGTCATAGCTCTTGCTTATAGTCCCAGCTACCTGAGAGGCTGAGGGAAGAGGATCACTTGAACCCCTGAGATTGATACCATGGTACTCCACCTTGGGTGACAAAGTGAGACCCTTTCTCAAAAACAAAA","GGCTGGGTGTGATGGCTCACATCTATAATCCCAGCACTTTGGGAGGCCAAGGCAGGTGGACTGTCTGAGACCAGGAGTTTGAGACCAGCCTGGGCAACATGGTGAAACCCTGTCTTGACAAAAAAAATAAAAAATTAGCTGGGAGTGGTGGTGTGCACCTGTAGTCCCAGCTATGCGGGAGGCTGAGATGGGAGGATCGCTTGAGCCCGGCAGGCAGAGGTTCACTCCAGCCTGGGCGACAGAGTGAGACCCTGTCTTAAAAACGAAAA"
"GL873521","12688417","12688615","chr16","83498862","83499063","66","70810445","AAATCAGCCTGAGCAAAAGCAAGATCCAGTCTCTACAAAAAACTAGAAAAATTAGCCAGGCATGGTGATACACTCAGGAGAATGAAACAAGAGGATCACTTGAGCCCCGGGGTTTGATGTTGCACAGTGAGCTATGGCGATGCTGCTGCTCGGATAACAACGCGAGATGAGACCCCGTCTCAAAAACAAACAACAAAAA","ACTAGCCTGGGCAACACAGCAAAACCCCATCGCTACAAAAAATACAAATATTAGCCAGGTGTGATGGTGCATGCCTAGGGAGGCTGAGGTGGGAGGATCACTTGAGTCCAGGGAGGCTGAGGCTGCAGTGAGCTGAGATTATGCCACTGCACTCCAGCCTGAGTGACAGAGTGAGAACCTGTCTCAAGAAAATTAAAAAAAA"
"GL873521","12689719","12689822","chr7","26479088","26479188","21","13789369","GCTGAGTACAGTAGCTCACTTCTTTCATCTCAGCACTATGAGAGGCTGAGTCAGGAGGATCACTTGAGGCCAGGATTTTGAGACAAGCCTGGGGAACATAGTGA","GCTGGGTGCTGTGGCTCACATGTATAATCACAGCACTTTGGGAGGCTGAGGCAGGAGGATCACCTGAGGCCAGGATTTCAAGACCAGCCTGGGCGAAATGG"
"GL873521","12747705","12747831","chrX","118392849","118392966","30","105645144","GCCAAGCATGGTAGCACAAGCTTTGTAGGCCCAATTACTTGGGAGGCTAAGATGGGAGGATCACTTGAGCCCAGGAGTTTGAGGCCAGCCTGAGAAACACTCCAAGACCCTCTTTATTTAAAATATA","GCCAAGCATGGTGGCTCATGCCTGTAATCCCAGTACTTTGGGAGGCTGAGATGGGAGGATAGCTTGAGCCCAGGAGTTTGAGACCAGCCTGGTAACACAGTGAGACCTCATCTCTACA"
"GL873521","12758304","12758462","chr7","65488595","65488751","43","52730291","ACTTAGCTGAATATAGTAGCACAAGCCTGTATTTCCAGCTACTCAGGAGGCTGAGGCAGGAGGATCACTTGGGCTTACAAGTTGGAGGTTGTGGTAAGCTATGATGATGCCACTGCCCTCTGCCCCAGGCAAATGTGATGCCTTGTCTCAACAACAAAA","TTAACTGGGTATAATGACACATGCCTGTAGTCCCAGCTACTAGAAAGGCTGAGGTAGGAGGATTGCTTGAGCCTGAGAGGTTGAGGATGCAGTGAACCATGATCAGGCCACTGCACTCAGCCTAGGCAACACAGTGAGACCCTGTCTCAAGAAAAAA"
"GL873521","12758495","12758600","chr16","15961202","15961315","30","3202707","GTGGCTGGTGCATATAATCCTACCACTTTGGAAGGAGGAGGGAGAATCATTGAAACCAGGAGTTCAAGAACAGCCCAGGCAGGCTATAGTGAAATCTCATCTCTAC","GTGGCTGGGCATGCCTGTAATCCTAGCACTTTGAGAGGCTGCAGCGGAAGGATCGCTTGAGCCCAGGAGTTCAAGAACAGCCTAGGCAACATAGCAAGATCCCTGTCTCTACAA"
"GL873521","12822938","12822952","chr1","210017045","210017059","2","197194107","TAAAACAAAAGAAAA","TAATAAAAAAGAAAA"
"GL873521","12822989","12823283","chr7","75828649","75828941","71","63005660","GGCCAGGCAAGGTGGCTAACTGCTGTAATCTTAGCACTCTAGGAGGCTGAGGCAAGAGAATTCCTTGAGGTCAGGAGTCAGAGACCAGCCTGAGCAAAAATGACACTCCACCTCTATGAAAAATAGAAAACAAAAATTAGCCAGGTGTGATGGCCCATTTCTGTAGTCCCAGCTACTGGGGAGGCTGAGGCAGGAGGATAGCTTGAGCCCAGGAGCTTGAGGTTGCGGTAGCTAGGCAGATGGCTCAGCACTCTTTCTAGCCTGGGCAACAGAGCAACATTCTATCTCAAAAAAT","GGCTAGGCATGGTGGCTCATGCATGTAATCCCAGCACTTTGGGAGGCTGAGGCGGACGGATCACTTGAGGTCAGGAGTTCGAGACCAGCCTGGTCAACATGGTGAAACCCCATCTCTACTAAAAATATAAAAATTAGCCAGGTGTGGTGGCGCATGCCTGTAGTCCCAGCTACTTGGGAGACTGAGGTGGGAGGATCCCTTGAGCCTGGGAGGTTGAGGCTGCAGTGAGCTGTGATGGCACCACTGCACTCCAGCCTGGGCAATAGAGCAAGACCCTGTCTCATAGGAAAAAA"
"GL873521","13041237","13041319","chr5","49472177","49472254","12","36430940","GGCCAGTCATGGTGGCTCATGCCTATAATCCTAGCACTCTGGGAGGCTGAAGCAGGAGGATCACTTGAGCTCAGGAGTTTGAG","GGCCTGGCATGGTGGCTCATGCCTGTAATCCAGCATTTTGGGAGGCTGAGGCAGGAAGATCACTTGAGCTCAGGATTT"
"GL873521","13102109","13102207","chr16","30194624","30194720","25","17092515","TGAGCCCAGGAGTTTGAGGTTGTTGTGAGCTGAGCAGACCACACAGCATTCTAGCTTGGGCAACAGAGTGACATTGTGCTTCAAAAAAAGAAAAAAAAA","TGAGCCCAGGAGTTTGAGACTACAGTGAGCTATGATTACACCACTCCTCTCCAGCATGGGCAACAGAGTGAGACACTATCTCAAAAAAAAAAAAAAA"
"GL873521","13102475","13102686","chr2B","236887995","236888203","46","223785520","GGCCAAGTGTGGTGGCTCATGCTTGTAATCCTAGCACTCTGGGTGGCTGAGGCAGGGGGATCACTTGAGCTCAGGAGTTCAAGACCAGCTTGAGCAAGAGTGAGAACCCATTTCTACTCAAAATAGAAAAAAATTAGACAGGCACTGTGGTGAGTGCCTGTAGTATGAGCTACTTTGGAGGCTGAGATAGGAAGATCACTTGAGCCCAGGAG","GGCTAGGCGCAGTGGCTGAAGCCTGTAATCCTAGCACTTTGGGAGGCCGAGGTGGGCGATCACTTTGGCTCAGGAGTTCGAGACCAGCCTGGGCAATATGGCAAAACCCCATCTCTACACAAAATACAAAAATTACTCAGATGTGGTGGTGAGTGCCTGTAGTCCCAGCTACTTTGGACGCTGAGGTGGGAAGATCACCTGAGCCCAGG"
"GL873521","13327200","13327291","chr3","43397692","43397785","20","30070492","CTATCACTTTAGGAGGTGAGGTGGGAGGATCACTTGAGGCAAGGAGTTCAAGAGCAACCTAGGCAACATAGGAACCCCTCTGTCTCTCCAAA","CCCAGCACTTTGGGAGGCTGAGGTGGGCAGATCTCTCGAGCCCAGGAGTTCAAGACCAGCCTGGGCAACATGGTGAAACCCCGTCTCTACCAAA"
"GL873521","13327700","13327732","chr1","70851001","70851033","8","57523301","GCTGGATATGGAGTCTCACACCTGTAATTCTAT","GCTGGGCATGGTGGCTCATCCCTGTAATTCCCT"
"GL873521","13722076","13722356","chr17","55905881","55906166","74","42183805","GTCTGGCGTGGTGGCTCAAGCCTATAATCCTAGTACTCTGGGAGTCCAAAGTGGGTGGATTGCTTGAGCTCAGTAGTCTGAGACCAGCCTGAGTAAGACCCAGACATCGTATCTACTAAAAATAGAATAAACTACCTGGGCATTGTAGCGGGTGCCTACAGTCCCAGCTACGTGGGAGGTTGAGGCAAGAGGATCACCTGAACCTAGAGAATGAGGTTGCTGTGAGCTATGATGAGGTCAAGGCACTCTACCCAGAGTAACAGAGTGAAATTCTATCTCAA","GGTCAGGCATGGTGGCTCAGGCCTGTAATCCCAGCACTTTGGGAGGCCAAGGTGGGCAGATTGCTTGAGCCCAGGAGTTTGAGATCAGCTTGGGCAACATAGTGAAAACTCATCTCTACAAAAAATTAAAAAAATTAGCTGGGCATTGTGGCACGTAACTGCAGTCCCAGCTACTTGAGAGGCTGAGGTGAGAGGATCACCTGAGGCCGGGAAGTCGAGGCTGCAGTGAGCTGTGATTGGGCCACTGCACTCCATCCTGGGCGACAGAATAAGACCCTGTCTCAAA"
"GL873521","13722635","13722652","chr6","90847853","90847870","1","77125218","AAAAAAAAAAAAAAAAAA","CAAAAAAAAAAAAAAAAA"
"GL873521","13789517","13789832","chr12","121838917","121839229","75","108049400","GCTGGGTGTGGTGGCTCATATCTGTAATGATAGCACTCTGGGAGGTCAAAGCAGGGAGATTACTTGAGCTCAGGAGTTAGAGAGCATCCTGAGAAAGAGTGAGATCCCTATCTATACTAAAAACAGAAAAACTAGCCAGTTGTAGTGGCAGGCACCTGTAGTCCCAGCTACTTTGGGAGTCTGAGACAAGAGGATCTCATAAGCCCAAGAGTTTGAGGTTGCTGTGAGCTGCGATGCCACAGCACTCTACCTGGGGTGACAGAATGAGACTTTGTCTCAAAAAAATAAAAAATAAAATAAAATAAAATTTAAAAAA","GGCTGGGTGTGGTGGCTCATGCCTGTAATCCCAGCACTTTGGGAGGCCAAGTCAGGAGGATTATTTGAGCCTGGGAGTTTGAGACCAGCCTGTGCAACATGGTGAGACCTCATCTCTACAAAACATAAAAAATTAGCCAGGCATGGTGGCATGTGCCTGTAGTCCCAGCTACTTGGGAGGCTGAGGCAGGAGGATCAGTCGAGCCCAGAAGATTGAGGCTACAGTGAACTGTGTTCATGCCACTGCACTCCAGCCTGGGTGACAGAGTGAGACCTTGTCTCCAAAAAAATCAAATAAATAAAAAAATAAAAAA"
"GL873521","13902129","13902272","chr17","73619699","73619842","30","59717570","GGCCAGGCATAGTGGCTCGCACCTATAATCCAGTACTATGGGAGACCAAGGCTGGAGGATCAATTGAAGCCAAGAGTTAAAGACCAACCTGGGCAACATAGAAACACTTCACCTATATAAAAAAAAAAAAAAAGAAAGAAAAAA","GGCCAGGTATGGTGGCTCACACCTGTAATTTCAGCACTTTAGGAGGCTGAGGCAGGAAGATCACTTGAGGCCAGGAGTTCAAGACCAGCCTGGGCAACATGGCAAGGCTTCATTTCCACAAAAAAAAAAAAAAAAAAAAAAAAA"
"GL873521","13902315","13902339","chr7","66627085","66627108","7","52724770","AAAAATTAACCCAGCATGGTGGCGC","AAAAAATTAGCCAGGCATGGTGAC"
"GL873521","13902374","13902499","chr7","68063538","68063660","30","54161164","AGTCCCAGCTACCATAGAGGTTGAGCCAGGAGGATCACTGAAGCCCAGAGCCCAGAAGTTTGAGGTTGCAGTAAGCTATGATCATGCCACTGTACTCTAGTCTAGGTGACAGAAGGAGACCCTGTC","GTAGTCCCAGCTACAAGGGAGGCTGAGGCAGGAGGATGGCTTGAGCCTGGGAAGTTGAGGCTGCAGTAAGCTATGATCATGCCACTGCACTCCAGCCTGGGTGACAGAGTGAGATTCTGCCTC"
"GL873521","14127800","14127881","chr3","123515043","123515137","26","109387243","GGCTAGATATGGTGGCTCATGCCTATCTGGAAAGCTGAGGCAGGAGGATTGCAAGAGGCCAGAAGTTTAATACCAGGCTAAG","GGCCAGGTATGGTGGCTCATGCCTATACTCCCAGCCTTTTGGGAGGCTGAGACAGGAGGACTGCTTGAGGCCAGGAGTTTAAGACCAGCCTGACT"
"GL873521","14128162","14128352","chr4","26023510","26023691","57","11895348","GGGCTGAGAATGAGATCCCATCTTTACAAAAAATTACCCAGGTATAGTGGCATCATCCTAGCTACTTGGGAGGCTGGGGCAGGAGGATTTCTTGGGCCCAGGAGTGTGAGGCTACGCTGAGCTATGATACCACTGCACTTTAGCCTGGATGATACAGCAAGATTTTACCTCAAAAAAAAAAAAAAAAAAAA","GGGTGGGAAAAAATTATCTGGAAATGGTGGCATATGCCAGTGGTCCTAGCTACTTGGGAGACTGAGGCTGGAGGATCACCTGAGCCCAGGAGTTAGAGGCTGCGGTGAATCGTGATCATGCCACTGCACTCTAGGCTGGGCAATAGAGCAAGACCCTATCTCGAAAAAAAAACAACAAAAAA"
"GL873521","14184019","14184216","chr17","61651681","61651883","50","47467662","GGCTGGGCATGGTGGCTCATGCCTGTAACCCTAGCACTCTGTGAGGCCAAGGCAAGTGGATCACCTGAGCTCAGGAGTTTGAGAACAGCCTGAGCAAGAGTGAGACTCCATCTCTAAAAATAGTTGGGCATTTGTGGTGAATGCCTATAGTCTCAGCTACTCAGCTACTTAGGAGGCTGAGGCAAGAGGATTGCTTGA","GGCTGGGTGCAGTGGCTCACGCCTGTAATCCTGGCACCTTGGGAGGCCAAGGTGGGAGGATCACTTGAGCCCAGGAGTTTGAGATCAGCCTGAACAACGTGGTGAAACTCCATCTCTACAAAAAATACAAAAATTAGCTGGGCTTAATGGCATATGCCTGTGGTCCCAGCTACTGAGGAGGCTGAGGTGGGAGGATTGATTGA"
"GL873521","14185943","14186062","chr8","25834967","25835086","23","11649024","GGCAGGGTGCAGTGGCTCACACCTATAATCCCAGCACTCTGGGAAGCTGAGGTGGGAGGATTGCTTTGAGATCAGGAGTTTGAAACTAGCTTGAGCAAAGCAAGACCCATCTCTACTAAA","GGCCAGGTGCAGTGGCTCATGTCTGTAATCCCAGCACTTTGGGAGGCTGAGGTGGGAGGTTTGCTTGAGCCCAGGAGTTTGAGACCAGCCTGGGCAACATAGCAAGACCCTGTCTCTATA"
"GL873521","14186086","14186221","chr14","74199793","74199926","31","60013707","AATTAGAGAGGTGTGATGCCACACACTGTAGTCTCATCTACTTTGGAGGCTGAGGCACAAGGATTACTTGAGCCCAGGAGCATGAGGTTGCTGTGAGCGAGGCTGAGGCCACAGCACTCTAGCCTGGGCAACAGAG","TTAGCCAGGTATGGTGGTGCACACCTGTAGTCCCAGCTACTTGGGAGACTGAGGCAGGAGGATTGCTTGATCCCAGGAGTTGAGGCTGCTAAGAGCTATGATCATGTCACTGCACTCCAGCCTGGGCAACAGAG"
"GL873521","14534133","14534413","chr5","43470606","43470891","71","28936473","GGTAGCTCATGTCTATAACCCTGACACTCTGGGAGGCTAAGGGAGAAACATCCCTTGAGCTCAGGAGTTCAAGACCAGTCTAAGCCAAAAGGGAGATCCATCTTTACCAAAACAGAAAAATTAGCTGGGCATGGTGATGTGTGCCTGTAGTACCAGCTGCTTGGGAGGCTAAGGAAGGAGGATTGTTTGAGCCTAGGAGTTTAAGGTTGCTAAGAGCTAGACTGAGGCCATGGCACAGTAGCCCAGGCAATAGAATGAAACTCTGTCTCAAAAAAAAAAAA","GTGGCTCTTGCCTATAATCCCAGCACTTTGGGAGGCTGAGGAGGGCAGATTGCTTGAGCCCAGGAGTTCAAGACCAGCCTGGGCAACATGGGAAAACCTCGTCTCTACAAAAAACACAAAAATTAGCTGGGCATGGTGGCATGTACCTGTAGTCCTAGCTACTTGGGAGGCTGAGGCAGGAGGACTGCTTGAGCCTCTGGAGGCGGAGGTTGCAGTGAGCTGAGACCGCGCCACTGCACTCCAGCCTGGGTGATAGAACAAGACCCTGTCTCAAAAAAAAAAAAAA"
"GL873521","14534507","14534523","chrX","153619065","153619080","3","139084558","CCCAAAATAAAATAAAA","ACATAATAAAATAAAA"
"GL873521","14646173","14646307","chr1","9156973","9157091","40","5489200","GGATGTAGTAGCTCACACCTGTAATCCCAGCATCATGGGAGGATCACTTGAGGCCAGGAGTTTGAGACTGGCTTGGGCAATATGGTGAGGCCCCATTCTTACAAAATAGGAAAAGAATTAATTGGATATGGTGGC","GGCTGGGTGAGGTGGCCTCACGCCTGTAATCCCAGCACTTTGGGAGGCCAAGGCAGGAGTTTGAGACCAGCCTGGGCAATACAGTGAGACCCCATCTCCAAAAAAAAAATTAGTGGGGC"
"GL873521","14703100","14703421","chr17","68155983","68156305","73","53452883","GGCTGGGCACAGTGGCTCATACCTGTAATCCTAGCACTTTGGGAGGCCAGGAAGGGAAGATAGCTTGAGGCCAGGAGTTTGAGACCAGGATGAGCGAGGTAGCGAGACCCCCCATCTCTATCAAAAATTAAAAAAAAAAAAAAATTAGCTGGGTATAGTGGTGAGGGCCTATCATCCTAGCTACTTAGGAGTAAGACAGGAGGATCACTTGAGCCTAGGAGGTAAGGTTGCAGTGAACTATGATGATGACCCTGCACTCTTGCCTTAGCAAGATGGTGAGACCCTGTCTCAAAACAAACAAACAAACAAACAAACATAAAAA","GGCTGGGCACCGTGGCTGACATCTGTAATCCCAGCACTTTGGGAGGCCAAGGCGGGTGGATCACTTGAGCCCAGGAGCTCGAGACCAGCCTGACCAACATGGCAAAACCCCATCTCTACCAAAAAAAAAAAAAAAATACAAAAAGTTAGCTGGGCATGGTGGAGAGGGCCTGTAGTCCCAACTACTCAGGAGGCTGAGGTGAGAGGATCACCTGAGCCACAGGAGGTCGAGGCTGCAGTGAGCCATGATCACACCATTGCACTCCAGCCTGAGAGAAAGTGAGACCCTGTCTCAAAAAAACAAACAAACAAAAACAGCAAAAA"
"GL873521","14778613","14778888","chr15","42746072","42746354","63","27967459","GGCCCAGCACAGTGGCTCACACCTATAATCCTCGCATTCTAGGAGACTGAGGTGGGAGGATCACTTGAGCTCAGGAATTTGAGATCAGCTTGAGCAATAAGGTGACCCCATCTCTACTAAAAATAGACTAATTAGCCAGGCATTGTGGTGGGCACCTGTGGTCCCAGCTAGTTGAGAGGCTCATGTTGGATTCCTTGAACCCAGGAATTTGAGGCTGCTGTGAGCTGGGCTGATGCCACAGTATTCTAGCCTGGGCAACAGAGTATGACTCTGTCT","GGCCAGGTACAGTGGCTCACACCTGTAATCCCAGCACTTTGGGAGGCCAAGGCAGGAGGATCACTTGAGCCTAGGAATTCAAGACCAGTCAGGGCAATATGGTGAAACTCCATCTCTACAAAAAATACAAAAATCAGCCAGGTGTGGTGGTGTGCGCCTGTGGTCCCAGCTACTTGGGAGGCTGAGATGGAAGGATCACTTGAGCCCAGGAAATGGAGGCTGCAGTGAGCTAAGGCTGTGCCACTGCACTCCAGCCTGGGCAACAGAGTGAGACCCTGTCTCA"
"GL873521","14884261","14884393","chr13","24405237","24405373","27","9520976","GGCTAGGTGTGGTGGCTCATGCCCATAATTCCAGCATTCTGGGAGGCCAATGTGGGAGGATCCCTGGAGGTCAGGAGTTTGAGACCACCCTGAGCAAAGCGAGACCCCATCTTCACTAAAAATAGAAAAATTA","GGCTGGGCATGGAGGCTCATGCCTATAATCCCAGCACTTTGGGAGGCTGAGGTGGGAGGATCGCTTGAGTTCATGAGTTCAAGACCAGCCTGAGCAACACAGTGAGACCTCATCTCTACTAAAAATCAAAAAAATTA"
"GL873521","14884660","14884815","chr1","141772547","141772702","39","126887887","TTAGTTGAATGTGGTGGTGTACACCTGTAGTCCCAGCTACTTGAAAGGCTGAAGAAAGAGGATTGCTTGAGCCCAAGTGCTTGAGGTTGTAGTGAGCTAGGCTGACGCTATGACACTCTGACCCAGGTGATAGAAGAAGACCCTGTCTCAAAAAAA","TTAGCTGGGCATGGTGGCGTGCACCTGTGGTCCCAGCTATTTGAAAGGCTGAGTTGGGAGGATCACTTGAGCCCAGATGGTTGAGGCTGCAGTGAGCCATGATGGCACCACTGCACTTTAGCCTTGGTGACAGAGCAAGGCCCTGTCTGAAAAAAA"
"GL873521","15677856","15678124","chr7","99887814","99888086","73","84209958","TGGCTCATGCCTGTCAACAAAGTACTTTGGTAGATTGAGAAAGGAGGATCTCGTGGACTCAGGAGTTTGAGACCAGCCTGGACGACATGGTAAAAAAACATCTTTAAAAAATTAGCCTAGCATAGTGGTGCACATTGATAATTTCAGCTATTTCGCAGGCTGAAGTGGGAGAACCACTTGTGTTTGGAAGCTCGAGGCTGCAGTGAGCTATGATCTCACACTACACTCCAGCCTGGGTAATATGGTGAGGTCCTGCCTCAAAAACAAAA","GGCTTACACCTGTAATCCCAGTGCTTTGGGAGGCTGAGGCAGGCAGATCACTTGAGCCCTGGAGTTCAAGACCAGCCTGGGCAACATGGTGAAACCCCATCTCTACAAAAAATTAGCCAGGCATGGTGGCTTGCACCTGTAGTCCCAGCTACTCAGGAGGCTGAGGTAGGAGGATTTCATGAGCCTGGAAGGTTGAGGCTGCAGTGAGCTATGATCACACCACTGCACTCCAGTCTGGGTGATAAAGTGAGACCCTGTCTCAAAAAAAAAAAA"
"GL873521","15875728","15875811","chr8","5975319","5975398","26","9900409","CAGTGAGCCGTGGTCTCCCTGTGCATTCCAATGTGAGTGACAGAGAGACCTCCCTCACACTCCCAAAAAAGAAAAAACAAGAAA","GCAGTGAGCCTTGATCGTGCTATTGCACTCTAGCCTTGGTGACAGAGAGAGACCCTATCTCAAAAAAAAAAAAAAAAAAA"
"GL873521","16170363","16170540","chr3","50079465","50079644","47","33909102","AAAAAAAAAAAAAATTACCCAGGTAAGGTGGTAAGGACCTGCAGTCCTAGCTATCTGGGATACGAGGTAGGAGGAGCACTTTGGCCCAGGAATTCCAGGCTATGGTGAACTATGATTACAACTGCACTCTAGCCTGGGCAAAAGAGTAAGAGACTGTCACAAAACACAACAAAACAAA","ACAAAAAGAAAAAACAATTAGCAAGGCCTGGTGGTACACACTTGTAGTCCCAGCTATTTGGGAGGCTGAGGTGGGAGGATCACTTGAGCCCAGGAGTTCAAGGTTACAGTGAGCTATGATCATGCCACTGCACACTAGCCTGGGCATCAGAGAGAGTTCCTGTCTCTAAGAAAAAAAAAA"
"GL873521","16172240","16172374","chr1","29329421","29329551","29","13157181","GGCTGCATGCAGTGCCTCATGTTTGTAATCCCAGCACTTTGGGAGCCAGTGGAGGAGAGGATCACTTGAAGCCAGGAATTTAAGACGGACCTAGCCAACATAATGAGAACTCCTCTATACAAAAAATAATAAAAT","GGCTGGATGCACTGGCTCCTGTCTGTAATCCCAGCACTTTGGGAGGCTGAAACAGGAGGATCCCTTGAAGCCAGGAGTTTAAGATCAGCCTGAGCAACAGAGTGAAACCCTGTCTCTACAAAAAAAAAAAA"
"GL873521","16260421","16260667","chr2A","25887935","25888182","71","9627514","GGATACAGTGGCTCACACCTGTAATCTTAGCAAACACCCTGGGGTGCTAAGGCAGGAGGATCACTTGAGCTCAGGAGATCAAGACCAGCCTGAGGAAGAGTGAAACCCCATTTCTACCACACATAGAAAAATTAGCCAGGTGTCTCTCTCTAGTCCCAGCTACTTGGGAGGCTGAGACAGGAGAATTGCTTAAGCCAGGGAGTTTCAGGTTGCTGTGGCTCAGACCATGGCACTCTAGACTGAGCAA","GGCTGGGCACAGTGGCTCACACCTGTAATCCCAGCACTTTGGGAGGGTGAGGCAGGAGGATCACTTGAGCTCAGGAGTTCGCAACCAGCCTGGGCAATATGGTGAAACCGCATCTCTACAAAAAATACAAAAATTAACCGGGTGTGGTTGTGCATGCCTGTAGTCCCAGCTACTTGGCAGGCTGAGGTGGGAGGATTGCTTGAGCTCAGGAGGTCAAGGCTGCAGTGAGCCATGATTACTCCACTGCA"
"GL873521","16747501","16747629","chr7","102198592","102198722","33","85451091","GCCGGGTATGGTGGCTCACACCTGTAATCCCACCACGTGGGAGGCCAAGGCAAGCAGATTGCCTGAGCTCACAGGTTCAAGACCAGCCTGAGCCAGAGTGAGACTTTGTCTTGGAAAATACCCGGGTGT","GGCTGGGTGTGGTGGCTCACACCTGTAATCCCACCACTGTGGGAGGCTAAGGCAGGCAAATCGCTTGAGCCCAGGAGTTCGAGACCAGCCTAGGCAACGTGGTGAAACTGTCTTTAGAAAATATTAGCCAA"
"GL873521","16747905","16748071","chr1","26355033","26355200","42","9607128","AACTAGGTAGGTGTTGCAGCAGGCGCCTGTAAATCCCAGCTACTTGGGCCAAGGCAAGAGAATCAATCACTTATGCCCAGGAGTTTGAGGTTGCTGTAAGCTATGACGCCCTGGCACTCTACCAAGGGTAACAAAGTCAGATCCTGCCTCAAAAAAAAAAAAAAAAA","AACTAGCTGGGTGTGGCGGCGTGTGCCTGTAGTCCCAGCTACTTGGGAGGCTGAGGCAGGAGGATCACTTGAGCCCAGGAGTTCAAGGCTGCAGTGAGCTAAGATCATACCACTGCACTCCAGCCTGGGTAATAGAGTGAGATCCTGTCTCAAAAAAAAAAAAAAAAA"
"GL873521","16826358","16826516","chrX","96886204","96886345","57","80059846","GGCGCCCTGCCACAAGCTGTAGTCTCCCCTATTTGGGAGGGTGAGGTCGGAGGATCATGTGAGCTCGGCAGTTCAAAGTCACCGGGCACTACAACCTCACCTGGACCAGTCAGGACTGCACGCCAGCCTCCCCAGCGCAGTGAGACTCTGTTTCTAAAA","GGTGCACATCTGTAGTCTCAGTTATTTGGGAAGCTGAGGAGGGAGGATCACTTGAGCCTGGGAGGTCAAGGCGCCAGTGAGCTGTGATTGCACCACTGCACTCCAGCCTGTGCTACAGAGTGAGACTCTGTCTCAAAAAAAA"
"GL873521","16850386","16850705","chr1","224543342","224543654","83","207692956","GCCAGCTGTGGTGGCTCACACCTATAGTCCTCACACTCTGGGAGGCTGAGGAAGGCAGATTCCCTGGAGCTCAGGAGATTGAGACCAGGCTGAGCAAGAACTGAGACTCTGTCTCTACCCCAAACAGAAAAACTTCACTAGGTGTTGCGGTGGGCACCTATAGCCTGAGCTACTTGAGAGGCAGAGGCAGGATGATCACTTGAACTCAGGAGTTTGAGGTTGCTATAGCTGTGCTGATGCCATAGTACTTTAGCCTGGGCAACAGAATGAGACTCTGTCTCAAAATAAATAAATAAATTAATAAATAAAAGAGAAAGAAA","GCCAGGCAGGGTGGCTCACGCCTGTAATCCCAACACTTTGGGAGGCTGAGGCAGGCAGCTTGCTTGAACTCAGGAGTTTGAGACCAGTCTAGGCAACATGGTGAAACCCCATCTCTACAAAAAATACAAAAATTAGCCAGGCGAAGTGGCGTGCCTATAGTCTTAGCTACTTGGGAGGCTGAGGCAGGAGAACTGCTTGAACTGGGGAGGTCGAGGCTGCATGAGCCGAGATCGTGCCACTGCACTCCAGCCTGGATGACAGAGCGAGACCCTGTCTCAAAATAAATAAATGAATAAATAATAAAATAAATAA"
"GL873521","16987716","16987746","chr4","157175852","157175881","5","140188136","GAAGAAAGAAGAAAGAAGAAAGAAGAAAGAA","GAAGAAGAAGAAGAAGAAGAAGAAGAAGAA"
"GL873521","16988099","16988370","chr11","32048157","32048430","73","15060058","GGCCCAGTTCAGTGTCTCACACCTGTAATCCTAGAACTCTGGGAGGTCAAGGAAGGTGGAGTCCTTGAGCTCAGGATTTTCAGATAAGCCTGAGCAAGAGACAGATCCATATCTACTAAACATAGAAAAACTAGCCTGGCATCAGTGTAGTCCCAGCTACTCAGAAGGCTGAGGCAGGAGGATCATTTGAGCCCAAATGTTTGAGTTTGCTGTGAGCTATGATGAATGACACCAGGGCACTCTACCCAGGGCAACAGAGTGAGACTATTTCT","GGCCCACCACAGTGATTCACATCTATAATCCCAGCACTTTGGGAGGCCGAGGTGGGAGAGTAGCTTGAGCCCAGGAGTTTGAGACCAGCCTGAGCAACAGGGCGAGACCCCATCTCTACAAAAAAAATTTAAAAATTAGCCTAGCATGTGCCTGTAGTCCCAGCTACTCAGGAGGCTGAAGCAGGAGGATCACTTGAGCCCAGGAGTTGAAGGCTGCAGTAAGCTATGATCACCCCACTGAGCTCTAGCCAGGGTGACTGAGCAAGACTCTATT"
"GL873521","17153915","17154039","chr7","102370770","102370890","26","85216855","GGCTAGGCACGGTGGTGACTCCTGCTTGTAATCCCAGCACTCTGGGAGGCCTGTGGCAGGTGAATTCCTTGCGCTCAGGAGTTCAAGACTAGCCTGAGTAATAGTGAAACCTCTGTCTCTACTAA","GGCTAGGCACGGTGGCTCATGCCTGTAATCCCAGCACTTTGGGAGACTGAGGTGGGAGAATTGCTTGAAGCTGGGAGTTCAAGACCAGCCTAGGGAACATAGTGAGACCCTGTCTCTTCAA"
"GL873521","17154076","17154241","chr16","21596696","21596868","46","4442620","CTAACCAGACCTGACAGGTGGCTATACTCTCGGCTACTTGGGAGGCTGAGGCAAGAGGATCACTTGATCTCAAGAGTTTGAGGTTGCTATAAGCTATGAGGCCATGACACTCTACCGAGGGCAACAAAGTAAGAGTTTTTCTCAAAAAAAAAACCCAAAACAAAAA","ATTAGTCAGACATGGTGGCATGTGCCTATAGTCCCAGCTACTTGGGAGGCTGAGGCAAGAGAATCATTTGAGCCCAGGAGGTTGAGGCTGCAGTAAGCAGTGATCATGTCACTGCACTCCAGCCTGGGCAACAGAGCAAGACCCTGTCTCAAAAAAAAAAAAAAAAGAAAAAA"
"GL873521","18186068","18186211","chr11","18518855","18518988","40","332787","TAGTCAGGTGCAGTGGTGCATGCCTGCAGTCACAGCTACTCTACTCAGGAGGATGAAGCAGGAGGACCACTGGAGACCAGGAGTTTGAGAATGCTGTAAAATACCATTGAGTCACTGCCTGCCAGCTTCAGTAACAGAATAAGA","TTAGCCAGGTGCAGTGGCGCATGGCTGTAGTCCTGCTTACTCAGGAGGTTGAAGCAGGAGGATCACTTGGGCCCAGGAGTTTGAGGCGGCAGCGAGCCATAATCGTGCCACTGCACTCCAGCTGAGTGACAGAG"
"GL873521","18186242","18186351","chr4","101432127","101432236","31","83245885","CTTGTAATTTCAGCACTTTTGGAAACTGTAGAAGGAAGATTGTTTAAGACCAGGAGTTCCAGAACAATCTGGGCAACACATGTTGACCTTGTACCTACATGAAAAAAAAA","CCTGTAATCCCAGCACTTTGGGAGGCTGAGGCAGGAAGACAGCTTGAGGCCAGGAGTTCCAGACCAGTCTGGGCAATATAGCAAGACCCTCATCTCTTTAAAAAATAAAA"
"GL873521","18231783","18232086","chr11","120552808","120553110","90","102321025","GGCATGGTGGCTCACACCAGCAATCCCAGCGTTTTGGGAAGCCCAAGGAAGAGAATCACTTGAGACCAGCCAGAGGTACATAGACACGTGGTCTACAAGAAATGACAATTAAAACAAATTGCTGGGCATGGTAGCCTGTGACTATAGTCCTGGCAACTCAAGAGGCTGAGTCAGGGGGTTTTTTGAGCCTATGAAGTCTAAGTTGCAGTAAGCTGTGATCATGCCACTATACCCTAGCCTGGGTGACAGAACAAGATTCTGTCTCTAAAAATAAAATAAAATAAAATAATAAAATGAAATAAAA","GCCAAGCATGGTGGTTCATACCTATAATCCCAGAACTTTGAAAGGCCAAGGCGAGAGGAGTTTGAGACCAGCCTGGGCAACATGATGACATGCCGTCTCTACAAAAAAATAAAATAAACAAAAACTAGCTGGGCCTAGTGGCATGTGTCTGTAGTCCTAGCTACTCAGGAGACTGAGGCAGGAGGATCACTTGAGCCTGGGAGGTCAAGGTTGCAGTGAGCTATGATTGTGTCACTGTACTCCAGCCTGGGTGACATAGCAAGAACTGGTCTCAAAAAAAAAAGAAAGAGAGAAAAAAGAAAA"
"GL873521","18672921","18673268","chr5","164510023","164510360","89","145837102","GGCTGGCCATGGTGGCTGAGGCCTGTCATCCTACCACTCTGAGAGGATGAGGAAGGAGGATTGGATTGCTTCAGCTCAGGAGTTCAAGACCAGCCTGAGCAAGAGCAAGACTCAGTCTCTACCAAAAATAGAAAAATTAGACTAGCCAGATGTAATGGCAGATGCCTCTAGTCCCAGCTAGTGGGGAGGCTAAGGCAGGAGGATCACTGAAACCCAGGAGTTTGAGGTGCCTGTGAGTTAGTTTAATACCATGGCAGTCTAGCTTGGGCAACAAAGTGAGACTCTGTCTCAAAACAAACAAAGAAACAAAGAAACAAACAAACAAAAACCCCAAAAATAAAAAAAAAA","GGCTGGGCACAGTGGCTCATGCCTGTAATCCTAGCACTTTGGGAGGCTGAGGCAGGTGGATCGCTTGAGACTGGGAGTTCAAGACCAGCCTGGGCAATATGGCAAAACCCCGTCCCTACAAAAAATACAAACATTAGCCAAGCATGGTGGCACATGCCTGTAGTCCCAGCTACTTGGGAGGCTGAGGCAGGAGGATCATTTGAGCCCGGGATGTGGAGGTTGCAGTAAGCTGAGATTGCATCATTGCACTCCAGCCTGGGCAACAGAGGGAGACCCTGTATCAAATAAATAAATAAATAAATAAATAAATAAATAAATAAAAGAAATAAAAGTAAAAA"
"GL873521","19315680","19315722","chr1","205503465","205503511","11","186187785","CAGTTACTTGGAAGACTGAGGCAAGAGGATCCCTTGAGCTAGG","CCAGCACTTTGGGAGACTGAGGCAGAAGGATCCCTTGAGGCCAGCGG"
"GL873521","19598410","19598508","chr1","6398492","6398584","25","13199918","TATCACTACACCACTATACTCTAGCCTGGGCAACAGATTGAGAACCTGTATCAAAAACAAACAAACAAACAAACAAAACACAATAAAAAATAAATAAAA","GTGATTGCACCAATGCACTCCAGCCTGGGTGACAGAGCGAGACTGTCTCAAAACAAACAAACAAACAAATAAAACAAAAGAAAAGAAAAGCAA"
"GL873521","19777152","19777359","chr4","72787006","72787205","63","53009854","CCTGAGCAACATAGAGAGATCCCATCTCGACAAAAATATTGAAAAAAAAATAGATAAACTTATCAGCTGGGTTTGGTAGCACACAACTGTATCCCCAGCTACCGGGAAGGCTGAAGCAGGAGGAGCCTGACAGATCAAGGCTGCAGTGAGCAGTGATCACATCACTACACTCCAGCCCAGGTGACAAAGCACAATCCTGTCTCAAAAA","CTAGGCAACATGGAAGAACCCCATCTCTACAAAAATTACAAAAACTAGCTGGGCATGGTGGTGTGCGCCTGTATTCCCAGCCACTGGGGAGGCTGAGGTGGGAGGATTGCTTGAGCCTGGAAGATTAAGGCTGAAGTGAGCAGAGATCACACCGCTGCACTCCAGTCTGGGTGACAGAGCAAAACCCTGTCTCAAAAAAA"
"GL873521","19907026","19907166","chr6","12022857","12022993","42","7884169","AGGAAAAATTACCAGGGCATGGTGATGTGCACTTATAGTCCCAGCTCCTGGGAAGGCTGAGTCAGGAGGCCAGGAGTTTGAGGTTATAGTGAGCTATGATGCCACTGCACTCTCTCTGGGTGACATAGTGACATTCTGCCT","TTAAAATTAGCCAGGCATGGTAGCAGGCACCTGTACTCCCAGCTACGGGAGGGTCGCTTGAGCCCAGGAGATCAGGGCTGCAGTGAGCTATGATTGTACCACTGCACTCCAAACTGGGTGACAGAGTGAGACTCTGT"
"GL873521","19907190","19907299","chr3","21509747","21509855","27","1602557","GTGGTGGCTCAGCCTATAATCCTAGCCTTCTGGAGGCCCAGGCGGGAGGATTGCTTAAGGTCAGGATGTTGAGACGAACCTGAGCATGAGTGAGACCCCATCTCTACAAA","GGTGGCTCATGCCTATAATTCTAGCGCTTTTGGAGGCCAAGGGGGGAGGATTACTTGAGCTCAGGAGTTCCAGATCAGCCTGGACAATTTAGTGAGACCTCATCTATAC"
"GL873521","20453341","20453513","chr19","53340691","53340862","44","32887350","AGACAACTAGCCAGGCATTGTGGTGGGCATCTATAGTCCCAGCTACTTGGGAGGCTGAGGCAAGAGGATCACTTGAACCCAATAGTTTGAGGTTGTCATGAGCTATGATGATGTGGCATTCTACTCAGGGTGACAGCGTGAGAGACTCTGTCTCAAACAAATGAACAAAAAAA","ACAAAAATAGCTGGGTGTGGTGGTGCATACTTGTAGTCCCAGCTACTTGGGAGGCTGAGGCAGGAGGATCACTTCAGCCCAGGAGGTTGAGGCTGCAGTGAGCCATGATCATGCCACTGCACTCCAGCCGAGGGGAGAGAGCAAGACTCTGTCTCAAAACAAACAAACAAAA"
"GL873521","20453540","20453662","chr4","5943586","5943706","26","14509954","CAGGCGTGGTTGCTCATGCCTGTAGTCCTAGCACTTCAGGAGGCTGAGGAGGGTAGATTGCTTGAGGTCAGGAGCTGGAGACCAGCCTGAGCAAGAGCGAGACCTTGTCTCTACTAAAAATAG","GGCCATGGTGGCTCATGCCTGTAATCCTAGCACTTCGGGAGGCTGAGGAGGGAGGATTGCTTGAGGCCTGGAGTTTGAGACCAGCCTGGGCAACATAGTGAGACCACGACTCTATTTAAAA"
"GL873521","20821454","20821743","chr8","121327775","121328067","74","100506321","GCCGGGCCCAGATGGCTCAAGCCTGTAATCCTTGCACTTTGGGAGGCCAATGTAGGAGGATCACTTGCGCCTAGGAGTTCCAGGCCAAGCTGTGCAAGGTGAAACACTGTTCCAAAAAATATATATATATGAAAATTAGCCAGTCCTGTTGGTACACATCTGTCGTTCCAACTACTTGGGGGACTGAAGCAGGAGGATCCATGAGTCCAAGATTTGAGGTTGCAATGAGCTGTATTGGAGCTACTACACTGTAGCCAGGGCGACAGGAGGAAAAACTTGTTTTAAAAAAA","GGCTGGGTGCAGTGGCTCATGCCTGTAATCTTAGCACTTTGGGAGGCCAAGGCAGGTGGATCACTTGAGCTTAGGAGTTCAAGACCAGCCTGGGCAACATGGTGAAACCCTGTCTCTACAAAAAATAAAAAAAAATTAGCCAGGCATGGTGGCATACACCTGTAGTCCCAGCTACTTGTGGGGCTGAGGCAGGAGCATCACTTGAACCCAGGAGCTCAAGGCTGCAGTGAGCTGTGATCTTACCACTGCACTCCAGCCTGGGTGACAGAGTAAGACCTTGTCTCAATAAAAAA"
"GL873521","20825224","20825315","chr22","42881883","42881978","27","22056659","AGAGGATCTCTTGAGCCTAAGAGTTTGAGGTTGCTGTGAGTTCTGATACCACAGCGCTCTACACAGGGCGACAGAGTAAGACCCTTTCTTAA","GGCAGGAGGATCGCTTGAGCCTGGGAGGTCAAGGATGCAGTGAGCTGTGATTGCACCACTGCACTCCACCCTGGGCGACAGAGTGAGACCCTGTTT"
"GL873521","20825595","20825767","chr4","156475909","156476099","57","135650314","GCGGTGGCTCACACCTGTAATCCTAACACTCAGGATCGCCTAAGCTCAGGAGGTGGAGACCAGCCTGAGCAAGAGAAACACCTCAACTCTACCAAAAACAGAAAAAGTAGCCTGGGTGGTGGTAGGCATGTGTAGTCCCAGCTACTCGGGAAGCTGAGGCAAGAGGATCTCTT","GGCCAGGCACAGTGGCTCACACCTATAATCCCAGCACTCTGGGAGACTGAGGCAGGAGGAGCCCAGGAATGTGAGACCAGCCTGGCCAACATGGTGAAACCCAGTCTCTACTAAAAATATAAAAATTAGCCTGGTGTGGTGGTGTGCGCCTGTAGTCCCAGCTACTTGGGAGGCTGAGGTGGGAGGATCAC"
"GL873521","21355913","21356066","chr4","158479533","158479684","48","137123620","ATAAAAATTAACTAGCTATGGTGGCATACACTCTTGTCCTAGCTACTTAGGAGGCTGAGGATCATTTGAGGCCAGGAGTTTAAAGCTATAGTGTACTGTGATGATTACGCCTGTGAATAGCCACTGTACTCCAGCCTGGGCAACATAGCAAGAC","AATTAGCTGGGCATGGTGGTGCATACCTGTAGTCCTAGCTACTCAGGAAGCTGAGGCAGGAGGACAGCTTGAGGCCAGGAGGTCAAGGCTGCAATGAACCATGATTGATTACACCTGTAAATAGTCACTGCATTTCAGCCTGGGCAGCATAG"
"GL873521","21623697","21623773","chrX","53329871","53329945","26","31706174","AAATTTAGGCAGGCAAGTTGGCACATGTTTGTAGTCCAAGTTATGTGAGAGGATTCTTTGAGTCCAGAAGTTAAGGC","AATAGCTTGGGCAGGGTGGTGCATGGCTGTAGTCCTGAGATGGGAGGATCCCTTGAGTCCAGGAGCTTGATGCCG"
"GL873521","21623801","21623894","chr3","42032495","42032583","27","20408694","GTAATCTTAGTACTTTGGGAGGCCAGACAGGAGATTCATTTGAGACTGAGTTTAAGATCAGCCTGGACAACATGGCAATATCCCATGTCAACCA","TAATACCAGTATTTTGGGAGGCTGAGGCAGGCGATCACTTGAGCCCAGTTCAAGACCAGCCTGGGCAATATAGCGAAATCCTGTTTCTA"
"GL873521","21714176","21714337","chr12","96671998","96672172","41","74957822","ACTAGGGGGCATTGTGGCAACTGTCATCCTAGCTGCTCAAGAGGCTGAGGCAAGAGGATCACTTCAGCCCATGAGTTTATGGTTGCTGTGAGCTATGACTCCATGGCACTCTAGCCTGGGCAATAGAATGAGACTCTGTCGCAAAAAAAAAGAAAGAAAGAA","AATTAGCTGAGCATGGTGGCAGGCACCTGTAGTCCCAGCTACTTGGGAGGCTGAGGGAGGAGGGTCACTTGAACCCAGGAGTTTGAGGCTGCAATGAGCTATGACTGCATCAGTGCACTCTAGCCTGGGCAGTAGAGTGAGACCCTGTCTCACAAAAAAAAGAAGGAAAGAGAAA"
"GL873521","21714364","21714489","chr15","78802491","78802611","29","57088127","GGCTGGGTACCCTGGCTAGACACCTGTAATTCTAGCACTCCAGGAGGCTGAAACAGGTGGATTTCTTGAGCTCAGGAGTTCAAGACCAGCCTGTCCAAGACCAAGACCACAATTCTGTCTCTACTT","GGCTGGGTACAGTGGCTCACACCTGTAATCCCAGCACTTTGGGAGGTGGAGGCAGGAGGATCACTTGAACTCAGGAGTTCAAGACCAGCCTGGCCAACATGGCGAAACTCCGTCTCTACAA"
"GL873521","21743555","21743631","chr10","20213332","20213405","25","1530223","TATAGGGTGTGGCGGCAAGTGTGTATAGTACTAGCTACTTAAAGAGGTTGAGATGGGAGGATTGCTTGAGCTAAGGA","CCAGGTGTGATGGTGCATGCCTGTGGTCTCAGCTACTTTGGAGGCTGAGGTGGGAGGATTGTTTGAGTGGAGGT"
"GL873521","21743658","21743767","chr10","43292583","43292692","28","21548925","CAATGGTTTGTGCTTGTAATCCAGCACTTTGGGAAACAAAGGAGAAAGGATTAATTGAGACCAGGAGTTCAAAATCAGCCTGGGCAACATAAAGAGACCCTGTCTCTATG","GCGGTGGTTCAGCCTGTAATCCCCGCACTTTGGGAAGCTAAAGCAGGAAAATCACTTGAGCCCAGGAGTTCAAGACCAGCCTGAGCAACATAGTGATACCCCTGTTTCTA"
"GL873521","21994326","21994402","chr3","183523015","183523100","19","161528689","GGCATTGTGACTCACACCTATAATTCTAGCACTTTGGGAGGCTGAGGTGGGAAGACCACGAGCACAGGTTCAAGACC","GACTGGGGGCAGTGGCTCAAACCTGTAATCCTAGCACTTTGGGAGGCTGAGGTGGGAGGACCACCTGAGCTCAGGAGTTCAAGACC"
"GL873521","22568894","22569013","chr7","21219168","21219276","37","1349726","TACGTTGTGGTGGCTAGTCCCAAACTACTCAGCTACTCAGGAGTTTGAGGTTGCAGTAAGCTGTGAGGTTGCATTGCACGACAGATTGTGCAACAGAGCGAGACCCTATCTCGAAAAAAA","GGCTGAGGTGGGATAATCACTTGAGCCCGGAAAGTTGAGGTTGCAGTGAGCCATGACTCGGCACTGCACTCCAGCCTGGGCAACAGAGCCAGACCCTATCTCAAAAAAA"
"GL873521","22569034","22569129","chr15","57106062","57106161","19","34537028","CAGGCATGGTGGCTCACACCTGTAATCATAGCACTTTGGGAGACCAGGAGTTCAAGACCATGCTGGGCAACATGGCGAGACCTTGTCTCTACCAAA","GGCCAGGCATGGTGGCTCACTCCTATAATCACAGCACTTTGGTAGGCCATGAATTCAAGACCAGCCTGGGCAACATAGTGTAACCCTGTCTCTACGAAAA"
"GL873521","23082461","23082581","chr19","17007875","17007987","43","6074586","AAAATACACAGAGTACCCAGGCATGGTGGTGCATGCCTCCAGTCCCAGCTACAGGTGAGACTAAGACTAAAGGATGCCTTCAGCTCAAGACTTTGAAGCTGGCCTAGGCAACAACAAGACC","ACAATGTAGCTATGGCATGGTGGTGCCTGCCTGTTGTCCCAGCTACTTGGGAGGCTGAGATGGGAGGATTGCATGAGCCCAAGAGTTCAAGGCTGCTGTGAGCTACAATCACG"
"GL873521","23326932","23327034","chr1","153330637","153330743","26","130003705","GACTGGGTATGGTGGCATATGCCTGTAAACCCAGCACTCTGGGAGGCTGTGGCGGGTGGACCAGCCTGAGACCAGCTTGAGAAAGAATAAGACTCTGTCTCTA","GGCTGGGTGTGATGGCTCATGCCTGTAATCCTAGCACTTTGGGAGGCTGAGGCAGGTGGATCACTTGAGCCCAGGAGTTTGGGCAACATGACAGAACCCTGTCTCTA"
"GL873521","23327057","23327213","chr6","85247800","85247964","38","61920743","CCAGACATTGTGACACATGCCTATAGTCCTACTTGGGAGGCTGAGGCAAGAGGATGTCTTGTGCCCAAGAGTTTGAGGTTGCTGTGAGCTATGATACCATAGCACTCTAGTGGGGGGCAAGAAAGTGAGACACTGTCTCAAAAAAAAAAAAAAAAAA","CCAGGCATTGTGGCACATGTGTGTAGTCCCAGCTATTTGGGAGGCTGAGGCAGGAGGATCCTTTGAGCCCAGGAGTTTGAGGCTTCAGTGAGCTGTGATTGGACCACTACACTCTGGCCTGGGCAACAGAGAAAGACCCTGTCTCAAAAAGAAAAAGAAAAAGAA"
"GL873521","23553294","23553452","chr8","101101478","101101641","53","77548184","AAAATAAAGTTAGCTAGACACAGCTTTGGGCACCTGCAGTCCCAGTTACTTGGAGGTTGAGGCAAGAGGATTGTTTGAGCCTAGAGGTTTGAGGATATGGTTTGCTGTAGTTCTACCTGTGAGTAGCCACTGTTCTCCAGCCAGGACACCAGCGCAAGA","AAAAAGACACCAAGTAGCCAGGTGTGGTGCTGCAGGCCTGCAGTCCCAGCTACTTGGGAGGCTGAGGCAGGAGGATTGCTTGAACCCAGGAGTTCAAGACTTCAGTATGCCATAATCGCACCTATGAATAGTCACTGCACTCCAGCCTGGGCGACATAACAAAA"
"GL873521","24165831","24166009","chrX","9218405","9218573","51","14947426","GGCCAGGCACAGCAGCTCACACCCATAATCCTAACACTCTGAGAGACCAAGGTGTATAGATTACCTGAGCTCAGGAGTTGGAGACCACCCTGAGCAAGAGTAAGACCCCCATCTCTACAAAAAAAAAAAAAAAATAGAAAAACTAGCCAGGTGTTGTGGTGGGTACTTACAGTGCCAAC","GGCCAGGCGCAGTGCCTCACACCTGTAATCCCAGCACTTTGGGAGGCCGAGGCGGGTGGATCACTTGAGCTCAGGAGTTTGAGACCAGCCTGAGCAACATGGCAAAACCTCACCTCTACAAAAAAAATACAAAAATTAACCAGGCATGGTGGCAGGCACCTGTAGTCTC"
"GL873521","24270646","24270916","chr8","27224878","27225151","68","2954232","GGCCAGGCACGGTGGCTCACACCTGAATCCTAGCTGGCATTCTGGAAGGCCGAGGTGGGTGGATCACCTGACCTCAGGAGTTCAAGACCATCCTGAGCAAGAGTGAGATGAAACCTCATCTCTAAAAATAGCTAGGCATTGTGGTGGGCACCAGTAGTCCCAGCTACTAGGGAGGCTGAAGCAAGAGGATCACTTGAGTCTAAGAGTTAGACGTTGCTGTGAGCAGTGACGCCACAGCACTCTACCCAGGGCAACAAAGTGAGACTGTCTC","GGCCAGGTGCAGTGGCTCACACCTGTAATCCTAGCCCTTAGGAGGCTGAGGTGGGAGGATCACTTGAGCTCAGGAGTTCAAGACCAGCCTGGGCAATATGGTGAAACCCTGTCTCTACGAAAAATTAGCCGGGCATGGTGGCGCATGCCTGTAGTCCCAGCTACTCAGGAGGCTGAGGTGGGAGGATCATTTGAGCCCAGGAGGCGGAAGTTGCAGTGAGCCAAGATTGCACCACCGTACTCCAGCCTGGGCAACAAGTGAGATCCTGTCTCAA"
"GL873521","24618820","24618994","chr8","68458893","68459071","47","43840073","TCCTAGCACTCTGGGGGGCCGAGGTGGTAGGATCACTTGAACTAGAGTTCAAGACCACCCTGAACAAAAATCACACCCTGTCTGTACTAAAAATAGAAAAATTAGCCAGGCATTATAGTGCATGCCTGTAGTCCCAGCTACCTGGTAGGCTGAGGCAGATCCTCTAGCCCAGGGG","CCCAGCACTTTGGGAGGCTGAGATGGGTGGATCACTTGAGCCCAGGAGTTCAAGACCAGCCTGGGCAACATGACGAAACTCTGTCTTTACAAAAAATACAAAAATGAACCAGGCATGGTGGTGCATGCCTGTAGACCCAGTACTTGGGAGGCTGAGGTGGGAGGATCCCTTGATCCTGA"
"GL873521","24626746","24626855","chr1","205148842","205148953","29","180522096","AAAGAATGACAAAAATTCAGATATGGTGGTATGCACCTATAGTCAGTCACAGCTACTGGGGAGGCTGAGGTGGGAGGCTTTCTTGAGCCCAGGAGGTTGAGTCTAGCAAT","AAAAAGTACAAAGAATTAGCCAGGTGTGGTGGTGCGTGCCTATAGTTCCAGCTACTTGGGAGGCTGAGGTGGGAGGATTGCTTGAGTCCAGGAGTTGGAGGCTGCAGTGAAA"
"GL873521","24781755","24782037","chr5","139301937","139302217","85","114520182","GACCAGGTGTGGTGGCTCACACCTATTAGCCTAGCACTCTTGGCAGCTGAGGCAGGAGGATTCACTCAGAACTTCAAGAGTTAAACCCATGCCTCTACTAAAAATAAGAAAAAAATCAGTCCAGAGTATCATGGTGGGCACTTGCAGTCCCAGCTACTCGCAATGCTGAGGAAGAAGGATAGCTTGAGCCTAGGAGTTTGAGGTTGCTGTAGGCTGGATTTTTGTCATGGCATGCTAGTCTTGGCAACAGAGTGAGACTCTGGGGGAAAAAAAAAAGGAAAAA","GGCTGGGTGCGGTGGCTCACACCTGTAATCCCAGCACTTTGGGAAGCTGAGGCCAGAGGATGGCTTGAGCTCAGGAGTTTGAGTTGAAACCCTGTCTCTACAAAAAATACAAAAATTAGCTGGGTGTGGTGGTGCACACCTGTGGTCCCAGCTACTTGGAAGTGTGGGGTGGGAGGATTGGTTGAGCCCAGGAGGTTGAGGCTGCAGTGAGCCATGATCGTGCCACTGTACTCCCGCCTGGGTGACAGAATGAGACCCTGTCTCAAAAAAAAAAAAAAAAA"
"GL873521","24969692","24969970","chr5","91805199","91805483","78","66835507","GGCTGGATGCAGTGGCTCACACCTATAAACCTAGCACTCTGGAAGGCCACAGTGGGAGAATGGCTCGAGTTCAGGATTTTGAGAGTAGCCTGAGCAAGAGCAAGACCACATCTCTACTAAAAATATAAAAATTAGCAGGAAGTCTTGCTGAATGCATCATCTCAACTGCTCTGGAGGATGAGGCAAGAGGATTGCTTGAACTCAAGAGTTGAGGTTGTGGTGAGCGAGACTGAATCCATAGCACTCTACCCCAGGCAACAGAGCAAGACTTTGTTGAAA","GACTGGGTGCAATGGTTCACATCTGTAATCCCAGCACTTTGGGAGGCCAAGGTGGGAGGATGGCTTGAGCCCAGAAGTTCAAGACCAGCCTGAGCTACATGGCAAAACCCTGTCTCTACAAAAAATGTAAAAATGAGCCAGGCATGGTGGTGCATGCCTATGGTCCCAGCTACTCAGGAGGCTGAGGCAGGAGGATCGCACTAATCTAGGAGATGGAGGCTGCAGTAAGCCGAGATTGAGTCATTGCACTCCAGCCTGGGCGAAAGAGCCAGACTCTGTCTCAAA"
"GL873521","24970004","24970019","chr3","153804291","153804307","1","128834287","AAAACAAAACAAAAAA","CAAAACAAAACAAAAAA"
"GL873521","25391954","25392209","chr7","3491054","3491312","81","21900900","CCTAGTGCAGTGGCTCACACCTGTAATCCTGGAGGCTGAAGCAGATGGATTGCTTTGAGTTCCTGCCTAAATAAAAGTGGGAATCTACTATAGCAAAATTAGCTGGGCGTTATGGTGGGTACTTGTGGTCCCAGCTACTCAGGACGCTGAGGCAGGAGGATTGCTTGAACCAAGGAATTTGAGGTTGTTATGAGCTATGATGATGCCATGGCACTCTACCCAGGCCACAGAGTAAGATTTGGTCTCCAAAAAAAAA","GGCCAGGTGCGGTAGCTCACATCTGCAATCCCAGCACTTTGGGAGGCTGAAGCTAGAGGATCACTTGAGTCTTGTCTCTACAAAAAAAATCAAAAAATTAGCCAGGGCATGGTGGTGCATGCCTGTAGTCCCAGCTACTCGGGAGGCTGAGGCAGGAGGATCACTTGAGCCCAGGAGGTTGAGGCTGCAGTGAGCTGTGACTGTACCACTGCACTCCAACCTGGGCAACAGAGTGAGACCCTGTCTCAAAAAATAATAA"
"GL873521","25453333","25453646","chr22","29946204","29946503","77","4492871","GCCGGGTACAGAGGTGCATTTACCTGTAATCCTAGCACTTTGGGAGGGTAGGGTAGGAGGATGGCTTGGGGCCAGTAGTTCAAGACCAGCCTGAACAATCTAGTGTGACCTCGTCTCCACAAAATATAGAAAAATTAGCCAGGCATGGTGGTGGGCACTTGTATTCTCAGCTTCTCAGGAAGCTGAGGCAGGAGGATCTTTTGAGGCTGGAAGGTTGAGGTTGCATTGTTGAGATTGCACTGAGCTGTGATGACACCACTGCACTCTAGCCCTGGCAACAGAGTGAGATCCTAATTTAAAAAAAAAAAAAAAAA","GCTGGGCGTGGTGGCTCCTTCCTGTAATCCCAGCACTTTGGGAGGCCAAGGCTGGAGGATCACCTGAGTCCAGGAGTTTAAGACCAGCCTGGGCAACATAGGGAGACCCTGTCTCTACAAAAAATAAAAAATTAGCCAGGCATGGTGGTGTGCACCTGTAGTCCCAGCTACTCAGGAGGCTGAGGCAGGAGGATCTCTTGAGCCTGGGAGGTCAGACTACAGTGAGCAATGATTGTGCCACTGCACTCCAGCCTGGGTGACAGAGTAAGACTCTGTCTCTTAAAAAAAAAAAAAAAAAAA"
"GL873521","25473197","25473312","chr11","64318421","64318538","25","38845224","GGGCATGGTAACTCACTCCTATAATCCCAGCAGTTTGAGAGGCCAAGGCTGGAGGATCACTTAAGGCTAGGAGTTCATGACTGGTCAGGGCAACATAGTAAGACTTATTCTCTACA","CCAGGCATGGTGGCTCACACCTATAATCCCAGCACTTTGGAAGGCCAAGGCGGGAGGATCCCTTGAGGCCAGGAGTTTGAGACCAGCCTGGGCAACATAGCAAGACTCCGTCTCCACA"
"GL873521","25473339","25473487","chr1","35894728","35894879","40","10421389","AAGAATTAGCTAGGCATAGTGGTGCGCAGCTGTAGTTCCAAGTACTTGGGAGGTTAAAGACCATGTGAGCGCAGGAGTTCAAGGCTACAGTGAGCTGTGATCATGCCACTGCACTCTGGCCTGGGTGACAGAGTCTGTGTCATAAAAAA","AAAAATTAGCCAGGCATGGTGGCACATGCCTGTGGTCCCAGATACTTGGGAGGCTGAAGTGGGAGGATCACTTGAGCCCAGGAGATCAAGGCTGCAATGAGCCATGATCATGCCACTGCACTCCAGCCTGGGCAACCCTGTCTTTAAAAAAA"
"GL873521","25493130","25493293","chr4","75562087","75562252","41","50068957","CTTAGAGTTGTGGTGGGCTCCTGTACTCCCAGCTACCCAGGAGGTGAGGCTGAGGCAGGTGGATCACTTGAACCCAGGTATGTGAGGTTGCTGAGAGCTAGGATGACACACAGCACTCTAGCCTGGTGACAGAGTGAGTCTATGTCTCTAAATAAATAAATAAA","TTAGCTGGGTGTGGTGGCATGCACCTGTAGTCCCAGCTACTTAGGAGGCTGAGGCAAGAGGATCACTTTAGCCCAGGAGGTGGAGGTTGCAGTGAGCTGAAATCATACCACTGCACTCCAGCCAGGGTGACAGAGTGAGACCTTGTCTCAAAAATAAATAAATAAA"
"GL873521","25493320","25493467","chr9","31337596","31337743","33","5844276","GACTGGGCTTGGTGGCTCATGCCTGTAATCCTAGCATTCTGGGAAGCTGAGGCAGGAGAATCACTTGAGGTCAGGAGTTCAAGACCAGACTGAGCAAGAGTGAGATCTTGCCTCTACTAAAAAAATATATATTTTTAAAAAATAATGC","GCTGGGTGTGGTGGCTCACACCTGTAATCCTAGTGATTCAGGAGGCTGAGGCAGAAGGATCACTTGAGGTCAGGAGTTTGAGAGCAGACTGAGCAACAGAGTGAGACCCCCTCTCTAAGAAAAAAATATTAAAAAAAAAAACAACCGC"
"GL873521","25793453","25793728","chr15","82250472","82250741","88","56457019","CAGGTATGGTGGCTCACACCTGTAATCCCAGCACTTCGGGAGGCCAGGAGGTGGGGGAGAGGCTCTCTTGAAGCCAGGAGTTCCTGACCAGCCAAGCAACAGGCGAAACCTTATCTCTACAAAATATTAAAGAAAAAAGGAAATTAGCCAGGTATAGCAGTAGACATCCATAATTCCAGATACTGTCGTGGCTAGGACAGGAAGATCACCTGTGATTGTGCCACTGCATCCCAACTTGCCAAAAAAGCAAGATGCTGTCTCTATAAAAGAAAACTA","GCCGGGCACGGTGGCTTATGCCTGTAATCCCAGCACTTTGGGAGGCCGAGGCAGGAGAATCGCTTGAGCCCGGGAGTTTGAGACCAGCCTGGGCAACATGGTGAAACCAAGTCTCTACAAAAAAATACAAAAAAATTAGCCAGGTGTCGTGGTGCACGTCTGTAGTCCCAGCCACTCCTGGGAGGTCGAGGCTGCAGTGAGCTGTGATCGTGCCACTGCACTCCAGCCTGGGGAACAGAGTGAGACCCCGTCTCAAAAAATAAAAAAAAA"
"GL873521","25946379","25946540","chr16","48668108","48668267","54","22721729","GTTGAGGCAGGATTTCTTGAGGCTGGGAGTTGGAGACCAGCCTGAAAAACATGTTGATACCATTGCTACAGAAATTAGAAGAGTTAGCTGGGTATAGTGGTGCATCCCTGTAGTTCCAACTACTAGGGATGCTGAGGCAGGAGGGTCACGTAAGCCCAGGAG","GTGGGAGGATTTCTTGATCCCAGGGGTTCAAGACCAACCTGGGCAACATAGTGAGACCCTGTGTATACTGAACAAAAACAATTTTTCAGGCATGGTGGCACACACCTGTAGTCCGAGCTATTCGAGAAGCTGAGATGGGAGGATCCCTTGAGCCCGGGAG"
"GL873521","25955927","25956105","chr3","43378154","43378339","50","17422227","AAAAAATAGAAAAATTAGCCATGTGCAGTGGCATGTGCCTATAGTTCCACCACTGTAGGGGCTGAGGTAGGAGGATCCCTTAAGACCAGGACTTTGAGATTGCTGTGAGTTATGACATCACTGCTGTCTGGTTGGGTGACAAAGGGAGACTTTGCCTCAAAAAAGGGAAGAAAGAAAAA","AAAAATACAAAAATTAGCCGGGCATGTTGGCATGTGCCTGTGGTCCCAGCTACTCCAGAGGCTGAGGTGGGAGGATCACTGGAGCCCGGGAAGTTGAGGCTGCAGTGAGCTGTGATCACACCACTGCACTCCAGCCTGGGTGACAGAGTGAGACCCTGTCTCAAAAAAAAAAAAAAAAAAAAAAAA"
"GL873521","26298260","26298339","chr4","95794331","95794409","18","69496071","GGCTGGGTGCATCAGCTTATGCCTGTAATCCCAGTACTTTAGGAGGTTGAGGTAAGAGGATCACTTAAGAACAGGAATCC","GGCTAGGTGCAGTGGCTTACACCTGTAATCCCAGCACTTTGGGAGGCCGAGGCAGGAGGATCACTTGAGCCCAGGAGTT"
"GL873521","26307582","26307851","chr5","152032216","152032514","85","125724634","GCTGGGCATAGTGGCTCACACCTACACTCTTAGAGGCCAGGGCAGATGAATTATTTGAGCTTGGGAGACCAGACTGAGCATGAGTGAGATCCTGTTCCTACTAAAAATAGAAAAATTAATTGGGTGTTGTGCCTGTAGTCCCAGCTACTTGGAAGGCTGAGGCAAGAGGATCACTTGAGCCCAAAAGACTGAAGTTCTAATGCCAAACATGCTACTCAGAGGGACAGAATGAGACTCTGTCTCAAAAATAAATAAATAAATAAATAAATA","GGCTGGGCACAGTGACTCACACCTATAATCCCAGCACTTTGTGAGGCTGAGGCAGGCAGATTATTTGAGCCCCTGAGGTCAAGACCATCCTGGGCAACATGGCAAAACCTCATCTCTACAAAAAATACAAAAATTAGTTGGGTGTGGTGGCATACGCCTATAGTCCCAGCTCCTCAGGAGGCTGAGGTAGGAGGATGGTTTGAGCCCAGGAGATGGAGGTTGATCATGCCACTGCTCTCCAGACTGGGCAACAGAATGAGACTCTGTCTCACAAAAAATGAAACAGAATAAAATAAAAA"
"GL873521","26951040","26951317","chr17","16672309","16672598","75","10278731","TGGCTTACACCTGTAATCCTAGCACTCTGAGAGGAGTGAGGCAGATTGCTTGAGCTTAGGAGTTTAAGACCAGCCTGAGCAAGAAAGATCCCATTTTTACTAAAATAGAAAACTAGCCAGGGGTGGTGGCCTATGTCTGTAGTCCCAGCTACTCGGTAGGCTAAGGCAAGAGGATTGCTCAAACCCAAGAGTTTGAGATTGCTGTGAGTTCTGGTGCCATGACACTCTATCCAGGGTAACAGAGTGAGACTTTGTCTAAAAAAGAAATAAAATAGGTG","GTGGCTCACACCTGTAATCTCAGCACTTTGGGAGGCTGAGGCGGGAGGATCACTTGAGCCCAGGAGTTTGAGACCAGCCTGAGCAACATAGTAGGCTCCTGTCTCTACAAAAAAATACAAAAATTAGCTGGTACTGGTGGCATGTGCCTGTAGTCCCAGCTACTCAGGAGGCTAAGGCAGGAGAATCGCTTGAGCCCAGGAGGTTGAGGCTGCTATGAGCTGTGATGGCACCACTGCACTCCAGCCTGGGTGACAGAGTGAGACCTGGTCTCAAAAAGAAAAAAAAAAAA"
"GL873521","26951542","26951557","chr3","53948633","53948648","1","26997091","AAAAGAAAGAAAGAAA","GAAAGAAAGAAAGAAA"
"GL873521","27061553","27061681","chr3","122788793","122788920","26","95727240","GGCCACGCACAGTGGCTCATGCCTTTAATCCTAGCTTTCTGTGGAGGCCAAAGCAAATGGATCACTTGAACTCAGGAGTTCAAGACCAGCCTGAGCAAGAGCAAGACCCCATCTCTACTAAAAATAGAA","GGCCAGGCACTGTGGCTCATGCCTGCAATCCCAGCACTTTGGGAGGCCAAGGCAAGAGGATTGTTTGAGCCCAGGAATTCAAGACCAGCCTGGGCAACTCAGGAAGACCCCATCTCTACAAAAAACAA"
"GL873521","27061706","27061860","chr8","96136998","96137163","44","69075292","TAGCTTGGCATTGTGGTAGGCACTGGCAGTCCCAGTTACTTCGGAGGCTAAAACAAGAAGGATTGCTTGAATCCAGTGAGGTTGCTGTGAGCTATAATGTCATGGCACTTCTCCCCAGGGCAACAGAATGAGACTATCTCAAAAAAACAAATAAA","TTTAGCTGGGAAGGTTGGCACGCACCTGCAGTCCCAGCTACTTGGGAGGCTGAGACTGGAGGATTGCTTGAGCCCGAGAGGTCGAGGTGGCAGTGAGCCATAATCACACCACTGTACTCCAGCCTGGGTAACAGAATGAGACTCTGTCTCAAAACAAACAAACAAA"
"GL873521","27073730","27073910","chr1","68095575","68095737","50","41021845","GAGCAGCCTGAGCAGCTAGGGTACTGCTCCCTGCCTCTAGTCCCAGCTACTTGAGGGGCTAAGGCAGGAGGATTGTTTGAGCCCAGGAGCCCAGGAGTTTGAGATTGATGTGAACTAGGCTGATGCCATGGCACTCTAAACTGGGCAACAGAGTAAGACTCTATCTTAAAAAAACAAAAAA","TTAGCCCTGCATGGTGGCACATGCCTGTAGTCCCAGCTATTTGGGAGGCTAAGGCAGGGGGATGGTTGGAGCCCAGGAGGCAGAGGTTGCAGTAAGCTGAGACTGAGCCATTGCACTGCAGCCTGGGTGACAGAGTGAGACTCTGTCTCAAAAAAAAAAAAAA"
"GL873521","27074182","27074275","chr19","50666183","50666279","26","23592001","GCTGGGTACTGTGGCTCAAGCATGTAATCATAGCACTCTTGAGGCCAAAGTTTGGAGGATCCCTGAAGCTCCAGAGTTTAAATGCAGCTTGAGT","GGCTGGGCTCTGTGGCTCATGCCTGTAATCCCAGCACTTTGGGAGGCCGAAGTGGGAGGATCACTTGAGTCCAGCAGTTTGAGAGCAGCCTGGGCAA"
"GL873521","27115551","27115853","chrX","48006439","48006741","74","20890888","GGCCAGGTGTGGTGGCTCCTGTAATCCTATCACTATGGGAGGCCAAGGTGGGTGGATTGCTTGAGCTCAGGAGTTGGAGACTAGCCTAGGCAAGAGTGAGATCCCGTATCTACTAAATAGAAAAACTAACCAGGTTCCAGGTGCCTGTAGTCCCAGATTCTTGGGAGGCTGAGGCAAGAGGATCACTTAAGGTCAGGAGTTTAAGGTTGCTGTGAGCTATGATGTCATAGCACTCTACCCAGGGTGACAGAGTGAGACTCTATCTCAAACAAACAAACAAACAAAACAAAAACAACAAAAAAA","GGCTGGGCTCAGTGGCTCACGCCTGTAATTCCAGCACTTTGGGAGGCCAAGGTGGGCGGACTGCTTGAGCTCAGGAGTTCGAGACCAGCCTGGGAAACATGGCGAAACCCCATCTCTTAAAAAAAAAAAATTATCTGGGTGGCAGGAGCCTGTAGTCCCAGCTACTTGGGAGGCTGAGGTAGGAGGATCACCTGAGCCCGGGAGGTCAAGGCTGCAGTGAGCCATGATCGTGCCACTGCACTCCATCCTGGGTGACAGAGTGAGACCCTGTCTAAAAAAAAAAAGAAAAAAGAAAAAAAGAAA"
"GL873521","3621655","3621735","chr19","38588582","38588671","29","34966927","AAACCCCCCAGAAAATTAGCTGTAGTCCAGCTACTTGGGAGGGTGAGGCAGGATTGCTTGAACTCAGGAGGCTGAGGTTGC","TTAGCCAGGTGTGGTTGTGCACGCCAGTAGTCCTAGCTACTCAGGAGGCTGAGGCAGGAGGATTGCTTGAGCCCAGGAGTTTGAGGCTGC"
"GL873521","3642385","3642519","chr4","190118736","190118870","25","186476351","GGCTGGGTGAGGTGGCTCACACCTGTAATCCCAGCACTCTGGGAGGCCAACAGGGATGGAGCACCTGAGCTCAGGAGCTTGTGCCCAGCTTGAGCAAGAGTGAGACCTCATCTCTGTTAAAAACAGAAAAAAAAA","GGCTGGGTGCAGTGGCTCACACCTGTAATCCCAGCACTTTGGGAGGCCAAGGTGGGAGGATCACTTGAGCTCAGGAATTCGAGACCAGCCTGGGCAACATAATGAGACTGCATCTCTGTAAAAAAAAAAAAAAAA"
"GL873521","3642815","3642983","chr6","117522072","117522244","43","113879257","AAAAAAACTAGCCAGGCATTGTGGCGAGTGCCTGTAGTCCCAGCTACTCGGGAGGCGGAGGCAAGAGGAGTGCTTAATCCCAAGAGTTTGAGGTTGCTGTAAGCTATGACACTCATTCTACTCAGGGTAACAAAGTGAGACTCTGTCTCAAAAGGAAAAAAGAAAGAGA","TAAAAAAATTAGCCAGATGTGGTGGCATGTGCCTGTAGTTCCAGCTACTCGGGAGGCTGAGGCAGGAGGATTGCTTGAGCTCAGGAGTTCGAGGCTGCAGTGAGCTATAATTGTGCCACTGCACTCTAGCCTGGGTGACACAGTGAGACCTTGTCTTTAAAAAAAAAAAAAAA"
"GL873521","3668981","3669096","chr1","92774326","92774442","25","89105345","GGCTAGGCTCAGTGGCTCATGCCTATAATCCTAGCACTCTGGGAGGCTGAGACAGGTGGAGTGCCTACGTTCAGAAGTTTGAGACCAACCTGGGGAAGAGTGAGACCCTTGTCTCT","GGCCAGGCGCAGTGGCTCACACCTGTAATTCTAGCACTCTGGGAGGCAGAGGCAGGCAGACTGCTTGAGCTCAGGAGTTCGAGACTACCCTGGGCCACACAGTGAGACTTTGTCTCT"
"GL873521","3669118","3669287","chr19","44556029","44556196","40","40886911","GCCTAGCCATGCATTATGGTGGGCACCTGTAATCCCAGCTACTTGAGTGGCTGAGACAGGAGGATTGCTTGGGCCCAGGTGTTTGAAATTGTCGTGAGCTATGACAACACTATAGCACTCAACCCAGGGCACAGAGTGAGACCCTGTCTCAAAAAAAATAATAAATAAAA","TTAGCTGGGCACGGTGGTGTGCACCTATACTCCCAGCTACTCTGGAGGCTGAGACAGGAGGATTGCTTGAGCCCAGGAGTTCAAGACTGCAGTGAGCTAGGATCGCACCATTGCACTCCAGCCTGGGCAACAGAGTGAGGCCCTGTCTCTAATAATAGTAAAAAAAAA"
"GL873521","3669631","3669737","chrX","25092369","25092466","29","21422738","GGTTAGGCATGGTGGCTTACACATGTAATCCCAGCACTTTCAGAGGCTGAAGTAGGAGGATCTCTCAAGAGACCATCAGAGGGAGACCCTGTCCTTATAAATAATTA","GGGTGTGGCGGCTCAAACCTGTAATCCCAGCACTCTGTGAGGCTGAGGCAGGAGGATCGCCTGGGCAATATAGTGAAACCCTGTCTGTATTAATAATA"
"GL873521","3670024","3670183","chr1","26355033","26355200","40","22685009","TTGGTTGGGTGTGGTAGCACTTGCCAATAGTCTTAGCTACTTGGGAGGCTGAGGCAGGAGGATCCCTTGAGCCCAGGAGTTCAAAGTTGTAGTGAGCTGTAGTAGGGCCACTATAGGGTAAAAGAGTAAAATCCTGTCTCAAAAAAAAAAAAAAAAAAAA","AACTAGCTGGGTGTGGCGGCGTGTGCCTGTAGTCCCAGCTACTTGGGAGGCTGAGGCAGGAGGATCACTTGAGCCCAGGAGTTCAAGGCTGCAGTGAGCTAAGATCATACCACTGCACTCCAGCCTGGGTAATAGAGTGAGATCCTGTCTCAAAAAAAAAAAAAAAAA"
"GL873521","3713060","3713213","chr16","52591348","52591478","53","48878288","ACTAAAATTGTAAAGCCTAAGCTGGGTGTCATGGTGCACACCTGGAGATCCAGCTCCTCGGAGGCAGAGACAGGAGGATCTCTTGAACCCCAAAATTTGAACACAGTGCGACAACATAATGAGACCCACCTCTTACAAAAAATTACAAAGACTA","GCTGAGTGTGGTGGTGTGTGCCTATAATTCCAGCTACTCAGGAGGCTGAGGCAGGAGGATCACTTGAGCCCAGGAGTTTGAGACCAGCCTGGGCAACACAGTGAGACCCCATCTCAAAAAATTAAACATTA"
"GL873521","3858021","3858181","chr15","40727742","40727900","45","36869721","GGAAAAATTAGCTCAGCATTGTGGTGGGTGCCAATAGTCCTAGTTACTGGGGGGGTGGAGGGTTGAGGCAGGAGCTTGAGCTCAGGAGTTTGAGGTTGCTGCGAGCAAGGCTCATGCCATGGCACACTAGCCTGGACAACAGAGTGAGAGTCTGTCTCAAA","TTTAAAAATTAGCCAGGCATGGTGGTGACCACCTGTAGTCCTAGCTATTCAGGAGGCTGAGGCAGAAAGATTGCCTGAGCTCAGGAGTTTGAGGTTACAGAGAACTCTGATCATGCCACTGCACTGCAGCCTGGGCAACAGAGTGAGACTCTGTCTCAA"
"GL873521","3858456","3858567","chr17","26390105","26390216","27","22531649","GGTTGGATGCAGTGACTCACGTTTATAATCCTAGCACTCTGGGGAGCAGAGGCAGGAGGATCCCTTGAGCTTAGGAGCAAGACCCCATCTCTACTAAAAAATGGAAAAATTA","GGCCGGATGCAGTGGCTCACGCCTGTAATCCCAGCACTTTGGGAGATGGAGGTGGGAGGATCGCTTGAGGCTAGGGGTTCGAGACCACATCTTTACAAAAAATTTAAAATTA"
"GL873521","3958462","3958555","chr3","156881552","156881648","15","152923090","GGCCAAGTGTGGTGGCTCACGCCTGTAATCCCAGCACTCTGGGAGGCTGAGGCAGAGAATCACTGGAGCGCAAGAGTTTGAGACTAGCTTGAGC","GGCCAGTTGTGGTGGCTCACACCTGTAATCCTAGCACTCTGGGAGGCTGAGGCTGGAGGATCACTTGAGCTCAGGAGTTTGAGACCAGCCTGGGCAA"
"GL873521","4004289","4004415","chr2A","53135817","53135938","36","49131528","GCCGGGCGCGGTGGCTGACACCTGTAACCGAGCACTTTGGGAGGCATCTGTAGGAGGATCGCTTGAGGCCAGGGATTGGAGACCTCCCGCCCTACAAATGATTTTAAAATAAACTGCTTATGCTGGG","GCCAGGTACAGTGGCTGACATCTGTAATCCCAGCACTTTGGGAGGCTGAAGTGGGAGGATCACTTGAGGCCTGGAGCTTGAGACCAGCCTTGTCAACATAGTGAGATTAAAAAATTAGCTGG"
"GL873521","4004664","4004811","chr5","141173286","141173416","45","137168622","CTGCTTATGCTGGAGGACCCTCACCCCACCCCACCCCCACACACACCTTGTGCTCCTGACTTGGAGACTGCAGTGAACTATGATCAGGCCGCTGCCCTCCAGCGTGAGCGACAGAGCATGACCCTGTCAAAAAAAAAAAAAAAAAAAA","CTACTTGGGAGGCTGACCCACGAGAATCACTTGAACCTGGGAGGTAGGCTGCAGTGAGCTAAGATCACACCACTGCACTCCAGCCTGGGCAACAGAGCAAGACTCTGTCTCAAAAAAAAAAAAAAAAAAAA"
"GL873521","4367979","4368038","chr4","148843957","148844014","16","144475978","GGGCCCGGATAATGGCTCTAATCCCAGCTACTTGGGAGGCTGGGGCAGAAGGATCGCTTG","GCAATGGTACATGCCTATAATCCCAGCCCTTTGGGAGGCTGAGGCAGGAGGATCACTT"
"GL873521","4416492","4416644","chr15","38442496","38442652","39","34026004","GACAAAAATTAGATGGGCGTGGGGCTGTAGTTCCAACTACTCTGGAGGCTGAGGCAGGAGGGTTGCTTCAGCCCAGGAGTTTGCGGTTGTAGTGAGCTATAATGATTCCACTGCACTATAGCATGGTGACAGAGTAAGACTGTATCTCAAAAA","TTAGCCAGATATGGTGGTGCATGCCTGTAGTCCCAGTTACTTGGGAGGCTGAGGCGGGAGGATTGCTTGAGCCCAGGAGTTTGAGGCTGTGGTGAGCTATGATTGTGCCACTGCACTCCAGCATGGGTAACAGAGCAAGACCCTATCTCTTTAAAAA"
"GL873521","4416915","4417046","chr12","122239412","122239544","30","117822497","GCCTGGTACAGTGGCTCACAGCTGTAATTCTACCACTCTGGCAGACTGAGGCAGGAGTATAGCTTGAGGTCAGGAGTTAGAGAGCAGCCTGAGCAAAAGTGAGACCCTCTATTAAAAATAGAAGAATTAGGG","GGCTGAGCACGGTGGCTCATACCTGTAATCCTAGCACTTTGGGAGGCTGAGGCGGGAGGATTGCTTGAGGCCAGGAGTTTGAGACCAGCCTGGGCAACATAGTGAGACCCCATCTCTAAAAAAAAAAAAATTA"
"GL873521","4508052","4508216","chr1","180937305","180937458","45","176429253","CGCCAAAATAGCCACGTATGGTTGTGTGCACCTATAGTCCCAGCTATTTCAGAGGCGGAGACCATAAGACCACTTGCACCCAGGAATTTGAGGATACAGCAAGCTGTGATCATGCCACTGCACTCCACTCCAAGCCACAGACTGAGGCCTTGTCTCTTAAAAAAA","GCAAGCCAGGTGTGGTGGCATTTGCCTATAGTCCCAGCTATGTCAAAGGCTGAGACAAAAGTATCACTTGAACCCAAGAGTTAGAGGTTACAGTGAGCTATGATCGCACCACTGCACTCCAGCCTAGGCAACAGAATGAGACCCTGTCTCTAAA"
"GL873521","4508241","4508340","chr4","142826785","142826889","25","138318544","CCAGGTGCCATGGCTTATGCCTGTAATCCCAGGGCTCAGCTTGAGGCAGATGATCACTTGAAGCCAGGAGTTCGAGACCAGCCTGGGTAACACAGTGAGA","GGCCAGGTGTGGTGGCTCATGCCTTTAATACCAGGGCTTTGGGAGGCTGAGGCAGGACGATCACTTGAGGCCAGGTGTTTAAGACCAGCCTGGGCAACATAGGGA"
"GL873521","4585645","4585775","chr1","22024766","22024901","32","17439121","GCTGGGCAAGGTGGCTCACGCCTGTAATCCGAGCACTCGGGGAGTCCAATAGGGGTGGATTGCCTGAGCTCAAGTTCAAGACCAACCCAAGCAAGAGTAAGACCCCATCTCTACTAAAAATAGAAAAAACA","GCCAGGTGAGGTAGCTCACGCCTGTAATCCCAGCACTTTGGGAGGCCAAGGTGGGTGGATCAACTGAGGTCAGGAGTTCAAGACCAGCCTGGCCAATATGGTAAAACCCCATCTCTACAAAAAATACAAAAATTAT"
"GL873521","4586039","4586216","chr5","162553581","162553768","45","157967542","TAATAGAAAAACTAGCCACTGGTAGGCACCCATAGTCCCAGCTACTTGGGAGACTTAGGCAAGAGAATCACTTAGCCCAAGAGTTTGAGGTTGCTGTGAGCTATGATGCCATAGCACTCTACCCACAGTGCCAGAGTGAGATTCTGTCTCAAAACAAAAAAAGAAAGAAAGAAAGAAA","AATTTAAAAATAGCCAAGTATAGTGGCATGCCTCTGTATTCCTAGCTACTTAGGAGACTGAGGCAGGAGGATCACTTGAGCCCAAGTGTGTGAGGCTGCAGTGAGCCATGATCCAGCCACTGCACTCGAGCCTGGAAGACAGAGTGAGATACTGTCTCAAAAAAAAGAAAGAAACGAAAAGAAAGAAA"
"GL873521","4615177","4615298","chr12","11845861","11845982","46","7230684","AAATATAATGAGTAGCTGGGTGTGGAGGCACGTACTTCTACACCCAGCTACATAGAAACTGTGTAGCAGGCAGGAAGATAGTTTAATTAATATAGTGAGAACCCCATTTCAAAAAGAAAGAA","AATACAAGGAAGCCAGGTGTGGTGGCATGCACCTACAGCCCGAGCTACTCGGGAAGCTTTGAACTGGAGACAAGCCTGGGCAACATAGTGAAACCCCATCTCCCTCTAAAAACAAGGAAAGA"
"GL873521","4639212","4639298","chr17","29760224","29760310","16","25121012","GGCCTGGCACAGTGGCTCATACCTATAATCCTAGCACTCTGGGAGGTGAGGTGGGGAGGATCCTTTGAGCTTAAGAGTTTGAGATCA","GGCCATGGGCAGTTGCTCACACCTATAATCCCAGCACTTTGGGAGACTGAGGTGGGAGGATCGCTTGAGCACAGGAGTTTGAGACCA"
"GL873521","4757227","4757326","chr1","32811419","32811520","26","28054192","TAAAATAAATAAATCAGCTGGCAGTGTGGTAGGCAACTGTAGCCCCAGCTACCCAGGGCTGTGGCAGGAAGGTGACTTGAGCCCAGTAGTTTGAGGTTGC","ATTAAATTAAATGGAGCCGGGCGTGGTGGTATGCACCTGTTGTCCCAGCTACTCAGGAGGCCAAGGCAGGAGGATCACTTGAGCCCAGGAGTTTGAGGATGC"
"GL873521","4757600","4757715","chrX","124471265","124471386","33","119713665","GGCTGAGCAGTGTGGCTCACGCCTGTAATCCTAGTGCTTTGGGAGGCTGAGGTGGAGTGAATTCCAGACCTGCCTGAACAAGAGAGTTTTTGTCTCTACTAAAAATATAAAAATCA","GGCTGGACACCGTGACTCACGCCTGTAATCCCAGCACTTTAGGAGGCTGAGGCAGGAGGATTGCTCAAGACTAGCCTGGCCAACATGGTGAAACCCCGTCTCCACTAAAAATACAAAAATTA"
"GL873521","4833908","4834183","chr20","5619662","5619943","68","785754","GGCCAGTGCAGTGGCTCATGCTGTAATCCCAGCCCTCTGGGAGGCTGAGGCAGGCGGATCCCCTGAGCTCAGTGGTTGGAGACCAGCCTGAGCAAAAGTGCAACCCCGGCTCTACTAAAAATAGAAAAAACATTAGCTGGGCTGGGTGGCAGCTGCCTATAGTTACAGCTAATAGGAAGGCTGAGACAGGAGGATGGTTTGAGCTCAGGAGGTTGGGGTTAAGATATGGTGACACCACTGCATGCTACCTGGGGCACAGAGCAAGACTCTTGTCTC","GGCCAGGTGCAGGGGCTGACACCTGTAGTCCCAGCACTTTGGGAGGCTGAGGCAGGAAGATCACTTAAGCCCAGGAGTTCGAGACCAGCCTGCGCAACATGGTGAAAACCCGACTCTACAAAAAATACAAAAACTAGCCAGGCATGGTGGTGCCTGCCTGTAGTCCTAGCTACTCAGAAGGCTGAGATGGGAGGATTGCTTGAGCCCAGGAGGTTGAGGTTGCAGTGAGCTGAGATGACACCGCTGCATTCCAGCTTGGGTGCCAGAGCAAGACCCTCTCTC"
"GL873521","4857882","4858053","chr13","48157593","48157767","59","43299711","GACCAACCAGAGTAAGAATAAGACCCCTGTCTCTACAAAAAAATGCCAAAATTAGCCAGGCATAGTGGCATGCACCTATAGTCCCAGCTACTATAGTTTTGAGGTTGCTGTGAGCTATGACGATGACATTGCACTCTACCCCAGGCAACACAGCAAGGCTCTGTCTCCAAAA","CCAGCCTGGACAACATAGGGAGACCCTGTCTCTACAAAAAAATTTTCAGAAAATTAGCTGGGCACCATGGCGCATTCCTATAGTCCCAGCTACTCAGGAGGCTGCAGTGAGCCATGATTGTGCCACTGTGCTCCAGCACGGGTGACAGAGCAAGACCCTGTCTCTTAAAAAAAAA"
"GL873521","4858329","4858418","chr2B","246546136","246546224","17","241687807","CAGGAGCAGGGGCTCACACCTATAATCCTAGCACTCTAGAAGGCCAAGGCTGGAGGATTACTTGAGGCCAGAAGTTCATGACCAGCCAGT","CCAGGTGCTGTGGCTCATGCCTGTAATCCCAGCACTTTGAGAGGCCTAGGCAGGAGGATTACTTGAGGCCAGAAGCTCAAGACCAGCCT"
"GL873521","4904065","4904344","chr20","3250028","3250308","77","1654037","GGCCAGGCATGGCGGCTCAGCCTATAATCTGGGAGGCCAAGGCTCAAGGAGTTTGAGACCTGCCTGAGCAAGAGCAAGACCCTGTCTCTACTAAAAATAGAAAAAACAGCCAGGTGTTGTGGCAGGCACCTGTAGGCCCAGCTACTTGAGAAACTGAGGCAGGAGGACTGCATGAGCTCAGGAGTTTGAAGTTGCTGTGAGCTAAGAAGCCACAGCATTCTAGTCTGTAGCAACAGAGTGAAACTGTCTCAAAAACAGAACAAAACAAAACAAAACAAAA","GGCCAGGTGCAGTGGCTCACACCTATAATCCTAGCACTTCAAGGCCAAGTTCGAGACCAGCCTGGGCAACATGGCAAAACCCTGTCTCTACAAAAAAAAAATAAAAATTAGCCAGGCATGGTGGCGCTCACCTGTAGCCCCAGCTTCTTGTGGGGCTGAGGCAGGAGGATTGTTTGAGCCTGGGAGACAGAGGTTGCAGTGAACCTATATCATGCCACTGCACTCCAGCCTGGGTGACAGAGTGAAACCCTGTCAAAAAAAAAAAAAAAAAAGAAAGAAAA"
"GL873521","5548943","5549231","chr4","172002891","172003185","72","166453948","GACTGGGCACAATGGCTCACGCCTATAATCCTAGCACTCTGGAAGGCCAAGGTGGGTGGATTACTTGAGCTCACAGGTTTGGGACCATCCTGAGCAAGAGTAAAACCTCATCTCTAAAAATAGCCCGGCATTGTGGTGGGTACCTTGTAGTCCCAGCTAGTTGGGAGGCTGAGGCAAGAGAATCTCTTGAGCCTAAGACTTTGAGGTTGCTGTAAGCTGTGATGCCATGGTACTCTACCGAGGGTGACATAGTAAGACTCTATCTCCAAAAAAAAGAAAGGAAAAAGAA","GGCCAGGCACAGTGGCTCATGCCTATAATCCCAGCAATTTGGGAGGCCAAGGTGGGAGGATCACTTGAGCCCAGGAGTTGGAGACCAGCCTGGGCAACATGGCAAAACTCCATCTCTACAAAAAATAGAAGCCAGGTGTGGTGGTGTGCATCTGTAGTCCCAGCTACTTGGGAGGCTGAGGTGGGAGAATCGCCTGAGCCTGGGAGGTGGAGGTTGCAGTGAGCCAAGATCATGCCACTGCACTCTAGCCTGGGTGTCAGAGTGACAACTTGTCTCAAAAAAAAAAAAAAAAGAA"
"GL873521","5616768","5616899","chr1","134480867","134480991","29","128864099","GTGGCTCTCTCCTGTAATCCCAGCACTTTGGGAGGCCAGGGGAGAGGATTGCTTAAGGCCAGGTATTTGAAACCAGCCTGGGCAACACAGAGAGATATGCCCATCTCTACCAAAAGAAAAAAATTGCTAGGA","GTGGCTCATGCCTGTAATCCCAGCACTTTGGGAGGCCAAGGAGTGAGGATTGCTTAAGTCCAGGAGTTCAAGAACAGCCTGGGAAACATAGTAAGATCCTGTCTCTACAAAAAATAAAAAATTGT"
"GL873521","5617203","5617331","chr3","201848039","201848154","42","196230836","TTAAAAGTTTGCTGGGCTTGCTGAAGTGTGCCTGTAGTCCCAGCTACTCAAGAGACTAAAGTGGGGGGGATCAACAGAGCCCAAGAGTTTTAGCCTGTTCTGAATCACTGGACCACTGCATTCCTGTCT","ATTAGCTGGGCGTGGTGGCGGCTGCCTGTAGTCCCAGCTACTCAGGAGGCTGAGGTGGGAGGATCACCTGAGCCCGGGAGGTCGAGGCTGCAGTGAGCAGTGATGACGGCACTGCA"
"GL873521","5813449","5813645","chr8","55925895","55926096","51","50112446","TCTATAAATATATAGAAATTGCCAGGCACTGTGGCTAATGCCTGTCATCCGAGCACTTTGGGAGGCTGAGGCAGGAGGATCATTTGAGCCCAGAAGTTGGAGGCTTCTATGACTGGGGTGCTGCACTACAGTGGAGGCTGGGTGAAAGAGCAAGATTCTGTCTCTAAAAAACATACAAAACAAACAAACAAACAAAA","TCTCTACAAAAAAATAAAAAACTAGCCGGGCATGGTGGCACATGCCTGTAGTCCCAGCTACTTGGGAGGCTGAGGCAAGAGGATCACTTTACCCCAGGAGGTCGGGGCTGCAGTGAGCTGTGTTCATACCACTGCACTACAGCCTGGGTGACAGAGCAAGACTCTGTCTCAACAAAACAAAACAAAACAAAACAAAACAAAA"
"GL873521","5816723","5816839","chr7","150519989","150520108","29","144703266","GGCTTACACCTGTAATCCTAGCACTTTGGGAGAGTGGGAGTATGGCTCGAACCCAAGAGTTGGGAGACCAGCATGGGAAAGAATGAGACCCTGTCTCTACAAAAATAGAAAAATTAG","TGGCTCACATCTGTAATCCCAGCACTTTGGGAGGCCAAGGTGGGAGGATTGCTTGATCCCAGGAGTTGGAGACCAGCCTGGGCAACATAGTGAGACCCTGTCTCAACAAAAATTTATTTT"
"GL873521","6392280","6392393","chr13","98865790","98865887","34","92473510","GGCATGGTGATACATGCCAGCGACTTAGGAGGAGGACCCCTTGAGCAAGTGAGCAGTGATTGTGCCACTGCACCTCCAGCCTGAGCAACAAAGTGAGACTCTGACTCTTAAAAA","CAGGGGGACCACCTGAGCCTGGGAGGTTGCAGCTGCAGAGCCGTGATTGTGCCACTGCATTCCAGCCTGGGCAACAGAGTGAGCTCCTGTCTCAAAAA"
"GL873521","6821886","6822161","chr13","35542940","35543211","71","28721054","GGCCTGGTGCAGTAGCTCAGAGCTGTAAGCCTAGCACTCTGGGAGGCAGAGGTAGGTAGATCACTTGAGACCAGGAGTTCAAGAAGACCAGACTAAGTAAGAGTGAGACCCTCACCTATGCTAAAAATAGAAAATATTAGCTGGGCATACAGTGTATGTCTGTAGTCCAGGCTACTTAGGAAGCTGAGGTAGGAGGATCACTTAAGCCCAGGAGTTTGAGGTTGCTGTGAGCTAGGCTGAGGCCATGGTACTTCAGCCTCGGCAACAGAGTGAGAC","GGCCAGATGTGGTGGCTCACACCTGTAATCCTAACACTTTGGGAGACCGAGGTGGGTGGATCACTTGAGGTCAGGAGTTCAAGACCAGCCTGGCCAACATGGTGAAACCCCATCTCTACTAAAAATACAAAAATTTGCTGGGCATGATGGTGGGCGCCAGTAGTTCCAGCTACTCAGGAGGCTGAGGCAGGAGAATCGCTTGAACCCAGGAATCAGAGGTTGCAGTGAGCCAAGATCACGCCATTGCACTGAAGCCTGGGCGACAAGAGCAA"
"GL873521","6822427","6822459","chr1","26448863","26448892","8","19626436","TCAGAGTGAGACTTTATCTCAAAGAAAAAAAAA","TGAGTAAGACCCTGTTTCAAAGAAAAAAAA"
"GL873521","6828199","6828251","chr12","8954703","8954756","17","2126504","GGGAGAGGTAGCTCAGGCCTGTAATTCTAACACTCTGGGAGGGAGGATCCCTT","GGTCAGGTATGGTGGCTCATGCCTGTAATTCTAGTACTTTGGGAGGCTGAGGTC"
"GL873521","6828640","6828791","chr2A","70191250","70191406","45","63362610","CCTTGAGCTCACAAGTTTGAGACCAGCCTGAGCAAGAGCGTGACTATCTCTACTAAAAATAGAAAACTCTGCTAGGTGTTGTGGCAGGTGCCTATAGTTCCAGCTACCTAGGAGGCTGAGGCAAGAGGATCACTTAAGCCCAGCAGTTTGAG","TCACTTGAGCCCAGGAGTTCGAGACCAGCCTGGGCAACATAGTGAGACTCAGTCACTACAAAAATAAACTTGCTGGGTGTGGTGGTGTGCACCTGTAGTTCTAGCTACTCAGGAGGCTGAGGTGGGAGGATCCCTTGAGCCTCGGAGGTGGAGGTTG"
"GL873521","6837142","6837367","chr12","104694083","104694305","59","97856941","GACTGGGTGCTATAGCTCACACCTGTAACCCTAGCACTCTCAGAGGCCAAGGTGGGTGGATTCGCTGAGCTCAGGAGTTCAAGACCAGCCTGAGCAAAATAAGACCCCATCTCTACTAAAAATAGAAAAAGAAAAACCAGCCAGGTGTGGTGCCAGGAGCCTGTAGTTCCAGCTACTCAGAGGCTAAAGTAAGAGGATTATTTGAGCAGTAAGAGTTTGTGGTTTC","GACTGAGTACGGTGGCTCACACCTGTAATCCTAGCATTTTGGGAGGTCAAAGTGGGAGGATGACTTGAGCCCAGGGGTTCAAGACCAGCCTGGGCAACAAAGTGAGACCCTGTCTCCATAAAAATTACAAAAATTAACCAGGCATGGTAGCATGTGCCTGTAGTCCCAGCTACTCGGGAAGCTGAGGCCAGAGGATTGCTTGAGCTTAAGAGGTTGAGGCTGC"
"GL873521","6837616","6837695","chr14","61332116","61332199","24","54494500","GTTTGTGGTTGCTGTGAGCTATGACATCACAGCACTCAACCCCAGGGTGACTACATACAACTCTGTCTCAGAAAAAAAAA","GGTTGAGGCTGCAGTGAGCTGTAATTGTACCACTGCACTCCAACCCAGGTGACACAGTAAGACCCTATCTCAAACAAAACAAAA"
"GL873521","7000001","7000131","chr1","35753661","35753787","41","28753660","ACAGTAATACATACTTGTAGTTCCAGCTTCTAGGCTGAGGCCAGAAGATGGCTTGAGCCCAGGACTTTGAGGTTGCAGTGAGAGATGATGATACCTCTGTACTCTAGCCCAGGTAACAGAGACTCTGTTTC","TTAGCCAGGCATACTAGCTCATGCCTGGAGGCTGAAGCAAGAGGACAGCTTGAGCCCAGGAGTTTGAGGCTGCAGGCAGCTATGATCGCACCATCGCACTCCAGCCTGGGTGACAAGACCCCATCTC"
"GL873521","7000386","7000547","chr6","44662547","44662705","42","37662161","GGGTGTGGTGGCTCTTACCTGTAATCCTAGCACTTTGGGAGGCTGGGGCAGGCAGGAAGATTGTTTGAGGCCAGGAGTTCCAGACCAGGCTTGTCAATATAGTGAGACCCCGTCCCTATAAAAAATAGAAAAATTATCTGGGCCTGGTAATGCATACTTTGG","GGCACAGTGGCTCATGCCTATAATCTCAGCACTTTGGGAGGCCAAGGTGAGAGGATCACTTGAGCCCAGGAGCTACAGACCAGCCTGGGCAACATAGAGAAAACCCATCTCTACAAAAAATACAAAAATTATCTGGGCGTGGTGATGCATGCCTGTTGT"
"GL873521","7034228","7034543","chr6","83628974","83629284","80","76594746","GGCCAGATGCAGTGGCTGACACCTGCAATTCTATAACTTTAGGAAGGTGAGAGAATTGCTTGAGGCCAGGAGTTCCAGACCAGCCTGAACAATATAGTGAGACCCCATTGCTACAAAAATTAGAAAAATTCACTGGGTGTAATGGCCAATGCCTGTATTCCCAGATAATCCAGAGGCTGATGCTGGAAGATTACTTGAGCCCAAGAATTTGAGGTGACAGTGAGCTATGATGACACCAATGCACTCTAGCTTGGGCAATAGAGTGTGACCCTATTTCCAAAAAAAGAAAGAAAGAAAGAAAGAAAAGAAAAGAAAA","GGCAGGGCATGGTGGCTCATACCTGTAATCCCAGCACTTTGGGAGTCCAAAGTGGGTGGATCGCTTGAGTCCAGGAGTTCAAGACCAGCATGGGCAATATGGTGAAACCCTATCTCTACAAAAAAATACAAAAATTAGCTGGGCATGGTGGCATGCACTTGTATCCCAGCTACTCCAGAGGCTGAGGTGGGAGGATTGCTTGAGCCCAGGAGGTTGAGGCTGCAGTGAGCCATGATCACACCACTGCACTGTAGCCTGGGCAGTAGAGCGAGACACTGTCTAAAAAAAAAAAAAAAGAAAAGAAAAGAAAA"
"GL873521","7070010","7070206","chr5","79804250","79804453","53","72734240","GGCCAGGCAAGATGGCTCATGCCTGTAATCCTAGCATTCTGGGTGGCTGAGACAGGCATATTCCCTGAACTCATGAGTTGGAGACAAGTCTGAGCCAGAGTTAGACCTCATCTCTAAAAATAGCCTGGCATTGTGGCATACACCTGTAGTCTCAGCTACTTGGGAGGCTGAGGTGAAAGAATTGCTTAAGCCCAAGA","CAGGCACTGTGGATCACACCTGTAATCCCAGCACTTTTGGAGGCTGAGGCGGGCAGATTGCTTGAGCTCAGGAGTTTGAGACCATCTTGGGCAACCTGGTAGAACCACATCTCTACAAAAAATTAGCCGGGCATCGTGGCACACGCCTGTAGTCGCAGCTATTTGGGGGGCCTCCTGAGGTGAGAGGATTGCTTGAGTCCAGGA"
"GL873521","7070300","7070404","chr10","27497894","27497990","34","20427594","GTAAGCCCAAGATTTTGAGGTTGCTGTGAGCTATAATGCCATAGCACGCTAACTGAAGCAAAGTAACTATGACAAAGTAAGACTCGGTCTCAAGAAAGAGAAAAA","CACTTGAGCCCAGGAGGTTGAGGCTGCAGTGAGCTATCATGCCACCACACTCCAGCCTGAATTACATGGCAAGACCCTGTCTCAAGAAAAAAAAAAA"
"GL873521","7099137","7099314","chr16","419989","420167","56","6679148","GGCTGGGTGCCGCGGCTCACACCTATAATCCTAGCACTCTGAGAGGCCAAGGCAGGTGGATTGCTTGAGCTCAGGCACTTGAGGCCCTCAAATAGAAAAACTAGCCCAGCCTTGTGGTGGGCCCCTGTAGTCCAGCTACTTAGGAGGCTGAGGCATGAGGATCGATTGAGCCCAAGTA","CTGGGCACCGTGGGTCATGCCTGTAATCCCAGCACTTTGGGAGGCTGAGGCAGGAGGATCACTTAAGCCCAGGTGTTCAAAAAACAAACAAAAAAACATTAGCCAGGTGTGGTGGTGCACACCTGTAGTCCCGGCTACTCAGGAGACTGAGGTGGGAGGAGCTCTTAAGACCGAGAGGT"
"GL873521","7099591","7099694","chr5","181790038","181790151","31","174690447","TGAGGCCAAGTATTTGAAGTTGCTGTGAGCTATGATGTGGCGCTCTACCAAGGTTGATAAAGTGAGACTCTGTCTCAAAAACAAACAAACAAACAAAAAAGCAA","TTGCTTGAGCCCAGGAGGTGGAGGTTTCAGTGAGCCAAGATCGTGCCACTGCACTCCAGCCTGGGTGACAAAGTGAGACCCTGTCTCAAAAACAAACTAACAAACAAAAAACAA"
"GL873521","7182117","7182284","chr17","14741482","14741644","46","7559365","AATTAGCCAGGCATCATAGCACATGCCTATAGTCCCAACTATTCAGGAGCCTCAGGGCCAGGAGGATCCCTTGAATATAGGAGTTTGGGGTTACTGTGAGCTATAATGATACCACCCACTGCACTTTAGTCTGGGTGACAGTGAGACCCCGGCTCAGGGGGAAAAAAA","AATTAGCCAGGCATGGTGGCACATGCCTATAGTTCCAGCACTTTGGGAGGCTAAGGCAGGAGGATTGCTTGAGCCCAGGAGTTTGAAGTTACAGTAAGCTATGATCATGCCATTGCACTCTAGCCTGGGCAACAGAGTGAGACCTTGTCTCTAAAAAAAAAAA"
"GL873521","7182549","7182656","chr11","75656969","75657073","28","68474420","AACCCCAGCACTTTGGGAGGCCAAAGCAGGAGGATCATTTGAGGCCTAGGAGTTGGAAAGCAGGCAGAACAAGAGTGAGACTATCTTCATAAAAATACAGAAAAATTA","CCAGCACTTTGGGAGGCCAAGGCAAAAGGATCACTTGAGCCCAGGAGTTTGAACCAACCTAAGCAACAGAGTGAGACCCTGTGTCTACAAAATATTAAAAAATTA"
"GL873521","7224398","7224414","chr1","153358526","153358539","3","146134128","AAAAAAGAAAGTAAAAA","AAAAAAAAAAAAAA"
"GL873521","7224442","7224704","chr16","23925003","23925279","73","16700561","GTGTGATGGCTCATGCCCATAATCCTAGTACTTTGGGAAGCTTAGGCAGGAAGATTGCTGGAGGTCAGGAGTTCAAGACCCACCTGAGCAAGAATGAGACCCCCGTATCTACAAAAAATAGAAACATTAGCTGGGTGTGTTGGTGTATGTCTGCAGTACCAACTACTAGAGAGTTTGAGGCAGGAGGATCGTGTAAGCCCAGGAATTTGAGGTTGCAGTGAGCCACCACTGCACTCTACCCTGGGAGGCAGATCAAGACTGTG","GGCTGAGCGCGGTAGCTCATGCCTATAATCCCAGCACTTTGGGAGGCTGAGGCAGGTGGATTACTTGAGCTCAGGAGTTCGAGACCAACCTGGGCAACACGGTGAAACCCCTTCTCTACAAAAAACACAAGAATTAGCAGGGCATGGTGGTGTGCACCCGAAGTCCCAGCTACTCAAGAGGCTGAGGTGGGAGGATGGCATAAGCCCAGGAAGTGGAGGTTGCAGTGAGCCAAGATCATGCCACTGCACTCCAGCCTGGGTGACAGCAAGACTGTCT"
"GL873521","7244822","7245115","chr16","74165797","74166100","72","66920975","GGCCGGGCTCAGTGGCTCTATAATCCTGGCACTCTGGGAGGTCAAGGTGGGTGGATTGCTTGAGCGCAGGAGTTTGAGACCAGCCTGAGCAAGAGTGAAACCCCGTCTCTAAAAATAGCCAGGTGCTGTGGTGAGCCCCTATAGTCCCAGCTACTCAGGAGGCTGAGGCCAGAGAATCGCTTAAGCCCAGAAGTTGGAGGTTGCTGTGAGCCGTGATACCATAATTCTTTAACAAGGGTGACAGAGTGAGACTCTGTCTCAAAAAAACAAACATACAAACAAAAAAAAAAAAAA","GGCTGGGCACAGTGGCTCATGCTTATAATTCCAGCACTTTGGGAGGCCAAGGTGGGTGGATCACTTGAGCCCAGGAGTTCGAGACCAGCCTGGGCAACATGGTGAAACTCTGTCTCTACAAAAAATTAGCTGGGTGTGGTGGCTCGTGCCTGCAGTCCCAGCTACTCAGGAGGCTGAGGTGAGAGGATCAATGGAGCCCAGGAGGTGGAAGTTGCAGTGAGCCAGATCACACCACTGTACTCTCCAGCCTGGGTGACAGAGCAAGACCCTGTCTCAAAAACAAACAAACAAACAAACAAACAAA"
"GL873521","7391188","7391475","chr8","106723939","106724236","70","99332751","GGCATGGTGGCTCACACCTATAATCCTAGCACTCTGGGAGGACAAGGTGGGAGGATCCCTTGCACTCAGAAGTTCAAGACCAGCCTGAGAGAGAATAGGACCCCATCTCTACTAAAAATAGAAAAATTACCTGGGCATTGTGGTTGGTGCCTGTAGTCCCAGCTTCTTGGGAGGGTGAGGCAGGGGCATCACGTGAGCCCAGGAATTTGAGGTTACAGTTAGCTGTTTTGTCACAGCCATCTACCCAGGGCAACAGAGTGAGACTCTATCTCAAAAAGAAAAAAAGAG","GGTGCTGTGGCTCAAGCCTATAGTCCCAGCACTTTGGGAGGACAAGGTGGGAGGATCACTTGAGCCCAGCAGTTCAAGACCAGCCTGAGCAACATGATAAGACCCCATCTCTACAAAAAATTAGAAAAATTAGCCAGGCATGGTGATGTATGCCTGTGGTCCTAGCTACTTGGGAGGCTGAGGCAGGAGGATCCCTTGAGCCCAGGAGGTCAAGGTTGCAGTGAGCCATGGTTGTACCACTGTACCCCAGCCTGGGTTACACAGTGAGATCCTATCTCAAAAAAAAAAAAAAAAAAAA"
"GL873521","7391570","7391585","chr17","38661961","38661976","2","31270391","GAAAAAAAAAAGAGAA","GAAAAGAAAAAAGAAA"
"GL873521","7411261","7411442","chr4","57296207","57296386","41","49884946","AGAAAGAAAGAAAAAAAATTAGTCAAGAATGGTGGCATGCACCTATATTCCCAGCTACTCAAGAGACTGAAGCAGGAGGATTACTTGAGCTCAGGAGTTGGGGGCTGCAGTAAGCTTTGACTATACTAATGCACTCCAGCCTGGGTGACAGAGCGAGACCCTGTTTCAAAAAAGAAAAAAAA","AAAAAAGAAAAATTAGCCAGGCATGGTGGCATGTGCCTGCAGTCCCAGCTACTCAGGAGACTGAGGTGGGAGGATTGCTTGAGCCAGGGAGATTGGGGCTGCAGTGAGCTGTGATATCATGCCACTGTACTCCAGCCTAGGCCGCAGAGTGAGACCCTGTCTCAAAACAAAAACAAAAAA"
"GL873521","7411723","7411845","chr16","11721596","11721721","28","4309873","GGCTGGGTGCAGTGATCCTAGCCTTTTGGGAGGCTGAGGCAGGAGGACTGATTGAGGCCATGAATTTGAGACCAGCCTGAGCAAGAGTGAGACCTTGTCTCTGCAAAAAATAGGAAAATTAGT","GGCTGGATGCGGTGGCTCATGCCTTTTGGGGAGGCTAAGGCAGGAGGATTGCTGGAGCCCAGGAATTAAAGACCAGCCTGGGCAACATAGTGAGACCTCGTCTCTACAAAATTAAAAATTAAGTTT"
"GL873521","7473204","7473396","chrX","14950093","14950281","51","7476889","CAAAAAAAAAACCTTAGCCAGGTATGGCAGCACAGATTTGTCATCCCAACTACTCAAGAAGCTAAGGTGAGAAGATCACCTGAGCACAGGAGTCTGAGGTTATAGTGAGCTGTGACTGGGCCATTCACTACATTCCAGCCTATGCTATAGAGTAAGACCCTGTCAAAAGAAAAAAAAAGAGAGAGAGAGAAAA","TCAATAAATAAAAATTAGCCAGGCATGGTAGCACATGCCTGTCGTCCCAGTTACTCAGGAGGCTGAGGTGGGAGGCTCACCTGAGCCCAGGCATTGAAGGCTGCAGTGAGCTATGATCACAACACTGCATTCCAGCCTGGGTGACAGAGCAAGACCCTGCCTCAAAATAAAATAAAGAAAGAAAGAAAA"
"GL873521","7473423","7473542","chr14","57739259","57739375","24","50265836","CTGGGCACAGTGTTCATGCCTGTAATTTGAGCACTTTGGGAGGCCAAGGCTAGAGGATCACTTGAGGCCAGGAGTTTGAAACCAGCCTCAGTAACACAGAGAACCCTCATCTCTATTTAA","CTGGGTACATTGGCTCAAGCCAGTAATCCCAGCACTTTGGGAGGCCAAAGCAGGAGGATCACTTGAGGCCAGGAGTTTGAGACCAGCCTGGGTAACATGAGACCCTGTTTCTACAAA"
"GL873521","7573100","7573248","chr5","35112160","35112317","42","27539060","AGCCAGATGTGGTCTATAGTCCACAGCTACTTAGAGGCTGAGGCAAAGGGATCACTTGAGCCCGAGAGTTCAGGGCTGTGGTGCACAATGATCATGTCTGTGAATAGCCACTGCACTTCAGCCTAGGCAACATAGCAAGACCCTATCTC","AGCCTGGTGTAGTGGCACATGCCTATAGTGTCAGCTACTGGAGAGGTTGAGGCAGCAGGATTGCTTGAGTCCAGCAGTTCAAGGCTGTAGTGCACGATGATGGTGCCTGTGAATAGATACTGTGCTTTAGCATGGGCAACACAGCAAGACTCTGTCTG"
"GL873521","7601934","7602029","chr5","155700261","155700353","20","148098327","GGCTGAGCCCAGAGGCTCATGCCTGTAATTCTAGCACTCTGGGAGGCTGAGGCAGGTGGAGTGCTTGAGCTCAGGAGTTAAAAAAATCCAGTTTGA","GGCCGGGCACAGTGGCTCATGCCTATAATCCCAGCACTTTGGGAAGCTGAGGCAGGAGGATTGCTTAAGCCCAGGAGTTCAAGACCAGTCTTG"
"GL873521","7602314","7602531","chr2A","29137649","29137868","57","21535335","GACCAGTGTGAGCAAGGGCAAGACTCTGTCTCTACTAAAAATAGAGAAACTAGCTGAGCATTGTGGTGGGTGCCTAAAGTCTCAGCTGCTCAGGAGGATAAGGCAGGAAGATCTCCTGAGCCCAGGAGTTTGAGGTTGATGTGAGCTATGATGATATCGCATTCTAACCAGGTAACAGAGTGAGGCTTTGTCTCAAAAAAAAAAAAAAAAAAGAAAAA","CAGCCTGGTCAACATAGGGAAACTCTGTCTCTACAAAAAGTTAAAAAATTAGCTGAGCATGGTGGCACATGCCTGTAGTCTCAGCTACTCAGGAGGCTGAGGCAGGAGGGTCACTTGAGCCTGGGAGGCTGAGGCTGCAGTGAGCTGTGATCATGCTATTGCACTCCAGCCTGGGAGACAGAGTGAGATCCTGTCTCCAAAAATAAAAAATAAAAATAAA"
"GL873521","7608283","7608358","chr9","32411376","32411450","22","24803093","AGGCTGAGGAGGAAAGATTACTTGAGCCCCAAAATCTAGCCTTGGTGACATAGTGAAACTCTGTCTAAAAAAAATA","AGGTGGGAAGAGTACTTGAGGCCAGGAATTCAAATCTAGCCTGGGCAACATAGTGAAACCCTGCCTTAAAAAAAA"
"GL873521","7633232","7633420","chr7","4237351","4237553","52","3395881","GTGGTGGCTCATGCCTGTAATCGTAACACTCTGGGAGGCTGAGGTGGGTAGATTGCTTCAGCTTAGGAGTTCGGGACCAACCAAAGCAAGAATGAGACCCCCTCTCTACTAAAAACAGAAAGACTAGCCAGGCATTGTAGCAGGTCCTGTAGTCGCTACTCAGGAGGCTGAAGCAGGAGGATCACTTAA","GGTCAGGCATGGTGGCTCATGCCTGTAATCCCAGCACTTTGGGAGGCCGAGGTGGGCAGATTGCTTGAACTCAGGAGTTGAAGACTAGCCTGGGCAACACGGCAAAACCCCATCTCTACTAAAACTACAAAAACTAACTGGGCATGGTGGCACGCGCCTGTAGTCCCAGCTACTGGGGAGGCTGAGGTAGGAGGATCACTTGA"
"GL873521","7636438","7636492","chr5","38545852","38545906","11","30909414","ATTCAAGCCTGGGTGACAGAGTGAGACACTATCTAAGAACAATAAATAAATAAAA","ATTCCAGCCTGAGTGACAGAGTGAAACCCTGTCTCAAAACAAAAACAAAAACAAA"
"GL873521","7696982","7697091","chr9","129918441","129918551","24","122221459","TAATCCTAGCACTCTGGGAGGCCAAGGTAAGTGGATTGCTTGAGCTCAGGAGTTCAAGAGCAGCCTGAGCAAGAACAAGACCCCAACTCTATTAAAAATAGAAAAAAGCA","TAATTCCAGCACTTTGGGAGACTGAGGCAGGAGGATTGCTTGAGCTCAGGAGTTCGAGACCAGCCTGGGCAACATATTGAGTCCTCATCTCTATTAAAAATTAAAAAAATA"
"GL873521","7697336","7697489","chr7","132712253","132712405","44","125014917","GTAGAAAAAAGGCCAGCTGGGCATAGTGGTACATGCTTGTAGTCCCAGCTACTTGGAGACTAAGGTAAGAGGACTGCTTAAGTCCAAGAGCTTAAGGTTGCTGTGAGCTATGACACCACAGGGTGATAAGAGTGAGACTGTCTCCAAAAAAAAA","GAATTAAATAAAAATTAGCAGGGCATGGTGGCATGTGCCTGTAGTGCCAGCTACTTGGGAGGCTGACGCCAGAGGATTACTTGAGCCCAGGAGTTGGAGGTTACAGTGATCATGCCACTGCATGACAGAGTGAGACCCTGTCTCAAAAAAAAA"
"GL873521","7750582","7750651","chr7","149337669","149337736","11","141587087","GCTGGGTAAGAGTGGCTCATACCTATAATCCCAGCACTTTTGGGAGGCTGAAACAGGAGGATCACTTGAG","GCTGGGCACAGTGGCTCACACCTGTAATCCCAGCACTTTGGGATGCTGAGGCAGGAGGATCATTGGAG"
"GL873521","7784733","7784858","chr3","160952502","160952627","25","153167769","GGCCGGGCATTGATGGCTTCTACCTGTAATCCCAGCACTTTTGGAGGCTGAGGTGGGAGGTTTCATTGAGATCAGGAGTTTGAGACCAACTTGGGCAACAGTGAGACCCTGCCTTAAAAAAAAAAA","GGCCAGGCATGGTGGCTCACACCTGTAATCCCAGCACTTTGGGAAGCTAAGGTGGGAGGATCGCTTGAGCACAGAAATTTGAGACCAGCTTGGGCAACATAGAGATCCTGTCTCTATTAAAAAAAA"
"GL873521","7784884","7785052","chr16","1604263","1604439","38","6180621","AATTAGGCAGGCATGGTGGCACTTGTCCCAGCTACTTGGAAGGCTGAAGGAGGAGGATCACTTGAGCCCAGGAGTTAGAGGTTGCTGTGAGCTTTGATGCCACTGTACTCTAACCTGGGCAACAGAGTGAGATGTGCCTCAAAAACAAACAAACAAACAAAACCAAAAA","AATTAGCCAGGCATGGTGATTGGCACCTGTGGTCCCAGCTACTTGGGAGGCTGAGGCAGGAGGATGAATTGACCCCAGGAGTTTGAGGCTGCAGTGAGCTATGATGGCACCACTGCACTCTAGCCTGGGCGACAGGATGAGATCTGTAAAAAAATAAATAAAAATGAAAATAAAAAA"
"GL873521","7870707","7870997","chrX","70230306","70230599","61","62359599","GCTGGGCACAGCAGCTCACACCTGAAATCCCAGTACCCTGGAAGGGTGAGGATGGAGGATCACTTGTGGTCAGGAGTTCAAAAACAGCCTAAGCAAGAGTGAATCGCCATCTCTATTAAAAATAGAGAAATTAGCCAGGTGTGGTGGCATTTGCCTGTAGTCCCAGCCACTTGGGAGGCTGAGGCAGGAGGATCATTAGAACCCAGAAGGTGGAGGTTGCAATGAGCAGTAATGACACCACTGCACTCCAGCCTGGGTGACAGAGCAAGTCTCTGTTTCAAAAAAAAAAAA","GGCCAGGTACAGTGGCTCACACCTGTAATCCCAGCACACTGGGAGGCAGAGGCGGGCAGATCATTTGAGCTCAGGAGTTCAAGAGCAGCCTGGGCAACATGGTGAAATCCCATCTCTACAAAAAATAGAAAAATTAGCCGAGTGTGGTGGCACTCCTCTGTAGTCCCAGCTACTTGGAAGACTGAGATGGGAGGATCATTTGAGCCCAGGAGGCGGAGGTTGCAGTGAGCTGAGATTGCACCACTGCCCTCCAGCCTGGGCAACAGAGCAGGACCCTATCTCAAAAAAAAAAAA"
"GL873521","8041789","8041920","chr12","80555695","80555826","29","72513906","GTGGTGGCTCATGCGGATTATCCCAGTACTTTGGGGAGGTTGAGGCAGGAGGATTGCTTGAGCCCAGGAATTTGAGACCAGCCTGAGCAACATAGTAAGACTCTATACAAAAAAATAGAAAAATTAGCCTGG","GTGGCTCATGCCTGTAATCCCAACACTTTGGGAGGCTGAAGCAGAAGGATTGCTTGAACCAGGAGTTTGAGACCAGCCTGGGCAACATAGTGAGACTATCTCCACAAAAATAAATAAAAAATTAGCTGGGCA"
"GL873521","8042182","8042375","chr4","7236991","7237179","49","805191","GGTAAAAAAGAAAAAGAAAAATTAGCCAGGAGCACTAGCTTACGGCTTGTAGTCCTAGCTACTCAGGAGGCTGAGGTAGGGGAATTGCTGGAGTCCAGGAGTTTGAAGCCACAGAGAGCAAAGACCACACCACTGTACTCCAGCCTAGGCAATAGAACAAGACCCTGTCTCTGAAAAAAATAAATAAAAATAAA","TAAAAAAAATACTTAAAATTAGCCAGGCGTGGTGGCACACACCTGTGGCCCCAGCTACTCAGGAGGCTGTTGTAGGAGGATCCCTTGAATCCAGGAGGTCAAGGCTGCAGTAAGCCAAGATCACGCCACTGCATTCCAGCCTAGGCAACAGAGCAAGATCCTGTCTCTTAAAAAAAAAAAAAAAAAGAA"
"GL873521","8067082","8067383","chr20","31024244","31024552","81","22957162","GGCCAGGTGTAGAGGCTCACACTTATAAGCCCAGCACCCTGAGAGGCCGAAGTGGGTGAACTGCTTGAGCTCAGGAGTTCAAGAGTAGCCTGAGCAATAGTGAGAGCCGATTTCTACTAAAAACAGAAAACCTAGCCAGGCACTGTGGTGGCGTCTATAGTCCCAGGTACTCGGGAGGCTGAGGCAGGAGGATTGCTCAATCCTAAACTTTGAGGTTGCTGTGGGCAATAATGCCATATCTCTACCCAGGGGAAAAGAATGAGACTCTGTCTAAATAAATAAATAAATAAAATAAAAACAAA","GGCCAGGCACAGTGGCTCACACCTGTAATCCCAGCACTTTGGGAGGCCGAGGTGGTGGACTGCTTGAGCTCAGGAGTTCAAGACCAGTCTGGGCAACATGGCAAAACCTTGTCCCTACAAATAATACAAAAATTAGCCAGGTGCGGTGGCATGTGCCTGTAGTCCCAGCCACTTGGGAGGCTGAAGTGGGAGGATTGCTTGATCCTGGGAGGTAGAGGCTGCAGTGAGCCATAATTGTGCCACTGCACTCCAGCCTGGGCAACAGAGTGAGACCCTATCTCAAAAATAAATAAATAAATATAAAGAAAA"
"GL873521","8204885","8205108","chr10","14099107","14099324","63","5894222","CGAATTCGAAACCAGCCTGAATAAGAGTGAGATCCGTCTCTAATGAAAAGAGAAAAACTAGCAGGTTTTGTGGTGGGTGCCTTTAGTCTCAAGCTACTTGGGAGCCTGAGGCAGGAGGATCACTTAAGCCCAGGAGTTTGAGGTTGCTGTGAGCTATGATAACATTAGGGCATTCTAGCCTGGGAAACCGAGTGAGACTCTGTCTTAGAGAAATAAAAAATAAA","AGACCAGCCTGGGCAACATGACAAGATCCCGTCTCTACAAAAAATACAAAAATTAGCAGCGTGTGGTGGGGTGTGCCTGTAGTCCCAGTTACTTAGGAGGCTGAGGCAGGAAGATCACTTGAGCCCAGGACGGGGAGGTTACAGTGAGCCGTGATCACACCACCACACTCCAGCCTGGGTGACAGAGTGAAACTCTGTCTCTATAACAAACAAACAAA"
"GL873521","8205374","8205463","chr18","31130683","31130770","22","22925309","GCCGGACATGGTGGCTCATGTCCCTCCTGTAACCCTAGCACTCTGGGAGGCTTTGGCCTAAGGATTTGAGCTCAAGAGTTTAAGACCAGG","GGCCAGGCATGGTGGCTCACACCTGTAATCCTAGCACTTTGGGAGGCTAAGACCAGAGGATAATTAAGCTCAGGAGTTCAAGACCAGC"
"GL873521","8530940","8531225","chr4","131255414","131255698","71","122724474","GTCAGGTGTGATGGCTCGTCCTGTAATCCCAACACTCTGGGAGGCTGAGGCTGGTGGTTTGCTTGAGCTCAGGAGTTCTGAGACCATCCTGAGGTAAGAGTGAGACCCCATCTCTACTAAAATTAGAAAAAAAATTACCCAGGTGTAGCGGTGATGCCTGTAGTCCTAGCTACTTGGGAGGCTGAGGCAAGAGGATTGCTCAAGCCTGAGAATTTGAGGTTGCTGTGAGCTATGACTCCATCGCACTCAACCCCAGGGTGACTGAGTGTGATTGTCTGAAAAAGAA","GGCAGGACACGGTGGCTCACACCTGTAATCCCAACACTTTGGGAGGCTGAGGCAGGTGGATCACTTGAGCTCAGGAGTTGAGACCAGCCTGGGCAACATGGTGAAACCCCATCTCTACTAAAAATACAAAAATTAGCCAGGCATGGTTGTGGATGTCTGTGGTCCCAACTACTTGGGGGGCTGAGGCAGCAGGATTGCTTAAGCCTGGTAATTTGAGGCTGCAGTGAGCCATGTTCTTGCCAGTGCTCCAGCCTGGGTGACAAAGCAAGACCCTGTCTCAAAAAA"
"GL873521","9138426","9138710","chr17","16672309","16672598","64","7533883","GGTGGCTCATGTCTGTAATCCGAGCACTCTGGGAGGCTAAAGTGGAAGGATCACTTGAGCTCAGGAGTTTGAGACTAGCCTGAGCAAAAGTGAGAACAATGTCTCTATTAAAAATAGAAAATTAGCCAGGTGTTATGATAGGTGCCTGTAGTCCCAGCTATTCAGGAAGGCCAGGAAGGAGGATCCCTTGAGCTGGGGAGTTTGAGGTTGCTGTGAGCTGTGATGACACCATGGCACTCTACCCATGATGACAGAGTAAGACTGTCTCTAAAGGGAGAAAAAAAA","GTGGCTCACACCTGTAATCTCAGCACTTTGGGAGGCTGAGGCGGGAGGATCACTTGAGCCCAGGAGTTTGAGACCAGCCTGAGCAACATAGTAGGCTCCTGTCTCTACAAAAAAATACAAAAATTAGCTGGTACTGGTGGCATGTGCCTGTAGTCCCAGCTACTCAGGAGGCTAAGGCAGGAGAATCGCTTGAGCCCAGGAGGTTGAGGCTGCTATGAGCTGTGATGGCACCACTGCACTCCAGCCTGGGTGACAGAGTGAGACCTGGTCTCAAAAAGAAAAAAAAAAAA"
"GL873521","9337001","9337128","chr7","153795408","153795531","29","144458407","CTGGGCTCAGTGGCTCATGCTTGCAAGCCCAGCACTCTGGGAGGCCAAGGCAGGTGGATTGCTCGAGTTCAGGAATTTCAGACCAGTCTAAGAAAGAGTGAGAGCCCATCTGTACTAAAAATAGAAAC","CTGGGCACAGTGGCTCACGCCTGTAATCCTAGCACTTTGGGAGTCCAAGGCAGGAGGATGCTTGAGTCCAGGAGTTCAAGACCAGCCTGAGCAATATAGTGAGACCCCCATCTCTACAAAAAAA"
"GL873521","9337149","9337320","chrX","5183862","5184037","43","4153287","TAAAATACTAGCTGGGCATTGCGATGGGTGCCTGTAATTCCAGCTACTCAGGAGGCTGAAGCAAAAGGATCACTTGGGCCCAAGAGTTTGCGGTTGCTGTGAGCTGTGATTACACCACAGCACTCTCCCCAGGCAGAGAGAGACTCTGTCTTTAAAAACAAACAAACAAAAA","ATAAAAATATTAGCTGGGCATGCTGGTACATGCCTGTAGTCCCAGCTACTCAGGAGGCTGAGGCCTGAGGATCACTTGAGCCCAGGAGTTCCAGGTTGCAGTGAGCCGTGATTGCACCATTGCACTCCAGCCTGGGCCACAGGGCTAGACCCTGCTCAAAAGAAAACAAAAAAGAA"
"GL873521","9671716","9671832","chr6","38551166","38551279","31","28879450","GGCTAGGCAGGGAGGCTCAAAACTAAAATTTTAGCACTCTGAGAGCCCAAGGTGGGAGAATTGCTTGACCTCGGGTGTTTGAGACCAGTCTGAGCAAGAGTAACATCACATCTCTAC","GGCTAGGCGTAGGGGCTCAAACCTGTAATTCCAGCACTTTGGGAGGTCAAGGTGGGAGGATTACCTGAGGCCAGGAGTTTGAGACCAGCCTGAGCAACAGTGAGACTTTGTCTC"
"GL873521","9671895","9672063","chrX","24568892","24569057","39","14896997","TAATTAGCCAGGCATAGAGGTGGTATACACCTGTAGTCCCAGCTACTCTGGAGGCTAAGTCAGAAGGACTGGTTGAACCCAGGAGTCTGAGGTTGCTGTGACTAGGCTGATGCCACAGAACTCTAGCCTGATCAACAGAGTGAGACTCTGCCTCAAAATAAAAAAGGAA","AAATTAGCTAGGCATGGTGGCATGCAACTATAGTCCCAACTACTCAGGAGGCTGAGGCCGGAGGATGGTTTGAGCCCAGGAGGTGGAGGTTGCAGTGAGCCAAGATCACACCACTGCACTCCAGCCTGGGCAACAGAGTGAGACCCTGTCTCAAAAAAAAAAAAAA"
"GL873521","9699009","9699116","chr16","57943722","57943822","32","48244713","TCTGAGACACTCGGGAGGCTGAGCCTAGGAGTTTGAGGTGACAGTAAGCTAAGTTGATGTCACTGCATTCCATCCTAGGCAACAAAGCAAGATCTTATCTCTAAAAGA","GGAGGATTGCATGAGCCCAGGAGGTTGAGGCTGCAGTGAGCCAAGATCGTGCCACTGCACGTCAGCCTGGGCAACAAAGCAAGACTCTATCTCAAAAAAAA"
"GL873521","9699330","9699522","chr6","3030697","3030873","65","6668633","GGCTGCATGTGGTGGCTCGTGACTGTAATTTCACCACTTCAAAAGGCTGAGGCAGAGGAGTCACCTGGGGCCCAGAAAGTCACCCTTAAAGTCCAGCCTGAGTAACACAGTGAGACCCAAGATCCCAACTCCACAAAAGAAAAAAGAAGGGAAAGGAAAGAAAAGAAGAGTGGTGTGTGGTGACCTCCTAGAC","GGCCAGGCATGGTGGCTCTCCCCTGTAATCCCAGCACTTTGGGAGGCCAAGGCAGAAGGATCGCTTGAGCCCAGGAGTTTTAAGACCAGCCTGAGCAACACAGAGAGACCAGATCCCACTTCCACAAAAAAAAAAAAAAAATATTTGCCAGGCGTGATGGTGCATGCCTGTAGTCCC"
"GL873521","9879625","9879892","chr2A","20521665","20521953","79","10642040","GGGTGGGCACTGTGGCTCAGGCCTCCTAGCACTCTGGGAGGCCGAGCTGGGTGGATGACTTGAGCTCATGAGTTTGAGACCAGACTGAGCAAGAGCAAGCCCCATTTTTAAAAATAGCCAAGTGTCATGGTGGGCATCTATAGTCCCAGCCAGTTGGCAGGCTGAGGAAGAAGGCTTACTTGAGCTCAAGAGGTAGCTGTGAGCTGTGATGCCATGGCACTCTACCCAGGACAACAAAGTAAGACTGTCTCCAAAAAAAAGAAAAAAA","GGCTGGGCACAGTGGCTCACGCCTGTAATCCCAGCACTGTGGGGAGGTCAAGTTGGGTGGATTGCTTGAGCCCAGGAGTTTGAGACCAGCCTAAGCAATAGGCAAAACCCTGTCTCTACAAAAATCAGCCAGGTATGGTAGTGCGTACCTGTAGTCCCAGCTACTCAGGAGGCTGAGGTGGGAGGATCACTTGAGCCTGGGAGGTGAAGGCTGAAATTAGCCATGATCATGCCACTGCACCCCAAGCCTGGGCAACAGAGCAAGACCTTGTCTCAAAAAAAAAAAAAAA"
"GL873521","10097455","10097754","chr11","114714719","114715027","67","104617264","GGCCTGGGTGTGGTGGCTCACACCTTAATCCTAGCACTCTGGGACGATGAGGCAGGTTTGCTTGACCTCAGGAGTTTGAGAGCAGCCTGAACAAGAGTGAAACTCTGTCTCTACTAAAAACAGAAAAACTAGCCTAGTGTAGTGGTGCACCCCTGTAGTCCCAGCTGCTCAGGAGGCTGAGGCAAGAGGATCACTTGAGCCCAAGAGATTGAGGTTACTGTGAGCTGTGAGGCTGTGTTACTCTACCCAGGGCAAGAGAGTGAAGCCATCTCAAAAAAAAAAAAAAAAAAAAAAAAAAAA","GGCCAGGTGTGGTGGCTCACACCTGTAATCCCAGCACTTTGGGAGGCTGAGACAGGTGGATTGCTTGAGCCTAGGAGTTCGAGACCAGCCTGGCAACATGGCGAAACCTTGTCTCTACAAAAAATACAAAAATTAGCCAAGTGTGGTGGTGCACACCTGTGGTCCAAGCTACTCGAGAGACTGAGGTGGGAGGATTGCTTGAGCCCAGGAGGTTGAGGCTGGGGTGAGTTGAGATCATGCCACTGCATTCCAGCCTGGGCAACAGAGGAAGACCCTGTCTCAAAAAAAAAAAAAAAAAAAAAAAAAAAA"
"GL873521","10225742","10225927","chr15","49930173","49930354","59","39704431","TGGCTTACACCTGTAATCCTAGCACTTTGGGAGGCCACAGCAGATGGCTGCTTGAGCTCAGGAGTTCAAGCCTAGCCTAAGCAAGCCAGAACCATTGCCACTAAAAACAAAAAAAATAGCTGGAGTTGTGGGCACCTGTAGTTAGTTCCAGCTACTTAGGAGGCTGAGGAAAAAGGATGGCTTGAT","GCCTGTAATCCCAGCACTTTGCGAGGCCGAGGCCAGGCAGATCACTTGAGCCCAGCAGTTCAAGACCAGCCTGGGCAACATGGCAAAACTCCTTCTCAACAAAATACATAAAAATTAGCTGGGTGTGGTGGCATGTACTTTCAGTCCCAGCTACTCAGGAGGCTGAAGCAGGAGGATCATTT"
"GL873521","10226192","10226278","chr4","154285033","154285123","27","144058841","GAGGATGGCTTGAGCCCAAGAGTTTGAGGTTGCTATGAACTATGATGTCATGGCACTCTATCCCTGGCCACAGAATCAGACTCTGTC","GGAGGATCACTTGAGCCCAGGTGGTTGAGGCTGCAGTGAGCTGTGTTTATACCACCACACTCCAGCCTGGGCCGCAGAGTGAGACTTTGTC"
"GL873521","10399308","10399475","chr9","96945917","96946089","50","86546609","GGCCAGGTATGGTAGCTCACACCTGTAATCCTTGTACTCTGGGAGGCTTAGGAGCAAAGATCACCTAAGTGTAGGCATCTGAGACCAGTTTGAGCAAGTGAAACCCCATATTTACTAAAATTAGAAAAATTAGCTAAATGTTGTGGCAGGAACCTATCGTCCTAGCTA","GCCGGGTACAGTGGCTCACACCTGTAATCCCAGTACTTTGGAAGGCCAAGGCCAGAGGATTACTTAAGGCCAAGAGTTTGAGACCAGTCTGGGCAACATGGTGAAACCCCATCTGTACAAAAAATACAAAAATTAGCTGGGCATGAGGGCATTTGCCTGTGGTCCTAGCTACT"
"GL873521","10449464","10449583","chrX","134402652","134402771","17","123953188","GGCCAGAGGTGGTAGTTCATGCCTATAATCCCAGCAATTTGGGAGGCTGAGGGGGGAGGATAGCTTGAGGCCAGGAGTTTGACCCCTGCCTAGGCAACATAGTGAGACCCTATCTCTACT","GGCCAGATGTAGTGGCTCATGCCTGTAATCCCAGCACTTTGGGAGGCTGAGGTGGGAGGATCACTTGAGCCCAGGAGTTTGAGACCAGCCTGGGCAACATAGCAAGACCCTGTCTCTACT"
"GL873521","10449618","10449745","chr1","23164480","23164594","46","12714862","CCAACCATAATCGAGCACCTACAGTTCTAGCTACTCCGCAATCTCAGGCAGGGGAAGATTGCTTGAGTCTAGGAGTTCAGGGTAAGCTACTGCCCTTCAGCCTGGGAAACAGAGGAAGACCTTGTCTC","GGCCAGGCACAGTGGTGCCTACCTACAATCCCAGCACTTTGGAAGGCTGAGGCAGGAGGATCGTTTGAGGCCAGGAGTTCAAGATCAGCCTGGGTAACATATCAAGACCTGTCTC"
"GL873521","10796827","10797050","chr7","39187608","39187844","67","28390781","ACTCTGGGAGGCCAAGACAGGTGGATTGCTTAAGCTCAGGAGTTGGAGACCAGCCTAAGCAAGAGTGAGACCTCGTCTCTAAAAATATCTGGGCATTGGTTGGGCACCTGTAGTCCCAGCTACTCAGGAGGCTGAGGCAATAGGATTGCTTGAGCCTAAGGATTCCTGTGAGCTATGATCCCACAGCACTTTACCAAAGGTGACAAAGTGAGACTCTATCTCAA","CACTTTGGGAAGCCAAGGCAGGAGGATTGCTTGAGTGAAGGAGTTCAAGACCAACCTGGGCAAGATTGGGAGAAAAAAATTAAAAATTAGCTGGGCATGGTGGTGCATGCCTGTAGTCTCAGCCACTGGGAAGGCTGAGGCAGGAGGATCGCTTGAGCCTGAGAGATTGAGGCTGCAGTGAGCCTTGATTGTGCCACTGCACTCCAGCTTGGGCAACAGAGTGAGACCCTGTCTCAA"
"GL873521","10797081","10797110","chr4","40399247","40399277","7","29602166","CTGGGTGCAGTGGCTCATAGTTGTAATCCT","GGCTGGGTGCAGTGGCTCACATCTATAATCC"
"GL873521","11204849","11204966","chr7","73480490","73480609","28","62275641","GGCCAGGCATAGTGGCCTCCAAAAATCTTAGGACTTTGGGAGGTAGAGGTAGGAGAACTACTTGAGCCAAGGAATTCAATACTAGCCTGACCACAATAATGAGACCCTACCTCTACCA","GGCCAGGCACAGTGGCTCATGCCTATAATCTCAGTGCTTTGGGAAACTGAGGCAGGAGGATCACTTGAGCCCAGGAGTTCAAGACCAGCCTGGACAGCATAATGAGACTCCACCTCTACA"
"GL873521","11205003","11205140","chrX","7019379","7019524","37","4185624","TAGCCAGGCATGGTGGCACATACCCAAGTCCCAGTTACAGAAGAAGCTGAGGGAAGGGTATCAGGCCCAGAAGTTCAAGGTTGCCATGAGAGATGATCACACCACTGCAGTTCAGCCTGGGCAGCAGAGAGACCCTAT","TAGCCAGGCATGGTGGCACATGCCTGTAGTCCCAGCTACTCAGAAGGCTGAGGTCGGAGGATCTCTTGAGCCCTGGGGTGCAAGGCTGCAGTGAACCATGATCACACCAGTGCACTGCAGCCTGGGCAACACAGCAAAACCCTGTC"
"GL873521","11332611","11332889","chr9","110082691","110082973","78","98750080","GACGGGGAGCCATGGCTTGAGACTGTAATCCTAGTACTCTAGGAGGCCAAGGTGAGTGGATTACTTAAGCTCAGGAGTTAAAGTCCAGGCTGAGCAAGAGTGAGACCCTGTCTCTCCCCCAGATAGGAAAACTAGCCGGACATTGTAGTAGGCACCTGTAGTCCCAGCTTCTGAGGAGGCTGAGGCAAGAGGATTGCCTGAGCCCAACAGTTTGAGGTTGCTGTGAGCTAAAATGCCATGGAACTCTACCCATGGTGATGGAGTAGGATTCTGTCTCAA","GACTGGGCATGGTGGCTCCCAAAGTGTAATCCCAGCACTTTGGGAGGCCAAGGTAGGTGGATTGCTTGAGCCCAGGAGTTTGAGACCAGCCTGGGCAACATGGTAAAACCCTGTCTCTACAAAGAATACAAAAATTAGCTGGGCATGGTTGCATGCACTTGTGGTCCCAGCTACTCAGGAGGCTGAGGTGGGAGGGTCACTTGAGCCCAGGAGATTGAGGCTGCAGTGAGCTGAGATCGTGCCACTGCACTCTAACCTGGGTAATGGAGTGAGACCCTGTCTC"
"GL873521","11332916","11332939","chr22","30701628","30701648","4","19368712","ATAAAACTAAAAAGTAAGAAAAAA","AAAAACTAAAAAGAAAAAGAA"
"GL873521","11407564","11407699","chr17","81073514","81073640","45","69665950","AAAAACTAATGGCTGGGCATAGTATGTGTAGGTAGACTAGGCTACTTAGGAGGTCAAGGCAGAAGAATCACTTGAGCTCATGAATTTGAGGCTAGCATGGGCAATGATACCTCAGGTCTCAATAAAATATAAAAAA","GCCAAGCACAATGGCTCATGCTGGTAATTCTAGTACTTTAGGAGGCCAAGGCAGTAGGATCACTTGAGGCCAGGAGTTTGAGACCAGCGTGGGCCACACAGAGACCCTCCCTGTATAAAAAAAAAAA"
"GL873521","11442747","11442764","chr1","62222108","62222122","3","50779361","CCCATAAAATAAAATAAA","ATAAAATAAAATAAA"
"GL873521","11442802","11443056","chr17","73117863","73118118","82","61675061","GGCTGGGCGTGGTGTTTCATGCATGTAATCCTAATACTTTCAGAGGCTGAGGTGGATGCACTGCCTGAGCTCAGGATTTTAAAGCCAGCCTGAGGAAGAGCAAGACCCCATCTCTAAAAAATAGCTGGGCATTGTGGTGGGTGCTTGTAGTCCCCATTGTGGTGGGTGCTTGTAGGTAGCTCACGAGTTTGAGGATGCTGTGAGCTATGATGCACCACACTTCTTTCTACCCAGGGAGACAAAGCAAGACTCTGT","GGCCGGGCGTGGTGACTCATGCCTGTAATCCCAGCACTTTGGGAGGCCGAGGCGGGTGGATCACCTGAGCTCAGGAGTTCAAGATCACCTTGGGCAATGTAGTGAGACCTCACCTCTACAAAAATGAGCCAGGCATGGTAGTGCATGCTTGTAGTCCTGACTGAGGCAGGAGGATGATGAGCCCAGGAGGCAGAGGCTACAGTGAGCCATGATCGCTCCATCGCACTCTAGCCTGGGTGATGTGACACCCTGTCTC"
"GL873521","11751009","11751243","chr8","26546785","26547018","61","14795776","CAAGACCAGCCTGAGCAAAGCTAAACCCTGTCTCTACTAAAAATAAAAGGATTAGCTAGGTATGGTGGCATATGCCTGTAGTCCCAACTGCTCAGGAGTCTCAGGCAAGAGGATTGCTTGAGCCCATGAGTTAGAGGTTGCTGTGAGCTTTGATGTCATGGCACTCTATCCAGGGCAACTGAGTGAGACTGTCTCAAAATAAATAAATAAATAAATAAGAAAGAAAGAAAGAAAA","CAAAATCAGCCTGGGTCACATGGTAAAACCCCATCTCTACAAAAAATACAAAAATTAGCCAGGTATGGTGGCTTACACCTGTACTTCCCAGCTACTTGGGGGGCTGAGGCGGGAGGATCGCTTGAGCCCAGGAGGTAGAGGTTGCAGTGAGCTGAGATCGCACCACTGCACTCCAGCCTGGGTGACGGAGTGAAACCCTGTCTTAAAAAAAAAAAAAAAAAAAAAAAAAAAGAA"
"GL873521","12019379","12019705","chr16","68023292","68023602","103","56003913","GCTCACACCGATAATCCTAGCTCTGGGAGGCTGAGGGGGCAGGATCTCTTGAGCTCAGGAGTTTGAGACCAGACAGAGCAAGAGTGAGACCTTGTCTGTACTAAAAATTAACCAGGTGTGGTGGAAGGTGCCATCGTCTCAGCTACTCTGGAGGCTGAGGCAGGAGGATCCCTTGAACCCAGGAGGTTGAGGTTGCTGTGAGCCAGGCTAATGCCAAGATCTGGGGCATCAGAGTAAAACTGAGGTTGCTGTGAGCCAGGCTGATTCTAGCCTGGGCAACAGAGTAAGACTCTGTCTCAAAAACAAACAAACAAAAAACAAAAAAAA","CGGTGGCTCACACCTGTAATCCCAGCACTTTGGGAGGCTGAGGTGGGAGGATCACTTGAGCTCAGAAGTTTGAGATCAGCCTGGGCAACATGGCAAAACCTATCTCTAGAAAAAATACAAAAACTAGCCAGAGTGGCACGTGCCTGTTGTCCTAGCTACCCAGGAGGCTGAGGTAGGAGGATCACTTGAACCTGGGGGCAGAGATTGCAGTGAGCCATGATTGTGCCACTGCACTCCAGTCTGGGCAACTCCAGCCTGGGCAACAGAATGAGACTCTGTCTCAAAAATAAAAAAGAAAAGAAAAGGAAAAA"
"GL873521","12059316","12059592","chr5","143468399","143468692","69","131409083","GGCTAGGTGCAGTGGCTCATGCCTGTAATCCCAGCACTCTGGGAGGCTCAGGCAGGTGGATTACTTGAGCTCAGGAGTTGGAGACTAGCCTGAGAAAGAGTGAAACCCATCTCTACTAAAAATAGAAAAACTAACCAGGTGTGTGGTGGTCCCCTATAGTCCCAAATACTGGGGAGACAAGAGAATTGTTTGAGCCCAAGAGACTGAGGTTAGCTGTGATGACTCCATAGCACTCTACCCAAAGTGACAGAGTGAGATTCTGTCTCAAAAAAGGAAA","GGCCAGGCACAGTGGCTCATGCCTGTAATTCTAGCACTTTGGGAGGTCAAGGCAGGCAGATCACTTGAGCTCAGGAGTTCGAGACCGGCCTGGGCAACAGGGTGAAACCCCATCTCTACAAAAAAATACAAAAACTAGCCAGGTGTGGTGAAGTGTGCCTGCAGTCCCAGCTACTCAGGAGGCTGAGGCAGGAGAATTGCTTGAGCCTGGAGGCTGAGGTTGCAGTAAGTCAAGATCATGCCATTGCACTCCAGCCTGGGTGACAGGAGTGAAACCCTGTCTCAAAACAAAGAA"
"GL873521","12087639","12087865","chr4","25649068","25649301","60","13561429","GGCTGGGCTAGGTATACCATGCCTGTAATCCTAGCATCCTTAGAGGCAGAAGCAGGATTCCTTTAGCTCAGGAGATTAAGACCAGCCTGAGCAAGGGTGACACCCCATTTCCATCAAAAATAGAAAAACTAGCTGGGCATAGTGGTGGGCATCTGTAGTCCTAGCTACTCGGGAGGCTGAGGCAAGAGGATCCTTGGAGCCCAGGAGTTTGGGGTTGCTATAAGCCG","GGCCGGGCATGGTAGCTCACGCCTGTAATACCAGCACTTTGGGAGGCTGAGGCGGGCTGATCACTTGAGTCCAGGAGATAGAGACCAGCCTGGGCAACATGGCAAAATCCCATCTCTATAAAAAAAACACAAAAATTAGCTGGGCATGGTGGTGTGCACCTATAGTCCCAGCTACTTGGGAGGCTGAGGCAGGAGAATCTCCTGAGCCCAGGAGGTGGAGGCTGCAGTGAGTCG"
"GL873521","12170072","12170342","chr3","111501569","111501837","73","99331497","GCCAGATGCAGTAGCTTACAGCTATAATCCCAGTACTTTGGAAGGTCAAGGCAAGAGGATTGGTTGAGACCAGGAGTTGAAGACCAGACTGGACAATGTAGTAAAACCCTATCCCTACAAAAAATAGAAAAAATTAGCTGGGTGTCATAGCTCTTGCTTATAGTCCCAGCTACCTGAGAGGCTGAGGGAAGAGGATCACTTGAACCCCTGAGATTGATACCATGGTACTCCACCTTGGGTGACAAAGTGAGACCCTTTCTCAAAAACAAAA","GGCTGGGTGTGATGGCTCACATCTATAATCCCAGCACTTTGGGAGGCCAAGGCAGGTGGACTGTCTGAGACCAGGAGTTTGAGACCAGCCTGGGCAACATGGTGAAACCCTGTCTTGACAAAAAAAATAAAAAATTAGCTGGGAGTGGTGGTGTGCACCTGTAGTCCCAGCTATGCGGGAGGCTGAGATGGGAGGATCGCTTGAGCCCGGCAGGCAGAGGTTCACTCCAGCCTGGGCGACAGAGTGAGACCCTGTCTTAAAAACGAAAA"
"GL873521","12688417","12688615","chr16","83498862","83499063","66","70810445","AAATCAGCCTGAGCAAAAGCAAGATCCAGTCTCTACAAAAAACTAGAAAAATTAGCCAGGCATGGTGATACACTCAGGAGAATGAAACAAGAGGATCACTTGAGCCCCGGGGTTTGATGTTGCACAGTGAGCTATGGCGATGCTGCTGCTCGGATAACAACGCGAGATGAGACCCCGTCTCAAAAACAAACAACAAAAA","ACTAGCCTGGGCAACACAGCAAAACCCCATCGCTACAAAAAATACAAATATTAGCCAGGTGTGATGGTGCATGCCTAGGGAGGCTGAGGTGGGAGGATCACTTGAGTCCAGGGAGGCTGAGGCTGCAGTGAGCTGAGATTATGCCACTGCACTCCAGCCTGAGTGACAGAGTGAGAACCTGTCTCAAGAAAATTAAAAAAAA"
"GL873521","12689719","12689822","chr7","26479088","26479188","21","13789369","GCTGAGTACAGTAGCTCACTTCTTTCATCTCAGCACTATGAGAGGCTGAGTCAGGAGGATCACTTGAGGCCAGGATTTTGAGACAAGCCTGGGGAACATAGTGA","GCTGGGTGCTGTGGCTCACATGTATAATCACAGCACTTTGGGAGGCTGAGGCAGGAGGATCACCTGAGGCCAGGATTTCAAGACCAGCCTGGGCGAAATGG"
"GL873521","12747705","12747831","chrX","118392849","118392966","30","105645144","GCCAAGCATGGTAGCACAAGCTTTGTAGGCCCAATTACTTGGGAGGCTAAGATGGGAGGATCACTTGAGCCCAGGAGTTTGAGGCCAGCCTGAGAAACACTCCAAGACCCTCTTTATTTAAAATATA","GCCAAGCATGGTGGCTCATGCCTGTAATCCCAGTACTTTGGGAGGCTGAGATGGGAGGATAGCTTGAGCCCAGGAGTTTGAGACCAGCCTGGTAACACAGTGAGACCTCATCTCTACA"
"GL873521","12758304","12758462","chr7","65488595","65488751","43","52730291","ACTTAGCTGAATATAGTAGCACAAGCCTGTATTTCCAGCTACTCAGGAGGCTGAGGCAGGAGGATCACTTGGGCTTACAAGTTGGAGGTTGTGGTAAGCTATGATGATGCCACTGCCCTCTGCCCCAGGCAAATGTGATGCCTTGTCTCAACAACAAAA","TTAACTGGGTATAATGACACATGCCTGTAGTCCCAGCTACTAGAAAGGCTGAGGTAGGAGGATTGCTTGAGCCTGAGAGGTTGAGGATGCAGTGAACCATGATCAGGCCACTGCACTCAGCCTAGGCAACACAGTGAGACCCTGTCTCAAGAAAAAA"
"GL873521","12758495","12758600","chr16","15961202","15961315","30","3202707","GTGGCTGGTGCATATAATCCTACCACTTTGGAAGGAGGAGGGAGAATCATTGAAACCAGGAGTTCAAGAACAGCCCAGGCAGGCTATAGTGAAATCTCATCTCTAC","GTGGCTGGGCATGCCTGTAATCCTAGCACTTTGAGAGGCTGCAGCGGAAGGATCGCTTGAGCCCAGGAGTTCAAGAACAGCCTAGGCAACATAGCAAGATCCCTGTCTCTACAA"
"GL873521","12822938","12822952","chr1","210017045","210017059","2","197194107","TAAAACAAAAGAAAA","TAATAAAAAAGAAAA"
"GL873521","12822989","12823283","chr7","75828649","75828941","71","63005660","GGCCAGGCAAGGTGGCTAACTGCTGTAATCTTAGCACTCTAGGAGGCTGAGGCAAGAGAATTCCTTGAGGTCAGGAGTCAGAGACCAGCCTGAGCAAAAATGACACTCCACCTCTATGAAAAATAGAAAACAAAAATTAGCCAGGTGTGATGGCCCATTTCTGTAGTCCCAGCTACTGGGGAGGCTGAGGCAGGAGGATAGCTTGAGCCCAGGAGCTTGAGGTTGCGGTAGCTAGGCAGATGGCTCAGCACTCTTTCTAGCCTGGGCAACAGAGCAACATTCTATCTCAAAAAAT","GGCTAGGCATGGTGGCTCATGCATGTAATCCCAGCACTTTGGGAGGCTGAGGCGGACGGATCACTTGAGGTCAGGAGTTCGAGACCAGCCTGGTCAACATGGTGAAACCCCATCTCTACTAAAAATATAAAAATTAGCCAGGTGTGGTGGCGCATGCCTGTAGTCCCAGCTACTTGGGAGACTGAGGTGGGAGGATCCCTTGAGCCTGGGAGGTTGAGGCTGCAGTGAGCTGTGATGGCACCACTGCACTCCAGCCTGGGCAATAGAGCAAGACCCTGTCTCATAGGAAAAAA"
"GL873521","13041237","13041319","chr5","49472177","49472254","12","36430940","GGCCAGTCATGGTGGCTCATGCCTATAATCCTAGCACTCTGGGAGGCTGAAGCAGGAGGATCACTTGAGCTCAGGAGTTTGAG","GGCCTGGCATGGTGGCTCATGCCTGTAATCCAGCATTTTGGGAGGCTGAGGCAGGAAGATCACTTGAGCTCAGGATTT"
"GL873521","13102109","13102207","chr16","30194624","30194720","25","17092515","TGAGCCCAGGAGTTTGAGGTTGTTGTGAGCTGAGCAGACCACACAGCATTCTAGCTTGGGCAACAGAGTGACATTGTGCTTCAAAAAAAGAAAAAAAAA","TGAGCCCAGGAGTTTGAGACTACAGTGAGCTATGATTACACCACTCCTCTCCAGCATGGGCAACAGAGTGAGACACTATCTCAAAAAAAAAAAAAAA"
"GL873521","13102475","13102686","chr2B","236887995","236888203","46","223785520","GGCCAAGTGTGGTGGCTCATGCTTGTAATCCTAGCACTCTGGGTGGCTGAGGCAGGGGGATCACTTGAGCTCAGGAGTTCAAGACCAGCTTGAGCAAGAGTGAGAACCCATTTCTACTCAAAATAGAAAAAAATTAGACAGGCACTGTGGTGAGTGCCTGTAGTATGAGCTACTTTGGAGGCTGAGATAGGAAGATCACTTGAGCCCAGGAG","GGCTAGGCGCAGTGGCTGAAGCCTGTAATCCTAGCACTTTGGGAGGCCGAGGTGGGCGATCACTTTGGCTCAGGAGTTCGAGACCAGCCTGGGCAATATGGCAAAACCCCATCTCTACACAAAATACAAAAATTACTCAGATGTGGTGGTGAGTGCCTGTAGTCCCAGCTACTTTGGACGCTGAGGTGGGAAGATCACCTGAGCCCAGG"
"GL873521","13327200","13327291","chr3","43397692","43397785","20","30070492","CTATCACTTTAGGAGGTGAGGTGGGAGGATCACTTGAGGCAAGGAGTTCAAGAGCAACCTAGGCAACATAGGAACCCCTCTGTCTCTCCAAA","CCCAGCACTTTGGGAGGCTGAGGTGGGCAGATCTCTCGAGCCCAGGAGTTCAAGACCAGCCTGGGCAACATGGTGAAACCCCGTCTCTACCAAA"
"GL873521","13327700","13327732","chr1","70851001","70851033","8","57523301","GCTGGATATGGAGTCTCACACCTGTAATTCTAT","GCTGGGCATGGTGGCTCATCCCTGTAATTCCCT"
"GL873521","13722076","13722356","chr17","55905881","55906166","74","42183805","GTCTGGCGTGGTGGCTCAAGCCTATAATCCTAGTACTCTGGGAGTCCAAAGTGGGTGGATTGCTTGAGCTCAGTAGTCTGAGACCAGCCTGAGTAAGACCCAGACATCGTATCTACTAAAAATAGAATAAACTACCTGGGCATTGTAGCGGGTGCCTACAGTCCCAGCTACGTGGGAGGTTGAGGCAAGAGGATCACCTGAACCTAGAGAATGAGGTTGCTGTGAGCTATGATGAGGTCAAGGCACTCTACCCAGAGTAACAGAGTGAAATTCTATCTCAA","GGTCAGGCATGGTGGCTCAGGCCTGTAATCCCAGCACTTTGGGAGGCCAAGGTGGGCAGATTGCTTGAGCCCAGGAGTTTGAGATCAGCTTGGGCAACATAGTGAAAACTCATCTCTACAAAAAATTAAAAAAATTAGCTGGGCATTGTGGCACGTAACTGCAGTCCCAGCTACTTGAGAGGCTGAGGTGAGAGGATCACCTGAGGCCGGGAAGTCGAGGCTGCAGTGAGCTGTGATTGGGCCACTGCACTCCATCCTGGGCGACAGAATAAGACCCTGTCTCAAA"
"GL873521","13722635","13722652","chr6","90847853","90847870","1","77125218","AAAAAAAAAAAAAAAAAA","CAAAAAAAAAAAAAAAAA"
"GL873521","13789517","13789832","chr12","121838917","121839229","75","108049400","GCTGGGTGTGGTGGCTCATATCTGTAATGATAGCACTCTGGGAGGTCAAAGCAGGGAGATTACTTGAGCTCAGGAGTTAGAGAGCATCCTGAGAAAGAGTGAGATCCCTATCTATACTAAAAACAGAAAAACTAGCCAGTTGTAGTGGCAGGCACCTGTAGTCCCAGCTACTTTGGGAGTCTGAGACAAGAGGATCTCATAAGCCCAAGAGTTTGAGGTTGCTGTGAGCTGCGATGCCACAGCACTCTACCTGGGGTGACAGAATGAGACTTTGTCTCAAAAAAATAAAAAATAAAATAAAATAAAATTTAAAAAA","GGCTGGGTGTGGTGGCTCATGCCTGTAATCCCAGCACTTTGGGAGGCCAAGTCAGGAGGATTATTTGAGCCTGGGAGTTTGAGACCAGCCTGTGCAACATGGTGAGACCTCATCTCTACAAAACATAAAAAATTAGCCAGGCATGGTGGCATGTGCCTGTAGTCCCAGCTACTTGGGAGGCTGAGGCAGGAGGATCAGTCGAGCCCAGAAGATTGAGGCTACAGTGAACTGTGTTCATGCCACTGCACTCCAGCCTGGGTGACAGAGTGAGACCTTGTCTCCAAAAAAATCAAATAAATAAAAAAATAAAAAA"
"GL873521","13902129","13902272","chr17","73619699","73619842","30","59717570","GGCCAGGCATAGTGGCTCGCACCTATAATCCAGTACTATGGGAGACCAAGGCTGGAGGATCAATTGAAGCCAAGAGTTAAAGACCAACCTGGGCAACATAGAAACACTTCACCTATATAAAAAAAAAAAAAAAGAAAGAAAAAA","GGCCAGGTATGGTGGCTCACACCTGTAATTTCAGCACTTTAGGAGGCTGAGGCAGGAAGATCACTTGAGGCCAGGAGTTCAAGACCAGCCTGGGCAACATGGCAAGGCTTCATTTCCACAAAAAAAAAAAAAAAAAAAAAAAAA"
"GL873521","13902315","13902339","chr7","66627085","66627108","7","52724770","AAAAATTAACCCAGCATGGTGGCGC","AAAAAATTAGCCAGGCATGGTGAC"
"GL873521","13902374","13902499","chr7","68063538","68063660","30","54161164","AGTCCCAGCTACCATAGAGGTTGAGCCAGGAGGATCACTGAAGCCCAGAGCCCAGAAGTTTGAGGTTGCAGTAAGCTATGATCATGCCACTGTACTCTAGTCTAGGTGACAGAAGGAGACCCTGTC","GTAGTCCCAGCTACAAGGGAGGCTGAGGCAGGAGGATGGCTTGAGCCTGGGAAGTTGAGGCTGCAGTAAGCTATGATCATGCCACTGCACTCCAGCCTGGGTGACAGAGTGAGATTCTGCCTC"
"GL873521","14127800","14127881","chr3","123515043","123515137","26","109387243","GGCTAGATATGGTGGCTCATGCCTATCTGGAAAGCTGAGGCAGGAGGATTGCAAGAGGCCAGAAGTTTAATACCAGGCTAAG","GGCCAGGTATGGTGGCTCATGCCTATACTCCCAGCCTTTTGGGAGGCTGAGACAGGAGGACTGCTTGAGGCCAGGAGTTTAAGACCAGCCTGACT"
"GL873521","14128162","14128352","chr4","26023510","26023691","57","11895348","GGGCTGAGAATGAGATCCCATCTTTACAAAAAATTACCCAGGTATAGTGGCATCATCCTAGCTACTTGGGAGGCTGGGGCAGGAGGATTTCTTGGGCCCAGGAGTGTGAGGCTACGCTGAGCTATGATACCACTGCACTTTAGCCTGGATGATACAGCAAGATTTTACCTCAAAAAAAAAAAAAAAAAAAA","GGGTGGGAAAAAATTATCTGGAAATGGTGGCATATGCCAGTGGTCCTAGCTACTTGGGAGACTGAGGCTGGAGGATCACCTGAGCCCAGGAGTTAGAGGCTGCGGTGAATCGTGATCATGCCACTGCACTCTAGGCTGGGCAATAGAGCAAGACCCTATCTCGAAAAAAAAACAACAAAAAA"
"GL873521","14184019","14184216","chr17","61651681","61651883","50","47467662","GGCTGGGCATGGTGGCTCATGCCTGTAACCCTAGCACTCTGTGAGGCCAAGGCAAGTGGATCACCTGAGCTCAGGAGTTTGAGAACAGCCTGAGCAAGAGTGAGACTCCATCTCTAAAAATAGTTGGGCATTTGTGGTGAATGCCTATAGTCTCAGCTACTCAGCTACTTAGGAGGCTGAGGCAAGAGGATTGCTTGA","GGCTGGGTGCAGTGGCTCACGCCTGTAATCCTGGCACCTTGGGAGGCCAAGGTGGGAGGATCACTTGAGCCCAGGAGTTTGAGATCAGCCTGAACAACGTGGTGAAACTCCATCTCTACAAAAAATACAAAAATTAGCTGGGCTTAATGGCATATGCCTGTGGTCCCAGCTACTGAGGAGGCTGAGGTGGGAGGATTGATTGA"
"GL873521","14185943","14186062","chr8","25834967","25835086","23","11649024","GGCAGGGTGCAGTGGCTCACACCTATAATCCCAGCACTCTGGGAAGCTGAGGTGGGAGGATTGCTTTGAGATCAGGAGTTTGAAACTAGCTTGAGCAAAGCAAGACCCATCTCTACTAAA","GGCCAGGTGCAGTGGCTCATGTCTGTAATCCCAGCACTTTGGGAGGCTGAGGTGGGAGGTTTGCTTGAGCCCAGGAGTTTGAGACCAGCCTGGGCAACATAGCAAGACCCTGTCTCTATA"
"GL873521","14186086","14186221","chr14","74199793","74199926","31","60013707","AATTAGAGAGGTGTGATGCCACACACTGTAGTCTCATCTACTTTGGAGGCTGAGGCACAAGGATTACTTGAGCCCAGGAGCATGAGGTTGCTGTGAGCGAGGCTGAGGCCACAGCACTCTAGCCTGGGCAACAGAG","TTAGCCAGGTATGGTGGTGCACACCTGTAGTCCCAGCTACTTGGGAGACTGAGGCAGGAGGATTGCTTGATCCCAGGAGTTGAGGCTGCTAAGAGCTATGATCATGTCACTGCACTCCAGCCTGGGCAACAGAG"
"GL873521","14534133","14534413","chr5","43470606","43470891","71","28936473","GGTAGCTCATGTCTATAACCCTGACACTCTGGGAGGCTAAGGGAGAAACATCCCTTGAGCTCAGGAGTTCAAGACCAGTCTAAGCCAAAAGGGAGATCCATCTTTACCAAAACAGAAAAATTAGCTGGGCATGGTGATGTGTGCCTGTAGTACCAGCTGCTTGGGAGGCTAAGGAAGGAGGATTGTTTGAGCCTAGGAGTTTAAGGTTGCTAAGAGCTAGACTGAGGCCATGGCACAGTAGCCCAGGCAATAGAATGAAACTCTGTCTCAAAAAAAAAAAA","GTGGCTCTTGCCTATAATCCCAGCACTTTGGGAGGCTGAGGAGGGCAGATTGCTTGAGCCCAGGAGTTCAAGACCAGCCTGGGCAACATGGGAAAACCTCGTCTCTACAAAAAACACAAAAATTAGCTGGGCATGGTGGCATGTACCTGTAGTCCTAGCTACTTGGGAGGCTGAGGCAGGAGGACTGCTTGAGCCTCTGGAGGCGGAGGTTGCAGTGAGCTGAGACCGCGCCACTGCACTCCAGCCTGGGTGATAGAACAAGACCCTGTCTCAAAAAAAAAAAAAA"
"GL873521","14534507","14534523","chrX","153619065","153619080","3","139084558","CCCAAAATAAAATAAAA","ACATAATAAAATAAAA"
"GL873521","14646173","14646307","chr1","9156973","9157091","40","5489200","GGATGTAGTAGCTCACACCTGTAATCCCAGCATCATGGGAGGATCACTTGAGGCCAGGAGTTTGAGACTGGCTTGGGCAATATGGTGAGGCCCCATTCTTACAAAATAGGAAAAGAATTAATTGGATATGGTGGC","GGCTGGGTGAGGTGGCCTCACGCCTGTAATCCCAGCACTTTGGGAGGCCAAGGCAGGAGTTTGAGACCAGCCTGGGCAATACAGTGAGACCCCATCTCCAAAAAAAAAATTAGTGGGGC"
"GL873521","14703100","14703421","chr17","68155983","68156305","73","53452883","GGCTGGGCACAGTGGCTCATACCTGTAATCCTAGCACTTTGGGAGGCCAGGAAGGGAAGATAGCTTGAGGCCAGGAGTTTGAGACCAGGATGAGCGAGGTAGCGAGACCCCCCATCTCTATCAAAAATTAAAAAAAAAAAAAAATTAGCTGGGTATAGTGGTGAGGGCCTATCATCCTAGCTACTTAGGAGTAAGACAGGAGGATCACTTGAGCCTAGGAGGTAAGGTTGCAGTGAACTATGATGATGACCCTGCACTCTTGCCTTAGCAAGATGGTGAGACCCTGTCTCAAAACAAACAAACAAACAAACAAACATAAAAA","GGCTGGGCACCGTGGCTGACATCTGTAATCCCAGCACTTTGGGAGGCCAAGGCGGGTGGATCACTTGAGCCCAGGAGCTCGAGACCAGCCTGACCAACATGGCAAAACCCCATCTCTACCAAAAAAAAAAAAAAAATACAAAAAGTTAGCTGGGCATGGTGGAGAGGGCCTGTAGTCCCAACTACTCAGGAGGCTGAGGTGAGAGGATCACCTGAGCCACAGGAGGTCGAGGCTGCAGTGAGCCATGATCACACCATTGCACTCCAGCCTGAGAGAAAGTGAGACCCTGTCTCAAAAAAACAAACAAACAAAAACAGCAAAAA"
"GL873521","14778613","14778888","chr15","42746072","42746354","63","27967459","GGCCCAGCACAGTGGCTCACACCTATAATCCTCGCATTCTAGGAGACTGAGGTGGGAGGATCACTTGAGCTCAGGAATTTGAGATCAGCTTGAGCAATAAGGTGACCCCATCTCTACTAAAAATAGACTAATTAGCCAGGCATTGTGGTGGGCACCTGTGGTCCCAGCTAGTTGAGAGGCTCATGTTGGATTCCTTGAACCCAGGAATTTGAGGCTGCTGTGAGCTGGGCTGATGCCACAGTATTCTAGCCTGGGCAACAGAGTATGACTCTGTCT","GGCCAGGTACAGTGGCTCACACCTGTAATCCCAGCACTTTGGGAGGCCAAGGCAGGAGGATCACTTGAGCCTAGGAATTCAAGACCAGTCAGGGCAATATGGTGAAACTCCATCTCTACAAAAAATACAAAAATCAGCCAGGTGTGGTGGTGTGCGCCTGTGGTCCCAGCTACTTGGGAGGCTGAGATGGAAGGATCACTTGAGCCCAGGAAATGGAGGCTGCAGTGAGCTAAGGCTGTGCCACTGCACTCCAGCCTGGGCAACAGAGTGAGACCCTGTCTCA"
"GL873521","14884261","14884393","chr13","24405237","24405373","27","9520976","GGCTAGGTGTGGTGGCTCATGCCCATAATTCCAGCATTCTGGGAGGCCAATGTGGGAGGATCCCTGGAGGTCAGGAGTTTGAGACCACCCTGAGCAAAGCGAGACCCCATCTTCACTAAAAATAGAAAAATTA","GGCTGGGCATGGAGGCTCATGCCTATAATCCCAGCACTTTGGGAGGCTGAGGTGGGAGGATCGCTTGAGTTCATGAGTTCAAGACCAGCCTGAGCAACACAGTGAGACCTCATCTCTACTAAAAATCAAAAAAATTA"
"GL873521","14884660","14884815","chr1","141772547","141772702","39","126887887","TTAGTTGAATGTGGTGGTGTACACCTGTAGTCCCAGCTACTTGAAAGGCTGAAGAAAGAGGATTGCTTGAGCCCAAGTGCTTGAGGTTGTAGTGAGCTAGGCTGACGCTATGACACTCTGACCCAGGTGATAGAAGAAGACCCTGTCTCAAAAAAA","TTAGCTGGGCATGGTGGCGTGCACCTGTGGTCCCAGCTATTTGAAAGGCTGAGTTGGGAGGATCACTTGAGCCCAGATGGTTGAGGCTGCAGTGAGCCATGATGGCACCACTGCACTTTAGCCTTGGTGACAGAGCAAGGCCCTGTCTGAAAAAAA"
"GL873521","15677856","15678124","chr7","99887814","99888086","73","84209958","TGGCTCATGCCTGTCAACAAAGTACTTTGGTAGATTGAGAAAGGAGGATCTCGTGGACTCAGGAGTTTGAGACCAGCCTGGACGACATGGTAAAAAAACATCTTTAAAAAATTAGCCTAGCATAGTGGTGCACATTGATAATTTCAGCTATTTCGCAGGCTGAAGTGGGAGAACCACTTGTGTTTGGAAGCTCGAGGCTGCAGTGAGCTATGATCTCACACTACACTCCAGCCTGGGTAATATGGTGAGGTCCTGCCTCAAAAACAAAA","GGCTTACACCTGTAATCCCAGTGCTTTGGGAGGCTGAGGCAGGCAGATCACTTGAGCCCTGGAGTTCAAGACCAGCCTGGGCAACATGGTGAAACCCCATCTCTACAAAAAATTAGCCAGGCATGGTGGCTTGCACCTGTAGTCCCAGCTACTCAGGAGGCTGAGGTAGGAGGATTTCATGAGCCTGGAAGGTTGAGGCTGCAGTGAGCTATGATCACACCACTGCACTCCAGTCTGGGTGATAAAGTGAGACCCTGTCTCAAAAAAAAAAAA"
"GL873521","15875728","15875811","chr8","5975319","5975398","26","9900409","CAGTGAGCCGTGGTCTCCCTGTGCATTCCAATGTGAGTGACAGAGAGACCTCCCTCACACTCCCAAAAAAGAAAAAACAAGAAA","GCAGTGAGCCTTGATCGTGCTATTGCACTCTAGCCTTGGTGACAGAGAGAGACCCTATCTCAAAAAAAAAAAAAAAAAAA"
"GL873521","16170363","16170540","chr3","50079465","50079644","47","33909102","AAAAAAAAAAAAAATTACCCAGGTAAGGTGGTAAGGACCTGCAGTCCTAGCTATCTGGGATACGAGGTAGGAGGAGCACTTTGGCCCAGGAATTCCAGGCTATGGTGAACTATGATTACAACTGCACTCTAGCCTGGGCAAAAGAGTAAGAGACTGTCACAAAACACAACAAAACAAA","ACAAAAAGAAAAAACAATTAGCAAGGCCTGGTGGTACACACTTGTAGTCCCAGCTATTTGGGAGGCTGAGGTGGGAGGATCACTTGAGCCCAGGAGTTCAAGGTTACAGTGAGCTATGATCATGCCACTGCACACTAGCCTGGGCATCAGAGAGAGTTCCTGTCTCTAAGAAAAAAAAAA"
"GL873521","16172240","16172374","chr1","29329421","29329551","29","13157181","GGCTGCATGCAGTGCCTCATGTTTGTAATCCCAGCACTTTGGGAGCCAGTGGAGGAGAGGATCACTTGAAGCCAGGAATTTAAGACGGACCTAGCCAACATAATGAGAACTCCTCTATACAAAAAATAATAAAAT","GGCTGGATGCACTGGCTCCTGTCTGTAATCCCAGCACTTTGGGAGGCTGAAACAGGAGGATCCCTTGAAGCCAGGAGTTTAAGATCAGCCTGAGCAACAGAGTGAAACCCTGTCTCTACAAAAAAAAAAAA"
"GL873521","16260421","16260667","chr2A","25887935","25888182","71","9627514","GGATACAGTGGCTCACACCTGTAATCTTAGCAAACACCCTGGGGTGCTAAGGCAGGAGGATCACTTGAGCTCAGGAGATCAAGACCAGCCTGAGGAAGAGTGAAACCCCATTTCTACCACACATAGAAAAATTAGCCAGGTGTCTCTCTCTAGTCCCAGCTACTTGGGAGGCTGAGACAGGAGAATTGCTTAAGCCAGGGAGTTTCAGGTTGCTGTGGCTCAGACCATGGCACTCTAGACTGAGCAA","GGCTGGGCACAGTGGCTCACACCTGTAATCCCAGCACTTTGGGAGGGTGAGGCAGGAGGATCACTTGAGCTCAGGAGTTCGCAACCAGCCTGGGCAATATGGTGAAACCGCATCTCTACAAAAAATACAAAAATTAACCGGGTGTGGTTGTGCATGCCTGTAGTCCCAGCTACTTGGCAGGCTGAGGTGGGAGGATTGCTTGAGCTCAGGAGGTCAAGGCTGCAGTGAGCCATGATTACTCCACTGCA"
"GL873521","16747501","16747629","chr7","102198592","102198722","33","85451091","GCCGGGTATGGTGGCTCACACCTGTAATCCCACCACGTGGGAGGCCAAGGCAAGCAGATTGCCTGAGCTCACAGGTTCAAGACCAGCCTGAGCCAGAGTGAGACTTTGTCTTGGAAAATACCCGGGTGT","GGCTGGGTGTGGTGGCTCACACCTGTAATCCCACCACTGTGGGAGGCTAAGGCAGGCAAATCGCTTGAGCCCAGGAGTTCGAGACCAGCCTAGGCAACGTGGTGAAACTGTCTTTAGAAAATATTAGCCAA"
"GL873521","16747905","16748071","chr1","26355033","26355200","42","9607128","AACTAGGTAGGTGTTGCAGCAGGCGCCTGTAAATCCCAGCTACTTGGGCCAAGGCAAGAGAATCAATCACTTATGCCCAGGAGTTTGAGGTTGCTGTAAGCTATGACGCCCTGGCACTCTACCAAGGGTAACAAAGTCAGATCCTGCCTCAAAAAAAAAAAAAAAAA","AACTAGCTGGGTGTGGCGGCGTGTGCCTGTAGTCCCAGCTACTTGGGAGGCTGAGGCAGGAGGATCACTTGAGCCCAGGAGTTCAAGGCTGCAGTGAGCTAAGATCATACCACTGCACTCCAGCCTGGGTAATAGAGTGAGATCCTGTCTCAAAAAAAAAAAAAAAAA"
"GL873521","16826358","16826516","chrX","96886204","96886345","57","80059846","GGCGCCCTGCCACAAGCTGTAGTCTCCCCTATTTGGGAGGGTGAGGTCGGAGGATCATGTGAGCTCGGCAGTTCAAAGTCACCGGGCACTACAACCTCACCTGGACCAGTCAGGACTGCACGCCAGCCTCCCCAGCGCAGTGAGACTCTGTTTCTAAAA","GGTGCACATCTGTAGTCTCAGTTATTTGGGAAGCTGAGGAGGGAGGATCACTTGAGCCTGGGAGGTCAAGGCGCCAGTGAGCTGTGATTGCACCACTGCACTCCAGCCTGTGCTACAGAGTGAGACTCTGTCTCAAAAAAAA"
"GL873521","16850386","16850705","chr1","224543342","224543654","83","207692956","GCCAGCTGTGGTGGCTCACACCTATAGTCCTCACACTCTGGGAGGCTGAGGAAGGCAGATTCCCTGGAGCTCAGGAGATTGAGACCAGGCTGAGCAAGAACTGAGACTCTGTCTCTACCCCAAACAGAAAAACTTCACTAGGTGTTGCGGTGGGCACCTATAGCCTGAGCTACTTGAGAGGCAGAGGCAGGATGATCACTTGAACTCAGGAGTTTGAGGTTGCTATAGCTGTGCTGATGCCATAGTACTTTAGCCTGGGCAACAGAATGAGACTCTGTCTCAAAATAAATAAATAAATTAATAAATAAAAGAGAAAGAAA","GCCAGGCAGGGTGGCTCACGCCTGTAATCCCAACACTTTGGGAGGCTGAGGCAGGCAGCTTGCTTGAACTCAGGAGTTTGAGACCAGTCTAGGCAACATGGTGAAACCCCATCTCTACAAAAAATACAAAAATTAGCCAGGCGAAGTGGCGTGCCTATAGTCTTAGCTACTTGGGAGGCTGAGGCAGGAGAACTGCTTGAACTGGGGAGGTCGAGGCTGCATGAGCCGAGATCGTGCCACTGCACTCCAGCCTGGATGACAGAGCGAGACCCTGTCTCAAAATAAATAAATGAATAAATAATAAAATAAATAA"
"GL873521","16987716","16987746","chr4","157175852","157175881","5","140188136","GAAGAAAGAAGAAAGAAGAAAGAAGAAAGAA","GAAGAAGAAGAAGAAGAAGAAGAAGAAGAA"
"GL873521","16988099","16988370","chr11","32048157","32048430","73","15060058","GGCCCAGTTCAGTGTCTCACACCTGTAATCCTAGAACTCTGGGAGGTCAAGGAAGGTGGAGTCCTTGAGCTCAGGATTTTCAGATAAGCCTGAGCAAGAGACAGATCCATATCTACTAAACATAGAAAAACTAGCCTGGCATCAGTGTAGTCCCAGCTACTCAGAAGGCTGAGGCAGGAGGATCATTTGAGCCCAAATGTTTGAGTTTGCTGTGAGCTATGATGAATGACACCAGGGCACTCTACCCAGGGCAACAGAGTGAGACTATTTCT","GGCCCACCACAGTGATTCACATCTATAATCCCAGCACTTTGGGAGGCCGAGGTGGGAGAGTAGCTTGAGCCCAGGAGTTTGAGACCAGCCTGAGCAACAGGGCGAGACCCCATCTCTACAAAAAAAATTTAAAAATTAGCCTAGCATGTGCCTGTAGTCCCAGCTACTCAGGAGGCTGAAGCAGGAGGATCACTTGAGCCCAGGAGTTGAAGGCTGCAGTAAGCTATGATCACCCCACTGAGCTCTAGCCAGGGTGACTGAGCAAGACTCTATT"
"GL873521","17153915","17154039","chr7","102370770","102370890","26","85216855","GGCTAGGCACGGTGGTGACTCCTGCTTGTAATCCCAGCACTCTGGGAGGCCTGTGGCAGGTGAATTCCTTGCGCTCAGGAGTTCAAGACTAGCCTGAGTAATAGTGAAACCTCTGTCTCTACTAA","GGCTAGGCACGGTGGCTCATGCCTGTAATCCCAGCACTTTGGGAGACTGAGGTGGGAGAATTGCTTGAAGCTGGGAGTTCAAGACCAGCCTAGGGAACATAGTGAGACCCTGTCTCTTCAA"
"GL873521","17154076","17154241","chr16","21596696","21596868","46","4442620","CTAACCAGACCTGACAGGTGGCTATACTCTCGGCTACTTGGGAGGCTGAGGCAAGAGGATCACTTGATCTCAAGAGTTTGAGGTTGCTATAAGCTATGAGGCCATGACACTCTACCGAGGGCAACAAAGTAAGAGTTTTTCTCAAAAAAAAAACCCAAAACAAAAA","ATTAGTCAGACATGGTGGCATGTGCCTATAGTCCCAGCTACTTGGGAGGCTGAGGCAAGAGAATCATTTGAGCCCAGGAGGTTGAGGCTGCAGTAAGCAGTGATCATGTCACTGCACTCCAGCCTGGGCAACAGAGCAAGACCCTGTCTCAAAAAAAAAAAAAAAAGAAAAAA"
"GL873521","18186068","18186211","chr11","18518855","18518988","40","332787","TAGTCAGGTGCAGTGGTGCATGCCTGCAGTCACAGCTACTCTACTCAGGAGGATGAAGCAGGAGGACCACTGGAGACCAGGAGTTTGAGAATGCTGTAAAATACCATTGAGTCACTGCCTGCCAGCTTCAGTAACAGAATAAGA","TTAGCCAGGTGCAGTGGCGCATGGCTGTAGTCCTGCTTACTCAGGAGGTTGAAGCAGGAGGATCACTTGGGCCCAGGAGTTTGAGGCGGCAGCGAGCCATAATCGTGCCACTGCACTCCAGCTGAGTGACAGAG"
"GL873521","18186242","18186351","chr4","101432127","101432236","31","83245885","CTTGTAATTTCAGCACTTTTGGAAACTGTAGAAGGAAGATTGTTTAAGACCAGGAGTTCCAGAACAATCTGGGCAACACATGTTGACCTTGTACCTACATGAAAAAAAAA","CCTGTAATCCCAGCACTTTGGGAGGCTGAGGCAGGAAGACAGCTTGAGGCCAGGAGTTCCAGACCAGTCTGGGCAATATAGCAAGACCCTCATCTCTTTAAAAAATAAAA"
"GL873521","18231783","18232086","chr11","120552808","120553110","90","102321025","GGCATGGTGGCTCACACCAGCAATCCCAGCGTTTTGGGAAGCCCAAGGAAGAGAATCACTTGAGACCAGCCAGAGGTACATAGACACGTGGTCTACAAGAAATGACAATTAAAACAAATTGCTGGGCATGGTAGCCTGTGACTATAGTCCTGGCAACTCAAGAGGCTGAGTCAGGGGGTTTTTTGAGCCTATGAAGTCTAAGTTGCAGTAAGCTGTGATCATGCCACTATACCCTAGCCTGGGTGACAGAACAAGATTCTGTCTCTAAAAATAAAATAAAATAAAATAATAAAATGAAATAAAA","GCCAAGCATGGTGGTTCATACCTATAATCCCAGAACTTTGAAAGGCCAAGGCGAGAGGAGTTTGAGACCAGCCTGGGCAACATGATGACATGCCGTCTCTACAAAAAAATAAAATAAACAAAAACTAGCTGGGCCTAGTGGCATGTGTCTGTAGTCCTAGCTACTCAGGAGACTGAGGCAGGAGGATCACTTGAGCCTGGGAGGTCAAGGTTGCAGTGAGCTATGATTGTGTCACTGTACTCCAGCCTGGGTGACATAGCAAGAACTGGTCTCAAAAAAAAAAGAAAGAGAGAAAAAAGAAAA"
"GL873521","18672921","18673268","chr5","164510023","164510360","89","145837102","GGCTGGCCATGGTGGCTGAGGCCTGTCATCCTACCACTCTGAGAGGATGAGGAAGGAGGATTGGATTGCTTCAGCTCAGGAGTTCAAGACCAGCCTGAGCAAGAGCAAGACTCAGTCTCTACCAAAAATAGAAAAATTAGACTAGCCAGATGTAATGGCAGATGCCTCTAGTCCCAGCTAGTGGGGAGGCTAAGGCAGGAGGATCACTGAAACCCAGGAGTTTGAGGTGCCTGTGAGTTAGTTTAATACCATGGCAGTCTAGCTTGGGCAACAAAGTGAGACTCTGTCTCAAAACAAACAAAGAAACAAAGAAACAAACAAACAAAAACCCCAAAAATAAAAAAAAAA","GGCTGGGCACAGTGGCTCATGCCTGTAATCCTAGCACTTTGGGAGGCTGAGGCAGGTGGATCGCTTGAGACTGGGAGTTCAAGACCAGCCTGGGCAATATGGCAAAACCCCGTCCCTACAAAAAATACAAACATTAGCCAAGCATGGTGGCACATGCCTGTAGTCCCAGCTACTTGGGAGGCTGAGGCAGGAGGATCATTTGAGCCCGGGATGTGGAGGTTGCAGTAAGCTGAGATTGCATCATTGCACTCCAGCCTGGGCAACAGAGGGAGACCCTGTATCAAATAAATAAATAAATAAATAAATAAATAAATAAATAAAAGAAATAAAAGTAAAAA"
"GL873521","19315680","19315722","chr1","205503465","205503511","11","186187785","CAGTTACTTGGAAGACTGAGGCAAGAGGATCCCTTGAGCTAGG","CCAGCACTTTGGGAGACTGAGGCAGAAGGATCCCTTGAGGCCAGCGG"
"GL873521","19598410","19598508","chr1","6398492","6398584","25","13199918","TATCACTACACCACTATACTCTAGCCTGGGCAACAGATTGAGAACCTGTATCAAAAACAAACAAACAAACAAACAAAACACAATAAAAAATAAATAAAA","GTGATTGCACCAATGCACTCCAGCCTGGGTGACAGAGCGAGACTGTCTCAAAACAAACAAACAAACAAATAAAACAAAAGAAAAGAAAAGCAA"
"GL873521","19777152","19777359","chr4","72787006","72787205","63","53009854","CCTGAGCAACATAGAGAGATCCCATCTCGACAAAAATATTGAAAAAAAAATAGATAAACTTATCAGCTGGGTTTGGTAGCACACAACTGTATCCCCAGCTACCGGGAAGGCTGAAGCAGGAGGAGCCTGACAGATCAAGGCTGCAGTGAGCAGTGATCACATCACTACACTCCAGCCCAGGTGACAAAGCACAATCCTGTCTCAAAAA","CTAGGCAACATGGAAGAACCCCATCTCTACAAAAATTACAAAAACTAGCTGGGCATGGTGGTGTGCGCCTGTATTCCCAGCCACTGGGGAGGCTGAGGTGGGAGGATTGCTTGAGCCTGGAAGATTAAGGCTGAAGTGAGCAGAGATCACACCGCTGCACTCCAGTCTGGGTGACAGAGCAAAACCCTGTCTCAAAAAAA"
"GL873521","19907026","19907166","chr6","12022857","12022993","42","7884169","AGGAAAAATTACCAGGGCATGGTGATGTGCACTTATAGTCCCAGCTCCTGGGAAGGCTGAGTCAGGAGGCCAGGAGTTTGAGGTTATAGTGAGCTATGATGCCACTGCACTCTCTCTGGGTGACATAGTGACATTCTGCCT","TTAAAATTAGCCAGGCATGGTAGCAGGCACCTGTACTCCCAGCTACGGGAGGGTCGCTTGAGCCCAGGAGATCAGGGCTGCAGTGAGCTATGATTGTACCACTGCACTCCAAACTGGGTGACAGAGTGAGACTCTGT"
"GL873521","19907190","19907299","chr3","21509747","21509855","27","1602557","GTGGTGGCTCAGCCTATAATCCTAGCCTTCTGGAGGCCCAGGCGGGAGGATTGCTTAAGGTCAGGATGTTGAGACGAACCTGAGCATGAGTGAGACCCCATCTCTACAAA","GGTGGCTCATGCCTATAATTCTAGCGCTTTTGGAGGCCAAGGGGGGAGGATTACTTGAGCTCAGGAGTTCCAGATCAGCCTGGACAATTTAGTGAGACCTCATCTATAC"
"GL873521","20453341","20453513","chr19","53340691","53340862","44","32887350","AGACAACTAGCCAGGCATTGTGGTGGGCATCTATAGTCCCAGCTACTTGGGAGGCTGAGGCAAGAGGATCACTTGAACCCAATAGTTTGAGGTTGTCATGAGCTATGATGATGTGGCATTCTACTCAGGGTGACAGCGTGAGAGACTCTGTCTCAAACAAATGAACAAAAAAA","ACAAAAATAGCTGGGTGTGGTGGTGCATACTTGTAGTCCCAGCTACTTGGGAGGCTGAGGCAGGAGGATCACTTCAGCCCAGGAGGTTGAGGCTGCAGTGAGCCATGATCATGCCACTGCACTCCAGCCGAGGGGAGAGAGCAAGACTCTGTCTCAAAACAAACAAACAAAA"
"GL873521","20453540","20453662","chr4","5943586","5943706","26","14509954","CAGGCGTGGTTGCTCATGCCTGTAGTCCTAGCACTTCAGGAGGCTGAGGAGGGTAGATTGCTTGAGGTCAGGAGCTGGAGACCAGCCTGAGCAAGAGCGAGACCTTGTCTCTACTAAAAATAG","GGCCATGGTGGCTCATGCCTGTAATCCTAGCACTTCGGGAGGCTGAGGAGGGAGGATTGCTTGAGGCCTGGAGTTTGAGACCAGCCTGGGCAACATAGTGAGACCACGACTCTATTTAAAA"
"GL873521","20821454","20821743","chr8","121327775","121328067","74","100506321","GCCGGGCCCAGATGGCTCAAGCCTGTAATCCTTGCACTTTGGGAGGCCAATGTAGGAGGATCACTTGCGCCTAGGAGTTCCAGGCCAAGCTGTGCAAGGTGAAACACTGTTCCAAAAAATATATATATATGAAAATTAGCCAGTCCTGTTGGTACACATCTGTCGTTCCAACTACTTGGGGGACTGAAGCAGGAGGATCCATGAGTCCAAGATTTGAGGTTGCAATGAGCTGTATTGGAGCTACTACACTGTAGCCAGGGCGACAGGAGGAAAAACTTGTTTTAAAAAAA","GGCTGGGTGCAGTGGCTCATGCCTGTAATCTTAGCACTTTGGGAGGCCAAGGCAGGTGGATCACTTGAGCTTAGGAGTTCAAGACCAGCCTGGGCAACATGGTGAAACCCTGTCTCTACAAAAAATAAAAAAAAATTAGCCAGGCATGGTGGCATACACCTGTAGTCCCAGCTACTTGTGGGGCTGAGGCAGGAGCATCACTTGAACCCAGGAGCTCAAGGCTGCAGTGAGCTGTGATCTTACCACTGCACTCCAGCCTGGGTGACAGAGTAAGACCTTGTCTCAATAAAAAA"
"GL873521","20825224","20825315","chr22","42881883","42881978","27","22056659","AGAGGATCTCTTGAGCCTAAGAGTTTGAGGTTGCTGTGAGTTCTGATACCACAGCGCTCTACACAGGGCGACAGAGTAAGACCCTTTCTTAA","GGCAGGAGGATCGCTTGAGCCTGGGAGGTCAAGGATGCAGTGAGCTGTGATTGCACCACTGCACTCCACCCTGGGCGACAGAGTGAGACCCTGTTT"
"GL873521","20825595","20825767","chr4","156475909","156476099","57","135650314","GCGGTGGCTCACACCTGTAATCCTAACACTCAGGATCGCCTAAGCTCAGGAGGTGGAGACCAGCCTGAGCAAGAGAAACACCTCAACTCTACCAAAAACAGAAAAAGTAGCCTGGGTGGTGGTAGGCATGTGTAGTCCCAGCTACTCGGGAAGCTGAGGCAAGAGGATCTCTT","GGCCAGGCACAGTGGCTCACACCTATAATCCCAGCACTCTGGGAGACTGAGGCAGGAGGAGCCCAGGAATGTGAGACCAGCCTGGCCAACATGGTGAAACCCAGTCTCTACTAAAAATATAAAAATTAGCCTGGTGTGGTGGTGTGCGCCTGTAGTCCCAGCTACTTGGGAGGCTGAGGTGGGAGGATCAC"
"GL873521","21355913","21356066","chr4","158479533","158479684","48","137123620","ATAAAAATTAACTAGCTATGGTGGCATACACTCTTGTCCTAGCTACTTAGGAGGCTGAGGATCATTTGAGGCCAGGAGTTTAAAGCTATAGTGTACTGTGATGATTACGCCTGTGAATAGCCACTGTACTCCAGCCTGGGCAACATAGCAAGAC","AATTAGCTGGGCATGGTGGTGCATACCTGTAGTCCTAGCTACTCAGGAAGCTGAGGCAGGAGGACAGCTTGAGGCCAGGAGGTCAAGGCTGCAATGAACCATGATTGATTACACCTGTAAATAGTCACTGCATTTCAGCCTGGGCAGCATAG"
"GL873521","21623697","21623773","chrX","53329871","53329945","26","31706174","AAATTTAGGCAGGCAAGTTGGCACATGTTTGTAGTCCAAGTTATGTGAGAGGATTCTTTGAGTCCAGAAGTTAAGGC","AATAGCTTGGGCAGGGTGGTGCATGGCTGTAGTCCTGAGATGGGAGGATCCCTTGAGTCCAGGAGCTTGATGCCG"
"GL873521","21623801","21623894","chr3","42032495","42032583","27","20408694","GTAATCTTAGTACTTTGGGAGGCCAGACAGGAGATTCATTTGAGACTGAGTTTAAGATCAGCCTGGACAACATGGCAATATCCCATGTCAACCA","TAATACCAGTATTTTGGGAGGCTGAGGCAGGCGATCACTTGAGCCCAGTTCAAGACCAGCCTGGGCAATATAGCGAAATCCTGTTTCTA"
"GL873521","21714176","21714337","chr12","96671998","96672172","41","74957822","ACTAGGGGGCATTGTGGCAACTGTCATCCTAGCTGCTCAAGAGGCTGAGGCAAGAGGATCACTTCAGCCCATGAGTTTATGGTTGCTGTGAGCTATGACTCCATGGCACTCTAGCCTGGGCAATAGAATGAGACTCTGTCGCAAAAAAAAAGAAAGAAAGAA","AATTAGCTGAGCATGGTGGCAGGCACCTGTAGTCCCAGCTACTTGGGAGGCTGAGGGAGGAGGGTCACTTGAACCCAGGAGTTTGAGGCTGCAATGAGCTATGACTGCATCAGTGCACTCTAGCCTGGGCAGTAGAGTGAGACCCTGTCTCACAAAAAAAAGAAGGAAAGAGAAA"
"GL873521","21714364","21714489","chr15","78802491","78802611","29","57088127","GGCTGGGTACCCTGGCTAGACACCTGTAATTCTAGCACTCCAGGAGGCTGAAACAGGTGGATTTCTTGAGCTCAGGAGTTCAAGACCAGCCTGTCCAAGACCAAGACCACAATTCTGTCTCTACTT","GGCTGGGTACAGTGGCTCACACCTGTAATCCCAGCACTTTGGGAGGTGGAGGCAGGAGGATCACTTGAACTCAGGAGTTCAAGACCAGCCTGGCCAACATGGCGAAACTCCGTCTCTACAA"
"GL873521","21743555","21743631","chr10","20213332","20213405","25","1530223","TATAGGGTGTGGCGGCAAGTGTGTATAGTACTAGCTACTTAAAGAGGTTGAGATGGGAGGATTGCTTGAGCTAAGGA","CCAGGTGTGATGGTGCATGCCTGTGGTCTCAGCTACTTTGGAGGCTGAGGTGGGAGGATTGTTTGAGTGGAGGT"
"GL873521","21743658","21743767","chr10","43292583","43292692","28","21548925","CAATGGTTTGTGCTTGTAATCCAGCACTTTGGGAAACAAAGGAGAAAGGATTAATTGAGACCAGGAGTTCAAAATCAGCCTGGGCAACATAAAGAGACCCTGTCTCTATG","GCGGTGGTTCAGCCTGTAATCCCCGCACTTTGGGAAGCTAAAGCAGGAAAATCACTTGAGCCCAGGAGTTCAAGACCAGCCTGAGCAACATAGTGATACCCCTGTTTCTA"
"GL873521","21994326","21994402","chr3","183523015","183523100","19","161528689","GGCATTGTGACTCACACCTATAATTCTAGCACTTTGGGAGGCTGAGGTGGGAAGACCACGAGCACAGGTTCAAGACC","GACTGGGGGCAGTGGCTCAAACCTGTAATCCTAGCACTTTGGGAGGCTGAGGTGGGAGGACCACCTGAGCTCAGGAGTTCAAGACC"
"GL873521","22568894","22569013","chr7","21219168","21219276","37","1349726","TACGTTGTGGTGGCTAGTCCCAAACTACTCAGCTACTCAGGAGTTTGAGGTTGCAGTAAGCTGTGAGGTTGCATTGCACGACAGATTGTGCAACAGAGCGAGACCCTATCTCGAAAAAAA","GGCTGAGGTGGGATAATCACTTGAGCCCGGAAAGTTGAGGTTGCAGTGAGCCATGACTCGGCACTGCACTCCAGCCTGGGCAACAGAGCCAGACCCTATCTCAAAAAAA"
"GL873521","22569034","22569129","chr15","57106062","57106161","19","34537028","CAGGCATGGTGGCTCACACCTGTAATCATAGCACTTTGGGAGACCAGGAGTTCAAGACCATGCTGGGCAACATGGCGAGACCTTGTCTCTACCAAA","GGCCAGGCATGGTGGCTCACTCCTATAATCACAGCACTTTGGTAGGCCATGAATTCAAGACCAGCCTGGGCAACATAGTGTAACCCTGTCTCTACGAAAA"
"GL873521","23082461","23082581","chr19","17007875","17007987","43","6074586","AAAATACACAGAGTACCCAGGCATGGTGGTGCATGCCTCCAGTCCCAGCTACAGGTGAGACTAAGACTAAAGGATGCCTTCAGCTCAAGACTTTGAAGCTGGCCTAGGCAACAACAAGACC","ACAATGTAGCTATGGCATGGTGGTGCCTGCCTGTTGTCCCAGCTACTTGGGAGGCTGAGATGGGAGGATTGCATGAGCCCAAGAGTTCAAGGCTGCTGTGAGCTACAATCACG"
"GL873521","23326932","23327034","chr1","153330637","153330743","26","130003705","GACTGGGTATGGTGGCATATGCCTGTAAACCCAGCACTCTGGGAGGCTGTGGCGGGTGGACCAGCCTGAGACCAGCTTGAGAAAGAATAAGACTCTGTCTCTA","GGCTGGGTGTGATGGCTCATGCCTGTAATCCTAGCACTTTGGGAGGCTGAGGCAGGTGGATCACTTGAGCCCAGGAGTTTGGGCAACATGACAGAACCCTGTCTCTA"
"GL873521","23327057","23327213","chr6","85247800","85247964","38","61920743","CCAGACATTGTGACACATGCCTATAGTCCTACTTGGGAGGCTGAGGCAAGAGGATGTCTTGTGCCCAAGAGTTTGAGGTTGCTGTGAGCTATGATACCATAGCACTCTAGTGGGGGGCAAGAAAGTGAGACACTGTCTCAAAAAAAAAAAAAAAAAA","CCAGGCATTGTGGCACATGTGTGTAGTCCCAGCTATTTGGGAGGCTGAGGCAGGAGGATCCTTTGAGCCCAGGAGTTTGAGGCTTCAGTGAGCTGTGATTGGACCACTACACTCTGGCCTGGGCAACAGAGAAAGACCCTGTCTCAAAAAGAAAAAGAAAAAGAA"
"GL873521","23553294","23553452","chr8","101101478","101101641","53","77548184","AAAATAAAGTTAGCTAGACACAGCTTTGGGCACCTGCAGTCCCAGTTACTTGGAGGTTGAGGCAAGAGGATTGTTTGAGCCTAGAGGTTTGAGGATATGGTTTGCTGTAGTTCTACCTGTGAGTAGCCACTGTTCTCCAGCCAGGACACCAGCGCAAGA","AAAAAGACACCAAGTAGCCAGGTGTGGTGCTGCAGGCCTGCAGTCCCAGCTACTTGGGAGGCTGAGGCAGGAGGATTGCTTGAACCCAGGAGTTCAAGACTTCAGTATGCCATAATCGCACCTATGAATAGTCACTGCACTCCAGCCTGGGCGACATAACAAAA"
"GL873521","24165831","24166009","chrX","9218405","9218573","51","14947426","GGCCAGGCACAGCAGCTCACACCCATAATCCTAACACTCTGAGAGACCAAGGTGTATAGATTACCTGAGCTCAGGAGTTGGAGACCACCCTGAGCAAGAGTAAGACCCCCATCTCTACAAAAAAAAAAAAAAAATAGAAAAACTAGCCAGGTGTTGTGGTGGGTACTTACAGTGCCAAC","GGCCAGGCGCAGTGCCTCACACCTGTAATCCCAGCACTTTGGGAGGCCGAGGCGGGTGGATCACTTGAGCTCAGGAGTTTGAGACCAGCCTGAGCAACATGGCAAAACCTCACCTCTACAAAAAAAATACAAAAATTAACCAGGCATGGTGGCAGGCACCTGTAGTCTC"
"GL873521","24270646","24270916","chr8","27224878","27225151","68","2954232","GGCCAGGCACGGTGGCTCACACCTGAATCCTAGCTGGCATTCTGGAAGGCCGAGGTGGGTGGATCACCTGACCTCAGGAGTTCAAGACCATCCTGAGCAAGAGTGAGATGAAACCTCATCTCTAAAAATAGCTAGGCATTGTGGTGGGCACCAGTAGTCCCAGCTACTAGGGAGGCTGAAGCAAGAGGATCACTTGAGTCTAAGAGTTAGACGTTGCTGTGAGCAGTGACGCCACAGCACTCTACCCAGGGCAACAAAGTGAGACTGTCTC","GGCCAGGTGCAGTGGCTCACACCTGTAATCCTAGCCCTTAGGAGGCTGAGGTGGGAGGATCACTTGAGCTCAGGAGTTCAAGACCAGCCTGGGCAATATGGTGAAACCCTGTCTCTACGAAAAATTAGCCGGGCATGGTGGCGCATGCCTGTAGTCCCAGCTACTCAGGAGGCTGAGGTGGGAGGATCATTTGAGCCCAGGAGGCGGAAGTTGCAGTGAGCCAAGATTGCACCACCGTACTCCAGCCTGGGCAACAAGTGAGATCCTGTCTCAA"
"GL873521","24618820","24618994","chr8","68458893","68459071","47","43840073","TCCTAGCACTCTGGGGGGCCGAGGTGGTAGGATCACTTGAACTAGAGTTCAAGACCACCCTGAACAAAAATCACACCCTGTCTGTACTAAAAATAGAAAAATTAGCCAGGCATTATAGTGCATGCCTGTAGTCCCAGCTACCTGGTAGGCTGAGGCAGATCCTCTAGCCCAGGGG","CCCAGCACTTTGGGAGGCTGAGATGGGTGGATCACTTGAGCCCAGGAGTTCAAGACCAGCCTGGGCAACATGACGAAACTCTGTCTTTACAAAAAATACAAAAATGAACCAGGCATGGTGGTGCATGCCTGTAGACCCAGTACTTGGGAGGCTGAGGTGGGAGGATCCCTTGATCCTGA"
"GL873521","24626746","24626855","chr1","205148842","205148953","29","180522096","AAAGAATGACAAAAATTCAGATATGGTGGTATGCACCTATAGTCAGTCACAGCTACTGGGGAGGCTGAGGTGGGAGGCTTTCTTGAGCCCAGGAGGTTGAGTCTAGCAAT","AAAAAGTACAAAGAATTAGCCAGGTGTGGTGGTGCGTGCCTATAGTTCCAGCTACTTGGGAGGCTGAGGTGGGAGGATTGCTTGAGTCCAGGAGTTGGAGGCTGCAGTGAAA"
"GL873521","24781755","24782037","chr5","139301937","139302217","85","114520182","GACCAGGTGTGGTGGCTCACACCTATTAGCCTAGCACTCTTGGCAGCTGAGGCAGGAGGATTCACTCAGAACTTCAAGAGTTAAACCCATGCCTCTACTAAAAATAAGAAAAAAATCAGTCCAGAGTATCATGGTGGGCACTTGCAGTCCCAGCTACTCGCAATGCTGAGGAAGAAGGATAGCTTGAGCCTAGGAGTTTGAGGTTGCTGTAGGCTGGATTTTTGTCATGGCATGCTAGTCTTGGCAACAGAGTGAGACTCTGGGGGAAAAAAAAAAGGAAAAA","GGCTGGGTGCGGTGGCTCACACCTGTAATCCCAGCACTTTGGGAAGCTGAGGCCAGAGGATGGCTTGAGCTCAGGAGTTTGAGTTGAAACCCTGTCTCTACAAAAAATACAAAAATTAGCTGGGTGTGGTGGTGCACACCTGTGGTCCCAGCTACTTGGAAGTGTGGGGTGGGAGGATTGGTTGAGCCCAGGAGGTTGAGGCTGCAGTGAGCCATGATCGTGCCACTGTACTCCCGCCTGGGTGACAGAATGAGACCCTGTCTCAAAAAAAAAAAAAAAAA"
"GL873521","24969692","24969970","chr5","91805199","91805483","78","66835507","GGCTGGATGCAGTGGCTCACACCTATAAACCTAGCACTCTGGAAGGCCACAGTGGGAGAATGGCTCGAGTTCAGGATTTTGAGAGTAGCCTGAGCAAGAGCAAGACCACATCTCTACTAAAAATATAAAAATTAGCAGGAAGTCTTGCTGAATGCATCATCTCAACTGCTCTGGAGGATGAGGCAAGAGGATTGCTTGAACTCAAGAGTTGAGGTTGTGGTGAGCGAGACTGAATCCATAGCACTCTACCCCAGGCAACAGAGCAAGACTTTGTTGAAA","GACTGGGTGCAATGGTTCACATCTGTAATCCCAGCACTTTGGGAGGCCAAGGTGGGAGGATGGCTTGAGCCCAGAAGTTCAAGACCAGCCTGAGCTACATGGCAAAACCCTGTCTCTACAAAAAATGTAAAAATGAGCCAGGCATGGTGGTGCATGCCTATGGTCCCAGCTACTCAGGAGGCTGAGGCAGGAGGATCGCACTAATCTAGGAGATGGAGGCTGCAGTAAGCCGAGATTGAGTCATTGCACTCCAGCCTGGGCGAAAGAGCCAGACTCTGTCTCAAA"
"GL873521","24970004","24970019","chr3","153804291","153804307","1","128834287","AAAACAAAACAAAAAA","CAAAACAAAACAAAAAA"
"GL873521","25391954","25392209","chr7","3491054","3491312","81","21900900","CCTAGTGCAGTGGCTCACACCTGTAATCCTGGAGGCTGAAGCAGATGGATTGCTTTGAGTTCCTGCCTAAATAAAAGTGGGAATCTACTATAGCAAAATTAGCTGGGCGTTATGGTGGGTACTTGTGGTCCCAGCTACTCAGGACGCTGAGGCAGGAGGATTGCTTGAACCAAGGAATTTGAGGTTGTTATGAGCTATGATGATGCCATGGCACTCTACCCAGGCCACAGAGTAAGATTTGGTCTCCAAAAAAAAA","GGCCAGGTGCGGTAGCTCACATCTGCAATCCCAGCACTTTGGGAGGCTGAAGCTAGAGGATCACTTGAGTCTTGTCTCTACAAAAAAAATCAAAAAATTAGCCAGGGCATGGTGGTGCATGCCTGTAGTCCCAGCTACTCGGGAGGCTGAGGCAGGAGGATCACTTGAGCCCAGGAGGTTGAGGCTGCAGTGAGCTGTGACTGTACCACTGCACTCCAACCTGGGCAACAGAGTGAGACCCTGTCTCAAAAAATAATAA"
"GL873521","25453333","25453646","chr22","29946204","29946503","77","4492871","GCCGGGTACAGAGGTGCATTTACCTGTAATCCTAGCACTTTGGGAGGGTAGGGTAGGAGGATGGCTTGGGGCCAGTAGTTCAAGACCAGCCTGAACAATCTAGTGTGACCTCGTCTCCACAAAATATAGAAAAATTAGCCAGGCATGGTGGTGGGCACTTGTATTCTCAGCTTCTCAGGAAGCTGAGGCAGGAGGATCTTTTGAGGCTGGAAGGTTGAGGTTGCATTGTTGAGATTGCACTGAGCTGTGATGACACCACTGCACTCTAGCCCTGGCAACAGAGTGAGATCCTAATTTAAAAAAAAAAAAAAAAA","GCTGGGCGTGGTGGCTCCTTCCTGTAATCCCAGCACTTTGGGAGGCCAAGGCTGGAGGATCACCTGAGTCCAGGAGTTTAAGACCAGCCTGGGCAACATAGGGAGACCCTGTCTCTACAAAAAATAAAAAATTAGCCAGGCATGGTGGTGTGCACCTGTAGTCCCAGCTACTCAGGAGGCTGAGGCAGGAGGATCTCTTGAGCCTGGGAGGTCAGACTACAGTGAGCAATGATTGTGCCACTGCACTCCAGCCTGGGTGACAGAGTAAGACTCTGTCTCTTAAAAAAAAAAAAAAAAAAA"
"GL873521","25473197","25473312","chr11","64318421","64318538","25","38845224","GGGCATGGTAACTCACTCCTATAATCCCAGCAGTTTGAGAGGCCAAGGCTGGAGGATCACTTAAGGCTAGGAGTTCATGACTGGTCAGGGCAACATAGTAAGACTTATTCTCTACA","CCAGGCATGGTGGCTCACACCTATAATCCCAGCACTTTGGAAGGCCAAGGCGGGAGGATCCCTTGAGGCCAGGAGTTTGAGACCAGCCTGGGCAACATAGCAAGACTCCGTCTCCACA"
"GL873521","25473339","25473487","chr1","35894728","35894879","40","10421389","AAGAATTAGCTAGGCATAGTGGTGCGCAGCTGTAGTTCCAAGTACTTGGGAGGTTAAAGACCATGTGAGCGCAGGAGTTCAAGGCTACAGTGAGCTGTGATCATGCCACTGCACTCTGGCCTGGGTGACAGAGTCTGTGTCATAAAAAA","AAAAATTAGCCAGGCATGGTGGCACATGCCTGTGGTCCCAGATACTTGGGAGGCTGAAGTGGGAGGATCACTTGAGCCCAGGAGATCAAGGCTGCAATGAGCCATGATCATGCCACTGCACTCCAGCCTGGGCAACCCTGTCTTTAAAAAAA"
"GL873521","25493130","25493293","chr4","75562087","75562252","41","50068957","CTTAGAGTTGTGGTGGGCTCCTGTACTCCCAGCTACCCAGGAGGTGAGGCTGAGGCAGGTGGATCACTTGAACCCAGGTATGTGAGGTTGCTGAGAGCTAGGATGACACACAGCACTCTAGCCTGGTGACAGAGTGAGTCTATGTCTCTAAATAAATAAATAAA","TTAGCTGGGTGTGGTGGCATGCACCTGTAGTCCCAGCTACTTAGGAGGCTGAGGCAAGAGGATCACTTTAGCCCAGGAGGTGGAGGTTGCAGTGAGCTGAAATCATACCACTGCACTCCAGCCAGGGTGACAGAGTGAGACCTTGTCTCAAAAATAAATAAATAAA"
"GL873521","25493320","25493467","chr9","31337596","31337743","33","5844276","GACTGGGCTTGGTGGCTCATGCCTGTAATCCTAGCATTCTGGGAAGCTGAGGCAGGAGAATCACTTGAGGTCAGGAGTTCAAGACCAGACTGAGCAAGAGTGAGATCTTGCCTCTACTAAAAAAATATATATTTTTAAAAAATAATGC","GCTGGGTGTGGTGGCTCACACCTGTAATCCTAGTGATTCAGGAGGCTGAGGCAGAAGGATCACTTGAGGTCAGGAGTTTGAGAGCAGACTGAGCAACAGAGTGAGACCCCCTCTCTAAGAAAAAAATATTAAAAAAAAAAACAACCGC"
"GL873521","25793453","25793728","chr15","82250472","82250741","88","56457019","CAGGTATGGTGGCTCACACCTGTAATCCCAGCACTTCGGGAGGCCAGGAGGTGGGGGAGAGGCTCTCTTGAAGCCAGGAGTTCCTGACCAGCCAAGCAACAGGCGAAACCTTATCTCTACAAAATATTAAAGAAAAAAGGAAATTAGCCAGGTATAGCAGTAGACATCCATAATTCCAGATACTGTCGTGGCTAGGACAGGAAGATCACCTGTGATTGTGCCACTGCATCCCAACTTGCCAAAAAAGCAAGATGCTGTCTCTATAAAAGAAAACTA","GCCGGGCACGGTGGCTTATGCCTGTAATCCCAGCACTTTGGGAGGCCGAGGCAGGAGAATCGCTTGAGCCCGGGAGTTTGAGACCAGCCTGGGCAACATGGTGAAACCAAGTCTCTACAAAAAAATACAAAAAAATTAGCCAGGTGTCGTGGTGCACGTCTGTAGTCCCAGCCACTCCTGGGAGGTCGAGGCTGCAGTGAGCTGTGATCGTGCCACTGCACTCCAGCCTGGGGAACAGAGTGAGACCCCGTCTCAAAAAATAAAAAAAAA"
"GL873521","25946379","25946540","chr16","48668108","48668267","54","22721729","GTTGAGGCAGGATTTCTTGAGGCTGGGAGTTGGAGACCAGCCTGAAAAACATGTTGATACCATTGCTACAGAAATTAGAAGAGTTAGCTGGGTATAGTGGTGCATCCCTGTAGTTCCAACTACTAGGGATGCTGAGGCAGGAGGGTCACGTAAGCCCAGGAG","GTGGGAGGATTTCTTGATCCCAGGGGTTCAAGACCAACCTGGGCAACATAGTGAGACCCTGTGTATACTGAACAAAAACAATTTTTCAGGCATGGTGGCACACACCTGTAGTCCGAGCTATTCGAGAAGCTGAGATGGGAGGATCCCTTGAGCCCGGGAG"
"GL873521","25955927","25956105","chr3","43378154","43378339","50","17422227","AAAAAATAGAAAAATTAGCCATGTGCAGTGGCATGTGCCTATAGTTCCACCACTGTAGGGGCTGAGGTAGGAGGATCCCTTAAGACCAGGACTTTGAGATTGCTGTGAGTTATGACATCACTGCTGTCTGGTTGGGTGACAAAGGGAGACTTTGCCTCAAAAAAGGGAAGAAAGAAAAA","AAAAATACAAAAATTAGCCGGGCATGTTGGCATGTGCCTGTGGTCCCAGCTACTCCAGAGGCTGAGGTGGGAGGATCACTGGAGCCCGGGAAGTTGAGGCTGCAGTGAGCTGTGATCACACCACTGCACTCCAGCCTGGGTGACAGAGTGAGACCCTGTCTCAAAAAAAAAAAAAAAAAAAAAAAA"
"GL873521","26298260","26298339","chr4","95794331","95794409","18","69496071","GGCTGGGTGCATCAGCTTATGCCTGTAATCCCAGTACTTTAGGAGGTTGAGGTAAGAGGATCACTTAAGAACAGGAATCC","GGCTAGGTGCAGTGGCTTACACCTGTAATCCCAGCACTTTGGGAGGCCGAGGCAGGAGGATCACTTGAGCCCAGGAGTT"
"GL873521","26307582","26307851","chr5","152032216","152032514","85","125724634","GCTGGGCATAGTGGCTCACACCTACACTCTTAGAGGCCAGGGCAGATGAATTATTTGAGCTTGGGAGACCAGACTGAGCATGAGTGAGATCCTGTTCCTACTAAAAATAGAAAAATTAATTGGGTGTTGTGCCTGTAGTCCCAGCTACTTGGAAGGCTGAGGCAAGAGGATCACTTGAGCCCAAAAGACTGAAGTTCTAATGCCAAACATGCTACTCAGAGGGACAGAATGAGACTCTGTCTCAAAAATAAATAAATAAATAAATAAATA","GGCTGGGCACAGTGACTCACACCTATAATCCCAGCACTTTGTGAGGCTGAGGCAGGCAGATTATTTGAGCCCCTGAGGTCAAGACCATCCTGGGCAACATGGCAAAACCTCATCTCTACAAAAAATACAAAAATTAGTTGGGTGTGGTGGCATACGCCTATAGTCCCAGCTCCTCAGGAGGCTGAGGTAGGAGGATGGTTTGAGCCCAGGAGATGGAGGTTGATCATGCCACTGCTCTCCAGACTGGGCAACAGAATGAGACTCTGTCTCACAAAAAATGAAACAGAATAAAATAAAAA"
"GL873521","26951040","26951317","chr17","16672309","16672598","75","10278731","TGGCTTACACCTGTAATCCTAGCACTCTGAGAGGAGTGAGGCAGATTGCTTGAGCTTAGGAGTTTAAGACCAGCCTGAGCAAGAAAGATCCCATTTTTACTAAAATAGAAAACTAGCCAGGGGTGGTGGCCTATGTCTGTAGTCCCAGCTACTCGGTAGGCTAAGGCAAGAGGATTGCTCAAACCCAAGAGTTTGAGATTGCTGTGAGTTCTGGTGCCATGACACTCTATCCAGGGTAACAGAGTGAGACTTTGTCTAAAAAAGAAATAAAATAGGTG","GTGGCTCACACCTGTAATCTCAGCACTTTGGGAGGCTGAGGCGGGAGGATCACTTGAGCCCAGGAGTTTGAGACCAGCCTGAGCAACATAGTAGGCTCCTGTCTCTACAAAAAAATACAAAAATTAGCTGGTACTGGTGGCATGTGCCTGTAGTCCCAGCTACTCAGGAGGCTAAGGCAGGAGAATCGCTTGAGCCCAGGAGGTTGAGGCTGCTATGAGCTGTGATGGCACCACTGCACTCCAGCCTGGGTGACAGAGTGAGACCTGGTCTCAAAAAGAAAAAAAAAAAA"
"GL873521","26951542","26951557","chr3","53948633","53948648","1","26997091","AAAAGAAAGAAAGAAA","GAAAGAAAGAAAGAAA"
"GL873521","27061553","27061681","chr3","122788793","122788920","26","95727240","GGCCACGCACAGTGGCTCATGCCTTTAATCCTAGCTTTCTGTGGAGGCCAAAGCAAATGGATCACTTGAACTCAGGAGTTCAAGACCAGCCTGAGCAAGAGCAAGACCCCATCTCTACTAAAAATAGAA","GGCCAGGCACTGTGGCTCATGCCTGCAATCCCAGCACTTTGGGAGGCCAAGGCAAGAGGATTGTTTGAGCCCAGGAATTCAAGACCAGCCTGGGCAACTCAGGAAGACCCCATCTCTACAAAAAACAA"
"GL873521","27061706","27061860","chr8","96136998","96137163","44","69075292","TAGCTTGGCATTGTGGTAGGCACTGGCAGTCCCAGTTACTTCGGAGGCTAAAACAAGAAGGATTGCTTGAATCCAGTGAGGTTGCTGTGAGCTATAATGTCATGGCACTTCTCCCCAGGGCAACAGAATGAGACTATCTCAAAAAAACAAATAAA","TTTAGCTGGGAAGGTTGGCACGCACCTGCAGTCCCAGCTACTTGGGAGGCTGAGACTGGAGGATTGCTTGAGCCCGAGAGGTCGAGGTGGCAGTGAGCCATAATCACACCACTGTACTCCAGCCTGGGTAACAGAATGAGACTCTGTCTCAAAACAAACAAACAAA"
"GL873521","27073730","27073910","chr1","68095575","68095737","50","41021845","GAGCAGCCTGAGCAGCTAGGGTACTGCTCCCTGCCTCTAGTCCCAGCTACTTGAGGGGCTAAGGCAGGAGGATTGTTTGAGCCCAGGAGCCCAGGAGTTTGAGATTGATGTGAACTAGGCTGATGCCATGGCACTCTAAACTGGGCAACAGAGTAAGACTCTATCTTAAAAAAACAAAAAA","TTAGCCCTGCATGGTGGCACATGCCTGTAGTCCCAGCTATTTGGGAGGCTAAGGCAGGGGGATGGTTGGAGCCCAGGAGGCAGAGGTTGCAGTAAGCTGAGACTGAGCCATTGCACTGCAGCCTGGGTGACAGAGTGAGACTCTGTCTCAAAAAAAAAAAAAA"
"GL873521","27074182","27074275","chr19","50666183","50666279","26","23592001","GCTGGGTACTGTGGCTCAAGCATGTAATCATAGCACTCTTGAGGCCAAAGTTTGGAGGATCCCTGAAGCTCCAGAGTTTAAATGCAGCTTGAGT","GGCTGGGCTCTGTGGCTCATGCCTGTAATCCCAGCACTTTGGGAGGCCGAAGTGGGAGGATCACTTGAGTCCAGCAGTTTGAGAGCAGCCTGGGCAA"
"GL873521","27115551","27115853","chrX","48006439","48006741","74","20890888","GGCCAGGTGTGGTGGCTCCTGTAATCCTATCACTATGGGAGGCCAAGGTGGGTGGATTGCTTGAGCTCAGGAGTTGGAGACTAGCCTAGGCAAGAGTGAGATCCCGTATCTACTAAATAGAAAAACTAACCAGGTTCCAGGTGCCTGTAGTCCCAGATTCTTGGGAGGCTGAGGCAAGAGGATCACTTAAGGTCAGGAGTTTAAGGTTGCTGTGAGCTATGATGTCATAGCACTCTACCCAGGGTGACAGAGTGAGACTCTATCTCAAACAAACAAACAAACAAAACAAAAACAACAAAAAAA","GGCTGGGCTCAGTGGCTCACGCCTGTAATTCCAGCACTTTGGGAGGCCAAGGTGGGCGGACTGCTTGAGCTCAGGAGTTCGAGACCAGCCTGGGAAACATGGCGAAACCCCATCTCTTAAAAAAAAAAAATTATCTGGGTGGCAGGAGCCTGTAGTCCCAGCTACTTGGGAGGCTGAGGTAGGAGGATCACCTGAGCCCGGGAGGTCAAGGCTGCAGTGAGCCATGATCGTGCCACTGCACTCCATCCTGGGTGACAGAGTGAGACCCTGTCTAAAAAAAAAAAGAAAAAAGAAAAAAAGAAA"
"GL873521","3621655","3621735","chr19","38588582","38588671","29","34966927","AAACCCCCCAGAAAATTAGCTGTAGTCCAGCTACTTGGGAGGGTGAGGCAGGATTGCTTGAACTCAGGAGGCTGAGGTTGC","TTAGCCAGGTGTGGTTGTGCACGCCAGTAGTCCTAGCTACTCAGGAGGCTGAGGCAGGAGGATTGCTTGAGCCCAGGAGTTTGAGGCTGC"
"GL873521","3642385","3642519","chr4","190118736","190118870","25","186476351","GGCTGGGTGAGGTGGCTCACACCTGTAATCCCAGCACTCTGGGAGGCCAACAGGGATGGAGCACCTGAGCTCAGGAGCTTGTGCCCAGCTTGAGCAAGAGTGAGACCTCATCTCTGTTAAAAACAGAAAAAAAAA","GGCTGGGTGCAGTGGCTCACACCTGTAATCCCAGCACTTTGGGAGGCCAAGGTGGGAGGATCACTTGAGCTCAGGAATTCGAGACCAGCCTGGGCAACATAATGAGACTGCATCTCTGTAAAAAAAAAAAAAAAA"
"GL873521","3642815","3642983","chr6","117522072","117522244","43","113879257","AAAAAAACTAGCCAGGCATTGTGGCGAGTGCCTGTAGTCCCAGCTACTCGGGAGGCGGAGGCAAGAGGAGTGCTTAATCCCAAGAGTTTGAGGTTGCTGTAAGCTATGACACTCATTCTACTCAGGGTAACAAAGTGAGACTCTGTCTCAAAAGGAAAAAAGAAAGAGA","TAAAAAAATTAGCCAGATGTGGTGGCATGTGCCTGTAGTTCCAGCTACTCGGGAGGCTGAGGCAGGAGGATTGCTTGAGCTCAGGAGTTCGAGGCTGCAGTGAGCTATAATTGTGCCACTGCACTCTAGCCTGGGTGACACAGTGAGACCTTGTCTTTAAAAAAAAAAAAAAA"
"GL873521","3668981","3669096","chr1","92774326","92774442","25","89105345","GGCTAGGCTCAGTGGCTCATGCCTATAATCCTAGCACTCTGGGAGGCTGAGACAGGTGGAGTGCCTACGTTCAGAAGTTTGAGACCAACCTGGGGAAGAGTGAGACCCTTGTCTCT","GGCCAGGCGCAGTGGCTCACACCTGTAATTCTAGCACTCTGGGAGGCAGAGGCAGGCAGACTGCTTGAGCTCAGGAGTTCGAGACTACCCTGGGCCACACAGTGAGACTTTGTCTCT"
"GL873521","3669118","3669287","chr19","44556029","44556196","40","40886911","GCCTAGCCATGCATTATGGTGGGCACCTGTAATCCCAGCTACTTGAGTGGCTGAGACAGGAGGATTGCTTGGGCCCAGGTGTTTGAAATTGTCGTGAGCTATGACAACACTATAGCACTCAACCCAGGGCACAGAGTGAGACCCTGTCTCAAAAAAAATAATAAATAAAA","TTAGCTGGGCACGGTGGTGTGCACCTATACTCCCAGCTACTCTGGAGGCTGAGACAGGAGGATTGCTTGAGCCCAGGAGTTCAAGACTGCAGTGAGCTAGGATCGCACCATTGCACTCCAGCCTGGGCAACAGAGTGAGGCCCTGTCTCTAATAATAGTAAAAAAAAA"
"GL873521","3669631","3669737","chrX","25092369","25092466","29","21422738","GGTTAGGCATGGTGGCTTACACATGTAATCCCAGCACTTTCAGAGGCTGAAGTAGGAGGATCTCTCAAGAGACCATCAGAGGGAGACCCTGTCCTTATAAATAATTA","GGGTGTGGCGGCTCAAACCTGTAATCCCAGCACTCTGTGAGGCTGAGGCAGGAGGATCGCCTGGGCAATATAGTGAAACCCTGTCTGTATTAATAATA"
"GL873521","3670024","3670183","chr1","26355033","26355200","40","22685009","TTGGTTGGGTGTGGTAGCACTTGCCAATAGTCTTAGCTACTTGGGAGGCTGAGGCAGGAGGATCCCTTGAGCCCAGGAGTTCAAAGTTGTAGTGAGCTGTAGTAGGGCCACTATAGGGTAAAAGAGTAAAATCCTGTCTCAAAAAAAAAAAAAAAAAAAA","AACTAGCTGGGTGTGGCGGCGTGTGCCTGTAGTCCCAGCTACTTGGGAGGCTGAGGCAGGAGGATCACTTGAGCCCAGGAGTTCAAGGCTGCAGTGAGCTAAGATCATACCACTGCACTCCAGCCTGGGTAATAGAGTGAGATCCTGTCTCAAAAAAAAAAAAAAAAA"
"GL873521","3713060","3713213","chr16","52591348","52591478","53","48878288","ACTAAAATTGTAAAGCCTAAGCTGGGTGTCATGGTGCACACCTGGAGATCCAGCTCCTCGGAGGCAGAGACAGGAGGATCTCTTGAACCCCAAAATTTGAACACAGTGCGACAACATAATGAGACCCACCTCTTACAAAAAATTACAAAGACTA","GCTGAGTGTGGTGGTGTGTGCCTATAATTCCAGCTACTCAGGAGGCTGAGGCAGGAGGATCACTTGAGCCCAGGAGTTTGAGACCAGCCTGGGCAACACAGTGAGACCCCATCTCAAAAAATTAAACATTA"
"GL873521","3858021","3858181","chr15","40727742","40727900","45","36869721","GGAAAAATTAGCTCAGCATTGTGGTGGGTGCCAATAGTCCTAGTTACTGGGGGGGTGGAGGGTTGAGGCAGGAGCTTGAGCTCAGGAGTTTGAGGTTGCTGCGAGCAAGGCTCATGCCATGGCACACTAGCCTGGACAACAGAGTGAGAGTCTGTCTCAAA","TTTAAAAATTAGCCAGGCATGGTGGTGACCACCTGTAGTCCTAGCTATTCAGGAGGCTGAGGCAGAAAGATTGCCTGAGCTCAGGAGTTTGAGGTTACAGAGAACTCTGATCATGCCACTGCACTGCAGCCTGGGCAACAGAGTGAGACTCTGTCTCAA"
"GL873521","3858456","3858567","chr17","26390105","26390216","27","22531649","GGTTGGATGCAGTGACTCACGTTTATAATCCTAGCACTCTGGGGAGCAGAGGCAGGAGGATCCCTTGAGCTTAGGAGCAAGACCCCATCTCTACTAAAAAATGGAAAAATTA","GGCCGGATGCAGTGGCTCACGCCTGTAATCCCAGCACTTTGGGAGATGGAGGTGGGAGGATCGCTTGAGGCTAGGGGTTCGAGACCACATCTTTACAAAAAATTTAAAATTA"
"GL873521","3958462","3958555","chr3","156881552","156881648","15","152923090","GGCCAAGTGTGGTGGCTCACGCCTGTAATCCCAGCACTCTGGGAGGCTGAGGCAGAGAATCACTGGAGCGCAAGAGTTTGAGACTAGCTTGAGC","GGCCAGTTGTGGTGGCTCACACCTGTAATCCTAGCACTCTGGGAGGCTGAGGCTGGAGGATCACTTGAGCTCAGGAGTTTGAGACCAGCCTGGGCAA"
"GL873521","4004289","4004415","chr2A","53135817","53135938","36","49131528","GCCGGGCGCGGTGGCTGACACCTGTAACCGAGCACTTTGGGAGGCATCTGTAGGAGGATCGCTTGAGGCCAGGGATTGGAGACCTCCCGCCCTACAAATGATTTTAAAATAAACTGCTTATGCTGGG","GCCAGGTACAGTGGCTGACATCTGTAATCCCAGCACTTTGGGAGGCTGAAGTGGGAGGATCACTTGAGGCCTGGAGCTTGAGACCAGCCTTGTCAACATAGTGAGATTAAAAAATTAGCTGG"
"GL873521","4004664","4004811","chr5","141173286","141173416","45","137168622","CTGCTTATGCTGGAGGACCCTCACCCCACCCCACCCCCACACACACCTTGTGCTCCTGACTTGGAGACTGCAGTGAACTATGATCAGGCCGCTGCCCTCCAGCGTGAGCGACAGAGCATGACCCTGTCAAAAAAAAAAAAAAAAAAAA","CTACTTGGGAGGCTGACCCACGAGAATCACTTGAACCTGGGAGGTAGGCTGCAGTGAGCTAAGATCACACCACTGCACTCCAGCCTGGGCAACAGAGCAAGACTCTGTCTCAAAAAAAAAAAAAAAAAAAA"
"GL873521","4367979","4368038","chr4","148843957","148844014","16","144475978","GGGCCCGGATAATGGCTCTAATCCCAGCTACTTGGGAGGCTGGGGCAGAAGGATCGCTTG","GCAATGGTACATGCCTATAATCCCAGCCCTTTGGGAGGCTGAGGCAGGAGGATCACTT"
"GL873521","4416492","4416644","chr15","38442496","38442652","39","34026004","GACAAAAATTAGATGGGCGTGGGGCTGTAGTTCCAACTACTCTGGAGGCTGAGGCAGGAGGGTTGCTTCAGCCCAGGAGTTTGCGGTTGTAGTGAGCTATAATGATTCCACTGCACTATAGCATGGTGACAGAGTAAGACTGTATCTCAAAAA","TTAGCCAGATATGGTGGTGCATGCCTGTAGTCCCAGTTACTTGGGAGGCTGAGGCGGGAGGATTGCTTGAGCCCAGGAGTTTGAGGCTGTGGTGAGCTATGATTGTGCCACTGCACTCCAGCATGGGTAACAGAGCAAGACCCTATCTCTTTAAAAA"
"GL873521","4416915","4417046","chr12","122239412","122239544","30","117822497","GCCTGGTACAGTGGCTCACAGCTGTAATTCTACCACTCTGGCAGACTGAGGCAGGAGTATAGCTTGAGGTCAGGAGTTAGAGAGCAGCCTGAGCAAAAGTGAGACCCTCTATTAAAAATAGAAGAATTAGGG","GGCTGAGCACGGTGGCTCATACCTGTAATCCTAGCACTTTGGGAGGCTGAGGCGGGAGGATTGCTTGAGGCCAGGAGTTTGAGACCAGCCTGGGCAACATAGTGAGACCCCATCTCTAAAAAAAAAAAAATTA"
"GL873521","4508052","4508216","chr1","180937305","180937458","45","176429253","CGCCAAAATAGCCACGTATGGTTGTGTGCACCTATAGTCCCAGCTATTTCAGAGGCGGAGACCATAAGACCACTTGCACCCAGGAATTTGAGGATACAGCAAGCTGTGATCATGCCACTGCACTCCACTCCAAGCCACAGACTGAGGCCTTGTCTCTTAAAAAAA","GCAAGCCAGGTGTGGTGGCATTTGCCTATAGTCCCAGCTATGTCAAAGGCTGAGACAAAAGTATCACTTGAACCCAAGAGTTAGAGGTTACAGTGAGCTATGATCGCACCACTGCACTCCAGCCTAGGCAACAGAATGAGACCCTGTCTCTAAA"
"GL873521","4508241","4508340","chr4","142826785","142826889","25","138318544","CCAGGTGCCATGGCTTATGCCTGTAATCCCAGGGCTCAGCTTGAGGCAGATGATCACTTGAAGCCAGGAGTTCGAGACCAGCCTGGGTAACACAGTGAGA","GGCCAGGTGTGGTGGCTCATGCCTTTAATACCAGGGCTTTGGGAGGCTGAGGCAGGACGATCACTTGAGGCCAGGTGTTTAAGACCAGCCTGGGCAACATAGGGA"
"GL873521","4585645","4585775","chr1","22024766","22024901","32","17439121","GCTGGGCAAGGTGGCTCACGCCTGTAATCCGAGCACTCGGGGAGTCCAATAGGGGTGGATTGCCTGAGCTCAAGTTCAAGACCAACCCAAGCAAGAGTAAGACCCCATCTCTACTAAAAATAGAAAAAACA","GCCAGGTGAGGTAGCTCACGCCTGTAATCCCAGCACTTTGGGAGGCCAAGGTGGGTGGATCAACTGAGGTCAGGAGTTCAAGACCAGCCTGGCCAATATGGTAAAACCCCATCTCTACAAAAAATACAAAAATTAT"
"GL873521","4586039","4586216","chr5","162553581","162553768","45","157967542","TAATAGAAAAACTAGCCACTGGTAGGCACCCATAGTCCCAGCTACTTGGGAGACTTAGGCAAGAGAATCACTTAGCCCAAGAGTTTGAGGTTGCTGTGAGCTATGATGCCATAGCACTCTACCCACAGTGCCAGAGTGAGATTCTGTCTCAAAACAAAAAAAGAAAGAAAGAAAGAAA","AATTTAAAAATAGCCAAGTATAGTGGCATGCCTCTGTATTCCTAGCTACTTAGGAGACTGAGGCAGGAGGATCACTTGAGCCCAAGTGTGTGAGGCTGCAGTGAGCCATGATCCAGCCACTGCACTCGAGCCTGGAAGACAGAGTGAGATACTGTCTCAAAAAAAAGAAAGAAACGAAAAGAAAGAAA"
"GL873521","4615177","4615298","chr12","11845861","11845982","46","7230684","AAATATAATGAGTAGCTGGGTGTGGAGGCACGTACTTCTACACCCAGCTACATAGAAACTGTGTAGCAGGCAGGAAGATAGTTTAATTAATATAGTGAGAACCCCATTTCAAAAAGAAAGAA","AATACAAGGAAGCCAGGTGTGGTGGCATGCACCTACAGCCCGAGCTACTCGGGAAGCTTTGAACTGGAGACAAGCCTGGGCAACATAGTGAAACCCCATCTCCCTCTAAAAACAAGGAAAGA"
"GL873521","4639212","4639298","chr17","29760224","29760310","16","25121012","GGCCTGGCACAGTGGCTCATACCTATAATCCTAGCACTCTGGGAGGTGAGGTGGGGAGGATCCTTTGAGCTTAAGAGTTTGAGATCA","GGCCATGGGCAGTTGCTCACACCTATAATCCCAGCACTTTGGGAGACTGAGGTGGGAGGATCGCTTGAGCACAGGAGTTTGAGACCA"
"GL873521","4757227","4757326","chr1","32811419","32811520","26","28054192","TAAAATAAATAAATCAGCTGGCAGTGTGGTAGGCAACTGTAGCCCCAGCTACCCAGGGCTGTGGCAGGAAGGTGACTTGAGCCCAGTAGTTTGAGGTTGC","ATTAAATTAAATGGAGCCGGGCGTGGTGGTATGCACCTGTTGTCCCAGCTACTCAGGAGGCCAAGGCAGGAGGATCACTTGAGCCCAGGAGTTTGAGGATGC"
"GL873521","4757600","4757715","chrX","124471265","124471386","33","119713665","GGCTGAGCAGTGTGGCTCACGCCTGTAATCCTAGTGCTTTGGGAGGCTGAGGTGGAGTGAATTCCAGACCTGCCTGAACAAGAGAGTTTTTGTCTCTACTAAAAATATAAAAATCA","GGCTGGACACCGTGACTCACGCCTGTAATCCCAGCACTTTAGGAGGCTGAGGCAGGAGGATTGCTCAAGACTAGCCTGGCCAACATGGTGAAACCCCGTCTCCACTAAAAATACAAAAATTA"
"GL873521","4833908","4834183","chr20","5619662","5619943","68","785754","GGCCAGTGCAGTGGCTCATGCTGTAATCCCAGCCCTCTGGGAGGCTGAGGCAGGCGGATCCCCTGAGCTCAGTGGTTGGAGACCAGCCTGAGCAAAAGTGCAACCCCGGCTCTACTAAAAATAGAAAAAACATTAGCTGGGCTGGGTGGCAGCTGCCTATAGTTACAGCTAATAGGAAGGCTGAGACAGGAGGATGGTTTGAGCTCAGGAGGTTGGGGTTAAGATATGGTGACACCACTGCATGCTACCTGGGGCACAGAGCAAGACTCTTGTCTC","GGCCAGGTGCAGGGGCTGACACCTGTAGTCCCAGCACTTTGGGAGGCTGAGGCAGGAAGATCACTTAAGCCCAGGAGTTCGAGACCAGCCTGCGCAACATGGTGAAAACCCGACTCTACAAAAAATACAAAAACTAGCCAGGCATGGTGGTGCCTGCCTGTAGTCCTAGCTACTCAGAAGGCTGAGATGGGAGGATTGCTTGAGCCCAGGAGGTTGAGGTTGCAGTGAGCTGAGATGACACCGCTGCATTCCAGCTTGGGTGCCAGAGCAAGACCCTCTCTC"
"GL873521","4857882","4858053","chr13","48157593","48157767","59","43299711","GACCAACCAGAGTAAGAATAAGACCCCTGTCTCTACAAAAAAATGCCAAAATTAGCCAGGCATAGTGGCATGCACCTATAGTCCCAGCTACTATAGTTTTGAGGTTGCTGTGAGCTATGACGATGACATTGCACTCTACCCCAGGCAACACAGCAAGGCTCTGTCTCCAAAA","CCAGCCTGGACAACATAGGGAGACCCTGTCTCTACAAAAAAATTTTCAGAAAATTAGCTGGGCACCATGGCGCATTCCTATAGTCCCAGCTACTCAGGAGGCTGCAGTGAGCCATGATTGTGCCACTGTGCTCCAGCACGGGTGACAGAGCAAGACCCTGTCTCTTAAAAAAAAA"
"GL873521","4858329","4858418","chr2B","246546136","246546224","17","241687807","CAGGAGCAGGGGCTCACACCTATAATCCTAGCACTCTAGAAGGCCAAGGCTGGAGGATTACTTGAGGCCAGAAGTTCATGACCAGCCAGT","CCAGGTGCTGTGGCTCATGCCTGTAATCCCAGCACTTTGAGAGGCCTAGGCAGGAGGATTACTTGAGGCCAGAAGCTCAAGACCAGCCT"
"GL873521","4904065","4904344","chr20","3250028","3250308","77","1654037","GGCCAGGCATGGCGGCTCAGCCTATAATCTGGGAGGCCAAGGCTCAAGGAGTTTGAGACCTGCCTGAGCAAGAGCAAGACCCTGTCTCTACTAAAAATAGAAAAAACAGCCAGGTGTTGTGGCAGGCACCTGTAGGCCCAGCTACTTGAGAAACTGAGGCAGGAGGACTGCATGAGCTCAGGAGTTTGAAGTTGCTGTGAGCTAAGAAGCCACAGCATTCTAGTCTGTAGCAACAGAGTGAAACTGTCTCAAAAACAGAACAAAACAAAACAAAACAAAA","GGCCAGGTGCAGTGGCTCACACCTATAATCCTAGCACTTCAAGGCCAAGTTCGAGACCAGCCTGGGCAACATGGCAAAACCCTGTCTCTACAAAAAAAAAATAAAAATTAGCCAGGCATGGTGGCGCTCACCTGTAGCCCCAGCTTCTTGTGGGGCTGAGGCAGGAGGATTGTTTGAGCCTGGGAGACAGAGGTTGCAGTGAACCTATATCATGCCACTGCACTCCAGCCTGGGTGACAGAGTGAAACCCTGTCAAAAAAAAAAAAAAAAAAGAAAGAAAA"
"GL873521","5548943","5549231","chr4","172002891","172003185","72","166453948","GACTGGGCACAATGGCTCACGCCTATAATCCTAGCACTCTGGAAGGCCAAGGTGGGTGGATTACTTGAGCTCACAGGTTTGGGACCATCCTGAGCAAGAGTAAAACCTCATCTCTAAAAATAGCCCGGCATTGTGGTGGGTACCTTGTAGTCCCAGCTAGTTGGGAGGCTGAGGCAAGAGAATCTCTTGAGCCTAAGACTTTGAGGTTGCTGTAAGCTGTGATGCCATGGTACTCTACCGAGGGTGACATAGTAAGACTCTATCTCCAAAAAAAAGAAAGGAAAAAGAA","GGCCAGGCACAGTGGCTCATGCCTATAATCCCAGCAATTTGGGAGGCCAAGGTGGGAGGATCACTTGAGCCCAGGAGTTGGAGACCAGCCTGGGCAACATGGCAAAACTCCATCTCTACAAAAAATAGAAGCCAGGTGTGGTGGTGTGCATCTGTAGTCCCAGCTACTTGGGAGGCTGAGGTGGGAGAATCGCCTGAGCCTGGGAGGTGGAGGTTGCAGTGAGCCAAGATCATGCCACTGCACTCTAGCCTGGGTGTCAGAGTGACAACTTGTCTCAAAAAAAAAAAAAAAAGAA"
"GL873521","5616768","5616899","chr1","134480867","134480991","29","128864099","GTGGCTCTCTCCTGTAATCCCAGCACTTTGGGAGGCCAGGGGAGAGGATTGCTTAAGGCCAGGTATTTGAAACCAGCCTGGGCAACACAGAGAGATATGCCCATCTCTACCAAAAGAAAAAAATTGCTAGGA","GTGGCTCATGCCTGTAATCCCAGCACTTTGGGAGGCCAAGGAGTGAGGATTGCTTAAGTCCAGGAGTTCAAGAACAGCCTGGGAAACATAGTAAGATCCTGTCTCTACAAAAAATAAAAAATTGT"
"GL873521","5617203","5617331","chr3","201848039","201848154","42","196230836","TTAAAAGTTTGCTGGGCTTGCTGAAGTGTGCCTGTAGTCCCAGCTACTCAAGAGACTAAAGTGGGGGGGATCAACAGAGCCCAAGAGTTTTAGCCTGTTCTGAATCACTGGACCACTGCATTCCTGTCT","ATTAGCTGGGCGTGGTGGCGGCTGCCTGTAGTCCCAGCTACTCAGGAGGCTGAGGTGGGAGGATCACCTGAGCCCGGGAGGTCGAGGCTGCAGTGAGCAGTGATGACGGCACTGCA"
"GL873521","5813449","5813645","chr8","55925895","55926096","51","50112446","TCTATAAATATATAGAAATTGCCAGGCACTGTGGCTAATGCCTGTCATCCGAGCACTTTGGGAGGCTGAGGCAGGAGGATCATTTGAGCCCAGAAGTTGGAGGCTTCTATGACTGGGGTGCTGCACTACAGTGGAGGCTGGGTGAAAGAGCAAGATTCTGTCTCTAAAAAACATACAAAACAAACAAACAAACAAAA","TCTCTACAAAAAAATAAAAAACTAGCCGGGCATGGTGGCACATGCCTGTAGTCCCAGCTACTTGGGAGGCTGAGGCAAGAGGATCACTTTACCCCAGGAGGTCGGGGCTGCAGTGAGCTGTGTTCATACCACTGCACTACAGCCTGGGTGACAGAGCAAGACTCTGTCTCAACAAAACAAAACAAAACAAAACAAAACAAAA"
"GL873521","5816723","5816839","chr7","150519989","150520108","29","144703266","GGCTTACACCTGTAATCCTAGCACTTTGGGAGAGTGGGAGTATGGCTCGAACCCAAGAGTTGGGAGACCAGCATGGGAAAGAATGAGACCCTGTCTCTACAAAAATAGAAAAATTAG","TGGCTCACATCTGTAATCCCAGCACTTTGGGAGGCCAAGGTGGGAGGATTGCTTGATCCCAGGAGTTGGAGACCAGCCTGGGCAACATAGTGAGACCCTGTCTCAACAAAAATTTATTTT"
"GL873521","6392280","6392393","chr13","98865790","98865887","34","92473510","GGCATGGTGATACATGCCAGCGACTTAGGAGGAGGACCCCTTGAGCAAGTGAGCAGTGATTGTGCCACTGCACCTCCAGCCTGAGCAACAAAGTGAGACTCTGACTCTTAAAAA","CAGGGGGACCACCTGAGCCTGGGAGGTTGCAGCTGCAGAGCCGTGATTGTGCCACTGCATTCCAGCCTGGGCAACAGAGTGAGCTCCTGTCTCAAAAA"
"GL873521","6821886","6822161","chr13","35542940","35543211","71","28721054","GGCCTGGTGCAGTAGCTCAGAGCTGTAAGCCTAGCACTCTGGGAGGCAGAGGTAGGTAGATCACTTGAGACCAGGAGTTCAAGAAGACCAGACTAAGTAAGAGTGAGACCCTCACCTATGCTAAAAATAGAAAATATTAGCTGGGCATACAGTGTATGTCTGTAGTCCAGGCTACTTAGGAAGCTGAGGTAGGAGGATCACTTAAGCCCAGGAGTTTGAGGTTGCTGTGAGCTAGGCTGAGGCCATGGTACTTCAGCCTCGGCAACAGAGTGAGAC","GGCCAGATGTGGTGGCTCACACCTGTAATCCTAACACTTTGGGAGACCGAGGTGGGTGGATCACTTGAGGTCAGGAGTTCAAGACCAGCCTGGCCAACATGGTGAAACCCCATCTCTACTAAAAATACAAAAATTTGCTGGGCATGATGGTGGGCGCCAGTAGTTCCAGCTACTCAGGAGGCTGAGGCAGGAGAATCGCTTGAACCCAGGAATCAGAGGTTGCAGTGAGCCAAGATCACGCCATTGCACTGAAGCCTGGGCGACAAGAGCAA"
"GL873521","6822427","6822459","chr1","26448863","26448892","8","19626436","TCAGAGTGAGACTTTATCTCAAAGAAAAAAAAA","TGAGTAAGACCCTGTTTCAAAGAAAAAAAA"
"GL873521","6828199","6828251","chr12","8954703","8954756","17","2126504","GGGAGAGGTAGCTCAGGCCTGTAATTCTAACACTCTGGGAGGGAGGATCCCTT","GGTCAGGTATGGTGGCTCATGCCTGTAATTCTAGTACTTTGGGAGGCTGAGGTC"
"GL873521","6828640","6828791","chr2A","70191250","70191406","45","63362610","CCTTGAGCTCACAAGTTTGAGACCAGCCTGAGCAAGAGCGTGACTATCTCTACTAAAAATAGAAAACTCTGCTAGGTGTTGTGGCAGGTGCCTATAGTTCCAGCTACCTAGGAGGCTGAGGCAAGAGGATCACTTAAGCCCAGCAGTTTGAG","TCACTTGAGCCCAGGAGTTCGAGACCAGCCTGGGCAACATAGTGAGACTCAGTCACTACAAAAATAAACTTGCTGGGTGTGGTGGTGTGCACCTGTAGTTCTAGCTACTCAGGAGGCTGAGGTGGGAGGATCCCTTGAGCCTCGGAGGTGGAGGTTG"
"GL873521","6837142","6837367","chr12","104694083","104694305","59","97856941","GACTGGGTGCTATAGCTCACACCTGTAACCCTAGCACTCTCAGAGGCCAAGGTGGGTGGATTCGCTGAGCTCAGGAGTTCAAGACCAGCCTGAGCAAAATAAGACCCCATCTCTACTAAAAATAGAAAAAGAAAAACCAGCCAGGTGTGGTGCCAGGAGCCTGTAGTTCCAGCTACTCAGAGGCTAAAGTAAGAGGATTATTTGAGCAGTAAGAGTTTGTGGTTTC","GACTGAGTACGGTGGCTCACACCTGTAATCCTAGCATTTTGGGAGGTCAAAGTGGGAGGATGACTTGAGCCCAGGGGTTCAAGACCAGCCTGGGCAACAAAGTGAGACCCTGTCTCCATAAAAATTACAAAAATTAACCAGGCATGGTAGCATGTGCCTGTAGTCCCAGCTACTCGGGAAGCTGAGGCCAGAGGATTGCTTGAGCTTAAGAGGTTGAGGCTGC"
"GL873521","6837616","6837695","chr14","61332116","61332199","24","54494500","GTTTGTGGTTGCTGTGAGCTATGACATCACAGCACTCAACCCCAGGGTGACTACATACAACTCTGTCTCAGAAAAAAAAA","GGTTGAGGCTGCAGTGAGCTGTAATTGTACCACTGCACTCCAACCCAGGTGACACAGTAAGACCCTATCTCAAACAAAACAAAA"
"GL873521","7000001","7000131","chr1","35753661","35753787","41","28753660","ACAGTAATACATACTTGTAGTTCCAGCTTCTAGGCTGAGGCCAGAAGATGGCTTGAGCCCAGGACTTTGAGGTTGCAGTGAGAGATGATGATACCTCTGTACTCTAGCCCAGGTAACAGAGACTCTGTTTC","TTAGCCAGGCATACTAGCTCATGCCTGGAGGCTGAAGCAAGAGGACAGCTTGAGCCCAGGAGTTTGAGGCTGCAGGCAGCTATGATCGCACCATCGCACTCCAGCCTGGGTGACAAGACCCCATCTC"
"GL873521","7000386","7000547","chr6","44662547","44662705","42","37662161","GGGTGTGGTGGCTCTTACCTGTAATCCTAGCACTTTGGGAGGCTGGGGCAGGCAGGAAGATTGTTTGAGGCCAGGAGTTCCAGACCAGGCTTGTCAATATAGTGAGACCCCGTCCCTATAAAAAATAGAAAAATTATCTGGGCCTGGTAATGCATACTTTGG","GGCACAGTGGCTCATGCCTATAATCTCAGCACTTTGGGAGGCCAAGGTGAGAGGATCACTTGAGCCCAGGAGCTACAGACCAGCCTGGGCAACATAGAGAAAACCCATCTCTACAAAAAATACAAAAATTATCTGGGCGTGGTGATGCATGCCTGTTGT"
"GL873521","7034228","7034543","chr6","83628974","83629284","80","76594746","GGCCAGATGCAGTGGCTGACACCTGCAATTCTATAACTTTAGGAAGGTGAGAGAATTGCTTGAGGCCAGGAGTTCCAGACCAGCCTGAACAATATAGTGAGACCCCATTGCTACAAAAATTAGAAAAATTCACTGGGTGTAATGGCCAATGCCTGTATTCCCAGATAATCCAGAGGCTGATGCTGGAAGATTACTTGAGCCCAAGAATTTGAGGTGACAGTGAGCTATGATGACACCAATGCACTCTAGCTTGGGCAATAGAGTGTGACCCTATTTCCAAAAAAAGAAAGAAAGAAAGAAAGAAAAGAAAAGAAAA","GGCAGGGCATGGTGGCTCATACCTGTAATCCCAGCACTTTGGGAGTCCAAAGTGGGTGGATCGCTTGAGTCCAGGAGTTCAAGACCAGCATGGGCAATATGGTGAAACCCTATCTCTACAAAAAAATACAAAAATTAGCTGGGCATGGTGGCATGCACTTGTATCCCAGCTACTCCAGAGGCTGAGGTGGGAGGATTGCTTGAGCCCAGGAGGTTGAGGCTGCAGTGAGCCATGATCACACCACTGCACTGTAGCCTGGGCAGTAGAGCGAGACACTGTCTAAAAAAAAAAAAAAAGAAAAGAAAAGAAAA"
"GL873521","7070010","7070206","chr5","79804250","79804453","53","72734240","GGCCAGGCAAGATGGCTCATGCCTGTAATCCTAGCATTCTGGGTGGCTGAGACAGGCATATTCCCTGAACTCATGAGTTGGAGACAAGTCTGAGCCAGAGTTAGACCTCATCTCTAAAAATAGCCTGGCATTGTGGCATACACCTGTAGTCTCAGCTACTTGGGAGGCTGAGGTGAAAGAATTGCTTAAGCCCAAGA","CAGGCACTGTGGATCACACCTGTAATCCCAGCACTTTTGGAGGCTGAGGCGGGCAGATTGCTTGAGCTCAGGAGTTTGAGACCATCTTGGGCAACCTGGTAGAACCACATCTCTACAAAAAATTAGCCGGGCATCGTGGCACACGCCTGTAGTCGCAGCTATTTGGGGGGCCTCCTGAGGTGAGAGGATTGCTTGAGTCCAGGA"
"GL873521","7070300","7070404","chr10","27497894","27497990","34","20427594","GTAAGCCCAAGATTTTGAGGTTGCTGTGAGCTATAATGCCATAGCACGCTAACTGAAGCAAAGTAACTATGACAAAGTAAGACTCGGTCTCAAGAAAGAGAAAAA","CACTTGAGCCCAGGAGGTTGAGGCTGCAGTGAGCTATCATGCCACCACACTCCAGCCTGAATTACATGGCAAGACCCTGTCTCAAGAAAAAAAAAAA"
"GL873521","7099137","7099314","chr16","419989","420167","56","6679148","GGCTGGGTGCCGCGGCTCACACCTATAATCCTAGCACTCTGAGAGGCCAAGGCAGGTGGATTGCTTGAGCTCAGGCACTTGAGGCCCTCAAATAGAAAAACTAGCCCAGCCTTGTGGTGGGCCCCTGTAGTCCAGCTACTTAGGAGGCTGAGGCATGAGGATCGATTGAGCCCAAGTA","CTGGGCACCGTGGGTCATGCCTGTAATCCCAGCACTTTGGGAGGCTGAGGCAGGAGGATCACTTAAGCCCAGGTGTTCAAAAAACAAACAAAAAAACATTAGCCAGGTGTGGTGGTGCACACCTGTAGTCCCGGCTACTCAGGAGACTGAGGTGGGAGGAGCTCTTAAGACCGAGAGGT"
"GL873521","7099591","7099694","chr5","181790038","181790151","31","174690447","TGAGGCCAAGTATTTGAAGTTGCTGTGAGCTATGATGTGGCGCTCTACCAAGGTTGATAAAGTGAGACTCTGTCTCAAAAACAAACAAACAAACAAAAAAGCAA","TTGCTTGAGCCCAGGAGGTGGAGGTTTCAGTGAGCCAAGATCGTGCCACTGCACTCCAGCCTGGGTGACAAAGTGAGACCCTGTCTCAAAAACAAACTAACAAACAAAAAACAA"
"GL873521","7182117","7182284","chr17","14741482","14741644","46","7559365","AATTAGCCAGGCATCATAGCACATGCCTATAGTCCCAACTATTCAGGAGCCTCAGGGCCAGGAGGATCCCTTGAATATAGGAGTTTGGGGTTACTGTGAGCTATAATGATACCACCCACTGCACTTTAGTCTGGGTGACAGTGAGACCCCGGCTCAGGGGGAAAAAAA","AATTAGCCAGGCATGGTGGCACATGCCTATAGTTCCAGCACTTTGGGAGGCTAAGGCAGGAGGATTGCTTGAGCCCAGGAGTTTGAAGTTACAGTAAGCTATGATCATGCCATTGCACTCTAGCCTGGGCAACAGAGTGAGACCTTGTCTCTAAAAAAAAAAA"
"GL873521","7182549","7182656","chr11","75656969","75657073","28","68474420","AACCCCAGCACTTTGGGAGGCCAAAGCAGGAGGATCATTTGAGGCCTAGGAGTTGGAAAGCAGGCAGAACAAGAGTGAGACTATCTTCATAAAAATACAGAAAAATTA","CCAGCACTTTGGGAGGCCAAGGCAAAAGGATCACTTGAGCCCAGGAGTTTGAACCAACCTAAGCAACAGAGTGAGACCCTGTGTCTACAAAATATTAAAAAATTA"
"GL873521","7224398","7224414","chr1","153358526","153358539","3","146134128","AAAAAAGAAAGTAAAAA","AAAAAAAAAAAAAA"
"GL873521","7224442","7224704","chr16","23925003","23925279","73","16700561","GTGTGATGGCTCATGCCCATAATCCTAGTACTTTGGGAAGCTTAGGCAGGAAGATTGCTGGAGGTCAGGAGTTCAAGACCCACCTGAGCAAGAATGAGACCCCCGTATCTACAAAAAATAGAAACATTAGCTGGGTGTGTTGGTGTATGTCTGCAGTACCAACTACTAGAGAGTTTGAGGCAGGAGGATCGTGTAAGCCCAGGAATTTGAGGTTGCAGTGAGCCACCACTGCACTCTACCCTGGGAGGCAGATCAAGACTGTG","GGCTGAGCGCGGTAGCTCATGCCTATAATCCCAGCACTTTGGGAGGCTGAGGCAGGTGGATTACTTGAGCTCAGGAGTTCGAGACCAACCTGGGCAACACGGTGAAACCCCTTCTCTACAAAAAACACAAGAATTAGCAGGGCATGGTGGTGTGCACCCGAAGTCCCAGCTACTCAAGAGGCTGAGGTGGGAGGATGGCATAAGCCCAGGAAGTGGAGGTTGCAGTGAGCCAAGATCATGCCACTGCACTCCAGCCTGGGTGACAGCAAGACTGTCT"
"GL873521","7244822","7245115","chr16","74165797","74166100","72","66920975","GGCCGGGCTCAGTGGCTCTATAATCCTGGCACTCTGGGAGGTCAAGGTGGGTGGATTGCTTGAGCGCAGGAGTTTGAGACCAGCCTGAGCAAGAGTGAAACCCCGTCTCTAAAAATAGCCAGGTGCTGTGGTGAGCCCCTATAGTCCCAGCTACTCAGGAGGCTGAGGCCAGAGAATCGCTTAAGCCCAGAAGTTGGAGGTTGCTGTGAGCCGTGATACCATAATTCTTTAACAAGGGTGACAGAGTGAGACTCTGTCTCAAAAAAACAAACATACAAACAAAAAAAAAAAAAA","GGCTGGGCACAGTGGCTCATGCTTATAATTCCAGCACTTTGGGAGGCCAAGGTGGGTGGATCACTTGAGCCCAGGAGTTCGAGACCAGCCTGGGCAACATGGTGAAACTCTGTCTCTACAAAAAATTAGCTGGGTGTGGTGGCTCGTGCCTGCAGTCCCAGCTACTCAGGAGGCTGAGGTGAGAGGATCAATGGAGCCCAGGAGGTGGAAGTTGCAGTGAGCCAGATCACACCACTGTACTCTCCAGCCTGGGTGACAGAGCAAGACCCTGTCTCAAAAACAAACAAACAAACAAACAAACAAA"
"GL873521","7391188","7391475","chr8","106723939","106724236","70","99332751","GGCATGGTGGCTCACACCTATAATCCTAGCACTCTGGGAGGACAAGGTGGGAGGATCCCTTGCACTCAGAAGTTCAAGACCAGCCTGAGAGAGAATAGGACCCCATCTCTACTAAAAATAGAAAAATTACCTGGGCATTGTGGTTGGTGCCTGTAGTCCCAGCTTCTTGGGAGGGTGAGGCAGGGGCATCACGTGAGCCCAGGAATTTGAGGTTACAGTTAGCTGTTTTGTCACAGCCATCTACCCAGGGCAACAGAGTGAGACTCTATCTCAAAAAGAAAAAAAGAG","GGTGCTGTGGCTCAAGCCTATAGTCCCAGCACTTTGGGAGGACAAGGTGGGAGGATCACTTGAGCCCAGCAGTTCAAGACCAGCCTGAGCAACATGATAAGACCCCATCTCTACAAAAAATTAGAAAAATTAGCCAGGCATGGTGATGTATGCCTGTGGTCCTAGCTACTTGGGAGGCTGAGGCAGGAGGATCCCTTGAGCCCAGGAGGTCAAGGTTGCAGTGAGCCATGGTTGTACCACTGTACCCCAGCCTGGGTTACACAGTGAGATCCTATCTCAAAAAAAAAAAAAAAAAAAA"
"GL873521","7391570","7391585","chr17","38661961","38661976","2","31270391","GAAAAAAAAAAGAGAA","GAAAAGAAAAAAGAAA"
"GL873521","7411261","7411442","chr4","57296207","57296386","41","49884946","AGAAAGAAAGAAAAAAAATTAGTCAAGAATGGTGGCATGCACCTATATTCCCAGCTACTCAAGAGACTGAAGCAGGAGGATTACTTGAGCTCAGGAGTTGGGGGCTGCAGTAAGCTTTGACTATACTAATGCACTCCAGCCTGGGTGACAGAGCGAGACCCTGTTTCAAAAAAGAAAAAAAA","AAAAAAGAAAAATTAGCCAGGCATGGTGGCATGTGCCTGCAGTCCCAGCTACTCAGGAGACTGAGGTGGGAGGATTGCTTGAGCCAGGGAGATTGGGGCTGCAGTGAGCTGTGATATCATGCCACTGTACTCCAGCCTAGGCCGCAGAGTGAGACCCTGTCTCAAAACAAAAACAAAAAA"
"GL873521","7411723","7411845","chr16","11721596","11721721","28","4309873","GGCTGGGTGCAGTGATCCTAGCCTTTTGGGAGGCTGAGGCAGGAGGACTGATTGAGGCCATGAATTTGAGACCAGCCTGAGCAAGAGTGAGACCTTGTCTCTGCAAAAAATAGGAAAATTAGT","GGCTGGATGCGGTGGCTCATGCCTTTTGGGGAGGCTAAGGCAGGAGGATTGCTGGAGCCCAGGAATTAAAGACCAGCCTGGGCAACATAGTGAGACCTCGTCTCTACAAAATTAAAAATTAAGTTT"
"GL873521","7473204","7473396","chrX","14950093","14950281","51","7476889","CAAAAAAAAAACCTTAGCCAGGTATGGCAGCACAGATTTGTCATCCCAACTACTCAAGAAGCTAAGGTGAGAAGATCACCTGAGCACAGGAGTCTGAGGTTATAGTGAGCTGTGACTGGGCCATTCACTACATTCCAGCCTATGCTATAGAGTAAGACCCTGTCAAAAGAAAAAAAAAGAGAGAGAGAGAAAA","TCAATAAATAAAAATTAGCCAGGCATGGTAGCACATGCCTGTCGTCCCAGTTACTCAGGAGGCTGAGGTGGGAGGCTCACCTGAGCCCAGGCATTGAAGGCTGCAGTGAGCTATGATCACAACACTGCATTCCAGCCTGGGTGACAGAGCAAGACCCTGCCTCAAAATAAAATAAAGAAAGAAAGAAAA"
"GL873521","7473423","7473542","chr14","57739259","57739375","24","50265836","CTGGGCACAGTGTTCATGCCTGTAATTTGAGCACTTTGGGAGGCCAAGGCTAGAGGATCACTTGAGGCCAGGAGTTTGAAACCAGCCTCAGTAACACAGAGAACCCTCATCTCTATTTAA","CTGGGTACATTGGCTCAAGCCAGTAATCCCAGCACTTTGGGAGGCCAAAGCAGGAGGATCACTTGAGGCCAGGAGTTTGAGACCAGCCTGGGTAACATGAGACCCTGTTTCTACAAA"
"GL873521","7573100","7573248","chr5","35112160","35112317","42","27539060","AGCCAGATGTGGTCTATAGTCCACAGCTACTTAGAGGCTGAGGCAAAGGGATCACTTGAGCCCGAGAGTTCAGGGCTGTGGTGCACAATGATCATGTCTGTGAATAGCCACTGCACTTCAGCCTAGGCAACATAGCAAGACCCTATCTC","AGCCTGGTGTAGTGGCACATGCCTATAGTGTCAGCTACTGGAGAGGTTGAGGCAGCAGGATTGCTTGAGTCCAGCAGTTCAAGGCTGTAGTGCACGATGATGGTGCCTGTGAATAGATACTGTGCTTTAGCATGGGCAACACAGCAAGACTCTGTCTG"
"GL873521","7601934","7602029","chr5","155700261","155700353","20","148098327","GGCTGAGCCCAGAGGCTCATGCCTGTAATTCTAGCACTCTGGGAGGCTGAGGCAGGTGGAGTGCTTGAGCTCAGGAGTTAAAAAAATCCAGTTTGA","GGCCGGGCACAGTGGCTCATGCCTATAATCCCAGCACTTTGGGAAGCTGAGGCAGGAGGATTGCTTAAGCCCAGGAGTTCAAGACCAGTCTTG"
"GL873521","7602314","7602531","chr2A","29137649","29137868","57","21535335","GACCAGTGTGAGCAAGGGCAAGACTCTGTCTCTACTAAAAATAGAGAAACTAGCTGAGCATTGTGGTGGGTGCCTAAAGTCTCAGCTGCTCAGGAGGATAAGGCAGGAAGATCTCCTGAGCCCAGGAGTTTGAGGTTGATGTGAGCTATGATGATATCGCATTCTAACCAGGTAACAGAGTGAGGCTTTGTCTCAAAAAAAAAAAAAAAAAAGAAAAA","CAGCCTGGTCAACATAGGGAAACTCTGTCTCTACAAAAAGTTAAAAAATTAGCTGAGCATGGTGGCACATGCCTGTAGTCTCAGCTACTCAGGAGGCTGAGGCAGGAGGGTCACTTGAGCCTGGGAGGCTGAGGCTGCAGTGAGCTGTGATCATGCTATTGCACTCCAGCCTGGGAGACAGAGTGAGATCCTGTCTCCAAAAATAAAAAATAAAAATAAA"
"GL873521","7608283","7608358","chr9","32411376","32411450","22","24803093","AGGCTGAGGAGGAAAGATTACTTGAGCCCCAAAATCTAGCCTTGGTGACATAGTGAAACTCTGTCTAAAAAAAATA","AGGTGGGAAGAGTACTTGAGGCCAGGAATTCAAATCTAGCCTGGGCAACATAGTGAAACCCTGCCTTAAAAAAAA"
"GL873521","7633232","7633420","chr7","4237351","4237553","52","3395881","GTGGTGGCTCATGCCTGTAATCGTAACACTCTGGGAGGCTGAGGTGGGTAGATTGCTTCAGCTTAGGAGTTCGGGACCAACCAAAGCAAGAATGAGACCCCCTCTCTACTAAAAACAGAAAGACTAGCCAGGCATTGTAGCAGGTCCTGTAGTCGCTACTCAGGAGGCTGAAGCAGGAGGATCACTTAA","GGTCAGGCATGGTGGCTCATGCCTGTAATCCCAGCACTTTGGGAGGCCGAGGTGGGCAGATTGCTTGAACTCAGGAGTTGAAGACTAGCCTGGGCAACACGGCAAAACCCCATCTCTACTAAAACTACAAAAACTAACTGGGCATGGTGGCACGCGCCTGTAGTCCCAGCTACTGGGGAGGCTGAGGTAGGAGGATCACTTGA"
"GL873521","7636438","7636492","chr5","38545852","38545906","11","30909414","ATTCAAGCCTGGGTGACAGAGTGAGACACTATCTAAGAACAATAAATAAATAAAA","ATTCCAGCCTGAGTGACAGAGTGAAACCCTGTCTCAAAACAAAAACAAAAACAAA"
"GL873521","7696982","7697091","chr9","129918441","129918551","24","122221459","TAATCCTAGCACTCTGGGAGGCCAAGGTAAGTGGATTGCTTGAGCTCAGGAGTTCAAGAGCAGCCTGAGCAAGAACAAGACCCCAACTCTATTAAAAATAGAAAAAAGCA","TAATTCCAGCACTTTGGGAGACTGAGGCAGGAGGATTGCTTGAGCTCAGGAGTTCGAGACCAGCCTGGGCAACATATTGAGTCCTCATCTCTATTAAAAATTAAAAAAATA"
"GL873521","7697336","7697489","chr7","132712253","132712405","44","125014917","GTAGAAAAAAGGCCAGCTGGGCATAGTGGTACATGCTTGTAGTCCCAGCTACTTGGAGACTAAGGTAAGAGGACTGCTTAAGTCCAAGAGCTTAAGGTTGCTGTGAGCTATGACACCACAGGGTGATAAGAGTGAGACTGTCTCCAAAAAAAAA","GAATTAAATAAAAATTAGCAGGGCATGGTGGCATGTGCCTGTAGTGCCAGCTACTTGGGAGGCTGACGCCAGAGGATTACTTGAGCCCAGGAGTTGGAGGTTACAGTGATCATGCCACTGCATGACAGAGTGAGACCCTGTCTCAAAAAAAAA"
"GL873521","7750582","7750651","chr7","149337669","149337736","11","141587087","GCTGGGTAAGAGTGGCTCATACCTATAATCCCAGCACTTTTGGGAGGCTGAAACAGGAGGATCACTTGAG","GCTGGGCACAGTGGCTCACACCTGTAATCCCAGCACTTTGGGATGCTGAGGCAGGAGGATCATTGGAG"
"GL873521","7784733","7784858","chr3","160952502","160952627","25","153167769","GGCCGGGCATTGATGGCTTCTACCTGTAATCCCAGCACTTTTGGAGGCTGAGGTGGGAGGTTTCATTGAGATCAGGAGTTTGAGACCAACTTGGGCAACAGTGAGACCCTGCCTTAAAAAAAAAAA","GGCCAGGCATGGTGGCTCACACCTGTAATCCCAGCACTTTGGGAAGCTAAGGTGGGAGGATCGCTTGAGCACAGAAATTTGAGACCAGCTTGGGCAACATAGAGATCCTGTCTCTATTAAAAAAAA"
"GL873521","7784884","7785052","chr16","1604263","1604439","38","6180621","AATTAGGCAGGCATGGTGGCACTTGTCCCAGCTACTTGGAAGGCTGAAGGAGGAGGATCACTTGAGCCCAGGAGTTAGAGGTTGCTGTGAGCTTTGATGCCACTGTACTCTAACCTGGGCAACAGAGTGAGATGTGCCTCAAAAACAAACAAACAAACAAAACCAAAAA","AATTAGCCAGGCATGGTGATTGGCACCTGTGGTCCCAGCTACTTGGGAGGCTGAGGCAGGAGGATGAATTGACCCCAGGAGTTTGAGGCTGCAGTGAGCTATGATGGCACCACTGCACTCTAGCCTGGGCGACAGGATGAGATCTGTAAAAAAATAAATAAAAATGAAAATAAAAAA"
"GL873521","7870707","7870997","chrX","70230306","70230599","61","62359599","GCTGGGCACAGCAGCTCACACCTGAAATCCCAGTACCCTGGAAGGGTGAGGATGGAGGATCACTTGTGGTCAGGAGTTCAAAAACAGCCTAAGCAAGAGTGAATCGCCATCTCTATTAAAAATAGAGAAATTAGCCAGGTGTGGTGGCATTTGCCTGTAGTCCCAGCCACTTGGGAGGCTGAGGCAGGAGGATCATTAGAACCCAGAAGGTGGAGGTTGCAATGAGCAGTAATGACACCACTGCACTCCAGCCTGGGTGACAGAGCAAGTCTCTGTTTCAAAAAAAAAAAA","GGCCAGGTACAGTGGCTCACACCTGTAATCCCAGCACACTGGGAGGCAGAGGCGGGCAGATCATTTGAGCTCAGGAGTTCAAGAGCAGCCTGGGCAACATGGTGAAATCCCATCTCTACAAAAAATAGAAAAATTAGCCGAGTGTGGTGGCACTCCTCTGTAGTCCCAGCTACTTGGAAGACTGAGATGGGAGGATCATTTGAGCCCAGGAGGCGGAGGTTGCAGTGAGCTGAGATTGCACCACTGCCCTCCAGCCTGGGCAACAGAGCAGGACCCTATCTCAAAAAAAAAAAA"
"GL873521","8041789","8041920","chr12","80555695","80555826","29","72513906","GTGGTGGCTCATGCGGATTATCCCAGTACTTTGGGGAGGTTGAGGCAGGAGGATTGCTTGAGCCCAGGAATTTGAGACCAGCCTGAGCAACATAGTAAGACTCTATACAAAAAAATAGAAAAATTAGCCTGG","GTGGCTCATGCCTGTAATCCCAACACTTTGGGAGGCTGAAGCAGAAGGATTGCTTGAACCAGGAGTTTGAGACCAGCCTGGGCAACATAGTGAGACTATCTCCACAAAAATAAATAAAAAATTAGCTGGGCA"
"GL873521","8042182","8042375","chr4","7236991","7237179","49","805191","GGTAAAAAAGAAAAAGAAAAATTAGCCAGGAGCACTAGCTTACGGCTTGTAGTCCTAGCTACTCAGGAGGCTGAGGTAGGGGAATTGCTGGAGTCCAGGAGTTTGAAGCCACAGAGAGCAAAGACCACACCACTGTACTCCAGCCTAGGCAATAGAACAAGACCCTGTCTCTGAAAAAAATAAATAAAAATAAA","TAAAAAAAATACTTAAAATTAGCCAGGCGTGGTGGCACACACCTGTGGCCCCAGCTACTCAGGAGGCTGTTGTAGGAGGATCCCTTGAATCCAGGAGGTCAAGGCTGCAGTAAGCCAAGATCACGCCACTGCATTCCAGCCTAGGCAACAGAGCAAGATCCTGTCTCTTAAAAAAAAAAAAAAAAAGAA"
"GL873521","8067082","8067383","chr20","31024244","31024552","81","22957162","GGCCAGGTGTAGAGGCTCACACTTATAAGCCCAGCACCCTGAGAGGCCGAAGTGGGTGAACTGCTTGAGCTCAGGAGTTCAAGAGTAGCCTGAGCAATAGTGAGAGCCGATTTCTACTAAAAACAGAAAACCTAGCCAGGCACTGTGGTGGCGTCTATAGTCCCAGGTACTCGGGAGGCTGAGGCAGGAGGATTGCTCAATCCTAAACTTTGAGGTTGCTGTGGGCAATAATGCCATATCTCTACCCAGGGGAAAAGAATGAGACTCTGTCTAAATAAATAAATAAATAAAATAAAAACAAA","GGCCAGGCACAGTGGCTCACACCTGTAATCCCAGCACTTTGGGAGGCCGAGGTGGTGGACTGCTTGAGCTCAGGAGTTCAAGACCAGTCTGGGCAACATGGCAAAACCTTGTCCCTACAAATAATACAAAAATTAGCCAGGTGCGGTGGCATGTGCCTGTAGTCCCAGCCACTTGGGAGGCTGAAGTGGGAGGATTGCTTGATCCTGGGAGGTAGAGGCTGCAGTGAGCCATAATTGTGCCACTGCACTCCAGCCTGGGCAACAGAGTGAGACCCTATCTCAAAAATAAATAAATAAATATAAAGAAAA"
"GL873521","8204885","8205108","chr10","14099107","14099324","63","5894222","CGAATTCGAAACCAGCCTGAATAAGAGTGAGATCCGTCTCTAATGAAAAGAGAAAAACTAGCAGGTTTTGTGGTGGGTGCCTTTAGTCTCAAGCTACTTGGGAGCCTGAGGCAGGAGGATCACTTAAGCCCAGGAGTTTGAGGTTGCTGTGAGCTATGATAACATTAGGGCATTCTAGCCTGGGAAACCGAGTGAGACTCTGTCTTAGAGAAATAAAAAATAAA","AGACCAGCCTGGGCAACATGACAAGATCCCGTCTCTACAAAAAATACAAAAATTAGCAGCGTGTGGTGGGGTGTGCCTGTAGTCCCAGTTACTTAGGAGGCTGAGGCAGGAAGATCACTTGAGCCCAGGACGGGGAGGTTACAGTGAGCCGTGATCACACCACCACACTCCAGCCTGGGTGACAGAGTGAAACTCTGTCTCTATAACAAACAAACAAA"
"GL873521","8205374","8205463","chr18","31130683","31130770","22","22925309","GCCGGACATGGTGGCTCATGTCCCTCCTGTAACCCTAGCACTCTGGGAGGCTTTGGCCTAAGGATTTGAGCTCAAGAGTTTAAGACCAGG","GGCCAGGCATGGTGGCTCACACCTGTAATCCTAGCACTTTGGGAGGCTAAGACCAGAGGATAATTAAGCTCAGGAGTTCAAGACCAGC"
"GL873521","8530940","8531225","chr4","131255414","131255698","71","122724474","GTCAGGTGTGATGGCTCGTCCTGTAATCCCAACACTCTGGGAGGCTGAGGCTGGTGGTTTGCTTGAGCTCAGGAGTTCTGAGACCATCCTGAGGTAAGAGTGAGACCCCATCTCTACTAAAATTAGAAAAAAAATTACCCAGGTGTAGCGGTGATGCCTGTAGTCCTAGCTACTTGGGAGGCTGAGGCAAGAGGATTGCTCAAGCCTGAGAATTTGAGGTTGCTGTGAGCTATGACTCCATCGCACTCAACCCCAGGGTGACTGAGTGTGATTGTCTGAAAAAGAA","GGCAGGACACGGTGGCTCACACCTGTAATCCCAACACTTTGGGAGGCTGAGGCAGGTGGATCACTTGAGCTCAGGAGTTGAGACCAGCCTGGGCAACATGGTGAAACCCCATCTCTACTAAAAATACAAAAATTAGCCAGGCATGGTTGTGGATGTCTGTGGTCCCAACTACTTGGGGGGCTGAGGCAGCAGGATTGCTTAAGCCTGGTAATTTGAGGCTGCAGTGAGCCATGTTCTTGCCAGTGCTCCAGCCTGGGTGACAAAGCAAGACCCTGTCTCAAAAAA"
"GL873521","9138426","9138710","chr17","16672309","16672598","64","7533883","GGTGGCTCATGTCTGTAATCCGAGCACTCTGGGAGGCTAAAGTGGAAGGATCACTTGAGCTCAGGAGTTTGAGACTAGCCTGAGCAAAAGTGAGAACAATGTCTCTATTAAAAATAGAAAATTAGCCAGGTGTTATGATAGGTGCCTGTAGTCCCAGCTATTCAGGAAGGCCAGGAAGGAGGATCCCTTGAGCTGGGGAGTTTGAGGTTGCTGTGAGCTGTGATGACACCATGGCACTCTACCCATGATGACAGAGTAAGACTGTCTCTAAAGGGAGAAAAAAAA","GTGGCTCACACCTGTAATCTCAGCACTTTGGGAGGCTGAGGCGGGAGGATCACTTGAGCCCAGGAGTTTGAGACCAGCCTGAGCAACATAGTAGGCTCCTGTCTCTACAAAAAAATACAAAAATTAGCTGGTACTGGTGGCATGTGCCTGTAGTCCCAGCTACTCAGGAGGCTAAGGCAGGAGAATCGCTTGAGCCCAGGAGGTTGAGGCTGCTATGAGCTGTGATGGCACCACTGCACTCCAGCCTGGGTGACAGAGTGAGACCTGGTCTCAAAAAGAAAAAAAAAAAA"
"GL873521","9337001","9337128","chr7","153795408","153795531","29","144458407","CTGGGCTCAGTGGCTCATGCTTGCAAGCCCAGCACTCTGGGAGGCCAAGGCAGGTGGATTGCTCGAGTTCAGGAATTTCAGACCAGTCTAAGAAAGAGTGAGAGCCCATCTGTACTAAAAATAGAAAC","CTGGGCACAGTGGCTCACGCCTGTAATCCTAGCACTTTGGGAGTCCAAGGCAGGAGGATGCTTGAGTCCAGGAGTTCAAGACCAGCCTGAGCAATATAGTGAGACCCCCATCTCTACAAAAAAA"
"GL873521","9337149","9337320","chrX","5183862","5184037","43","4153287","TAAAATACTAGCTGGGCATTGCGATGGGTGCCTGTAATTCCAGCTACTCAGGAGGCTGAAGCAAAAGGATCACTTGGGCCCAAGAGTTTGCGGTTGCTGTGAGCTGTGATTACACCACAGCACTCTCCCCAGGCAGAGAGAGACTCTGTCTTTAAAAACAAACAAACAAAAA","ATAAAAATATTAGCTGGGCATGCTGGTACATGCCTGTAGTCCCAGCTACTCAGGAGGCTGAGGCCTGAGGATCACTTGAGCCCAGGAGTTCCAGGTTGCAGTGAGCCGTGATTGCACCATTGCACTCCAGCCTGGGCCACAGGGCTAGACCCTGCTCAAAAGAAAACAAAAAAGAA"
"GL873521","9671716","9671832","chr6","38551166","38551279","31","28879450","GGCTAGGCAGGGAGGCTCAAAACTAAAATTTTAGCACTCTGAGAGCCCAAGGTGGGAGAATTGCTTGACCTCGGGTGTTTGAGACCAGTCTGAGCAAGAGTAACATCACATCTCTAC","GGCTAGGCGTAGGGGCTCAAACCTGTAATTCCAGCACTTTGGGAGGTCAAGGTGGGAGGATTACCTGAGGCCAGGAGTTTGAGACCAGCCTGAGCAACAGTGAGACTTTGTCTC"
"GL873521","9671895","9672063","chrX","24568892","24569057","39","14896997","TAATTAGCCAGGCATAGAGGTGGTATACACCTGTAGTCCCAGCTACTCTGGAGGCTAAGTCAGAAGGACTGGTTGAACCCAGGAGTCTGAGGTTGCTGTGACTAGGCTGATGCCACAGAACTCTAGCCTGATCAACAGAGTGAGACTCTGCCTCAAAATAAAAAAGGAA","AAATTAGCTAGGCATGGTGGCATGCAACTATAGTCCCAACTACTCAGGAGGCTGAGGCCGGAGGATGGTTTGAGCCCAGGAGGTGGAGGTTGCAGTGAGCCAAGATCACACCACTGCACTCCAGCCTGGGCAACAGAGTGAGACCCTGTCTCAAAAAAAAAAAAAA"
"GL873521","9699009","9699116","chr16","57943722","57943822","32","48244713","TCTGAGACACTCGGGAGGCTGAGCCTAGGAGTTTGAGGTGACAGTAAGCTAAGTTGATGTCACTGCATTCCATCCTAGGCAACAAAGCAAGATCTTATCTCTAAAAGA","GGAGGATTGCATGAGCCCAGGAGGTTGAGGCTGCAGTGAGCCAAGATCGTGCCACTGCACGTCAGCCTGGGCAACAAAGCAAGACTCTATCTCAAAAAAAA"
"GL873521","9699330","9699522","chr6","3030697","3030873","65","6668633","GGCTGCATGTGGTGGCTCGTGACTGTAATTTCACCACTTCAAAAGGCTGAGGCAGAGGAGTCACCTGGGGCCCAGAAAGTCACCCTTAAAGTCCAGCCTGAGTAACACAGTGAGACCCAAGATCCCAACTCCACAAAAGAAAAAAGAAGGGAAAGGAAAGAAAAGAAGAGTGGTGTGTGGTGACCTCCTAGAC","GGCCAGGCATGGTGGCTCTCCCCTGTAATCCCAGCACTTTGGGAGGCCAAGGCAGAAGGATCGCTTGAGCCCAGGAGTTTTAAGACCAGCCTGAGCAACACAGAGAGACCAGATCCCACTTCCACAAAAAAAAAAAAAAAATATTTGCCAGGCGTGATGGTGCATGCCTGTAGTCCC"
"GL873521","9879625","9879892","chr2A","20521665","20521953","79","10642040","GGGTGGGCACTGTGGCTCAGGCCTCCTAGCACTCTGGGAGGCCGAGCTGGGTGGATGACTTGAGCTCATGAGTTTGAGACCAGACTGAGCAAGAGCAAGCCCCATTTTTAAAAATAGCCAAGTGTCATGGTGGGCATCTATAGTCCCAGCCAGTTGGCAGGCTGAGGAAGAAGGCTTACTTGAGCTCAAGAGGTAGCTGTGAGCTGTGATGCCATGGCACTCTACCCAGGACAACAAAGTAAGACTGTCTCCAAAAAAAAGAAAAAAA","GGCTGGGCACAGTGGCTCACGCCTGTAATCCCAGCACTGTGGGGAGGTCAAGTTGGGTGGATTGCTTGAGCCCAGGAGTTTGAGACCAGCCTAAGCAATAGGCAAAACCCTGTCTCTACAAAAATCAGCCAGGTATGGTAGTGCGTACCTGTAGTCCCAGCTACTCAGGAGGCTGAGGTGGGAGGATCACTTGAGCCTGGGAGGTGAAGGCTGAAATTAGCCATGATCATGCCACTGCACCCCAAGCCTGGGCAACAGAGCAAGACCTTGTCTCAAAAAAAAAAAAAAA"
"GL873521","10097455","10097754","chr11","114714719","114715027","67","104617264","GGCCTGGGTGTGGTGGCTCACACCTTAATCCTAGCACTCTGGGACGATGAGGCAGGTTTGCTTGACCTCAGGAGTTTGAGAGCAGCCTGAACAAGAGTGAAACTCTGTCTCTACTAAAAACAGAAAAACTAGCCTAGTGTAGTGGTGCACCCCTGTAGTCCCAGCTGCTCAGGAGGCTGAGGCAAGAGGATCACTTGAGCCCAAGAGATTGAGGTTACTGTGAGCTGTGAGGCTGTGTTACTCTACCCAGGGCAAGAGAGTGAAGCCATCTCAAAAAAAAAAAAAAAAAAAAAAAAAAAA","GGCCAGGTGTGGTGGCTCACACCTGTAATCCCAGCACTTTGGGAGGCTGAGACAGGTGGATTGCTTGAGCCTAGGAGTTCGAGACCAGCCTGGCAACATGGCGAAACCTTGTCTCTACAAAAAATACAAAAATTAGCCAAGTGTGGTGGTGCACACCTGTGGTCCAAGCTACTCGAGAGACTGAGGTGGGAGGATTGCTTGAGCCCAGGAGGTTGAGGCTGGGGTGAGTTGAGATCATGCCACTGCATTCCAGCCTGGGCAACAGAGGAAGACCCTGTCTCAAAAAAAAAAAAAAAAAAAAAAAAAAAA"
"GL873521","10225742","10225927","chr15","49930173","49930354","59","39704431","TGGCTTACACCTGTAATCCTAGCACTTTGGGAGGCCACAGCAGATGGCTGCTTGAGCTCAGGAGTTCAAGCCTAGCCTAAGCAAGCCAGAACCATTGCCACTAAAAACAAAAAAAATAGCTGGAGTTGTGGGCACCTGTAGTTAGTTCCAGCTACTTAGGAGGCTGAGGAAAAAGGATGGCTTGAT","GCCTGTAATCCCAGCACTTTGCGAGGCCGAGGCCAGGCAGATCACTTGAGCCCAGCAGTTCAAGACCAGCCTGGGCAACATGGCAAAACTCCTTCTCAACAAAATACATAAAAATTAGCTGGGTGTGGTGGCATGTACTTTCAGTCCCAGCTACTCAGGAGGCTGAAGCAGGAGGATCATTT"
"GL873521","10226192","10226278","chr4","154285033","154285123","27","144058841","GAGGATGGCTTGAGCCCAAGAGTTTGAGGTTGCTATGAACTATGATGTCATGGCACTCTATCCCTGGCCACAGAATCAGACTCTGTC","GGAGGATCACTTGAGCCCAGGTGGTTGAGGCTGCAGTGAGCTGTGTTTATACCACCACACTCCAGCCTGGGCCGCAGAGTGAGACTTTGTC"
"GL873521","10399308","10399475","chr9","96945917","96946089","50","86546609","GGCCAGGTATGGTAGCTCACACCTGTAATCCTTGTACTCTGGGAGGCTTAGGAGCAAAGATCACCTAAGTGTAGGCATCTGAGACCAGTTTGAGCAAGTGAAACCCCATATTTACTAAAATTAGAAAAATTAGCTAAATGTTGTGGCAGGAACCTATCGTCCTAGCTA","GCCGGGTACAGTGGCTCACACCTGTAATCCCAGTACTTTGGAAGGCCAAGGCCAGAGGATTACTTAAGGCCAAGAGTTTGAGACCAGTCTGGGCAACATGGTGAAACCCCATCTGTACAAAAAATACAAAAATTAGCTGGGCATGAGGGCATTTGCCTGTGGTCCTAGCTACT"
"GL873521","10449464","10449583","chrX","134402652","134402771","17","123953188","GGCCAGAGGTGGTAGTTCATGCCTATAATCCCAGCAATTTGGGAGGCTGAGGGGGGAGGATAGCTTGAGGCCAGGAGTTTGACCCCTGCCTAGGCAACATAGTGAGACCCTATCTCTACT","GGCCAGATGTAGTGGCTCATGCCTGTAATCCCAGCACTTTGGGAGGCTGAGGTGGGAGGATCACTTGAGCCCAGGAGTTTGAGACCAGCCTGGGCAACATAGCAAGACCCTGTCTCTACT"
"GL873521","10449618","10449745","chr1","23164480","23164594","46","12714862","CCAACCATAATCGAGCACCTACAGTTCTAGCTACTCCGCAATCTCAGGCAGGGGAAGATTGCTTGAGTCTAGGAGTTCAGGGTAAGCTACTGCCCTTCAGCCTGGGAAACAGAGGAAGACCTTGTCTC","GGCCAGGCACAGTGGTGCCTACCTACAATCCCAGCACTTTGGAAGGCTGAGGCAGGAGGATCGTTTGAGGCCAGGAGTTCAAGATCAGCCTGGGTAACATATCAAGACCTGTCTC"
"GL873521","10796827","10797050","chr7","39187608","39187844","67","28390781","ACTCTGGGAGGCCAAGACAGGTGGATTGCTTAAGCTCAGGAGTTGGAGACCAGCCTAAGCAAGAGTGAGACCTCGTCTCTAAAAATATCTGGGCATTGGTTGGGCACCTGTAGTCCCAGCTACTCAGGAGGCTGAGGCAATAGGATTGCTTGAGCCTAAGGATTCCTGTGAGCTATGATCCCACAGCACTTTACCAAAGGTGACAAAGTGAGACTCTATCTCAA","CACTTTGGGAAGCCAAGGCAGGAGGATTGCTTGAGTGAAGGAGTTCAAGACCAACCTGGGCAAGATTGGGAGAAAAAAATTAAAAATTAGCTGGGCATGGTGGTGCATGCCTGTAGTCTCAGCCACTGGGAAGGCTGAGGCAGGAGGATCGCTTGAGCCTGAGAGATTGAGGCTGCAGTGAGCCTTGATTGTGCCACTGCACTCCAGCTTGGGCAACAGAGTGAGACCCTGTCTCAA"
"GL873521","10797081","10797110","chr4","40399247","40399277","7","29602166","CTGGGTGCAGTGGCTCATAGTTGTAATCCT","GGCTGGGTGCAGTGGCTCACATCTATAATCC"
"GL873521","11204849","11204966","chr7","73480490","73480609","28","62275641","GGCCAGGCATAGTGGCCTCCAAAAATCTTAGGACTTTGGGAGGTAGAGGTAGGAGAACTACTTGAGCCAAGGAATTCAATACTAGCCTGACCACAATAATGAGACCCTACCTCTACCA","GGCCAGGCACAGTGGCTCATGCCTATAATCTCAGTGCTTTGGGAAACTGAGGCAGGAGGATCACTTGAGCCCAGGAGTTCAAGACCAGCCTGGACAGCATAATGAGACTCCACCTCTACA"
"GL873521","11205003","11205140","chrX","7019379","7019524","37","4185624","TAGCCAGGCATGGTGGCACATACCCAAGTCCCAGTTACAGAAGAAGCTGAGGGAAGGGTATCAGGCCCAGAAGTTCAAGGTTGCCATGAGAGATGATCACACCACTGCAGTTCAGCCTGGGCAGCAGAGAGACCCTAT","TAGCCAGGCATGGTGGCACATGCCTGTAGTCCCAGCTACTCAGAAGGCTGAGGTCGGAGGATCTCTTGAGCCCTGGGGTGCAAGGCTGCAGTGAACCATGATCACACCAGTGCACTGCAGCCTGGGCAACACAGCAAAACCCTGTC"
"GL873521","11332611","11332889","chr9","110082691","110082973","78","98750080","GACGGGGAGCCATGGCTTGAGACTGTAATCCTAGTACTCTAGGAGGCCAAGGTGAGTGGATTACTTAAGCTCAGGAGTTAAAGTCCAGGCTGAGCAAGAGTGAGACCCTGTCTCTCCCCCAGATAGGAAAACTAGCCGGACATTGTAGTAGGCACCTGTAGTCCCAGCTTCTGAGGAGGCTGAGGCAAGAGGATTGCCTGAGCCCAACAGTTTGAGGTTGCTGTGAGCTAAAATGCCATGGAACTCTACCCATGGTGATGGAGTAGGATTCTGTCTCAA","GACTGGGCATGGTGGCTCCCAAAGTGTAATCCCAGCACTTTGGGAGGCCAAGGTAGGTGGATTGCTTGAGCCCAGGAGTTTGAGACCAGCCTGGGCAACATGGTAAAACCCTGTCTCTACAAAGAATACAAAAATTAGCTGGGCATGGTTGCATGCACTTGTGGTCCCAGCTACTCAGGAGGCTGAGGTGGGAGGGTCACTTGAGCCCAGGAGATTGAGGCTGCAGTGAGCTGAGATCGTGCCACTGCACTCTAACCTGGGTAATGGAGTGAGACCCTGTCTC"
"GL873521","11332916","11332939","chr22","30701628","30701648","4","19368712","ATAAAACTAAAAAGTAAGAAAAAA","AAAAACTAAAAAGAAAAAGAA"
"GL873521","11407564","11407699","chr17","81073514","81073640","45","69665950","AAAAACTAATGGCTGGGCATAGTATGTGTAGGTAGACTAGGCTACTTAGGAGGTCAAGGCAGAAGAATCACTTGAGCTCATGAATTTGAGGCTAGCATGGGCAATGATACCTCAGGTCTCAATAAAATATAAAAAA","GCCAAGCACAATGGCTCATGCTGGTAATTCTAGTACTTTAGGAGGCCAAGGCAGTAGGATCACTTGAGGCCAGGAGTTTGAGACCAGCGTGGGCCACACAGAGACCCTCCCTGTATAAAAAAAAAAA"
"GL873521","11442747","11442764","chr1","62222108","62222122","3","50779361","CCCATAAAATAAAATAAA","ATAAAATAAAATAAA"
"GL873521","11442802","11443056","chr17","73117863","73118118","82","61675061","GGCTGGGCGTGGTGTTTCATGCATGTAATCCTAATACTTTCAGAGGCTGAGGTGGATGCACTGCCTGAGCTCAGGATTTTAAAGCCAGCCTGAGGAAGAGCAAGACCCCATCTCTAAAAAATAGCTGGGCATTGTGGTGGGTGCTTGTAGTCCCCATTGTGGTGGGTGCTTGTAGGTAGCTCACGAGTTTGAGGATGCTGTGAGCTATGATGCACCACACTTCTTTCTACCCAGGGAGACAAAGCAAGACTCTGT","GGCCGGGCGTGGTGACTCATGCCTGTAATCCCAGCACTTTGGGAGGCCGAGGCGGGTGGATCACCTGAGCTCAGGAGTTCAAGATCACCTTGGGCAATGTAGTGAGACCTCACCTCTACAAAAATGAGCCAGGCATGGTAGTGCATGCTTGTAGTCCTGACTGAGGCAGGAGGATGATGAGCCCAGGAGGCAGAGGCTACAGTGAGCCATGATCGCTCCATCGCACTCTAGCCTGGGTGATGTGACACCCTGTCTC"
"GL873521","11751009","11751243","chr8","26546785","26547018","61","14795776","CAAGACCAGCCTGAGCAAAGCTAAACCCTGTCTCTACTAAAAATAAAAGGATTAGCTAGGTATGGTGGCATATGCCTGTAGTCCCAACTGCTCAGGAGTCTCAGGCAAGAGGATTGCTTGAGCCCATGAGTTAGAGGTTGCTGTGAGCTTTGATGTCATGGCACTCTATCCAGGGCAACTGAGTGAGACTGTCTCAAAATAAATAAATAAATAAATAAGAAAGAAAGAAAGAAAA","CAAAATCAGCCTGGGTCACATGGTAAAACCCCATCTCTACAAAAAATACAAAAATTAGCCAGGTATGGTGGCTTACACCTGTACTTCCCAGCTACTTGGGGGGCTGAGGCGGGAGGATCGCTTGAGCCCAGGAGGTAGAGGTTGCAGTGAGCTGAGATCGCACCACTGCACTCCAGCCTGGGTGACGGAGTGAAACCCTGTCTTAAAAAAAAAAAAAAAAAAAAAAAAAAAGAA"
"GL873521","12019379","12019705","chr16","68023292","68023602","103","56003913","GCTCACACCGATAATCCTAGCTCTGGGAGGCTGAGGGGGCAGGATCTCTTGAGCTCAGGAGTTTGAGACCAGACAGAGCAAGAGTGAGACCTTGTCTGTACTAAAAATTAACCAGGTGTGGTGGAAGGTGCCATCGTCTCAGCTACTCTGGAGGCTGAGGCAGGAGGATCCCTTGAACCCAGGAGGTTGAGGTTGCTGTGAGCCAGGCTAATGCCAAGATCTGGGGCATCAGAGTAAAACTGAGGTTGCTGTGAGCCAGGCTGATTCTAGCCTGGGCAACAGAGTAAGACTCTGTCTCAAAAACAAACAAACAAAAAACAAAAAAAA","CGGTGGCTCACACCTGTAATCCCAGCACTTTGGGAGGCTGAGGTGGGAGGATCACTTGAGCTCAGAAGTTTGAGATCAGCCTGGGCAACATGGCAAAACCTATCTCTAGAAAAAATACAAAAACTAGCCAGAGTGGCACGTGCCTGTTGTCCTAGCTACCCAGGAGGCTGAGGTAGGAGGATCACTTGAACCTGGGGGCAGAGATTGCAGTGAGCCATGATTGTGCCACTGCACTCCAGTCTGGGCAACTCCAGCCTGGGCAACAGAATGAGACTCTGTCTCAAAAATAAAAAAGAAAAGAAAAGGAAAAA"
"GL873521","12059316","12059592","chr5","143468399","143468692","69","131409083","GGCTAGGTGCAGTGGCTCATGCCTGTAATCCCAGCACTCTGGGAGGCTCAGGCAGGTGGATTACTTGAGCTCAGGAGTTGGAGACTAGCCTGAGAAAGAGTGAAACCCATCTCTACTAAAAATAGAAAAACTAACCAGGTGTGTGGTGGTCCCCTATAGTCCCAAATACTGGGGAGACAAGAGAATTGTTTGAGCCCAAGAGACTGAGGTTAGCTGTGATGACTCCATAGCACTCTACCCAAAGTGACAGAGTGAGATTCTGTCTCAAAAAAGGAAA","GGCCAGGCACAGTGGCTCATGCCTGTAATTCTAGCACTTTGGGAGGTCAAGGCAGGCAGATCACTTGAGCTCAGGAGTTCGAGACCGGCCTGGGCAACAGGGTGAAACCCCATCTCTACAAAAAAATACAAAAACTAGCCAGGTGTGGTGAAGTGTGCCTGCAGTCCCAGCTACTCAGGAGGCTGAGGCAGGAGAATTGCTTGAGCCTGGAGGCTGAGGTTGCAGTAAGTCAAGATCATGCCATTGCACTCCAGCCTGGGTGACAGGAGTGAAACCCTGTCTCAAAACAAAGAA"
"GL873521","12087639","12087865","chr4","25649068","25649301","60","13561429","GGCTGGGCTAGGTATACCATGCCTGTAATCCTAGCATCCTTAGAGGCAGAAGCAGGATTCCTTTAGCTCAGGAGATTAAGACCAGCCTGAGCAAGGGTGACACCCCATTTCCATCAAAAATAGAAAAACTAGCTGGGCATAGTGGTGGGCATCTGTAGTCCTAGCTACTCGGGAGGCTGAGGCAAGAGGATCCTTGGAGCCCAGGAGTTTGGGGTTGCTATAAGCCG","GGCCGGGCATGGTAGCTCACGCCTGTAATACCAGCACTTTGGGAGGCTGAGGCGGGCTGATCACTTGAGTCCAGGAGATAGAGACCAGCCTGGGCAACATGGCAAAATCCCATCTCTATAAAAAAAACACAAAAATTAGCTGGGCATGGTGGTGTGCACCTATAGTCCCAGCTACTTGGGAGGCTGAGGCAGGAGAATCTCCTGAGCCCAGGAGGTGGAGGCTGCAGTGAGTCG"
"GL873521","12170072","12170342","chr3","111501569","111501837","73","99331497","GCCAGATGCAGTAGCTTACAGCTATAATCCCAGTACTTTGGAAGGTCAAGGCAAGAGGATTGGTTGAGACCAGGAGTTGAAGACCAGACTGGACAATGTAGTAAAACCCTATCCCTACAAAAAATAGAAAAAATTAGCTGGGTGTCATAGCTCTTGCTTATAGTCCCAGCTACCTGAGAGGCTGAGGGAAGAGGATCACTTGAACCCCTGAGATTGATACCATGGTACTCCACCTTGGGTGACAAAGTGAGACCCTTTCTCAAAAACAAAA","GGCTGGGTGTGATGGCTCACATCTATAATCCCAGCACTTTGGGAGGCCAAGGCAGGTGGACTGTCTGAGACCAGGAGTTTGAGACCAGCCTGGGCAACATGGTGAAACCCTGTCTTGACAAAAAAAATAAAAAATTAGCTGGGAGTGGTGGTGTGCACCTGTAGTCCCAGCTATGCGGGAGGCTGAGATGGGAGGATCGCTTGAGCCCGGCAGGCAGAGGTTCACTCCAGCCTGGGCGACAGAGTGAGACCCTGTCTTAAAAACGAAAA"
"GL873521","12688417","12688615","chr16","83498862","83499063","66","70810445","AAATCAGCCTGAGCAAAAGCAAGATCCAGTCTCTACAAAAAACTAGAAAAATTAGCCAGGCATGGTGATACACTCAGGAGAATGAAACAAGAGGATCACTTGAGCCCCGGGGTTTGATGTTGCACAGTGAGCTATGGCGATGCTGCTGCTCGGATAACAACGCGAGATGAGACCCCGTCTCAAAAACAAACAACAAAAA","ACTAGCCTGGGCAACACAGCAAAACCCCATCGCTACAAAAAATACAAATATTAGCCAGGTGTGATGGTGCATGCCTAGGGAGGCTGAGGTGGGAGGATCACTTGAGTCCAGGGAGGCTGAGGCTGCAGTGAGCTGAGATTATGCCACTGCACTCCAGCCTGAGTGACAGAGTGAGAACCTGTCTCAAGAAAATTAAAAAAAA"
"GL873521","12689719","12689822","chr7","26479088","26479188","21","13789369","GCTGAGTACAGTAGCTCACTTCTTTCATCTCAGCACTATGAGAGGCTGAGTCAGGAGGATCACTTGAGGCCAGGATTTTGAGACAAGCCTGGGGAACATAGTGA","GCTGGGTGCTGTGGCTCACATGTATAATCACAGCACTTTGGGAGGCTGAGGCAGGAGGATCACCTGAGGCCAGGATTTCAAGACCAGCCTGGGCGAAATGG"
"GL873521","12747705","12747831","chrX","118392849","118392966","30","105645144","GCCAAGCATGGTAGCACAAGCTTTGTAGGCCCAATTACTTGGGAGGCTAAGATGGGAGGATCACTTGAGCCCAGGAGTTTGAGGCCAGCCTGAGAAACACTCCAAGACCCTCTTTATTTAAAATATA","GCCAAGCATGGTGGCTCATGCCTGTAATCCCAGTACTTTGGGAGGCTGAGATGGGAGGATAGCTTGAGCCCAGGAGTTTGAGACCAGCCTGGTAACACAGTGAGACCTCATCTCTACA"
"GL873521","12758304","12758462","chr7","65488595","65488751","43","52730291","ACTTAGCTGAATATAGTAGCACAAGCCTGTATTTCCAGCTACTCAGGAGGCTGAGGCAGGAGGATCACTTGGGCTTACAAGTTGGAGGTTGTGGTAAGCTATGATGATGCCACTGCCCTCTGCCCCAGGCAAATGTGATGCCTTGTCTCAACAACAAAA","TTAACTGGGTATAATGACACATGCCTGTAGTCCCAGCTACTAGAAAGGCTGAGGTAGGAGGATTGCTTGAGCCTGAGAGGTTGAGGATGCAGTGAACCATGATCAGGCCACTGCACTCAGCCTAGGCAACACAGTGAGACCCTGTCTCAAGAAAAAA"
"GL873521","12758495","12758600","chr16","15961202","15961315","30","3202707","GTGGCTGGTGCATATAATCCTACCACTTTGGAAGGAGGAGGGAGAATCATTGAAACCAGGAGTTCAAGAACAGCCCAGGCAGGCTATAGTGAAATCTCATCTCTAC","GTGGCTGGGCATGCCTGTAATCCTAGCACTTTGAGAGGCTGCAGCGGAAGGATCGCTTGAGCCCAGGAGTTCAAGAACAGCCTAGGCAACATAGCAAGATCCCTGTCTCTACAA"
"GL873521","12822938","12822952","chr1","210017045","210017059","2","197194107","TAAAACAAAAGAAAA","TAATAAAAAAGAAAA"
"GL873521","12822989","12823283","chr7","75828649","75828941","71","63005660","GGCCAGGCAAGGTGGCTAACTGCTGTAATCTTAGCACTCTAGGAGGCTGAGGCAAGAGAATTCCTTGAGGTCAGGAGTCAGAGACCAGCCTGAGCAAAAATGACACTCCACCTCTATGAAAAATAGAAAACAAAAATTAGCCAGGTGTGATGGCCCATTTCTGTAGTCCCAGCTACTGGGGAGGCTGAGGCAGGAGGATAGCTTGAGCCCAGGAGCTTGAGGTTGCGGTAGCTAGGCAGATGGCTCAGCACTCTTTCTAGCCTGGGCAACAGAGCAACATTCTATCTCAAAAAAT","GGCTAGGCATGGTGGCTCATGCATGTAATCCCAGCACTTTGGGAGGCTGAGGCGGACGGATCACTTGAGGTCAGGAGTTCGAGACCAGCCTGGTCAACATGGTGAAACCCCATCTCTACTAAAAATATAAAAATTAGCCAGGTGTGGTGGCGCATGCCTGTAGTCCCAGCTACTTGGGAGACTGAGGTGGGAGGATCCCTTGAGCCTGGGAGGTTGAGGCTGCAGTGAGCTGTGATGGCACCACTGCACTCCAGCCTGGGCAATAGAGCAAGACCCTGTCTCATAGGAAAAAA"
"GL873521","13041237","13041319","chr5","49472177","49472254","12","36430940","GGCCAGTCATGGTGGCTCATGCCTATAATCCTAGCACTCTGGGAGGCTGAAGCAGGAGGATCACTTGAGCTCAGGAGTTTGAG","GGCCTGGCATGGTGGCTCATGCCTGTAATCCAGCATTTTGGGAGGCTGAGGCAGGAAGATCACTTGAGCTCAGGATTT"
"GL873521","13102109","13102207","chr16","30194624","30194720","25","17092515","TGAGCCCAGGAGTTTGAGGTTGTTGTGAGCTGAGCAGACCACACAGCATTCTAGCTTGGGCAACAGAGTGACATTGTGCTTCAAAAAAAGAAAAAAAAA","TGAGCCCAGGAGTTTGAGACTACAGTGAGCTATGATTACACCACTCCTCTCCAGCATGGGCAACAGAGTGAGACACTATCTCAAAAAAAAAAAAAAA"
"GL873521","13102475","13102686","chr2B","236887995","236888203","46","223785520","GGCCAAGTGTGGTGGCTCATGCTTGTAATCCTAGCACTCTGGGTGGCTGAGGCAGGGGGATCACTTGAGCTCAGGAGTTCAAGACCAGCTTGAGCAAGAGTGAGAACCCATTTCTACTCAAAATAGAAAAAAATTAGACAGGCACTGTGGTGAGTGCCTGTAGTATGAGCTACTTTGGAGGCTGAGATAGGAAGATCACTTGAGCCCAGGAG","GGCTAGGCGCAGTGGCTGAAGCCTGTAATCCTAGCACTTTGGGAGGCCGAGGTGGGCGATCACTTTGGCTCAGGAGTTCGAGACCAGCCTGGGCAATATGGCAAAACCCCATCTCTACACAAAATACAAAAATTACTCAGATGTGGTGGTGAGTGCCTGTAGTCCCAGCTACTTTGGACGCTGAGGTGGGAAGATCACCTGAGCCCAGG"
"GL873521","13327200","13327291","chr3","43397692","43397785","20","30070492","CTATCACTTTAGGAGGTGAGGTGGGAGGATCACTTGAGGCAAGGAGTTCAAGAGCAACCTAGGCAACATAGGAACCCCTCTGTCTCTCCAAA","CCCAGCACTTTGGGAGGCTGAGGTGGGCAGATCTCTCGAGCCCAGGAGTTCAAGACCAGCCTGGGCAACATGGTGAAACCCCGTCTCTACCAAA"
"GL873521","13327700","13327732","chr1","70851001","70851033","8","57523301","GCTGGATATGGAGTCTCACACCTGTAATTCTAT","GCTGGGCATGGTGGCTCATCCCTGTAATTCCCT"
"GL873521","13722076","13722356","chr17","55905881","55906166","74","42183805","GTCTGGCGTGGTGGCTCAAGCCTATAATCCTAGTACTCTGGGAGTCCAAAGTGGGTGGATTGCTTGAGCTCAGTAGTCTGAGACCAGCCTGAGTAAGACCCAGACATCGTATCTACTAAAAATAGAATAAACTACCTGGGCATTGTAGCGGGTGCCTACAGTCCCAGCTACGTGGGAGGTTGAGGCAAGAGGATCACCTGAACCTAGAGAATGAGGTTGCTGTGAGCTATGATGAGGTCAAGGCACTCTACCCAGAGTAACAGAGTGAAATTCTATCTCAA","GGTCAGGCATGGTGGCTCAGGCCTGTAATCCCAGCACTTTGGGAGGCCAAGGTGGGCAGATTGCTTGAGCCCAGGAGTTTGAGATCAGCTTGGGCAACATAGTGAAAACTCATCTCTACAAAAAATTAAAAAAATTAGCTGGGCATTGTGGCACGTAACTGCAGTCCCAGCTACTTGAGAGGCTGAGGTGAGAGGATCACCTGAGGCCGGGAAGTCGAGGCTGCAGTGAGCTGTGATTGGGCCACTGCACTCCATCCTGGGCGACAGAATAAGACCCTGTCTCAAA"
"GL873521","13722635","13722652","chr6","90847853","90847870","1","77125218","AAAAAAAAAAAAAAAAAA","CAAAAAAAAAAAAAAAAA"
"GL873521","13789517","13789832","chr12","121838917","121839229","75","108049400","GCTGGGTGTGGTGGCTCATATCTGTAATGATAGCACTCTGGGAGGTCAAAGCAGGGAGATTACTTGAGCTCAGGAGTTAGAGAGCATCCTGAGAAAGAGTGAGATCCCTATCTATACTAAAAACAGAAAAACTAGCCAGTTGTAGTGGCAGGCACCTGTAGTCCCAGCTACTTTGGGAGTCTGAGACAAGAGGATCTCATAAGCCCAAGAGTTTGAGGTTGCTGTGAGCTGCGATGCCACAGCACTCTACCTGGGGTGACAGAATGAGACTTTGTCTCAAAAAAATAAAAAATAAAATAAAATAAAATTTAAAAAA","GGCTGGGTGTGGTGGCTCATGCCTGTAATCCCAGCACTTTGGGAGGCCAAGTCAGGAGGATTATTTGAGCCTGGGAGTTTGAGACCAGCCTGTGCAACATGGTGAGACCTCATCTCTACAAAACATAAAAAATTAGCCAGGCATGGTGGCATGTGCCTGTAGTCCCAGCTACTTGGGAGGCTGAGGCAGGAGGATCAGTCGAGCCCAGAAGATTGAGGCTACAGTGAACTGTGTTCATGCCACTGCACTCCAGCCTGGGTGACAGAGTGAGACCTTGTCTCCAAAAAAATCAAATAAATAAAAAAATAAAAAA"
"GL873521","13902129","13902272","chr17","73619699","73619842","30","59717570","GGCCAGGCATAGTGGCTCGCACCTATAATCCAGTACTATGGGAGACCAAGGCTGGAGGATCAATTGAAGCCAAGAGTTAAAGACCAACCTGGGCAACATAGAAACACTTCACCTATATAAAAAAAAAAAAAAAGAAAGAAAAAA","GGCCAGGTATGGTGGCTCACACCTGTAATTTCAGCACTTTAGGAGGCTGAGGCAGGAAGATCACTTGAGGCCAGGAGTTCAAGACCAGCCTGGGCAACATGGCAAGGCTTCATTTCCACAAAAAAAAAAAAAAAAAAAAAAAAA"
"GL873521","13902315","13902339","chr7","66627085","66627108","7","52724770","AAAAATTAACCCAGCATGGTGGCGC","AAAAAATTAGCCAGGCATGGTGAC"
"GL873521","13902374","13902499","chr7","68063538","68063660","30","54161164","AGTCCCAGCTACCATAGAGGTTGAGCCAGGAGGATCACTGAAGCCCAGAGCCCAGAAGTTTGAGGTTGCAGTAAGCTATGATCATGCCACTGTACTCTAGTCTAGGTGACAGAAGGAGACCCTGTC","GTAGTCCCAGCTACAAGGGAGGCTGAGGCAGGAGGATGGCTTGAGCCTGGGAAGTTGAGGCTGCAGTAAGCTATGATCATGCCACTGCACTCCAGCCTGGGTGACAGAGTGAGATTCTGCCTC"
"GL873521","14127800","14127881","chr3","123515043","123515137","26","109387243","GGCTAGATATGGTGGCTCATGCCTATCTGGAAAGCTGAGGCAGGAGGATTGCAAGAGGCCAGAAGTTTAATACCAGGCTAAG","GGCCAGGTATGGTGGCTCATGCCTATACTCCCAGCCTTTTGGGAGGCTGAGACAGGAGGACTGCTTGAGGCCAGGAGTTTAAGACCAGCCTGACT"
"GL873521","14128162","14128352","chr4","26023510","26023691","57","11895348","GGGCTGAGAATGAGATCCCATCTTTACAAAAAATTACCCAGGTATAGTGGCATCATCCTAGCTACTTGGGAGGCTGGGGCAGGAGGATTTCTTGGGCCCAGGAGTGTGAGGCTACGCTGAGCTATGATACCACTGCACTTTAGCCTGGATGATACAGCAAGATTTTACCTCAAAAAAAAAAAAAAAAAAAA","GGGTGGGAAAAAATTATCTGGAAATGGTGGCATATGCCAGTGGTCCTAGCTACTTGGGAGACTGAGGCTGGAGGATCACCTGAGCCCAGGAGTTAGAGGCTGCGGTGAATCGTGATCATGCCACTGCACTCTAGGCTGGGCAATAGAGCAAGACCCTATCTCGAAAAAAAAACAACAAAAAA"
"GL873521","14184019","14184216","chr17","61651681","61651883","50","47467662","GGCTGGGCATGGTGGCTCATGCCTGTAACCCTAGCACTCTGTGAGGCCAAGGCAAGTGGATCACCTGAGCTCAGGAGTTTGAGAACAGCCTGAGCAAGAGTGAGACTCCATCTCTAAAAATAGTTGGGCATTTGTGGTGAATGCCTATAGTCTCAGCTACTCAGCTACTTAGGAGGCTGAGGCAAGAGGATTGCTTGA","GGCTGGGTGCAGTGGCTCACGCCTGTAATCCTGGCACCTTGGGAGGCCAAGGTGGGAGGATCACTTGAGCCCAGGAGTTTGAGATCAGCCTGAACAACGTGGTGAAACTCCATCTCTACAAAAAATACAAAAATTAGCTGGGCTTAATGGCATATGCCTGTGGTCCCAGCTACTGAGGAGGCTGAGGTGGGAGGATTGATTGA"
"GL873521","14185943","14186062","chr8","25834967","25835086","23","11649024","GGCAGGGTGCAGTGGCTCACACCTATAATCCCAGCACTCTGGGAAGCTGAGGTGGGAGGATTGCTTTGAGATCAGGAGTTTGAAACTAGCTTGAGCAAAGCAAGACCCATCTCTACTAAA","GGCCAGGTGCAGTGGCTCATGTCTGTAATCCCAGCACTTTGGGAGGCTGAGGTGGGAGGTTTGCTTGAGCCCAGGAGTTTGAGACCAGCCTGGGCAACATAGCAAGACCCTGTCTCTATA"
"GL873521","14186086","14186221","chr14","74199793","74199926","31","60013707","AATTAGAGAGGTGTGATGCCACACACTGTAGTCTCATCTACTTTGGAGGCTGAGGCACAAGGATTACTTGAGCCCAGGAGCATGAGGTTGCTGTGAGCGAGGCTGAGGCCACAGCACTCTAGCCTGGGCAACAGAG","TTAGCCAGGTATGGTGGTGCACACCTGTAGTCCCAGCTACTTGGGAGACTGAGGCAGGAGGATTGCTTGATCCCAGGAGTTGAGGCTGCTAAGAGCTATGATCATGTCACTGCACTCCAGCCTGGGCAACAGAG"
"GL873521","14534133","14534413","chr5","43470606","43470891","71","28936473","GGTAGCTCATGTCTATAACCCTGACACTCTGGGAGGCTAAGGGAGAAACATCCCTTGAGCTCAGGAGTTCAAGACCAGTCTAAGCCAAAAGGGAGATCCATCTTTACCAAAACAGAAAAATTAGCTGGGCATGGTGATGTGTGCCTGTAGTACCAGCTGCTTGGGAGGCTAAGGAAGGAGGATTGTTTGAGCCTAGGAGTTTAAGGTTGCTAAGAGCTAGACTGAGGCCATGGCACAGTAGCCCAGGCAATAGAATGAAACTCTGTCTCAAAAAAAAAAAA","GTGGCTCTTGCCTATAATCCCAGCACTTTGGGAGGCTGAGGAGGGCAGATTGCTTGAGCCCAGGAGTTCAAGACCAGCCTGGGCAACATGGGAAAACCTCGTCTCTACAAAAAACACAAAAATTAGCTGGGCATGGTGGCATGTACCTGTAGTCCTAGCTACTTGGGAGGCTGAGGCAGGAGGACTGCTTGAGCCTCTGGAGGCGGAGGTTGCAGTGAGCTGAGACCGCGCCACTGCACTCCAGCCTGGGTGATAGAACAAGACCCTGTCTCAAAAAAAAAAAAAA"
"GL873521","14534507","14534523","chrX","153619065","153619080","3","139084558","CCCAAAATAAAATAAAA","ACATAATAAAATAAAA"
"GL873521","14646173","14646307","chr1","9156973","9157091","40","5489200","GGATGTAGTAGCTCACACCTGTAATCCCAGCATCATGGGAGGATCACTTGAGGCCAGGAGTTTGAGACTGGCTTGGGCAATATGGTGAGGCCCCATTCTTACAAAATAGGAAAAGAATTAATTGGATATGGTGGC","GGCTGGGTGAGGTGGCCTCACGCCTGTAATCCCAGCACTTTGGGAGGCCAAGGCAGGAGTTTGAGACCAGCCTGGGCAATACAGTGAGACCCCATCTCCAAAAAAAAAATTAGTGGGGC"
"GL873521","14703100","14703421","chr17","68155983","68156305","73","53452883","GGCTGGGCACAGTGGCTCATACCTGTAATCCTAGCACTTTGGGAGGCCAGGAAGGGAAGATAGCTTGAGGCCAGGAGTTTGAGACCAGGATGAGCGAGGTAGCGAGACCCCCCATCTCTATCAAAAATTAAAAAAAAAAAAAAATTAGCTGGGTATAGTGGTGAGGGCCTATCATCCTAGCTACTTAGGAGTAAGACAGGAGGATCACTTGAGCCTAGGAGGTAAGGTTGCAGTGAACTATGATGATGACCCTGCACTCTTGCCTTAGCAAGATGGTGAGACCCTGTCTCAAAACAAACAAACAAACAAACAAACATAAAAA","GGCTGGGCACCGTGGCTGACATCTGTAATCCCAGCACTTTGGGAGGCCAAGGCGGGTGGATCACTTGAGCCCAGGAGCTCGAGACCAGCCTGACCAACATGGCAAAACCCCATCTCTACCAAAAAAAAAAAAAAAATACAAAAAGTTAGCTGGGCATGGTGGAGAGGGCCTGTAGTCCCAACTACTCAGGAGGCTGAGGTGAGAGGATCACCTGAGCCACAGGAGGTCGAGGCTGCAGTGAGCCATGATCACACCATTGCACTCCAGCCTGAGAGAAAGTGAGACCCTGTCTCAAAAAAACAAACAAACAAAAACAGCAAAAA"
"GL873521","14778613","14778888","chr15","42746072","42746354","63","27967459","GGCCCAGCACAGTGGCTCACACCTATAATCCTCGCATTCTAGGAGACTGAGGTGGGAGGATCACTTGAGCTCAGGAATTTGAGATCAGCTTGAGCAATAAGGTGACCCCATCTCTACTAAAAATAGACTAATTAGCCAGGCATTGTGGTGGGCACCTGTGGTCCCAGCTAGTTGAGAGGCTCATGTTGGATTCCTTGAACCCAGGAATTTGAGGCTGCTGTGAGCTGGGCTGATGCCACAGTATTCTAGCCTGGGCAACAGAGTATGACTCTGTCT","GGCCAGGTACAGTGGCTCACACCTGTAATCCCAGCACTTTGGGAGGCCAAGGCAGGAGGATCACTTGAGCCTAGGAATTCAAGACCAGTCAGGGCAATATGGTGAAACTCCATCTCTACAAAAAATACAAAAATCAGCCAGGTGTGGTGGTGTGCGCCTGTGGTCCCAGCTACTTGGGAGGCTGAGATGGAAGGATCACTTGAGCCCAGGAAATGGAGGCTGCAGTGAGCTAAGGCTGTGCCACTGCACTCCAGCCTGGGCAACAGAGTGAGACCCTGTCTCA"
"GL873521","14884261","14884393","chr13","24405237","24405373","27","9520976","GGCTAGGTGTGGTGGCTCATGCCCATAATTCCAGCATTCTGGGAGGCCAATGTGGGAGGATCCCTGGAGGTCAGGAGTTTGAGACCACCCTGAGCAAAGCGAGACCCCATCTTCACTAAAAATAGAAAAATTA","GGCTGGGCATGGAGGCTCATGCCTATAATCCCAGCACTTTGGGAGGCTGAGGTGGGAGGATCGCTTGAGTTCATGAGTTCAAGACCAGCCTGAGCAACACAGTGAGACCTCATCTCTACTAAAAATCAAAAAAATTA"
"GL873521","14884660","14884815","chr1","141772547","141772702","39","126887887","TTAGTTGAATGTGGTGGTGTACACCTGTAGTCCCAGCTACTTGAAAGGCTGAAGAAAGAGGATTGCTTGAGCCCAAGTGCTTGAGGTTGTAGTGAGCTAGGCTGACGCTATGACACTCTGACCCAGGTGATAGAAGAAGACCCTGTCTCAAAAAAA","TTAGCTGGGCATGGTGGCGTGCACCTGTGGTCCCAGCTATTTGAAAGGCTGAGTTGGGAGGATCACTTGAGCCCAGATGGTTGAGGCTGCAGTGAGCCATGATGGCACCACTGCACTTTAGCCTTGGTGACAGAGCAAGGCCCTGTCTGAAAAAAA"
"GL873521","15677856","15678124","chr7","99887814","99888086","73","84209958","TGGCTCATGCCTGTCAACAAAGTACTTTGGTAGATTGAGAAAGGAGGATCTCGTGGACTCAGGAGTTTGAGACCAGCCTGGACGACATGGTAAAAAAACATCTTTAAAAAATTAGCCTAGCATAGTGGTGCACATTGATAATTTCAGCTATTTCGCAGGCTGAAGTGGGAGAACCACTTGTGTTTGGAAGCTCGAGGCTGCAGTGAGCTATGATCTCACACTACACTCCAGCCTGGGTAATATGGTGAGGTCCTGCCTCAAAAACAAAA","GGCTTACACCTGTAATCCCAGTGCTTTGGGAGGCTGAGGCAGGCAGATCACTTGAGCCCTGGAGTTCAAGACCAGCCTGGGCAACATGGTGAAACCCCATCTCTACAAAAAATTAGCCAGGCATGGTGGCTTGCACCTGTAGTCCCAGCTACTCAGGAGGCTGAGGTAGGAGGATTTCATGAGCCTGGAAGGTTGAGGCTGCAGTGAGCTATGATCACACCACTGCACTCCAGTCTGGGTGATAAAGTGAGACCCTGTCTCAAAAAAAAAAAA"
"GL873521","15875728","15875811","chr8","5975319","5975398","26","9900409","CAGTGAGCCGTGGTCTCCCTGTGCATTCCAATGTGAGTGACAGAGAGACCTCCCTCACACTCCCAAAAAAGAAAAAACAAGAAA","GCAGTGAGCCTTGATCGTGCTATTGCACTCTAGCCTTGGTGACAGAGAGAGACCCTATCTCAAAAAAAAAAAAAAAAAAA"
"GL873521","16170363","16170540","chr3","50079465","50079644","47","33909102","AAAAAAAAAAAAAATTACCCAGGTAAGGTGGTAAGGACCTGCAGTCCTAGCTATCTGGGATACGAGGTAGGAGGAGCACTTTGGCCCAGGAATTCCAGGCTATGGTGAACTATGATTACAACTGCACTCTAGCCTGGGCAAAAGAGTAAGAGACTGTCACAAAACACAACAAAACAAA","ACAAAAAGAAAAAACAATTAGCAAGGCCTGGTGGTACACACTTGTAGTCCCAGCTATTTGGGAGGCTGAGGTGGGAGGATCACTTGAGCCCAGGAGTTCAAGGTTACAGTGAGCTATGATCATGCCACTGCACACTAGCCTGGGCATCAGAGAGAGTTCCTGTCTCTAAGAAAAAAAAAA"
"GL873521","16172240","16172374","chr1","29329421","29329551","29","13157181","GGCTGCATGCAGTGCCTCATGTTTGTAATCCCAGCACTTTGGGAGCCAGTGGAGGAGAGGATCACTTGAAGCCAGGAATTTAAGACGGACCTAGCCAACATAATGAGAACTCCTCTATACAAAAAATAATAAAAT","GGCTGGATGCACTGGCTCCTGTCTGTAATCCCAGCACTTTGGGAGGCTGAAACAGGAGGATCCCTTGAAGCCAGGAGTTTAAGATCAGCCTGAGCAACAGAGTGAAACCCTGTCTCTACAAAAAAAAAAAA"
"GL873521","16260421","16260667","chr2A","25887935","25888182","71","9627514","GGATACAGTGGCTCACACCTGTAATCTTAGCAAACACCCTGGGGTGCTAAGGCAGGAGGATCACTTGAGCTCAGGAGATCAAGACCAGCCTGAGGAAGAGTGAAACCCCATTTCTACCACACATAGAAAAATTAGCCAGGTGTCTCTCTCTAGTCCCAGCTACTTGGGAGGCTGAGACAGGAGAATTGCTTAAGCCAGGGAGTTTCAGGTTGCTGTGGCTCAGACCATGGCACTCTAGACTGAGCAA","GGCTGGGCACAGTGGCTCACACCTGTAATCCCAGCACTTTGGGAGGGTGAGGCAGGAGGATCACTTGAGCTCAGGAGTTCGCAACCAGCCTGGGCAATATGGTGAAACCGCATCTCTACAAAAAATACAAAAATTAACCGGGTGTGGTTGTGCATGCCTGTAGTCCCAGCTACTTGGCAGGCTGAGGTGGGAGGATTGCTTGAGCTCAGGAGGTCAAGGCTGCAGTGAGCCATGATTACTCCACTGCA"
"GL873521","16747501","16747629","chr7","102198592","102198722","33","85451091","GCCGGGTATGGTGGCTCACACCTGTAATCCCACCACGTGGGAGGCCAAGGCAAGCAGATTGCCTGAGCTCACAGGTTCAAGACCAGCCTGAGCCAGAGTGAGACTTTGTCTTGGAAAATACCCGGGTGT","GGCTGGGTGTGGTGGCTCACACCTGTAATCCCACCACTGTGGGAGGCTAAGGCAGGCAAATCGCTTGAGCCCAGGAGTTCGAGACCAGCCTAGGCAACGTGGTGAAACTGTCTTTAGAAAATATTAGCCAA"
"GL873521","16747905","16748071","chr1","26355033","26355200","42","9607128","AACTAGGTAGGTGTTGCAGCAGGCGCCTGTAAATCCCAGCTACTTGGGCCAAGGCAAGAGAATCAATCACTTATGCCCAGGAGTTTGAGGTTGCTGTAAGCTATGACGCCCTGGCACTCTACCAAGGGTAACAAAGTCAGATCCTGCCTCAAAAAAAAAAAAAAAAA","AACTAGCTGGGTGTGGCGGCGTGTGCCTGTAGTCCCAGCTACTTGGGAGGCTGAGGCAGGAGGATCACTTGAGCCCAGGAGTTCAAGGCTGCAGTGAGCTAAGATCATACCACTGCACTCCAGCCTGGGTAATAGAGTGAGATCCTGTCTCAAAAAAAAAAAAAAAAA"
"GL873521","16826358","16826516","chrX","96886204","96886345","57","80059846","GGCGCCCTGCCACAAGCTGTAGTCTCCCCTATTTGGGAGGGTGAGGTCGGAGGATCATGTGAGCTCGGCAGTTCAAAGTCACCGGGCACTACAACCTCACCTGGACCAGTCAGGACTGCACGCCAGCCTCCCCAGCGCAGTGAGACTCTGTTTCTAAAA","GGTGCACATCTGTAGTCTCAGTTATTTGGGAAGCTGAGGAGGGAGGATCACTTGAGCCTGGGAGGTCAAGGCGCCAGTGAGCTGTGATTGCACCACTGCACTCCAGCCTGTGCTACAGAGTGAGACTCTGTCTCAAAAAAAA"
"GL873521","16850386","16850705","chr1","224543342","224543654","83","207692956","GCCAGCTGTGGTGGCTCACACCTATAGTCCTCACACTCTGGGAGGCTGAGGAAGGCAGATTCCCTGGAGCTCAGGAGATTGAGACCAGGCTGAGCAAGAACTGAGACTCTGTCTCTACCCCAAACAGAAAAACTTCACTAGGTGTTGCGGTGGGCACCTATAGCCTGAGCTACTTGAGAGGCAGAGGCAGGATGATCACTTGAACTCAGGAGTTTGAGGTTGCTATAGCTGTGCTGATGCCATAGTACTTTAGCCTGGGCAACAGAATGAGACTCTGTCTCAAAATAAATAAATAAATTAATAAATAAAAGAGAAAGAAA","GCCAGGCAGGGTGGCTCACGCCTGTAATCCCAACACTTTGGGAGGCTGAGGCAGGCAGCTTGCTTGAACTCAGGAGTTTGAGACCAGTCTAGGCAACATGGTGAAACCCCATCTCTACAAAAAATACAAAAATTAGCCAGGCGAAGTGGCGTGCCTATAGTCTTAGCTACTTGGGAGGCTGAGGCAGGAGAACTGCTTGAACTGGGGAGGTCGAGGCTGCATGAGCCGAGATCGTGCCACTGCACTCCAGCCTGGATGACAGAGCGAGACCCTGTCTCAAAATAAATAAATGAATAAATAATAAAATAAATAA"
"GL873521","16987716","16987746","chr4","157175852","157175881","5","140188136","GAAGAAAGAAGAAAGAAGAAAGAAGAAAGAA","GAAGAAGAAGAAGAAGAAGAAGAAGAAGAA"
"GL873521","16988099","16988370","chr11","32048157","32048430","73","15060058","GGCCCAGTTCAGTGTCTCACACCTGTAATCCTAGAACTCTGGGAGGTCAAGGAAGGTGGAGTCCTTGAGCTCAGGATTTTCAGATAAGCCTGAGCAAGAGACAGATCCATATCTACTAAACATAGAAAAACTAGCCTGGCATCAGTGTAGTCCCAGCTACTCAGAAGGCTGAGGCAGGAGGATCATTTGAGCCCAAATGTTTGAGTTTGCTGTGAGCTATGATGAATGACACCAGGGCACTCTACCCAGGGCAACAGAGTGAGACTATTTCT","GGCCCACCACAGTGATTCACATCTATAATCCCAGCACTTTGGGAGGCCGAGGTGGGAGAGTAGCTTGAGCCCAGGAGTTTGAGACCAGCCTGAGCAACAGGGCGAGACCCCATCTCTACAAAAAAAATTTAAAAATTAGCCTAGCATGTGCCTGTAGTCCCAGCTACTCAGGAGGCTGAAGCAGGAGGATCACTTGAGCCCAGGAGTTGAAGGCTGCAGTAAGCTATGATCACCCCACTGAGCTCTAGCCAGGGTGACTGAGCAAGACTCTATT"
"GL873521","17153915","17154039","chr7","102370770","102370890","26","85216855","GGCTAGGCACGGTGGTGACTCCTGCTTGTAATCCCAGCACTCTGGGAGGCCTGTGGCAGGTGAATTCCTTGCGCTCAGGAGTTCAAGACTAGCCTGAGTAATAGTGAAACCTCTGTCTCTACTAA","GGCTAGGCACGGTGGCTCATGCCTGTAATCCCAGCACTTTGGGAGACTGAGGTGGGAGAATTGCTTGAAGCTGGGAGTTCAAGACCAGCCTAGGGAACATAGTGAGACCCTGTCTCTTCAA"
"GL873521","17154076","17154241","chr16","21596696","21596868","46","4442620","CTAACCAGACCTGACAGGTGGCTATACTCTCGGCTACTTGGGAGGCTGAGGCAAGAGGATCACTTGATCTCAAGAGTTTGAGGTTGCTATAAGCTATGAGGCCATGACACTCTACCGAGGGCAACAAAGTAAGAGTTTTTCTCAAAAAAAAAACCCAAAACAAAAA","ATTAGTCAGACATGGTGGCATGTGCCTATAGTCCCAGCTACTTGGGAGGCTGAGGCAAGAGAATCATTTGAGCCCAGGAGGTTGAGGCTGCAGTAAGCAGTGATCATGTCACTGCACTCCAGCCTGGGCAACAGAGCAAGACCCTGTCTCAAAAAAAAAAAAAAAAGAAAAAA"
"GL873521","18186068","18186211","chr11","18518855","18518988","40","332787","TAGTCAGGTGCAGTGGTGCATGCCTGCAGTCACAGCTACTCTACTCAGGAGGATGAAGCAGGAGGACCACTGGAGACCAGGAGTTTGAGAATGCTGTAAAATACCATTGAGTCACTGCCTGCCAGCTTCAGTAACAGAATAAGA","TTAGCCAGGTGCAGTGGCGCATGGCTGTAGTCCTGCTTACTCAGGAGGTTGAAGCAGGAGGATCACTTGGGCCCAGGAGTTTGAGGCGGCAGCGAGCCATAATCGTGCCACTGCACTCCAGCTGAGTGACAGAG"
"GL873521","18186242","18186351","chr4","101432127","101432236","31","83245885","CTTGTAATTTCAGCACTTTTGGAAACTGTAGAAGGAAGATTGTTTAAGACCAGGAGTTCCAGAACAATCTGGGCAACACATGTTGACCTTGTACCTACATGAAAAAAAAA","CCTGTAATCCCAGCACTTTGGGAGGCTGAGGCAGGAAGACAGCTTGAGGCCAGGAGTTCCAGACCAGTCTGGGCAATATAGCAAGACCCTCATCTCTTTAAAAAATAAAA"
"GL873521","18231783","18232086","chr11","120552808","120553110","90","102321025","GGCATGGTGGCTCACACCAGCAATCCCAGCGTTTTGGGAAGCCCAAGGAAGAGAATCACTTGAGACCAGCCAGAGGTACATAGACACGTGGTCTACAAGAAATGACAATTAAAACAAATTGCTGGGCATGGTAGCCTGTGACTATAGTCCTGGCAACTCAAGAGGCTGAGTCAGGGGGTTTTTTGAGCCTATGAAGTCTAAGTTGCAGTAAGCTGTGATCATGCCACTATACCCTAGCCTGGGTGACAGAACAAGATTCTGTCTCTAAAAATAAAATAAAATAAAATAATAAAATGAAATAAAA","GCCAAGCATGGTGGTTCATACCTATAATCCCAGAACTTTGAAAGGCCAAGGCGAGAGGAGTTTGAGACCAGCCTGGGCAACATGATGACATGCCGTCTCTACAAAAAAATAAAATAAACAAAAACTAGCTGGGCCTAGTGGCATGTGTCTGTAGTCCTAGCTACTCAGGAGACTGAGGCAGGAGGATCACTTGAGCCTGGGAGGTCAAGGTTGCAGTGAGCTATGATTGTGTCACTGTACTCCAGCCTGGGTGACATAGCAAGAACTGGTCTCAAAAAAAAAAGAAAGAGAGAAAAAAGAAAA"
"GL873521","18672921","18673268","chr5","164510023","164510360","89","145837102","GGCTGGCCATGGTGGCTGAGGCCTGTCATCCTACCACTCTGAGAGGATGAGGAAGGAGGATTGGATTGCTTCAGCTCAGGAGTTCAAGACCAGCCTGAGCAAGAGCAAGACTCAGTCTCTACCAAAAATAGAAAAATTAGACTAGCCAGATGTAATGGCAGATGCCTCTAGTCCCAGCTAGTGGGGAGGCTAAGGCAGGAGGATCACTGAAACCCAGGAGTTTGAGGTGCCTGTGAGTTAGTTTAATACCATGGCAGTCTAGCTTGGGCAACAAAGTGAGACTCTGTCTCAAAACAAACAAAGAAACAAAGAAACAAACAAACAAAAACCCCAAAAATAAAAAAAAAA","GGCTGGGCACAGTGGCTCATGCCTGTAATCCTAGCACTTTGGGAGGCTGAGGCAGGTGGATCGCTTGAGACTGGGAGTTCAAGACCAGCCTGGGCAATATGGCAAAACCCCGTCCCTACAAAAAATACAAACATTAGCCAAGCATGGTGGCACATGCCTGTAGTCCCAGCTACTTGGGAGGCTGAGGCAGGAGGATCATTTGAGCCCGGGATGTGGAGGTTGCAGTAAGCTGAGATTGCATCATTGCACTCCAGCCTGGGCAACAGAGGGAGACCCTGTATCAAATAAATAAATAAATAAATAAATAAATAAATAAATAAAAGAAATAAAAGTAAAAA"
"GL873521","19315680","19315722","chr1","205503465","205503511","11","186187785","CAGTTACTTGGAAGACTGAGGCAAGAGGATCCCTTGAGCTAGG","CCAGCACTTTGGGAGACTGAGGCAGAAGGATCCCTTGAGGCCAGCGG"
"GL873521","19598410","19598508","chr1","6398492","6398584","25","13199918","TATCACTACACCACTATACTCTAGCCTGGGCAACAGATTGAGAACCTGTATCAAAAACAAACAAACAAACAAACAAAACACAATAAAAAATAAATAAAA","GTGATTGCACCAATGCACTCCAGCCTGGGTGACAGAGCGAGACTGTCTCAAAACAAACAAACAAACAAATAAAACAAAAGAAAAGAAAAGCAA"
"GL873521","19777152","19777359","chr4","72787006","72787205","63","53009854","CCTGAGCAACATAGAGAGATCCCATCTCGACAAAAATATTGAAAAAAAAATAGATAAACTTATCAGCTGGGTTTGGTAGCACACAACTGTATCCCCAGCTACCGGGAAGGCTGAAGCAGGAGGAGCCTGACAGATCAAGGCTGCAGTGAGCAGTGATCACATCACTACACTCCAGCCCAGGTGACAAAGCACAATCCTGTCTCAAAAA","CTAGGCAACATGGAAGAACCCCATCTCTACAAAAATTACAAAAACTAGCTGGGCATGGTGGTGTGCGCCTGTATTCCCAGCCACTGGGGAGGCTGAGGTGGGAGGATTGCTTGAGCCTGGAAGATTAAGGCTGAAGTGAGCAGAGATCACACCGCTGCACTCCAGTCTGGGTGACAGAGCAAAACCCTGTCTCAAAAAAA"
"GL873521","19907026","19907166","chr6","12022857","12022993","42","7884169","AGGAAAAATTACCAGGGCATGGTGATGTGCACTTATAGTCCCAGCTCCTGGGAAGGCTGAGTCAGGAGGCCAGGAGTTTGAGGTTATAGTGAGCTATGATGCCACTGCACTCTCTCTGGGTGACATAGTGACATTCTGCCT","TTAAAATTAGCCAGGCATGGTAGCAGGCACCTGTACTCCCAGCTACGGGAGGGTCGCTTGAGCCCAGGAGATCAGGGCTGCAGTGAGCTATGATTGTACCACTGCACTCCAAACTGGGTGACAGAGTGAGACTCTGT"
"GL873521","19907190","19907299","chr3","21509747","21509855","27","1602557","GTGGTGGCTCAGCCTATAATCCTAGCCTTCTGGAGGCCCAGGCGGGAGGATTGCTTAAGGTCAGGATGTTGAGACGAACCTGAGCATGAGTGAGACCCCATCTCTACAAA","GGTGGCTCATGCCTATAATTCTAGCGCTTTTGGAGGCCAAGGGGGGAGGATTACTTGAGCTCAGGAGTTCCAGATCAGCCTGGACAATTTAGTGAGACCTCATCTATAC"
"GL873521","20453341","20453513","chr19","53340691","53340862","44","32887350","AGACAACTAGCCAGGCATTGTGGTGGGCATCTATAGTCCCAGCTACTTGGGAGGCTGAGGCAAGAGGATCACTTGAACCCAATAGTTTGAGGTTGTCATGAGCTATGATGATGTGGCATTCTACTCAGGGTGACAGCGTGAGAGACTCTGTCTCAAACAAATGAACAAAAAAA","ACAAAAATAGCTGGGTGTGGTGGTGCATACTTGTAGTCCCAGCTACTTGGGAGGCTGAGGCAGGAGGATCACTTCAGCCCAGGAGGTTGAGGCTGCAGTGAGCCATGATCATGCCACTGCACTCCAGCCGAGGGGAGAGAGCAAGACTCTGTCTCAAAACAAACAAACAAAA"
"GL873521","20453540","20453662","chr4","5943586","5943706","26","14509954","CAGGCGTGGTTGCTCATGCCTGTAGTCCTAGCACTTCAGGAGGCTGAGGAGGGTAGATTGCTTGAGGTCAGGAGCTGGAGACCAGCCTGAGCAAGAGCGAGACCTTGTCTCTACTAAAAATAG","GGCCATGGTGGCTCATGCCTGTAATCCTAGCACTTCGGGAGGCTGAGGAGGGAGGATTGCTTGAGGCCTGGAGTTTGAGACCAGCCTGGGCAACATAGTGAGACCACGACTCTATTTAAAA"
"GL873521","20821454","20821743","chr8","121327775","121328067","74","100506321","GCCGGGCCCAGATGGCTCAAGCCTGTAATCCTTGCACTTTGGGAGGCCAATGTAGGAGGATCACTTGCGCCTAGGAGTTCCAGGCCAAGCTGTGCAAGGTGAAACACTGTTCCAAAAAATATATATATATGAAAATTAGCCAGTCCTGTTGGTACACATCTGTCGTTCCAACTACTTGGGGGACTGAAGCAGGAGGATCCATGAGTCCAAGATTTGAGGTTGCAATGAGCTGTATTGGAGCTACTACACTGTAGCCAGGGCGACAGGAGGAAAAACTTGTTTTAAAAAAA","GGCTGGGTGCAGTGGCTCATGCCTGTAATCTTAGCACTTTGGGAGGCCAAGGCAGGTGGATCACTTGAGCTTAGGAGTTCAAGACCAGCCTGGGCAACATGGTGAAACCCTGTCTCTACAAAAAATAAAAAAAAATTAGCCAGGCATGGTGGCATACACCTGTAGTCCCAGCTACTTGTGGGGCTGAGGCAGGAGCATCACTTGAACCCAGGAGCTCAAGGCTGCAGTGAGCTGTGATCTTACCACTGCACTCCAGCCTGGGTGACAGAGTAAGACCTTGTCTCAATAAAAAA"
"GL873521","20825224","20825315","chr22","42881883","42881978","27","22056659","AGAGGATCTCTTGAGCCTAAGAGTTTGAGGTTGCTGTGAGTTCTGATACCACAGCGCTCTACACAGGGCGACAGAGTAAGACCCTTTCTTAA","GGCAGGAGGATCGCTTGAGCCTGGGAGGTCAAGGATGCAGTGAGCTGTGATTGCACCACTGCACTCCACCCTGGGCGACAGAGTGAGACCCTGTTT"
"GL873521","20825595","20825767","chr4","156475909","156476099","57","135650314","GCGGTGGCTCACACCTGTAATCCTAACACTCAGGATCGCCTAAGCTCAGGAGGTGGAGACCAGCCTGAGCAAGAGAAACACCTCAACTCTACCAAAAACAGAAAAAGTAGCCTGGGTGGTGGTAGGCATGTGTAGTCCCAGCTACTCGGGAAGCTGAGGCAAGAGGATCTCTT","GGCCAGGCACAGTGGCTCACACCTATAATCCCAGCACTCTGGGAGACTGAGGCAGGAGGAGCCCAGGAATGTGAGACCAGCCTGGCCAACATGGTGAAACCCAGTCTCTACTAAAAATATAAAAATTAGCCTGGTGTGGTGGTGTGCGCCTGTAGTCCCAGCTACTTGGGAGGCTGAGGTGGGAGGATCAC"
"GL873521","21355913","21356066","chr4","158479533","158479684","48","137123620","ATAAAAATTAACTAGCTATGGTGGCATACACTCTTGTCCTAGCTACTTAGGAGGCTGAGGATCATTTGAGGCCAGGAGTTTAAAGCTATAGTGTACTGTGATGATTACGCCTGTGAATAGCCACTGTACTCCAGCCTGGGCAACATAGCAAGAC","AATTAGCTGGGCATGGTGGTGCATACCTGTAGTCCTAGCTACTCAGGAAGCTGAGGCAGGAGGACAGCTTGAGGCCAGGAGGTCAAGGCTGCAATGAACCATGATTGATTACACCTGTAAATAGTCACTGCATTTCAGCCTGGGCAGCATAG"
"GL873521","21623697","21623773","chrX","53329871","53329945","26","31706174","AAATTTAGGCAGGCAAGTTGGCACATGTTTGTAGTCCAAGTTATGTGAGAGGATTCTTTGAGTCCAGAAGTTAAGGC","AATAGCTTGGGCAGGGTGGTGCATGGCTGTAGTCCTGAGATGGGAGGATCCCTTGAGTCCAGGAGCTTGATGCCG"
"GL873521","21623801","21623894","chr3","42032495","42032583","27","20408694","GTAATCTTAGTACTTTGGGAGGCCAGACAGGAGATTCATTTGAGACTGAGTTTAAGATCAGCCTGGACAACATGGCAATATCCCATGTCAACCA","TAATACCAGTATTTTGGGAGGCTGAGGCAGGCGATCACTTGAGCCCAGTTCAAGACCAGCCTGGGCAATATAGCGAAATCCTGTTTCTA"
"GL873521","21714176","21714337","chr12","96671998","96672172","41","74957822","ACTAGGGGGCATTGTGGCAACTGTCATCCTAGCTGCTCAAGAGGCTGAGGCAAGAGGATCACTTCAGCCCATGAGTTTATGGTTGCTGTGAGCTATGACTCCATGGCACTCTAGCCTGGGCAATAGAATGAGACTCTGTCGCAAAAAAAAAGAAAGAAAGAA","AATTAGCTGAGCATGGTGGCAGGCACCTGTAGTCCCAGCTACTTGGGAGGCTGAGGGAGGAGGGTCACTTGAACCCAGGAGTTTGAGGCTGCAATGAGCTATGACTGCATCAGTGCACTCTAGCCTGGGCAGTAGAGTGAGACCCTGTCTCACAAAAAAAAGAAGGAAAGAGAAA"
"GL873521","21714364","21714489","chr15","78802491","78802611","29","57088127","GGCTGGGTACCCTGGCTAGACACCTGTAATTCTAGCACTCCAGGAGGCTGAAACAGGTGGATTTCTTGAGCTCAGGAGTTCAAGACCAGCCTGTCCAAGACCAAGACCACAATTCTGTCTCTACTT","GGCTGGGTACAGTGGCTCACACCTGTAATCCCAGCACTTTGGGAGGTGGAGGCAGGAGGATCACTTGAACTCAGGAGTTCAAGACCAGCCTGGCCAACATGGCGAAACTCCGTCTCTACAA"
"GL873521","21743555","21743631","chr10","20213332","20213405","25","1530223","TATAGGGTGTGGCGGCAAGTGTGTATAGTACTAGCTACTTAAAGAGGTTGAGATGGGAGGATTGCTTGAGCTAAGGA","CCAGGTGTGATGGTGCATGCCTGTGGTCTCAGCTACTTTGGAGGCTGAGGTGGGAGGATTGTTTGAGTGGAGGT"
"GL873521","21743658","21743767","chr10","43292583","43292692","28","21548925","CAATGGTTTGTGCTTGTAATCCAGCACTTTGGGAAACAAAGGAGAAAGGATTAATTGAGACCAGGAGTTCAAAATCAGCCTGGGCAACATAAAGAGACCCTGTCTCTATG","GCGGTGGTTCAGCCTGTAATCCCCGCACTTTGGGAAGCTAAAGCAGGAAAATCACTTGAGCCCAGGAGTTCAAGACCAGCCTGAGCAACATAGTGATACCCCTGTTTCTA"
"GL873521","21994326","21994402","chr3","183523015","183523100","19","161528689","GGCATTGTGACTCACACCTATAATTCTAGCACTTTGGGAGGCTGAGGTGGGAAGACCACGAGCACAGGTTCAAGACC","GACTGGGGGCAGTGGCTCAAACCTGTAATCCTAGCACTTTGGGAGGCTGAGGTGGGAGGACCACCTGAGCTCAGGAGTTCAAGACC"
"GL873521","22568894","22569013","chr7","21219168","21219276","37","1349726","TACGTTGTGGTGGCTAGTCCCAAACTACTCAGCTACTCAGGAGTTTGAGGTTGCAGTAAGCTGTGAGGTTGCATTGCACGACAGATTGTGCAACAGAGCGAGACCCTATCTCGAAAAAAA","GGCTGAGGTGGGATAATCACTTGAGCCCGGAAAGTTGAGGTTGCAGTGAGCCATGACTCGGCACTGCACTCCAGCCTGGGCAACAGAGCCAGACCCTATCTCAAAAAAA"
"GL873521","22569034","22569129","chr15","57106062","57106161","19","34537028","CAGGCATGGTGGCTCACACCTGTAATCATAGCACTTTGGGAGACCAGGAGTTCAAGACCATGCTGGGCAACATGGCGAGACCTTGTCTCTACCAAA","GGCCAGGCATGGTGGCTCACTCCTATAATCACAGCACTTTGGTAGGCCATGAATTCAAGACCAGCCTGGGCAACATAGTGTAACCCTGTCTCTACGAAAA"
"GL873521","23082461","23082581","chr19","17007875","17007987","43","6074586","AAAATACACAGAGTACCCAGGCATGGTGGTGCATGCCTCCAGTCCCAGCTACAGGTGAGACTAAGACTAAAGGATGCCTTCAGCTCAAGACTTTGAAGCTGGCCTAGGCAACAACAAGACC","ACAATGTAGCTATGGCATGGTGGTGCCTGCCTGTTGTCCCAGCTACTTGGGAGGCTGAGATGGGAGGATTGCATGAGCCCAAGAGTTCAAGGCTGCTGTGAGCTACAATCACG"
"GL873521","23326932","23327034","chr1","153330637","153330743","26","130003705","GACTGGGTATGGTGGCATATGCCTGTAAACCCAGCACTCTGGGAGGCTGTGGCGGGTGGACCAGCCTGAGACCAGCTTGAGAAAGAATAAGACTCTGTCTCTA","GGCTGGGTGTGATGGCTCATGCCTGTAATCCTAGCACTTTGGGAGGCTGAGGCAGGTGGATCACTTGAGCCCAGGAGTTTGGGCAACATGACAGAACCCTGTCTCTA"
"GL873521","23327057","23327213","chr6","85247800","85247964","38","61920743","CCAGACATTGTGACACATGCCTATAGTCCTACTTGGGAGGCTGAGGCAAGAGGATGTCTTGTGCCCAAGAGTTTGAGGTTGCTGTGAGCTATGATACCATAGCACTCTAGTGGGGGGCAAGAAAGTGAGACACTGTCTCAAAAAAAAAAAAAAAAAA","CCAGGCATTGTGGCACATGTGTGTAGTCCCAGCTATTTGGGAGGCTGAGGCAGGAGGATCCTTTGAGCCCAGGAGTTTGAGGCTTCAGTGAGCTGTGATTGGACCACTACACTCTGGCCTGGGCAACAGAGAAAGACCCTGTCTCAAAAAGAAAAAGAAAAAGAA"
"GL873521","23553294","23553452","chr8","101101478","101101641","53","77548184","AAAATAAAGTTAGCTAGACACAGCTTTGGGCACCTGCAGTCCCAGTTACTTGGAGGTTGAGGCAAGAGGATTGTTTGAGCCTAGAGGTTTGAGGATATGGTTTGCTGTAGTTCTACCTGTGAGTAGCCACTGTTCTCCAGCCAGGACACCAGCGCAAGA","AAAAAGACACCAAGTAGCCAGGTGTGGTGCTGCAGGCCTGCAGTCCCAGCTACTTGGGAGGCTGAGGCAGGAGGATTGCTTGAACCCAGGAGTTCAAGACTTCAGTATGCCATAATCGCACCTATGAATAGTCACTGCACTCCAGCCTGGGCGACATAACAAAA"
"GL873521","24165831","24166009","chrX","9218405","9218573","51","14947426","GGCCAGGCACAGCAGCTCACACCCATAATCCTAACACTCTGAGAGACCAAGGTGTATAGATTACCTGAGCTCAGGAGTTGGAGACCACCCTGAGCAAGAGTAAGACCCCCATCTCTACAAAAAAAAAAAAAAAATAGAAAAACTAGCCAGGTGTTGTGGTGGGTACTTACAGTGCCAAC","GGCCAGGCGCAGTGCCTCACACCTGTAATCCCAGCACTTTGGGAGGCCGAGGCGGGTGGATCACTTGAGCTCAGGAGTTTGAGACCAGCCTGAGCAACATGGCAAAACCTCACCTCTACAAAAAAAATACAAAAATTAACCAGGCATGGTGGCAGGCACCTGTAGTCTC"
"GL873521","24270646","24270916","chr8","27224878","27225151","68","2954232","GGCCAGGCACGGTGGCTCACACCTGAATCCTAGCTGGCATTCTGGAAGGCCGAGGTGGGTGGATCACCTGACCTCAGGAGTTCAAGACCATCCTGAGCAAGAGTGAGATGAAACCTCATCTCTAAAAATAGCTAGGCATTGTGGTGGGCACCAGTAGTCCCAGCTACTAGGGAGGCTGAAGCAAGAGGATCACTTGAGTCTAAGAGTTAGACGTTGCTGTGAGCAGTGACGCCACAGCACTCTACCCAGGGCAACAAAGTGAGACTGTCTC","GGCCAGGTGCAGTGGCTCACACCTGTAATCCTAGCCCTTAGGAGGCTGAGGTGGGAGGATCACTTGAGCTCAGGAGTTCAAGACCAGCCTGGGCAATATGGTGAAACCCTGTCTCTACGAAAAATTAGCCGGGCATGGTGGCGCATGCCTGTAGTCCCAGCTACTCAGGAGGCTGAGGTGGGAGGATCATTTGAGCCCAGGAGGCGGAAGTTGCAGTGAGCCAAGATTGCACCACCGTACTCCAGCCTGGGCAACAAGTGAGATCCTGTCTCAA"
"GL873521","24618820","24618994","chr8","68458893","68459071","47","43840073","TCCTAGCACTCTGGGGGGCCGAGGTGGTAGGATCACTTGAACTAGAGTTCAAGACCACCCTGAACAAAAATCACACCCTGTCTGTACTAAAAATAGAAAAATTAGCCAGGCATTATAGTGCATGCCTGTAGTCCCAGCTACCTGGTAGGCTGAGGCAGATCCTCTAGCCCAGGGG","CCCAGCACTTTGGGAGGCTGAGATGGGTGGATCACTTGAGCCCAGGAGTTCAAGACCAGCCTGGGCAACATGACGAAACTCTGTCTTTACAAAAAATACAAAAATGAACCAGGCATGGTGGTGCATGCCTGTAGACCCAGTACTTGGGAGGCTGAGGTGGGAGGATCCCTTGATCCTGA"
"GL873521","24626746","24626855","chr1","205148842","205148953","29","180522096","AAAGAATGACAAAAATTCAGATATGGTGGTATGCACCTATAGTCAGTCACAGCTACTGGGGAGGCTGAGGTGGGAGGCTTTCTTGAGCCCAGGAGGTTGAGTCTAGCAAT","AAAAAGTACAAAGAATTAGCCAGGTGTGGTGGTGCGTGCCTATAGTTCCAGCTACTTGGGAGGCTGAGGTGGGAGGATTGCTTGAGTCCAGGAGTTGGAGGCTGCAGTGAAA"
"GL873521","24781755","24782037","chr5","139301937","139302217","85","114520182","GACCAGGTGTGGTGGCTCACACCTATTAGCCTAGCACTCTTGGCAGCTGAGGCAGGAGGATTCACTCAGAACTTCAAGAGTTAAACCCATGCCTCTACTAAAAATAAGAAAAAAATCAGTCCAGAGTATCATGGTGGGCACTTGCAGTCCCAGCTACTCGCAATGCTGAGGAAGAAGGATAGCTTGAGCCTAGGAGTTTGAGGTTGCTGTAGGCTGGATTTTTGTCATGGCATGCTAGTCTTGGCAACAGAGTGAGACTCTGGGGGAAAAAAAAAAGGAAAAA","GGCTGGGTGCGGTGGCTCACACCTGTAATCCCAGCACTTTGGGAAGCTGAGGCCAGAGGATGGCTTGAGCTCAGGAGTTTGAGTTGAAACCCTGTCTCTACAAAAAATACAAAAATTAGCTGGGTGTGGTGGTGCACACCTGTGGTCCCAGCTACTTGGAAGTGTGGGGTGGGAGGATTGGTTGAGCCCAGGAGGTTGAGGCTGCAGTGAGCCATGATCGTGCCACTGTACTCCCGCCTGGGTGACAGAATGAGACCCTGTCTCAAAAAAAAAAAAAAAAA"
"GL873521","24969692","24969970","chr5","91805199","91805483","78","66835507","GGCTGGATGCAGTGGCTCACACCTATAAACCTAGCACTCTGGAAGGCCACAGTGGGAGAATGGCTCGAGTTCAGGATTTTGAGAGTAGCCTGAGCAAGAGCAAGACCACATCTCTACTAAAAATATAAAAATTAGCAGGAAGTCTTGCTGAATGCATCATCTCAACTGCTCTGGAGGATGAGGCAAGAGGATTGCTTGAACTCAAGAGTTGAGGTTGTGGTGAGCGAGACTGAATCCATAGCACTCTACCCCAGGCAACAGAGCAAGACTTTGTTGAAA","GACTGGGTGCAATGGTTCACATCTGTAATCCCAGCACTTTGGGAGGCCAAGGTGGGAGGATGGCTTGAGCCCAGAAGTTCAAGACCAGCCTGAGCTACATGGCAAAACCCTGTCTCTACAAAAAATGTAAAAATGAGCCAGGCATGGTGGTGCATGCCTATGGTCCCAGCTACTCAGGAGGCTGAGGCAGGAGGATCGCACTAATCTAGGAGATGGAGGCTGCAGTAAGCCGAGATTGAGTCATTGCACTCCAGCCTGGGCGAAAGAGCCAGACTCTGTCTCAAA"
"GL873521","24970004","24970019","chr3","153804291","153804307","1","128834287","AAAACAAAACAAAAAA","CAAAACAAAACAAAAAA"
"GL873521","25391954","25392209","chr7","3491054","3491312","81","21900900","CCTAGTGCAGTGGCTCACACCTGTAATCCTGGAGGCTGAAGCAGATGGATTGCTTTGAGTTCCTGCCTAAATAAAAGTGGGAATCTACTATAGCAAAATTAGCTGGGCGTTATGGTGGGTACTTGTGGTCCCAGCTACTCAGGACGCTGAGGCAGGAGGATTGCTTGAACCAAGGAATTTGAGGTTGTTATGAGCTATGATGATGCCATGGCACTCTACCCAGGCCACAGAGTAAGATTTGGTCTCCAAAAAAAAA","GGCCAGGTGCGGTAGCTCACATCTGCAATCCCAGCACTTTGGGAGGCTGAAGCTAGAGGATCACTTGAGTCTTGTCTCTACAAAAAAAATCAAAAAATTAGCCAGGGCATGGTGGTGCATGCCTGTAGTCCCAGCTACTCGGGAGGCTGAGGCAGGAGGATCACTTGAGCCCAGGAGGTTGAGGCTGCAGTGAGCTGTGACTGTACCACTGCACTCCAACCTGGGCAACAGAGTGAGACCCTGTCTCAAAAAATAATAA"
"GL873521","25453333","25453646","chr22","29946204","29946503","77","4492871","GCCGGGTACAGAGGTGCATTTACCTGTAATCCTAGCACTTTGGGAGGGTAGGGTAGGAGGATGGCTTGGGGCCAGTAGTTCAAGACCAGCCTGAACAATCTAGTGTGACCTCGTCTCCACAAAATATAGAAAAATTAGCCAGGCATGGTGGTGGGCACTTGTATTCTCAGCTTCTCAGGAAGCTGAGGCAGGAGGATCTTTTGAGGCTGGAAGGTTGAGGTTGCATTGTTGAGATTGCACTGAGCTGTGATGACACCACTGCACTCTAGCCCTGGCAACAGAGTGAGATCCTAATTTAAAAAAAAAAAAAAAAA","GCTGGGCGTGGTGGCTCCTTCCTGTAATCCCAGCACTTTGGGAGGCCAAGGCTGGAGGATCACCTGAGTCCAGGAGTTTAAGACCAGCCTGGGCAACATAGGGAGACCCTGTCTCTACAAAAAATAAAAAATTAGCCAGGCATGGTGGTGTGCACCTGTAGTCCCAGCTACTCAGGAGGCTGAGGCAGGAGGATCTCTTGAGCCTGGGAGGTCAGACTACAGTGAGCAATGATTGTGCCACTGCACTCCAGCCTGGGTGACAGAGTAAGACTCTGTCTCTTAAAAAAAAAAAAAAAAAAA"
"GL873521","25473197","25473312","chr11","64318421","64318538","25","38845224","GGGCATGGTAACTCACTCCTATAATCCCAGCAGTTTGAGAGGCCAAGGCTGGAGGATCACTTAAGGCTAGGAGTTCATGACTGGTCAGGGCAACATAGTAAGACTTATTCTCTACA","CCAGGCATGGTGGCTCACACCTATAATCCCAGCACTTTGGAAGGCCAAGGCGGGAGGATCCCTTGAGGCCAGGAGTTTGAGACCAGCCTGGGCAACATAGCAAGACTCCGTCTCCACA"
"GL873521","25473339","25473487","chr1","35894728","35894879","40","10421389","AAGAATTAGCTAGGCATAGTGGTGCGCAGCTGTAGTTCCAAGTACTTGGGAGGTTAAAGACCATGTGAGCGCAGGAGTTCAAGGCTACAGTGAGCTGTGATCATGCCACTGCACTCTGGCCTGGGTGACAGAGTCTGTGTCATAAAAAA","AAAAATTAGCCAGGCATGGTGGCACATGCCTGTGGTCCCAGATACTTGGGAGGCTGAAGTGGGAGGATCACTTGAGCCCAGGAGATCAAGGCTGCAATGAGCCATGATCATGCCACTGCACTCCAGCCTGGGCAACCCTGTCTTTAAAAAAA"
"GL873521","25493130","25493293","chr4","75562087","75562252","41","50068957","CTTAGAGTTGTGGTGGGCTCCTGTACTCCCAGCTACCCAGGAGGTGAGGCTGAGGCAGGTGGATCACTTGAACCCAGGTATGTGAGGTTGCTGAGAGCTAGGATGACACACAGCACTCTAGCCTGGTGACAGAGTGAGTCTATGTCTCTAAATAAATAAATAAA","TTAGCTGGGTGTGGTGGCATGCACCTGTAGTCCCAGCTACTTAGGAGGCTGAGGCAAGAGGATCACTTTAGCCCAGGAGGTGGAGGTTGCAGTGAGCTGAAATCATACCACTGCACTCCAGCCAGGGTGACAGAGTGAGACCTTGTCTCAAAAATAAATAAATAAA"
"GL873521","25493320","25493467","chr9","31337596","31337743","33","5844276","GACTGGGCTTGGTGGCTCATGCCTGTAATCCTAGCATTCTGGGAAGCTGAGGCAGGAGAATCACTTGAGGTCAGGAGTTCAAGACCAGACTGAGCAAGAGTGAGATCTTGCCTCTACTAAAAAAATATATATTTTTAAAAAATAATGC","GCTGGGTGTGGTGGCTCACACCTGTAATCCTAGTGATTCAGGAGGCTGAGGCAGAAGGATCACTTGAGGTCAGGAGTTTGAGAGCAGACTGAGCAACAGAGTGAGACCCCCTCTCTAAGAAAAAAATATTAAAAAAAAAAACAACCGC"
"GL873521","25793453","25793728","chr15","82250472","82250741","88","56457019","CAGGTATGGTGGCTCACACCTGTAATCCCAGCACTTCGGGAGGCCAGGAGGTGGGGGAGAGGCTCTCTTGAAGCCAGGAGTTCCTGACCAGCCAAGCAACAGGCGAAACCTTATCTCTACAAAATATTAAAGAAAAAAGGAAATTAGCCAGGTATAGCAGTAGACATCCATAATTCCAGATACTGTCGTGGCTAGGACAGGAAGATCACCTGTGATTGTGCCACTGCATCCCAACTTGCCAAAAAAGCAAGATGCTGTCTCTATAAAAGAAAACTA","GCCGGGCACGGTGGCTTATGCCTGTAATCCCAGCACTTTGGGAGGCCGAGGCAGGAGAATCGCTTGAGCCCGGGAGTTTGAGACCAGCCTGGGCAACATGGTGAAACCAAGTCTCTACAAAAAAATACAAAAAAATTAGCCAGGTGTCGTGGTGCACGTCTGTAGTCCCAGCCACTCCTGGGAGGTCGAGGCTGCAGTGAGCTGTGATCGTGCCACTGCACTCCAGCCTGGGGAACAGAGTGAGACCCCGTCTCAAAAAATAAAAAAAAA"
"GL873521","25946379","25946540","chr16","48668108","48668267","54","22721729","GTTGAGGCAGGATTTCTTGAGGCTGGGAGTTGGAGACCAGCCTGAAAAACATGTTGATACCATTGCTACAGAAATTAGAAGAGTTAGCTGGGTATAGTGGTGCATCCCTGTAGTTCCAACTACTAGGGATGCTGAGGCAGGAGGGTCACGTAAGCCCAGGAG","GTGGGAGGATTTCTTGATCCCAGGGGTTCAAGACCAACCTGGGCAACATAGTGAGACCCTGTGTATACTGAACAAAAACAATTTTTCAGGCATGGTGGCACACACCTGTAGTCCGAGCTATTCGAGAAGCTGAGATGGGAGGATCCCTTGAGCCCGGGAG"
"GL873521","25955927","25956105","chr3","43378154","43378339","50","17422227","AAAAAATAGAAAAATTAGCCATGTGCAGTGGCATGTGCCTATAGTTCCACCACTGTAGGGGCTGAGGTAGGAGGATCCCTTAAGACCAGGACTTTGAGATTGCTGTGAGTTATGACATCACTGCTGTCTGGTTGGGTGACAAAGGGAGACTTTGCCTCAAAAAAGGGAAGAAAGAAAAA","AAAAATACAAAAATTAGCCGGGCATGTTGGCATGTGCCTGTGGTCCCAGCTACTCCAGAGGCTGAGGTGGGAGGATCACTGGAGCCCGGGAAGTTGAGGCTGCAGTGAGCTGTGATCACACCACTGCACTCCAGCCTGGGTGACAGAGTGAGACCCTGTCTCAAAAAAAAAAAAAAAAAAAAAAAA"
"GL873521","26298260","26298339","chr4","95794331","95794409","18","69496071","GGCTGGGTGCATCAGCTTATGCCTGTAATCCCAGTACTTTAGGAGGTTGAGGTAAGAGGATCACTTAAGAACAGGAATCC","GGCTAGGTGCAGTGGCTTACACCTGTAATCCCAGCACTTTGGGAGGCCGAGGCAGGAGGATCACTTGAGCCCAGGAGTT"
"GL873521","26307582","26307851","chr5","152032216","152032514","85","125724634","GCTGGGCATAGTGGCTCACACCTACACTCTTAGAGGCCAGGGCAGATGAATTATTTGAGCTTGGGAGACCAGACTGAGCATGAGTGAGATCCTGTTCCTACTAAAAATAGAAAAATTAATTGGGTGTTGTGCCTGTAGTCCCAGCTACTTGGAAGGCTGAGGCAAGAGGATCACTTGAGCCCAAAAGACTGAAGTTCTAATGCCAAACATGCTACTCAGAGGGACAGAATGAGACTCTGTCTCAAAAATAAATAAATAAATAAATAAATA","GGCTGGGCACAGTGACTCACACCTATAATCCCAGCACTTTGTGAGGCTGAGGCAGGCAGATTATTTGAGCCCCTGAGGTCAAGACCATCCTGGGCAACATGGCAAAACCTCATCTCTACAAAAAATACAAAAATTAGTTGGGTGTGGTGGCATACGCCTATAGTCCCAGCTCCTCAGGAGGCTGAGGTAGGAGGATGGTTTGAGCCCAGGAGATGGAGGTTGATCATGCCACTGCTCTCCAGACTGGGCAACAGAATGAGACTCTGTCTCACAAAAAATGAAACAGAATAAAATAAAAA"
"GL873521","26951040","26951317","chr17","16672309","16672598","75","10278731","TGGCTTACACCTGTAATCCTAGCACTCTGAGAGGAGTGAGGCAGATTGCTTGAGCTTAGGAGTTTAAGACCAGCCTGAGCAAGAAAGATCCCATTTTTACTAAAATAGAAAACTAGCCAGGGGTGGTGGCCTATGTCTGTAGTCCCAGCTACTCGGTAGGCTAAGGCAAGAGGATTGCTCAAACCCAAGAGTTTGAGATTGCTGTGAGTTCTGGTGCCATGACACTCTATCCAGGGTAACAGAGTGAGACTTTGTCTAAAAAAGAAATAAAATAGGTG","GTGGCTCACACCTGTAATCTCAGCACTTTGGGAGGCTGAGGCGGGAGGATCACTTGAGCCCAGGAGTTTGAGACCAGCCTGAGCAACATAGTAGGCTCCTGTCTCTACAAAAAAATACAAAAATTAGCTGGTACTGGTGGCATGTGCCTGTAGTCCCAGCTACTCAGGAGGCTAAGGCAGGAGAATCGCTTGAGCCCAGGAGGTTGAGGCTGCTATGAGCTGTGATGGCACCACTGCACTCCAGCCTGGGTGACAGAGTGAGACCTGGTCTCAAAAAGAAAAAAAAAAAA"
"GL873521","26951542","26951557","chr3","53948633","53948648","1","26997091","AAAAGAAAGAAAGAAA","GAAAGAAAGAAAGAAA"
"GL873521","27061553","27061681","chr3","122788793","122788920","26","95727240","GGCCACGCACAGTGGCTCATGCCTTTAATCCTAGCTTTCTGTGGAGGCCAAAGCAAATGGATCACTTGAACTCAGGAGTTCAAGACCAGCCTGAGCAAGAGCAAGACCCCATCTCTACTAAAAATAGAA","GGCCAGGCACTGTGGCTCATGCCTGCAATCCCAGCACTTTGGGAGGCCAAGGCAAGAGGATTGTTTGAGCCCAGGAATTCAAGACCAGCCTGGGCAACTCAGGAAGACCCCATCTCTACAAAAAACAA"
"GL873521","27061706","27061860","chr8","96136998","96137163","44","69075292","TAGCTTGGCATTGTGGTAGGCACTGGCAGTCCCAGTTACTTCGGAGGCTAAAACAAGAAGGATTGCTTGAATCCAGTGAGGTTGCTGTGAGCTATAATGTCATGGCACTTCTCCCCAGGGCAACAGAATGAGACTATCTCAAAAAAACAAATAAA","TTTAGCTGGGAAGGTTGGCACGCACCTGCAGTCCCAGCTACTTGGGAGGCTGAGACTGGAGGATTGCTTGAGCCCGAGAGGTCGAGGTGGCAGTGAGCCATAATCACACCACTGTACTCCAGCCTGGGTAACAGAATGAGACTCTGTCTCAAAACAAACAAACAAA"
"GL873521","27073730","27073910","chr1","68095575","68095737","50","41021845","GAGCAGCCTGAGCAGCTAGGGTACTGCTCCCTGCCTCTAGTCCCAGCTACTTGAGGGGCTAAGGCAGGAGGATTGTTTGAGCCCAGGAGCCCAGGAGTTTGAGATTGATGTGAACTAGGCTGATGCCATGGCACTCTAAACTGGGCAACAGAGTAAGACTCTATCTTAAAAAAACAAAAAA","TTAGCCCTGCATGGTGGCACATGCCTGTAGTCCCAGCTATTTGGGAGGCTAAGGCAGGGGGATGGTTGGAGCCCAGGAGGCAGAGGTTGCAGTAAGCTGAGACTGAGCCATTGCACTGCAGCCTGGGTGACAGAGTGAGACTCTGTCTCAAAAAAAAAAAAAA"
"GL873521","27074182","27074275","chr19","50666183","50666279","26","23592001","GCTGGGTACTGTGGCTCAAGCATGTAATCATAGCACTCTTGAGGCCAAAGTTTGGAGGATCCCTGAAGCTCCAGAGTTTAAATGCAGCTTGAGT","GGCTGGGCTCTGTGGCTCATGCCTGTAATCCCAGCACTTTGGGAGGCCGAAGTGGGAGGATCACTTGAGTCCAGCAGTTTGAGAGCAGCCTGGGCAA"
"GL873521","27115551","27115853","chrX","48006439","48006741","74","20890888","GGCCAGGTGTGGTGGCTCCTGTAATCCTATCACTATGGGAGGCCAAGGTGGGTGGATTGCTTGAGCTCAGGAGTTGGAGACTAGCCTAGGCAAGAGTGAGATCCCGTATCTACTAAATAGAAAAACTAACCAGGTTCCAGGTGCCTGTAGTCCCAGATTCTTGGGAGGCTGAGGCAAGAGGATCACTTAAGGTCAGGAGTTTAAGGTTGCTGTGAGCTATGATGTCATAGCACTCTACCCAGGGTGACAGAGTGAGACTCTATCTCAAACAAACAAACAAACAAAACAAAAACAACAAAAAAA","GGCTGGGCTCAGTGGCTCACGCCTGTAATTCCAGCACTTTGGGAGGCCAAGGTGGGCGGACTGCTTGAGCTCAGGAGTTCGAGACCAGCCTGGGAAACATGGCGAAACCCCATCTCTTAAAAAAAAAAAATTATCTGGGTGGCAGGAGCCTGTAGTCCCAGCTACTTGGGAGGCTGAGGTAGGAGGATCACCTGAGCCCGGGAGGTCAAGGCTGCAGTGAGCCATGATCGTGCCACTGCACTCCATCCTGGGTGACAGAGTGAGACCCTGTCTAAAAAAAAAAAGAAAAAAGAAAAAAAGAAA"
"GL873521","3621655","3621735","chr19","38588582","38588671","29","34966927","AAACCCCCCAGAAAATTAGCTGTAGTCCAGCTACTTGGGAGGGTGAGGCAGGATTGCTTGAACTCAGGAGGCTGAGGTTGC","TTAGCCAGGTGTGGTTGTGCACGCCAGTAGTCCTAGCTACTCAGGAGGCTGAGGCAGGAGGATTGCTTGAGCCCAGGAGTTTGAGGCTGC"
"GL873521","3642385","3642519","chr4","190118736","190118870","25","186476351","GGCTGGGTGAGGTGGCTCACACCTGTAATCCCAGCACTCTGGGAGGCCAACAGGGATGGAGCACCTGAGCTCAGGAGCTTGTGCCCAGCTTGAGCAAGAGTGAGACCTCATCTCTGTTAAAAACAGAAAAAAAAA","GGCTGGGTGCAGTGGCTCACACCTGTAATCCCAGCACTTTGGGAGGCCAAGGTGGGAGGATCACTTGAGCTCAGGAATTCGAGACCAGCCTGGGCAACATAATGAGACTGCATCTCTGTAAAAAAAAAAAAAAAA"
"GL873521","3642815","3642983","chr6","117522072","117522244","43","113879257","AAAAAAACTAGCCAGGCATTGTGGCGAGTGCCTGTAGTCCCAGCTACTCGGGAGGCGGAGGCAAGAGGAGTGCTTAATCCCAAGAGTTTGAGGTTGCTGTAAGCTATGACACTCATTCTACTCAGGGTAACAAAGTGAGACTCTGTCTCAAAAGGAAAAAAGAAAGAGA","TAAAAAAATTAGCCAGATGTGGTGGCATGTGCCTGTAGTTCCAGCTACTCGGGAGGCTGAGGCAGGAGGATTGCTTGAGCTCAGGAGTTCGAGGCTGCAGTGAGCTATAATTGTGCCACTGCACTCTAGCCTGGGTGACACAGTGAGACCTTGTCTTTAAAAAAAAAAAAAAA"
"GL873521","3668981","3669096","chr1","92774326","92774442","25","89105345","GGCTAGGCTCAGTGGCTCATGCCTATAATCCTAGCACTCTGGGAGGCTGAGACAGGTGGAGTGCCTACGTTCAGAAGTTTGAGACCAACCTGGGGAAGAGTGAGACCCTTGTCTCT","GGCCAGGCGCAGTGGCTCACACCTGTAATTCTAGCACTCTGGGAGGCAGAGGCAGGCAGACTGCTTGAGCTCAGGAGTTCGAGACTACCCTGGGCCACACAGTGAGACTTTGTCTCT"
"GL873521","3669118","3669287","chr19","44556029","44556196","40","40886911","GCCTAGCCATGCATTATGGTGGGCACCTGTAATCCCAGCTACTTGAGTGGCTGAGACAGGAGGATTGCTTGGGCCCAGGTGTTTGAAATTGTCGTGAGCTATGACAACACTATAGCACTCAACCCAGGGCACAGAGTGAGACCCTGTCTCAAAAAAAATAATAAATAAAA","TTAGCTGGGCACGGTGGTGTGCACCTATACTCCCAGCTACTCTGGAGGCTGAGACAGGAGGATTGCTTGAGCCCAGGAGTTCAAGACTGCAGTGAGCTAGGATCGCACCATTGCACTCCAGCCTGGGCAACAGAGTGAGGCCCTGTCTCTAATAATAGTAAAAAAAAA"
"GL873521","3669631","3669737","chrX","25092369","25092466","29","21422738","GGTTAGGCATGGTGGCTTACACATGTAATCCCAGCACTTTCAGAGGCTGAAGTAGGAGGATCTCTCAAGAGACCATCAGAGGGAGACCCTGTCCTTATAAATAATTA","GGGTGTGGCGGCTCAAACCTGTAATCCCAGCACTCTGTGAGGCTGAGGCAGGAGGATCGCCTGGGCAATATAGTGAAACCCTGTCTGTATTAATAATA"
"GL873521","3670024","3670183","chr1","26355033","26355200","40","22685009","TTGGTTGGGTGTGGTAGCACTTGCCAATAGTCTTAGCTACTTGGGAGGCTGAGGCAGGAGGATCCCTTGAGCCCAGGAGTTCAAAGTTGTAGTGAGCTGTAGTAGGGCCACTATAGGGTAAAAGAGTAAAATCCTGTCTCAAAAAAAAAAAAAAAAAAAA","AACTAGCTGGGTGTGGCGGCGTGTGCCTGTAGTCCCAGCTACTTGGGAGGCTGAGGCAGGAGGATCACTTGAGCCCAGGAGTTCAAGGCTGCAGTGAGCTAAGATCATACCACTGCACTCCAGCCTGGGTAATAGAGTGAGATCCTGTCTCAAAAAAAAAAAAAAAAA"
"GL873521","3713060","3713213","chr16","52591348","52591478","53","48878288","ACTAAAATTGTAAAGCCTAAGCTGGGTGTCATGGTGCACACCTGGAGATCCAGCTCCTCGGAGGCAGAGACAGGAGGATCTCTTGAACCCCAAAATTTGAACACAGTGCGACAACATAATGAGACCCACCTCTTACAAAAAATTACAAAGACTA","GCTGAGTGTGGTGGTGTGTGCCTATAATTCCAGCTACTCAGGAGGCTGAGGCAGGAGGATCACTTGAGCCCAGGAGTTTGAGACCAGCCTGGGCAACACAGTGAGACCCCATCTCAAAAAATTAAACATTA"
"GL873521","3858021","3858181","chr15","40727742","40727900","45","36869721","GGAAAAATTAGCTCAGCATTGTGGTGGGTGCCAATAGTCCTAGTTACTGGGGGGGTGGAGGGTTGAGGCAGGAGCTTGAGCTCAGGAGTTTGAGGTTGCTGCGAGCAAGGCTCATGCCATGGCACACTAGCCTGGACAACAGAGTGAGAGTCTGTCTCAAA","TTTAAAAATTAGCCAGGCATGGTGGTGACCACCTGTAGTCCTAGCTATTCAGGAGGCTGAGGCAGAAAGATTGCCTGAGCTCAGGAGTTTGAGGTTACAGAGAACTCTGATCATGCCACTGCACTGCAGCCTGGGCAACAGAGTGAGACTCTGTCTCAA"
"GL873521","3858456","3858567","chr17","26390105","26390216","27","22531649","GGTTGGATGCAGTGACTCACGTTTATAATCCTAGCACTCTGGGGAGCAGAGGCAGGAGGATCCCTTGAGCTTAGGAGCAAGACCCCATCTCTACTAAAAAATGGAAAAATTA","GGCCGGATGCAGTGGCTCACGCCTGTAATCCCAGCACTTTGGGAGATGGAGGTGGGAGGATCGCTTGAGGCTAGGGGTTCGAGACCACATCTTTACAAAAAATTTAAAATTA"
"GL873521","3958462","3958555","chr3","156881552","156881648","15","152923090","GGCCAAGTGTGGTGGCTCACGCCTGTAATCCCAGCACTCTGGGAGGCTGAGGCAGAGAATCACTGGAGCGCAAGAGTTTGAGACTAGCTTGAGC","GGCCAGTTGTGGTGGCTCACACCTGTAATCCTAGCACTCTGGGAGGCTGAGGCTGGAGGATCACTTGAGCTCAGGAGTTTGAGACCAGCCTGGGCAA"
"GL873521","4004289","4004415","chr2A","53135817","53135938","36","49131528","GCCGGGCGCGGTGGCTGACACCTGTAACCGAGCACTTTGGGAGGCATCTGTAGGAGGATCGCTTGAGGCCAGGGATTGGAGACCTCCCGCCCTACAAATGATTTTAAAATAAACTGCTTATGCTGGG","GCCAGGTACAGTGGCTGACATCTGTAATCCCAGCACTTTGGGAGGCTGAAGTGGGAGGATCACTTGAGGCCTGGAGCTTGAGACCAGCCTTGTCAACATAGTGAGATTAAAAAATTAGCTGG"
"GL873521","4004664","4004811","chr5","141173286","141173416","45","137168622","CTGCTTATGCTGGAGGACCCTCACCCCACCCCACCCCCACACACACCTTGTGCTCCTGACTTGGAGACTGCAGTGAACTATGATCAGGCCGCTGCCCTCCAGCGTGAGCGACAGAGCATGACCCTGTCAAAAAAAAAAAAAAAAAAAA","CTACTTGGGAGGCTGACCCACGAGAATCACTTGAACCTGGGAGGTAGGCTGCAGTGAGCTAAGATCACACCACTGCACTCCAGCCTGGGCAACAGAGCAAGACTCTGTCTCAAAAAAAAAAAAAAAAAAAA"
"GL873521","4367979","4368038","chr4","148843957","148844014","16","144475978","GGGCCCGGATAATGGCTCTAATCCCAGCTACTTGGGAGGCTGGGGCAGAAGGATCGCTTG","GCAATGGTACATGCCTATAATCCCAGCCCTTTGGGAGGCTGAGGCAGGAGGATCACTT"
"GL873521","4416492","4416644","chr15","38442496","38442652","39","34026004","GACAAAAATTAGATGGGCGTGGGGCTGTAGTTCCAACTACTCTGGAGGCTGAGGCAGGAGGGTTGCTTCAGCCCAGGAGTTTGCGGTTGTAGTGAGCTATAATGATTCCACTGCACTATAGCATGGTGACAGAGTAAGACTGTATCTCAAAAA","TTAGCCAGATATGGTGGTGCATGCCTGTAGTCCCAGTTACTTGGGAGGCTGAGGCGGGAGGATTGCTTGAGCCCAGGAGTTTGAGGCTGTGGTGAGCTATGATTGTGCCACTGCACTCCAGCATGGGTAACAGAGCAAGACCCTATCTCTTTAAAAA"
"GL873521","4416915","4417046","chr12","122239412","122239544","30","117822497","GCCTGGTACAGTGGCTCACAGCTGTAATTCTACCACTCTGGCAGACTGAGGCAGGAGTATAGCTTGAGGTCAGGAGTTAGAGAGCAGCCTGAGCAAAAGTGAGACCCTCTATTAAAAATAGAAGAATTAGGG","GGCTGAGCACGGTGGCTCATACCTGTAATCCTAGCACTTTGGGAGGCTGAGGCGGGAGGATTGCTTGAGGCCAGGAGTTTGAGACCAGCCTGGGCAACATAGTGAGACCCCATCTCTAAAAAAAAAAAAATTA"
"GL873521","4508052","4508216","chr1","180937305","180937458","45","176429253","CGCCAAAATAGCCACGTATGGTTGTGTGCACCTATAGTCCCAGCTATTTCAGAGGCGGAGACCATAAGACCACTTGCACCCAGGAATTTGAGGATACAGCAAGCTGTGATCATGCCACTGCACTCCACTCCAAGCCACAGACTGAGGCCTTGTCTCTTAAAAAAA","GCAAGCCAGGTGTGGTGGCATTTGCCTATAGTCCCAGCTATGTCAAAGGCTGAGACAAAAGTATCACTTGAACCCAAGAGTTAGAGGTTACAGTGAGCTATGATCGCACCACTGCACTCCAGCCTAGGCAACAGAATGAGACCCTGTCTCTAAA"
"GL873521","4508241","4508340","chr4","142826785","142826889","25","138318544","CCAGGTGCCATGGCTTATGCCTGTAATCCCAGGGCTCAGCTTGAGGCAGATGATCACTTGAAGCCAGGAGTTCGAGACCAGCCTGGGTAACACAGTGAGA","GGCCAGGTGTGGTGGCTCATGCCTTTAATACCAGGGCTTTGGGAGGCTGAGGCAGGACGATCACTTGAGGCCAGGTGTTTAAGACCAGCCTGGGCAACATAGGGA"
"GL873521","4585645","4585775","chr1","22024766","22024901","32","17439121","GCTGGGCAAGGTGGCTCACGCCTGTAATCCGAGCACTCGGGGAGTCCAATAGGGGTGGATTGCCTGAGCTCAAGTTCAAGACCAACCCAAGCAAGAGTAAGACCCCATCTCTACTAAAAATAGAAAAAACA","GCCAGGTGAGGTAGCTCACGCCTGTAATCCCAGCACTTTGGGAGGCCAAGGTGGGTGGATCAACTGAGGTCAGGAGTTCAAGACCAGCCTGGCCAATATGGTAAAACCCCATCTCTACAAAAAATACAAAAATTAT"
"GL873521","4586039","4586216","chr5","162553581","162553768","45","157967542","TAATAGAAAAACTAGCCACTGGTAGGCACCCATAGTCCCAGCTACTTGGGAGACTTAGGCAAGAGAATCACTTAGCCCAAGAGTTTGAGGTTGCTGTGAGCTATGATGCCATAGCACTCTACCCACAGTGCCAGAGTGAGATTCTGTCTCAAAACAAAAAAAGAAAGAAAGAAAGAAA","AATTTAAAAATAGCCAAGTATAGTGGCATGCCTCTGTATTCCTAGCTACTTAGGAGACTGAGGCAGGAGGATCACTTGAGCCCAAGTGTGTGAGGCTGCAGTGAGCCATGATCCAGCCACTGCACTCGAGCCTGGAAGACAGAGTGAGATACTGTCTCAAAAAAAAGAAAGAAACGAAAAGAAAGAAA"
"GL873521","4615177","4615298","chr12","11845861","11845982","46","7230684","AAATATAATGAGTAGCTGGGTGTGGAGGCACGTACTTCTACACCCAGCTACATAGAAACTGTGTAGCAGGCAGGAAGATAGTTTAATTAATATAGTGAGAACCCCATTTCAAAAAGAAAGAA","AATACAAGGAAGCCAGGTGTGGTGGCATGCACCTACAGCCCGAGCTACTCGGGAAGCTTTGAACTGGAGACAAGCCTGGGCAACATAGTGAAACCCCATCTCCCTCTAAAAACAAGGAAAGA"
"GL873521","4639212","4639298","chr17","29760224","29760310","16","25121012","GGCCTGGCACAGTGGCTCATACCTATAATCCTAGCACTCTGGGAGGTGAGGTGGGGAGGATCCTTTGAGCTTAAGAGTTTGAGATCA","GGCCATGGGCAGTTGCTCACACCTATAATCCCAGCACTTTGGGAGACTGAGGTGGGAGGATCGCTTGAGCACAGGAGTTTGAGACCA"
"GL873521","4757227","4757326","chr1","32811419","32811520","26","28054192","TAAAATAAATAAATCAGCTGGCAGTGTGGTAGGCAACTGTAGCCCCAGCTACCCAGGGCTGTGGCAGGAAGGTGACTTGAGCCCAGTAGTTTGAGGTTGC","ATTAAATTAAATGGAGCCGGGCGTGGTGGTATGCACCTGTTGTCCCAGCTACTCAGGAGGCCAAGGCAGGAGGATCACTTGAGCCCAGGAGTTTGAGGATGC"
"GL873521","4757600","4757715","chrX","124471265","124471386","33","119713665","GGCTGAGCAGTGTGGCTCACGCCTGTAATCCTAGTGCTTTGGGAGGCTGAGGTGGAGTGAATTCCAGACCTGCCTGAACAAGAGAGTTTTTGTCTCTACTAAAAATATAAAAATCA","GGCTGGACACCGTGACTCACGCCTGTAATCCCAGCACTTTAGGAGGCTGAGGCAGGAGGATTGCTCAAGACTAGCCTGGCCAACATGGTGAAACCCCGTCTCCACTAAAAATACAAAAATTA"
"GL873521","4833908","4834183","chr20","5619662","5619943","68","785754","GGCCAGTGCAGTGGCTCATGCTGTAATCCCAGCCCTCTGGGAGGCTGAGGCAGGCGGATCCCCTGAGCTCAGTGGTTGGAGACCAGCCTGAGCAAAAGTGCAACCCCGGCTCTACTAAAAATAGAAAAAACATTAGCTGGGCTGGGTGGCAGCTGCCTATAGTTACAGCTAATAGGAAGGCTGAGACAGGAGGATGGTTTGAGCTCAGGAGGTTGGGGTTAAGATATGGTGACACCACTGCATGCTACCTGGGGCACAGAGCAAGACTCTTGTCTC","GGCCAGGTGCAGGGGCTGACACCTGTAGTCCCAGCACTTTGGGAGGCTGAGGCAGGAAGATCACTTAAGCCCAGGAGTTCGAGACCAGCCTGCGCAACATGGTGAAAACCCGACTCTACAAAAAATACAAAAACTAGCCAGGCATGGTGGTGCCTGCCTGTAGTCCTAGCTACTCAGAAGGCTGAGATGGGAGGATTGCTTGAGCCCAGGAGGTTGAGGTTGCAGTGAGCTGAGATGACACCGCTGCATTCCAGCTTGGGTGCCAGAGCAAGACCCTCTCTC"
"GL873521","4857882","4858053","chr13","48157593","48157767","59","43299711","GACCAACCAGAGTAAGAATAAGACCCCTGTCTCTACAAAAAAATGCCAAAATTAGCCAGGCATAGTGGCATGCACCTATAGTCCCAGCTACTATAGTTTTGAGGTTGCTGTGAGCTATGACGATGACATTGCACTCTACCCCAGGCAACACAGCAAGGCTCTGTCTCCAAAA","CCAGCCTGGACAACATAGGGAGACCCTGTCTCTACAAAAAAATTTTCAGAAAATTAGCTGGGCACCATGGCGCATTCCTATAGTCCCAGCTACTCAGGAGGCTGCAGTGAGCCATGATTGTGCCACTGTGCTCCAGCACGGGTGACAGAGCAAGACCCTGTCTCTTAAAAAAAAA"
"GL873521","4858329","4858418","chr2B","246546136","246546224","17","241687807","CAGGAGCAGGGGCTCACACCTATAATCCTAGCACTCTAGAAGGCCAAGGCTGGAGGATTACTTGAGGCCAGAAGTTCATGACCAGCCAGT","CCAGGTGCTGTGGCTCATGCCTGTAATCCCAGCACTTTGAGAGGCCTAGGCAGGAGGATTACTTGAGGCCAGAAGCTCAAGACCAGCCT"
"GL873521","4904065","4904344","chr20","3250028","3250308","77","1654037","GGCCAGGCATGGCGGCTCAGCCTATAATCTGGGAGGCCAAGGCTCAAGGAGTTTGAGACCTGCCTGAGCAAGAGCAAGACCCTGTCTCTACTAAAAATAGAAAAAACAGCCAGGTGTTGTGGCAGGCACCTGTAGGCCCAGCTACTTGAGAAACTGAGGCAGGAGGACTGCATGAGCTCAGGAGTTTGAAGTTGCTGTGAGCTAAGAAGCCACAGCATTCTAGTCTGTAGCAACAGAGTGAAACTGTCTCAAAAACAGAACAAAACAAAACAAAACAAAA","GGCCAGGTGCAGTGGCTCACACCTATAATCCTAGCACTTCAAGGCCAAGTTCGAGACCAGCCTGGGCAACATGGCAAAACCCTGTCTCTACAAAAAAAAAATAAAAATTAGCCAGGCATGGTGGCGCTCACCTGTAGCCCCAGCTTCTTGTGGGGCTGAGGCAGGAGGATTGTTTGAGCCTGGGAGACAGAGGTTGCAGTGAACCTATATCATGCCACTGCACTCCAGCCTGGGTGACAGAGTGAAACCCTGTCAAAAAAAAAAAAAAAAAAGAAAGAAAA"
"GL873521","5548943","5549231","chr4","172002891","172003185","72","166453948","GACTGGGCACAATGGCTCACGCCTATAATCCTAGCACTCTGGAAGGCCAAGGTGGGTGGATTACTTGAGCTCACAGGTTTGGGACCATCCTGAGCAAGAGTAAAACCTCATCTCTAAAAATAGCCCGGCATTGTGGTGGGTACCTTGTAGTCCCAGCTAGTTGGGAGGCTGAGGCAAGAGAATCTCTTGAGCCTAAGACTTTGAGGTTGCTGTAAGCTGTGATGCCATGGTACTCTACCGAGGGTGACATAGTAAGACTCTATCTCCAAAAAAAAGAAAGGAAAAAGAA","GGCCAGGCACAGTGGCTCATGCCTATAATCCCAGCAATTTGGGAGGCCAAGGTGGGAGGATCACTTGAGCCCAGGAGTTGGAGACCAGCCTGGGCAACATGGCAAAACTCCATCTCTACAAAAAATAGAAGCCAGGTGTGGTGGTGTGCATCTGTAGTCCCAGCTACTTGGGAGGCTGAGGTGGGAGAATCGCCTGAGCCTGGGAGGTGGAGGTTGCAGTGAGCCAAGATCATGCCACTGCACTCTAGCCTGGGTGTCAGAGTGACAACTTGTCTCAAAAAAAAAAAAAAAAGAA"
"GL873521","5616768","5616899","chr1","134480867","134480991","29","128864099","GTGGCTCTCTCCTGTAATCCCAGCACTTTGGGAGGCCAGGGGAGAGGATTGCTTAAGGCCAGGTATTTGAAACCAGCCTGGGCAACACAGAGAGATATGCCCATCTCTACCAAAAGAAAAAAATTGCTAGGA","GTGGCTCATGCCTGTAATCCCAGCACTTTGGGAGGCCAAGGAGTGAGGATTGCTTAAGTCCAGGAGTTCAAGAACAGCCTGGGAAACATAGTAAGATCCTGTCTCTACAAAAAATAAAAAATTGT"
"GL873521","5617203","5617331","chr3","201848039","201848154","42","196230836","TTAAAAGTTTGCTGGGCTTGCTGAAGTGTGCCTGTAGTCCCAGCTACTCAAGAGACTAAAGTGGGGGGGATCAACAGAGCCCAAGAGTTTTAGCCTGTTCTGAATCACTGGACCACTGCATTCCTGTCT","ATTAGCTGGGCGTGGTGGCGGCTGCCTGTAGTCCCAGCTACTCAGGAGGCTGAGGTGGGAGGATCACCTGAGCCCGGGAGGTCGAGGCTGCAGTGAGCAGTGATGACGGCACTGCA"
"GL873521","5813449","5813645","chr8","55925895","55926096","51","50112446","TCTATAAATATATAGAAATTGCCAGGCACTGTGGCTAATGCCTGTCATCCGAGCACTTTGGGAGGCTGAGGCAGGAGGATCATTTGAGCCCAGAAGTTGGAGGCTTCTATGACTGGGGTGCTGCACTACAGTGGAGGCTGGGTGAAAGAGCAAGATTCTGTCTCTAAAAAACATACAAAACAAACAAACAAACAAAA","TCTCTACAAAAAAATAAAAAACTAGCCGGGCATGGTGGCACATGCCTGTAGTCCCAGCTACTTGGGAGGCTGAGGCAAGAGGATCACTTTACCCCAGGAGGTCGGGGCTGCAGTGAGCTGTGTTCATACCACTGCACTACAGCCTGGGTGACAGAGCAAGACTCTGTCTCAACAAAACAAAACAAAACAAAACAAAACAAAA"
"GL873521","5816723","5816839","chr7","150519989","150520108","29","144703266","GGCTTACACCTGTAATCCTAGCACTTTGGGAGAGTGGGAGTATGGCTCGAACCCAAGAGTTGGGAGACCAGCATGGGAAAGAATGAGACCCTGTCTCTACAAAAATAGAAAAATTAG","TGGCTCACATCTGTAATCCCAGCACTTTGGGAGGCCAAGGTGGGAGGATTGCTTGATCCCAGGAGTTGGAGACCAGCCTGGGCAACATAGTGAGACCCTGTCTCAACAAAAATTTATTTT"
"GL873521","6392280","6392393","chr13","98865790","98865887","34","92473510","GGCATGGTGATACATGCCAGCGACTTAGGAGGAGGACCCCTTGAGCAAGTGAGCAGTGATTGTGCCACTGCACCTCCAGCCTGAGCAACAAAGTGAGACTCTGACTCTTAAAAA","CAGGGGGACCACCTGAGCCTGGGAGGTTGCAGCTGCAGAGCCGTGATTGTGCCACTGCATTCCAGCCTGGGCAACAGAGTGAGCTCCTGTCTCAAAAA"
"GL873521","6821886","6822161","chr13","35542940","35543211","71","28721054","GGCCTGGTGCAGTAGCTCAGAGCTGTAAGCCTAGCACTCTGGGAGGCAGAGGTAGGTAGATCACTTGAGACCAGGAGTTCAAGAAGACCAGACTAAGTAAGAGTGAGACCCTCACCTATGCTAAAAATAGAAAATATTAGCTGGGCATACAGTGTATGTCTGTAGTCCAGGCTACTTAGGAAGCTGAGGTAGGAGGATCACTTAAGCCCAGGAGTTTGAGGTTGCTGTGAGCTAGGCTGAGGCCATGGTACTTCAGCCTCGGCAACAGAGTGAGAC","GGCCAGATGTGGTGGCTCACACCTGTAATCCTAACACTTTGGGAGACCGAGGTGGGTGGATCACTTGAGGTCAGGAGTTCAAGACCAGCCTGGCCAACATGGTGAAACCCCATCTCTACTAAAAATACAAAAATTTGCTGGGCATGATGGTGGGCGCCAGTAGTTCCAGCTACTCAGGAGGCTGAGGCAGGAGAATCGCTTGAACCCAGGAATCAGAGGTTGCAGTGAGCCAAGATCACGCCATTGCACTGAAGCCTGGGCGACAAGAGCAA"
"GL873521","6822427","6822459","chr1","26448863","26448892","8","19626436","TCAGAGTGAGACTTTATCTCAAAGAAAAAAAAA","TGAGTAAGACCCTGTTTCAAAGAAAAAAAA"
"GL873521","6828199","6828251","chr12","8954703","8954756","17","2126504","GGGAGAGGTAGCTCAGGCCTGTAATTCTAACACTCTGGGAGGGAGGATCCCTT","GGTCAGGTATGGTGGCTCATGCCTGTAATTCTAGTACTTTGGGAGGCTGAGGTC"
"GL873521","6828640","6828791","chr2A","70191250","70191406","45","63362610","CCTTGAGCTCACAAGTTTGAGACCAGCCTGAGCAAGAGCGTGACTATCTCTACTAAAAATAGAAAACTCTGCTAGGTGTTGTGGCAGGTGCCTATAGTTCCAGCTACCTAGGAGGCTGAGGCAAGAGGATCACTTAAGCCCAGCAGTTTGAG","TCACTTGAGCCCAGGAGTTCGAGACCAGCCTGGGCAACATAGTGAGACTCAGTCACTACAAAAATAAACTTGCTGGGTGTGGTGGTGTGCACCTGTAGTTCTAGCTACTCAGGAGGCTGAGGTGGGAGGATCCCTTGAGCCTCGGAGGTGGAGGTTG"
"GL873521","6837142","6837367","chr12","104694083","104694305","59","97856941","GACTGGGTGCTATAGCTCACACCTGTAACCCTAGCACTCTCAGAGGCCAAGGTGGGTGGATTCGCTGAGCTCAGGAGTTCAAGACCAGCCTGAGCAAAATAAGACCCCATCTCTACTAAAAATAGAAAAAGAAAAACCAGCCAGGTGTGGTGCCAGGAGCCTGTAGTTCCAGCTACTCAGAGGCTAAAGTAAGAGGATTATTTGAGCAGTAAGAGTTTGTGGTTTC","GACTGAGTACGGTGGCTCACACCTGTAATCCTAGCATTTTGGGAGGTCAAAGTGGGAGGATGACTTGAGCCCAGGGGTTCAAGACCAGCCTGGGCAACAAAGTGAGACCCTGTCTCCATAAAAATTACAAAAATTAACCAGGCATGGTAGCATGTGCCTGTAGTCCCAGCTACTCGGGAAGCTGAGGCCAGAGGATTGCTTGAGCTTAAGAGGTTGAGGCTGC"
"GL873521","6837616","6837695","chr14","61332116","61332199","24","54494500","GTTTGTGGTTGCTGTGAGCTATGACATCACAGCACTCAACCCCAGGGTGACTACATACAACTCTGTCTCAGAAAAAAAAA","GGTTGAGGCTGCAGTGAGCTGTAATTGTACCACTGCACTCCAACCCAGGTGACACAGTAAGACCCTATCTCAAACAAAACAAAA"
"GL873521","7000001","7000131","chr1","35753661","35753787","41","28753660","ACAGTAATACATACTTGTAGTTCCAGCTTCTAGGCTGAGGCCAGAAGATGGCTTGAGCCCAGGACTTTGAGGTTGCAGTGAGAGATGATGATACCTCTGTACTCTAGCCCAGGTAACAGAGACTCTGTTTC","TTAGCCAGGCATACTAGCTCATGCCTGGAGGCTGAAGCAAGAGGACAGCTTGAGCCCAGGAGTTTGAGGCTGCAGGCAGCTATGATCGCACCATCGCACTCCAGCCTGGGTGACAAGACCCCATCTC"
"GL873521","7000386","7000547","chr6","44662547","44662705","42","37662161","GGGTGTGGTGGCTCTTACCTGTAATCCTAGCACTTTGGGAGGCTGGGGCAGGCAGGAAGATTGTTTGAGGCCAGGAGTTCCAGACCAGGCTTGTCAATATAGTGAGACCCCGTCCCTATAAAAAATAGAAAAATTATCTGGGCCTGGTAATGCATACTTTGG","GGCACAGTGGCTCATGCCTATAATCTCAGCACTTTGGGAGGCCAAGGTGAGAGGATCACTTGAGCCCAGGAGCTACAGACCAGCCTGGGCAACATAGAGAAAACCCATCTCTACAAAAAATACAAAAATTATCTGGGCGTGGTGATGCATGCCTGTTGT"
"GL873521","7034228","7034543","chr6","83628974","83629284","80","76594746","GGCCAGATGCAGTGGCTGACACCTGCAATTCTATAACTTTAGGAAGGTGAGAGAATTGCTTGAGGCCAGGAGTTCCAGACCAGCCTGAACAATATAGTGAGACCCCATTGCTACAAAAATTAGAAAAATTCACTGGGTGTAATGGCCAATGCCTGTATTCCCAGATAATCCAGAGGCTGATGCTGGAAGATTACTTGAGCCCAAGAATTTGAGGTGACAGTGAGCTATGATGACACCAATGCACTCTAGCTTGGGCAATAGAGTGTGACCCTATTTCCAAAAAAAGAAAGAAAGAAAGAAAGAAAAGAAAAGAAAA","GGCAGGGCATGGTGGCTCATACCTGTAATCCCAGCACTTTGGGAGTCCAAAGTGGGTGGATCGCTTGAGTCCAGGAGTTCAAGACCAGCATGGGCAATATGGTGAAACCCTATCTCTACAAAAAAATACAAAAATTAGCTGGGCATGGTGGCATGCACTTGTATCCCAGCTACTCCAGAGGCTGAGGTGGGAGGATTGCTTGAGCCCAGGAGGTTGAGGCTGCAGTGAGCCATGATCACACCACTGCACTGTAGCCTGGGCAGTAGAGCGAGACACTGTCTAAAAAAAAAAAAAAAGAAAAGAAAAGAAAA"
"GL873521","7070010","7070206","chr5","79804250","79804453","53","72734240","GGCCAGGCAAGATGGCTCATGCCTGTAATCCTAGCATTCTGGGTGGCTGAGACAGGCATATTCCCTGAACTCATGAGTTGGAGACAAGTCTGAGCCAGAGTTAGACCTCATCTCTAAAAATAGCCTGGCATTGTGGCATACACCTGTAGTCTCAGCTACTTGGGAGGCTGAGGTGAAAGAATTGCTTAAGCCCAAGA","CAGGCACTGTGGATCACACCTGTAATCCCAGCACTTTTGGAGGCTGAGGCGGGCAGATTGCTTGAGCTCAGGAGTTTGAGACCATCTTGGGCAACCTGGTAGAACCACATCTCTACAAAAAATTAGCCGGGCATCGTGGCACACGCCTGTAGTCGCAGCTATTTGGGGGGCCTCCTGAGGTGAGAGGATTGCTTGAGTCCAGGA"
"GL873521","7070300","7070404","chr10","27497894","27497990","34","20427594","GTAAGCCCAAGATTTTGAGGTTGCTGTGAGCTATAATGCCATAGCACGCTAACTGAAGCAAAGTAACTATGACAAAGTAAGACTCGGTCTCAAGAAAGAGAAAAA","CACTTGAGCCCAGGAGGTTGAGGCTGCAGTGAGCTATCATGCCACCACACTCCAGCCTGAATTACATGGCAAGACCCTGTCTCAAGAAAAAAAAAAA"
"GL873521","7099137","7099314","chr16","419989","420167","56","6679148","GGCTGGGTGCCGCGGCTCACACCTATAATCCTAGCACTCTGAGAGGCCAAGGCAGGTGGATTGCTTGAGCTCAGGCACTTGAGGCCCTCAAATAGAAAAACTAGCCCAGCCTTGTGGTGGGCCCCTGTAGTCCAGCTACTTAGGAGGCTGAGGCATGAGGATCGATTGAGCCCAAGTA","CTGGGCACCGTGGGTCATGCCTGTAATCCCAGCACTTTGGGAGGCTGAGGCAGGAGGATCACTTAAGCCCAGGTGTTCAAAAAACAAACAAAAAAACATTAGCCAGGTGTGGTGGTGCACACCTGTAGTCCCGGCTACTCAGGAGACTGAGGTGGGAGGAGCTCTTAAGACCGAGAGGT"
"GL873521","7099591","7099694","chr5","181790038","181790151","31","174690447","TGAGGCCAAGTATTTGAAGTTGCTGTGAGCTATGATGTGGCGCTCTACCAAGGTTGATAAAGTGAGACTCTGTCTCAAAAACAAACAAACAAACAAAAAAGCAA","TTGCTTGAGCCCAGGAGGTGGAGGTTTCAGTGAGCCAAGATCGTGCCACTGCACTCCAGCCTGGGTGACAAAGTGAGACCCTGTCTCAAAAACAAACTAACAAACAAAAAACAA"
"GL873521","7182117","7182284","chr17","14741482","14741644","46","7559365","AATTAGCCAGGCATCATAGCACATGCCTATAGTCCCAACTATTCAGGAGCCTCAGGGCCAGGAGGATCCCTTGAATATAGGAGTTTGGGGTTACTGTGAGCTATAATGATACCACCCACTGCACTTTAGTCTGGGTGACAGTGAGACCCCGGCTCAGGGGGAAAAAAA","AATTAGCCAGGCATGGTGGCACATGCCTATAGTTCCAGCACTTTGGGAGGCTAAGGCAGGAGGATTGCTTGAGCCCAGGAGTTTGAAGTTACAGTAAGCTATGATCATGCCATTGCACTCTAGCCTGGGCAACAGAGTGAGACCTTGTCTCTAAAAAAAAAAA"
"GL873521","7182549","7182656","chr11","75656969","75657073","28","68474420","AACCCCAGCACTTTGGGAGGCCAAAGCAGGAGGATCATTTGAGGCCTAGGAGTTGGAAAGCAGGCAGAACAAGAGTGAGACTATCTTCATAAAAATACAGAAAAATTA","CCAGCACTTTGGGAGGCCAAGGCAAAAGGATCACTTGAGCCCAGGAGTTTGAACCAACCTAAGCAACAGAGTGAGACCCTGTGTCTACAAAATATTAAAAAATTA"
"GL873521","7224398","7224414","chr1","153358526","153358539","3","146134128","AAAAAAGAAAGTAAAAA","AAAAAAAAAAAAAA"
"GL873521","7224442","7224704","chr16","23925003","23925279","73","16700561","GTGTGATGGCTCATGCCCATAATCCTAGTACTTTGGGAAGCTTAGGCAGGAAGATTGCTGGAGGTCAGGAGTTCAAGACCCACCTGAGCAAGAATGAGACCCCCGTATCTACAAAAAATAGAAACATTAGCTGGGTGTGTTGGTGTATGTCTGCAGTACCAACTACTAGAGAGTTTGAGGCAGGAGGATCGTGTAAGCCCAGGAATTTGAGGTTGCAGTGAGCCACCACTGCACTCTACCCTGGGAGGCAGATCAAGACTGTG","GGCTGAGCGCGGTAGCTCATGCCTATAATCCCAGCACTTTGGGAGGCTGAGGCAGGTGGATTACTTGAGCTCAGGAGTTCGAGACCAACCTGGGCAACACGGTGAAACCCCTTCTCTACAAAAAACACAAGAATTAGCAGGGCATGGTGGTGTGCACCCGAAGTCCCAGCTACTCAAGAGGCTGAGGTGGGAGGATGGCATAAGCCCAGGAAGTGGAGGTTGCAGTGAGCCAAGATCATGCCACTGCACTCCAGCCTGGGTGACAGCAAGACTGTCT"
"GL873521","7244822","7245115","chr16","74165797","74166100","72","66920975","GGCCGGGCTCAGTGGCTCTATAATCCTGGCACTCTGGGAGGTCAAGGTGGGTGGATTGCTTGAGCGCAGGAGTTTGAGACCAGCCTGAGCAAGAGTGAAACCCCGTCTCTAAAAATAGCCAGGTGCTGTGGTGAGCCCCTATAGTCCCAGCTACTCAGGAGGCTGAGGCCAGAGAATCGCTTAAGCCCAGAAGTTGGAGGTTGCTGTGAGCCGTGATACCATAATTCTTTAACAAGGGTGACAGAGTGAGACTCTGTCTCAAAAAAACAAACATACAAACAAAAAAAAAAAAAA","GGCTGGGCACAGTGGCTCATGCTTATAATTCCAGCACTTTGGGAGGCCAAGGTGGGTGGATCACTTGAGCCCAGGAGTTCGAGACCAGCCTGGGCAACATGGTGAAACTCTGTCTCTACAAAAAATTAGCTGGGTGTGGTGGCTCGTGCCTGCAGTCCCAGCTACTCAGGAGGCTGAGGTGAGAGGATCAATGGAGCCCAGGAGGTGGAAGTTGCAGTGAGCCAGATCACACCACTGTACTCTCCAGCCTGGGTGACAGAGCAAGACCCTGTCTCAAAAACAAACAAACAAACAAACAAACAAA"
"GL873521","7391188","7391475","chr8","106723939","106724236","70","99332751","GGCATGGTGGCTCACACCTATAATCCTAGCACTCTGGGAGGACAAGGTGGGAGGATCCCTTGCACTCAGAAGTTCAAGACCAGCCTGAGAGAGAATAGGACCCCATCTCTACTAAAAATAGAAAAATTACCTGGGCATTGTGGTTGGTGCCTGTAGTCCCAGCTTCTTGGGAGGGTGAGGCAGGGGCATCACGTGAGCCCAGGAATTTGAGGTTACAGTTAGCTGTTTTGTCACAGCCATCTACCCAGGGCAACAGAGTGAGACTCTATCTCAAAAAGAAAAAAAGAG","GGTGCTGTGGCTCAAGCCTATAGTCCCAGCACTTTGGGAGGACAAGGTGGGAGGATCACTTGAGCCCAGCAGTTCAAGACCAGCCTGAGCAACATGATAAGACCCCATCTCTACAAAAAATTAGAAAAATTAGCCAGGCATGGTGATGTATGCCTGTGGTCCTAGCTACTTGGGAGGCTGAGGCAGGAGGATCCCTTGAGCCCAGGAGGTCAAGGTTGCAGTGAGCCATGGTTGTACCACTGTACCCCAGCCTGGGTTACACAGTGAGATCCTATCTCAAAAAAAAAAAAAAAAAAAA"
"GL873521","7391570","7391585","chr17","38661961","38661976","2","31270391","GAAAAAAAAAAGAGAA","GAAAAGAAAAAAGAAA"
"GL873521","7411261","7411442","chr4","57296207","57296386","41","49884946","AGAAAGAAAGAAAAAAAATTAGTCAAGAATGGTGGCATGCACCTATATTCCCAGCTACTCAAGAGACTGAAGCAGGAGGATTACTTGAGCTCAGGAGTTGGGGGCTGCAGTAAGCTTTGACTATACTAATGCACTCCAGCCTGGGTGACAGAGCGAGACCCTGTTTCAAAAAAGAAAAAAAA","AAAAAAGAAAAATTAGCCAGGCATGGTGGCATGTGCCTGCAGTCCCAGCTACTCAGGAGACTGAGGTGGGAGGATTGCTTGAGCCAGGGAGATTGGGGCTGCAGTGAGCTGTGATATCATGCCACTGTACTCCAGCCTAGGCCGCAGAGTGAGACCCTGTCTCAAAACAAAAACAAAAAA"
"GL873521","7411723","7411845","chr16","11721596","11721721","28","4309873","GGCTGGGTGCAGTGATCCTAGCCTTTTGGGAGGCTGAGGCAGGAGGACTGATTGAGGCCATGAATTTGAGACCAGCCTGAGCAAGAGTGAGACCTTGTCTCTGCAAAAAATAGGAAAATTAGT","GGCTGGATGCGGTGGCTCATGCCTTTTGGGGAGGCTAAGGCAGGAGGATTGCTGGAGCCCAGGAATTAAAGACCAGCCTGGGCAACATAGTGAGACCTCGTCTCTACAAAATTAAAAATTAAGTTT"
"GL873521","7473204","7473396","chrX","14950093","14950281","51","7476889","CAAAAAAAAAACCTTAGCCAGGTATGGCAGCACAGATTTGTCATCCCAACTACTCAAGAAGCTAAGGTGAGAAGATCACCTGAGCACAGGAGTCTGAGGTTATAGTGAGCTGTGACTGGGCCATTCACTACATTCCAGCCTATGCTATAGAGTAAGACCCTGTCAAAAGAAAAAAAAAGAGAGAGAGAGAAAA","TCAATAAATAAAAATTAGCCAGGCATGGTAGCACATGCCTGTCGTCCCAGTTACTCAGGAGGCTGAGGTGGGAGGCTCACCTGAGCCCAGGCATTGAAGGCTGCAGTGAGCTATGATCACAACACTGCATTCCAGCCTGGGTGACAGAGCAAGACCCTGCCTCAAAATAAAATAAAGAAAGAAAGAAAA"
"GL873521","7473423","7473542","chr14","57739259","57739375","24","50265836","CTGGGCACAGTGTTCATGCCTGTAATTTGAGCACTTTGGGAGGCCAAGGCTAGAGGATCACTTGAGGCCAGGAGTTTGAAACCAGCCTCAGTAACACAGAGAACCCTCATCTCTATTTAA","CTGGGTACATTGGCTCAAGCCAGTAATCCCAGCACTTTGGGAGGCCAAAGCAGGAGGATCACTTGAGGCCAGGAGTTTGAGACCAGCCTGGGTAACATGAGACCCTGTTTCTACAAA"
"GL873521","7573100","7573248","chr5","35112160","35112317","42","27539060","AGCCAGATGTGGTCTATAGTCCACAGCTACTTAGAGGCTGAGGCAAAGGGATCACTTGAGCCCGAGAGTTCAGGGCTGTGGTGCACAATGATCATGTCTGTGAATAGCCACTGCACTTCAGCCTAGGCAACATAGCAAGACCCTATCTC","AGCCTGGTGTAGTGGCACATGCCTATAGTGTCAGCTACTGGAGAGGTTGAGGCAGCAGGATTGCTTGAGTCCAGCAGTTCAAGGCTGTAGTGCACGATGATGGTGCCTGTGAATAGATACTGTGCTTTAGCATGGGCAACACAGCAAGACTCTGTCTG"
"GL873521","7601934","7602029","chr5","155700261","155700353","20","148098327","GGCTGAGCCCAGAGGCTCATGCCTGTAATTCTAGCACTCTGGGAGGCTGAGGCAGGTGGAGTGCTTGAGCTCAGGAGTTAAAAAAATCCAGTTTGA","GGCCGGGCACAGTGGCTCATGCCTATAATCCCAGCACTTTGGGAAGCTGAGGCAGGAGGATTGCTTAAGCCCAGGAGTTCAAGACCAGTCTTG"
"GL873521","7602314","7602531","chr2A","29137649","29137868","57","21535335","GACCAGTGTGAGCAAGGGCAAGACTCTGTCTCTACTAAAAATAGAGAAACTAGCTGAGCATTGTGGTGGGTGCCTAAAGTCTCAGCTGCTCAGGAGGATAAGGCAGGAAGATCTCCTGAGCCCAGGAGTTTGAGGTTGATGTGAGCTATGATGATATCGCATTCTAACCAGGTAACAGAGTGAGGCTTTGTCTCAAAAAAAAAAAAAAAAAAGAAAAA","CAGCCTGGTCAACATAGGGAAACTCTGTCTCTACAAAAAGTTAAAAAATTAGCTGAGCATGGTGGCACATGCCTGTAGTCTCAGCTACTCAGGAGGCTGAGGCAGGAGGGTCACTTGAGCCTGGGAGGCTGAGGCTGCAGTGAGCTGTGATCATGCTATTGCACTCCAGCCTGGGAGACAGAGTGAGATCCTGTCTCCAAAAATAAAAAATAAAAATAAA"
"GL873521","7608283","7608358","chr9","32411376","32411450","22","24803093","AGGCTGAGGAGGAAAGATTACTTGAGCCCCAAAATCTAGCCTTGGTGACATAGTGAAACTCTGTCTAAAAAAAATA","AGGTGGGAAGAGTACTTGAGGCCAGGAATTCAAATCTAGCCTGGGCAACATAGTGAAACCCTGCCTTAAAAAAAA"
"GL873521","7633232","7633420","chr7","4237351","4237553","52","3395881","GTGGTGGCTCATGCCTGTAATCGTAACACTCTGGGAGGCTGAGGTGGGTAGATTGCTTCAGCTTAGGAGTTCGGGACCAACCAAAGCAAGAATGAGACCCCCTCTCTACTAAAAACAGAAAGACTAGCCAGGCATTGTAGCAGGTCCTGTAGTCGCTACTCAGGAGGCTGAAGCAGGAGGATCACTTAA","GGTCAGGCATGGTGGCTCATGCCTGTAATCCCAGCACTTTGGGAGGCCGAGGTGGGCAGATTGCTTGAACTCAGGAGTTGAAGACTAGCCTGGGCAACACGGCAAAACCCCATCTCTACTAAAACTACAAAAACTAACTGGGCATGGTGGCACGCGCCTGTAGTCCCAGCTACTGGGGAGGCTGAGGTAGGAGGATCACTTGA"
"GL873521","7636438","7636492","chr5","38545852","38545906","11","30909414","ATTCAAGCCTGGGTGACAGAGTGAGACACTATCTAAGAACAATAAATAAATAAAA","ATTCCAGCCTGAGTGACAGAGTGAAACCCTGTCTCAAAACAAAAACAAAAACAAA"
"GL873521","7696982","7697091","chr9","129918441","129918551","24","122221459","TAATCCTAGCACTCTGGGAGGCCAAGGTAAGTGGATTGCTTGAGCTCAGGAGTTCAAGAGCAGCCTGAGCAAGAACAAGACCCCAACTCTATTAAAAATAGAAAAAAGCA","TAATTCCAGCACTTTGGGAGACTGAGGCAGGAGGATTGCTTGAGCTCAGGAGTTCGAGACCAGCCTGGGCAACATATTGAGTCCTCATCTCTATTAAAAATTAAAAAAATA"
"GL873521","7697336","7697489","chr7","132712253","132712405","44","125014917","GTAGAAAAAAGGCCAGCTGGGCATAGTGGTACATGCTTGTAGTCCCAGCTACTTGGAGACTAAGGTAAGAGGACTGCTTAAGTCCAAGAGCTTAAGGTTGCTGTGAGCTATGACACCACAGGGTGATAAGAGTGAGACTGTCTCCAAAAAAAAA","GAATTAAATAAAAATTAGCAGGGCATGGTGGCATGTGCCTGTAGTGCCAGCTACTTGGGAGGCTGACGCCAGAGGATTACTTGAGCCCAGGAGTTGGAGGTTACAGTGATCATGCCACTGCATGACAGAGTGAGACCCTGTCTCAAAAAAAAA"
"GL873521","7750582","7750651","chr7","149337669","149337736","11","141587087","GCTGGGTAAGAGTGGCTCATACCTATAATCCCAGCACTTTTGGGAGGCTGAAACAGGAGGATCACTTGAG","GCTGGGCACAGTGGCTCACACCTGTAATCCCAGCACTTTGGGATGCTGAGGCAGGAGGATCATTGGAG"
"GL873521","7784733","7784858","chr3","160952502","160952627","25","153167769","GGCCGGGCATTGATGGCTTCTACCTGTAATCCCAGCACTTTTGGAGGCTGAGGTGGGAGGTTTCATTGAGATCAGGAGTTTGAGACCAACTTGGGCAACAGTGAGACCCTGCCTTAAAAAAAAAAA","GGCCAGGCATGGTGGCTCACACCTGTAATCCCAGCACTTTGGGAAGCTAAGGTGGGAGGATCGCTTGAGCACAGAAATTTGAGACCAGCTTGGGCAACATAGAGATCCTGTCTCTATTAAAAAAAA"
"GL873521","7784884","7785052","chr16","1604263","1604439","38","6180621","AATTAGGCAGGCATGGTGGCACTTGTCCCAGCTACTTGGAAGGCTGAAGGAGGAGGATCACTTGAGCCCAGGAGTTAGAGGTTGCTGTGAGCTTTGATGCCACTGTACTCTAACCTGGGCAACAGAGTGAGATGTGCCTCAAAAACAAACAAACAAACAAAACCAAAAA","AATTAGCCAGGCATGGTGATTGGCACCTGTGGTCCCAGCTACTTGGGAGGCTGAGGCAGGAGGATGAATTGACCCCAGGAGTTTGAGGCTGCAGTGAGCTATGATGGCACCACTGCACTCTAGCCTGGGCGACAGGATGAGATCTGTAAAAAAATAAATAAAAATGAAAATAAAAAA"
"GL873521","7870707","7870997","chrX","70230306","70230599","61","62359599","GCTGGGCACAGCAGCTCACACCTGAAATCCCAGTACCCTGGAAGGGTGAGGATGGAGGATCACTTGTGGTCAGGAGTTCAAAAACAGCCTAAGCAAGAGTGAATCGCCATCTCTATTAAAAATAGAGAAATTAGCCAGGTGTGGTGGCATTTGCCTGTAGTCCCAGCCACTTGGGAGGCTGAGGCAGGAGGATCATTAGAACCCAGAAGGTGGAGGTTGCAATGAGCAGTAATGACACCACTGCACTCCAGCCTGGGTGACAGAGCAAGTCTCTGTTTCAAAAAAAAAAAA","GGCCAGGTACAGTGGCTCACACCTGTAATCCCAGCACACTGGGAGGCAGAGGCGGGCAGATCATTTGAGCTCAGGAGTTCAAGAGCAGCCTGGGCAACATGGTGAAATCCCATCTCTACAAAAAATAGAAAAATTAGCCGAGTGTGGTGGCACTCCTCTGTAGTCCCAGCTACTTGGAAGACTGAGATGGGAGGATCATTTGAGCCCAGGAGGCGGAGGTTGCAGTGAGCTGAGATTGCACCACTGCCCTCCAGCCTGGGCAACAGAGCAGGACCCTATCTCAAAAAAAAAAAA"
"GL873521","8041789","8041920","chr12","80555695","80555826","29","72513906","GTGGTGGCTCATGCGGATTATCCCAGTACTTTGGGGAGGTTGAGGCAGGAGGATTGCTTGAGCCCAGGAATTTGAGACCAGCCTGAGCAACATAGTAAGACTCTATACAAAAAAATAGAAAAATTAGCCTGG","GTGGCTCATGCCTGTAATCCCAACACTTTGGGAGGCTGAAGCAGAAGGATTGCTTGAACCAGGAGTTTGAGACCAGCCTGGGCAACATAGTGAGACTATCTCCACAAAAATAAATAAAAAATTAGCTGGGCA"
"GL873521","8042182","8042375","chr4","7236991","7237179","49","805191","GGTAAAAAAGAAAAAGAAAAATTAGCCAGGAGCACTAGCTTACGGCTTGTAGTCCTAGCTACTCAGGAGGCTGAGGTAGGGGAATTGCTGGAGTCCAGGAGTTTGAAGCCACAGAGAGCAAAGACCACACCACTGTACTCCAGCCTAGGCAATAGAACAAGACCCTGTCTCTGAAAAAAATAAATAAAAATAAA","TAAAAAAAATACTTAAAATTAGCCAGGCGTGGTGGCACACACCTGTGGCCCCAGCTACTCAGGAGGCTGTTGTAGGAGGATCCCTTGAATCCAGGAGGTCAAGGCTGCAGTAAGCCAAGATCACGCCACTGCATTCCAGCCTAGGCAACAGAGCAAGATCCTGTCTCTTAAAAAAAAAAAAAAAAAGAA"
"GL873521","8067082","8067383","chr20","31024244","31024552","81","22957162","GGCCAGGTGTAGAGGCTCACACTTATAAGCCCAGCACCCTGAGAGGCCGAAGTGGGTGAACTGCTTGAGCTCAGGAGTTCAAGAGTAGCCTGAGCAATAGTGAGAGCCGATTTCTACTAAAAACAGAAAACCTAGCCAGGCACTGTGGTGGCGTCTATAGTCCCAGGTACTCGGGAGGCTGAGGCAGGAGGATTGCTCAATCCTAAACTTTGAGGTTGCTGTGGGCAATAATGCCATATCTCTACCCAGGGGAAAAGAATGAGACTCTGTCTAAATAAATAAATAAATAAAATAAAAACAAA","GGCCAGGCACAGTGGCTCACACCTGTAATCCCAGCACTTTGGGAGGCCGAGGTGGTGGACTGCTTGAGCTCAGGAGTTCAAGACCAGTCTGGGCAACATGGCAAAACCTTGTCCCTACAAATAATACAAAAATTAGCCAGGTGCGGTGGCATGTGCCTGTAGTCCCAGCCACTTGGGAGGCTGAAGTGGGAGGATTGCTTGATCCTGGGAGGTAGAGGCTGCAGTGAGCCATAATTGTGCCACTGCACTCCAGCCTGGGCAACAGAGTGAGACCCTATCTCAAAAATAAATAAATAAATATAAAGAAAA"
"GL873521","8204885","8205108","chr10","14099107","14099324","63","5894222","CGAATTCGAAACCAGCCTGAATAAGAGTGAGATCCGTCTCTAATGAAAAGAGAAAAACTAGCAGGTTTTGTGGTGGGTGCCTTTAGTCTCAAGCTACTTGGGAGCCTGAGGCAGGAGGATCACTTAAGCCCAGGAGTTTGAGGTTGCTGTGAGCTATGATAACATTAGGGCATTCTAGCCTGGGAAACCGAGTGAGACTCTGTCTTAGAGAAATAAAAAATAAA","AGACCAGCCTGGGCAACATGACAAGATCCCGTCTCTACAAAAAATACAAAAATTAGCAGCGTGTGGTGGGGTGTGCCTGTAGTCCCAGTTACTTAGGAGGCTGAGGCAGGAAGATCACTTGAGCCCAGGACGGGGAGGTTACAGTGAGCCGTGATCACACCACCACACTCCAGCCTGGGTGACAGAGTGAAACTCTGTCTCTATAACAAACAAACAAA"
"GL873521","8205374","8205463","chr18","31130683","31130770","22","22925309","GCCGGACATGGTGGCTCATGTCCCTCCTGTAACCCTAGCACTCTGGGAGGCTTTGGCCTAAGGATTTGAGCTCAAGAGTTTAAGACCAGG","GGCCAGGCATGGTGGCTCACACCTGTAATCCTAGCACTTTGGGAGGCTAAGACCAGAGGATAATTAAGCTCAGGAGTTCAAGACCAGC"
"GL873521","8530940","8531225","chr4","131255414","131255698","71","122724474","GTCAGGTGTGATGGCTCGTCCTGTAATCCCAACACTCTGGGAGGCTGAGGCTGGTGGTTTGCTTGAGCTCAGGAGTTCTGAGACCATCCTGAGGTAAGAGTGAGACCCCATCTCTACTAAAATTAGAAAAAAAATTACCCAGGTGTAGCGGTGATGCCTGTAGTCCTAGCTACTTGGGAGGCTGAGGCAAGAGGATTGCTCAAGCCTGAGAATTTGAGGTTGCTGTGAGCTATGACTCCATCGCACTCAACCCCAGGGTGACTGAGTGTGATTGTCTGAAAAAGAA","GGCAGGACACGGTGGCTCACACCTGTAATCCCAACACTTTGGGAGGCTGAGGCAGGTGGATCACTTGAGCTCAGGAGTTGAGACCAGCCTGGGCAACATGGTGAAACCCCATCTCTACTAAAAATACAAAAATTAGCCAGGCATGGTTGTGGATGTCTGTGGTCCCAACTACTTGGGGGGCTGAGGCAGCAGGATTGCTTAAGCCTGGTAATTTGAGGCTGCAGTGAGCCATGTTCTTGCCAGTGCTCCAGCCTGGGTGACAAAGCAAGACCCTGTCTCAAAAAA"
"GL873521","9138426","9138710","chr17","16672309","16672598","64","7533883","GGTGGCTCATGTCTGTAATCCGAGCACTCTGGGAGGCTAAAGTGGAAGGATCACTTGAGCTCAGGAGTTTGAGACTAGCCTGAGCAAAAGTGAGAACAATGTCTCTATTAAAAATAGAAAATTAGCCAGGTGTTATGATAGGTGCCTGTAGTCCCAGCTATTCAGGAAGGCCAGGAAGGAGGATCCCTTGAGCTGGGGAGTTTGAGGTTGCTGTGAGCTGTGATGACACCATGGCACTCTACCCATGATGACAGAGTAAGACTGTCTCTAAAGGGAGAAAAAAAA","GTGGCTCACACCTGTAATCTCAGCACTTTGGGAGGCTGAGGCGGGAGGATCACTTGAGCCCAGGAGTTTGAGACCAGCCTGAGCAACATAGTAGGCTCCTGTCTCTACAAAAAAATACAAAAATTAGCTGGTACTGGTGGCATGTGCCTGTAGTCCCAGCTACTCAGGAGGCTAAGGCAGGAGAATCGCTTGAGCCCAGGAGGTTGAGGCTGCTATGAGCTGTGATGGCACCACTGCACTCCAGCCTGGGTGACAGAGTGAGACCTGGTCTCAAAAAGAAAAAAAAAAAA"
"GL873521","9337001","9337128","chr7","153795408","153795531","29","144458407","CTGGGCTCAGTGGCTCATGCTTGCAAGCCCAGCACTCTGGGAGGCCAAGGCAGGTGGATTGCTCGAGTTCAGGAATTTCAGACCAGTCTAAGAAAGAGTGAGAGCCCATCTGTACTAAAAATAGAAAC","CTGGGCACAGTGGCTCACGCCTGTAATCCTAGCACTTTGGGAGTCCAAGGCAGGAGGATGCTTGAGTCCAGGAGTTCAAGACCAGCCTGAGCAATATAGTGAGACCCCCATCTCTACAAAAAAA"
"GL873521","9337149","9337320","chrX","5183862","5184037","43","4153287","TAAAATACTAGCTGGGCATTGCGATGGGTGCCTGTAATTCCAGCTACTCAGGAGGCTGAAGCAAAAGGATCACTTGGGCCCAAGAGTTTGCGGTTGCTGTGAGCTGTGATTACACCACAGCACTCTCCCCAGGCAGAGAGAGACTCTGTCTTTAAAAACAAACAAACAAAAA","ATAAAAATATTAGCTGGGCATGCTGGTACATGCCTGTAGTCCCAGCTACTCAGGAGGCTGAGGCCTGAGGATCACTTGAGCCCAGGAGTTCCAGGTTGCAGTGAGCCGTGATTGCACCATTGCACTCCAGCCTGGGCCACAGGGCTAGACCCTGCTCAAAAGAAAACAAAAAAGAA"
"GL873521","9671716","9671832","chr6","38551166","38551279","31","28879450","GGCTAGGCAGGGAGGCTCAAAACTAAAATTTTAGCACTCTGAGAGCCCAAGGTGGGAGAATTGCTTGACCTCGGGTGTTTGAGACCAGTCTGAGCAAGAGTAACATCACATCTCTAC","GGCTAGGCGTAGGGGCTCAAACCTGTAATTCCAGCACTTTGGGAGGTCAAGGTGGGAGGATTACCTGAGGCCAGGAGTTTGAGACCAGCCTGAGCAACAGTGAGACTTTGTCTC"
"GL873521","9671895","9672063","chrX","24568892","24569057","39","14896997","TAATTAGCCAGGCATAGAGGTGGTATACACCTGTAGTCCCAGCTACTCTGGAGGCTAAGTCAGAAGGACTGGTTGAACCCAGGAGTCTGAGGTTGCTGTGACTAGGCTGATGCCACAGAACTCTAGCCTGATCAACAGAGTGAGACTCTGCCTCAAAATAAAAAAGGAA","AAATTAGCTAGGCATGGTGGCATGCAACTATAGTCCCAACTACTCAGGAGGCTGAGGCCGGAGGATGGTTTGAGCCCAGGAGGTGGAGGTTGCAGTGAGCCAAGATCACACCACTGCACTCCAGCCTGGGCAACAGAGTGAGACCCTGTCTCAAAAAAAAAAAAAA"
"GL873521","9699009","9699116","chr16","57943722","57943822","32","48244713","TCTGAGACACTCGGGAGGCTGAGCCTAGGAGTTTGAGGTGACAGTAAGCTAAGTTGATGTCACTGCATTCCATCCTAGGCAACAAAGCAAGATCTTATCTCTAAAAGA","GGAGGATTGCATGAGCCCAGGAGGTTGAGGCTGCAGTGAGCCAAGATCGTGCCACTGCACGTCAGCCTGGGCAACAAAGCAAGACTCTATCTCAAAAAAAA"
"GL873521","9699330","9699522","chr6","3030697","3030873","65","6668633","GGCTGCATGTGGTGGCTCGTGACTGTAATTTCACCACTTCAAAAGGCTGAGGCAGAGGAGTCACCTGGGGCCCAGAAAGTCACCCTTAAAGTCCAGCCTGAGTAACACAGTGAGACCCAAGATCCCAACTCCACAAAAGAAAAAAGAAGGGAAAGGAAAGAAAAGAAGAGTGGTGTGTGGTGACCTCCTAGAC","GGCCAGGCATGGTGGCTCTCCCCTGTAATCCCAGCACTTTGGGAGGCCAAGGCAGAAGGATCGCTTGAGCCCAGGAGTTTTAAGACCAGCCTGAGCAACACAGAGAGACCAGATCCCACTTCCACAAAAAAAAAAAAAAAATATTTGCCAGGCGTGATGGTGCATGCCTGTAGTCCC"
"GL873521","9879625","9879892","chr2A","20521665","20521953","79","10642040","GGGTGGGCACTGTGGCTCAGGCCTCCTAGCACTCTGGGAGGCCGAGCTGGGTGGATGACTTGAGCTCATGAGTTTGAGACCAGACTGAGCAAGAGCAAGCCCCATTTTTAAAAATAGCCAAGTGTCATGGTGGGCATCTATAGTCCCAGCCAGTTGGCAGGCTGAGGAAGAAGGCTTACTTGAGCTCAAGAGGTAGCTGTGAGCTGTGATGCCATGGCACTCTACCCAGGACAACAAAGTAAGACTGTCTCCAAAAAAAAGAAAAAAA","GGCTGGGCACAGTGGCTCACGCCTGTAATCCCAGCACTGTGGGGAGGTCAAGTTGGGTGGATTGCTTGAGCCCAGGAGTTTGAGACCAGCCTAAGCAATAGGCAAAACCCTGTCTCTACAAAAATCAGCCAGGTATGGTAGTGCGTACCTGTAGTCCCAGCTACTCAGGAGGCTGAGGTGGGAGGATCACTTGAGCCTGGGAGGTGAAGGCTGAAATTAGCCATGATCATGCCACTGCACCCCAAGCCTGGGCAACAGAGCAAGACCTTGTCTCAAAAAAAAAAAAAAA"
"GL873521","10097455","10097754","chr11","114714719","114715027","67","104617264","GGCCTGGGTGTGGTGGCTCACACCTTAATCCTAGCACTCTGGGACGATGAGGCAGGTTTGCTTGACCTCAGGAGTTTGAGAGCAGCCTGAACAAGAGTGAAACTCTGTCTCTACTAAAAACAGAAAAACTAGCCTAGTGTAGTGGTGCACCCCTGTAGTCCCAGCTGCTCAGGAGGCTGAGGCAAGAGGATCACTTGAGCCCAAGAGATTGAGGTTACTGTGAGCTGTGAGGCTGTGTTACTCTACCCAGGGCAAGAGAGTGAAGCCATCTCAAAAAAAAAAAAAAAAAAAAAAAAAAAA","GGCCAGGTGTGGTGGCTCACACCTGTAATCCCAGCACTTTGGGAGGCTGAGACAGGTGGATTGCTTGAGCCTAGGAGTTCGAGACCAGCCTGGCAACATGGCGAAACCTTGTCTCTACAAAAAATACAAAAATTAGCCAAGTGTGGTGGTGCACACCTGTGGTCCAAGCTACTCGAGAGACTGAGGTGGGAGGATTGCTTGAGCCCAGGAGGTTGAGGCTGGGGTGAGTTGAGATCATGCCACTGCATTCCAGCCTGGGCAACAGAGGAAGACCCTGTCTCAAAAAAAAAAAAAAAAAAAAAAAAAAAA"
"GL873521","10225742","10225927","chr15","49930173","49930354","59","39704431","TGGCTTACACCTGTAATCCTAGCACTTTGGGAGGCCACAGCAGATGGCTGCTTGAGCTCAGGAGTTCAAGCCTAGCCTAAGCAAGCCAGAACCATTGCCACTAAAAACAAAAAAAATAGCTGGAGTTGTGGGCACCTGTAGTTAGTTCCAGCTACTTAGGAGGCTGAGGAAAAAGGATGGCTTGAT","GCCTGTAATCCCAGCACTTTGCGAGGCCGAGGCCAGGCAGATCACTTGAGCCCAGCAGTTCAAGACCAGCCTGGGCAACATGGCAAAACTCCTTCTCAACAAAATACATAAAAATTAGCTGGGTGTGGTGGCATGTACTTTCAGTCCCAGCTACTCAGGAGGCTGAAGCAGGAGGATCATTT"
"GL873521","10226192","10226278","chr4","154285033","154285123","27","144058841","GAGGATGGCTTGAGCCCAAGAGTTTGAGGTTGCTATGAACTATGATGTCATGGCACTCTATCCCTGGCCACAGAATCAGACTCTGTC","GGAGGATCACTTGAGCCCAGGTGGTTGAGGCTGCAGTGAGCTGTGTTTATACCACCACACTCCAGCCTGGGCCGCAGAGTGAGACTTTGTC"
"GL873521","10399308","10399475","chr9","96945917","96946089","50","86546609","GGCCAGGTATGGTAGCTCACACCTGTAATCCTTGTACTCTGGGAGGCTTAGGAGCAAAGATCACCTAAGTGTAGGCATCTGAGACCAGTTTGAGCAAGTGAAACCCCATATTTACTAAAATTAGAAAAATTAGCTAAATGTTGTGGCAGGAACCTATCGTCCTAGCTA","GCCGGGTACAGTGGCTCACACCTGTAATCCCAGTACTTTGGAAGGCCAAGGCCAGAGGATTACTTAAGGCCAAGAGTTTGAGACCAGTCTGGGCAACATGGTGAAACCCCATCTGTACAAAAAATACAAAAATTAGCTGGGCATGAGGGCATTTGCCTGTGGTCCTAGCTACT"
"GL873521","10449464","10449583","chrX","134402652","134402771","17","123953188","GGCCAGAGGTGGTAGTTCATGCCTATAATCCCAGCAATTTGGGAGGCTGAGGGGGGAGGATAGCTTGAGGCCAGGAGTTTGACCCCTGCCTAGGCAACATAGTGAGACCCTATCTCTACT","GGCCAGATGTAGTGGCTCATGCCTGTAATCCCAGCACTTTGGGAGGCTGAGGTGGGAGGATCACTTGAGCCCAGGAGTTTGAGACCAGCCTGGGCAACATAGCAAGACCCTGTCTCTACT"
"GL873521","10449618","10449745","chr1","23164480","23164594","46","12714862","CCAACCATAATCGAGCACCTACAGTTCTAGCTACTCCGCAATCTCAGGCAGGGGAAGATTGCTTGAGTCTAGGAGTTCAGGGTAAGCTACTGCCCTTCAGCCTGGGAAACAGAGGAAGACCTTGTCTC","GGCCAGGCACAGTGGTGCCTACCTACAATCCCAGCACTTTGGAAGGCTGAGGCAGGAGGATCGTTTGAGGCCAGGAGTTCAAGATCAGCCTGGGTAACATATCAAGACCTGTCTC"
"GL873521","10796827","10797050","chr7","39187608","39187844","67","28390781","ACTCTGGGAGGCCAAGACAGGTGGATTGCTTAAGCTCAGGAGTTGGAGACCAGCCTAAGCAAGAGTGAGACCTCGTCTCTAAAAATATCTGGGCATTGGTTGGGCACCTGTAGTCCCAGCTACTCAGGAGGCTGAGGCAATAGGATTGCTTGAGCCTAAGGATTCCTGTGAGCTATGATCCCACAGCACTTTACCAAAGGTGACAAAGTGAGACTCTATCTCAA","CACTTTGGGAAGCCAAGGCAGGAGGATTGCTTGAGTGAAGGAGTTCAAGACCAACCTGGGCAAGATTGGGAGAAAAAAATTAAAAATTAGCTGGGCATGGTGGTGCATGCCTGTAGTCTCAGCCACTGGGAAGGCTGAGGCAGGAGGATCGCTTGAGCCTGAGAGATTGAGGCTGCAGTGAGCCTTGATTGTGCCACTGCACTCCAGCTTGGGCAACAGAGTGAGACCCTGTCTCAA"
"GL873521","10797081","10797110","chr4","40399247","40399277","7","29602166","CTGGGTGCAGTGGCTCATAGTTGTAATCCT","GGCTGGGTGCAGTGGCTCACATCTATAATCC"
"GL873521","11204849","11204966","chr7","73480490","73480609","28","62275641","GGCCAGGCATAGTGGCCTCCAAAAATCTTAGGACTTTGGGAGGTAGAGGTAGGAGAACTACTTGAGCCAAGGAATTCAATACTAGCCTGACCACAATAATGAGACCCTACCTCTACCA","GGCCAGGCACAGTGGCTCATGCCTATAATCTCAGTGCTTTGGGAAACTGAGGCAGGAGGATCACTTGAGCCCAGGAGTTCAAGACCAGCCTGGACAGCATAATGAGACTCCACCTCTACA"
"GL873521","11205003","11205140","chrX","7019379","7019524","37","4185624","TAGCCAGGCATGGTGGCACATACCCAAGTCCCAGTTACAGAAGAAGCTGAGGGAAGGGTATCAGGCCCAGAAGTTCAAGGTTGCCATGAGAGATGATCACACCACTGCAGTTCAGCCTGGGCAGCAGAGAGACCCTAT","TAGCCAGGCATGGTGGCACATGCCTGTAGTCCCAGCTACTCAGAAGGCTGAGGTCGGAGGATCTCTTGAGCCCTGGGGTGCAAGGCTGCAGTGAACCATGATCACACCAGTGCACTGCAGCCTGGGCAACACAGCAAAACCCTGTC"
"GL873521","11332611","11332889","chr9","110082691","110082973","78","98750080","GACGGGGAGCCATGGCTTGAGACTGTAATCCTAGTACTCTAGGAGGCCAAGGTGAGTGGATTACTTAAGCTCAGGAGTTAAAGTCCAGGCTGAGCAAGAGTGAGACCCTGTCTCTCCCCCAGATAGGAAAACTAGCCGGACATTGTAGTAGGCACCTGTAGTCCCAGCTTCTGAGGAGGCTGAGGCAAGAGGATTGCCTGAGCCCAACAGTTTGAGGTTGCTGTGAGCTAAAATGCCATGGAACTCTACCCATGGTGATGGAGTAGGATTCTGTCTCAA","GACTGGGCATGGTGGCTCCCAAAGTGTAATCCCAGCACTTTGGGAGGCCAAGGTAGGTGGATTGCTTGAGCCCAGGAGTTTGAGACCAGCCTGGGCAACATGGTAAAACCCTGTCTCTACAAAGAATACAAAAATTAGCTGGGCATGGTTGCATGCACTTGTGGTCCCAGCTACTCAGGAGGCTGAGGTGGGAGGGTCACTTGAGCCCAGGAGATTGAGGCTGCAGTGAGCTGAGATCGTGCCACTGCACTCTAACCTGGGTAATGGAGTGAGACCCTGTCTC"
"GL873521","11332916","11332939","chr22","30701628","30701648","4","19368712","ATAAAACTAAAAAGTAAGAAAAAA","AAAAACTAAAAAGAAAAAGAA"
"GL873521","11407564","11407699","chr17","81073514","81073640","45","69665950","AAAAACTAATGGCTGGGCATAGTATGTGTAGGTAGACTAGGCTACTTAGGAGGTCAAGGCAGAAGAATCACTTGAGCTCATGAATTTGAGGCTAGCATGGGCAATGATACCTCAGGTCTCAATAAAATATAAAAAA","GCCAAGCACAATGGCTCATGCTGGTAATTCTAGTACTTTAGGAGGCCAAGGCAGTAGGATCACTTGAGGCCAGGAGTTTGAGACCAGCGTGGGCCACACAGAGACCCTCCCTGTATAAAAAAAAAAA"
"GL873521","11442747","11442764","chr1","62222108","62222122","3","50779361","CCCATAAAATAAAATAAA","ATAAAATAAAATAAA"
"GL873521","11442802","11443056","chr17","73117863","73118118","82","61675061","GGCTGGGCGTGGTGTTTCATGCATGTAATCCTAATACTTTCAGAGGCTGAGGTGGATGCACTGCCTGAGCTCAGGATTTTAAAGCCAGCCTGAGGAAGAGCAAGACCCCATCTCTAAAAAATAGCTGGGCATTGTGGTGGGTGCTTGTAGTCCCCATTGTGGTGGGTGCTTGTAGGTAGCTCACGAGTTTGAGGATGCTGTGAGCTATGATGCACCACACTTCTTTCTACCCAGGGAGACAAAGCAAGACTCTGT","GGCCGGGCGTGGTGACTCATGCCTGTAATCCCAGCACTTTGGGAGGCCGAGGCGGGTGGATCACCTGAGCTCAGGAGTTCAAGATCACCTTGGGCAATGTAGTGAGACCTCACCTCTACAAAAATGAGCCAGGCATGGTAGTGCATGCTTGTAGTCCTGACTGAGGCAGGAGGATGATGAGCCCAGGAGGCAGAGGCTACAGTGAGCCATGATCGCTCCATCGCACTCTAGCCTGGGTGATGTGACACCCTGTCTC"
"GL873521","11751009","11751243","chr8","26546785","26547018","61","14795776","CAAGACCAGCCTGAGCAAAGCTAAACCCTGTCTCTACTAAAAATAAAAGGATTAGCTAGGTATGGTGGCATATGCCTGTAGTCCCAACTGCTCAGGAGTCTCAGGCAAGAGGATTGCTTGAGCCCATGAGTTAGAGGTTGCTGTGAGCTTTGATGTCATGGCACTCTATCCAGGGCAACTGAGTGAGACTGTCTCAAAATAAATAAATAAATAAATAAGAAAGAAAGAAAGAAAA","CAAAATCAGCCTGGGTCACATGGTAAAACCCCATCTCTACAAAAAATACAAAAATTAGCCAGGTATGGTGGCTTACACCTGTACTTCCCAGCTACTTGGGGGGCTGAGGCGGGAGGATCGCTTGAGCCCAGGAGGTAGAGGTTGCAGTGAGCTGAGATCGCACCACTGCACTCCAGCCTGGGTGACGGAGTGAAACCCTGTCTTAAAAAAAAAAAAAAAAAAAAAAAAAAAGAA"
"GL873521","12019379","12019705","chr16","68023292","68023602","103","56003913","GCTCACACCGATAATCCTAGCTCTGGGAGGCTGAGGGGGCAGGATCTCTTGAGCTCAGGAGTTTGAGACCAGACAGAGCAAGAGTGAGACCTTGTCTGTACTAAAAATTAACCAGGTGTGGTGGAAGGTGCCATCGTCTCAGCTACTCTGGAGGCTGAGGCAGGAGGATCCCTTGAACCCAGGAGGTTGAGGTTGCTGTGAGCCAGGCTAATGCCAAGATCTGGGGCATCAGAGTAAAACTGAGGTTGCTGTGAGCCAGGCTGATTCTAGCCTGGGCAACAGAGTAAGACTCTGTCTCAAAAACAAACAAACAAAAAACAAAAAAAA","CGGTGGCTCACACCTGTAATCCCAGCACTTTGGGAGGCTGAGGTGGGAGGATCACTTGAGCTCAGAAGTTTGAGATCAGCCTGGGCAACATGGCAAAACCTATCTCTAGAAAAAATACAAAAACTAGCCAGAGTGGCACGTGCCTGTTGTCCTAGCTACCCAGGAGGCTGAGGTAGGAGGATCACTTGAACCTGGGGGCAGAGATTGCAGTGAGCCATGATTGTGCCACTGCACTCCAGTCTGGGCAACTCCAGCCTGGGCAACAGAATGAGACTCTGTCTCAAAAATAAAAAAGAAAAGAAAAGGAAAAA"
"GL873521","12059316","12059592","chr5","143468399","143468692","69","131409083","GGCTAGGTGCAGTGGCTCATGCCTGTAATCCCAGCACTCTGGGAGGCTCAGGCAGGTGGATTACTTGAGCTCAGGAGTTGGAGACTAGCCTGAGAAAGAGTGAAACCCATCTCTACTAAAAATAGAAAAACTAACCAGGTGTGTGGTGGTCCCCTATAGTCCCAAATACTGGGGAGACAAGAGAATTGTTTGAGCCCAAGAGACTGAGGTTAGCTGTGATGACTCCATAGCACTCTACCCAAAGTGACAGAGTGAGATTCTGTCTCAAAAAAGGAAA","GGCCAGGCACAGTGGCTCATGCCTGTAATTCTAGCACTTTGGGAGGTCAAGGCAGGCAGATCACTTGAGCTCAGGAGTTCGAGACCGGCCTGGGCAACAGGGTGAAACCCCATCTCTACAAAAAAATACAAAAACTAGCCAGGTGTGGTGAAGTGTGCCTGCAGTCCCAGCTACTCAGGAGGCTGAGGCAGGAGAATTGCTTGAGCCTGGAGGCTGAGGTTGCAGTAAGTCAAGATCATGCCATTGCACTCCAGCCTGGGTGACAGGAGTGAAACCCTGTCTCAAAACAAAGAA"
"GL873521","12087639","12087865","chr4","25649068","25649301","60","13561429","GGCTGGGCTAGGTATACCATGCCTGTAATCCTAGCATCCTTAGAGGCAGAAGCAGGATTCCTTTAGCTCAGGAGATTAAGACCAGCCTGAGCAAGGGTGACACCCCATTTCCATCAAAAATAGAAAAACTAGCTGGGCATAGTGGTGGGCATCTGTAGTCCTAGCTACTCGGGAGGCTGAGGCAAGAGGATCCTTGGAGCCCAGGAGTTTGGGGTTGCTATAAGCCG","GGCCGGGCATGGTAGCTCACGCCTGTAATACCAGCACTTTGGGAGGCTGAGGCGGGCTGATCACTTGAGTCCAGGAGATAGAGACCAGCCTGGGCAACATGGCAAAATCCCATCTCTATAAAAAAAACACAAAAATTAGCTGGGCATGGTGGTGTGCACCTATAGTCCCAGCTACTTGGGAGGCTGAGGCAGGAGAATCTCCTGAGCCCAGGAGGTGGAGGCTGCAGTGAGTCG"
"GL873521","12170072","12170342","chr3","111501569","111501837","73","99331497","GCCAGATGCAGTAGCTTACAGCTATAATCCCAGTACTTTGGAAGGTCAAGGCAAGAGGATTGGTTGAGACCAGGAGTTGAAGACCAGACTGGACAATGTAGTAAAACCCTATCCCTACAAAAAATAGAAAAAATTAGCTGGGTGTCATAGCTCTTGCTTATAGTCCCAGCTACCTGAGAGGCTGAGGGAAGAGGATCACTTGAACCCCTGAGATTGATACCATGGTACTCCACCTTGGGTGACAAAGTGAGACCCTTTCTCAAAAACAAAA","GGCTGGGTGTGATGGCTCACATCTATAATCCCAGCACTTTGGGAGGCCAAGGCAGGTGGACTGTCTGAGACCAGGAGTTTGAGACCAGCCTGGGCAACATGGTGAAACCCTGTCTTGACAAAAAAAATAAAAAATTAGCTGGGAGTGGTGGTGTGCACCTGTAGTCCCAGCTATGCGGGAGGCTGAGATGGGAGGATCGCTTGAGCCCGGCAGGCAGAGGTTCACTCCAGCCTGGGCGACAGAGTGAGACCCTGTCTTAAAAACGAAAA"
"GL873521","12688417","12688615","chr16","83498862","83499063","66","70810445","AAATCAGCCTGAGCAAAAGCAAGATCCAGTCTCTACAAAAAACTAGAAAAATTAGCCAGGCATGGTGATACACTCAGGAGAATGAAACAAGAGGATCACTTGAGCCCCGGGGTTTGATGTTGCACAGTGAGCTATGGCGATGCTGCTGCTCGGATAACAACGCGAGATGAGACCCCGTCTCAAAAACAAACAACAAAAA","ACTAGCCTGGGCAACACAGCAAAACCCCATCGCTACAAAAAATACAAATATTAGCCAGGTGTGATGGTGCATGCCTAGGGAGGCTGAGGTGGGAGGATCACTTGAGTCCAGGGAGGCTGAGGCTGCAGTGAGCTGAGATTATGCCACTGCACTCCAGCCTGAGTGACAGAGTGAGAACCTGTCTCAAGAAAATTAAAAAAAA"
"GL873521","12689719","12689822","chr7","26479088","26479188","21","13789369","GCTGAGTACAGTAGCTCACTTCTTTCATCTCAGCACTATGAGAGGCTGAGTCAGGAGGATCACTTGAGGCCAGGATTTTGAGACAAGCCTGGGGAACATAGTGA","GCTGGGTGCTGTGGCTCACATGTATAATCACAGCACTTTGGGAGGCTGAGGCAGGAGGATCACCTGAGGCCAGGATTTCAAGACCAGCCTGGGCGAAATGG"
"GL873521","12747705","12747831","chrX","118392849","118392966","30","105645144","GCCAAGCATGGTAGCACAAGCTTTGTAGGCCCAATTACTTGGGAGGCTAAGATGGGAGGATCACTTGAGCCCAGGAGTTTGAGGCCAGCCTGAGAAACACTCCAAGACCCTCTTTATTTAAAATATA","GCCAAGCATGGTGGCTCATGCCTGTAATCCCAGTACTTTGGGAGGCTGAGATGGGAGGATAGCTTGAGCCCAGGAGTTTGAGACCAGCCTGGTAACACAGTGAGACCTCATCTCTACA"
"GL873521","12758304","12758462","chr7","65488595","65488751","43","52730291","ACTTAGCTGAATATAGTAGCACAAGCCTGTATTTCCAGCTACTCAGGAGGCTGAGGCAGGAGGATCACTTGGGCTTACAAGTTGGAGGTTGTGGTAAGCTATGATGATGCCACTGCCCTCTGCCCCAGGCAAATGTGATGCCTTGTCTCAACAACAAAA","TTAACTGGGTATAATGACACATGCCTGTAGTCCCAGCTACTAGAAAGGCTGAGGTAGGAGGATTGCTTGAGCCTGAGAGGTTGAGGATGCAGTGAACCATGATCAGGCCACTGCACTCAGCCTAGGCAACACAGTGAGACCCTGTCTCAAGAAAAAA"
"GL873521","12758495","12758600","chr16","15961202","15961315","30","3202707","GTGGCTGGTGCATATAATCCTACCACTTTGGAAGGAGGAGGGAGAATCATTGAAACCAGGAGTTCAAGAACAGCCCAGGCAGGCTATAGTGAAATCTCATCTCTAC","GTGGCTGGGCATGCCTGTAATCCTAGCACTTTGAGAGGCTGCAGCGGAAGGATCGCTTGAGCCCAGGAGTTCAAGAACAGCCTAGGCAACATAGCAAGATCCCTGTCTCTACAA"
"GL873521","12822938","12822952","chr1","210017045","210017059","2","197194107","TAAAACAAAAGAAAA","TAATAAAAAAGAAAA"
"GL873521","12822989","12823283","chr7","75828649","75828941","71","63005660","GGCCAGGCAAGGTGGCTAACTGCTGTAATCTTAGCACTCTAGGAGGCTGAGGCAAGAGAATTCCTTGAGGTCAGGAGTCAGAGACCAGCCTGAGCAAAAATGACACTCCACCTCTATGAAAAATAGAAAACAAAAATTAGCCAGGTGTGATGGCCCATTTCTGTAGTCCCAGCTACTGGGGAGGCTGAGGCAGGAGGATAGCTTGAGCCCAGGAGCTTGAGGTTGCGGTAGCTAGGCAGATGGCTCAGCACTCTTTCTAGCCTGGGCAACAGAGCAACATTCTATCTCAAAAAAT","GGCTAGGCATGGTGGCTCATGCATGTAATCCCAGCACTTTGGGAGGCTGAGGCGGACGGATCACTTGAGGTCAGGAGTTCGAGACCAGCCTGGTCAACATGGTGAAACCCCATCTCTACTAAAAATATAAAAATTAGCCAGGTGTGGTGGCGCATGCCTGTAGTCCCAGCTACTTGGGAGACTGAGGTGGGAGGATCCCTTGAGCCTGGGAGGTTGAGGCTGCAGTGAGCTGTGATGGCACCACTGCACTCCAGCCTGGGCAATAGAGCAAGACCCTGTCTCATAGGAAAAAA"
"GL873521","13041237","13041319","chr5","49472177","49472254","12","36430940","GGCCAGTCATGGTGGCTCATGCCTATAATCCTAGCACTCTGGGAGGCTGAAGCAGGAGGATCACTTGAGCTCAGGAGTTTGAG","GGCCTGGCATGGTGGCTCATGCCTGTAATCCAGCATTTTGGGAGGCTGAGGCAGGAAGATCACTTGAGCTCAGGATTT"
"GL873521","13102109","13102207","chr16","30194624","30194720","25","17092515","TGAGCCCAGGAGTTTGAGGTTGTTGTGAGCTGAGCAGACCACACAGCATTCTAGCTTGGGCAACAGAGTGACATTGTGCTTCAAAAAAAGAAAAAAAAA","TGAGCCCAGGAGTTTGAGACTACAGTGAGCTATGATTACACCACTCCTCTCCAGCATGGGCAACAGAGTGAGACACTATCTCAAAAAAAAAAAAAAA"
"GL873521","13102475","13102686","chr2B","236887995","236888203","46","223785520","GGCCAAGTGTGGTGGCTCATGCTTGTAATCCTAGCACTCTGGGTGGCTGAGGCAGGGGGATCACTTGAGCTCAGGAGTTCAAGACCAGCTTGAGCAAGAGTGAGAACCCATTTCTACTCAAAATAGAAAAAAATTAGACAGGCACTGTGGTGAGTGCCTGTAGTATGAGCTACTTTGGAGGCTGAGATAGGAAGATCACTTGAGCCCAGGAG","GGCTAGGCGCAGTGGCTGAAGCCTGTAATCCTAGCACTTTGGGAGGCCGAGGTGGGCGATCACTTTGGCTCAGGAGTTCGAGACCAGCCTGGGCAATATGGCAAAACCCCATCTCTACACAAAATACAAAAATTACTCAGATGTGGTGGTGAGTGCCTGTAGTCCCAGCTACTTTGGACGCTGAGGTGGGAAGATCACCTGAGCCCAGG"
"GL873521","13327200","13327291","chr3","43397692","43397785","20","30070492","CTATCACTTTAGGAGGTGAGGTGGGAGGATCACTTGAGGCAAGGAGTTCAAGAGCAACCTAGGCAACATAGGAACCCCTCTGTCTCTCCAAA","CCCAGCACTTTGGGAGGCTGAGGTGGGCAGATCTCTCGAGCCCAGGAGTTCAAGACCAGCCTGGGCAACATGGTGAAACCCCGTCTCTACCAAA"
"GL873521","13327700","13327732","chr1","70851001","70851033","8","57523301","GCTGGATATGGAGTCTCACACCTGTAATTCTAT","GCTGGGCATGGTGGCTCATCCCTGTAATTCCCT"
"GL873521","13722076","13722356","chr17","55905881","55906166","74","42183805","GTCTGGCGTGGTGGCTCAAGCCTATAATCCTAGTACTCTGGGAGTCCAAAGTGGGTGGATTGCTTGAGCTCAGTAGTCTGAGACCAGCCTGAGTAAGACCCAGACATCGTATCTACTAAAAATAGAATAAACTACCTGGGCATTGTAGCGGGTGCCTACAGTCCCAGCTACGTGGGAGGTTGAGGCAAGAGGATCACCTGAACCTAGAGAATGAGGTTGCTGTGAGCTATGATGAGGTCAAGGCACTCTACCCAGAGTAACAGAGTGAAATTCTATCTCAA","GGTCAGGCATGGTGGCTCAGGCCTGTAATCCCAGCACTTTGGGAGGCCAAGGTGGGCAGATTGCTTGAGCCCAGGAGTTTGAGATCAGCTTGGGCAACATAGTGAAAACTCATCTCTACAAAAAATTAAAAAAATTAGCTGGGCATTGTGGCACGTAACTGCAGTCCCAGCTACTTGAGAGGCTGAGGTGAGAGGATCACCTGAGGCCGGGAAGTCGAGGCTGCAGTGAGCTGTGATTGGGCCACTGCACTCCATCCTGGGCGACAGAATAAGACCCTGTCTCAAA"
"GL873521","13722635","13722652","chr6","90847853","90847870","1","77125218","AAAAAAAAAAAAAAAAAA","CAAAAAAAAAAAAAAAAA"
"GL873521","13789517","13789832","chr12","121838917","121839229","75","108049400","GCTGGGTGTGGTGGCTCATATCTGTAATGATAGCACTCTGGGAGGTCAAAGCAGGGAGATTACTTGAGCTCAGGAGTTAGAGAGCATCCTGAGAAAGAGTGAGATCCCTATCTATACTAAAAACAGAAAAACTAGCCAGTTGTAGTGGCAGGCACCTGTAGTCCCAGCTACTTTGGGAGTCTGAGACAAGAGGATCTCATAAGCCCAAGAGTTTGAGGTTGCTGTGAGCTGCGATGCCACAGCACTCTACCTGGGGTGACAGAATGAGACTTTGTCTCAAAAAAATAAAAAATAAAATAAAATAAAATTTAAAAAA","GGCTGGGTGTGGTGGCTCATGCCTGTAATCCCAGCACTTTGGGAGGCCAAGTCAGGAGGATTATTTGAGCCTGGGAGTTTGAGACCAGCCTGTGCAACATGGTGAGACCTCATCTCTACAAAACATAAAAAATTAGCCAGGCATGGTGGCATGTGCCTGTAGTCCCAGCTACTTGGGAGGCTGAGGCAGGAGGATCAGTCGAGCCCAGAAGATTGAGGCTACAGTGAACTGTGTTCATGCCACTGCACTCCAGCCTGGGTGACAGAGTGAGACCTTGTCTCCAAAAAAATCAAATAAATAAAAAAATAAAAAA"
"GL873521","13902129","13902272","chr17","73619699","73619842","30","59717570","GGCCAGGCATAGTGGCTCGCACCTATAATCCAGTACTATGGGAGACCAAGGCTGGAGGATCAATTGAAGCCAAGAGTTAAAGACCAACCTGGGCAACATAGAAACACTTCACCTATATAAAAAAAAAAAAAAAGAAAGAAAAAA","GGCCAGGTATGGTGGCTCACACCTGTAATTTCAGCACTTTAGGAGGCTGAGGCAGGAAGATCACTTGAGGCCAGGAGTTCAAGACCAGCCTGGGCAACATGGCAAGGCTTCATTTCCACAAAAAAAAAAAAAAAAAAAAAAAAA"
"GL873521","13902315","13902339","chr7","66627085","66627108","7","52724770","AAAAATTAACCCAGCATGGTGGCGC","AAAAAATTAGCCAGGCATGGTGAC"
"GL873521","13902374","13902499","chr7","68063538","68063660","30","54161164","AGTCCCAGCTACCATAGAGGTTGAGCCAGGAGGATCACTGAAGCCCAGAGCCCAGAAGTTTGAGGTTGCAGTAAGCTATGATCATGCCACTGTACTCTAGTCTAGGTGACAGAAGGAGACCCTGTC","GTAGTCCCAGCTACAAGGGAGGCTGAGGCAGGAGGATGGCTTGAGCCTGGGAAGTTGAGGCTGCAGTAAGCTATGATCATGCCACTGCACTCCAGCCTGGGTGACAGAGTGAGATTCTGCCTC"
"GL873521","14127800","14127881","chr3","123515043","123515137","26","109387243","GGCTAGATATGGTGGCTCATGCCTATCTGGAAAGCTGAGGCAGGAGGATTGCAAGAGGCCAGAAGTTTAATACCAGGCTAAG","GGCCAGGTATGGTGGCTCATGCCTATACTCCCAGCCTTTTGGGAGGCTGAGACAGGAGGACTGCTTGAGGCCAGGAGTTTAAGACCAGCCTGACT"
"GL873521","14128162","14128352","chr4","26023510","26023691","57","11895348","GGGCTGAGAATGAGATCCCATCTTTACAAAAAATTACCCAGGTATAGTGGCATCATCCTAGCTACTTGGGAGGCTGGGGCAGGAGGATTTCTTGGGCCCAGGAGTGTGAGGCTACGCTGAGCTATGATACCACTGCACTTTAGCCTGGATGATACAGCAAGATTTTACCTCAAAAAAAAAAAAAAAAAAAA","GGGTGGGAAAAAATTATCTGGAAATGGTGGCATATGCCAGTGGTCCTAGCTACTTGGGAGACTGAGGCTGGAGGATCACCTGAGCCCAGGAGTTAGAGGCTGCGGTGAATCGTGATCATGCCACTGCACTCTAGGCTGGGCAATAGAGCAAGACCCTATCTCGAAAAAAAAACAACAAAAAA"
"GL873521","14184019","14184216","chr17","61651681","61651883","50","47467662","GGCTGGGCATGGTGGCTCATGCCTGTAACCCTAGCACTCTGTGAGGCCAAGGCAAGTGGATCACCTGAGCTCAGGAGTTTGAGAACAGCCTGAGCAAGAGTGAGACTCCATCTCTAAAAATAGTTGGGCATTTGTGGTGAATGCCTATAGTCTCAGCTACTCAGCTACTTAGGAGGCTGAGGCAAGAGGATTGCTTGA","GGCTGGGTGCAGTGGCTCACGCCTGTAATCCTGGCACCTTGGGAGGCCAAGGTGGGAGGATCACTTGAGCCCAGGAGTTTGAGATCAGCCTGAACAACGTGGTGAAACTCCATCTCTACAAAAAATACAAAAATTAGCTGGGCTTAATGGCATATGCCTGTGGTCCCAGCTACTGAGGAGGCTGAGGTGGGAGGATTGATTGA"
"GL873521","14185943","14186062","chr8","25834967","25835086","23","11649024","GGCAGGGTGCAGTGGCTCACACCTATAATCCCAGCACTCTGGGAAGCTGAGGTGGGAGGATTGCTTTGAGATCAGGAGTTTGAAACTAGCTTGAGCAAAGCAAGACCCATCTCTACTAAA","GGCCAGGTGCAGTGGCTCATGTCTGTAATCCCAGCACTTTGGGAGGCTGAGGTGGGAGGTTTGCTTGAGCCCAGGAGTTTGAGACCAGCCTGGGCAACATAGCAAGACCCTGTCTCTATA"
"GL873521","14186086","14186221","chr14","74199793","74199926","31","60013707","AATTAGAGAGGTGTGATGCCACACACTGTAGTCTCATCTACTTTGGAGGCTGAGGCACAAGGATTACTTGAGCCCAGGAGCATGAGGTTGCTGTGAGCGAGGCTGAGGCCACAGCACTCTAGCCTGGGCAACAGAG","TTAGCCAGGTATGGTGGTGCACACCTGTAGTCCCAGCTACTTGGGAGACTGAGGCAGGAGGATTGCTTGATCCCAGGAGTTGAGGCTGCTAAGAGCTATGATCATGTCACTGCACTCCAGCCTGGGCAACAGAG"
"GL873521","14534133","14534413","chr5","43470606","43470891","71","28936473","GGTAGCTCATGTCTATAACCCTGACACTCTGGGAGGCTAAGGGAGAAACATCCCTTGAGCTCAGGAGTTCAAGACCAGTCTAAGCCAAAAGGGAGATCCATCTTTACCAAAACAGAAAAATTAGCTGGGCATGGTGATGTGTGCCTGTAGTACCAGCTGCTTGGGAGGCTAAGGAAGGAGGATTGTTTGAGCCTAGGAGTTTAAGGTTGCTAAGAGCTAGACTGAGGCCATGGCACAGTAGCCCAGGCAATAGAATGAAACTCTGTCTCAAAAAAAAAAAA","GTGGCTCTTGCCTATAATCCCAGCACTTTGGGAGGCTGAGGAGGGCAGATTGCTTGAGCCCAGGAGTTCAAGACCAGCCTGGGCAACATGGGAAAACCTCGTCTCTACAAAAAACACAAAAATTAGCTGGGCATGGTGGCATGTACCTGTAGTCCTAGCTACTTGGGAGGCTGAGGCAGGAGGACTGCTTGAGCCTCTGGAGGCGGAGGTTGCAGTGAGCTGAGACCGCGCCACTGCACTCCAGCCTGGGTGATAGAACAAGACCCTGTCTCAAAAAAAAAAAAAA"
"GL873521","14534507","14534523","chrX","153619065","153619080","3","139084558","CCCAAAATAAAATAAAA","ACATAATAAAATAAAA"
"GL873521","14646173","14646307","chr1","9156973","9157091","40","5489200","GGATGTAGTAGCTCACACCTGTAATCCCAGCATCATGGGAGGATCACTTGAGGCCAGGAGTTTGAGACTGGCTTGGGCAATATGGTGAGGCCCCATTCTTACAAAATAGGAAAAGAATTAATTGGATATGGTGGC","GGCTGGGTGAGGTGGCCTCACGCCTGTAATCCCAGCACTTTGGGAGGCCAAGGCAGGAGTTTGAGACCAGCCTGGGCAATACAGTGAGACCCCATCTCCAAAAAAAAAATTAGTGGGGC"
"GL873521","14703100","14703421","chr17","68155983","68156305","73","53452883","GGCTGGGCACAGTGGCTCATACCTGTAATCCTAGCACTTTGGGAGGCCAGGAAGGGAAGATAGCTTGAGGCCAGGAGTTTGAGACCAGGATGAGCGAGGTAGCGAGACCCCCCATCTCTATCAAAAATTAAAAAAAAAAAAAAATTAGCTGGGTATAGTGGTGAGGGCCTATCATCCTAGCTACTTAGGAGTAAGACAGGAGGATCACTTGAGCCTAGGAGGTAAGGTTGCAGTGAACTATGATGATGACCCTGCACTCTTGCCTTAGCAAGATGGTGAGACCCTGTCTCAAAACAAACAAACAAACAAACAAACATAAAAA","GGCTGGGCACCGTGGCTGACATCTGTAATCCCAGCACTTTGGGAGGCCAAGGCGGGTGGATCACTTGAGCCCAGGAGCTCGAGACCAGCCTGACCAACATGGCAAAACCCCATCTCTACCAAAAAAAAAAAAAAAATACAAAAAGTTAGCTGGGCATGGTGGAGAGGGCCTGTAGTCCCAACTACTCAGGAGGCTGAGGTGAGAGGATCACCTGAGCCACAGGAGGTCGAGGCTGCAGTGAGCCATGATCACACCATTGCACTCCAGCCTGAGAGAAAGTGAGACCCTGTCTCAAAAAAACAAACAAACAAAAACAGCAAAAA"
"GL873521","14778613","14778888","chr15","42746072","42746354","63","27967459","GGCCCAGCACAGTGGCTCACACCTATAATCCTCGCATTCTAGGAGACTGAGGTGGGAGGATCACTTGAGCTCAGGAATTTGAGATCAGCTTGAGCAATAAGGTGACCCCATCTCTACTAAAAATAGACTAATTAGCCAGGCATTGTGGTGGGCACCTGTGGTCCCAGCTAGTTGAGAGGCTCATGTTGGATTCCTTGAACCCAGGAATTTGAGGCTGCTGTGAGCTGGGCTGATGCCACAGTATTCTAGCCTGGGCAACAGAGTATGACTCTGTCT","GGCCAGGTACAGTGGCTCACACCTGTAATCCCAGCACTTTGGGAGGCCAAGGCAGGAGGATCACTTGAGCCTAGGAATTCAAGACCAGTCAGGGCAATATGGTGAAACTCCATCTCTACAAAAAATACAAAAATCAGCCAGGTGTGGTGGTGTGCGCCTGTGGTCCCAGCTACTTGGGAGGCTGAGATGGAAGGATCACTTGAGCCCAGGAAATGGAGGCTGCAGTGAGCTAAGGCTGTGCCACTGCACTCCAGCCTGGGCAACAGAGTGAGACCCTGTCTCA"
"GL873521","14884261","14884393","chr13","24405237","24405373","27","9520976","GGCTAGGTGTGGTGGCTCATGCCCATAATTCCAGCATTCTGGGAGGCCAATGTGGGAGGATCCCTGGAGGTCAGGAGTTTGAGACCACCCTGAGCAAAGCGAGACCCCATCTTCACTAAAAATAGAAAAATTA","GGCTGGGCATGGAGGCTCATGCCTATAATCCCAGCACTTTGGGAGGCTGAGGTGGGAGGATCGCTTGAGTTCATGAGTTCAAGACCAGCCTGAGCAACACAGTGAGACCTCATCTCTACTAAAAATCAAAAAAATTA"
"GL873521","14884660","14884815","chr1","141772547","141772702","39","126887887","TTAGTTGAATGTGGTGGTGTACACCTGTAGTCCCAGCTACTTGAAAGGCTGAAGAAAGAGGATTGCTTGAGCCCAAGTGCTTGAGGTTGTAGTGAGCTAGGCTGACGCTATGACACTCTGACCCAGGTGATAGAAGAAGACCCTGTCTCAAAAAAA","TTAGCTGGGCATGGTGGCGTGCACCTGTGGTCCCAGCTATTTGAAAGGCTGAGTTGGGAGGATCACTTGAGCCCAGATGGTTGAGGCTGCAGTGAGCCATGATGGCACCACTGCACTTTAGCCTTGGTGACAGAGCAAGGCCCTGTCTGAAAAAAA"
"GL873521","15677856","15678124","chr7","99887814","99888086","73","84209958","TGGCTCATGCCTGTCAACAAAGTACTTTGGTAGATTGAGAAAGGAGGATCTCGTGGACTCAGGAGTTTGAGACCAGCCTGGACGACATGGTAAAAAAACATCTTTAAAAAATTAGCCTAGCATAGTGGTGCACATTGATAATTTCAGCTATTTCGCAGGCTGAAGTGGGAGAACCACTTGTGTTTGGAAGCTCGAGGCTGCAGTGAGCTATGATCTCACACTACACTCCAGCCTGGGTAATATGGTGAGGTCCTGCCTCAAAAACAAAA","GGCTTACACCTGTAATCCCAGTGCTTTGGGAGGCTGAGGCAGGCAGATCACTTGAGCCCTGGAGTTCAAGACCAGCCTGGGCAACATGGTGAAACCCCATCTCTACAAAAAATTAGCCAGGCATGGTGGCTTGCACCTGTAGTCCCAGCTACTCAGGAGGCTGAGGTAGGAGGATTTCATGAGCCTGGAAGGTTGAGGCTGCAGTGAGCTATGATCACACCACTGCACTCCAGTCTGGGTGATAAAGTGAGACCCTGTCTCAAAAAAAAAAAA"
"GL873521","15875728","15875811","chr8","5975319","5975398","26","9900409","CAGTGAGCCGTGGTCTCCCTGTGCATTCCAATGTGAGTGACAGAGAGACCTCCCTCACACTCCCAAAAAAGAAAAAACAAGAAA","GCAGTGAGCCTTGATCGTGCTATTGCACTCTAGCCTTGGTGACAGAGAGAGACCCTATCTCAAAAAAAAAAAAAAAAAAA"
"GL873521","16170363","16170540","chr3","50079465","50079644","47","33909102","AAAAAAAAAAAAAATTACCCAGGTAAGGTGGTAAGGACCTGCAGTCCTAGCTATCTGGGATACGAGGTAGGAGGAGCACTTTGGCCCAGGAATTCCAGGCTATGGTGAACTATGATTACAACTGCACTCTAGCCTGGGCAAAAGAGTAAGAGACTGTCACAAAACACAACAAAACAAA","ACAAAAAGAAAAAACAATTAGCAAGGCCTGGTGGTACACACTTGTAGTCCCAGCTATTTGGGAGGCTGAGGTGGGAGGATCACTTGAGCCCAGGAGTTCAAGGTTACAGTGAGCTATGATCATGCCACTGCACACTAGCCTGGGCATCAGAGAGAGTTCCTGTCTCTAAGAAAAAAAAAA"
"GL873521","16172240","16172374","chr1","29329421","29329551","29","13157181","GGCTGCATGCAGTGCCTCATGTTTGTAATCCCAGCACTTTGGGAGCCAGTGGAGGAGAGGATCACTTGAAGCCAGGAATTTAAGACGGACCTAGCCAACATAATGAGAACTCCTCTATACAAAAAATAATAAAAT","GGCTGGATGCACTGGCTCCTGTCTGTAATCCCAGCACTTTGGGAGGCTGAAACAGGAGGATCCCTTGAAGCCAGGAGTTTAAGATCAGCCTGAGCAACAGAGTGAAACCCTGTCTCTACAAAAAAAAAAAA"
"GL873521","16260421","16260667","chr2A","25887935","25888182","71","9627514","GGATACAGTGGCTCACACCTGTAATCTTAGCAAACACCCTGGGGTGCTAAGGCAGGAGGATCACTTGAGCTCAGGAGATCAAGACCAGCCTGAGGAAGAGTGAAACCCCATTTCTACCACACATAGAAAAATTAGCCAGGTGTCTCTCTCTAGTCCCAGCTACTTGGGAGGCTGAGACAGGAGAATTGCTTAAGCCAGGGAGTTTCAGGTTGCTGTGGCTCAGACCATGGCACTCTAGACTGAGCAA","GGCTGGGCACAGTGGCTCACACCTGTAATCCCAGCACTTTGGGAGGGTGAGGCAGGAGGATCACTTGAGCTCAGGAGTTCGCAACCAGCCTGGGCAATATGGTGAAACCGCATCTCTACAAAAAATACAAAAATTAACCGGGTGTGGTTGTGCATGCCTGTAGTCCCAGCTACTTGGCAGGCTGAGGTGGGAGGATTGCTTGAGCTCAGGAGGTCAAGGCTGCAGTGAGCCATGATTACTCCACTGCA"
"GL873521","16747501","16747629","chr7","102198592","102198722","33","85451091","GCCGGGTATGGTGGCTCACACCTGTAATCCCACCACGTGGGAGGCCAAGGCAAGCAGATTGCCTGAGCTCACAGGTTCAAGACCAGCCTGAGCCAGAGTGAGACTTTGTCTTGGAAAATACCCGGGTGT","GGCTGGGTGTGGTGGCTCACACCTGTAATCCCACCACTGTGGGAGGCTAAGGCAGGCAAATCGCTTGAGCCCAGGAGTTCGAGACCAGCCTAGGCAACGTGGTGAAACTGTCTTTAGAAAATATTAGCCAA"
"GL873521","16747905","16748071","chr1","26355033","26355200","42","9607128","AACTAGGTAGGTGTTGCAGCAGGCGCCTGTAAATCCCAGCTACTTGGGCCAAGGCAAGAGAATCAATCACTTATGCCCAGGAGTTTGAGGTTGCTGTAAGCTATGACGCCCTGGCACTCTACCAAGGGTAACAAAGTCAGATCCTGCCTCAAAAAAAAAAAAAAAAA","AACTAGCTGGGTGTGGCGGCGTGTGCCTGTAGTCCCAGCTACTTGGGAGGCTGAGGCAGGAGGATCACTTGAGCCCAGGAGTTCAAGGCTGCAGTGAGCTAAGATCATACCACTGCACTCCAGCCTGGGTAATAGAGTGAGATCCTGTCTCAAAAAAAAAAAAAAAAA"
"GL873521","16826358","16826516","chrX","96886204","96886345","57","80059846","GGCGCCCTGCCACAAGCTGTAGTCTCCCCTATTTGGGAGGGTGAGGTCGGAGGATCATGTGAGCTCGGCAGTTCAAAGTCACCGGGCACTACAACCTCACCTGGACCAGTCAGGACTGCACGCCAGCCTCCCCAGCGCAGTGAGACTCTGTTTCTAAAA","GGTGCACATCTGTAGTCTCAGTTATTTGGGAAGCTGAGGAGGGAGGATCACTTGAGCCTGGGAGGTCAAGGCGCCAGTGAGCTGTGATTGCACCACTGCACTCCAGCCTGTGCTACAGAGTGAGACTCTGTCTCAAAAAAAA"
"GL873521","16850386","16850705","chr1","224543342","224543654","83","207692956","GCCAGCTGTGGTGGCTCACACCTATAGTCCTCACACTCTGGGAGGCTGAGGAAGGCAGATTCCCTGGAGCTCAGGAGATTGAGACCAGGCTGAGCAAGAACTGAGACTCTGTCTCTACCCCAAACAGAAAAACTTCACTAGGTGTTGCGGTGGGCACCTATAGCCTGAGCTACTTGAGAGGCAGAGGCAGGATGATCACTTGAACTCAGGAGTTTGAGGTTGCTATAGCTGTGCTGATGCCATAGTACTTTAGCCTGGGCAACAGAATGAGACTCTGTCTCAAAATAAATAAATAAATTAATAAATAAAAGAGAAAGAAA","GCCAGGCAGGGTGGCTCACGCCTGTAATCCCAACACTTTGGGAGGCTGAGGCAGGCAGCTTGCTTGAACTCAGGAGTTTGAGACCAGTCTAGGCAACATGGTGAAACCCCATCTCTACAAAAAATACAAAAATTAGCCAGGCGAAGTGGCGTGCCTATAGTCTTAGCTACTTGGGAGGCTGAGGCAGGAGAACTGCTTGAACTGGGGAGGTCGAGGCTGCATGAGCCGAGATCGTGCCACTGCACTCCAGCCTGGATGACAGAGCGAGACCCTGTCTCAAAATAAATAAATGAATAAATAATAAAATAAATAA"
"GL873521","16987716","16987746","chr4","157175852","157175881","5","140188136","GAAGAAAGAAGAAAGAAGAAAGAAGAAAGAA","GAAGAAGAAGAAGAAGAAGAAGAAGAAGAA"
"GL873521","16988099","16988370","chr11","32048157","32048430","73","15060058","GGCCCAGTTCAGTGTCTCACACCTGTAATCCTAGAACTCTGGGAGGTCAAGGAAGGTGGAGTCCTTGAGCTCAGGATTTTCAGATAAGCCTGAGCAAGAGACAGATCCATATCTACTAAACATAGAAAAACTAGCCTGGCATCAGTGTAGTCCCAGCTACTCAGAAGGCTGAGGCAGGAGGATCATTTGAGCCCAAATGTTTGAGTTTGCTGTGAGCTATGATGAATGACACCAGGGCACTCTACCCAGGGCAACAGAGTGAGACTATTTCT","GGCCCACCACAGTGATTCACATCTATAATCCCAGCACTTTGGGAGGCCGAGGTGGGAGAGTAGCTTGAGCCCAGGAGTTTGAGACCAGCCTGAGCAACAGGGCGAGACCCCATCTCTACAAAAAAAATTTAAAAATTAGCCTAGCATGTGCCTGTAGTCCCAGCTACTCAGGAGGCTGAAGCAGGAGGATCACTTGAGCCCAGGAGTTGAAGGCTGCAGTAAGCTATGATCACCCCACTGAGCTCTAGCCAGGGTGACTGAGCAAGACTCTATT"
"GL873521","17153915","17154039","chr7","102370770","102370890","26","85216855","GGCTAGGCACGGTGGTGACTCCTGCTTGTAATCCCAGCACTCTGGGAGGCCTGTGGCAGGTGAATTCCTTGCGCTCAGGAGTTCAAGACTAGCCTGAGTAATAGTGAAACCTCTGTCTCTACTAA","GGCTAGGCACGGTGGCTCATGCCTGTAATCCCAGCACTTTGGGAGACTGAGGTGGGAGAATTGCTTGAAGCTGGGAGTTCAAGACCAGCCTAGGGAACATAGTGAGACCCTGTCTCTTCAA"
"GL873521","17154076","17154241","chr16","21596696","21596868","46","4442620","CTAACCAGACCTGACAGGTGGCTATACTCTCGGCTACTTGGGAGGCTGAGGCAAGAGGATCACTTGATCTCAAGAGTTTGAGGTTGCTATAAGCTATGAGGCCATGACACTCTACCGAGGGCAACAAAGTAAGAGTTTTTCTCAAAAAAAAAACCCAAAACAAAAA","ATTAGTCAGACATGGTGGCATGTGCCTATAGTCCCAGCTACTTGGGAGGCTGAGGCAAGAGAATCATTTGAGCCCAGGAGGTTGAGGCTGCAGTAAGCAGTGATCATGTCACTGCACTCCAGCCTGGGCAACAGAGCAAGACCCTGTCTCAAAAAAAAAAAAAAAAGAAAAAA"
"GL873521","18186068","18186211","chr11","18518855","18518988","40","332787","TAGTCAGGTGCAGTGGTGCATGCCTGCAGTCACAGCTACTCTACTCAGGAGGATGAAGCAGGAGGACCACTGGAGACCAGGAGTTTGAGAATGCTGTAAAATACCATTGAGTCACTGCCTGCCAGCTTCAGTAACAGAATAAGA","TTAGCCAGGTGCAGTGGCGCATGGCTGTAGTCCTGCTTACTCAGGAGGTTGAAGCAGGAGGATCACTTGGGCCCAGGAGTTTGAGGCGGCAGCGAGCCATAATCGTGCCACTGCACTCCAGCTGAGTGACAGAG"
"GL873521","18186242","18186351","chr4","101432127","101432236","31","83245885","CTTGTAATTTCAGCACTTTTGGAAACTGTAGAAGGAAGATTGTTTAAGACCAGGAGTTCCAGAACAATCTGGGCAACACATGTTGACCTTGTACCTACATGAAAAAAAAA","CCTGTAATCCCAGCACTTTGGGAGGCTGAGGCAGGAAGACAGCTTGAGGCCAGGAGTTCCAGACCAGTCTGGGCAATATAGCAAGACCCTCATCTCTTTAAAAAATAAAA"
"GL873521","18231783","18232086","chr11","120552808","120553110","90","102321025","GGCATGGTGGCTCACACCAGCAATCCCAGCGTTTTGGGAAGCCCAAGGAAGAGAATCACTTGAGACCAGCCAGAGGTACATAGACACGTGGTCTACAAGAAATGACAATTAAAACAAATTGCTGGGCATGGTAGCCTGTGACTATAGTCCTGGCAACTCAAGAGGCTGAGTCAGGGGGTTTTTTGAGCCTATGAAGTCTAAGTTGCAGTAAGCTGTGATCATGCCACTATACCCTAGCCTGGGTGACAGAACAAGATTCTGTCTCTAAAAATAAAATAAAATAAAATAATAAAATGAAATAAAA","GCCAAGCATGGTGGTTCATACCTATAATCCCAGAACTTTGAAAGGCCAAGGCGAGAGGAGTTTGAGACCAGCCTGGGCAACATGATGACATGCCGTCTCTACAAAAAAATAAAATAAACAAAAACTAGCTGGGCCTAGTGGCATGTGTCTGTAGTCCTAGCTACTCAGGAGACTGAGGCAGGAGGATCACTTGAGCCTGGGAGGTCAAGGTTGCAGTGAGCTATGATTGTGTCACTGTACTCCAGCCTGGGTGACATAGCAAGAACTGGTCTCAAAAAAAAAAGAAAGAGAGAAAAAAGAAAA"
"GL873521","18672921","18673268","chr5","164510023","164510360","89","145837102","GGCTGGCCATGGTGGCTGAGGCCTGTCATCCTACCACTCTGAGAGGATGAGGAAGGAGGATTGGATTGCTTCAGCTCAGGAGTTCAAGACCAGCCTGAGCAAGAGCAAGACTCAGTCTCTACCAAAAATAGAAAAATTAGACTAGCCAGATGTAATGGCAGATGCCTCTAGTCCCAGCTAGTGGGGAGGCTAAGGCAGGAGGATCACTGAAACCCAGGAGTTTGAGGTGCCTGTGAGTTAGTTTAATACCATGGCAGTCTAGCTTGGGCAACAAAGTGAGACTCTGTCTCAAAACAAACAAAGAAACAAAGAAACAAACAAACAAAAACCCCAAAAATAAAAAAAAAA","GGCTGGGCACAGTGGCTCATGCCTGTAATCCTAGCACTTTGGGAGGCTGAGGCAGGTGGATCGCTTGAGACTGGGAGTTCAAGACCAGCCTGGGCAATATGGCAAAACCCCGTCCCTACAAAAAATACAAACATTAGCCAAGCATGGTGGCACATGCCTGTAGTCCCAGCTACTTGGGAGGCTGAGGCAGGAGGATCATTTGAGCCCGGGATGTGGAGGTTGCAGTAAGCTGAGATTGCATCATTGCACTCCAGCCTGGGCAACAGAGGGAGACCCTGTATCAAATAAATAAATAAATAAATAAATAAATAAATAAATAAAAGAAATAAAAGTAAAAA"
"GL873521","19315680","19315722","chr1","205503465","205503511","11","186187785","CAGTTACTTGGAAGACTGAGGCAAGAGGATCCCTTGAGCTAGG","CCAGCACTTTGGGAGACTGAGGCAGAAGGATCCCTTGAGGCCAGCGG"
"GL873521","19598410","19598508","chr1","6398492","6398584","25","13199918","TATCACTACACCACTATACTCTAGCCTGGGCAACAGATTGAGAACCTGTATCAAAAACAAACAAACAAACAAACAAAACACAATAAAAAATAAATAAAA","GTGATTGCACCAATGCACTCCAGCCTGGGTGACAGAGCGAGACTGTCTCAAAACAAACAAACAAACAAATAAAACAAAAGAAAAGAAAAGCAA"
"GL873521","19777152","19777359","chr4","72787006","72787205","63","53009854","CCTGAGCAACATAGAGAGATCCCATCTCGACAAAAATATTGAAAAAAAAATAGATAAACTTATCAGCTGGGTTTGGTAGCACACAACTGTATCCCCAGCTACCGGGAAGGCTGAAGCAGGAGGAGCCTGACAGATCAAGGCTGCAGTGAGCAGTGATCACATCACTACACTCCAGCCCAGGTGACAAAGCACAATCCTGTCTCAAAAA","CTAGGCAACATGGAAGAACCCCATCTCTACAAAAATTACAAAAACTAGCTGGGCATGGTGGTGTGCGCCTGTATTCCCAGCCACTGGGGAGGCTGAGGTGGGAGGATTGCTTGAGCCTGGAAGATTAAGGCTGAAGTGAGCAGAGATCACACCGCTGCACTCCAGTCTGGGTGACAGAGCAAAACCCTGTCTCAAAAAAA"
"GL873521","19907026","19907166","chr6","12022857","12022993","42","7884169","AGGAAAAATTACCAGGGCATGGTGATGTGCACTTATAGTCCCAGCTCCTGGGAAGGCTGAGTCAGGAGGCCAGGAGTTTGAGGTTATAGTGAGCTATGATGCCACTGCACTCTCTCTGGGTGACATAGTGACATTCTGCCT","TTAAAATTAGCCAGGCATGGTAGCAGGCACCTGTACTCCCAGCTACGGGAGGGTCGCTTGAGCCCAGGAGATCAGGGCTGCAGTGAGCTATGATTGTACCACTGCACTCCAAACTGGGTGACAGAGTGAGACTCTGT"
"GL873521","19907190","19907299","chr3","21509747","21509855","27","1602557","GTGGTGGCTCAGCCTATAATCCTAGCCTTCTGGAGGCCCAGGCGGGAGGATTGCTTAAGGTCAGGATGTTGAGACGAACCTGAGCATGAGTGAGACCCCATCTCTACAAA","GGTGGCTCATGCCTATAATTCTAGCGCTTTTGGAGGCCAAGGGGGGAGGATTACTTGAGCTCAGGAGTTCCAGATCAGCCTGGACAATTTAGTGAGACCTCATCTATAC"
"GL873521","20453341","20453513","chr19","53340691","53340862","44","32887350","AGACAACTAGCCAGGCATTGTGGTGGGCATCTATAGTCCCAGCTACTTGGGAGGCTGAGGCAAGAGGATCACTTGAACCCAATAGTTTGAGGTTGTCATGAGCTATGATGATGTGGCATTCTACTCAGGGTGACAGCGTGAGAGACTCTGTCTCAAACAAATGAACAAAAAAA","ACAAAAATAGCTGGGTGTGGTGGTGCATACTTGTAGTCCCAGCTACTTGGGAGGCTGAGGCAGGAGGATCACTTCAGCCCAGGAGGTTGAGGCTGCAGTGAGCCATGATCATGCCACTGCACTCCAGCCGAGGGGAGAGAGCAAGACTCTGTCTCAAAACAAACAAACAAAA"
"GL873521","20453540","20453662","chr4","5943586","5943706","26","14509954","CAGGCGTGGTTGCTCATGCCTGTAGTCCTAGCACTTCAGGAGGCTGAGGAGGGTAGATTGCTTGAGGTCAGGAGCTGGAGACCAGCCTGAGCAAGAGCGAGACCTTGTCTCTACTAAAAATAG","GGCCATGGTGGCTCATGCCTGTAATCCTAGCACTTCGGGAGGCTGAGGAGGGAGGATTGCTTGAGGCCTGGAGTTTGAGACCAGCCTGGGCAACATAGTGAGACCACGACTCTATTTAAAA"
"GL873521","20821454","20821743","chr8","121327775","121328067","74","100506321","GCCGGGCCCAGATGGCTCAAGCCTGTAATCCTTGCACTTTGGGAGGCCAATGTAGGAGGATCACTTGCGCCTAGGAGTTCCAGGCCAAGCTGTGCAAGGTGAAACACTGTTCCAAAAAATATATATATATGAAAATTAGCCAGTCCTGTTGGTACACATCTGTCGTTCCAACTACTTGGGGGACTGAAGCAGGAGGATCCATGAGTCCAAGATTTGAGGTTGCAATGAGCTGTATTGGAGCTACTACACTGTAGCCAGGGCGACAGGAGGAAAAACTTGTTTTAAAAAAA","GGCTGGGTGCAGTGGCTCATGCCTGTAATCTTAGCACTTTGGGAGGCCAAGGCAGGTGGATCACTTGAGCTTAGGAGTTCAAGACCAGCCTGGGCAACATGGTGAAACCCTGTCTCTACAAAAAATAAAAAAAAATTAGCCAGGCATGGTGGCATACACCTGTAGTCCCAGCTACTTGTGGGGCTGAGGCAGGAGCATCACTTGAACCCAGGAGCTCAAGGCTGCAGTGAGCTGTGATCTTACCACTGCACTCCAGCCTGGGTGACAGAGTAAGACCTTGTCTCAATAAAAAA"
"GL873521","20825224","20825315","chr22","42881883","42881978","27","22056659","AGAGGATCTCTTGAGCCTAAGAGTTTGAGGTTGCTGTGAGTTCTGATACCACAGCGCTCTACACAGGGCGACAGAGTAAGACCCTTTCTTAA","GGCAGGAGGATCGCTTGAGCCTGGGAGGTCAAGGATGCAGTGAGCTGTGATTGCACCACTGCACTCCACCCTGGGCGACAGAGTGAGACCCTGTTT"
"GL873521","20825595","20825767","chr4","156475909","156476099","57","135650314","GCGGTGGCTCACACCTGTAATCCTAACACTCAGGATCGCCTAAGCTCAGGAGGTGGAGACCAGCCTGAGCAAGAGAAACACCTCAACTCTACCAAAAACAGAAAAAGTAGCCTGGGTGGTGGTAGGCATGTGTAGTCCCAGCTACTCGGGAAGCTGAGGCAAGAGGATCTCTT","GGCCAGGCACAGTGGCTCACACCTATAATCCCAGCACTCTGGGAGACTGAGGCAGGAGGAGCCCAGGAATGTGAGACCAGCCTGGCCAACATGGTGAAACCCAGTCTCTACTAAAAATATAAAAATTAGCCTGGTGTGGTGGTGTGCGCCTGTAGTCCCAGCTACTTGGGAGGCTGAGGTGGGAGGATCAC"
"GL873521","21355913","21356066","chr4","158479533","158479684","48","137123620","ATAAAAATTAACTAGCTATGGTGGCATACACTCTTGTCCTAGCTACTTAGGAGGCTGAGGATCATTTGAGGCCAGGAGTTTAAAGCTATAGTGTACTGTGATGATTACGCCTGTGAATAGCCACTGTACTCCAGCCTGGGCAACATAGCAAGAC","AATTAGCTGGGCATGGTGGTGCATACCTGTAGTCCTAGCTACTCAGGAAGCTGAGGCAGGAGGACAGCTTGAGGCCAGGAGGTCAAGGCTGCAATGAACCATGATTGATTACACCTGTAAATAGTCACTGCATTTCAGCCTGGGCAGCATAG"
"GL873521","21623697","21623773","chrX","53329871","53329945","26","31706174","AAATTTAGGCAGGCAAGTTGGCACATGTTTGTAGTCCAAGTTATGTGAGAGGATTCTTTGAGTCCAGAAGTTAAGGC","AATAGCTTGGGCAGGGTGGTGCATGGCTGTAGTCCTGAGATGGGAGGATCCCTTGAGTCCAGGAGCTTGATGCCG"
"GL873521","21623801","21623894","chr3","42032495","42032583","27","20408694","GTAATCTTAGTACTTTGGGAGGCCAGACAGGAGATTCATTTGAGACTGAGTTTAAGATCAGCCTGGACAACATGGCAATATCCCATGTCAACCA","TAATACCAGTATTTTGGGAGGCTGAGGCAGGCGATCACTTGAGCCCAGTTCAAGACCAGCCTGGGCAATATAGCGAAATCCTGTTTCTA"
"GL873521","21714176","21714337","chr12","96671998","96672172","41","74957822","ACTAGGGGGCATTGTGGCAACTGTCATCCTAGCTGCTCAAGAGGCTGAGGCAAGAGGATCACTTCAGCCCATGAGTTTATGGTTGCTGTGAGCTATGACTCCATGGCACTCTAGCCTGGGCAATAGAATGAGACTCTGTCGCAAAAAAAAAGAAAGAAAGAA","AATTAGCTGAGCATGGTGGCAGGCACCTGTAGTCCCAGCTACTTGGGAGGCTGAGGGAGGAGGGTCACTTGAACCCAGGAGTTTGAGGCTGCAATGAGCTATGACTGCATCAGTGCACTCTAGCCTGGGCAGTAGAGTGAGACCCTGTCTCACAAAAAAAAGAAGGAAAGAGAAA"
"GL873521","21714364","21714489","chr15","78802491","78802611","29","57088127","GGCTGGGTACCCTGGCTAGACACCTGTAATTCTAGCACTCCAGGAGGCTGAAACAGGTGGATTTCTTGAGCTCAGGAGTTCAAGACCAGCCTGTCCAAGACCAAGACCACAATTCTGTCTCTACTT","GGCTGGGTACAGTGGCTCACACCTGTAATCCCAGCACTTTGGGAGGTGGAGGCAGGAGGATCACTTGAACTCAGGAGTTCAAGACCAGCCTGGCCAACATGGCGAAACTCCGTCTCTACAA"
"GL873521","21743555","21743631","chr10","20213332","20213405","25","1530223","TATAGGGTGTGGCGGCAAGTGTGTATAGTACTAGCTACTTAAAGAGGTTGAGATGGGAGGATTGCTTGAGCTAAGGA","CCAGGTGTGATGGTGCATGCCTGTGGTCTCAGCTACTTTGGAGGCTGAGGTGGGAGGATTGTTTGAGTGGAGGT"
"GL873521","21743658","21743767","chr10","43292583","43292692","28","21548925","CAATGGTTTGTGCTTGTAATCCAGCACTTTGGGAAACAAAGGAGAAAGGATTAATTGAGACCAGGAGTTCAAAATCAGCCTGGGCAACATAAAGAGACCCTGTCTCTATG","GCGGTGGTTCAGCCTGTAATCCCCGCACTTTGGGAAGCTAAAGCAGGAAAATCACTTGAGCCCAGGAGTTCAAGACCAGCCTGAGCAACATAGTGATACCCCTGTTTCTA"
"GL873521","21994326","21994402","chr3","183523015","183523100","19","161528689","GGCATTGTGACTCACACCTATAATTCTAGCACTTTGGGAGGCTGAGGTGGGAAGACCACGAGCACAGGTTCAAGACC","GACTGGGGGCAGTGGCTCAAACCTGTAATCCTAGCACTTTGGGAGGCTGAGGTGGGAGGACCACCTGAGCTCAGGAGTTCAAGACC"
"GL873521","22568894","22569013","chr7","21219168","21219276","37","1349726","TACGTTGTGGTGGCTAGTCCCAAACTACTCAGCTACTCAGGAGTTTGAGGTTGCAGTAAGCTGTGAGGTTGCATTGCACGACAGATTGTGCAACAGAGCGAGACCCTATCTCGAAAAAAA","GGCTGAGGTGGGATAATCACTTGAGCCCGGAAAGTTGAGGTTGCAGTGAGCCATGACTCGGCACTGCACTCCAGCCTGGGCAACAGAGCCAGACCCTATCTCAAAAAAA"
"GL873521","22569034","22569129","chr15","57106062","57106161","19","34537028","CAGGCATGGTGGCTCACACCTGTAATCATAGCACTTTGGGAGACCAGGAGTTCAAGACCATGCTGGGCAACATGGCGAGACCTTGTCTCTACCAAA","GGCCAGGCATGGTGGCTCACTCCTATAATCACAGCACTTTGGTAGGCCATGAATTCAAGACCAGCCTGGGCAACATAGTGTAACCCTGTCTCTACGAAAA"
"GL873521","23082461","23082581","chr19","17007875","17007987","43","6074586","AAAATACACAGAGTACCCAGGCATGGTGGTGCATGCCTCCAGTCCCAGCTACAGGTGAGACTAAGACTAAAGGATGCCTTCAGCTCAAGACTTTGAAGCTGGCCTAGGCAACAACAAGACC","ACAATGTAGCTATGGCATGGTGGTGCCTGCCTGTTGTCCCAGCTACTTGGGAGGCTGAGATGGGAGGATTGCATGAGCCCAAGAGTTCAAGGCTGCTGTGAGCTACAATCACG"
"GL873521","23326932","23327034","chr1","153330637","153330743","26","130003705","GACTGGGTATGGTGGCATATGCCTGTAAACCCAGCACTCTGGGAGGCTGTGGCGGGTGGACCAGCCTGAGACCAGCTTGAGAAAGAATAAGACTCTGTCTCTA","GGCTGGGTGTGATGGCTCATGCCTGTAATCCTAGCACTTTGGGAGGCTGAGGCAGGTGGATCACTTGAGCCCAGGAGTTTGGGCAACATGACAGAACCCTGTCTCTA"
"GL873521","23327057","23327213","chr6","85247800","85247964","38","61920743","CCAGACATTGTGACACATGCCTATAGTCCTACTTGGGAGGCTGAGGCAAGAGGATGTCTTGTGCCCAAGAGTTTGAGGTTGCTGTGAGCTATGATACCATAGCACTCTAGTGGGGGGCAAGAAAGTGAGACACTGTCTCAAAAAAAAAAAAAAAAAA","CCAGGCATTGTGGCACATGTGTGTAGTCCCAGCTATTTGGGAGGCTGAGGCAGGAGGATCCTTTGAGCCCAGGAGTTTGAGGCTTCAGTGAGCTGTGATTGGACCACTACACTCTGGCCTGGGCAACAGAGAAAGACCCTGTCTCAAAAAGAAAAAGAAAAAGAA"
"GL873521","23553294","23553452","chr8","101101478","101101641","53","77548184","AAAATAAAGTTAGCTAGACACAGCTTTGGGCACCTGCAGTCCCAGTTACTTGGAGGTTGAGGCAAGAGGATTGTTTGAGCCTAGAGGTTTGAGGATATGGTTTGCTGTAGTTCTACCTGTGAGTAGCCACTGTTCTCCAGCCAGGACACCAGCGCAAGA","AAAAAGACACCAAGTAGCCAGGTGTGGTGCTGCAGGCCTGCAGTCCCAGCTACTTGGGAGGCTGAGGCAGGAGGATTGCTTGAACCCAGGAGTTCAAGACTTCAGTATGCCATAATCGCACCTATGAATAGTCACTGCACTCCAGCCTGGGCGACATAACAAAA"
"GL873521","24165831","24166009","chrX","9218405","9218573","51","14947426","GGCCAGGCACAGCAGCTCACACCCATAATCCTAACACTCTGAGAGACCAAGGTGTATAGATTACCTGAGCTCAGGAGTTGGAGACCACCCTGAGCAAGAGTAAGACCCCCATCTCTACAAAAAAAAAAAAAAAATAGAAAAACTAGCCAGGTGTTGTGGTGGGTACTTACAGTGCCAAC","GGCCAGGCGCAGTGCCTCACACCTGTAATCCCAGCACTTTGGGAGGCCGAGGCGGGTGGATCACTTGAGCTCAGGAGTTTGAGACCAGCCTGAGCAACATGGCAAAACCTCACCTCTACAAAAAAAATACAAAAATTAACCAGGCATGGTGGCAGGCACCTGTAGTCTC"
"GL873521","24270646","24270916","chr8","27224878","27225151","68","2954232","GGCCAGGCACGGTGGCTCACACCTGAATCCTAGCTGGCATTCTGGAAGGCCGAGGTGGGTGGATCACCTGACCTCAGGAGTTCAAGACCATCCTGAGCAAGAGTGAGATGAAACCTCATCTCTAAAAATAGCTAGGCATTGTGGTGGGCACCAGTAGTCCCAGCTACTAGGGAGGCTGAAGCAAGAGGATCACTTGAGTCTAAGAGTTAGACGTTGCTGTGAGCAGTGACGCCACAGCACTCTACCCAGGGCAACAAAGTGAGACTGTCTC","GGCCAGGTGCAGTGGCTCACACCTGTAATCCTAGCCCTTAGGAGGCTGAGGTGGGAGGATCACTTGAGCTCAGGAGTTCAAGACCAGCCTGGGCAATATGGTGAAACCCTGTCTCTACGAAAAATTAGCCGGGCATGGTGGCGCATGCCTGTAGTCCCAGCTACTCAGGAGGCTGAGGTGGGAGGATCATTTGAGCCCAGGAGGCGGAAGTTGCAGTGAGCCAAGATTGCACCACCGTACTCCAGCCTGGGCAACAAGTGAGATCCTGTCTCAA"
"GL873521","24618820","24618994","chr8","68458893","68459071","47","43840073","TCCTAGCACTCTGGGGGGCCGAGGTGGTAGGATCACTTGAACTAGAGTTCAAGACCACCCTGAACAAAAATCACACCCTGTCTGTACTAAAAATAGAAAAATTAGCCAGGCATTATAGTGCATGCCTGTAGTCCCAGCTACCTGGTAGGCTGAGGCAGATCCTCTAGCCCAGGGG","CCCAGCACTTTGGGAGGCTGAGATGGGTGGATCACTTGAGCCCAGGAGTTCAAGACCAGCCTGGGCAACATGACGAAACTCTGTCTTTACAAAAAATACAAAAATGAACCAGGCATGGTGGTGCATGCCTGTAGACCCAGTACTTGGGAGGCTGAGGTGGGAGGATCCCTTGATCCTGA"
"GL873521","24626746","24626855","chr1","205148842","205148953","29","180522096","AAAGAATGACAAAAATTCAGATATGGTGGTATGCACCTATAGTCAGTCACAGCTACTGGGGAGGCTGAGGTGGGAGGCTTTCTTGAGCCCAGGAGGTTGAGTCTAGCAAT","AAAAAGTACAAAGAATTAGCCAGGTGTGGTGGTGCGTGCCTATAGTTCCAGCTACTTGGGAGGCTGAGGTGGGAGGATTGCTTGAGTCCAGGAGTTGGAGGCTGCAGTGAAA"
"GL873521","24781755","24782037","chr5","139301937","139302217","85","114520182","GACCAGGTGTGGTGGCTCACACCTATTAGCCTAGCACTCTTGGCAGCTGAGGCAGGAGGATTCACTCAGAACTTCAAGAGTTAAACCCATGCCTCTACTAAAAATAAGAAAAAAATCAGTCCAGAGTATCATGGTGGGCACTTGCAGTCCCAGCTACTCGCAATGCTGAGGAAGAAGGATAGCTTGAGCCTAGGAGTTTGAGGTTGCTGTAGGCTGGATTTTTGTCATGGCATGCTAGTCTTGGCAACAGAGTGAGACTCTGGGGGAAAAAAAAAAGGAAAAA","GGCTGGGTGCGGTGGCTCACACCTGTAATCCCAGCACTTTGGGAAGCTGAGGCCAGAGGATGGCTTGAGCTCAGGAGTTTGAGTTGAAACCCTGTCTCTACAAAAAATACAAAAATTAGCTGGGTGTGGTGGTGCACACCTGTGGTCCCAGCTACTTGGAAGTGTGGGGTGGGAGGATTGGTTGAGCCCAGGAGGTTGAGGCTGCAGTGAGCCATGATCGTGCCACTGTACTCCCGCCTGGGTGACAGAATGAGACCCTGTCTCAAAAAAAAAAAAAAAAA"
"GL873521","24969692","24969970","chr5","91805199","91805483","78","66835507","GGCTGGATGCAGTGGCTCACACCTATAAACCTAGCACTCTGGAAGGCCACAGTGGGAGAATGGCTCGAGTTCAGGATTTTGAGAGTAGCCTGAGCAAGAGCAAGACCACATCTCTACTAAAAATATAAAAATTAGCAGGAAGTCTTGCTGAATGCATCATCTCAACTGCTCTGGAGGATGAGGCAAGAGGATTGCTTGAACTCAAGAGTTGAGGTTGTGGTGAGCGAGACTGAATCCATAGCACTCTACCCCAGGCAACAGAGCAAGACTTTGTTGAAA","GACTGGGTGCAATGGTTCACATCTGTAATCCCAGCACTTTGGGAGGCCAAGGTGGGAGGATGGCTTGAGCCCAGAAGTTCAAGACCAGCCTGAGCTACATGGCAAAACCCTGTCTCTACAAAAAATGTAAAAATGAGCCAGGCATGGTGGTGCATGCCTATGGTCCCAGCTACTCAGGAGGCTGAGGCAGGAGGATCGCACTAATCTAGGAGATGGAGGCTGCAGTAAGCCGAGATTGAGTCATTGCACTCCAGCCTGGGCGAAAGAGCCAGACTCTGTCTCAAA"
"GL873521","24970004","24970019","chr3","153804291","153804307","1","128834287","AAAACAAAACAAAAAA","CAAAACAAAACAAAAAA"
"GL873521","25391954","25392209","chr7","3491054","3491312","81","21900900","CCTAGTGCAGTGGCTCACACCTGTAATCCTGGAGGCTGAAGCAGATGGATTGCTTTGAGTTCCTGCCTAAATAAAAGTGGGAATCTACTATAGCAAAATTAGCTGGGCGTTATGGTGGGTACTTGTGGTCCCAGCTACTCAGGACGCTGAGGCAGGAGGATTGCTTGAACCAAGGAATTTGAGGTTGTTATGAGCTATGATGATGCCATGGCACTCTACCCAGGCCACAGAGTAAGATTTGGTCTCCAAAAAAAAA","GGCCAGGTGCGGTAGCTCACATCTGCAATCCCAGCACTTTGGGAGGCTGAAGCTAGAGGATCACTTGAGTCTTGTCTCTACAAAAAAAATCAAAAAATTAGCCAGGGCATGGTGGTGCATGCCTGTAGTCCCAGCTACTCGGGAGGCTGAGGCAGGAGGATCACTTGAGCCCAGGAGGTTGAGGCTGCAGTGAGCTGTGACTGTACCACTGCACTCCAACCTGGGCAACAGAGTGAGACCCTGTCTCAAAAAATAATAA"
"GL873521","25453333","25453646","chr22","29946204","29946503","77","4492871","GCCGGGTACAGAGGTGCATTTACCTGTAATCCTAGCACTTTGGGAGGGTAGGGTAGGAGGATGGCTTGGGGCCAGTAGTTCAAGACCAGCCTGAACAATCTAGTGTGACCTCGTCTCCACAAAATATAGAAAAATTAGCCAGGCATGGTGGTGGGCACTTGTATTCTCAGCTTCTCAGGAAGCTGAGGCAGGAGGATCTTTTGAGGCTGGAAGGTTGAGGTTGCATTGTTGAGATTGCACTGAGCTGTGATGACACCACTGCACTCTAGCCCTGGCAACAGAGTGAGATCCTAATTTAAAAAAAAAAAAAAAAA","GCTGGGCGTGGTGGCTCCTTCCTGTAATCCCAGCACTTTGGGAGGCCAAGGCTGGAGGATCACCTGAGTCCAGGAGTTTAAGACCAGCCTGGGCAACATAGGGAGACCCTGTCTCTACAAAAAATAAAAAATTAGCCAGGCATGGTGGTGTGCACCTGTAGTCCCAGCTACTCAGGAGGCTGAGGCAGGAGGATCTCTTGAGCCTGGGAGGTCAGACTACAGTGAGCAATGATTGTGCCACTGCACTCCAGCCTGGGTGACAGAGTAAGACTCTGTCTCTTAAAAAAAAAAAAAAAAAAA"
"GL873521","25473197","25473312","chr11","64318421","64318538","25","38845224","GGGCATGGTAACTCACTCCTATAATCCCAGCAGTTTGAGAGGCCAAGGCTGGAGGATCACTTAAGGCTAGGAGTTCATGACTGGTCAGGGCAACATAGTAAGACTTATTCTCTACA","CCAGGCATGGTGGCTCACACCTATAATCCCAGCACTTTGGAAGGCCAAGGCGGGAGGATCCCTTGAGGCCAGGAGTTTGAGACCAGCCTGGGCAACATAGCAAGACTCCGTCTCCACA"
"GL873521","25473339","25473487","chr1","35894728","35894879","40","10421389","AAGAATTAGCTAGGCATAGTGGTGCGCAGCTGTAGTTCCAAGTACTTGGGAGGTTAAAGACCATGTGAGCGCAGGAGTTCAAGGCTACAGTGAGCTGTGATCATGCCACTGCACTCTGGCCTGGGTGACAGAGTCTGTGTCATAAAAAA","AAAAATTAGCCAGGCATGGTGGCACATGCCTGTGGTCCCAGATACTTGGGAGGCTGAAGTGGGAGGATCACTTGAGCCCAGGAGATCAAGGCTGCAATGAGCCATGATCATGCCACTGCACTCCAGCCTGGGCAACCCTGTCTTTAAAAAAA"
"GL873521","25493130","25493293","chr4","75562087","75562252","41","50068957","CTTAGAGTTGTGGTGGGCTCCTGTACTCCCAGCTACCCAGGAGGTGAGGCTGAGGCAGGTGGATCACTTGAACCCAGGTATGTGAGGTTGCTGAGAGCTAGGATGACACACAGCACTCTAGCCTGGTGACAGAGTGAGTCTATGTCTCTAAATAAATAAATAAA","TTAGCTGGGTGTGGTGGCATGCACCTGTAGTCCCAGCTACTTAGGAGGCTGAGGCAAGAGGATCACTTTAGCCCAGGAGGTGGAGGTTGCAGTGAGCTGAAATCATACCACTGCACTCCAGCCAGGGTGACAGAGTGAGACCTTGTCTCAAAAATAAATAAATAAA"
"GL873521","25493320","25493467","chr9","31337596","31337743","33","5844276","GACTGGGCTTGGTGGCTCATGCCTGTAATCCTAGCATTCTGGGAAGCTGAGGCAGGAGAATCACTTGAGGTCAGGAGTTCAAGACCAGACTGAGCAAGAGTGAGATCTTGCCTCTACTAAAAAAATATATATTTTTAAAAAATAATGC","GCTGGGTGTGGTGGCTCACACCTGTAATCCTAGTGATTCAGGAGGCTGAGGCAGAAGGATCACTTGAGGTCAGGAGTTTGAGAGCAGACTGAGCAACAGAGTGAGACCCCCTCTCTAAGAAAAAAATATTAAAAAAAAAAACAACCGC"
"GL873521","25793453","25793728","chr15","82250472","82250741","88","56457019","CAGGTATGGTGGCTCACACCTGTAATCCCAGCACTTCGGGAGGCCAGGAGGTGGGGGAGAGGCTCTCTTGAAGCCAGGAGTTCCTGACCAGCCAAGCAACAGGCGAAACCTTATCTCTACAAAATATTAAAGAAAAAAGGAAATTAGCCAGGTATAGCAGTAGACATCCATAATTCCAGATACTGTCGTGGCTAGGACAGGAAGATCACCTGTGATTGTGCCACTGCATCCCAACTTGCCAAAAAAGCAAGATGCTGTCTCTATAAAAGAAAACTA","GCCGGGCACGGTGGCTTATGCCTGTAATCCCAGCACTTTGGGAGGCCGAGGCAGGAGAATCGCTTGAGCCCGGGAGTTTGAGACCAGCCTGGGCAACATGGTGAAACCAAGTCTCTACAAAAAAATACAAAAAAATTAGCCAGGTGTCGTGGTGCACGTCTGTAGTCCCAGCCACTCCTGGGAGGTCGAGGCTGCAGTGAGCTGTGATCGTGCCACTGCACTCCAGCCTGGGGAACAGAGTGAGACCCCGTCTCAAAAAATAAAAAAAAA"
"GL873521","25946379","25946540","chr16","48668108","48668267","54","22721729","GTTGAGGCAGGATTTCTTGAGGCTGGGAGTTGGAGACCAGCCTGAAAAACATGTTGATACCATTGCTACAGAAATTAGAAGAGTTAGCTGGGTATAGTGGTGCATCCCTGTAGTTCCAACTACTAGGGATGCTGAGGCAGGAGGGTCACGTAAGCCCAGGAG","GTGGGAGGATTTCTTGATCCCAGGGGTTCAAGACCAACCTGGGCAACATAGTGAGACCCTGTGTATACTGAACAAAAACAATTTTTCAGGCATGGTGGCACACACCTGTAGTCCGAGCTATTCGAGAAGCTGAGATGGGAGGATCCCTTGAGCCCGGGAG"
"GL873521","25955927","25956105","chr3","43378154","43378339","50","17422227","AAAAAATAGAAAAATTAGCCATGTGCAGTGGCATGTGCCTATAGTTCCACCACTGTAGGGGCTGAGGTAGGAGGATCCCTTAAGACCAGGACTTTGAGATTGCTGTGAGTTATGACATCACTGCTGTCTGGTTGGGTGACAAAGGGAGACTTTGCCTCAAAAAAGGGAAGAAAGAAAAA","AAAAATACAAAAATTAGCCGGGCATGTTGGCATGTGCCTGTGGTCCCAGCTACTCCAGAGGCTGAGGTGGGAGGATCACTGGAGCCCGGGAAGTTGAGGCTGCAGTGAGCTGTGATCACACCACTGCACTCCAGCCTGGGTGACAGAGTGAGACCCTGTCTCAAAAAAAAAAAAAAAAAAAAAAAA"
"GL873521","26298260","26298339","chr4","95794331","95794409","18","69496071","GGCTGGGTGCATCAGCTTATGCCTGTAATCCCAGTACTTTAGGAGGTTGAGGTAAGAGGATCACTTAAGAACAGGAATCC","GGCTAGGTGCAGTGGCTTACACCTGTAATCCCAGCACTTTGGGAGGCCGAGGCAGGAGGATCACTTGAGCCCAGGAGTT"
"GL873521","26307582","26307851","chr5","152032216","152032514","85","125724634","GCTGGGCATAGTGGCTCACACCTACACTCTTAGAGGCCAGGGCAGATGAATTATTTGAGCTTGGGAGACCAGACTGAGCATGAGTGAGATCCTGTTCCTACTAAAAATAGAAAAATTAATTGGGTGTTGTGCCTGTAGTCCCAGCTACTTGGAAGGCTGAGGCAAGAGGATCACTTGAGCCCAAAAGACTGAAGTTCTAATGCCAAACATGCTACTCAGAGGGACAGAATGAGACTCTGTCTCAAAAATAAATAAATAAATAAATAAATA","GGCTGGGCACAGTGACTCACACCTATAATCCCAGCACTTTGTGAGGCTGAGGCAGGCAGATTATTTGAGCCCCTGAGGTCAAGACCATCCTGGGCAACATGGCAAAACCTCATCTCTACAAAAAATACAAAAATTAGTTGGGTGTGGTGGCATACGCCTATAGTCCCAGCTCCTCAGGAGGCTGAGGTAGGAGGATGGTTTGAGCCCAGGAGATGGAGGTTGATCATGCCACTGCTCTCCAGACTGGGCAACAGAATGAGACTCTGTCTCACAAAAAATGAAACAGAATAAAATAAAAA"
"GL873521","26951040","26951317","chr17","16672309","16672598","75","10278731","TGGCTTACACCTGTAATCCTAGCACTCTGAGAGGAGTGAGGCAGATTGCTTGAGCTTAGGAGTTTAAGACCAGCCTGAGCAAGAAAGATCCCATTTTTACTAAAATAGAAAACTAGCCAGGGGTGGTGGCCTATGTCTGTAGTCCCAGCTACTCGGTAGGCTAAGGCAAGAGGATTGCTCAAACCCAAGAGTTTGAGATTGCTGTGAGTTCTGGTGCCATGACACTCTATCCAGGGTAACAGAGTGAGACTTTGTCTAAAAAAGAAATAAAATAGGTG","GTGGCTCACACCTGTAATCTCAGCACTTTGGGAGGCTGAGGCGGGAGGATCACTTGAGCCCAGGAGTTTGAGACCAGCCTGAGCAACATAGTAGGCTCCTGTCTCTACAAAAAAATACAAAAATTAGCTGGTACTGGTGGCATGTGCCTGTAGTCCCAGCTACTCAGGAGGCTAAGGCAGGAGAATCGCTTGAGCCCAGGAGGTTGAGGCTGCTATGAGCTGTGATGGCACCACTGCACTCCAGCCTGGGTGACAGAGTGAGACCTGGTCTCAAAAAGAAAAAAAAAAAA"
"GL873521","26951542","26951557","chr3","53948633","53948648","1","26997091","AAAAGAAAGAAAGAAA","GAAAGAAAGAAAGAAA"
"GL873521","27061553","27061681","chr3","122788793","122788920","26","95727240","GGCCACGCACAGTGGCTCATGCCTTTAATCCTAGCTTTCTGTGGAGGCCAAAGCAAATGGATCACTTGAACTCAGGAGTTCAAGACCAGCCTGAGCAAGAGCAAGACCCCATCTCTACTAAAAATAGAA","GGCCAGGCACTGTGGCTCATGCCTGCAATCCCAGCACTTTGGGAGGCCAAGGCAAGAGGATTGTTTGAGCCCAGGAATTCAAGACCAGCCTGGGCAACTCAGGAAGACCCCATCTCTACAAAAAACAA"
"GL873521","27061706","27061860","chr8","96136998","96137163","44","69075292","TAGCTTGGCATTGTGGTAGGCACTGGCAGTCCCAGTTACTTCGGAGGCTAAAACAAGAAGGATTGCTTGAATCCAGTGAGGTTGCTGTGAGCTATAATGTCATGGCACTTCTCCCCAGGGCAACAGAATGAGACTATCTCAAAAAAACAAATAAA","TTTAGCTGGGAAGGTTGGCACGCACCTGCAGTCCCAGCTACTTGGGAGGCTGAGACTGGAGGATTGCTTGAGCCCGAGAGGTCGAGGTGGCAGTGAGCCATAATCACACCACTGTACTCCAGCCTGGGTAACAGAATGAGACTCTGTCTCAAAACAAACAAACAAA"
"GL873521","27073730","27073910","chr1","68095575","68095737","50","41021845","GAGCAGCCTGAGCAGCTAGGGTACTGCTCCCTGCCTCTAGTCCCAGCTACTTGAGGGGCTAAGGCAGGAGGATTGTTTGAGCCCAGGAGCCCAGGAGTTTGAGATTGATGTGAACTAGGCTGATGCCATGGCACTCTAAACTGGGCAACAGAGTAAGACTCTATCTTAAAAAAACAAAAAA","TTAGCCCTGCATGGTGGCACATGCCTGTAGTCCCAGCTATTTGGGAGGCTAAGGCAGGGGGATGGTTGGAGCCCAGGAGGCAGAGGTTGCAGTAAGCTGAGACTGAGCCATTGCACTGCAGCCTGGGTGACAGAGTGAGACTCTGTCTCAAAAAAAAAAAAAA"
"GL873521","27074182","27074275","chr19","50666183","50666279","26","23592001","GCTGGGTACTGTGGCTCAAGCATGTAATCATAGCACTCTTGAGGCCAAAGTTTGGAGGATCCCTGAAGCTCCAGAGTTTAAATGCAGCTTGAGT","GGCTGGGCTCTGTGGCTCATGCCTGTAATCCCAGCACTTTGGGAGGCCGAAGTGGGAGGATCACTTGAGTCCAGCAGTTTGAGAGCAGCCTGGGCAA"
"GL873521","27115551","27115853","chrX","48006439","48006741","74","20890888","GGCCAGGTGTGGTGGCTCCTGTAATCCTATCACTATGGGAGGCCAAGGTGGGTGGATTGCTTGAGCTCAGGAGTTGGAGACTAGCCTAGGCAAGAGTGAGATCCCGTATCTACTAAATAGAAAAACTAACCAGGTTCCAGGTGCCTGTAGTCCCAGATTCTTGGGAGGCTGAGGCAAGAGGATCACTTAAGGTCAGGAGTTTAAGGTTGCTGTGAGCTATGATGTCATAGCACTCTACCCAGGGTGACAGAGTGAGACTCTATCTCAAACAAACAAACAAACAAAACAAAAACAACAAAAAAA","GGCTGGGCTCAGTGGCTCACGCCTGTAATTCCAGCACTTTGGGAGGCCAAGGTGGGCGGACTGCTTGAGCTCAGGAGTTCGAGACCAGCCTGGGAAACATGGCGAAACCCCATCTCTTAAAAAAAAAAAATTATCTGGGTGGCAGGAGCCTGTAGTCCCAGCTACTTGGGAGGCTGAGGTAGGAGGATCACCTGAGCCCGGGAGGTCAAGGCTGCAGTGAGCCATGATCGTGCCACTGCACTCCATCCTGGGTGACAGAGTGAGACCCTGTCTAAAAAAAAAAAGAAAAAAGAAAAAAAGAAA"
"GL873521","3621655","3621735","chr19","38588582","38588671","29","34966927","AAACCCCCCAGAAAATTAGCTGTAGTCCAGCTACTTGGGAGGGTGAGGCAGGATTGCTTGAACTCAGGAGGCTGAGGTTGC","TTAGCCAGGTGTGGTTGTGCACGCCAGTAGTCCTAGCTACTCAGGAGGCTGAGGCAGGAGGATTGCTTGAGCCCAGGAGTTTGAGGCTGC"
"GL873521","3642385","3642519","chr4","190118736","190118870","25","186476351","GGCTGGGTGAGGTGGCTCACACCTGTAATCCCAGCACTCTGGGAGGCCAACAGGGATGGAGCACCTGAGCTCAGGAGCTTGTGCCCAGCTTGAGCAAGAGTGAGACCTCATCTCTGTTAAAAACAGAAAAAAAAA","GGCTGGGTGCAGTGGCTCACACCTGTAATCCCAGCACTTTGGGAGGCCAAGGTGGGAGGATCACTTGAGCTCAGGAATTCGAGACCAGCCTGGGCAACATAATGAGACTGCATCTCTGTAAAAAAAAAAAAAAAA"
"GL873521","3642815","3642983","chr6","117522072","117522244","43","113879257","AAAAAAACTAGCCAGGCATTGTGGCGAGTGCCTGTAGTCCCAGCTACTCGGGAGGCGGAGGCAAGAGGAGTGCTTAATCCCAAGAGTTTGAGGTTGCTGTAAGCTATGACACTCATTCTACTCAGGGTAACAAAGTGAGACTCTGTCTCAAAAGGAAAAAAGAAAGAGA","TAAAAAAATTAGCCAGATGTGGTGGCATGTGCCTGTAGTTCCAGCTACTCGGGAGGCTGAGGCAGGAGGATTGCTTGAGCTCAGGAGTTCGAGGCTGCAGTGAGCTATAATTGTGCCACTGCACTCTAGCCTGGGTGACACAGTGAGACCTTGTCTTTAAAAAAAAAAAAAAA"
"GL873521","3668981","3669096","chr1","92774326","92774442","25","89105345","GGCTAGGCTCAGTGGCTCATGCCTATAATCCTAGCACTCTGGGAGGCTGAGACAGGTGGAGTGCCTACGTTCAGAAGTTTGAGACCAACCTGGGGAAGAGTGAGACCCTTGTCTCT","GGCCAGGCGCAGTGGCTCACACCTGTAATTCTAGCACTCTGGGAGGCAGAGGCAGGCAGACTGCTTGAGCTCAGGAGTTCGAGACTACCCTGGGCCACACAGTGAGACTTTGTCTCT"
"GL873521","3669118","3669287","chr19","44556029","44556196","40","40886911","GCCTAGCCATGCATTATGGTGGGCACCTGTAATCCCAGCTACTTGAGTGGCTGAGACAGGAGGATTGCTTGGGCCCAGGTGTTTGAAATTGTCGTGAGCTATGACAACACTATAGCACTCAACCCAGGGCACAGAGTGAGACCCTGTCTCAAAAAAAATAATAAATAAAA","TTAGCTGGGCACGGTGGTGTGCACCTATACTCCCAGCTACTCTGGAGGCTGAGACAGGAGGATTGCTTGAGCCCAGGAGTTCAAGACTGCAGTGAGCTAGGATCGCACCATTGCACTCCAGCCTGGGCAACAGAGTGAGGCCCTGTCTCTAATAATAGTAAAAAAAAA"
"GL873521","3669631","3669737","chrX","25092369","25092466","29","21422738","GGTTAGGCATGGTGGCTTACACATGTAATCCCAGCACTTTCAGAGGCTGAAGTAGGAGGATCTCTCAAGAGACCATCAGAGGGAGACCCTGTCCTTATAAATAATTA","GGGTGTGGCGGCTCAAACCTGTAATCCCAGCACTCTGTGAGGCTGAGGCAGGAGGATCGCCTGGGCAATATAGTGAAACCCTGTCTGTATTAATAATA"
"GL873521","3670024","3670183","chr1","26355033","26355200","40","22685009","TTGGTTGGGTGTGGTAGCACTTGCCAATAGTCTTAGCTACTTGGGAGGCTGAGGCAGGAGGATCCCTTGAGCCCAGGAGTTCAAAGTTGTAGTGAGCTGTAGTAGGGCCACTATAGGGTAAAAGAGTAAAATCCTGTCTCAAAAAAAAAAAAAAAAAAAA","AACTAGCTGGGTGTGGCGGCGTGTGCCTGTAGTCCCAGCTACTTGGGAGGCTGAGGCAGGAGGATCACTTGAGCCCAGGAGTTCAAGGCTGCAGTGAGCTAAGATCATACCACTGCACTCCAGCCTGGGTAATAGAGTGAGATCCTGTCTCAAAAAAAAAAAAAAAAA"
"GL873521","3713060","3713213","chr16","52591348","52591478","53","48878288","ACTAAAATTGTAAAGCCTAAGCTGGGTGTCATGGTGCACACCTGGAGATCCAGCTCCTCGGAGGCAGAGACAGGAGGATCTCTTGAACCCCAAAATTTGAACACAGTGCGACAACATAATGAGACCCACCTCTTACAAAAAATTACAAAGACTA","GCTGAGTGTGGTGGTGTGTGCCTATAATTCCAGCTACTCAGGAGGCTGAGGCAGGAGGATCACTTGAGCCCAGGAGTTTGAGACCAGCCTGGGCAACACAGTGAGACCCCATCTCAAAAAATTAAACATTA"
"GL873521","3858021","3858181","chr15","40727742","40727900","45","36869721","GGAAAAATTAGCTCAGCATTGTGGTGGGTGCCAATAGTCCTAGTTACTGGGGGGGTGGAGGGTTGAGGCAGGAGCTTGAGCTCAGGAGTTTGAGGTTGCTGCGAGCAAGGCTCATGCCATGGCACACTAGCCTGGACAACAGAGTGAGAGTCTGTCTCAAA","TTTAAAAATTAGCCAGGCATGGTGGTGACCACCTGTAGTCCTAGCTATTCAGGAGGCTGAGGCAGAAAGATTGCCTGAGCTCAGGAGTTTGAGGTTACAGAGAACTCTGATCATGCCACTGCACTGCAGCCTGGGCAACAGAGTGAGACTCTGTCTCAA"
"GL873521","3858456","3858567","chr17","26390105","26390216","27","22531649","GGTTGGATGCAGTGACTCACGTTTATAATCCTAGCACTCTGGGGAGCAGAGGCAGGAGGATCCCTTGAGCTTAGGAGCAAGACCCCATCTCTACTAAAAAATGGAAAAATTA","GGCCGGATGCAGTGGCTCACGCCTGTAATCCCAGCACTTTGGGAGATGGAGGTGGGAGGATCGCTTGAGGCTAGGGGTTCGAGACCACATCTTTACAAAAAATTTAAAATTA"
"GL873521","3958462","3958555","chr3","156881552","156881648","15","152923090","GGCCAAGTGTGGTGGCTCACGCCTGTAATCCCAGCACTCTGGGAGGCTGAGGCAGAGAATCACTGGAGCGCAAGAGTTTGAGACTAGCTTGAGC","GGCCAGTTGTGGTGGCTCACACCTGTAATCCTAGCACTCTGGGAGGCTGAGGCTGGAGGATCACTTGAGCTCAGGAGTTTGAGACCAGCCTGGGCAA"
"GL873521","4004289","4004415","chr2A","53135817","53135938","36","49131528","GCCGGGCGCGGTGGCTGACACCTGTAACCGAGCACTTTGGGAGGCATCTGTAGGAGGATCGCTTGAGGCCAGGGATTGGAGACCTCCCGCCCTACAAATGATTTTAAAATAAACTGCTTATGCTGGG","GCCAGGTACAGTGGCTGACATCTGTAATCCCAGCACTTTGGGAGGCTGAAGTGGGAGGATCACTTGAGGCCTGGAGCTTGAGACCAGCCTTGTCAACATAGTGAGATTAAAAAATTAGCTGG"
"GL873521","4004664","4004811","chr5","141173286","141173416","45","137168622","CTGCTTATGCTGGAGGACCCTCACCCCACCCCACCCCCACACACACCTTGTGCTCCTGACTTGGAGACTGCAGTGAACTATGATCAGGCCGCTGCCCTCCAGCGTGAGCGACAGAGCATGACCCTGTCAAAAAAAAAAAAAAAAAAAA","CTACTTGGGAGGCTGACCCACGAGAATCACTTGAACCTGGGAGGTAGGCTGCAGTGAGCTAAGATCACACCACTGCACTCCAGCCTGGGCAACAGAGCAAGACTCTGTCTCAAAAAAAAAAAAAAAAAAAA"
"GL873521","4367979","4368038","chr4","148843957","148844014","16","144475978","GGGCCCGGATAATGGCTCTAATCCCAGCTACTTGGGAGGCTGGGGCAGAAGGATCGCTTG","GCAATGGTACATGCCTATAATCCCAGCCCTTTGGGAGGCTGAGGCAGGAGGATCACTT"
"GL873521","4416492","4416644","chr15","38442496","38442652","39","34026004","GACAAAAATTAGATGGGCGTGGGGCTGTAGTTCCAACTACTCTGGAGGCTGAGGCAGGAGGGTTGCTTCAGCCCAGGAGTTTGCGGTTGTAGTGAGCTATAATGATTCCACTGCACTATAGCATGGTGACAGAGTAAGACTGTATCTCAAAAA","TTAGCCAGATATGGTGGTGCATGCCTGTAGTCCCAGTTACTTGGGAGGCTGAGGCGGGAGGATTGCTTGAGCCCAGGAGTTTGAGGCTGTGGTGAGCTATGATTGTGCCACTGCACTCCAGCATGGGTAACAGAGCAAGACCCTATCTCTTTAAAAA"
"GL873521","4416915","4417046","chr12","122239412","122239544","30","117822497","GCCTGGTACAGTGGCTCACAGCTGTAATTCTACCACTCTGGCAGACTGAGGCAGGAGTATAGCTTGAGGTCAGGAGTTAGAGAGCAGCCTGAGCAAAAGTGAGACCCTCTATTAAAAATAGAAGAATTAGGG","GGCTGAGCACGGTGGCTCATACCTGTAATCCTAGCACTTTGGGAGGCTGAGGCGGGAGGATTGCTTGAGGCCAGGAGTTTGAGACCAGCCTGGGCAACATAGTGAGACCCCATCTCTAAAAAAAAAAAAATTA"
"GL873521","4508052","4508216","chr1","180937305","180937458","45","176429253","CGCCAAAATAGCCACGTATGGTTGTGTGCACCTATAGTCCCAGCTATTTCAGAGGCGGAGACCATAAGACCACTTGCACCCAGGAATTTGAGGATACAGCAAGCTGTGATCATGCCACTGCACTCCACTCCAAGCCACAGACTGAGGCCTTGTCTCTTAAAAAAA","GCAAGCCAGGTGTGGTGGCATTTGCCTATAGTCCCAGCTATGTCAAAGGCTGAGACAAAAGTATCACTTGAACCCAAGAGTTAGAGGTTACAGTGAGCTATGATCGCACCACTGCACTCCAGCCTAGGCAACAGAATGAGACCCTGTCTCTAAA"
"GL873521","4508241","4508340","chr4","142826785","142826889","25","138318544","CCAGGTGCCATGGCTTATGCCTGTAATCCCAGGGCTCAGCTTGAGGCAGATGATCACTTGAAGCCAGGAGTTCGAGACCAGCCTGGGTAACACAGTGAGA","GGCCAGGTGTGGTGGCTCATGCCTTTAATACCAGGGCTTTGGGAGGCTGAGGCAGGACGATCACTTGAGGCCAGGTGTTTAAGACCAGCCTGGGCAACATAGGGA"
"GL873521","4585645","4585775","chr1","22024766","22024901","32","17439121","GCTGGGCAAGGTGGCTCACGCCTGTAATCCGAGCACTCGGGGAGTCCAATAGGGGTGGATTGCCTGAGCTCAAGTTCAAGACCAACCCAAGCAAGAGTAAGACCCCATCTCTACTAAAAATAGAAAAAACA","GCCAGGTGAGGTAGCTCACGCCTGTAATCCCAGCACTTTGGGAGGCCAAGGTGGGTGGATCAACTGAGGTCAGGAGTTCAAGACCAGCCTGGCCAATATGGTAAAACCCCATCTCTACAAAAAATACAAAAATTAT"
"GL873521","4586039","4586216","chr5","162553581","162553768","45","157967542","TAATAGAAAAACTAGCCACTGGTAGGCACCCATAGTCCCAGCTACTTGGGAGACTTAGGCAAGAGAATCACTTAGCCCAAGAGTTTGAGGTTGCTGTGAGCTATGATGCCATAGCACTCTACCCACAGTGCCAGAGTGAGATTCTGTCTCAAAACAAAAAAAGAAAGAAAGAAAGAAA","AATTTAAAAATAGCCAAGTATAGTGGCATGCCTCTGTATTCCTAGCTACTTAGGAGACTGAGGCAGGAGGATCACTTGAGCCCAAGTGTGTGAGGCTGCAGTGAGCCATGATCCAGCCACTGCACTCGAGCCTGGAAGACAGAGTGAGATACTGTCTCAAAAAAAAGAAAGAAACGAAAAGAAAGAAA"
"GL873521","4615177","4615298","chr12","11845861","11845982","46","7230684","AAATATAATGAGTAGCTGGGTGTGGAGGCACGTACTTCTACACCCAGCTACATAGAAACTGTGTAGCAGGCAGGAAGATAGTTTAATTAATATAGTGAGAACCCCATTTCAAAAAGAAAGAA","AATACAAGGAAGCCAGGTGTGGTGGCATGCACCTACAGCCCGAGCTACTCGGGAAGCTTTGAACTGGAGACAAGCCTGGGCAACATAGTGAAACCCCATCTCCCTCTAAAAACAAGGAAAGA"
"GL873521","4639212","4639298","chr17","29760224","29760310","16","25121012","GGCCTGGCACAGTGGCTCATACCTATAATCCTAGCACTCTGGGAGGTGAGGTGGGGAGGATCCTTTGAGCTTAAGAGTTTGAGATCA","GGCCATGGGCAGTTGCTCACACCTATAATCCCAGCACTTTGGGAGACTGAGGTGGGAGGATCGCTTGAGCACAGGAGTTTGAGACCA"
"GL873521","4757227","4757326","chr1","32811419","32811520","26","28054192","TAAAATAAATAAATCAGCTGGCAGTGTGGTAGGCAACTGTAGCCCCAGCTACCCAGGGCTGTGGCAGGAAGGTGACTTGAGCCCAGTAGTTTGAGGTTGC","ATTAAATTAAATGGAGCCGGGCGTGGTGGTATGCACCTGTTGTCCCAGCTACTCAGGAGGCCAAGGCAGGAGGATCACTTGAGCCCAGGAGTTTGAGGATGC"
"GL873521","4757600","4757715","chrX","124471265","124471386","33","119713665","GGCTGAGCAGTGTGGCTCACGCCTGTAATCCTAGTGCTTTGGGAGGCTGAGGTGGAGTGAATTCCAGACCTGCCTGAACAAGAGAGTTTTTGTCTCTACTAAAAATATAAAAATCA","GGCTGGACACCGTGACTCACGCCTGTAATCCCAGCACTTTAGGAGGCTGAGGCAGGAGGATTGCTCAAGACTAGCCTGGCCAACATGGTGAAACCCCGTCTCCACTAAAAATACAAAAATTA"
"GL873521","4833908","4834183","chr20","5619662","5619943","68","785754","GGCCAGTGCAGTGGCTCATGCTGTAATCCCAGCCCTCTGGGAGGCTGAGGCAGGCGGATCCCCTGAGCTCAGTGGTTGGAGACCAGCCTGAGCAAAAGTGCAACCCCGGCTCTACTAAAAATAGAAAAAACATTAGCTGGGCTGGGTGGCAGCTGCCTATAGTTACAGCTAATAGGAAGGCTGAGACAGGAGGATGGTTTGAGCTCAGGAGGTTGGGGTTAAGATATGGTGACACCACTGCATGCTACCTGGGGCACAGAGCAAGACTCTTGTCTC","GGCCAGGTGCAGGGGCTGACACCTGTAGTCCCAGCACTTTGGGAGGCTGAGGCAGGAAGATCACTTAAGCCCAGGAGTTCGAGACCAGCCTGCGCAACATGGTGAAAACCCGACTCTACAAAAAATACAAAAACTAGCCAGGCATGGTGGTGCCTGCCTGTAGTCCTAGCTACTCAGAAGGCTGAGATGGGAGGATTGCTTGAGCCCAGGAGGTTGAGGTTGCAGTGAGCTGAGATGACACCGCTGCATTCCAGCTTGGGTGCCAGAGCAAGACCCTCTCTC"
"GL873521","4857882","4858053","chr13","48157593","48157767","59","43299711","GACCAACCAGAGTAAGAATAAGACCCCTGTCTCTACAAAAAAATGCCAAAATTAGCCAGGCATAGTGGCATGCACCTATAGTCCCAGCTACTATAGTTTTGAGGTTGCTGTGAGCTATGACGATGACATTGCACTCTACCCCAGGCAACACAGCAAGGCTCTGTCTCCAAAA","CCAGCCTGGACAACATAGGGAGACCCTGTCTCTACAAAAAAATTTTCAGAAAATTAGCTGGGCACCATGGCGCATTCCTATAGTCCCAGCTACTCAGGAGGCTGCAGTGAGCCATGATTGTGCCACTGTGCTCCAGCACGGGTGACAGAGCAAGACCCTGTCTCTTAAAAAAAAA"
"GL873521","4858329","4858418","chr2B","246546136","246546224","17","241687807","CAGGAGCAGGGGCTCACACCTATAATCCTAGCACTCTAGAAGGCCAAGGCTGGAGGATTACTTGAGGCCAGAAGTTCATGACCAGCCAGT","CCAGGTGCTGTGGCTCATGCCTGTAATCCCAGCACTTTGAGAGGCCTAGGCAGGAGGATTACTTGAGGCCAGAAGCTCAAGACCAGCCT"
"GL873521","4904065","4904344","chr20","3250028","3250308","77","1654037","GGCCAGGCATGGCGGCTCAGCCTATAATCTGGGAGGCCAAGGCTCAAGGAGTTTGAGACCTGCCTGAGCAAGAGCAAGACCCTGTCTCTACTAAAAATAGAAAAAACAGCCAGGTGTTGTGGCAGGCACCTGTAGGCCCAGCTACTTGAGAAACTGAGGCAGGAGGACTGCATGAGCTCAGGAGTTTGAAGTTGCTGTGAGCTAAGAAGCCACAGCATTCTAGTCTGTAGCAACAGAGTGAAACTGTCTCAAAAACAGAACAAAACAAAACAAAACAAAA","GGCCAGGTGCAGTGGCTCACACCTATAATCCTAGCACTTCAAGGCCAAGTTCGAGACCAGCCTGGGCAACATGGCAAAACCCTGTCTCTACAAAAAAAAAATAAAAATTAGCCAGGCATGGTGGCGCTCACCTGTAGCCCCAGCTTCTTGTGGGGCTGAGGCAGGAGGATTGTTTGAGCCTGGGAGACAGAGGTTGCAGTGAACCTATATCATGCCACTGCACTCCAGCCTGGGTGACAGAGTGAAACCCTGTCAAAAAAAAAAAAAAAAAAGAAAGAAAA"
"GL873521","5548943","5549231","chr4","172002891","172003185","72","166453948","GACTGGGCACAATGGCTCACGCCTATAATCCTAGCACTCTGGAAGGCCAAGGTGGGTGGATTACTTGAGCTCACAGGTTTGGGACCATCCTGAGCAAGAGTAAAACCTCATCTCTAAAAATAGCCCGGCATTGTGGTGGGTACCTTGTAGTCCCAGCTAGTTGGGAGGCTGAGGCAAGAGAATCTCTTGAGCCTAAGACTTTGAGGTTGCTGTAAGCTGTGATGCCATGGTACTCTACCGAGGGTGACATAGTAAGACTCTATCTCCAAAAAAAAGAAAGGAAAAAGAA","GGCCAGGCACAGTGGCTCATGCCTATAATCCCAGCAATTTGGGAGGCCAAGGTGGGAGGATCACTTGAGCCCAGGAGTTGGAGACCAGCCTGGGCAACATGGCAAAACTCCATCTCTACAAAAAATAGAAGCCAGGTGTGGTGGTGTGCATCTGTAGTCCCAGCTACTTGGGAGGCTGAGGTGGGAGAATCGCCTGAGCCTGGGAGGTGGAGGTTGCAGTGAGCCAAGATCATGCCACTGCACTCTAGCCTGGGTGTCAGAGTGACAACTTGTCTCAAAAAAAAAAAAAAAAGAA"
"GL873521","5616768","5616899","chr1","134480867","134480991","29","128864099","GTGGCTCTCTCCTGTAATCCCAGCACTTTGGGAGGCCAGGGGAGAGGATTGCTTAAGGCCAGGTATTTGAAACCAGCCTGGGCAACACAGAGAGATATGCCCATCTCTACCAAAAGAAAAAAATTGCTAGGA","GTGGCTCATGCCTGTAATCCCAGCACTTTGGGAGGCCAAGGAGTGAGGATTGCTTAAGTCCAGGAGTTCAAGAACAGCCTGGGAAACATAGTAAGATCCTGTCTCTACAAAAAATAAAAAATTGT"
"GL873521","5617203","5617331","chr3","201848039","201848154","42","196230836","TTAAAAGTTTGCTGGGCTTGCTGAAGTGTGCCTGTAGTCCCAGCTACTCAAGAGACTAAAGTGGGGGGGATCAACAGAGCCCAAGAGTTTTAGCCTGTTCTGAATCACTGGACCACTGCATTCCTGTCT","ATTAGCTGGGCGTGGTGGCGGCTGCCTGTAGTCCCAGCTACTCAGGAGGCTGAGGTGGGAGGATCACCTGAGCCCGGGAGGTCGAGGCTGCAGTGAGCAGTGATGACGGCACTGCA"
"GL873521","5813449","5813645","chr8","55925895","55926096","51","50112446","TCTATAAATATATAGAAATTGCCAGGCACTGTGGCTAATGCCTGTCATCCGAGCACTTTGGGAGGCTGAGGCAGGAGGATCATTTGAGCCCAGAAGTTGGAGGCTTCTATGACTGGGGTGCTGCACTACAGTGGAGGCTGGGTGAAAGAGCAAGATTCTGTCTCTAAAAAACATACAAAACAAACAAACAAACAAAA","TCTCTACAAAAAAATAAAAAACTAGCCGGGCATGGTGGCACATGCCTGTAGTCCCAGCTACTTGGGAGGCTGAGGCAAGAGGATCACTTTACCCCAGGAGGTCGGGGCTGCAGTGAGCTGTGTTCATACCACTGCACTACAGCCTGGGTGACAGAGCAAGACTCTGTCTCAACAAAACAAAACAAAACAAAACAAAACAAAA"
"GL873521","5816723","5816839","chr7","150519989","150520108","29","144703266","GGCTTACACCTGTAATCCTAGCACTTTGGGAGAGTGGGAGTATGGCTCGAACCCAAGAGTTGGGAGACCAGCATGGGAAAGAATGAGACCCTGTCTCTACAAAAATAGAAAAATTAG","TGGCTCACATCTGTAATCCCAGCACTTTGGGAGGCCAAGGTGGGAGGATTGCTTGATCCCAGGAGTTGGAGACCAGCCTGGGCAACATAGTGAGACCCTGTCTCAACAAAAATTTATTTT"
"GL873521","6392280","6392393","chr13","98865790","98865887","34","92473510","GGCATGGTGATACATGCCAGCGACTTAGGAGGAGGACCCCTTGAGCAAGTGAGCAGTGATTGTGCCACTGCACCTCCAGCCTGAGCAACAAAGTGAGACTCTGACTCTTAAAAA","CAGGGGGACCACCTGAGCCTGGGAGGTTGCAGCTGCAGAGCCGTGATTGTGCCACTGCATTCCAGCCTGGGCAACAGAGTGAGCTCCTGTCTCAAAAA"
"GL873521","6821886","6822161","chr13","35542940","35543211","71","28721054","GGCCTGGTGCAGTAGCTCAGAGCTGTAAGCCTAGCACTCTGGGAGGCAGAGGTAGGTAGATCACTTGAGACCAGGAGTTCAAGAAGACCAGACTAAGTAAGAGTGAGACCCTCACCTATGCTAAAAATAGAAAATATTAGCTGGGCATACAGTGTATGTCTGTAGTCCAGGCTACTTAGGAAGCTGAGGTAGGAGGATCACTTAAGCCCAGGAGTTTGAGGTTGCTGTGAGCTAGGCTGAGGCCATGGTACTTCAGCCTCGGCAACAGAGTGAGAC","GGCCAGATGTGGTGGCTCACACCTGTAATCCTAACACTTTGGGAGACCGAGGTGGGTGGATCACTTGAGGTCAGGAGTTCAAGACCAGCCTGGCCAACATGGTGAAACCCCATCTCTACTAAAAATACAAAAATTTGCTGGGCATGATGGTGGGCGCCAGTAGTTCCAGCTACTCAGGAGGCTGAGGCAGGAGAATCGCTTGAACCCAGGAATCAGAGGTTGCAGTGAGCCAAGATCACGCCATTGCACTGAAGCCTGGGCGACAAGAGCAA"
"GL873521","6822427","6822459","chr1","26448863","26448892","8","19626436","TCAGAGTGAGACTTTATCTCAAAGAAAAAAAAA","TGAGTAAGACCCTGTTTCAAAGAAAAAAAA"
"GL873521","6828199","6828251","chr12","8954703","8954756","17","2126504","GGGAGAGGTAGCTCAGGCCTGTAATTCTAACACTCTGGGAGGGAGGATCCCTT","GGTCAGGTATGGTGGCTCATGCCTGTAATTCTAGTACTTTGGGAGGCTGAGGTC"
"GL873521","6828640","6828791","chr2A","70191250","70191406","45","63362610","CCTTGAGCTCACAAGTTTGAGACCAGCCTGAGCAAGAGCGTGACTATCTCTACTAAAAATAGAAAACTCTGCTAGGTGTTGTGGCAGGTGCCTATAGTTCCAGCTACCTAGGAGGCTGAGGCAAGAGGATCACTTAAGCCCAGCAGTTTGAG","TCACTTGAGCCCAGGAGTTCGAGACCAGCCTGGGCAACATAGTGAGACTCAGTCACTACAAAAATAAACTTGCTGGGTGTGGTGGTGTGCACCTGTAGTTCTAGCTACTCAGGAGGCTGAGGTGGGAGGATCCCTTGAGCCTCGGAGGTGGAGGTTG"
"GL873521","6837142","6837367","chr12","104694083","104694305","59","97856941","GACTGGGTGCTATAGCTCACACCTGTAACCCTAGCACTCTCAGAGGCCAAGGTGGGTGGATTCGCTGAGCTCAGGAGTTCAAGACCAGCCTGAGCAAAATAAGACCCCATCTCTACTAAAAATAGAAAAAGAAAAACCAGCCAGGTGTGGTGCCAGGAGCCTGTAGTTCCAGCTACTCAGAGGCTAAAGTAAGAGGATTATTTGAGCAGTAAGAGTTTGTGGTTTC","GACTGAGTACGGTGGCTCACACCTGTAATCCTAGCATTTTGGGAGGTCAAAGTGGGAGGATGACTTGAGCCCAGGGGTTCAAGACCAGCCTGGGCAACAAAGTGAGACCCTGTCTCCATAAAAATTACAAAAATTAACCAGGCATGGTAGCATGTGCCTGTAGTCCCAGCTACTCGGGAAGCTGAGGCCAGAGGATTGCTTGAGCTTAAGAGGTTGAGGCTGC"
"GL873521","6837616","6837695","chr14","61332116","61332199","24","54494500","GTTTGTGGTTGCTGTGAGCTATGACATCACAGCACTCAACCCCAGGGTGACTACATACAACTCTGTCTCAGAAAAAAAAA","GGTTGAGGCTGCAGTGAGCTGTAATTGTACCACTGCACTCCAACCCAGGTGACACAGTAAGACCCTATCTCAAACAAAACAAAA"
"GL873521","7000001","7000131","chr1","35753661","35753787","41","28753660","ACAGTAATACATACTTGTAGTTCCAGCTTCTAGGCTGAGGCCAGAAGATGGCTTGAGCCCAGGACTTTGAGGTTGCAGTGAGAGATGATGATACCTCTGTACTCTAGCCCAGGTAACAGAGACTCTGTTTC","TTAGCCAGGCATACTAGCTCATGCCTGGAGGCTGAAGCAAGAGGACAGCTTGAGCCCAGGAGTTTGAGGCTGCAGGCAGCTATGATCGCACCATCGCACTCCAGCCTGGGTGACAAGACCCCATCTC"
"GL873521","7000386","7000547","chr6","44662547","44662705","42","37662161","GGGTGTGGTGGCTCTTACCTGTAATCCTAGCACTTTGGGAGGCTGGGGCAGGCAGGAAGATTGTTTGAGGCCAGGAGTTCCAGACCAGGCTTGTCAATATAGTGAGACCCCGTCCCTATAAAAAATAGAAAAATTATCTGGGCCTGGTAATGCATACTTTGG","GGCACAGTGGCTCATGCCTATAATCTCAGCACTTTGGGAGGCCAAGGTGAGAGGATCACTTGAGCCCAGGAGCTACAGACCAGCCTGGGCAACATAGAGAAAACCCATCTCTACAAAAAATACAAAAATTATCTGGGCGTGGTGATGCATGCCTGTTGT"
"GL873521","7034228","7034543","chr6","83628974","83629284","80","76594746","GGCCAGATGCAGTGGCTGACACCTGCAATTCTATAACTTTAGGAAGGTGAGAGAATTGCTTGAGGCCAGGAGTTCCAGACCAGCCTGAACAATATAGTGAGACCCCATTGCTACAAAAATTAGAAAAATTCACTGGGTGTAATGGCCAATGCCTGTATTCCCAGATAATCCAGAGGCTGATGCTGGAAGATTACTTGAGCCCAAGAATTTGAGGTGACAGTGAGCTATGATGACACCAATGCACTCTAGCTTGGGCAATAGAGTGTGACCCTATTTCCAAAAAAAGAAAGAAAGAAAGAAAGAAAAGAAAAGAAAA","GGCAGGGCATGGTGGCTCATACCTGTAATCCCAGCACTTTGGGAGTCCAAAGTGGGTGGATCGCTTGAGTCCAGGAGTTCAAGACCAGCATGGGCAATATGGTGAAACCCTATCTCTACAAAAAAATACAAAAATTAGCTGGGCATGGTGGCATGCACTTGTATCCCAGCTACTCCAGAGGCTGAGGTGGGAGGATTGCTTGAGCCCAGGAGGTTGAGGCTGCAGTGAGCCATGATCACACCACTGCACTGTAGCCTGGGCAGTAGAGCGAGACACTGTCTAAAAAAAAAAAAAAAGAAAAGAAAAGAAAA"
"GL873521","7070010","7070206","chr5","79804250","79804453","53","72734240","GGCCAGGCAAGATGGCTCATGCCTGTAATCCTAGCATTCTGGGTGGCTGAGACAGGCATATTCCCTGAACTCATGAGTTGGAGACAAGTCTGAGCCAGAGTTAGACCTCATCTCTAAAAATAGCCTGGCATTGTGGCATACACCTGTAGTCTCAGCTACTTGGGAGGCTGAGGTGAAAGAATTGCTTAAGCCCAAGA","CAGGCACTGTGGATCACACCTGTAATCCCAGCACTTTTGGAGGCTGAGGCGGGCAGATTGCTTGAGCTCAGGAGTTTGAGACCATCTTGGGCAACCTGGTAGAACCACATCTCTACAAAAAATTAGCCGGGCATCGTGGCACACGCCTGTAGTCGCAGCTATTTGGGGGGCCTCCTGAGGTGAGAGGATTGCTTGAGTCCAGGA"
"GL873521","7070300","7070404","chr10","27497894","27497990","34","20427594","GTAAGCCCAAGATTTTGAGGTTGCTGTGAGCTATAATGCCATAGCACGCTAACTGAAGCAAAGTAACTATGACAAAGTAAGACTCGGTCTCAAGAAAGAGAAAAA","CACTTGAGCCCAGGAGGTTGAGGCTGCAGTGAGCTATCATGCCACCACACTCCAGCCTGAATTACATGGCAAGACCCTGTCTCAAGAAAAAAAAAAA"
"GL873521","7099137","7099314","chr16","419989","420167","56","6679148","GGCTGGGTGCCGCGGCTCACACCTATAATCCTAGCACTCTGAGAGGCCAAGGCAGGTGGATTGCTTGAGCTCAGGCACTTGAGGCCCTCAAATAGAAAAACTAGCCCAGCCTTGTGGTGGGCCCCTGTAGTCCAGCTACTTAGGAGGCTGAGGCATGAGGATCGATTGAGCCCAAGTA","CTGGGCACCGTGGGTCATGCCTGTAATCCCAGCACTTTGGGAGGCTGAGGCAGGAGGATCACTTAAGCCCAGGTGTTCAAAAAACAAACAAAAAAACATTAGCCAGGTGTGGTGGTGCACACCTGTAGTCCCGGCTACTCAGGAGACTGAGGTGGGAGGAGCTCTTAAGACCGAGAGGT"
"GL873521","7099591","7099694","chr5","181790038","181790151","31","174690447","TGAGGCCAAGTATTTGAAGTTGCTGTGAGCTATGATGTGGCGCTCTACCAAGGTTGATAAAGTGAGACTCTGTCTCAAAAACAAACAAACAAACAAAAAAGCAA","TTGCTTGAGCCCAGGAGGTGGAGGTTTCAGTGAGCCAAGATCGTGCCACTGCACTCCAGCCTGGGTGACAAAGTGAGACCCTGTCTCAAAAACAAACTAACAAACAAAAAACAA"
"GL873521","7182117","7182284","chr17","14741482","14741644","46","7559365","AATTAGCCAGGCATCATAGCACATGCCTATAGTCCCAACTATTCAGGAGCCTCAGGGCCAGGAGGATCCCTTGAATATAGGAGTTTGGGGTTACTGTGAGCTATAATGATACCACCCACTGCACTTTAGTCTGGGTGACAGTGAGACCCCGGCTCAGGGGGAAAAAAA","AATTAGCCAGGCATGGTGGCACATGCCTATAGTTCCAGCACTTTGGGAGGCTAAGGCAGGAGGATTGCTTGAGCCCAGGAGTTTGAAGTTACAGTAAGCTATGATCATGCCATTGCACTCTAGCCTGGGCAACAGAGTGAGACCTTGTCTCTAAAAAAAAAAA"
"GL873521","7182549","7182656","chr11","75656969","75657073","28","68474420","AACCCCAGCACTTTGGGAGGCCAAAGCAGGAGGATCATTTGAGGCCTAGGAGTTGGAAAGCAGGCAGAACAAGAGTGAGACTATCTTCATAAAAATACAGAAAAATTA","CCAGCACTTTGGGAGGCCAAGGCAAAAGGATCACTTGAGCCCAGGAGTTTGAACCAACCTAAGCAACAGAGTGAGACCCTGTGTCTACAAAATATTAAAAAATTA"
"GL873521","7224398","7224414","chr1","153358526","153358539","3","146134128","AAAAAAGAAAGTAAAAA","AAAAAAAAAAAAAA"
"GL873521","7224442","7224704","chr16","23925003","23925279","73","16700561","GTGTGATGGCTCATGCCCATAATCCTAGTACTTTGGGAAGCTTAGGCAGGAAGATTGCTGGAGGTCAGGAGTTCAAGACCCACCTGAGCAAGAATGAGACCCCCGTATCTACAAAAAATAGAAACATTAGCTGGGTGTGTTGGTGTATGTCTGCAGTACCAACTACTAGAGAGTTTGAGGCAGGAGGATCGTGTAAGCCCAGGAATTTGAGGTTGCAGTGAGCCACCACTGCACTCTACCCTGGGAGGCAGATCAAGACTGTG","GGCTGAGCGCGGTAGCTCATGCCTATAATCCCAGCACTTTGGGAGGCTGAGGCAGGTGGATTACTTGAGCTCAGGAGTTCGAGACCAACCTGGGCAACACGGTGAAACCCCTTCTCTACAAAAAACACAAGAATTAGCAGGGCATGGTGGTGTGCACCCGAAGTCCCAGCTACTCAAGAGGCTGAGGTGGGAGGATGGCATAAGCCCAGGAAGTGGAGGTTGCAGTGAGCCAAGATCATGCCACTGCACTCCAGCCTGGGTGACAGCAAGACTGTCT"
"GL873521","7244822","7245115","chr16","74165797","74166100","72","66920975","GGCCGGGCTCAGTGGCTCTATAATCCTGGCACTCTGGGAGGTCAAGGTGGGTGGATTGCTTGAGCGCAGGAGTTTGAGACCAGCCTGAGCAAGAGTGAAACCCCGTCTCTAAAAATAGCCAGGTGCTGTGGTGAGCCCCTATAGTCCCAGCTACTCAGGAGGCTGAGGCCAGAGAATCGCTTAAGCCCAGAAGTTGGAGGTTGCTGTGAGCCGTGATACCATAATTCTTTAACAAGGGTGACAGAGTGAGACTCTGTCTCAAAAAAACAAACATACAAACAAAAAAAAAAAAAA","GGCTGGGCACAGTGGCTCATGCTTATAATTCCAGCACTTTGGGAGGCCAAGGTGGGTGGATCACTTGAGCCCAGGAGTTCGAGACCAGCCTGGGCAACATGGTGAAACTCTGTCTCTACAAAAAATTAGCTGGGTGTGGTGGCTCGTGCCTGCAGTCCCAGCTACTCAGGAGGCTGAGGTGAGAGGATCAATGGAGCCCAGGAGGTGGAAGTTGCAGTGAGCCAGATCACACCACTGTACTCTCCAGCCTGGGTGACAGAGCAAGACCCTGTCTCAAAAACAAACAAACAAACAAACAAACAAA"
"GL873521","7391188","7391475","chr8","106723939","106724236","70","99332751","GGCATGGTGGCTCACACCTATAATCCTAGCACTCTGGGAGGACAAGGTGGGAGGATCCCTTGCACTCAGAAGTTCAAGACCAGCCTGAGAGAGAATAGGACCCCATCTCTACTAAAAATAGAAAAATTACCTGGGCATTGTGGTTGGTGCCTGTAGTCCCAGCTTCTTGGGAGGGTGAGGCAGGGGCATCACGTGAGCCCAGGAATTTGAGGTTACAGTTAGCTGTTTTGTCACAGCCATCTACCCAGGGCAACAGAGTGAGACTCTATCTCAAAAAGAAAAAAAGAG","GGTGCTGTGGCTCAAGCCTATAGTCCCAGCACTTTGGGAGGACAAGGTGGGAGGATCACTTGAGCCCAGCAGTTCAAGACCAGCCTGAGCAACATGATAAGACCCCATCTCTACAAAAAATTAGAAAAATTAGCCAGGCATGGTGATGTATGCCTGTGGTCCTAGCTACTTGGGAGGCTGAGGCAGGAGGATCCCTTGAGCCCAGGAGGTCAAGGTTGCAGTGAGCCATGGTTGTACCACTGTACCCCAGCCTGGGTTACACAGTGAGATCCTATCTCAAAAAAAAAAAAAAAAAAAA"
"GL873521","7391570","7391585","chr17","38661961","38661976","2","31270391","GAAAAAAAAAAGAGAA","GAAAAGAAAAAAGAAA"
"GL873521","7411261","7411442","chr4","57296207","57296386","41","49884946","AGAAAGAAAGAAAAAAAATTAGTCAAGAATGGTGGCATGCACCTATATTCCCAGCTACTCAAGAGACTGAAGCAGGAGGATTACTTGAGCTCAGGAGTTGGGGGCTGCAGTAAGCTTTGACTATACTAATGCACTCCAGCCTGGGTGACAGAGCGAGACCCTGTTTCAAAAAAGAAAAAAAA","AAAAAAGAAAAATTAGCCAGGCATGGTGGCATGTGCCTGCAGTCCCAGCTACTCAGGAGACTGAGGTGGGAGGATTGCTTGAGCCAGGGAGATTGGGGCTGCAGTGAGCTGTGATATCATGCCACTGTACTCCAGCCTAGGCCGCAGAGTGAGACCCTGTCTCAAAACAAAAACAAAAAA"
"GL873521","7411723","7411845","chr16","11721596","11721721","28","4309873","GGCTGGGTGCAGTGATCCTAGCCTTTTGGGAGGCTGAGGCAGGAGGACTGATTGAGGCCATGAATTTGAGACCAGCCTGAGCAAGAGTGAGACCTTGTCTCTGCAAAAAATAGGAAAATTAGT","GGCTGGATGCGGTGGCTCATGCCTTTTGGGGAGGCTAAGGCAGGAGGATTGCTGGAGCCCAGGAATTAAAGACCAGCCTGGGCAACATAGTGAGACCTCGTCTCTACAAAATTAAAAATTAAGTTT"
"GL873521","7473204","7473396","chrX","14950093","14950281","51","7476889","CAAAAAAAAAACCTTAGCCAGGTATGGCAGCACAGATTTGTCATCCCAACTACTCAAGAAGCTAAGGTGAGAAGATCACCTGAGCACAGGAGTCTGAGGTTATAGTGAGCTGTGACTGGGCCATTCACTACATTCCAGCCTATGCTATAGAGTAAGACCCTGTCAAAAGAAAAAAAAAGAGAGAGAGAGAAAA","TCAATAAATAAAAATTAGCCAGGCATGGTAGCACATGCCTGTCGTCCCAGTTACTCAGGAGGCTGAGGTGGGAGGCTCACCTGAGCCCAGGCATTGAAGGCTGCAGTGAGCTATGATCACAACACTGCATTCCAGCCTGGGTGACAGAGCAAGACCCTGCCTCAAAATAAAATAAAGAAAGAAAGAAAA"
"GL873521","7473423","7473542","chr14","57739259","57739375","24","50265836","CTGGGCACAGTGTTCATGCCTGTAATTTGAGCACTTTGGGAGGCCAAGGCTAGAGGATCACTTGAGGCCAGGAGTTTGAAACCAGCCTCAGTAACACAGAGAACCCTCATCTCTATTTAA","CTGGGTACATTGGCTCAAGCCAGTAATCCCAGCACTTTGGGAGGCCAAAGCAGGAGGATCACTTGAGGCCAGGAGTTTGAGACCAGCCTGGGTAACATGAGACCCTGTTTCTACAAA"
"GL873521","7573100","7573248","chr5","35112160","35112317","42","27539060","AGCCAGATGTGGTCTATAGTCCACAGCTACTTAGAGGCTGAGGCAAAGGGATCACTTGAGCCCGAGAGTTCAGGGCTGTGGTGCACAATGATCATGTCTGTGAATAGCCACTGCACTTCAGCCTAGGCAACATAGCAAGACCCTATCTC","AGCCTGGTGTAGTGGCACATGCCTATAGTGTCAGCTACTGGAGAGGTTGAGGCAGCAGGATTGCTTGAGTCCAGCAGTTCAAGGCTGTAGTGCACGATGATGGTGCCTGTGAATAGATACTGTGCTTTAGCATGGGCAACACAGCAAGACTCTGTCTG"
"GL873521","7601934","7602029","chr5","155700261","155700353","20","148098327","GGCTGAGCCCAGAGGCTCATGCCTGTAATTCTAGCACTCTGGGAGGCTGAGGCAGGTGGAGTGCTTGAGCTCAGGAGTTAAAAAAATCCAGTTTGA","GGCCGGGCACAGTGGCTCATGCCTATAATCCCAGCACTTTGGGAAGCTGAGGCAGGAGGATTGCTTAAGCCCAGGAGTTCAAGACCAGTCTTG"
"GL873521","7602314","7602531","chr2A","29137649","29137868","57","21535335","GACCAGTGTGAGCAAGGGCAAGACTCTGTCTCTACTAAAAATAGAGAAACTAGCTGAGCATTGTGGTGGGTGCCTAAAGTCTCAGCTGCTCAGGAGGATAAGGCAGGAAGATCTCCTGAGCCCAGGAGTTTGAGGTTGATGTGAGCTATGATGATATCGCATTCTAACCAGGTAACAGAGTGAGGCTTTGTCTCAAAAAAAAAAAAAAAAAAGAAAAA","CAGCCTGGTCAACATAGGGAAACTCTGTCTCTACAAAAAGTTAAAAAATTAGCTGAGCATGGTGGCACATGCCTGTAGTCTCAGCTACTCAGGAGGCTGAGGCAGGAGGGTCACTTGAGCCTGGGAGGCTGAGGCTGCAGTGAGCTGTGATCATGCTATTGCACTCCAGCCTGGGAGACAGAGTGAGATCCTGTCTCCAAAAATAAAAAATAAAAATAAA"
"GL873521","7608283","7608358","chr9","32411376","32411450","22","24803093","AGGCTGAGGAGGAAAGATTACTTGAGCCCCAAAATCTAGCCTTGGTGACATAGTGAAACTCTGTCTAAAAAAAATA","AGGTGGGAAGAGTACTTGAGGCCAGGAATTCAAATCTAGCCTGGGCAACATAGTGAAACCCTGCCTTAAAAAAAA"
"GL873521","7633232","7633420","chr7","4237351","4237553","52","3395881","GTGGTGGCTCATGCCTGTAATCGTAACACTCTGGGAGGCTGAGGTGGGTAGATTGCTTCAGCTTAGGAGTTCGGGACCAACCAAAGCAAGAATGAGACCCCCTCTCTACTAAAAACAGAAAGACTAGCCAGGCATTGTAGCAGGTCCTGTAGTCGCTACTCAGGAGGCTGAAGCAGGAGGATCACTTAA","GGTCAGGCATGGTGGCTCATGCCTGTAATCCCAGCACTTTGGGAGGCCGAGGTGGGCAGATTGCTTGAACTCAGGAGTTGAAGACTAGCCTGGGCAACACGGCAAAACCCCATCTCTACTAAAACTACAAAAACTAACTGGGCATGGTGGCACGCGCCTGTAGTCCCAGCTACTGGGGAGGCTGAGGTAGGAGGATCACTTGA"
"GL873521","7636438","7636492","chr5","38545852","38545906","11","30909414","ATTCAAGCCTGGGTGACAGAGTGAGACACTATCTAAGAACAATAAATAAATAAAA","ATTCCAGCCTGAGTGACAGAGTGAAACCCTGTCTCAAAACAAAAACAAAAACAAA"
"GL873521","7696982","7697091","chr9","129918441","129918551","24","122221459","TAATCCTAGCACTCTGGGAGGCCAAGGTAAGTGGATTGCTTGAGCTCAGGAGTTCAAGAGCAGCCTGAGCAAGAACAAGACCCCAACTCTATTAAAAATAGAAAAAAGCA","TAATTCCAGCACTTTGGGAGACTGAGGCAGGAGGATTGCTTGAGCTCAGGAGTTCGAGACCAGCCTGGGCAACATATTGAGTCCTCATCTCTATTAAAAATTAAAAAAATA"
"GL873521","7697336","7697489","chr7","132712253","132712405","44","125014917","GTAGAAAAAAGGCCAGCTGGGCATAGTGGTACATGCTTGTAGTCCCAGCTACTTGGAGACTAAGGTAAGAGGACTGCTTAAGTCCAAGAGCTTAAGGTTGCTGTGAGCTATGACACCACAGGGTGATAAGAGTGAGACTGTCTCCAAAAAAAAA","GAATTAAATAAAAATTAGCAGGGCATGGTGGCATGTGCCTGTAGTGCCAGCTACTTGGGAGGCTGACGCCAGAGGATTACTTGAGCCCAGGAGTTGGAGGTTACAGTGATCATGCCACTGCATGACAGAGTGAGACCCTGTCTCAAAAAAAAA"
"GL873521","7750582","7750651","chr7","149337669","149337736","11","141587087","GCTGGGTAAGAGTGGCTCATACCTATAATCCCAGCACTTTTGGGAGGCTGAAACAGGAGGATCACTTGAG","GCTGGGCACAGTGGCTCACACCTGTAATCCCAGCACTTTGGGATGCTGAGGCAGGAGGATCATTGGAG"
"GL873521","7784733","7784858","chr3","160952502","160952627","25","153167769","GGCCGGGCATTGATGGCTTCTACCTGTAATCCCAGCACTTTTGGAGGCTGAGGTGGGAGGTTTCATTGAGATCAGGAGTTTGAGACCAACTTGGGCAACAGTGAGACCCTGCCTTAAAAAAAAAAA","GGCCAGGCATGGTGGCTCACACCTGTAATCCCAGCACTTTGGGAAGCTAAGGTGGGAGGATCGCTTGAGCACAGAAATTTGAGACCAGCTTGGGCAACATAGAGATCCTGTCTCTATTAAAAAAAA"
"GL873521","7784884","7785052","chr16","1604263","1604439","38","6180621","AATTAGGCAGGCATGGTGGCACTTGTCCCAGCTACTTGGAAGGCTGAAGGAGGAGGATCACTTGAGCCCAGGAGTTAGAGGTTGCTGTGAGCTTTGATGCCACTGTACTCTAACCTGGGCAACAGAGTGAGATGTGCCTCAAAAACAAACAAACAAACAAAACCAAAAA","AATTAGCCAGGCATGGTGATTGGCACCTGTGGTCCCAGCTACTTGGGAGGCTGAGGCAGGAGGATGAATTGACCCCAGGAGTTTGAGGCTGCAGTGAGCTATGATGGCACCACTGCACTCTAGCCTGGGCGACAGGATGAGATCTGTAAAAAAATAAATAAAAATGAAAATAAAAAA"
"GL873521","7870707","7870997","chrX","70230306","70230599","61","62359599","GCTGGGCACAGCAGCTCACACCTGAAATCCCAGTACCCTGGAAGGGTGAGGATGGAGGATCACTTGTGGTCAGGAGTTCAAAAACAGCCTAAGCAAGAGTGAATCGCCATCTCTATTAAAAATAGAGAAATTAGCCAGGTGTGGTGGCATTTGCCTGTAGTCCCAGCCACTTGGGAGGCTGAGGCAGGAGGATCATTAGAACCCAGAAGGTGGAGGTTGCAATGAGCAGTAATGACACCACTGCACTCCAGCCTGGGTGACAGAGCAAGTCTCTGTTTCAAAAAAAAAAAA","GGCCAGGTACAGTGGCTCACACCTGTAATCCCAGCACACTGGGAGGCAGAGGCGGGCAGATCATTTGAGCTCAGGAGTTCAAGAGCAGCCTGGGCAACATGGTGAAATCCCATCTCTACAAAAAATAGAAAAATTAGCCGAGTGTGGTGGCACTCCTCTGTAGTCCCAGCTACTTGGAAGACTGAGATGGGAGGATCATTTGAGCCCAGGAGGCGGAGGTTGCAGTGAGCTGAGATTGCACCACTGCCCTCCAGCCTGGGCAACAGAGCAGGACCCTATCTCAAAAAAAAAAAA"
"GL873521","8041789","8041920","chr12","80555695","80555826","29","72513906","GTGGTGGCTCATGCGGATTATCCCAGTACTTTGGGGAGGTTGAGGCAGGAGGATTGCTTGAGCCCAGGAATTTGAGACCAGCCTGAGCAACATAGTAAGACTCTATACAAAAAAATAGAAAAATTAGCCTGG","GTGGCTCATGCCTGTAATCCCAACACTTTGGGAGGCTGAAGCAGAAGGATTGCTTGAACCAGGAGTTTGAGACCAGCCTGGGCAACATAGTGAGACTATCTCCACAAAAATAAATAAAAAATTAGCTGGGCA"
"GL873521","8042182","8042375","chr4","7236991","7237179","49","805191","GGTAAAAAAGAAAAAGAAAAATTAGCCAGGAGCACTAGCTTACGGCTTGTAGTCCTAGCTACTCAGGAGGCTGAGGTAGGGGAATTGCTGGAGTCCAGGAGTTTGAAGCCACAGAGAGCAAAGACCACACCACTGTACTCCAGCCTAGGCAATAGAACAAGACCCTGTCTCTGAAAAAAATAAATAAAAATAAA","TAAAAAAAATACTTAAAATTAGCCAGGCGTGGTGGCACACACCTGTGGCCCCAGCTACTCAGGAGGCTGTTGTAGGAGGATCCCTTGAATCCAGGAGGTCAAGGCTGCAGTAAGCCAAGATCACGCCACTGCATTCCAGCCTAGGCAACAGAGCAAGATCCTGTCTCTTAAAAAAAAAAAAAAAAAGAA"
"GL873521","8067082","8067383","chr20","31024244","31024552","81","22957162","GGCCAGGTGTAGAGGCTCACACTTATAAGCCCAGCACCCTGAGAGGCCGAAGTGGGTGAACTGCTTGAGCTCAGGAGTTCAAGAGTAGCCTGAGCAATAGTGAGAGCCGATTTCTACTAAAAACAGAAAACCTAGCCAGGCACTGTGGTGGCGTCTATAGTCCCAGGTACTCGGGAGGCTGAGGCAGGAGGATTGCTCAATCCTAAACTTTGAGGTTGCTGTGGGCAATAATGCCATATCTCTACCCAGGGGAAAAGAATGAGACTCTGTCTAAATAAATAAATAAATAAAATAAAAACAAA","GGCCAGGCACAGTGGCTCACACCTGTAATCCCAGCACTTTGGGAGGCCGAGGTGGTGGACTGCTTGAGCTCAGGAGTTCAAGACCAGTCTGGGCAACATGGCAAAACCTTGTCCCTACAAATAATACAAAAATTAGCCAGGTGCGGTGGCATGTGCCTGTAGTCCCAGCCACTTGGGAGGCTGAAGTGGGAGGATTGCTTGATCCTGGGAGGTAGAGGCTGCAGTGAGCCATAATTGTGCCACTGCACTCCAGCCTGGGCAACAGAGTGAGACCCTATCTCAAAAATAAATAAATAAATATAAAGAAAA"
"GL873521","8204885","8205108","chr10","14099107","14099324","63","5894222","CGAATTCGAAACCAGCCTGAATAAGAGTGAGATCCGTCTCTAATGAAAAGAGAAAAACTAGCAGGTTTTGTGGTGGGTGCCTTTAGTCTCAAGCTACTTGGGAGCCTGAGGCAGGAGGATCACTTAAGCCCAGGAGTTTGAGGTTGCTGTGAGCTATGATAACATTAGGGCATTCTAGCCTGGGAAACCGAGTGAGACTCTGTCTTAGAGAAATAAAAAATAAA","AGACCAGCCTGGGCAACATGACAAGATCCCGTCTCTACAAAAAATACAAAAATTAGCAGCGTGTGGTGGGGTGTGCCTGTAGTCCCAGTTACTTAGGAGGCTGAGGCAGGAAGATCACTTGAGCCCAGGACGGGGAGGTTACAGTGAGCCGTGATCACACCACCACACTCCAGCCTGGGTGACAGAGTGAAACTCTGTCTCTATAACAAACAAACAAA"
"GL873521","8205374","8205463","chr18","31130683","31130770","22","22925309","GCCGGACATGGTGGCTCATGTCCCTCCTGTAACCCTAGCACTCTGGGAGGCTTTGGCCTAAGGATTTGAGCTCAAGAGTTTAAGACCAGG","GGCCAGGCATGGTGGCTCACACCTGTAATCCTAGCACTTTGGGAGGCTAAGACCAGAGGATAATTAAGCTCAGGAGTTCAAGACCAGC"
"GL873521","8530940","8531225","chr4","131255414","131255698","71","122724474","GTCAGGTGTGATGGCTCGTCCTGTAATCCCAACACTCTGGGAGGCTGAGGCTGGTGGTTTGCTTGAGCTCAGGAGTTCTGAGACCATCCTGAGGTAAGAGTGAGACCCCATCTCTACTAAAATTAGAAAAAAAATTACCCAGGTGTAGCGGTGATGCCTGTAGTCCTAGCTACTTGGGAGGCTGAGGCAAGAGGATTGCTCAAGCCTGAGAATTTGAGGTTGCTGTGAGCTATGACTCCATCGCACTCAACCCCAGGGTGACTGAGTGTGATTGTCTGAAAAAGAA","GGCAGGACACGGTGGCTCACACCTGTAATCCCAACACTTTGGGAGGCTGAGGCAGGTGGATCACTTGAGCTCAGGAGTTGAGACCAGCCTGGGCAACATGGTGAAACCCCATCTCTACTAAAAATACAAAAATTAGCCAGGCATGGTTGTGGATGTCTGTGGTCCCAACTACTTGGGGGGCTGAGGCAGCAGGATTGCTTAAGCCTGGTAATTTGAGGCTGCAGTGAGCCATGTTCTTGCCAGTGCTCCAGCCTGGGTGACAAAGCAAGACCCTGTCTCAAAAAA"
"GL873521","9138426","9138710","chr17","16672309","16672598","64","7533883","GGTGGCTCATGTCTGTAATCCGAGCACTCTGGGAGGCTAAAGTGGAAGGATCACTTGAGCTCAGGAGTTTGAGACTAGCCTGAGCAAAAGTGAGAACAATGTCTCTATTAAAAATAGAAAATTAGCCAGGTGTTATGATAGGTGCCTGTAGTCCCAGCTATTCAGGAAGGCCAGGAAGGAGGATCCCTTGAGCTGGGGAGTTTGAGGTTGCTGTGAGCTGTGATGACACCATGGCACTCTACCCATGATGACAGAGTAAGACTGTCTCTAAAGGGAGAAAAAAAA","GTGGCTCACACCTGTAATCTCAGCACTTTGGGAGGCTGAGGCGGGAGGATCACTTGAGCCCAGGAGTTTGAGACCAGCCTGAGCAACATAGTAGGCTCCTGTCTCTACAAAAAAATACAAAAATTAGCTGGTACTGGTGGCATGTGCCTGTAGTCCCAGCTACTCAGGAGGCTAAGGCAGGAGAATCGCTTGAGCCCAGGAGGTTGAGGCTGCTATGAGCTGTGATGGCACCACTGCACTCCAGCCTGGGTGACAGAGTGAGACCTGGTCTCAAAAAGAAAAAAAAAAAA"
"GL873521","9337001","9337128","chr7","153795408","153795531","29","144458407","CTGGGCTCAGTGGCTCATGCTTGCAAGCCCAGCACTCTGGGAGGCCAAGGCAGGTGGATTGCTCGAGTTCAGGAATTTCAGACCAGTCTAAGAAAGAGTGAGAGCCCATCTGTACTAAAAATAGAAAC","CTGGGCACAGTGGCTCACGCCTGTAATCCTAGCACTTTGGGAGTCCAAGGCAGGAGGATGCTTGAGTCCAGGAGTTCAAGACCAGCCTGAGCAATATAGTGAGACCCCCATCTCTACAAAAAAA"
"GL873521","9337149","9337320","chrX","5183862","5184037","43","4153287","TAAAATACTAGCTGGGCATTGCGATGGGTGCCTGTAATTCCAGCTACTCAGGAGGCTGAAGCAAAAGGATCACTTGGGCCCAAGAGTTTGCGGTTGCTGTGAGCTGTGATTACACCACAGCACTCTCCCCAGGCAGAGAGAGACTCTGTCTTTAAAAACAAACAAACAAAAA","ATAAAAATATTAGCTGGGCATGCTGGTACATGCCTGTAGTCCCAGCTACTCAGGAGGCTGAGGCCTGAGGATCACTTGAGCCCAGGAGTTCCAGGTTGCAGTGAGCCGTGATTGCACCATTGCACTCCAGCCTGGGCCACAGGGCTAGACCCTGCTCAAAAGAAAACAAAAAAGAA"
"GL873521","9671716","9671832","chr6","38551166","38551279","31","28879450","GGCTAGGCAGGGAGGCTCAAAACTAAAATTTTAGCACTCTGAGAGCCCAAGGTGGGAGAATTGCTTGACCTCGGGTGTTTGAGACCAGTCTGAGCAAGAGTAACATCACATCTCTAC","GGCTAGGCGTAGGGGCTCAAACCTGTAATTCCAGCACTTTGGGAGGTCAAGGTGGGAGGATTACCTGAGGCCAGGAGTTTGAGACCAGCCTGAGCAACAGTGAGACTTTGTCTC"
"GL873521","9671895","9672063","chrX","24568892","24569057","39","14896997","TAATTAGCCAGGCATAGAGGTGGTATACACCTGTAGTCCCAGCTACTCTGGAGGCTAAGTCAGAAGGACTGGTTGAACCCAGGAGTCTGAGGTTGCTGTGACTAGGCTGATGCCACAGAACTCTAGCCTGATCAACAGAGTGAGACTCTGCCTCAAAATAAAAAAGGAA","AAATTAGCTAGGCATGGTGGCATGCAACTATAGTCCCAACTACTCAGGAGGCTGAGGCCGGAGGATGGTTTGAGCCCAGGAGGTGGAGGTTGCAGTGAGCCAAGATCACACCACTGCACTCCAGCCTGGGCAACAGAGTGAGACCCTGTCTCAAAAAAAAAAAAAA"
"GL873521","9699009","9699116","chr16","57943722","57943822","32","48244713","TCTGAGACACTCGGGAGGCTGAGCCTAGGAGTTTGAGGTGACAGTAAGCTAAGTTGATGTCACTGCATTCCATCCTAGGCAACAAAGCAAGATCTTATCTCTAAAAGA","GGAGGATTGCATGAGCCCAGGAGGTTGAGGCTGCAGTGAGCCAAGATCGTGCCACTGCACGTCAGCCTGGGCAACAAAGCAAGACTCTATCTCAAAAAAAA"
"GL873521","9699330","9699522","chr6","3030697","3030873","65","6668633","GGCTGCATGTGGTGGCTCGTGACTGTAATTTCACCACTTCAAAAGGCTGAGGCAGAGGAGTCACCTGGGGCCCAGAAAGTCACCCTTAAAGTCCAGCCTGAGTAACACAGTGAGACCCAAGATCCCAACTCCACAAAAGAAAAAAGAAGGGAAAGGAAAGAAAAGAAGAGTGGTGTGTGGTGACCTCCTAGAC","GGCCAGGCATGGTGGCTCTCCCCTGTAATCCCAGCACTTTGGGAGGCCAAGGCAGAAGGATCGCTTGAGCCCAGGAGTTTTAAGACCAGCCTGAGCAACACAGAGAGACCAGATCCCACTTCCACAAAAAAAAAAAAAAAATATTTGCCAGGCGTGATGGTGCATGCCTGTAGTCCC"
"GL873521","9879625","9879892","chr2A","20521665","20521953","79","10642040","GGGTGGGCACTGTGGCTCAGGCCTCCTAGCACTCTGGGAGGCCGAGCTGGGTGGATGACTTGAGCTCATGAGTTTGAGACCAGACTGAGCAAGAGCAAGCCCCATTTTTAAAAATAGCCAAGTGTCATGGTGGGCATCTATAGTCCCAGCCAGTTGGCAGGCTGAGGAAGAAGGCTTACTTGAGCTCAAGAGGTAGCTGTGAGCTGTGATGCCATGGCACTCTACCCAGGACAACAAAGTAAGACTGTCTCCAAAAAAAAGAAAAAAA","GGCTGGGCACAGTGGCTCACGCCTGTAATCCCAGCACTGTGGGGAGGTCAAGTTGGGTGGATTGCTTGAGCCCAGGAGTTTGAGACCAGCCTAAGCAATAGGCAAAACCCTGTCTCTACAAAAATCAGCCAGGTATGGTAGTGCGTACCTGTAGTCCCAGCTACTCAGGAGGCTGAGGTGGGAGGATCACTTGAGCCTGGGAGGTGAAGGCTGAAATTAGCCATGATCATGCCACTGCACCCCAAGCCTGGGCAACAGAGCAAGACCTTGTCTCAAAAAAAAAAAAAAA"
"GL873521","10097455","10097754","chr11","114714719","114715027","67","104617264","GGCCTGGGTGTGGTGGCTCACACCTTAATCCTAGCACTCTGGGACGATGAGGCAGGTTTGCTTGACCTCAGGAGTTTGAGAGCAGCCTGAACAAGAGTGAAACTCTGTCTCTACTAAAAACAGAAAAACTAGCCTAGTGTAGTGGTGCACCCCTGTAGTCCCAGCTGCTCAGGAGGCTGAGGCAAGAGGATCACTTGAGCCCAAGAGATTGAGGTTACTGTGAGCTGTGAGGCTGTGTTACTCTACCCAGGGCAAGAGAGTGAAGCCATCTCAAAAAAAAAAAAAAAAAAAAAAAAAAAA","GGCCAGGTGTGGTGGCTCACACCTGTAATCCCAGCACTTTGGGAGGCTGAGACAGGTGGATTGCTTGAGCCTAGGAGTTCGAGACCAGCCTGGCAACATGGCGAAACCTTGTCTCTACAAAAAATACAAAAATTAGCCAAGTGTGGTGGTGCACACCTGTGGTCCAAGCTACTCGAGAGACTGAGGTGGGAGGATTGCTTGAGCCCAGGAGGTTGAGGCTGGGGTGAGTTGAGATCATGCCACTGCATTCCAGCCTGGGCAACAGAGGAAGACCCTGTCTCAAAAAAAAAAAAAAAAAAAAAAAAAAAA"
"GL873521","10225742","10225927","chr15","49930173","49930354","59","39704431","TGGCTTACACCTGTAATCCTAGCACTTTGGGAGGCCACAGCAGATGGCTGCTTGAGCTCAGGAGTTCAAGCCTAGCCTAAGCAAGCCAGAACCATTGCCACTAAAAACAAAAAAAATAGCTGGAGTTGTGGGCACCTGTAGTTAGTTCCAGCTACTTAGGAGGCTGAGGAAAAAGGATGGCTTGAT","GCCTGTAATCCCAGCACTTTGCGAGGCCGAGGCCAGGCAGATCACTTGAGCCCAGCAGTTCAAGACCAGCCTGGGCAACATGGCAAAACTCCTTCTCAACAAAATACATAAAAATTAGCTGGGTGTGGTGGCATGTACTTTCAGTCCCAGCTACTCAGGAGGCTGAAGCAGGAGGATCATTT"
"GL873521","10226192","10226278","chr4","154285033","154285123","27","144058841","GAGGATGGCTTGAGCCCAAGAGTTTGAGGTTGCTATGAACTATGATGTCATGGCACTCTATCCCTGGCCACAGAATCAGACTCTGTC","GGAGGATCACTTGAGCCCAGGTGGTTGAGGCTGCAGTGAGCTGTGTTTATACCACCACACTCCAGCCTGGGCCGCAGAGTGAGACTTTGTC"
"GL873521","10399308","10399475","chr9","96945917","96946089","50","86546609","GGCCAGGTATGGTAGCTCACACCTGTAATCCTTGTACTCTGGGAGGCTTAGGAGCAAAGATCACCTAAGTGTAGGCATCTGAGACCAGTTTGAGCAAGTGAAACCCCATATTTACTAAAATTAGAAAAATTAGCTAAATGTTGTGGCAGGAACCTATCGTCCTAGCTA","GCCGGGTACAGTGGCTCACACCTGTAATCCCAGTACTTTGGAAGGCCAAGGCCAGAGGATTACTTAAGGCCAAGAGTTTGAGACCAGTCTGGGCAACATGGTGAAACCCCATCTGTACAAAAAATACAAAAATTAGCTGGGCATGAGGGCATTTGCCTGTGGTCCTAGCTACT"
"GL873521","10449464","10449583","chrX","134402652","134402771","17","123953188","GGCCAGAGGTGGTAGTTCATGCCTATAATCCCAGCAATTTGGGAGGCTGAGGGGGGAGGATAGCTTGAGGCCAGGAGTTTGACCCCTGCCTAGGCAACATAGTGAGACCCTATCTCTACT","GGCCAGATGTAGTGGCTCATGCCTGTAATCCCAGCACTTTGGGAGGCTGAGGTGGGAGGATCACTTGAGCCCAGGAGTTTGAGACCAGCCTGGGCAACATAGCAAGACCCTGTCTCTACT"
"GL873521","10449618","10449745","chr1","23164480","23164594","46","12714862","CCAACCATAATCGAGCACCTACAGTTCTAGCTACTCCGCAATCTCAGGCAGGGGAAGATTGCTTGAGTCTAGGAGTTCAGGGTAAGCTACTGCCCTTCAGCCTGGGAAACAGAGGAAGACCTTGTCTC","GGCCAGGCACAGTGGTGCCTACCTACAATCCCAGCACTTTGGAAGGCTGAGGCAGGAGGATCGTTTGAGGCCAGGAGTTCAAGATCAGCCTGGGTAACATATCAAGACCTGTCTC"
"GL873521","10796827","10797050","chr7","39187608","39187844","67","28390781","ACTCTGGGAGGCCAAGACAGGTGGATTGCTTAAGCTCAGGAGTTGGAGACCAGCCTAAGCAAGAGTGAGACCTCGTCTCTAAAAATATCTGGGCATTGGTTGGGCACCTGTAGTCCCAGCTACTCAGGAGGCTGAGGCAATAGGATTGCTTGAGCCTAAGGATTCCTGTGAGCTATGATCCCACAGCACTTTACCAAAGGTGACAAAGTGAGACTCTATCTCAA","CACTTTGGGAAGCCAAGGCAGGAGGATTGCTTGAGTGAAGGAGTTCAAGACCAACCTGGGCAAGATTGGGAGAAAAAAATTAAAAATTAGCTGGGCATGGTGGTGCATGCCTGTAGTCTCAGCCACTGGGAAGGCTGAGGCAGGAGGATCGCTTGAGCCTGAGAGATTGAGGCTGCAGTGAGCCTTGATTGTGCCACTGCACTCCAGCTTGGGCAACAGAGTGAGACCCTGTCTCAA"
"GL873521","10797081","10797110","chr4","40399247","40399277","7","29602166","CTGGGTGCAGTGGCTCATAGTTGTAATCCT","GGCTGGGTGCAGTGGCTCACATCTATAATCC"
"GL873521","11204849","11204966","chr7","73480490","73480609","28","62275641","GGCCAGGCATAGTGGCCTCCAAAAATCTTAGGACTTTGGGAGGTAGAGGTAGGAGAACTACTTGAGCCAAGGAATTCAATACTAGCCTGACCACAATAATGAGACCCTACCTCTACCA","GGCCAGGCACAGTGGCTCATGCCTATAATCTCAGTGCTTTGGGAAACTGAGGCAGGAGGATCACTTGAGCCCAGGAGTTCAAGACCAGCCTGGACAGCATAATGAGACTCCACCTCTACA"
"GL873521","11205003","11205140","chrX","7019379","7019524","37","4185624","TAGCCAGGCATGGTGGCACATACCCAAGTCCCAGTTACAGAAGAAGCTGAGGGAAGGGTATCAGGCCCAGAAGTTCAAGGTTGCCATGAGAGATGATCACACCACTGCAGTTCAGCCTGGGCAGCAGAGAGACCCTAT","TAGCCAGGCATGGTGGCACATGCCTGTAGTCCCAGCTACTCAGAAGGCTGAGGTCGGAGGATCTCTTGAGCCCTGGGGTGCAAGGCTGCAGTGAACCATGATCACACCAGTGCACTGCAGCCTGGGCAACACAGCAAAACCCTGTC"
"GL873521","11332611","11332889","chr9","110082691","110082973","78","98750080","GACGGGGAGCCATGGCTTGAGACTGTAATCCTAGTACTCTAGGAGGCCAAGGTGAGTGGATTACTTAAGCTCAGGAGTTAAAGTCCAGGCTGAGCAAGAGTGAGACCCTGTCTCTCCCCCAGATAGGAAAACTAGCCGGACATTGTAGTAGGCACCTGTAGTCCCAGCTTCTGAGGAGGCTGAGGCAAGAGGATTGCCTGAGCCCAACAGTTTGAGGTTGCTGTGAGCTAAAATGCCATGGAACTCTACCCATGGTGATGGAGTAGGATTCTGTCTCAA","GACTGGGCATGGTGGCTCCCAAAGTGTAATCCCAGCACTTTGGGAGGCCAAGGTAGGTGGATTGCTTGAGCCCAGGAGTTTGAGACCAGCCTGGGCAACATGGTAAAACCCTGTCTCTACAAAGAATACAAAAATTAGCTGGGCATGGTTGCATGCACTTGTGGTCCCAGCTACTCAGGAGGCTGAGGTGGGAGGGTCACTTGAGCCCAGGAGATTGAGGCTGCAGTGAGCTGAGATCGTGCCACTGCACTCTAACCTGGGTAATGGAGTGAGACCCTGTCTC"
"GL873521","11332916","11332939","chr22","30701628","30701648","4","19368712","ATAAAACTAAAAAGTAAGAAAAAA","AAAAACTAAAAAGAAAAAGAA"
"GL873521","11407564","11407699","chr17","81073514","81073640","45","69665950","AAAAACTAATGGCTGGGCATAGTATGTGTAGGTAGACTAGGCTACTTAGGAGGTCAAGGCAGAAGAATCACTTGAGCTCATGAATTTGAGGCTAGCATGGGCAATGATACCTCAGGTCTCAATAAAATATAAAAAA","GCCAAGCACAATGGCTCATGCTGGTAATTCTAGTACTTTAGGAGGCCAAGGCAGTAGGATCACTTGAGGCCAGGAGTTTGAGACCAGCGTGGGCCACACAGAGACCCTCCCTGTATAAAAAAAAAAA"
"GL873521","11442747","11442764","chr1","62222108","62222122","3","50779361","CCCATAAAATAAAATAAA","ATAAAATAAAATAAA"
"GL873521","11442802","11443056","chr17","73117863","73118118","82","61675061","GGCTGGGCGTGGTGTTTCATGCATGTAATCCTAATACTTTCAGAGGCTGAGGTGGATGCACTGCCTGAGCTCAGGATTTTAAAGCCAGCCTGAGGAAGAGCAAGACCCCATCTCTAAAAAATAGCTGGGCATTGTGGTGGGTGCTTGTAGTCCCCATTGTGGTGGGTGCTTGTAGGTAGCTCACGAGTTTGAGGATGCTGTGAGCTATGATGCACCACACTTCTTTCTACCCAGGGAGACAAAGCAAGACTCTGT","GGCCGGGCGTGGTGACTCATGCCTGTAATCCCAGCACTTTGGGAGGCCGAGGCGGGTGGATCACCTGAGCTCAGGAGTTCAAGATCACCTTGGGCAATGTAGTGAGACCTCACCTCTACAAAAATGAGCCAGGCATGGTAGTGCATGCTTGTAGTCCTGACTGAGGCAGGAGGATGATGAGCCCAGGAGGCAGAGGCTACAGTGAGCCATGATCGCTCCATCGCACTCTAGCCTGGGTGATGTGACACCCTGTCTC"
"GL873521","11751009","11751243","chr8","26546785","26547018","61","14795776","CAAGACCAGCCTGAGCAAAGCTAAACCCTGTCTCTACTAAAAATAAAAGGATTAGCTAGGTATGGTGGCATATGCCTGTAGTCCCAACTGCTCAGGAGTCTCAGGCAAGAGGATTGCTTGAGCCCATGAGTTAGAGGTTGCTGTGAGCTTTGATGTCATGGCACTCTATCCAGGGCAACTGAGTGAGACTGTCTCAAAATAAATAAATAAATAAATAAGAAAGAAAGAAAGAAAA","CAAAATCAGCCTGGGTCACATGGTAAAACCCCATCTCTACAAAAAATACAAAAATTAGCCAGGTATGGTGGCTTACACCTGTACTTCCCAGCTACTTGGGGGGCTGAGGCGGGAGGATCGCTTGAGCCCAGGAGGTAGAGGTTGCAGTGAGCTGAGATCGCACCACTGCACTCCAGCCTGGGTGACGGAGTGAAACCCTGTCTTAAAAAAAAAAAAAAAAAAAAAAAAAAAGAA"
"GL873521","12019379","12019705","chr16","68023292","68023602","103","56003913","GCTCACACCGATAATCCTAGCTCTGGGAGGCTGAGGGGGCAGGATCTCTTGAGCTCAGGAGTTTGAGACCAGACAGAGCAAGAGTGAGACCTTGTCTGTACTAAAAATTAACCAGGTGTGGTGGAAGGTGCCATCGTCTCAGCTACTCTGGAGGCTGAGGCAGGAGGATCCCTTGAACCCAGGAGGTTGAGGTTGCTGTGAGCCAGGCTAATGCCAAGATCTGGGGCATCAGAGTAAAACTGAGGTTGCTGTGAGCCAGGCTGATTCTAGCCTGGGCAACAGAGTAAGACTCTGTCTCAAAAACAAACAAACAAAAAACAAAAAAAA","CGGTGGCTCACACCTGTAATCCCAGCACTTTGGGAGGCTGAGGTGGGAGGATCACTTGAGCTCAGAAGTTTGAGATCAGCCTGGGCAACATGGCAAAACCTATCTCTAGAAAAAATACAAAAACTAGCCAGAGTGGCACGTGCCTGTTGTCCTAGCTACCCAGGAGGCTGAGGTAGGAGGATCACTTGAACCTGGGGGCAGAGATTGCAGTGAGCCATGATTGTGCCACTGCACTCCAGTCTGGGCAACTCCAGCCTGGGCAACAGAATGAGACTCTGTCTCAAAAATAAAAAAGAAAAGAAAAGGAAAAA"
"GL873521","12059316","12059592","chr5","143468399","143468692","69","131409083","GGCTAGGTGCAGTGGCTCATGCCTGTAATCCCAGCACTCTGGGAGGCTCAGGCAGGTGGATTACTTGAGCTCAGGAGTTGGAGACTAGCCTGAGAAAGAGTGAAACCCATCTCTACTAAAAATAGAAAAACTAACCAGGTGTGTGGTGGTCCCCTATAGTCCCAAATACTGGGGAGACAAGAGAATTGTTTGAGCCCAAGAGACTGAGGTTAGCTGTGATGACTCCATAGCACTCTACCCAAAGTGACAGAGTGAGATTCTGTCTCAAAAAAGGAAA","GGCCAGGCACAGTGGCTCATGCCTGTAATTCTAGCACTTTGGGAGGTCAAGGCAGGCAGATCACTTGAGCTCAGGAGTTCGAGACCGGCCTGGGCAACAGGGTGAAACCCCATCTCTACAAAAAAATACAAAAACTAGCCAGGTGTGGTGAAGTGTGCCTGCAGTCCCAGCTACTCAGGAGGCTGAGGCAGGAGAATTGCTTGAGCCTGGAGGCTGAGGTTGCAGTAAGTCAAGATCATGCCATTGCACTCCAGCCTGGGTGACAGGAGTGAAACCCTGTCTCAAAACAAAGAA"
"GL873521","12087639","12087865","chr4","25649068","25649301","60","13561429","GGCTGGGCTAGGTATACCATGCCTGTAATCCTAGCATCCTTAGAGGCAGAAGCAGGATTCCTTTAGCTCAGGAGATTAAGACCAGCCTGAGCAAGGGTGACACCCCATTTCCATCAAAAATAGAAAAACTAGCTGGGCATAGTGGTGGGCATCTGTAGTCCTAGCTACTCGGGAGGCTGAGGCAAGAGGATCCTTGGAGCCCAGGAGTTTGGGGTTGCTATAAGCCG","GGCCGGGCATGGTAGCTCACGCCTGTAATACCAGCACTTTGGGAGGCTGAGGCGGGCTGATCACTTGAGTCCAGGAGATAGAGACCAGCCTGGGCAACATGGCAAAATCCCATCTCTATAAAAAAAACACAAAAATTAGCTGGGCATGGTGGTGTGCACCTATAGTCCCAGCTACTTGGGAGGCTGAGGCAGGAGAATCTCCTGAGCCCAGGAGGTGGAGGCTGCAGTGAGTCG"
"GL873521","12170072","12170342","chr3","111501569","111501837","73","99331497","GCCAGATGCAGTAGCTTACAGCTATAATCCCAGTACTTTGGAAGGTCAAGGCAAGAGGATTGGTTGAGACCAGGAGTTGAAGACCAGACTGGACAATGTAGTAAAACCCTATCCCTACAAAAAATAGAAAAAATTAGCTGGGTGTCATAGCTCTTGCTTATAGTCCCAGCTACCTGAGAGGCTGAGGGAAGAGGATCACTTGAACCCCTGAGATTGATACCATGGTACTCCACCTTGGGTGACAAAGTGAGACCCTTTCTCAAAAACAAAA","GGCTGGGTGTGATGGCTCACATCTATAATCCCAGCACTTTGGGAGGCCAAGGCAGGTGGACTGTCTGAGACCAGGAGTTTGAGACCAGCCTGGGCAACATGGTGAAACCCTGTCTTGACAAAAAAAATAAAAAATTAGCTGGGAGTGGTGGTGTGCACCTGTAGTCCCAGCTATGCGGGAGGCTGAGATGGGAGGATCGCTTGAGCCCGGCAGGCAGAGGTTCACTCCAGCCTGGGCGACAGAGTGAGACCCTGTCTTAAAAACGAAAA"
"GL873521","12688417","12688615","chr16","83498862","83499063","66","70810445","AAATCAGCCTGAGCAAAAGCAAGATCCAGTCTCTACAAAAAACTAGAAAAATTAGCCAGGCATGGTGATACACTCAGGAGAATGAAACAAGAGGATCACTTGAGCCCCGGGGTTTGATGTTGCACAGTGAGCTATGGCGATGCTGCTGCTCGGATAACAACGCGAGATGAGACCCCGTCTCAAAAACAAACAACAAAAA","ACTAGCCTGGGCAACACAGCAAAACCCCATCGCTACAAAAAATACAAATATTAGCCAGGTGTGATGGTGCATGCCTAGGGAGGCTGAGGTGGGAGGATCACTTGAGTCCAGGGAGGCTGAGGCTGCAGTGAGCTGAGATTATGCCACTGCACTCCAGCCTGAGTGACAGAGTGAGAACCTGTCTCAAGAAAATTAAAAAAAA"
"GL873521","12689719","12689822","chr7","26479088","26479188","21","13789369","GCTGAGTACAGTAGCTCACTTCTTTCATCTCAGCACTATGAGAGGCTGAGTCAGGAGGATCACTTGAGGCCAGGATTTTGAGACAAGCCTGGGGAACATAGTGA","GCTGGGTGCTGTGGCTCACATGTATAATCACAGCACTTTGGGAGGCTGAGGCAGGAGGATCACCTGAGGCCAGGATTTCAAGACCAGCCTGGGCGAAATGG"
"GL873521","12747705","12747831","chrX","118392849","118392966","30","105645144","GCCAAGCATGGTAGCACAAGCTTTGTAGGCCCAATTACTTGGGAGGCTAAGATGGGAGGATCACTTGAGCCCAGGAGTTTGAGGCCAGCCTGAGAAACACTCCAAGACCCTCTTTATTTAAAATATA","GCCAAGCATGGTGGCTCATGCCTGTAATCCCAGTACTTTGGGAGGCTGAGATGGGAGGATAGCTTGAGCCCAGGAGTTTGAGACCAGCCTGGTAACACAGTGAGACCTCATCTCTACA"
"GL873521","12758304","12758462","chr7","65488595","65488751","43","52730291","ACTTAGCTGAATATAGTAGCACAAGCCTGTATTTCCAGCTACTCAGGAGGCTGAGGCAGGAGGATCACTTGGGCTTACAAGTTGGAGGTTGTGGTAAGCTATGATGATGCCACTGCCCTCTGCCCCAGGCAAATGTGATGCCTTGTCTCAACAACAAAA","TTAACTGGGTATAATGACACATGCCTGTAGTCCCAGCTACTAGAAAGGCTGAGGTAGGAGGATTGCTTGAGCCTGAGAGGTTGAGGATGCAGTGAACCATGATCAGGCCACTGCACTCAGCCTAGGCAACACAGTGAGACCCTGTCTCAAGAAAAAA"
"GL873521","12758495","12758600","chr16","15961202","15961315","30","3202707","GTGGCTGGTGCATATAATCCTACCACTTTGGAAGGAGGAGGGAGAATCATTGAAACCAGGAGTTCAAGAACAGCCCAGGCAGGCTATAGTGAAATCTCATCTCTAC","GTGGCTGGGCATGCCTGTAATCCTAGCACTTTGAGAGGCTGCAGCGGAAGGATCGCTTGAGCCCAGGAGTTCAAGAACAGCCTAGGCAACATAGCAAGATCCCTGTCTCTACAA"
"GL873521","12822938","12822952","chr1","210017045","210017059","2","197194107","TAAAACAAAAGAAAA","TAATAAAAAAGAAAA"
"GL873521","12822989","12823283","chr7","75828649","75828941","71","63005660","GGCCAGGCAAGGTGGCTAACTGCTGTAATCTTAGCACTCTAGGAGGCTGAGGCAAGAGAATTCCTTGAGGTCAGGAGTCAGAGACCAGCCTGAGCAAAAATGACACTCCACCTCTATGAAAAATAGAAAACAAAAATTAGCCAGGTGTGATGGCCCATTTCTGTAGTCCCAGCTACTGGGGAGGCTGAGGCAGGAGGATAGCTTGAGCCCAGGAGCTTGAGGTTGCGGTAGCTAGGCAGATGGCTCAGCACTCTTTCTAGCCTGGGCAACAGAGCAACATTCTATCTCAAAAAAT","GGCTAGGCATGGTGGCTCATGCATGTAATCCCAGCACTTTGGGAGGCTGAGGCGGACGGATCACTTGAGGTCAGGAGTTCGAGACCAGCCTGGTCAACATGGTGAAACCCCATCTCTACTAAAAATATAAAAATTAGCCAGGTGTGGTGGCGCATGCCTGTAGTCCCAGCTACTTGGGAGACTGAGGTGGGAGGATCCCTTGAGCCTGGGAGGTTGAGGCTGCAGTGAGCTGTGATGGCACCACTGCACTCCAGCCTGGGCAATAGAGCAAGACCCTGTCTCATAGGAAAAAA"
"GL873521","13041237","13041319","chr5","49472177","49472254","12","36430940","GGCCAGTCATGGTGGCTCATGCCTATAATCCTAGCACTCTGGGAGGCTGAAGCAGGAGGATCACTTGAGCTCAGGAGTTTGAG","GGCCTGGCATGGTGGCTCATGCCTGTAATCCAGCATTTTGGGAGGCTGAGGCAGGAAGATCACTTGAGCTCAGGATTT"
"GL873521","13102109","13102207","chr16","30194624","30194720","25","17092515","TGAGCCCAGGAGTTTGAGGTTGTTGTGAGCTGAGCAGACCACACAGCATTCTAGCTTGGGCAACAGAGTGACATTGTGCTTCAAAAAAAGAAAAAAAAA","TGAGCCCAGGAGTTTGAGACTACAGTGAGCTATGATTACACCACTCCTCTCCAGCATGGGCAACAGAGTGAGACACTATCTCAAAAAAAAAAAAAAA"
"GL873521","13102475","13102686","chr2B","236887995","236888203","46","223785520","GGCCAAGTGTGGTGGCTCATGCTTGTAATCCTAGCACTCTGGGTGGCTGAGGCAGGGGGATCACTTGAGCTCAGGAGTTCAAGACCAGCTTGAGCAAGAGTGAGAACCCATTTCTACTCAAAATAGAAAAAAATTAGACAGGCACTGTGGTGAGTGCCTGTAGTATGAGCTACTTTGGAGGCTGAGATAGGAAGATCACTTGAGCCCAGGAG","GGCTAGGCGCAGTGGCTGAAGCCTGTAATCCTAGCACTTTGGGAGGCCGAGGTGGGCGATCACTTTGGCTCAGGAGTTCGAGACCAGCCTGGGCAATATGGCAAAACCCCATCTCTACACAAAATACAAAAATTACTCAGATGTGGTGGTGAGTGCCTGTAGTCCCAGCTACTTTGGACGCTGAGGTGGGAAGATCACCTGAGCCCAGG"
"GL873521","13327200","13327291","chr3","43397692","43397785","20","30070492","CTATCACTTTAGGAGGTGAGGTGGGAGGATCACTTGAGGCAAGGAGTTCAAGAGCAACCTAGGCAACATAGGAACCCCTCTGTCTCTCCAAA","CCCAGCACTTTGGGAGGCTGAGGTGGGCAGATCTCTCGAGCCCAGGAGTTCAAGACCAGCCTGGGCAACATGGTGAAACCCCGTCTCTACCAAA"
"GL873521","13327700","13327732","chr1","70851001","70851033","8","57523301","GCTGGATATGGAGTCTCACACCTGTAATTCTAT","GCTGGGCATGGTGGCTCATCCCTGTAATTCCCT"
"GL873521","13722076","13722356","chr17","55905881","55906166","74","42183805","GTCTGGCGTGGTGGCTCAAGCCTATAATCCTAGTACTCTGGGAGTCCAAAGTGGGTGGATTGCTTGAGCTCAGTAGTCTGAGACCAGCCTGAGTAAGACCCAGACATCGTATCTACTAAAAATAGAATAAACTACCTGGGCATTGTAGCGGGTGCCTACAGTCCCAGCTACGTGGGAGGTTGAGGCAAGAGGATCACCTGAACCTAGAGAATGAGGTTGCTGTGAGCTATGATGAGGTCAAGGCACTCTACCCAGAGTAACAGAGTGAAATTCTATCTCAA","GGTCAGGCATGGTGGCTCAGGCCTGTAATCCCAGCACTTTGGGAGGCCAAGGTGGGCAGATTGCTTGAGCCCAGGAGTTTGAGATCAGCTTGGGCAACATAGTGAAAACTCATCTCTACAAAAAATTAAAAAAATTAGCTGGGCATTGTGGCACGTAACTGCAGTCCCAGCTACTTGAGAGGCTGAGGTGAGAGGATCACCTGAGGCCGGGAAGTCGAGGCTGCAGTGAGCTGTGATTGGGCCACTGCACTCCATCCTGGGCGACAGAATAAGACCCTGTCTCAAA"
"GL873521","13722635","13722652","chr6","90847853","90847870","1","77125218","AAAAAAAAAAAAAAAAAA","CAAAAAAAAAAAAAAAAA"
"GL873521","13789517","13789832","chr12","121838917","121839229","75","108049400","GCTGGGTGTGGTGGCTCATATCTGTAATGATAGCACTCTGGGAGGTCAAAGCAGGGAGATTACTTGAGCTCAGGAGTTAGAGAGCATCCTGAGAAAGAGTGAGATCCCTATCTATACTAAAAACAGAAAAACTAGCCAGTTGTAGTGGCAGGCACCTGTAGTCCCAGCTACTTTGGGAGTCTGAGACAAGAGGATCTCATAAGCCCAAGAGTTTGAGGTTGCTGTGAGCTGCGATGCCACAGCACTCTACCTGGGGTGACAGAATGAGACTTTGTCTCAAAAAAATAAAAAATAAAATAAAATAAAATTTAAAAAA","GGCTGGGTGTGGTGGCTCATGCCTGTAATCCCAGCACTTTGGGAGGCCAAGTCAGGAGGATTATTTGAGCCTGGGAGTTTGAGACCAGCCTGTGCAACATGGTGAGACCTCATCTCTACAAAACATAAAAAATTAGCCAGGCATGGTGGCATGTGCCTGTAGTCCCAGCTACTTGGGAGGCTGAGGCAGGAGGATCAGTCGAGCCCAGAAGATTGAGGCTACAGTGAACTGTGTTCATGCCACTGCACTCCAGCCTGGGTGACAGAGTGAGACCTTGTCTCCAAAAAAATCAAATAAATAAAAAAATAAAAAA"
"GL873521","13902129","13902272","chr17","73619699","73619842","30","59717570","GGCCAGGCATAGTGGCTCGCACCTATAATCCAGTACTATGGGAGACCAAGGCTGGAGGATCAATTGAAGCCAAGAGTTAAAGACCAACCTGGGCAACATAGAAACACTTCACCTATATAAAAAAAAAAAAAAAGAAAGAAAAAA","GGCCAGGTATGGTGGCTCACACCTGTAATTTCAGCACTTTAGGAGGCTGAGGCAGGAAGATCACTTGAGGCCAGGAGTTCAAGACCAGCCTGGGCAACATGGCAAGGCTTCATTTCCACAAAAAAAAAAAAAAAAAAAAAAAAA"
"GL873521","13902315","13902339","chr7","66627085","66627108","7","52724770","AAAAATTAACCCAGCATGGTGGCGC","AAAAAATTAGCCAGGCATGGTGAC"
"GL873521","13902374","13902499","chr7","68063538","68063660","30","54161164","AGTCCCAGCTACCATAGAGGTTGAGCCAGGAGGATCACTGAAGCCCAGAGCCCAGAAGTTTGAGGTTGCAGTAAGCTATGATCATGCCACTGTACTCTAGTCTAGGTGACAGAAGGAGACCCTGTC","GTAGTCCCAGCTACAAGGGAGGCTGAGGCAGGAGGATGGCTTGAGCCTGGGAAGTTGAGGCTGCAGTAAGCTATGATCATGCCACTGCACTCCAGCCTGGGTGACAGAGTGAGATTCTGCCTC"
"GL873521","14127800","14127881","chr3","123515043","123515137","26","109387243","GGCTAGATATGGTGGCTCATGCCTATCTGGAAAGCTGAGGCAGGAGGATTGCAAGAGGCCAGAAGTTTAATACCAGGCTAAG","GGCCAGGTATGGTGGCTCATGCCTATACTCCCAGCCTTTTGGGAGGCTGAGACAGGAGGACTGCTTGAGGCCAGGAGTTTAAGACCAGCCTGACT"
"GL873521","14128162","14128352","chr4","26023510","26023691","57","11895348","GGGCTGAGAATGAGATCCCATCTTTACAAAAAATTACCCAGGTATAGTGGCATCATCCTAGCTACTTGGGAGGCTGGGGCAGGAGGATTTCTTGGGCCCAGGAGTGTGAGGCTACGCTGAGCTATGATACCACTGCACTTTAGCCTGGATGATACAGCAAGATTTTACCTCAAAAAAAAAAAAAAAAAAAA","GGGTGGGAAAAAATTATCTGGAAATGGTGGCATATGCCAGTGGTCCTAGCTACTTGGGAGACTGAGGCTGGAGGATCACCTGAGCCCAGGAGTTAGAGGCTGCGGTGAATCGTGATCATGCCACTGCACTCTAGGCTGGGCAATAGAGCAAGACCCTATCTCGAAAAAAAAACAACAAAAAA"
"GL873521","14184019","14184216","chr17","61651681","61651883","50","47467662","GGCTGGGCATGGTGGCTCATGCCTGTAACCCTAGCACTCTGTGAGGCCAAGGCAAGTGGATCACCTGAGCTCAGGAGTTTGAGAACAGCCTGAGCAAGAGTGAGACTCCATCTCTAAAAATAGTTGGGCATTTGTGGTGAATGCCTATAGTCTCAGCTACTCAGCTACTTAGGAGGCTGAGGCAAGAGGATTGCTTGA","GGCTGGGTGCAGTGGCTCACGCCTGTAATCCTGGCACCTTGGGAGGCCAAGGTGGGAGGATCACTTGAGCCCAGGAGTTTGAGATCAGCCTGAACAACGTGGTGAAACTCCATCTCTACAAAAAATACAAAAATTAGCTGGGCTTAATGGCATATGCCTGTGGTCCCAGCTACTGAGGAGGCTGAGGTGGGAGGATTGATTGA"
"GL873521","14185943","14186062","chr8","25834967","25835086","23","11649024","GGCAGGGTGCAGTGGCTCACACCTATAATCCCAGCACTCTGGGAAGCTGAGGTGGGAGGATTGCTTTGAGATCAGGAGTTTGAAACTAGCTTGAGCAAAGCAAGACCCATCTCTACTAAA","GGCCAGGTGCAGTGGCTCATGTCTGTAATCCCAGCACTTTGGGAGGCTGAGGTGGGAGGTTTGCTTGAGCCCAGGAGTTTGAGACCAGCCTGGGCAACATAGCAAGACCCTGTCTCTATA"
"GL873521","14186086","14186221","chr14","74199793","74199926","31","60013707","AATTAGAGAGGTGTGATGCCACACACTGTAGTCTCATCTACTTTGGAGGCTGAGGCACAAGGATTACTTGAGCCCAGGAGCATGAGGTTGCTGTGAGCGAGGCTGAGGCCACAGCACTCTAGCCTGGGCAACAGAG","TTAGCCAGGTATGGTGGTGCACACCTGTAGTCCCAGCTACTTGGGAGACTGAGGCAGGAGGATTGCTTGATCCCAGGAGTTGAGGCTGCTAAGAGCTATGATCATGTCACTGCACTCCAGCCTGGGCAACAGAG"
"GL873521","14534133","14534413","chr5","43470606","43470891","71","28936473","GGTAGCTCATGTCTATAACCCTGACACTCTGGGAGGCTAAGGGAGAAACATCCCTTGAGCTCAGGAGTTCAAGACCAGTCTAAGCCAAAAGGGAGATCCATCTTTACCAAAACAGAAAAATTAGCTGGGCATGGTGATGTGTGCCTGTAGTACCAGCTGCTTGGGAGGCTAAGGAAGGAGGATTGTTTGAGCCTAGGAGTTTAAGGTTGCTAAGAGCTAGACTGAGGCCATGGCACAGTAGCCCAGGCAATAGAATGAAACTCTGTCTCAAAAAAAAAAAA","GTGGCTCTTGCCTATAATCCCAGCACTTTGGGAGGCTGAGGAGGGCAGATTGCTTGAGCCCAGGAGTTCAAGACCAGCCTGGGCAACATGGGAAAACCTCGTCTCTACAAAAAACACAAAAATTAGCTGGGCATGGTGGCATGTACCTGTAGTCCTAGCTACTTGGGAGGCTGAGGCAGGAGGACTGCTTGAGCCTCTGGAGGCGGAGGTTGCAGTGAGCTGAGACCGCGCCACTGCACTCCAGCCTGGGTGATAGAACAAGACCCTGTCTCAAAAAAAAAAAAAA"
"GL873521","14534507","14534523","chrX","153619065","153619080","3","139084558","CCCAAAATAAAATAAAA","ACATAATAAAATAAAA"
"GL873521","14646173","14646307","chr1","9156973","9157091","40","5489200","GGATGTAGTAGCTCACACCTGTAATCCCAGCATCATGGGAGGATCACTTGAGGCCAGGAGTTTGAGACTGGCTTGGGCAATATGGTGAGGCCCCATTCTTACAAAATAGGAAAAGAATTAATTGGATATGGTGGC","GGCTGGGTGAGGTGGCCTCACGCCTGTAATCCCAGCACTTTGGGAGGCCAAGGCAGGAGTTTGAGACCAGCCTGGGCAATACAGTGAGACCCCATCTCCAAAAAAAAAATTAGTGGGGC"
"GL873521","14703100","14703421","chr17","68155983","68156305","73","53452883","GGCTGGGCACAGTGGCTCATACCTGTAATCCTAGCACTTTGGGAGGCCAGGAAGGGAAGATAGCTTGAGGCCAGGAGTTTGAGACCAGGATGAGCGAGGTAGCGAGACCCCCCATCTCTATCAAAAATTAAAAAAAAAAAAAAATTAGCTGGGTATAGTGGTGAGGGCCTATCATCCTAGCTACTTAGGAGTAAGACAGGAGGATCACTTGAGCCTAGGAGGTAAGGTTGCAGTGAACTATGATGATGACCCTGCACTCTTGCCTTAGCAAGATGGTGAGACCCTGTCTCAAAACAAACAAACAAACAAACAAACATAAAAA","GGCTGGGCACCGTGGCTGACATCTGTAATCCCAGCACTTTGGGAGGCCAAGGCGGGTGGATCACTTGAGCCCAGGAGCTCGAGACCAGCCTGACCAACATGGCAAAACCCCATCTCTACCAAAAAAAAAAAAAAAATACAAAAAGTTAGCTGGGCATGGTGGAGAGGGCCTGTAGTCCCAACTACTCAGGAGGCTGAGGTGAGAGGATCACCTGAGCCACAGGAGGTCGAGGCTGCAGTGAGCCATGATCACACCATTGCACTCCAGCCTGAGAGAAAGTGAGACCCTGTCTCAAAAAAACAAACAAACAAAAACAGCAAAAA"
"GL873521","14778613","14778888","chr15","42746072","42746354","63","27967459","GGCCCAGCACAGTGGCTCACACCTATAATCCTCGCATTCTAGGAGACTGAGGTGGGAGGATCACTTGAGCTCAGGAATTTGAGATCAGCTTGAGCAATAAGGTGACCCCATCTCTACTAAAAATAGACTAATTAGCCAGGCATTGTGGTGGGCACCTGTGGTCCCAGCTAGTTGAGAGGCTCATGTTGGATTCCTTGAACCCAGGAATTTGAGGCTGCTGTGAGCTGGGCTGATGCCACAGTATTCTAGCCTGGGCAACAGAGTATGACTCTGTCT","GGCCAGGTACAGTGGCTCACACCTGTAATCCCAGCACTTTGGGAGGCCAAGGCAGGAGGATCACTTGAGCCTAGGAATTCAAGACCAGTCAGGGCAATATGGTGAAACTCCATCTCTACAAAAAATACAAAAATCAGCCAGGTGTGGTGGTGTGCGCCTGTGGTCCCAGCTACTTGGGAGGCTGAGATGGAAGGATCACTTGAGCCCAGGAAATGGAGGCTGCAGTGAGCTAAGGCTGTGCCACTGCACTCCAGCCTGGGCAACAGAGTGAGACCCTGTCTCA"
"GL873521","14884261","14884393","chr13","24405237","24405373","27","9520976","GGCTAGGTGTGGTGGCTCATGCCCATAATTCCAGCATTCTGGGAGGCCAATGTGGGAGGATCCCTGGAGGTCAGGAGTTTGAGACCACCCTGAGCAAAGCGAGACCCCATCTTCACTAAAAATAGAAAAATTA","GGCTGGGCATGGAGGCTCATGCCTATAATCCCAGCACTTTGGGAGGCTGAGGTGGGAGGATCGCTTGAGTTCATGAGTTCAAGACCAGCCTGAGCAACACAGTGAGACCTCATCTCTACTAAAAATCAAAAAAATTA"
"GL873521","14884660","14884815","chr1","141772547","141772702","39","126887887","TTAGTTGAATGTGGTGGTGTACACCTGTAGTCCCAGCTACTTGAAAGGCTGAAGAAAGAGGATTGCTTGAGCCCAAGTGCTTGAGGTTGTAGTGAGCTAGGCTGACGCTATGACACTCTGACCCAGGTGATAGAAGAAGACCCTGTCTCAAAAAAA","TTAGCTGGGCATGGTGGCGTGCACCTGTGGTCCCAGCTATTTGAAAGGCTGAGTTGGGAGGATCACTTGAGCCCAGATGGTTGAGGCTGCAGTGAGCCATGATGGCACCACTGCACTTTAGCCTTGGTGACAGAGCAAGGCCCTGTCTGAAAAAAA"
"GL873521","15677856","15678124","chr7","99887814","99888086","73","84209958","TGGCTCATGCCTGTCAACAAAGTACTTTGGTAGATTGAGAAAGGAGGATCTCGTGGACTCAGGAGTTTGAGACCAGCCTGGACGACATGGTAAAAAAACATCTTTAAAAAATTAGCCTAGCATAGTGGTGCACATTGATAATTTCAGCTATTTCGCAGGCTGAAGTGGGAGAACCACTTGTGTTTGGAAGCTCGAGGCTGCAGTGAGCTATGATCTCACACTACACTCCAGCCTGGGTAATATGGTGAGGTCCTGCCTCAAAAACAAAA","GGCTTACACCTGTAATCCCAGTGCTTTGGGAGGCTGAGGCAGGCAGATCACTTGAGCCCTGGAGTTCAAGACCAGCCTGGGCAACATGGTGAAACCCCATCTCTACAAAAAATTAGCCAGGCATGGTGGCTTGCACCTGTAGTCCCAGCTACTCAGGAGGCTGAGGTAGGAGGATTTCATGAGCCTGGAAGGTTGAGGCTGCAGTGAGCTATGATCACACCACTGCACTCCAGTCTGGGTGATAAAGTGAGACCCTGTCTCAAAAAAAAAAAA"
"GL873521","15875728","15875811","chr8","5975319","5975398","26","9900409","CAGTGAGCCGTGGTCTCCCTGTGCATTCCAATGTGAGTGACAGAGAGACCTCCCTCACACTCCCAAAAAAGAAAAAACAAGAAA","GCAGTGAGCCTTGATCGTGCTATTGCACTCTAGCCTTGGTGACAGAGAGAGACCCTATCTCAAAAAAAAAAAAAAAAAAA"
"GL873521","16170363","16170540","chr3","50079465","50079644","47","33909102","AAAAAAAAAAAAAATTACCCAGGTAAGGTGGTAAGGACCTGCAGTCCTAGCTATCTGGGATACGAGGTAGGAGGAGCACTTTGGCCCAGGAATTCCAGGCTATGGTGAACTATGATTACAACTGCACTCTAGCCTGGGCAAAAGAGTAAGAGACTGTCACAAAACACAACAAAACAAA","ACAAAAAGAAAAAACAATTAGCAAGGCCTGGTGGTACACACTTGTAGTCCCAGCTATTTGGGAGGCTGAGGTGGGAGGATCACTTGAGCCCAGGAGTTCAAGGTTACAGTGAGCTATGATCATGCCACTGCACACTAGCCTGGGCATCAGAGAGAGTTCCTGTCTCTAAGAAAAAAAAAA"
"GL873521","16172240","16172374","chr1","29329421","29329551","29","13157181","GGCTGCATGCAGTGCCTCATGTTTGTAATCCCAGCACTTTGGGAGCCAGTGGAGGAGAGGATCACTTGAAGCCAGGAATTTAAGACGGACCTAGCCAACATAATGAGAACTCCTCTATACAAAAAATAATAAAAT","GGCTGGATGCACTGGCTCCTGTCTGTAATCCCAGCACTTTGGGAGGCTGAAACAGGAGGATCCCTTGAAGCCAGGAGTTTAAGATCAGCCTGAGCAACAGAGTGAAACCCTGTCTCTACAAAAAAAAAAAA"
"GL873521","16260421","16260667","chr2A","25887935","25888182","71","9627514","GGATACAGTGGCTCACACCTGTAATCTTAGCAAACACCCTGGGGTGCTAAGGCAGGAGGATCACTTGAGCTCAGGAGATCAAGACCAGCCTGAGGAAGAGTGAAACCCCATTTCTACCACACATAGAAAAATTAGCCAGGTGTCTCTCTCTAGTCCCAGCTACTTGGGAGGCTGAGACAGGAGAATTGCTTAAGCCAGGGAGTTTCAGGTTGCTGTGGCTCAGACCATGGCACTCTAGACTGAGCAA","GGCTGGGCACAGTGGCTCACACCTGTAATCCCAGCACTTTGGGAGGGTGAGGCAGGAGGATCACTTGAGCTCAGGAGTTCGCAACCAGCCTGGGCAATATGGTGAAACCGCATCTCTACAAAAAATACAAAAATTAACCGGGTGTGGTTGTGCATGCCTGTAGTCCCAGCTACTTGGCAGGCTGAGGTGGGAGGATTGCTTGAGCTCAGGAGGTCAAGGCTGCAGTGAGCCATGATTACTCCACTGCA"
"GL873521","16747501","16747629","chr7","102198592","102198722","33","85451091","GCCGGGTATGGTGGCTCACACCTGTAATCCCACCACGTGGGAGGCCAAGGCAAGCAGATTGCCTGAGCTCACAGGTTCAAGACCAGCCTGAGCCAGAGTGAGACTTTGTCTTGGAAAATACCCGGGTGT","GGCTGGGTGTGGTGGCTCACACCTGTAATCCCACCACTGTGGGAGGCTAAGGCAGGCAAATCGCTTGAGCCCAGGAGTTCGAGACCAGCCTAGGCAACGTGGTGAAACTGTCTTTAGAAAATATTAGCCAA"
"GL873521","16747905","16748071","chr1","26355033","26355200","42","9607128","AACTAGGTAGGTGTTGCAGCAGGCGCCTGTAAATCCCAGCTACTTGGGCCAAGGCAAGAGAATCAATCACTTATGCCCAGGAGTTTGAGGTTGCTGTAAGCTATGACGCCCTGGCACTCTACCAAGGGTAACAAAGTCAGATCCTGCCTCAAAAAAAAAAAAAAAAA","AACTAGCTGGGTGTGGCGGCGTGTGCCTGTAGTCCCAGCTACTTGGGAGGCTGAGGCAGGAGGATCACTTGAGCCCAGGAGTTCAAGGCTGCAGTGAGCTAAGATCATACCACTGCACTCCAGCCTGGGTAATAGAGTGAGATCCTGTCTCAAAAAAAAAAAAAAAAA"
"GL873521","16826358","16826516","chrX","96886204","96886345","57","80059846","GGCGCCCTGCCACAAGCTGTAGTCTCCCCTATTTGGGAGGGTGAGGTCGGAGGATCATGTGAGCTCGGCAGTTCAAAGTCACCGGGCACTACAACCTCACCTGGACCAGTCAGGACTGCACGCCAGCCTCCCCAGCGCAGTGAGACTCTGTTTCTAAAA","GGTGCACATCTGTAGTCTCAGTTATTTGGGAAGCTGAGGAGGGAGGATCACTTGAGCCTGGGAGGTCAAGGCGCCAGTGAGCTGTGATTGCACCACTGCACTCCAGCCTGTGCTACAGAGTGAGACTCTGTCTCAAAAAAAA"
"GL873521","16850386","16850705","chr1","224543342","224543654","83","207692956","GCCAGCTGTGGTGGCTCACACCTATAGTCCTCACACTCTGGGAGGCTGAGGAAGGCAGATTCCCTGGAGCTCAGGAGATTGAGACCAGGCTGAGCAAGAACTGAGACTCTGTCTCTACCCCAAACAGAAAAACTTCACTAGGTGTTGCGGTGGGCACCTATAGCCTGAGCTACTTGAGAGGCAGAGGCAGGATGATCACTTGAACTCAGGAGTTTGAGGTTGCTATAGCTGTGCTGATGCCATAGTACTTTAGCCTGGGCAACAGAATGAGACTCTGTCTCAAAATAAATAAATAAATTAATAAATAAAAGAGAAAGAAA","GCCAGGCAGGGTGGCTCACGCCTGTAATCCCAACACTTTGGGAGGCTGAGGCAGGCAGCTTGCTTGAACTCAGGAGTTTGAGACCAGTCTAGGCAACATGGTGAAACCCCATCTCTACAAAAAATACAAAAATTAGCCAGGCGAAGTGGCGTGCCTATAGTCTTAGCTACTTGGGAGGCTGAGGCAGGAGAACTGCTTGAACTGGGGAGGTCGAGGCTGCATGAGCCGAGATCGTGCCACTGCACTCCAGCCTGGATGACAGAGCGAGACCCTGTCTCAAAATAAATAAATGAATAAATAATAAAATAAATAA"
"GL873521","16987716","16987746","chr4","157175852","157175881","5","140188136","GAAGAAAGAAGAAAGAAGAAAGAAGAAAGAA","GAAGAAGAAGAAGAAGAAGAAGAAGAAGAA"
"GL873521","16988099","16988370","chr11","32048157","32048430","73","15060058","GGCCCAGTTCAGTGTCTCACACCTGTAATCCTAGAACTCTGGGAGGTCAAGGAAGGTGGAGTCCTTGAGCTCAGGATTTTCAGATAAGCCTGAGCAAGAGACAGATCCATATCTACTAAACATAGAAAAACTAGCCTGGCATCAGTGTAGTCCCAGCTACTCAGAAGGCTGAGGCAGGAGGATCATTTGAGCCCAAATGTTTGAGTTTGCTGTGAGCTATGATGAATGACACCAGGGCACTCTACCCAGGGCAACAGAGTGAGACTATTTCT","GGCCCACCACAGTGATTCACATCTATAATCCCAGCACTTTGGGAGGCCGAGGTGGGAGAGTAGCTTGAGCCCAGGAGTTTGAGACCAGCCTGAGCAACAGGGCGAGACCCCATCTCTACAAAAAAAATTTAAAAATTAGCCTAGCATGTGCCTGTAGTCCCAGCTACTCAGGAGGCTGAAGCAGGAGGATCACTTGAGCCCAGGAGTTGAAGGCTGCAGTAAGCTATGATCACCCCACTGAGCTCTAGCCAGGGTGACTGAGCAAGACTCTATT"
"GL873521","17153915","17154039","chr7","102370770","102370890","26","85216855","GGCTAGGCACGGTGGTGACTCCTGCTTGTAATCCCAGCACTCTGGGAGGCCTGTGGCAGGTGAATTCCTTGCGCTCAGGAGTTCAAGACTAGCCTGAGTAATAGTGAAACCTCTGTCTCTACTAA","GGCTAGGCACGGTGGCTCATGCCTGTAATCCCAGCACTTTGGGAGACTGAGGTGGGAGAATTGCTTGAAGCTGGGAGTTCAAGACCAGCCTAGGGAACATAGTGAGACCCTGTCTCTTCAA"
"GL873521","17154076","17154241","chr16","21596696","21596868","46","4442620","CTAACCAGACCTGACAGGTGGCTATACTCTCGGCTACTTGGGAGGCTGAGGCAAGAGGATCACTTGATCTCAAGAGTTTGAGGTTGCTATAAGCTATGAGGCCATGACACTCTACCGAGGGCAACAAAGTAAGAGTTTTTCTCAAAAAAAAAACCCAAAACAAAAA","ATTAGTCAGACATGGTGGCATGTGCCTATAGTCCCAGCTACTTGGGAGGCTGAGGCAAGAGAATCATTTGAGCCCAGGAGGTTGAGGCTGCAGTAAGCAGTGATCATGTCACTGCACTCCAGCCTGGGCAACAGAGCAAGACCCTGTCTCAAAAAAAAAAAAAAAAGAAAAAA"
"GL873521","18186068","18186211","chr11","18518855","18518988","40","332787","TAGTCAGGTGCAGTGGTGCATGCCTGCAGTCACAGCTACTCTACTCAGGAGGATGAAGCAGGAGGACCACTGGAGACCAGGAGTTTGAGAATGCTGTAAAATACCATTGAGTCACTGCCTGCCAGCTTCAGTAACAGAATAAGA","TTAGCCAGGTGCAGTGGCGCATGGCTGTAGTCCTGCTTACTCAGGAGGTTGAAGCAGGAGGATCACTTGGGCCCAGGAGTTTGAGGCGGCAGCGAGCCATAATCGTGCCACTGCACTCCAGCTGAGTGACAGAG"
"GL873521","18186242","18186351","chr4","101432127","101432236","31","83245885","CTTGTAATTTCAGCACTTTTGGAAACTGTAGAAGGAAGATTGTTTAAGACCAGGAGTTCCAGAACAATCTGGGCAACACATGTTGACCTTGTACCTACATGAAAAAAAAA","CCTGTAATCCCAGCACTTTGGGAGGCTGAGGCAGGAAGACAGCTTGAGGCCAGGAGTTCCAGACCAGTCTGGGCAATATAGCAAGACCCTCATCTCTTTAAAAAATAAAA"
"GL873521","18231783","18232086","chr11","120552808","120553110","90","102321025","GGCATGGTGGCTCACACCAGCAATCCCAGCGTTTTGGGAAGCCCAAGGAAGAGAATCACTTGAGACCAGCCAGAGGTACATAGACACGTGGTCTACAAGAAATGACAATTAAAACAAATTGCTGGGCATGGTAGCCTGTGACTATAGTCCTGGCAACTCAAGAGGCTGAGTCAGGGGGTTTTTTGAGCCTATGAAGTCTAAGTTGCAGTAAGCTGTGATCATGCCACTATACCCTAGCCTGGGTGACAGAACAAGATTCTGTCTCTAAAAATAAAATAAAATAAAATAATAAAATGAAATAAAA","GCCAAGCATGGTGGTTCATACCTATAATCCCAGAACTTTGAAAGGCCAAGGCGAGAGGAGTTTGAGACCAGCCTGGGCAACATGATGACATGCCGTCTCTACAAAAAAATAAAATAAACAAAAACTAGCTGGGCCTAGTGGCATGTGTCTGTAGTCCTAGCTACTCAGGAGACTGAGGCAGGAGGATCACTTGAGCCTGGGAGGTCAAGGTTGCAGTGAGCTATGATTGTGTCACTGTACTCCAGCCTGGGTGACATAGCAAGAACTGGTCTCAAAAAAAAAAGAAAGAGAGAAAAAAGAAAA"
"GL873521","18672921","18673268","chr5","164510023","164510360","89","145837102","GGCTGGCCATGGTGGCTGAGGCCTGTCATCCTACCACTCTGAGAGGATGAGGAAGGAGGATTGGATTGCTTCAGCTCAGGAGTTCAAGACCAGCCTGAGCAAGAGCAAGACTCAGTCTCTACCAAAAATAGAAAAATTAGACTAGCCAGATGTAATGGCAGATGCCTCTAGTCCCAGCTAGTGGGGAGGCTAAGGCAGGAGGATCACTGAAACCCAGGAGTTTGAGGTGCCTGTGAGTTAGTTTAATACCATGGCAGTCTAGCTTGGGCAACAAAGTGAGACTCTGTCTCAAAACAAACAAAGAAACAAAGAAACAAACAAACAAAAACCCCAAAAATAAAAAAAAAA","GGCTGGGCACAGTGGCTCATGCCTGTAATCCTAGCACTTTGGGAGGCTGAGGCAGGTGGATCGCTTGAGACTGGGAGTTCAAGACCAGCCTGGGCAATATGGCAAAACCCCGTCCCTACAAAAAATACAAACATTAGCCAAGCATGGTGGCACATGCCTGTAGTCCCAGCTACTTGGGAGGCTGAGGCAGGAGGATCATTTGAGCCCGGGATGTGGAGGTTGCAGTAAGCTGAGATTGCATCATTGCACTCCAGCCTGGGCAACAGAGGGAGACCCTGTATCAAATAAATAAATAAATAAATAAATAAATAAATAAATAAAAGAAATAAAAGTAAAAA"
"GL873521","19315680","19315722","chr1","205503465","205503511","11","186187785","CAGTTACTTGGAAGACTGAGGCAAGAGGATCCCTTGAGCTAGG","CCAGCACTTTGGGAGACTGAGGCAGAAGGATCCCTTGAGGCCAGCGG"
"GL873521","19598410","19598508","chr1","6398492","6398584","25","13199918","TATCACTACACCACTATACTCTAGCCTGGGCAACAGATTGAGAACCTGTATCAAAAACAAACAAACAAACAAACAAAACACAATAAAAAATAAATAAAA","GTGATTGCACCAATGCACTCCAGCCTGGGTGACAGAGCGAGACTGTCTCAAAACAAACAAACAAACAAATAAAACAAAAGAAAAGAAAAGCAA"
"GL873521","19777152","19777359","chr4","72787006","72787205","63","53009854","CCTGAGCAACATAGAGAGATCCCATCTCGACAAAAATATTGAAAAAAAAATAGATAAACTTATCAGCTGGGTTTGGTAGCACACAACTGTATCCCCAGCTACCGGGAAGGCTGAAGCAGGAGGAGCCTGACAGATCAAGGCTGCAGTGAGCAGTGATCACATCACTACACTCCAGCCCAGGTGACAAAGCACAATCCTGTCTCAAAAA","CTAGGCAACATGGAAGAACCCCATCTCTACAAAAATTACAAAAACTAGCTGGGCATGGTGGTGTGCGCCTGTATTCCCAGCCACTGGGGAGGCTGAGGTGGGAGGATTGCTTGAGCCTGGAAGATTAAGGCTGAAGTGAGCAGAGATCACACCGCTGCACTCCAGTCTGGGTGACAGAGCAAAACCCTGTCTCAAAAAAA"
"GL873521","19907026","19907166","chr6","12022857","12022993","42","7884169","AGGAAAAATTACCAGGGCATGGTGATGTGCACTTATAGTCCCAGCTCCTGGGAAGGCTGAGTCAGGAGGCCAGGAGTTTGAGGTTATAGTGAGCTATGATGCCACTGCACTCTCTCTGGGTGACATAGTGACATTCTGCCT","TTAAAATTAGCCAGGCATGGTAGCAGGCACCTGTACTCCCAGCTACGGGAGGGTCGCTTGAGCCCAGGAGATCAGGGCTGCAGTGAGCTATGATTGTACCACTGCACTCCAAACTGGGTGACAGAGTGAGACTCTGT"
"GL873521","19907190","19907299","chr3","21509747","21509855","27","1602557","GTGGTGGCTCAGCCTATAATCCTAGCCTTCTGGAGGCCCAGGCGGGAGGATTGCTTAAGGTCAGGATGTTGAGACGAACCTGAGCATGAGTGAGACCCCATCTCTACAAA","GGTGGCTCATGCCTATAATTCTAGCGCTTTTGGAGGCCAAGGGGGGAGGATTACTTGAGCTCAGGAGTTCCAGATCAGCCTGGACAATTTAGTGAGACCTCATCTATAC"
"GL873521","20453341","20453513","chr19","53340691","53340862","44","32887350","AGACAACTAGCCAGGCATTGTGGTGGGCATCTATAGTCCCAGCTACTTGGGAGGCTGAGGCAAGAGGATCACTTGAACCCAATAGTTTGAGGTTGTCATGAGCTATGATGATGTGGCATTCTACTCAGGGTGACAGCGTGAGAGACTCTGTCTCAAACAAATGAACAAAAAAA","ACAAAAATAGCTGGGTGTGGTGGTGCATACTTGTAGTCCCAGCTACTTGGGAGGCTGAGGCAGGAGGATCACTTCAGCCCAGGAGGTTGAGGCTGCAGTGAGCCATGATCATGCCACTGCACTCCAGCCGAGGGGAGAGAGCAAGACTCTGTCTCAAAACAAACAAACAAAA"
"GL873521","20453540","20453662","chr4","5943586","5943706","26","14509954","CAGGCGTGGTTGCTCATGCCTGTAGTCCTAGCACTTCAGGAGGCTGAGGAGGGTAGATTGCTTGAGGTCAGGAGCTGGAGACCAGCCTGAGCAAGAGCGAGACCTTGTCTCTACTAAAAATAG","GGCCATGGTGGCTCATGCCTGTAATCCTAGCACTTCGGGAGGCTGAGGAGGGAGGATTGCTTGAGGCCTGGAGTTTGAGACCAGCCTGGGCAACATAGTGAGACCACGACTCTATTTAAAA"
"GL873521","20821454","20821743","chr8","121327775","121328067","74","100506321","GCCGGGCCCAGATGGCTCAAGCCTGTAATCCTTGCACTTTGGGAGGCCAATGTAGGAGGATCACTTGCGCCTAGGAGTTCCAGGCCAAGCTGTGCAAGGTGAAACACTGTTCCAAAAAATATATATATATGAAAATTAGCCAGTCCTGTTGGTACACATCTGTCGTTCCAACTACTTGGGGGACTGAAGCAGGAGGATCCATGAGTCCAAGATTTGAGGTTGCAATGAGCTGTATTGGAGCTACTACACTGTAGCCAGGGCGACAGGAGGAAAAACTTGTTTTAAAAAAA","GGCTGGGTGCAGTGGCTCATGCCTGTAATCTTAGCACTTTGGGAGGCCAAGGCAGGTGGATCACTTGAGCTTAGGAGTTCAAGACCAGCCTGGGCAACATGGTGAAACCCTGTCTCTACAAAAAATAAAAAAAAATTAGCCAGGCATGGTGGCATACACCTGTAGTCCCAGCTACTTGTGGGGCTGAGGCAGGAGCATCACTTGAACCCAGGAGCTCAAGGCTGCAGTGAGCTGTGATCTTACCACTGCACTCCAGCCTGGGTGACAGAGTAAGACCTTGTCTCAATAAAAAA"
"GL873521","20825224","20825315","chr22","42881883","42881978","27","22056659","AGAGGATCTCTTGAGCCTAAGAGTTTGAGGTTGCTGTGAGTTCTGATACCACAGCGCTCTACACAGGGCGACAGAGTAAGACCCTTTCTTAA","GGCAGGAGGATCGCTTGAGCCTGGGAGGTCAAGGATGCAGTGAGCTGTGATTGCACCACTGCACTCCACCCTGGGCGACAGAGTGAGACCCTGTTT"
"GL873521","20825595","20825767","chr4","156475909","156476099","57","135650314","GCGGTGGCTCACACCTGTAATCCTAACACTCAGGATCGCCTAAGCTCAGGAGGTGGAGACCAGCCTGAGCAAGAGAAACACCTCAACTCTACCAAAAACAGAAAAAGTAGCCTGGGTGGTGGTAGGCATGTGTAGTCCCAGCTACTCGGGAAGCTGAGGCAAGAGGATCTCTT","GGCCAGGCACAGTGGCTCACACCTATAATCCCAGCACTCTGGGAGACTGAGGCAGGAGGAGCCCAGGAATGTGAGACCAGCCTGGCCAACATGGTGAAACCCAGTCTCTACTAAAAATATAAAAATTAGCCTGGTGTGGTGGTGTGCGCCTGTAGTCCCAGCTACTTGGGAGGCTGAGGTGGGAGGATCAC"
"GL873521","21355913","21356066","chr4","158479533","158479684","48","137123620","ATAAAAATTAACTAGCTATGGTGGCATACACTCTTGTCCTAGCTACTTAGGAGGCTGAGGATCATTTGAGGCCAGGAGTTTAAAGCTATAGTGTACTGTGATGATTACGCCTGTGAATAGCCACTGTACTCCAGCCTGGGCAACATAGCAAGAC","AATTAGCTGGGCATGGTGGTGCATACCTGTAGTCCTAGCTACTCAGGAAGCTGAGGCAGGAGGACAGCTTGAGGCCAGGAGGTCAAGGCTGCAATGAACCATGATTGATTACACCTGTAAATAGTCACTGCATTTCAGCCTGGGCAGCATAG"
"GL873521","21623697","21623773","chrX","53329871","53329945","26","31706174","AAATTTAGGCAGGCAAGTTGGCACATGTTTGTAGTCCAAGTTATGTGAGAGGATTCTTTGAGTCCAGAAGTTAAGGC","AATAGCTTGGGCAGGGTGGTGCATGGCTGTAGTCCTGAGATGGGAGGATCCCTTGAGTCCAGGAGCTTGATGCCG"
"GL873521","21623801","21623894","chr3","42032495","42032583","27","20408694","GTAATCTTAGTACTTTGGGAGGCCAGACAGGAGATTCATTTGAGACTGAGTTTAAGATCAGCCTGGACAACATGGCAATATCCCATGTCAACCA","TAATACCAGTATTTTGGGAGGCTGAGGCAGGCGATCACTTGAGCCCAGTTCAAGACCAGCCTGGGCAATATAGCGAAATCCTGTTTCTA"
"GL873521","21714176","21714337","chr12","96671998","96672172","41","74957822","ACTAGGGGGCATTGTGGCAACTGTCATCCTAGCTGCTCAAGAGGCTGAGGCAAGAGGATCACTTCAGCCCATGAGTTTATGGTTGCTGTGAGCTATGACTCCATGGCACTCTAGCCTGGGCAATAGAATGAGACTCTGTCGCAAAAAAAAAGAAAGAAAGAA","AATTAGCTGAGCATGGTGGCAGGCACCTGTAGTCCCAGCTACTTGGGAGGCTGAGGGAGGAGGGTCACTTGAACCCAGGAGTTTGAGGCTGCAATGAGCTATGACTGCATCAGTGCACTCTAGCCTGGGCAGTAGAGTGAGACCCTGTCTCACAAAAAAAAGAAGGAAAGAGAAA"
"GL873521","21714364","21714489","chr15","78802491","78802611","29","57088127","GGCTGGGTACCCTGGCTAGACACCTGTAATTCTAGCACTCCAGGAGGCTGAAACAGGTGGATTTCTTGAGCTCAGGAGTTCAAGACCAGCCTGTCCAAGACCAAGACCACAATTCTGTCTCTACTT","GGCTGGGTACAGTGGCTCACACCTGTAATCCCAGCACTTTGGGAGGTGGAGGCAGGAGGATCACTTGAACTCAGGAGTTCAAGACCAGCCTGGCCAACATGGCGAAACTCCGTCTCTACAA"
"GL873521","21743555","21743631","chr10","20213332","20213405","25","1530223","TATAGGGTGTGGCGGCAAGTGTGTATAGTACTAGCTACTTAAAGAGGTTGAGATGGGAGGATTGCTTGAGCTAAGGA","CCAGGTGTGATGGTGCATGCCTGTGGTCTCAGCTACTTTGGAGGCTGAGGTGGGAGGATTGTTTGAGTGGAGGT"
"GL873521","21743658","21743767","chr10","43292583","43292692","28","21548925","CAATGGTTTGTGCTTGTAATCCAGCACTTTGGGAAACAAAGGAGAAAGGATTAATTGAGACCAGGAGTTCAAAATCAGCCTGGGCAACATAAAGAGACCCTGTCTCTATG","GCGGTGGTTCAGCCTGTAATCCCCGCACTTTGGGAAGCTAAAGCAGGAAAATCACTTGAGCCCAGGAGTTCAAGACCAGCCTGAGCAACATAGTGATACCCCTGTTTCTA"
"GL873521","21994326","21994402","chr3","183523015","183523100","19","161528689","GGCATTGTGACTCACACCTATAATTCTAGCACTTTGGGAGGCTGAGGTGGGAAGACCACGAGCACAGGTTCAAGACC","GACTGGGGGCAGTGGCTCAAACCTGTAATCCTAGCACTTTGGGAGGCTGAGGTGGGAGGACCACCTGAGCTCAGGAGTTCAAGACC"
"GL873521","22568894","22569013","chr7","21219168","21219276","37","1349726","TACGTTGTGGTGGCTAGTCCCAAACTACTCAGCTACTCAGGAGTTTGAGGTTGCAGTAAGCTGTGAGGTTGCATTGCACGACAGATTGTGCAACAGAGCGAGACCCTATCTCGAAAAAAA","GGCTGAGGTGGGATAATCACTTGAGCCCGGAAAGTTGAGGTTGCAGTGAGCCATGACTCGGCACTGCACTCCAGCCTGGGCAACAGAGCCAGACCCTATCTCAAAAAAA"
"GL873521","22569034","22569129","chr15","57106062","57106161","19","34537028","CAGGCATGGTGGCTCACACCTGTAATCATAGCACTTTGGGAGACCAGGAGTTCAAGACCATGCTGGGCAACATGGCGAGACCTTGTCTCTACCAAA","GGCCAGGCATGGTGGCTCACTCCTATAATCACAGCACTTTGGTAGGCCATGAATTCAAGACCAGCCTGGGCAACATAGTGTAACCCTGTCTCTACGAAAA"
"GL873521","23082461","23082581","chr19","17007875","17007987","43","6074586","AAAATACACAGAGTACCCAGGCATGGTGGTGCATGCCTCCAGTCCCAGCTACAGGTGAGACTAAGACTAAAGGATGCCTTCAGCTCAAGACTTTGAAGCTGGCCTAGGCAACAACAAGACC","ACAATGTAGCTATGGCATGGTGGTGCCTGCCTGTTGTCCCAGCTACTTGGGAGGCTGAGATGGGAGGATTGCATGAGCCCAAGAGTTCAAGGCTGCTGTGAGCTACAATCACG"
"GL873521","23326932","23327034","chr1","153330637","153330743","26","130003705","GACTGGGTATGGTGGCATATGCCTGTAAACCCAGCACTCTGGGAGGCTGTGGCGGGTGGACCAGCCTGAGACCAGCTTGAGAAAGAATAAGACTCTGTCTCTA","GGCTGGGTGTGATGGCTCATGCCTGTAATCCTAGCACTTTGGGAGGCTGAGGCAGGTGGATCACTTGAGCCCAGGAGTTTGGGCAACATGACAGAACCCTGTCTCTA"
"GL873521","23327057","23327213","chr6","85247800","85247964","38","61920743","CCAGACATTGTGACACATGCCTATAGTCCTACTTGGGAGGCTGAGGCAAGAGGATGTCTTGTGCCCAAGAGTTTGAGGTTGCTGTGAGCTATGATACCATAGCACTCTAGTGGGGGGCAAGAAAGTGAGACACTGTCTCAAAAAAAAAAAAAAAAAA","CCAGGCATTGTGGCACATGTGTGTAGTCCCAGCTATTTGGGAGGCTGAGGCAGGAGGATCCTTTGAGCCCAGGAGTTTGAGGCTTCAGTGAGCTGTGATTGGACCACTACACTCTGGCCTGGGCAACAGAGAAAGACCCTGTCTCAAAAAGAAAAAGAAAAAGAA"
"GL873521","23553294","23553452","chr8","101101478","101101641","53","77548184","AAAATAAAGTTAGCTAGACACAGCTTTGGGCACCTGCAGTCCCAGTTACTTGGAGGTTGAGGCAAGAGGATTGTTTGAGCCTAGAGGTTTGAGGATATGGTTTGCTGTAGTTCTACCTGTGAGTAGCCACTGTTCTCCAGCCAGGACACCAGCGCAAGA","AAAAAGACACCAAGTAGCCAGGTGTGGTGCTGCAGGCCTGCAGTCCCAGCTACTTGGGAGGCTGAGGCAGGAGGATTGCTTGAACCCAGGAGTTCAAGACTTCAGTATGCCATAATCGCACCTATGAATAGTCACTGCACTCCAGCCTGGGCGACATAACAAAA"
"GL873521","24165831","24166009","chrX","9218405","9218573","51","14947426","GGCCAGGCACAGCAGCTCACACCCATAATCCTAACACTCTGAGAGACCAAGGTGTATAGATTACCTGAGCTCAGGAGTTGGAGACCACCCTGAGCAAGAGTAAGACCCCCATCTCTACAAAAAAAAAAAAAAAATAGAAAAACTAGCCAGGTGTTGTGGTGGGTACTTACAGTGCCAAC","GGCCAGGCGCAGTGCCTCACACCTGTAATCCCAGCACTTTGGGAGGCCGAGGCGGGTGGATCACTTGAGCTCAGGAGTTTGAGACCAGCCTGAGCAACATGGCAAAACCTCACCTCTACAAAAAAAATACAAAAATTAACCAGGCATGGTGGCAGGCACCTGTAGTCTC"
"GL873521","24270646","24270916","chr8","27224878","27225151","68","2954232","GGCCAGGCACGGTGGCTCACACCTGAATCCTAGCTGGCATTCTGGAAGGCCGAGGTGGGTGGATCACCTGACCTCAGGAGTTCAAGACCATCCTGAGCAAGAGTGAGATGAAACCTCATCTCTAAAAATAGCTAGGCATTGTGGTGGGCACCAGTAGTCCCAGCTACTAGGGAGGCTGAAGCAAGAGGATCACTTGAGTCTAAGAGTTAGACGTTGCTGTGAGCAGTGACGCCACAGCACTCTACCCAGGGCAACAAAGTGAGACTGTCTC","GGCCAGGTGCAGTGGCTCACACCTGTAATCCTAGCCCTTAGGAGGCTGAGGTGGGAGGATCACTTGAGCTCAGGAGTTCAAGACCAGCCTGGGCAATATGGTGAAACCCTGTCTCTACGAAAAATTAGCCGGGCATGGTGGCGCATGCCTGTAGTCCCAGCTACTCAGGAGGCTGAGGTGGGAGGATCATTTGAGCCCAGGAGGCGGAAGTTGCAGTGAGCCAAGATTGCACCACCGTACTCCAGCCTGGGCAACAAGTGAGATCCTGTCTCAA"
"GL873521","24618820","24618994","chr8","68458893","68459071","47","43840073","TCCTAGCACTCTGGGGGGCCGAGGTGGTAGGATCACTTGAACTAGAGTTCAAGACCACCCTGAACAAAAATCACACCCTGTCTGTACTAAAAATAGAAAAATTAGCCAGGCATTATAGTGCATGCCTGTAGTCCCAGCTACCTGGTAGGCTGAGGCAGATCCTCTAGCCCAGGGG","CCCAGCACTTTGGGAGGCTGAGATGGGTGGATCACTTGAGCCCAGGAGTTCAAGACCAGCCTGGGCAACATGACGAAACTCTGTCTTTACAAAAAATACAAAAATGAACCAGGCATGGTGGTGCATGCCTGTAGACCCAGTACTTGGGAGGCTGAGGTGGGAGGATCCCTTGATCCTGA"
"GL873521","24626746","24626855","chr1","205148842","205148953","29","180522096","AAAGAATGACAAAAATTCAGATATGGTGGTATGCACCTATAGTCAGTCACAGCTACTGGGGAGGCTGAGGTGGGAGGCTTTCTTGAGCCCAGGAGGTTGAGTCTAGCAAT","AAAAAGTACAAAGAATTAGCCAGGTGTGGTGGTGCGTGCCTATAGTTCCAGCTACTTGGGAGGCTGAGGTGGGAGGATTGCTTGAGTCCAGGAGTTGGAGGCTGCAGTGAAA"
"GL873521","24781755","24782037","chr5","139301937","139302217","85","114520182","GACCAGGTGTGGTGGCTCACACCTATTAGCCTAGCACTCTTGGCAGCTGAGGCAGGAGGATTCACTCAGAACTTCAAGAGTTAAACCCATGCCTCTACTAAAAATAAGAAAAAAATCAGTCCAGAGTATCATGGTGGGCACTTGCAGTCCCAGCTACTCGCAATGCTGAGGAAGAAGGATAGCTTGAGCCTAGGAGTTTGAGGTTGCTGTAGGCTGGATTTTTGTCATGGCATGCTAGTCTTGGCAACAGAGTGAGACTCTGGGGGAAAAAAAAAAGGAAAAA","GGCTGGGTGCGGTGGCTCACACCTGTAATCCCAGCACTTTGGGAAGCTGAGGCCAGAGGATGGCTTGAGCTCAGGAGTTTGAGTTGAAACCCTGTCTCTACAAAAAATACAAAAATTAGCTGGGTGTGGTGGTGCACACCTGTGGTCCCAGCTACTTGGAAGTGTGGGGTGGGAGGATTGGTTGAGCCCAGGAGGTTGAGGCTGCAGTGAGCCATGATCGTGCCACTGTACTCCCGCCTGGGTGACAGAATGAGACCCTGTCTCAAAAAAAAAAAAAAAAA"
"GL873521","24969692","24969970","chr5","91805199","91805483","78","66835507","GGCTGGATGCAGTGGCTCACACCTATAAACCTAGCACTCTGGAAGGCCACAGTGGGAGAATGGCTCGAGTTCAGGATTTTGAGAGTAGCCTGAGCAAGAGCAAGACCACATCTCTACTAAAAATATAAAAATTAGCAGGAAGTCTTGCTGAATGCATCATCTCAACTGCTCTGGAGGATGAGGCAAGAGGATTGCTTGAACTCAAGAGTTGAGGTTGTGGTGAGCGAGACTGAATCCATAGCACTCTACCCCAGGCAACAGAGCAAGACTTTGTTGAAA","GACTGGGTGCAATGGTTCACATCTGTAATCCCAGCACTTTGGGAGGCCAAGGTGGGAGGATGGCTTGAGCCCAGAAGTTCAAGACCAGCCTGAGCTACATGGCAAAACCCTGTCTCTACAAAAAATGTAAAAATGAGCCAGGCATGGTGGTGCATGCCTATGGTCCCAGCTACTCAGGAGGCTGAGGCAGGAGGATCGCACTAATCTAGGAGATGGAGGCTGCAGTAAGCCGAGATTGAGTCATTGCACTCCAGCCTGGGCGAAAGAGCCAGACTCTGTCTCAAA"
"GL873521","24970004","24970019","chr3","153804291","153804307","1","128834287","AAAACAAAACAAAAAA","CAAAACAAAACAAAAAA"
"GL873521","25391954","25392209","chr7","3491054","3491312","81","21900900","CCTAGTGCAGTGGCTCACACCTGTAATCCTGGAGGCTGAAGCAGATGGATTGCTTTGAGTTCCTGCCTAAATAAAAGTGGGAATCTACTATAGCAAAATTAGCTGGGCGTTATGGTGGGTACTTGTGGTCCCAGCTACTCAGGACGCTGAGGCAGGAGGATTGCTTGAACCAAGGAATTTGAGGTTGTTATGAGCTATGATGATGCCATGGCACTCTACCCAGGCCACAGAGTAAGATTTGGTCTCCAAAAAAAAA","GGCCAGGTGCGGTAGCTCACATCTGCAATCCCAGCACTTTGGGAGGCTGAAGCTAGAGGATCACTTGAGTCTTGTCTCTACAAAAAAAATCAAAAAATTAGCCAGGGCATGGTGGTGCATGCCTGTAGTCCCAGCTACTCGGGAGGCTGAGGCAGGAGGATCACTTGAGCCCAGGAGGTTGAGGCTGCAGTGAGCTGTGACTGTACCACTGCACTCCAACCTGGGCAACAGAGTGAGACCCTGTCTCAAAAAATAATAA"
"GL873521","25453333","25453646","chr22","29946204","29946503","77","4492871","GCCGGGTACAGAGGTGCATTTACCTGTAATCCTAGCACTTTGGGAGGGTAGGGTAGGAGGATGGCTTGGGGCCAGTAGTTCAAGACCAGCCTGAACAATCTAGTGTGACCTCGTCTCCACAAAATATAGAAAAATTAGCCAGGCATGGTGGTGGGCACTTGTATTCTCAGCTTCTCAGGAAGCTGAGGCAGGAGGATCTTTTGAGGCTGGAAGGTTGAGGTTGCATTGTTGAGATTGCACTGAGCTGTGATGACACCACTGCACTCTAGCCCTGGCAACAGAGTGAGATCCTAATTTAAAAAAAAAAAAAAAAA","GCTGGGCGTGGTGGCTCCTTCCTGTAATCCCAGCACTTTGGGAGGCCAAGGCTGGAGGATCACCTGAGTCCAGGAGTTTAAGACCAGCCTGGGCAACATAGGGAGACCCTGTCTCTACAAAAAATAAAAAATTAGCCAGGCATGGTGGTGTGCACCTGTAGTCCCAGCTACTCAGGAGGCTGAGGCAGGAGGATCTCTTGAGCCTGGGAGGTCAGACTACAGTGAGCAATGATTGTGCCACTGCACTCCAGCCTGGGTGACAGAGTAAGACTCTGTCTCTTAAAAAAAAAAAAAAAAAAA"
"GL873521","25473197","25473312","chr11","64318421","64318538","25","38845224","GGGCATGGTAACTCACTCCTATAATCCCAGCAGTTTGAGAGGCCAAGGCTGGAGGATCACTTAAGGCTAGGAGTTCATGACTGGTCAGGGCAACATAGTAAGACTTATTCTCTACA","CCAGGCATGGTGGCTCACACCTATAATCCCAGCACTTTGGAAGGCCAAGGCGGGAGGATCCCTTGAGGCCAGGAGTTTGAGACCAGCCTGGGCAACATAGCAAGACTCCGTCTCCACA"
"GL873521","25473339","25473487","chr1","35894728","35894879","40","10421389","AAGAATTAGCTAGGCATAGTGGTGCGCAGCTGTAGTTCCAAGTACTTGGGAGGTTAAAGACCATGTGAGCGCAGGAGTTCAAGGCTACAGTGAGCTGTGATCATGCCACTGCACTCTGGCCTGGGTGACAGAGTCTGTGTCATAAAAAA","AAAAATTAGCCAGGCATGGTGGCACATGCCTGTGGTCCCAGATACTTGGGAGGCTGAAGTGGGAGGATCACTTGAGCCCAGGAGATCAAGGCTGCAATGAGCCATGATCATGCCACTGCACTCCAGCCTGGGCAACCCTGTCTTTAAAAAAA"
"GL873521","25493130","25493293","chr4","75562087","75562252","41","50068957","CTTAGAGTTGTGGTGGGCTCCTGTACTCCCAGCTACCCAGGAGGTGAGGCTGAGGCAGGTGGATCACTTGAACCCAGGTATGTGAGGTTGCTGAGAGCTAGGATGACACACAGCACTCTAGCCTGGTGACAGAGTGAGTCTATGTCTCTAAATAAATAAATAAA","TTAGCTGGGTGTGGTGGCATGCACCTGTAGTCCCAGCTACTTAGGAGGCTGAGGCAAGAGGATCACTTTAGCCCAGGAGGTGGAGGTTGCAGTGAGCTGAAATCATACCACTGCACTCCAGCCAGGGTGACAGAGTGAGACCTTGTCTCAAAAATAAATAAATAAA"
"GL873521","25493320","25493467","chr9","31337596","31337743","33","5844276","GACTGGGCTTGGTGGCTCATGCCTGTAATCCTAGCATTCTGGGAAGCTGAGGCAGGAGAATCACTTGAGGTCAGGAGTTCAAGACCAGACTGAGCAAGAGTGAGATCTTGCCTCTACTAAAAAAATATATATTTTTAAAAAATAATGC","GCTGGGTGTGGTGGCTCACACCTGTAATCCTAGTGATTCAGGAGGCTGAGGCAGAAGGATCACTTGAGGTCAGGAGTTTGAGAGCAGACTGAGCAACAGAGTGAGACCCCCTCTCTAAGAAAAAAATATTAAAAAAAAAAACAACCGC"
"GL873521","25793453","25793728","chr15","82250472","82250741","88","56457019","CAGGTATGGTGGCTCACACCTGTAATCCCAGCACTTCGGGAGGCCAGGAGGTGGGGGAGAGGCTCTCTTGAAGCCAGGAGTTCCTGACCAGCCAAGCAACAGGCGAAACCTTATCTCTACAAAATATTAAAGAAAAAAGGAAATTAGCCAGGTATAGCAGTAGACATCCATAATTCCAGATACTGTCGTGGCTAGGACAGGAAGATCACCTGTGATTGTGCCACTGCATCCCAACTTGCCAAAAAAGCAAGATGCTGTCTCTATAAAAGAAAACTA","GCCGGGCACGGTGGCTTATGCCTGTAATCCCAGCACTTTGGGAGGCCGAGGCAGGAGAATCGCTTGAGCCCGGGAGTTTGAGACCAGCCTGGGCAACATGGTGAAACCAAGTCTCTACAAAAAAATACAAAAAAATTAGCCAGGTGTCGTGGTGCACGTCTGTAGTCCCAGCCACTCCTGGGAGGTCGAGGCTGCAGTGAGCTGTGATCGTGCCACTGCACTCCAGCCTGGGGAACAGAGTGAGACCCCGTCTCAAAAAATAAAAAAAAA"
"GL873521","25946379","25946540","chr16","48668108","48668267","54","22721729","GTTGAGGCAGGATTTCTTGAGGCTGGGAGTTGGAGACCAGCCTGAAAAACATGTTGATACCATTGCTACAGAAATTAGAAGAGTTAGCTGGGTATAGTGGTGCATCCCTGTAGTTCCAACTACTAGGGATGCTGAGGCAGGAGGGTCACGTAAGCCCAGGAG","GTGGGAGGATTTCTTGATCCCAGGGGTTCAAGACCAACCTGGGCAACATAGTGAGACCCTGTGTATACTGAACAAAAACAATTTTTCAGGCATGGTGGCACACACCTGTAGTCCGAGCTATTCGAGAAGCTGAGATGGGAGGATCCCTTGAGCCCGGGAG"
"GL873521","25955927","25956105","chr3","43378154","43378339","50","17422227","AAAAAATAGAAAAATTAGCCATGTGCAGTGGCATGTGCCTATAGTTCCACCACTGTAGGGGCTGAGGTAGGAGGATCCCTTAAGACCAGGACTTTGAGATTGCTGTGAGTTATGACATCACTGCTGTCTGGTTGGGTGACAAAGGGAGACTTTGCCTCAAAAAAGGGAAGAAAGAAAAA","AAAAATACAAAAATTAGCCGGGCATGTTGGCATGTGCCTGTGGTCCCAGCTACTCCAGAGGCTGAGGTGGGAGGATCACTGGAGCCCGGGAAGTTGAGGCTGCAGTGAGCTGTGATCACACCACTGCACTCCAGCCTGGGTGACAGAGTGAGACCCTGTCTCAAAAAAAAAAAAAAAAAAAAAAAA"
"GL873521","26298260","26298339","chr4","95794331","95794409","18","69496071","GGCTGGGTGCATCAGCTTATGCCTGTAATCCCAGTACTTTAGGAGGTTGAGGTAAGAGGATCACTTAAGAACAGGAATCC","GGCTAGGTGCAGTGGCTTACACCTGTAATCCCAGCACTTTGGGAGGCCGAGGCAGGAGGATCACTTGAGCCCAGGAGTT"
"GL873521","26307582","26307851","chr5","152032216","152032514","85","125724634","GCTGGGCATAGTGGCTCACACCTACACTCTTAGAGGCCAGGGCAGATGAATTATTTGAGCTTGGGAGACCAGACTGAGCATGAGTGAGATCCTGTTCCTACTAAAAATAGAAAAATTAATTGGGTGTTGTGCCTGTAGTCCCAGCTACTTGGAAGGCTGAGGCAAGAGGATCACTTGAGCCCAAAAGACTGAAGTTCTAATGCCAAACATGCTACTCAGAGGGACAGAATGAGACTCTGTCTCAAAAATAAATAAATAAATAAATAAATA","GGCTGGGCACAGTGACTCACACCTATAATCCCAGCACTTTGTGAGGCTGAGGCAGGCAGATTATTTGAGCCCCTGAGGTCAAGACCATCCTGGGCAACATGGCAAAACCTCATCTCTACAAAAAATACAAAAATTAGTTGGGTGTGGTGGCATACGCCTATAGTCCCAGCTCCTCAGGAGGCTGAGGTAGGAGGATGGTTTGAGCCCAGGAGATGGAGGTTGATCATGCCACTGCTCTCCAGACTGGGCAACAGAATGAGACTCTGTCTCACAAAAAATGAAACAGAATAAAATAAAAA"
"GL873521","26951040","26951317","chr17","16672309","16672598","75","10278731","TGGCTTACACCTGTAATCCTAGCACTCTGAGAGGAGTGAGGCAGATTGCTTGAGCTTAGGAGTTTAAGACCAGCCTGAGCAAGAAAGATCCCATTTTTACTAAAATAGAAAACTAGCCAGGGGTGGTGGCCTATGTCTGTAGTCCCAGCTACTCGGTAGGCTAAGGCAAGAGGATTGCTCAAACCCAAGAGTTTGAGATTGCTGTGAGTTCTGGTGCCATGACACTCTATCCAGGGTAACAGAGTGAGACTTTGTCTAAAAAAGAAATAAAATAGGTG","GTGGCTCACACCTGTAATCTCAGCACTTTGGGAGGCTGAGGCGGGAGGATCACTTGAGCCCAGGAGTTTGAGACCAGCCTGAGCAACATAGTAGGCTCCTGTCTCTACAAAAAAATACAAAAATTAGCTGGTACTGGTGGCATGTGCCTGTAGTCCCAGCTACTCAGGAGGCTAAGGCAGGAGAATCGCTTGAGCCCAGGAGGTTGAGGCTGCTATGAGCTGTGATGGCACCACTGCACTCCAGCCTGGGTGACAGAGTGAGACCTGGTCTCAAAAAGAAAAAAAAAAAA"
"GL873521","26951542","26951557","chr3","53948633","53948648","1","26997091","AAAAGAAAGAAAGAAA","GAAAGAAAGAAAGAAA"
"GL873521","27061553","27061681","chr3","122788793","122788920","26","95727240","GGCCACGCACAGTGGCTCATGCCTTTAATCCTAGCTTTCTGTGGAGGCCAAAGCAAATGGATCACTTGAACTCAGGAGTTCAAGACCAGCCTGAGCAAGAGCAAGACCCCATCTCTACTAAAAATAGAA","GGCCAGGCACTGTGGCTCATGCCTGCAATCCCAGCACTTTGGGAGGCCAAGGCAAGAGGATTGTTTGAGCCCAGGAATTCAAGACCAGCCTGGGCAACTCAGGAAGACCCCATCTCTACAAAAAACAA"
"GL873521","27061706","27061860","chr8","96136998","96137163","44","69075292","TAGCTTGGCATTGTGGTAGGCACTGGCAGTCCCAGTTACTTCGGAGGCTAAAACAAGAAGGATTGCTTGAATCCAGTGAGGTTGCTGTGAGCTATAATGTCATGGCACTTCTCCCCAGGGCAACAGAATGAGACTATCTCAAAAAAACAAATAAA","TTTAGCTGGGAAGGTTGGCACGCACCTGCAGTCCCAGCTACTTGGGAGGCTGAGACTGGAGGATTGCTTGAGCCCGAGAGGTCGAGGTGGCAGTGAGCCATAATCACACCACTGTACTCCAGCCTGGGTAACAGAATGAGACTCTGTCTCAAAACAAACAAACAAA"
"GL873521","27073730","27073910","chr1","68095575","68095737","50","41021845","GAGCAGCCTGAGCAGCTAGGGTACTGCTCCCTGCCTCTAGTCCCAGCTACTTGAGGGGCTAAGGCAGGAGGATTGTTTGAGCCCAGGAGCCCAGGAGTTTGAGATTGATGTGAACTAGGCTGATGCCATGGCACTCTAAACTGGGCAACAGAGTAAGACTCTATCTTAAAAAAACAAAAAA","TTAGCCCTGCATGGTGGCACATGCCTGTAGTCCCAGCTATTTGGGAGGCTAAGGCAGGGGGATGGTTGGAGCCCAGGAGGCAGAGGTTGCAGTAAGCTGAGACTGAGCCATTGCACTGCAGCCTGGGTGACAGAGTGAGACTCTGTCTCAAAAAAAAAAAAAA"
"GL873521","27074182","27074275","chr19","50666183","50666279","26","23592001","GCTGGGTACTGTGGCTCAAGCATGTAATCATAGCACTCTTGAGGCCAAAGTTTGGAGGATCCCTGAAGCTCCAGAGTTTAAATGCAGCTTGAGT","GGCTGGGCTCTGTGGCTCATGCCTGTAATCCCAGCACTTTGGGAGGCCGAAGTGGGAGGATCACTTGAGTCCAGCAGTTTGAGAGCAGCCTGGGCAA"
"GL873521","27115551","27115853","chrX","48006439","48006741","74","20890888","GGCCAGGTGTGGTGGCTCCTGTAATCCTATCACTATGGGAGGCCAAGGTGGGTGGATTGCTTGAGCTCAGGAGTTGGAGACTAGCCTAGGCAAGAGTGAGATCCCGTATCTACTAAATAGAAAAACTAACCAGGTTCCAGGTGCCTGTAGTCCCAGATTCTTGGGAGGCTGAGGCAAGAGGATCACTTAAGGTCAGGAGTTTAAGGTTGCTGTGAGCTATGATGTCATAGCACTCTACCCAGGGTGACAGAGTGAGACTCTATCTCAAACAAACAAACAAACAAAACAAAAACAACAAAAAAA","GGCTGGGCTCAGTGGCTCACGCCTGTAATTCCAGCACTTTGGGAGGCCAAGGTGGGCGGACTGCTTGAGCTCAGGAGTTCGAGACCAGCCTGGGAAACATGGCGAAACCCCATCTCTTAAAAAAAAAAAATTATCTGGGTGGCAGGAGCCTGTAGTCCCAGCTACTTGGGAGGCTGAGGTAGGAGGATCACCTGAGCCCGGGAGGTCAAGGCTGCAGTGAGCCATGATCGTGCCACTGCACTCCATCCTGGGTGACAGAGTGAGACCCTGTCTAAAAAAAAAAAGAAAAAAGAAAAAAAGAAA"
"GL873521","3621655","3621735","chr19","38588582","38588671","29","34966927","AAACCCCCCAGAAAATTAGCTGTAGTCCAGCTACTTGGGAGGGTGAGGCAGGATTGCTTGAACTCAGGAGGCTGAGGTTGC","TTAGCCAGGTGTGGTTGTGCACGCCAGTAGTCCTAGCTACTCAGGAGGCTGAGGCAGGAGGATTGCTTGAGCCCAGGAGTTTGAGGCTGC"
"GL873521","3642385","3642519","chr4","190118736","190118870","25","186476351","GGCTGGGTGAGGTGGCTCACACCTGTAATCCCAGCACTCTGGGAGGCCAACAGGGATGGAGCACCTGAGCTCAGGAGCTTGTGCCCAGCTTGAGCAAGAGTGAGACCTCATCTCTGTTAAAAACAGAAAAAAAAA","GGCTGGGTGCAGTGGCTCACACCTGTAATCCCAGCACTTTGGGAGGCCAAGGTGGGAGGATCACTTGAGCTCAGGAATTCGAGACCAGCCTGGGCAACATAATGAGACTGCATCTCTGTAAAAAAAAAAAAAAAA"
"GL873521","3642815","3642983","chr6","117522072","117522244","43","113879257","AAAAAAACTAGCCAGGCATTGTGGCGAGTGCCTGTAGTCCCAGCTACTCGGGAGGCGGAGGCAAGAGGAGTGCTTAATCCCAAGAGTTTGAGGTTGCTGTAAGCTATGACACTCATTCTACTCAGGGTAACAAAGTGAGACTCTGTCTCAAAAGGAAAAAAGAAAGAGA","TAAAAAAATTAGCCAGATGTGGTGGCATGTGCCTGTAGTTCCAGCTACTCGGGAGGCTGAGGCAGGAGGATTGCTTGAGCTCAGGAGTTCGAGGCTGCAGTGAGCTATAATTGTGCCACTGCACTCTAGCCTGGGTGACACAGTGAGACCTTGTCTTTAAAAAAAAAAAAAAA"
"GL873521","3668981","3669096","chr1","92774326","92774442","25","89105345","GGCTAGGCTCAGTGGCTCATGCCTATAATCCTAGCACTCTGGGAGGCTGAGACAGGTGGAGTGCCTACGTTCAGAAGTTTGAGACCAACCTGGGGAAGAGTGAGACCCTTGTCTCT","GGCCAGGCGCAGTGGCTCACACCTGTAATTCTAGCACTCTGGGAGGCAGAGGCAGGCAGACTGCTTGAGCTCAGGAGTTCGAGACTACCCTGGGCCACACAGTGAGACTTTGTCTCT"
"GL873521","3669118","3669287","chr19","44556029","44556196","40","40886911","GCCTAGCCATGCATTATGGTGGGCACCTGTAATCCCAGCTACTTGAGTGGCTGAGACAGGAGGATTGCTTGGGCCCAGGTGTTTGAAATTGTCGTGAGCTATGACAACACTATAGCACTCAACCCAGGGCACAGAGTGAGACCCTGTCTCAAAAAAAATAATAAATAAAA","TTAGCTGGGCACGGTGGTGTGCACCTATACTCCCAGCTACTCTGGAGGCTGAGACAGGAGGATTGCTTGAGCCCAGGAGTTCAAGACTGCAGTGAGCTAGGATCGCACCATTGCACTCCAGCCTGGGCAACAGAGTGAGGCCCTGTCTCTAATAATAGTAAAAAAAAA"
"GL873521","3669631","3669737","chrX","25092369","25092466","29","21422738","GGTTAGGCATGGTGGCTTACACATGTAATCCCAGCACTTTCAGAGGCTGAAGTAGGAGGATCTCTCAAGAGACCATCAGAGGGAGACCCTGTCCTTATAAATAATTA","GGGTGTGGCGGCTCAAACCTGTAATCCCAGCACTCTGTGAGGCTGAGGCAGGAGGATCGCCTGGGCAATATAGTGAAACCCTGTCTGTATTAATAATA"
"GL873521","3670024","3670183","chr1","26355033","26355200","40","22685009","TTGGTTGGGTGTGGTAGCACTTGCCAATAGTCTTAGCTACTTGGGAGGCTGAGGCAGGAGGATCCCTTGAGCCCAGGAGTTCAAAGTTGTAGTGAGCTGTAGTAGGGCCACTATAGGGTAAAAGAGTAAAATCCTGTCTCAAAAAAAAAAAAAAAAAAAA","AACTAGCTGGGTGTGGCGGCGTGTGCCTGTAGTCCCAGCTACTTGGGAGGCTGAGGCAGGAGGATCACTTGAGCCCAGGAGTTCAAGGCTGCAGTGAGCTAAGATCATACCACTGCACTCCAGCCTGGGTAATAGAGTGAGATCCTGTCTCAAAAAAAAAAAAAAAAA"
"GL873521","3713060","3713213","chr16","52591348","52591478","53","48878288","ACTAAAATTGTAAAGCCTAAGCTGGGTGTCATGGTGCACACCTGGAGATCCAGCTCCTCGGAGGCAGAGACAGGAGGATCTCTTGAACCCCAAAATTTGAACACAGTGCGACAACATAATGAGACCCACCTCTTACAAAAAATTACAAAGACTA","GCTGAGTGTGGTGGTGTGTGCCTATAATTCCAGCTACTCAGGAGGCTGAGGCAGGAGGATCACTTGAGCCCAGGAGTTTGAGACCAGCCTGGGCAACACAGTGAGACCCCATCTCAAAAAATTAAACATTA"
"GL873521","3858021","3858181","chr15","40727742","40727900","45","36869721","GGAAAAATTAGCTCAGCATTGTGGTGGGTGCCAATAGTCCTAGTTACTGGGGGGGTGGAGGGTTGAGGCAGGAGCTTGAGCTCAGGAGTTTGAGGTTGCTGCGAGCAAGGCTCATGCCATGGCACACTAGCCTGGACAACAGAGTGAGAGTCTGTCTCAAA","TTTAAAAATTAGCCAGGCATGGTGGTGACCACCTGTAGTCCTAGCTATTCAGGAGGCTGAGGCAGAAAGATTGCCTGAGCTCAGGAGTTTGAGGTTACAGAGAACTCTGATCATGCCACTGCACTGCAGCCTGGGCAACAGAGTGAGACTCTGTCTCAA"
"GL873521","3858456","3858567","chr17","26390105","26390216","27","22531649","GGTTGGATGCAGTGACTCACGTTTATAATCCTAGCACTCTGGGGAGCAGAGGCAGGAGGATCCCTTGAGCTTAGGAGCAAGACCCCATCTCTACTAAAAAATGGAAAAATTA","GGCCGGATGCAGTGGCTCACGCCTGTAATCCCAGCACTTTGGGAGATGGAGGTGGGAGGATCGCTTGAGGCTAGGGGTTCGAGACCACATCTTTACAAAAAATTTAAAATTA"
"GL873521","3958462","3958555","chr3","156881552","156881648","15","152923090","GGCCAAGTGTGGTGGCTCACGCCTGTAATCCCAGCACTCTGGGAGGCTGAGGCAGAGAATCACTGGAGCGCAAGAGTTTGAGACTAGCTTGAGC","GGCCAGTTGTGGTGGCTCACACCTGTAATCCTAGCACTCTGGGAGGCTGAGGCTGGAGGATCACTTGAGCTCAGGAGTTTGAGACCAGCCTGGGCAA"
"GL873521","4004289","4004415","chr2A","53135817","53135938","36","49131528","GCCGGGCGCGGTGGCTGACACCTGTAACCGAGCACTTTGGGAGGCATCTGTAGGAGGATCGCTTGAGGCCAGGGATTGGAGACCTCCCGCCCTACAAATGATTTTAAAATAAACTGCTTATGCTGGG","GCCAGGTACAGTGGCTGACATCTGTAATCCCAGCACTTTGGGAGGCTGAAGTGGGAGGATCACTTGAGGCCTGGAGCTTGAGACCAGCCTTGTCAACATAGTGAGATTAAAAAATTAGCTGG"
"GL873521","4004664","4004811","chr5","141173286","141173416","45","137168622","CTGCTTATGCTGGAGGACCCTCACCCCACCCCACCCCCACACACACCTTGTGCTCCTGACTTGGAGACTGCAGTGAACTATGATCAGGCCGCTGCCCTCCAGCGTGAGCGACAGAGCATGACCCTGTCAAAAAAAAAAAAAAAAAAAA","CTACTTGGGAGGCTGACCCACGAGAATCACTTGAACCTGGGAGGTAGGCTGCAGTGAGCTAAGATCACACCACTGCACTCCAGCCTGGGCAACAGAGCAAGACTCTGTCTCAAAAAAAAAAAAAAAAAAAA"
"GL873521","4367979","4368038","chr4","148843957","148844014","16","144475978","GGGCCCGGATAATGGCTCTAATCCCAGCTACTTGGGAGGCTGGGGCAGAAGGATCGCTTG","GCAATGGTACATGCCTATAATCCCAGCCCTTTGGGAGGCTGAGGCAGGAGGATCACTT"
"GL873521","4416492","4416644","chr15","38442496","38442652","39","34026004","GACAAAAATTAGATGGGCGTGGGGCTGTAGTTCCAACTACTCTGGAGGCTGAGGCAGGAGGGTTGCTTCAGCCCAGGAGTTTGCGGTTGTAGTGAGCTATAATGATTCCACTGCACTATAGCATGGTGACAGAGTAAGACTGTATCTCAAAAA","TTAGCCAGATATGGTGGTGCATGCCTGTAGTCCCAGTTACTTGGGAGGCTGAGGCGGGAGGATTGCTTGAGCCCAGGAGTTTGAGGCTGTGGTGAGCTATGATTGTGCCACTGCACTCCAGCATGGGTAACAGAGCAAGACCCTATCTCTTTAAAAA"
"GL873521","4416915","4417046","chr12","122239412","122239544","30","117822497","GCCTGGTACAGTGGCTCACAGCTGTAATTCTACCACTCTGGCAGACTGAGGCAGGAGTATAGCTTGAGGTCAGGAGTTAGAGAGCAGCCTGAGCAAAAGTGAGACCCTCTATTAAAAATAGAAGAATTAGGG","GGCTGAGCACGGTGGCTCATACCTGTAATCCTAGCACTTTGGGAGGCTGAGGCGGGAGGATTGCTTGAGGCCAGGAGTTTGAGACCAGCCTGGGCAACATAGTGAGACCCCATCTCTAAAAAAAAAAAAATTA"
"GL873521","4508052","4508216","chr1","180937305","180937458","45","176429253","CGCCAAAATAGCCACGTATGGTTGTGTGCACCTATAGTCCCAGCTATTTCAGAGGCGGAGACCATAAGACCACTTGCACCCAGGAATTTGAGGATACAGCAAGCTGTGATCATGCCACTGCACTCCACTCCAAGCCACAGACTGAGGCCTTGTCTCTTAAAAAAA","GCAAGCCAGGTGTGGTGGCATTTGCCTATAGTCCCAGCTATGTCAAAGGCTGAGACAAAAGTATCACTTGAACCCAAGAGTTAGAGGTTACAGTGAGCTATGATCGCACCACTGCACTCCAGCCTAGGCAACAGAATGAGACCCTGTCTCTAAA"
"GL873521","4508241","4508340","chr4","142826785","142826889","25","138318544","CCAGGTGCCATGGCTTATGCCTGTAATCCCAGGGCTCAGCTTGAGGCAGATGATCACTTGAAGCCAGGAGTTCGAGACCAGCCTGGGTAACACAGTGAGA","GGCCAGGTGTGGTGGCTCATGCCTTTAATACCAGGGCTTTGGGAGGCTGAGGCAGGACGATCACTTGAGGCCAGGTGTTTAAGACCAGCCTGGGCAACATAGGGA"
"GL873521","4585645","4585775","chr1","22024766","22024901","32","17439121","GCTGGGCAAGGTGGCTCACGCCTGTAATCCGAGCACTCGGGGAGTCCAATAGGGGTGGATTGCCTGAGCTCAAGTTCAAGACCAACCCAAGCAAGAGTAAGACCCCATCTCTACTAAAAATAGAAAAAACA","GCCAGGTGAGGTAGCTCACGCCTGTAATCCCAGCACTTTGGGAGGCCAAGGTGGGTGGATCAACTGAGGTCAGGAGTTCAAGACCAGCCTGGCCAATATGGTAAAACCCCATCTCTACAAAAAATACAAAAATTAT"
"GL873521","4586039","4586216","chr5","162553581","162553768","45","157967542","TAATAGAAAAACTAGCCACTGGTAGGCACCCATAGTCCCAGCTACTTGGGAGACTTAGGCAAGAGAATCACTTAGCCCAAGAGTTTGAGGTTGCTGTGAGCTATGATGCCATAGCACTCTACCCACAGTGCCAGAGTGAGATTCTGTCTCAAAACAAAAAAAGAAAGAAAGAAAGAAA","AATTTAAAAATAGCCAAGTATAGTGGCATGCCTCTGTATTCCTAGCTACTTAGGAGACTGAGGCAGGAGGATCACTTGAGCCCAAGTGTGTGAGGCTGCAGTGAGCCATGATCCAGCCACTGCACTCGAGCCTGGAAGACAGAGTGAGATACTGTCTCAAAAAAAAGAAAGAAACGAAAAGAAAGAAA"
"GL873521","4615177","4615298","chr12","11845861","11845982","46","7230684","AAATATAATGAGTAGCTGGGTGTGGAGGCACGTACTTCTACACCCAGCTACATAGAAACTGTGTAGCAGGCAGGAAGATAGTTTAATTAATATAGTGAGAACCCCATTTCAAAAAGAAAGAA","AATACAAGGAAGCCAGGTGTGGTGGCATGCACCTACAGCCCGAGCTACTCGGGAAGCTTTGAACTGGAGACAAGCCTGGGCAACATAGTGAAACCCCATCTCCCTCTAAAAACAAGGAAAGA"
"GL873521","4639212","4639298","chr17","29760224","29760310","16","25121012","GGCCTGGCACAGTGGCTCATACCTATAATCCTAGCACTCTGGGAGGTGAGGTGGGGAGGATCCTTTGAGCTTAAGAGTTTGAGATCA","GGCCATGGGCAGTTGCTCACACCTATAATCCCAGCACTTTGGGAGACTGAGGTGGGAGGATCGCTTGAGCACAGGAGTTTGAGACCA"
"GL873521","4757227","4757326","chr1","32811419","32811520","26","28054192","TAAAATAAATAAATCAGCTGGCAGTGTGGTAGGCAACTGTAGCCCCAGCTACCCAGGGCTGTGGCAGGAAGGTGACTTGAGCCCAGTAGTTTGAGGTTGC","ATTAAATTAAATGGAGCCGGGCGTGGTGGTATGCACCTGTTGTCCCAGCTACTCAGGAGGCCAAGGCAGGAGGATCACTTGAGCCCAGGAGTTTGAGGATGC"
"GL873521","4757600","4757715","chrX","124471265","124471386","33","119713665","GGCTGAGCAGTGTGGCTCACGCCTGTAATCCTAGTGCTTTGGGAGGCTGAGGTGGAGTGAATTCCAGACCTGCCTGAACAAGAGAGTTTTTGTCTCTACTAAAAATATAAAAATCA","GGCTGGACACCGTGACTCACGCCTGTAATCCCAGCACTTTAGGAGGCTGAGGCAGGAGGATTGCTCAAGACTAGCCTGGCCAACATGGTGAAACCCCGTCTCCACTAAAAATACAAAAATTA"
"GL873521","4833908","4834183","chr20","5619662","5619943","68","785754","GGCCAGTGCAGTGGCTCATGCTGTAATCCCAGCCCTCTGGGAGGCTGAGGCAGGCGGATCCCCTGAGCTCAGTGGTTGGAGACCAGCCTGAGCAAAAGTGCAACCCCGGCTCTACTAAAAATAGAAAAAACATTAGCTGGGCTGGGTGGCAGCTGCCTATAGTTACAGCTAATAGGAAGGCTGAGACAGGAGGATGGTTTGAGCTCAGGAGGTTGGGGTTAAGATATGGTGACACCACTGCATGCTACCTGGGGCACAGAGCAAGACTCTTGTCTC","GGCCAGGTGCAGGGGCTGACACCTGTAGTCCCAGCACTTTGGGAGGCTGAGGCAGGAAGATCACTTAAGCCCAGGAGTTCGAGACCAGCCTGCGCAACATGGTGAAAACCCGACTCTACAAAAAATACAAAAACTAGCCAGGCATGGTGGTGCCTGCCTGTAGTCCTAGCTACTCAGAAGGCTGAGATGGGAGGATTGCTTGAGCCCAGGAGGTTGAGGTTGCAGTGAGCTGAGATGACACCGCTGCATTCCAGCTTGGGTGCCAGAGCAAGACCCTCTCTC"
"GL873521","4857882","4858053","chr13","48157593","48157767","59","43299711","GACCAACCAGAGTAAGAATAAGACCCCTGTCTCTACAAAAAAATGCCAAAATTAGCCAGGCATAGTGGCATGCACCTATAGTCCCAGCTACTATAGTTTTGAGGTTGCTGTGAGCTATGACGATGACATTGCACTCTACCCCAGGCAACACAGCAAGGCTCTGTCTCCAAAA","CCAGCCTGGACAACATAGGGAGACCCTGTCTCTACAAAAAAATTTTCAGAAAATTAGCTGGGCACCATGGCGCATTCCTATAGTCCCAGCTACTCAGGAGGCTGCAGTGAGCCATGATTGTGCCACTGTGCTCCAGCACGGGTGACAGAGCAAGACCCTGTCTCTTAAAAAAAAA"
"GL873521","4858329","4858418","chr2B","246546136","246546224","17","241687807","CAGGAGCAGGGGCTCACACCTATAATCCTAGCACTCTAGAAGGCCAAGGCTGGAGGATTACTTGAGGCCAGAAGTTCATGACCAGCCAGT","CCAGGTGCTGTGGCTCATGCCTGTAATCCCAGCACTTTGAGAGGCCTAGGCAGGAGGATTACTTGAGGCCAGAAGCTCAAGACCAGCCT"
"GL873521","4904065","4904344","chr20","3250028","3250308","77","1654037","GGCCAGGCATGGCGGCTCAGCCTATAATCTGGGAGGCCAAGGCTCAAGGAGTTTGAGACCTGCCTGAGCAAGAGCAAGACCCTGTCTCTACTAAAAATAGAAAAAACAGCCAGGTGTTGTGGCAGGCACCTGTAGGCCCAGCTACTTGAGAAACTGAGGCAGGAGGACTGCATGAGCTCAGGAGTTTGAAGTTGCTGTGAGCTAAGAAGCCACAGCATTCTAGTCTGTAGCAACAGAGTGAAACTGTCTCAAAAACAGAACAAAACAAAACAAAACAAAA","GGCCAGGTGCAGTGGCTCACACCTATAATCCTAGCACTTCAAGGCCAAGTTCGAGACCAGCCTGGGCAACATGGCAAAACCCTGTCTCTACAAAAAAAAAATAAAAATTAGCCAGGCATGGTGGCGCTCACCTGTAGCCCCAGCTTCTTGTGGGGCTGAGGCAGGAGGATTGTTTGAGCCTGGGAGACAGAGGTTGCAGTGAACCTATATCATGCCACTGCACTCCAGCCTGGGTGACAGAGTGAAACCCTGTCAAAAAAAAAAAAAAAAAAGAAAGAAAA"
"GL873521","5548943","5549231","chr4","172002891","172003185","72","166453948","GACTGGGCACAATGGCTCACGCCTATAATCCTAGCACTCTGGAAGGCCAAGGTGGGTGGATTACTTGAGCTCACAGGTTTGGGACCATCCTGAGCAAGAGTAAAACCTCATCTCTAAAAATAGCCCGGCATTGTGGTGGGTACCTTGTAGTCCCAGCTAGTTGGGAGGCTGAGGCAAGAGAATCTCTTGAGCCTAAGACTTTGAGGTTGCTGTAAGCTGTGATGCCATGGTACTCTACCGAGGGTGACATAGTAAGACTCTATCTCCAAAAAAAAGAAAGGAAAAAGAA","GGCCAGGCACAGTGGCTCATGCCTATAATCCCAGCAATTTGGGAGGCCAAGGTGGGAGGATCACTTGAGCCCAGGAGTTGGAGACCAGCCTGGGCAACATGGCAAAACTCCATCTCTACAAAAAATAGAAGCCAGGTGTGGTGGTGTGCATCTGTAGTCCCAGCTACTTGGGAGGCTGAGGTGGGAGAATCGCCTGAGCCTGGGAGGTGGAGGTTGCAGTGAGCCAAGATCATGCCACTGCACTCTAGCCTGGGTGTCAGAGTGACAACTTGTCTCAAAAAAAAAAAAAAAAGAA"
"GL873521","5616768","5616899","chr1","134480867","134480991","29","128864099","GTGGCTCTCTCCTGTAATCCCAGCACTTTGGGAGGCCAGGGGAGAGGATTGCTTAAGGCCAGGTATTTGAAACCAGCCTGGGCAACACAGAGAGATATGCCCATCTCTACCAAAAGAAAAAAATTGCTAGGA","GTGGCTCATGCCTGTAATCCCAGCACTTTGGGAGGCCAAGGAGTGAGGATTGCTTAAGTCCAGGAGTTCAAGAACAGCCTGGGAAACATAGTAAGATCCTGTCTCTACAAAAAATAAAAAATTGT"
"GL873521","5617203","5617331","chr3","201848039","201848154","42","196230836","TTAAAAGTTTGCTGGGCTTGCTGAAGTGTGCCTGTAGTCCCAGCTACTCAAGAGACTAAAGTGGGGGGGATCAACAGAGCCCAAGAGTTTTAGCCTGTTCTGAATCACTGGACCACTGCATTCCTGTCT","ATTAGCTGGGCGTGGTGGCGGCTGCCTGTAGTCCCAGCTACTCAGGAGGCTGAGGTGGGAGGATCACCTGAGCCCGGGAGGTCGAGGCTGCAGTGAGCAGTGATGACGGCACTGCA"
"GL873521","5813449","5813645","chr8","55925895","55926096","51","50112446","TCTATAAATATATAGAAATTGCCAGGCACTGTGGCTAATGCCTGTCATCCGAGCACTTTGGGAGGCTGAGGCAGGAGGATCATTTGAGCCCAGAAGTTGGAGGCTTCTATGACTGGGGTGCTGCACTACAGTGGAGGCTGGGTGAAAGAGCAAGATTCTGTCTCTAAAAAACATACAAAACAAACAAACAAACAAAA","TCTCTACAAAAAAATAAAAAACTAGCCGGGCATGGTGGCACATGCCTGTAGTCCCAGCTACTTGGGAGGCTGAGGCAAGAGGATCACTTTACCCCAGGAGGTCGGGGCTGCAGTGAGCTGTGTTCATACCACTGCACTACAGCCTGGGTGACAGAGCAAGACTCTGTCTCAACAAAACAAAACAAAACAAAACAAAACAAAA"
"GL873521","5816723","5816839","chr7","150519989","150520108","29","144703266","GGCTTACACCTGTAATCCTAGCACTTTGGGAGAGTGGGAGTATGGCTCGAACCCAAGAGTTGGGAGACCAGCATGGGAAAGAATGAGACCCTGTCTCTACAAAAATAGAAAAATTAG","TGGCTCACATCTGTAATCCCAGCACTTTGGGAGGCCAAGGTGGGAGGATTGCTTGATCCCAGGAGTTGGAGACCAGCCTGGGCAACATAGTGAGACCCTGTCTCAACAAAAATTTATTTT"
"GL873521","6392280","6392393","chr13","98865790","98865887","34","92473510","GGCATGGTGATACATGCCAGCGACTTAGGAGGAGGACCCCTTGAGCAAGTGAGCAGTGATTGTGCCACTGCACCTCCAGCCTGAGCAACAAAGTGAGACTCTGACTCTTAAAAA","CAGGGGGACCACCTGAGCCTGGGAGGTTGCAGCTGCAGAGCCGTGATTGTGCCACTGCATTCCAGCCTGGGCAACAGAGTGAGCTCCTGTCTCAAAAA"
"GL873521","6821886","6822161","chr13","35542940","35543211","71","28721054","GGCCTGGTGCAGTAGCTCAGAGCTGTAAGCCTAGCACTCTGGGAGGCAGAGGTAGGTAGATCACTTGAGACCAGGAGTTCAAGAAGACCAGACTAAGTAAGAGTGAGACCCTCACCTATGCTAAAAATAGAAAATATTAGCTGGGCATACAGTGTATGTCTGTAGTCCAGGCTACTTAGGAAGCTGAGGTAGGAGGATCACTTAAGCCCAGGAGTTTGAGGTTGCTGTGAGCTAGGCTGAGGCCATGGTACTTCAGCCTCGGCAACAGAGTGAGAC","GGCCAGATGTGGTGGCTCACACCTGTAATCCTAACACTTTGGGAGACCGAGGTGGGTGGATCACTTGAGGTCAGGAGTTCAAGACCAGCCTGGCCAACATGGTGAAACCCCATCTCTACTAAAAATACAAAAATTTGCTGGGCATGATGGTGGGCGCCAGTAGTTCCAGCTACTCAGGAGGCTGAGGCAGGAGAATCGCTTGAACCCAGGAATCAGAGGTTGCAGTGAGCCAAGATCACGCCATTGCACTGAAGCCTGGGCGACAAGAGCAA"
"GL873521","6822427","6822459","chr1","26448863","26448892","8","19626436","TCAGAGTGAGACTTTATCTCAAAGAAAAAAAAA","TGAGTAAGACCCTGTTTCAAAGAAAAAAAA"
"GL873521","6828199","6828251","chr12","8954703","8954756","17","2126504","GGGAGAGGTAGCTCAGGCCTGTAATTCTAACACTCTGGGAGGGAGGATCCCTT","GGTCAGGTATGGTGGCTCATGCCTGTAATTCTAGTACTTTGGGAGGCTGAGGTC"
"GL873521","6828640","6828791","chr2A","70191250","70191406","45","63362610","CCTTGAGCTCACAAGTTTGAGACCAGCCTGAGCAAGAGCGTGACTATCTCTACTAAAAATAGAAAACTCTGCTAGGTGTTGTGGCAGGTGCCTATAGTTCCAGCTACCTAGGAGGCTGAGGCAAGAGGATCACTTAAGCCCAGCAGTTTGAG","TCACTTGAGCCCAGGAGTTCGAGACCAGCCTGGGCAACATAGTGAGACTCAGTCACTACAAAAATAAACTTGCTGGGTGTGGTGGTGTGCACCTGTAGTTCTAGCTACTCAGGAGGCTGAGGTGGGAGGATCCCTTGAGCCTCGGAGGTGGAGGTTG"
"GL873521","6837142","6837367","chr12","104694083","104694305","59","97856941","GACTGGGTGCTATAGCTCACACCTGTAACCCTAGCACTCTCAGAGGCCAAGGTGGGTGGATTCGCTGAGCTCAGGAGTTCAAGACCAGCCTGAGCAAAATAAGACCCCATCTCTACTAAAAATAGAAAAAGAAAAACCAGCCAGGTGTGGTGCCAGGAGCCTGTAGTTCCAGCTACTCAGAGGCTAAAGTAAGAGGATTATTTGAGCAGTAAGAGTTTGTGGTTTC","GACTGAGTACGGTGGCTCACACCTGTAATCCTAGCATTTTGGGAGGTCAAAGTGGGAGGATGACTTGAGCCCAGGGGTTCAAGACCAGCCTGGGCAACAAAGTGAGACCCTGTCTCCATAAAAATTACAAAAATTAACCAGGCATGGTAGCATGTGCCTGTAGTCCCAGCTACTCGGGAAGCTGAGGCCAGAGGATTGCTTGAGCTTAAGAGGTTGAGGCTGC"
"GL873521","6837616","6837695","chr14","61332116","61332199","24","54494500","GTTTGTGGTTGCTGTGAGCTATGACATCACAGCACTCAACCCCAGGGTGACTACATACAACTCTGTCTCAGAAAAAAAAA","GGTTGAGGCTGCAGTGAGCTGTAATTGTACCACTGCACTCCAACCCAGGTGACACAGTAAGACCCTATCTCAAACAAAACAAAA"
"GL873521","7000001","7000131","chr1","35753661","35753787","41","28753660","ACAGTAATACATACTTGTAGTTCCAGCTTCTAGGCTGAGGCCAGAAGATGGCTTGAGCCCAGGACTTTGAGGTTGCAGTGAGAGATGATGATACCTCTGTACTCTAGCCCAGGTAACAGAGACTCTGTTTC","TTAGCCAGGCATACTAGCTCATGCCTGGAGGCTGAAGCAAGAGGACAGCTTGAGCCCAGGAGTTTGAGGCTGCAGGCAGCTATGATCGCACCATCGCACTCCAGCCTGGGTGACAAGACCCCATCTC"
"GL873521","7000386","7000547","chr6","44662547","44662705","42","37662161","GGGTGTGGTGGCTCTTACCTGTAATCCTAGCACTTTGGGAGGCTGGGGCAGGCAGGAAGATTGTTTGAGGCCAGGAGTTCCAGACCAGGCTTGTCAATATAGTGAGACCCCGTCCCTATAAAAAATAGAAAAATTATCTGGGCCTGGTAATGCATACTTTGG","GGCACAGTGGCTCATGCCTATAATCTCAGCACTTTGGGAGGCCAAGGTGAGAGGATCACTTGAGCCCAGGAGCTACAGACCAGCCTGGGCAACATAGAGAAAACCCATCTCTACAAAAAATACAAAAATTATCTGGGCGTGGTGATGCATGCCTGTTGT"
"GL873521","7034228","7034543","chr6","83628974","83629284","80","76594746","GGCCAGATGCAGTGGCTGACACCTGCAATTCTATAACTTTAGGAAGGTGAGAGAATTGCTTGAGGCCAGGAGTTCCAGACCAGCCTGAACAATATAGTGAGACCCCATTGCTACAAAAATTAGAAAAATTCACTGGGTGTAATGGCCAATGCCTGTATTCCCAGATAATCCAGAGGCTGATGCTGGAAGATTACTTGAGCCCAAGAATTTGAGGTGACAGTGAGCTATGATGACACCAATGCACTCTAGCTTGGGCAATAGAGTGTGACCCTATTTCCAAAAAAAGAAAGAAAGAAAGAAAGAAAAGAAAAGAAAA","GGCAGGGCATGGTGGCTCATACCTGTAATCCCAGCACTTTGGGAGTCCAAAGTGGGTGGATCGCTTGAGTCCAGGAGTTCAAGACCAGCATGGGCAATATGGTGAAACCCTATCTCTACAAAAAAATACAAAAATTAGCTGGGCATGGTGGCATGCACTTGTATCCCAGCTACTCCAGAGGCTGAGGTGGGAGGATTGCTTGAGCCCAGGAGGTTGAGGCTGCAGTGAGCCATGATCACACCACTGCACTGTAGCCTGGGCAGTAGAGCGAGACACTGTCTAAAAAAAAAAAAAAAGAAAAGAAAAGAAAA"
"GL873521","7070010","7070206","chr5","79804250","79804453","53","72734240","GGCCAGGCAAGATGGCTCATGCCTGTAATCCTAGCATTCTGGGTGGCTGAGACAGGCATATTCCCTGAACTCATGAGTTGGAGACAAGTCTGAGCCAGAGTTAGACCTCATCTCTAAAAATAGCCTGGCATTGTGGCATACACCTGTAGTCTCAGCTACTTGGGAGGCTGAGGTGAAAGAATTGCTTAAGCCCAAGA","CAGGCACTGTGGATCACACCTGTAATCCCAGCACTTTTGGAGGCTGAGGCGGGCAGATTGCTTGAGCTCAGGAGTTTGAGACCATCTTGGGCAACCTGGTAGAACCACATCTCTACAAAAAATTAGCCGGGCATCGTGGCACACGCCTGTAGTCGCAGCTATTTGGGGGGCCTCCTGAGGTGAGAGGATTGCTTGAGTCCAGGA"
"GL873521","7070300","7070404","chr10","27497894","27497990","34","20427594","GTAAGCCCAAGATTTTGAGGTTGCTGTGAGCTATAATGCCATAGCACGCTAACTGAAGCAAAGTAACTATGACAAAGTAAGACTCGGTCTCAAGAAAGAGAAAAA","CACTTGAGCCCAGGAGGTTGAGGCTGCAGTGAGCTATCATGCCACCACACTCCAGCCTGAATTACATGGCAAGACCCTGTCTCAAGAAAAAAAAAAA"
"GL873521","7099137","7099314","chr16","419989","420167","56","6679148","GGCTGGGTGCCGCGGCTCACACCTATAATCCTAGCACTCTGAGAGGCCAAGGCAGGTGGATTGCTTGAGCTCAGGCACTTGAGGCCCTCAAATAGAAAAACTAGCCCAGCCTTGTGGTGGGCCCCTGTAGTCCAGCTACTTAGGAGGCTGAGGCATGAGGATCGATTGAGCCCAAGTA","CTGGGCACCGTGGGTCATGCCTGTAATCCCAGCACTTTGGGAGGCTGAGGCAGGAGGATCACTTAAGCCCAGGTGTTCAAAAAACAAACAAAAAAACATTAGCCAGGTGTGGTGGTGCACACCTGTAGTCCCGGCTACTCAGGAGACTGAGGTGGGAGGAGCTCTTAAGACCGAGAGGT"
"GL873521","7099591","7099694","chr5","181790038","181790151","31","174690447","TGAGGCCAAGTATTTGAAGTTGCTGTGAGCTATGATGTGGCGCTCTACCAAGGTTGATAAAGTGAGACTCTGTCTCAAAAACAAACAAACAAACAAAAAAGCAA","TTGCTTGAGCCCAGGAGGTGGAGGTTTCAGTGAGCCAAGATCGTGCCACTGCACTCCAGCCTGGGTGACAAAGTGAGACCCTGTCTCAAAAACAAACTAACAAACAAAAAACAA"
"GL873521","7182117","7182284","chr17","14741482","14741644","46","7559365","AATTAGCCAGGCATCATAGCACATGCCTATAGTCCCAACTATTCAGGAGCCTCAGGGCCAGGAGGATCCCTTGAATATAGGAGTTTGGGGTTACTGTGAGCTATAATGATACCACCCACTGCACTTTAGTCTGGGTGACAGTGAGACCCCGGCTCAGGGGGAAAAAAA","AATTAGCCAGGCATGGTGGCACATGCCTATAGTTCCAGCACTTTGGGAGGCTAAGGCAGGAGGATTGCTTGAGCCCAGGAGTTTGAAGTTACAGTAAGCTATGATCATGCCATTGCACTCTAGCCTGGGCAACAGAGTGAGACCTTGTCTCTAAAAAAAAAAA"
"GL873521","7182549","7182656","chr11","75656969","75657073","28","68474420","AACCCCAGCACTTTGGGAGGCCAAAGCAGGAGGATCATTTGAGGCCTAGGAGTTGGAAAGCAGGCAGAACAAGAGTGAGACTATCTTCATAAAAATACAGAAAAATTA","CCAGCACTTTGGGAGGCCAAGGCAAAAGGATCACTTGAGCCCAGGAGTTTGAACCAACCTAAGCAACAGAGTGAGACCCTGTGTCTACAAAATATTAAAAAATTA"
"GL873521","7224398","7224414","chr1","153358526","153358539","3","146134128","AAAAAAGAAAGTAAAAA","AAAAAAAAAAAAAA"
"GL873521","7224442","7224704","chr16","23925003","23925279","73","16700561","GTGTGATGGCTCATGCCCATAATCCTAGTACTTTGGGAAGCTTAGGCAGGAAGATTGCTGGAGGTCAGGAGTTCAAGACCCACCTGAGCAAGAATGAGACCCCCGTATCTACAAAAAATAGAAACATTAGCTGGGTGTGTTGGTGTATGTCTGCAGTACCAACTACTAGAGAGTTTGAGGCAGGAGGATCGTGTAAGCCCAGGAATTTGAGGTTGCAGTGAGCCACCACTGCACTCTACCCTGGGAGGCAGATCAAGACTGTG","GGCTGAGCGCGGTAGCTCATGCCTATAATCCCAGCACTTTGGGAGGCTGAGGCAGGTGGATTACTTGAGCTCAGGAGTTCGAGACCAACCTGGGCAACACGGTGAAACCCCTTCTCTACAAAAAACACAAGAATTAGCAGGGCATGGTGGTGTGCACCCGAAGTCCCAGCTACTCAAGAGGCTGAGGTGGGAGGATGGCATAAGCCCAGGAAGTGGAGGTTGCAGTGAGCCAAGATCATGCCACTGCACTCCAGCCTGGGTGACAGCAAGACTGTCT"
"GL873521","7244822","7245115","chr16","74165797","74166100","72","66920975","GGCCGGGCTCAGTGGCTCTATAATCCTGGCACTCTGGGAGGTCAAGGTGGGTGGATTGCTTGAGCGCAGGAGTTTGAGACCAGCCTGAGCAAGAGTGAAACCCCGTCTCTAAAAATAGCCAGGTGCTGTGGTGAGCCCCTATAGTCCCAGCTACTCAGGAGGCTGAGGCCAGAGAATCGCTTAAGCCCAGAAGTTGGAGGTTGCTGTGAGCCGTGATACCATAATTCTTTAACAAGGGTGACAGAGTGAGACTCTGTCTCAAAAAAACAAACATACAAACAAAAAAAAAAAAAA","GGCTGGGCACAGTGGCTCATGCTTATAATTCCAGCACTTTGGGAGGCCAAGGTGGGTGGATCACTTGAGCCCAGGAGTTCGAGACCAGCCTGGGCAACATGGTGAAACTCTGTCTCTACAAAAAATTAGCTGGGTGTGGTGGCTCGTGCCTGCAGTCCCAGCTACTCAGGAGGCTGAGGTGAGAGGATCAATGGAGCCCAGGAGGTGGAAGTTGCAGTGAGCCAGATCACACCACTGTACTCTCCAGCCTGGGTGACAGAGCAAGACCCTGTCTCAAAAACAAACAAACAAACAAACAAACAAA"
"GL873521","7391188","7391475","chr8","106723939","106724236","70","99332751","GGCATGGTGGCTCACACCTATAATCCTAGCACTCTGGGAGGACAAGGTGGGAGGATCCCTTGCACTCAGAAGTTCAAGACCAGCCTGAGAGAGAATAGGACCCCATCTCTACTAAAAATAGAAAAATTACCTGGGCATTGTGGTTGGTGCCTGTAGTCCCAGCTTCTTGGGAGGGTGAGGCAGGGGCATCACGTGAGCCCAGGAATTTGAGGTTACAGTTAGCTGTTTTGTCACAGCCATCTACCCAGGGCAACAGAGTGAGACTCTATCTCAAAAAGAAAAAAAGAG","GGTGCTGTGGCTCAAGCCTATAGTCCCAGCACTTTGGGAGGACAAGGTGGGAGGATCACTTGAGCCCAGCAGTTCAAGACCAGCCTGAGCAACATGATAAGACCCCATCTCTACAAAAAATTAGAAAAATTAGCCAGGCATGGTGATGTATGCCTGTGGTCCTAGCTACTTGGGAGGCTGAGGCAGGAGGATCCCTTGAGCCCAGGAGGTCAAGGTTGCAGTGAGCCATGGTTGTACCACTGTACCCCAGCCTGGGTTACACAGTGAGATCCTATCTCAAAAAAAAAAAAAAAAAAAA"
"GL873521","7391570","7391585","chr17","38661961","38661976","2","31270391","GAAAAAAAAAAGAGAA","GAAAAGAAAAAAGAAA"
"GL873521","7411261","7411442","chr4","57296207","57296386","41","49884946","AGAAAGAAAGAAAAAAAATTAGTCAAGAATGGTGGCATGCACCTATATTCCCAGCTACTCAAGAGACTGAAGCAGGAGGATTACTTGAGCTCAGGAGTTGGGGGCTGCAGTAAGCTTTGACTATACTAATGCACTCCAGCCTGGGTGACAGAGCGAGACCCTGTTTCAAAAAAGAAAAAAAA","AAAAAAGAAAAATTAGCCAGGCATGGTGGCATGTGCCTGCAGTCCCAGCTACTCAGGAGACTGAGGTGGGAGGATTGCTTGAGCCAGGGAGATTGGGGCTGCAGTGAGCTGTGATATCATGCCACTGTACTCCAGCCTAGGCCGCAGAGTGAGACCCTGTCTCAAAACAAAAACAAAAAA"
"GL873521","7411723","7411845","chr16","11721596","11721721","28","4309873","GGCTGGGTGCAGTGATCCTAGCCTTTTGGGAGGCTGAGGCAGGAGGACTGATTGAGGCCATGAATTTGAGACCAGCCTGAGCAAGAGTGAGACCTTGTCTCTGCAAAAAATAGGAAAATTAGT","GGCTGGATGCGGTGGCTCATGCCTTTTGGGGAGGCTAAGGCAGGAGGATTGCTGGAGCCCAGGAATTAAAGACCAGCCTGGGCAACATAGTGAGACCTCGTCTCTACAAAATTAAAAATTAAGTTT"
"GL873521","7473204","7473396","chrX","14950093","14950281","51","7476889","CAAAAAAAAAACCTTAGCCAGGTATGGCAGCACAGATTTGTCATCCCAACTACTCAAGAAGCTAAGGTGAGAAGATCACCTGAGCACAGGAGTCTGAGGTTATAGTGAGCTGTGACTGGGCCATTCACTACATTCCAGCCTATGCTATAGAGTAAGACCCTGTCAAAAGAAAAAAAAAGAGAGAGAGAGAAAA","TCAATAAATAAAAATTAGCCAGGCATGGTAGCACATGCCTGTCGTCCCAGTTACTCAGGAGGCTGAGGTGGGAGGCTCACCTGAGCCCAGGCATTGAAGGCTGCAGTGAGCTATGATCACAACACTGCATTCCAGCCTGGGTGACAGAGCAAGACCCTGCCTCAAAATAAAATAAAGAAAGAAAGAAAA"
"GL873521","7473423","7473542","chr14","57739259","57739375","24","50265836","CTGGGCACAGTGTTCATGCCTGTAATTTGAGCACTTTGGGAGGCCAAGGCTAGAGGATCACTTGAGGCCAGGAGTTTGAAACCAGCCTCAGTAACACAGAGAACCCTCATCTCTATTTAA","CTGGGTACATTGGCTCAAGCCAGTAATCCCAGCACTTTGGGAGGCCAAAGCAGGAGGATCACTTGAGGCCAGGAGTTTGAGACCAGCCTGGGTAACATGAGACCCTGTTTCTACAAA"
"GL873521","7573100","7573248","chr5","35112160","35112317","42","27539060","AGCCAGATGTGGTCTATAGTCCACAGCTACTTAGAGGCTGAGGCAAAGGGATCACTTGAGCCCGAGAGTTCAGGGCTGTGGTGCACAATGATCATGTCTGTGAATAGCCACTGCACTTCAGCCTAGGCAACATAGCAAGACCCTATCTC","AGCCTGGTGTAGTGGCACATGCCTATAGTGTCAGCTACTGGAGAGGTTGAGGCAGCAGGATTGCTTGAGTCCAGCAGTTCAAGGCTGTAGTGCACGATGATGGTGCCTGTGAATAGATACTGTGCTTTAGCATGGGCAACACAGCAAGACTCTGTCTG"
"GL873521","7601934","7602029","chr5","155700261","155700353","20","148098327","GGCTGAGCCCAGAGGCTCATGCCTGTAATTCTAGCACTCTGGGAGGCTGAGGCAGGTGGAGTGCTTGAGCTCAGGAGTTAAAAAAATCCAGTTTGA","GGCCGGGCACAGTGGCTCATGCCTATAATCCCAGCACTTTGGGAAGCTGAGGCAGGAGGATTGCTTAAGCCCAGGAGTTCAAGACCAGTCTTG"
"GL873521","7602314","7602531","chr2A","29137649","29137868","57","21535335","GACCAGTGTGAGCAAGGGCAAGACTCTGTCTCTACTAAAAATAGAGAAACTAGCTGAGCATTGTGGTGGGTGCCTAAAGTCTCAGCTGCTCAGGAGGATAAGGCAGGAAGATCTCCTGAGCCCAGGAGTTTGAGGTTGATGTGAGCTATGATGATATCGCATTCTAACCAGGTAACAGAGTGAGGCTTTGTCTCAAAAAAAAAAAAAAAAAAGAAAAA","CAGCCTGGTCAACATAGGGAAACTCTGTCTCTACAAAAAGTTAAAAAATTAGCTGAGCATGGTGGCACATGCCTGTAGTCTCAGCTACTCAGGAGGCTGAGGCAGGAGGGTCACTTGAGCCTGGGAGGCTGAGGCTGCAGTGAGCTGTGATCATGCTATTGCACTCCAGCCTGGGAGACAGAGTGAGATCCTGTCTCCAAAAATAAAAAATAAAAATAAA"
"GL873521","7608283","7608358","chr9","32411376","32411450","22","24803093","AGGCTGAGGAGGAAAGATTACTTGAGCCCCAAAATCTAGCCTTGGTGACATAGTGAAACTCTGTCTAAAAAAAATA","AGGTGGGAAGAGTACTTGAGGCCAGGAATTCAAATCTAGCCTGGGCAACATAGTGAAACCCTGCCTTAAAAAAAA"
"GL873521","7633232","7633420","chr7","4237351","4237553","52","3395881","GTGGTGGCTCATGCCTGTAATCGTAACACTCTGGGAGGCTGAGGTGGGTAGATTGCTTCAGCTTAGGAGTTCGGGACCAACCAAAGCAAGAATGAGACCCCCTCTCTACTAAAAACAGAAAGACTAGCCAGGCATTGTAGCAGGTCCTGTAGTCGCTACTCAGGAGGCTGAAGCAGGAGGATCACTTAA","GGTCAGGCATGGTGGCTCATGCCTGTAATCCCAGCACTTTGGGAGGCCGAGGTGGGCAGATTGCTTGAACTCAGGAGTTGAAGACTAGCCTGGGCAACACGGCAAAACCCCATCTCTACTAAAACTACAAAAACTAACTGGGCATGGTGGCACGCGCCTGTAGTCCCAGCTACTGGGGAGGCTGAGGTAGGAGGATCACTTGA"
"GL873521","7636438","7636492","chr5","38545852","38545906","11","30909414","ATTCAAGCCTGGGTGACAGAGTGAGACACTATCTAAGAACAATAAATAAATAAAA","ATTCCAGCCTGAGTGACAGAGTGAAACCCTGTCTCAAAACAAAAACAAAAACAAA"
"GL873521","7696982","7697091","chr9","129918441","129918551","24","122221459","TAATCCTAGCACTCTGGGAGGCCAAGGTAAGTGGATTGCTTGAGCTCAGGAGTTCAAGAGCAGCCTGAGCAAGAACAAGACCCCAACTCTATTAAAAATAGAAAAAAGCA","TAATTCCAGCACTTTGGGAGACTGAGGCAGGAGGATTGCTTGAGCTCAGGAGTTCGAGACCAGCCTGGGCAACATATTGAGTCCTCATCTCTATTAAAAATTAAAAAAATA"
"GL873521","7697336","7697489","chr7","132712253","132712405","44","125014917","GTAGAAAAAAGGCCAGCTGGGCATAGTGGTACATGCTTGTAGTCCCAGCTACTTGGAGACTAAGGTAAGAGGACTGCTTAAGTCCAAGAGCTTAAGGTTGCTGTGAGCTATGACACCACAGGGTGATAAGAGTGAGACTGTCTCCAAAAAAAAA","GAATTAAATAAAAATTAGCAGGGCATGGTGGCATGTGCCTGTAGTGCCAGCTACTTGGGAGGCTGACGCCAGAGGATTACTTGAGCCCAGGAGTTGGAGGTTACAGTGATCATGCCACTGCATGACAGAGTGAGACCCTGTCTCAAAAAAAAA"
"GL873521","7750582","7750651","chr7","149337669","149337736","11","141587087","GCTGGGTAAGAGTGGCTCATACCTATAATCCCAGCACTTTTGGGAGGCTGAAACAGGAGGATCACTTGAG","GCTGGGCACAGTGGCTCACACCTGTAATCCCAGCACTTTGGGATGCTGAGGCAGGAGGATCATTGGAG"
"GL873521","7784733","7784858","chr3","160952502","160952627","25","153167769","GGCCGGGCATTGATGGCTTCTACCTGTAATCCCAGCACTTTTGGAGGCTGAGGTGGGAGGTTTCATTGAGATCAGGAGTTTGAGACCAACTTGGGCAACAGTGAGACCCTGCCTTAAAAAAAAAAA","GGCCAGGCATGGTGGCTCACACCTGTAATCCCAGCACTTTGGGAAGCTAAGGTGGGAGGATCGCTTGAGCACAGAAATTTGAGACCAGCTTGGGCAACATAGAGATCCTGTCTCTATTAAAAAAAA"
"GL873521","7784884","7785052","chr16","1604263","1604439","38","6180621","AATTAGGCAGGCATGGTGGCACTTGTCCCAGCTACTTGGAAGGCTGAAGGAGGAGGATCACTTGAGCCCAGGAGTTAGAGGTTGCTGTGAGCTTTGATGCCACTGTACTCTAACCTGGGCAACAGAGTGAGATGTGCCTCAAAAACAAACAAACAAACAAAACCAAAAA","AATTAGCCAGGCATGGTGATTGGCACCTGTGGTCCCAGCTACTTGGGAGGCTGAGGCAGGAGGATGAATTGACCCCAGGAGTTTGAGGCTGCAGTGAGCTATGATGGCACCACTGCACTCTAGCCTGGGCGACAGGATGAGATCTGTAAAAAAATAAATAAAAATGAAAATAAAAAA"
"GL873521","7870707","7870997","chrX","70230306","70230599","61","62359599","GCTGGGCACAGCAGCTCACACCTGAAATCCCAGTACCCTGGAAGGGTGAGGATGGAGGATCACTTGTGGTCAGGAGTTCAAAAACAGCCTAAGCAAGAGTGAATCGCCATCTCTATTAAAAATAGAGAAATTAGCCAGGTGTGGTGGCATTTGCCTGTAGTCCCAGCCACTTGGGAGGCTGAGGCAGGAGGATCATTAGAACCCAGAAGGTGGAGGTTGCAATGAGCAGTAATGACACCACTGCACTCCAGCCTGGGTGACAGAGCAAGTCTCTGTTTCAAAAAAAAAAAA","GGCCAGGTACAGTGGCTCACACCTGTAATCCCAGCACACTGGGAGGCAGAGGCGGGCAGATCATTTGAGCTCAGGAGTTCAAGAGCAGCCTGGGCAACATGGTGAAATCCCATCTCTACAAAAAATAGAAAAATTAGCCGAGTGTGGTGGCACTCCTCTGTAGTCCCAGCTACTTGGAAGACTGAGATGGGAGGATCATTTGAGCCCAGGAGGCGGAGGTTGCAGTGAGCTGAGATTGCACCACTGCCCTCCAGCCTGGGCAACAGAGCAGGACCCTATCTCAAAAAAAAAAAA"
"GL873521","8041789","8041920","chr12","80555695","80555826","29","72513906","GTGGTGGCTCATGCGGATTATCCCAGTACTTTGGGGAGGTTGAGGCAGGAGGATTGCTTGAGCCCAGGAATTTGAGACCAGCCTGAGCAACATAGTAAGACTCTATACAAAAAAATAGAAAAATTAGCCTGG","GTGGCTCATGCCTGTAATCCCAACACTTTGGGAGGCTGAAGCAGAAGGATTGCTTGAACCAGGAGTTTGAGACCAGCCTGGGCAACATAGTGAGACTATCTCCACAAAAATAAATAAAAAATTAGCTGGGCA"
"GL873521","8042182","8042375","chr4","7236991","7237179","49","805191","GGTAAAAAAGAAAAAGAAAAATTAGCCAGGAGCACTAGCTTACGGCTTGTAGTCCTAGCTACTCAGGAGGCTGAGGTAGGGGAATTGCTGGAGTCCAGGAGTTTGAAGCCACAGAGAGCAAAGACCACACCACTGTACTCCAGCCTAGGCAATAGAACAAGACCCTGTCTCTGAAAAAAATAAATAAAAATAAA","TAAAAAAAATACTTAAAATTAGCCAGGCGTGGTGGCACACACCTGTGGCCCCAGCTACTCAGGAGGCTGTTGTAGGAGGATCCCTTGAATCCAGGAGGTCAAGGCTGCAGTAAGCCAAGATCACGCCACTGCATTCCAGCCTAGGCAACAGAGCAAGATCCTGTCTCTTAAAAAAAAAAAAAAAAAGAA"
"GL873521","8067082","8067383","chr20","31024244","31024552","81","22957162","GGCCAGGTGTAGAGGCTCACACTTATAAGCCCAGCACCCTGAGAGGCCGAAGTGGGTGAACTGCTTGAGCTCAGGAGTTCAAGAGTAGCCTGAGCAATAGTGAGAGCCGATTTCTACTAAAAACAGAAAACCTAGCCAGGCACTGTGGTGGCGTCTATAGTCCCAGGTACTCGGGAGGCTGAGGCAGGAGGATTGCTCAATCCTAAACTTTGAGGTTGCTGTGGGCAATAATGCCATATCTCTACCCAGGGGAAAAGAATGAGACTCTGTCTAAATAAATAAATAAATAAAATAAAAACAAA","GGCCAGGCACAGTGGCTCACACCTGTAATCCCAGCACTTTGGGAGGCCGAGGTGGTGGACTGCTTGAGCTCAGGAGTTCAAGACCAGTCTGGGCAACATGGCAAAACCTTGTCCCTACAAATAATACAAAAATTAGCCAGGTGCGGTGGCATGTGCCTGTAGTCCCAGCCACTTGGGAGGCTGAAGTGGGAGGATTGCTTGATCCTGGGAGGTAGAGGCTGCAGTGAGCCATAATTGTGCCACTGCACTCCAGCCTGGGCAACAGAGTGAGACCCTATCTCAAAAATAAATAAATAAATATAAAGAAAA"
"GL873521","8204885","8205108","chr10","14099107","14099324","63","5894222","CGAATTCGAAACCAGCCTGAATAAGAGTGAGATCCGTCTCTAATGAAAAGAGAAAAACTAGCAGGTTTTGTGGTGGGTGCCTTTAGTCTCAAGCTACTTGGGAGCCTGAGGCAGGAGGATCACTTAAGCCCAGGAGTTTGAGGTTGCTGTGAGCTATGATAACATTAGGGCATTCTAGCCTGGGAAACCGAGTGAGACTCTGTCTTAGAGAAATAAAAAATAAA","AGACCAGCCTGGGCAACATGACAAGATCCCGTCTCTACAAAAAATACAAAAATTAGCAGCGTGTGGTGGGGTGTGCCTGTAGTCCCAGTTACTTAGGAGGCTGAGGCAGGAAGATCACTTGAGCCCAGGACGGGGAGGTTACAGTGAGCCGTGATCACACCACCACACTCCAGCCTGGGTGACAGAGTGAAACTCTGTCTCTATAACAAACAAACAAA"
"GL873521","8205374","8205463","chr18","31130683","31130770","22","22925309","GCCGGACATGGTGGCTCATGTCCCTCCTGTAACCCTAGCACTCTGGGAGGCTTTGGCCTAAGGATTTGAGCTCAAGAGTTTAAGACCAGG","GGCCAGGCATGGTGGCTCACACCTGTAATCCTAGCACTTTGGGAGGCTAAGACCAGAGGATAATTAAGCTCAGGAGTTCAAGACCAGC"
"GL873521","8530940","8531225","chr4","131255414","131255698","71","122724474","GTCAGGTGTGATGGCTCGTCCTGTAATCCCAACACTCTGGGAGGCTGAGGCTGGTGGTTTGCTTGAGCTCAGGAGTTCTGAGACCATCCTGAGGTAAGAGTGAGACCCCATCTCTACTAAAATTAGAAAAAAAATTACCCAGGTGTAGCGGTGATGCCTGTAGTCCTAGCTACTTGGGAGGCTGAGGCAAGAGGATTGCTCAAGCCTGAGAATTTGAGGTTGCTGTGAGCTATGACTCCATCGCACTCAACCCCAGGGTGACTGAGTGTGATTGTCTGAAAAAGAA","GGCAGGACACGGTGGCTCACACCTGTAATCCCAACACTTTGGGAGGCTGAGGCAGGTGGATCACTTGAGCTCAGGAGTTGAGACCAGCCTGGGCAACATGGTGAAACCCCATCTCTACTAAAAATACAAAAATTAGCCAGGCATGGTTGTGGATGTCTGTGGTCCCAACTACTTGGGGGGCTGAGGCAGCAGGATTGCTTAAGCCTGGTAATTTGAGGCTGCAGTGAGCCATGTTCTTGCCAGTGCTCCAGCCTGGGTGACAAAGCAAGACCCTGTCTCAAAAAA"
"GL873521","9138426","9138710","chr17","16672309","16672598","64","7533883","GGTGGCTCATGTCTGTAATCCGAGCACTCTGGGAGGCTAAAGTGGAAGGATCACTTGAGCTCAGGAGTTTGAGACTAGCCTGAGCAAAAGTGAGAACAATGTCTCTATTAAAAATAGAAAATTAGCCAGGTGTTATGATAGGTGCCTGTAGTCCCAGCTATTCAGGAAGGCCAGGAAGGAGGATCCCTTGAGCTGGGGAGTTTGAGGTTGCTGTGAGCTGTGATGACACCATGGCACTCTACCCATGATGACAGAGTAAGACTGTCTCTAAAGGGAGAAAAAAAA","GTGGCTCACACCTGTAATCTCAGCACTTTGGGAGGCTGAGGCGGGAGGATCACTTGAGCCCAGGAGTTTGAGACCAGCCTGAGCAACATAGTAGGCTCCTGTCTCTACAAAAAAATACAAAAATTAGCTGGTACTGGTGGCATGTGCCTGTAGTCCCAGCTACTCAGGAGGCTAAGGCAGGAGAATCGCTTGAGCCCAGGAGGTTGAGGCTGCTATGAGCTGTGATGGCACCACTGCACTCCAGCCTGGGTGACAGAGTGAGACCTGGTCTCAAAAAGAAAAAAAAAAAA"
"GL873521","9337001","9337128","chr7","153795408","153795531","29","144458407","CTGGGCTCAGTGGCTCATGCTTGCAAGCCCAGCACTCTGGGAGGCCAAGGCAGGTGGATTGCTCGAGTTCAGGAATTTCAGACCAGTCTAAGAAAGAGTGAGAGCCCATCTGTACTAAAAATAGAAAC","CTGGGCACAGTGGCTCACGCCTGTAATCCTAGCACTTTGGGAGTCCAAGGCAGGAGGATGCTTGAGTCCAGGAGTTCAAGACCAGCCTGAGCAATATAGTGAGACCCCCATCTCTACAAAAAAA"
"GL873521","9337149","9337320","chrX","5183862","5184037","43","4153287","TAAAATACTAGCTGGGCATTGCGATGGGTGCCTGTAATTCCAGCTACTCAGGAGGCTGAAGCAAAAGGATCACTTGGGCCCAAGAGTTTGCGGTTGCTGTGAGCTGTGATTACACCACAGCACTCTCCCCAGGCAGAGAGAGACTCTGTCTTTAAAAACAAACAAACAAAAA","ATAAAAATATTAGCTGGGCATGCTGGTACATGCCTGTAGTCCCAGCTACTCAGGAGGCTGAGGCCTGAGGATCACTTGAGCCCAGGAGTTCCAGGTTGCAGTGAGCCGTGATTGCACCATTGCACTCCAGCCTGGGCCACAGGGCTAGACCCTGCTCAAAAGAAAACAAAAAAGAA"
"GL873521","9671716","9671832","chr6","38551166","38551279","31","28879450","GGCTAGGCAGGGAGGCTCAAAACTAAAATTTTAGCACTCTGAGAGCCCAAGGTGGGAGAATTGCTTGACCTCGGGTGTTTGAGACCAGTCTGAGCAAGAGTAACATCACATCTCTAC","GGCTAGGCGTAGGGGCTCAAACCTGTAATTCCAGCACTTTGGGAGGTCAAGGTGGGAGGATTACCTGAGGCCAGGAGTTTGAGACCAGCCTGAGCAACAGTGAGACTTTGTCTC"
"GL873521","9671895","9672063","chrX","24568892","24569057","39","14896997","TAATTAGCCAGGCATAGAGGTGGTATACACCTGTAGTCCCAGCTACTCTGGAGGCTAAGTCAGAAGGACTGGTTGAACCCAGGAGTCTGAGGTTGCTGTGACTAGGCTGATGCCACAGAACTCTAGCCTGATCAACAGAGTGAGACTCTGCCTCAAAATAAAAAAGGAA","AAATTAGCTAGGCATGGTGGCATGCAACTATAGTCCCAACTACTCAGGAGGCTGAGGCCGGAGGATGGTTTGAGCCCAGGAGGTGGAGGTTGCAGTGAGCCAAGATCACACCACTGCACTCCAGCCTGGGCAACAGAGTGAGACCCTGTCTCAAAAAAAAAAAAAA"
"GL873521","9699009","9699116","chr16","57943722","57943822","32","48244713","TCTGAGACACTCGGGAGGCTGAGCCTAGGAGTTTGAGGTGACAGTAAGCTAAGTTGATGTCACTGCATTCCATCCTAGGCAACAAAGCAAGATCTTATCTCTAAAAGA","GGAGGATTGCATGAGCCCAGGAGGTTGAGGCTGCAGTGAGCCAAGATCGTGCCACTGCACGTCAGCCTGGGCAACAAAGCAAGACTCTATCTCAAAAAAAA"
"GL873521","9699330","9699522","chr6","3030697","3030873","65","6668633","GGCTGCATGTGGTGGCTCGTGACTGTAATTTCACCACTTCAAAAGGCTGAGGCAGAGGAGTCACCTGGGGCCCAGAAAGTCACCCTTAAAGTCCAGCCTGAGTAACACAGTGAGACCCAAGATCCCAACTCCACAAAAGAAAAAAGAAGGGAAAGGAAAGAAAAGAAGAGTGGTGTGTGGTGACCTCCTAGAC","GGCCAGGCATGGTGGCTCTCCCCTGTAATCCCAGCACTTTGGGAGGCCAAGGCAGAAGGATCGCTTGAGCCCAGGAGTTTTAAGACCAGCCTGAGCAACACAGAGAGACCAGATCCCACTTCCACAAAAAAAAAAAAAAAATATTTGCCAGGCGTGATGGTGCATGCCTGTAGTCCC"
"GL873521","9879625","9879892","chr2A","20521665","20521953","79","10642040","GGGTGGGCACTGTGGCTCAGGCCTCCTAGCACTCTGGGAGGCCGAGCTGGGTGGATGACTTGAGCTCATGAGTTTGAGACCAGACTGAGCAAGAGCAAGCCCCATTTTTAAAAATAGCCAAGTGTCATGGTGGGCATCTATAGTCCCAGCCAGTTGGCAGGCTGAGGAAGAAGGCTTACTTGAGCTCAAGAGGTAGCTGTGAGCTGTGATGCCATGGCACTCTACCCAGGACAACAAAGTAAGACTGTCTCCAAAAAAAAGAAAAAAA","GGCTGGGCACAGTGGCTCACGCCTGTAATCCCAGCACTGTGGGGAGGTCAAGTTGGGTGGATTGCTTGAGCCCAGGAGTTTGAGACCAGCCTAAGCAATAGGCAAAACCCTGTCTCTACAAAAATCAGCCAGGTATGGTAGTGCGTACCTGTAGTCCCAGCTACTCAGGAGGCTGAGGTGGGAGGATCACTTGAGCCTGGGAGGTGAAGGCTGAAATTAGCCATGATCATGCCACTGCACCCCAAGCCTGGGCAACAGAGCAAGACCTTGTCTCAAAAAAAAAAAAAAA"
"GL873521","10097455","10097754","chr11","114714719","114715027","67","104617264","GGCCTGGGTGTGGTGGCTCACACCTTAATCCTAGCACTCTGGGACGATGAGGCAGGTTTGCTTGACCTCAGGAGTTTGAGAGCAGCCTGAACAAGAGTGAAACTCTGTCTCTACTAAAAACAGAAAAACTAGCCTAGTGTAGTGGTGCACCCCTGTAGTCCCAGCTGCTCAGGAGGCTGAGGCAAGAGGATCACTTGAGCCCAAGAGATTGAGGTTACTGTGAGCTGTGAGGCTGTGTTACTCTACCCAGGGCAAGAGAGTGAAGCCATCTCAAAAAAAAAAAAAAAAAAAAAAAAAAAA","GGCCAGGTGTGGTGGCTCACACCTGTAATCCCAGCACTTTGGGAGGCTGAGACAGGTGGATTGCTTGAGCCTAGGAGTTCGAGACCAGCCTGGCAACATGGCGAAACCTTGTCTCTACAAAAAATACAAAAATTAGCCAAGTGTGGTGGTGCACACCTGTGGTCCAAGCTACTCGAGAGACTGAGGTGGGAGGATTGCTTGAGCCCAGGAGGTTGAGGCTGGGGTGAGTTGAGATCATGCCACTGCATTCCAGCCTGGGCAACAGAGGAAGACCCTGTCTCAAAAAAAAAAAAAAAAAAAAAAAAAAAA"
"GL873521","10225742","10225927","chr15","49930173","49930354","59","39704431","TGGCTTACACCTGTAATCCTAGCACTTTGGGAGGCCACAGCAGATGGCTGCTTGAGCTCAGGAGTTCAAGCCTAGCCTAAGCAAGCCAGAACCATTGCCACTAAAAACAAAAAAAATAGCTGGAGTTGTGGGCACCTGTAGTTAGTTCCAGCTACTTAGGAGGCTGAGGAAAAAGGATGGCTTGAT","GCCTGTAATCCCAGCACTTTGCGAGGCCGAGGCCAGGCAGATCACTTGAGCCCAGCAGTTCAAGACCAGCCTGGGCAACATGGCAAAACTCCTTCTCAACAAAATACATAAAAATTAGCTGGGTGTGGTGGCATGTACTTTCAGTCCCAGCTACTCAGGAGGCTGAAGCAGGAGGATCATTT"
"GL873521","10226192","10226278","chr4","154285033","154285123","27","144058841","GAGGATGGCTTGAGCCCAAGAGTTTGAGGTTGCTATGAACTATGATGTCATGGCACTCTATCCCTGGCCACAGAATCAGACTCTGTC","GGAGGATCACTTGAGCCCAGGTGGTTGAGGCTGCAGTGAGCTGTGTTTATACCACCACACTCCAGCCTGGGCCGCAGAGTGAGACTTTGTC"
"GL873521","10399308","10399475","chr9","96945917","96946089","50","86546609","GGCCAGGTATGGTAGCTCACACCTGTAATCCTTGTACTCTGGGAGGCTTAGGAGCAAAGATCACCTAAGTGTAGGCATCTGAGACCAGTTTGAGCAAGTGAAACCCCATATTTACTAAAATTAGAAAAATTAGCTAAATGTTGTGGCAGGAACCTATCGTCCTAGCTA","GCCGGGTACAGTGGCTCACACCTGTAATCCCAGTACTTTGGAAGGCCAAGGCCAGAGGATTACTTAAGGCCAAGAGTTTGAGACCAGTCTGGGCAACATGGTGAAACCCCATCTGTACAAAAAATACAAAAATTAGCTGGGCATGAGGGCATTTGCCTGTGGTCCTAGCTACT"
"GL873521","10449464","10449583","chrX","134402652","134402771","17","123953188","GGCCAGAGGTGGTAGTTCATGCCTATAATCCCAGCAATTTGGGAGGCTGAGGGGGGAGGATAGCTTGAGGCCAGGAGTTTGACCCCTGCCTAGGCAACATAGTGAGACCCTATCTCTACT","GGCCAGATGTAGTGGCTCATGCCTGTAATCCCAGCACTTTGGGAGGCTGAGGTGGGAGGATCACTTGAGCCCAGGAGTTTGAGACCAGCCTGGGCAACATAGCAAGACCCTGTCTCTACT"
"GL873521","10449618","10449745","chr1","23164480","23164594","46","12714862","CCAACCATAATCGAGCACCTACAGTTCTAGCTACTCCGCAATCTCAGGCAGGGGAAGATTGCTTGAGTCTAGGAGTTCAGGGTAAGCTACTGCCCTTCAGCCTGGGAAACAGAGGAAGACCTTGTCTC","GGCCAGGCACAGTGGTGCCTACCTACAATCCCAGCACTTTGGAAGGCTGAGGCAGGAGGATCGTTTGAGGCCAGGAGTTCAAGATCAGCCTGGGTAACATATCAAGACCTGTCTC"
"GL873521","10796827","10797050","chr7","39187608","39187844","67","28390781","ACTCTGGGAGGCCAAGACAGGTGGATTGCTTAAGCTCAGGAGTTGGAGACCAGCCTAAGCAAGAGTGAGACCTCGTCTCTAAAAATATCTGGGCATTGGTTGGGCACCTGTAGTCCCAGCTACTCAGGAGGCTGAGGCAATAGGATTGCTTGAGCCTAAGGATTCCTGTGAGCTATGATCCCACAGCACTTTACCAAAGGTGACAAAGTGAGACTCTATCTCAA","CACTTTGGGAAGCCAAGGCAGGAGGATTGCTTGAGTGAAGGAGTTCAAGACCAACCTGGGCAAGATTGGGAGAAAAAAATTAAAAATTAGCTGGGCATGGTGGTGCATGCCTGTAGTCTCAGCCACTGGGAAGGCTGAGGCAGGAGGATCGCTTGAGCCTGAGAGATTGAGGCTGCAGTGAGCCTTGATTGTGCCACTGCACTCCAGCTTGGGCAACAGAGTGAGACCCTGTCTCAA"
"GL873521","10797081","10797110","chr4","40399247","40399277","7","29602166","CTGGGTGCAGTGGCTCATAGTTGTAATCCT","GGCTGGGTGCAGTGGCTCACATCTATAATCC"
"GL873521","11204849","11204966","chr7","73480490","73480609","28","62275641","GGCCAGGCATAGTGGCCTCCAAAAATCTTAGGACTTTGGGAGGTAGAGGTAGGAGAACTACTTGAGCCAAGGAATTCAATACTAGCCTGACCACAATAATGAGACCCTACCTCTACCA","GGCCAGGCACAGTGGCTCATGCCTATAATCTCAGTGCTTTGGGAAACTGAGGCAGGAGGATCACTTGAGCCCAGGAGTTCAAGACCAGCCTGGACAGCATAATGAGACTCCACCTCTACA"
"GL873521","11205003","11205140","chrX","7019379","7019524","37","4185624","TAGCCAGGCATGGTGGCACATACCCAAGTCCCAGTTACAGAAGAAGCTGAGGGAAGGGTATCAGGCCCAGAAGTTCAAGGTTGCCATGAGAGATGATCACACCACTGCAGTTCAGCCTGGGCAGCAGAGAGACCCTAT","TAGCCAGGCATGGTGGCACATGCCTGTAGTCCCAGCTACTCAGAAGGCTGAGGTCGGAGGATCTCTTGAGCCCTGGGGTGCAAGGCTGCAGTGAACCATGATCACACCAGTGCACTGCAGCCTGGGCAACACAGCAAAACCCTGTC"
"GL873521","11332611","11332889","chr9","110082691","110082973","78","98750080","GACGGGGAGCCATGGCTTGAGACTGTAATCCTAGTACTCTAGGAGGCCAAGGTGAGTGGATTACTTAAGCTCAGGAGTTAAAGTCCAGGCTGAGCAAGAGTGAGACCCTGTCTCTCCCCCAGATAGGAAAACTAGCCGGACATTGTAGTAGGCACCTGTAGTCCCAGCTTCTGAGGAGGCTGAGGCAAGAGGATTGCCTGAGCCCAACAGTTTGAGGTTGCTGTGAGCTAAAATGCCATGGAACTCTACCCATGGTGATGGAGTAGGATTCTGTCTCAA","GACTGGGCATGGTGGCTCCCAAAGTGTAATCCCAGCACTTTGGGAGGCCAAGGTAGGTGGATTGCTTGAGCCCAGGAGTTTGAGACCAGCCTGGGCAACATGGTAAAACCCTGTCTCTACAAAGAATACAAAAATTAGCTGGGCATGGTTGCATGCACTTGTGGTCCCAGCTACTCAGGAGGCTGAGGTGGGAGGGTCACTTGAGCCCAGGAGATTGAGGCTGCAGTGAGCTGAGATCGTGCCACTGCACTCTAACCTGGGTAATGGAGTGAGACCCTGTCTC"
"GL873521","11332916","11332939","chr22","30701628","30701648","4","19368712","ATAAAACTAAAAAGTAAGAAAAAA","AAAAACTAAAAAGAAAAAGAA"
"GL873521","11407564","11407699","chr17","81073514","81073640","45","69665950","AAAAACTAATGGCTGGGCATAGTATGTGTAGGTAGACTAGGCTACTTAGGAGGTCAAGGCAGAAGAATCACTTGAGCTCATGAATTTGAGGCTAGCATGGGCAATGATACCTCAGGTCTCAATAAAATATAAAAAA","GCCAAGCACAATGGCTCATGCTGGTAATTCTAGTACTTTAGGAGGCCAAGGCAGTAGGATCACTTGAGGCCAGGAGTTTGAGACCAGCGTGGGCCACACAGAGACCCTCCCTGTATAAAAAAAAAAA"
"GL873521","11442747","11442764","chr1","62222108","62222122","3","50779361","CCCATAAAATAAAATAAA","ATAAAATAAAATAAA"
"GL873521","11442802","11443056","chr17","73117863","73118118","82","61675061","GGCTGGGCGTGGTGTTTCATGCATGTAATCCTAATACTTTCAGAGGCTGAGGTGGATGCACTGCCTGAGCTCAGGATTTTAAAGCCAGCCTGAGGAAGAGCAAGACCCCATCTCTAAAAAATAGCTGGGCATTGTGGTGGGTGCTTGTAGTCCCCATTGTGGTGGGTGCTTGTAGGTAGCTCACGAGTTTGAGGATGCTGTGAGCTATGATGCACCACACTTCTTTCTACCCAGGGAGACAAAGCAAGACTCTGT","GGCCGGGCGTGGTGACTCATGCCTGTAATCCCAGCACTTTGGGAGGCCGAGGCGGGTGGATCACCTGAGCTCAGGAGTTCAAGATCACCTTGGGCAATGTAGTGAGACCTCACCTCTACAAAAATGAGCCAGGCATGGTAGTGCATGCTTGTAGTCCTGACTGAGGCAGGAGGATGATGAGCCCAGGAGGCAGAGGCTACAGTGAGCCATGATCGCTCCATCGCACTCTAGCCTGGGTGATGTGACACCCTGTCTC"
"GL873521","11751009","11751243","chr8","26546785","26547018","61","14795776","CAAGACCAGCCTGAGCAAAGCTAAACCCTGTCTCTACTAAAAATAAAAGGATTAGCTAGGTATGGTGGCATATGCCTGTAGTCCCAACTGCTCAGGAGTCTCAGGCAAGAGGATTGCTTGAGCCCATGAGTTAGAGGTTGCTGTGAGCTTTGATGTCATGGCACTCTATCCAGGGCAACTGAGTGAGACTGTCTCAAAATAAATAAATAAATAAATAAGAAAGAAAGAAAGAAAA","CAAAATCAGCCTGGGTCACATGGTAAAACCCCATCTCTACAAAAAATACAAAAATTAGCCAGGTATGGTGGCTTACACCTGTACTTCCCAGCTACTTGGGGGGCTGAGGCGGGAGGATCGCTTGAGCCCAGGAGGTAGAGGTTGCAGTGAGCTGAGATCGCACCACTGCACTCCAGCCTGGGTGACGGAGTGAAACCCTGTCTTAAAAAAAAAAAAAAAAAAAAAAAAAAAGAA"
"GL873521","12019379","12019705","chr16","68023292","68023602","103","56003913","GCTCACACCGATAATCCTAGCTCTGGGAGGCTGAGGGGGCAGGATCTCTTGAGCTCAGGAGTTTGAGACCAGACAGAGCAAGAGTGAGACCTTGTCTGTACTAAAAATTAACCAGGTGTGGTGGAAGGTGCCATCGTCTCAGCTACTCTGGAGGCTGAGGCAGGAGGATCCCTTGAACCCAGGAGGTTGAGGTTGCTGTGAGCCAGGCTAATGCCAAGATCTGGGGCATCAGAGTAAAACTGAGGTTGCTGTGAGCCAGGCTGATTCTAGCCTGGGCAACAGAGTAAGACTCTGTCTCAAAAACAAACAAACAAAAAACAAAAAAAA","CGGTGGCTCACACCTGTAATCCCAGCACTTTGGGAGGCTGAGGTGGGAGGATCACTTGAGCTCAGAAGTTTGAGATCAGCCTGGGCAACATGGCAAAACCTATCTCTAGAAAAAATACAAAAACTAGCCAGAGTGGCACGTGCCTGTTGTCCTAGCTACCCAGGAGGCTGAGGTAGGAGGATCACTTGAACCTGGGGGCAGAGATTGCAGTGAGCCATGATTGTGCCACTGCACTCCAGTCTGGGCAACTCCAGCCTGGGCAACAGAATGAGACTCTGTCTCAAAAATAAAAAAGAAAAGAAAAGGAAAAA"
"GL873521","12059316","12059592","chr5","143468399","143468692","69","131409083","GGCTAGGTGCAGTGGCTCATGCCTGTAATCCCAGCACTCTGGGAGGCTCAGGCAGGTGGATTACTTGAGCTCAGGAGTTGGAGACTAGCCTGAGAAAGAGTGAAACCCATCTCTACTAAAAATAGAAAAACTAACCAGGTGTGTGGTGGTCCCCTATAGTCCCAAATACTGGGGAGACAAGAGAATTGTTTGAGCCCAAGAGACTGAGGTTAGCTGTGATGACTCCATAGCACTCTACCCAAAGTGACAGAGTGAGATTCTGTCTCAAAAAAGGAAA","GGCCAGGCACAGTGGCTCATGCCTGTAATTCTAGCACTTTGGGAGGTCAAGGCAGGCAGATCACTTGAGCTCAGGAGTTCGAGACCGGCCTGGGCAACAGGGTGAAACCCCATCTCTACAAAAAAATACAAAAACTAGCCAGGTGTGGTGAAGTGTGCCTGCAGTCCCAGCTACTCAGGAGGCTGAGGCAGGAGAATTGCTTGAGCCTGGAGGCTGAGGTTGCAGTAAGTCAAGATCATGCCATTGCACTCCAGCCTGGGTGACAGGAGTGAAACCCTGTCTCAAAACAAAGAA"
"GL873521","12087639","12087865","chr4","25649068","25649301","60","13561429","GGCTGGGCTAGGTATACCATGCCTGTAATCCTAGCATCCTTAGAGGCAGAAGCAGGATTCCTTTAGCTCAGGAGATTAAGACCAGCCTGAGCAAGGGTGACACCCCATTTCCATCAAAAATAGAAAAACTAGCTGGGCATAGTGGTGGGCATCTGTAGTCCTAGCTACTCGGGAGGCTGAGGCAAGAGGATCCTTGGAGCCCAGGAGTTTGGGGTTGCTATAAGCCG","GGCCGGGCATGGTAGCTCACGCCTGTAATACCAGCACTTTGGGAGGCTGAGGCGGGCTGATCACTTGAGTCCAGGAGATAGAGACCAGCCTGGGCAACATGGCAAAATCCCATCTCTATAAAAAAAACACAAAAATTAGCTGGGCATGGTGGTGTGCACCTATAGTCCCAGCTACTTGGGAGGCTGAGGCAGGAGAATCTCCTGAGCCCAGGAGGTGGAGGCTGCAGTGAGTCG"
"GL873521","12170072","12170342","chr3","111501569","111501837","73","99331497","GCCAGATGCAGTAGCTTACAGCTATAATCCCAGTACTTTGGAAGGTCAAGGCAAGAGGATTGGTTGAGACCAGGAGTTGAAGACCAGACTGGACAATGTAGTAAAACCCTATCCCTACAAAAAATAGAAAAAATTAGCTGGGTGTCATAGCTCTTGCTTATAGTCCCAGCTACCTGAGAGGCTGAGGGAAGAGGATCACTTGAACCCCTGAGATTGATACCATGGTACTCCACCTTGGGTGACAAAGTGAGACCCTTTCTCAAAAACAAAA","GGCTGGGTGTGATGGCTCACATCTATAATCCCAGCACTTTGGGAGGCCAAGGCAGGTGGACTGTCTGAGACCAGGAGTTTGAGACCAGCCTGGGCAACATGGTGAAACCCTGTCTTGACAAAAAAAATAAAAAATTAGCTGGGAGTGGTGGTGTGCACCTGTAGTCCCAGCTATGCGGGAGGCTGAGATGGGAGGATCGCTTGAGCCCGGCAGGCAGAGGTTCACTCCAGCCTGGGCGACAGAGTGAGACCCTGTCTTAAAAACGAAAA"
"GL873521","12688417","12688615","chr16","83498862","83499063","66","70810445","AAATCAGCCTGAGCAAAAGCAAGATCCAGTCTCTACAAAAAACTAGAAAAATTAGCCAGGCATGGTGATACACTCAGGAGAATGAAACAAGAGGATCACTTGAGCCCCGGGGTTTGATGTTGCACAGTGAGCTATGGCGATGCTGCTGCTCGGATAACAACGCGAGATGAGACCCCGTCTCAAAAACAAACAACAAAAA","ACTAGCCTGGGCAACACAGCAAAACCCCATCGCTACAAAAAATACAAATATTAGCCAGGTGTGATGGTGCATGCCTAGGGAGGCTGAGGTGGGAGGATCACTTGAGTCCAGGGAGGCTGAGGCTGCAGTGAGCTGAGATTATGCCACTGCACTCCAGCCTGAGTGACAGAGTGAGAACCTGTCTCAAGAAAATTAAAAAAAA"
"GL873521","12689719","12689822","chr7","26479088","26479188","21","13789369","GCTGAGTACAGTAGCTCACTTCTTTCATCTCAGCACTATGAGAGGCTGAGTCAGGAGGATCACTTGAGGCCAGGATTTTGAGACAAGCCTGGGGAACATAGTGA","GCTGGGTGCTGTGGCTCACATGTATAATCACAGCACTTTGGGAGGCTGAGGCAGGAGGATCACCTGAGGCCAGGATTTCAAGACCAGCCTGGGCGAAATGG"
"GL873521","12747705","12747831","chrX","118392849","118392966","30","105645144","GCCAAGCATGGTAGCACAAGCTTTGTAGGCCCAATTACTTGGGAGGCTAAGATGGGAGGATCACTTGAGCCCAGGAGTTTGAGGCCAGCCTGAGAAACACTCCAAGACCCTCTTTATTTAAAATATA","GCCAAGCATGGTGGCTCATGCCTGTAATCCCAGTACTTTGGGAGGCTGAGATGGGAGGATAGCTTGAGCCCAGGAGTTTGAGACCAGCCTGGTAACACAGTGAGACCTCATCTCTACA"
"GL873521","12758304","12758462","chr7","65488595","65488751","43","52730291","ACTTAGCTGAATATAGTAGCACAAGCCTGTATTTCCAGCTACTCAGGAGGCTGAGGCAGGAGGATCACTTGGGCTTACAAGTTGGAGGTTGTGGTAAGCTATGATGATGCCACTGCCCTCTGCCCCAGGCAAATGTGATGCCTTGTCTCAACAACAAAA","TTAACTGGGTATAATGACACATGCCTGTAGTCCCAGCTACTAGAAAGGCTGAGGTAGGAGGATTGCTTGAGCCTGAGAGGTTGAGGATGCAGTGAACCATGATCAGGCCACTGCACTCAGCCTAGGCAACACAGTGAGACCCTGTCTCAAGAAAAAA"
"GL873521","12758495","12758600","chr16","15961202","15961315","30","3202707","GTGGCTGGTGCATATAATCCTACCACTTTGGAAGGAGGAGGGAGAATCATTGAAACCAGGAGTTCAAGAACAGCCCAGGCAGGCTATAGTGAAATCTCATCTCTAC","GTGGCTGGGCATGCCTGTAATCCTAGCACTTTGAGAGGCTGCAGCGGAAGGATCGCTTGAGCCCAGGAGTTCAAGAACAGCCTAGGCAACATAGCAAGATCCCTGTCTCTACAA"
"GL873521","12822938","12822952","chr1","210017045","210017059","2","197194107","TAAAACAAAAGAAAA","TAATAAAAAAGAAAA"
"GL873521","12822989","12823283","chr7","75828649","75828941","71","63005660","GGCCAGGCAAGGTGGCTAACTGCTGTAATCTTAGCACTCTAGGAGGCTGAGGCAAGAGAATTCCTTGAGGTCAGGAGTCAGAGACCAGCCTGAGCAAAAATGACACTCCACCTCTATGAAAAATAGAAAACAAAAATTAGCCAGGTGTGATGGCCCATTTCTGTAGTCCCAGCTACTGGGGAGGCTGAGGCAGGAGGATAGCTTGAGCCCAGGAGCTTGAGGTTGCGGTAGCTAGGCAGATGGCTCAGCACTCTTTCTAGCCTGGGCAACAGAGCAACATTCTATCTCAAAAAAT","GGCTAGGCATGGTGGCTCATGCATGTAATCCCAGCACTTTGGGAGGCTGAGGCGGACGGATCACTTGAGGTCAGGAGTTCGAGACCAGCCTGGTCAACATGGTGAAACCCCATCTCTACTAAAAATATAAAAATTAGCCAGGTGTGGTGGCGCATGCCTGTAGTCCCAGCTACTTGGGAGACTGAGGTGGGAGGATCCCTTGAGCCTGGGAGGTTGAGGCTGCAGTGAGCTGTGATGGCACCACTGCACTCCAGCCTGGGCAATAGAGCAAGACCCTGTCTCATAGGAAAAAA"
"GL873521","13041237","13041319","chr5","49472177","49472254","12","36430940","GGCCAGTCATGGTGGCTCATGCCTATAATCCTAGCACTCTGGGAGGCTGAAGCAGGAGGATCACTTGAGCTCAGGAGTTTGAG","GGCCTGGCATGGTGGCTCATGCCTGTAATCCAGCATTTTGGGAGGCTGAGGCAGGAAGATCACTTGAGCTCAGGATTT"
"GL873521","13102109","13102207","chr16","30194624","30194720","25","17092515","TGAGCCCAGGAGTTTGAGGTTGTTGTGAGCTGAGCAGACCACACAGCATTCTAGCTTGGGCAACAGAGTGACATTGTGCTTCAAAAAAAGAAAAAAAAA","TGAGCCCAGGAGTTTGAGACTACAGTGAGCTATGATTACACCACTCCTCTCCAGCATGGGCAACAGAGTGAGACACTATCTCAAAAAAAAAAAAAAA"
"GL873521","13102475","13102686","chr2B","236887995","236888203","46","223785520","GGCCAAGTGTGGTGGCTCATGCTTGTAATCCTAGCACTCTGGGTGGCTGAGGCAGGGGGATCACTTGAGCTCAGGAGTTCAAGACCAGCTTGAGCAAGAGTGAGAACCCATTTCTACTCAAAATAGAAAAAAATTAGACAGGCACTGTGGTGAGTGCCTGTAGTATGAGCTACTTTGGAGGCTGAGATAGGAAGATCACTTGAGCCCAGGAG","GGCTAGGCGCAGTGGCTGAAGCCTGTAATCCTAGCACTTTGGGAGGCCGAGGTGGGCGATCACTTTGGCTCAGGAGTTCGAGACCAGCCTGGGCAATATGGCAAAACCCCATCTCTACACAAAATACAAAAATTACTCAGATGTGGTGGTGAGTGCCTGTAGTCCCAGCTACTTTGGACGCTGAGGTGGGAAGATCACCTGAGCCCAGG"
"GL873521","13327200","13327291","chr3","43397692","43397785","20","30070492","CTATCACTTTAGGAGGTGAGGTGGGAGGATCACTTGAGGCAAGGAGTTCAAGAGCAACCTAGGCAACATAGGAACCCCTCTGTCTCTCCAAA","CCCAGCACTTTGGGAGGCTGAGGTGGGCAGATCTCTCGAGCCCAGGAGTTCAAGACCAGCCTGGGCAACATGGTGAAACCCCGTCTCTACCAAA"
"GL873521","13327700","13327732","chr1","70851001","70851033","8","57523301","GCTGGATATGGAGTCTCACACCTGTAATTCTAT","GCTGGGCATGGTGGCTCATCCCTGTAATTCCCT"
"GL873521","13722076","13722356","chr17","55905881","55906166","74","42183805","GTCTGGCGTGGTGGCTCAAGCCTATAATCCTAGTACTCTGGGAGTCCAAAGTGGGTGGATTGCTTGAGCTCAGTAGTCTGAGACCAGCCTGAGTAAGACCCAGACATCGTATCTACTAAAAATAGAATAAACTACCTGGGCATTGTAGCGGGTGCCTACAGTCCCAGCTACGTGGGAGGTTGAGGCAAGAGGATCACCTGAACCTAGAGAATGAGGTTGCTGTGAGCTATGATGAGGTCAAGGCACTCTACCCAGAGTAACAGAGTGAAATTCTATCTCAA","GGTCAGGCATGGTGGCTCAGGCCTGTAATCCCAGCACTTTGGGAGGCCAAGGTGGGCAGATTGCTTGAGCCCAGGAGTTTGAGATCAGCTTGGGCAACATAGTGAAAACTCATCTCTACAAAAAATTAAAAAAATTAGCTGGGCATTGTGGCACGTAACTGCAGTCCCAGCTACTTGAGAGGCTGAGGTGAGAGGATCACCTGAGGCCGGGAAGTCGAGGCTGCAGTGAGCTGTGATTGGGCCACTGCACTCCATCCTGGGCGACAGAATAAGACCCTGTCTCAAA"
"GL873521","13722635","13722652","chr6","90847853","90847870","1","77125218","AAAAAAAAAAAAAAAAAA","CAAAAAAAAAAAAAAAAA"
"GL873521","13789517","13789832","chr12","121838917","121839229","75","108049400","GCTGGGTGTGGTGGCTCATATCTGTAATGATAGCACTCTGGGAGGTCAAAGCAGGGAGATTACTTGAGCTCAGGAGTTAGAGAGCATCCTGAGAAAGAGTGAGATCCCTATCTATACTAAAAACAGAAAAACTAGCCAGTTGTAGTGGCAGGCACCTGTAGTCCCAGCTACTTTGGGAGTCTGAGACAAGAGGATCTCATAAGCCCAAGAGTTTGAGGTTGCTGTGAGCTGCGATGCCACAGCACTCTACCTGGGGTGACAGAATGAGACTTTGTCTCAAAAAAATAAAAAATAAAATAAAATAAAATTTAAAAAA","GGCTGGGTGTGGTGGCTCATGCCTGTAATCCCAGCACTTTGGGAGGCCAAGTCAGGAGGATTATTTGAGCCTGGGAGTTTGAGACCAGCCTGTGCAACATGGTGAGACCTCATCTCTACAAAACATAAAAAATTAGCCAGGCATGGTGGCATGTGCCTGTAGTCCCAGCTACTTGGGAGGCTGAGGCAGGAGGATCAGTCGAGCCCAGAAGATTGAGGCTACAGTGAACTGTGTTCATGCCACTGCACTCCAGCCTGGGTGACAGAGTGAGACCTTGTCTCCAAAAAAATCAAATAAATAAAAAAATAAAAAA"
"GL873521","13902129","13902272","chr17","73619699","73619842","30","59717570","GGCCAGGCATAGTGGCTCGCACCTATAATCCAGTACTATGGGAGACCAAGGCTGGAGGATCAATTGAAGCCAAGAGTTAAAGACCAACCTGGGCAACATAGAAACACTTCACCTATATAAAAAAAAAAAAAAAGAAAGAAAAAA","GGCCAGGTATGGTGGCTCACACCTGTAATTTCAGCACTTTAGGAGGCTGAGGCAGGAAGATCACTTGAGGCCAGGAGTTCAAGACCAGCCTGGGCAACATGGCAAGGCTTCATTTCCACAAAAAAAAAAAAAAAAAAAAAAAAA"
"GL873521","13902315","13902339","chr7","66627085","66627108","7","52724770","AAAAATTAACCCAGCATGGTGGCGC","AAAAAATTAGCCAGGCATGGTGAC"
"GL873521","13902374","13902499","chr7","68063538","68063660","30","54161164","AGTCCCAGCTACCATAGAGGTTGAGCCAGGAGGATCACTGAAGCCCAGAGCCCAGAAGTTTGAGGTTGCAGTAAGCTATGATCATGCCACTGTACTCTAGTCTAGGTGACAGAAGGAGACCCTGTC","GTAGTCCCAGCTACAAGGGAGGCTGAGGCAGGAGGATGGCTTGAGCCTGGGAAGTTGAGGCTGCAGTAAGCTATGATCATGCCACTGCACTCCAGCCTGGGTGACAGAGTGAGATTCTGCCTC"
"GL873521","14127800","14127881","chr3","123515043","123515137","26","109387243","GGCTAGATATGGTGGCTCATGCCTATCTGGAAAGCTGAGGCAGGAGGATTGCAAGAGGCCAGAAGTTTAATACCAGGCTAAG","GGCCAGGTATGGTGGCTCATGCCTATACTCCCAGCCTTTTGGGAGGCTGAGACAGGAGGACTGCTTGAGGCCAGGAGTTTAAGACCAGCCTGACT"
"GL873521","14128162","14128352","chr4","26023510","26023691","57","11895348","GGGCTGAGAATGAGATCCCATCTTTACAAAAAATTACCCAGGTATAGTGGCATCATCCTAGCTACTTGGGAGGCTGGGGCAGGAGGATTTCTTGGGCCCAGGAGTGTGAGGCTACGCTGAGCTATGATACCACTGCACTTTAGCCTGGATGATACAGCAAGATTTTACCTCAAAAAAAAAAAAAAAAAAAA","GGGTGGGAAAAAATTATCTGGAAATGGTGGCATATGCCAGTGGTCCTAGCTACTTGGGAGACTGAGGCTGGAGGATCACCTGAGCCCAGGAGTTAGAGGCTGCGGTGAATCGTGATCATGCCACTGCACTCTAGGCTGGGCAATAGAGCAAGACCCTATCTCGAAAAAAAAACAACAAAAAA"
"GL873521","14184019","14184216","chr17","61651681","61651883","50","47467662","GGCTGGGCATGGTGGCTCATGCCTGTAACCCTAGCACTCTGTGAGGCCAAGGCAAGTGGATCACCTGAGCTCAGGAGTTTGAGAACAGCCTGAGCAAGAGTGAGACTCCATCTCTAAAAATAGTTGGGCATTTGTGGTGAATGCCTATAGTCTCAGCTACTCAGCTACTTAGGAGGCTGAGGCAAGAGGATTGCTTGA","GGCTGGGTGCAGTGGCTCACGCCTGTAATCCTGGCACCTTGGGAGGCCAAGGTGGGAGGATCACTTGAGCCCAGGAGTTTGAGATCAGCCTGAACAACGTGGTGAAACTCCATCTCTACAAAAAATACAAAAATTAGCTGGGCTTAATGGCATATGCCTGTGGTCCCAGCTACTGAGGAGGCTGAGGTGGGAGGATTGATTGA"
"GL873521","14185943","14186062","chr8","25834967","25835086","23","11649024","GGCAGGGTGCAGTGGCTCACACCTATAATCCCAGCACTCTGGGAAGCTGAGGTGGGAGGATTGCTTTGAGATCAGGAGTTTGAAACTAGCTTGAGCAAAGCAAGACCCATCTCTACTAAA","GGCCAGGTGCAGTGGCTCATGTCTGTAATCCCAGCACTTTGGGAGGCTGAGGTGGGAGGTTTGCTTGAGCCCAGGAGTTTGAGACCAGCCTGGGCAACATAGCAAGACCCTGTCTCTATA"
"GL873521","14186086","14186221","chr14","74199793","74199926","31","60013707","AATTAGAGAGGTGTGATGCCACACACTGTAGTCTCATCTACTTTGGAGGCTGAGGCACAAGGATTACTTGAGCCCAGGAGCATGAGGTTGCTGTGAGCGAGGCTGAGGCCACAGCACTCTAGCCTGGGCAACAGAG","TTAGCCAGGTATGGTGGTGCACACCTGTAGTCCCAGCTACTTGGGAGACTGAGGCAGGAGGATTGCTTGATCCCAGGAGTTGAGGCTGCTAAGAGCTATGATCATGTCACTGCACTCCAGCCTGGGCAACAGAG"
"GL873521","14534133","14534413","chr5","43470606","43470891","71","28936473","GGTAGCTCATGTCTATAACCCTGACACTCTGGGAGGCTAAGGGAGAAACATCCCTTGAGCTCAGGAGTTCAAGACCAGTCTAAGCCAAAAGGGAGATCCATCTTTACCAAAACAGAAAAATTAGCTGGGCATGGTGATGTGTGCCTGTAGTACCAGCTGCTTGGGAGGCTAAGGAAGGAGGATTGTTTGAGCCTAGGAGTTTAAGGTTGCTAAGAGCTAGACTGAGGCCATGGCACAGTAGCCCAGGCAATAGAATGAAACTCTGTCTCAAAAAAAAAAAA","GTGGCTCTTGCCTATAATCCCAGCACTTTGGGAGGCTGAGGAGGGCAGATTGCTTGAGCCCAGGAGTTCAAGACCAGCCTGGGCAACATGGGAAAACCTCGTCTCTACAAAAAACACAAAAATTAGCTGGGCATGGTGGCATGTACCTGTAGTCCTAGCTACTTGGGAGGCTGAGGCAGGAGGACTGCTTGAGCCTCTGGAGGCGGAGGTTGCAGTGAGCTGAGACCGCGCCACTGCACTCCAGCCTGGGTGATAGAACAAGACCCTGTCTCAAAAAAAAAAAAAA"
"GL873521","14534507","14534523","chrX","153619065","153619080","3","139084558","CCCAAAATAAAATAAAA","ACATAATAAAATAAAA"
"GL873521","14646173","14646307","chr1","9156973","9157091","40","5489200","GGATGTAGTAGCTCACACCTGTAATCCCAGCATCATGGGAGGATCACTTGAGGCCAGGAGTTTGAGACTGGCTTGGGCAATATGGTGAGGCCCCATTCTTACAAAATAGGAAAAGAATTAATTGGATATGGTGGC","GGCTGGGTGAGGTGGCCTCACGCCTGTAATCCCAGCACTTTGGGAGGCCAAGGCAGGAGTTTGAGACCAGCCTGGGCAATACAGTGAGACCCCATCTCCAAAAAAAAAATTAGTGGGGC"
"GL873521","14703100","14703421","chr17","68155983","68156305","73","53452883","GGCTGGGCACAGTGGCTCATACCTGTAATCCTAGCACTTTGGGAGGCCAGGAAGGGAAGATAGCTTGAGGCCAGGAGTTTGAGACCAGGATGAGCGAGGTAGCGAGACCCCCCATCTCTATCAAAAATTAAAAAAAAAAAAAAATTAGCTGGGTATAGTGGTGAGGGCCTATCATCCTAGCTACTTAGGAGTAAGACAGGAGGATCACTTGAGCCTAGGAGGTAAGGTTGCAGTGAACTATGATGATGACCCTGCACTCTTGCCTTAGCAAGATGGTGAGACCCTGTCTCAAAACAAACAAACAAACAAACAAACATAAAAA","GGCTGGGCACCGTGGCTGACATCTGTAATCCCAGCACTTTGGGAGGCCAAGGCGGGTGGATCACTTGAGCCCAGGAGCTCGAGACCAGCCTGACCAACATGGCAAAACCCCATCTCTACCAAAAAAAAAAAAAAAATACAAAAAGTTAGCTGGGCATGGTGGAGAGGGCCTGTAGTCCCAACTACTCAGGAGGCTGAGGTGAGAGGATCACCTGAGCCACAGGAGGTCGAGGCTGCAGTGAGCCATGATCACACCATTGCACTCCAGCCTGAGAGAAAGTGAGACCCTGTCTCAAAAAAACAAACAAACAAAAACAGCAAAAA"
"GL873521","14778613","14778888","chr15","42746072","42746354","63","27967459","GGCCCAGCACAGTGGCTCACACCTATAATCCTCGCATTCTAGGAGACTGAGGTGGGAGGATCACTTGAGCTCAGGAATTTGAGATCAGCTTGAGCAATAAGGTGACCCCATCTCTACTAAAAATAGACTAATTAGCCAGGCATTGTGGTGGGCACCTGTGGTCCCAGCTAGTTGAGAGGCTCATGTTGGATTCCTTGAACCCAGGAATTTGAGGCTGCTGTGAGCTGGGCTGATGCCACAGTATTCTAGCCTGGGCAACAGAGTATGACTCTGTCT","GGCCAGGTACAGTGGCTCACACCTGTAATCCCAGCACTTTGGGAGGCCAAGGCAGGAGGATCACTTGAGCCTAGGAATTCAAGACCAGTCAGGGCAATATGGTGAAACTCCATCTCTACAAAAAATACAAAAATCAGCCAGGTGTGGTGGTGTGCGCCTGTGGTCCCAGCTACTTGGGAGGCTGAGATGGAAGGATCACTTGAGCCCAGGAAATGGAGGCTGCAGTGAGCTAAGGCTGTGCCACTGCACTCCAGCCTGGGCAACAGAGTGAGACCCTGTCTCA"
"GL873521","14884261","14884393","chr13","24405237","24405373","27","9520976","GGCTAGGTGTGGTGGCTCATGCCCATAATTCCAGCATTCTGGGAGGCCAATGTGGGAGGATCCCTGGAGGTCAGGAGTTTGAGACCACCCTGAGCAAAGCGAGACCCCATCTTCACTAAAAATAGAAAAATTA","GGCTGGGCATGGAGGCTCATGCCTATAATCCCAGCACTTTGGGAGGCTGAGGTGGGAGGATCGCTTGAGTTCATGAGTTCAAGACCAGCCTGAGCAACACAGTGAGACCTCATCTCTACTAAAAATCAAAAAAATTA"
"GL873521","14884660","14884815","chr1","141772547","141772702","39","126887887","TTAGTTGAATGTGGTGGTGTACACCTGTAGTCCCAGCTACTTGAAAGGCTGAAGAAAGAGGATTGCTTGAGCCCAAGTGCTTGAGGTTGTAGTGAGCTAGGCTGACGCTATGACACTCTGACCCAGGTGATAGAAGAAGACCCTGTCTCAAAAAAA","TTAGCTGGGCATGGTGGCGTGCACCTGTGGTCCCAGCTATTTGAAAGGCTGAGTTGGGAGGATCACTTGAGCCCAGATGGTTGAGGCTGCAGTGAGCCATGATGGCACCACTGCACTTTAGCCTTGGTGACAGAGCAAGGCCCTGTCTGAAAAAAA"
"GL873521","15677856","15678124","chr7","99887814","99888086","73","84209958","TGGCTCATGCCTGTCAACAAAGTACTTTGGTAGATTGAGAAAGGAGGATCTCGTGGACTCAGGAGTTTGAGACCAGCCTGGACGACATGGTAAAAAAACATCTTTAAAAAATTAGCCTAGCATAGTGGTGCACATTGATAATTTCAGCTATTTCGCAGGCTGAAGTGGGAGAACCACTTGTGTTTGGAAGCTCGAGGCTGCAGTGAGCTATGATCTCACACTACACTCCAGCCTGGGTAATATGGTGAGGTCCTGCCTCAAAAACAAAA","GGCTTACACCTGTAATCCCAGTGCTTTGGGAGGCTGAGGCAGGCAGATCACTTGAGCCCTGGAGTTCAAGACCAGCCTGGGCAACATGGTGAAACCCCATCTCTACAAAAAATTAGCCAGGCATGGTGGCTTGCACCTGTAGTCCCAGCTACTCAGGAGGCTGAGGTAGGAGGATTTCATGAGCCTGGAAGGTTGAGGCTGCAGTGAGCTATGATCACACCACTGCACTCCAGTCTGGGTGATAAAGTGAGACCCTGTCTCAAAAAAAAAAAA"
"GL873521","15875728","15875811","chr8","5975319","5975398","26","9900409","CAGTGAGCCGTGGTCTCCCTGTGCATTCCAATGTGAGTGACAGAGAGACCTCCCTCACACTCCCAAAAAAGAAAAAACAAGAAA","GCAGTGAGCCTTGATCGTGCTATTGCACTCTAGCCTTGGTGACAGAGAGAGACCCTATCTCAAAAAAAAAAAAAAAAAAA"
"GL873521","16170363","16170540","chr3","50079465","50079644","47","33909102","AAAAAAAAAAAAAATTACCCAGGTAAGGTGGTAAGGACCTGCAGTCCTAGCTATCTGGGATACGAGGTAGGAGGAGCACTTTGGCCCAGGAATTCCAGGCTATGGTGAACTATGATTACAACTGCACTCTAGCCTGGGCAAAAGAGTAAGAGACTGTCACAAAACACAACAAAACAAA","ACAAAAAGAAAAAACAATTAGCAAGGCCTGGTGGTACACACTTGTAGTCCCAGCTATTTGGGAGGCTGAGGTGGGAGGATCACTTGAGCCCAGGAGTTCAAGGTTACAGTGAGCTATGATCATGCCACTGCACACTAGCCTGGGCATCAGAGAGAGTTCCTGTCTCTAAGAAAAAAAAAA"
"GL873521","16172240","16172374","chr1","29329421","29329551","29","13157181","GGCTGCATGCAGTGCCTCATGTTTGTAATCCCAGCACTTTGGGAGCCAGTGGAGGAGAGGATCACTTGAAGCCAGGAATTTAAGACGGACCTAGCCAACATAATGAGAACTCCTCTATACAAAAAATAATAAAAT","GGCTGGATGCACTGGCTCCTGTCTGTAATCCCAGCACTTTGGGAGGCTGAAACAGGAGGATCCCTTGAAGCCAGGAGTTTAAGATCAGCCTGAGCAACAGAGTGAAACCCTGTCTCTACAAAAAAAAAAAA"
"GL873521","16260421","16260667","chr2A","25887935","25888182","71","9627514","GGATACAGTGGCTCACACCTGTAATCTTAGCAAACACCCTGGGGTGCTAAGGCAGGAGGATCACTTGAGCTCAGGAGATCAAGACCAGCCTGAGGAAGAGTGAAACCCCATTTCTACCACACATAGAAAAATTAGCCAGGTGTCTCTCTCTAGTCCCAGCTACTTGGGAGGCTGAGACAGGAGAATTGCTTAAGCCAGGGAGTTTCAGGTTGCTGTGGCTCAGACCATGGCACTCTAGACTGAGCAA","GGCTGGGCACAGTGGCTCACACCTGTAATCCCAGCACTTTGGGAGGGTGAGGCAGGAGGATCACTTGAGCTCAGGAGTTCGCAACCAGCCTGGGCAATATGGTGAAACCGCATCTCTACAAAAAATACAAAAATTAACCGGGTGTGGTTGTGCATGCCTGTAGTCCCAGCTACTTGGCAGGCTGAGGTGGGAGGATTGCTTGAGCTCAGGAGGTCAAGGCTGCAGTGAGCCATGATTACTCCACTGCA"
"GL873521","16747501","16747629","chr7","102198592","102198722","33","85451091","GCCGGGTATGGTGGCTCACACCTGTAATCCCACCACGTGGGAGGCCAAGGCAAGCAGATTGCCTGAGCTCACAGGTTCAAGACCAGCCTGAGCCAGAGTGAGACTTTGTCTTGGAAAATACCCGGGTGT","GGCTGGGTGTGGTGGCTCACACCTGTAATCCCACCACTGTGGGAGGCTAAGGCAGGCAAATCGCTTGAGCCCAGGAGTTCGAGACCAGCCTAGGCAACGTGGTGAAACTGTCTTTAGAAAATATTAGCCAA"
"GL873521","16747905","16748071","chr1","26355033","26355200","42","9607128","AACTAGGTAGGTGTTGCAGCAGGCGCCTGTAAATCCCAGCTACTTGGGCCAAGGCAAGAGAATCAATCACTTATGCCCAGGAGTTTGAGGTTGCTGTAAGCTATGACGCCCTGGCACTCTACCAAGGGTAACAAAGTCAGATCCTGCCTCAAAAAAAAAAAAAAAAA","AACTAGCTGGGTGTGGCGGCGTGTGCCTGTAGTCCCAGCTACTTGGGAGGCTGAGGCAGGAGGATCACTTGAGCCCAGGAGTTCAAGGCTGCAGTGAGCTAAGATCATACCACTGCACTCCAGCCTGGGTAATAGAGTGAGATCCTGTCTCAAAAAAAAAAAAAAAAA"
"GL873521","16826358","16826516","chrX","96886204","96886345","57","80059846","GGCGCCCTGCCACAAGCTGTAGTCTCCCCTATTTGGGAGGGTGAGGTCGGAGGATCATGTGAGCTCGGCAGTTCAAAGTCACCGGGCACTACAACCTCACCTGGACCAGTCAGGACTGCACGCCAGCCTCCCCAGCGCAGTGAGACTCTGTTTCTAAAA","GGTGCACATCTGTAGTCTCAGTTATTTGGGAAGCTGAGGAGGGAGGATCACTTGAGCCTGGGAGGTCAAGGCGCCAGTGAGCTGTGATTGCACCACTGCACTCCAGCCTGTGCTACAGAGTGAGACTCTGTCTCAAAAAAAA"
"GL873521","16850386","16850705","chr1","224543342","224543654","83","207692956","GCCAGCTGTGGTGGCTCACACCTATAGTCCTCACACTCTGGGAGGCTGAGGAAGGCAGATTCCCTGGAGCTCAGGAGATTGAGACCAGGCTGAGCAAGAACTGAGACTCTGTCTCTACCCCAAACAGAAAAACTTCACTAGGTGTTGCGGTGGGCACCTATAGCCTGAGCTACTTGAGAGGCAGAGGCAGGATGATCACTTGAACTCAGGAGTTTGAGGTTGCTATAGCTGTGCTGATGCCATAGTACTTTAGCCTGGGCAACAGAATGAGACTCTGTCTCAAAATAAATAAATAAATTAATAAATAAAAGAGAAAGAAA","GCCAGGCAGGGTGGCTCACGCCTGTAATCCCAACACTTTGGGAGGCTGAGGCAGGCAGCTTGCTTGAACTCAGGAGTTTGAGACCAGTCTAGGCAACATGGTGAAACCCCATCTCTACAAAAAATACAAAAATTAGCCAGGCGAAGTGGCGTGCCTATAGTCTTAGCTACTTGGGAGGCTGAGGCAGGAGAACTGCTTGAACTGGGGAGGTCGAGGCTGCATGAGCCGAGATCGTGCCACTGCACTCCAGCCTGGATGACAGAGCGAGACCCTGTCTCAAAATAAATAAATGAATAAATAATAAAATAAATAA"
"GL873521","16987716","16987746","chr4","157175852","157175881","5","140188136","GAAGAAAGAAGAAAGAAGAAAGAAGAAAGAA","GAAGAAGAAGAAGAAGAAGAAGAAGAAGAA"
"GL873521","16988099","16988370","chr11","32048157","32048430","73","15060058","GGCCCAGTTCAGTGTCTCACACCTGTAATCCTAGAACTCTGGGAGGTCAAGGAAGGTGGAGTCCTTGAGCTCAGGATTTTCAGATAAGCCTGAGCAAGAGACAGATCCATATCTACTAAACATAGAAAAACTAGCCTGGCATCAGTGTAGTCCCAGCTACTCAGAAGGCTGAGGCAGGAGGATCATTTGAGCCCAAATGTTTGAGTTTGCTGTGAGCTATGATGAATGACACCAGGGCACTCTACCCAGGGCAACAGAGTGAGACTATTTCT","GGCCCACCACAGTGATTCACATCTATAATCCCAGCACTTTGGGAGGCCGAGGTGGGAGAGTAGCTTGAGCCCAGGAGTTTGAGACCAGCCTGAGCAACAGGGCGAGACCCCATCTCTACAAAAAAAATTTAAAAATTAGCCTAGCATGTGCCTGTAGTCCCAGCTACTCAGGAGGCTGAAGCAGGAGGATCACTTGAGCCCAGGAGTTGAAGGCTGCAGTAAGCTATGATCACCCCACTGAGCTCTAGCCAGGGTGACTGAGCAAGACTCTATT"
"GL873521","17153915","17154039","chr7","102370770","102370890","26","85216855","GGCTAGGCACGGTGGTGACTCCTGCTTGTAATCCCAGCACTCTGGGAGGCCTGTGGCAGGTGAATTCCTTGCGCTCAGGAGTTCAAGACTAGCCTGAGTAATAGTGAAACCTCTGTCTCTACTAA","GGCTAGGCACGGTGGCTCATGCCTGTAATCCCAGCACTTTGGGAGACTGAGGTGGGAGAATTGCTTGAAGCTGGGAGTTCAAGACCAGCCTAGGGAACATAGTGAGACCCTGTCTCTTCAA"
"GL873521","17154076","17154241","chr16","21596696","21596868","46","4442620","CTAACCAGACCTGACAGGTGGCTATACTCTCGGCTACTTGGGAGGCTGAGGCAAGAGGATCACTTGATCTCAAGAGTTTGAGGTTGCTATAAGCTATGAGGCCATGACACTCTACCGAGGGCAACAAAGTAAGAGTTTTTCTCAAAAAAAAAACCCAAAACAAAAA","ATTAGTCAGACATGGTGGCATGTGCCTATAGTCCCAGCTACTTGGGAGGCTGAGGCAAGAGAATCATTTGAGCCCAGGAGGTTGAGGCTGCAGTAAGCAGTGATCATGTCACTGCACTCCAGCCTGGGCAACAGAGCAAGACCCTGTCTCAAAAAAAAAAAAAAAAGAAAAAA"
"GL873521","18186068","18186211","chr11","18518855","18518988","40","332787","TAGTCAGGTGCAGTGGTGCATGCCTGCAGTCACAGCTACTCTACTCAGGAGGATGAAGCAGGAGGACCACTGGAGACCAGGAGTTTGAGAATGCTGTAAAATACCATTGAGTCACTGCCTGCCAGCTTCAGTAACAGAATAAGA","TTAGCCAGGTGCAGTGGCGCATGGCTGTAGTCCTGCTTACTCAGGAGGTTGAAGCAGGAGGATCACTTGGGCCCAGGAGTTTGAGGCGGCAGCGAGCCATAATCGTGCCACTGCACTCCAGCTGAGTGACAGAG"
"GL873521","18186242","18186351","chr4","101432127","101432236","31","83245885","CTTGTAATTTCAGCACTTTTGGAAACTGTAGAAGGAAGATTGTTTAAGACCAGGAGTTCCAGAACAATCTGGGCAACACATGTTGACCTTGTACCTACATGAAAAAAAAA","CCTGTAATCCCAGCACTTTGGGAGGCTGAGGCAGGAAGACAGCTTGAGGCCAGGAGTTCCAGACCAGTCTGGGCAATATAGCAAGACCCTCATCTCTTTAAAAAATAAAA"
"GL873521","18231783","18232086","chr11","120552808","120553110","90","102321025","GGCATGGTGGCTCACACCAGCAATCCCAGCGTTTTGGGAAGCCCAAGGAAGAGAATCACTTGAGACCAGCCAGAGGTACATAGACACGTGGTCTACAAGAAATGACAATTAAAACAAATTGCTGGGCATGGTAGCCTGTGACTATAGTCCTGGCAACTCAAGAGGCTGAGTCAGGGGGTTTTTTGAGCCTATGAAGTCTAAGTTGCAGTAAGCTGTGATCATGCCACTATACCCTAGCCTGGGTGACAGAACAAGATTCTGTCTCTAAAAATAAAATAAAATAAAATAATAAAATGAAATAAAA","GCCAAGCATGGTGGTTCATACCTATAATCCCAGAACTTTGAAAGGCCAAGGCGAGAGGAGTTTGAGACCAGCCTGGGCAACATGATGACATGCCGTCTCTACAAAAAAATAAAATAAACAAAAACTAGCTGGGCCTAGTGGCATGTGTCTGTAGTCCTAGCTACTCAGGAGACTGAGGCAGGAGGATCACTTGAGCCTGGGAGGTCAAGGTTGCAGTGAGCTATGATTGTGTCACTGTACTCCAGCCTGGGTGACATAGCAAGAACTGGTCTCAAAAAAAAAAGAAAGAGAGAAAAAAGAAAA"
"GL873521","18672921","18673268","chr5","164510023","164510360","89","145837102","GGCTGGCCATGGTGGCTGAGGCCTGTCATCCTACCACTCTGAGAGGATGAGGAAGGAGGATTGGATTGCTTCAGCTCAGGAGTTCAAGACCAGCCTGAGCAAGAGCAAGACTCAGTCTCTACCAAAAATAGAAAAATTAGACTAGCCAGATGTAATGGCAGATGCCTCTAGTCCCAGCTAGTGGGGAGGCTAAGGCAGGAGGATCACTGAAACCCAGGAGTTTGAGGTGCCTGTGAGTTAGTTTAATACCATGGCAGTCTAGCTTGGGCAACAAAGTGAGACTCTGTCTCAAAACAAACAAAGAAACAAAGAAACAAACAAACAAAAACCCCAAAAATAAAAAAAAAA","GGCTGGGCACAGTGGCTCATGCCTGTAATCCTAGCACTTTGGGAGGCTGAGGCAGGTGGATCGCTTGAGACTGGGAGTTCAAGACCAGCCTGGGCAATATGGCAAAACCCCGTCCCTACAAAAAATACAAACATTAGCCAAGCATGGTGGCACATGCCTGTAGTCCCAGCTACTTGGGAGGCTGAGGCAGGAGGATCATTTGAGCCCGGGATGTGGAGGTTGCAGTAAGCTGAGATTGCATCATTGCACTCCAGCCTGGGCAACAGAGGGAGACCCTGTATCAAATAAATAAATAAATAAATAAATAAATAAATAAATAAAAGAAATAAAAGTAAAAA"
"GL873521","19315680","19315722","chr1","205503465","205503511","11","186187785","CAGTTACTTGGAAGACTGAGGCAAGAGGATCCCTTGAGCTAGG","CCAGCACTTTGGGAGACTGAGGCAGAAGGATCCCTTGAGGCCAGCGG"
"GL873521","19598410","19598508","chr1","6398492","6398584","25","13199918","TATCACTACACCACTATACTCTAGCCTGGGCAACAGATTGAGAACCTGTATCAAAAACAAACAAACAAACAAACAAAACACAATAAAAAATAAATAAAA","GTGATTGCACCAATGCACTCCAGCCTGGGTGACAGAGCGAGACTGTCTCAAAACAAACAAACAAACAAATAAAACAAAAGAAAAGAAAAGCAA"
"GL873521","19777152","19777359","chr4","72787006","72787205","63","53009854","CCTGAGCAACATAGAGAGATCCCATCTCGACAAAAATATTGAAAAAAAAATAGATAAACTTATCAGCTGGGTTTGGTAGCACACAACTGTATCCCCAGCTACCGGGAAGGCTGAAGCAGGAGGAGCCTGACAGATCAAGGCTGCAGTGAGCAGTGATCACATCACTACACTCCAGCCCAGGTGACAAAGCACAATCCTGTCTCAAAAA","CTAGGCAACATGGAAGAACCCCATCTCTACAAAAATTACAAAAACTAGCTGGGCATGGTGGTGTGCGCCTGTATTCCCAGCCACTGGGGAGGCTGAGGTGGGAGGATTGCTTGAGCCTGGAAGATTAAGGCTGAAGTGAGCAGAGATCACACCGCTGCACTCCAGTCTGGGTGACAGAGCAAAACCCTGTCTCAAAAAAA"
"GL873521","19907026","19907166","chr6","12022857","12022993","42","7884169","AGGAAAAATTACCAGGGCATGGTGATGTGCACTTATAGTCCCAGCTCCTGGGAAGGCTGAGTCAGGAGGCCAGGAGTTTGAGGTTATAGTGAGCTATGATGCCACTGCACTCTCTCTGGGTGACATAGTGACATTCTGCCT","TTAAAATTAGCCAGGCATGGTAGCAGGCACCTGTACTCCCAGCTACGGGAGGGTCGCTTGAGCCCAGGAGATCAGGGCTGCAGTGAGCTATGATTGTACCACTGCACTCCAAACTGGGTGACAGAGTGAGACTCTGT"
"GL873521","19907190","19907299","chr3","21509747","21509855","27","1602557","GTGGTGGCTCAGCCTATAATCCTAGCCTTCTGGAGGCCCAGGCGGGAGGATTGCTTAAGGTCAGGATGTTGAGACGAACCTGAGCATGAGTGAGACCCCATCTCTACAAA","GGTGGCTCATGCCTATAATTCTAGCGCTTTTGGAGGCCAAGGGGGGAGGATTACTTGAGCTCAGGAGTTCCAGATCAGCCTGGACAATTTAGTGAGACCTCATCTATAC"
"GL873521","20453341","20453513","chr19","53340691","53340862","44","32887350","AGACAACTAGCCAGGCATTGTGGTGGGCATCTATAGTCCCAGCTACTTGGGAGGCTGAGGCAAGAGGATCACTTGAACCCAATAGTTTGAGGTTGTCATGAGCTATGATGATGTGGCATTCTACTCAGGGTGACAGCGTGAGAGACTCTGTCTCAAACAAATGAACAAAAAAA","ACAAAAATAGCTGGGTGTGGTGGTGCATACTTGTAGTCCCAGCTACTTGGGAGGCTGAGGCAGGAGGATCACTTCAGCCCAGGAGGTTGAGGCTGCAGTGAGCCATGATCATGCCACTGCACTCCAGCCGAGGGGAGAGAGCAAGACTCTGTCTCAAAACAAACAAACAAAA"
"GL873521","20453540","20453662","chr4","5943586","5943706","26","14509954","CAGGCGTGGTTGCTCATGCCTGTAGTCCTAGCACTTCAGGAGGCTGAGGAGGGTAGATTGCTTGAGGTCAGGAGCTGGAGACCAGCCTGAGCAAGAGCGAGACCTTGTCTCTACTAAAAATAG","GGCCATGGTGGCTCATGCCTGTAATCCTAGCACTTCGGGAGGCTGAGGAGGGAGGATTGCTTGAGGCCTGGAGTTTGAGACCAGCCTGGGCAACATAGTGAGACCACGACTCTATTTAAAA"
"GL873521","20821454","20821743","chr8","121327775","121328067","74","100506321","GCCGGGCCCAGATGGCTCAAGCCTGTAATCCTTGCACTTTGGGAGGCCAATGTAGGAGGATCACTTGCGCCTAGGAGTTCCAGGCCAAGCTGTGCAAGGTGAAACACTGTTCCAAAAAATATATATATATGAAAATTAGCCAGTCCTGTTGGTACACATCTGTCGTTCCAACTACTTGGGGGACTGAAGCAGGAGGATCCATGAGTCCAAGATTTGAGGTTGCAATGAGCTGTATTGGAGCTACTACACTGTAGCCAGGGCGACAGGAGGAAAAACTTGTTTTAAAAAAA","GGCTGGGTGCAGTGGCTCATGCCTGTAATCTTAGCACTTTGGGAGGCCAAGGCAGGTGGATCACTTGAGCTTAGGAGTTCAAGACCAGCCTGGGCAACATGGTGAAACCCTGTCTCTACAAAAAATAAAAAAAAATTAGCCAGGCATGGTGGCATACACCTGTAGTCCCAGCTACTTGTGGGGCTGAGGCAGGAGCATCACTTGAACCCAGGAGCTCAAGGCTGCAGTGAGCTGTGATCTTACCACTGCACTCCAGCCTGGGTGACAGAGTAAGACCTTGTCTCAATAAAAAA"
"GL873521","20825224","20825315","chr22","42881883","42881978","27","22056659","AGAGGATCTCTTGAGCCTAAGAGTTTGAGGTTGCTGTGAGTTCTGATACCACAGCGCTCTACACAGGGCGACAGAGTAAGACCCTTTCTTAA","GGCAGGAGGATCGCTTGAGCCTGGGAGGTCAAGGATGCAGTGAGCTGTGATTGCACCACTGCACTCCACCCTGGGCGACAGAGTGAGACCCTGTTT"
"GL873521","20825595","20825767","chr4","156475909","156476099","57","135650314","GCGGTGGCTCACACCTGTAATCCTAACACTCAGGATCGCCTAAGCTCAGGAGGTGGAGACCAGCCTGAGCAAGAGAAACACCTCAACTCTACCAAAAACAGAAAAAGTAGCCTGGGTGGTGGTAGGCATGTGTAGTCCCAGCTACTCGGGAAGCTGAGGCAAGAGGATCTCTT","GGCCAGGCACAGTGGCTCACACCTATAATCCCAGCACTCTGGGAGACTGAGGCAGGAGGAGCCCAGGAATGTGAGACCAGCCTGGCCAACATGGTGAAACCCAGTCTCTACTAAAAATATAAAAATTAGCCTGGTGTGGTGGTGTGCGCCTGTAGTCCCAGCTACTTGGGAGGCTGAGGTGGGAGGATCAC"
"GL873521","21355913","21356066","chr4","158479533","158479684","48","137123620","ATAAAAATTAACTAGCTATGGTGGCATACACTCTTGTCCTAGCTACTTAGGAGGCTGAGGATCATTTGAGGCCAGGAGTTTAAAGCTATAGTGTACTGTGATGATTACGCCTGTGAATAGCCACTGTACTCCAGCCTGGGCAACATAGCAAGAC","AATTAGCTGGGCATGGTGGTGCATACCTGTAGTCCTAGCTACTCAGGAAGCTGAGGCAGGAGGACAGCTTGAGGCCAGGAGGTCAAGGCTGCAATGAACCATGATTGATTACACCTGTAAATAGTCACTGCATTTCAGCCTGGGCAGCATAG"
"GL873521","21623697","21623773","chrX","53329871","53329945","26","31706174","AAATTTAGGCAGGCAAGTTGGCACATGTTTGTAGTCCAAGTTATGTGAGAGGATTCTTTGAGTCCAGAAGTTAAGGC","AATAGCTTGGGCAGGGTGGTGCATGGCTGTAGTCCTGAGATGGGAGGATCCCTTGAGTCCAGGAGCTTGATGCCG"
"GL873521","21623801","21623894","chr3","42032495","42032583","27","20408694","GTAATCTTAGTACTTTGGGAGGCCAGACAGGAGATTCATTTGAGACTGAGTTTAAGATCAGCCTGGACAACATGGCAATATCCCATGTCAACCA","TAATACCAGTATTTTGGGAGGCTGAGGCAGGCGATCACTTGAGCCCAGTTCAAGACCAGCCTGGGCAATATAGCGAAATCCTGTTTCTA"
"GL873521","21714176","21714337","chr12","96671998","96672172","41","74957822","ACTAGGGGGCATTGTGGCAACTGTCATCCTAGCTGCTCAAGAGGCTGAGGCAAGAGGATCACTTCAGCCCATGAGTTTATGGTTGCTGTGAGCTATGACTCCATGGCACTCTAGCCTGGGCAATAGAATGAGACTCTGTCGCAAAAAAAAAGAAAGAAAGAA","AATTAGCTGAGCATGGTGGCAGGCACCTGTAGTCCCAGCTACTTGGGAGGCTGAGGGAGGAGGGTCACTTGAACCCAGGAGTTTGAGGCTGCAATGAGCTATGACTGCATCAGTGCACTCTAGCCTGGGCAGTAGAGTGAGACCCTGTCTCACAAAAAAAAGAAGGAAAGAGAAA"
"GL873521","21714364","21714489","chr15","78802491","78802611","29","57088127","GGCTGGGTACCCTGGCTAGACACCTGTAATTCTAGCACTCCAGGAGGCTGAAACAGGTGGATTTCTTGAGCTCAGGAGTTCAAGACCAGCCTGTCCAAGACCAAGACCACAATTCTGTCTCTACTT","GGCTGGGTACAGTGGCTCACACCTGTAATCCCAGCACTTTGGGAGGTGGAGGCAGGAGGATCACTTGAACTCAGGAGTTCAAGACCAGCCTGGCCAACATGGCGAAACTCCGTCTCTACAA"
"GL873521","21743555","21743631","chr10","20213332","20213405","25","1530223","TATAGGGTGTGGCGGCAAGTGTGTATAGTACTAGCTACTTAAAGAGGTTGAGATGGGAGGATTGCTTGAGCTAAGGA","CCAGGTGTGATGGTGCATGCCTGTGGTCTCAGCTACTTTGGAGGCTGAGGTGGGAGGATTGTTTGAGTGGAGGT"
"GL873521","21743658","21743767","chr10","43292583","43292692","28","21548925","CAATGGTTTGTGCTTGTAATCCAGCACTTTGGGAAACAAAGGAGAAAGGATTAATTGAGACCAGGAGTTCAAAATCAGCCTGGGCAACATAAAGAGACCCTGTCTCTATG","GCGGTGGTTCAGCCTGTAATCCCCGCACTTTGGGAAGCTAAAGCAGGAAAATCACTTGAGCCCAGGAGTTCAAGACCAGCCTGAGCAACATAGTGATACCCCTGTTTCTA"
"GL873521","21994326","21994402","chr3","183523015","183523100","19","161528689","GGCATTGTGACTCACACCTATAATTCTAGCACTTTGGGAGGCTGAGGTGGGAAGACCACGAGCACAGGTTCAAGACC","GACTGGGGGCAGTGGCTCAAACCTGTAATCCTAGCACTTTGGGAGGCTGAGGTGGGAGGACCACCTGAGCTCAGGAGTTCAAGACC"
"GL873521","22568894","22569013","chr7","21219168","21219276","37","1349726","TACGTTGTGGTGGCTAGTCCCAAACTACTCAGCTACTCAGGAGTTTGAGGTTGCAGTAAGCTGTGAGGTTGCATTGCACGACAGATTGTGCAACAGAGCGAGACCCTATCTCGAAAAAAA","GGCTGAGGTGGGATAATCACTTGAGCCCGGAAAGTTGAGGTTGCAGTGAGCCATGACTCGGCACTGCACTCCAGCCTGGGCAACAGAGCCAGACCCTATCTCAAAAAAA"
"GL873521","22569034","22569129","chr15","57106062","57106161","19","34537028","CAGGCATGGTGGCTCACACCTGTAATCATAGCACTTTGGGAGACCAGGAGTTCAAGACCATGCTGGGCAACATGGCGAGACCTTGTCTCTACCAAA","GGCCAGGCATGGTGGCTCACTCCTATAATCACAGCACTTTGGTAGGCCATGAATTCAAGACCAGCCTGGGCAACATAGTGTAACCCTGTCTCTACGAAAA"
"GL873521","23082461","23082581","chr19","17007875","17007987","43","6074586","AAAATACACAGAGTACCCAGGCATGGTGGTGCATGCCTCCAGTCCCAGCTACAGGTGAGACTAAGACTAAAGGATGCCTTCAGCTCAAGACTTTGAAGCTGGCCTAGGCAACAACAAGACC","ACAATGTAGCTATGGCATGGTGGTGCCTGCCTGTTGTCCCAGCTACTTGGGAGGCTGAGATGGGAGGATTGCATGAGCCCAAGAGTTCAAGGCTGCTGTGAGCTACAATCACG"
"GL873521","23326932","23327034","chr1","153330637","153330743","26","130003705","GACTGGGTATGGTGGCATATGCCTGTAAACCCAGCACTCTGGGAGGCTGTGGCGGGTGGACCAGCCTGAGACCAGCTTGAGAAAGAATAAGACTCTGTCTCTA","GGCTGGGTGTGATGGCTCATGCCTGTAATCCTAGCACTTTGGGAGGCTGAGGCAGGTGGATCACTTGAGCCCAGGAGTTTGGGCAACATGACAGAACCCTGTCTCTA"
"GL873521","23327057","23327213","chr6","85247800","85247964","38","61920743","CCAGACATTGTGACACATGCCTATAGTCCTACTTGGGAGGCTGAGGCAAGAGGATGTCTTGTGCCCAAGAGTTTGAGGTTGCTGTGAGCTATGATACCATAGCACTCTAGTGGGGGGCAAGAAAGTGAGACACTGTCTCAAAAAAAAAAAAAAAAAA","CCAGGCATTGTGGCACATGTGTGTAGTCCCAGCTATTTGGGAGGCTGAGGCAGGAGGATCCTTTGAGCCCAGGAGTTTGAGGCTTCAGTGAGCTGTGATTGGACCACTACACTCTGGCCTGGGCAACAGAGAAAGACCCTGTCTCAAAAAGAAAAAGAAAAAGAA"
"GL873521","23553294","23553452","chr8","101101478","101101641","53","77548184","AAAATAAAGTTAGCTAGACACAGCTTTGGGCACCTGCAGTCCCAGTTACTTGGAGGTTGAGGCAAGAGGATTGTTTGAGCCTAGAGGTTTGAGGATATGGTTTGCTGTAGTTCTACCTGTGAGTAGCCACTGTTCTCCAGCCAGGACACCAGCGCAAGA","AAAAAGACACCAAGTAGCCAGGTGTGGTGCTGCAGGCCTGCAGTCCCAGCTACTTGGGAGGCTGAGGCAGGAGGATTGCTTGAACCCAGGAGTTCAAGACTTCAGTATGCCATAATCGCACCTATGAATAGTCACTGCACTCCAGCCTGGGCGACATAACAAAA"
"GL873521","24165831","24166009","chrX","9218405","9218573","51","14947426","GGCCAGGCACAGCAGCTCACACCCATAATCCTAACACTCTGAGAGACCAAGGTGTATAGATTACCTGAGCTCAGGAGTTGGAGACCACCCTGAGCAAGAGTAAGACCCCCATCTCTACAAAAAAAAAAAAAAAATAGAAAAACTAGCCAGGTGTTGTGGTGGGTACTTACAGTGCCAAC","GGCCAGGCGCAGTGCCTCACACCTGTAATCCCAGCACTTTGGGAGGCCGAGGCGGGTGGATCACTTGAGCTCAGGAGTTTGAGACCAGCCTGAGCAACATGGCAAAACCTCACCTCTACAAAAAAAATACAAAAATTAACCAGGCATGGTGGCAGGCACCTGTAGTCTC"
"GL873521","24270646","24270916","chr8","27224878","27225151","68","2954232","GGCCAGGCACGGTGGCTCACACCTGAATCCTAGCTGGCATTCTGGAAGGCCGAGGTGGGTGGATCACCTGACCTCAGGAGTTCAAGACCATCCTGAGCAAGAGTGAGATGAAACCTCATCTCTAAAAATAGCTAGGCATTGTGGTGGGCACCAGTAGTCCCAGCTACTAGGGAGGCTGAAGCAAGAGGATCACTTGAGTCTAAGAGTTAGACGTTGCTGTGAGCAGTGACGCCACAGCACTCTACCCAGGGCAACAAAGTGAGACTGTCTC","GGCCAGGTGCAGTGGCTCACACCTGTAATCCTAGCCCTTAGGAGGCTGAGGTGGGAGGATCACTTGAGCTCAGGAGTTCAAGACCAGCCTGGGCAATATGGTGAAACCCTGTCTCTACGAAAAATTAGCCGGGCATGGTGGCGCATGCCTGTAGTCCCAGCTACTCAGGAGGCTGAGGTGGGAGGATCATTTGAGCCCAGGAGGCGGAAGTTGCAGTGAGCCAAGATTGCACCACCGTACTCCAGCCTGGGCAACAAGTGAGATCCTGTCTCAA"
"GL873521","24618820","24618994","chr8","68458893","68459071","47","43840073","TCCTAGCACTCTGGGGGGCCGAGGTGGTAGGATCACTTGAACTAGAGTTCAAGACCACCCTGAACAAAAATCACACCCTGTCTGTACTAAAAATAGAAAAATTAGCCAGGCATTATAGTGCATGCCTGTAGTCCCAGCTACCTGGTAGGCTGAGGCAGATCCTCTAGCCCAGGGG","CCCAGCACTTTGGGAGGCTGAGATGGGTGGATCACTTGAGCCCAGGAGTTCAAGACCAGCCTGGGCAACATGACGAAACTCTGTCTTTACAAAAAATACAAAAATGAACCAGGCATGGTGGTGCATGCCTGTAGACCCAGTACTTGGGAGGCTGAGGTGGGAGGATCCCTTGATCCTGA"
"GL873521","24626746","24626855","chr1","205148842","205148953","29","180522096","AAAGAATGACAAAAATTCAGATATGGTGGTATGCACCTATAGTCAGTCACAGCTACTGGGGAGGCTGAGGTGGGAGGCTTTCTTGAGCCCAGGAGGTTGAGTCTAGCAAT","AAAAAGTACAAAGAATTAGCCAGGTGTGGTGGTGCGTGCCTATAGTTCCAGCTACTTGGGAGGCTGAGGTGGGAGGATTGCTTGAGTCCAGGAGTTGGAGGCTGCAGTGAAA"
"GL873521","24781755","24782037","chr5","139301937","139302217","85","114520182","GACCAGGTGTGGTGGCTCACACCTATTAGCCTAGCACTCTTGGCAGCTGAGGCAGGAGGATTCACTCAGAACTTCAAGAGTTAAACCCATGCCTCTACTAAAAATAAGAAAAAAATCAGTCCAGAGTATCATGGTGGGCACTTGCAGTCCCAGCTACTCGCAATGCTGAGGAAGAAGGATAGCTTGAGCCTAGGAGTTTGAGGTTGCTGTAGGCTGGATTTTTGTCATGGCATGCTAGTCTTGGCAACAGAGTGAGACTCTGGGGGAAAAAAAAAAGGAAAAA","GGCTGGGTGCGGTGGCTCACACCTGTAATCCCAGCACTTTGGGAAGCTGAGGCCAGAGGATGGCTTGAGCTCAGGAGTTTGAGTTGAAACCCTGTCTCTACAAAAAATACAAAAATTAGCTGGGTGTGGTGGTGCACACCTGTGGTCCCAGCTACTTGGAAGTGTGGGGTGGGAGGATTGGTTGAGCCCAGGAGGTTGAGGCTGCAGTGAGCCATGATCGTGCCACTGTACTCCCGCCTGGGTGACAGAATGAGACCCTGTCTCAAAAAAAAAAAAAAAAA"
"GL873521","24969692","24969970","chr5","91805199","91805483","78","66835507","GGCTGGATGCAGTGGCTCACACCTATAAACCTAGCACTCTGGAAGGCCACAGTGGGAGAATGGCTCGAGTTCAGGATTTTGAGAGTAGCCTGAGCAAGAGCAAGACCACATCTCTACTAAAAATATAAAAATTAGCAGGAAGTCTTGCTGAATGCATCATCTCAACTGCTCTGGAGGATGAGGCAAGAGGATTGCTTGAACTCAAGAGTTGAGGTTGTGGTGAGCGAGACTGAATCCATAGCACTCTACCCCAGGCAACAGAGCAAGACTTTGTTGAAA","GACTGGGTGCAATGGTTCACATCTGTAATCCCAGCACTTTGGGAGGCCAAGGTGGGAGGATGGCTTGAGCCCAGAAGTTCAAGACCAGCCTGAGCTACATGGCAAAACCCTGTCTCTACAAAAAATGTAAAAATGAGCCAGGCATGGTGGTGCATGCCTATGGTCCCAGCTACTCAGGAGGCTGAGGCAGGAGGATCGCACTAATCTAGGAGATGGAGGCTGCAGTAAGCCGAGATTGAGTCATTGCACTCCAGCCTGGGCGAAAGAGCCAGACTCTGTCTCAAA"
"GL873521","24970004","24970019","chr3","153804291","153804307","1","128834287","AAAACAAAACAAAAAA","CAAAACAAAACAAAAAA"
"GL873521","25391954","25392209","chr7","3491054","3491312","81","21900900","CCTAGTGCAGTGGCTCACACCTGTAATCCTGGAGGCTGAAGCAGATGGATTGCTTTGAGTTCCTGCCTAAATAAAAGTGGGAATCTACTATAGCAAAATTAGCTGGGCGTTATGGTGGGTACTTGTGGTCCCAGCTACTCAGGACGCTGAGGCAGGAGGATTGCTTGAACCAAGGAATTTGAGGTTGTTATGAGCTATGATGATGCCATGGCACTCTACCCAGGCCACAGAGTAAGATTTGGTCTCCAAAAAAAAA","GGCCAGGTGCGGTAGCTCACATCTGCAATCCCAGCACTTTGGGAGGCTGAAGCTAGAGGATCACTTGAGTCTTGTCTCTACAAAAAAAATCAAAAAATTAGCCAGGGCATGGTGGTGCATGCCTGTAGTCCCAGCTACTCGGGAGGCTGAGGCAGGAGGATCACTTGAGCCCAGGAGGTTGAGGCTGCAGTGAGCTGTGACTGTACCACTGCACTCCAACCTGGGCAACAGAGTGAGACCCTGTCTCAAAAAATAATAA"
"GL873521","25453333","25453646","chr22","29946204","29946503","77","4492871","GCCGGGTACAGAGGTGCATTTACCTGTAATCCTAGCACTTTGGGAGGGTAGGGTAGGAGGATGGCTTGGGGCCAGTAGTTCAAGACCAGCCTGAACAATCTAGTGTGACCTCGTCTCCACAAAATATAGAAAAATTAGCCAGGCATGGTGGTGGGCACTTGTATTCTCAGCTTCTCAGGAAGCTGAGGCAGGAGGATCTTTTGAGGCTGGAAGGTTGAGGTTGCATTGTTGAGATTGCACTGAGCTGTGATGACACCACTGCACTCTAGCCCTGGCAACAGAGTGAGATCCTAATTTAAAAAAAAAAAAAAAAA","GCTGGGCGTGGTGGCTCCTTCCTGTAATCCCAGCACTTTGGGAGGCCAAGGCTGGAGGATCACCTGAGTCCAGGAGTTTAAGACCAGCCTGGGCAACATAGGGAGACCCTGTCTCTACAAAAAATAAAAAATTAGCCAGGCATGGTGGTGTGCACCTGTAGTCCCAGCTACTCAGGAGGCTGAGGCAGGAGGATCTCTTGAGCCTGGGAGGTCAGACTACAGTGAGCAATGATTGTGCCACTGCACTCCAGCCTGGGTGACAGAGTAAGACTCTGTCTCTTAAAAAAAAAAAAAAAAAAA"
"GL873521","25473197","25473312","chr11","64318421","64318538","25","38845224","GGGCATGGTAACTCACTCCTATAATCCCAGCAGTTTGAGAGGCCAAGGCTGGAGGATCACTTAAGGCTAGGAGTTCATGACTGGTCAGGGCAACATAGTAAGACTTATTCTCTACA","CCAGGCATGGTGGCTCACACCTATAATCCCAGCACTTTGGAAGGCCAAGGCGGGAGGATCCCTTGAGGCCAGGAGTTTGAGACCAGCCTGGGCAACATAGCAAGACTCCGTCTCCACA"
"GL873521","25473339","25473487","chr1","35894728","35894879","40","10421389","AAGAATTAGCTAGGCATAGTGGTGCGCAGCTGTAGTTCCAAGTACTTGGGAGGTTAAAGACCATGTGAGCGCAGGAGTTCAAGGCTACAGTGAGCTGTGATCATGCCACTGCACTCTGGCCTGGGTGACAGAGTCTGTGTCATAAAAAA","AAAAATTAGCCAGGCATGGTGGCACATGCCTGTGGTCCCAGATACTTGGGAGGCTGAAGTGGGAGGATCACTTGAGCCCAGGAGATCAAGGCTGCAATGAGCCATGATCATGCCACTGCACTCCAGCCTGGGCAACCCTGTCTTTAAAAAAA"
"GL873521","25493130","25493293","chr4","75562087","75562252","41","50068957","CTTAGAGTTGTGGTGGGCTCCTGTACTCCCAGCTACCCAGGAGGTGAGGCTGAGGCAGGTGGATCACTTGAACCCAGGTATGTGAGGTTGCTGAGAGCTAGGATGACACACAGCACTCTAGCCTGGTGACAGAGTGAGTCTATGTCTCTAAATAAATAAATAAA","TTAGCTGGGTGTGGTGGCATGCACCTGTAGTCCCAGCTACTTAGGAGGCTGAGGCAAGAGGATCACTTTAGCCCAGGAGGTGGAGGTTGCAGTGAGCTGAAATCATACCACTGCACTCCAGCCAGGGTGACAGAGTGAGACCTTGTCTCAAAAATAAATAAATAAA"
"GL873521","25493320","25493467","chr9","31337596","31337743","33","5844276","GACTGGGCTTGGTGGCTCATGCCTGTAATCCTAGCATTCTGGGAAGCTGAGGCAGGAGAATCACTTGAGGTCAGGAGTTCAAGACCAGACTGAGCAAGAGTGAGATCTTGCCTCTACTAAAAAAATATATATTTTTAAAAAATAATGC","GCTGGGTGTGGTGGCTCACACCTGTAATCCTAGTGATTCAGGAGGCTGAGGCAGAAGGATCACTTGAGGTCAGGAGTTTGAGAGCAGACTGAGCAACAGAGTGAGACCCCCTCTCTAAGAAAAAAATATTAAAAAAAAAAACAACCGC"
"GL873521","25793453","25793728","chr15","82250472","82250741","88","56457019","CAGGTATGGTGGCTCACACCTGTAATCCCAGCACTTCGGGAGGCCAGGAGGTGGGGGAGAGGCTCTCTTGAAGCCAGGAGTTCCTGACCAGCCAAGCAACAGGCGAAACCTTATCTCTACAAAATATTAAAGAAAAAAGGAAATTAGCCAGGTATAGCAGTAGACATCCATAATTCCAGATACTGTCGTGGCTAGGACAGGAAGATCACCTGTGATTGTGCCACTGCATCCCAACTTGCCAAAAAAGCAAGATGCTGTCTCTATAAAAGAAAACTA","GCCGGGCACGGTGGCTTATGCCTGTAATCCCAGCACTTTGGGAGGCCGAGGCAGGAGAATCGCTTGAGCCCGGGAGTTTGAGACCAGCCTGGGCAACATGGTGAAACCAAGTCTCTACAAAAAAATACAAAAAAATTAGCCAGGTGTCGTGGTGCACGTCTGTAGTCCCAGCCACTCCTGGGAGGTCGAGGCTGCAGTGAGCTGTGATCGTGCCACTGCACTCCAGCCTGGGGAACAGAGTGAGACCCCGTCTCAAAAAATAAAAAAAAA"
"GL873521","25946379","25946540","chr16","48668108","48668267","54","22721729","GTTGAGGCAGGATTTCTTGAGGCTGGGAGTTGGAGACCAGCCTGAAAAACATGTTGATACCATTGCTACAGAAATTAGAAGAGTTAGCTGGGTATAGTGGTGCATCCCTGTAGTTCCAACTACTAGGGATGCTGAGGCAGGAGGGTCACGTAAGCCCAGGAG","GTGGGAGGATTTCTTGATCCCAGGGGTTCAAGACCAACCTGGGCAACATAGTGAGACCCTGTGTATACTGAACAAAAACAATTTTTCAGGCATGGTGGCACACACCTGTAGTCCGAGCTATTCGAGAAGCTGAGATGGGAGGATCCCTTGAGCCCGGGAG"
"GL873521","25955927","25956105","chr3","43378154","43378339","50","17422227","AAAAAATAGAAAAATTAGCCATGTGCAGTGGCATGTGCCTATAGTTCCACCACTGTAGGGGCTGAGGTAGGAGGATCCCTTAAGACCAGGACTTTGAGATTGCTGTGAGTTATGACATCACTGCTGTCTGGTTGGGTGACAAAGGGAGACTTTGCCTCAAAAAAGGGAAGAAAGAAAAA","AAAAATACAAAAATTAGCCGGGCATGTTGGCATGTGCCTGTGGTCCCAGCTACTCCAGAGGCTGAGGTGGGAGGATCACTGGAGCCCGGGAAGTTGAGGCTGCAGTGAGCTGTGATCACACCACTGCACTCCAGCCTGGGTGACAGAGTGAGACCCTGTCTCAAAAAAAAAAAAAAAAAAAAAAAA"
"GL873521","26298260","26298339","chr4","95794331","95794409","18","69496071","GGCTGGGTGCATCAGCTTATGCCTGTAATCCCAGTACTTTAGGAGGTTGAGGTAAGAGGATCACTTAAGAACAGGAATCC","GGCTAGGTGCAGTGGCTTACACCTGTAATCCCAGCACTTTGGGAGGCCGAGGCAGGAGGATCACTTGAGCCCAGGAGTT"
"GL873521","26307582","26307851","chr5","152032216","152032514","85","125724634","GCTGGGCATAGTGGCTCACACCTACACTCTTAGAGGCCAGGGCAGATGAATTATTTGAGCTTGGGAGACCAGACTGAGCATGAGTGAGATCCTGTTCCTACTAAAAATAGAAAAATTAATTGGGTGTTGTGCCTGTAGTCCCAGCTACTTGGAAGGCTGAGGCAAGAGGATCACTTGAGCCCAAAAGACTGAAGTTCTAATGCCAAACATGCTACTCAGAGGGACAGAATGAGACTCTGTCTCAAAAATAAATAAATAAATAAATAAATA","GGCTGGGCACAGTGACTCACACCTATAATCCCAGCACTTTGTGAGGCTGAGGCAGGCAGATTATTTGAGCCCCTGAGGTCAAGACCATCCTGGGCAACATGGCAAAACCTCATCTCTACAAAAAATACAAAAATTAGTTGGGTGTGGTGGCATACGCCTATAGTCCCAGCTCCTCAGGAGGCTGAGGTAGGAGGATGGTTTGAGCCCAGGAGATGGAGGTTGATCATGCCACTGCTCTCCAGACTGGGCAACAGAATGAGACTCTGTCTCACAAAAAATGAAACAGAATAAAATAAAAA"
"GL873521","26951040","26951317","chr17","16672309","16672598","75","10278731","TGGCTTACACCTGTAATCCTAGCACTCTGAGAGGAGTGAGGCAGATTGCTTGAGCTTAGGAGTTTAAGACCAGCCTGAGCAAGAAAGATCCCATTTTTACTAAAATAGAAAACTAGCCAGGGGTGGTGGCCTATGTCTGTAGTCCCAGCTACTCGGTAGGCTAAGGCAAGAGGATTGCTCAAACCCAAGAGTTTGAGATTGCTGTGAGTTCTGGTGCCATGACACTCTATCCAGGGTAACAGAGTGAGACTTTGTCTAAAAAAGAAATAAAATAGGTG","GTGGCTCACACCTGTAATCTCAGCACTTTGGGAGGCTGAGGCGGGAGGATCACTTGAGCCCAGGAGTTTGAGACCAGCCTGAGCAACATAGTAGGCTCCTGTCTCTACAAAAAAATACAAAAATTAGCTGGTACTGGTGGCATGTGCCTGTAGTCCCAGCTACTCAGGAGGCTAAGGCAGGAGAATCGCTTGAGCCCAGGAGGTTGAGGCTGCTATGAGCTGTGATGGCACCACTGCACTCCAGCCTGGGTGACAGAGTGAGACCTGGTCTCAAAAAGAAAAAAAAAAAA"
"GL873521","26951542","26951557","chr3","53948633","53948648","1","26997091","AAAAGAAAGAAAGAAA","GAAAGAAAGAAAGAAA"
"GL873521","27061553","27061681","chr3","122788793","122788920","26","95727240","GGCCACGCACAGTGGCTCATGCCTTTAATCCTAGCTTTCTGTGGAGGCCAAAGCAAATGGATCACTTGAACTCAGGAGTTCAAGACCAGCCTGAGCAAGAGCAAGACCCCATCTCTACTAAAAATAGAA","GGCCAGGCACTGTGGCTCATGCCTGCAATCCCAGCACTTTGGGAGGCCAAGGCAAGAGGATTGTTTGAGCCCAGGAATTCAAGACCAGCCTGGGCAACTCAGGAAGACCCCATCTCTACAAAAAACAA"
"GL873521","27061706","27061860","chr8","96136998","96137163","44","69075292","TAGCTTGGCATTGTGGTAGGCACTGGCAGTCCCAGTTACTTCGGAGGCTAAAACAAGAAGGATTGCTTGAATCCAGTGAGGTTGCTGTGAGCTATAATGTCATGGCACTTCTCCCCAGGGCAACAGAATGAGACTATCTCAAAAAAACAAATAAA","TTTAGCTGGGAAGGTTGGCACGCACCTGCAGTCCCAGCTACTTGGGAGGCTGAGACTGGAGGATTGCTTGAGCCCGAGAGGTCGAGGTGGCAGTGAGCCATAATCACACCACTGTACTCCAGCCTGGGTAACAGAATGAGACTCTGTCTCAAAACAAACAAACAAA"
"GL873521","27073730","27073910","chr1","68095575","68095737","50","41021845","GAGCAGCCTGAGCAGCTAGGGTACTGCTCCCTGCCTCTAGTCCCAGCTACTTGAGGGGCTAAGGCAGGAGGATTGTTTGAGCCCAGGAGCCCAGGAGTTTGAGATTGATGTGAACTAGGCTGATGCCATGGCACTCTAAACTGGGCAACAGAGTAAGACTCTATCTTAAAAAAACAAAAAA","TTAGCCCTGCATGGTGGCACATGCCTGTAGTCCCAGCTATTTGGGAGGCTAAGGCAGGGGGATGGTTGGAGCCCAGGAGGCAGAGGTTGCAGTAAGCTGAGACTGAGCCATTGCACTGCAGCCTGGGTGACAGAGTGAGACTCTGTCTCAAAAAAAAAAAAAA"
"GL873521","27074182","27074275","chr19","50666183","50666279","26","23592001","GCTGGGTACTGTGGCTCAAGCATGTAATCATAGCACTCTTGAGGCCAAAGTTTGGAGGATCCCTGAAGCTCCAGAGTTTAAATGCAGCTTGAGT","GGCTGGGCTCTGTGGCTCATGCCTGTAATCCCAGCACTTTGGGAGGCCGAAGTGGGAGGATCACTTGAGTCCAGCAGTTTGAGAGCAGCCTGGGCAA"
"GL873521","27115551","27115853","chrX","48006439","48006741","74","20890888","GGCCAGGTGTGGTGGCTCCTGTAATCCTATCACTATGGGAGGCCAAGGTGGGTGGATTGCTTGAGCTCAGGAGTTGGAGACTAGCCTAGGCAAGAGTGAGATCCCGTATCTACTAAATAGAAAAACTAACCAGGTTCCAGGTGCCTGTAGTCCCAGATTCTTGGGAGGCTGAGGCAAGAGGATCACTTAAGGTCAGGAGTTTAAGGTTGCTGTGAGCTATGATGTCATAGCACTCTACCCAGGGTGACAGAGTGAGACTCTATCTCAAACAAACAAACAAACAAAACAAAAACAACAAAAAAA","GGCTGGGCTCAGTGGCTCACGCCTGTAATTCCAGCACTTTGGGAGGCCAAGGTGGGCGGACTGCTTGAGCTCAGGAGTTCGAGACCAGCCTGGGAAACATGGCGAAACCCCATCTCTTAAAAAAAAAAAATTATCTGGGTGGCAGGAGCCTGTAGTCCCAGCTACTTGGGAGGCTGAGGTAGGAGGATCACCTGAGCCCGGGAGGTCAAGGCTGCAGTGAGCCATGATCGTGCCACTGCACTCCATCCTGGGTGACAGAGTGAGACCCTGTCTAAAAAAAAAAAGAAAAAAGAAAAAAAGAAA"
"GL873521","3621655","3621735","chr19","38588582","38588671","29","34966927","AAACCCCCCAGAAAATTAGCTGTAGTCCAGCTACTTGGGAGGGTGAGGCAGGATTGCTTGAACTCAGGAGGCTGAGGTTGC","TTAGCCAGGTGTGGTTGTGCACGCCAGTAGTCCTAGCTACTCAGGAGGCTGAGGCAGGAGGATTGCTTGAGCCCAGGAGTTTGAGGCTGC"
"GL873521","3642385","3642519","chr4","190118736","190118870","25","186476351","GGCTGGGTGAGGTGGCTCACACCTGTAATCCCAGCACTCTGGGAGGCCAACAGGGATGGAGCACCTGAGCTCAGGAGCTTGTGCCCAGCTTGAGCAAGAGTGAGACCTCATCTCTGTTAAAAACAGAAAAAAAAA","GGCTGGGTGCAGTGGCTCACACCTGTAATCCCAGCACTTTGGGAGGCCAAGGTGGGAGGATCACTTGAGCTCAGGAATTCGAGACCAGCCTGGGCAACATAATGAGACTGCATCTCTGTAAAAAAAAAAAAAAAA"
"GL873521","3642815","3642983","chr6","117522072","117522244","43","113879257","AAAAAAACTAGCCAGGCATTGTGGCGAGTGCCTGTAGTCCCAGCTACTCGGGAGGCGGAGGCAAGAGGAGTGCTTAATCCCAAGAGTTTGAGGTTGCTGTAAGCTATGACACTCATTCTACTCAGGGTAACAAAGTGAGACTCTGTCTCAAAAGGAAAAAAGAAAGAGA","TAAAAAAATTAGCCAGATGTGGTGGCATGTGCCTGTAGTTCCAGCTACTCGGGAGGCTGAGGCAGGAGGATTGCTTGAGCTCAGGAGTTCGAGGCTGCAGTGAGCTATAATTGTGCCACTGCACTCTAGCCTGGGTGACACAGTGAGACCTTGTCTTTAAAAAAAAAAAAAAA"
"GL873521","3668981","3669096","chr1","92774326","92774442","25","89105345","GGCTAGGCTCAGTGGCTCATGCCTATAATCCTAGCACTCTGGGAGGCTGAGACAGGTGGAGTGCCTACGTTCAGAAGTTTGAGACCAACCTGGGGAAGAGTGAGACCCTTGTCTCT","GGCCAGGCGCAGTGGCTCACACCTGTAATTCTAGCACTCTGGGAGGCAGAGGCAGGCAGACTGCTTGAGCTCAGGAGTTCGAGACTACCCTGGGCCACACAGTGAGACTTTGTCTCT"
"GL873521","3669118","3669287","chr19","44556029","44556196","40","40886911","GCCTAGCCATGCATTATGGTGGGCACCTGTAATCCCAGCTACTTGAGTGGCTGAGACAGGAGGATTGCTTGGGCCCAGGTGTTTGAAATTGTCGTGAGCTATGACAACACTATAGCACTCAACCCAGGGCACAGAGTGAGACCCTGTCTCAAAAAAAATAATAAATAAAA","TTAGCTGGGCACGGTGGTGTGCACCTATACTCCCAGCTACTCTGGAGGCTGAGACAGGAGGATTGCTTGAGCCCAGGAGTTCAAGACTGCAGTGAGCTAGGATCGCACCATTGCACTCCAGCCTGGGCAACAGAGTGAGGCCCTGTCTCTAATAATAGTAAAAAAAAA"
"GL873521","3669631","3669737","chrX","25092369","25092466","29","21422738","GGTTAGGCATGGTGGCTTACACATGTAATCCCAGCACTTTCAGAGGCTGAAGTAGGAGGATCTCTCAAGAGACCATCAGAGGGAGACCCTGTCCTTATAAATAATTA","GGGTGTGGCGGCTCAAACCTGTAATCCCAGCACTCTGTGAGGCTGAGGCAGGAGGATCGCCTGGGCAATATAGTGAAACCCTGTCTGTATTAATAATA"
"GL873521","3670024","3670183","chr1","26355033","26355200","40","22685009","TTGGTTGGGTGTGGTAGCACTTGCCAATAGTCTTAGCTACTTGGGAGGCTGAGGCAGGAGGATCCCTTGAGCCCAGGAGTTCAAAGTTGTAGTGAGCTGTAGTAGGGCCACTATAGGGTAAAAGAGTAAAATCCTGTCTCAAAAAAAAAAAAAAAAAAAA","AACTAGCTGGGTGTGGCGGCGTGTGCCTGTAGTCCCAGCTACTTGGGAGGCTGAGGCAGGAGGATCACTTGAGCCCAGGAGTTCAAGGCTGCAGTGAGCTAAGATCATACCACTGCACTCCAGCCTGGGTAATAGAGTGAGATCCTGTCTCAAAAAAAAAAAAAAAAA"
"GL873521","3713060","3713213","chr16","52591348","52591478","53","48878288","ACTAAAATTGTAAAGCCTAAGCTGGGTGTCATGGTGCACACCTGGAGATCCAGCTCCTCGGAGGCAGAGACAGGAGGATCTCTTGAACCCCAAAATTTGAACACAGTGCGACAACATAATGAGACCCACCTCTTACAAAAAATTACAAAGACTA","GCTGAGTGTGGTGGTGTGTGCCTATAATTCCAGCTACTCAGGAGGCTGAGGCAGGAGGATCACTTGAGCCCAGGAGTTTGAGACCAGCCTGGGCAACACAGTGAGACCCCATCTCAAAAAATTAAACATTA"
"GL873521","3858021","3858181","chr15","40727742","40727900","45","36869721","GGAAAAATTAGCTCAGCATTGTGGTGGGTGCCAATAGTCCTAGTTACTGGGGGGGTGGAGGGTTGAGGCAGGAGCTTGAGCTCAGGAGTTTGAGGTTGCTGCGAGCAAGGCTCATGCCATGGCACACTAGCCTGGACAACAGAGTGAGAGTCTGTCTCAAA","TTTAAAAATTAGCCAGGCATGGTGGTGACCACCTGTAGTCCTAGCTATTCAGGAGGCTGAGGCAGAAAGATTGCCTGAGCTCAGGAGTTTGAGGTTACAGAGAACTCTGATCATGCCACTGCACTGCAGCCTGGGCAACAGAGTGAGACTCTGTCTCAA"
"GL873521","3858456","3858567","chr17","26390105","26390216","27","22531649","GGTTGGATGCAGTGACTCACGTTTATAATCCTAGCACTCTGGGGAGCAGAGGCAGGAGGATCCCTTGAGCTTAGGAGCAAGACCCCATCTCTACTAAAAAATGGAAAAATTA","GGCCGGATGCAGTGGCTCACGCCTGTAATCCCAGCACTTTGGGAGATGGAGGTGGGAGGATCGCTTGAGGCTAGGGGTTCGAGACCACATCTTTACAAAAAATTTAAAATTA"
"GL873521","3958462","3958555","chr3","156881552","156881648","15","152923090","GGCCAAGTGTGGTGGCTCACGCCTGTAATCCCAGCACTCTGGGAGGCTGAGGCAGAGAATCACTGGAGCGCAAGAGTTTGAGACTAGCTTGAGC","GGCCAGTTGTGGTGGCTCACACCTGTAATCCTAGCACTCTGGGAGGCTGAGGCTGGAGGATCACTTGAGCTCAGGAGTTTGAGACCAGCCTGGGCAA"
"GL873521","4004289","4004415","chr2A","53135817","53135938","36","49131528","GCCGGGCGCGGTGGCTGACACCTGTAACCGAGCACTTTGGGAGGCATCTGTAGGAGGATCGCTTGAGGCCAGGGATTGGAGACCTCCCGCCCTACAAATGATTTTAAAATAAACTGCTTATGCTGGG","GCCAGGTACAGTGGCTGACATCTGTAATCCCAGCACTTTGGGAGGCTGAAGTGGGAGGATCACTTGAGGCCTGGAGCTTGAGACCAGCCTTGTCAACATAGTGAGATTAAAAAATTAGCTGG"
"GL873521","4004664","4004811","chr5","141173286","141173416","45","137168622","CTGCTTATGCTGGAGGACCCTCACCCCACCCCACCCCCACACACACCTTGTGCTCCTGACTTGGAGACTGCAGTGAACTATGATCAGGCCGCTGCCCTCCAGCGTGAGCGACAGAGCATGACCCTGTCAAAAAAAAAAAAAAAAAAAA","CTACTTGGGAGGCTGACCCACGAGAATCACTTGAACCTGGGAGGTAGGCTGCAGTGAGCTAAGATCACACCACTGCACTCCAGCCTGGGCAACAGAGCAAGACTCTGTCTCAAAAAAAAAAAAAAAAAAAA"
"GL873521","4367979","4368038","chr4","148843957","148844014","16","144475978","GGGCCCGGATAATGGCTCTAATCCCAGCTACTTGGGAGGCTGGGGCAGAAGGATCGCTTG","GCAATGGTACATGCCTATAATCCCAGCCCTTTGGGAGGCTGAGGCAGGAGGATCACTT"
"GL873521","4416492","4416644","chr15","38442496","38442652","39","34026004","GACAAAAATTAGATGGGCGTGGGGCTGTAGTTCCAACTACTCTGGAGGCTGAGGCAGGAGGGTTGCTTCAGCCCAGGAGTTTGCGGTTGTAGTGAGCTATAATGATTCCACTGCACTATAGCATGGTGACAGAGTAAGACTGTATCTCAAAAA","TTAGCCAGATATGGTGGTGCATGCCTGTAGTCCCAGTTACTTGGGAGGCTGAGGCGGGAGGATTGCTTGAGCCCAGGAGTTTGAGGCTGTGGTGAGCTATGATTGTGCCACTGCACTCCAGCATGGGTAACAGAGCAAGACCCTATCTCTTTAAAAA"
"GL873521","4416915","4417046","chr12","122239412","122239544","30","117822497","GCCTGGTACAGTGGCTCACAGCTGTAATTCTACCACTCTGGCAGACTGAGGCAGGAGTATAGCTTGAGGTCAGGAGTTAGAGAGCAGCCTGAGCAAAAGTGAGACCCTCTATTAAAAATAGAAGAATTAGGG","GGCTGAGCACGGTGGCTCATACCTGTAATCCTAGCACTTTGGGAGGCTGAGGCGGGAGGATTGCTTGAGGCCAGGAGTTTGAGACCAGCCTGGGCAACATAGTGAGACCCCATCTCTAAAAAAAAAAAAATTA"
"GL873521","4508052","4508216","chr1","180937305","180937458","45","176429253","CGCCAAAATAGCCACGTATGGTTGTGTGCACCTATAGTCCCAGCTATTTCAGAGGCGGAGACCATAAGACCACTTGCACCCAGGAATTTGAGGATACAGCAAGCTGTGATCATGCCACTGCACTCCACTCCAAGCCACAGACTGAGGCCTTGTCTCTTAAAAAAA","GCAAGCCAGGTGTGGTGGCATTTGCCTATAGTCCCAGCTATGTCAAAGGCTGAGACAAAAGTATCACTTGAACCCAAGAGTTAGAGGTTACAGTGAGCTATGATCGCACCACTGCACTCCAGCCTAGGCAACAGAATGAGACCCTGTCTCTAAA"
"GL873521","4508241","4508340","chr4","142826785","142826889","25","138318544","CCAGGTGCCATGGCTTATGCCTGTAATCCCAGGGCTCAGCTTGAGGCAGATGATCACTTGAAGCCAGGAGTTCGAGACCAGCCTGGGTAACACAGTGAGA","GGCCAGGTGTGGTGGCTCATGCCTTTAATACCAGGGCTTTGGGAGGCTGAGGCAGGACGATCACTTGAGGCCAGGTGTTTAAGACCAGCCTGGGCAACATAGGGA"
"GL873521","4585645","4585775","chr1","22024766","22024901","32","17439121","GCTGGGCAAGGTGGCTCACGCCTGTAATCCGAGCACTCGGGGAGTCCAATAGGGGTGGATTGCCTGAGCTCAAGTTCAAGACCAACCCAAGCAAGAGTAAGACCCCATCTCTACTAAAAATAGAAAAAACA","GCCAGGTGAGGTAGCTCACGCCTGTAATCCCAGCACTTTGGGAGGCCAAGGTGGGTGGATCAACTGAGGTCAGGAGTTCAAGACCAGCCTGGCCAATATGGTAAAACCCCATCTCTACAAAAAATACAAAAATTAT"
"GL873521","4586039","4586216","chr5","162553581","162553768","45","157967542","TAATAGAAAAACTAGCCACTGGTAGGCACCCATAGTCCCAGCTACTTGGGAGACTTAGGCAAGAGAATCACTTAGCCCAAGAGTTTGAGGTTGCTGTGAGCTATGATGCCATAGCACTCTACCCACAGTGCCAGAGTGAGATTCTGTCTCAAAACAAAAAAAGAAAGAAAGAAAGAAA","AATTTAAAAATAGCCAAGTATAGTGGCATGCCTCTGTATTCCTAGCTACTTAGGAGACTGAGGCAGGAGGATCACTTGAGCCCAAGTGTGTGAGGCTGCAGTGAGCCATGATCCAGCCACTGCACTCGAGCCTGGAAGACAGAGTGAGATACTGTCTCAAAAAAAAGAAAGAAACGAAAAGAAAGAAA"
"GL873521","4615177","4615298","chr12","11845861","11845982","46","7230684","AAATATAATGAGTAGCTGGGTGTGGAGGCACGTACTTCTACACCCAGCTACATAGAAACTGTGTAGCAGGCAGGAAGATAGTTTAATTAATATAGTGAGAACCCCATTTCAAAAAGAAAGAA","AATACAAGGAAGCCAGGTGTGGTGGCATGCACCTACAGCCCGAGCTACTCGGGAAGCTTTGAACTGGAGACAAGCCTGGGCAACATAGTGAAACCCCATCTCCCTCTAAAAACAAGGAAAGA"
"GL873521","4639212","4639298","chr17","29760224","29760310","16","25121012","GGCCTGGCACAGTGGCTCATACCTATAATCCTAGCACTCTGGGAGGTGAGGTGGGGAGGATCCTTTGAGCTTAAGAGTTTGAGATCA","GGCCATGGGCAGTTGCTCACACCTATAATCCCAGCACTTTGGGAGACTGAGGTGGGAGGATCGCTTGAGCACAGGAGTTTGAGACCA"
"GL873521","4757227","4757326","chr1","32811419","32811520","26","28054192","TAAAATAAATAAATCAGCTGGCAGTGTGGTAGGCAACTGTAGCCCCAGCTACCCAGGGCTGTGGCAGGAAGGTGACTTGAGCCCAGTAGTTTGAGGTTGC","ATTAAATTAAATGGAGCCGGGCGTGGTGGTATGCACCTGTTGTCCCAGCTACTCAGGAGGCCAAGGCAGGAGGATCACTTGAGCCCAGGAGTTTGAGGATGC"
"GL873521","4757600","4757715","chrX","124471265","124471386","33","119713665","GGCTGAGCAGTGTGGCTCACGCCTGTAATCCTAGTGCTTTGGGAGGCTGAGGTGGAGTGAATTCCAGACCTGCCTGAACAAGAGAGTTTTTGTCTCTACTAAAAATATAAAAATCA","GGCTGGACACCGTGACTCACGCCTGTAATCCCAGCACTTTAGGAGGCTGAGGCAGGAGGATTGCTCAAGACTAGCCTGGCCAACATGGTGAAACCCCGTCTCCACTAAAAATACAAAAATTA"
"GL873521","4833908","4834183","chr20","5619662","5619943","68","785754","GGCCAGTGCAGTGGCTCATGCTGTAATCCCAGCCCTCTGGGAGGCTGAGGCAGGCGGATCCCCTGAGCTCAGTGGTTGGAGACCAGCCTGAGCAAAAGTGCAACCCCGGCTCTACTAAAAATAGAAAAAACATTAGCTGGGCTGGGTGGCAGCTGCCTATAGTTACAGCTAATAGGAAGGCTGAGACAGGAGGATGGTTTGAGCTCAGGAGGTTGGGGTTAAGATATGGTGACACCACTGCATGCTACCTGGGGCACAGAGCAAGACTCTTGTCTC","GGCCAGGTGCAGGGGCTGACACCTGTAGTCCCAGCACTTTGGGAGGCTGAGGCAGGAAGATCACTTAAGCCCAGGAGTTCGAGACCAGCCTGCGCAACATGGTGAAAACCCGACTCTACAAAAAATACAAAAACTAGCCAGGCATGGTGGTGCCTGCCTGTAGTCCTAGCTACTCAGAAGGCTGAGATGGGAGGATTGCTTGAGCCCAGGAGGTTGAGGTTGCAGTGAGCTGAGATGACACCGCTGCATTCCAGCTTGGGTGCCAGAGCAAGACCCTCTCTC"
"GL873521","4857882","4858053","chr13","48157593","48157767","59","43299711","GACCAACCAGAGTAAGAATAAGACCCCTGTCTCTACAAAAAAATGCCAAAATTAGCCAGGCATAGTGGCATGCACCTATAGTCCCAGCTACTATAGTTTTGAGGTTGCTGTGAGCTATGACGATGACATTGCACTCTACCCCAGGCAACACAGCAAGGCTCTGTCTCCAAAA","CCAGCCTGGACAACATAGGGAGACCCTGTCTCTACAAAAAAATTTTCAGAAAATTAGCTGGGCACCATGGCGCATTCCTATAGTCCCAGCTACTCAGGAGGCTGCAGTGAGCCATGATTGTGCCACTGTGCTCCAGCACGGGTGACAGAGCAAGACCCTGTCTCTTAAAAAAAAA"
"GL873521","4858329","4858418","chr2B","246546136","246546224","17","241687807","CAGGAGCAGGGGCTCACACCTATAATCCTAGCACTCTAGAAGGCCAAGGCTGGAGGATTACTTGAGGCCAGAAGTTCATGACCAGCCAGT","CCAGGTGCTGTGGCTCATGCCTGTAATCCCAGCACTTTGAGAGGCCTAGGCAGGAGGATTACTTGAGGCCAGAAGCTCAAGACCAGCCT"
"GL873521","4904065","4904344","chr20","3250028","3250308","77","1654037","GGCCAGGCATGGCGGCTCAGCCTATAATCTGGGAGGCCAAGGCTCAAGGAGTTTGAGACCTGCCTGAGCAAGAGCAAGACCCTGTCTCTACTAAAAATAGAAAAAACAGCCAGGTGTTGTGGCAGGCACCTGTAGGCCCAGCTACTTGAGAAACTGAGGCAGGAGGACTGCATGAGCTCAGGAGTTTGAAGTTGCTGTGAGCTAAGAAGCCACAGCATTCTAGTCTGTAGCAACAGAGTGAAACTGTCTCAAAAACAGAACAAAACAAAACAAAACAAAA","GGCCAGGTGCAGTGGCTCACACCTATAATCCTAGCACTTCAAGGCCAAGTTCGAGACCAGCCTGGGCAACATGGCAAAACCCTGTCTCTACAAAAAAAAAATAAAAATTAGCCAGGCATGGTGGCGCTCACCTGTAGCCCCAGCTTCTTGTGGGGCTGAGGCAGGAGGATTGTTTGAGCCTGGGAGACAGAGGTTGCAGTGAACCTATATCATGCCACTGCACTCCAGCCTGGGTGACAGAGTGAAACCCTGTCAAAAAAAAAAAAAAAAAAGAAAGAAAA"
"GL873521","5548943","5549231","chr4","172002891","172003185","72","166453948","GACTGGGCACAATGGCTCACGCCTATAATCCTAGCACTCTGGAAGGCCAAGGTGGGTGGATTACTTGAGCTCACAGGTTTGGGACCATCCTGAGCAAGAGTAAAACCTCATCTCTAAAAATAGCCCGGCATTGTGGTGGGTACCTTGTAGTCCCAGCTAGTTGGGAGGCTGAGGCAAGAGAATCTCTTGAGCCTAAGACTTTGAGGTTGCTGTAAGCTGTGATGCCATGGTACTCTACCGAGGGTGACATAGTAAGACTCTATCTCCAAAAAAAAGAAAGGAAAAAGAA","GGCCAGGCACAGTGGCTCATGCCTATAATCCCAGCAATTTGGGAGGCCAAGGTGGGAGGATCACTTGAGCCCAGGAGTTGGAGACCAGCCTGGGCAACATGGCAAAACTCCATCTCTACAAAAAATAGAAGCCAGGTGTGGTGGTGTGCATCTGTAGTCCCAGCTACTTGGGAGGCTGAGGTGGGAGAATCGCCTGAGCCTGGGAGGTGGAGGTTGCAGTGAGCCAAGATCATGCCACTGCACTCTAGCCTGGGTGTCAGAGTGACAACTTGTCTCAAAAAAAAAAAAAAAAGAA"
"GL873521","5616768","5616899","chr1","134480867","134480991","29","128864099","GTGGCTCTCTCCTGTAATCCCAGCACTTTGGGAGGCCAGGGGAGAGGATTGCTTAAGGCCAGGTATTTGAAACCAGCCTGGGCAACACAGAGAGATATGCCCATCTCTACCAAAAGAAAAAAATTGCTAGGA","GTGGCTCATGCCTGTAATCCCAGCACTTTGGGAGGCCAAGGAGTGAGGATTGCTTAAGTCCAGGAGTTCAAGAACAGCCTGGGAAACATAGTAAGATCCTGTCTCTACAAAAAATAAAAAATTGT"
"GL873521","5617203","5617331","chr3","201848039","201848154","42","196230836","TTAAAAGTTTGCTGGGCTTGCTGAAGTGTGCCTGTAGTCCCAGCTACTCAAGAGACTAAAGTGGGGGGGATCAACAGAGCCCAAGAGTTTTAGCCTGTTCTGAATCACTGGACCACTGCATTCCTGTCT","ATTAGCTGGGCGTGGTGGCGGCTGCCTGTAGTCCCAGCTACTCAGGAGGCTGAGGTGGGAGGATCACCTGAGCCCGGGAGGTCGAGGCTGCAGTGAGCAGTGATGACGGCACTGCA"
"GL873521","5813449","5813645","chr8","55925895","55926096","51","50112446","TCTATAAATATATAGAAATTGCCAGGCACTGTGGCTAATGCCTGTCATCCGAGCACTTTGGGAGGCTGAGGCAGGAGGATCATTTGAGCCCAGAAGTTGGAGGCTTCTATGACTGGGGTGCTGCACTACAGTGGAGGCTGGGTGAAAGAGCAAGATTCTGTCTCTAAAAAACATACAAAACAAACAAACAAACAAAA","TCTCTACAAAAAAATAAAAAACTAGCCGGGCATGGTGGCACATGCCTGTAGTCCCAGCTACTTGGGAGGCTGAGGCAAGAGGATCACTTTACCCCAGGAGGTCGGGGCTGCAGTGAGCTGTGTTCATACCACTGCACTACAGCCTGGGTGACAGAGCAAGACTCTGTCTCAACAAAACAAAACAAAACAAAACAAAACAAAA"
"GL873521","5816723","5816839","chr7","150519989","150520108","29","144703266","GGCTTACACCTGTAATCCTAGCACTTTGGGAGAGTGGGAGTATGGCTCGAACCCAAGAGTTGGGAGACCAGCATGGGAAAGAATGAGACCCTGTCTCTACAAAAATAGAAAAATTAG","TGGCTCACATCTGTAATCCCAGCACTTTGGGAGGCCAAGGTGGGAGGATTGCTTGATCCCAGGAGTTGGAGACCAGCCTGGGCAACATAGTGAGACCCTGTCTCAACAAAAATTTATTTT"
"GL873521","6392280","6392393","chr13","98865790","98865887","34","92473510","GGCATGGTGATACATGCCAGCGACTTAGGAGGAGGACCCCTTGAGCAAGTGAGCAGTGATTGTGCCACTGCACCTCCAGCCTGAGCAACAAAGTGAGACTCTGACTCTTAAAAA","CAGGGGGACCACCTGAGCCTGGGAGGTTGCAGCTGCAGAGCCGTGATTGTGCCACTGCATTCCAGCCTGGGCAACAGAGTGAGCTCCTGTCTCAAAAA"
"GL873521","6821886","6822161","chr13","35542940","35543211","71","28721054","GGCCTGGTGCAGTAGCTCAGAGCTGTAAGCCTAGCACTCTGGGAGGCAGAGGTAGGTAGATCACTTGAGACCAGGAGTTCAAGAAGACCAGACTAAGTAAGAGTGAGACCCTCACCTATGCTAAAAATAGAAAATATTAGCTGGGCATACAGTGTATGTCTGTAGTCCAGGCTACTTAGGAAGCTGAGGTAGGAGGATCACTTAAGCCCAGGAGTTTGAGGTTGCTGTGAGCTAGGCTGAGGCCATGGTACTTCAGCCTCGGCAACAGAGTGAGAC","GGCCAGATGTGGTGGCTCACACCTGTAATCCTAACACTTTGGGAGACCGAGGTGGGTGGATCACTTGAGGTCAGGAGTTCAAGACCAGCCTGGCCAACATGGTGAAACCCCATCTCTACTAAAAATACAAAAATTTGCTGGGCATGATGGTGGGCGCCAGTAGTTCCAGCTACTCAGGAGGCTGAGGCAGGAGAATCGCTTGAACCCAGGAATCAGAGGTTGCAGTGAGCCAAGATCACGCCATTGCACTGAAGCCTGGGCGACAAGAGCAA"
"GL873521","6822427","6822459","chr1","26448863","26448892","8","19626436","TCAGAGTGAGACTTTATCTCAAAGAAAAAAAAA","TGAGTAAGACCCTGTTTCAAAGAAAAAAAA"
"GL873521","6828199","6828251","chr12","8954703","8954756","17","2126504","GGGAGAGGTAGCTCAGGCCTGTAATTCTAACACTCTGGGAGGGAGGATCCCTT","GGTCAGGTATGGTGGCTCATGCCTGTAATTCTAGTACTTTGGGAGGCTGAGGTC"
"GL873521","6828640","6828791","chr2A","70191250","70191406","45","63362610","CCTTGAGCTCACAAGTTTGAGACCAGCCTGAGCAAGAGCGTGACTATCTCTACTAAAAATAGAAAACTCTGCTAGGTGTTGTGGCAGGTGCCTATAGTTCCAGCTACCTAGGAGGCTGAGGCAAGAGGATCACTTAAGCCCAGCAGTTTGAG","TCACTTGAGCCCAGGAGTTCGAGACCAGCCTGGGCAACATAGTGAGACTCAGTCACTACAAAAATAAACTTGCTGGGTGTGGTGGTGTGCACCTGTAGTTCTAGCTACTCAGGAGGCTGAGGTGGGAGGATCCCTTGAGCCTCGGAGGTGGAGGTTG"
"GL873521","6837142","6837367","chr12","104694083","104694305","59","97856941","GACTGGGTGCTATAGCTCACACCTGTAACCCTAGCACTCTCAGAGGCCAAGGTGGGTGGATTCGCTGAGCTCAGGAGTTCAAGACCAGCCTGAGCAAAATAAGACCCCATCTCTACTAAAAATAGAAAAAGAAAAACCAGCCAGGTGTGGTGCCAGGAGCCTGTAGTTCCAGCTACTCAGAGGCTAAAGTAAGAGGATTATTTGAGCAGTAAGAGTTTGTGGTTTC","GACTGAGTACGGTGGCTCACACCTGTAATCCTAGCATTTTGGGAGGTCAAAGTGGGAGGATGACTTGAGCCCAGGGGTTCAAGACCAGCCTGGGCAACAAAGTGAGACCCTGTCTCCATAAAAATTACAAAAATTAACCAGGCATGGTAGCATGTGCCTGTAGTCCCAGCTACTCGGGAAGCTGAGGCCAGAGGATTGCTTGAGCTTAAGAGGTTGAGGCTGC"
"GL873521","6837616","6837695","chr14","61332116","61332199","24","54494500","GTTTGTGGTTGCTGTGAGCTATGACATCACAGCACTCAACCCCAGGGTGACTACATACAACTCTGTCTCAGAAAAAAAAA","GGTTGAGGCTGCAGTGAGCTGTAATTGTACCACTGCACTCCAACCCAGGTGACACAGTAAGACCCTATCTCAAACAAAACAAAA"
"GL873521","7000001","7000131","chr1","35753661","35753787","41","28753660","ACAGTAATACATACTTGTAGTTCCAGCTTCTAGGCTGAGGCCAGAAGATGGCTTGAGCCCAGGACTTTGAGGTTGCAGTGAGAGATGATGATACCTCTGTACTCTAGCCCAGGTAACAGAGACTCTGTTTC","TTAGCCAGGCATACTAGCTCATGCCTGGAGGCTGAAGCAAGAGGACAGCTTGAGCCCAGGAGTTTGAGGCTGCAGGCAGCTATGATCGCACCATCGCACTCCAGCCTGGGTGACAAGACCCCATCTC"
"GL873521","7000386","7000547","chr6","44662547","44662705","42","37662161","GGGTGTGGTGGCTCTTACCTGTAATCCTAGCACTTTGGGAGGCTGGGGCAGGCAGGAAGATTGTTTGAGGCCAGGAGTTCCAGACCAGGCTTGTCAATATAGTGAGACCCCGTCCCTATAAAAAATAGAAAAATTATCTGGGCCTGGTAATGCATACTTTGG","GGCACAGTGGCTCATGCCTATAATCTCAGCACTTTGGGAGGCCAAGGTGAGAGGATCACTTGAGCCCAGGAGCTACAGACCAGCCTGGGCAACATAGAGAAAACCCATCTCTACAAAAAATACAAAAATTATCTGGGCGTGGTGATGCATGCCTGTTGT"
"GL873521","7034228","7034543","chr6","83628974","83629284","80","76594746","GGCCAGATGCAGTGGCTGACACCTGCAATTCTATAACTTTAGGAAGGTGAGAGAATTGCTTGAGGCCAGGAGTTCCAGACCAGCCTGAACAATATAGTGAGACCCCATTGCTACAAAAATTAGAAAAATTCACTGGGTGTAATGGCCAATGCCTGTATTCCCAGATAATCCAGAGGCTGATGCTGGAAGATTACTTGAGCCCAAGAATTTGAGGTGACAGTGAGCTATGATGACACCAATGCACTCTAGCTTGGGCAATAGAGTGTGACCCTATTTCCAAAAAAAGAAAGAAAGAAAGAAAGAAAAGAAAAGAAAA","GGCAGGGCATGGTGGCTCATACCTGTAATCCCAGCACTTTGGGAGTCCAAAGTGGGTGGATCGCTTGAGTCCAGGAGTTCAAGACCAGCATGGGCAATATGGTGAAACCCTATCTCTACAAAAAAATACAAAAATTAGCTGGGCATGGTGGCATGCACTTGTATCCCAGCTACTCCAGAGGCTGAGGTGGGAGGATTGCTTGAGCCCAGGAGGTTGAGGCTGCAGTGAGCCATGATCACACCACTGCACTGTAGCCTGGGCAGTAGAGCGAGACACTGTCTAAAAAAAAAAAAAAAGAAAAGAAAAGAAAA"
"GL873521","7070010","7070206","chr5","79804250","79804453","53","72734240","GGCCAGGCAAGATGGCTCATGCCTGTAATCCTAGCATTCTGGGTGGCTGAGACAGGCATATTCCCTGAACTCATGAGTTGGAGACAAGTCTGAGCCAGAGTTAGACCTCATCTCTAAAAATAGCCTGGCATTGTGGCATACACCTGTAGTCTCAGCTACTTGGGAGGCTGAGGTGAAAGAATTGCTTAAGCCCAAGA","CAGGCACTGTGGATCACACCTGTAATCCCAGCACTTTTGGAGGCTGAGGCGGGCAGATTGCTTGAGCTCAGGAGTTTGAGACCATCTTGGGCAACCTGGTAGAACCACATCTCTACAAAAAATTAGCCGGGCATCGTGGCACACGCCTGTAGTCGCAGCTATTTGGGGGGCCTCCTGAGGTGAGAGGATTGCTTGAGTCCAGGA"
"GL873521","7070300","7070404","chr10","27497894","27497990","34","20427594","GTAAGCCCAAGATTTTGAGGTTGCTGTGAGCTATAATGCCATAGCACGCTAACTGAAGCAAAGTAACTATGACAAAGTAAGACTCGGTCTCAAGAAAGAGAAAAA","CACTTGAGCCCAGGAGGTTGAGGCTGCAGTGAGCTATCATGCCACCACACTCCAGCCTGAATTACATGGCAAGACCCTGTCTCAAGAAAAAAAAAAA"
"GL873521","7099137","7099314","chr16","419989","420167","56","6679148","GGCTGGGTGCCGCGGCTCACACCTATAATCCTAGCACTCTGAGAGGCCAAGGCAGGTGGATTGCTTGAGCTCAGGCACTTGAGGCCCTCAAATAGAAAAACTAGCCCAGCCTTGTGGTGGGCCCCTGTAGTCCAGCTACTTAGGAGGCTGAGGCATGAGGATCGATTGAGCCCAAGTA","CTGGGCACCGTGGGTCATGCCTGTAATCCCAGCACTTTGGGAGGCTGAGGCAGGAGGATCACTTAAGCCCAGGTGTTCAAAAAACAAACAAAAAAACATTAGCCAGGTGTGGTGGTGCACACCTGTAGTCCCGGCTACTCAGGAGACTGAGGTGGGAGGAGCTCTTAAGACCGAGAGGT"
"GL873521","7099591","7099694","chr5","181790038","181790151","31","174690447","TGAGGCCAAGTATTTGAAGTTGCTGTGAGCTATGATGTGGCGCTCTACCAAGGTTGATAAAGTGAGACTCTGTCTCAAAAACAAACAAACAAACAAAAAAGCAA","TTGCTTGAGCCCAGGAGGTGGAGGTTTCAGTGAGCCAAGATCGTGCCACTGCACTCCAGCCTGGGTGACAAAGTGAGACCCTGTCTCAAAAACAAACTAACAAACAAAAAACAA"
"GL873521","7182117","7182284","chr17","14741482","14741644","46","7559365","AATTAGCCAGGCATCATAGCACATGCCTATAGTCCCAACTATTCAGGAGCCTCAGGGCCAGGAGGATCCCTTGAATATAGGAGTTTGGGGTTACTGTGAGCTATAATGATACCACCCACTGCACTTTAGTCTGGGTGACAGTGAGACCCCGGCTCAGGGGGAAAAAAA","AATTAGCCAGGCATGGTGGCACATGCCTATAGTTCCAGCACTTTGGGAGGCTAAGGCAGGAGGATTGCTTGAGCCCAGGAGTTTGAAGTTACAGTAAGCTATGATCATGCCATTGCACTCTAGCCTGGGCAACAGAGTGAGACCTTGTCTCTAAAAAAAAAAA"
"GL873521","7182549","7182656","chr11","75656969","75657073","28","68474420","AACCCCAGCACTTTGGGAGGCCAAAGCAGGAGGATCATTTGAGGCCTAGGAGTTGGAAAGCAGGCAGAACAAGAGTGAGACTATCTTCATAAAAATACAGAAAAATTA","CCAGCACTTTGGGAGGCCAAGGCAAAAGGATCACTTGAGCCCAGGAGTTTGAACCAACCTAAGCAACAGAGTGAGACCCTGTGTCTACAAAATATTAAAAAATTA"
"GL873521","7224398","7224414","chr1","153358526","153358539","3","146134128","AAAAAAGAAAGTAAAAA","AAAAAAAAAAAAAA"
"GL873521","7224442","7224704","chr16","23925003","23925279","73","16700561","GTGTGATGGCTCATGCCCATAATCCTAGTACTTTGGGAAGCTTAGGCAGGAAGATTGCTGGAGGTCAGGAGTTCAAGACCCACCTGAGCAAGAATGAGACCCCCGTATCTACAAAAAATAGAAACATTAGCTGGGTGTGTTGGTGTATGTCTGCAGTACCAACTACTAGAGAGTTTGAGGCAGGAGGATCGTGTAAGCCCAGGAATTTGAGGTTGCAGTGAGCCACCACTGCACTCTACCCTGGGAGGCAGATCAAGACTGTG","GGCTGAGCGCGGTAGCTCATGCCTATAATCCCAGCACTTTGGGAGGCTGAGGCAGGTGGATTACTTGAGCTCAGGAGTTCGAGACCAACCTGGGCAACACGGTGAAACCCCTTCTCTACAAAAAACACAAGAATTAGCAGGGCATGGTGGTGTGCACCCGAAGTCCCAGCTACTCAAGAGGCTGAGGTGGGAGGATGGCATAAGCCCAGGAAGTGGAGGTTGCAGTGAGCCAAGATCATGCCACTGCACTCCAGCCTGGGTGACAGCAAGACTGTCT"
"GL873521","7244822","7245115","chr16","74165797","74166100","72","66920975","GGCCGGGCTCAGTGGCTCTATAATCCTGGCACTCTGGGAGGTCAAGGTGGGTGGATTGCTTGAGCGCAGGAGTTTGAGACCAGCCTGAGCAAGAGTGAAACCCCGTCTCTAAAAATAGCCAGGTGCTGTGGTGAGCCCCTATAGTCCCAGCTACTCAGGAGGCTGAGGCCAGAGAATCGCTTAAGCCCAGAAGTTGGAGGTTGCTGTGAGCCGTGATACCATAATTCTTTAACAAGGGTGACAGAGTGAGACTCTGTCTCAAAAAAACAAACATACAAACAAAAAAAAAAAAAA","GGCTGGGCACAGTGGCTCATGCTTATAATTCCAGCACTTTGGGAGGCCAAGGTGGGTGGATCACTTGAGCCCAGGAGTTCGAGACCAGCCTGGGCAACATGGTGAAACTCTGTCTCTACAAAAAATTAGCTGGGTGTGGTGGCTCGTGCCTGCAGTCCCAGCTACTCAGGAGGCTGAGGTGAGAGGATCAATGGAGCCCAGGAGGTGGAAGTTGCAGTGAGCCAGATCACACCACTGTACTCTCCAGCCTGGGTGACAGAGCAAGACCCTGTCTCAAAAACAAACAAACAAACAAACAAACAAA"
"GL873521","7391188","7391475","chr8","106723939","106724236","70","99332751","GGCATGGTGGCTCACACCTATAATCCTAGCACTCTGGGAGGACAAGGTGGGAGGATCCCTTGCACTCAGAAGTTCAAGACCAGCCTGAGAGAGAATAGGACCCCATCTCTACTAAAAATAGAAAAATTACCTGGGCATTGTGGTTGGTGCCTGTAGTCCCAGCTTCTTGGGAGGGTGAGGCAGGGGCATCACGTGAGCCCAGGAATTTGAGGTTACAGTTAGCTGTTTTGTCACAGCCATCTACCCAGGGCAACAGAGTGAGACTCTATCTCAAAAAGAAAAAAAGAG","GGTGCTGTGGCTCAAGCCTATAGTCCCAGCACTTTGGGAGGACAAGGTGGGAGGATCACTTGAGCCCAGCAGTTCAAGACCAGCCTGAGCAACATGATAAGACCCCATCTCTACAAAAAATTAGAAAAATTAGCCAGGCATGGTGATGTATGCCTGTGGTCCTAGCTACTTGGGAGGCTGAGGCAGGAGGATCCCTTGAGCCCAGGAGGTCAAGGTTGCAGTGAGCCATGGTTGTACCACTGTACCCCAGCCTGGGTTACACAGTGAGATCCTATCTCAAAAAAAAAAAAAAAAAAAA"
"GL873521","7391570","7391585","chr17","38661961","38661976","2","31270391","GAAAAAAAAAAGAGAA","GAAAAGAAAAAAGAAA"
"GL873521","7411261","7411442","chr4","57296207","57296386","41","49884946","AGAAAGAAAGAAAAAAAATTAGTCAAGAATGGTGGCATGCACCTATATTCCCAGCTACTCAAGAGACTGAAGCAGGAGGATTACTTGAGCTCAGGAGTTGGGGGCTGCAGTAAGCTTTGACTATACTAATGCACTCCAGCCTGGGTGACAGAGCGAGACCCTGTTTCAAAAAAGAAAAAAAA","AAAAAAGAAAAATTAGCCAGGCATGGTGGCATGTGCCTGCAGTCCCAGCTACTCAGGAGACTGAGGTGGGAGGATTGCTTGAGCCAGGGAGATTGGGGCTGCAGTGAGCTGTGATATCATGCCACTGTACTCCAGCCTAGGCCGCAGAGTGAGACCCTGTCTCAAAACAAAAACAAAAAA"
"GL873521","7411723","7411845","chr16","11721596","11721721","28","4309873","GGCTGGGTGCAGTGATCCTAGCCTTTTGGGAGGCTGAGGCAGGAGGACTGATTGAGGCCATGAATTTGAGACCAGCCTGAGCAAGAGTGAGACCTTGTCTCTGCAAAAAATAGGAAAATTAGT","GGCTGGATGCGGTGGCTCATGCCTTTTGGGGAGGCTAAGGCAGGAGGATTGCTGGAGCCCAGGAATTAAAGACCAGCCTGGGCAACATAGTGAGACCTCGTCTCTACAAAATTAAAAATTAAGTTT"
"GL873521","7473204","7473396","chrX","14950093","14950281","51","7476889","CAAAAAAAAAACCTTAGCCAGGTATGGCAGCACAGATTTGTCATCCCAACTACTCAAGAAGCTAAGGTGAGAAGATCACCTGAGCACAGGAGTCTGAGGTTATAGTGAGCTGTGACTGGGCCATTCACTACATTCCAGCCTATGCTATAGAGTAAGACCCTGTCAAAAGAAAAAAAAAGAGAGAGAGAGAAAA","TCAATAAATAAAAATTAGCCAGGCATGGTAGCACATGCCTGTCGTCCCAGTTACTCAGGAGGCTGAGGTGGGAGGCTCACCTGAGCCCAGGCATTGAAGGCTGCAGTGAGCTATGATCACAACACTGCATTCCAGCCTGGGTGACAGAGCAAGACCCTGCCTCAAAATAAAATAAAGAAAGAAAGAAAA"
"GL873521","7473423","7473542","chr14","57739259","57739375","24","50265836","CTGGGCACAGTGTTCATGCCTGTAATTTGAGCACTTTGGGAGGCCAAGGCTAGAGGATCACTTGAGGCCAGGAGTTTGAAACCAGCCTCAGTAACACAGAGAACCCTCATCTCTATTTAA","CTGGGTACATTGGCTCAAGCCAGTAATCCCAGCACTTTGGGAGGCCAAAGCAGGAGGATCACTTGAGGCCAGGAGTTTGAGACCAGCCTGGGTAACATGAGACCCTGTTTCTACAAA"
"GL873521","7573100","7573248","chr5","35112160","35112317","42","27539060","AGCCAGATGTGGTCTATAGTCCACAGCTACTTAGAGGCTGAGGCAAAGGGATCACTTGAGCCCGAGAGTTCAGGGCTGTGGTGCACAATGATCATGTCTGTGAATAGCCACTGCACTTCAGCCTAGGCAACATAGCAAGACCCTATCTC","AGCCTGGTGTAGTGGCACATGCCTATAGTGTCAGCTACTGGAGAGGTTGAGGCAGCAGGATTGCTTGAGTCCAGCAGTTCAAGGCTGTAGTGCACGATGATGGTGCCTGTGAATAGATACTGTGCTTTAGCATGGGCAACACAGCAAGACTCTGTCTG"
"GL873521","7601934","7602029","chr5","155700261","155700353","20","148098327","GGCTGAGCCCAGAGGCTCATGCCTGTAATTCTAGCACTCTGGGAGGCTGAGGCAGGTGGAGTGCTTGAGCTCAGGAGTTAAAAAAATCCAGTTTGA","GGCCGGGCACAGTGGCTCATGCCTATAATCCCAGCACTTTGGGAAGCTGAGGCAGGAGGATTGCTTAAGCCCAGGAGTTCAAGACCAGTCTTG"
"GL873521","7602314","7602531","chr2A","29137649","29137868","57","21535335","GACCAGTGTGAGCAAGGGCAAGACTCTGTCTCTACTAAAAATAGAGAAACTAGCTGAGCATTGTGGTGGGTGCCTAAAGTCTCAGCTGCTCAGGAGGATAAGGCAGGAAGATCTCCTGAGCCCAGGAGTTTGAGGTTGATGTGAGCTATGATGATATCGCATTCTAACCAGGTAACAGAGTGAGGCTTTGTCTCAAAAAAAAAAAAAAAAAAGAAAAA","CAGCCTGGTCAACATAGGGAAACTCTGTCTCTACAAAAAGTTAAAAAATTAGCTGAGCATGGTGGCACATGCCTGTAGTCTCAGCTACTCAGGAGGCTGAGGCAGGAGGGTCACTTGAGCCTGGGAGGCTGAGGCTGCAGTGAGCTGTGATCATGCTATTGCACTCCAGCCTGGGAGACAGAGTGAGATCCTGTCTCCAAAAATAAAAAATAAAAATAAA"
"GL873521","7608283","7608358","chr9","32411376","32411450","22","24803093","AGGCTGAGGAGGAAAGATTACTTGAGCCCCAAAATCTAGCCTTGGTGACATAGTGAAACTCTGTCTAAAAAAAATA","AGGTGGGAAGAGTACTTGAGGCCAGGAATTCAAATCTAGCCTGGGCAACATAGTGAAACCCTGCCTTAAAAAAAA"
"GL873521","7633232","7633420","chr7","4237351","4237553","52","3395881","GTGGTGGCTCATGCCTGTAATCGTAACACTCTGGGAGGCTGAGGTGGGTAGATTGCTTCAGCTTAGGAGTTCGGGACCAACCAAAGCAAGAATGAGACCCCCTCTCTACTAAAAACAGAAAGACTAGCCAGGCATTGTAGCAGGTCCTGTAGTCGCTACTCAGGAGGCTGAAGCAGGAGGATCACTTAA","GGTCAGGCATGGTGGCTCATGCCTGTAATCCCAGCACTTTGGGAGGCCGAGGTGGGCAGATTGCTTGAACTCAGGAGTTGAAGACTAGCCTGGGCAACACGGCAAAACCCCATCTCTACTAAAACTACAAAAACTAACTGGGCATGGTGGCACGCGCCTGTAGTCCCAGCTACTGGGGAGGCTGAGGTAGGAGGATCACTTGA"
"GL873521","7636438","7636492","chr5","38545852","38545906","11","30909414","ATTCAAGCCTGGGTGACAGAGTGAGACACTATCTAAGAACAATAAATAAATAAAA","ATTCCAGCCTGAGTGACAGAGTGAAACCCTGTCTCAAAACAAAAACAAAAACAAA"
"GL873521","7696982","7697091","chr9","129918441","129918551","24","122221459","TAATCCTAGCACTCTGGGAGGCCAAGGTAAGTGGATTGCTTGAGCTCAGGAGTTCAAGAGCAGCCTGAGCAAGAACAAGACCCCAACTCTATTAAAAATAGAAAAAAGCA","TAATTCCAGCACTTTGGGAGACTGAGGCAGGAGGATTGCTTGAGCTCAGGAGTTCGAGACCAGCCTGGGCAACATATTGAGTCCTCATCTCTATTAAAAATTAAAAAAATA"
"GL873521","7697336","7697489","chr7","132712253","132712405","44","125014917","GTAGAAAAAAGGCCAGCTGGGCATAGTGGTACATGCTTGTAGTCCCAGCTACTTGGAGACTAAGGTAAGAGGACTGCTTAAGTCCAAGAGCTTAAGGTTGCTGTGAGCTATGACACCACAGGGTGATAAGAGTGAGACTGTCTCCAAAAAAAAA","GAATTAAATAAAAATTAGCAGGGCATGGTGGCATGTGCCTGTAGTGCCAGCTACTTGGGAGGCTGACGCCAGAGGATTACTTGAGCCCAGGAGTTGGAGGTTACAGTGATCATGCCACTGCATGACAGAGTGAGACCCTGTCTCAAAAAAAAA"
"GL873521","7750582","7750651","chr7","149337669","149337736","11","141587087","GCTGGGTAAGAGTGGCTCATACCTATAATCCCAGCACTTTTGGGAGGCTGAAACAGGAGGATCACTTGAG","GCTGGGCACAGTGGCTCACACCTGTAATCCCAGCACTTTGGGATGCTGAGGCAGGAGGATCATTGGAG"
"GL873521","7784733","7784858","chr3","160952502","160952627","25","153167769","GGCCGGGCATTGATGGCTTCTACCTGTAATCCCAGCACTTTTGGAGGCTGAGGTGGGAGGTTTCATTGAGATCAGGAGTTTGAGACCAACTTGGGCAACAGTGAGACCCTGCCTTAAAAAAAAAAA","GGCCAGGCATGGTGGCTCACACCTGTAATCCCAGCACTTTGGGAAGCTAAGGTGGGAGGATCGCTTGAGCACAGAAATTTGAGACCAGCTTGGGCAACATAGAGATCCTGTCTCTATTAAAAAAAA"
"GL873521","7784884","7785052","chr16","1604263","1604439","38","6180621","AATTAGGCAGGCATGGTGGCACTTGTCCCAGCTACTTGGAAGGCTGAAGGAGGAGGATCACTTGAGCCCAGGAGTTAGAGGTTGCTGTGAGCTTTGATGCCACTGTACTCTAACCTGGGCAACAGAGTGAGATGTGCCTCAAAAACAAACAAACAAACAAAACCAAAAA","AATTAGCCAGGCATGGTGATTGGCACCTGTGGTCCCAGCTACTTGGGAGGCTGAGGCAGGAGGATGAATTGACCCCAGGAGTTTGAGGCTGCAGTGAGCTATGATGGCACCACTGCACTCTAGCCTGGGCGACAGGATGAGATCTGTAAAAAAATAAATAAAAATGAAAATAAAAAA"
"GL873521","7870707","7870997","chrX","70230306","70230599","61","62359599","GCTGGGCACAGCAGCTCACACCTGAAATCCCAGTACCCTGGAAGGGTGAGGATGGAGGATCACTTGTGGTCAGGAGTTCAAAAACAGCCTAAGCAAGAGTGAATCGCCATCTCTATTAAAAATAGAGAAATTAGCCAGGTGTGGTGGCATTTGCCTGTAGTCCCAGCCACTTGGGAGGCTGAGGCAGGAGGATCATTAGAACCCAGAAGGTGGAGGTTGCAATGAGCAGTAATGACACCACTGCACTCCAGCCTGGGTGACAGAGCAAGTCTCTGTTTCAAAAAAAAAAAA","GGCCAGGTACAGTGGCTCACACCTGTAATCCCAGCACACTGGGAGGCAGAGGCGGGCAGATCATTTGAGCTCAGGAGTTCAAGAGCAGCCTGGGCAACATGGTGAAATCCCATCTCTACAAAAAATAGAAAAATTAGCCGAGTGTGGTGGCACTCCTCTGTAGTCCCAGCTACTTGGAAGACTGAGATGGGAGGATCATTTGAGCCCAGGAGGCGGAGGTTGCAGTGAGCTGAGATTGCACCACTGCCCTCCAGCCTGGGCAACAGAGCAGGACCCTATCTCAAAAAAAAAAAA"
"GL873521","8041789","8041920","chr12","80555695","80555826","29","72513906","GTGGTGGCTCATGCGGATTATCCCAGTACTTTGGGGAGGTTGAGGCAGGAGGATTGCTTGAGCCCAGGAATTTGAGACCAGCCTGAGCAACATAGTAAGACTCTATACAAAAAAATAGAAAAATTAGCCTGG","GTGGCTCATGCCTGTAATCCCAACACTTTGGGAGGCTGAAGCAGAAGGATTGCTTGAACCAGGAGTTTGAGACCAGCCTGGGCAACATAGTGAGACTATCTCCACAAAAATAAATAAAAAATTAGCTGGGCA"
"GL873521","8042182","8042375","chr4","7236991","7237179","49","805191","GGTAAAAAAGAAAAAGAAAAATTAGCCAGGAGCACTAGCTTACGGCTTGTAGTCCTAGCTACTCAGGAGGCTGAGGTAGGGGAATTGCTGGAGTCCAGGAGTTTGAAGCCACAGAGAGCAAAGACCACACCACTGTACTCCAGCCTAGGCAATAGAACAAGACCCTGTCTCTGAAAAAAATAAATAAAAATAAA","TAAAAAAAATACTTAAAATTAGCCAGGCGTGGTGGCACACACCTGTGGCCCCAGCTACTCAGGAGGCTGTTGTAGGAGGATCCCTTGAATCCAGGAGGTCAAGGCTGCAGTAAGCCAAGATCACGCCACTGCATTCCAGCCTAGGCAACAGAGCAAGATCCTGTCTCTTAAAAAAAAAAAAAAAAAGAA"
"GL873521","8067082","8067383","chr20","31024244","31024552","81","22957162","GGCCAGGTGTAGAGGCTCACACTTATAAGCCCAGCACCCTGAGAGGCCGAAGTGGGTGAACTGCTTGAGCTCAGGAGTTCAAGAGTAGCCTGAGCAATAGTGAGAGCCGATTTCTACTAAAAACAGAAAACCTAGCCAGGCACTGTGGTGGCGTCTATAGTCCCAGGTACTCGGGAGGCTGAGGCAGGAGGATTGCTCAATCCTAAACTTTGAGGTTGCTGTGGGCAATAATGCCATATCTCTACCCAGGGGAAAAGAATGAGACTCTGTCTAAATAAATAAATAAATAAAATAAAAACAAA","GGCCAGGCACAGTGGCTCACACCTGTAATCCCAGCACTTTGGGAGGCCGAGGTGGTGGACTGCTTGAGCTCAGGAGTTCAAGACCAGTCTGGGCAACATGGCAAAACCTTGTCCCTACAAATAATACAAAAATTAGCCAGGTGCGGTGGCATGTGCCTGTAGTCCCAGCCACTTGGGAGGCTGAAGTGGGAGGATTGCTTGATCCTGGGAGGTAGAGGCTGCAGTGAGCCATAATTGTGCCACTGCACTCCAGCCTGGGCAACAGAGTGAGACCCTATCTCAAAAATAAATAAATAAATATAAAGAAAA"
"GL873521","8204885","8205108","chr10","14099107","14099324","63","5894222","CGAATTCGAAACCAGCCTGAATAAGAGTGAGATCCGTCTCTAATGAAAAGAGAAAAACTAGCAGGTTTTGTGGTGGGTGCCTTTAGTCTCAAGCTACTTGGGAGCCTGAGGCAGGAGGATCACTTAAGCCCAGGAGTTTGAGGTTGCTGTGAGCTATGATAACATTAGGGCATTCTAGCCTGGGAAACCGAGTGAGACTCTGTCTTAGAGAAATAAAAAATAAA","AGACCAGCCTGGGCAACATGACAAGATCCCGTCTCTACAAAAAATACAAAAATTAGCAGCGTGTGGTGGGGTGTGCCTGTAGTCCCAGTTACTTAGGAGGCTGAGGCAGGAAGATCACTTGAGCCCAGGACGGGGAGGTTACAGTGAGCCGTGATCACACCACCACACTCCAGCCTGGGTGACAGAGTGAAACTCTGTCTCTATAACAAACAAACAAA"
"GL873521","8205374","8205463","chr18","31130683","31130770","22","22925309","GCCGGACATGGTGGCTCATGTCCCTCCTGTAACCCTAGCACTCTGGGAGGCTTTGGCCTAAGGATTTGAGCTCAAGAGTTTAAGACCAGG","GGCCAGGCATGGTGGCTCACACCTGTAATCCTAGCACTTTGGGAGGCTAAGACCAGAGGATAATTAAGCTCAGGAGTTCAAGACCAGC"
"GL873521","8530940","8531225","chr4","131255414","131255698","71","122724474","GTCAGGTGTGATGGCTCGTCCTGTAATCCCAACACTCTGGGAGGCTGAGGCTGGTGGTTTGCTTGAGCTCAGGAGTTCTGAGACCATCCTGAGGTAAGAGTGAGACCCCATCTCTACTAAAATTAGAAAAAAAATTACCCAGGTGTAGCGGTGATGCCTGTAGTCCTAGCTACTTGGGAGGCTGAGGCAAGAGGATTGCTCAAGCCTGAGAATTTGAGGTTGCTGTGAGCTATGACTCCATCGCACTCAACCCCAGGGTGACTGAGTGTGATTGTCTGAAAAAGAA","GGCAGGACACGGTGGCTCACACCTGTAATCCCAACACTTTGGGAGGCTGAGGCAGGTGGATCACTTGAGCTCAGGAGTTGAGACCAGCCTGGGCAACATGGTGAAACCCCATCTCTACTAAAAATACAAAAATTAGCCAGGCATGGTTGTGGATGTCTGTGGTCCCAACTACTTGGGGGGCTGAGGCAGCAGGATTGCTTAAGCCTGGTAATTTGAGGCTGCAGTGAGCCATGTTCTTGCCAGTGCTCCAGCCTGGGTGACAAAGCAAGACCCTGTCTCAAAAAA"
"GL873521","9138426","9138710","chr17","16672309","16672598","64","7533883","GGTGGCTCATGTCTGTAATCCGAGCACTCTGGGAGGCTAAAGTGGAAGGATCACTTGAGCTCAGGAGTTTGAGACTAGCCTGAGCAAAAGTGAGAACAATGTCTCTATTAAAAATAGAAAATTAGCCAGGTGTTATGATAGGTGCCTGTAGTCCCAGCTATTCAGGAAGGCCAGGAAGGAGGATCCCTTGAGCTGGGGAGTTTGAGGTTGCTGTGAGCTGTGATGACACCATGGCACTCTACCCATGATGACAGAGTAAGACTGTCTCTAAAGGGAGAAAAAAAA","GTGGCTCACACCTGTAATCTCAGCACTTTGGGAGGCTGAGGCGGGAGGATCACTTGAGCCCAGGAGTTTGAGACCAGCCTGAGCAACATAGTAGGCTCCTGTCTCTACAAAAAAATACAAAAATTAGCTGGTACTGGTGGCATGTGCCTGTAGTCCCAGCTACTCAGGAGGCTAAGGCAGGAGAATCGCTTGAGCCCAGGAGGTTGAGGCTGCTATGAGCTGTGATGGCACCACTGCACTCCAGCCTGGGTGACAGAGTGAGACCTGGTCTCAAAAAGAAAAAAAAAAAA"
"GL873521","9337001","9337128","chr7","153795408","153795531","29","144458407","CTGGGCTCAGTGGCTCATGCTTGCAAGCCCAGCACTCTGGGAGGCCAAGGCAGGTGGATTGCTCGAGTTCAGGAATTTCAGACCAGTCTAAGAAAGAGTGAGAGCCCATCTGTACTAAAAATAGAAAC","CTGGGCACAGTGGCTCACGCCTGTAATCCTAGCACTTTGGGAGTCCAAGGCAGGAGGATGCTTGAGTCCAGGAGTTCAAGACCAGCCTGAGCAATATAGTGAGACCCCCATCTCTACAAAAAAA"
"GL873521","9337149","9337320","chrX","5183862","5184037","43","4153287","TAAAATACTAGCTGGGCATTGCGATGGGTGCCTGTAATTCCAGCTACTCAGGAGGCTGAAGCAAAAGGATCACTTGGGCCCAAGAGTTTGCGGTTGCTGTGAGCTGTGATTACACCACAGCACTCTCCCCAGGCAGAGAGAGACTCTGTCTTTAAAAACAAACAAACAAAAA","ATAAAAATATTAGCTGGGCATGCTGGTACATGCCTGTAGTCCCAGCTACTCAGGAGGCTGAGGCCTGAGGATCACTTGAGCCCAGGAGTTCCAGGTTGCAGTGAGCCGTGATTGCACCATTGCACTCCAGCCTGGGCCACAGGGCTAGACCCTGCTCAAAAGAAAACAAAAAAGAA"
"GL873521","9671716","9671832","chr6","38551166","38551279","31","28879450","GGCTAGGCAGGGAGGCTCAAAACTAAAATTTTAGCACTCTGAGAGCCCAAGGTGGGAGAATTGCTTGACCTCGGGTGTTTGAGACCAGTCTGAGCAAGAGTAACATCACATCTCTAC","GGCTAGGCGTAGGGGCTCAAACCTGTAATTCCAGCACTTTGGGAGGTCAAGGTGGGAGGATTACCTGAGGCCAGGAGTTTGAGACCAGCCTGAGCAACAGTGAGACTTTGTCTC"
"GL873521","9671895","9672063","chrX","24568892","24569057","39","14896997","TAATTAGCCAGGCATAGAGGTGGTATACACCTGTAGTCCCAGCTACTCTGGAGGCTAAGTCAGAAGGACTGGTTGAACCCAGGAGTCTGAGGTTGCTGTGACTAGGCTGATGCCACAGAACTCTAGCCTGATCAACAGAGTGAGACTCTGCCTCAAAATAAAAAAGGAA","AAATTAGCTAGGCATGGTGGCATGCAACTATAGTCCCAACTACTCAGGAGGCTGAGGCCGGAGGATGGTTTGAGCCCAGGAGGTGGAGGTTGCAGTGAGCCAAGATCACACCACTGCACTCCAGCCTGGGCAACAGAGTGAGACCCTGTCTCAAAAAAAAAAAAAA"
"GL873521","9699009","9699116","chr16","57943722","57943822","32","48244713","TCTGAGACACTCGGGAGGCTGAGCCTAGGAGTTTGAGGTGACAGTAAGCTAAGTTGATGTCACTGCATTCCATCCTAGGCAACAAAGCAAGATCTTATCTCTAAAAGA","GGAGGATTGCATGAGCCCAGGAGGTTGAGGCTGCAGTGAGCCAAGATCGTGCCACTGCACGTCAGCCTGGGCAACAAAGCAAGACTCTATCTCAAAAAAAA"
"GL873521","9699330","9699522","chr6","3030697","3030873","65","6668633","GGCTGCATGTGGTGGCTCGTGACTGTAATTTCACCACTTCAAAAGGCTGAGGCAGAGGAGTCACCTGGGGCCCAGAAAGTCACCCTTAAAGTCCAGCCTGAGTAACACAGTGAGACCCAAGATCCCAACTCCACAAAAGAAAAAAGAAGGGAAAGGAAAGAAAAGAAGAGTGGTGTGTGGTGACCTCCTAGAC","GGCCAGGCATGGTGGCTCTCCCCTGTAATCCCAGCACTTTGGGAGGCCAAGGCAGAAGGATCGCTTGAGCCCAGGAGTTTTAAGACCAGCCTGAGCAACACAGAGAGACCAGATCCCACTTCCACAAAAAAAAAAAAAAAATATTTGCCAGGCGTGATGGTGCATGCCTGTAGTCCC"
"GL873521","9879625","9879892","chr2A","20521665","20521953","79","10642040","GGGTGGGCACTGTGGCTCAGGCCTCCTAGCACTCTGGGAGGCCGAGCTGGGTGGATGACTTGAGCTCATGAGTTTGAGACCAGACTGAGCAAGAGCAAGCCCCATTTTTAAAAATAGCCAAGTGTCATGGTGGGCATCTATAGTCCCAGCCAGTTGGCAGGCTGAGGAAGAAGGCTTACTTGAGCTCAAGAGGTAGCTGTGAGCTGTGATGCCATGGCACTCTACCCAGGACAACAAAGTAAGACTGTCTCCAAAAAAAAGAAAAAAA","GGCTGGGCACAGTGGCTCACGCCTGTAATCCCAGCACTGTGGGGAGGTCAAGTTGGGTGGATTGCTTGAGCCCAGGAGTTTGAGACCAGCCTAAGCAATAGGCAAAACCCTGTCTCTACAAAAATCAGCCAGGTATGGTAGTGCGTACCTGTAGTCCCAGCTACTCAGGAGGCTGAGGTGGGAGGATCACTTGAGCCTGGGAGGTGAAGGCTGAAATTAGCCATGATCATGCCACTGCACCCCAAGCCTGGGCAACAGAGCAAGACCTTGTCTCAAAAAAAAAAAAAAA"
"GL873521","10097455","10097754","chr11","114714719","114715027","67","104617264","GGCCTGGGTGTGGTGGCTCACACCTTAATCCTAGCACTCTGGGACGATGAGGCAGGTTTGCTTGACCTCAGGAGTTTGAGAGCAGCCTGAACAAGAGTGAAACTCTGTCTCTACTAAAAACAGAAAAACTAGCCTAGTGTAGTGGTGCACCCCTGTAGTCCCAGCTGCTCAGGAGGCTGAGGCAAGAGGATCACTTGAGCCCAAGAGATTGAGGTTACTGTGAGCTGTGAGGCTGTGTTACTCTACCCAGGGCAAGAGAGTGAAGCCATCTCAAAAAAAAAAAAAAAAAAAAAAAAAAAA","GGCCAGGTGTGGTGGCTCACACCTGTAATCCCAGCACTTTGGGAGGCTGAGACAGGTGGATTGCTTGAGCCTAGGAGTTCGAGACCAGCCTGGCAACATGGCGAAACCTTGTCTCTACAAAAAATACAAAAATTAGCCAAGTGTGGTGGTGCACACCTGTGGTCCAAGCTACTCGAGAGACTGAGGTGGGAGGATTGCTTGAGCCCAGGAGGTTGAGGCTGGGGTGAGTTGAGATCATGCCACTGCATTCCAGCCTGGGCAACAGAGGAAGACCCTGTCTCAAAAAAAAAAAAAAAAAAAAAAAAAAAA"
"GL873521","10225742","10225927","chr15","49930173","49930354","59","39704431","TGGCTTACACCTGTAATCCTAGCACTTTGGGAGGCCACAGCAGATGGCTGCTTGAGCTCAGGAGTTCAAGCCTAGCCTAAGCAAGCCAGAACCATTGCCACTAAAAACAAAAAAAATAGCTGGAGTTGTGGGCACCTGTAGTTAGTTCCAGCTACTTAGGAGGCTGAGGAAAAAGGATGGCTTGAT","GCCTGTAATCCCAGCACTTTGCGAGGCCGAGGCCAGGCAGATCACTTGAGCCCAGCAGTTCAAGACCAGCCTGGGCAACATGGCAAAACTCCTTCTCAACAAAATACATAAAAATTAGCTGGGTGTGGTGGCATGTACTTTCAGTCCCAGCTACTCAGGAGGCTGAAGCAGGAGGATCATTT"
"GL873521","10226192","10226278","chr4","154285033","154285123","27","144058841","GAGGATGGCTTGAGCCCAAGAGTTTGAGGTTGCTATGAACTATGATGTCATGGCACTCTATCCCTGGCCACAGAATCAGACTCTGTC","GGAGGATCACTTGAGCCCAGGTGGTTGAGGCTGCAGTGAGCTGTGTTTATACCACCACACTCCAGCCTGGGCCGCAGAGTGAGACTTTGTC"
"GL873521","10399308","10399475","chr9","96945917","96946089","50","86546609","GGCCAGGTATGGTAGCTCACACCTGTAATCCTTGTACTCTGGGAGGCTTAGGAGCAAAGATCACCTAAGTGTAGGCATCTGAGACCAGTTTGAGCAAGTGAAACCCCATATTTACTAAAATTAGAAAAATTAGCTAAATGTTGTGGCAGGAACCTATCGTCCTAGCTA","GCCGGGTACAGTGGCTCACACCTGTAATCCCAGTACTTTGGAAGGCCAAGGCCAGAGGATTACTTAAGGCCAAGAGTTTGAGACCAGTCTGGGCAACATGGTGAAACCCCATCTGTACAAAAAATACAAAAATTAGCTGGGCATGAGGGCATTTGCCTGTGGTCCTAGCTACT"
"GL873521","10449464","10449583","chrX","134402652","134402771","17","123953188","GGCCAGAGGTGGTAGTTCATGCCTATAATCCCAGCAATTTGGGAGGCTGAGGGGGGAGGATAGCTTGAGGCCAGGAGTTTGACCCCTGCCTAGGCAACATAGTGAGACCCTATCTCTACT","GGCCAGATGTAGTGGCTCATGCCTGTAATCCCAGCACTTTGGGAGGCTGAGGTGGGAGGATCACTTGAGCCCAGGAGTTTGAGACCAGCCTGGGCAACATAGCAAGACCCTGTCTCTACT"
"GL873521","10449618","10449745","chr1","23164480","23164594","46","12714862","CCAACCATAATCGAGCACCTACAGTTCTAGCTACTCCGCAATCTCAGGCAGGGGAAGATTGCTTGAGTCTAGGAGTTCAGGGTAAGCTACTGCCCTTCAGCCTGGGAAACAGAGGAAGACCTTGTCTC","GGCCAGGCACAGTGGTGCCTACCTACAATCCCAGCACTTTGGAAGGCTGAGGCAGGAGGATCGTTTGAGGCCAGGAGTTCAAGATCAGCCTGGGTAACATATCAAGACCTGTCTC"
"GL873521","10796827","10797050","chr7","39187608","39187844","67","28390781","ACTCTGGGAGGCCAAGACAGGTGGATTGCTTAAGCTCAGGAGTTGGAGACCAGCCTAAGCAAGAGTGAGACCTCGTCTCTAAAAATATCTGGGCATTGGTTGGGCACCTGTAGTCCCAGCTACTCAGGAGGCTGAGGCAATAGGATTGCTTGAGCCTAAGGATTCCTGTGAGCTATGATCCCACAGCACTTTACCAAAGGTGACAAAGTGAGACTCTATCTCAA","CACTTTGGGAAGCCAAGGCAGGAGGATTGCTTGAGTGAAGGAGTTCAAGACCAACCTGGGCAAGATTGGGAGAAAAAAATTAAAAATTAGCTGGGCATGGTGGTGCATGCCTGTAGTCTCAGCCACTGGGAAGGCTGAGGCAGGAGGATCGCTTGAGCCTGAGAGATTGAGGCTGCAGTGAGCCTTGATTGTGCCACTGCACTCCAGCTTGGGCAACAGAGTGAGACCCTGTCTCAA"
"GL873521","10797081","10797110","chr4","40399247","40399277","7","29602166","CTGGGTGCAGTGGCTCATAGTTGTAATCCT","GGCTGGGTGCAGTGGCTCACATCTATAATCC"
"GL873521","11204849","11204966","chr7","73480490","73480609","28","62275641","GGCCAGGCATAGTGGCCTCCAAAAATCTTAGGACTTTGGGAGGTAGAGGTAGGAGAACTACTTGAGCCAAGGAATTCAATACTAGCCTGACCACAATAATGAGACCCTACCTCTACCA","GGCCAGGCACAGTGGCTCATGCCTATAATCTCAGTGCTTTGGGAAACTGAGGCAGGAGGATCACTTGAGCCCAGGAGTTCAAGACCAGCCTGGACAGCATAATGAGACTCCACCTCTACA"
"GL873521","11205003","11205140","chrX","7019379","7019524","37","4185624","TAGCCAGGCATGGTGGCACATACCCAAGTCCCAGTTACAGAAGAAGCTGAGGGAAGGGTATCAGGCCCAGAAGTTCAAGGTTGCCATGAGAGATGATCACACCACTGCAGTTCAGCCTGGGCAGCAGAGAGACCCTAT","TAGCCAGGCATGGTGGCACATGCCTGTAGTCCCAGCTACTCAGAAGGCTGAGGTCGGAGGATCTCTTGAGCCCTGGGGTGCAAGGCTGCAGTGAACCATGATCACACCAGTGCACTGCAGCCTGGGCAACACAGCAAAACCCTGTC"
"GL873521","11332611","11332889","chr9","110082691","110082973","78","98750080","GACGGGGAGCCATGGCTTGAGACTGTAATCCTAGTACTCTAGGAGGCCAAGGTGAGTGGATTACTTAAGCTCAGGAGTTAAAGTCCAGGCTGAGCAAGAGTGAGACCCTGTCTCTCCCCCAGATAGGAAAACTAGCCGGACATTGTAGTAGGCACCTGTAGTCCCAGCTTCTGAGGAGGCTGAGGCAAGAGGATTGCCTGAGCCCAACAGTTTGAGGTTGCTGTGAGCTAAAATGCCATGGAACTCTACCCATGGTGATGGAGTAGGATTCTGTCTCAA","GACTGGGCATGGTGGCTCCCAAAGTGTAATCCCAGCACTTTGGGAGGCCAAGGTAGGTGGATTGCTTGAGCCCAGGAGTTTGAGACCAGCCTGGGCAACATGGTAAAACCCTGTCTCTACAAAGAATACAAAAATTAGCTGGGCATGGTTGCATGCACTTGTGGTCCCAGCTACTCAGGAGGCTGAGGTGGGAGGGTCACTTGAGCCCAGGAGATTGAGGCTGCAGTGAGCTGAGATCGTGCCACTGCACTCTAACCTGGGTAATGGAGTGAGACCCTGTCTC"
"GL873521","11332916","11332939","chr22","30701628","30701648","4","19368712","ATAAAACTAAAAAGTAAGAAAAAA","AAAAACTAAAAAGAAAAAGAA"
"GL873521","11407564","11407699","chr17","81073514","81073640","45","69665950","AAAAACTAATGGCTGGGCATAGTATGTGTAGGTAGACTAGGCTACTTAGGAGGTCAAGGCAGAAGAATCACTTGAGCTCATGAATTTGAGGCTAGCATGGGCAATGATACCTCAGGTCTCAATAAAATATAAAAAA","GCCAAGCACAATGGCTCATGCTGGTAATTCTAGTACTTTAGGAGGCCAAGGCAGTAGGATCACTTGAGGCCAGGAGTTTGAGACCAGCGTGGGCCACACAGAGACCCTCCCTGTATAAAAAAAAAAA"
"GL873521","11442747","11442764","chr1","62222108","62222122","3","50779361","CCCATAAAATAAAATAAA","ATAAAATAAAATAAA"
"GL873521","11442802","11443056","chr17","73117863","73118118","82","61675061","GGCTGGGCGTGGTGTTTCATGCATGTAATCCTAATACTTTCAGAGGCTGAGGTGGATGCACTGCCTGAGCTCAGGATTTTAAAGCCAGCCTGAGGAAGAGCAAGACCCCATCTCTAAAAAATAGCTGGGCATTGTGGTGGGTGCTTGTAGTCCCCATTGTGGTGGGTGCTTGTAGGTAGCTCACGAGTTTGAGGATGCTGTGAGCTATGATGCACCACACTTCTTTCTACCCAGGGAGACAAAGCAAGACTCTGT","GGCCGGGCGTGGTGACTCATGCCTGTAATCCCAGCACTTTGGGAGGCCGAGGCGGGTGGATCACCTGAGCTCAGGAGTTCAAGATCACCTTGGGCAATGTAGTGAGACCTCACCTCTACAAAAATGAGCCAGGCATGGTAGTGCATGCTTGTAGTCCTGACTGAGGCAGGAGGATGATGAGCCCAGGAGGCAGAGGCTACAGTGAGCCATGATCGCTCCATCGCACTCTAGCCTGGGTGATGTGACACCCTGTCTC"
"GL873521","11751009","11751243","chr8","26546785","26547018","61","14795776","CAAGACCAGCCTGAGCAAAGCTAAACCCTGTCTCTACTAAAAATAAAAGGATTAGCTAGGTATGGTGGCATATGCCTGTAGTCCCAACTGCTCAGGAGTCTCAGGCAAGAGGATTGCTTGAGCCCATGAGTTAGAGGTTGCTGTGAGCTTTGATGTCATGGCACTCTATCCAGGGCAACTGAGTGAGACTGTCTCAAAATAAATAAATAAATAAATAAGAAAGAAAGAAAGAAAA","CAAAATCAGCCTGGGTCACATGGTAAAACCCCATCTCTACAAAAAATACAAAAATTAGCCAGGTATGGTGGCTTACACCTGTACTTCCCAGCTACTTGGGGGGCTGAGGCGGGAGGATCGCTTGAGCCCAGGAGGTAGAGGTTGCAGTGAGCTGAGATCGCACCACTGCACTCCAGCCTGGGTGACGGAGTGAAACCCTGTCTTAAAAAAAAAAAAAAAAAAAAAAAAAAAGAA"
"GL873521","12019379","12019705","chr16","68023292","68023602","103","56003913","GCTCACACCGATAATCCTAGCTCTGGGAGGCTGAGGGGGCAGGATCTCTTGAGCTCAGGAGTTTGAGACCAGACAGAGCAAGAGTGAGACCTTGTCTGTACTAAAAATTAACCAGGTGTGGTGGAAGGTGCCATCGTCTCAGCTACTCTGGAGGCTGAGGCAGGAGGATCCCTTGAACCCAGGAGGTTGAGGTTGCTGTGAGCCAGGCTAATGCCAAGATCTGGGGCATCAGAGTAAAACTGAGGTTGCTGTGAGCCAGGCTGATTCTAGCCTGGGCAACAGAGTAAGACTCTGTCTCAAAAACAAACAAACAAAAAACAAAAAAAA","CGGTGGCTCACACCTGTAATCCCAGCACTTTGGGAGGCTGAGGTGGGAGGATCACTTGAGCTCAGAAGTTTGAGATCAGCCTGGGCAACATGGCAAAACCTATCTCTAGAAAAAATACAAAAACTAGCCAGAGTGGCACGTGCCTGTTGTCCTAGCTACCCAGGAGGCTGAGGTAGGAGGATCACTTGAACCTGGGGGCAGAGATTGCAGTGAGCCATGATTGTGCCACTGCACTCCAGTCTGGGCAACTCCAGCCTGGGCAACAGAATGAGACTCTGTCTCAAAAATAAAAAAGAAAAGAAAAGGAAAAA"
"GL873521","12059316","12059592","chr5","143468399","143468692","69","131409083","GGCTAGGTGCAGTGGCTCATGCCTGTAATCCCAGCACTCTGGGAGGCTCAGGCAGGTGGATTACTTGAGCTCAGGAGTTGGAGACTAGCCTGAGAAAGAGTGAAACCCATCTCTACTAAAAATAGAAAAACTAACCAGGTGTGTGGTGGTCCCCTATAGTCCCAAATACTGGGGAGACAAGAGAATTGTTTGAGCCCAAGAGACTGAGGTTAGCTGTGATGACTCCATAGCACTCTACCCAAAGTGACAGAGTGAGATTCTGTCTCAAAAAAGGAAA","GGCCAGGCACAGTGGCTCATGCCTGTAATTCTAGCACTTTGGGAGGTCAAGGCAGGCAGATCACTTGAGCTCAGGAGTTCGAGACCGGCCTGGGCAACAGGGTGAAACCCCATCTCTACAAAAAAATACAAAAACTAGCCAGGTGTGGTGAAGTGTGCCTGCAGTCCCAGCTACTCAGGAGGCTGAGGCAGGAGAATTGCTTGAGCCTGGAGGCTGAGGTTGCAGTAAGTCAAGATCATGCCATTGCACTCCAGCCTGGGTGACAGGAGTGAAACCCTGTCTCAAAACAAAGAA"
"GL873521","12087639","12087865","chr4","25649068","25649301","60","13561429","GGCTGGGCTAGGTATACCATGCCTGTAATCCTAGCATCCTTAGAGGCAGAAGCAGGATTCCTTTAGCTCAGGAGATTAAGACCAGCCTGAGCAAGGGTGACACCCCATTTCCATCAAAAATAGAAAAACTAGCTGGGCATAGTGGTGGGCATCTGTAGTCCTAGCTACTCGGGAGGCTGAGGCAAGAGGATCCTTGGAGCCCAGGAGTTTGGGGTTGCTATAAGCCG","GGCCGGGCATGGTAGCTCACGCCTGTAATACCAGCACTTTGGGAGGCTGAGGCGGGCTGATCACTTGAGTCCAGGAGATAGAGACCAGCCTGGGCAACATGGCAAAATCCCATCTCTATAAAAAAAACACAAAAATTAGCTGGGCATGGTGGTGTGCACCTATAGTCCCAGCTACTTGGGAGGCTGAGGCAGGAGAATCTCCTGAGCCCAGGAGGTGGAGGCTGCAGTGAGTCG"
"GL873521","12170072","12170342","chr3","111501569","111501837","73","99331497","GCCAGATGCAGTAGCTTACAGCTATAATCCCAGTACTTTGGAAGGTCAAGGCAAGAGGATTGGTTGAGACCAGGAGTTGAAGACCAGACTGGACAATGTAGTAAAACCCTATCCCTACAAAAAATAGAAAAAATTAGCTGGGTGTCATAGCTCTTGCTTATAGTCCCAGCTACCTGAGAGGCTGAGGGAAGAGGATCACTTGAACCCCTGAGATTGATACCATGGTACTCCACCTTGGGTGACAAAGTGAGACCCTTTCTCAAAAACAAAA","GGCTGGGTGTGATGGCTCACATCTATAATCCCAGCACTTTGGGAGGCCAAGGCAGGTGGACTGTCTGAGACCAGGAGTTTGAGACCAGCCTGGGCAACATGGTGAAACCCTGTCTTGACAAAAAAAATAAAAAATTAGCTGGGAGTGGTGGTGTGCACCTGTAGTCCCAGCTATGCGGGAGGCTGAGATGGGAGGATCGCTTGAGCCCGGCAGGCAGAGGTTCACTCCAGCCTGGGCGACAGAGTGAGACCCTGTCTTAAAAACGAAAA"
"GL873521","12688417","12688615","chr16","83498862","83499063","66","70810445","AAATCAGCCTGAGCAAAAGCAAGATCCAGTCTCTACAAAAAACTAGAAAAATTAGCCAGGCATGGTGATACACTCAGGAGAATGAAACAAGAGGATCACTTGAGCCCCGGGGTTTGATGTTGCACAGTGAGCTATGGCGATGCTGCTGCTCGGATAACAACGCGAGATGAGACCCCGTCTCAAAAACAAACAACAAAAA","ACTAGCCTGGGCAACACAGCAAAACCCCATCGCTACAAAAAATACAAATATTAGCCAGGTGTGATGGTGCATGCCTAGGGAGGCTGAGGTGGGAGGATCACTTGAGTCCAGGGAGGCTGAGGCTGCAGTGAGCTGAGATTATGCCACTGCACTCCAGCCTGAGTGACAGAGTGAGAACCTGTCTCAAGAAAATTAAAAAAAA"
"GL873521","12689719","12689822","chr7","26479088","26479188","21","13789369","GCTGAGTACAGTAGCTCACTTCTTTCATCTCAGCACTATGAGAGGCTGAGTCAGGAGGATCACTTGAGGCCAGGATTTTGAGACAAGCCTGGGGAACATAGTGA","GCTGGGTGCTGTGGCTCACATGTATAATCACAGCACTTTGGGAGGCTGAGGCAGGAGGATCACCTGAGGCCAGGATTTCAAGACCAGCCTGGGCGAAATGG"
"GL873521","12747705","12747831","chrX","118392849","118392966","30","105645144","GCCAAGCATGGTAGCACAAGCTTTGTAGGCCCAATTACTTGGGAGGCTAAGATGGGAGGATCACTTGAGCCCAGGAGTTTGAGGCCAGCCTGAGAAACACTCCAAGACCCTCTTTATTTAAAATATA","GCCAAGCATGGTGGCTCATGCCTGTAATCCCAGTACTTTGGGAGGCTGAGATGGGAGGATAGCTTGAGCCCAGGAGTTTGAGACCAGCCTGGTAACACAGTGAGACCTCATCTCTACA"
"GL873521","12758304","12758462","chr7","65488595","65488751","43","52730291","ACTTAGCTGAATATAGTAGCACAAGCCTGTATTTCCAGCTACTCAGGAGGCTGAGGCAGGAGGATCACTTGGGCTTACAAGTTGGAGGTTGTGGTAAGCTATGATGATGCCACTGCCCTCTGCCCCAGGCAAATGTGATGCCTTGTCTCAACAACAAAA","TTAACTGGGTATAATGACACATGCCTGTAGTCCCAGCTACTAGAAAGGCTGAGGTAGGAGGATTGCTTGAGCCTGAGAGGTTGAGGATGCAGTGAACCATGATCAGGCCACTGCACTCAGCCTAGGCAACACAGTGAGACCCTGTCTCAAGAAAAAA"
"GL873521","12758495","12758600","chr16","15961202","15961315","30","3202707","GTGGCTGGTGCATATAATCCTACCACTTTGGAAGGAGGAGGGAGAATCATTGAAACCAGGAGTTCAAGAACAGCCCAGGCAGGCTATAGTGAAATCTCATCTCTAC","GTGGCTGGGCATGCCTGTAATCCTAGCACTTTGAGAGGCTGCAGCGGAAGGATCGCTTGAGCCCAGGAGTTCAAGAACAGCCTAGGCAACATAGCAAGATCCCTGTCTCTACAA"
"GL873521","12822938","12822952","chr1","210017045","210017059","2","197194107","TAAAACAAAAGAAAA","TAATAAAAAAGAAAA"
"GL873521","12822989","12823283","chr7","75828649","75828941","71","63005660","GGCCAGGCAAGGTGGCTAACTGCTGTAATCTTAGCACTCTAGGAGGCTGAGGCAAGAGAATTCCTTGAGGTCAGGAGTCAGAGACCAGCCTGAGCAAAAATGACACTCCACCTCTATGAAAAATAGAAAACAAAAATTAGCCAGGTGTGATGGCCCATTTCTGTAGTCCCAGCTACTGGGGAGGCTGAGGCAGGAGGATAGCTTGAGCCCAGGAGCTTGAGGTTGCGGTAGCTAGGCAGATGGCTCAGCACTCTTTCTAGCCTGGGCAACAGAGCAACATTCTATCTCAAAAAAT","GGCTAGGCATGGTGGCTCATGCATGTAATCCCAGCACTTTGGGAGGCTGAGGCGGACGGATCACTTGAGGTCAGGAGTTCGAGACCAGCCTGGTCAACATGGTGAAACCCCATCTCTACTAAAAATATAAAAATTAGCCAGGTGTGGTGGCGCATGCCTGTAGTCCCAGCTACTTGGGAGACTGAGGTGGGAGGATCCCTTGAGCCTGGGAGGTTGAGGCTGCAGTGAGCTGTGATGGCACCACTGCACTCCAGCCTGGGCAATAGAGCAAGACCCTGTCTCATAGGAAAAAA"
"GL873521","13041237","13041319","chr5","49472177","49472254","12","36430940","GGCCAGTCATGGTGGCTCATGCCTATAATCCTAGCACTCTGGGAGGCTGAAGCAGGAGGATCACTTGAGCTCAGGAGTTTGAG","GGCCTGGCATGGTGGCTCATGCCTGTAATCCAGCATTTTGGGAGGCTGAGGCAGGAAGATCACTTGAGCTCAGGATTT"
"GL873521","13102109","13102207","chr16","30194624","30194720","25","17092515","TGAGCCCAGGAGTTTGAGGTTGTTGTGAGCTGAGCAGACCACACAGCATTCTAGCTTGGGCAACAGAGTGACATTGTGCTTCAAAAAAAGAAAAAAAAA","TGAGCCCAGGAGTTTGAGACTACAGTGAGCTATGATTACACCACTCCTCTCCAGCATGGGCAACAGAGTGAGACACTATCTCAAAAAAAAAAAAAAA"
"GL873521","13102475","13102686","chr2B","236887995","236888203","46","223785520","GGCCAAGTGTGGTGGCTCATGCTTGTAATCCTAGCACTCTGGGTGGCTGAGGCAGGGGGATCACTTGAGCTCAGGAGTTCAAGACCAGCTTGAGCAAGAGTGAGAACCCATTTCTACTCAAAATAGAAAAAAATTAGACAGGCACTGTGGTGAGTGCCTGTAGTATGAGCTACTTTGGAGGCTGAGATAGGAAGATCACTTGAGCCCAGGAG","GGCTAGGCGCAGTGGCTGAAGCCTGTAATCCTAGCACTTTGGGAGGCCGAGGTGGGCGATCACTTTGGCTCAGGAGTTCGAGACCAGCCTGGGCAATATGGCAAAACCCCATCTCTACACAAAATACAAAAATTACTCAGATGTGGTGGTGAGTGCCTGTAGTCCCAGCTACTTTGGACGCTGAGGTGGGAAGATCACCTGAGCCCAGG"
"GL873521","13327200","13327291","chr3","43397692","43397785","20","30070492","CTATCACTTTAGGAGGTGAGGTGGGAGGATCACTTGAGGCAAGGAGTTCAAGAGCAACCTAGGCAACATAGGAACCCCTCTGTCTCTCCAAA","CCCAGCACTTTGGGAGGCTGAGGTGGGCAGATCTCTCGAGCCCAGGAGTTCAAGACCAGCCTGGGCAACATGGTGAAACCCCGTCTCTACCAAA"
"GL873521","13327700","13327732","chr1","70851001","70851033","8","57523301","GCTGGATATGGAGTCTCACACCTGTAATTCTAT","GCTGGGCATGGTGGCTCATCCCTGTAATTCCCT"
"GL873521","13722076","13722356","chr17","55905881","55906166","74","42183805","GTCTGGCGTGGTGGCTCAAGCCTATAATCCTAGTACTCTGGGAGTCCAAAGTGGGTGGATTGCTTGAGCTCAGTAGTCTGAGACCAGCCTGAGTAAGACCCAGACATCGTATCTACTAAAAATAGAATAAACTACCTGGGCATTGTAGCGGGTGCCTACAGTCCCAGCTACGTGGGAGGTTGAGGCAAGAGGATCACCTGAACCTAGAGAATGAGGTTGCTGTGAGCTATGATGAGGTCAAGGCACTCTACCCAGAGTAACAGAGTGAAATTCTATCTCAA","GGTCAGGCATGGTGGCTCAGGCCTGTAATCCCAGCACTTTGGGAGGCCAAGGTGGGCAGATTGCTTGAGCCCAGGAGTTTGAGATCAGCTTGGGCAACATAGTGAAAACTCATCTCTACAAAAAATTAAAAAAATTAGCTGGGCATTGTGGCACGTAACTGCAGTCCCAGCTACTTGAGAGGCTGAGGTGAGAGGATCACCTGAGGCCGGGAAGTCGAGGCTGCAGTGAGCTGTGATTGGGCCACTGCACTCCATCCTGGGCGACAGAATAAGACCCTGTCTCAAA"
"GL873521","13722635","13722652","chr6","90847853","90847870","1","77125218","AAAAAAAAAAAAAAAAAA","CAAAAAAAAAAAAAAAAA"
"GL873521","13789517","13789832","chr12","121838917","121839229","75","108049400","GCTGGGTGTGGTGGCTCATATCTGTAATGATAGCACTCTGGGAGGTCAAAGCAGGGAGATTACTTGAGCTCAGGAGTTAGAGAGCATCCTGAGAAAGAGTGAGATCCCTATCTATACTAAAAACAGAAAAACTAGCCAGTTGTAGTGGCAGGCACCTGTAGTCCCAGCTACTTTGGGAGTCTGAGACAAGAGGATCTCATAAGCCCAAGAGTTTGAGGTTGCTGTGAGCTGCGATGCCACAGCACTCTACCTGGGGTGACAGAATGAGACTTTGTCTCAAAAAAATAAAAAATAAAATAAAATAAAATTTAAAAAA","GGCTGGGTGTGGTGGCTCATGCCTGTAATCCCAGCACTTTGGGAGGCCAAGTCAGGAGGATTATTTGAGCCTGGGAGTTTGAGACCAGCCTGTGCAACATGGTGAGACCTCATCTCTACAAAACATAAAAAATTAGCCAGGCATGGTGGCATGTGCCTGTAGTCCCAGCTACTTGGGAGGCTGAGGCAGGAGGATCAGTCGAGCCCAGAAGATTGAGGCTACAGTGAACTGTGTTCATGCCACTGCACTCCAGCCTGGGTGACAGAGTGAGACCTTGTCTCCAAAAAAATCAAATAAATAAAAAAATAAAAAA"
"GL873521","13902129","13902272","chr17","73619699","73619842","30","59717570","GGCCAGGCATAGTGGCTCGCACCTATAATCCAGTACTATGGGAGACCAAGGCTGGAGGATCAATTGAAGCCAAGAGTTAAAGACCAACCTGGGCAACATAGAAACACTTCACCTATATAAAAAAAAAAAAAAAGAAAGAAAAAA","GGCCAGGTATGGTGGCTCACACCTGTAATTTCAGCACTTTAGGAGGCTGAGGCAGGAAGATCACTTGAGGCCAGGAGTTCAAGACCAGCCTGGGCAACATGGCAAGGCTTCATTTCCACAAAAAAAAAAAAAAAAAAAAAAAAA"
"GL873521","13902315","13902339","chr7","66627085","66627108","7","52724770","AAAAATTAACCCAGCATGGTGGCGC","AAAAAATTAGCCAGGCATGGTGAC"
"GL873521","13902374","13902499","chr7","68063538","68063660","30","54161164","AGTCCCAGCTACCATAGAGGTTGAGCCAGGAGGATCACTGAAGCCCAGAGCCCAGAAGTTTGAGGTTGCAGTAAGCTATGATCATGCCACTGTACTCTAGTCTAGGTGACAGAAGGAGACCCTGTC","GTAGTCCCAGCTACAAGGGAGGCTGAGGCAGGAGGATGGCTTGAGCCTGGGAAGTTGAGGCTGCAGTAAGCTATGATCATGCCACTGCACTCCAGCCTGGGTGACAGAGTGAGATTCTGCCTC"
"GL873521","14127800","14127881","chr3","123515043","123515137","26","109387243","GGCTAGATATGGTGGCTCATGCCTATCTGGAAAGCTGAGGCAGGAGGATTGCAAGAGGCCAGAAGTTTAATACCAGGCTAAG","GGCCAGGTATGGTGGCTCATGCCTATACTCCCAGCCTTTTGGGAGGCTGAGACAGGAGGACTGCTTGAGGCCAGGAGTTTAAGACCAGCCTGACT"
"GL873521","14128162","14128352","chr4","26023510","26023691","57","11895348","GGGCTGAGAATGAGATCCCATCTTTACAAAAAATTACCCAGGTATAGTGGCATCATCCTAGCTACTTGGGAGGCTGGGGCAGGAGGATTTCTTGGGCCCAGGAGTGTGAGGCTACGCTGAGCTATGATACCACTGCACTTTAGCCTGGATGATACAGCAAGATTTTACCTCAAAAAAAAAAAAAAAAAAAA","GGGTGGGAAAAAATTATCTGGAAATGGTGGCATATGCCAGTGGTCCTAGCTACTTGGGAGACTGAGGCTGGAGGATCACCTGAGCCCAGGAGTTAGAGGCTGCGGTGAATCGTGATCATGCCACTGCACTCTAGGCTGGGCAATAGAGCAAGACCCTATCTCGAAAAAAAAACAACAAAAAA"
"GL873521","14184019","14184216","chr17","61651681","61651883","50","47467662","GGCTGGGCATGGTGGCTCATGCCTGTAACCCTAGCACTCTGTGAGGCCAAGGCAAGTGGATCACCTGAGCTCAGGAGTTTGAGAACAGCCTGAGCAAGAGTGAGACTCCATCTCTAAAAATAGTTGGGCATTTGTGGTGAATGCCTATAGTCTCAGCTACTCAGCTACTTAGGAGGCTGAGGCAAGAGGATTGCTTGA","GGCTGGGTGCAGTGGCTCACGCCTGTAATCCTGGCACCTTGGGAGGCCAAGGTGGGAGGATCACTTGAGCCCAGGAGTTTGAGATCAGCCTGAACAACGTGGTGAAACTCCATCTCTACAAAAAATACAAAAATTAGCTGGGCTTAATGGCATATGCCTGTGGTCCCAGCTACTGAGGAGGCTGAGGTGGGAGGATTGATTGA"
"GL873521","14185943","14186062","chr8","25834967","25835086","23","11649024","GGCAGGGTGCAGTGGCTCACACCTATAATCCCAGCACTCTGGGAAGCTGAGGTGGGAGGATTGCTTTGAGATCAGGAGTTTGAAACTAGCTTGAGCAAAGCAAGACCCATCTCTACTAAA","GGCCAGGTGCAGTGGCTCATGTCTGTAATCCCAGCACTTTGGGAGGCTGAGGTGGGAGGTTTGCTTGAGCCCAGGAGTTTGAGACCAGCCTGGGCAACATAGCAAGACCCTGTCTCTATA"
"GL873521","14186086","14186221","chr14","74199793","74199926","31","60013707","AATTAGAGAGGTGTGATGCCACACACTGTAGTCTCATCTACTTTGGAGGCTGAGGCACAAGGATTACTTGAGCCCAGGAGCATGAGGTTGCTGTGAGCGAGGCTGAGGCCACAGCACTCTAGCCTGGGCAACAGAG","TTAGCCAGGTATGGTGGTGCACACCTGTAGTCCCAGCTACTTGGGAGACTGAGGCAGGAGGATTGCTTGATCCCAGGAGTTGAGGCTGCTAAGAGCTATGATCATGTCACTGCACTCCAGCCTGGGCAACAGAG"
"GL873521","14534133","14534413","chr5","43470606","43470891","71","28936473","GGTAGCTCATGTCTATAACCCTGACACTCTGGGAGGCTAAGGGAGAAACATCCCTTGAGCTCAGGAGTTCAAGACCAGTCTAAGCCAAAAGGGAGATCCATCTTTACCAAAACAGAAAAATTAGCTGGGCATGGTGATGTGTGCCTGTAGTACCAGCTGCTTGGGAGGCTAAGGAAGGAGGATTGTTTGAGCCTAGGAGTTTAAGGTTGCTAAGAGCTAGACTGAGGCCATGGCACAGTAGCCCAGGCAATAGAATGAAACTCTGTCTCAAAAAAAAAAAA","GTGGCTCTTGCCTATAATCCCAGCACTTTGGGAGGCTGAGGAGGGCAGATTGCTTGAGCCCAGGAGTTCAAGACCAGCCTGGGCAACATGGGAAAACCTCGTCTCTACAAAAAACACAAAAATTAGCTGGGCATGGTGGCATGTACCTGTAGTCCTAGCTACTTGGGAGGCTGAGGCAGGAGGACTGCTTGAGCCTCTGGAGGCGGAGGTTGCAGTGAGCTGAGACCGCGCCACTGCACTCCAGCCTGGGTGATAGAACAAGACCCTGTCTCAAAAAAAAAAAAAA"
"GL873521","14534507","14534523","chrX","153619065","153619080","3","139084558","CCCAAAATAAAATAAAA","ACATAATAAAATAAAA"
"GL873521","14646173","14646307","chr1","9156973","9157091","40","5489200","GGATGTAGTAGCTCACACCTGTAATCCCAGCATCATGGGAGGATCACTTGAGGCCAGGAGTTTGAGACTGGCTTGGGCAATATGGTGAGGCCCCATTCTTACAAAATAGGAAAAGAATTAATTGGATATGGTGGC","GGCTGGGTGAGGTGGCCTCACGCCTGTAATCCCAGCACTTTGGGAGGCCAAGGCAGGAGTTTGAGACCAGCCTGGGCAATACAGTGAGACCCCATCTCCAAAAAAAAAATTAGTGGGGC"
"GL873521","14703100","14703421","chr17","68155983","68156305","73","53452883","GGCTGGGCACAGTGGCTCATACCTGTAATCCTAGCACTTTGGGAGGCCAGGAAGGGAAGATAGCTTGAGGCCAGGAGTTTGAGACCAGGATGAGCGAGGTAGCGAGACCCCCCATCTCTATCAAAAATTAAAAAAAAAAAAAAATTAGCTGGGTATAGTGGTGAGGGCCTATCATCCTAGCTACTTAGGAGTAAGACAGGAGGATCACTTGAGCCTAGGAGGTAAGGTTGCAGTGAACTATGATGATGACCCTGCACTCTTGCCTTAGCAAGATGGTGAGACCCTGTCTCAAAACAAACAAACAAACAAACAAACATAAAAA","GGCTGGGCACCGTGGCTGACATCTGTAATCCCAGCACTTTGGGAGGCCAAGGCGGGTGGATCACTTGAGCCCAGGAGCTCGAGACCAGCCTGACCAACATGGCAAAACCCCATCTCTACCAAAAAAAAAAAAAAAATACAAAAAGTTAGCTGGGCATGGTGGAGAGGGCCTGTAGTCCCAACTACTCAGGAGGCTGAGGTGAGAGGATCACCTGAGCCACAGGAGGTCGAGGCTGCAGTGAGCCATGATCACACCATTGCACTCCAGCCTGAGAGAAAGTGAGACCCTGTCTCAAAAAAACAAACAAACAAAAACAGCAAAAA"
"GL873521","14778613","14778888","chr15","42746072","42746354","63","27967459","GGCCCAGCACAGTGGCTCACACCTATAATCCTCGCATTCTAGGAGACTGAGGTGGGAGGATCACTTGAGCTCAGGAATTTGAGATCAGCTTGAGCAATAAGGTGACCCCATCTCTACTAAAAATAGACTAATTAGCCAGGCATTGTGGTGGGCACCTGTGGTCCCAGCTAGTTGAGAGGCTCATGTTGGATTCCTTGAACCCAGGAATTTGAGGCTGCTGTGAGCTGGGCTGATGCCACAGTATTCTAGCCTGGGCAACAGAGTATGACTCTGTCT","GGCCAGGTACAGTGGCTCACACCTGTAATCCCAGCACTTTGGGAGGCCAAGGCAGGAGGATCACTTGAGCCTAGGAATTCAAGACCAGTCAGGGCAATATGGTGAAACTCCATCTCTACAAAAAATACAAAAATCAGCCAGGTGTGGTGGTGTGCGCCTGTGGTCCCAGCTACTTGGGAGGCTGAGATGGAAGGATCACTTGAGCCCAGGAAATGGAGGCTGCAGTGAGCTAAGGCTGTGCCACTGCACTCCAGCCTGGGCAACAGAGTGAGACCCTGTCTCA"
"GL873521","14884261","14884393","chr13","24405237","24405373","27","9520976","GGCTAGGTGTGGTGGCTCATGCCCATAATTCCAGCATTCTGGGAGGCCAATGTGGGAGGATCCCTGGAGGTCAGGAGTTTGAGACCACCCTGAGCAAAGCGAGACCCCATCTTCACTAAAAATAGAAAAATTA","GGCTGGGCATGGAGGCTCATGCCTATAATCCCAGCACTTTGGGAGGCTGAGGTGGGAGGATCGCTTGAGTTCATGAGTTCAAGACCAGCCTGAGCAACACAGTGAGACCTCATCTCTACTAAAAATCAAAAAAATTA"
"GL873521","14884660","14884815","chr1","141772547","141772702","39","126887887","TTAGTTGAATGTGGTGGTGTACACCTGTAGTCCCAGCTACTTGAAAGGCTGAAGAAAGAGGATTGCTTGAGCCCAAGTGCTTGAGGTTGTAGTGAGCTAGGCTGACGCTATGACACTCTGACCCAGGTGATAGAAGAAGACCCTGTCTCAAAAAAA","TTAGCTGGGCATGGTGGCGTGCACCTGTGGTCCCAGCTATTTGAAAGGCTGAGTTGGGAGGATCACTTGAGCCCAGATGGTTGAGGCTGCAGTGAGCCATGATGGCACCACTGCACTTTAGCCTTGGTGACAGAGCAAGGCCCTGTCTGAAAAAAA"
"GL873521","15677856","15678124","chr7","99887814","99888086","73","84209958","TGGCTCATGCCTGTCAACAAAGTACTTTGGTAGATTGAGAAAGGAGGATCTCGTGGACTCAGGAGTTTGAGACCAGCCTGGACGACATGGTAAAAAAACATCTTTAAAAAATTAGCCTAGCATAGTGGTGCACATTGATAATTTCAGCTATTTCGCAGGCTGAAGTGGGAGAACCACTTGTGTTTGGAAGCTCGAGGCTGCAGTGAGCTATGATCTCACACTACACTCCAGCCTGGGTAATATGGTGAGGTCCTGCCTCAAAAACAAAA","GGCTTACACCTGTAATCCCAGTGCTTTGGGAGGCTGAGGCAGGCAGATCACTTGAGCCCTGGAGTTCAAGACCAGCCTGGGCAACATGGTGAAACCCCATCTCTACAAAAAATTAGCCAGGCATGGTGGCTTGCACCTGTAGTCCCAGCTACTCAGGAGGCTGAGGTAGGAGGATTTCATGAGCCTGGAAGGTTGAGGCTGCAGTGAGCTATGATCACACCACTGCACTCCAGTCTGGGTGATAAAGTGAGACCCTGTCTCAAAAAAAAAAAA"
"GL873521","15875728","15875811","chr8","5975319","5975398","26","9900409","CAGTGAGCCGTGGTCTCCCTGTGCATTCCAATGTGAGTGACAGAGAGACCTCCCTCACACTCCCAAAAAAGAAAAAACAAGAAA","GCAGTGAGCCTTGATCGTGCTATTGCACTCTAGCCTTGGTGACAGAGAGAGACCCTATCTCAAAAAAAAAAAAAAAAAAA"
"GL873521","16170363","16170540","chr3","50079465","50079644","47","33909102","AAAAAAAAAAAAAATTACCCAGGTAAGGTGGTAAGGACCTGCAGTCCTAGCTATCTGGGATACGAGGTAGGAGGAGCACTTTGGCCCAGGAATTCCAGGCTATGGTGAACTATGATTACAACTGCACTCTAGCCTGGGCAAAAGAGTAAGAGACTGTCACAAAACACAACAAAACAAA","ACAAAAAGAAAAAACAATTAGCAAGGCCTGGTGGTACACACTTGTAGTCCCAGCTATTTGGGAGGCTGAGGTGGGAGGATCACTTGAGCCCAGGAGTTCAAGGTTACAGTGAGCTATGATCATGCCACTGCACACTAGCCTGGGCATCAGAGAGAGTTCCTGTCTCTAAGAAAAAAAAAA"
"GL873521","16172240","16172374","chr1","29329421","29329551","29","13157181","GGCTGCATGCAGTGCCTCATGTTTGTAATCCCAGCACTTTGGGAGCCAGTGGAGGAGAGGATCACTTGAAGCCAGGAATTTAAGACGGACCTAGCCAACATAATGAGAACTCCTCTATACAAAAAATAATAAAAT","GGCTGGATGCACTGGCTCCTGTCTGTAATCCCAGCACTTTGGGAGGCTGAAACAGGAGGATCCCTTGAAGCCAGGAGTTTAAGATCAGCCTGAGCAACAGAGTGAAACCCTGTCTCTACAAAAAAAAAAAA"
"GL873521","16260421","16260667","chr2A","25887935","25888182","71","9627514","GGATACAGTGGCTCACACCTGTAATCTTAGCAAACACCCTGGGGTGCTAAGGCAGGAGGATCACTTGAGCTCAGGAGATCAAGACCAGCCTGAGGAAGAGTGAAACCCCATTTCTACCACACATAGAAAAATTAGCCAGGTGTCTCTCTCTAGTCCCAGCTACTTGGGAGGCTGAGACAGGAGAATTGCTTAAGCCAGGGAGTTTCAGGTTGCTGTGGCTCAGACCATGGCACTCTAGACTGAGCAA","GGCTGGGCACAGTGGCTCACACCTGTAATCCCAGCACTTTGGGAGGGTGAGGCAGGAGGATCACTTGAGCTCAGGAGTTCGCAACCAGCCTGGGCAATATGGTGAAACCGCATCTCTACAAAAAATACAAAAATTAACCGGGTGTGGTTGTGCATGCCTGTAGTCCCAGCTACTTGGCAGGCTGAGGTGGGAGGATTGCTTGAGCTCAGGAGGTCAAGGCTGCAGTGAGCCATGATTACTCCACTGCA"
"GL873521","16747501","16747629","chr7","102198592","102198722","33","85451091","GCCGGGTATGGTGGCTCACACCTGTAATCCCACCACGTGGGAGGCCAAGGCAAGCAGATTGCCTGAGCTCACAGGTTCAAGACCAGCCTGAGCCAGAGTGAGACTTTGTCTTGGAAAATACCCGGGTGT","GGCTGGGTGTGGTGGCTCACACCTGTAATCCCACCACTGTGGGAGGCTAAGGCAGGCAAATCGCTTGAGCCCAGGAGTTCGAGACCAGCCTAGGCAACGTGGTGAAACTGTCTTTAGAAAATATTAGCCAA"
"GL873521","16747905","16748071","chr1","26355033","26355200","42","9607128","AACTAGGTAGGTGTTGCAGCAGGCGCCTGTAAATCCCAGCTACTTGGGCCAAGGCAAGAGAATCAATCACTTATGCCCAGGAGTTTGAGGTTGCTGTAAGCTATGACGCCCTGGCACTCTACCAAGGGTAACAAAGTCAGATCCTGCCTCAAAAAAAAAAAAAAAAA","AACTAGCTGGGTGTGGCGGCGTGTGCCTGTAGTCCCAGCTACTTGGGAGGCTGAGGCAGGAGGATCACTTGAGCCCAGGAGTTCAAGGCTGCAGTGAGCTAAGATCATACCACTGCACTCCAGCCTGGGTAATAGAGTGAGATCCTGTCTCAAAAAAAAAAAAAAAAA"
"GL873521","16826358","16826516","chrX","96886204","96886345","57","80059846","GGCGCCCTGCCACAAGCTGTAGTCTCCCCTATTTGGGAGGGTGAGGTCGGAGGATCATGTGAGCTCGGCAGTTCAAAGTCACCGGGCACTACAACCTCACCTGGACCAGTCAGGACTGCACGCCAGCCTCCCCAGCGCAGTGAGACTCTGTTTCTAAAA","GGTGCACATCTGTAGTCTCAGTTATTTGGGAAGCTGAGGAGGGAGGATCACTTGAGCCTGGGAGGTCAAGGCGCCAGTGAGCTGTGATTGCACCACTGCACTCCAGCCTGTGCTACAGAGTGAGACTCTGTCTCAAAAAAAA"
"GL873521","16850386","16850705","chr1","224543342","224543654","83","207692956","GCCAGCTGTGGTGGCTCACACCTATAGTCCTCACACTCTGGGAGGCTGAGGAAGGCAGATTCCCTGGAGCTCAGGAGATTGAGACCAGGCTGAGCAAGAACTGAGACTCTGTCTCTACCCCAAACAGAAAAACTTCACTAGGTGTTGCGGTGGGCACCTATAGCCTGAGCTACTTGAGAGGCAGAGGCAGGATGATCACTTGAACTCAGGAGTTTGAGGTTGCTATAGCTGTGCTGATGCCATAGTACTTTAGCCTGGGCAACAGAATGAGACTCTGTCTCAAAATAAATAAATAAATTAATAAATAAAAGAGAAAGAAA","GCCAGGCAGGGTGGCTCACGCCTGTAATCCCAACACTTTGGGAGGCTGAGGCAGGCAGCTTGCTTGAACTCAGGAGTTTGAGACCAGTCTAGGCAACATGGTGAAACCCCATCTCTACAAAAAATACAAAAATTAGCCAGGCGAAGTGGCGTGCCTATAGTCTTAGCTACTTGGGAGGCTGAGGCAGGAGAACTGCTTGAACTGGGGAGGTCGAGGCTGCATGAGCCGAGATCGTGCCACTGCACTCCAGCCTGGATGACAGAGCGAGACCCTGTCTCAAAATAAATAAATGAATAAATAATAAAATAAATAA"
"GL873521","16987716","16987746","chr4","157175852","157175881","5","140188136","GAAGAAAGAAGAAAGAAGAAAGAAGAAAGAA","GAAGAAGAAGAAGAAGAAGAAGAAGAAGAA"
"GL873521","16988099","16988370","chr11","32048157","32048430","73","15060058","GGCCCAGTTCAGTGTCTCACACCTGTAATCCTAGAACTCTGGGAGGTCAAGGAAGGTGGAGTCCTTGAGCTCAGGATTTTCAGATAAGCCTGAGCAAGAGACAGATCCATATCTACTAAACATAGAAAAACTAGCCTGGCATCAGTGTAGTCCCAGCTACTCAGAAGGCTGAGGCAGGAGGATCATTTGAGCCCAAATGTTTGAGTTTGCTGTGAGCTATGATGAATGACACCAGGGCACTCTACCCAGGGCAACAGAGTGAGACTATTTCT","GGCCCACCACAGTGATTCACATCTATAATCCCAGCACTTTGGGAGGCCGAGGTGGGAGAGTAGCTTGAGCCCAGGAGTTTGAGACCAGCCTGAGCAACAGGGCGAGACCCCATCTCTACAAAAAAAATTTAAAAATTAGCCTAGCATGTGCCTGTAGTCCCAGCTACTCAGGAGGCTGAAGCAGGAGGATCACTTGAGCCCAGGAGTTGAAGGCTGCAGTAAGCTATGATCACCCCACTGAGCTCTAGCCAGGGTGACTGAGCAAGACTCTATT"
"GL873521","17153915","17154039","chr7","102370770","102370890","26","85216855","GGCTAGGCACGGTGGTGACTCCTGCTTGTAATCCCAGCACTCTGGGAGGCCTGTGGCAGGTGAATTCCTTGCGCTCAGGAGTTCAAGACTAGCCTGAGTAATAGTGAAACCTCTGTCTCTACTAA","GGCTAGGCACGGTGGCTCATGCCTGTAATCCCAGCACTTTGGGAGACTGAGGTGGGAGAATTGCTTGAAGCTGGGAGTTCAAGACCAGCCTAGGGAACATAGTGAGACCCTGTCTCTTCAA"
"GL873521","17154076","17154241","chr16","21596696","21596868","46","4442620","CTAACCAGACCTGACAGGTGGCTATACTCTCGGCTACTTGGGAGGCTGAGGCAAGAGGATCACTTGATCTCAAGAGTTTGAGGTTGCTATAAGCTATGAGGCCATGACACTCTACCGAGGGCAACAAAGTAAGAGTTTTTCTCAAAAAAAAAACCCAAAACAAAAA","ATTAGTCAGACATGGTGGCATGTGCCTATAGTCCCAGCTACTTGGGAGGCTGAGGCAAGAGAATCATTTGAGCCCAGGAGGTTGAGGCTGCAGTAAGCAGTGATCATGTCACTGCACTCCAGCCTGGGCAACAGAGCAAGACCCTGTCTCAAAAAAAAAAAAAAAAGAAAAAA"
"GL873521","18186068","18186211","chr11","18518855","18518988","40","332787","TAGTCAGGTGCAGTGGTGCATGCCTGCAGTCACAGCTACTCTACTCAGGAGGATGAAGCAGGAGGACCACTGGAGACCAGGAGTTTGAGAATGCTGTAAAATACCATTGAGTCACTGCCTGCCAGCTTCAGTAACAGAATAAGA","TTAGCCAGGTGCAGTGGCGCATGGCTGTAGTCCTGCTTACTCAGGAGGTTGAAGCAGGAGGATCACTTGGGCCCAGGAGTTTGAGGCGGCAGCGAGCCATAATCGTGCCACTGCACTCCAGCTGAGTGACAGAG"
"GL873521","18186242","18186351","chr4","101432127","101432236","31","83245885","CTTGTAATTTCAGCACTTTTGGAAACTGTAGAAGGAAGATTGTTTAAGACCAGGAGTTCCAGAACAATCTGGGCAACACATGTTGACCTTGTACCTACATGAAAAAAAAA","CCTGTAATCCCAGCACTTTGGGAGGCTGAGGCAGGAAGACAGCTTGAGGCCAGGAGTTCCAGACCAGTCTGGGCAATATAGCAAGACCCTCATCTCTTTAAAAAATAAAA"
"GL873521","18231783","18232086","chr11","120552808","120553110","90","102321025","GGCATGGTGGCTCACACCAGCAATCCCAGCGTTTTGGGAAGCCCAAGGAAGAGAATCACTTGAGACCAGCCAGAGGTACATAGACACGTGGTCTACAAGAAATGACAATTAAAACAAATTGCTGGGCATGGTAGCCTGTGACTATAGTCCTGGCAACTCAAGAGGCTGAGTCAGGGGGTTTTTTGAGCCTATGAAGTCTAAGTTGCAGTAAGCTGTGATCATGCCACTATACCCTAGCCTGGGTGACAGAACAAGATTCTGTCTCTAAAAATAAAATAAAATAAAATAATAAAATGAAATAAAA","GCCAAGCATGGTGGTTCATACCTATAATCCCAGAACTTTGAAAGGCCAAGGCGAGAGGAGTTTGAGACCAGCCTGGGCAACATGATGACATGCCGTCTCTACAAAAAAATAAAATAAACAAAAACTAGCTGGGCCTAGTGGCATGTGTCTGTAGTCCTAGCTACTCAGGAGACTGAGGCAGGAGGATCACTTGAGCCTGGGAGGTCAAGGTTGCAGTGAGCTATGATTGTGTCACTGTACTCCAGCCTGGGTGACATAGCAAGAACTGGTCTCAAAAAAAAAAGAAAGAGAGAAAAAAGAAAA"
"GL873521","18672921","18673268","chr5","164510023","164510360","89","145837102","GGCTGGCCATGGTGGCTGAGGCCTGTCATCCTACCACTCTGAGAGGATGAGGAAGGAGGATTGGATTGCTTCAGCTCAGGAGTTCAAGACCAGCCTGAGCAAGAGCAAGACTCAGTCTCTACCAAAAATAGAAAAATTAGACTAGCCAGATGTAATGGCAGATGCCTCTAGTCCCAGCTAGTGGGGAGGCTAAGGCAGGAGGATCACTGAAACCCAGGAGTTTGAGGTGCCTGTGAGTTAGTTTAATACCATGGCAGTCTAGCTTGGGCAACAAAGTGAGACTCTGTCTCAAAACAAACAAAGAAACAAAGAAACAAACAAACAAAAACCCCAAAAATAAAAAAAAAA","GGCTGGGCACAGTGGCTCATGCCTGTAATCCTAGCACTTTGGGAGGCTGAGGCAGGTGGATCGCTTGAGACTGGGAGTTCAAGACCAGCCTGGGCAATATGGCAAAACCCCGTCCCTACAAAAAATACAAACATTAGCCAAGCATGGTGGCACATGCCTGTAGTCCCAGCTACTTGGGAGGCTGAGGCAGGAGGATCATTTGAGCCCGGGATGTGGAGGTTGCAGTAAGCTGAGATTGCATCATTGCACTCCAGCCTGGGCAACAGAGGGAGACCCTGTATCAAATAAATAAATAAATAAATAAATAAATAAATAAATAAAAGAAATAAAAGTAAAAA"
"GL873521","19315680","19315722","chr1","205503465","205503511","11","186187785","CAGTTACTTGGAAGACTGAGGCAAGAGGATCCCTTGAGCTAGG","CCAGCACTTTGGGAGACTGAGGCAGAAGGATCCCTTGAGGCCAGCGG"
"GL873521","19598410","19598508","chr1","6398492","6398584","25","13199918","TATCACTACACCACTATACTCTAGCCTGGGCAACAGATTGAGAACCTGTATCAAAAACAAACAAACAAACAAACAAAACACAATAAAAAATAAATAAAA","GTGATTGCACCAATGCACTCCAGCCTGGGTGACAGAGCGAGACTGTCTCAAAACAAACAAACAAACAAATAAAACAAAAGAAAAGAAAAGCAA"
"GL873521","19777152","19777359","chr4","72787006","72787205","63","53009854","CCTGAGCAACATAGAGAGATCCCATCTCGACAAAAATATTGAAAAAAAAATAGATAAACTTATCAGCTGGGTTTGGTAGCACACAACTGTATCCCCAGCTACCGGGAAGGCTGAAGCAGGAGGAGCCTGACAGATCAAGGCTGCAGTGAGCAGTGATCACATCACTACACTCCAGCCCAGGTGACAAAGCACAATCCTGTCTCAAAAA","CTAGGCAACATGGAAGAACCCCATCTCTACAAAAATTACAAAAACTAGCTGGGCATGGTGGTGTGCGCCTGTATTCCCAGCCACTGGGGAGGCTGAGGTGGGAGGATTGCTTGAGCCTGGAAGATTAAGGCTGAAGTGAGCAGAGATCACACCGCTGCACTCCAGTCTGGGTGACAGAGCAAAACCCTGTCTCAAAAAAA"
"GL873521","19907026","19907166","chr6","12022857","12022993","42","7884169","AGGAAAAATTACCAGGGCATGGTGATGTGCACTTATAGTCCCAGCTCCTGGGAAGGCTGAGTCAGGAGGCCAGGAGTTTGAGGTTATAGTGAGCTATGATGCCACTGCACTCTCTCTGGGTGACATAGTGACATTCTGCCT","TTAAAATTAGCCAGGCATGGTAGCAGGCACCTGTACTCCCAGCTACGGGAGGGTCGCTTGAGCCCAGGAGATCAGGGCTGCAGTGAGCTATGATTGTACCACTGCACTCCAAACTGGGTGACAGAGTGAGACTCTGT"
"GL873521","19907190","19907299","chr3","21509747","21509855","27","1602557","GTGGTGGCTCAGCCTATAATCCTAGCCTTCTGGAGGCCCAGGCGGGAGGATTGCTTAAGGTCAGGATGTTGAGACGAACCTGAGCATGAGTGAGACCCCATCTCTACAAA","GGTGGCTCATGCCTATAATTCTAGCGCTTTTGGAGGCCAAGGGGGGAGGATTACTTGAGCTCAGGAGTTCCAGATCAGCCTGGACAATTTAGTGAGACCTCATCTATAC"
"GL873521","20453341","20453513","chr19","53340691","53340862","44","32887350","AGACAACTAGCCAGGCATTGTGGTGGGCATCTATAGTCCCAGCTACTTGGGAGGCTGAGGCAAGAGGATCACTTGAACCCAATAGTTTGAGGTTGTCATGAGCTATGATGATGTGGCATTCTACTCAGGGTGACAGCGTGAGAGACTCTGTCTCAAACAAATGAACAAAAAAA","ACAAAAATAGCTGGGTGTGGTGGTGCATACTTGTAGTCCCAGCTACTTGGGAGGCTGAGGCAGGAGGATCACTTCAGCCCAGGAGGTTGAGGCTGCAGTGAGCCATGATCATGCCACTGCACTCCAGCCGAGGGGAGAGAGCAAGACTCTGTCTCAAAACAAACAAACAAAA"
"GL873521","20453540","20453662","chr4","5943586","5943706","26","14509954","CAGGCGTGGTTGCTCATGCCTGTAGTCCTAGCACTTCAGGAGGCTGAGGAGGGTAGATTGCTTGAGGTCAGGAGCTGGAGACCAGCCTGAGCAAGAGCGAGACCTTGTCTCTACTAAAAATAG","GGCCATGGTGGCTCATGCCTGTAATCCTAGCACTTCGGGAGGCTGAGGAGGGAGGATTGCTTGAGGCCTGGAGTTTGAGACCAGCCTGGGCAACATAGTGAGACCACGACTCTATTTAAAA"
"GL873521","20821454","20821743","chr8","121327775","121328067","74","100506321","GCCGGGCCCAGATGGCTCAAGCCTGTAATCCTTGCACTTTGGGAGGCCAATGTAGGAGGATCACTTGCGCCTAGGAGTTCCAGGCCAAGCTGTGCAAGGTGAAACACTGTTCCAAAAAATATATATATATGAAAATTAGCCAGTCCTGTTGGTACACATCTGTCGTTCCAACTACTTGGGGGACTGAAGCAGGAGGATCCATGAGTCCAAGATTTGAGGTTGCAATGAGCTGTATTGGAGCTACTACACTGTAGCCAGGGCGACAGGAGGAAAAACTTGTTTTAAAAAAA","GGCTGGGTGCAGTGGCTCATGCCTGTAATCTTAGCACTTTGGGAGGCCAAGGCAGGTGGATCACTTGAGCTTAGGAGTTCAAGACCAGCCTGGGCAACATGGTGAAACCCTGTCTCTACAAAAAATAAAAAAAAATTAGCCAGGCATGGTGGCATACACCTGTAGTCCCAGCTACTTGTGGGGCTGAGGCAGGAGCATCACTTGAACCCAGGAGCTCAAGGCTGCAGTGAGCTGTGATCTTACCACTGCACTCCAGCCTGGGTGACAGAGTAAGACCTTGTCTCAATAAAAAA"
"GL873521","20825224","20825315","chr22","42881883","42881978","27","22056659","AGAGGATCTCTTGAGCCTAAGAGTTTGAGGTTGCTGTGAGTTCTGATACCACAGCGCTCTACACAGGGCGACAGAGTAAGACCCTTTCTTAA","GGCAGGAGGATCGCTTGAGCCTGGGAGGTCAAGGATGCAGTGAGCTGTGATTGCACCACTGCACTCCACCCTGGGCGACAGAGTGAGACCCTGTTT"
"GL873521","20825595","20825767","chr4","156475909","156476099","57","135650314","GCGGTGGCTCACACCTGTAATCCTAACACTCAGGATCGCCTAAGCTCAGGAGGTGGAGACCAGCCTGAGCAAGAGAAACACCTCAACTCTACCAAAAACAGAAAAAGTAGCCTGGGTGGTGGTAGGCATGTGTAGTCCCAGCTACTCGGGAAGCTGAGGCAAGAGGATCTCTT","GGCCAGGCACAGTGGCTCACACCTATAATCCCAGCACTCTGGGAGACTGAGGCAGGAGGAGCCCAGGAATGTGAGACCAGCCTGGCCAACATGGTGAAACCCAGTCTCTACTAAAAATATAAAAATTAGCCTGGTGTGGTGGTGTGCGCCTGTAGTCCCAGCTACTTGGGAGGCTGAGGTGGGAGGATCAC"
"GL873521","21355913","21356066","chr4","158479533","158479684","48","137123620","ATAAAAATTAACTAGCTATGGTGGCATACACTCTTGTCCTAGCTACTTAGGAGGCTGAGGATCATTTGAGGCCAGGAGTTTAAAGCTATAGTGTACTGTGATGATTACGCCTGTGAATAGCCACTGTACTCCAGCCTGGGCAACATAGCAAGAC","AATTAGCTGGGCATGGTGGTGCATACCTGTAGTCCTAGCTACTCAGGAAGCTGAGGCAGGAGGACAGCTTGAGGCCAGGAGGTCAAGGCTGCAATGAACCATGATTGATTACACCTGTAAATAGTCACTGCATTTCAGCCTGGGCAGCATAG"
"GL873521","21623697","21623773","chrX","53329871","53329945","26","31706174","AAATTTAGGCAGGCAAGTTGGCACATGTTTGTAGTCCAAGTTATGTGAGAGGATTCTTTGAGTCCAGAAGTTAAGGC","AATAGCTTGGGCAGGGTGGTGCATGGCTGTAGTCCTGAGATGGGAGGATCCCTTGAGTCCAGGAGCTTGATGCCG"
"GL873521","21623801","21623894","chr3","42032495","42032583","27","20408694","GTAATCTTAGTACTTTGGGAGGCCAGACAGGAGATTCATTTGAGACTGAGTTTAAGATCAGCCTGGACAACATGGCAATATCCCATGTCAACCA","TAATACCAGTATTTTGGGAGGCTGAGGCAGGCGATCACTTGAGCCCAGTTCAAGACCAGCCTGGGCAATATAGCGAAATCCTGTTTCTA"
"GL873521","21714176","21714337","chr12","96671998","96672172","41","74957822","ACTAGGGGGCATTGTGGCAACTGTCATCCTAGCTGCTCAAGAGGCTGAGGCAAGAGGATCACTTCAGCCCATGAGTTTATGGTTGCTGTGAGCTATGACTCCATGGCACTCTAGCCTGGGCAATAGAATGAGACTCTGTCGCAAAAAAAAAGAAAGAAAGAA","AATTAGCTGAGCATGGTGGCAGGCACCTGTAGTCCCAGCTACTTGGGAGGCTGAGGGAGGAGGGTCACTTGAACCCAGGAGTTTGAGGCTGCAATGAGCTATGACTGCATCAGTGCACTCTAGCCTGGGCAGTAGAGTGAGACCCTGTCTCACAAAAAAAAGAAGGAAAGAGAAA"
"GL873521","21714364","21714489","chr15","78802491","78802611","29","57088127","GGCTGGGTACCCTGGCTAGACACCTGTAATTCTAGCACTCCAGGAGGCTGAAACAGGTGGATTTCTTGAGCTCAGGAGTTCAAGACCAGCCTGTCCAAGACCAAGACCACAATTCTGTCTCTACTT","GGCTGGGTACAGTGGCTCACACCTGTAATCCCAGCACTTTGGGAGGTGGAGGCAGGAGGATCACTTGAACTCAGGAGTTCAAGACCAGCCTGGCCAACATGGCGAAACTCCGTCTCTACAA"
"GL873521","21743555","21743631","chr10","20213332","20213405","25","1530223","TATAGGGTGTGGCGGCAAGTGTGTATAGTACTAGCTACTTAAAGAGGTTGAGATGGGAGGATTGCTTGAGCTAAGGA","CCAGGTGTGATGGTGCATGCCTGTGGTCTCAGCTACTTTGGAGGCTGAGGTGGGAGGATTGTTTGAGTGGAGGT"
"GL873521","21743658","21743767","chr10","43292583","43292692","28","21548925","CAATGGTTTGTGCTTGTAATCCAGCACTTTGGGAAACAAAGGAGAAAGGATTAATTGAGACCAGGAGTTCAAAATCAGCCTGGGCAACATAAAGAGACCCTGTCTCTATG","GCGGTGGTTCAGCCTGTAATCCCCGCACTTTGGGAAGCTAAAGCAGGAAAATCACTTGAGCCCAGGAGTTCAAGACCAGCCTGAGCAACATAGTGATACCCCTGTTTCTA"
"GL873521","21994326","21994402","chr3","183523015","183523100","19","161528689","GGCATTGTGACTCACACCTATAATTCTAGCACTTTGGGAGGCTGAGGTGGGAAGACCACGAGCACAGGTTCAAGACC","GACTGGGGGCAGTGGCTCAAACCTGTAATCCTAGCACTTTGGGAGGCTGAGGTGGGAGGACCACCTGAGCTCAGGAGTTCAAGACC"
"GL873521","22568894","22569013","chr7","21219168","21219276","37","1349726","TACGTTGTGGTGGCTAGTCCCAAACTACTCAGCTACTCAGGAGTTTGAGGTTGCAGTAAGCTGTGAGGTTGCATTGCACGACAGATTGTGCAACAGAGCGAGACCCTATCTCGAAAAAAA","GGCTGAGGTGGGATAATCACTTGAGCCCGGAAAGTTGAGGTTGCAGTGAGCCATGACTCGGCACTGCACTCCAGCCTGGGCAACAGAGCCAGACCCTATCTCAAAAAAA"
"GL873521","22569034","22569129","chr15","57106062","57106161","19","34537028","CAGGCATGGTGGCTCACACCTGTAATCATAGCACTTTGGGAGACCAGGAGTTCAAGACCATGCTGGGCAACATGGCGAGACCTTGTCTCTACCAAA","GGCCAGGCATGGTGGCTCACTCCTATAATCACAGCACTTTGGTAGGCCATGAATTCAAGACCAGCCTGGGCAACATAGTGTAACCCTGTCTCTACGAAAA"
"GL873521","23082461","23082581","chr19","17007875","17007987","43","6074586","AAAATACACAGAGTACCCAGGCATGGTGGTGCATGCCTCCAGTCCCAGCTACAGGTGAGACTAAGACTAAAGGATGCCTTCAGCTCAAGACTTTGAAGCTGGCCTAGGCAACAACAAGACC","ACAATGTAGCTATGGCATGGTGGTGCCTGCCTGTTGTCCCAGCTACTTGGGAGGCTGAGATGGGAGGATTGCATGAGCCCAAGAGTTCAAGGCTGCTGTGAGCTACAATCACG"
"GL873521","23326932","23327034","chr1","153330637","153330743","26","130003705","GACTGGGTATGGTGGCATATGCCTGTAAACCCAGCACTCTGGGAGGCTGTGGCGGGTGGACCAGCCTGAGACCAGCTTGAGAAAGAATAAGACTCTGTCTCTA","GGCTGGGTGTGATGGCTCATGCCTGTAATCCTAGCACTTTGGGAGGCTGAGGCAGGTGGATCACTTGAGCCCAGGAGTTTGGGCAACATGACAGAACCCTGTCTCTA"
"GL873521","23327057","23327213","chr6","85247800","85247964","38","61920743","CCAGACATTGTGACACATGCCTATAGTCCTACTTGGGAGGCTGAGGCAAGAGGATGTCTTGTGCCCAAGAGTTTGAGGTTGCTGTGAGCTATGATACCATAGCACTCTAGTGGGGGGCAAGAAAGTGAGACACTGTCTCAAAAAAAAAAAAAAAAAA","CCAGGCATTGTGGCACATGTGTGTAGTCCCAGCTATTTGGGAGGCTGAGGCAGGAGGATCCTTTGAGCCCAGGAGTTTGAGGCTTCAGTGAGCTGTGATTGGACCACTACACTCTGGCCTGGGCAACAGAGAAAGACCCTGTCTCAAAAAGAAAAAGAAAAAGAA"
"GL873521","23553294","23553452","chr8","101101478","101101641","53","77548184","AAAATAAAGTTAGCTAGACACAGCTTTGGGCACCTGCAGTCCCAGTTACTTGGAGGTTGAGGCAAGAGGATTGTTTGAGCCTAGAGGTTTGAGGATATGGTTTGCTGTAGTTCTACCTGTGAGTAGCCACTGTTCTCCAGCCAGGACACCAGCGCAAGA","AAAAAGACACCAAGTAGCCAGGTGTGGTGCTGCAGGCCTGCAGTCCCAGCTACTTGGGAGGCTGAGGCAGGAGGATTGCTTGAACCCAGGAGTTCAAGACTTCAGTATGCCATAATCGCACCTATGAATAGTCACTGCACTCCAGCCTGGGCGACATAACAAAA"
"GL873521","24165831","24166009","chrX","9218405","9218573","51","14947426","GGCCAGGCACAGCAGCTCACACCCATAATCCTAACACTCTGAGAGACCAAGGTGTATAGATTACCTGAGCTCAGGAGTTGGAGACCACCCTGAGCAAGAGTAAGACCCCCATCTCTACAAAAAAAAAAAAAAAATAGAAAAACTAGCCAGGTGTTGTGGTGGGTACTTACAGTGCCAAC","GGCCAGGCGCAGTGCCTCACACCTGTAATCCCAGCACTTTGGGAGGCCGAGGCGGGTGGATCACTTGAGCTCAGGAGTTTGAGACCAGCCTGAGCAACATGGCAAAACCTCACCTCTACAAAAAAAATACAAAAATTAACCAGGCATGGTGGCAGGCACCTGTAGTCTC"
"GL873521","24270646","24270916","chr8","27224878","27225151","68","2954232","GGCCAGGCACGGTGGCTCACACCTGAATCCTAGCTGGCATTCTGGAAGGCCGAGGTGGGTGGATCACCTGACCTCAGGAGTTCAAGACCATCCTGAGCAAGAGTGAGATGAAACCTCATCTCTAAAAATAGCTAGGCATTGTGGTGGGCACCAGTAGTCCCAGCTACTAGGGAGGCTGAAGCAAGAGGATCACTTGAGTCTAAGAGTTAGACGTTGCTGTGAGCAGTGACGCCACAGCACTCTACCCAGGGCAACAAAGTGAGACTGTCTC","GGCCAGGTGCAGTGGCTCACACCTGTAATCCTAGCCCTTAGGAGGCTGAGGTGGGAGGATCACTTGAGCTCAGGAGTTCAAGACCAGCCTGGGCAATATGGTGAAACCCTGTCTCTACGAAAAATTAGCCGGGCATGGTGGCGCATGCCTGTAGTCCCAGCTACTCAGGAGGCTGAGGTGGGAGGATCATTTGAGCCCAGGAGGCGGAAGTTGCAGTGAGCCAAGATTGCACCACCGTACTCCAGCCTGGGCAACAAGTGAGATCCTGTCTCAA"
"GL873521","24618820","24618994","chr8","68458893","68459071","47","43840073","TCCTAGCACTCTGGGGGGCCGAGGTGGTAGGATCACTTGAACTAGAGTTCAAGACCACCCTGAACAAAAATCACACCCTGTCTGTACTAAAAATAGAAAAATTAGCCAGGCATTATAGTGCATGCCTGTAGTCCCAGCTACCTGGTAGGCTGAGGCAGATCCTCTAGCCCAGGGG","CCCAGCACTTTGGGAGGCTGAGATGGGTGGATCACTTGAGCCCAGGAGTTCAAGACCAGCCTGGGCAACATGACGAAACTCTGTCTTTACAAAAAATACAAAAATGAACCAGGCATGGTGGTGCATGCCTGTAGACCCAGTACTTGGGAGGCTGAGGTGGGAGGATCCCTTGATCCTGA"
"GL873521","24626746","24626855","chr1","205148842","205148953","29","180522096","AAAGAATGACAAAAATTCAGATATGGTGGTATGCACCTATAGTCAGTCACAGCTACTGGGGAGGCTGAGGTGGGAGGCTTTCTTGAGCCCAGGAGGTTGAGTCTAGCAAT","AAAAAGTACAAAGAATTAGCCAGGTGTGGTGGTGCGTGCCTATAGTTCCAGCTACTTGGGAGGCTGAGGTGGGAGGATTGCTTGAGTCCAGGAGTTGGAGGCTGCAGTGAAA"
"GL873521","24781755","24782037","chr5","139301937","139302217","85","114520182","GACCAGGTGTGGTGGCTCACACCTATTAGCCTAGCACTCTTGGCAGCTGAGGCAGGAGGATTCACTCAGAACTTCAAGAGTTAAACCCATGCCTCTACTAAAAATAAGAAAAAAATCAGTCCAGAGTATCATGGTGGGCACTTGCAGTCCCAGCTACTCGCAATGCTGAGGAAGAAGGATAGCTTGAGCCTAGGAGTTTGAGGTTGCTGTAGGCTGGATTTTTGTCATGGCATGCTAGTCTTGGCAACAGAGTGAGACTCTGGGGGAAAAAAAAAAGGAAAAA","GGCTGGGTGCGGTGGCTCACACCTGTAATCCCAGCACTTTGGGAAGCTGAGGCCAGAGGATGGCTTGAGCTCAGGAGTTTGAGTTGAAACCCTGTCTCTACAAAAAATACAAAAATTAGCTGGGTGTGGTGGTGCACACCTGTGGTCCCAGCTACTTGGAAGTGTGGGGTGGGAGGATTGGTTGAGCCCAGGAGGTTGAGGCTGCAGTGAGCCATGATCGTGCCACTGTACTCCCGCCTGGGTGACAGAATGAGACCCTGTCTCAAAAAAAAAAAAAAAAA"
"GL873521","24969692","24969970","chr5","91805199","91805483","78","66835507","GGCTGGATGCAGTGGCTCACACCTATAAACCTAGCACTCTGGAAGGCCACAGTGGGAGAATGGCTCGAGTTCAGGATTTTGAGAGTAGCCTGAGCAAGAGCAAGACCACATCTCTACTAAAAATATAAAAATTAGCAGGAAGTCTTGCTGAATGCATCATCTCAACTGCTCTGGAGGATGAGGCAAGAGGATTGCTTGAACTCAAGAGTTGAGGTTGTGGTGAGCGAGACTGAATCCATAGCACTCTACCCCAGGCAACAGAGCAAGACTTTGTTGAAA","GACTGGGTGCAATGGTTCACATCTGTAATCCCAGCACTTTGGGAGGCCAAGGTGGGAGGATGGCTTGAGCCCAGAAGTTCAAGACCAGCCTGAGCTACATGGCAAAACCCTGTCTCTACAAAAAATGTAAAAATGAGCCAGGCATGGTGGTGCATGCCTATGGTCCCAGCTACTCAGGAGGCTGAGGCAGGAGGATCGCACTAATCTAGGAGATGGAGGCTGCAGTAAGCCGAGATTGAGTCATTGCACTCCAGCCTGGGCGAAAGAGCCAGACTCTGTCTCAAA"
"GL873521","24970004","24970019","chr3","153804291","153804307","1","128834287","AAAACAAAACAAAAAA","CAAAACAAAACAAAAAA"
"GL873521","25391954","25392209","chr7","3491054","3491312","81","21900900","CCTAGTGCAGTGGCTCACACCTGTAATCCTGGAGGCTGAAGCAGATGGATTGCTTTGAGTTCCTGCCTAAATAAAAGTGGGAATCTACTATAGCAAAATTAGCTGGGCGTTATGGTGGGTACTTGTGGTCCCAGCTACTCAGGACGCTGAGGCAGGAGGATTGCTTGAACCAAGGAATTTGAGGTTGTTATGAGCTATGATGATGCCATGGCACTCTACCCAGGCCACAGAGTAAGATTTGGTCTCCAAAAAAAAA","GGCCAGGTGCGGTAGCTCACATCTGCAATCCCAGCACTTTGGGAGGCTGAAGCTAGAGGATCACTTGAGTCTTGTCTCTACAAAAAAAATCAAAAAATTAGCCAGGGCATGGTGGTGCATGCCTGTAGTCCCAGCTACTCGGGAGGCTGAGGCAGGAGGATCACTTGAGCCCAGGAGGTTGAGGCTGCAGTGAGCTGTGACTGTACCACTGCACTCCAACCTGGGCAACAGAGTGAGACCCTGTCTCAAAAAATAATAA"
"GL873521","25453333","25453646","chr22","29946204","29946503","77","4492871","GCCGGGTACAGAGGTGCATTTACCTGTAATCCTAGCACTTTGGGAGGGTAGGGTAGGAGGATGGCTTGGGGCCAGTAGTTCAAGACCAGCCTGAACAATCTAGTGTGACCTCGTCTCCACAAAATATAGAAAAATTAGCCAGGCATGGTGGTGGGCACTTGTATTCTCAGCTTCTCAGGAAGCTGAGGCAGGAGGATCTTTTGAGGCTGGAAGGTTGAGGTTGCATTGTTGAGATTGCACTGAGCTGTGATGACACCACTGCACTCTAGCCCTGGCAACAGAGTGAGATCCTAATTTAAAAAAAAAAAAAAAAA","GCTGGGCGTGGTGGCTCCTTCCTGTAATCCCAGCACTTTGGGAGGCCAAGGCTGGAGGATCACCTGAGTCCAGGAGTTTAAGACCAGCCTGGGCAACATAGGGAGACCCTGTCTCTACAAAAAATAAAAAATTAGCCAGGCATGGTGGTGTGCACCTGTAGTCCCAGCTACTCAGGAGGCTGAGGCAGGAGGATCTCTTGAGCCTGGGAGGTCAGACTACAGTGAGCAATGATTGTGCCACTGCACTCCAGCCTGGGTGACAGAGTAAGACTCTGTCTCTTAAAAAAAAAAAAAAAAAAA"
"GL873521","25473197","25473312","chr11","64318421","64318538","25","38845224","GGGCATGGTAACTCACTCCTATAATCCCAGCAGTTTGAGAGGCCAAGGCTGGAGGATCACTTAAGGCTAGGAGTTCATGACTGGTCAGGGCAACATAGTAAGACTTATTCTCTACA","CCAGGCATGGTGGCTCACACCTATAATCCCAGCACTTTGGAAGGCCAAGGCGGGAGGATCCCTTGAGGCCAGGAGTTTGAGACCAGCCTGGGCAACATAGCAAGACTCCGTCTCCACA"
"GL873521","25473339","25473487","chr1","35894728","35894879","40","10421389","AAGAATTAGCTAGGCATAGTGGTGCGCAGCTGTAGTTCCAAGTACTTGGGAGGTTAAAGACCATGTGAGCGCAGGAGTTCAAGGCTACAGTGAGCTGTGATCATGCCACTGCACTCTGGCCTGGGTGACAGAGTCTGTGTCATAAAAAA","AAAAATTAGCCAGGCATGGTGGCACATGCCTGTGGTCCCAGATACTTGGGAGGCTGAAGTGGGAGGATCACTTGAGCCCAGGAGATCAAGGCTGCAATGAGCCATGATCATGCCACTGCACTCCAGCCTGGGCAACCCTGTCTTTAAAAAAA"
"GL873521","25493130","25493293","chr4","75562087","75562252","41","50068957","CTTAGAGTTGTGGTGGGCTCCTGTACTCCCAGCTACCCAGGAGGTGAGGCTGAGGCAGGTGGATCACTTGAACCCAGGTATGTGAGGTTGCTGAGAGCTAGGATGACACACAGCACTCTAGCCTGGTGACAGAGTGAGTCTATGTCTCTAAATAAATAAATAAA","TTAGCTGGGTGTGGTGGCATGCACCTGTAGTCCCAGCTACTTAGGAGGCTGAGGCAAGAGGATCACTTTAGCCCAGGAGGTGGAGGTTGCAGTGAGCTGAAATCATACCACTGCACTCCAGCCAGGGTGACAGAGTGAGACCTTGTCTCAAAAATAAATAAATAAA"
"GL873521","25493320","25493467","chr9","31337596","31337743","33","5844276","GACTGGGCTTGGTGGCTCATGCCTGTAATCCTAGCATTCTGGGAAGCTGAGGCAGGAGAATCACTTGAGGTCAGGAGTTCAAGACCAGACTGAGCAAGAGTGAGATCTTGCCTCTACTAAAAAAATATATATTTTTAAAAAATAATGC","GCTGGGTGTGGTGGCTCACACCTGTAATCCTAGTGATTCAGGAGGCTGAGGCAGAAGGATCACTTGAGGTCAGGAGTTTGAGAGCAGACTGAGCAACAGAGTGAGACCCCCTCTCTAAGAAAAAAATATTAAAAAAAAAAACAACCGC"
"GL873521","25793453","25793728","chr15","82250472","82250741","88","56457019","CAGGTATGGTGGCTCACACCTGTAATCCCAGCACTTCGGGAGGCCAGGAGGTGGGGGAGAGGCTCTCTTGAAGCCAGGAGTTCCTGACCAGCCAAGCAACAGGCGAAACCTTATCTCTACAAAATATTAAAGAAAAAAGGAAATTAGCCAGGTATAGCAGTAGACATCCATAATTCCAGATACTGTCGTGGCTAGGACAGGAAGATCACCTGTGATTGTGCCACTGCATCCCAACTTGCCAAAAAAGCAAGATGCTGTCTCTATAAAAGAAAACTA","GCCGGGCACGGTGGCTTATGCCTGTAATCCCAGCACTTTGGGAGGCCGAGGCAGGAGAATCGCTTGAGCCCGGGAGTTTGAGACCAGCCTGGGCAACATGGTGAAACCAAGTCTCTACAAAAAAATACAAAAAAATTAGCCAGGTGTCGTGGTGCACGTCTGTAGTCCCAGCCACTCCTGGGAGGTCGAGGCTGCAGTGAGCTGTGATCGTGCCACTGCACTCCAGCCTGGGGAACAGAGTGAGACCCCGTCTCAAAAAATAAAAAAAAA"
"GL873521","25946379","25946540","chr16","48668108","48668267","54","22721729","GTTGAGGCAGGATTTCTTGAGGCTGGGAGTTGGAGACCAGCCTGAAAAACATGTTGATACCATTGCTACAGAAATTAGAAGAGTTAGCTGGGTATAGTGGTGCATCCCTGTAGTTCCAACTACTAGGGATGCTGAGGCAGGAGGGTCACGTAAGCCCAGGAG","GTGGGAGGATTTCTTGATCCCAGGGGTTCAAGACCAACCTGGGCAACATAGTGAGACCCTGTGTATACTGAACAAAAACAATTTTTCAGGCATGGTGGCACACACCTGTAGTCCGAGCTATTCGAGAAGCTGAGATGGGAGGATCCCTTGAGCCCGGGAG"
"GL873521","25955927","25956105","chr3","43378154","43378339","50","17422227","AAAAAATAGAAAAATTAGCCATGTGCAGTGGCATGTGCCTATAGTTCCACCACTGTAGGGGCTGAGGTAGGAGGATCCCTTAAGACCAGGACTTTGAGATTGCTGTGAGTTATGACATCACTGCTGTCTGGTTGGGTGACAAAGGGAGACTTTGCCTCAAAAAAGGGAAGAAAGAAAAA","AAAAATACAAAAATTAGCCGGGCATGTTGGCATGTGCCTGTGGTCCCAGCTACTCCAGAGGCTGAGGTGGGAGGATCACTGGAGCCCGGGAAGTTGAGGCTGCAGTGAGCTGTGATCACACCACTGCACTCCAGCCTGGGTGACAGAGTGAGACCCTGTCTCAAAAAAAAAAAAAAAAAAAAAAAA"
"GL873521","26298260","26298339","chr4","95794331","95794409","18","69496071","GGCTGGGTGCATCAGCTTATGCCTGTAATCCCAGTACTTTAGGAGGTTGAGGTAAGAGGATCACTTAAGAACAGGAATCC","GGCTAGGTGCAGTGGCTTACACCTGTAATCCCAGCACTTTGGGAGGCCGAGGCAGGAGGATCACTTGAGCCCAGGAGTT"
"GL873521","26307582","26307851","chr5","152032216","152032514","85","125724634","GCTGGGCATAGTGGCTCACACCTACACTCTTAGAGGCCAGGGCAGATGAATTATTTGAGCTTGGGAGACCAGACTGAGCATGAGTGAGATCCTGTTCCTACTAAAAATAGAAAAATTAATTGGGTGTTGTGCCTGTAGTCCCAGCTACTTGGAAGGCTGAGGCAAGAGGATCACTTGAGCCCAAAAGACTGAAGTTCTAATGCCAAACATGCTACTCAGAGGGACAGAATGAGACTCTGTCTCAAAAATAAATAAATAAATAAATAAATA","GGCTGGGCACAGTGACTCACACCTATAATCCCAGCACTTTGTGAGGCTGAGGCAGGCAGATTATTTGAGCCCCTGAGGTCAAGACCATCCTGGGCAACATGGCAAAACCTCATCTCTACAAAAAATACAAAAATTAGTTGGGTGTGGTGGCATACGCCTATAGTCCCAGCTCCTCAGGAGGCTGAGGTAGGAGGATGGTTTGAGCCCAGGAGATGGAGGTTGATCATGCCACTGCTCTCCAGACTGGGCAACAGAATGAGACTCTGTCTCACAAAAAATGAAACAGAATAAAATAAAAA"
"GL873521","26951040","26951317","chr17","16672309","16672598","75","10278731","TGGCTTACACCTGTAATCCTAGCACTCTGAGAGGAGTGAGGCAGATTGCTTGAGCTTAGGAGTTTAAGACCAGCCTGAGCAAGAAAGATCCCATTTTTACTAAAATAGAAAACTAGCCAGGGGTGGTGGCCTATGTCTGTAGTCCCAGCTACTCGGTAGGCTAAGGCAAGAGGATTGCTCAAACCCAAGAGTTTGAGATTGCTGTGAGTTCTGGTGCCATGACACTCTATCCAGGGTAACAGAGTGAGACTTTGTCTAAAAAAGAAATAAAATAGGTG","GTGGCTCACACCTGTAATCTCAGCACTTTGGGAGGCTGAGGCGGGAGGATCACTTGAGCCCAGGAGTTTGAGACCAGCCTGAGCAACATAGTAGGCTCCTGTCTCTACAAAAAAATACAAAAATTAGCTGGTACTGGTGGCATGTGCCTGTAGTCCCAGCTACTCAGGAGGCTAAGGCAGGAGAATCGCTTGAGCCCAGGAGGTTGAGGCTGCTATGAGCTGTGATGGCACCACTGCACTCCAGCCTGGGTGACAGAGTGAGACCTGGTCTCAAAAAGAAAAAAAAAAAA"
"GL873521","26951542","26951557","chr3","53948633","53948648","1","26997091","AAAAGAAAGAAAGAAA","GAAAGAAAGAAAGAAA"
"GL873521","27061553","27061681","chr3","122788793","122788920","26","95727240","GGCCACGCACAGTGGCTCATGCCTTTAATCCTAGCTTTCTGTGGAGGCCAAAGCAAATGGATCACTTGAACTCAGGAGTTCAAGACCAGCCTGAGCAAGAGCAAGACCCCATCTCTACTAAAAATAGAA","GGCCAGGCACTGTGGCTCATGCCTGCAATCCCAGCACTTTGGGAGGCCAAGGCAAGAGGATTGTTTGAGCCCAGGAATTCAAGACCAGCCTGGGCAACTCAGGAAGACCCCATCTCTACAAAAAACAA"
"GL873521","27061706","27061860","chr8","96136998","96137163","44","69075292","TAGCTTGGCATTGTGGTAGGCACTGGCAGTCCCAGTTACTTCGGAGGCTAAAACAAGAAGGATTGCTTGAATCCAGTGAGGTTGCTGTGAGCTATAATGTCATGGCACTTCTCCCCAGGGCAACAGAATGAGACTATCTCAAAAAAACAAATAAA","TTTAGCTGGGAAGGTTGGCACGCACCTGCAGTCCCAGCTACTTGGGAGGCTGAGACTGGAGGATTGCTTGAGCCCGAGAGGTCGAGGTGGCAGTGAGCCATAATCACACCACTGTACTCCAGCCTGGGTAACAGAATGAGACTCTGTCTCAAAACAAACAAACAAA"
"GL873521","27073730","27073910","chr1","68095575","68095737","50","41021845","GAGCAGCCTGAGCAGCTAGGGTACTGCTCCCTGCCTCTAGTCCCAGCTACTTGAGGGGCTAAGGCAGGAGGATTGTTTGAGCCCAGGAGCCCAGGAGTTTGAGATTGATGTGAACTAGGCTGATGCCATGGCACTCTAAACTGGGCAACAGAGTAAGACTCTATCTTAAAAAAACAAAAAA","TTAGCCCTGCATGGTGGCACATGCCTGTAGTCCCAGCTATTTGGGAGGCTAAGGCAGGGGGATGGTTGGAGCCCAGGAGGCAGAGGTTGCAGTAAGCTGAGACTGAGCCATTGCACTGCAGCCTGGGTGACAGAGTGAGACTCTGTCTCAAAAAAAAAAAAAA"
"GL873521","27074182","27074275","chr19","50666183","50666279","26","23592001","GCTGGGTACTGTGGCTCAAGCATGTAATCATAGCACTCTTGAGGCCAAAGTTTGGAGGATCCCTGAAGCTCCAGAGTTTAAATGCAGCTTGAGT","GGCTGGGCTCTGTGGCTCATGCCTGTAATCCCAGCACTTTGGGAGGCCGAAGTGGGAGGATCACTTGAGTCCAGCAGTTTGAGAGCAGCCTGGGCAA"
"GL873521","27115551","27115853","chrX","48006439","48006741","74","20890888","GGCCAGGTGTGGTGGCTCCTGTAATCCTATCACTATGGGAGGCCAAGGTGGGTGGATTGCTTGAGCTCAGGAGTTGGAGACTAGCCTAGGCAAGAGTGAGATCCCGTATCTACTAAATAGAAAAACTAACCAGGTTCCAGGTGCCTGTAGTCCCAGATTCTTGGGAGGCTGAGGCAAGAGGATCACTTAAGGTCAGGAGTTTAAGGTTGCTGTGAGCTATGATGTCATAGCACTCTACCCAGGGTGACAGAGTGAGACTCTATCTCAAACAAACAAACAAACAAAACAAAAACAACAAAAAAA","GGCTGGGCTCAGTGGCTCACGCCTGTAATTCCAGCACTTTGGGAGGCCAAGGTGGGCGGACTGCTTGAGCTCAGGAGTTCGAGACCAGCCTGGGAAACATGGCGAAACCCCATCTCTTAAAAAAAAAAAATTATCTGGGTGGCAGGAGCCTGTAGTCCCAGCTACTTGGGAGGCTGAGGTAGGAGGATCACCTGAGCCCGGGAGGTCAAGGCTGCAGTGAGCCATGATCGTGCCACTGCACTCCATCCTGGGTGACAGAGTGAGACCCTGTCTAAAAAAAAAAAGAAAAAAGAAAAAAAGAAA"
"GL873521","3621655","3621735","chr19","38588582","38588671","29","34966927","AAACCCCCCAGAAAATTAGCTGTAGTCCAGCTACTTGGGAGGGTGAGGCAGGATTGCTTGAACTCAGGAGGCTGAGGTTGC","TTAGCCAGGTGTGGTTGTGCACGCCAGTAGTCCTAGCTACTCAGGAGGCTGAGGCAGGAGGATTGCTTGAGCCCAGGAGTTTGAGGCTGC"
"GL873521","3642385","3642519","chr4","190118736","190118870","25","186476351","GGCTGGGTGAGGTGGCTCACACCTGTAATCCCAGCACTCTGGGAGGCCAACAGGGATGGAGCACCTGAGCTCAGGAGCTTGTGCCCAGCTTGAGCAAGAGTGAGACCTCATCTCTGTTAAAAACAGAAAAAAAAA","GGCTGGGTGCAGTGGCTCACACCTGTAATCCCAGCACTTTGGGAGGCCAAGGTGGGAGGATCACTTGAGCTCAGGAATTCGAGACCAGCCTGGGCAACATAATGAGACTGCATCTCTGTAAAAAAAAAAAAAAAA"
"GL873521","3642815","3642983","chr6","117522072","117522244","43","113879257","AAAAAAACTAGCCAGGCATTGTGGCGAGTGCCTGTAGTCCCAGCTACTCGGGAGGCGGAGGCAAGAGGAGTGCTTAATCCCAAGAGTTTGAGGTTGCTGTAAGCTATGACACTCATTCTACTCAGGGTAACAAAGTGAGACTCTGTCTCAAAAGGAAAAAAGAAAGAGA","TAAAAAAATTAGCCAGATGTGGTGGCATGTGCCTGTAGTTCCAGCTACTCGGGAGGCTGAGGCAGGAGGATTGCTTGAGCTCAGGAGTTCGAGGCTGCAGTGAGCTATAATTGTGCCACTGCACTCTAGCCTGGGTGACACAGTGAGACCTTGTCTTTAAAAAAAAAAAAAAA"
"GL873521","3668981","3669096","chr1","92774326","92774442","25","89105345","GGCTAGGCTCAGTGGCTCATGCCTATAATCCTAGCACTCTGGGAGGCTGAGACAGGTGGAGTGCCTACGTTCAGAAGTTTGAGACCAACCTGGGGAAGAGTGAGACCCTTGTCTCT","GGCCAGGCGCAGTGGCTCACACCTGTAATTCTAGCACTCTGGGAGGCAGAGGCAGGCAGACTGCTTGAGCTCAGGAGTTCGAGACTACCCTGGGCCACACAGTGAGACTTTGTCTCT"
"GL873521","3669118","3669287","chr19","44556029","44556196","40","40886911","GCCTAGCCATGCATTATGGTGGGCACCTGTAATCCCAGCTACTTGAGTGGCTGAGACAGGAGGATTGCTTGGGCCCAGGTGTTTGAAATTGTCGTGAGCTATGACAACACTATAGCACTCAACCCAGGGCACAGAGTGAGACCCTGTCTCAAAAAAAATAATAAATAAAA","TTAGCTGGGCACGGTGGTGTGCACCTATACTCCCAGCTACTCTGGAGGCTGAGACAGGAGGATTGCTTGAGCCCAGGAGTTCAAGACTGCAGTGAGCTAGGATCGCACCATTGCACTCCAGCCTGGGCAACAGAGTGAGGCCCTGTCTCTAATAATAGTAAAAAAAAA"
"GL873521","3669631","3669737","chrX","25092369","25092466","29","21422738","GGTTAGGCATGGTGGCTTACACATGTAATCCCAGCACTTTCAGAGGCTGAAGTAGGAGGATCTCTCAAGAGACCATCAGAGGGAGACCCTGTCCTTATAAATAATTA","GGGTGTGGCGGCTCAAACCTGTAATCCCAGCACTCTGTGAGGCTGAGGCAGGAGGATCGCCTGGGCAATATAGTGAAACCCTGTCTGTATTAATAATA"
"GL873521","3670024","3670183","chr1","26355033","26355200","40","22685009","TTGGTTGGGTGTGGTAGCACTTGCCAATAGTCTTAGCTACTTGGGAGGCTGAGGCAGGAGGATCCCTTGAGCCCAGGAGTTCAAAGTTGTAGTGAGCTGTAGTAGGGCCACTATAGGGTAAAAGAGTAAAATCCTGTCTCAAAAAAAAAAAAAAAAAAAA","AACTAGCTGGGTGTGGCGGCGTGTGCCTGTAGTCCCAGCTACTTGGGAGGCTGAGGCAGGAGGATCACTTGAGCCCAGGAGTTCAAGGCTGCAGTGAGCTAAGATCATACCACTGCACTCCAGCCTGGGTAATAGAGTGAGATCCTGTCTCAAAAAAAAAAAAAAAAA"
"GL873521","3713060","3713213","chr16","52591348","52591478","53","48878288","ACTAAAATTGTAAAGCCTAAGCTGGGTGTCATGGTGCACACCTGGAGATCCAGCTCCTCGGAGGCAGAGACAGGAGGATCTCTTGAACCCCAAAATTTGAACACAGTGCGACAACATAATGAGACCCACCTCTTACAAAAAATTACAAAGACTA","GCTGAGTGTGGTGGTGTGTGCCTATAATTCCAGCTACTCAGGAGGCTGAGGCAGGAGGATCACTTGAGCCCAGGAGTTTGAGACCAGCCTGGGCAACACAGTGAGACCCCATCTCAAAAAATTAAACATTA"
"GL873521","3858021","3858181","chr15","40727742","40727900","45","36869721","GGAAAAATTAGCTCAGCATTGTGGTGGGTGCCAATAGTCCTAGTTACTGGGGGGGTGGAGGGTTGAGGCAGGAGCTTGAGCTCAGGAGTTTGAGGTTGCTGCGAGCAAGGCTCATGCCATGGCACACTAGCCTGGACAACAGAGTGAGAGTCTGTCTCAAA","TTTAAAAATTAGCCAGGCATGGTGGTGACCACCTGTAGTCCTAGCTATTCAGGAGGCTGAGGCAGAAAGATTGCCTGAGCTCAGGAGTTTGAGGTTACAGAGAACTCTGATCATGCCACTGCACTGCAGCCTGGGCAACAGAGTGAGACTCTGTCTCAA"
"GL873521","3858456","3858567","chr17","26390105","26390216","27","22531649","GGTTGGATGCAGTGACTCACGTTTATAATCCTAGCACTCTGGGGAGCAGAGGCAGGAGGATCCCTTGAGCTTAGGAGCAAGACCCCATCTCTACTAAAAAATGGAAAAATTA","GGCCGGATGCAGTGGCTCACGCCTGTAATCCCAGCACTTTGGGAGATGGAGGTGGGAGGATCGCTTGAGGCTAGGGGTTCGAGACCACATCTTTACAAAAAATTTAAAATTA"
"GL873521","3958462","3958555","chr3","156881552","156881648","15","152923090","GGCCAAGTGTGGTGGCTCACGCCTGTAATCCCAGCACTCTGGGAGGCTGAGGCAGAGAATCACTGGAGCGCAAGAGTTTGAGACTAGCTTGAGC","GGCCAGTTGTGGTGGCTCACACCTGTAATCCTAGCACTCTGGGAGGCTGAGGCTGGAGGATCACTTGAGCTCAGGAGTTTGAGACCAGCCTGGGCAA"
"GL873521","4004289","4004415","chr2A","53135817","53135938","36","49131528","GCCGGGCGCGGTGGCTGACACCTGTAACCGAGCACTTTGGGAGGCATCTGTAGGAGGATCGCTTGAGGCCAGGGATTGGAGACCTCCCGCCCTACAAATGATTTTAAAATAAACTGCTTATGCTGGG","GCCAGGTACAGTGGCTGACATCTGTAATCCCAGCACTTTGGGAGGCTGAAGTGGGAGGATCACTTGAGGCCTGGAGCTTGAGACCAGCCTTGTCAACATAGTGAGATTAAAAAATTAGCTGG"
"GL873521","4004664","4004811","chr5","141173286","141173416","45","137168622","CTGCTTATGCTGGAGGACCCTCACCCCACCCCACCCCCACACACACCTTGTGCTCCTGACTTGGAGACTGCAGTGAACTATGATCAGGCCGCTGCCCTCCAGCGTGAGCGACAGAGCATGACCCTGTCAAAAAAAAAAAAAAAAAAAA","CTACTTGGGAGGCTGACCCACGAGAATCACTTGAACCTGGGAGGTAGGCTGCAGTGAGCTAAGATCACACCACTGCACTCCAGCCTGGGCAACAGAGCAAGACTCTGTCTCAAAAAAAAAAAAAAAAAAAA"
"GL873521","4367979","4368038","chr4","148843957","148844014","16","144475978","GGGCCCGGATAATGGCTCTAATCCCAGCTACTTGGGAGGCTGGGGCAGAAGGATCGCTTG","GCAATGGTACATGCCTATAATCCCAGCCCTTTGGGAGGCTGAGGCAGGAGGATCACTT"
"GL873521","4416492","4416644","chr15","38442496","38442652","39","34026004","GACAAAAATTAGATGGGCGTGGGGCTGTAGTTCCAACTACTCTGGAGGCTGAGGCAGGAGGGTTGCTTCAGCCCAGGAGTTTGCGGTTGTAGTGAGCTATAATGATTCCACTGCACTATAGCATGGTGACAGAGTAAGACTGTATCTCAAAAA","TTAGCCAGATATGGTGGTGCATGCCTGTAGTCCCAGTTACTTGGGAGGCTGAGGCGGGAGGATTGCTTGAGCCCAGGAGTTTGAGGCTGTGGTGAGCTATGATTGTGCCACTGCACTCCAGCATGGGTAACAGAGCAAGACCCTATCTCTTTAAAAA"
"GL873521","4416915","4417046","chr12","122239412","122239544","30","117822497","GCCTGGTACAGTGGCTCACAGCTGTAATTCTACCACTCTGGCAGACTGAGGCAGGAGTATAGCTTGAGGTCAGGAGTTAGAGAGCAGCCTGAGCAAAAGTGAGACCCTCTATTAAAAATAGAAGAATTAGGG","GGCTGAGCACGGTGGCTCATACCTGTAATCCTAGCACTTTGGGAGGCTGAGGCGGGAGGATTGCTTGAGGCCAGGAGTTTGAGACCAGCCTGGGCAACATAGTGAGACCCCATCTCTAAAAAAAAAAAAATTA"
"GL873521","4508052","4508216","chr1","180937305","180937458","45","176429253","CGCCAAAATAGCCACGTATGGTTGTGTGCACCTATAGTCCCAGCTATTTCAGAGGCGGAGACCATAAGACCACTTGCACCCAGGAATTTGAGGATACAGCAAGCTGTGATCATGCCACTGCACTCCACTCCAAGCCACAGACTGAGGCCTTGTCTCTTAAAAAAA","GCAAGCCAGGTGTGGTGGCATTTGCCTATAGTCCCAGCTATGTCAAAGGCTGAGACAAAAGTATCACTTGAACCCAAGAGTTAGAGGTTACAGTGAGCTATGATCGCACCACTGCACTCCAGCCTAGGCAACAGAATGAGACCCTGTCTCTAAA"
"GL873521","4508241","4508340","chr4","142826785","142826889","25","138318544","CCAGGTGCCATGGCTTATGCCTGTAATCCCAGGGCTCAGCTTGAGGCAGATGATCACTTGAAGCCAGGAGTTCGAGACCAGCCTGGGTAACACAGTGAGA","GGCCAGGTGTGGTGGCTCATGCCTTTAATACCAGGGCTTTGGGAGGCTGAGGCAGGACGATCACTTGAGGCCAGGTGTTTAAGACCAGCCTGGGCAACATAGGGA"
"GL873521","4585645","4585775","chr1","22024766","22024901","32","17439121","GCTGGGCAAGGTGGCTCACGCCTGTAATCCGAGCACTCGGGGAGTCCAATAGGGGTGGATTGCCTGAGCTCAAGTTCAAGACCAACCCAAGCAAGAGTAAGACCCCATCTCTACTAAAAATAGAAAAAACA","GCCAGGTGAGGTAGCTCACGCCTGTAATCCCAGCACTTTGGGAGGCCAAGGTGGGTGGATCAACTGAGGTCAGGAGTTCAAGACCAGCCTGGCCAATATGGTAAAACCCCATCTCTACAAAAAATACAAAAATTAT"
"GL873521","4586039","4586216","chr5","162553581","162553768","45","157967542","TAATAGAAAAACTAGCCACTGGTAGGCACCCATAGTCCCAGCTACTTGGGAGACTTAGGCAAGAGAATCACTTAGCCCAAGAGTTTGAGGTTGCTGTGAGCTATGATGCCATAGCACTCTACCCACAGTGCCAGAGTGAGATTCTGTCTCAAAACAAAAAAAGAAAGAAAGAAAGAAA","AATTTAAAAATAGCCAAGTATAGTGGCATGCCTCTGTATTCCTAGCTACTTAGGAGACTGAGGCAGGAGGATCACTTGAGCCCAAGTGTGTGAGGCTGCAGTGAGCCATGATCCAGCCACTGCACTCGAGCCTGGAAGACAGAGTGAGATACTGTCTCAAAAAAAAGAAAGAAACGAAAAGAAAGAAA"
"GL873521","4615177","4615298","chr12","11845861","11845982","46","7230684","AAATATAATGAGTAGCTGGGTGTGGAGGCACGTACTTCTACACCCAGCTACATAGAAACTGTGTAGCAGGCAGGAAGATAGTTTAATTAATATAGTGAGAACCCCATTTCAAAAAGAAAGAA","AATACAAGGAAGCCAGGTGTGGTGGCATGCACCTACAGCCCGAGCTACTCGGGAAGCTTTGAACTGGAGACAAGCCTGGGCAACATAGTGAAACCCCATCTCCCTCTAAAAACAAGGAAAGA"
"GL873521","4639212","4639298","chr17","29760224","29760310","16","25121012","GGCCTGGCACAGTGGCTCATACCTATAATCCTAGCACTCTGGGAGGTGAGGTGGGGAGGATCCTTTGAGCTTAAGAGTTTGAGATCA","GGCCATGGGCAGTTGCTCACACCTATAATCCCAGCACTTTGGGAGACTGAGGTGGGAGGATCGCTTGAGCACAGGAGTTTGAGACCA"
"GL873521","4757227","4757326","chr1","32811419","32811520","26","28054192","TAAAATAAATAAATCAGCTGGCAGTGTGGTAGGCAACTGTAGCCCCAGCTACCCAGGGCTGTGGCAGGAAGGTGACTTGAGCCCAGTAGTTTGAGGTTGC","ATTAAATTAAATGGAGCCGGGCGTGGTGGTATGCACCTGTTGTCCCAGCTACTCAGGAGGCCAAGGCAGGAGGATCACTTGAGCCCAGGAGTTTGAGGATGC"
"GL873521","4757600","4757715","chrX","124471265","124471386","33","119713665","GGCTGAGCAGTGTGGCTCACGCCTGTAATCCTAGTGCTTTGGGAGGCTGAGGTGGAGTGAATTCCAGACCTGCCTGAACAAGAGAGTTTTTGTCTCTACTAAAAATATAAAAATCA","GGCTGGACACCGTGACTCACGCCTGTAATCCCAGCACTTTAGGAGGCTGAGGCAGGAGGATTGCTCAAGACTAGCCTGGCCAACATGGTGAAACCCCGTCTCCACTAAAAATACAAAAATTA"
"GL873521","4833908","4834183","chr20","5619662","5619943","68","785754","GGCCAGTGCAGTGGCTCATGCTGTAATCCCAGCCCTCTGGGAGGCTGAGGCAGGCGGATCCCCTGAGCTCAGTGGTTGGAGACCAGCCTGAGCAAAAGTGCAACCCCGGCTCTACTAAAAATAGAAAAAACATTAGCTGGGCTGGGTGGCAGCTGCCTATAGTTACAGCTAATAGGAAGGCTGAGACAGGAGGATGGTTTGAGCTCAGGAGGTTGGGGTTAAGATATGGTGACACCACTGCATGCTACCTGGGGCACAGAGCAAGACTCTTGTCTC","GGCCAGGTGCAGGGGCTGACACCTGTAGTCCCAGCACTTTGGGAGGCTGAGGCAGGAAGATCACTTAAGCCCAGGAGTTCGAGACCAGCCTGCGCAACATGGTGAAAACCCGACTCTACAAAAAATACAAAAACTAGCCAGGCATGGTGGTGCCTGCCTGTAGTCCTAGCTACTCAGAAGGCTGAGATGGGAGGATTGCTTGAGCCCAGGAGGTTGAGGTTGCAGTGAGCTGAGATGACACCGCTGCATTCCAGCTTGGGTGCCAGAGCAAGACCCTCTCTC"
"GL873521","4857882","4858053","chr13","48157593","48157767","59","43299711","GACCAACCAGAGTAAGAATAAGACCCCTGTCTCTACAAAAAAATGCCAAAATTAGCCAGGCATAGTGGCATGCACCTATAGTCCCAGCTACTATAGTTTTGAGGTTGCTGTGAGCTATGACGATGACATTGCACTCTACCCCAGGCAACACAGCAAGGCTCTGTCTCCAAAA","CCAGCCTGGACAACATAGGGAGACCCTGTCTCTACAAAAAAATTTTCAGAAAATTAGCTGGGCACCATGGCGCATTCCTATAGTCCCAGCTACTCAGGAGGCTGCAGTGAGCCATGATTGTGCCACTGTGCTCCAGCACGGGTGACAGAGCAAGACCCTGTCTCTTAAAAAAAAA"
"GL873521","4858329","4858418","chr2B","246546136","246546224","17","241687807","CAGGAGCAGGGGCTCACACCTATAATCCTAGCACTCTAGAAGGCCAAGGCTGGAGGATTACTTGAGGCCAGAAGTTCATGACCAGCCAGT","CCAGGTGCTGTGGCTCATGCCTGTAATCCCAGCACTTTGAGAGGCCTAGGCAGGAGGATTACTTGAGGCCAGAAGCTCAAGACCAGCCT"
"GL873521","4904065","4904344","chr20","3250028","3250308","77","1654037","GGCCAGGCATGGCGGCTCAGCCTATAATCTGGGAGGCCAAGGCTCAAGGAGTTTGAGACCTGCCTGAGCAAGAGCAAGACCCTGTCTCTACTAAAAATAGAAAAAACAGCCAGGTGTTGTGGCAGGCACCTGTAGGCCCAGCTACTTGAGAAACTGAGGCAGGAGGACTGCATGAGCTCAGGAGTTTGAAGTTGCTGTGAGCTAAGAAGCCACAGCATTCTAGTCTGTAGCAACAGAGTGAAACTGTCTCAAAAACAGAACAAAACAAAACAAAACAAAA","GGCCAGGTGCAGTGGCTCACACCTATAATCCTAGCACTTCAAGGCCAAGTTCGAGACCAGCCTGGGCAACATGGCAAAACCCTGTCTCTACAAAAAAAAAATAAAAATTAGCCAGGCATGGTGGCGCTCACCTGTAGCCCCAGCTTCTTGTGGGGCTGAGGCAGGAGGATTGTTTGAGCCTGGGAGACAGAGGTTGCAGTGAACCTATATCATGCCACTGCACTCCAGCCTGGGTGACAGAGTGAAACCCTGTCAAAAAAAAAAAAAAAAAAGAAAGAAAA"
"GL873521","5548943","5549231","chr4","172002891","172003185","72","166453948","GACTGGGCACAATGGCTCACGCCTATAATCCTAGCACTCTGGAAGGCCAAGGTGGGTGGATTACTTGAGCTCACAGGTTTGGGACCATCCTGAGCAAGAGTAAAACCTCATCTCTAAAAATAGCCCGGCATTGTGGTGGGTACCTTGTAGTCCCAGCTAGTTGGGAGGCTGAGGCAAGAGAATCTCTTGAGCCTAAGACTTTGAGGTTGCTGTAAGCTGTGATGCCATGGTACTCTACCGAGGGTGACATAGTAAGACTCTATCTCCAAAAAAAAGAAAGGAAAAAGAA","GGCCAGGCACAGTGGCTCATGCCTATAATCCCAGCAATTTGGGAGGCCAAGGTGGGAGGATCACTTGAGCCCAGGAGTTGGAGACCAGCCTGGGCAACATGGCAAAACTCCATCTCTACAAAAAATAGAAGCCAGGTGTGGTGGTGTGCATCTGTAGTCCCAGCTACTTGGGAGGCTGAGGTGGGAGAATCGCCTGAGCCTGGGAGGTGGAGGTTGCAGTGAGCCAAGATCATGCCACTGCACTCTAGCCTGGGTGTCAGAGTGACAACTTGTCTCAAAAAAAAAAAAAAAAGAA"
"GL873521","5616768","5616899","chr1","134480867","134480991","29","128864099","GTGGCTCTCTCCTGTAATCCCAGCACTTTGGGAGGCCAGGGGAGAGGATTGCTTAAGGCCAGGTATTTGAAACCAGCCTGGGCAACACAGAGAGATATGCCCATCTCTACCAAAAGAAAAAAATTGCTAGGA","GTGGCTCATGCCTGTAATCCCAGCACTTTGGGAGGCCAAGGAGTGAGGATTGCTTAAGTCCAGGAGTTCAAGAACAGCCTGGGAAACATAGTAAGATCCTGTCTCTACAAAAAATAAAAAATTGT"
"GL873521","5617203","5617331","chr3","201848039","201848154","42","196230836","TTAAAAGTTTGCTGGGCTTGCTGAAGTGTGCCTGTAGTCCCAGCTACTCAAGAGACTAAAGTGGGGGGGATCAACAGAGCCCAAGAGTTTTAGCCTGTTCTGAATCACTGGACCACTGCATTCCTGTCT","ATTAGCTGGGCGTGGTGGCGGCTGCCTGTAGTCCCAGCTACTCAGGAGGCTGAGGTGGGAGGATCACCTGAGCCCGGGAGGTCGAGGCTGCAGTGAGCAGTGATGACGGCACTGCA"
"GL873521","5813449","5813645","chr8","55925895","55926096","51","50112446","TCTATAAATATATAGAAATTGCCAGGCACTGTGGCTAATGCCTGTCATCCGAGCACTTTGGGAGGCTGAGGCAGGAGGATCATTTGAGCCCAGAAGTTGGAGGCTTCTATGACTGGGGTGCTGCACTACAGTGGAGGCTGGGTGAAAGAGCAAGATTCTGTCTCTAAAAAACATACAAAACAAACAAACAAACAAAA","TCTCTACAAAAAAATAAAAAACTAGCCGGGCATGGTGGCACATGCCTGTAGTCCCAGCTACTTGGGAGGCTGAGGCAAGAGGATCACTTTACCCCAGGAGGTCGGGGCTGCAGTGAGCTGTGTTCATACCACTGCACTACAGCCTGGGTGACAGAGCAAGACTCTGTCTCAACAAAACAAAACAAAACAAAACAAAACAAAA"
"GL873521","5816723","5816839","chr7","150519989","150520108","29","144703266","GGCTTACACCTGTAATCCTAGCACTTTGGGAGAGTGGGAGTATGGCTCGAACCCAAGAGTTGGGAGACCAGCATGGGAAAGAATGAGACCCTGTCTCTACAAAAATAGAAAAATTAG","TGGCTCACATCTGTAATCCCAGCACTTTGGGAGGCCAAGGTGGGAGGATTGCTTGATCCCAGGAGTTGGAGACCAGCCTGGGCAACATAGTGAGACCCTGTCTCAACAAAAATTTATTTT"
"GL873521","6392280","6392393","chr13","98865790","98865887","34","92473510","GGCATGGTGATACATGCCAGCGACTTAGGAGGAGGACCCCTTGAGCAAGTGAGCAGTGATTGTGCCACTGCACCTCCAGCCTGAGCAACAAAGTGAGACTCTGACTCTTAAAAA","CAGGGGGACCACCTGAGCCTGGGAGGTTGCAGCTGCAGAGCCGTGATTGTGCCACTGCATTCCAGCCTGGGCAACAGAGTGAGCTCCTGTCTCAAAAA"
"GL873521","6821886","6822161","chr13","35542940","35543211","71","28721054","GGCCTGGTGCAGTAGCTCAGAGCTGTAAGCCTAGCACTCTGGGAGGCAGAGGTAGGTAGATCACTTGAGACCAGGAGTTCAAGAAGACCAGACTAAGTAAGAGTGAGACCCTCACCTATGCTAAAAATAGAAAATATTAGCTGGGCATACAGTGTATGTCTGTAGTCCAGGCTACTTAGGAAGCTGAGGTAGGAGGATCACTTAAGCCCAGGAGTTTGAGGTTGCTGTGAGCTAGGCTGAGGCCATGGTACTTCAGCCTCGGCAACAGAGTGAGAC","GGCCAGATGTGGTGGCTCACACCTGTAATCCTAACACTTTGGGAGACCGAGGTGGGTGGATCACTTGAGGTCAGGAGTTCAAGACCAGCCTGGCCAACATGGTGAAACCCCATCTCTACTAAAAATACAAAAATTTGCTGGGCATGATGGTGGGCGCCAGTAGTTCCAGCTACTCAGGAGGCTGAGGCAGGAGAATCGCTTGAACCCAGGAATCAGAGGTTGCAGTGAGCCAAGATCACGCCATTGCACTGAAGCCTGGGCGACAAGAGCAA"
"GL873521","6822427","6822459","chr1","26448863","26448892","8","19626436","TCAGAGTGAGACTTTATCTCAAAGAAAAAAAAA","TGAGTAAGACCCTGTTTCAAAGAAAAAAAA"
"GL873521","6828199","6828251","chr12","8954703","8954756","17","2126504","GGGAGAGGTAGCTCAGGCCTGTAATTCTAACACTCTGGGAGGGAGGATCCCTT","GGTCAGGTATGGTGGCTCATGCCTGTAATTCTAGTACTTTGGGAGGCTGAGGTC"
"GL873521","6828640","6828791","chr2A","70191250","70191406","45","63362610","CCTTGAGCTCACAAGTTTGAGACCAGCCTGAGCAAGAGCGTGACTATCTCTACTAAAAATAGAAAACTCTGCTAGGTGTTGTGGCAGGTGCCTATAGTTCCAGCTACCTAGGAGGCTGAGGCAAGAGGATCACTTAAGCCCAGCAGTTTGAG","TCACTTGAGCCCAGGAGTTCGAGACCAGCCTGGGCAACATAGTGAGACTCAGTCACTACAAAAATAAACTTGCTGGGTGTGGTGGTGTGCACCTGTAGTTCTAGCTACTCAGGAGGCTGAGGTGGGAGGATCCCTTGAGCCTCGGAGGTGGAGGTTG"
"GL873521","6837142","6837367","chr12","104694083","104694305","59","97856941","GACTGGGTGCTATAGCTCACACCTGTAACCCTAGCACTCTCAGAGGCCAAGGTGGGTGGATTCGCTGAGCTCAGGAGTTCAAGACCAGCCTGAGCAAAATAAGACCCCATCTCTACTAAAAATAGAAAAAGAAAAACCAGCCAGGTGTGGTGCCAGGAGCCTGTAGTTCCAGCTACTCAGAGGCTAAAGTAAGAGGATTATTTGAGCAGTAAGAGTTTGTGGTTTC","GACTGAGTACGGTGGCTCACACCTGTAATCCTAGCATTTTGGGAGGTCAAAGTGGGAGGATGACTTGAGCCCAGGGGTTCAAGACCAGCCTGGGCAACAAAGTGAGACCCTGTCTCCATAAAAATTACAAAAATTAACCAGGCATGGTAGCATGTGCCTGTAGTCCCAGCTACTCGGGAAGCTGAGGCCAGAGGATTGCTTGAGCTTAAGAGGTTGAGGCTGC"
"GL873521","6837616","6837695","chr14","61332116","61332199","24","54494500","GTTTGTGGTTGCTGTGAGCTATGACATCACAGCACTCAACCCCAGGGTGACTACATACAACTCTGTCTCAGAAAAAAAAA","GGTTGAGGCTGCAGTGAGCTGTAATTGTACCACTGCACTCCAACCCAGGTGACACAGTAAGACCCTATCTCAAACAAAACAAAA"
"GL873521","7000001","7000131","chr1","35753661","35753787","41","28753660","ACAGTAATACATACTTGTAGTTCCAGCTTCTAGGCTGAGGCCAGAAGATGGCTTGAGCCCAGGACTTTGAGGTTGCAGTGAGAGATGATGATACCTCTGTACTCTAGCCCAGGTAACAGAGACTCTGTTTC","TTAGCCAGGCATACTAGCTCATGCCTGGAGGCTGAAGCAAGAGGACAGCTTGAGCCCAGGAGTTTGAGGCTGCAGGCAGCTATGATCGCACCATCGCACTCCAGCCTGGGTGACAAGACCCCATCTC"
"GL873521","7000386","7000547","chr6","44662547","44662705","42","37662161","GGGTGTGGTGGCTCTTACCTGTAATCCTAGCACTTTGGGAGGCTGGGGCAGGCAGGAAGATTGTTTGAGGCCAGGAGTTCCAGACCAGGCTTGTCAATATAGTGAGACCCCGTCCCTATAAAAAATAGAAAAATTATCTGGGCCTGGTAATGCATACTTTGG","GGCACAGTGGCTCATGCCTATAATCTCAGCACTTTGGGAGGCCAAGGTGAGAGGATCACTTGAGCCCAGGAGCTACAGACCAGCCTGGGCAACATAGAGAAAACCCATCTCTACAAAAAATACAAAAATTATCTGGGCGTGGTGATGCATGCCTGTTGT"
"GL873521","7034228","7034543","chr6","83628974","83629284","80","76594746","GGCCAGATGCAGTGGCTGACACCTGCAATTCTATAACTTTAGGAAGGTGAGAGAATTGCTTGAGGCCAGGAGTTCCAGACCAGCCTGAACAATATAGTGAGACCCCATTGCTACAAAAATTAGAAAAATTCACTGGGTGTAATGGCCAATGCCTGTATTCCCAGATAATCCAGAGGCTGATGCTGGAAGATTACTTGAGCCCAAGAATTTGAGGTGACAGTGAGCTATGATGACACCAATGCACTCTAGCTTGGGCAATAGAGTGTGACCCTATTTCCAAAAAAAGAAAGAAAGAAAGAAAGAAAAGAAAAGAAAA","GGCAGGGCATGGTGGCTCATACCTGTAATCCCAGCACTTTGGGAGTCCAAAGTGGGTGGATCGCTTGAGTCCAGGAGTTCAAGACCAGCATGGGCAATATGGTGAAACCCTATCTCTACAAAAAAATACAAAAATTAGCTGGGCATGGTGGCATGCACTTGTATCCCAGCTACTCCAGAGGCTGAGGTGGGAGGATTGCTTGAGCCCAGGAGGTTGAGGCTGCAGTGAGCCATGATCACACCACTGCACTGTAGCCTGGGCAGTAGAGCGAGACACTGTCTAAAAAAAAAAAAAAAGAAAAGAAAAGAAAA"
"GL873521","7070010","7070206","chr5","79804250","79804453","53","72734240","GGCCAGGCAAGATGGCTCATGCCTGTAATCCTAGCATTCTGGGTGGCTGAGACAGGCATATTCCCTGAACTCATGAGTTGGAGACAAGTCTGAGCCAGAGTTAGACCTCATCTCTAAAAATAGCCTGGCATTGTGGCATACACCTGTAGTCTCAGCTACTTGGGAGGCTGAGGTGAAAGAATTGCTTAAGCCCAAGA","CAGGCACTGTGGATCACACCTGTAATCCCAGCACTTTTGGAGGCTGAGGCGGGCAGATTGCTTGAGCTCAGGAGTTTGAGACCATCTTGGGCAACCTGGTAGAACCACATCTCTACAAAAAATTAGCCGGGCATCGTGGCACACGCCTGTAGTCGCAGCTATTTGGGGGGCCTCCTGAGGTGAGAGGATTGCTTGAGTCCAGGA"
"GL873521","7070300","7070404","chr10","27497894","27497990","34","20427594","GTAAGCCCAAGATTTTGAGGTTGCTGTGAGCTATAATGCCATAGCACGCTAACTGAAGCAAAGTAACTATGACAAAGTAAGACTCGGTCTCAAGAAAGAGAAAAA","CACTTGAGCCCAGGAGGTTGAGGCTGCAGTGAGCTATCATGCCACCACACTCCAGCCTGAATTACATGGCAAGACCCTGTCTCAAGAAAAAAAAAAA"
"GL873521","7099137","7099314","chr16","419989","420167","56","6679148","GGCTGGGTGCCGCGGCTCACACCTATAATCCTAGCACTCTGAGAGGCCAAGGCAGGTGGATTGCTTGAGCTCAGGCACTTGAGGCCCTCAAATAGAAAAACTAGCCCAGCCTTGTGGTGGGCCCCTGTAGTCCAGCTACTTAGGAGGCTGAGGCATGAGGATCGATTGAGCCCAAGTA","CTGGGCACCGTGGGTCATGCCTGTAATCCCAGCACTTTGGGAGGCTGAGGCAGGAGGATCACTTAAGCCCAGGTGTTCAAAAAACAAACAAAAAAACATTAGCCAGGTGTGGTGGTGCACACCTGTAGTCCCGGCTACTCAGGAGACTGAGGTGGGAGGAGCTCTTAAGACCGAGAGGT"
"GL873521","7099591","7099694","chr5","181790038","181790151","31","174690447","TGAGGCCAAGTATTTGAAGTTGCTGTGAGCTATGATGTGGCGCTCTACCAAGGTTGATAAAGTGAGACTCTGTCTCAAAAACAAACAAACAAACAAAAAAGCAA","TTGCTTGAGCCCAGGAGGTGGAGGTTTCAGTGAGCCAAGATCGTGCCACTGCACTCCAGCCTGGGTGACAAAGTGAGACCCTGTCTCAAAAACAAACTAACAAACAAAAAACAA"
"GL873521","7182117","7182284","chr17","14741482","14741644","46","7559365","AATTAGCCAGGCATCATAGCACATGCCTATAGTCCCAACTATTCAGGAGCCTCAGGGCCAGGAGGATCCCTTGAATATAGGAGTTTGGGGTTACTGTGAGCTATAATGATACCACCCACTGCACTTTAGTCTGGGTGACAGTGAGACCCCGGCTCAGGGGGAAAAAAA","AATTAGCCAGGCATGGTGGCACATGCCTATAGTTCCAGCACTTTGGGAGGCTAAGGCAGGAGGATTGCTTGAGCCCAGGAGTTTGAAGTTACAGTAAGCTATGATCATGCCATTGCACTCTAGCCTGGGCAACAGAGTGAGACCTTGTCTCTAAAAAAAAAAA"
"GL873521","7182549","7182656","chr11","75656969","75657073","28","68474420","AACCCCAGCACTTTGGGAGGCCAAAGCAGGAGGATCATTTGAGGCCTAGGAGTTGGAAAGCAGGCAGAACAAGAGTGAGACTATCTTCATAAAAATACAGAAAAATTA","CCAGCACTTTGGGAGGCCAAGGCAAAAGGATCACTTGAGCCCAGGAGTTTGAACCAACCTAAGCAACAGAGTGAGACCCTGTGTCTACAAAATATTAAAAAATTA"
"GL873521","7224398","7224414","chr1","153358526","153358539","3","146134128","AAAAAAGAAAGTAAAAA","AAAAAAAAAAAAAA"
"GL873521","7224442","7224704","chr16","23925003","23925279","73","16700561","GTGTGATGGCTCATGCCCATAATCCTAGTACTTTGGGAAGCTTAGGCAGGAAGATTGCTGGAGGTCAGGAGTTCAAGACCCACCTGAGCAAGAATGAGACCCCCGTATCTACAAAAAATAGAAACATTAGCTGGGTGTGTTGGTGTATGTCTGCAGTACCAACTACTAGAGAGTTTGAGGCAGGAGGATCGTGTAAGCCCAGGAATTTGAGGTTGCAGTGAGCCACCACTGCACTCTACCCTGGGAGGCAGATCAAGACTGTG","GGCTGAGCGCGGTAGCTCATGCCTATAATCCCAGCACTTTGGGAGGCTGAGGCAGGTGGATTACTTGAGCTCAGGAGTTCGAGACCAACCTGGGCAACACGGTGAAACCCCTTCTCTACAAAAAACACAAGAATTAGCAGGGCATGGTGGTGTGCACCCGAAGTCCCAGCTACTCAAGAGGCTGAGGTGGGAGGATGGCATAAGCCCAGGAAGTGGAGGTTGCAGTGAGCCAAGATCATGCCACTGCACTCCAGCCTGGGTGACAGCAAGACTGTCT"
"GL873521","7244822","7245115","chr16","74165797","74166100","72","66920975","GGCCGGGCTCAGTGGCTCTATAATCCTGGCACTCTGGGAGGTCAAGGTGGGTGGATTGCTTGAGCGCAGGAGTTTGAGACCAGCCTGAGCAAGAGTGAAACCCCGTCTCTAAAAATAGCCAGGTGCTGTGGTGAGCCCCTATAGTCCCAGCTACTCAGGAGGCTGAGGCCAGAGAATCGCTTAAGCCCAGAAGTTGGAGGTTGCTGTGAGCCGTGATACCATAATTCTTTAACAAGGGTGACAGAGTGAGACTCTGTCTCAAAAAAACAAACATACAAACAAAAAAAAAAAAAA","GGCTGGGCACAGTGGCTCATGCTTATAATTCCAGCACTTTGGGAGGCCAAGGTGGGTGGATCACTTGAGCCCAGGAGTTCGAGACCAGCCTGGGCAACATGGTGAAACTCTGTCTCTACAAAAAATTAGCTGGGTGTGGTGGCTCGTGCCTGCAGTCCCAGCTACTCAGGAGGCTGAGGTGAGAGGATCAATGGAGCCCAGGAGGTGGAAGTTGCAGTGAGCCAGATCACACCACTGTACTCTCCAGCCTGGGTGACAGAGCAAGACCCTGTCTCAAAAACAAACAAACAAACAAACAAACAAA"
"GL873521","7391188","7391475","chr8","106723939","106724236","70","99332751","GGCATGGTGGCTCACACCTATAATCCTAGCACTCTGGGAGGACAAGGTGGGAGGATCCCTTGCACTCAGAAGTTCAAGACCAGCCTGAGAGAGAATAGGACCCCATCTCTACTAAAAATAGAAAAATTACCTGGGCATTGTGGTTGGTGCCTGTAGTCCCAGCTTCTTGGGAGGGTGAGGCAGGGGCATCACGTGAGCCCAGGAATTTGAGGTTACAGTTAGCTGTTTTGTCACAGCCATCTACCCAGGGCAACAGAGTGAGACTCTATCTCAAAAAGAAAAAAAGAG","GGTGCTGTGGCTCAAGCCTATAGTCCCAGCACTTTGGGAGGACAAGGTGGGAGGATCACTTGAGCCCAGCAGTTCAAGACCAGCCTGAGCAACATGATAAGACCCCATCTCTACAAAAAATTAGAAAAATTAGCCAGGCATGGTGATGTATGCCTGTGGTCCTAGCTACTTGGGAGGCTGAGGCAGGAGGATCCCTTGAGCCCAGGAGGTCAAGGTTGCAGTGAGCCATGGTTGTACCACTGTACCCCAGCCTGGGTTACACAGTGAGATCCTATCTCAAAAAAAAAAAAAAAAAAAA"
"GL873521","7391570","7391585","chr17","38661961","38661976","2","31270391","GAAAAAAAAAAGAGAA","GAAAAGAAAAAAGAAA"
"GL873521","7411261","7411442","chr4","57296207","57296386","41","49884946","AGAAAGAAAGAAAAAAAATTAGTCAAGAATGGTGGCATGCACCTATATTCCCAGCTACTCAAGAGACTGAAGCAGGAGGATTACTTGAGCTCAGGAGTTGGGGGCTGCAGTAAGCTTTGACTATACTAATGCACTCCAGCCTGGGTGACAGAGCGAGACCCTGTTTCAAAAAAGAAAAAAAA","AAAAAAGAAAAATTAGCCAGGCATGGTGGCATGTGCCTGCAGTCCCAGCTACTCAGGAGACTGAGGTGGGAGGATTGCTTGAGCCAGGGAGATTGGGGCTGCAGTGAGCTGTGATATCATGCCACTGTACTCCAGCCTAGGCCGCAGAGTGAGACCCTGTCTCAAAACAAAAACAAAAAA"
"GL873521","7411723","7411845","chr16","11721596","11721721","28","4309873","GGCTGGGTGCAGTGATCCTAGCCTTTTGGGAGGCTGAGGCAGGAGGACTGATTGAGGCCATGAATTTGAGACCAGCCTGAGCAAGAGTGAGACCTTGTCTCTGCAAAAAATAGGAAAATTAGT","GGCTGGATGCGGTGGCTCATGCCTTTTGGGGAGGCTAAGGCAGGAGGATTGCTGGAGCCCAGGAATTAAAGACCAGCCTGGGCAACATAGTGAGACCTCGTCTCTACAAAATTAAAAATTAAGTTT"
"GL873521","7473204","7473396","chrX","14950093","14950281","51","7476889","CAAAAAAAAAACCTTAGCCAGGTATGGCAGCACAGATTTGTCATCCCAACTACTCAAGAAGCTAAGGTGAGAAGATCACCTGAGCACAGGAGTCTGAGGTTATAGTGAGCTGTGACTGGGCCATTCACTACATTCCAGCCTATGCTATAGAGTAAGACCCTGTCAAAAGAAAAAAAAAGAGAGAGAGAGAAAA","TCAATAAATAAAAATTAGCCAGGCATGGTAGCACATGCCTGTCGTCCCAGTTACTCAGGAGGCTGAGGTGGGAGGCTCACCTGAGCCCAGGCATTGAAGGCTGCAGTGAGCTATGATCACAACACTGCATTCCAGCCTGGGTGACAGAGCAAGACCCTGCCTCAAAATAAAATAAAGAAAGAAAGAAAA"
"GL873521","7473423","7473542","chr14","57739259","57739375","24","50265836","CTGGGCACAGTGTTCATGCCTGTAATTTGAGCACTTTGGGAGGCCAAGGCTAGAGGATCACTTGAGGCCAGGAGTTTGAAACCAGCCTCAGTAACACAGAGAACCCTCATCTCTATTTAA","CTGGGTACATTGGCTCAAGCCAGTAATCCCAGCACTTTGGGAGGCCAAAGCAGGAGGATCACTTGAGGCCAGGAGTTTGAGACCAGCCTGGGTAACATGAGACCCTGTTTCTACAAA"
"GL873521","7573100","7573248","chr5","35112160","35112317","42","27539060","AGCCAGATGTGGTCTATAGTCCACAGCTACTTAGAGGCTGAGGCAAAGGGATCACTTGAGCCCGAGAGTTCAGGGCTGTGGTGCACAATGATCATGTCTGTGAATAGCCACTGCACTTCAGCCTAGGCAACATAGCAAGACCCTATCTC","AGCCTGGTGTAGTGGCACATGCCTATAGTGTCAGCTACTGGAGAGGTTGAGGCAGCAGGATTGCTTGAGTCCAGCAGTTCAAGGCTGTAGTGCACGATGATGGTGCCTGTGAATAGATACTGTGCTTTAGCATGGGCAACACAGCAAGACTCTGTCTG"
"GL873521","7601934","7602029","chr5","155700261","155700353","20","148098327","GGCTGAGCCCAGAGGCTCATGCCTGTAATTCTAGCACTCTGGGAGGCTGAGGCAGGTGGAGTGCTTGAGCTCAGGAGTTAAAAAAATCCAGTTTGA","GGCCGGGCACAGTGGCTCATGCCTATAATCCCAGCACTTTGGGAAGCTGAGGCAGGAGGATTGCTTAAGCCCAGGAGTTCAAGACCAGTCTTG"
"GL873521","7602314","7602531","chr2A","29137649","29137868","57","21535335","GACCAGTGTGAGCAAGGGCAAGACTCTGTCTCTACTAAAAATAGAGAAACTAGCTGAGCATTGTGGTGGGTGCCTAAAGTCTCAGCTGCTCAGGAGGATAAGGCAGGAAGATCTCCTGAGCCCAGGAGTTTGAGGTTGATGTGAGCTATGATGATATCGCATTCTAACCAGGTAACAGAGTGAGGCTTTGTCTCAAAAAAAAAAAAAAAAAAGAAAAA","CAGCCTGGTCAACATAGGGAAACTCTGTCTCTACAAAAAGTTAAAAAATTAGCTGAGCATGGTGGCACATGCCTGTAGTCTCAGCTACTCAGGAGGCTGAGGCAGGAGGGTCACTTGAGCCTGGGAGGCTGAGGCTGCAGTGAGCTGTGATCATGCTATTGCACTCCAGCCTGGGAGACAGAGTGAGATCCTGTCTCCAAAAATAAAAAATAAAAATAAA"
"GL873521","7608283","7608358","chr9","32411376","32411450","22","24803093","AGGCTGAGGAGGAAAGATTACTTGAGCCCCAAAATCTAGCCTTGGTGACATAGTGAAACTCTGTCTAAAAAAAATA","AGGTGGGAAGAGTACTTGAGGCCAGGAATTCAAATCTAGCCTGGGCAACATAGTGAAACCCTGCCTTAAAAAAAA"
"GL873521","7633232","7633420","chr7","4237351","4237553","52","3395881","GTGGTGGCTCATGCCTGTAATCGTAACACTCTGGGAGGCTGAGGTGGGTAGATTGCTTCAGCTTAGGAGTTCGGGACCAACCAAAGCAAGAATGAGACCCCCTCTCTACTAAAAACAGAAAGACTAGCCAGGCATTGTAGCAGGTCCTGTAGTCGCTACTCAGGAGGCTGAAGCAGGAGGATCACTTAA","GGTCAGGCATGGTGGCTCATGCCTGTAATCCCAGCACTTTGGGAGGCCGAGGTGGGCAGATTGCTTGAACTCAGGAGTTGAAGACTAGCCTGGGCAACACGGCAAAACCCCATCTCTACTAAAACTACAAAAACTAACTGGGCATGGTGGCACGCGCCTGTAGTCCCAGCTACTGGGGAGGCTGAGGTAGGAGGATCACTTGA"
"GL873521","7636438","7636492","chr5","38545852","38545906","11","30909414","ATTCAAGCCTGGGTGACAGAGTGAGACACTATCTAAGAACAATAAATAAATAAAA","ATTCCAGCCTGAGTGACAGAGTGAAACCCTGTCTCAAAACAAAAACAAAAACAAA"
"GL873521","7696982","7697091","chr9","129918441","129918551","24","122221459","TAATCCTAGCACTCTGGGAGGCCAAGGTAAGTGGATTGCTTGAGCTCAGGAGTTCAAGAGCAGCCTGAGCAAGAACAAGACCCCAACTCTATTAAAAATAGAAAAAAGCA","TAATTCCAGCACTTTGGGAGACTGAGGCAGGAGGATTGCTTGAGCTCAGGAGTTCGAGACCAGCCTGGGCAACATATTGAGTCCTCATCTCTATTAAAAATTAAAAAAATA"
"GL873521","7697336","7697489","chr7","132712253","132712405","44","125014917","GTAGAAAAAAGGCCAGCTGGGCATAGTGGTACATGCTTGTAGTCCCAGCTACTTGGAGACTAAGGTAAGAGGACTGCTTAAGTCCAAGAGCTTAAGGTTGCTGTGAGCTATGACACCACAGGGTGATAAGAGTGAGACTGTCTCCAAAAAAAAA","GAATTAAATAAAAATTAGCAGGGCATGGTGGCATGTGCCTGTAGTGCCAGCTACTTGGGAGGCTGACGCCAGAGGATTACTTGAGCCCAGGAGTTGGAGGTTACAGTGATCATGCCACTGCATGACAGAGTGAGACCCTGTCTCAAAAAAAAA"
"GL873521","7750582","7750651","chr7","149337669","149337736","11","141587087","GCTGGGTAAGAGTGGCTCATACCTATAATCCCAGCACTTTTGGGAGGCTGAAACAGGAGGATCACTTGAG","GCTGGGCACAGTGGCTCACACCTGTAATCCCAGCACTTTGGGATGCTGAGGCAGGAGGATCATTGGAG"
"GL873521","7784733","7784858","chr3","160952502","160952627","25","153167769","GGCCGGGCATTGATGGCTTCTACCTGTAATCCCAGCACTTTTGGAGGCTGAGGTGGGAGGTTTCATTGAGATCAGGAGTTTGAGACCAACTTGGGCAACAGTGAGACCCTGCCTTAAAAAAAAAAA","GGCCAGGCATGGTGGCTCACACCTGTAATCCCAGCACTTTGGGAAGCTAAGGTGGGAGGATCGCTTGAGCACAGAAATTTGAGACCAGCTTGGGCAACATAGAGATCCTGTCTCTATTAAAAAAAA"
"GL873521","7784884","7785052","chr16","1604263","1604439","38","6180621","AATTAGGCAGGCATGGTGGCACTTGTCCCAGCTACTTGGAAGGCTGAAGGAGGAGGATCACTTGAGCCCAGGAGTTAGAGGTTGCTGTGAGCTTTGATGCCACTGTACTCTAACCTGGGCAACAGAGTGAGATGTGCCTCAAAAACAAACAAACAAACAAAACCAAAAA","AATTAGCCAGGCATGGTGATTGGCACCTGTGGTCCCAGCTACTTGGGAGGCTGAGGCAGGAGGATGAATTGACCCCAGGAGTTTGAGGCTGCAGTGAGCTATGATGGCACCACTGCACTCTAGCCTGGGCGACAGGATGAGATCTGTAAAAAAATAAATAAAAATGAAAATAAAAAA"
"GL873521","7870707","7870997","chrX","70230306","70230599","61","62359599","GCTGGGCACAGCAGCTCACACCTGAAATCCCAGTACCCTGGAAGGGTGAGGATGGAGGATCACTTGTGGTCAGGAGTTCAAAAACAGCCTAAGCAAGAGTGAATCGCCATCTCTATTAAAAATAGAGAAATTAGCCAGGTGTGGTGGCATTTGCCTGTAGTCCCAGCCACTTGGGAGGCTGAGGCAGGAGGATCATTAGAACCCAGAAGGTGGAGGTTGCAATGAGCAGTAATGACACCACTGCACTCCAGCCTGGGTGACAGAGCAAGTCTCTGTTTCAAAAAAAAAAAA","GGCCAGGTACAGTGGCTCACACCTGTAATCCCAGCACACTGGGAGGCAGAGGCGGGCAGATCATTTGAGCTCAGGAGTTCAAGAGCAGCCTGGGCAACATGGTGAAATCCCATCTCTACAAAAAATAGAAAAATTAGCCGAGTGTGGTGGCACTCCTCTGTAGTCCCAGCTACTTGGAAGACTGAGATGGGAGGATCATTTGAGCCCAGGAGGCGGAGGTTGCAGTGAGCTGAGATTGCACCACTGCCCTCCAGCCTGGGCAACAGAGCAGGACCCTATCTCAAAAAAAAAAAA"
"GL873521","8041789","8041920","chr12","80555695","80555826","29","72513906","GTGGTGGCTCATGCGGATTATCCCAGTACTTTGGGGAGGTTGAGGCAGGAGGATTGCTTGAGCCCAGGAATTTGAGACCAGCCTGAGCAACATAGTAAGACTCTATACAAAAAAATAGAAAAATTAGCCTGG","GTGGCTCATGCCTGTAATCCCAACACTTTGGGAGGCTGAAGCAGAAGGATTGCTTGAACCAGGAGTTTGAGACCAGCCTGGGCAACATAGTGAGACTATCTCCACAAAAATAAATAAAAAATTAGCTGGGCA"
"GL873521","8042182","8042375","chr4","7236991","7237179","49","805191","GGTAAAAAAGAAAAAGAAAAATTAGCCAGGAGCACTAGCTTACGGCTTGTAGTCCTAGCTACTCAGGAGGCTGAGGTAGGGGAATTGCTGGAGTCCAGGAGTTTGAAGCCACAGAGAGCAAAGACCACACCACTGTACTCCAGCCTAGGCAATAGAACAAGACCCTGTCTCTGAAAAAAATAAATAAAAATAAA","TAAAAAAAATACTTAAAATTAGCCAGGCGTGGTGGCACACACCTGTGGCCCCAGCTACTCAGGAGGCTGTTGTAGGAGGATCCCTTGAATCCAGGAGGTCAAGGCTGCAGTAAGCCAAGATCACGCCACTGCATTCCAGCCTAGGCAACAGAGCAAGATCCTGTCTCTTAAAAAAAAAAAAAAAAAGAA"
"GL873521","8067082","8067383","chr20","31024244","31024552","81","22957162","GGCCAGGTGTAGAGGCTCACACTTATAAGCCCAGCACCCTGAGAGGCCGAAGTGGGTGAACTGCTTGAGCTCAGGAGTTCAAGAGTAGCCTGAGCAATAGTGAGAGCCGATTTCTACTAAAAACAGAAAACCTAGCCAGGCACTGTGGTGGCGTCTATAGTCCCAGGTACTCGGGAGGCTGAGGCAGGAGGATTGCTCAATCCTAAACTTTGAGGTTGCTGTGGGCAATAATGCCATATCTCTACCCAGGGGAAAAGAATGAGACTCTGTCTAAATAAATAAATAAATAAAATAAAAACAAA","GGCCAGGCACAGTGGCTCACACCTGTAATCCCAGCACTTTGGGAGGCCGAGGTGGTGGACTGCTTGAGCTCAGGAGTTCAAGACCAGTCTGGGCAACATGGCAAAACCTTGTCCCTACAAATAATACAAAAATTAGCCAGGTGCGGTGGCATGTGCCTGTAGTCCCAGCCACTTGGGAGGCTGAAGTGGGAGGATTGCTTGATCCTGGGAGGTAGAGGCTGCAGTGAGCCATAATTGTGCCACTGCACTCCAGCCTGGGCAACAGAGTGAGACCCTATCTCAAAAATAAATAAATAAATATAAAGAAAA"
"GL873521","8204885","8205108","chr10","14099107","14099324","63","5894222","CGAATTCGAAACCAGCCTGAATAAGAGTGAGATCCGTCTCTAATGAAAAGAGAAAAACTAGCAGGTTTTGTGGTGGGTGCCTTTAGTCTCAAGCTACTTGGGAGCCTGAGGCAGGAGGATCACTTAAGCCCAGGAGTTTGAGGTTGCTGTGAGCTATGATAACATTAGGGCATTCTAGCCTGGGAAACCGAGTGAGACTCTGTCTTAGAGAAATAAAAAATAAA","AGACCAGCCTGGGCAACATGACAAGATCCCGTCTCTACAAAAAATACAAAAATTAGCAGCGTGTGGTGGGGTGTGCCTGTAGTCCCAGTTACTTAGGAGGCTGAGGCAGGAAGATCACTTGAGCCCAGGACGGGGAGGTTACAGTGAGCCGTGATCACACCACCACACTCCAGCCTGGGTGACAGAGTGAAACTCTGTCTCTATAACAAACAAACAAA"
"GL873521","8205374","8205463","chr18","31130683","31130770","22","22925309","GCCGGACATGGTGGCTCATGTCCCTCCTGTAACCCTAGCACTCTGGGAGGCTTTGGCCTAAGGATTTGAGCTCAAGAGTTTAAGACCAGG","GGCCAGGCATGGTGGCTCACACCTGTAATCCTAGCACTTTGGGAGGCTAAGACCAGAGGATAATTAAGCTCAGGAGTTCAAGACCAGC"
"GL873521","8530940","8531225","chr4","131255414","131255698","71","122724474","GTCAGGTGTGATGGCTCGTCCTGTAATCCCAACACTCTGGGAGGCTGAGGCTGGTGGTTTGCTTGAGCTCAGGAGTTCTGAGACCATCCTGAGGTAAGAGTGAGACCCCATCTCTACTAAAATTAGAAAAAAAATTACCCAGGTGTAGCGGTGATGCCTGTAGTCCTAGCTACTTGGGAGGCTGAGGCAAGAGGATTGCTCAAGCCTGAGAATTTGAGGTTGCTGTGAGCTATGACTCCATCGCACTCAACCCCAGGGTGACTGAGTGTGATTGTCTGAAAAAGAA","GGCAGGACACGGTGGCTCACACCTGTAATCCCAACACTTTGGGAGGCTGAGGCAGGTGGATCACTTGAGCTCAGGAGTTGAGACCAGCCTGGGCAACATGGTGAAACCCCATCTCTACTAAAAATACAAAAATTAGCCAGGCATGGTTGTGGATGTCTGTGGTCCCAACTACTTGGGGGGCTGAGGCAGCAGGATTGCTTAAGCCTGGTAATTTGAGGCTGCAGTGAGCCATGTTCTTGCCAGTGCTCCAGCCTGGGTGACAAAGCAAGACCCTGTCTCAAAAAA"
"GL873521","9138426","9138710","chr17","16672309","16672598","64","7533883","GGTGGCTCATGTCTGTAATCCGAGCACTCTGGGAGGCTAAAGTGGAAGGATCACTTGAGCTCAGGAGTTTGAGACTAGCCTGAGCAAAAGTGAGAACAATGTCTCTATTAAAAATAGAAAATTAGCCAGGTGTTATGATAGGTGCCTGTAGTCCCAGCTATTCAGGAAGGCCAGGAAGGAGGATCCCTTGAGCTGGGGAGTTTGAGGTTGCTGTGAGCTGTGATGACACCATGGCACTCTACCCATGATGACAGAGTAAGACTGTCTCTAAAGGGAGAAAAAAAA","GTGGCTCACACCTGTAATCTCAGCACTTTGGGAGGCTGAGGCGGGAGGATCACTTGAGCCCAGGAGTTTGAGACCAGCCTGAGCAACATAGTAGGCTCCTGTCTCTACAAAAAAATACAAAAATTAGCTGGTACTGGTGGCATGTGCCTGTAGTCCCAGCTACTCAGGAGGCTAAGGCAGGAGAATCGCTTGAGCCCAGGAGGTTGAGGCTGCTATGAGCTGTGATGGCACCACTGCACTCCAGCCTGGGTGACAGAGTGAGACCTGGTCTCAAAAAGAAAAAAAAAAAA"
"GL873521","9337001","9337128","chr7","153795408","153795531","29","144458407","CTGGGCTCAGTGGCTCATGCTTGCAAGCCCAGCACTCTGGGAGGCCAAGGCAGGTGGATTGCTCGAGTTCAGGAATTTCAGACCAGTCTAAGAAAGAGTGAGAGCCCATCTGTACTAAAAATAGAAAC","CTGGGCACAGTGGCTCACGCCTGTAATCCTAGCACTTTGGGAGTCCAAGGCAGGAGGATGCTTGAGTCCAGGAGTTCAAGACCAGCCTGAGCAATATAGTGAGACCCCCATCTCTACAAAAAAA"
"GL873521","9337149","9337320","chrX","5183862","5184037","43","4153287","TAAAATACTAGCTGGGCATTGCGATGGGTGCCTGTAATTCCAGCTACTCAGGAGGCTGAAGCAAAAGGATCACTTGGGCCCAAGAGTTTGCGGTTGCTGTGAGCTGTGATTACACCACAGCACTCTCCCCAGGCAGAGAGAGACTCTGTCTTTAAAAACAAACAAACAAAAA","ATAAAAATATTAGCTGGGCATGCTGGTACATGCCTGTAGTCCCAGCTACTCAGGAGGCTGAGGCCTGAGGATCACTTGAGCCCAGGAGTTCCAGGTTGCAGTGAGCCGTGATTGCACCATTGCACTCCAGCCTGGGCCACAGGGCTAGACCCTGCTCAAAAGAAAACAAAAAAGAA"
"GL873521","9671716","9671832","chr6","38551166","38551279","31","28879450","GGCTAGGCAGGGAGGCTCAAAACTAAAATTTTAGCACTCTGAGAGCCCAAGGTGGGAGAATTGCTTGACCTCGGGTGTTTGAGACCAGTCTGAGCAAGAGTAACATCACATCTCTAC","GGCTAGGCGTAGGGGCTCAAACCTGTAATTCCAGCACTTTGGGAGGTCAAGGTGGGAGGATTACCTGAGGCCAGGAGTTTGAGACCAGCCTGAGCAACAGTGAGACTTTGTCTC"
"GL873521","9671895","9672063","chrX","24568892","24569057","39","14896997","TAATTAGCCAGGCATAGAGGTGGTATACACCTGTAGTCCCAGCTACTCTGGAGGCTAAGTCAGAAGGACTGGTTGAACCCAGGAGTCTGAGGTTGCTGTGACTAGGCTGATGCCACAGAACTCTAGCCTGATCAACAGAGTGAGACTCTGCCTCAAAATAAAAAAGGAA","AAATTAGCTAGGCATGGTGGCATGCAACTATAGTCCCAACTACTCAGGAGGCTGAGGCCGGAGGATGGTTTGAGCCCAGGAGGTGGAGGTTGCAGTGAGCCAAGATCACACCACTGCACTCCAGCCTGGGCAACAGAGTGAGACCCTGTCTCAAAAAAAAAAAAAA"
"GL873521","9699009","9699116","chr16","57943722","57943822","32","48244713","TCTGAGACACTCGGGAGGCTGAGCCTAGGAGTTTGAGGTGACAGTAAGCTAAGTTGATGTCACTGCATTCCATCCTAGGCAACAAAGCAAGATCTTATCTCTAAAAGA","GGAGGATTGCATGAGCCCAGGAGGTTGAGGCTGCAGTGAGCCAAGATCGTGCCACTGCACGTCAGCCTGGGCAACAAAGCAAGACTCTATCTCAAAAAAAA"
"GL873521","9699330","9699522","chr6","3030697","3030873","65","6668633","GGCTGCATGTGGTGGCTCGTGACTGTAATTTCACCACTTCAAAAGGCTGAGGCAGAGGAGTCACCTGGGGCCCAGAAAGTCACCCTTAAAGTCCAGCCTGAGTAACACAGTGAGACCCAAGATCCCAACTCCACAAAAGAAAAAAGAAGGGAAAGGAAAGAAAAGAAGAGTGGTGTGTGGTGACCTCCTAGAC","GGCCAGGCATGGTGGCTCTCCCCTGTAATCCCAGCACTTTGGGAGGCCAAGGCAGAAGGATCGCTTGAGCCCAGGAGTTTTAAGACCAGCCTGAGCAACACAGAGAGACCAGATCCCACTTCCACAAAAAAAAAAAAAAAATATTTGCCAGGCGTGATGGTGCATGCCTGTAGTCCC"
"GL873521","9879625","9879892","chr2A","20521665","20521953","79","10642040","GGGTGGGCACTGTGGCTCAGGCCTCCTAGCACTCTGGGAGGCCGAGCTGGGTGGATGACTTGAGCTCATGAGTTTGAGACCAGACTGAGCAAGAGCAAGCCCCATTTTTAAAAATAGCCAAGTGTCATGGTGGGCATCTATAGTCCCAGCCAGTTGGCAGGCTGAGGAAGAAGGCTTACTTGAGCTCAAGAGGTAGCTGTGAGCTGTGATGCCATGGCACTCTACCCAGGACAACAAAGTAAGACTGTCTCCAAAAAAAAGAAAAAAA","GGCTGGGCACAGTGGCTCACGCCTGTAATCCCAGCACTGTGGGGAGGTCAAGTTGGGTGGATTGCTTGAGCCCAGGAGTTTGAGACCAGCCTAAGCAATAGGCAAAACCCTGTCTCTACAAAAATCAGCCAGGTATGGTAGTGCGTACCTGTAGTCCCAGCTACTCAGGAGGCTGAGGTGGGAGGATCACTTGAGCCTGGGAGGTGAAGGCTGAAATTAGCCATGATCATGCCACTGCACCCCAAGCCTGGGCAACAGAGCAAGACCTTGTCTCAAAAAAAAAAAAAAA"
"GL873521","10097455","10097754","chr11","114714719","114715027","67","104617264","GGCCTGGGTGTGGTGGCTCACACCTTAATCCTAGCACTCTGGGACGATGAGGCAGGTTTGCTTGACCTCAGGAGTTTGAGAGCAGCCTGAACAAGAGTGAAACTCTGTCTCTACTAAAAACAGAAAAACTAGCCTAGTGTAGTGGTGCACCCCTGTAGTCCCAGCTGCTCAGGAGGCTGAGGCAAGAGGATCACTTGAGCCCAAGAGATTGAGGTTACTGTGAGCTGTGAGGCTGTGTTACTCTACCCAGGGCAAGAGAGTGAAGCCATCTCAAAAAAAAAAAAAAAAAAAAAAAAAAAA","GGCCAGGTGTGGTGGCTCACACCTGTAATCCCAGCACTTTGGGAGGCTGAGACAGGTGGATTGCTTGAGCCTAGGAGTTCGAGACCAGCCTGGCAACATGGCGAAACCTTGTCTCTACAAAAAATACAAAAATTAGCCAAGTGTGGTGGTGCACACCTGTGGTCCAAGCTACTCGAGAGACTGAGGTGGGAGGATTGCTTGAGCCCAGGAGGTTGAGGCTGGGGTGAGTTGAGATCATGCCACTGCATTCCAGCCTGGGCAACAGAGGAAGACCCTGTCTCAAAAAAAAAAAAAAAAAAAAAAAAAAAA"
"GL873521","10225742","10225927","chr15","49930173","49930354","59","39704431","TGGCTTACACCTGTAATCCTAGCACTTTGGGAGGCCACAGCAGATGGCTGCTTGAGCTCAGGAGTTCAAGCCTAGCCTAAGCAAGCCAGAACCATTGCCACTAAAAACAAAAAAAATAGCTGGAGTTGTGGGCACCTGTAGTTAGTTCCAGCTACTTAGGAGGCTGAGGAAAAAGGATGGCTTGAT","GCCTGTAATCCCAGCACTTTGCGAGGCCGAGGCCAGGCAGATCACTTGAGCCCAGCAGTTCAAGACCAGCCTGGGCAACATGGCAAAACTCCTTCTCAACAAAATACATAAAAATTAGCTGGGTGTGGTGGCATGTACTTTCAGTCCCAGCTACTCAGGAGGCTGAAGCAGGAGGATCATTT"
"GL873521","10226192","10226278","chr4","154285033","154285123","27","144058841","GAGGATGGCTTGAGCCCAAGAGTTTGAGGTTGCTATGAACTATGATGTCATGGCACTCTATCCCTGGCCACAGAATCAGACTCTGTC","GGAGGATCACTTGAGCCCAGGTGGTTGAGGCTGCAGTGAGCTGTGTTTATACCACCACACTCCAGCCTGGGCCGCAGAGTGAGACTTTGTC"
"GL873521","10399308","10399475","chr9","96945917","96946089","50","86546609","GGCCAGGTATGGTAGCTCACACCTGTAATCCTTGTACTCTGGGAGGCTTAGGAGCAAAGATCACCTAAGTGTAGGCATCTGAGACCAGTTTGAGCAAGTGAAACCCCATATTTACTAAAATTAGAAAAATTAGCTAAATGTTGTGGCAGGAACCTATCGTCCTAGCTA","GCCGGGTACAGTGGCTCACACCTGTAATCCCAGTACTTTGGAAGGCCAAGGCCAGAGGATTACTTAAGGCCAAGAGTTTGAGACCAGTCTGGGCAACATGGTGAAACCCCATCTGTACAAAAAATACAAAAATTAGCTGGGCATGAGGGCATTTGCCTGTGGTCCTAGCTACT"
"GL873521","10449464","10449583","chrX","134402652","134402771","17","123953188","GGCCAGAGGTGGTAGTTCATGCCTATAATCCCAGCAATTTGGGAGGCTGAGGGGGGAGGATAGCTTGAGGCCAGGAGTTTGACCCCTGCCTAGGCAACATAGTGAGACCCTATCTCTACT","GGCCAGATGTAGTGGCTCATGCCTGTAATCCCAGCACTTTGGGAGGCTGAGGTGGGAGGATCACTTGAGCCCAGGAGTTTGAGACCAGCCTGGGCAACATAGCAAGACCCTGTCTCTACT"
"GL873521","10449618","10449745","chr1","23164480","23164594","46","12714862","CCAACCATAATCGAGCACCTACAGTTCTAGCTACTCCGCAATCTCAGGCAGGGGAAGATTGCTTGAGTCTAGGAGTTCAGGGTAAGCTACTGCCCTTCAGCCTGGGAAACAGAGGAAGACCTTGTCTC","GGCCAGGCACAGTGGTGCCTACCTACAATCCCAGCACTTTGGAAGGCTGAGGCAGGAGGATCGTTTGAGGCCAGGAGTTCAAGATCAGCCTGGGTAACATATCAAGACCTGTCTC"
"GL873521","10796827","10797050","chr7","39187608","39187844","67","28390781","ACTCTGGGAGGCCAAGACAGGTGGATTGCTTAAGCTCAGGAGTTGGAGACCAGCCTAAGCAAGAGTGAGACCTCGTCTCTAAAAATATCTGGGCATTGGTTGGGCACCTGTAGTCCCAGCTACTCAGGAGGCTGAGGCAATAGGATTGCTTGAGCCTAAGGATTCCTGTGAGCTATGATCCCACAGCACTTTACCAAAGGTGACAAAGTGAGACTCTATCTCAA","CACTTTGGGAAGCCAAGGCAGGAGGATTGCTTGAGTGAAGGAGTTCAAGACCAACCTGGGCAAGATTGGGAGAAAAAAATTAAAAATTAGCTGGGCATGGTGGTGCATGCCTGTAGTCTCAGCCACTGGGAAGGCTGAGGCAGGAGGATCGCTTGAGCCTGAGAGATTGAGGCTGCAGTGAGCCTTGATTGTGCCACTGCACTCCAGCTTGGGCAACAGAGTGAGACCCTGTCTCAA"
"GL873521","10797081","10797110","chr4","40399247","40399277","7","29602166","CTGGGTGCAGTGGCTCATAGTTGTAATCCT","GGCTGGGTGCAGTGGCTCACATCTATAATCC"
"GL873521","11204849","11204966","chr7","73480490","73480609","28","62275641","GGCCAGGCATAGTGGCCTCCAAAAATCTTAGGACTTTGGGAGGTAGAGGTAGGAGAACTACTTGAGCCAAGGAATTCAATACTAGCCTGACCACAATAATGAGACCCTACCTCTACCA","GGCCAGGCACAGTGGCTCATGCCTATAATCTCAGTGCTTTGGGAAACTGAGGCAGGAGGATCACTTGAGCCCAGGAGTTCAAGACCAGCCTGGACAGCATAATGAGACTCCACCTCTACA"
"GL873521","11205003","11205140","chrX","7019379","7019524","37","4185624","TAGCCAGGCATGGTGGCACATACCCAAGTCCCAGTTACAGAAGAAGCTGAGGGAAGGGTATCAGGCCCAGAAGTTCAAGGTTGCCATGAGAGATGATCACACCACTGCAGTTCAGCCTGGGCAGCAGAGAGACCCTAT","TAGCCAGGCATGGTGGCACATGCCTGTAGTCCCAGCTACTCAGAAGGCTGAGGTCGGAGGATCTCTTGAGCCCTGGGGTGCAAGGCTGCAGTGAACCATGATCACACCAGTGCACTGCAGCCTGGGCAACACAGCAAAACCCTGTC"
"GL873521","11332611","11332889","chr9","110082691","110082973","78","98750080","GACGGGGAGCCATGGCTTGAGACTGTAATCCTAGTACTCTAGGAGGCCAAGGTGAGTGGATTACTTAAGCTCAGGAGTTAAAGTCCAGGCTGAGCAAGAGTGAGACCCTGTCTCTCCCCCAGATAGGAAAACTAGCCGGACATTGTAGTAGGCACCTGTAGTCCCAGCTTCTGAGGAGGCTGAGGCAAGAGGATTGCCTGAGCCCAACAGTTTGAGGTTGCTGTGAGCTAAAATGCCATGGAACTCTACCCATGGTGATGGAGTAGGATTCTGTCTCAA","GACTGGGCATGGTGGCTCCCAAAGTGTAATCCCAGCACTTTGGGAGGCCAAGGTAGGTGGATTGCTTGAGCCCAGGAGTTTGAGACCAGCCTGGGCAACATGGTAAAACCCTGTCTCTACAAAGAATACAAAAATTAGCTGGGCATGGTTGCATGCACTTGTGGTCCCAGCTACTCAGGAGGCTGAGGTGGGAGGGTCACTTGAGCCCAGGAGATTGAGGCTGCAGTGAGCTGAGATCGTGCCACTGCACTCTAACCTGGGTAATGGAGTGAGACCCTGTCTC"
"GL873521","11332916","11332939","chr22","30701628","30701648","4","19368712","ATAAAACTAAAAAGTAAGAAAAAA","AAAAACTAAAAAGAAAAAGAA"
"GL873521","11407564","11407699","chr17","81073514","81073640","45","69665950","AAAAACTAATGGCTGGGCATAGTATGTGTAGGTAGACTAGGCTACTTAGGAGGTCAAGGCAGAAGAATCACTTGAGCTCATGAATTTGAGGCTAGCATGGGCAATGATACCTCAGGTCTCAATAAAATATAAAAAA","GCCAAGCACAATGGCTCATGCTGGTAATTCTAGTACTTTAGGAGGCCAAGGCAGTAGGATCACTTGAGGCCAGGAGTTTGAGACCAGCGTGGGCCACACAGAGACCCTCCCTGTATAAAAAAAAAAA"
"GL873521","11442747","11442764","chr1","62222108","62222122","3","50779361","CCCATAAAATAAAATAAA","ATAAAATAAAATAAA"
"GL873521","11442802","11443056","chr17","73117863","73118118","82","61675061","GGCTGGGCGTGGTGTTTCATGCATGTAATCCTAATACTTTCAGAGGCTGAGGTGGATGCACTGCCTGAGCTCAGGATTTTAAAGCCAGCCTGAGGAAGAGCAAGACCCCATCTCTAAAAAATAGCTGGGCATTGTGGTGGGTGCTTGTAGTCCCCATTGTGGTGGGTGCTTGTAGGTAGCTCACGAGTTTGAGGATGCTGTGAGCTATGATGCACCACACTTCTTTCTACCCAGGGAGACAAAGCAAGACTCTGT","GGCCGGGCGTGGTGACTCATGCCTGTAATCCCAGCACTTTGGGAGGCCGAGGCGGGTGGATCACCTGAGCTCAGGAGTTCAAGATCACCTTGGGCAATGTAGTGAGACCTCACCTCTACAAAAATGAGCCAGGCATGGTAGTGCATGCTTGTAGTCCTGACTGAGGCAGGAGGATGATGAGCCCAGGAGGCAGAGGCTACAGTGAGCCATGATCGCTCCATCGCACTCTAGCCTGGGTGATGTGACACCCTGTCTC"
"GL873521","11751009","11751243","chr8","26546785","26547018","61","14795776","CAAGACCAGCCTGAGCAAAGCTAAACCCTGTCTCTACTAAAAATAAAAGGATTAGCTAGGTATGGTGGCATATGCCTGTAGTCCCAACTGCTCAGGAGTCTCAGGCAAGAGGATTGCTTGAGCCCATGAGTTAGAGGTTGCTGTGAGCTTTGATGTCATGGCACTCTATCCAGGGCAACTGAGTGAGACTGTCTCAAAATAAATAAATAAATAAATAAGAAAGAAAGAAAGAAAA","CAAAATCAGCCTGGGTCACATGGTAAAACCCCATCTCTACAAAAAATACAAAAATTAGCCAGGTATGGTGGCTTACACCTGTACTTCCCAGCTACTTGGGGGGCTGAGGCGGGAGGATCGCTTGAGCCCAGGAGGTAGAGGTTGCAGTGAGCTGAGATCGCACCACTGCACTCCAGCCTGGGTGACGGAGTGAAACCCTGTCTTAAAAAAAAAAAAAAAAAAAAAAAAAAAGAA"
"GL873521","12019379","12019705","chr16","68023292","68023602","103","56003913","GCTCACACCGATAATCCTAGCTCTGGGAGGCTGAGGGGGCAGGATCTCTTGAGCTCAGGAGTTTGAGACCAGACAGAGCAAGAGTGAGACCTTGTCTGTACTAAAAATTAACCAGGTGTGGTGGAAGGTGCCATCGTCTCAGCTACTCTGGAGGCTGAGGCAGGAGGATCCCTTGAACCCAGGAGGTTGAGGTTGCTGTGAGCCAGGCTAATGCCAAGATCTGGGGCATCAGAGTAAAACTGAGGTTGCTGTGAGCCAGGCTGATTCTAGCCTGGGCAACAGAGTAAGACTCTGTCTCAAAAACAAACAAACAAAAAACAAAAAAAA","CGGTGGCTCACACCTGTAATCCCAGCACTTTGGGAGGCTGAGGTGGGAGGATCACTTGAGCTCAGAAGTTTGAGATCAGCCTGGGCAACATGGCAAAACCTATCTCTAGAAAAAATACAAAAACTAGCCAGAGTGGCACGTGCCTGTTGTCCTAGCTACCCAGGAGGCTGAGGTAGGAGGATCACTTGAACCTGGGGGCAGAGATTGCAGTGAGCCATGATTGTGCCACTGCACTCCAGTCTGGGCAACTCCAGCCTGGGCAACAGAATGAGACTCTGTCTCAAAAATAAAAAAGAAAAGAAAAGGAAAAA"
"GL873521","12059316","12059592","chr5","143468399","143468692","69","131409083","GGCTAGGTGCAGTGGCTCATGCCTGTAATCCCAGCACTCTGGGAGGCTCAGGCAGGTGGATTACTTGAGCTCAGGAGTTGGAGACTAGCCTGAGAAAGAGTGAAACCCATCTCTACTAAAAATAGAAAAACTAACCAGGTGTGTGGTGGTCCCCTATAGTCCCAAATACTGGGGAGACAAGAGAATTGTTTGAGCCCAAGAGACTGAGGTTAGCTGTGATGACTCCATAGCACTCTACCCAAAGTGACAGAGTGAGATTCTGTCTCAAAAAAGGAAA","GGCCAGGCACAGTGGCTCATGCCTGTAATTCTAGCACTTTGGGAGGTCAAGGCAGGCAGATCACTTGAGCTCAGGAGTTCGAGACCGGCCTGGGCAACAGGGTGAAACCCCATCTCTACAAAAAAATACAAAAACTAGCCAGGTGTGGTGAAGTGTGCCTGCAGTCCCAGCTACTCAGGAGGCTGAGGCAGGAGAATTGCTTGAGCCTGGAGGCTGAGGTTGCAGTAAGTCAAGATCATGCCATTGCACTCCAGCCTGGGTGACAGGAGTGAAACCCTGTCTCAAAACAAAGAA"
"GL873521","12087639","12087865","chr4","25649068","25649301","60","13561429","GGCTGGGCTAGGTATACCATGCCTGTAATCCTAGCATCCTTAGAGGCAGAAGCAGGATTCCTTTAGCTCAGGAGATTAAGACCAGCCTGAGCAAGGGTGACACCCCATTTCCATCAAAAATAGAAAAACTAGCTGGGCATAGTGGTGGGCATCTGTAGTCCTAGCTACTCGGGAGGCTGAGGCAAGAGGATCCTTGGAGCCCAGGAGTTTGGGGTTGCTATAAGCCG","GGCCGGGCATGGTAGCTCACGCCTGTAATACCAGCACTTTGGGAGGCTGAGGCGGGCTGATCACTTGAGTCCAGGAGATAGAGACCAGCCTGGGCAACATGGCAAAATCCCATCTCTATAAAAAAAACACAAAAATTAGCTGGGCATGGTGGTGTGCACCTATAGTCCCAGCTACTTGGGAGGCTGAGGCAGGAGAATCTCCTGAGCCCAGGAGGTGGAGGCTGCAGTGAGTCG"
"GL873521","12170072","12170342","chr3","111501569","111501837","73","99331497","GCCAGATGCAGTAGCTTACAGCTATAATCCCAGTACTTTGGAAGGTCAAGGCAAGAGGATTGGTTGAGACCAGGAGTTGAAGACCAGACTGGACAATGTAGTAAAACCCTATCCCTACAAAAAATAGAAAAAATTAGCTGGGTGTCATAGCTCTTGCTTATAGTCCCAGCTACCTGAGAGGCTGAGGGAAGAGGATCACTTGAACCCCTGAGATTGATACCATGGTACTCCACCTTGGGTGACAAAGTGAGACCCTTTCTCAAAAACAAAA","GGCTGGGTGTGATGGCTCACATCTATAATCCCAGCACTTTGGGAGGCCAAGGCAGGTGGACTGTCTGAGACCAGGAGTTTGAGACCAGCCTGGGCAACATGGTGAAACCCTGTCTTGACAAAAAAAATAAAAAATTAGCTGGGAGTGGTGGTGTGCACCTGTAGTCCCAGCTATGCGGGAGGCTGAGATGGGAGGATCGCTTGAGCCCGGCAGGCAGAGGTTCACTCCAGCCTGGGCGACAGAGTGAGACCCTGTCTTAAAAACGAAAA"
"GL873521","12688417","12688615","chr16","83498862","83499063","66","70810445","AAATCAGCCTGAGCAAAAGCAAGATCCAGTCTCTACAAAAAACTAGAAAAATTAGCCAGGCATGGTGATACACTCAGGAGAATGAAACAAGAGGATCACTTGAGCCCCGGGGTTTGATGTTGCACAGTGAGCTATGGCGATGCTGCTGCTCGGATAACAACGCGAGATGAGACCCCGTCTCAAAAACAAACAACAAAAA","ACTAGCCTGGGCAACACAGCAAAACCCCATCGCTACAAAAAATACAAATATTAGCCAGGTGTGATGGTGCATGCCTAGGGAGGCTGAGGTGGGAGGATCACTTGAGTCCAGGGAGGCTGAGGCTGCAGTGAGCTGAGATTATGCCACTGCACTCCAGCCTGAGTGACAGAGTGAGAACCTGTCTCAAGAAAATTAAAAAAAA"
"GL873521","12689719","12689822","chr7","26479088","26479188","21","13789369","GCTGAGTACAGTAGCTCACTTCTTTCATCTCAGCACTATGAGAGGCTGAGTCAGGAGGATCACTTGAGGCCAGGATTTTGAGACAAGCCTGGGGAACATAGTGA","GCTGGGTGCTGTGGCTCACATGTATAATCACAGCACTTTGGGAGGCTGAGGCAGGAGGATCACCTGAGGCCAGGATTTCAAGACCAGCCTGGGCGAAATGG"
"GL873521","12747705","12747831","chrX","118392849","118392966","30","105645144","GCCAAGCATGGTAGCACAAGCTTTGTAGGCCCAATTACTTGGGAGGCTAAGATGGGAGGATCACTTGAGCCCAGGAGTTTGAGGCCAGCCTGAGAAACACTCCAAGACCCTCTTTATTTAAAATATA","GCCAAGCATGGTGGCTCATGCCTGTAATCCCAGTACTTTGGGAGGCTGAGATGGGAGGATAGCTTGAGCCCAGGAGTTTGAGACCAGCCTGGTAACACAGTGAGACCTCATCTCTACA"
"GL873521","12758304","12758462","chr7","65488595","65488751","43","52730291","ACTTAGCTGAATATAGTAGCACAAGCCTGTATTTCCAGCTACTCAGGAGGCTGAGGCAGGAGGATCACTTGGGCTTACAAGTTGGAGGTTGTGGTAAGCTATGATGATGCCACTGCCCTCTGCCCCAGGCAAATGTGATGCCTTGTCTCAACAACAAAA","TTAACTGGGTATAATGACACATGCCTGTAGTCCCAGCTACTAGAAAGGCTGAGGTAGGAGGATTGCTTGAGCCTGAGAGGTTGAGGATGCAGTGAACCATGATCAGGCCACTGCACTCAGCCTAGGCAACACAGTGAGACCCTGTCTCAAGAAAAAA"
"GL873521","12758495","12758600","chr16","15961202","15961315","30","3202707","GTGGCTGGTGCATATAATCCTACCACTTTGGAAGGAGGAGGGAGAATCATTGAAACCAGGAGTTCAAGAACAGCCCAGGCAGGCTATAGTGAAATCTCATCTCTAC","GTGGCTGGGCATGCCTGTAATCCTAGCACTTTGAGAGGCTGCAGCGGAAGGATCGCTTGAGCCCAGGAGTTCAAGAACAGCCTAGGCAACATAGCAAGATCCCTGTCTCTACAA"
"GL873521","12822938","12822952","chr1","210017045","210017059","2","197194107","TAAAACAAAAGAAAA","TAATAAAAAAGAAAA"
"GL873521","12822989","12823283","chr7","75828649","75828941","71","63005660","GGCCAGGCAAGGTGGCTAACTGCTGTAATCTTAGCACTCTAGGAGGCTGAGGCAAGAGAATTCCTTGAGGTCAGGAGTCAGAGACCAGCCTGAGCAAAAATGACACTCCACCTCTATGAAAAATAGAAAACAAAAATTAGCCAGGTGTGATGGCCCATTTCTGTAGTCCCAGCTACTGGGGAGGCTGAGGCAGGAGGATAGCTTGAGCCCAGGAGCTTGAGGTTGCGGTAGCTAGGCAGATGGCTCAGCACTCTTTCTAGCCTGGGCAACAGAGCAACATTCTATCTCAAAAAAT","GGCTAGGCATGGTGGCTCATGCATGTAATCCCAGCACTTTGGGAGGCTGAGGCGGACGGATCACTTGAGGTCAGGAGTTCGAGACCAGCCTGGTCAACATGGTGAAACCCCATCTCTACTAAAAATATAAAAATTAGCCAGGTGTGGTGGCGCATGCCTGTAGTCCCAGCTACTTGGGAGACTGAGGTGGGAGGATCCCTTGAGCCTGGGAGGTTGAGGCTGCAGTGAGCTGTGATGGCACCACTGCACTCCAGCCTGGGCAATAGAGCAAGACCCTGTCTCATAGGAAAAAA"
"GL873521","13041237","13041319","chr5","49472177","49472254","12","36430940","GGCCAGTCATGGTGGCTCATGCCTATAATCCTAGCACTCTGGGAGGCTGAAGCAGGAGGATCACTTGAGCTCAGGAGTTTGAG","GGCCTGGCATGGTGGCTCATGCCTGTAATCCAGCATTTTGGGAGGCTGAGGCAGGAAGATCACTTGAGCTCAGGATTT"
"GL873521","13102109","13102207","chr16","30194624","30194720","25","17092515","TGAGCCCAGGAGTTTGAGGTTGTTGTGAGCTGAGCAGACCACACAGCATTCTAGCTTGGGCAACAGAGTGACATTGTGCTTCAAAAAAAGAAAAAAAAA","TGAGCCCAGGAGTTTGAGACTACAGTGAGCTATGATTACACCACTCCTCTCCAGCATGGGCAACAGAGTGAGACACTATCTCAAAAAAAAAAAAAAA"
"GL873521","13102475","13102686","chr2B","236887995","236888203","46","223785520","GGCCAAGTGTGGTGGCTCATGCTTGTAATCCTAGCACTCTGGGTGGCTGAGGCAGGGGGATCACTTGAGCTCAGGAGTTCAAGACCAGCTTGAGCAAGAGTGAGAACCCATTTCTACTCAAAATAGAAAAAAATTAGACAGGCACTGTGGTGAGTGCCTGTAGTATGAGCTACTTTGGAGGCTGAGATAGGAAGATCACTTGAGCCCAGGAG","GGCTAGGCGCAGTGGCTGAAGCCTGTAATCCTAGCACTTTGGGAGGCCGAGGTGGGCGATCACTTTGGCTCAGGAGTTCGAGACCAGCCTGGGCAATATGGCAAAACCCCATCTCTACACAAAATACAAAAATTACTCAGATGTGGTGGTGAGTGCCTGTAGTCCCAGCTACTTTGGACGCTGAGGTGGGAAGATCACCTGAGCCCAGG"
"GL873521","13327200","13327291","chr3","43397692","43397785","20","30070492","CTATCACTTTAGGAGGTGAGGTGGGAGGATCACTTGAGGCAAGGAGTTCAAGAGCAACCTAGGCAACATAGGAACCCCTCTGTCTCTCCAAA","CCCAGCACTTTGGGAGGCTGAGGTGGGCAGATCTCTCGAGCCCAGGAGTTCAAGACCAGCCTGGGCAACATGGTGAAACCCCGTCTCTACCAAA"
"GL873521","13327700","13327732","chr1","70851001","70851033","8","57523301","GCTGGATATGGAGTCTCACACCTGTAATTCTAT","GCTGGGCATGGTGGCTCATCCCTGTAATTCCCT"
"GL873521","13722076","13722356","chr17","55905881","55906166","74","42183805","GTCTGGCGTGGTGGCTCAAGCCTATAATCCTAGTACTCTGGGAGTCCAAAGTGGGTGGATTGCTTGAGCTCAGTAGTCTGAGACCAGCCTGAGTAAGACCCAGACATCGTATCTACTAAAAATAGAATAAACTACCTGGGCATTGTAGCGGGTGCCTACAGTCCCAGCTACGTGGGAGGTTGAGGCAAGAGGATCACCTGAACCTAGAGAATGAGGTTGCTGTGAGCTATGATGAGGTCAAGGCACTCTACCCAGAGTAACAGAGTGAAATTCTATCTCAA","GGTCAGGCATGGTGGCTCAGGCCTGTAATCCCAGCACTTTGGGAGGCCAAGGTGGGCAGATTGCTTGAGCCCAGGAGTTTGAGATCAGCTTGGGCAACATAGTGAAAACTCATCTCTACAAAAAATTAAAAAAATTAGCTGGGCATTGTGGCACGTAACTGCAGTCCCAGCTACTTGAGAGGCTGAGGTGAGAGGATCACCTGAGGCCGGGAAGTCGAGGCTGCAGTGAGCTGTGATTGGGCCACTGCACTCCATCCTGGGCGACAGAATAAGACCCTGTCTCAAA"
"GL873521","13722635","13722652","chr6","90847853","90847870","1","77125218","AAAAAAAAAAAAAAAAAA","CAAAAAAAAAAAAAAAAA"
"GL873521","13789517","13789832","chr12","121838917","121839229","75","108049400","GCTGGGTGTGGTGGCTCATATCTGTAATGATAGCACTCTGGGAGGTCAAAGCAGGGAGATTACTTGAGCTCAGGAGTTAGAGAGCATCCTGAGAAAGAGTGAGATCCCTATCTATACTAAAAACAGAAAAACTAGCCAGTTGTAGTGGCAGGCACCTGTAGTCCCAGCTACTTTGGGAGTCTGAGACAAGAGGATCTCATAAGCCCAAGAGTTTGAGGTTGCTGTGAGCTGCGATGCCACAGCACTCTACCTGGGGTGACAGAATGAGACTTTGTCTCAAAAAAATAAAAAATAAAATAAAATAAAATTTAAAAAA","GGCTGGGTGTGGTGGCTCATGCCTGTAATCCCAGCACTTTGGGAGGCCAAGTCAGGAGGATTATTTGAGCCTGGGAGTTTGAGACCAGCCTGTGCAACATGGTGAGACCTCATCTCTACAAAACATAAAAAATTAGCCAGGCATGGTGGCATGTGCCTGTAGTCCCAGCTACTTGGGAGGCTGAGGCAGGAGGATCAGTCGAGCCCAGAAGATTGAGGCTACAGTGAACTGTGTTCATGCCACTGCACTCCAGCCTGGGTGACAGAGTGAGACCTTGTCTCCAAAAAAATCAAATAAATAAAAAAATAAAAAA"
"GL873521","13902129","13902272","chr17","73619699","73619842","30","59717570","GGCCAGGCATAGTGGCTCGCACCTATAATCCAGTACTATGGGAGACCAAGGCTGGAGGATCAATTGAAGCCAAGAGTTAAAGACCAACCTGGGCAACATAGAAACACTTCACCTATATAAAAAAAAAAAAAAAGAAAGAAAAAA","GGCCAGGTATGGTGGCTCACACCTGTAATTTCAGCACTTTAGGAGGCTGAGGCAGGAAGATCACTTGAGGCCAGGAGTTCAAGACCAGCCTGGGCAACATGGCAAGGCTTCATTTCCACAAAAAAAAAAAAAAAAAAAAAAAAA"
"GL873521","13902315","13902339","chr7","66627085","66627108","7","52724770","AAAAATTAACCCAGCATGGTGGCGC","AAAAAATTAGCCAGGCATGGTGAC"
"GL873521","13902374","13902499","chr7","68063538","68063660","30","54161164","AGTCCCAGCTACCATAGAGGTTGAGCCAGGAGGATCACTGAAGCCCAGAGCCCAGAAGTTTGAGGTTGCAGTAAGCTATGATCATGCCACTGTACTCTAGTCTAGGTGACAGAAGGAGACCCTGTC","GTAGTCCCAGCTACAAGGGAGGCTGAGGCAGGAGGATGGCTTGAGCCTGGGAAGTTGAGGCTGCAGTAAGCTATGATCATGCCACTGCACTCCAGCCTGGGTGACAGAGTGAGATTCTGCCTC"
"GL873521","14127800","14127881","chr3","123515043","123515137","26","109387243","GGCTAGATATGGTGGCTCATGCCTATCTGGAAAGCTGAGGCAGGAGGATTGCAAGAGGCCAGAAGTTTAATACCAGGCTAAG","GGCCAGGTATGGTGGCTCATGCCTATACTCCCAGCCTTTTGGGAGGCTGAGACAGGAGGACTGCTTGAGGCCAGGAGTTTAAGACCAGCCTGACT"
"GL873521","14128162","14128352","chr4","26023510","26023691","57","11895348","GGGCTGAGAATGAGATCCCATCTTTACAAAAAATTACCCAGGTATAGTGGCATCATCCTAGCTACTTGGGAGGCTGGGGCAGGAGGATTTCTTGGGCCCAGGAGTGTGAGGCTACGCTGAGCTATGATACCACTGCACTTTAGCCTGGATGATACAGCAAGATTTTACCTCAAAAAAAAAAAAAAAAAAAA","GGGTGGGAAAAAATTATCTGGAAATGGTGGCATATGCCAGTGGTCCTAGCTACTTGGGAGACTGAGGCTGGAGGATCACCTGAGCCCAGGAGTTAGAGGCTGCGGTGAATCGTGATCATGCCACTGCACTCTAGGCTGGGCAATAGAGCAAGACCCTATCTCGAAAAAAAAACAACAAAAAA"
"GL873521","14184019","14184216","chr17","61651681","61651883","50","47467662","GGCTGGGCATGGTGGCTCATGCCTGTAACCCTAGCACTCTGTGAGGCCAAGGCAAGTGGATCACCTGAGCTCAGGAGTTTGAGAACAGCCTGAGCAAGAGTGAGACTCCATCTCTAAAAATAGTTGGGCATTTGTGGTGAATGCCTATAGTCTCAGCTACTCAGCTACTTAGGAGGCTGAGGCAAGAGGATTGCTTGA","GGCTGGGTGCAGTGGCTCACGCCTGTAATCCTGGCACCTTGGGAGGCCAAGGTGGGAGGATCACTTGAGCCCAGGAGTTTGAGATCAGCCTGAACAACGTGGTGAAACTCCATCTCTACAAAAAATACAAAAATTAGCTGGGCTTAATGGCATATGCCTGTGGTCCCAGCTACTGAGGAGGCTGAGGTGGGAGGATTGATTGA"
"GL873521","14185943","14186062","chr8","25834967","25835086","23","11649024","GGCAGGGTGCAGTGGCTCACACCTATAATCCCAGCACTCTGGGAAGCTGAGGTGGGAGGATTGCTTTGAGATCAGGAGTTTGAAACTAGCTTGAGCAAAGCAAGACCCATCTCTACTAAA","GGCCAGGTGCAGTGGCTCATGTCTGTAATCCCAGCACTTTGGGAGGCTGAGGTGGGAGGTTTGCTTGAGCCCAGGAGTTTGAGACCAGCCTGGGCAACATAGCAAGACCCTGTCTCTATA"
"GL873521","14186086","14186221","chr14","74199793","74199926","31","60013707","AATTAGAGAGGTGTGATGCCACACACTGTAGTCTCATCTACTTTGGAGGCTGAGGCACAAGGATTACTTGAGCCCAGGAGCATGAGGTTGCTGTGAGCGAGGCTGAGGCCACAGCACTCTAGCCTGGGCAACAGAG","TTAGCCAGGTATGGTGGTGCACACCTGTAGTCCCAGCTACTTGGGAGACTGAGGCAGGAGGATTGCTTGATCCCAGGAGTTGAGGCTGCTAAGAGCTATGATCATGTCACTGCACTCCAGCCTGGGCAACAGAG"
"GL873521","14534133","14534413","chr5","43470606","43470891","71","28936473","GGTAGCTCATGTCTATAACCCTGACACTCTGGGAGGCTAAGGGAGAAACATCCCTTGAGCTCAGGAGTTCAAGACCAGTCTAAGCCAAAAGGGAGATCCATCTTTACCAAAACAGAAAAATTAGCTGGGCATGGTGATGTGTGCCTGTAGTACCAGCTGCTTGGGAGGCTAAGGAAGGAGGATTGTTTGAGCCTAGGAGTTTAAGGTTGCTAAGAGCTAGACTGAGGCCATGGCACAGTAGCCCAGGCAATAGAATGAAACTCTGTCTCAAAAAAAAAAAA","GTGGCTCTTGCCTATAATCCCAGCACTTTGGGAGGCTGAGGAGGGCAGATTGCTTGAGCCCAGGAGTTCAAGACCAGCCTGGGCAACATGGGAAAACCTCGTCTCTACAAAAAACACAAAAATTAGCTGGGCATGGTGGCATGTACCTGTAGTCCTAGCTACTTGGGAGGCTGAGGCAGGAGGACTGCTTGAGCCTCTGGAGGCGGAGGTTGCAGTGAGCTGAGACCGCGCCACTGCACTCCAGCCTGGGTGATAGAACAAGACCCTGTCTCAAAAAAAAAAAAAA"
"GL873521","14534507","14534523","chrX","153619065","153619080","3","139084558","CCCAAAATAAAATAAAA","ACATAATAAAATAAAA"
"GL873521","14646173","14646307","chr1","9156973","9157091","40","5489200","GGATGTAGTAGCTCACACCTGTAATCCCAGCATCATGGGAGGATCACTTGAGGCCAGGAGTTTGAGACTGGCTTGGGCAATATGGTGAGGCCCCATTCTTACAAAATAGGAAAAGAATTAATTGGATATGGTGGC","GGCTGGGTGAGGTGGCCTCACGCCTGTAATCCCAGCACTTTGGGAGGCCAAGGCAGGAGTTTGAGACCAGCCTGGGCAATACAGTGAGACCCCATCTCCAAAAAAAAAATTAGTGGGGC"
"GL873521","14703100","14703421","chr17","68155983","68156305","73","53452883","GGCTGGGCACAGTGGCTCATACCTGTAATCCTAGCACTTTGGGAGGCCAGGAAGGGAAGATAGCTTGAGGCCAGGAGTTTGAGACCAGGATGAGCGAGGTAGCGAGACCCCCCATCTCTATCAAAAATTAAAAAAAAAAAAAAATTAGCTGGGTATAGTGGTGAGGGCCTATCATCCTAGCTACTTAGGAGTAAGACAGGAGGATCACTTGAGCCTAGGAGGTAAGGTTGCAGTGAACTATGATGATGACCCTGCACTCTTGCCTTAGCAAGATGGTGAGACCCTGTCTCAAAACAAACAAACAAACAAACAAACATAAAAA","GGCTGGGCACCGTGGCTGACATCTGTAATCCCAGCACTTTGGGAGGCCAAGGCGGGTGGATCACTTGAGCCCAGGAGCTCGAGACCAGCCTGACCAACATGGCAAAACCCCATCTCTACCAAAAAAAAAAAAAAAATACAAAAAGTTAGCTGGGCATGGTGGAGAGGGCCTGTAGTCCCAACTACTCAGGAGGCTGAGGTGAGAGGATCACCTGAGCCACAGGAGGTCGAGGCTGCAGTGAGCCATGATCACACCATTGCACTCCAGCCTGAGAGAAAGTGAGACCCTGTCTCAAAAAAACAAACAAACAAAAACAGCAAAAA"
"GL873521","14778613","14778888","chr15","42746072","42746354","63","27967459","GGCCCAGCACAGTGGCTCACACCTATAATCCTCGCATTCTAGGAGACTGAGGTGGGAGGATCACTTGAGCTCAGGAATTTGAGATCAGCTTGAGCAATAAGGTGACCCCATCTCTACTAAAAATAGACTAATTAGCCAGGCATTGTGGTGGGCACCTGTGGTCCCAGCTAGTTGAGAGGCTCATGTTGGATTCCTTGAACCCAGGAATTTGAGGCTGCTGTGAGCTGGGCTGATGCCACAGTATTCTAGCCTGGGCAACAGAGTATGACTCTGTCT","GGCCAGGTACAGTGGCTCACACCTGTAATCCCAGCACTTTGGGAGGCCAAGGCAGGAGGATCACTTGAGCCTAGGAATTCAAGACCAGTCAGGGCAATATGGTGAAACTCCATCTCTACAAAAAATACAAAAATCAGCCAGGTGTGGTGGTGTGCGCCTGTGGTCCCAGCTACTTGGGAGGCTGAGATGGAAGGATCACTTGAGCCCAGGAAATGGAGGCTGCAGTGAGCTAAGGCTGTGCCACTGCACTCCAGCCTGGGCAACAGAGTGAGACCCTGTCTCA"
"GL873521","14884261","14884393","chr13","24405237","24405373","27","9520976","GGCTAGGTGTGGTGGCTCATGCCCATAATTCCAGCATTCTGGGAGGCCAATGTGGGAGGATCCCTGGAGGTCAGGAGTTTGAGACCACCCTGAGCAAAGCGAGACCCCATCTTCACTAAAAATAGAAAAATTA","GGCTGGGCATGGAGGCTCATGCCTATAATCCCAGCACTTTGGGAGGCTGAGGTGGGAGGATCGCTTGAGTTCATGAGTTCAAGACCAGCCTGAGCAACACAGTGAGACCTCATCTCTACTAAAAATCAAAAAAATTA"
"GL873521","14884660","14884815","chr1","141772547","141772702","39","126887887","TTAGTTGAATGTGGTGGTGTACACCTGTAGTCCCAGCTACTTGAAAGGCTGAAGAAAGAGGATTGCTTGAGCCCAAGTGCTTGAGGTTGTAGTGAGCTAGGCTGACGCTATGACACTCTGACCCAGGTGATAGAAGAAGACCCTGTCTCAAAAAAA","TTAGCTGGGCATGGTGGCGTGCACCTGTGGTCCCAGCTATTTGAAAGGCTGAGTTGGGAGGATCACTTGAGCCCAGATGGTTGAGGCTGCAGTGAGCCATGATGGCACCACTGCACTTTAGCCTTGGTGACAGAGCAAGGCCCTGTCTGAAAAAAA"
"GL873521","15677856","15678124","chr7","99887814","99888086","73","84209958","TGGCTCATGCCTGTCAACAAAGTACTTTGGTAGATTGAGAAAGGAGGATCTCGTGGACTCAGGAGTTTGAGACCAGCCTGGACGACATGGTAAAAAAACATCTTTAAAAAATTAGCCTAGCATAGTGGTGCACATTGATAATTTCAGCTATTTCGCAGGCTGAAGTGGGAGAACCACTTGTGTTTGGAAGCTCGAGGCTGCAGTGAGCTATGATCTCACACTACACTCCAGCCTGGGTAATATGGTGAGGTCCTGCCTCAAAAACAAAA","GGCTTACACCTGTAATCCCAGTGCTTTGGGAGGCTGAGGCAGGCAGATCACTTGAGCCCTGGAGTTCAAGACCAGCCTGGGCAACATGGTGAAACCCCATCTCTACAAAAAATTAGCCAGGCATGGTGGCTTGCACCTGTAGTCCCAGCTACTCAGGAGGCTGAGGTAGGAGGATTTCATGAGCCTGGAAGGTTGAGGCTGCAGTGAGCTATGATCACACCACTGCACTCCAGTCTGGGTGATAAAGTGAGACCCTGTCTCAAAAAAAAAAAA"
"GL873521","15875728","15875811","chr8","5975319","5975398","26","9900409","CAGTGAGCCGTGGTCTCCCTGTGCATTCCAATGTGAGTGACAGAGAGACCTCCCTCACACTCCCAAAAAAGAAAAAACAAGAAA","GCAGTGAGCCTTGATCGTGCTATTGCACTCTAGCCTTGGTGACAGAGAGAGACCCTATCTCAAAAAAAAAAAAAAAAAAA"
"GL873521","16170363","16170540","chr3","50079465","50079644","47","33909102","AAAAAAAAAAAAAATTACCCAGGTAAGGTGGTAAGGACCTGCAGTCCTAGCTATCTGGGATACGAGGTAGGAGGAGCACTTTGGCCCAGGAATTCCAGGCTATGGTGAACTATGATTACAACTGCACTCTAGCCTGGGCAAAAGAGTAAGAGACTGTCACAAAACACAACAAAACAAA","ACAAAAAGAAAAAACAATTAGCAAGGCCTGGTGGTACACACTTGTAGTCCCAGCTATTTGGGAGGCTGAGGTGGGAGGATCACTTGAGCCCAGGAGTTCAAGGTTACAGTGAGCTATGATCATGCCACTGCACACTAGCCTGGGCATCAGAGAGAGTTCCTGTCTCTAAGAAAAAAAAAA"
"GL873521","16172240","16172374","chr1","29329421","29329551","29","13157181","GGCTGCATGCAGTGCCTCATGTTTGTAATCCCAGCACTTTGGGAGCCAGTGGAGGAGAGGATCACTTGAAGCCAGGAATTTAAGACGGACCTAGCCAACATAATGAGAACTCCTCTATACAAAAAATAATAAAAT","GGCTGGATGCACTGGCTCCTGTCTGTAATCCCAGCACTTTGGGAGGCTGAAACAGGAGGATCCCTTGAAGCCAGGAGTTTAAGATCAGCCTGAGCAACAGAGTGAAACCCTGTCTCTACAAAAAAAAAAAA"
"GL873521","16260421","16260667","chr2A","25887935","25888182","71","9627514","GGATACAGTGGCTCACACCTGTAATCTTAGCAAACACCCTGGGGTGCTAAGGCAGGAGGATCACTTGAGCTCAGGAGATCAAGACCAGCCTGAGGAAGAGTGAAACCCCATTTCTACCACACATAGAAAAATTAGCCAGGTGTCTCTCTCTAGTCCCAGCTACTTGGGAGGCTGAGACAGGAGAATTGCTTAAGCCAGGGAGTTTCAGGTTGCTGTGGCTCAGACCATGGCACTCTAGACTGAGCAA","GGCTGGGCACAGTGGCTCACACCTGTAATCCCAGCACTTTGGGAGGGTGAGGCAGGAGGATCACTTGAGCTCAGGAGTTCGCAACCAGCCTGGGCAATATGGTGAAACCGCATCTCTACAAAAAATACAAAAATTAACCGGGTGTGGTTGTGCATGCCTGTAGTCCCAGCTACTTGGCAGGCTGAGGTGGGAGGATTGCTTGAGCTCAGGAGGTCAAGGCTGCAGTGAGCCATGATTACTCCACTGCA"
"GL873521","16747501","16747629","chr7","102198592","102198722","33","85451091","GCCGGGTATGGTGGCTCACACCTGTAATCCCACCACGTGGGAGGCCAAGGCAAGCAGATTGCCTGAGCTCACAGGTTCAAGACCAGCCTGAGCCAGAGTGAGACTTTGTCTTGGAAAATACCCGGGTGT","GGCTGGGTGTGGTGGCTCACACCTGTAATCCCACCACTGTGGGAGGCTAAGGCAGGCAAATCGCTTGAGCCCAGGAGTTCGAGACCAGCCTAGGCAACGTGGTGAAACTGTCTTTAGAAAATATTAGCCAA"
"GL873521","16747905","16748071","chr1","26355033","26355200","42","9607128","AACTAGGTAGGTGTTGCAGCAGGCGCCTGTAAATCCCAGCTACTTGGGCCAAGGCAAGAGAATCAATCACTTATGCCCAGGAGTTTGAGGTTGCTGTAAGCTATGACGCCCTGGCACTCTACCAAGGGTAACAAAGTCAGATCCTGCCTCAAAAAAAAAAAAAAAAA","AACTAGCTGGGTGTGGCGGCGTGTGCCTGTAGTCCCAGCTACTTGGGAGGCTGAGGCAGGAGGATCACTTGAGCCCAGGAGTTCAAGGCTGCAGTGAGCTAAGATCATACCACTGCACTCCAGCCTGGGTAATAGAGTGAGATCCTGTCTCAAAAAAAAAAAAAAAAA"
"GL873521","16826358","16826516","chrX","96886204","96886345","57","80059846","GGCGCCCTGCCACAAGCTGTAGTCTCCCCTATTTGGGAGGGTGAGGTCGGAGGATCATGTGAGCTCGGCAGTTCAAAGTCACCGGGCACTACAACCTCACCTGGACCAGTCAGGACTGCACGCCAGCCTCCCCAGCGCAGTGAGACTCTGTTTCTAAAA","GGTGCACATCTGTAGTCTCAGTTATTTGGGAAGCTGAGGAGGGAGGATCACTTGAGCCTGGGAGGTCAAGGCGCCAGTGAGCTGTGATTGCACCACTGCACTCCAGCCTGTGCTACAGAGTGAGACTCTGTCTCAAAAAAAA"
"GL873521","16850386","16850705","chr1","224543342","224543654","83","207692956","GCCAGCTGTGGTGGCTCACACCTATAGTCCTCACACTCTGGGAGGCTGAGGAAGGCAGATTCCCTGGAGCTCAGGAGATTGAGACCAGGCTGAGCAAGAACTGAGACTCTGTCTCTACCCCAAACAGAAAAACTTCACTAGGTGTTGCGGTGGGCACCTATAGCCTGAGCTACTTGAGAGGCAGAGGCAGGATGATCACTTGAACTCAGGAGTTTGAGGTTGCTATAGCTGTGCTGATGCCATAGTACTTTAGCCTGGGCAACAGAATGAGACTCTGTCTCAAAATAAATAAATAAATTAATAAATAAAAGAGAAAGAAA","GCCAGGCAGGGTGGCTCACGCCTGTAATCCCAACACTTTGGGAGGCTGAGGCAGGCAGCTTGCTTGAACTCAGGAGTTTGAGACCAGTCTAGGCAACATGGTGAAACCCCATCTCTACAAAAAATACAAAAATTAGCCAGGCGAAGTGGCGTGCCTATAGTCTTAGCTACTTGGGAGGCTGAGGCAGGAGAACTGCTTGAACTGGGGAGGTCGAGGCTGCATGAGCCGAGATCGTGCCACTGCACTCCAGCCTGGATGACAGAGCGAGACCCTGTCTCAAAATAAATAAATGAATAAATAATAAAATAAATAA"
"GL873521","16987716","16987746","chr4","157175852","157175881","5","140188136","GAAGAAAGAAGAAAGAAGAAAGAAGAAAGAA","GAAGAAGAAGAAGAAGAAGAAGAAGAAGAA"
"GL873521","16988099","16988370","chr11","32048157","32048430","73","15060058","GGCCCAGTTCAGTGTCTCACACCTGTAATCCTAGAACTCTGGGAGGTCAAGGAAGGTGGAGTCCTTGAGCTCAGGATTTTCAGATAAGCCTGAGCAAGAGACAGATCCATATCTACTAAACATAGAAAAACTAGCCTGGCATCAGTGTAGTCCCAGCTACTCAGAAGGCTGAGGCAGGAGGATCATTTGAGCCCAAATGTTTGAGTTTGCTGTGAGCTATGATGAATGACACCAGGGCACTCTACCCAGGGCAACAGAGTGAGACTATTTCT","GGCCCACCACAGTGATTCACATCTATAATCCCAGCACTTTGGGAGGCCGAGGTGGGAGAGTAGCTTGAGCCCAGGAGTTTGAGACCAGCCTGAGCAACAGGGCGAGACCCCATCTCTACAAAAAAAATTTAAAAATTAGCCTAGCATGTGCCTGTAGTCCCAGCTACTCAGGAGGCTGAAGCAGGAGGATCACTTGAGCCCAGGAGTTGAAGGCTGCAGTAAGCTATGATCACCCCACTGAGCTCTAGCCAGGGTGACTGAGCAAGACTCTATT"
"GL873521","17153915","17154039","chr7","102370770","102370890","26","85216855","GGCTAGGCACGGTGGTGACTCCTGCTTGTAATCCCAGCACTCTGGGAGGCCTGTGGCAGGTGAATTCCTTGCGCTCAGGAGTTCAAGACTAGCCTGAGTAATAGTGAAACCTCTGTCTCTACTAA","GGCTAGGCACGGTGGCTCATGCCTGTAATCCCAGCACTTTGGGAGACTGAGGTGGGAGAATTGCTTGAAGCTGGGAGTTCAAGACCAGCCTAGGGAACATAGTGAGACCCTGTCTCTTCAA"
"GL873521","17154076","17154241","chr16","21596696","21596868","46","4442620","CTAACCAGACCTGACAGGTGGCTATACTCTCGGCTACTTGGGAGGCTGAGGCAAGAGGATCACTTGATCTCAAGAGTTTGAGGTTGCTATAAGCTATGAGGCCATGACACTCTACCGAGGGCAACAAAGTAAGAGTTTTTCTCAAAAAAAAAACCCAAAACAAAAA","ATTAGTCAGACATGGTGGCATGTGCCTATAGTCCCAGCTACTTGGGAGGCTGAGGCAAGAGAATCATTTGAGCCCAGGAGGTTGAGGCTGCAGTAAGCAGTGATCATGTCACTGCACTCCAGCCTGGGCAACAGAGCAAGACCCTGTCTCAAAAAAAAAAAAAAAAGAAAAAA"
"GL873521","18186068","18186211","chr11","18518855","18518988","40","332787","TAGTCAGGTGCAGTGGTGCATGCCTGCAGTCACAGCTACTCTACTCAGGAGGATGAAGCAGGAGGACCACTGGAGACCAGGAGTTTGAGAATGCTGTAAAATACCATTGAGTCACTGCCTGCCAGCTTCAGTAACAGAATAAGA","TTAGCCAGGTGCAGTGGCGCATGGCTGTAGTCCTGCTTACTCAGGAGGTTGAAGCAGGAGGATCACTTGGGCCCAGGAGTTTGAGGCGGCAGCGAGCCATAATCGTGCCACTGCACTCCAGCTGAGTGACAGAG"
"GL873521","18186242","18186351","chr4","101432127","101432236","31","83245885","CTTGTAATTTCAGCACTTTTGGAAACTGTAGAAGGAAGATTGTTTAAGACCAGGAGTTCCAGAACAATCTGGGCAACACATGTTGACCTTGTACCTACATGAAAAAAAAA","CCTGTAATCCCAGCACTTTGGGAGGCTGAGGCAGGAAGACAGCTTGAGGCCAGGAGTTCCAGACCAGTCTGGGCAATATAGCAAGACCCTCATCTCTTTAAAAAATAAAA"
"GL873521","18231783","18232086","chr11","120552808","120553110","90","102321025","GGCATGGTGGCTCACACCAGCAATCCCAGCGTTTTGGGAAGCCCAAGGAAGAGAATCACTTGAGACCAGCCAGAGGTACATAGACACGTGGTCTACAAGAAATGACAATTAAAACAAATTGCTGGGCATGGTAGCCTGTGACTATAGTCCTGGCAACTCAAGAGGCTGAGTCAGGGGGTTTTTTGAGCCTATGAAGTCTAAGTTGCAGTAAGCTGTGATCATGCCACTATACCCTAGCCTGGGTGACAGAACAAGATTCTGTCTCTAAAAATAAAATAAAATAAAATAATAAAATGAAATAAAA","GCCAAGCATGGTGGTTCATACCTATAATCCCAGAACTTTGAAAGGCCAAGGCGAGAGGAGTTTGAGACCAGCCTGGGCAACATGATGACATGCCGTCTCTACAAAAAAATAAAATAAACAAAAACTAGCTGGGCCTAGTGGCATGTGTCTGTAGTCCTAGCTACTCAGGAGACTGAGGCAGGAGGATCACTTGAGCCTGGGAGGTCAAGGTTGCAGTGAGCTATGATTGTGTCACTGTACTCCAGCCTGGGTGACATAGCAAGAACTGGTCTCAAAAAAAAAAGAAAGAGAGAAAAAAGAAAA"
"GL873521","18672921","18673268","chr5","164510023","164510360","89","145837102","GGCTGGCCATGGTGGCTGAGGCCTGTCATCCTACCACTCTGAGAGGATGAGGAAGGAGGATTGGATTGCTTCAGCTCAGGAGTTCAAGACCAGCCTGAGCAAGAGCAAGACTCAGTCTCTACCAAAAATAGAAAAATTAGACTAGCCAGATGTAATGGCAGATGCCTCTAGTCCCAGCTAGTGGGGAGGCTAAGGCAGGAGGATCACTGAAACCCAGGAGTTTGAGGTGCCTGTGAGTTAGTTTAATACCATGGCAGTCTAGCTTGGGCAACAAAGTGAGACTCTGTCTCAAAACAAACAAAGAAACAAAGAAACAAACAAACAAAAACCCCAAAAATAAAAAAAAAA","GGCTGGGCACAGTGGCTCATGCCTGTAATCCTAGCACTTTGGGAGGCTGAGGCAGGTGGATCGCTTGAGACTGGGAGTTCAAGACCAGCCTGGGCAATATGGCAAAACCCCGTCCCTACAAAAAATACAAACATTAGCCAAGCATGGTGGCACATGCCTGTAGTCCCAGCTACTTGGGAGGCTGAGGCAGGAGGATCATTTGAGCCCGGGATGTGGAGGTTGCAGTAAGCTGAGATTGCATCATTGCACTCCAGCCTGGGCAACAGAGGGAGACCCTGTATCAAATAAATAAATAAATAAATAAATAAATAAATAAATAAAAGAAATAAAAGTAAAAA"
"GL873521","19315680","19315722","chr1","205503465","205503511","11","186187785","CAGTTACTTGGAAGACTGAGGCAAGAGGATCCCTTGAGCTAGG","CCAGCACTTTGGGAGACTGAGGCAGAAGGATCCCTTGAGGCCAGCGG"
"GL873521","19598410","19598508","chr1","6398492","6398584","25","13199918","TATCACTACACCACTATACTCTAGCCTGGGCAACAGATTGAGAACCTGTATCAAAAACAAACAAACAAACAAACAAAACACAATAAAAAATAAATAAAA","GTGATTGCACCAATGCACTCCAGCCTGGGTGACAGAGCGAGACTGTCTCAAAACAAACAAACAAACAAATAAAACAAAAGAAAAGAAAAGCAA"
"GL873521","19777152","19777359","chr4","72787006","72787205","63","53009854","CCTGAGCAACATAGAGAGATCCCATCTCGACAAAAATATTGAAAAAAAAATAGATAAACTTATCAGCTGGGTTTGGTAGCACACAACTGTATCCCCAGCTACCGGGAAGGCTGAAGCAGGAGGAGCCTGACAGATCAAGGCTGCAGTGAGCAGTGATCACATCACTACACTCCAGCCCAGGTGACAAAGCACAATCCTGTCTCAAAAA","CTAGGCAACATGGAAGAACCCCATCTCTACAAAAATTACAAAAACTAGCTGGGCATGGTGGTGTGCGCCTGTATTCCCAGCCACTGGGGAGGCTGAGGTGGGAGGATTGCTTGAGCCTGGAAGATTAAGGCTGAAGTGAGCAGAGATCACACCGCTGCACTCCAGTCTGGGTGACAGAGCAAAACCCTGTCTCAAAAAAA"
"GL873521","19907026","19907166","chr6","12022857","12022993","42","7884169","AGGAAAAATTACCAGGGCATGGTGATGTGCACTTATAGTCCCAGCTCCTGGGAAGGCTGAGTCAGGAGGCCAGGAGTTTGAGGTTATAGTGAGCTATGATGCCACTGCACTCTCTCTGGGTGACATAGTGACATTCTGCCT","TTAAAATTAGCCAGGCATGGTAGCAGGCACCTGTACTCCCAGCTACGGGAGGGTCGCTTGAGCCCAGGAGATCAGGGCTGCAGTGAGCTATGATTGTACCACTGCACTCCAAACTGGGTGACAGAGTGAGACTCTGT"
"GL873521","19907190","19907299","chr3","21509747","21509855","27","1602557","GTGGTGGCTCAGCCTATAATCCTAGCCTTCTGGAGGCCCAGGCGGGAGGATTGCTTAAGGTCAGGATGTTGAGACGAACCTGAGCATGAGTGAGACCCCATCTCTACAAA","GGTGGCTCATGCCTATAATTCTAGCGCTTTTGGAGGCCAAGGGGGGAGGATTACTTGAGCTCAGGAGTTCCAGATCAGCCTGGACAATTTAGTGAGACCTCATCTATAC"
"GL873521","20453341","20453513","chr19","53340691","53340862","44","32887350","AGACAACTAGCCAGGCATTGTGGTGGGCATCTATAGTCCCAGCTACTTGGGAGGCTGAGGCAAGAGGATCACTTGAACCCAATAGTTTGAGGTTGTCATGAGCTATGATGATGTGGCATTCTACTCAGGGTGACAGCGTGAGAGACTCTGTCTCAAACAAATGAACAAAAAAA","ACAAAAATAGCTGGGTGTGGTGGTGCATACTTGTAGTCCCAGCTACTTGGGAGGCTGAGGCAGGAGGATCACTTCAGCCCAGGAGGTTGAGGCTGCAGTGAGCCATGATCATGCCACTGCACTCCAGCCGAGGGGAGAGAGCAAGACTCTGTCTCAAAACAAACAAACAAAA"
"GL873521","20453540","20453662","chr4","5943586","5943706","26","14509954","CAGGCGTGGTTGCTCATGCCTGTAGTCCTAGCACTTCAGGAGGCTGAGGAGGGTAGATTGCTTGAGGTCAGGAGCTGGAGACCAGCCTGAGCAAGAGCGAGACCTTGTCTCTACTAAAAATAG","GGCCATGGTGGCTCATGCCTGTAATCCTAGCACTTCGGGAGGCTGAGGAGGGAGGATTGCTTGAGGCCTGGAGTTTGAGACCAGCCTGGGCAACATAGTGAGACCACGACTCTATTTAAAA"
"GL873521","20821454","20821743","chr8","121327775","121328067","74","100506321","GCCGGGCCCAGATGGCTCAAGCCTGTAATCCTTGCACTTTGGGAGGCCAATGTAGGAGGATCACTTGCGCCTAGGAGTTCCAGGCCAAGCTGTGCAAGGTGAAACACTGTTCCAAAAAATATATATATATGAAAATTAGCCAGTCCTGTTGGTACACATCTGTCGTTCCAACTACTTGGGGGACTGAAGCAGGAGGATCCATGAGTCCAAGATTTGAGGTTGCAATGAGCTGTATTGGAGCTACTACACTGTAGCCAGGGCGACAGGAGGAAAAACTTGTTTTAAAAAAA","GGCTGGGTGCAGTGGCTCATGCCTGTAATCTTAGCACTTTGGGAGGCCAAGGCAGGTGGATCACTTGAGCTTAGGAGTTCAAGACCAGCCTGGGCAACATGGTGAAACCCTGTCTCTACAAAAAATAAAAAAAAATTAGCCAGGCATGGTGGCATACACCTGTAGTCCCAGCTACTTGTGGGGCTGAGGCAGGAGCATCACTTGAACCCAGGAGCTCAAGGCTGCAGTGAGCTGTGATCTTACCACTGCACTCCAGCCTGGGTGACAGAGTAAGACCTTGTCTCAATAAAAAA"
"GL873521","20825224","20825315","chr22","42881883","42881978","27","22056659","AGAGGATCTCTTGAGCCTAAGAGTTTGAGGTTGCTGTGAGTTCTGATACCACAGCGCTCTACACAGGGCGACAGAGTAAGACCCTTTCTTAA","GGCAGGAGGATCGCTTGAGCCTGGGAGGTCAAGGATGCAGTGAGCTGTGATTGCACCACTGCACTCCACCCTGGGCGACAGAGTGAGACCCTGTTT"
"GL873521","20825595","20825767","chr4","156475909","156476099","57","135650314","GCGGTGGCTCACACCTGTAATCCTAACACTCAGGATCGCCTAAGCTCAGGAGGTGGAGACCAGCCTGAGCAAGAGAAACACCTCAACTCTACCAAAAACAGAAAAAGTAGCCTGGGTGGTGGTAGGCATGTGTAGTCCCAGCTACTCGGGAAGCTGAGGCAAGAGGATCTCTT","GGCCAGGCACAGTGGCTCACACCTATAATCCCAGCACTCTGGGAGACTGAGGCAGGAGGAGCCCAGGAATGTGAGACCAGCCTGGCCAACATGGTGAAACCCAGTCTCTACTAAAAATATAAAAATTAGCCTGGTGTGGTGGTGTGCGCCTGTAGTCCCAGCTACTTGGGAGGCTGAGGTGGGAGGATCAC"
"GL873521","21355913","21356066","chr4","158479533","158479684","48","137123620","ATAAAAATTAACTAGCTATGGTGGCATACACTCTTGTCCTAGCTACTTAGGAGGCTGAGGATCATTTGAGGCCAGGAGTTTAAAGCTATAGTGTACTGTGATGATTACGCCTGTGAATAGCCACTGTACTCCAGCCTGGGCAACATAGCAAGAC","AATTAGCTGGGCATGGTGGTGCATACCTGTAGTCCTAGCTACTCAGGAAGCTGAGGCAGGAGGACAGCTTGAGGCCAGGAGGTCAAGGCTGCAATGAACCATGATTGATTACACCTGTAAATAGTCACTGCATTTCAGCCTGGGCAGCATAG"
"GL873521","21623697","21623773","chrX","53329871","53329945","26","31706174","AAATTTAGGCAGGCAAGTTGGCACATGTTTGTAGTCCAAGTTATGTGAGAGGATTCTTTGAGTCCAGAAGTTAAGGC","AATAGCTTGGGCAGGGTGGTGCATGGCTGTAGTCCTGAGATGGGAGGATCCCTTGAGTCCAGGAGCTTGATGCCG"
"GL873521","21623801","21623894","chr3","42032495","42032583","27","20408694","GTAATCTTAGTACTTTGGGAGGCCAGACAGGAGATTCATTTGAGACTGAGTTTAAGATCAGCCTGGACAACATGGCAATATCCCATGTCAACCA","TAATACCAGTATTTTGGGAGGCTGAGGCAGGCGATCACTTGAGCCCAGTTCAAGACCAGCCTGGGCAATATAGCGAAATCCTGTTTCTA"
"GL873521","21714176","21714337","chr12","96671998","96672172","41","74957822","ACTAGGGGGCATTGTGGCAACTGTCATCCTAGCTGCTCAAGAGGCTGAGGCAAGAGGATCACTTCAGCCCATGAGTTTATGGTTGCTGTGAGCTATGACTCCATGGCACTCTAGCCTGGGCAATAGAATGAGACTCTGTCGCAAAAAAAAAGAAAGAAAGAA","AATTAGCTGAGCATGGTGGCAGGCACCTGTAGTCCCAGCTACTTGGGAGGCTGAGGGAGGAGGGTCACTTGAACCCAGGAGTTTGAGGCTGCAATGAGCTATGACTGCATCAGTGCACTCTAGCCTGGGCAGTAGAGTGAGACCCTGTCTCACAAAAAAAAGAAGGAAAGAGAAA"
"GL873521","21714364","21714489","chr15","78802491","78802611","29","57088127","GGCTGGGTACCCTGGCTAGACACCTGTAATTCTAGCACTCCAGGAGGCTGAAACAGGTGGATTTCTTGAGCTCAGGAGTTCAAGACCAGCCTGTCCAAGACCAAGACCACAATTCTGTCTCTACTT","GGCTGGGTACAGTGGCTCACACCTGTAATCCCAGCACTTTGGGAGGTGGAGGCAGGAGGATCACTTGAACTCAGGAGTTCAAGACCAGCCTGGCCAACATGGCGAAACTCCGTCTCTACAA"
"GL873521","21743555","21743631","chr10","20213332","20213405","25","1530223","TATAGGGTGTGGCGGCAAGTGTGTATAGTACTAGCTACTTAAAGAGGTTGAGATGGGAGGATTGCTTGAGCTAAGGA","CCAGGTGTGATGGTGCATGCCTGTGGTCTCAGCTACTTTGGAGGCTGAGGTGGGAGGATTGTTTGAGTGGAGGT"
"GL873521","21743658","21743767","chr10","43292583","43292692","28","21548925","CAATGGTTTGTGCTTGTAATCCAGCACTTTGGGAAACAAAGGAGAAAGGATTAATTGAGACCAGGAGTTCAAAATCAGCCTGGGCAACATAAAGAGACCCTGTCTCTATG","GCGGTGGTTCAGCCTGTAATCCCCGCACTTTGGGAAGCTAAAGCAGGAAAATCACTTGAGCCCAGGAGTTCAAGACCAGCCTGAGCAACATAGTGATACCCCTGTTTCTA"
"GL873521","21994326","21994402","chr3","183523015","183523100","19","161528689","GGCATTGTGACTCACACCTATAATTCTAGCACTTTGGGAGGCTGAGGTGGGAAGACCACGAGCACAGGTTCAAGACC","GACTGGGGGCAGTGGCTCAAACCTGTAATCCTAGCACTTTGGGAGGCTGAGGTGGGAGGACCACCTGAGCTCAGGAGTTCAAGACC"
"GL873521","22568894","22569013","chr7","21219168","21219276","37","1349726","TACGTTGTGGTGGCTAGTCCCAAACTACTCAGCTACTCAGGAGTTTGAGGTTGCAGTAAGCTGTGAGGTTGCATTGCACGACAGATTGTGCAACAGAGCGAGACCCTATCTCGAAAAAAA","GGCTGAGGTGGGATAATCACTTGAGCCCGGAAAGTTGAGGTTGCAGTGAGCCATGACTCGGCACTGCACTCCAGCCTGGGCAACAGAGCCAGACCCTATCTCAAAAAAA"
"GL873521","22569034","22569129","chr15","57106062","57106161","19","34537028","CAGGCATGGTGGCTCACACCTGTAATCATAGCACTTTGGGAGACCAGGAGTTCAAGACCATGCTGGGCAACATGGCGAGACCTTGTCTCTACCAAA","GGCCAGGCATGGTGGCTCACTCCTATAATCACAGCACTTTGGTAGGCCATGAATTCAAGACCAGCCTGGGCAACATAGTGTAACCCTGTCTCTACGAAAA"
"GL873521","23082461","23082581","chr19","17007875","17007987","43","6074586","AAAATACACAGAGTACCCAGGCATGGTGGTGCATGCCTCCAGTCCCAGCTACAGGTGAGACTAAGACTAAAGGATGCCTTCAGCTCAAGACTTTGAAGCTGGCCTAGGCAACAACAAGACC","ACAATGTAGCTATGGCATGGTGGTGCCTGCCTGTTGTCCCAGCTACTTGGGAGGCTGAGATGGGAGGATTGCATGAGCCCAAGAGTTCAAGGCTGCTGTGAGCTACAATCACG"
"GL873521","23326932","23327034","chr1","153330637","153330743","26","130003705","GACTGGGTATGGTGGCATATGCCTGTAAACCCAGCACTCTGGGAGGCTGTGGCGGGTGGACCAGCCTGAGACCAGCTTGAGAAAGAATAAGACTCTGTCTCTA","GGCTGGGTGTGATGGCTCATGCCTGTAATCCTAGCACTTTGGGAGGCTGAGGCAGGTGGATCACTTGAGCCCAGGAGTTTGGGCAACATGACAGAACCCTGTCTCTA"
"GL873521","23327057","23327213","chr6","85247800","85247964","38","61920743","CCAGACATTGTGACACATGCCTATAGTCCTACTTGGGAGGCTGAGGCAAGAGGATGTCTTGTGCCCAAGAGTTTGAGGTTGCTGTGAGCTATGATACCATAGCACTCTAGTGGGGGGCAAGAAAGTGAGACACTGTCTCAAAAAAAAAAAAAAAAAA","CCAGGCATTGTGGCACATGTGTGTAGTCCCAGCTATTTGGGAGGCTGAGGCAGGAGGATCCTTTGAGCCCAGGAGTTTGAGGCTTCAGTGAGCTGTGATTGGACCACTACACTCTGGCCTGGGCAACAGAGAAAGACCCTGTCTCAAAAAGAAAAAGAAAAAGAA"
"GL873521","23553294","23553452","chr8","101101478","101101641","53","77548184","AAAATAAAGTTAGCTAGACACAGCTTTGGGCACCTGCAGTCCCAGTTACTTGGAGGTTGAGGCAAGAGGATTGTTTGAGCCTAGAGGTTTGAGGATATGGTTTGCTGTAGTTCTACCTGTGAGTAGCCACTGTTCTCCAGCCAGGACACCAGCGCAAGA","AAAAAGACACCAAGTAGCCAGGTGTGGTGCTGCAGGCCTGCAGTCCCAGCTACTTGGGAGGCTGAGGCAGGAGGATTGCTTGAACCCAGGAGTTCAAGACTTCAGTATGCCATAATCGCACCTATGAATAGTCACTGCACTCCAGCCTGGGCGACATAACAAAA"
"GL873521","24165831","24166009","chrX","9218405","9218573","51","14947426","GGCCAGGCACAGCAGCTCACACCCATAATCCTAACACTCTGAGAGACCAAGGTGTATAGATTACCTGAGCTCAGGAGTTGGAGACCACCCTGAGCAAGAGTAAGACCCCCATCTCTACAAAAAAAAAAAAAAAATAGAAAAACTAGCCAGGTGTTGTGGTGGGTACTTACAGTGCCAAC","GGCCAGGCGCAGTGCCTCACACCTGTAATCCCAGCACTTTGGGAGGCCGAGGCGGGTGGATCACTTGAGCTCAGGAGTTTGAGACCAGCCTGAGCAACATGGCAAAACCTCACCTCTACAAAAAAAATACAAAAATTAACCAGGCATGGTGGCAGGCACCTGTAGTCTC"
"GL873521","24270646","24270916","chr8","27224878","27225151","68","2954232","GGCCAGGCACGGTGGCTCACACCTGAATCCTAGCTGGCATTCTGGAAGGCCGAGGTGGGTGGATCACCTGACCTCAGGAGTTCAAGACCATCCTGAGCAAGAGTGAGATGAAACCTCATCTCTAAAAATAGCTAGGCATTGTGGTGGGCACCAGTAGTCCCAGCTACTAGGGAGGCTGAAGCAAGAGGATCACTTGAGTCTAAGAGTTAGACGTTGCTGTGAGCAGTGACGCCACAGCACTCTACCCAGGGCAACAAAGTGAGACTGTCTC","GGCCAGGTGCAGTGGCTCACACCTGTAATCCTAGCCCTTAGGAGGCTGAGGTGGGAGGATCACTTGAGCTCAGGAGTTCAAGACCAGCCTGGGCAATATGGTGAAACCCTGTCTCTACGAAAAATTAGCCGGGCATGGTGGCGCATGCCTGTAGTCCCAGCTACTCAGGAGGCTGAGGTGGGAGGATCATTTGAGCCCAGGAGGCGGAAGTTGCAGTGAGCCAAGATTGCACCACCGTACTCCAGCCTGGGCAACAAGTGAGATCCTGTCTCAA"
"GL873521","24618820","24618994","chr8","68458893","68459071","47","43840073","TCCTAGCACTCTGGGGGGCCGAGGTGGTAGGATCACTTGAACTAGAGTTCAAGACCACCCTGAACAAAAATCACACCCTGTCTGTACTAAAAATAGAAAAATTAGCCAGGCATTATAGTGCATGCCTGTAGTCCCAGCTACCTGGTAGGCTGAGGCAGATCCTCTAGCCCAGGGG","CCCAGCACTTTGGGAGGCTGAGATGGGTGGATCACTTGAGCCCAGGAGTTCAAGACCAGCCTGGGCAACATGACGAAACTCTGTCTTTACAAAAAATACAAAAATGAACCAGGCATGGTGGTGCATGCCTGTAGACCCAGTACTTGGGAGGCTGAGGTGGGAGGATCCCTTGATCCTGA"
"GL873521","24626746","24626855","chr1","205148842","205148953","29","180522096","AAAGAATGACAAAAATTCAGATATGGTGGTATGCACCTATAGTCAGTCACAGCTACTGGGGAGGCTGAGGTGGGAGGCTTTCTTGAGCCCAGGAGGTTGAGTCTAGCAAT","AAAAAGTACAAAGAATTAGCCAGGTGTGGTGGTGCGTGCCTATAGTTCCAGCTACTTGGGAGGCTGAGGTGGGAGGATTGCTTGAGTCCAGGAGTTGGAGGCTGCAGTGAAA"
"GL873521","24781755","24782037","chr5","139301937","139302217","85","114520182","GACCAGGTGTGGTGGCTCACACCTATTAGCCTAGCACTCTTGGCAGCTGAGGCAGGAGGATTCACTCAGAACTTCAAGAGTTAAACCCATGCCTCTACTAAAAATAAGAAAAAAATCAGTCCAGAGTATCATGGTGGGCACTTGCAGTCCCAGCTACTCGCAATGCTGAGGAAGAAGGATAGCTTGAGCCTAGGAGTTTGAGGTTGCTGTAGGCTGGATTTTTGTCATGGCATGCTAGTCTTGGCAACAGAGTGAGACTCTGGGGGAAAAAAAAAAGGAAAAA","GGCTGGGTGCGGTGGCTCACACCTGTAATCCCAGCACTTTGGGAAGCTGAGGCCAGAGGATGGCTTGAGCTCAGGAGTTTGAGTTGAAACCCTGTCTCTACAAAAAATACAAAAATTAGCTGGGTGTGGTGGTGCACACCTGTGGTCCCAGCTACTTGGAAGTGTGGGGTGGGAGGATTGGTTGAGCCCAGGAGGTTGAGGCTGCAGTGAGCCATGATCGTGCCACTGTACTCCCGCCTGGGTGACAGAATGAGACCCTGTCTCAAAAAAAAAAAAAAAAA"
"GL873521","24969692","24969970","chr5","91805199","91805483","78","66835507","GGCTGGATGCAGTGGCTCACACCTATAAACCTAGCACTCTGGAAGGCCACAGTGGGAGAATGGCTCGAGTTCAGGATTTTGAGAGTAGCCTGAGCAAGAGCAAGACCACATCTCTACTAAAAATATAAAAATTAGCAGGAAGTCTTGCTGAATGCATCATCTCAACTGCTCTGGAGGATGAGGCAAGAGGATTGCTTGAACTCAAGAGTTGAGGTTGTGGTGAGCGAGACTGAATCCATAGCACTCTACCCCAGGCAACAGAGCAAGACTTTGTTGAAA","GACTGGGTGCAATGGTTCACATCTGTAATCCCAGCACTTTGGGAGGCCAAGGTGGGAGGATGGCTTGAGCCCAGAAGTTCAAGACCAGCCTGAGCTACATGGCAAAACCCTGTCTCTACAAAAAATGTAAAAATGAGCCAGGCATGGTGGTGCATGCCTATGGTCCCAGCTACTCAGGAGGCTGAGGCAGGAGGATCGCACTAATCTAGGAGATGGAGGCTGCAGTAAGCCGAGATTGAGTCATTGCACTCCAGCCTGGGCGAAAGAGCCAGACTCTGTCTCAAA"
"GL873521","24970004","24970019","chr3","153804291","153804307","1","128834287","AAAACAAAACAAAAAA","CAAAACAAAACAAAAAA"
"GL873521","25391954","25392209","chr7","3491054","3491312","81","21900900","CCTAGTGCAGTGGCTCACACCTGTAATCCTGGAGGCTGAAGCAGATGGATTGCTTTGAGTTCCTGCCTAAATAAAAGTGGGAATCTACTATAGCAAAATTAGCTGGGCGTTATGGTGGGTACTTGTGGTCCCAGCTACTCAGGACGCTGAGGCAGGAGGATTGCTTGAACCAAGGAATTTGAGGTTGTTATGAGCTATGATGATGCCATGGCACTCTACCCAGGCCACAGAGTAAGATTTGGTCTCCAAAAAAAAA","GGCCAGGTGCGGTAGCTCACATCTGCAATCCCAGCACTTTGGGAGGCTGAAGCTAGAGGATCACTTGAGTCTTGTCTCTACAAAAAAAATCAAAAAATTAGCCAGGGCATGGTGGTGCATGCCTGTAGTCCCAGCTACTCGGGAGGCTGAGGCAGGAGGATCACTTGAGCCCAGGAGGTTGAGGCTGCAGTGAGCTGTGACTGTACCACTGCACTCCAACCTGGGCAACAGAGTGAGACCCTGTCTCAAAAAATAATAA"
"GL873521","25453333","25453646","chr22","29946204","29946503","77","4492871","GCCGGGTACAGAGGTGCATTTACCTGTAATCCTAGCACTTTGGGAGGGTAGGGTAGGAGGATGGCTTGGGGCCAGTAGTTCAAGACCAGCCTGAACAATCTAGTGTGACCTCGTCTCCACAAAATATAGAAAAATTAGCCAGGCATGGTGGTGGGCACTTGTATTCTCAGCTTCTCAGGAAGCTGAGGCAGGAGGATCTTTTGAGGCTGGAAGGTTGAGGTTGCATTGTTGAGATTGCACTGAGCTGTGATGACACCACTGCACTCTAGCCCTGGCAACAGAGTGAGATCCTAATTTAAAAAAAAAAAAAAAAA","GCTGGGCGTGGTGGCTCCTTCCTGTAATCCCAGCACTTTGGGAGGCCAAGGCTGGAGGATCACCTGAGTCCAGGAGTTTAAGACCAGCCTGGGCAACATAGGGAGACCCTGTCTCTACAAAAAATAAAAAATTAGCCAGGCATGGTGGTGTGCACCTGTAGTCCCAGCTACTCAGGAGGCTGAGGCAGGAGGATCTCTTGAGCCTGGGAGGTCAGACTACAGTGAGCAATGATTGTGCCACTGCACTCCAGCCTGGGTGACAGAGTAAGACTCTGTCTCTTAAAAAAAAAAAAAAAAAAA"
"GL873521","25473197","25473312","chr11","64318421","64318538","25","38845224","GGGCATGGTAACTCACTCCTATAATCCCAGCAGTTTGAGAGGCCAAGGCTGGAGGATCACTTAAGGCTAGGAGTTCATGACTGGTCAGGGCAACATAGTAAGACTTATTCTCTACA","CCAGGCATGGTGGCTCACACCTATAATCCCAGCACTTTGGAAGGCCAAGGCGGGAGGATCCCTTGAGGCCAGGAGTTTGAGACCAGCCTGGGCAACATAGCAAGACTCCGTCTCCACA"
"GL873521","25473339","25473487","chr1","35894728","35894879","40","10421389","AAGAATTAGCTAGGCATAGTGGTGCGCAGCTGTAGTTCCAAGTACTTGGGAGGTTAAAGACCATGTGAGCGCAGGAGTTCAAGGCTACAGTGAGCTGTGATCATGCCACTGCACTCTGGCCTGGGTGACAGAGTCTGTGTCATAAAAAA","AAAAATTAGCCAGGCATGGTGGCACATGCCTGTGGTCCCAGATACTTGGGAGGCTGAAGTGGGAGGATCACTTGAGCCCAGGAGATCAAGGCTGCAATGAGCCATGATCATGCCACTGCACTCCAGCCTGGGCAACCCTGTCTTTAAAAAAA"
"GL873521","25493130","25493293","chr4","75562087","75562252","41","50068957","CTTAGAGTTGTGGTGGGCTCCTGTACTCCCAGCTACCCAGGAGGTGAGGCTGAGGCAGGTGGATCACTTGAACCCAGGTATGTGAGGTTGCTGAGAGCTAGGATGACACACAGCACTCTAGCCTGGTGACAGAGTGAGTCTATGTCTCTAAATAAATAAATAAA","TTAGCTGGGTGTGGTGGCATGCACCTGTAGTCCCAGCTACTTAGGAGGCTGAGGCAAGAGGATCACTTTAGCCCAGGAGGTGGAGGTTGCAGTGAGCTGAAATCATACCACTGCACTCCAGCCAGGGTGACAGAGTGAGACCTTGTCTCAAAAATAAATAAATAAA"
"GL873521","25493320","25493467","chr9","31337596","31337743","33","5844276","GACTGGGCTTGGTGGCTCATGCCTGTAATCCTAGCATTCTGGGAAGCTGAGGCAGGAGAATCACTTGAGGTCAGGAGTTCAAGACCAGACTGAGCAAGAGTGAGATCTTGCCTCTACTAAAAAAATATATATTTTTAAAAAATAATGC","GCTGGGTGTGGTGGCTCACACCTGTAATCCTAGTGATTCAGGAGGCTGAGGCAGAAGGATCACTTGAGGTCAGGAGTTTGAGAGCAGACTGAGCAACAGAGTGAGACCCCCTCTCTAAGAAAAAAATATTAAAAAAAAAAACAACCGC"
"GL873521","25793453","25793728","chr15","82250472","82250741","88","56457019","CAGGTATGGTGGCTCACACCTGTAATCCCAGCACTTCGGGAGGCCAGGAGGTGGGGGAGAGGCTCTCTTGAAGCCAGGAGTTCCTGACCAGCCAAGCAACAGGCGAAACCTTATCTCTACAAAATATTAAAGAAAAAAGGAAATTAGCCAGGTATAGCAGTAGACATCCATAATTCCAGATACTGTCGTGGCTAGGACAGGAAGATCACCTGTGATTGTGCCACTGCATCCCAACTTGCCAAAAAAGCAAGATGCTGTCTCTATAAAAGAAAACTA","GCCGGGCACGGTGGCTTATGCCTGTAATCCCAGCACTTTGGGAGGCCGAGGCAGGAGAATCGCTTGAGCCCGGGAGTTTGAGACCAGCCTGGGCAACATGGTGAAACCAAGTCTCTACAAAAAAATACAAAAAAATTAGCCAGGTGTCGTGGTGCACGTCTGTAGTCCCAGCCACTCCTGGGAGGTCGAGGCTGCAGTGAGCTGTGATCGTGCCACTGCACTCCAGCCTGGGGAACAGAGTGAGACCCCGTCTCAAAAAATAAAAAAAAA"
"GL873521","25946379","25946540","chr16","48668108","48668267","54","22721729","GTTGAGGCAGGATTTCTTGAGGCTGGGAGTTGGAGACCAGCCTGAAAAACATGTTGATACCATTGCTACAGAAATTAGAAGAGTTAGCTGGGTATAGTGGTGCATCCCTGTAGTTCCAACTACTAGGGATGCTGAGGCAGGAGGGTCACGTAAGCCCAGGAG","GTGGGAGGATTTCTTGATCCCAGGGGTTCAAGACCAACCTGGGCAACATAGTGAGACCCTGTGTATACTGAACAAAAACAATTTTTCAGGCATGGTGGCACACACCTGTAGTCCGAGCTATTCGAGAAGCTGAGATGGGAGGATCCCTTGAGCCCGGGAG"
"GL873521","25955927","25956105","chr3","43378154","43378339","50","17422227","AAAAAATAGAAAAATTAGCCATGTGCAGTGGCATGTGCCTATAGTTCCACCACTGTAGGGGCTGAGGTAGGAGGATCCCTTAAGACCAGGACTTTGAGATTGCTGTGAGTTATGACATCACTGCTGTCTGGTTGGGTGACAAAGGGAGACTTTGCCTCAAAAAAGGGAAGAAAGAAAAA","AAAAATACAAAAATTAGCCGGGCATGTTGGCATGTGCCTGTGGTCCCAGCTACTCCAGAGGCTGAGGTGGGAGGATCACTGGAGCCCGGGAAGTTGAGGCTGCAGTGAGCTGTGATCACACCACTGCACTCCAGCCTGGGTGACAGAGTGAGACCCTGTCTCAAAAAAAAAAAAAAAAAAAAAAAA"
"GL873521","26298260","26298339","chr4","95794331","95794409","18","69496071","GGCTGGGTGCATCAGCTTATGCCTGTAATCCCAGTACTTTAGGAGGTTGAGGTAAGAGGATCACTTAAGAACAGGAATCC","GGCTAGGTGCAGTGGCTTACACCTGTAATCCCAGCACTTTGGGAGGCCGAGGCAGGAGGATCACTTGAGCCCAGGAGTT"
"GL873521","26307582","26307851","chr5","152032216","152032514","85","125724634","GCTGGGCATAGTGGCTCACACCTACACTCTTAGAGGCCAGGGCAGATGAATTATTTGAGCTTGGGAGACCAGACTGAGCATGAGTGAGATCCTGTTCCTACTAAAAATAGAAAAATTAATTGGGTGTTGTGCCTGTAGTCCCAGCTACTTGGAAGGCTGAGGCAAGAGGATCACTTGAGCCCAAAAGACTGAAGTTCTAATGCCAAACATGCTACTCAGAGGGACAGAATGAGACTCTGTCTCAAAAATAAATAAATAAATAAATAAATA","GGCTGGGCACAGTGACTCACACCTATAATCCCAGCACTTTGTGAGGCTGAGGCAGGCAGATTATTTGAGCCCCTGAGGTCAAGACCATCCTGGGCAACATGGCAAAACCTCATCTCTACAAAAAATACAAAAATTAGTTGGGTGTGGTGGCATACGCCTATAGTCCCAGCTCCTCAGGAGGCTGAGGTAGGAGGATGGTTTGAGCCCAGGAGATGGAGGTTGATCATGCCACTGCTCTCCAGACTGGGCAACAGAATGAGACTCTGTCTCACAAAAAATGAAACAGAATAAAATAAAAA"
"GL873521","26951040","26951317","chr17","16672309","16672598","75","10278731","TGGCTTACACCTGTAATCCTAGCACTCTGAGAGGAGTGAGGCAGATTGCTTGAGCTTAGGAGTTTAAGACCAGCCTGAGCAAGAAAGATCCCATTTTTACTAAAATAGAAAACTAGCCAGGGGTGGTGGCCTATGTCTGTAGTCCCAGCTACTCGGTAGGCTAAGGCAAGAGGATTGCTCAAACCCAAGAGTTTGAGATTGCTGTGAGTTCTGGTGCCATGACACTCTATCCAGGGTAACAGAGTGAGACTTTGTCTAAAAAAGAAATAAAATAGGTG","GTGGCTCACACCTGTAATCTCAGCACTTTGGGAGGCTGAGGCGGGAGGATCACTTGAGCCCAGGAGTTTGAGACCAGCCTGAGCAACATAGTAGGCTCCTGTCTCTACAAAAAAATACAAAAATTAGCTGGTACTGGTGGCATGTGCCTGTAGTCCCAGCTACTCAGGAGGCTAAGGCAGGAGAATCGCTTGAGCCCAGGAGGTTGAGGCTGCTATGAGCTGTGATGGCACCACTGCACTCCAGCCTGGGTGACAGAGTGAGACCTGGTCTCAAAAAGAAAAAAAAAAAA"
"GL873521","26951542","26951557","chr3","53948633","53948648","1","26997091","AAAAGAAAGAAAGAAA","GAAAGAAAGAAAGAAA"
"GL873521","27061553","27061681","chr3","122788793","122788920","26","95727240","GGCCACGCACAGTGGCTCATGCCTTTAATCCTAGCTTTCTGTGGAGGCCAAAGCAAATGGATCACTTGAACTCAGGAGTTCAAGACCAGCCTGAGCAAGAGCAAGACCCCATCTCTACTAAAAATAGAA","GGCCAGGCACTGTGGCTCATGCCTGCAATCCCAGCACTTTGGGAGGCCAAGGCAAGAGGATTGTTTGAGCCCAGGAATTCAAGACCAGCCTGGGCAACTCAGGAAGACCCCATCTCTACAAAAAACAA"
"GL873521","27061706","27061860","chr8","96136998","96137163","44","69075292","TAGCTTGGCATTGTGGTAGGCACTGGCAGTCCCAGTTACTTCGGAGGCTAAAACAAGAAGGATTGCTTGAATCCAGTGAGGTTGCTGTGAGCTATAATGTCATGGCACTTCTCCCCAGGGCAACAGAATGAGACTATCTCAAAAAAACAAATAAA","TTTAGCTGGGAAGGTTGGCACGCACCTGCAGTCCCAGCTACTTGGGAGGCTGAGACTGGAGGATTGCTTGAGCCCGAGAGGTCGAGGTGGCAGTGAGCCATAATCACACCACTGTACTCCAGCCTGGGTAACAGAATGAGACTCTGTCTCAAAACAAACAAACAAA"
"GL873521","27073730","27073910","chr1","68095575","68095737","50","41021845","GAGCAGCCTGAGCAGCTAGGGTACTGCTCCCTGCCTCTAGTCCCAGCTACTTGAGGGGCTAAGGCAGGAGGATTGTTTGAGCCCAGGAGCCCAGGAGTTTGAGATTGATGTGAACTAGGCTGATGCCATGGCACTCTAAACTGGGCAACAGAGTAAGACTCTATCTTAAAAAAACAAAAAA","TTAGCCCTGCATGGTGGCACATGCCTGTAGTCCCAGCTATTTGGGAGGCTAAGGCAGGGGGATGGTTGGAGCCCAGGAGGCAGAGGTTGCAGTAAGCTGAGACTGAGCCATTGCACTGCAGCCTGGGTGACAGAGTGAGACTCTGTCTCAAAAAAAAAAAAAA"
"GL873521","27074182","27074275","chr19","50666183","50666279","26","23592001","GCTGGGTACTGTGGCTCAAGCATGTAATCATAGCACTCTTGAGGCCAAAGTTTGGAGGATCCCTGAAGCTCCAGAGTTTAAATGCAGCTTGAGT","GGCTGGGCTCTGTGGCTCATGCCTGTAATCCCAGCACTTTGGGAGGCCGAAGTGGGAGGATCACTTGAGTCCAGCAGTTTGAGAGCAGCCTGGGCAA"
"GL873521","27115551","27115853","chrX","48006439","48006741","74","20890888","GGCCAGGTGTGGTGGCTCCTGTAATCCTATCACTATGGGAGGCCAAGGTGGGTGGATTGCTTGAGCTCAGGAGTTGGAGACTAGCCTAGGCAAGAGTGAGATCCCGTATCTACTAAATAGAAAAACTAACCAGGTTCCAGGTGCCTGTAGTCCCAGATTCTTGGGAGGCTGAGGCAAGAGGATCACTTAAGGTCAGGAGTTTAAGGTTGCTGTGAGCTATGATGTCATAGCACTCTACCCAGGGTGACAGAGTGAGACTCTATCTCAAACAAACAAACAAACAAAACAAAAACAACAAAAAAA","GGCTGGGCTCAGTGGCTCACGCCTGTAATTCCAGCACTTTGGGAGGCCAAGGTGGGCGGACTGCTTGAGCTCAGGAGTTCGAGACCAGCCTGGGAAACATGGCGAAACCCCATCTCTTAAAAAAAAAAAATTATCTGGGTGGCAGGAGCCTGTAGTCCCAGCTACTTGGGAGGCTGAGGTAGGAGGATCACCTGAGCCCGGGAGGTCAAGGCTGCAGTGAGCCATGATCGTGCCACTGCACTCCATCCTGGGTGACAGAGTGAGACCCTGTCTAAAAAAAAAAAGAAAAAAGAAAAAAAGAAA"
"GL873521","3621655","3621735","chr19","38588582","38588671","29","34966927","AAACCCCCCAGAAAATTAGCTGTAGTCCAGCTACTTGGGAGGGTGAGGCAGGATTGCTTGAACTCAGGAGGCTGAGGTTGC","TTAGCCAGGTGTGGTTGTGCACGCCAGTAGTCCTAGCTACTCAGGAGGCTGAGGCAGGAGGATTGCTTGAGCCCAGGAGTTTGAGGCTGC"
"GL873521","3642385","3642519","chr4","190118736","190118870","25","186476351","GGCTGGGTGAGGTGGCTCACACCTGTAATCCCAGCACTCTGGGAGGCCAACAGGGATGGAGCACCTGAGCTCAGGAGCTTGTGCCCAGCTTGAGCAAGAGTGAGACCTCATCTCTGTTAAAAACAGAAAAAAAAA","GGCTGGGTGCAGTGGCTCACACCTGTAATCCCAGCACTTTGGGAGGCCAAGGTGGGAGGATCACTTGAGCTCAGGAATTCGAGACCAGCCTGGGCAACATAATGAGACTGCATCTCTGTAAAAAAAAAAAAAAAA"
"GL873521","3642815","3642983","chr6","117522072","117522244","43","113879257","AAAAAAACTAGCCAGGCATTGTGGCGAGTGCCTGTAGTCCCAGCTACTCGGGAGGCGGAGGCAAGAGGAGTGCTTAATCCCAAGAGTTTGAGGTTGCTGTAAGCTATGACACTCATTCTACTCAGGGTAACAAAGTGAGACTCTGTCTCAAAAGGAAAAAAGAAAGAGA","TAAAAAAATTAGCCAGATGTGGTGGCATGTGCCTGTAGTTCCAGCTACTCGGGAGGCTGAGGCAGGAGGATTGCTTGAGCTCAGGAGTTCGAGGCTGCAGTGAGCTATAATTGTGCCACTGCACTCTAGCCTGGGTGACACAGTGAGACCTTGTCTTTAAAAAAAAAAAAAAA"
"GL873521","3668981","3669096","chr1","92774326","92774442","25","89105345","GGCTAGGCTCAGTGGCTCATGCCTATAATCCTAGCACTCTGGGAGGCTGAGACAGGTGGAGTGCCTACGTTCAGAAGTTTGAGACCAACCTGGGGAAGAGTGAGACCCTTGTCTCT","GGCCAGGCGCAGTGGCTCACACCTGTAATTCTAGCACTCTGGGAGGCAGAGGCAGGCAGACTGCTTGAGCTCAGGAGTTCGAGACTACCCTGGGCCACACAGTGAGACTTTGTCTCT"
"GL873521","3669118","3669287","chr19","44556029","44556196","40","40886911","GCCTAGCCATGCATTATGGTGGGCACCTGTAATCCCAGCTACTTGAGTGGCTGAGACAGGAGGATTGCTTGGGCCCAGGTGTTTGAAATTGTCGTGAGCTATGACAACACTATAGCACTCAACCCAGGGCACAGAGTGAGACCCTGTCTCAAAAAAAATAATAAATAAAA","TTAGCTGGGCACGGTGGTGTGCACCTATACTCCCAGCTACTCTGGAGGCTGAGACAGGAGGATTGCTTGAGCCCAGGAGTTCAAGACTGCAGTGAGCTAGGATCGCACCATTGCACTCCAGCCTGGGCAACAGAGTGAGGCCCTGTCTCTAATAATAGTAAAAAAAAA"
"GL873521","3669631","3669737","chrX","25092369","25092466","29","21422738","GGTTAGGCATGGTGGCTTACACATGTAATCCCAGCACTTTCAGAGGCTGAAGTAGGAGGATCTCTCAAGAGACCATCAGAGGGAGACCCTGTCCTTATAAATAATTA","GGGTGTGGCGGCTCAAACCTGTAATCCCAGCACTCTGTGAGGCTGAGGCAGGAGGATCGCCTGGGCAATATAGTGAAACCCTGTCTGTATTAATAATA"
"GL873521","3670024","3670183","chr1","26355033","26355200","40","22685009","TTGGTTGGGTGTGGTAGCACTTGCCAATAGTCTTAGCTACTTGGGAGGCTGAGGCAGGAGGATCCCTTGAGCCCAGGAGTTCAAAGTTGTAGTGAGCTGTAGTAGGGCCACTATAGGGTAAAAGAGTAAAATCCTGTCTCAAAAAAAAAAAAAAAAAAAA","AACTAGCTGGGTGTGGCGGCGTGTGCCTGTAGTCCCAGCTACTTGGGAGGCTGAGGCAGGAGGATCACTTGAGCCCAGGAGTTCAAGGCTGCAGTGAGCTAAGATCATACCACTGCACTCCAGCCTGGGTAATAGAGTGAGATCCTGTCTCAAAAAAAAAAAAAAAAA"
"GL873521","3713060","3713213","chr16","52591348","52591478","53","48878288","ACTAAAATTGTAAAGCCTAAGCTGGGTGTCATGGTGCACACCTGGAGATCCAGCTCCTCGGAGGCAGAGACAGGAGGATCTCTTGAACCCCAAAATTTGAACACAGTGCGACAACATAATGAGACCCACCTCTTACAAAAAATTACAAAGACTA","GCTGAGTGTGGTGGTGTGTGCCTATAATTCCAGCTACTCAGGAGGCTGAGGCAGGAGGATCACTTGAGCCCAGGAGTTTGAGACCAGCCTGGGCAACACAGTGAGACCCCATCTCAAAAAATTAAACATTA"
"GL873521","3858021","3858181","chr15","40727742","40727900","45","36869721","GGAAAAATTAGCTCAGCATTGTGGTGGGTGCCAATAGTCCTAGTTACTGGGGGGGTGGAGGGTTGAGGCAGGAGCTTGAGCTCAGGAGTTTGAGGTTGCTGCGAGCAAGGCTCATGCCATGGCACACTAGCCTGGACAACAGAGTGAGAGTCTGTCTCAAA","TTTAAAAATTAGCCAGGCATGGTGGTGACCACCTGTAGTCCTAGCTATTCAGGAGGCTGAGGCAGAAAGATTGCCTGAGCTCAGGAGTTTGAGGTTACAGAGAACTCTGATCATGCCACTGCACTGCAGCCTGGGCAACAGAGTGAGACTCTGTCTCAA"
"GL873521","3858456","3858567","chr17","26390105","26390216","27","22531649","GGTTGGATGCAGTGACTCACGTTTATAATCCTAGCACTCTGGGGAGCAGAGGCAGGAGGATCCCTTGAGCTTAGGAGCAAGACCCCATCTCTACTAAAAAATGGAAAAATTA","GGCCGGATGCAGTGGCTCACGCCTGTAATCCCAGCACTTTGGGAGATGGAGGTGGGAGGATCGCTTGAGGCTAGGGGTTCGAGACCACATCTTTACAAAAAATTTAAAATTA"
"GL873521","3958462","3958555","chr3","156881552","156881648","15","152923090","GGCCAAGTGTGGTGGCTCACGCCTGTAATCCCAGCACTCTGGGAGGCTGAGGCAGAGAATCACTGGAGCGCAAGAGTTTGAGACTAGCTTGAGC","GGCCAGTTGTGGTGGCTCACACCTGTAATCCTAGCACTCTGGGAGGCTGAGGCTGGAGGATCACTTGAGCTCAGGAGTTTGAGACCAGCCTGGGCAA"
"GL873521","4004289","4004415","chr2A","53135817","53135938","36","49131528","GCCGGGCGCGGTGGCTGACACCTGTAACCGAGCACTTTGGGAGGCATCTGTAGGAGGATCGCTTGAGGCCAGGGATTGGAGACCTCCCGCCCTACAAATGATTTTAAAATAAACTGCTTATGCTGGG","GCCAGGTACAGTGGCTGACATCTGTAATCCCAGCACTTTGGGAGGCTGAAGTGGGAGGATCACTTGAGGCCTGGAGCTTGAGACCAGCCTTGTCAACATAGTGAGATTAAAAAATTAGCTGG"
"GL873521","4004664","4004811","chr5","141173286","141173416","45","137168622","CTGCTTATGCTGGAGGACCCTCACCCCACCCCACCCCCACACACACCTTGTGCTCCTGACTTGGAGACTGCAGTGAACTATGATCAGGCCGCTGCCCTCCAGCGTGAGCGACAGAGCATGACCCTGTCAAAAAAAAAAAAAAAAAAAA","CTACTTGGGAGGCTGACCCACGAGAATCACTTGAACCTGGGAGGTAGGCTGCAGTGAGCTAAGATCACACCACTGCACTCCAGCCTGGGCAACAGAGCAAGACTCTGTCTCAAAAAAAAAAAAAAAAAAAA"
"GL873521","4367979","4368038","chr4","148843957","148844014","16","144475978","GGGCCCGGATAATGGCTCTAATCCCAGCTACTTGGGAGGCTGGGGCAGAAGGATCGCTTG","GCAATGGTACATGCCTATAATCCCAGCCCTTTGGGAGGCTGAGGCAGGAGGATCACTT"
"GL873521","4416492","4416644","chr15","38442496","38442652","39","34026004","GACAAAAATTAGATGGGCGTGGGGCTGTAGTTCCAACTACTCTGGAGGCTGAGGCAGGAGGGTTGCTTCAGCCCAGGAGTTTGCGGTTGTAGTGAGCTATAATGATTCCACTGCACTATAGCATGGTGACAGAGTAAGACTGTATCTCAAAAA","TTAGCCAGATATGGTGGTGCATGCCTGTAGTCCCAGTTACTTGGGAGGCTGAGGCGGGAGGATTGCTTGAGCCCAGGAGTTTGAGGCTGTGGTGAGCTATGATTGTGCCACTGCACTCCAGCATGGGTAACAGAGCAAGACCCTATCTCTTTAAAAA"
"GL873521","4416915","4417046","chr12","122239412","122239544","30","117822497","GCCTGGTACAGTGGCTCACAGCTGTAATTCTACCACTCTGGCAGACTGAGGCAGGAGTATAGCTTGAGGTCAGGAGTTAGAGAGCAGCCTGAGCAAAAGTGAGACCCTCTATTAAAAATAGAAGAATTAGGG","GGCTGAGCACGGTGGCTCATACCTGTAATCCTAGCACTTTGGGAGGCTGAGGCGGGAGGATTGCTTGAGGCCAGGAGTTTGAGACCAGCCTGGGCAACATAGTGAGACCCCATCTCTAAAAAAAAAAAAATTA"
"GL873521","4508052","4508216","chr1","180937305","180937458","45","176429253","CGCCAAAATAGCCACGTATGGTTGTGTGCACCTATAGTCCCAGCTATTTCAGAGGCGGAGACCATAAGACCACTTGCACCCAGGAATTTGAGGATACAGCAAGCTGTGATCATGCCACTGCACTCCACTCCAAGCCACAGACTGAGGCCTTGTCTCTTAAAAAAA","GCAAGCCAGGTGTGGTGGCATTTGCCTATAGTCCCAGCTATGTCAAAGGCTGAGACAAAAGTATCACTTGAACCCAAGAGTTAGAGGTTACAGTGAGCTATGATCGCACCACTGCACTCCAGCCTAGGCAACAGAATGAGACCCTGTCTCTAAA"
"GL873521","4508241","4508340","chr4","142826785","142826889","25","138318544","CCAGGTGCCATGGCTTATGCCTGTAATCCCAGGGCTCAGCTTGAGGCAGATGATCACTTGAAGCCAGGAGTTCGAGACCAGCCTGGGTAACACAGTGAGA","GGCCAGGTGTGGTGGCTCATGCCTTTAATACCAGGGCTTTGGGAGGCTGAGGCAGGACGATCACTTGAGGCCAGGTGTTTAAGACCAGCCTGGGCAACATAGGGA"
"GL873521","4585645","4585775","chr1","22024766","22024901","32","17439121","GCTGGGCAAGGTGGCTCACGCCTGTAATCCGAGCACTCGGGGAGTCCAATAGGGGTGGATTGCCTGAGCTCAAGTTCAAGACCAACCCAAGCAAGAGTAAGACCCCATCTCTACTAAAAATAGAAAAAACA","GCCAGGTGAGGTAGCTCACGCCTGTAATCCCAGCACTTTGGGAGGCCAAGGTGGGTGGATCAACTGAGGTCAGGAGTTCAAGACCAGCCTGGCCAATATGGTAAAACCCCATCTCTACAAAAAATACAAAAATTAT"
"GL873521","4586039","4586216","chr5","162553581","162553768","45","157967542","TAATAGAAAAACTAGCCACTGGTAGGCACCCATAGTCCCAGCTACTTGGGAGACTTAGGCAAGAGAATCACTTAGCCCAAGAGTTTGAGGTTGCTGTGAGCTATGATGCCATAGCACTCTACCCACAGTGCCAGAGTGAGATTCTGTCTCAAAACAAAAAAAGAAAGAAAGAAAGAAA","AATTTAAAAATAGCCAAGTATAGTGGCATGCCTCTGTATTCCTAGCTACTTAGGAGACTGAGGCAGGAGGATCACTTGAGCCCAAGTGTGTGAGGCTGCAGTGAGCCATGATCCAGCCACTGCACTCGAGCCTGGAAGACAGAGTGAGATACTGTCTCAAAAAAAAGAAAGAAACGAAAAGAAAGAAA"
"GL873521","4615177","4615298","chr12","11845861","11845982","46","7230684","AAATATAATGAGTAGCTGGGTGTGGAGGCACGTACTTCTACACCCAGCTACATAGAAACTGTGTAGCAGGCAGGAAGATAGTTTAATTAATATAGTGAGAACCCCATTTCAAAAAGAAAGAA","AATACAAGGAAGCCAGGTGTGGTGGCATGCACCTACAGCCCGAGCTACTCGGGAAGCTTTGAACTGGAGACAAGCCTGGGCAACATAGTGAAACCCCATCTCCCTCTAAAAACAAGGAAAGA"
"GL873521","4639212","4639298","chr17","29760224","29760310","16","25121012","GGCCTGGCACAGTGGCTCATACCTATAATCCTAGCACTCTGGGAGGTGAGGTGGGGAGGATCCTTTGAGCTTAAGAGTTTGAGATCA","GGCCATGGGCAGTTGCTCACACCTATAATCCCAGCACTTTGGGAGACTGAGGTGGGAGGATCGCTTGAGCACAGGAGTTTGAGACCA"
"GL873521","4757227","4757326","chr1","32811419","32811520","26","28054192","TAAAATAAATAAATCAGCTGGCAGTGTGGTAGGCAACTGTAGCCCCAGCTACCCAGGGCTGTGGCAGGAAGGTGACTTGAGCCCAGTAGTTTGAGGTTGC","ATTAAATTAAATGGAGCCGGGCGTGGTGGTATGCACCTGTTGTCCCAGCTACTCAGGAGGCCAAGGCAGGAGGATCACTTGAGCCCAGGAGTTTGAGGATGC"
"GL873521","4757600","4757715","chrX","124471265","124471386","33","119713665","GGCTGAGCAGTGTGGCTCACGCCTGTAATCCTAGTGCTTTGGGAGGCTGAGGTGGAGTGAATTCCAGACCTGCCTGAACAAGAGAGTTTTTGTCTCTACTAAAAATATAAAAATCA","GGCTGGACACCGTGACTCACGCCTGTAATCCCAGCACTTTAGGAGGCTGAGGCAGGAGGATTGCTCAAGACTAGCCTGGCCAACATGGTGAAACCCCGTCTCCACTAAAAATACAAAAATTA"
"GL873521","4833908","4834183","chr20","5619662","5619943","68","785754","GGCCAGTGCAGTGGCTCATGCTGTAATCCCAGCCCTCTGGGAGGCTGAGGCAGGCGGATCCCCTGAGCTCAGTGGTTGGAGACCAGCCTGAGCAAAAGTGCAACCCCGGCTCTACTAAAAATAGAAAAAACATTAGCTGGGCTGGGTGGCAGCTGCCTATAGTTACAGCTAATAGGAAGGCTGAGACAGGAGGATGGTTTGAGCTCAGGAGGTTGGGGTTAAGATATGGTGACACCACTGCATGCTACCTGGGGCACAGAGCAAGACTCTTGTCTC","GGCCAGGTGCAGGGGCTGACACCTGTAGTCCCAGCACTTTGGGAGGCTGAGGCAGGAAGATCACTTAAGCCCAGGAGTTCGAGACCAGCCTGCGCAACATGGTGAAAACCCGACTCTACAAAAAATACAAAAACTAGCCAGGCATGGTGGTGCCTGCCTGTAGTCCTAGCTACTCAGAAGGCTGAGATGGGAGGATTGCTTGAGCCCAGGAGGTTGAGGTTGCAGTGAGCTGAGATGACACCGCTGCATTCCAGCTTGGGTGCCAGAGCAAGACCCTCTCTC"
"GL873521","4857882","4858053","chr13","48157593","48157767","59","43299711","GACCAACCAGAGTAAGAATAAGACCCCTGTCTCTACAAAAAAATGCCAAAATTAGCCAGGCATAGTGGCATGCACCTATAGTCCCAGCTACTATAGTTTTGAGGTTGCTGTGAGCTATGACGATGACATTGCACTCTACCCCAGGCAACACAGCAAGGCTCTGTCTCCAAAA","CCAGCCTGGACAACATAGGGAGACCCTGTCTCTACAAAAAAATTTTCAGAAAATTAGCTGGGCACCATGGCGCATTCCTATAGTCCCAGCTACTCAGGAGGCTGCAGTGAGCCATGATTGTGCCACTGTGCTCCAGCACGGGTGACAGAGCAAGACCCTGTCTCTTAAAAAAAAA"
"GL873521","4858329","4858418","chr2B","246546136","246546224","17","241687807","CAGGAGCAGGGGCTCACACCTATAATCCTAGCACTCTAGAAGGCCAAGGCTGGAGGATTACTTGAGGCCAGAAGTTCATGACCAGCCAGT","CCAGGTGCTGTGGCTCATGCCTGTAATCCCAGCACTTTGAGAGGCCTAGGCAGGAGGATTACTTGAGGCCAGAAGCTCAAGACCAGCCT"
"GL873521","4904065","4904344","chr20","3250028","3250308","77","1654037","GGCCAGGCATGGCGGCTCAGCCTATAATCTGGGAGGCCAAGGCTCAAGGAGTTTGAGACCTGCCTGAGCAAGAGCAAGACCCTGTCTCTACTAAAAATAGAAAAAACAGCCAGGTGTTGTGGCAGGCACCTGTAGGCCCAGCTACTTGAGAAACTGAGGCAGGAGGACTGCATGAGCTCAGGAGTTTGAAGTTGCTGTGAGCTAAGAAGCCACAGCATTCTAGTCTGTAGCAACAGAGTGAAACTGTCTCAAAAACAGAACAAAACAAAACAAAACAAAA","GGCCAGGTGCAGTGGCTCACACCTATAATCCTAGCACTTCAAGGCCAAGTTCGAGACCAGCCTGGGCAACATGGCAAAACCCTGTCTCTACAAAAAAAAAATAAAAATTAGCCAGGCATGGTGGCGCTCACCTGTAGCCCCAGCTTCTTGTGGGGCTGAGGCAGGAGGATTGTTTGAGCCTGGGAGACAGAGGTTGCAGTGAACCTATATCATGCCACTGCACTCCAGCCTGGGTGACAGAGTGAAACCCTGTCAAAAAAAAAAAAAAAAAAGAAAGAAAA"
"GL873521","5548943","5549231","chr4","172002891","172003185","72","166453948","GACTGGGCACAATGGCTCACGCCTATAATCCTAGCACTCTGGAAGGCCAAGGTGGGTGGATTACTTGAGCTCACAGGTTTGGGACCATCCTGAGCAAGAGTAAAACCTCATCTCTAAAAATAGCCCGGCATTGTGGTGGGTACCTTGTAGTCCCAGCTAGTTGGGAGGCTGAGGCAAGAGAATCTCTTGAGCCTAAGACTTTGAGGTTGCTGTAAGCTGTGATGCCATGGTACTCTACCGAGGGTGACATAGTAAGACTCTATCTCCAAAAAAAAGAAAGGAAAAAGAA","GGCCAGGCACAGTGGCTCATGCCTATAATCCCAGCAATTTGGGAGGCCAAGGTGGGAGGATCACTTGAGCCCAGGAGTTGGAGACCAGCCTGGGCAACATGGCAAAACTCCATCTCTACAAAAAATAGAAGCCAGGTGTGGTGGTGTGCATCTGTAGTCCCAGCTACTTGGGAGGCTGAGGTGGGAGAATCGCCTGAGCCTGGGAGGTGGAGGTTGCAGTGAGCCAAGATCATGCCACTGCACTCTAGCCTGGGTGTCAGAGTGACAACTTGTCTCAAAAAAAAAAAAAAAAGAA"
"GL873521","5616768","5616899","chr1","134480867","134480991","29","128864099","GTGGCTCTCTCCTGTAATCCCAGCACTTTGGGAGGCCAGGGGAGAGGATTGCTTAAGGCCAGGTATTTGAAACCAGCCTGGGCAACACAGAGAGATATGCCCATCTCTACCAAAAGAAAAAAATTGCTAGGA","GTGGCTCATGCCTGTAATCCCAGCACTTTGGGAGGCCAAGGAGTGAGGATTGCTTAAGTCCAGGAGTTCAAGAACAGCCTGGGAAACATAGTAAGATCCTGTCTCTACAAAAAATAAAAAATTGT"
"GL873521","5617203","5617331","chr3","201848039","201848154","42","196230836","TTAAAAGTTTGCTGGGCTTGCTGAAGTGTGCCTGTAGTCCCAGCTACTCAAGAGACTAAAGTGGGGGGGATCAACAGAGCCCAAGAGTTTTAGCCTGTTCTGAATCACTGGACCACTGCATTCCTGTCT","ATTAGCTGGGCGTGGTGGCGGCTGCCTGTAGTCCCAGCTACTCAGGAGGCTGAGGTGGGAGGATCACCTGAGCCCGGGAGGTCGAGGCTGCAGTGAGCAGTGATGACGGCACTGCA"
"GL873521","5813449","5813645","chr8","55925895","55926096","51","50112446","TCTATAAATATATAGAAATTGCCAGGCACTGTGGCTAATGCCTGTCATCCGAGCACTTTGGGAGGCTGAGGCAGGAGGATCATTTGAGCCCAGAAGTTGGAGGCTTCTATGACTGGGGTGCTGCACTACAGTGGAGGCTGGGTGAAAGAGCAAGATTCTGTCTCTAAAAAACATACAAAACAAACAAACAAACAAAA","TCTCTACAAAAAAATAAAAAACTAGCCGGGCATGGTGGCACATGCCTGTAGTCCCAGCTACTTGGGAGGCTGAGGCAAGAGGATCACTTTACCCCAGGAGGTCGGGGCTGCAGTGAGCTGTGTTCATACCACTGCACTACAGCCTGGGTGACAGAGCAAGACTCTGTCTCAACAAAACAAAACAAAACAAAACAAAACAAAA"
"GL873521","5816723","5816839","chr7","150519989","150520108","29","144703266","GGCTTACACCTGTAATCCTAGCACTTTGGGAGAGTGGGAGTATGGCTCGAACCCAAGAGTTGGGAGACCAGCATGGGAAAGAATGAGACCCTGTCTCTACAAAAATAGAAAAATTAG","TGGCTCACATCTGTAATCCCAGCACTTTGGGAGGCCAAGGTGGGAGGATTGCTTGATCCCAGGAGTTGGAGACCAGCCTGGGCAACATAGTGAGACCCTGTCTCAACAAAAATTTATTTT"
"GL873521","6392280","6392393","chr13","98865790","98865887","34","92473510","GGCATGGTGATACATGCCAGCGACTTAGGAGGAGGACCCCTTGAGCAAGTGAGCAGTGATTGTGCCACTGCACCTCCAGCCTGAGCAACAAAGTGAGACTCTGACTCTTAAAAA","CAGGGGGACCACCTGAGCCTGGGAGGTTGCAGCTGCAGAGCCGTGATTGTGCCACTGCATTCCAGCCTGGGCAACAGAGTGAGCTCCTGTCTCAAAAA"
"GL873521","6821886","6822161","chr13","35542940","35543211","71","28721054","GGCCTGGTGCAGTAGCTCAGAGCTGTAAGCCTAGCACTCTGGGAGGCAGAGGTAGGTAGATCACTTGAGACCAGGAGTTCAAGAAGACCAGACTAAGTAAGAGTGAGACCCTCACCTATGCTAAAAATAGAAAATATTAGCTGGGCATACAGTGTATGTCTGTAGTCCAGGCTACTTAGGAAGCTGAGGTAGGAGGATCACTTAAGCCCAGGAGTTTGAGGTTGCTGTGAGCTAGGCTGAGGCCATGGTACTTCAGCCTCGGCAACAGAGTGAGAC","GGCCAGATGTGGTGGCTCACACCTGTAATCCTAACACTTTGGGAGACCGAGGTGGGTGGATCACTTGAGGTCAGGAGTTCAAGACCAGCCTGGCCAACATGGTGAAACCCCATCTCTACTAAAAATACAAAAATTTGCTGGGCATGATGGTGGGCGCCAGTAGTTCCAGCTACTCAGGAGGCTGAGGCAGGAGAATCGCTTGAACCCAGGAATCAGAGGTTGCAGTGAGCCAAGATCACGCCATTGCACTGAAGCCTGGGCGACAAGAGCAA"
"GL873521","6822427","6822459","chr1","26448863","26448892","8","19626436","TCAGAGTGAGACTTTATCTCAAAGAAAAAAAAA","TGAGTAAGACCCTGTTTCAAAGAAAAAAAA"
"GL873521","6828199","6828251","chr12","8954703","8954756","17","2126504","GGGAGAGGTAGCTCAGGCCTGTAATTCTAACACTCTGGGAGGGAGGATCCCTT","GGTCAGGTATGGTGGCTCATGCCTGTAATTCTAGTACTTTGGGAGGCTGAGGTC"
"GL873521","6828640","6828791","chr2A","70191250","70191406","45","63362610","CCTTGAGCTCACAAGTTTGAGACCAGCCTGAGCAAGAGCGTGACTATCTCTACTAAAAATAGAAAACTCTGCTAGGTGTTGTGGCAGGTGCCTATAGTTCCAGCTACCTAGGAGGCTGAGGCAAGAGGATCACTTAAGCCCAGCAGTTTGAG","TCACTTGAGCCCAGGAGTTCGAGACCAGCCTGGGCAACATAGTGAGACTCAGTCACTACAAAAATAAACTTGCTGGGTGTGGTGGTGTGCACCTGTAGTTCTAGCTACTCAGGAGGCTGAGGTGGGAGGATCCCTTGAGCCTCGGAGGTGGAGGTTG"
"GL873521","6837142","6837367","chr12","104694083","104694305","59","97856941","GACTGGGTGCTATAGCTCACACCTGTAACCCTAGCACTCTCAGAGGCCAAGGTGGGTGGATTCGCTGAGCTCAGGAGTTCAAGACCAGCCTGAGCAAAATAAGACCCCATCTCTACTAAAAATAGAAAAAGAAAAACCAGCCAGGTGTGGTGCCAGGAGCCTGTAGTTCCAGCTACTCAGAGGCTAAAGTAAGAGGATTATTTGAGCAGTAAGAGTTTGTGGTTTC","GACTGAGTACGGTGGCTCACACCTGTAATCCTAGCATTTTGGGAGGTCAAAGTGGGAGGATGACTTGAGCCCAGGGGTTCAAGACCAGCCTGGGCAACAAAGTGAGACCCTGTCTCCATAAAAATTACAAAAATTAACCAGGCATGGTAGCATGTGCCTGTAGTCCCAGCTACTCGGGAAGCTGAGGCCAGAGGATTGCTTGAGCTTAAGAGGTTGAGGCTGC"
"GL873521","6837616","6837695","chr14","61332116","61332199","24","54494500","GTTTGTGGTTGCTGTGAGCTATGACATCACAGCACTCAACCCCAGGGTGACTACATACAACTCTGTCTCAGAAAAAAAAA","GGTTGAGGCTGCAGTGAGCTGTAATTGTACCACTGCACTCCAACCCAGGTGACACAGTAAGACCCTATCTCAAACAAAACAAAA"
"GL873521","7000001","7000131","chr1","35753661","35753787","41","28753660","ACAGTAATACATACTTGTAGTTCCAGCTTCTAGGCTGAGGCCAGAAGATGGCTTGAGCCCAGGACTTTGAGGTTGCAGTGAGAGATGATGATACCTCTGTACTCTAGCCCAGGTAACAGAGACTCTGTTTC","TTAGCCAGGCATACTAGCTCATGCCTGGAGGCTGAAGCAAGAGGACAGCTTGAGCCCAGGAGTTTGAGGCTGCAGGCAGCTATGATCGCACCATCGCACTCCAGCCTGGGTGACAAGACCCCATCTC"
"GL873521","7000386","7000547","chr6","44662547","44662705","42","37662161","GGGTGTGGTGGCTCTTACCTGTAATCCTAGCACTTTGGGAGGCTGGGGCAGGCAGGAAGATTGTTTGAGGCCAGGAGTTCCAGACCAGGCTTGTCAATATAGTGAGACCCCGTCCCTATAAAAAATAGAAAAATTATCTGGGCCTGGTAATGCATACTTTGG","GGCACAGTGGCTCATGCCTATAATCTCAGCACTTTGGGAGGCCAAGGTGAGAGGATCACTTGAGCCCAGGAGCTACAGACCAGCCTGGGCAACATAGAGAAAACCCATCTCTACAAAAAATACAAAAATTATCTGGGCGTGGTGATGCATGCCTGTTGT"
"GL873521","7034228","7034543","chr6","83628974","83629284","80","76594746","GGCCAGATGCAGTGGCTGACACCTGCAATTCTATAACTTTAGGAAGGTGAGAGAATTGCTTGAGGCCAGGAGTTCCAGACCAGCCTGAACAATATAGTGAGACCCCATTGCTACAAAAATTAGAAAAATTCACTGGGTGTAATGGCCAATGCCTGTATTCCCAGATAATCCAGAGGCTGATGCTGGAAGATTACTTGAGCCCAAGAATTTGAGGTGACAGTGAGCTATGATGACACCAATGCACTCTAGCTTGGGCAATAGAGTGTGACCCTATTTCCAAAAAAAGAAAGAAAGAAAGAAAGAAAAGAAAAGAAAA","GGCAGGGCATGGTGGCTCATACCTGTAATCCCAGCACTTTGGGAGTCCAAAGTGGGTGGATCGCTTGAGTCCAGGAGTTCAAGACCAGCATGGGCAATATGGTGAAACCCTATCTCTACAAAAAAATACAAAAATTAGCTGGGCATGGTGGCATGCACTTGTATCCCAGCTACTCCAGAGGCTGAGGTGGGAGGATTGCTTGAGCCCAGGAGGTTGAGGCTGCAGTGAGCCATGATCACACCACTGCACTGTAGCCTGGGCAGTAGAGCGAGACACTGTCTAAAAAAAAAAAAAAAGAAAAGAAAAGAAAA"
"GL873521","7070010","7070206","chr5","79804250","79804453","53","72734240","GGCCAGGCAAGATGGCTCATGCCTGTAATCCTAGCATTCTGGGTGGCTGAGACAGGCATATTCCCTGAACTCATGAGTTGGAGACAAGTCTGAGCCAGAGTTAGACCTCATCTCTAAAAATAGCCTGGCATTGTGGCATACACCTGTAGTCTCAGCTACTTGGGAGGCTGAGGTGAAAGAATTGCTTAAGCCCAAGA","CAGGCACTGTGGATCACACCTGTAATCCCAGCACTTTTGGAGGCTGAGGCGGGCAGATTGCTTGAGCTCAGGAGTTTGAGACCATCTTGGGCAACCTGGTAGAACCACATCTCTACAAAAAATTAGCCGGGCATCGTGGCACACGCCTGTAGTCGCAGCTATTTGGGGGGCCTCCTGAGGTGAGAGGATTGCTTGAGTCCAGGA"
"GL873521","7070300","7070404","chr10","27497894","27497990","34","20427594","GTAAGCCCAAGATTTTGAGGTTGCTGTGAGCTATAATGCCATAGCACGCTAACTGAAGCAAAGTAACTATGACAAAGTAAGACTCGGTCTCAAGAAAGAGAAAAA","CACTTGAGCCCAGGAGGTTGAGGCTGCAGTGAGCTATCATGCCACCACACTCCAGCCTGAATTACATGGCAAGACCCTGTCTCAAGAAAAAAAAAAA"
"GL873521","7099137","7099314","chr16","419989","420167","56","6679148","GGCTGGGTGCCGCGGCTCACACCTATAATCCTAGCACTCTGAGAGGCCAAGGCAGGTGGATTGCTTGAGCTCAGGCACTTGAGGCCCTCAAATAGAAAAACTAGCCCAGCCTTGTGGTGGGCCCCTGTAGTCCAGCTACTTAGGAGGCTGAGGCATGAGGATCGATTGAGCCCAAGTA","CTGGGCACCGTGGGTCATGCCTGTAATCCCAGCACTTTGGGAGGCTGAGGCAGGAGGATCACTTAAGCCCAGGTGTTCAAAAAACAAACAAAAAAACATTAGCCAGGTGTGGTGGTGCACACCTGTAGTCCCGGCTACTCAGGAGACTGAGGTGGGAGGAGCTCTTAAGACCGAGAGGT"
"GL873521","7099591","7099694","chr5","181790038","181790151","31","174690447","TGAGGCCAAGTATTTGAAGTTGCTGTGAGCTATGATGTGGCGCTCTACCAAGGTTGATAAAGTGAGACTCTGTCTCAAAAACAAACAAACAAACAAAAAAGCAA","TTGCTTGAGCCCAGGAGGTGGAGGTTTCAGTGAGCCAAGATCGTGCCACTGCACTCCAGCCTGGGTGACAAAGTGAGACCCTGTCTCAAAAACAAACTAACAAACAAAAAACAA"
"GL873521","7182117","7182284","chr17","14741482","14741644","46","7559365","AATTAGCCAGGCATCATAGCACATGCCTATAGTCCCAACTATTCAGGAGCCTCAGGGCCAGGAGGATCCCTTGAATATAGGAGTTTGGGGTTACTGTGAGCTATAATGATACCACCCACTGCACTTTAGTCTGGGTGACAGTGAGACCCCGGCTCAGGGGGAAAAAAA","AATTAGCCAGGCATGGTGGCACATGCCTATAGTTCCAGCACTTTGGGAGGCTAAGGCAGGAGGATTGCTTGAGCCCAGGAGTTTGAAGTTACAGTAAGCTATGATCATGCCATTGCACTCTAGCCTGGGCAACAGAGTGAGACCTTGTCTCTAAAAAAAAAAA"
"GL873521","7182549","7182656","chr11","75656969","75657073","28","68474420","AACCCCAGCACTTTGGGAGGCCAAAGCAGGAGGATCATTTGAGGCCTAGGAGTTGGAAAGCAGGCAGAACAAGAGTGAGACTATCTTCATAAAAATACAGAAAAATTA","CCAGCACTTTGGGAGGCCAAGGCAAAAGGATCACTTGAGCCCAGGAGTTTGAACCAACCTAAGCAACAGAGTGAGACCCTGTGTCTACAAAATATTAAAAAATTA"
"GL873521","7224398","7224414","chr1","153358526","153358539","3","146134128","AAAAAAGAAAGTAAAAA","AAAAAAAAAAAAAA"
"GL873521","7224442","7224704","chr16","23925003","23925279","73","16700561","GTGTGATGGCTCATGCCCATAATCCTAGTACTTTGGGAAGCTTAGGCAGGAAGATTGCTGGAGGTCAGGAGTTCAAGACCCACCTGAGCAAGAATGAGACCCCCGTATCTACAAAAAATAGAAACATTAGCTGGGTGTGTTGGTGTATGTCTGCAGTACCAACTACTAGAGAGTTTGAGGCAGGAGGATCGTGTAAGCCCAGGAATTTGAGGTTGCAGTGAGCCACCACTGCACTCTACCCTGGGAGGCAGATCAAGACTGTG","GGCTGAGCGCGGTAGCTCATGCCTATAATCCCAGCACTTTGGGAGGCTGAGGCAGGTGGATTACTTGAGCTCAGGAGTTCGAGACCAACCTGGGCAACACGGTGAAACCCCTTCTCTACAAAAAACACAAGAATTAGCAGGGCATGGTGGTGTGCACCCGAAGTCCCAGCTACTCAAGAGGCTGAGGTGGGAGGATGGCATAAGCCCAGGAAGTGGAGGTTGCAGTGAGCCAAGATCATGCCACTGCACTCCAGCCTGGGTGACAGCAAGACTGTCT"
"GL873521","7244822","7245115","chr16","74165797","74166100","72","66920975","GGCCGGGCTCAGTGGCTCTATAATCCTGGCACTCTGGGAGGTCAAGGTGGGTGGATTGCTTGAGCGCAGGAGTTTGAGACCAGCCTGAGCAAGAGTGAAACCCCGTCTCTAAAAATAGCCAGGTGCTGTGGTGAGCCCCTATAGTCCCAGCTACTCAGGAGGCTGAGGCCAGAGAATCGCTTAAGCCCAGAAGTTGGAGGTTGCTGTGAGCCGTGATACCATAATTCTTTAACAAGGGTGACAGAGTGAGACTCTGTCTCAAAAAAACAAACATACAAACAAAAAAAAAAAAAA","GGCTGGGCACAGTGGCTCATGCTTATAATTCCAGCACTTTGGGAGGCCAAGGTGGGTGGATCACTTGAGCCCAGGAGTTCGAGACCAGCCTGGGCAACATGGTGAAACTCTGTCTCTACAAAAAATTAGCTGGGTGTGGTGGCTCGTGCCTGCAGTCCCAGCTACTCAGGAGGCTGAGGTGAGAGGATCAATGGAGCCCAGGAGGTGGAAGTTGCAGTGAGCCAGATCACACCACTGTACTCTCCAGCCTGGGTGACAGAGCAAGACCCTGTCTCAAAAACAAACAAACAAACAAACAAACAAA"
"GL873521","7391188","7391475","chr8","106723939","106724236","70","99332751","GGCATGGTGGCTCACACCTATAATCCTAGCACTCTGGGAGGACAAGGTGGGAGGATCCCTTGCACTCAGAAGTTCAAGACCAGCCTGAGAGAGAATAGGACCCCATCTCTACTAAAAATAGAAAAATTACCTGGGCATTGTGGTTGGTGCCTGTAGTCCCAGCTTCTTGGGAGGGTGAGGCAGGGGCATCACGTGAGCCCAGGAATTTGAGGTTACAGTTAGCTGTTTTGTCACAGCCATCTACCCAGGGCAACAGAGTGAGACTCTATCTCAAAAAGAAAAAAAGAG","GGTGCTGTGGCTCAAGCCTATAGTCCCAGCACTTTGGGAGGACAAGGTGGGAGGATCACTTGAGCCCAGCAGTTCAAGACCAGCCTGAGCAACATGATAAGACCCCATCTCTACAAAAAATTAGAAAAATTAGCCAGGCATGGTGATGTATGCCTGTGGTCCTAGCTACTTGGGAGGCTGAGGCAGGAGGATCCCTTGAGCCCAGGAGGTCAAGGTTGCAGTGAGCCATGGTTGTACCACTGTACCCCAGCCTGGGTTACACAGTGAGATCCTATCTCAAAAAAAAAAAAAAAAAAAA"
"GL873521","7391570","7391585","chr17","38661961","38661976","2","31270391","GAAAAAAAAAAGAGAA","GAAAAGAAAAAAGAAA"
"GL873521","7411261","7411442","chr4","57296207","57296386","41","49884946","AGAAAGAAAGAAAAAAAATTAGTCAAGAATGGTGGCATGCACCTATATTCCCAGCTACTCAAGAGACTGAAGCAGGAGGATTACTTGAGCTCAGGAGTTGGGGGCTGCAGTAAGCTTTGACTATACTAATGCACTCCAGCCTGGGTGACAGAGCGAGACCCTGTTTCAAAAAAGAAAAAAAA","AAAAAAGAAAAATTAGCCAGGCATGGTGGCATGTGCCTGCAGTCCCAGCTACTCAGGAGACTGAGGTGGGAGGATTGCTTGAGCCAGGGAGATTGGGGCTGCAGTGAGCTGTGATATCATGCCACTGTACTCCAGCCTAGGCCGCAGAGTGAGACCCTGTCTCAAAACAAAAACAAAAAA"
"GL873521","7411723","7411845","chr16","11721596","11721721","28","4309873","GGCTGGGTGCAGTGATCCTAGCCTTTTGGGAGGCTGAGGCAGGAGGACTGATTGAGGCCATGAATTTGAGACCAGCCTGAGCAAGAGTGAGACCTTGTCTCTGCAAAAAATAGGAAAATTAGT","GGCTGGATGCGGTGGCTCATGCCTTTTGGGGAGGCTAAGGCAGGAGGATTGCTGGAGCCCAGGAATTAAAGACCAGCCTGGGCAACATAGTGAGACCTCGTCTCTACAAAATTAAAAATTAAGTTT"
"GL873521","7473204","7473396","chrX","14950093","14950281","51","7476889","CAAAAAAAAAACCTTAGCCAGGTATGGCAGCACAGATTTGTCATCCCAACTACTCAAGAAGCTAAGGTGAGAAGATCACCTGAGCACAGGAGTCTGAGGTTATAGTGAGCTGTGACTGGGCCATTCACTACATTCCAGCCTATGCTATAGAGTAAGACCCTGTCAAAAGAAAAAAAAAGAGAGAGAGAGAAAA","TCAATAAATAAAAATTAGCCAGGCATGGTAGCACATGCCTGTCGTCCCAGTTACTCAGGAGGCTGAGGTGGGAGGCTCACCTGAGCCCAGGCATTGAAGGCTGCAGTGAGCTATGATCACAACACTGCATTCCAGCCTGGGTGACAGAGCAAGACCCTGCCTCAAAATAAAATAAAGAAAGAAAGAAAA"
"GL873521","7473423","7473542","chr14","57739259","57739375","24","50265836","CTGGGCACAGTGTTCATGCCTGTAATTTGAGCACTTTGGGAGGCCAAGGCTAGAGGATCACTTGAGGCCAGGAGTTTGAAACCAGCCTCAGTAACACAGAGAACCCTCATCTCTATTTAA","CTGGGTACATTGGCTCAAGCCAGTAATCCCAGCACTTTGGGAGGCCAAAGCAGGAGGATCACTTGAGGCCAGGAGTTTGAGACCAGCCTGGGTAACATGAGACCCTGTTTCTACAAA"
"GL873521","7573100","7573248","chr5","35112160","35112317","42","27539060","AGCCAGATGTGGTCTATAGTCCACAGCTACTTAGAGGCTGAGGCAAAGGGATCACTTGAGCCCGAGAGTTCAGGGCTGTGGTGCACAATGATCATGTCTGTGAATAGCCACTGCACTTCAGCCTAGGCAACATAGCAAGACCCTATCTC","AGCCTGGTGTAGTGGCACATGCCTATAGTGTCAGCTACTGGAGAGGTTGAGGCAGCAGGATTGCTTGAGTCCAGCAGTTCAAGGCTGTAGTGCACGATGATGGTGCCTGTGAATAGATACTGTGCTTTAGCATGGGCAACACAGCAAGACTCTGTCTG"
"GL873521","7601934","7602029","chr5","155700261","155700353","20","148098327","GGCTGAGCCCAGAGGCTCATGCCTGTAATTCTAGCACTCTGGGAGGCTGAGGCAGGTGGAGTGCTTGAGCTCAGGAGTTAAAAAAATCCAGTTTGA","GGCCGGGCACAGTGGCTCATGCCTATAATCCCAGCACTTTGGGAAGCTGAGGCAGGAGGATTGCTTAAGCCCAGGAGTTCAAGACCAGTCTTG"
"GL873521","7602314","7602531","chr2A","29137649","29137868","57","21535335","GACCAGTGTGAGCAAGGGCAAGACTCTGTCTCTACTAAAAATAGAGAAACTAGCTGAGCATTGTGGTGGGTGCCTAAAGTCTCAGCTGCTCAGGAGGATAAGGCAGGAAGATCTCCTGAGCCCAGGAGTTTGAGGTTGATGTGAGCTATGATGATATCGCATTCTAACCAGGTAACAGAGTGAGGCTTTGTCTCAAAAAAAAAAAAAAAAAAGAAAAA","CAGCCTGGTCAACATAGGGAAACTCTGTCTCTACAAAAAGTTAAAAAATTAGCTGAGCATGGTGGCACATGCCTGTAGTCTCAGCTACTCAGGAGGCTGAGGCAGGAGGGTCACTTGAGCCTGGGAGGCTGAGGCTGCAGTGAGCTGTGATCATGCTATTGCACTCCAGCCTGGGAGACAGAGTGAGATCCTGTCTCCAAAAATAAAAAATAAAAATAAA"
"GL873521","7608283","7608358","chr9","32411376","32411450","22","24803093","AGGCTGAGGAGGAAAGATTACTTGAGCCCCAAAATCTAGCCTTGGTGACATAGTGAAACTCTGTCTAAAAAAAATA","AGGTGGGAAGAGTACTTGAGGCCAGGAATTCAAATCTAGCCTGGGCAACATAGTGAAACCCTGCCTTAAAAAAAA"
"GL873521","7633232","7633420","chr7","4237351","4237553","52","3395881","GTGGTGGCTCATGCCTGTAATCGTAACACTCTGGGAGGCTGAGGTGGGTAGATTGCTTCAGCTTAGGAGTTCGGGACCAACCAAAGCAAGAATGAGACCCCCTCTCTACTAAAAACAGAAAGACTAGCCAGGCATTGTAGCAGGTCCTGTAGTCGCTACTCAGGAGGCTGAAGCAGGAGGATCACTTAA","GGTCAGGCATGGTGGCTCATGCCTGTAATCCCAGCACTTTGGGAGGCCGAGGTGGGCAGATTGCTTGAACTCAGGAGTTGAAGACTAGCCTGGGCAACACGGCAAAACCCCATCTCTACTAAAACTACAAAAACTAACTGGGCATGGTGGCACGCGCCTGTAGTCCCAGCTACTGGGGAGGCTGAGGTAGGAGGATCACTTGA"
"GL873521","7636438","7636492","chr5","38545852","38545906","11","30909414","ATTCAAGCCTGGGTGACAGAGTGAGACACTATCTAAGAACAATAAATAAATAAAA","ATTCCAGCCTGAGTGACAGAGTGAAACCCTGTCTCAAAACAAAAACAAAAACAAA"
"GL873521","7696982","7697091","chr9","129918441","129918551","24","122221459","TAATCCTAGCACTCTGGGAGGCCAAGGTAAGTGGATTGCTTGAGCTCAGGAGTTCAAGAGCAGCCTGAGCAAGAACAAGACCCCAACTCTATTAAAAATAGAAAAAAGCA","TAATTCCAGCACTTTGGGAGACTGAGGCAGGAGGATTGCTTGAGCTCAGGAGTTCGAGACCAGCCTGGGCAACATATTGAGTCCTCATCTCTATTAAAAATTAAAAAAATA"
"GL873521","7697336","7697489","chr7","132712253","132712405","44","125014917","GTAGAAAAAAGGCCAGCTGGGCATAGTGGTACATGCTTGTAGTCCCAGCTACTTGGAGACTAAGGTAAGAGGACTGCTTAAGTCCAAGAGCTTAAGGTTGCTGTGAGCTATGACACCACAGGGTGATAAGAGTGAGACTGTCTCCAAAAAAAAA","GAATTAAATAAAAATTAGCAGGGCATGGTGGCATGTGCCTGTAGTGCCAGCTACTTGGGAGGCTGACGCCAGAGGATTACTTGAGCCCAGGAGTTGGAGGTTACAGTGATCATGCCACTGCATGACAGAGTGAGACCCTGTCTCAAAAAAAAA"
"GL873521","7750582","7750651","chr7","149337669","149337736","11","141587087","GCTGGGTAAGAGTGGCTCATACCTATAATCCCAGCACTTTTGGGAGGCTGAAACAGGAGGATCACTTGAG","GCTGGGCACAGTGGCTCACACCTGTAATCCCAGCACTTTGGGATGCTGAGGCAGGAGGATCATTGGAG"
"GL873521","7784733","7784858","chr3","160952502","160952627","25","153167769","GGCCGGGCATTGATGGCTTCTACCTGTAATCCCAGCACTTTTGGAGGCTGAGGTGGGAGGTTTCATTGAGATCAGGAGTTTGAGACCAACTTGGGCAACAGTGAGACCCTGCCTTAAAAAAAAAAA","GGCCAGGCATGGTGGCTCACACCTGTAATCCCAGCACTTTGGGAAGCTAAGGTGGGAGGATCGCTTGAGCACAGAAATTTGAGACCAGCTTGGGCAACATAGAGATCCTGTCTCTATTAAAAAAAA"
"GL873521","7784884","7785052","chr16","1604263","1604439","38","6180621","AATTAGGCAGGCATGGTGGCACTTGTCCCAGCTACTTGGAAGGCTGAAGGAGGAGGATCACTTGAGCCCAGGAGTTAGAGGTTGCTGTGAGCTTTGATGCCACTGTACTCTAACCTGGGCAACAGAGTGAGATGTGCCTCAAAAACAAACAAACAAACAAAACCAAAAA","AATTAGCCAGGCATGGTGATTGGCACCTGTGGTCCCAGCTACTTGGGAGGCTGAGGCAGGAGGATGAATTGACCCCAGGAGTTTGAGGCTGCAGTGAGCTATGATGGCACCACTGCACTCTAGCCTGGGCGACAGGATGAGATCTGTAAAAAAATAAATAAAAATGAAAATAAAAAA"
"GL873521","7870707","7870997","chrX","70230306","70230599","61","62359599","GCTGGGCACAGCAGCTCACACCTGAAATCCCAGTACCCTGGAAGGGTGAGGATGGAGGATCACTTGTGGTCAGGAGTTCAAAAACAGCCTAAGCAAGAGTGAATCGCCATCTCTATTAAAAATAGAGAAATTAGCCAGGTGTGGTGGCATTTGCCTGTAGTCCCAGCCACTTGGGAGGCTGAGGCAGGAGGATCATTAGAACCCAGAAGGTGGAGGTTGCAATGAGCAGTAATGACACCACTGCACTCCAGCCTGGGTGACAGAGCAAGTCTCTGTTTCAAAAAAAAAAAA","GGCCAGGTACAGTGGCTCACACCTGTAATCCCAGCACACTGGGAGGCAGAGGCGGGCAGATCATTTGAGCTCAGGAGTTCAAGAGCAGCCTGGGCAACATGGTGAAATCCCATCTCTACAAAAAATAGAAAAATTAGCCGAGTGTGGTGGCACTCCTCTGTAGTCCCAGCTACTTGGAAGACTGAGATGGGAGGATCATTTGAGCCCAGGAGGCGGAGGTTGCAGTGAGCTGAGATTGCACCACTGCCCTCCAGCCTGGGCAACAGAGCAGGACCCTATCTCAAAAAAAAAAAA"
"GL873521","8041789","8041920","chr12","80555695","80555826","29","72513906","GTGGTGGCTCATGCGGATTATCCCAGTACTTTGGGGAGGTTGAGGCAGGAGGATTGCTTGAGCCCAGGAATTTGAGACCAGCCTGAGCAACATAGTAAGACTCTATACAAAAAAATAGAAAAATTAGCCTGG","GTGGCTCATGCCTGTAATCCCAACACTTTGGGAGGCTGAAGCAGAAGGATTGCTTGAACCAGGAGTTTGAGACCAGCCTGGGCAACATAGTGAGACTATCTCCACAAAAATAAATAAAAAATTAGCTGGGCA"
"GL873521","8042182","8042375","chr4","7236991","7237179","49","805191","GGTAAAAAAGAAAAAGAAAAATTAGCCAGGAGCACTAGCTTACGGCTTGTAGTCCTAGCTACTCAGGAGGCTGAGGTAGGGGAATTGCTGGAGTCCAGGAGTTTGAAGCCACAGAGAGCAAAGACCACACCACTGTACTCCAGCCTAGGCAATAGAACAAGACCCTGTCTCTGAAAAAAATAAATAAAAATAAA","TAAAAAAAATACTTAAAATTAGCCAGGCGTGGTGGCACACACCTGTGGCCCCAGCTACTCAGGAGGCTGTTGTAGGAGGATCCCTTGAATCCAGGAGGTCAAGGCTGCAGTAAGCCAAGATCACGCCACTGCATTCCAGCCTAGGCAACAGAGCAAGATCCTGTCTCTTAAAAAAAAAAAAAAAAAGAA"
"GL873521","8067082","8067383","chr20","31024244","31024552","81","22957162","GGCCAGGTGTAGAGGCTCACACTTATAAGCCCAGCACCCTGAGAGGCCGAAGTGGGTGAACTGCTTGAGCTCAGGAGTTCAAGAGTAGCCTGAGCAATAGTGAGAGCCGATTTCTACTAAAAACAGAAAACCTAGCCAGGCACTGTGGTGGCGTCTATAGTCCCAGGTACTCGGGAGGCTGAGGCAGGAGGATTGCTCAATCCTAAACTTTGAGGTTGCTGTGGGCAATAATGCCATATCTCTACCCAGGGGAAAAGAATGAGACTCTGTCTAAATAAATAAATAAATAAAATAAAAACAAA","GGCCAGGCACAGTGGCTCACACCTGTAATCCCAGCACTTTGGGAGGCCGAGGTGGTGGACTGCTTGAGCTCAGGAGTTCAAGACCAGTCTGGGCAACATGGCAAAACCTTGTCCCTACAAATAATACAAAAATTAGCCAGGTGCGGTGGCATGTGCCTGTAGTCCCAGCCACTTGGGAGGCTGAAGTGGGAGGATTGCTTGATCCTGGGAGGTAGAGGCTGCAGTGAGCCATAATTGTGCCACTGCACTCCAGCCTGGGCAACAGAGTGAGACCCTATCTCAAAAATAAATAAATAAATATAAAGAAAA"
"GL873521","8204885","8205108","chr10","14099107","14099324","63","5894222","CGAATTCGAAACCAGCCTGAATAAGAGTGAGATCCGTCTCTAATGAAAAGAGAAAAACTAGCAGGTTTTGTGGTGGGTGCCTTTAGTCTCAAGCTACTTGGGAGCCTGAGGCAGGAGGATCACTTAAGCCCAGGAGTTTGAGGTTGCTGTGAGCTATGATAACATTAGGGCATTCTAGCCTGGGAAACCGAGTGAGACTCTGTCTTAGAGAAATAAAAAATAAA","AGACCAGCCTGGGCAACATGACAAGATCCCGTCTCTACAAAAAATACAAAAATTAGCAGCGTGTGGTGGGGTGTGCCTGTAGTCCCAGTTACTTAGGAGGCTGAGGCAGGAAGATCACTTGAGCCCAGGACGGGGAGGTTACAGTGAGCCGTGATCACACCACCACACTCCAGCCTGGGTGACAGAGTGAAACTCTGTCTCTATAACAAACAAACAAA"
"GL873521","8205374","8205463","chr18","31130683","31130770","22","22925309","GCCGGACATGGTGGCTCATGTCCCTCCTGTAACCCTAGCACTCTGGGAGGCTTTGGCCTAAGGATTTGAGCTCAAGAGTTTAAGACCAGG","GGCCAGGCATGGTGGCTCACACCTGTAATCCTAGCACTTTGGGAGGCTAAGACCAGAGGATAATTAAGCTCAGGAGTTCAAGACCAGC"
"GL873521","8530940","8531225","chr4","131255414","131255698","71","122724474","GTCAGGTGTGATGGCTCGTCCTGTAATCCCAACACTCTGGGAGGCTGAGGCTGGTGGTTTGCTTGAGCTCAGGAGTTCTGAGACCATCCTGAGGTAAGAGTGAGACCCCATCTCTACTAAAATTAGAAAAAAAATTACCCAGGTGTAGCGGTGATGCCTGTAGTCCTAGCTACTTGGGAGGCTGAGGCAAGAGGATTGCTCAAGCCTGAGAATTTGAGGTTGCTGTGAGCTATGACTCCATCGCACTCAACCCCAGGGTGACTGAGTGTGATTGTCTGAAAAAGAA","GGCAGGACACGGTGGCTCACACCTGTAATCCCAACACTTTGGGAGGCTGAGGCAGGTGGATCACTTGAGCTCAGGAGTTGAGACCAGCCTGGGCAACATGGTGAAACCCCATCTCTACTAAAAATACAAAAATTAGCCAGGCATGGTTGTGGATGTCTGTGGTCCCAACTACTTGGGGGGCTGAGGCAGCAGGATTGCTTAAGCCTGGTAATTTGAGGCTGCAGTGAGCCATGTTCTTGCCAGTGCTCCAGCCTGGGTGACAAAGCAAGACCCTGTCTCAAAAAA"
"GL873521","9138426","9138710","chr17","16672309","16672598","64","7533883","GGTGGCTCATGTCTGTAATCCGAGCACTCTGGGAGGCTAAAGTGGAAGGATCACTTGAGCTCAGGAGTTTGAGACTAGCCTGAGCAAAAGTGAGAACAATGTCTCTATTAAAAATAGAAAATTAGCCAGGTGTTATGATAGGTGCCTGTAGTCCCAGCTATTCAGGAAGGCCAGGAAGGAGGATCCCTTGAGCTGGGGAGTTTGAGGTTGCTGTGAGCTGTGATGACACCATGGCACTCTACCCATGATGACAGAGTAAGACTGTCTCTAAAGGGAGAAAAAAAA","GTGGCTCACACCTGTAATCTCAGCACTTTGGGAGGCTGAGGCGGGAGGATCACTTGAGCCCAGGAGTTTGAGACCAGCCTGAGCAACATAGTAGGCTCCTGTCTCTACAAAAAAATACAAAAATTAGCTGGTACTGGTGGCATGTGCCTGTAGTCCCAGCTACTCAGGAGGCTAAGGCAGGAGAATCGCTTGAGCCCAGGAGGTTGAGGCTGCTATGAGCTGTGATGGCACCACTGCACTCCAGCCTGGGTGACAGAGTGAGACCTGGTCTCAAAAAGAAAAAAAAAAAA"
"GL873521","9337001","9337128","chr7","153795408","153795531","29","144458407","CTGGGCTCAGTGGCTCATGCTTGCAAGCCCAGCACTCTGGGAGGCCAAGGCAGGTGGATTGCTCGAGTTCAGGAATTTCAGACCAGTCTAAGAAAGAGTGAGAGCCCATCTGTACTAAAAATAGAAAC","CTGGGCACAGTGGCTCACGCCTGTAATCCTAGCACTTTGGGAGTCCAAGGCAGGAGGATGCTTGAGTCCAGGAGTTCAAGACCAGCCTGAGCAATATAGTGAGACCCCCATCTCTACAAAAAAA"
"GL873521","9337149","9337320","chrX","5183862","5184037","43","4153287","TAAAATACTAGCTGGGCATTGCGATGGGTGCCTGTAATTCCAGCTACTCAGGAGGCTGAAGCAAAAGGATCACTTGGGCCCAAGAGTTTGCGGTTGCTGTGAGCTGTGATTACACCACAGCACTCTCCCCAGGCAGAGAGAGACTCTGTCTTTAAAAACAAACAAACAAAAA","ATAAAAATATTAGCTGGGCATGCTGGTACATGCCTGTAGTCCCAGCTACTCAGGAGGCTGAGGCCTGAGGATCACTTGAGCCCAGGAGTTCCAGGTTGCAGTGAGCCGTGATTGCACCATTGCACTCCAGCCTGGGCCACAGGGCTAGACCCTGCTCAAAAGAAAACAAAAAAGAA"
"GL873521","9671716","9671832","chr6","38551166","38551279","31","28879450","GGCTAGGCAGGGAGGCTCAAAACTAAAATTTTAGCACTCTGAGAGCCCAAGGTGGGAGAATTGCTTGACCTCGGGTGTTTGAGACCAGTCTGAGCAAGAGTAACATCACATCTCTAC","GGCTAGGCGTAGGGGCTCAAACCTGTAATTCCAGCACTTTGGGAGGTCAAGGTGGGAGGATTACCTGAGGCCAGGAGTTTGAGACCAGCCTGAGCAACAGTGAGACTTTGTCTC"
"GL873521","9671895","9672063","chrX","24568892","24569057","39","14896997","TAATTAGCCAGGCATAGAGGTGGTATACACCTGTAGTCCCAGCTACTCTGGAGGCTAAGTCAGAAGGACTGGTTGAACCCAGGAGTCTGAGGTTGCTGTGACTAGGCTGATGCCACAGAACTCTAGCCTGATCAACAGAGTGAGACTCTGCCTCAAAATAAAAAAGGAA","AAATTAGCTAGGCATGGTGGCATGCAACTATAGTCCCAACTACTCAGGAGGCTGAGGCCGGAGGATGGTTTGAGCCCAGGAGGTGGAGGTTGCAGTGAGCCAAGATCACACCACTGCACTCCAGCCTGGGCAACAGAGTGAGACCCTGTCTCAAAAAAAAAAAAAA"
"GL873521","9699009","9699116","chr16","57943722","57943822","32","48244713","TCTGAGACACTCGGGAGGCTGAGCCTAGGAGTTTGAGGTGACAGTAAGCTAAGTTGATGTCACTGCATTCCATCCTAGGCAACAAAGCAAGATCTTATCTCTAAAAGA","GGAGGATTGCATGAGCCCAGGAGGTTGAGGCTGCAGTGAGCCAAGATCGTGCCACTGCACGTCAGCCTGGGCAACAAAGCAAGACTCTATCTCAAAAAAAA"
"GL873521","9699330","9699522","chr6","3030697","3030873","65","6668633","GGCTGCATGTGGTGGCTCGTGACTGTAATTTCACCACTTCAAAAGGCTGAGGCAGAGGAGTCACCTGGGGCCCAGAAAGTCACCCTTAAAGTCCAGCCTGAGTAACACAGTGAGACCCAAGATCCCAACTCCACAAAAGAAAAAAGAAGGGAAAGGAAAGAAAAGAAGAGTGGTGTGTGGTGACCTCCTAGAC","GGCCAGGCATGGTGGCTCTCCCCTGTAATCCCAGCACTTTGGGAGGCCAAGGCAGAAGGATCGCTTGAGCCCAGGAGTTTTAAGACCAGCCTGAGCAACACAGAGAGACCAGATCCCACTTCCACAAAAAAAAAAAAAAAATATTTGCCAGGCGTGATGGTGCATGCCTGTAGTCCC"
"GL873521","9879625","9879892","chr2A","20521665","20521953","79","10642040","GGGTGGGCACTGTGGCTCAGGCCTCCTAGCACTCTGGGAGGCCGAGCTGGGTGGATGACTTGAGCTCATGAGTTTGAGACCAGACTGAGCAAGAGCAAGCCCCATTTTTAAAAATAGCCAAGTGTCATGGTGGGCATCTATAGTCCCAGCCAGTTGGCAGGCTGAGGAAGAAGGCTTACTTGAGCTCAAGAGGTAGCTGTGAGCTGTGATGCCATGGCACTCTACCCAGGACAACAAAGTAAGACTGTCTCCAAAAAAAAGAAAAAAA","GGCTGGGCACAGTGGCTCACGCCTGTAATCCCAGCACTGTGGGGAGGTCAAGTTGGGTGGATTGCTTGAGCCCAGGAGTTTGAGACCAGCCTAAGCAATAGGCAAAACCCTGTCTCTACAAAAATCAGCCAGGTATGGTAGTGCGTACCTGTAGTCCCAGCTACTCAGGAGGCTGAGGTGGGAGGATCACTTGAGCCTGGGAGGTGAAGGCTGAAATTAGCCATGATCATGCCACTGCACCCCAAGCCTGGGCAACAGAGCAAGACCTTGTCTCAAAAAAAAAAAAAAA"
"GL873521","10097455","10097754","chr11","114714719","114715027","67","104617264","GGCCTGGGTGTGGTGGCTCACACCTTAATCCTAGCACTCTGGGACGATGAGGCAGGTTTGCTTGACCTCAGGAGTTTGAGAGCAGCCTGAACAAGAGTGAAACTCTGTCTCTACTAAAAACAGAAAAACTAGCCTAGTGTAGTGGTGCACCCCTGTAGTCCCAGCTGCTCAGGAGGCTGAGGCAAGAGGATCACTTGAGCCCAAGAGATTGAGGTTACTGTGAGCTGTGAGGCTGTGTTACTCTACCCAGGGCAAGAGAGTGAAGCCATCTCAAAAAAAAAAAAAAAAAAAAAAAAAAAA","GGCCAGGTGTGGTGGCTCACACCTGTAATCCCAGCACTTTGGGAGGCTGAGACAGGTGGATTGCTTGAGCCTAGGAGTTCGAGACCAGCCTGGCAACATGGCGAAACCTTGTCTCTACAAAAAATACAAAAATTAGCCAAGTGTGGTGGTGCACACCTGTGGTCCAAGCTACTCGAGAGACTGAGGTGGGAGGATTGCTTGAGCCCAGGAGGTTGAGGCTGGGGTGAGTTGAGATCATGCCACTGCATTCCAGCCTGGGCAACAGAGGAAGACCCTGTCTCAAAAAAAAAAAAAAAAAAAAAAAAAAAA"
"GL873521","10225742","10225927","chr15","49930173","49930354","59","39704431","TGGCTTACACCTGTAATCCTAGCACTTTGGGAGGCCACAGCAGATGGCTGCTTGAGCTCAGGAGTTCAAGCCTAGCCTAAGCAAGCCAGAACCATTGCCACTAAAAACAAAAAAAATAGCTGGAGTTGTGGGCACCTGTAGTTAGTTCCAGCTACTTAGGAGGCTGAGGAAAAAGGATGGCTTGAT","GCCTGTAATCCCAGCACTTTGCGAGGCCGAGGCCAGGCAGATCACTTGAGCCCAGCAGTTCAAGACCAGCCTGGGCAACATGGCAAAACTCCTTCTCAACAAAATACATAAAAATTAGCTGGGTGTGGTGGCATGTACTTTCAGTCCCAGCTACTCAGGAGGCTGAAGCAGGAGGATCATTT"
"GL873521","10226192","10226278","chr4","154285033","154285123","27","144058841","GAGGATGGCTTGAGCCCAAGAGTTTGAGGTTGCTATGAACTATGATGTCATGGCACTCTATCCCTGGCCACAGAATCAGACTCTGTC","GGAGGATCACTTGAGCCCAGGTGGTTGAGGCTGCAGTGAGCTGTGTTTATACCACCACACTCCAGCCTGGGCCGCAGAGTGAGACTTTGTC"
"GL873521","10399308","10399475","chr9","96945917","96946089","50","86546609","GGCCAGGTATGGTAGCTCACACCTGTAATCCTTGTACTCTGGGAGGCTTAGGAGCAAAGATCACCTAAGTGTAGGCATCTGAGACCAGTTTGAGCAAGTGAAACCCCATATTTACTAAAATTAGAAAAATTAGCTAAATGTTGTGGCAGGAACCTATCGTCCTAGCTA","GCCGGGTACAGTGGCTCACACCTGTAATCCCAGTACTTTGGAAGGCCAAGGCCAGAGGATTACTTAAGGCCAAGAGTTTGAGACCAGTCTGGGCAACATGGTGAAACCCCATCTGTACAAAAAATACAAAAATTAGCTGGGCATGAGGGCATTTGCCTGTGGTCCTAGCTACT"
"GL873521","10449464","10449583","chrX","134402652","134402771","17","123953188","GGCCAGAGGTGGTAGTTCATGCCTATAATCCCAGCAATTTGGGAGGCTGAGGGGGGAGGATAGCTTGAGGCCAGGAGTTTGACCCCTGCCTAGGCAACATAGTGAGACCCTATCTCTACT","GGCCAGATGTAGTGGCTCATGCCTGTAATCCCAGCACTTTGGGAGGCTGAGGTGGGAGGATCACTTGAGCCCAGGAGTTTGAGACCAGCCTGGGCAACATAGCAAGACCCTGTCTCTACT"
"GL873521","10449618","10449745","chr1","23164480","23164594","46","12714862","CCAACCATAATCGAGCACCTACAGTTCTAGCTACTCCGCAATCTCAGGCAGGGGAAGATTGCTTGAGTCTAGGAGTTCAGGGTAAGCTACTGCCCTTCAGCCTGGGAAACAGAGGAAGACCTTGTCTC","GGCCAGGCACAGTGGTGCCTACCTACAATCCCAGCACTTTGGAAGGCTGAGGCAGGAGGATCGTTTGAGGCCAGGAGTTCAAGATCAGCCTGGGTAACATATCAAGACCTGTCTC"
"GL873521","10796827","10797050","chr7","39187608","39187844","67","28390781","ACTCTGGGAGGCCAAGACAGGTGGATTGCTTAAGCTCAGGAGTTGGAGACCAGCCTAAGCAAGAGTGAGACCTCGTCTCTAAAAATATCTGGGCATTGGTTGGGCACCTGTAGTCCCAGCTACTCAGGAGGCTGAGGCAATAGGATTGCTTGAGCCTAAGGATTCCTGTGAGCTATGATCCCACAGCACTTTACCAAAGGTGACAAAGTGAGACTCTATCTCAA","CACTTTGGGAAGCCAAGGCAGGAGGATTGCTTGAGTGAAGGAGTTCAAGACCAACCTGGGCAAGATTGGGAGAAAAAAATTAAAAATTAGCTGGGCATGGTGGTGCATGCCTGTAGTCTCAGCCACTGGGAAGGCTGAGGCAGGAGGATCGCTTGAGCCTGAGAGATTGAGGCTGCAGTGAGCCTTGATTGTGCCACTGCACTCCAGCTTGGGCAACAGAGTGAGACCCTGTCTCAA"
"GL873521","10797081","10797110","chr4","40399247","40399277","7","29602166","CTGGGTGCAGTGGCTCATAGTTGTAATCCT","GGCTGGGTGCAGTGGCTCACATCTATAATCC"
"GL873521","11204849","11204966","chr7","73480490","73480609","28","62275641","GGCCAGGCATAGTGGCCTCCAAAAATCTTAGGACTTTGGGAGGTAGAGGTAGGAGAACTACTTGAGCCAAGGAATTCAATACTAGCCTGACCACAATAATGAGACCCTACCTCTACCA","GGCCAGGCACAGTGGCTCATGCCTATAATCTCAGTGCTTTGGGAAACTGAGGCAGGAGGATCACTTGAGCCCAGGAGTTCAAGACCAGCCTGGACAGCATAATGAGACTCCACCTCTACA"
"GL873521","11205003","11205140","chrX","7019379","7019524","37","4185624","TAGCCAGGCATGGTGGCACATACCCAAGTCCCAGTTACAGAAGAAGCTGAGGGAAGGGTATCAGGCCCAGAAGTTCAAGGTTGCCATGAGAGATGATCACACCACTGCAGTTCAGCCTGGGCAGCAGAGAGACCCTAT","TAGCCAGGCATGGTGGCACATGCCTGTAGTCCCAGCTACTCAGAAGGCTGAGGTCGGAGGATCTCTTGAGCCCTGGGGTGCAAGGCTGCAGTGAACCATGATCACACCAGTGCACTGCAGCCTGGGCAACACAGCAAAACCCTGTC"
"GL873521","11332611","11332889","chr9","110082691","110082973","78","98750080","GACGGGGAGCCATGGCTTGAGACTGTAATCCTAGTACTCTAGGAGGCCAAGGTGAGTGGATTACTTAAGCTCAGGAGTTAAAGTCCAGGCTGAGCAAGAGTGAGACCCTGTCTCTCCCCCAGATAGGAAAACTAGCCGGACATTGTAGTAGGCACCTGTAGTCCCAGCTTCTGAGGAGGCTGAGGCAAGAGGATTGCCTGAGCCCAACAGTTTGAGGTTGCTGTGAGCTAAAATGCCATGGAACTCTACCCATGGTGATGGAGTAGGATTCTGTCTCAA","GACTGGGCATGGTGGCTCCCAAAGTGTAATCCCAGCACTTTGGGAGGCCAAGGTAGGTGGATTGCTTGAGCCCAGGAGTTTGAGACCAGCCTGGGCAACATGGTAAAACCCTGTCTCTACAAAGAATACAAAAATTAGCTGGGCATGGTTGCATGCACTTGTGGTCCCAGCTACTCAGGAGGCTGAGGTGGGAGGGTCACTTGAGCCCAGGAGATTGAGGCTGCAGTGAGCTGAGATCGTGCCACTGCACTCTAACCTGGGTAATGGAGTGAGACCCTGTCTC"
"GL873521","11332916","11332939","chr22","30701628","30701648","4","19368712","ATAAAACTAAAAAGTAAGAAAAAA","AAAAACTAAAAAGAAAAAGAA"
"GL873521","11407564","11407699","chr17","81073514","81073640","45","69665950","AAAAACTAATGGCTGGGCATAGTATGTGTAGGTAGACTAGGCTACTTAGGAGGTCAAGGCAGAAGAATCACTTGAGCTCATGAATTTGAGGCTAGCATGGGCAATGATACCTCAGGTCTCAATAAAATATAAAAAA","GCCAAGCACAATGGCTCATGCTGGTAATTCTAGTACTTTAGGAGGCCAAGGCAGTAGGATCACTTGAGGCCAGGAGTTTGAGACCAGCGTGGGCCACACAGAGACCCTCCCTGTATAAAAAAAAAAA"
"GL873521","11442747","11442764","chr1","62222108","62222122","3","50779361","CCCATAAAATAAAATAAA","ATAAAATAAAATAAA"
"GL873521","11442802","11443056","chr17","73117863","73118118","82","61675061","GGCTGGGCGTGGTGTTTCATGCATGTAATCCTAATACTTTCAGAGGCTGAGGTGGATGCACTGCCTGAGCTCAGGATTTTAAAGCCAGCCTGAGGAAGAGCAAGACCCCATCTCTAAAAAATAGCTGGGCATTGTGGTGGGTGCTTGTAGTCCCCATTGTGGTGGGTGCTTGTAGGTAGCTCACGAGTTTGAGGATGCTGTGAGCTATGATGCACCACACTTCTTTCTACCCAGGGAGACAAAGCAAGACTCTGT","GGCCGGGCGTGGTGACTCATGCCTGTAATCCCAGCACTTTGGGAGGCCGAGGCGGGTGGATCACCTGAGCTCAGGAGTTCAAGATCACCTTGGGCAATGTAGTGAGACCTCACCTCTACAAAAATGAGCCAGGCATGGTAGTGCATGCTTGTAGTCCTGACTGAGGCAGGAGGATGATGAGCCCAGGAGGCAGAGGCTACAGTGAGCCATGATCGCTCCATCGCACTCTAGCCTGGGTGATGTGACACCCTGTCTC"
"GL873521","11751009","11751243","chr8","26546785","26547018","61","14795776","CAAGACCAGCCTGAGCAAAGCTAAACCCTGTCTCTACTAAAAATAAAAGGATTAGCTAGGTATGGTGGCATATGCCTGTAGTCCCAACTGCTCAGGAGTCTCAGGCAAGAGGATTGCTTGAGCCCATGAGTTAGAGGTTGCTGTGAGCTTTGATGTCATGGCACTCTATCCAGGGCAACTGAGTGAGACTGTCTCAAAATAAATAAATAAATAAATAAGAAAGAAAGAAAGAAAA","CAAAATCAGCCTGGGTCACATGGTAAAACCCCATCTCTACAAAAAATACAAAAATTAGCCAGGTATGGTGGCTTACACCTGTACTTCCCAGCTACTTGGGGGGCTGAGGCGGGAGGATCGCTTGAGCCCAGGAGGTAGAGGTTGCAGTGAGCTGAGATCGCACCACTGCACTCCAGCCTGGGTGACGGAGTGAAACCCTGTCTTAAAAAAAAAAAAAAAAAAAAAAAAAAAGAA"
"GL873521","12019379","12019705","chr16","68023292","68023602","103","56003913","GCTCACACCGATAATCCTAGCTCTGGGAGGCTGAGGGGGCAGGATCTCTTGAGCTCAGGAGTTTGAGACCAGACAGAGCAAGAGTGAGACCTTGTCTGTACTAAAAATTAACCAGGTGTGGTGGAAGGTGCCATCGTCTCAGCTACTCTGGAGGCTGAGGCAGGAGGATCCCTTGAACCCAGGAGGTTGAGGTTGCTGTGAGCCAGGCTAATGCCAAGATCTGGGGCATCAGAGTAAAACTGAGGTTGCTGTGAGCCAGGCTGATTCTAGCCTGGGCAACAGAGTAAGACTCTGTCTCAAAAACAAACAAACAAAAAACAAAAAAAA","CGGTGGCTCACACCTGTAATCCCAGCACTTTGGGAGGCTGAGGTGGGAGGATCACTTGAGCTCAGAAGTTTGAGATCAGCCTGGGCAACATGGCAAAACCTATCTCTAGAAAAAATACAAAAACTAGCCAGAGTGGCACGTGCCTGTTGTCCTAGCTACCCAGGAGGCTGAGGTAGGAGGATCACTTGAACCTGGGGGCAGAGATTGCAGTGAGCCATGATTGTGCCACTGCACTCCAGTCTGGGCAACTCCAGCCTGGGCAACAGAATGAGACTCTGTCTCAAAAATAAAAAAGAAAAGAAAAGGAAAAA"
"GL873521","12059316","12059592","chr5","143468399","143468692","69","131409083","GGCTAGGTGCAGTGGCTCATGCCTGTAATCCCAGCACTCTGGGAGGCTCAGGCAGGTGGATTACTTGAGCTCAGGAGTTGGAGACTAGCCTGAGAAAGAGTGAAACCCATCTCTACTAAAAATAGAAAAACTAACCAGGTGTGTGGTGGTCCCCTATAGTCCCAAATACTGGGGAGACAAGAGAATTGTTTGAGCCCAAGAGACTGAGGTTAGCTGTGATGACTCCATAGCACTCTACCCAAAGTGACAGAGTGAGATTCTGTCTCAAAAAAGGAAA","GGCCAGGCACAGTGGCTCATGCCTGTAATTCTAGCACTTTGGGAGGTCAAGGCAGGCAGATCACTTGAGCTCAGGAGTTCGAGACCGGCCTGGGCAACAGGGTGAAACCCCATCTCTACAAAAAAATACAAAAACTAGCCAGGTGTGGTGAAGTGTGCCTGCAGTCCCAGCTACTCAGGAGGCTGAGGCAGGAGAATTGCTTGAGCCTGGAGGCTGAGGTTGCAGTAAGTCAAGATCATGCCATTGCACTCCAGCCTGGGTGACAGGAGTGAAACCCTGTCTCAAAACAAAGAA"
"GL873521","12087639","12087865","chr4","25649068","25649301","60","13561429","GGCTGGGCTAGGTATACCATGCCTGTAATCCTAGCATCCTTAGAGGCAGAAGCAGGATTCCTTTAGCTCAGGAGATTAAGACCAGCCTGAGCAAGGGTGACACCCCATTTCCATCAAAAATAGAAAAACTAGCTGGGCATAGTGGTGGGCATCTGTAGTCCTAGCTACTCGGGAGGCTGAGGCAAGAGGATCCTTGGAGCCCAGGAGTTTGGGGTTGCTATAAGCCG","GGCCGGGCATGGTAGCTCACGCCTGTAATACCAGCACTTTGGGAGGCTGAGGCGGGCTGATCACTTGAGTCCAGGAGATAGAGACCAGCCTGGGCAACATGGCAAAATCCCATCTCTATAAAAAAAACACAAAAATTAGCTGGGCATGGTGGTGTGCACCTATAGTCCCAGCTACTTGGGAGGCTGAGGCAGGAGAATCTCCTGAGCCCAGGAGGTGGAGGCTGCAGTGAGTCG"
"GL873521","12170072","12170342","chr3","111501569","111501837","73","99331497","GCCAGATGCAGTAGCTTACAGCTATAATCCCAGTACTTTGGAAGGTCAAGGCAAGAGGATTGGTTGAGACCAGGAGTTGAAGACCAGACTGGACAATGTAGTAAAACCCTATCCCTACAAAAAATAGAAAAAATTAGCTGGGTGTCATAGCTCTTGCTTATAGTCCCAGCTACCTGAGAGGCTGAGGGAAGAGGATCACTTGAACCCCTGAGATTGATACCATGGTACTCCACCTTGGGTGACAAAGTGAGACCCTTTCTCAAAAACAAAA","GGCTGGGTGTGATGGCTCACATCTATAATCCCAGCACTTTGGGAGGCCAAGGCAGGTGGACTGTCTGAGACCAGGAGTTTGAGACCAGCCTGGGCAACATGGTGAAACCCTGTCTTGACAAAAAAAATAAAAAATTAGCTGGGAGTGGTGGTGTGCACCTGTAGTCCCAGCTATGCGGGAGGCTGAGATGGGAGGATCGCTTGAGCCCGGCAGGCAGAGGTTCACTCCAGCCTGGGCGACAGAGTGAGACCCTGTCTTAAAAACGAAAA"
"GL873521","12688417","12688615","chr16","83498862","83499063","66","70810445","AAATCAGCCTGAGCAAAAGCAAGATCCAGTCTCTACAAAAAACTAGAAAAATTAGCCAGGCATGGTGATACACTCAGGAGAATGAAACAAGAGGATCACTTGAGCCCCGGGGTTTGATGTTGCACAGTGAGCTATGGCGATGCTGCTGCTCGGATAACAACGCGAGATGAGACCCCGTCTCAAAAACAAACAACAAAAA","ACTAGCCTGGGCAACACAGCAAAACCCCATCGCTACAAAAAATACAAATATTAGCCAGGTGTGATGGTGCATGCCTAGGGAGGCTGAGGTGGGAGGATCACTTGAGTCCAGGGAGGCTGAGGCTGCAGTGAGCTGAGATTATGCCACTGCACTCCAGCCTGAGTGACAGAGTGAGAACCTGTCTCAAGAAAATTAAAAAAAA"
"GL873521","12689719","12689822","chr7","26479088","26479188","21","13789369","GCTGAGTACAGTAGCTCACTTCTTTCATCTCAGCACTATGAGAGGCTGAGTCAGGAGGATCACTTGAGGCCAGGATTTTGAGACAAGCCTGGGGAACATAGTGA","GCTGGGTGCTGTGGCTCACATGTATAATCACAGCACTTTGGGAGGCTGAGGCAGGAGGATCACCTGAGGCCAGGATTTCAAGACCAGCCTGGGCGAAATGG"
"GL873521","12747705","12747831","chrX","118392849","118392966","30","105645144","GCCAAGCATGGTAGCACAAGCTTTGTAGGCCCAATTACTTGGGAGGCTAAGATGGGAGGATCACTTGAGCCCAGGAGTTTGAGGCCAGCCTGAGAAACACTCCAAGACCCTCTTTATTTAAAATATA","GCCAAGCATGGTGGCTCATGCCTGTAATCCCAGTACTTTGGGAGGCTGAGATGGGAGGATAGCTTGAGCCCAGGAGTTTGAGACCAGCCTGGTAACACAGTGAGACCTCATCTCTACA"
"GL873521","12758304","12758462","chr7","65488595","65488751","43","52730291","ACTTAGCTGAATATAGTAGCACAAGCCTGTATTTCCAGCTACTCAGGAGGCTGAGGCAGGAGGATCACTTGGGCTTACAAGTTGGAGGTTGTGGTAAGCTATGATGATGCCACTGCCCTCTGCCCCAGGCAAATGTGATGCCTTGTCTCAACAACAAAA","TTAACTGGGTATAATGACACATGCCTGTAGTCCCAGCTACTAGAAAGGCTGAGGTAGGAGGATTGCTTGAGCCTGAGAGGTTGAGGATGCAGTGAACCATGATCAGGCCACTGCACTCAGCCTAGGCAACACAGTGAGACCCTGTCTCAAGAAAAAA"
"GL873521","12758495","12758600","chr16","15961202","15961315","30","3202707","GTGGCTGGTGCATATAATCCTACCACTTTGGAAGGAGGAGGGAGAATCATTGAAACCAGGAGTTCAAGAACAGCCCAGGCAGGCTATAGTGAAATCTCATCTCTAC","GTGGCTGGGCATGCCTGTAATCCTAGCACTTTGAGAGGCTGCAGCGGAAGGATCGCTTGAGCCCAGGAGTTCAAGAACAGCCTAGGCAACATAGCAAGATCCCTGTCTCTACAA"
"GL873521","12822938","12822952","chr1","210017045","210017059","2","197194107","TAAAACAAAAGAAAA","TAATAAAAAAGAAAA"
"GL873521","12822989","12823283","chr7","75828649","75828941","71","63005660","GGCCAGGCAAGGTGGCTAACTGCTGTAATCTTAGCACTCTAGGAGGCTGAGGCAAGAGAATTCCTTGAGGTCAGGAGTCAGAGACCAGCCTGAGCAAAAATGACACTCCACCTCTATGAAAAATAGAAAACAAAAATTAGCCAGGTGTGATGGCCCATTTCTGTAGTCCCAGCTACTGGGGAGGCTGAGGCAGGAGGATAGCTTGAGCCCAGGAGCTTGAGGTTGCGGTAGCTAGGCAGATGGCTCAGCACTCTTTCTAGCCTGGGCAACAGAGCAACATTCTATCTCAAAAAAT","GGCTAGGCATGGTGGCTCATGCATGTAATCCCAGCACTTTGGGAGGCTGAGGCGGACGGATCACTTGAGGTCAGGAGTTCGAGACCAGCCTGGTCAACATGGTGAAACCCCATCTCTACTAAAAATATAAAAATTAGCCAGGTGTGGTGGCGCATGCCTGTAGTCCCAGCTACTTGGGAGACTGAGGTGGGAGGATCCCTTGAGCCTGGGAGGTTGAGGCTGCAGTGAGCTGTGATGGCACCACTGCACTCCAGCCTGGGCAATAGAGCAAGACCCTGTCTCATAGGAAAAAA"
"GL873521","13041237","13041319","chr5","49472177","49472254","12","36430940","GGCCAGTCATGGTGGCTCATGCCTATAATCCTAGCACTCTGGGAGGCTGAAGCAGGAGGATCACTTGAGCTCAGGAGTTTGAG","GGCCTGGCATGGTGGCTCATGCCTGTAATCCAGCATTTTGGGAGGCTGAGGCAGGAAGATCACTTGAGCTCAGGATTT"
"GL873521","13102109","13102207","chr16","30194624","30194720","25","17092515","TGAGCCCAGGAGTTTGAGGTTGTTGTGAGCTGAGCAGACCACACAGCATTCTAGCTTGGGCAACAGAGTGACATTGTGCTTCAAAAAAAGAAAAAAAAA","TGAGCCCAGGAGTTTGAGACTACAGTGAGCTATGATTACACCACTCCTCTCCAGCATGGGCAACAGAGTGAGACACTATCTCAAAAAAAAAAAAAAA"
"GL873521","13102475","13102686","chr2B","236887995","236888203","46","223785520","GGCCAAGTGTGGTGGCTCATGCTTGTAATCCTAGCACTCTGGGTGGCTGAGGCAGGGGGATCACTTGAGCTCAGGAGTTCAAGACCAGCTTGAGCAAGAGTGAGAACCCATTTCTACTCAAAATAGAAAAAAATTAGACAGGCACTGTGGTGAGTGCCTGTAGTATGAGCTACTTTGGAGGCTGAGATAGGAAGATCACTTGAGCCCAGGAG","GGCTAGGCGCAGTGGCTGAAGCCTGTAATCCTAGCACTTTGGGAGGCCGAGGTGGGCGATCACTTTGGCTCAGGAGTTCGAGACCAGCCTGGGCAATATGGCAAAACCCCATCTCTACACAAAATACAAAAATTACTCAGATGTGGTGGTGAGTGCCTGTAGTCCCAGCTACTTTGGACGCTGAGGTGGGAAGATCACCTGAGCCCAGG"
"GL873521","13327200","13327291","chr3","43397692","43397785","20","30070492","CTATCACTTTAGGAGGTGAGGTGGGAGGATCACTTGAGGCAAGGAGTTCAAGAGCAACCTAGGCAACATAGGAACCCCTCTGTCTCTCCAAA","CCCAGCACTTTGGGAGGCTGAGGTGGGCAGATCTCTCGAGCCCAGGAGTTCAAGACCAGCCTGGGCAACATGGTGAAACCCCGTCTCTACCAAA"
"GL873521","13327700","13327732","chr1","70851001","70851033","8","57523301","GCTGGATATGGAGTCTCACACCTGTAATTCTAT","GCTGGGCATGGTGGCTCATCCCTGTAATTCCCT"
"GL873521","13722076","13722356","chr17","55905881","55906166","74","42183805","GTCTGGCGTGGTGGCTCAAGCCTATAATCCTAGTACTCTGGGAGTCCAAAGTGGGTGGATTGCTTGAGCTCAGTAGTCTGAGACCAGCCTGAGTAAGACCCAGACATCGTATCTACTAAAAATAGAATAAACTACCTGGGCATTGTAGCGGGTGCCTACAGTCCCAGCTACGTGGGAGGTTGAGGCAAGAGGATCACCTGAACCTAGAGAATGAGGTTGCTGTGAGCTATGATGAGGTCAAGGCACTCTACCCAGAGTAACAGAGTGAAATTCTATCTCAA","GGTCAGGCATGGTGGCTCAGGCCTGTAATCCCAGCACTTTGGGAGGCCAAGGTGGGCAGATTGCTTGAGCCCAGGAGTTTGAGATCAGCTTGGGCAACATAGTGAAAACTCATCTCTACAAAAAATTAAAAAAATTAGCTGGGCATTGTGGCACGTAACTGCAGTCCCAGCTACTTGAGAGGCTGAGGTGAGAGGATCACCTGAGGCCGGGAAGTCGAGGCTGCAGTGAGCTGTGATTGGGCCACTGCACTCCATCCTGGGCGACAGAATAAGACCCTGTCTCAAA"
"GL873521","13722635","13722652","chr6","90847853","90847870","1","77125218","AAAAAAAAAAAAAAAAAA","CAAAAAAAAAAAAAAAAA"
"GL873521","13789517","13789832","chr12","121838917","121839229","75","108049400","GCTGGGTGTGGTGGCTCATATCTGTAATGATAGCACTCTGGGAGGTCAAAGCAGGGAGATTACTTGAGCTCAGGAGTTAGAGAGCATCCTGAGAAAGAGTGAGATCCCTATCTATACTAAAAACAGAAAAACTAGCCAGTTGTAGTGGCAGGCACCTGTAGTCCCAGCTACTTTGGGAGTCTGAGACAAGAGGATCTCATAAGCCCAAGAGTTTGAGGTTGCTGTGAGCTGCGATGCCACAGCACTCTACCTGGGGTGACAGAATGAGACTTTGTCTCAAAAAAATAAAAAATAAAATAAAATAAAATTTAAAAAA","GGCTGGGTGTGGTGGCTCATGCCTGTAATCCCAGCACTTTGGGAGGCCAAGTCAGGAGGATTATTTGAGCCTGGGAGTTTGAGACCAGCCTGTGCAACATGGTGAGACCTCATCTCTACAAAACATAAAAAATTAGCCAGGCATGGTGGCATGTGCCTGTAGTCCCAGCTACTTGGGAGGCTGAGGCAGGAGGATCAGTCGAGCCCAGAAGATTGAGGCTACAGTGAACTGTGTTCATGCCACTGCACTCCAGCCTGGGTGACAGAGTGAGACCTTGTCTCCAAAAAAATCAAATAAATAAAAAAATAAAAAA"
"GL873521","13902129","13902272","chr17","73619699","73619842","30","59717570","GGCCAGGCATAGTGGCTCGCACCTATAATCCAGTACTATGGGAGACCAAGGCTGGAGGATCAATTGAAGCCAAGAGTTAAAGACCAACCTGGGCAACATAGAAACACTTCACCTATATAAAAAAAAAAAAAAAGAAAGAAAAAA","GGCCAGGTATGGTGGCTCACACCTGTAATTTCAGCACTTTAGGAGGCTGAGGCAGGAAGATCACTTGAGGCCAGGAGTTCAAGACCAGCCTGGGCAACATGGCAAGGCTTCATTTCCACAAAAAAAAAAAAAAAAAAAAAAAAA"
"GL873521","13902315","13902339","chr7","66627085","66627108","7","52724770","AAAAATTAACCCAGCATGGTGGCGC","AAAAAATTAGCCAGGCATGGTGAC"
"GL873521","13902374","13902499","chr7","68063538","68063660","30","54161164","AGTCCCAGCTACCATAGAGGTTGAGCCAGGAGGATCACTGAAGCCCAGAGCCCAGAAGTTTGAGGTTGCAGTAAGCTATGATCATGCCACTGTACTCTAGTCTAGGTGACAGAAGGAGACCCTGTC","GTAGTCCCAGCTACAAGGGAGGCTGAGGCAGGAGGATGGCTTGAGCCTGGGAAGTTGAGGCTGCAGTAAGCTATGATCATGCCACTGCACTCCAGCCTGGGTGACAGAGTGAGATTCTGCCTC"
"GL873521","14127800","14127881","chr3","123515043","123515137","26","109387243","GGCTAGATATGGTGGCTCATGCCTATCTGGAAAGCTGAGGCAGGAGGATTGCAAGAGGCCAGAAGTTTAATACCAGGCTAAG","GGCCAGGTATGGTGGCTCATGCCTATACTCCCAGCCTTTTGGGAGGCTGAGACAGGAGGACTGCTTGAGGCCAGGAGTTTAAGACCAGCCTGACT"
"GL873521","14128162","14128352","chr4","26023510","26023691","57","11895348","GGGCTGAGAATGAGATCCCATCTTTACAAAAAATTACCCAGGTATAGTGGCATCATCCTAGCTACTTGGGAGGCTGGGGCAGGAGGATTTCTTGGGCCCAGGAGTGTGAGGCTACGCTGAGCTATGATACCACTGCACTTTAGCCTGGATGATACAGCAAGATTTTACCTCAAAAAAAAAAAAAAAAAAAA","GGGTGGGAAAAAATTATCTGGAAATGGTGGCATATGCCAGTGGTCCTAGCTACTTGGGAGACTGAGGCTGGAGGATCACCTGAGCCCAGGAGTTAGAGGCTGCGGTGAATCGTGATCATGCCACTGCACTCTAGGCTGGGCAATAGAGCAAGACCCTATCTCGAAAAAAAAACAACAAAAAA"
"GL873521","14184019","14184216","chr17","61651681","61651883","50","47467662","GGCTGGGCATGGTGGCTCATGCCTGTAACCCTAGCACTCTGTGAGGCCAAGGCAAGTGGATCACCTGAGCTCAGGAGTTTGAGAACAGCCTGAGCAAGAGTGAGACTCCATCTCTAAAAATAGTTGGGCATTTGTGGTGAATGCCTATAGTCTCAGCTACTCAGCTACTTAGGAGGCTGAGGCAAGAGGATTGCTTGA","GGCTGGGTGCAGTGGCTCACGCCTGTAATCCTGGCACCTTGGGAGGCCAAGGTGGGAGGATCACTTGAGCCCAGGAGTTTGAGATCAGCCTGAACAACGTGGTGAAACTCCATCTCTACAAAAAATACAAAAATTAGCTGGGCTTAATGGCATATGCCTGTGGTCCCAGCTACTGAGGAGGCTGAGGTGGGAGGATTGATTGA"
"GL873521","14185943","14186062","chr8","25834967","25835086","23","11649024","GGCAGGGTGCAGTGGCTCACACCTATAATCCCAGCACTCTGGGAAGCTGAGGTGGGAGGATTGCTTTGAGATCAGGAGTTTGAAACTAGCTTGAGCAAAGCAAGACCCATCTCTACTAAA","GGCCAGGTGCAGTGGCTCATGTCTGTAATCCCAGCACTTTGGGAGGCTGAGGTGGGAGGTTTGCTTGAGCCCAGGAGTTTGAGACCAGCCTGGGCAACATAGCAAGACCCTGTCTCTATA"
"GL873521","14186086","14186221","chr14","74199793","74199926","31","60013707","AATTAGAGAGGTGTGATGCCACACACTGTAGTCTCATCTACTTTGGAGGCTGAGGCACAAGGATTACTTGAGCCCAGGAGCATGAGGTTGCTGTGAGCGAGGCTGAGGCCACAGCACTCTAGCCTGGGCAACAGAG","TTAGCCAGGTATGGTGGTGCACACCTGTAGTCCCAGCTACTTGGGAGACTGAGGCAGGAGGATTGCTTGATCCCAGGAGTTGAGGCTGCTAAGAGCTATGATCATGTCACTGCACTCCAGCCTGGGCAACAGAG"
"GL873521","14534133","14534413","chr5","43470606","43470891","71","28936473","GGTAGCTCATGTCTATAACCCTGACACTCTGGGAGGCTAAGGGAGAAACATCCCTTGAGCTCAGGAGTTCAAGACCAGTCTAAGCCAAAAGGGAGATCCATCTTTACCAAAACAGAAAAATTAGCTGGGCATGGTGATGTGTGCCTGTAGTACCAGCTGCTTGGGAGGCTAAGGAAGGAGGATTGTTTGAGCCTAGGAGTTTAAGGTTGCTAAGAGCTAGACTGAGGCCATGGCACAGTAGCCCAGGCAATAGAATGAAACTCTGTCTCAAAAAAAAAAAA","GTGGCTCTTGCCTATAATCCCAGCACTTTGGGAGGCTGAGGAGGGCAGATTGCTTGAGCCCAGGAGTTCAAGACCAGCCTGGGCAACATGGGAAAACCTCGTCTCTACAAAAAACACAAAAATTAGCTGGGCATGGTGGCATGTACCTGTAGTCCTAGCTACTTGGGAGGCTGAGGCAGGAGGACTGCTTGAGCCTCTGGAGGCGGAGGTTGCAGTGAGCTGAGACCGCGCCACTGCACTCCAGCCTGGGTGATAGAACAAGACCCTGTCTCAAAAAAAAAAAAAA"
"GL873521","14534507","14534523","chrX","153619065","153619080","3","139084558","CCCAAAATAAAATAAAA","ACATAATAAAATAAAA"
"GL873521","14646173","14646307","chr1","9156973","9157091","40","5489200","GGATGTAGTAGCTCACACCTGTAATCCCAGCATCATGGGAGGATCACTTGAGGCCAGGAGTTTGAGACTGGCTTGGGCAATATGGTGAGGCCCCATTCTTACAAAATAGGAAAAGAATTAATTGGATATGGTGGC","GGCTGGGTGAGGTGGCCTCACGCCTGTAATCCCAGCACTTTGGGAGGCCAAGGCAGGAGTTTGAGACCAGCCTGGGCAATACAGTGAGACCCCATCTCCAAAAAAAAAATTAGTGGGGC"
"GL873521","14703100","14703421","chr17","68155983","68156305","73","53452883","GGCTGGGCACAGTGGCTCATACCTGTAATCCTAGCACTTTGGGAGGCCAGGAAGGGAAGATAGCTTGAGGCCAGGAGTTTGAGACCAGGATGAGCGAGGTAGCGAGACCCCCCATCTCTATCAAAAATTAAAAAAAAAAAAAAATTAGCTGGGTATAGTGGTGAGGGCCTATCATCCTAGCTACTTAGGAGTAAGACAGGAGGATCACTTGAGCCTAGGAGGTAAGGTTGCAGTGAACTATGATGATGACCCTGCACTCTTGCCTTAGCAAGATGGTGAGACCCTGTCTCAAAACAAACAAACAAACAAACAAACATAAAAA","GGCTGGGCACCGTGGCTGACATCTGTAATCCCAGCACTTTGGGAGGCCAAGGCGGGTGGATCACTTGAGCCCAGGAGCTCGAGACCAGCCTGACCAACATGGCAAAACCCCATCTCTACCAAAAAAAAAAAAAAAATACAAAAAGTTAGCTGGGCATGGTGGAGAGGGCCTGTAGTCCCAACTACTCAGGAGGCTGAGGTGAGAGGATCACCTGAGCCACAGGAGGTCGAGGCTGCAGTGAGCCATGATCACACCATTGCACTCCAGCCTGAGAGAAAGTGAGACCCTGTCTCAAAAAAACAAACAAACAAAAACAGCAAAAA"
"GL873521","14778613","14778888","chr15","42746072","42746354","63","27967459","GGCCCAGCACAGTGGCTCACACCTATAATCCTCGCATTCTAGGAGACTGAGGTGGGAGGATCACTTGAGCTCAGGAATTTGAGATCAGCTTGAGCAATAAGGTGACCCCATCTCTACTAAAAATAGACTAATTAGCCAGGCATTGTGGTGGGCACCTGTGGTCCCAGCTAGTTGAGAGGCTCATGTTGGATTCCTTGAACCCAGGAATTTGAGGCTGCTGTGAGCTGGGCTGATGCCACAGTATTCTAGCCTGGGCAACAGAGTATGACTCTGTCT","GGCCAGGTACAGTGGCTCACACCTGTAATCCCAGCACTTTGGGAGGCCAAGGCAGGAGGATCACTTGAGCCTAGGAATTCAAGACCAGTCAGGGCAATATGGTGAAACTCCATCTCTACAAAAAATACAAAAATCAGCCAGGTGTGGTGGTGTGCGCCTGTGGTCCCAGCTACTTGGGAGGCTGAGATGGAAGGATCACTTGAGCCCAGGAAATGGAGGCTGCAGTGAGCTAAGGCTGTGCCACTGCACTCCAGCCTGGGCAACAGAGTGAGACCCTGTCTCA"
"GL873521","14884261","14884393","chr13","24405237","24405373","27","9520976","GGCTAGGTGTGGTGGCTCATGCCCATAATTCCAGCATTCTGGGAGGCCAATGTGGGAGGATCCCTGGAGGTCAGGAGTTTGAGACCACCCTGAGCAAAGCGAGACCCCATCTTCACTAAAAATAGAAAAATTA","GGCTGGGCATGGAGGCTCATGCCTATAATCCCAGCACTTTGGGAGGCTGAGGTGGGAGGATCGCTTGAGTTCATGAGTTCAAGACCAGCCTGAGCAACACAGTGAGACCTCATCTCTACTAAAAATCAAAAAAATTA"
"GL873521","14884660","14884815","chr1","141772547","141772702","39","126887887","TTAGTTGAATGTGGTGGTGTACACCTGTAGTCCCAGCTACTTGAAAGGCTGAAGAAAGAGGATTGCTTGAGCCCAAGTGCTTGAGGTTGTAGTGAGCTAGGCTGACGCTATGACACTCTGACCCAGGTGATAGAAGAAGACCCTGTCTCAAAAAAA","TTAGCTGGGCATGGTGGCGTGCACCTGTGGTCCCAGCTATTTGAAAGGCTGAGTTGGGAGGATCACTTGAGCCCAGATGGTTGAGGCTGCAGTGAGCCATGATGGCACCACTGCACTTTAGCCTTGGTGACAGAGCAAGGCCCTGTCTGAAAAAAA"
"GL873521","15677856","15678124","chr7","99887814","99888086","73","84209958","TGGCTCATGCCTGTCAACAAAGTACTTTGGTAGATTGAGAAAGGAGGATCTCGTGGACTCAGGAGTTTGAGACCAGCCTGGACGACATGGTAAAAAAACATCTTTAAAAAATTAGCCTAGCATAGTGGTGCACATTGATAATTTCAGCTATTTCGCAGGCTGAAGTGGGAGAACCACTTGTGTTTGGAAGCTCGAGGCTGCAGTGAGCTATGATCTCACACTACACTCCAGCCTGGGTAATATGGTGAGGTCCTGCCTCAAAAACAAAA","GGCTTACACCTGTAATCCCAGTGCTTTGGGAGGCTGAGGCAGGCAGATCACTTGAGCCCTGGAGTTCAAGACCAGCCTGGGCAACATGGTGAAACCCCATCTCTACAAAAAATTAGCCAGGCATGGTGGCTTGCACCTGTAGTCCCAGCTACTCAGGAGGCTGAGGTAGGAGGATTTCATGAGCCTGGAAGGTTGAGGCTGCAGTGAGCTATGATCACACCACTGCACTCCAGTCTGGGTGATAAAGTGAGACCCTGTCTCAAAAAAAAAAAA"
"GL873521","15875728","15875811","chr8","5975319","5975398","26","9900409","CAGTGAGCCGTGGTCTCCCTGTGCATTCCAATGTGAGTGACAGAGAGACCTCCCTCACACTCCCAAAAAAGAAAAAACAAGAAA","GCAGTGAGCCTTGATCGTGCTATTGCACTCTAGCCTTGGTGACAGAGAGAGACCCTATCTCAAAAAAAAAAAAAAAAAAA"
"GL873521","16170363","16170540","chr3","50079465","50079644","47","33909102","AAAAAAAAAAAAAATTACCCAGGTAAGGTGGTAAGGACCTGCAGTCCTAGCTATCTGGGATACGAGGTAGGAGGAGCACTTTGGCCCAGGAATTCCAGGCTATGGTGAACTATGATTACAACTGCACTCTAGCCTGGGCAAAAGAGTAAGAGACTGTCACAAAACACAACAAAACAAA","ACAAAAAGAAAAAACAATTAGCAAGGCCTGGTGGTACACACTTGTAGTCCCAGCTATTTGGGAGGCTGAGGTGGGAGGATCACTTGAGCCCAGGAGTTCAAGGTTACAGTGAGCTATGATCATGCCACTGCACACTAGCCTGGGCATCAGAGAGAGTTCCTGTCTCTAAGAAAAAAAAAA"
"GL873521","16172240","16172374","chr1","29329421","29329551","29","13157181","GGCTGCATGCAGTGCCTCATGTTTGTAATCCCAGCACTTTGGGAGCCAGTGGAGGAGAGGATCACTTGAAGCCAGGAATTTAAGACGGACCTAGCCAACATAATGAGAACTCCTCTATACAAAAAATAATAAAAT","GGCTGGATGCACTGGCTCCTGTCTGTAATCCCAGCACTTTGGGAGGCTGAAACAGGAGGATCCCTTGAAGCCAGGAGTTTAAGATCAGCCTGAGCAACAGAGTGAAACCCTGTCTCTACAAAAAAAAAAAA"
"GL873521","16260421","16260667","chr2A","25887935","25888182","71","9627514","GGATACAGTGGCTCACACCTGTAATCTTAGCAAACACCCTGGGGTGCTAAGGCAGGAGGATCACTTGAGCTCAGGAGATCAAGACCAGCCTGAGGAAGAGTGAAACCCCATTTCTACCACACATAGAAAAATTAGCCAGGTGTCTCTCTCTAGTCCCAGCTACTTGGGAGGCTGAGACAGGAGAATTGCTTAAGCCAGGGAGTTTCAGGTTGCTGTGGCTCAGACCATGGCACTCTAGACTGAGCAA","GGCTGGGCACAGTGGCTCACACCTGTAATCCCAGCACTTTGGGAGGGTGAGGCAGGAGGATCACTTGAGCTCAGGAGTTCGCAACCAGCCTGGGCAATATGGTGAAACCGCATCTCTACAAAAAATACAAAAATTAACCGGGTGTGGTTGTGCATGCCTGTAGTCCCAGCTACTTGGCAGGCTGAGGTGGGAGGATTGCTTGAGCTCAGGAGGTCAAGGCTGCAGTGAGCCATGATTACTCCACTGCA"
"GL873521","16747501","16747629","chr7","102198592","102198722","33","85451091","GCCGGGTATGGTGGCTCACACCTGTAATCCCACCACGTGGGAGGCCAAGGCAAGCAGATTGCCTGAGCTCACAGGTTCAAGACCAGCCTGAGCCAGAGTGAGACTTTGTCTTGGAAAATACCCGGGTGT","GGCTGGGTGTGGTGGCTCACACCTGTAATCCCACCACTGTGGGAGGCTAAGGCAGGCAAATCGCTTGAGCCCAGGAGTTCGAGACCAGCCTAGGCAACGTGGTGAAACTGTCTTTAGAAAATATTAGCCAA"
"GL873521","16747905","16748071","chr1","26355033","26355200","42","9607128","AACTAGGTAGGTGTTGCAGCAGGCGCCTGTAAATCCCAGCTACTTGGGCCAAGGCAAGAGAATCAATCACTTATGCCCAGGAGTTTGAGGTTGCTGTAAGCTATGACGCCCTGGCACTCTACCAAGGGTAACAAAGTCAGATCCTGCCTCAAAAAAAAAAAAAAAAA","AACTAGCTGGGTGTGGCGGCGTGTGCCTGTAGTCCCAGCTACTTGGGAGGCTGAGGCAGGAGGATCACTTGAGCCCAGGAGTTCAAGGCTGCAGTGAGCTAAGATCATACCACTGCACTCCAGCCTGGGTAATAGAGTGAGATCCTGTCTCAAAAAAAAAAAAAAAAA"
"GL873521","16826358","16826516","chrX","96886204","96886345","57","80059846","GGCGCCCTGCCACAAGCTGTAGTCTCCCCTATTTGGGAGGGTGAGGTCGGAGGATCATGTGAGCTCGGCAGTTCAAAGTCACCGGGCACTACAACCTCACCTGGACCAGTCAGGACTGCACGCCAGCCTCCCCAGCGCAGTGAGACTCTGTTTCTAAAA","GGTGCACATCTGTAGTCTCAGTTATTTGGGAAGCTGAGGAGGGAGGATCACTTGAGCCTGGGAGGTCAAGGCGCCAGTGAGCTGTGATTGCACCACTGCACTCCAGCCTGTGCTACAGAGTGAGACTCTGTCTCAAAAAAAA"
"GL873521","16850386","16850705","chr1","224543342","224543654","83","207692956","GCCAGCTGTGGTGGCTCACACCTATAGTCCTCACACTCTGGGAGGCTGAGGAAGGCAGATTCCCTGGAGCTCAGGAGATTGAGACCAGGCTGAGCAAGAACTGAGACTCTGTCTCTACCCCAAACAGAAAAACTTCACTAGGTGTTGCGGTGGGCACCTATAGCCTGAGCTACTTGAGAGGCAGAGGCAGGATGATCACTTGAACTCAGGAGTTTGAGGTTGCTATAGCTGTGCTGATGCCATAGTACTTTAGCCTGGGCAACAGAATGAGACTCTGTCTCAAAATAAATAAATAAATTAATAAATAAAAGAGAAAGAAA","GCCAGGCAGGGTGGCTCACGCCTGTAATCCCAACACTTTGGGAGGCTGAGGCAGGCAGCTTGCTTGAACTCAGGAGTTTGAGACCAGTCTAGGCAACATGGTGAAACCCCATCTCTACAAAAAATACAAAAATTAGCCAGGCGAAGTGGCGTGCCTATAGTCTTAGCTACTTGGGAGGCTGAGGCAGGAGAACTGCTTGAACTGGGGAGGTCGAGGCTGCATGAGCCGAGATCGTGCCACTGCACTCCAGCCTGGATGACAGAGCGAGACCCTGTCTCAAAATAAATAAATGAATAAATAATAAAATAAATAA"
"GL873521","16987716","16987746","chr4","157175852","157175881","5","140188136","GAAGAAAGAAGAAAGAAGAAAGAAGAAAGAA","GAAGAAGAAGAAGAAGAAGAAGAAGAAGAA"
"GL873521","16988099","16988370","chr11","32048157","32048430","73","15060058","GGCCCAGTTCAGTGTCTCACACCTGTAATCCTAGAACTCTGGGAGGTCAAGGAAGGTGGAGTCCTTGAGCTCAGGATTTTCAGATAAGCCTGAGCAAGAGACAGATCCATATCTACTAAACATAGAAAAACTAGCCTGGCATCAGTGTAGTCCCAGCTACTCAGAAGGCTGAGGCAGGAGGATCATTTGAGCCCAAATGTTTGAGTTTGCTGTGAGCTATGATGAATGACACCAGGGCACTCTACCCAGGGCAACAGAGTGAGACTATTTCT","GGCCCACCACAGTGATTCACATCTATAATCCCAGCACTTTGGGAGGCCGAGGTGGGAGAGTAGCTTGAGCCCAGGAGTTTGAGACCAGCCTGAGCAACAGGGCGAGACCCCATCTCTACAAAAAAAATTTAAAAATTAGCCTAGCATGTGCCTGTAGTCCCAGCTACTCAGGAGGCTGAAGCAGGAGGATCACTTGAGCCCAGGAGTTGAAGGCTGCAGTAAGCTATGATCACCCCACTGAGCTCTAGCCAGGGTGACTGAGCAAGACTCTATT"
"GL873521","17153915","17154039","chr7","102370770","102370890","26","85216855","GGCTAGGCACGGTGGTGACTCCTGCTTGTAATCCCAGCACTCTGGGAGGCCTGTGGCAGGTGAATTCCTTGCGCTCAGGAGTTCAAGACTAGCCTGAGTAATAGTGAAACCTCTGTCTCTACTAA","GGCTAGGCACGGTGGCTCATGCCTGTAATCCCAGCACTTTGGGAGACTGAGGTGGGAGAATTGCTTGAAGCTGGGAGTTCAAGACCAGCCTAGGGAACATAGTGAGACCCTGTCTCTTCAA"
"GL873521","17154076","17154241","chr16","21596696","21596868","46","4442620","CTAACCAGACCTGACAGGTGGCTATACTCTCGGCTACTTGGGAGGCTGAGGCAAGAGGATCACTTGATCTCAAGAGTTTGAGGTTGCTATAAGCTATGAGGCCATGACACTCTACCGAGGGCAACAAAGTAAGAGTTTTTCTCAAAAAAAAAACCCAAAACAAAAA","ATTAGTCAGACATGGTGGCATGTGCCTATAGTCCCAGCTACTTGGGAGGCTGAGGCAAGAGAATCATTTGAGCCCAGGAGGTTGAGGCTGCAGTAAGCAGTGATCATGTCACTGCACTCCAGCCTGGGCAACAGAGCAAGACCCTGTCTCAAAAAAAAAAAAAAAAGAAAAAA"
"GL873521","18186068","18186211","chr11","18518855","18518988","40","332787","TAGTCAGGTGCAGTGGTGCATGCCTGCAGTCACAGCTACTCTACTCAGGAGGATGAAGCAGGAGGACCACTGGAGACCAGGAGTTTGAGAATGCTGTAAAATACCATTGAGTCACTGCCTGCCAGCTTCAGTAACAGAATAAGA","TTAGCCAGGTGCAGTGGCGCATGGCTGTAGTCCTGCTTACTCAGGAGGTTGAAGCAGGAGGATCACTTGGGCCCAGGAGTTTGAGGCGGCAGCGAGCCATAATCGTGCCACTGCACTCCAGCTGAGTGACAGAG"
"GL873521","18186242","18186351","chr4","101432127","101432236","31","83245885","CTTGTAATTTCAGCACTTTTGGAAACTGTAGAAGGAAGATTGTTTAAGACCAGGAGTTCCAGAACAATCTGGGCAACACATGTTGACCTTGTACCTACATGAAAAAAAAA","CCTGTAATCCCAGCACTTTGGGAGGCTGAGGCAGGAAGACAGCTTGAGGCCAGGAGTTCCAGACCAGTCTGGGCAATATAGCAAGACCCTCATCTCTTTAAAAAATAAAA"
"GL873521","18231783","18232086","chr11","120552808","120553110","90","102321025","GGCATGGTGGCTCACACCAGCAATCCCAGCGTTTTGGGAAGCCCAAGGAAGAGAATCACTTGAGACCAGCCAGAGGTACATAGACACGTGGTCTACAAGAAATGACAATTAAAACAAATTGCTGGGCATGGTAGCCTGTGACTATAGTCCTGGCAACTCAAGAGGCTGAGTCAGGGGGTTTTTTGAGCCTATGAAGTCTAAGTTGCAGTAAGCTGTGATCATGCCACTATACCCTAGCCTGGGTGACAGAACAAGATTCTGTCTCTAAAAATAAAATAAAATAAAATAATAAAATGAAATAAAA","GCCAAGCATGGTGGTTCATACCTATAATCCCAGAACTTTGAAAGGCCAAGGCGAGAGGAGTTTGAGACCAGCCTGGGCAACATGATGACATGCCGTCTCTACAAAAAAATAAAATAAACAAAAACTAGCTGGGCCTAGTGGCATGTGTCTGTAGTCCTAGCTACTCAGGAGACTGAGGCAGGAGGATCACTTGAGCCTGGGAGGTCAAGGTTGCAGTGAGCTATGATTGTGTCACTGTACTCCAGCCTGGGTGACATAGCAAGAACTGGTCTCAAAAAAAAAAGAAAGAGAGAAAAAAGAAAA"
"GL873521","18672921","18673268","chr5","164510023","164510360","89","145837102","GGCTGGCCATGGTGGCTGAGGCCTGTCATCCTACCACTCTGAGAGGATGAGGAAGGAGGATTGGATTGCTTCAGCTCAGGAGTTCAAGACCAGCCTGAGCAAGAGCAAGACTCAGTCTCTACCAAAAATAGAAAAATTAGACTAGCCAGATGTAATGGCAGATGCCTCTAGTCCCAGCTAGTGGGGAGGCTAAGGCAGGAGGATCACTGAAACCCAGGAGTTTGAGGTGCCTGTGAGTTAGTTTAATACCATGGCAGTCTAGCTTGGGCAACAAAGTGAGACTCTGTCTCAAAACAAACAAAGAAACAAAGAAACAAACAAACAAAAACCCCAAAAATAAAAAAAAAA","GGCTGGGCACAGTGGCTCATGCCTGTAATCCTAGCACTTTGGGAGGCTGAGGCAGGTGGATCGCTTGAGACTGGGAGTTCAAGACCAGCCTGGGCAATATGGCAAAACCCCGTCCCTACAAAAAATACAAACATTAGCCAAGCATGGTGGCACATGCCTGTAGTCCCAGCTACTTGGGAGGCTGAGGCAGGAGGATCATTTGAGCCCGGGATGTGGAGGTTGCAGTAAGCTGAGATTGCATCATTGCACTCCAGCCTGGGCAACAGAGGGAGACCCTGTATCAAATAAATAAATAAATAAATAAATAAATAAATAAATAAAAGAAATAAAAGTAAAAA"
"GL873521","19315680","19315722","chr1","205503465","205503511","11","186187785","CAGTTACTTGGAAGACTGAGGCAAGAGGATCCCTTGAGCTAGG","CCAGCACTTTGGGAGACTGAGGCAGAAGGATCCCTTGAGGCCAGCGG"
"GL873521","19598410","19598508","chr1","6398492","6398584","25","13199918","TATCACTACACCACTATACTCTAGCCTGGGCAACAGATTGAGAACCTGTATCAAAAACAAACAAACAAACAAACAAAACACAATAAAAAATAAATAAAA","GTGATTGCACCAATGCACTCCAGCCTGGGTGACAGAGCGAGACTGTCTCAAAACAAACAAACAAACAAATAAAACAAAAGAAAAGAAAAGCAA"
"GL873521","19777152","19777359","chr4","72787006","72787205","63","53009854","CCTGAGCAACATAGAGAGATCCCATCTCGACAAAAATATTGAAAAAAAAATAGATAAACTTATCAGCTGGGTTTGGTAGCACACAACTGTATCCCCAGCTACCGGGAAGGCTGAAGCAGGAGGAGCCTGACAGATCAAGGCTGCAGTGAGCAGTGATCACATCACTACACTCCAGCCCAGGTGACAAAGCACAATCCTGTCTCAAAAA","CTAGGCAACATGGAAGAACCCCATCTCTACAAAAATTACAAAAACTAGCTGGGCATGGTGGTGTGCGCCTGTATTCCCAGCCACTGGGGAGGCTGAGGTGGGAGGATTGCTTGAGCCTGGAAGATTAAGGCTGAAGTGAGCAGAGATCACACCGCTGCACTCCAGTCTGGGTGACAGAGCAAAACCCTGTCTCAAAAAAA"
"GL873521","19907026","19907166","chr6","12022857","12022993","42","7884169","AGGAAAAATTACCAGGGCATGGTGATGTGCACTTATAGTCCCAGCTCCTGGGAAGGCTGAGTCAGGAGGCCAGGAGTTTGAGGTTATAGTGAGCTATGATGCCACTGCACTCTCTCTGGGTGACATAGTGACATTCTGCCT","TTAAAATTAGCCAGGCATGGTAGCAGGCACCTGTACTCCCAGCTACGGGAGGGTCGCTTGAGCCCAGGAGATCAGGGCTGCAGTGAGCTATGATTGTACCACTGCACTCCAAACTGGGTGACAGAGTGAGACTCTGT"
"GL873521","19907190","19907299","chr3","21509747","21509855","27","1602557","GTGGTGGCTCAGCCTATAATCCTAGCCTTCTGGAGGCCCAGGCGGGAGGATTGCTTAAGGTCAGGATGTTGAGACGAACCTGAGCATGAGTGAGACCCCATCTCTACAAA","GGTGGCTCATGCCTATAATTCTAGCGCTTTTGGAGGCCAAGGGGGGAGGATTACTTGAGCTCAGGAGTTCCAGATCAGCCTGGACAATTTAGTGAGACCTCATCTATAC"
"GL873521","20453341","20453513","chr19","53340691","53340862","44","32887350","AGACAACTAGCCAGGCATTGTGGTGGGCATCTATAGTCCCAGCTACTTGGGAGGCTGAGGCAAGAGGATCACTTGAACCCAATAGTTTGAGGTTGTCATGAGCTATGATGATGTGGCATTCTACTCAGGGTGACAGCGTGAGAGACTCTGTCTCAAACAAATGAACAAAAAAA","ACAAAAATAGCTGGGTGTGGTGGTGCATACTTGTAGTCCCAGCTACTTGGGAGGCTGAGGCAGGAGGATCACTTCAGCCCAGGAGGTTGAGGCTGCAGTGAGCCATGATCATGCCACTGCACTCCAGCCGAGGGGAGAGAGCAAGACTCTGTCTCAAAACAAACAAACAAAA"
"GL873521","20453540","20453662","chr4","5943586","5943706","26","14509954","CAGGCGTGGTTGCTCATGCCTGTAGTCCTAGCACTTCAGGAGGCTGAGGAGGGTAGATTGCTTGAGGTCAGGAGCTGGAGACCAGCCTGAGCAAGAGCGAGACCTTGTCTCTACTAAAAATAG","GGCCATGGTGGCTCATGCCTGTAATCCTAGCACTTCGGGAGGCTGAGGAGGGAGGATTGCTTGAGGCCTGGAGTTTGAGACCAGCCTGGGCAACATAGTGAGACCACGACTCTATTTAAAA"
"GL873521","20821454","20821743","chr8","121327775","121328067","74","100506321","GCCGGGCCCAGATGGCTCAAGCCTGTAATCCTTGCACTTTGGGAGGCCAATGTAGGAGGATCACTTGCGCCTAGGAGTTCCAGGCCAAGCTGTGCAAGGTGAAACACTGTTCCAAAAAATATATATATATGAAAATTAGCCAGTCCTGTTGGTACACATCTGTCGTTCCAACTACTTGGGGGACTGAAGCAGGAGGATCCATGAGTCCAAGATTTGAGGTTGCAATGAGCTGTATTGGAGCTACTACACTGTAGCCAGGGCGACAGGAGGAAAAACTTGTTTTAAAAAAA","GGCTGGGTGCAGTGGCTCATGCCTGTAATCTTAGCACTTTGGGAGGCCAAGGCAGGTGGATCACTTGAGCTTAGGAGTTCAAGACCAGCCTGGGCAACATGGTGAAACCCTGTCTCTACAAAAAATAAAAAAAAATTAGCCAGGCATGGTGGCATACACCTGTAGTCCCAGCTACTTGTGGGGCTGAGGCAGGAGCATCACTTGAACCCAGGAGCTCAAGGCTGCAGTGAGCTGTGATCTTACCACTGCACTCCAGCCTGGGTGACAGAGTAAGACCTTGTCTCAATAAAAAA"
"GL873521","20825224","20825315","chr22","42881883","42881978","27","22056659","AGAGGATCTCTTGAGCCTAAGAGTTTGAGGTTGCTGTGAGTTCTGATACCACAGCGCTCTACACAGGGCGACAGAGTAAGACCCTTTCTTAA","GGCAGGAGGATCGCTTGAGCCTGGGAGGTCAAGGATGCAGTGAGCTGTGATTGCACCACTGCACTCCACCCTGGGCGACAGAGTGAGACCCTGTTT"
"GL873521","20825595","20825767","chr4","156475909","156476099","57","135650314","GCGGTGGCTCACACCTGTAATCCTAACACTCAGGATCGCCTAAGCTCAGGAGGTGGAGACCAGCCTGAGCAAGAGAAACACCTCAACTCTACCAAAAACAGAAAAAGTAGCCTGGGTGGTGGTAGGCATGTGTAGTCCCAGCTACTCGGGAAGCTGAGGCAAGAGGATCTCTT","GGCCAGGCACAGTGGCTCACACCTATAATCCCAGCACTCTGGGAGACTGAGGCAGGAGGAGCCCAGGAATGTGAGACCAGCCTGGCCAACATGGTGAAACCCAGTCTCTACTAAAAATATAAAAATTAGCCTGGTGTGGTGGTGTGCGCCTGTAGTCCCAGCTACTTGGGAGGCTGAGGTGGGAGGATCAC"
"GL873521","21355913","21356066","chr4","158479533","158479684","48","137123620","ATAAAAATTAACTAGCTATGGTGGCATACACTCTTGTCCTAGCTACTTAGGAGGCTGAGGATCATTTGAGGCCAGGAGTTTAAAGCTATAGTGTACTGTGATGATTACGCCTGTGAATAGCCACTGTACTCCAGCCTGGGCAACATAGCAAGAC","AATTAGCTGGGCATGGTGGTGCATACCTGTAGTCCTAGCTACTCAGGAAGCTGAGGCAGGAGGACAGCTTGAGGCCAGGAGGTCAAGGCTGCAATGAACCATGATTGATTACACCTGTAAATAGTCACTGCATTTCAGCCTGGGCAGCATAG"
"GL873521","21623697","21623773","chrX","53329871","53329945","26","31706174","AAATTTAGGCAGGCAAGTTGGCACATGTTTGTAGTCCAAGTTATGTGAGAGGATTCTTTGAGTCCAGAAGTTAAGGC","AATAGCTTGGGCAGGGTGGTGCATGGCTGTAGTCCTGAGATGGGAGGATCCCTTGAGTCCAGGAGCTTGATGCCG"
"GL873521","21623801","21623894","chr3","42032495","42032583","27","20408694","GTAATCTTAGTACTTTGGGAGGCCAGACAGGAGATTCATTTGAGACTGAGTTTAAGATCAGCCTGGACAACATGGCAATATCCCATGTCAACCA","TAATACCAGTATTTTGGGAGGCTGAGGCAGGCGATCACTTGAGCCCAGTTCAAGACCAGCCTGGGCAATATAGCGAAATCCTGTTTCTA"
"GL873521","21714176","21714337","chr12","96671998","96672172","41","74957822","ACTAGGGGGCATTGTGGCAACTGTCATCCTAGCTGCTCAAGAGGCTGAGGCAAGAGGATCACTTCAGCCCATGAGTTTATGGTTGCTGTGAGCTATGACTCCATGGCACTCTAGCCTGGGCAATAGAATGAGACTCTGTCGCAAAAAAAAAGAAAGAAAGAA","AATTAGCTGAGCATGGTGGCAGGCACCTGTAGTCCCAGCTACTTGGGAGGCTGAGGGAGGAGGGTCACTTGAACCCAGGAGTTTGAGGCTGCAATGAGCTATGACTGCATCAGTGCACTCTAGCCTGGGCAGTAGAGTGAGACCCTGTCTCACAAAAAAAAGAAGGAAAGAGAAA"
"GL873521","21714364","21714489","chr15","78802491","78802611","29","57088127","GGCTGGGTACCCTGGCTAGACACCTGTAATTCTAGCACTCCAGGAGGCTGAAACAGGTGGATTTCTTGAGCTCAGGAGTTCAAGACCAGCCTGTCCAAGACCAAGACCACAATTCTGTCTCTACTT","GGCTGGGTACAGTGGCTCACACCTGTAATCCCAGCACTTTGGGAGGTGGAGGCAGGAGGATCACTTGAACTCAGGAGTTCAAGACCAGCCTGGCCAACATGGCGAAACTCCGTCTCTACAA"
"GL873521","21743555","21743631","chr10","20213332","20213405","25","1530223","TATAGGGTGTGGCGGCAAGTGTGTATAGTACTAGCTACTTAAAGAGGTTGAGATGGGAGGATTGCTTGAGCTAAGGA","CCAGGTGTGATGGTGCATGCCTGTGGTCTCAGCTACTTTGGAGGCTGAGGTGGGAGGATTGTTTGAGTGGAGGT"
"GL873521","21743658","21743767","chr10","43292583","43292692","28","21548925","CAATGGTTTGTGCTTGTAATCCAGCACTTTGGGAAACAAAGGAGAAAGGATTAATTGAGACCAGGAGTTCAAAATCAGCCTGGGCAACATAAAGAGACCCTGTCTCTATG","GCGGTGGTTCAGCCTGTAATCCCCGCACTTTGGGAAGCTAAAGCAGGAAAATCACTTGAGCCCAGGAGTTCAAGACCAGCCTGAGCAACATAGTGATACCCCTGTTTCTA"
"GL873521","21994326","21994402","chr3","183523015","183523100","19","161528689","GGCATTGTGACTCACACCTATAATTCTAGCACTTTGGGAGGCTGAGGTGGGAAGACCACGAGCACAGGTTCAAGACC","GACTGGGGGCAGTGGCTCAAACCTGTAATCCTAGCACTTTGGGAGGCTGAGGTGGGAGGACCACCTGAGCTCAGGAGTTCAAGACC"
"GL873521","22568894","22569013","chr7","21219168","21219276","37","1349726","TACGTTGTGGTGGCTAGTCCCAAACTACTCAGCTACTCAGGAGTTTGAGGTTGCAGTAAGCTGTGAGGTTGCATTGCACGACAGATTGTGCAACAGAGCGAGACCCTATCTCGAAAAAAA","GGCTGAGGTGGGATAATCACTTGAGCCCGGAAAGTTGAGGTTGCAGTGAGCCATGACTCGGCACTGCACTCCAGCCTGGGCAACAGAGCCAGACCCTATCTCAAAAAAA"
"GL873521","22569034","22569129","chr15","57106062","57106161","19","34537028","CAGGCATGGTGGCTCACACCTGTAATCATAGCACTTTGGGAGACCAGGAGTTCAAGACCATGCTGGGCAACATGGCGAGACCTTGTCTCTACCAAA","GGCCAGGCATGGTGGCTCACTCCTATAATCACAGCACTTTGGTAGGCCATGAATTCAAGACCAGCCTGGGCAACATAGTGTAACCCTGTCTCTACGAAAA"
"GL873521","23082461","23082581","chr19","17007875","17007987","43","6074586","AAAATACACAGAGTACCCAGGCATGGTGGTGCATGCCTCCAGTCCCAGCTACAGGTGAGACTAAGACTAAAGGATGCCTTCAGCTCAAGACTTTGAAGCTGGCCTAGGCAACAACAAGACC","ACAATGTAGCTATGGCATGGTGGTGCCTGCCTGTTGTCCCAGCTACTTGGGAGGCTGAGATGGGAGGATTGCATGAGCCCAAGAGTTCAAGGCTGCTGTGAGCTACAATCACG"
"GL873521","23326932","23327034","chr1","153330637","153330743","26","130003705","GACTGGGTATGGTGGCATATGCCTGTAAACCCAGCACTCTGGGAGGCTGTGGCGGGTGGACCAGCCTGAGACCAGCTTGAGAAAGAATAAGACTCTGTCTCTA","GGCTGGGTGTGATGGCTCATGCCTGTAATCCTAGCACTTTGGGAGGCTGAGGCAGGTGGATCACTTGAGCCCAGGAGTTTGGGCAACATGACAGAACCCTGTCTCTA"
"GL873521","23327057","23327213","chr6","85247800","85247964","38","61920743","CCAGACATTGTGACACATGCCTATAGTCCTACTTGGGAGGCTGAGGCAAGAGGATGTCTTGTGCCCAAGAGTTTGAGGTTGCTGTGAGCTATGATACCATAGCACTCTAGTGGGGGGCAAGAAAGTGAGACACTGTCTCAAAAAAAAAAAAAAAAAA","CCAGGCATTGTGGCACATGTGTGTAGTCCCAGCTATTTGGGAGGCTGAGGCAGGAGGATCCTTTGAGCCCAGGAGTTTGAGGCTTCAGTGAGCTGTGATTGGACCACTACACTCTGGCCTGGGCAACAGAGAAAGACCCTGTCTCAAAAAGAAAAAGAAAAAGAA"
"GL873521","23553294","23553452","chr8","101101478","101101641","53","77548184","AAAATAAAGTTAGCTAGACACAGCTTTGGGCACCTGCAGTCCCAGTTACTTGGAGGTTGAGGCAAGAGGATTGTTTGAGCCTAGAGGTTTGAGGATATGGTTTGCTGTAGTTCTACCTGTGAGTAGCCACTGTTCTCCAGCCAGGACACCAGCGCAAGA","AAAAAGACACCAAGTAGCCAGGTGTGGTGCTGCAGGCCTGCAGTCCCAGCTACTTGGGAGGCTGAGGCAGGAGGATTGCTTGAACCCAGGAGTTCAAGACTTCAGTATGCCATAATCGCACCTATGAATAGTCACTGCACTCCAGCCTGGGCGACATAACAAAA"
"GL873521","24165831","24166009","chrX","9218405","9218573","51","14947426","GGCCAGGCACAGCAGCTCACACCCATAATCCTAACACTCTGAGAGACCAAGGTGTATAGATTACCTGAGCTCAGGAGTTGGAGACCACCCTGAGCAAGAGTAAGACCCCCATCTCTACAAAAAAAAAAAAAAAATAGAAAAACTAGCCAGGTGTTGTGGTGGGTACTTACAGTGCCAAC","GGCCAGGCGCAGTGCCTCACACCTGTAATCCCAGCACTTTGGGAGGCCGAGGCGGGTGGATCACTTGAGCTCAGGAGTTTGAGACCAGCCTGAGCAACATGGCAAAACCTCACCTCTACAAAAAAAATACAAAAATTAACCAGGCATGGTGGCAGGCACCTGTAGTCTC"
"GL873521","24270646","24270916","chr8","27224878","27225151","68","2954232","GGCCAGGCACGGTGGCTCACACCTGAATCCTAGCTGGCATTCTGGAAGGCCGAGGTGGGTGGATCACCTGACCTCAGGAGTTCAAGACCATCCTGAGCAAGAGTGAGATGAAACCTCATCTCTAAAAATAGCTAGGCATTGTGGTGGGCACCAGTAGTCCCAGCTACTAGGGAGGCTGAAGCAAGAGGATCACTTGAGTCTAAGAGTTAGACGTTGCTGTGAGCAGTGACGCCACAGCACTCTACCCAGGGCAACAAAGTGAGACTGTCTC","GGCCAGGTGCAGTGGCTCACACCTGTAATCCTAGCCCTTAGGAGGCTGAGGTGGGAGGATCACTTGAGCTCAGGAGTTCAAGACCAGCCTGGGCAATATGGTGAAACCCTGTCTCTACGAAAAATTAGCCGGGCATGGTGGCGCATGCCTGTAGTCCCAGCTACTCAGGAGGCTGAGGTGGGAGGATCATTTGAGCCCAGGAGGCGGAAGTTGCAGTGAGCCAAGATTGCACCACCGTACTCCAGCCTGGGCAACAAGTGAGATCCTGTCTCAA"
"GL873521","24618820","24618994","chr8","68458893","68459071","47","43840073","TCCTAGCACTCTGGGGGGCCGAGGTGGTAGGATCACTTGAACTAGAGTTCAAGACCACCCTGAACAAAAATCACACCCTGTCTGTACTAAAAATAGAAAAATTAGCCAGGCATTATAGTGCATGCCTGTAGTCCCAGCTACCTGGTAGGCTGAGGCAGATCCTCTAGCCCAGGGG","CCCAGCACTTTGGGAGGCTGAGATGGGTGGATCACTTGAGCCCAGGAGTTCAAGACCAGCCTGGGCAACATGACGAAACTCTGTCTTTACAAAAAATACAAAAATGAACCAGGCATGGTGGTGCATGCCTGTAGACCCAGTACTTGGGAGGCTGAGGTGGGAGGATCCCTTGATCCTGA"
"GL873521","24626746","24626855","chr1","205148842","205148953","29","180522096","AAAGAATGACAAAAATTCAGATATGGTGGTATGCACCTATAGTCAGTCACAGCTACTGGGGAGGCTGAGGTGGGAGGCTTTCTTGAGCCCAGGAGGTTGAGTCTAGCAAT","AAAAAGTACAAAGAATTAGCCAGGTGTGGTGGTGCGTGCCTATAGTTCCAGCTACTTGGGAGGCTGAGGTGGGAGGATTGCTTGAGTCCAGGAGTTGGAGGCTGCAGTGAAA"
"GL873521","24781755","24782037","chr5","139301937","139302217","85","114520182","GACCAGGTGTGGTGGCTCACACCTATTAGCCTAGCACTCTTGGCAGCTGAGGCAGGAGGATTCACTCAGAACTTCAAGAGTTAAACCCATGCCTCTACTAAAAATAAGAAAAAAATCAGTCCAGAGTATCATGGTGGGCACTTGCAGTCCCAGCTACTCGCAATGCTGAGGAAGAAGGATAGCTTGAGCCTAGGAGTTTGAGGTTGCTGTAGGCTGGATTTTTGTCATGGCATGCTAGTCTTGGCAACAGAGTGAGACTCTGGGGGAAAAAAAAAAGGAAAAA","GGCTGGGTGCGGTGGCTCACACCTGTAATCCCAGCACTTTGGGAAGCTGAGGCCAGAGGATGGCTTGAGCTCAGGAGTTTGAGTTGAAACCCTGTCTCTACAAAAAATACAAAAATTAGCTGGGTGTGGTGGTGCACACCTGTGGTCCCAGCTACTTGGAAGTGTGGGGTGGGAGGATTGGTTGAGCCCAGGAGGTTGAGGCTGCAGTGAGCCATGATCGTGCCACTGTACTCCCGCCTGGGTGACAGAATGAGACCCTGTCTCAAAAAAAAAAAAAAAAA"
"GL873521","24969692","24969970","chr5","91805199","91805483","78","66835507","GGCTGGATGCAGTGGCTCACACCTATAAACCTAGCACTCTGGAAGGCCACAGTGGGAGAATGGCTCGAGTTCAGGATTTTGAGAGTAGCCTGAGCAAGAGCAAGACCACATCTCTACTAAAAATATAAAAATTAGCAGGAAGTCTTGCTGAATGCATCATCTCAACTGCTCTGGAGGATGAGGCAAGAGGATTGCTTGAACTCAAGAGTTGAGGTTGTGGTGAGCGAGACTGAATCCATAGCACTCTACCCCAGGCAACAGAGCAAGACTTTGTTGAAA","GACTGGGTGCAATGGTTCACATCTGTAATCCCAGCACTTTGGGAGGCCAAGGTGGGAGGATGGCTTGAGCCCAGAAGTTCAAGACCAGCCTGAGCTACATGGCAAAACCCTGTCTCTACAAAAAATGTAAAAATGAGCCAGGCATGGTGGTGCATGCCTATGGTCCCAGCTACTCAGGAGGCTGAGGCAGGAGGATCGCACTAATCTAGGAGATGGAGGCTGCAGTAAGCCGAGATTGAGTCATTGCACTCCAGCCTGGGCGAAAGAGCCAGACTCTGTCTCAAA"
"GL873521","24970004","24970019","chr3","153804291","153804307","1","128834287","AAAACAAAACAAAAAA","CAAAACAAAACAAAAAA"
"GL873521","25391954","25392209","chr7","3491054","3491312","81","21900900","CCTAGTGCAGTGGCTCACACCTGTAATCCTGGAGGCTGAAGCAGATGGATTGCTTTGAGTTCCTGCCTAAATAAAAGTGGGAATCTACTATAGCAAAATTAGCTGGGCGTTATGGTGGGTACTTGTGGTCCCAGCTACTCAGGACGCTGAGGCAGGAGGATTGCTTGAACCAAGGAATTTGAGGTTGTTATGAGCTATGATGATGCCATGGCACTCTACCCAGGCCACAGAGTAAGATTTGGTCTCCAAAAAAAAA","GGCCAGGTGCGGTAGCTCACATCTGCAATCCCAGCACTTTGGGAGGCTGAAGCTAGAGGATCACTTGAGTCTTGTCTCTACAAAAAAAATCAAAAAATTAGCCAGGGCATGGTGGTGCATGCCTGTAGTCCCAGCTACTCGGGAGGCTGAGGCAGGAGGATCACTTGAGCCCAGGAGGTTGAGGCTGCAGTGAGCTGTGACTGTACCACTGCACTCCAACCTGGGCAACAGAGTGAGACCCTGTCTCAAAAAATAATAA"
"GL873521","25453333","25453646","chr22","29946204","29946503","77","4492871","GCCGGGTACAGAGGTGCATTTACCTGTAATCCTAGCACTTTGGGAGGGTAGGGTAGGAGGATGGCTTGGGGCCAGTAGTTCAAGACCAGCCTGAACAATCTAGTGTGACCTCGTCTCCACAAAATATAGAAAAATTAGCCAGGCATGGTGGTGGGCACTTGTATTCTCAGCTTCTCAGGAAGCTGAGGCAGGAGGATCTTTTGAGGCTGGAAGGTTGAGGTTGCATTGTTGAGATTGCACTGAGCTGTGATGACACCACTGCACTCTAGCCCTGGCAACAGAGTGAGATCCTAATTTAAAAAAAAAAAAAAAAA","GCTGGGCGTGGTGGCTCCTTCCTGTAATCCCAGCACTTTGGGAGGCCAAGGCTGGAGGATCACCTGAGTCCAGGAGTTTAAGACCAGCCTGGGCAACATAGGGAGACCCTGTCTCTACAAAAAATAAAAAATTAGCCAGGCATGGTGGTGTGCACCTGTAGTCCCAGCTACTCAGGAGGCTGAGGCAGGAGGATCTCTTGAGCCTGGGAGGTCAGACTACAGTGAGCAATGATTGTGCCACTGCACTCCAGCCTGGGTGACAGAGTAAGACTCTGTCTCTTAAAAAAAAAAAAAAAAAAA"
"GL873521","25473197","25473312","chr11","64318421","64318538","25","38845224","GGGCATGGTAACTCACTCCTATAATCCCAGCAGTTTGAGAGGCCAAGGCTGGAGGATCACTTAAGGCTAGGAGTTCATGACTGGTCAGGGCAACATAGTAAGACTTATTCTCTACA","CCAGGCATGGTGGCTCACACCTATAATCCCAGCACTTTGGAAGGCCAAGGCGGGAGGATCCCTTGAGGCCAGGAGTTTGAGACCAGCCTGGGCAACATAGCAAGACTCCGTCTCCACA"
"GL873521","25473339","25473487","chr1","35894728","35894879","40","10421389","AAGAATTAGCTAGGCATAGTGGTGCGCAGCTGTAGTTCCAAGTACTTGGGAGGTTAAAGACCATGTGAGCGCAGGAGTTCAAGGCTACAGTGAGCTGTGATCATGCCACTGCACTCTGGCCTGGGTGACAGAGTCTGTGTCATAAAAAA","AAAAATTAGCCAGGCATGGTGGCACATGCCTGTGGTCCCAGATACTTGGGAGGCTGAAGTGGGAGGATCACTTGAGCCCAGGAGATCAAGGCTGCAATGAGCCATGATCATGCCACTGCACTCCAGCCTGGGCAACCCTGTCTTTAAAAAAA"
"GL873521","25493130","25493293","chr4","75562087","75562252","41","50068957","CTTAGAGTTGTGGTGGGCTCCTGTACTCCCAGCTACCCAGGAGGTGAGGCTGAGGCAGGTGGATCACTTGAACCCAGGTATGTGAGGTTGCTGAGAGCTAGGATGACACACAGCACTCTAGCCTGGTGACAGAGTGAGTCTATGTCTCTAAATAAATAAATAAA","TTAGCTGGGTGTGGTGGCATGCACCTGTAGTCCCAGCTACTTAGGAGGCTGAGGCAAGAGGATCACTTTAGCCCAGGAGGTGGAGGTTGCAGTGAGCTGAAATCATACCACTGCACTCCAGCCAGGGTGACAGAGTGAGACCTTGTCTCAAAAATAAATAAATAAA"
"GL873521","25493320","25493467","chr9","31337596","31337743","33","5844276","GACTGGGCTTGGTGGCTCATGCCTGTAATCCTAGCATTCTGGGAAGCTGAGGCAGGAGAATCACTTGAGGTCAGGAGTTCAAGACCAGACTGAGCAAGAGTGAGATCTTGCCTCTACTAAAAAAATATATATTTTTAAAAAATAATGC","GCTGGGTGTGGTGGCTCACACCTGTAATCCTAGTGATTCAGGAGGCTGAGGCAGAAGGATCACTTGAGGTCAGGAGTTTGAGAGCAGACTGAGCAACAGAGTGAGACCCCCTCTCTAAGAAAAAAATATTAAAAAAAAAAACAACCGC"
"GL873521","25793453","25793728","chr15","82250472","82250741","88","56457019","CAGGTATGGTGGCTCACACCTGTAATCCCAGCACTTCGGGAGGCCAGGAGGTGGGGGAGAGGCTCTCTTGAAGCCAGGAGTTCCTGACCAGCCAAGCAACAGGCGAAACCTTATCTCTACAAAATATTAAAGAAAAAAGGAAATTAGCCAGGTATAGCAGTAGACATCCATAATTCCAGATACTGTCGTGGCTAGGACAGGAAGATCACCTGTGATTGTGCCACTGCATCCCAACTTGCCAAAAAAGCAAGATGCTGTCTCTATAAAAGAAAACTA","GCCGGGCACGGTGGCTTATGCCTGTAATCCCAGCACTTTGGGAGGCCGAGGCAGGAGAATCGCTTGAGCCCGGGAGTTTGAGACCAGCCTGGGCAACATGGTGAAACCAAGTCTCTACAAAAAAATACAAAAAAATTAGCCAGGTGTCGTGGTGCACGTCTGTAGTCCCAGCCACTCCTGGGAGGTCGAGGCTGCAGTGAGCTGTGATCGTGCCACTGCACTCCAGCCTGGGGAACAGAGTGAGACCCCGTCTCAAAAAATAAAAAAAAA"
"GL873521","25946379","25946540","chr16","48668108","48668267","54","22721729","GTTGAGGCAGGATTTCTTGAGGCTGGGAGTTGGAGACCAGCCTGAAAAACATGTTGATACCATTGCTACAGAAATTAGAAGAGTTAGCTGGGTATAGTGGTGCATCCCTGTAGTTCCAACTACTAGGGATGCTGAGGCAGGAGGGTCACGTAAGCCCAGGAG","GTGGGAGGATTTCTTGATCCCAGGGGTTCAAGACCAACCTGGGCAACATAGTGAGACCCTGTGTATACTGAACAAAAACAATTTTTCAGGCATGGTGGCACACACCTGTAGTCCGAGCTATTCGAGAAGCTGAGATGGGAGGATCCCTTGAGCCCGGGAG"
"GL873521","25955927","25956105","chr3","43378154","43378339","50","17422227","AAAAAATAGAAAAATTAGCCATGTGCAGTGGCATGTGCCTATAGTTCCACCACTGTAGGGGCTGAGGTAGGAGGATCCCTTAAGACCAGGACTTTGAGATTGCTGTGAGTTATGACATCACTGCTGTCTGGTTGGGTGACAAAGGGAGACTTTGCCTCAAAAAAGGGAAGAAAGAAAAA","AAAAATACAAAAATTAGCCGGGCATGTTGGCATGTGCCTGTGGTCCCAGCTACTCCAGAGGCTGAGGTGGGAGGATCACTGGAGCCCGGGAAGTTGAGGCTGCAGTGAGCTGTGATCACACCACTGCACTCCAGCCTGGGTGACAGAGTGAGACCCTGTCTCAAAAAAAAAAAAAAAAAAAAAAAA"
"GL873521","26298260","26298339","chr4","95794331","95794409","18","69496071","GGCTGGGTGCATCAGCTTATGCCTGTAATCCCAGTACTTTAGGAGGTTGAGGTAAGAGGATCACTTAAGAACAGGAATCC","GGCTAGGTGCAGTGGCTTACACCTGTAATCCCAGCACTTTGGGAGGCCGAGGCAGGAGGATCACTTGAGCCCAGGAGTT"
"GL873521","26307582","26307851","chr5","152032216","152032514","85","125724634","GCTGGGCATAGTGGCTCACACCTACACTCTTAGAGGCCAGGGCAGATGAATTATTTGAGCTTGGGAGACCAGACTGAGCATGAGTGAGATCCTGTTCCTACTAAAAATAGAAAAATTAATTGGGTGTTGTGCCTGTAGTCCCAGCTACTTGGAAGGCTGAGGCAAGAGGATCACTTGAGCCCAAAAGACTGAAGTTCTAATGCCAAACATGCTACTCAGAGGGACAGAATGAGACTCTGTCTCAAAAATAAATAAATAAATAAATAAATA","GGCTGGGCACAGTGACTCACACCTATAATCCCAGCACTTTGTGAGGCTGAGGCAGGCAGATTATTTGAGCCCCTGAGGTCAAGACCATCCTGGGCAACATGGCAAAACCTCATCTCTACAAAAAATACAAAAATTAGTTGGGTGTGGTGGCATACGCCTATAGTCCCAGCTCCTCAGGAGGCTGAGGTAGGAGGATGGTTTGAGCCCAGGAGATGGAGGTTGATCATGCCACTGCTCTCCAGACTGGGCAACAGAATGAGACTCTGTCTCACAAAAAATGAAACAGAATAAAATAAAAA"
"GL873521","26951040","26951317","chr17","16672309","16672598","75","10278731","TGGCTTACACCTGTAATCCTAGCACTCTGAGAGGAGTGAGGCAGATTGCTTGAGCTTAGGAGTTTAAGACCAGCCTGAGCAAGAAAGATCCCATTTTTACTAAAATAGAAAACTAGCCAGGGGTGGTGGCCTATGTCTGTAGTCCCAGCTACTCGGTAGGCTAAGGCAAGAGGATTGCTCAAACCCAAGAGTTTGAGATTGCTGTGAGTTCTGGTGCCATGACACTCTATCCAGGGTAACAGAGTGAGACTTTGTCTAAAAAAGAAATAAAATAGGTG","GTGGCTCACACCTGTAATCTCAGCACTTTGGGAGGCTGAGGCGGGAGGATCACTTGAGCCCAGGAGTTTGAGACCAGCCTGAGCAACATAGTAGGCTCCTGTCTCTACAAAAAAATACAAAAATTAGCTGGTACTGGTGGCATGTGCCTGTAGTCCCAGCTACTCAGGAGGCTAAGGCAGGAGAATCGCTTGAGCCCAGGAGGTTGAGGCTGCTATGAGCTGTGATGGCACCACTGCACTCCAGCCTGGGTGACAGAGTGAGACCTGGTCTCAAAAAGAAAAAAAAAAAA"
"GL873521","26951542","26951557","chr3","53948633","53948648","1","26997091","AAAAGAAAGAAAGAAA","GAAAGAAAGAAAGAAA"
"GL873521","27061553","27061681","chr3","122788793","122788920","26","95727240","GGCCACGCACAGTGGCTCATGCCTTTAATCCTAGCTTTCTGTGGAGGCCAAAGCAAATGGATCACTTGAACTCAGGAGTTCAAGACCAGCCTGAGCAAGAGCAAGACCCCATCTCTACTAAAAATAGAA","GGCCAGGCACTGTGGCTCATGCCTGCAATCCCAGCACTTTGGGAGGCCAAGGCAAGAGGATTGTTTGAGCCCAGGAATTCAAGACCAGCCTGGGCAACTCAGGAAGACCCCATCTCTACAAAAAACAA"
"GL873521","27061706","27061860","chr8","96136998","96137163","44","69075292","TAGCTTGGCATTGTGGTAGGCACTGGCAGTCCCAGTTACTTCGGAGGCTAAAACAAGAAGGATTGCTTGAATCCAGTGAGGTTGCTGTGAGCTATAATGTCATGGCACTTCTCCCCAGGGCAACAGAATGAGACTATCTCAAAAAAACAAATAAA","TTTAGCTGGGAAGGTTGGCACGCACCTGCAGTCCCAGCTACTTGGGAGGCTGAGACTGGAGGATTGCTTGAGCCCGAGAGGTCGAGGTGGCAGTGAGCCATAATCACACCACTGTACTCCAGCCTGGGTAACAGAATGAGACTCTGTCTCAAAACAAACAAACAAA"
"GL873521","27073730","27073910","chr1","68095575","68095737","50","41021845","GAGCAGCCTGAGCAGCTAGGGTACTGCTCCCTGCCTCTAGTCCCAGCTACTTGAGGGGCTAAGGCAGGAGGATTGTTTGAGCCCAGGAGCCCAGGAGTTTGAGATTGATGTGAACTAGGCTGATGCCATGGCACTCTAAACTGGGCAACAGAGTAAGACTCTATCTTAAAAAAACAAAAAA","TTAGCCCTGCATGGTGGCACATGCCTGTAGTCCCAGCTATTTGGGAGGCTAAGGCAGGGGGATGGTTGGAGCCCAGGAGGCAGAGGTTGCAGTAAGCTGAGACTGAGCCATTGCACTGCAGCCTGGGTGACAGAGTGAGACTCTGTCTCAAAAAAAAAAAAAA"
"GL873521","27074182","27074275","chr19","50666183","50666279","26","23592001","GCTGGGTACTGTGGCTCAAGCATGTAATCATAGCACTCTTGAGGCCAAAGTTTGGAGGATCCCTGAAGCTCCAGAGTTTAAATGCAGCTTGAGT","GGCTGGGCTCTGTGGCTCATGCCTGTAATCCCAGCACTTTGGGAGGCCGAAGTGGGAGGATCACTTGAGTCCAGCAGTTTGAGAGCAGCCTGGGCAA"
"GL873521","27115551","27115853","chrX","48006439","48006741","74","20890888","GGCCAGGTGTGGTGGCTCCTGTAATCCTATCACTATGGGAGGCCAAGGTGGGTGGATTGCTTGAGCTCAGGAGTTGGAGACTAGCCTAGGCAAGAGTGAGATCCCGTATCTACTAAATAGAAAAACTAACCAGGTTCCAGGTGCCTGTAGTCCCAGATTCTTGGGAGGCTGAGGCAAGAGGATCACTTAAGGTCAGGAGTTTAAGGTTGCTGTGAGCTATGATGTCATAGCACTCTACCCAGGGTGACAGAGTGAGACTCTATCTCAAACAAACAAACAAACAAAACAAAAACAACAAAAAAA","GGCTGGGCTCAGTGGCTCACGCCTGTAATTCCAGCACTTTGGGAGGCCAAGGTGGGCGGACTGCTTGAGCTCAGGAGTTCGAGACCAGCCTGGGAAACATGGCGAAACCCCATCTCTTAAAAAAAAAAAATTATCTGGGTGGCAGGAGCCTGTAGTCCCAGCTACTTGGGAGGCTGAGGTAGGAGGATCACCTGAGCCCGGGAGGTCAAGGCTGCAGTGAGCCATGATCGTGCCACTGCACTCCATCCTGGGTGACAGAGTGAGACCCTGTCTAAAAAAAAAAAGAAAAAAGAAAAAAAGAAA"
"GL873521","3621655","3621735","chr19","38588582","38588671","29","34966927","AAACCCCCCAGAAAATTAGCTGTAGTCCAGCTACTTGGGAGGGTGAGGCAGGATTGCTTGAACTCAGGAGGCTGAGGTTGC","TTAGCCAGGTGTGGTTGTGCACGCCAGTAGTCCTAGCTACTCAGGAGGCTGAGGCAGGAGGATTGCTTGAGCCCAGGAGTTTGAGGCTGC"
"GL873521","3642385","3642519","chr4","190118736","190118870","25","186476351","GGCTGGGTGAGGTGGCTCACACCTGTAATCCCAGCACTCTGGGAGGCCAACAGGGATGGAGCACCTGAGCTCAGGAGCTTGTGCCCAGCTTGAGCAAGAGTGAGACCTCATCTCTGTTAAAAACAGAAAAAAAAA","GGCTGGGTGCAGTGGCTCACACCTGTAATCCCAGCACTTTGGGAGGCCAAGGTGGGAGGATCACTTGAGCTCAGGAATTCGAGACCAGCCTGGGCAACATAATGAGACTGCATCTCTGTAAAAAAAAAAAAAAAA"
"GL873521","3642815","3642983","chr6","117522072","117522244","43","113879257","AAAAAAACTAGCCAGGCATTGTGGCGAGTGCCTGTAGTCCCAGCTACTCGGGAGGCGGAGGCAAGAGGAGTGCTTAATCCCAAGAGTTTGAGGTTGCTGTAAGCTATGACACTCATTCTACTCAGGGTAACAAAGTGAGACTCTGTCTCAAAAGGAAAAAAGAAAGAGA","TAAAAAAATTAGCCAGATGTGGTGGCATGTGCCTGTAGTTCCAGCTACTCGGGAGGCTGAGGCAGGAGGATTGCTTGAGCTCAGGAGTTCGAGGCTGCAGTGAGCTATAATTGTGCCACTGCACTCTAGCCTGGGTGACACAGTGAGACCTTGTCTTTAAAAAAAAAAAAAAA"
"GL873521","3668981","3669096","chr1","92774326","92774442","25","89105345","GGCTAGGCTCAGTGGCTCATGCCTATAATCCTAGCACTCTGGGAGGCTGAGACAGGTGGAGTGCCTACGTTCAGAAGTTTGAGACCAACCTGGGGAAGAGTGAGACCCTTGTCTCT","GGCCAGGCGCAGTGGCTCACACCTGTAATTCTAGCACTCTGGGAGGCAGAGGCAGGCAGACTGCTTGAGCTCAGGAGTTCGAGACTACCCTGGGCCACACAGTGAGACTTTGTCTCT"
"GL873521","3669118","3669287","chr19","44556029","44556196","40","40886911","GCCTAGCCATGCATTATGGTGGGCACCTGTAATCCCAGCTACTTGAGTGGCTGAGACAGGAGGATTGCTTGGGCCCAGGTGTTTGAAATTGTCGTGAGCTATGACAACACTATAGCACTCAACCCAGGGCACAGAGTGAGACCCTGTCTCAAAAAAAATAATAAATAAAA","TTAGCTGGGCACGGTGGTGTGCACCTATACTCCCAGCTACTCTGGAGGCTGAGACAGGAGGATTGCTTGAGCCCAGGAGTTCAAGACTGCAGTGAGCTAGGATCGCACCATTGCACTCCAGCCTGGGCAACAGAGTGAGGCCCTGTCTCTAATAATAGTAAAAAAAAA"
"GL873521","3669631","3669737","chrX","25092369","25092466","29","21422738","GGTTAGGCATGGTGGCTTACACATGTAATCCCAGCACTTTCAGAGGCTGAAGTAGGAGGATCTCTCAAGAGACCATCAGAGGGAGACCCTGTCCTTATAAATAATTA","GGGTGTGGCGGCTCAAACCTGTAATCCCAGCACTCTGTGAGGCTGAGGCAGGAGGATCGCCTGGGCAATATAGTGAAACCCTGTCTGTATTAATAATA"
"GL873521","3670024","3670183","chr1","26355033","26355200","40","22685009","TTGGTTGGGTGTGGTAGCACTTGCCAATAGTCTTAGCTACTTGGGAGGCTGAGGCAGGAGGATCCCTTGAGCCCAGGAGTTCAAAGTTGTAGTGAGCTGTAGTAGGGCCACTATAGGGTAAAAGAGTAAAATCCTGTCTCAAAAAAAAAAAAAAAAAAAA","AACTAGCTGGGTGTGGCGGCGTGTGCCTGTAGTCCCAGCTACTTGGGAGGCTGAGGCAGGAGGATCACTTGAGCCCAGGAGTTCAAGGCTGCAGTGAGCTAAGATCATACCACTGCACTCCAGCCTGGGTAATAGAGTGAGATCCTGTCTCAAAAAAAAAAAAAAAAA"
"GL873521","3713060","3713213","chr16","52591348","52591478","53","48878288","ACTAAAATTGTAAAGCCTAAGCTGGGTGTCATGGTGCACACCTGGAGATCCAGCTCCTCGGAGGCAGAGACAGGAGGATCTCTTGAACCCCAAAATTTGAACACAGTGCGACAACATAATGAGACCCACCTCTTACAAAAAATTACAAAGACTA","GCTGAGTGTGGTGGTGTGTGCCTATAATTCCAGCTACTCAGGAGGCTGAGGCAGGAGGATCACTTGAGCCCAGGAGTTTGAGACCAGCCTGGGCAACACAGTGAGACCCCATCTCAAAAAATTAAACATTA"
"GL873521","3858021","3858181","chr15","40727742","40727900","45","36869721","GGAAAAATTAGCTCAGCATTGTGGTGGGTGCCAATAGTCCTAGTTACTGGGGGGGTGGAGGGTTGAGGCAGGAGCTTGAGCTCAGGAGTTTGAGGTTGCTGCGAGCAAGGCTCATGCCATGGCACACTAGCCTGGACAACAGAGTGAGAGTCTGTCTCAAA","TTTAAAAATTAGCCAGGCATGGTGGTGACCACCTGTAGTCCTAGCTATTCAGGAGGCTGAGGCAGAAAGATTGCCTGAGCTCAGGAGTTTGAGGTTACAGAGAACTCTGATCATGCCACTGCACTGCAGCCTGGGCAACAGAGTGAGACTCTGTCTCAA"
"GL873521","3858456","3858567","chr17","26390105","26390216","27","22531649","GGTTGGATGCAGTGACTCACGTTTATAATCCTAGCACTCTGGGGAGCAGAGGCAGGAGGATCCCTTGAGCTTAGGAGCAAGACCCCATCTCTACTAAAAAATGGAAAAATTA","GGCCGGATGCAGTGGCTCACGCCTGTAATCCCAGCACTTTGGGAGATGGAGGTGGGAGGATCGCTTGAGGCTAGGGGTTCGAGACCACATCTTTACAAAAAATTTAAAATTA"
"GL873521","3958462","3958555","chr3","156881552","156881648","15","152923090","GGCCAAGTGTGGTGGCTCACGCCTGTAATCCCAGCACTCTGGGAGGCTGAGGCAGAGAATCACTGGAGCGCAAGAGTTTGAGACTAGCTTGAGC","GGCCAGTTGTGGTGGCTCACACCTGTAATCCTAGCACTCTGGGAGGCTGAGGCTGGAGGATCACTTGAGCTCAGGAGTTTGAGACCAGCCTGGGCAA"
"GL873521","4004289","4004415","chr2A","53135817","53135938","36","49131528","GCCGGGCGCGGTGGCTGACACCTGTAACCGAGCACTTTGGGAGGCATCTGTAGGAGGATCGCTTGAGGCCAGGGATTGGAGACCTCCCGCCCTACAAATGATTTTAAAATAAACTGCTTATGCTGGG","GCCAGGTACAGTGGCTGACATCTGTAATCCCAGCACTTTGGGAGGCTGAAGTGGGAGGATCACTTGAGGCCTGGAGCTTGAGACCAGCCTTGTCAACATAGTGAGATTAAAAAATTAGCTGG"
"GL873521","4004664","4004811","chr5","141173286","141173416","45","137168622","CTGCTTATGCTGGAGGACCCTCACCCCACCCCACCCCCACACACACCTTGTGCTCCTGACTTGGAGACTGCAGTGAACTATGATCAGGCCGCTGCCCTCCAGCGTGAGCGACAGAGCATGACCCTGTCAAAAAAAAAAAAAAAAAAAA","CTACTTGGGAGGCTGACCCACGAGAATCACTTGAACCTGGGAGGTAGGCTGCAGTGAGCTAAGATCACACCACTGCACTCCAGCCTGGGCAACAGAGCAAGACTCTGTCTCAAAAAAAAAAAAAAAAAAAA"
"GL873521","4367979","4368038","chr4","148843957","148844014","16","144475978","GGGCCCGGATAATGGCTCTAATCCCAGCTACTTGGGAGGCTGGGGCAGAAGGATCGCTTG","GCAATGGTACATGCCTATAATCCCAGCCCTTTGGGAGGCTGAGGCAGGAGGATCACTT"
"GL873521","4416492","4416644","chr15","38442496","38442652","39","34026004","GACAAAAATTAGATGGGCGTGGGGCTGTAGTTCCAACTACTCTGGAGGCTGAGGCAGGAGGGTTGCTTCAGCCCAGGAGTTTGCGGTTGTAGTGAGCTATAATGATTCCACTGCACTATAGCATGGTGACAGAGTAAGACTGTATCTCAAAAA","TTAGCCAGATATGGTGGTGCATGCCTGTAGTCCCAGTTACTTGGGAGGCTGAGGCGGGAGGATTGCTTGAGCCCAGGAGTTTGAGGCTGTGGTGAGCTATGATTGTGCCACTGCACTCCAGCATGGGTAACAGAGCAAGACCCTATCTCTTTAAAAA"
"GL873521","4416915","4417046","chr12","122239412","122239544","30","117822497","GCCTGGTACAGTGGCTCACAGCTGTAATTCTACCACTCTGGCAGACTGAGGCAGGAGTATAGCTTGAGGTCAGGAGTTAGAGAGCAGCCTGAGCAAAAGTGAGACCCTCTATTAAAAATAGAAGAATTAGGG","GGCTGAGCACGGTGGCTCATACCTGTAATCCTAGCACTTTGGGAGGCTGAGGCGGGAGGATTGCTTGAGGCCAGGAGTTTGAGACCAGCCTGGGCAACATAGTGAGACCCCATCTCTAAAAAAAAAAAAATTA"
"GL873521","4508052","4508216","chr1","180937305","180937458","45","176429253","CGCCAAAATAGCCACGTATGGTTGTGTGCACCTATAGTCCCAGCTATTTCAGAGGCGGAGACCATAAGACCACTTGCACCCAGGAATTTGAGGATACAGCAAGCTGTGATCATGCCACTGCACTCCACTCCAAGCCACAGACTGAGGCCTTGTCTCTTAAAAAAA","GCAAGCCAGGTGTGGTGGCATTTGCCTATAGTCCCAGCTATGTCAAAGGCTGAGACAAAAGTATCACTTGAACCCAAGAGTTAGAGGTTACAGTGAGCTATGATCGCACCACTGCACTCCAGCCTAGGCAACAGAATGAGACCCTGTCTCTAAA"
"GL873521","4508241","4508340","chr4","142826785","142826889","25","138318544","CCAGGTGCCATGGCTTATGCCTGTAATCCCAGGGCTCAGCTTGAGGCAGATGATCACTTGAAGCCAGGAGTTCGAGACCAGCCTGGGTAACACAGTGAGA","GGCCAGGTGTGGTGGCTCATGCCTTTAATACCAGGGCTTTGGGAGGCTGAGGCAGGACGATCACTTGAGGCCAGGTGTTTAAGACCAGCCTGGGCAACATAGGGA"
"GL873521","4585645","4585775","chr1","22024766","22024901","32","17439121","GCTGGGCAAGGTGGCTCACGCCTGTAATCCGAGCACTCGGGGAGTCCAATAGGGGTGGATTGCCTGAGCTCAAGTTCAAGACCAACCCAAGCAAGAGTAAGACCCCATCTCTACTAAAAATAGAAAAAACA","GCCAGGTGAGGTAGCTCACGCCTGTAATCCCAGCACTTTGGGAGGCCAAGGTGGGTGGATCAACTGAGGTCAGGAGTTCAAGACCAGCCTGGCCAATATGGTAAAACCCCATCTCTACAAAAAATACAAAAATTAT"
"GL873521","4586039","4586216","chr5","162553581","162553768","45","157967542","TAATAGAAAAACTAGCCACTGGTAGGCACCCATAGTCCCAGCTACTTGGGAGACTTAGGCAAGAGAATCACTTAGCCCAAGAGTTTGAGGTTGCTGTGAGCTATGATGCCATAGCACTCTACCCACAGTGCCAGAGTGAGATTCTGTCTCAAAACAAAAAAAGAAAGAAAGAAAGAAA","AATTTAAAAATAGCCAAGTATAGTGGCATGCCTCTGTATTCCTAGCTACTTAGGAGACTGAGGCAGGAGGATCACTTGAGCCCAAGTGTGTGAGGCTGCAGTGAGCCATGATCCAGCCACTGCACTCGAGCCTGGAAGACAGAGTGAGATACTGTCTCAAAAAAAAGAAAGAAACGAAAAGAAAGAAA"
"GL873521","4615177","4615298","chr12","11845861","11845982","46","7230684","AAATATAATGAGTAGCTGGGTGTGGAGGCACGTACTTCTACACCCAGCTACATAGAAACTGTGTAGCAGGCAGGAAGATAGTTTAATTAATATAGTGAGAACCCCATTTCAAAAAGAAAGAA","AATACAAGGAAGCCAGGTGTGGTGGCATGCACCTACAGCCCGAGCTACTCGGGAAGCTTTGAACTGGAGACAAGCCTGGGCAACATAGTGAAACCCCATCTCCCTCTAAAAACAAGGAAAGA"
"GL873521","4639212","4639298","chr17","29760224","29760310","16","25121012","GGCCTGGCACAGTGGCTCATACCTATAATCCTAGCACTCTGGGAGGTGAGGTGGGGAGGATCCTTTGAGCTTAAGAGTTTGAGATCA","GGCCATGGGCAGTTGCTCACACCTATAATCCCAGCACTTTGGGAGACTGAGGTGGGAGGATCGCTTGAGCACAGGAGTTTGAGACCA"
"GL873521","4757227","4757326","chr1","32811419","32811520","26","28054192","TAAAATAAATAAATCAGCTGGCAGTGTGGTAGGCAACTGTAGCCCCAGCTACCCAGGGCTGTGGCAGGAAGGTGACTTGAGCCCAGTAGTTTGAGGTTGC","ATTAAATTAAATGGAGCCGGGCGTGGTGGTATGCACCTGTTGTCCCAGCTACTCAGGAGGCCAAGGCAGGAGGATCACTTGAGCCCAGGAGTTTGAGGATGC"
"GL873521","4757600","4757715","chrX","124471265","124471386","33","119713665","GGCTGAGCAGTGTGGCTCACGCCTGTAATCCTAGTGCTTTGGGAGGCTGAGGTGGAGTGAATTCCAGACCTGCCTGAACAAGAGAGTTTTTGTCTCTACTAAAAATATAAAAATCA","GGCTGGACACCGTGACTCACGCCTGTAATCCCAGCACTTTAGGAGGCTGAGGCAGGAGGATTGCTCAAGACTAGCCTGGCCAACATGGTGAAACCCCGTCTCCACTAAAAATACAAAAATTA"
"GL873521","4833908","4834183","chr20","5619662","5619943","68","785754","GGCCAGTGCAGTGGCTCATGCTGTAATCCCAGCCCTCTGGGAGGCTGAGGCAGGCGGATCCCCTGAGCTCAGTGGTTGGAGACCAGCCTGAGCAAAAGTGCAACCCCGGCTCTACTAAAAATAGAAAAAACATTAGCTGGGCTGGGTGGCAGCTGCCTATAGTTACAGCTAATAGGAAGGCTGAGACAGGAGGATGGTTTGAGCTCAGGAGGTTGGGGTTAAGATATGGTGACACCACTGCATGCTACCTGGGGCACAGAGCAAGACTCTTGTCTC","GGCCAGGTGCAGGGGCTGACACCTGTAGTCCCAGCACTTTGGGAGGCTGAGGCAGGAAGATCACTTAAGCCCAGGAGTTCGAGACCAGCCTGCGCAACATGGTGAAAACCCGACTCTACAAAAAATACAAAAACTAGCCAGGCATGGTGGTGCCTGCCTGTAGTCCTAGCTACTCAGAAGGCTGAGATGGGAGGATTGCTTGAGCCCAGGAGGTTGAGGTTGCAGTGAGCTGAGATGACACCGCTGCATTCCAGCTTGGGTGCCAGAGCAAGACCCTCTCTC"
"GL873521","4857882","4858053","chr13","48157593","48157767","59","43299711","GACCAACCAGAGTAAGAATAAGACCCCTGTCTCTACAAAAAAATGCCAAAATTAGCCAGGCATAGTGGCATGCACCTATAGTCCCAGCTACTATAGTTTTGAGGTTGCTGTGAGCTATGACGATGACATTGCACTCTACCCCAGGCAACACAGCAAGGCTCTGTCTCCAAAA","CCAGCCTGGACAACATAGGGAGACCCTGTCTCTACAAAAAAATTTTCAGAAAATTAGCTGGGCACCATGGCGCATTCCTATAGTCCCAGCTACTCAGGAGGCTGCAGTGAGCCATGATTGTGCCACTGTGCTCCAGCACGGGTGACAGAGCAAGACCCTGTCTCTTAAAAAAAAA"
"GL873521","4858329","4858418","chr2B","246546136","246546224","17","241687807","CAGGAGCAGGGGCTCACACCTATAATCCTAGCACTCTAGAAGGCCAAGGCTGGAGGATTACTTGAGGCCAGAAGTTCATGACCAGCCAGT","CCAGGTGCTGTGGCTCATGCCTGTAATCCCAGCACTTTGAGAGGCCTAGGCAGGAGGATTACTTGAGGCCAGAAGCTCAAGACCAGCCT"
"GL873521","4904065","4904344","chr20","3250028","3250308","77","1654037","GGCCAGGCATGGCGGCTCAGCCTATAATCTGGGAGGCCAAGGCTCAAGGAGTTTGAGACCTGCCTGAGCAAGAGCAAGACCCTGTCTCTACTAAAAATAGAAAAAACAGCCAGGTGTTGTGGCAGGCACCTGTAGGCCCAGCTACTTGAGAAACTGAGGCAGGAGGACTGCATGAGCTCAGGAGTTTGAAGTTGCTGTGAGCTAAGAAGCCACAGCATTCTAGTCTGTAGCAACAGAGTGAAACTGTCTCAAAAACAGAACAAAACAAAACAAAACAAAA","GGCCAGGTGCAGTGGCTCACACCTATAATCCTAGCACTTCAAGGCCAAGTTCGAGACCAGCCTGGGCAACATGGCAAAACCCTGTCTCTACAAAAAAAAAATAAAAATTAGCCAGGCATGGTGGCGCTCACCTGTAGCCCCAGCTTCTTGTGGGGCTGAGGCAGGAGGATTGTTTGAGCCTGGGAGACAGAGGTTGCAGTGAACCTATATCATGCCACTGCACTCCAGCCTGGGTGACAGAGTGAAACCCTGTCAAAAAAAAAAAAAAAAAAGAAAGAAAA"
"GL873521","5548943","5549231","chr4","172002891","172003185","72","166453948","GACTGGGCACAATGGCTCACGCCTATAATCCTAGCACTCTGGAAGGCCAAGGTGGGTGGATTACTTGAGCTCACAGGTTTGGGACCATCCTGAGCAAGAGTAAAACCTCATCTCTAAAAATAGCCCGGCATTGTGGTGGGTACCTTGTAGTCCCAGCTAGTTGGGAGGCTGAGGCAAGAGAATCTCTTGAGCCTAAGACTTTGAGGTTGCTGTAAGCTGTGATGCCATGGTACTCTACCGAGGGTGACATAGTAAGACTCTATCTCCAAAAAAAAGAAAGGAAAAAGAA","GGCCAGGCACAGTGGCTCATGCCTATAATCCCAGCAATTTGGGAGGCCAAGGTGGGAGGATCACTTGAGCCCAGGAGTTGGAGACCAGCCTGGGCAACATGGCAAAACTCCATCTCTACAAAAAATAGAAGCCAGGTGTGGTGGTGTGCATCTGTAGTCCCAGCTACTTGGGAGGCTGAGGTGGGAGAATCGCCTGAGCCTGGGAGGTGGAGGTTGCAGTGAGCCAAGATCATGCCACTGCACTCTAGCCTGGGTGTCAGAGTGACAACTTGTCTCAAAAAAAAAAAAAAAAGAA"
"GL873521","5616768","5616899","chr1","134480867","134480991","29","128864099","GTGGCTCTCTCCTGTAATCCCAGCACTTTGGGAGGCCAGGGGAGAGGATTGCTTAAGGCCAGGTATTTGAAACCAGCCTGGGCAACACAGAGAGATATGCCCATCTCTACCAAAAGAAAAAAATTGCTAGGA","GTGGCTCATGCCTGTAATCCCAGCACTTTGGGAGGCCAAGGAGTGAGGATTGCTTAAGTCCAGGAGTTCAAGAACAGCCTGGGAAACATAGTAAGATCCTGTCTCTACAAAAAATAAAAAATTGT"
"GL873521","5617203","5617331","chr3","201848039","201848154","42","196230836","TTAAAAGTTTGCTGGGCTTGCTGAAGTGTGCCTGTAGTCCCAGCTACTCAAGAGACTAAAGTGGGGGGGATCAACAGAGCCCAAGAGTTTTAGCCTGTTCTGAATCACTGGACCACTGCATTCCTGTCT","ATTAGCTGGGCGTGGTGGCGGCTGCCTGTAGTCCCAGCTACTCAGGAGGCTGAGGTGGGAGGATCACCTGAGCCCGGGAGGTCGAGGCTGCAGTGAGCAGTGATGACGGCACTGCA"
"GL873521","5813449","5813645","chr8","55925895","55926096","51","50112446","TCTATAAATATATAGAAATTGCCAGGCACTGTGGCTAATGCCTGTCATCCGAGCACTTTGGGAGGCTGAGGCAGGAGGATCATTTGAGCCCAGAAGTTGGAGGCTTCTATGACTGGGGTGCTGCACTACAGTGGAGGCTGGGTGAAAGAGCAAGATTCTGTCTCTAAAAAACATACAAAACAAACAAACAAACAAAA","TCTCTACAAAAAAATAAAAAACTAGCCGGGCATGGTGGCACATGCCTGTAGTCCCAGCTACTTGGGAGGCTGAGGCAAGAGGATCACTTTACCCCAGGAGGTCGGGGCTGCAGTGAGCTGTGTTCATACCACTGCACTACAGCCTGGGTGACAGAGCAAGACTCTGTCTCAACAAAACAAAACAAAACAAAACAAAACAAAA"
"GL873521","5816723","5816839","chr7","150519989","150520108","29","144703266","GGCTTACACCTGTAATCCTAGCACTTTGGGAGAGTGGGAGTATGGCTCGAACCCAAGAGTTGGGAGACCAGCATGGGAAAGAATGAGACCCTGTCTCTACAAAAATAGAAAAATTAG","TGGCTCACATCTGTAATCCCAGCACTTTGGGAGGCCAAGGTGGGAGGATTGCTTGATCCCAGGAGTTGGAGACCAGCCTGGGCAACATAGTGAGACCCTGTCTCAACAAAAATTTATTTT"
"GL873521","6392280","6392393","chr13","98865790","98865887","34","92473510","GGCATGGTGATACATGCCAGCGACTTAGGAGGAGGACCCCTTGAGCAAGTGAGCAGTGATTGTGCCACTGCACCTCCAGCCTGAGCAACAAAGTGAGACTCTGACTCTTAAAAA","CAGGGGGACCACCTGAGCCTGGGAGGTTGCAGCTGCAGAGCCGTGATTGTGCCACTGCATTCCAGCCTGGGCAACAGAGTGAGCTCCTGTCTCAAAAA"
"GL873521","6821886","6822161","chr13","35542940","35543211","71","28721054","GGCCTGGTGCAGTAGCTCAGAGCTGTAAGCCTAGCACTCTGGGAGGCAGAGGTAGGTAGATCACTTGAGACCAGGAGTTCAAGAAGACCAGACTAAGTAAGAGTGAGACCCTCACCTATGCTAAAAATAGAAAATATTAGCTGGGCATACAGTGTATGTCTGTAGTCCAGGCTACTTAGGAAGCTGAGGTAGGAGGATCACTTAAGCCCAGGAGTTTGAGGTTGCTGTGAGCTAGGCTGAGGCCATGGTACTTCAGCCTCGGCAACAGAGTGAGAC","GGCCAGATGTGGTGGCTCACACCTGTAATCCTAACACTTTGGGAGACCGAGGTGGGTGGATCACTTGAGGTCAGGAGTTCAAGACCAGCCTGGCCAACATGGTGAAACCCCATCTCTACTAAAAATACAAAAATTTGCTGGGCATGATGGTGGGCGCCAGTAGTTCCAGCTACTCAGGAGGCTGAGGCAGGAGAATCGCTTGAACCCAGGAATCAGAGGTTGCAGTGAGCCAAGATCACGCCATTGCACTGAAGCCTGGGCGACAAGAGCAA"
"GL873521","6822427","6822459","chr1","26448863","26448892","8","19626436","TCAGAGTGAGACTTTATCTCAAAGAAAAAAAAA","TGAGTAAGACCCTGTTTCAAAGAAAAAAAA"
"GL873521","6828199","6828251","chr12","8954703","8954756","17","2126504","GGGAGAGGTAGCTCAGGCCTGTAATTCTAACACTCTGGGAGGGAGGATCCCTT","GGTCAGGTATGGTGGCTCATGCCTGTAATTCTAGTACTTTGGGAGGCTGAGGTC"
"GL873521","6828640","6828791","chr2A","70191250","70191406","45","63362610","CCTTGAGCTCACAAGTTTGAGACCAGCCTGAGCAAGAGCGTGACTATCTCTACTAAAAATAGAAAACTCTGCTAGGTGTTGTGGCAGGTGCCTATAGTTCCAGCTACCTAGGAGGCTGAGGCAAGAGGATCACTTAAGCCCAGCAGTTTGAG","TCACTTGAGCCCAGGAGTTCGAGACCAGCCTGGGCAACATAGTGAGACTCAGTCACTACAAAAATAAACTTGCTGGGTGTGGTGGTGTGCACCTGTAGTTCTAGCTACTCAGGAGGCTGAGGTGGGAGGATCCCTTGAGCCTCGGAGGTGGAGGTTG"
"GL873521","6837142","6837367","chr12","104694083","104694305","59","97856941","GACTGGGTGCTATAGCTCACACCTGTAACCCTAGCACTCTCAGAGGCCAAGGTGGGTGGATTCGCTGAGCTCAGGAGTTCAAGACCAGCCTGAGCAAAATAAGACCCCATCTCTACTAAAAATAGAAAAAGAAAAACCAGCCAGGTGTGGTGCCAGGAGCCTGTAGTTCCAGCTACTCAGAGGCTAAAGTAAGAGGATTATTTGAGCAGTAAGAGTTTGTGGTTTC","GACTGAGTACGGTGGCTCACACCTGTAATCCTAGCATTTTGGGAGGTCAAAGTGGGAGGATGACTTGAGCCCAGGGGTTCAAGACCAGCCTGGGCAACAAAGTGAGACCCTGTCTCCATAAAAATTACAAAAATTAACCAGGCATGGTAGCATGTGCCTGTAGTCCCAGCTACTCGGGAAGCTGAGGCCAGAGGATTGCTTGAGCTTAAGAGGTTGAGGCTGC"
"GL873521","6837616","6837695","chr14","61332116","61332199","24","54494500","GTTTGTGGTTGCTGTGAGCTATGACATCACAGCACTCAACCCCAGGGTGACTACATACAACTCTGTCTCAGAAAAAAAAA","GGTTGAGGCTGCAGTGAGCTGTAATTGTACCACTGCACTCCAACCCAGGTGACACAGTAAGACCCTATCTCAAACAAAACAAAA"
"GL873521","7000001","7000131","chr1","35753661","35753787","41","28753660","ACAGTAATACATACTTGTAGTTCCAGCTTCTAGGCTGAGGCCAGAAGATGGCTTGAGCCCAGGACTTTGAGGTTGCAGTGAGAGATGATGATACCTCTGTACTCTAGCCCAGGTAACAGAGACTCTGTTTC","TTAGCCAGGCATACTAGCTCATGCCTGGAGGCTGAAGCAAGAGGACAGCTTGAGCCCAGGAGTTTGAGGCTGCAGGCAGCTATGATCGCACCATCGCACTCCAGCCTGGGTGACAAGACCCCATCTC"
"GL873521","7000386","7000547","chr6","44662547","44662705","42","37662161","GGGTGTGGTGGCTCTTACCTGTAATCCTAGCACTTTGGGAGGCTGGGGCAGGCAGGAAGATTGTTTGAGGCCAGGAGTTCCAGACCAGGCTTGTCAATATAGTGAGACCCCGTCCCTATAAAAAATAGAAAAATTATCTGGGCCTGGTAATGCATACTTTGG","GGCACAGTGGCTCATGCCTATAATCTCAGCACTTTGGGAGGCCAAGGTGAGAGGATCACTTGAGCCCAGGAGCTACAGACCAGCCTGGGCAACATAGAGAAAACCCATCTCTACAAAAAATACAAAAATTATCTGGGCGTGGTGATGCATGCCTGTTGT"
"GL873521","7034228","7034543","chr6","83628974","83629284","80","76594746","GGCCAGATGCAGTGGCTGACACCTGCAATTCTATAACTTTAGGAAGGTGAGAGAATTGCTTGAGGCCAGGAGTTCCAGACCAGCCTGAACAATATAGTGAGACCCCATTGCTACAAAAATTAGAAAAATTCACTGGGTGTAATGGCCAATGCCTGTATTCCCAGATAATCCAGAGGCTGATGCTGGAAGATTACTTGAGCCCAAGAATTTGAGGTGACAGTGAGCTATGATGACACCAATGCACTCTAGCTTGGGCAATAGAGTGTGACCCTATTTCCAAAAAAAGAAAGAAAGAAAGAAAGAAAAGAAAAGAAAA","GGCAGGGCATGGTGGCTCATACCTGTAATCCCAGCACTTTGGGAGTCCAAAGTGGGTGGATCGCTTGAGTCCAGGAGTTCAAGACCAGCATGGGCAATATGGTGAAACCCTATCTCTACAAAAAAATACAAAAATTAGCTGGGCATGGTGGCATGCACTTGTATCCCAGCTACTCCAGAGGCTGAGGTGGGAGGATTGCTTGAGCCCAGGAGGTTGAGGCTGCAGTGAGCCATGATCACACCACTGCACTGTAGCCTGGGCAGTAGAGCGAGACACTGTCTAAAAAAAAAAAAAAAGAAAAGAAAAGAAAA"
"GL873521","7070010","7070206","chr5","79804250","79804453","53","72734240","GGCCAGGCAAGATGGCTCATGCCTGTAATCCTAGCATTCTGGGTGGCTGAGACAGGCATATTCCCTGAACTCATGAGTTGGAGACAAGTCTGAGCCAGAGTTAGACCTCATCTCTAAAAATAGCCTGGCATTGTGGCATACACCTGTAGTCTCAGCTACTTGGGAGGCTGAGGTGAAAGAATTGCTTAAGCCCAAGA","CAGGCACTGTGGATCACACCTGTAATCCCAGCACTTTTGGAGGCTGAGGCGGGCAGATTGCTTGAGCTCAGGAGTTTGAGACCATCTTGGGCAACCTGGTAGAACCACATCTCTACAAAAAATTAGCCGGGCATCGTGGCACACGCCTGTAGTCGCAGCTATTTGGGGGGCCTCCTGAGGTGAGAGGATTGCTTGAGTCCAGGA"
"GL873521","7070300","7070404","chr10","27497894","27497990","34","20427594","GTAAGCCCAAGATTTTGAGGTTGCTGTGAGCTATAATGCCATAGCACGCTAACTGAAGCAAAGTAACTATGACAAAGTAAGACTCGGTCTCAAGAAAGAGAAAAA","CACTTGAGCCCAGGAGGTTGAGGCTGCAGTGAGCTATCATGCCACCACACTCCAGCCTGAATTACATGGCAAGACCCTGTCTCAAGAAAAAAAAAAA"
"GL873521","7099137","7099314","chr16","419989","420167","56","6679148","GGCTGGGTGCCGCGGCTCACACCTATAATCCTAGCACTCTGAGAGGCCAAGGCAGGTGGATTGCTTGAGCTCAGGCACTTGAGGCCCTCAAATAGAAAAACTAGCCCAGCCTTGTGGTGGGCCCCTGTAGTCCAGCTACTTAGGAGGCTGAGGCATGAGGATCGATTGAGCCCAAGTA","CTGGGCACCGTGGGTCATGCCTGTAATCCCAGCACTTTGGGAGGCTGAGGCAGGAGGATCACTTAAGCCCAGGTGTTCAAAAAACAAACAAAAAAACATTAGCCAGGTGTGGTGGTGCACACCTGTAGTCCCGGCTACTCAGGAGACTGAGGTGGGAGGAGCTCTTAAGACCGAGAGGT"
"GL873521","7099591","7099694","chr5","181790038","181790151","31","174690447","TGAGGCCAAGTATTTGAAGTTGCTGTGAGCTATGATGTGGCGCTCTACCAAGGTTGATAAAGTGAGACTCTGTCTCAAAAACAAACAAACAAACAAAAAAGCAA","TTGCTTGAGCCCAGGAGGTGGAGGTTTCAGTGAGCCAAGATCGTGCCACTGCACTCCAGCCTGGGTGACAAAGTGAGACCCTGTCTCAAAAACAAACTAACAAACAAAAAACAA"
"GL873521","7182117","7182284","chr17","14741482","14741644","46","7559365","AATTAGCCAGGCATCATAGCACATGCCTATAGTCCCAACTATTCAGGAGCCTCAGGGCCAGGAGGATCCCTTGAATATAGGAGTTTGGGGTTACTGTGAGCTATAATGATACCACCCACTGCACTTTAGTCTGGGTGACAGTGAGACCCCGGCTCAGGGGGAAAAAAA","AATTAGCCAGGCATGGTGGCACATGCCTATAGTTCCAGCACTTTGGGAGGCTAAGGCAGGAGGATTGCTTGAGCCCAGGAGTTTGAAGTTACAGTAAGCTATGATCATGCCATTGCACTCTAGCCTGGGCAACAGAGTGAGACCTTGTCTCTAAAAAAAAAAA"
"GL873521","7182549","7182656","chr11","75656969","75657073","28","68474420","AACCCCAGCACTTTGGGAGGCCAAAGCAGGAGGATCATTTGAGGCCTAGGAGTTGGAAAGCAGGCAGAACAAGAGTGAGACTATCTTCATAAAAATACAGAAAAATTA","CCAGCACTTTGGGAGGCCAAGGCAAAAGGATCACTTGAGCCCAGGAGTTTGAACCAACCTAAGCAACAGAGTGAGACCCTGTGTCTACAAAATATTAAAAAATTA"
"GL873521","7224398","7224414","chr1","153358526","153358539","3","146134128","AAAAAAGAAAGTAAAAA","AAAAAAAAAAAAAA"
"GL873521","7224442","7224704","chr16","23925003","23925279","73","16700561","GTGTGATGGCTCATGCCCATAATCCTAGTACTTTGGGAAGCTTAGGCAGGAAGATTGCTGGAGGTCAGGAGTTCAAGACCCACCTGAGCAAGAATGAGACCCCCGTATCTACAAAAAATAGAAACATTAGCTGGGTGTGTTGGTGTATGTCTGCAGTACCAACTACTAGAGAGTTTGAGGCAGGAGGATCGTGTAAGCCCAGGAATTTGAGGTTGCAGTGAGCCACCACTGCACTCTACCCTGGGAGGCAGATCAAGACTGTG","GGCTGAGCGCGGTAGCTCATGCCTATAATCCCAGCACTTTGGGAGGCTGAGGCAGGTGGATTACTTGAGCTCAGGAGTTCGAGACCAACCTGGGCAACACGGTGAAACCCCTTCTCTACAAAAAACACAAGAATTAGCAGGGCATGGTGGTGTGCACCCGAAGTCCCAGCTACTCAAGAGGCTGAGGTGGGAGGATGGCATAAGCCCAGGAAGTGGAGGTTGCAGTGAGCCAAGATCATGCCACTGCACTCCAGCCTGGGTGACAGCAAGACTGTCT"
"GL873521","7244822","7245115","chr16","74165797","74166100","72","66920975","GGCCGGGCTCAGTGGCTCTATAATCCTGGCACTCTGGGAGGTCAAGGTGGGTGGATTGCTTGAGCGCAGGAGTTTGAGACCAGCCTGAGCAAGAGTGAAACCCCGTCTCTAAAAATAGCCAGGTGCTGTGGTGAGCCCCTATAGTCCCAGCTACTCAGGAGGCTGAGGCCAGAGAATCGCTTAAGCCCAGAAGTTGGAGGTTGCTGTGAGCCGTGATACCATAATTCTTTAACAAGGGTGACAGAGTGAGACTCTGTCTCAAAAAAACAAACATACAAACAAAAAAAAAAAAAA","GGCTGGGCACAGTGGCTCATGCTTATAATTCCAGCACTTTGGGAGGCCAAGGTGGGTGGATCACTTGAGCCCAGGAGTTCGAGACCAGCCTGGGCAACATGGTGAAACTCTGTCTCTACAAAAAATTAGCTGGGTGTGGTGGCTCGTGCCTGCAGTCCCAGCTACTCAGGAGGCTGAGGTGAGAGGATCAATGGAGCCCAGGAGGTGGAAGTTGCAGTGAGCCAGATCACACCACTGTACTCTCCAGCCTGGGTGACAGAGCAAGACCCTGTCTCAAAAACAAACAAACAAACAAACAAACAAA"
"GL873521","7391188","7391475","chr8","106723939","106724236","70","99332751","GGCATGGTGGCTCACACCTATAATCCTAGCACTCTGGGAGGACAAGGTGGGAGGATCCCTTGCACTCAGAAGTTCAAGACCAGCCTGAGAGAGAATAGGACCCCATCTCTACTAAAAATAGAAAAATTACCTGGGCATTGTGGTTGGTGCCTGTAGTCCCAGCTTCTTGGGAGGGTGAGGCAGGGGCATCACGTGAGCCCAGGAATTTGAGGTTACAGTTAGCTGTTTTGTCACAGCCATCTACCCAGGGCAACAGAGTGAGACTCTATCTCAAAAAGAAAAAAAGAG","GGTGCTGTGGCTCAAGCCTATAGTCCCAGCACTTTGGGAGGACAAGGTGGGAGGATCACTTGAGCCCAGCAGTTCAAGACCAGCCTGAGCAACATGATAAGACCCCATCTCTACAAAAAATTAGAAAAATTAGCCAGGCATGGTGATGTATGCCTGTGGTCCTAGCTACTTGGGAGGCTGAGGCAGGAGGATCCCTTGAGCCCAGGAGGTCAAGGTTGCAGTGAGCCATGGTTGTACCACTGTACCCCAGCCTGGGTTACACAGTGAGATCCTATCTCAAAAAAAAAAAAAAAAAAAA"
"GL873521","7391570","7391585","chr17","38661961","38661976","2","31270391","GAAAAAAAAAAGAGAA","GAAAAGAAAAAAGAAA"
"GL873521","7411261","7411442","chr4","57296207","57296386","41","49884946","AGAAAGAAAGAAAAAAAATTAGTCAAGAATGGTGGCATGCACCTATATTCCCAGCTACTCAAGAGACTGAAGCAGGAGGATTACTTGAGCTCAGGAGTTGGGGGCTGCAGTAAGCTTTGACTATACTAATGCACTCCAGCCTGGGTGACAGAGCGAGACCCTGTTTCAAAAAAGAAAAAAAA","AAAAAAGAAAAATTAGCCAGGCATGGTGGCATGTGCCTGCAGTCCCAGCTACTCAGGAGACTGAGGTGGGAGGATTGCTTGAGCCAGGGAGATTGGGGCTGCAGTGAGCTGTGATATCATGCCACTGTACTCCAGCCTAGGCCGCAGAGTGAGACCCTGTCTCAAAACAAAAACAAAAAA"
"GL873521","7411723","7411845","chr16","11721596","11721721","28","4309873","GGCTGGGTGCAGTGATCCTAGCCTTTTGGGAGGCTGAGGCAGGAGGACTGATTGAGGCCATGAATTTGAGACCAGCCTGAGCAAGAGTGAGACCTTGTCTCTGCAAAAAATAGGAAAATTAGT","GGCTGGATGCGGTGGCTCATGCCTTTTGGGGAGGCTAAGGCAGGAGGATTGCTGGAGCCCAGGAATTAAAGACCAGCCTGGGCAACATAGTGAGACCTCGTCTCTACAAAATTAAAAATTAAGTTT"
"GL873521","7473204","7473396","chrX","14950093","14950281","51","7476889","CAAAAAAAAAACCTTAGCCAGGTATGGCAGCACAGATTTGTCATCCCAACTACTCAAGAAGCTAAGGTGAGAAGATCACCTGAGCACAGGAGTCTGAGGTTATAGTGAGCTGTGACTGGGCCATTCACTACATTCCAGCCTATGCTATAGAGTAAGACCCTGTCAAAAGAAAAAAAAAGAGAGAGAGAGAAAA","TCAATAAATAAAAATTAGCCAGGCATGGTAGCACATGCCTGTCGTCCCAGTTACTCAGGAGGCTGAGGTGGGAGGCTCACCTGAGCCCAGGCATTGAAGGCTGCAGTGAGCTATGATCACAACACTGCATTCCAGCCTGGGTGACAGAGCAAGACCCTGCCTCAAAATAAAATAAAGAAAGAAAGAAAA"
"GL873521","7473423","7473542","chr14","57739259","57739375","24","50265836","CTGGGCACAGTGTTCATGCCTGTAATTTGAGCACTTTGGGAGGCCAAGGCTAGAGGATCACTTGAGGCCAGGAGTTTGAAACCAGCCTCAGTAACACAGAGAACCCTCATCTCTATTTAA","CTGGGTACATTGGCTCAAGCCAGTAATCCCAGCACTTTGGGAGGCCAAAGCAGGAGGATCACTTGAGGCCAGGAGTTTGAGACCAGCCTGGGTAACATGAGACCCTGTTTCTACAAA"
"GL873521","7573100","7573248","chr5","35112160","35112317","42","27539060","AGCCAGATGTGGTCTATAGTCCACAGCTACTTAGAGGCTGAGGCAAAGGGATCACTTGAGCCCGAGAGTTCAGGGCTGTGGTGCACAATGATCATGTCTGTGAATAGCCACTGCACTTCAGCCTAGGCAACATAGCAAGACCCTATCTC","AGCCTGGTGTAGTGGCACATGCCTATAGTGTCAGCTACTGGAGAGGTTGAGGCAGCAGGATTGCTTGAGTCCAGCAGTTCAAGGCTGTAGTGCACGATGATGGTGCCTGTGAATAGATACTGTGCTTTAGCATGGGCAACACAGCAAGACTCTGTCTG"
"GL873521","7601934","7602029","chr5","155700261","155700353","20","148098327","GGCTGAGCCCAGAGGCTCATGCCTGTAATTCTAGCACTCTGGGAGGCTGAGGCAGGTGGAGTGCTTGAGCTCAGGAGTTAAAAAAATCCAGTTTGA","GGCCGGGCACAGTGGCTCATGCCTATAATCCCAGCACTTTGGGAAGCTGAGGCAGGAGGATTGCTTAAGCCCAGGAGTTCAAGACCAGTCTTG"
"GL873521","7602314","7602531","chr2A","29137649","29137868","57","21535335","GACCAGTGTGAGCAAGGGCAAGACTCTGTCTCTACTAAAAATAGAGAAACTAGCTGAGCATTGTGGTGGGTGCCTAAAGTCTCAGCTGCTCAGGAGGATAAGGCAGGAAGATCTCCTGAGCCCAGGAGTTTGAGGTTGATGTGAGCTATGATGATATCGCATTCTAACCAGGTAACAGAGTGAGGCTTTGTCTCAAAAAAAAAAAAAAAAAAGAAAAA","CAGCCTGGTCAACATAGGGAAACTCTGTCTCTACAAAAAGTTAAAAAATTAGCTGAGCATGGTGGCACATGCCTGTAGTCTCAGCTACTCAGGAGGCTGAGGCAGGAGGGTCACTTGAGCCTGGGAGGCTGAGGCTGCAGTGAGCTGTGATCATGCTATTGCACTCCAGCCTGGGAGACAGAGTGAGATCCTGTCTCCAAAAATAAAAAATAAAAATAAA"
"GL873521","7608283","7608358","chr9","32411376","32411450","22","24803093","AGGCTGAGGAGGAAAGATTACTTGAGCCCCAAAATCTAGCCTTGGTGACATAGTGAAACTCTGTCTAAAAAAAATA","AGGTGGGAAGAGTACTTGAGGCCAGGAATTCAAATCTAGCCTGGGCAACATAGTGAAACCCTGCCTTAAAAAAAA"
"GL873521","7633232","7633420","chr7","4237351","4237553","52","3395881","GTGGTGGCTCATGCCTGTAATCGTAACACTCTGGGAGGCTGAGGTGGGTAGATTGCTTCAGCTTAGGAGTTCGGGACCAACCAAAGCAAGAATGAGACCCCCTCTCTACTAAAAACAGAAAGACTAGCCAGGCATTGTAGCAGGTCCTGTAGTCGCTACTCAGGAGGCTGAAGCAGGAGGATCACTTAA","GGTCAGGCATGGTGGCTCATGCCTGTAATCCCAGCACTTTGGGAGGCCGAGGTGGGCAGATTGCTTGAACTCAGGAGTTGAAGACTAGCCTGGGCAACACGGCAAAACCCCATCTCTACTAAAACTACAAAAACTAACTGGGCATGGTGGCACGCGCCTGTAGTCCCAGCTACTGGGGAGGCTGAGGTAGGAGGATCACTTGA"
"GL873521","7636438","7636492","chr5","38545852","38545906","11","30909414","ATTCAAGCCTGGGTGACAGAGTGAGACACTATCTAAGAACAATAAATAAATAAAA","ATTCCAGCCTGAGTGACAGAGTGAAACCCTGTCTCAAAACAAAAACAAAAACAAA"
"GL873521","7696982","7697091","chr9","129918441","129918551","24","122221459","TAATCCTAGCACTCTGGGAGGCCAAGGTAAGTGGATTGCTTGAGCTCAGGAGTTCAAGAGCAGCCTGAGCAAGAACAAGACCCCAACTCTATTAAAAATAGAAAAAAGCA","TAATTCCAGCACTTTGGGAGACTGAGGCAGGAGGATTGCTTGAGCTCAGGAGTTCGAGACCAGCCTGGGCAACATATTGAGTCCTCATCTCTATTAAAAATTAAAAAAATA"
"GL873521","7697336","7697489","chr7","132712253","132712405","44","125014917","GTAGAAAAAAGGCCAGCTGGGCATAGTGGTACATGCTTGTAGTCCCAGCTACTTGGAGACTAAGGTAAGAGGACTGCTTAAGTCCAAGAGCTTAAGGTTGCTGTGAGCTATGACACCACAGGGTGATAAGAGTGAGACTGTCTCCAAAAAAAAA","GAATTAAATAAAAATTAGCAGGGCATGGTGGCATGTGCCTGTAGTGCCAGCTACTTGGGAGGCTGACGCCAGAGGATTACTTGAGCCCAGGAGTTGGAGGTTACAGTGATCATGCCACTGCATGACAGAGTGAGACCCTGTCTCAAAAAAAAA"
"GL873521","7750582","7750651","chr7","149337669","149337736","11","141587087","GCTGGGTAAGAGTGGCTCATACCTATAATCCCAGCACTTTTGGGAGGCTGAAACAGGAGGATCACTTGAG","GCTGGGCACAGTGGCTCACACCTGTAATCCCAGCACTTTGGGATGCTGAGGCAGGAGGATCATTGGAG"
"GL873521","7784733","7784858","chr3","160952502","160952627","25","153167769","GGCCGGGCATTGATGGCTTCTACCTGTAATCCCAGCACTTTTGGAGGCTGAGGTGGGAGGTTTCATTGAGATCAGGAGTTTGAGACCAACTTGGGCAACAGTGAGACCCTGCCTTAAAAAAAAAAA","GGCCAGGCATGGTGGCTCACACCTGTAATCCCAGCACTTTGGGAAGCTAAGGTGGGAGGATCGCTTGAGCACAGAAATTTGAGACCAGCTTGGGCAACATAGAGATCCTGTCTCTATTAAAAAAAA"
"GL873521","7784884","7785052","chr16","1604263","1604439","38","6180621","AATTAGGCAGGCATGGTGGCACTTGTCCCAGCTACTTGGAAGGCTGAAGGAGGAGGATCACTTGAGCCCAGGAGTTAGAGGTTGCTGTGAGCTTTGATGCCACTGTACTCTAACCTGGGCAACAGAGTGAGATGTGCCTCAAAAACAAACAAACAAACAAAACCAAAAA","AATTAGCCAGGCATGGTGATTGGCACCTGTGGTCCCAGCTACTTGGGAGGCTGAGGCAGGAGGATGAATTGACCCCAGGAGTTTGAGGCTGCAGTGAGCTATGATGGCACCACTGCACTCTAGCCTGGGCGACAGGATGAGATCTGTAAAAAAATAAATAAAAATGAAAATAAAAAA"
"GL873521","7870707","7870997","chrX","70230306","70230599","61","62359599","GCTGGGCACAGCAGCTCACACCTGAAATCCCAGTACCCTGGAAGGGTGAGGATGGAGGATCACTTGTGGTCAGGAGTTCAAAAACAGCCTAAGCAAGAGTGAATCGCCATCTCTATTAAAAATAGAGAAATTAGCCAGGTGTGGTGGCATTTGCCTGTAGTCCCAGCCACTTGGGAGGCTGAGGCAGGAGGATCATTAGAACCCAGAAGGTGGAGGTTGCAATGAGCAGTAATGACACCACTGCACTCCAGCCTGGGTGACAGAGCAAGTCTCTGTTTCAAAAAAAAAAAA","GGCCAGGTACAGTGGCTCACACCTGTAATCCCAGCACACTGGGAGGCAGAGGCGGGCAGATCATTTGAGCTCAGGAGTTCAAGAGCAGCCTGGGCAACATGGTGAAATCCCATCTCTACAAAAAATAGAAAAATTAGCCGAGTGTGGTGGCACTCCTCTGTAGTCCCAGCTACTTGGAAGACTGAGATGGGAGGATCATTTGAGCCCAGGAGGCGGAGGTTGCAGTGAGCTGAGATTGCACCACTGCCCTCCAGCCTGGGCAACAGAGCAGGACCCTATCTCAAAAAAAAAAAA"
"GL873521","8041789","8041920","chr12","80555695","80555826","29","72513906","GTGGTGGCTCATGCGGATTATCCCAGTACTTTGGGGAGGTTGAGGCAGGAGGATTGCTTGAGCCCAGGAATTTGAGACCAGCCTGAGCAACATAGTAAGACTCTATACAAAAAAATAGAAAAATTAGCCTGG","GTGGCTCATGCCTGTAATCCCAACACTTTGGGAGGCTGAAGCAGAAGGATTGCTTGAACCAGGAGTTTGAGACCAGCCTGGGCAACATAGTGAGACTATCTCCACAAAAATAAATAAAAAATTAGCTGGGCA"
"GL873521","8042182","8042375","chr4","7236991","7237179","49","805191","GGTAAAAAAGAAAAAGAAAAATTAGCCAGGAGCACTAGCTTACGGCTTGTAGTCCTAGCTACTCAGGAGGCTGAGGTAGGGGAATTGCTGGAGTCCAGGAGTTTGAAGCCACAGAGAGCAAAGACCACACCACTGTACTCCAGCCTAGGCAATAGAACAAGACCCTGTCTCTGAAAAAAATAAATAAAAATAAA","TAAAAAAAATACTTAAAATTAGCCAGGCGTGGTGGCACACACCTGTGGCCCCAGCTACTCAGGAGGCTGTTGTAGGAGGATCCCTTGAATCCAGGAGGTCAAGGCTGCAGTAAGCCAAGATCACGCCACTGCATTCCAGCCTAGGCAACAGAGCAAGATCCTGTCTCTTAAAAAAAAAAAAAAAAAGAA"
"GL873521","8067082","8067383","chr20","31024244","31024552","81","22957162","GGCCAGGTGTAGAGGCTCACACTTATAAGCCCAGCACCCTGAGAGGCCGAAGTGGGTGAACTGCTTGAGCTCAGGAGTTCAAGAGTAGCCTGAGCAATAGTGAGAGCCGATTTCTACTAAAAACAGAAAACCTAGCCAGGCACTGTGGTGGCGTCTATAGTCCCAGGTACTCGGGAGGCTGAGGCAGGAGGATTGCTCAATCCTAAACTTTGAGGTTGCTGTGGGCAATAATGCCATATCTCTACCCAGGGGAAAAGAATGAGACTCTGTCTAAATAAATAAATAAATAAAATAAAAACAAA","GGCCAGGCACAGTGGCTCACACCTGTAATCCCAGCACTTTGGGAGGCCGAGGTGGTGGACTGCTTGAGCTCAGGAGTTCAAGACCAGTCTGGGCAACATGGCAAAACCTTGTCCCTACAAATAATACAAAAATTAGCCAGGTGCGGTGGCATGTGCCTGTAGTCCCAGCCACTTGGGAGGCTGAAGTGGGAGGATTGCTTGATCCTGGGAGGTAGAGGCTGCAGTGAGCCATAATTGTGCCACTGCACTCCAGCCTGGGCAACAGAGTGAGACCCTATCTCAAAAATAAATAAATAAATATAAAGAAAA"
"GL873521","8204885","8205108","chr10","14099107","14099324","63","5894222","CGAATTCGAAACCAGCCTGAATAAGAGTGAGATCCGTCTCTAATGAAAAGAGAAAAACTAGCAGGTTTTGTGGTGGGTGCCTTTAGTCTCAAGCTACTTGGGAGCCTGAGGCAGGAGGATCACTTAAGCCCAGGAGTTTGAGGTTGCTGTGAGCTATGATAACATTAGGGCATTCTAGCCTGGGAAACCGAGTGAGACTCTGTCTTAGAGAAATAAAAAATAAA","AGACCAGCCTGGGCAACATGACAAGATCCCGTCTCTACAAAAAATACAAAAATTAGCAGCGTGTGGTGGGGTGTGCCTGTAGTCCCAGTTACTTAGGAGGCTGAGGCAGGAAGATCACTTGAGCCCAGGACGGGGAGGTTACAGTGAGCCGTGATCACACCACCACACTCCAGCCTGGGTGACAGAGTGAAACTCTGTCTCTATAACAAACAAACAAA"
"GL873521","8205374","8205463","chr18","31130683","31130770","22","22925309","GCCGGACATGGTGGCTCATGTCCCTCCTGTAACCCTAGCACTCTGGGAGGCTTTGGCCTAAGGATTTGAGCTCAAGAGTTTAAGACCAGG","GGCCAGGCATGGTGGCTCACACCTGTAATCCTAGCACTTTGGGAGGCTAAGACCAGAGGATAATTAAGCTCAGGAGTTCAAGACCAGC"
"GL873521","8530940","8531225","chr4","131255414","131255698","71","122724474","GTCAGGTGTGATGGCTCGTCCTGTAATCCCAACACTCTGGGAGGCTGAGGCTGGTGGTTTGCTTGAGCTCAGGAGTTCTGAGACCATCCTGAGGTAAGAGTGAGACCCCATCTCTACTAAAATTAGAAAAAAAATTACCCAGGTGTAGCGGTGATGCCTGTAGTCCTAGCTACTTGGGAGGCTGAGGCAAGAGGATTGCTCAAGCCTGAGAATTTGAGGTTGCTGTGAGCTATGACTCCATCGCACTCAACCCCAGGGTGACTGAGTGTGATTGTCTGAAAAAGAA","GGCAGGACACGGTGGCTCACACCTGTAATCCCAACACTTTGGGAGGCTGAGGCAGGTGGATCACTTGAGCTCAGGAGTTGAGACCAGCCTGGGCAACATGGTGAAACCCCATCTCTACTAAAAATACAAAAATTAGCCAGGCATGGTTGTGGATGTCTGTGGTCCCAACTACTTGGGGGGCTGAGGCAGCAGGATTGCTTAAGCCTGGTAATTTGAGGCTGCAGTGAGCCATGTTCTTGCCAGTGCTCCAGCCTGGGTGACAAAGCAAGACCCTGTCTCAAAAAA"
"GL873521","9138426","9138710","chr17","16672309","16672598","64","7533883","GGTGGCTCATGTCTGTAATCCGAGCACTCTGGGAGGCTAAAGTGGAAGGATCACTTGAGCTCAGGAGTTTGAGACTAGCCTGAGCAAAAGTGAGAACAATGTCTCTATTAAAAATAGAAAATTAGCCAGGTGTTATGATAGGTGCCTGTAGTCCCAGCTATTCAGGAAGGCCAGGAAGGAGGATCCCTTGAGCTGGGGAGTTTGAGGTTGCTGTGAGCTGTGATGACACCATGGCACTCTACCCATGATGACAGAGTAAGACTGTCTCTAAAGGGAGAAAAAAAA","GTGGCTCACACCTGTAATCTCAGCACTTTGGGAGGCTGAGGCGGGAGGATCACTTGAGCCCAGGAGTTTGAGACCAGCCTGAGCAACATAGTAGGCTCCTGTCTCTACAAAAAAATACAAAAATTAGCTGGTACTGGTGGCATGTGCCTGTAGTCCCAGCTACTCAGGAGGCTAAGGCAGGAGAATCGCTTGAGCCCAGGAGGTTGAGGCTGCTATGAGCTGTGATGGCACCACTGCACTCCAGCCTGGGTGACAGAGTGAGACCTGGTCTCAAAAAGAAAAAAAAAAAA"
"GL873521","9337001","9337128","chr7","153795408","153795531","29","144458407","CTGGGCTCAGTGGCTCATGCTTGCAAGCCCAGCACTCTGGGAGGCCAAGGCAGGTGGATTGCTCGAGTTCAGGAATTTCAGACCAGTCTAAGAAAGAGTGAGAGCCCATCTGTACTAAAAATAGAAAC","CTGGGCACAGTGGCTCACGCCTGTAATCCTAGCACTTTGGGAGTCCAAGGCAGGAGGATGCTTGAGTCCAGGAGTTCAAGACCAGCCTGAGCAATATAGTGAGACCCCCATCTCTACAAAAAAA"
"GL873521","9337149","9337320","chrX","5183862","5184037","43","4153287","TAAAATACTAGCTGGGCATTGCGATGGGTGCCTGTAATTCCAGCTACTCAGGAGGCTGAAGCAAAAGGATCACTTGGGCCCAAGAGTTTGCGGTTGCTGTGAGCTGTGATTACACCACAGCACTCTCCCCAGGCAGAGAGAGACTCTGTCTTTAAAAACAAACAAACAAAAA","ATAAAAATATTAGCTGGGCATGCTGGTACATGCCTGTAGTCCCAGCTACTCAGGAGGCTGAGGCCTGAGGATCACTTGAGCCCAGGAGTTCCAGGTTGCAGTGAGCCGTGATTGCACCATTGCACTCCAGCCTGGGCCACAGGGCTAGACCCTGCTCAAAAGAAAACAAAAAAGAA"
"GL873521","9671716","9671832","chr6","38551166","38551279","31","28879450","GGCTAGGCAGGGAGGCTCAAAACTAAAATTTTAGCACTCTGAGAGCCCAAGGTGGGAGAATTGCTTGACCTCGGGTGTTTGAGACCAGTCTGAGCAAGAGTAACATCACATCTCTAC","GGCTAGGCGTAGGGGCTCAAACCTGTAATTCCAGCACTTTGGGAGGTCAAGGTGGGAGGATTACCTGAGGCCAGGAGTTTGAGACCAGCCTGAGCAACAGTGAGACTTTGTCTC"
"GL873521","9671895","9672063","chrX","24568892","24569057","39","14896997","TAATTAGCCAGGCATAGAGGTGGTATACACCTGTAGTCCCAGCTACTCTGGAGGCTAAGTCAGAAGGACTGGTTGAACCCAGGAGTCTGAGGTTGCTGTGACTAGGCTGATGCCACAGAACTCTAGCCTGATCAACAGAGTGAGACTCTGCCTCAAAATAAAAAAGGAA","AAATTAGCTAGGCATGGTGGCATGCAACTATAGTCCCAACTACTCAGGAGGCTGAGGCCGGAGGATGGTTTGAGCCCAGGAGGTGGAGGTTGCAGTGAGCCAAGATCACACCACTGCACTCCAGCCTGGGCAACAGAGTGAGACCCTGTCTCAAAAAAAAAAAAAA"
"GL873521","9699009","9699116","chr16","57943722","57943822","32","48244713","TCTGAGACACTCGGGAGGCTGAGCCTAGGAGTTTGAGGTGACAGTAAGCTAAGTTGATGTCACTGCATTCCATCCTAGGCAACAAAGCAAGATCTTATCTCTAAAAGA","GGAGGATTGCATGAGCCCAGGAGGTTGAGGCTGCAGTGAGCCAAGATCGTGCCACTGCACGTCAGCCTGGGCAACAAAGCAAGACTCTATCTCAAAAAAAA"
"GL873521","9699330","9699522","chr6","3030697","3030873","65","6668633","GGCTGCATGTGGTGGCTCGTGACTGTAATTTCACCACTTCAAAAGGCTGAGGCAGAGGAGTCACCTGGGGCCCAGAAAGTCACCCTTAAAGTCCAGCCTGAGTAACACAGTGAGACCCAAGATCCCAACTCCACAAAAGAAAAAAGAAGGGAAAGGAAAGAAAAGAAGAGTGGTGTGTGGTGACCTCCTAGAC","GGCCAGGCATGGTGGCTCTCCCCTGTAATCCCAGCACTTTGGGAGGCCAAGGCAGAAGGATCGCTTGAGCCCAGGAGTTTTAAGACCAGCCTGAGCAACACAGAGAGACCAGATCCCACTTCCACAAAAAAAAAAAAAAAATATTTGCCAGGCGTGATGGTGCATGCCTGTAGTCCC"
"GL873521","9879625","9879892","chr2A","20521665","20521953","79","10642040","GGGTGGGCACTGTGGCTCAGGCCTCCTAGCACTCTGGGAGGCCGAGCTGGGTGGATGACTTGAGCTCATGAGTTTGAGACCAGACTGAGCAAGAGCAAGCCCCATTTTTAAAAATAGCCAAGTGTCATGGTGGGCATCTATAGTCCCAGCCAGTTGGCAGGCTGAGGAAGAAGGCTTACTTGAGCTCAAGAGGTAGCTGTGAGCTGTGATGCCATGGCACTCTACCCAGGACAACAAAGTAAGACTGTCTCCAAAAAAAAGAAAAAAA","GGCTGGGCACAGTGGCTCACGCCTGTAATCCCAGCACTGTGGGGAGGTCAAGTTGGGTGGATTGCTTGAGCCCAGGAGTTTGAGACCAGCCTAAGCAATAGGCAAAACCCTGTCTCTACAAAAATCAGCCAGGTATGGTAGTGCGTACCTGTAGTCCCAGCTACTCAGGAGGCTGAGGTGGGAGGATCACTTGAGCCTGGGAGGTGAAGGCTGAAATTAGCCATGATCATGCCACTGCACCCCAAGCCTGGGCAACAGAGCAAGACCTTGTCTCAAAAAAAAAAAAAAA"
"GL873521","10097455","10097754","chr11","114714719","114715027","67","104617264","GGCCTGGGTGTGGTGGCTCACACCTTAATCCTAGCACTCTGGGACGATGAGGCAGGTTTGCTTGACCTCAGGAGTTTGAGAGCAGCCTGAACAAGAGTGAAACTCTGTCTCTACTAAAAACAGAAAAACTAGCCTAGTGTAGTGGTGCACCCCTGTAGTCCCAGCTGCTCAGGAGGCTGAGGCAAGAGGATCACTTGAGCCCAAGAGATTGAGGTTACTGTGAGCTGTGAGGCTGTGTTACTCTACCCAGGGCAAGAGAGTGAAGCCATCTCAAAAAAAAAAAAAAAAAAAAAAAAAAAA","GGCCAGGTGTGGTGGCTCACACCTGTAATCCCAGCACTTTGGGAGGCTGAGACAGGTGGATTGCTTGAGCCTAGGAGTTCGAGACCAGCCTGGCAACATGGCGAAACCTTGTCTCTACAAAAAATACAAAAATTAGCCAAGTGTGGTGGTGCACACCTGTGGTCCAAGCTACTCGAGAGACTGAGGTGGGAGGATTGCTTGAGCCCAGGAGGTTGAGGCTGGGGTGAGTTGAGATCATGCCACTGCATTCCAGCCTGGGCAACAGAGGAAGACCCTGTCTCAAAAAAAAAAAAAAAAAAAAAAAAAAAA"
"GL873521","10225742","10225927","chr15","49930173","49930354","59","39704431","TGGCTTACACCTGTAATCCTAGCACTTTGGGAGGCCACAGCAGATGGCTGCTTGAGCTCAGGAGTTCAAGCCTAGCCTAAGCAAGCCAGAACCATTGCCACTAAAAACAAAAAAAATAGCTGGAGTTGTGGGCACCTGTAGTTAGTTCCAGCTACTTAGGAGGCTGAGGAAAAAGGATGGCTTGAT","GCCTGTAATCCCAGCACTTTGCGAGGCCGAGGCCAGGCAGATCACTTGAGCCCAGCAGTTCAAGACCAGCCTGGGCAACATGGCAAAACTCCTTCTCAACAAAATACATAAAAATTAGCTGGGTGTGGTGGCATGTACTTTCAGTCCCAGCTACTCAGGAGGCTGAAGCAGGAGGATCATTT"
"GL873521","10226192","10226278","chr4","154285033","154285123","27","144058841","GAGGATGGCTTGAGCCCAAGAGTTTGAGGTTGCTATGAACTATGATGTCATGGCACTCTATCCCTGGCCACAGAATCAGACTCTGTC","GGAGGATCACTTGAGCCCAGGTGGTTGAGGCTGCAGTGAGCTGTGTTTATACCACCACACTCCAGCCTGGGCCGCAGAGTGAGACTTTGTC"
"GL873521","10399308","10399475","chr9","96945917","96946089","50","86546609","GGCCAGGTATGGTAGCTCACACCTGTAATCCTTGTACTCTGGGAGGCTTAGGAGCAAAGATCACCTAAGTGTAGGCATCTGAGACCAGTTTGAGCAAGTGAAACCCCATATTTACTAAAATTAGAAAAATTAGCTAAATGTTGTGGCAGGAACCTATCGTCCTAGCTA","GCCGGGTACAGTGGCTCACACCTGTAATCCCAGTACTTTGGAAGGCCAAGGCCAGAGGATTACTTAAGGCCAAGAGTTTGAGACCAGTCTGGGCAACATGGTGAAACCCCATCTGTACAAAAAATACAAAAATTAGCTGGGCATGAGGGCATTTGCCTGTGGTCCTAGCTACT"
"GL873521","10449464","10449583","chrX","134402652","134402771","17","123953188","GGCCAGAGGTGGTAGTTCATGCCTATAATCCCAGCAATTTGGGAGGCTGAGGGGGGAGGATAGCTTGAGGCCAGGAGTTTGACCCCTGCCTAGGCAACATAGTGAGACCCTATCTCTACT","GGCCAGATGTAGTGGCTCATGCCTGTAATCCCAGCACTTTGGGAGGCTGAGGTGGGAGGATCACTTGAGCCCAGGAGTTTGAGACCAGCCTGGGCAACATAGCAAGACCCTGTCTCTACT"
"GL873521","10449618","10449745","chr1","23164480","23164594","46","12714862","CCAACCATAATCGAGCACCTACAGTTCTAGCTACTCCGCAATCTCAGGCAGGGGAAGATTGCTTGAGTCTAGGAGTTCAGGGTAAGCTACTGCCCTTCAGCCTGGGAAACAGAGGAAGACCTTGTCTC","GGCCAGGCACAGTGGTGCCTACCTACAATCCCAGCACTTTGGAAGGCTGAGGCAGGAGGATCGTTTGAGGCCAGGAGTTCAAGATCAGCCTGGGTAACATATCAAGACCTGTCTC"
"GL873521","10796827","10797050","chr7","39187608","39187844","67","28390781","ACTCTGGGAGGCCAAGACAGGTGGATTGCTTAAGCTCAGGAGTTGGAGACCAGCCTAAGCAAGAGTGAGACCTCGTCTCTAAAAATATCTGGGCATTGGTTGGGCACCTGTAGTCCCAGCTACTCAGGAGGCTGAGGCAATAGGATTGCTTGAGCCTAAGGATTCCTGTGAGCTATGATCCCACAGCACTTTACCAAAGGTGACAAAGTGAGACTCTATCTCAA","CACTTTGGGAAGCCAAGGCAGGAGGATTGCTTGAGTGAAGGAGTTCAAGACCAACCTGGGCAAGATTGGGAGAAAAAAATTAAAAATTAGCTGGGCATGGTGGTGCATGCCTGTAGTCTCAGCCACTGGGAAGGCTGAGGCAGGAGGATCGCTTGAGCCTGAGAGATTGAGGCTGCAGTGAGCCTTGATTGTGCCACTGCACTCCAGCTTGGGCAACAGAGTGAGACCCTGTCTCAA"
"GL873521","10797081","10797110","chr4","40399247","40399277","7","29602166","CTGGGTGCAGTGGCTCATAGTTGTAATCCT","GGCTGGGTGCAGTGGCTCACATCTATAATCC"
"GL873521","11204849","11204966","chr7","73480490","73480609","28","62275641","GGCCAGGCATAGTGGCCTCCAAAAATCTTAGGACTTTGGGAGGTAGAGGTAGGAGAACTACTTGAGCCAAGGAATTCAATACTAGCCTGACCACAATAATGAGACCCTACCTCTACCA","GGCCAGGCACAGTGGCTCATGCCTATAATCTCAGTGCTTTGGGAAACTGAGGCAGGAGGATCACTTGAGCCCAGGAGTTCAAGACCAGCCTGGACAGCATAATGAGACTCCACCTCTACA"
"GL873521","11205003","11205140","chrX","7019379","7019524","37","4185624","TAGCCAGGCATGGTGGCACATACCCAAGTCCCAGTTACAGAAGAAGCTGAGGGAAGGGTATCAGGCCCAGAAGTTCAAGGTTGCCATGAGAGATGATCACACCACTGCAGTTCAGCCTGGGCAGCAGAGAGACCCTAT","TAGCCAGGCATGGTGGCACATGCCTGTAGTCCCAGCTACTCAGAAGGCTGAGGTCGGAGGATCTCTTGAGCCCTGGGGTGCAAGGCTGCAGTGAACCATGATCACACCAGTGCACTGCAGCCTGGGCAACACAGCAAAACCCTGTC"
"GL873521","11332611","11332889","chr9","110082691","110082973","78","98750080","GACGGGGAGCCATGGCTTGAGACTGTAATCCTAGTACTCTAGGAGGCCAAGGTGAGTGGATTACTTAAGCTCAGGAGTTAAAGTCCAGGCTGAGCAAGAGTGAGACCCTGTCTCTCCCCCAGATAGGAAAACTAGCCGGACATTGTAGTAGGCACCTGTAGTCCCAGCTTCTGAGGAGGCTGAGGCAAGAGGATTGCCTGAGCCCAACAGTTTGAGGTTGCTGTGAGCTAAAATGCCATGGAACTCTACCCATGGTGATGGAGTAGGATTCTGTCTCAA","GACTGGGCATGGTGGCTCCCAAAGTGTAATCCCAGCACTTTGGGAGGCCAAGGTAGGTGGATTGCTTGAGCCCAGGAGTTTGAGACCAGCCTGGGCAACATGGTAAAACCCTGTCTCTACAAAGAATACAAAAATTAGCTGGGCATGGTTGCATGCACTTGTGGTCCCAGCTACTCAGGAGGCTGAGGTGGGAGGGTCACTTGAGCCCAGGAGATTGAGGCTGCAGTGAGCTGAGATCGTGCCACTGCACTCTAACCTGGGTAATGGAGTGAGACCCTGTCTC"
"GL873521","11332916","11332939","chr22","30701628","30701648","4","19368712","ATAAAACTAAAAAGTAAGAAAAAA","AAAAACTAAAAAGAAAAAGAA"
"GL873521","11407564","11407699","chr17","81073514","81073640","45","69665950","AAAAACTAATGGCTGGGCATAGTATGTGTAGGTAGACTAGGCTACTTAGGAGGTCAAGGCAGAAGAATCACTTGAGCTCATGAATTTGAGGCTAGCATGGGCAATGATACCTCAGGTCTCAATAAAATATAAAAAA","GCCAAGCACAATGGCTCATGCTGGTAATTCTAGTACTTTAGGAGGCCAAGGCAGTAGGATCACTTGAGGCCAGGAGTTTGAGACCAGCGTGGGCCACACAGAGACCCTCCCTGTATAAAAAAAAAAA"
"GL873521","11442747","11442764","chr1","62222108","62222122","3","50779361","CCCATAAAATAAAATAAA","ATAAAATAAAATAAA"
"GL873521","11442802","11443056","chr17","73117863","73118118","82","61675061","GGCTGGGCGTGGTGTTTCATGCATGTAATCCTAATACTTTCAGAGGCTGAGGTGGATGCACTGCCTGAGCTCAGGATTTTAAAGCCAGCCTGAGGAAGAGCAAGACCCCATCTCTAAAAAATAGCTGGGCATTGTGGTGGGTGCTTGTAGTCCCCATTGTGGTGGGTGCTTGTAGGTAGCTCACGAGTTTGAGGATGCTGTGAGCTATGATGCACCACACTTCTTTCTACCCAGGGAGACAAAGCAAGACTCTGT","GGCCGGGCGTGGTGACTCATGCCTGTAATCCCAGCACTTTGGGAGGCCGAGGCGGGTGGATCACCTGAGCTCAGGAGTTCAAGATCACCTTGGGCAATGTAGTGAGACCTCACCTCTACAAAAATGAGCCAGGCATGGTAGTGCATGCTTGTAGTCCTGACTGAGGCAGGAGGATGATGAGCCCAGGAGGCAGAGGCTACAGTGAGCCATGATCGCTCCATCGCACTCTAGCCTGGGTGATGTGACACCCTGTCTC"
"GL873521","11751009","11751243","chr8","26546785","26547018","61","14795776","CAAGACCAGCCTGAGCAAAGCTAAACCCTGTCTCTACTAAAAATAAAAGGATTAGCTAGGTATGGTGGCATATGCCTGTAGTCCCAACTGCTCAGGAGTCTCAGGCAAGAGGATTGCTTGAGCCCATGAGTTAGAGGTTGCTGTGAGCTTTGATGTCATGGCACTCTATCCAGGGCAACTGAGTGAGACTGTCTCAAAATAAATAAATAAATAAATAAGAAAGAAAGAAAGAAAA","CAAAATCAGCCTGGGTCACATGGTAAAACCCCATCTCTACAAAAAATACAAAAATTAGCCAGGTATGGTGGCTTACACCTGTACTTCCCAGCTACTTGGGGGGCTGAGGCGGGAGGATCGCTTGAGCCCAGGAGGTAGAGGTTGCAGTGAGCTGAGATCGCACCACTGCACTCCAGCCTGGGTGACGGAGTGAAACCCTGTCTTAAAAAAAAAAAAAAAAAAAAAAAAAAAGAA"
"GL873521","12019379","12019705","chr16","68023292","68023602","103","56003913","GCTCACACCGATAATCCTAGCTCTGGGAGGCTGAGGGGGCAGGATCTCTTGAGCTCAGGAGTTTGAGACCAGACAGAGCAAGAGTGAGACCTTGTCTGTACTAAAAATTAACCAGGTGTGGTGGAAGGTGCCATCGTCTCAGCTACTCTGGAGGCTGAGGCAGGAGGATCCCTTGAACCCAGGAGGTTGAGGTTGCTGTGAGCCAGGCTAATGCCAAGATCTGGGGCATCAGAGTAAAACTGAGGTTGCTGTGAGCCAGGCTGATTCTAGCCTGGGCAACAGAGTAAGACTCTGTCTCAAAAACAAACAAACAAAAAACAAAAAAAA","CGGTGGCTCACACCTGTAATCCCAGCACTTTGGGAGGCTGAGGTGGGAGGATCACTTGAGCTCAGAAGTTTGAGATCAGCCTGGGCAACATGGCAAAACCTATCTCTAGAAAAAATACAAAAACTAGCCAGAGTGGCACGTGCCTGTTGTCCTAGCTACCCAGGAGGCTGAGGTAGGAGGATCACTTGAACCTGGGGGCAGAGATTGCAGTGAGCCATGATTGTGCCACTGCACTCCAGTCTGGGCAACTCCAGCCTGGGCAACAGAATGAGACTCTGTCTCAAAAATAAAAAAGAAAAGAAAAGGAAAAA"
"GL873521","12059316","12059592","chr5","143468399","143468692","69","131409083","GGCTAGGTGCAGTGGCTCATGCCTGTAATCCCAGCACTCTGGGAGGCTCAGGCAGGTGGATTACTTGAGCTCAGGAGTTGGAGACTAGCCTGAGAAAGAGTGAAACCCATCTCTACTAAAAATAGAAAAACTAACCAGGTGTGTGGTGGTCCCCTATAGTCCCAAATACTGGGGAGACAAGAGAATTGTTTGAGCCCAAGAGACTGAGGTTAGCTGTGATGACTCCATAGCACTCTACCCAAAGTGACAGAGTGAGATTCTGTCTCAAAAAAGGAAA","GGCCAGGCACAGTGGCTCATGCCTGTAATTCTAGCACTTTGGGAGGTCAAGGCAGGCAGATCACTTGAGCTCAGGAGTTCGAGACCGGCCTGGGCAACAGGGTGAAACCCCATCTCTACAAAAAAATACAAAAACTAGCCAGGTGTGGTGAAGTGTGCCTGCAGTCCCAGCTACTCAGGAGGCTGAGGCAGGAGAATTGCTTGAGCCTGGAGGCTGAGGTTGCAGTAAGTCAAGATCATGCCATTGCACTCCAGCCTGGGTGACAGGAGTGAAACCCTGTCTCAAAACAAAGAA"
"GL873521","12087639","12087865","chr4","25649068","25649301","60","13561429","GGCTGGGCTAGGTATACCATGCCTGTAATCCTAGCATCCTTAGAGGCAGAAGCAGGATTCCTTTAGCTCAGGAGATTAAGACCAGCCTGAGCAAGGGTGACACCCCATTTCCATCAAAAATAGAAAAACTAGCTGGGCATAGTGGTGGGCATCTGTAGTCCTAGCTACTCGGGAGGCTGAGGCAAGAGGATCCTTGGAGCCCAGGAGTTTGGGGTTGCTATAAGCCG","GGCCGGGCATGGTAGCTCACGCCTGTAATACCAGCACTTTGGGAGGCTGAGGCGGGCTGATCACTTGAGTCCAGGAGATAGAGACCAGCCTGGGCAACATGGCAAAATCCCATCTCTATAAAAAAAACACAAAAATTAGCTGGGCATGGTGGTGTGCACCTATAGTCCCAGCTACTTGGGAGGCTGAGGCAGGAGAATCTCCTGAGCCCAGGAGGTGGAGGCTGCAGTGAGTCG"
"GL873521","12170072","12170342","chr3","111501569","111501837","73","99331497","GCCAGATGCAGTAGCTTACAGCTATAATCCCAGTACTTTGGAAGGTCAAGGCAAGAGGATTGGTTGAGACCAGGAGTTGAAGACCAGACTGGACAATGTAGTAAAACCCTATCCCTACAAAAAATAGAAAAAATTAGCTGGGTGTCATAGCTCTTGCTTATAGTCCCAGCTACCTGAGAGGCTGAGGGAAGAGGATCACTTGAACCCCTGAGATTGATACCATGGTACTCCACCTTGGGTGACAAAGTGAGACCCTTTCTCAAAAACAAAA","GGCTGGGTGTGATGGCTCACATCTATAATCCCAGCACTTTGGGAGGCCAAGGCAGGTGGACTGTCTGAGACCAGGAGTTTGAGACCAGCCTGGGCAACATGGTGAAACCCTGTCTTGACAAAAAAAATAAAAAATTAGCTGGGAGTGGTGGTGTGCACCTGTAGTCCCAGCTATGCGGGAGGCTGAGATGGGAGGATCGCTTGAGCCCGGCAGGCAGAGGTTCACTCCAGCCTGGGCGACAGAGTGAGACCCTGTCTTAAAAACGAAAA"
"GL873521","12688417","12688615","chr16","83498862","83499063","66","70810445","AAATCAGCCTGAGCAAAAGCAAGATCCAGTCTCTACAAAAAACTAGAAAAATTAGCCAGGCATGGTGATACACTCAGGAGAATGAAACAAGAGGATCACTTGAGCCCCGGGGTTTGATGTTGCACAGTGAGCTATGGCGATGCTGCTGCTCGGATAACAACGCGAGATGAGACCCCGTCTCAAAAACAAACAACAAAAA","ACTAGCCTGGGCAACACAGCAAAACCCCATCGCTACAAAAAATACAAATATTAGCCAGGTGTGATGGTGCATGCCTAGGGAGGCTGAGGTGGGAGGATCACTTGAGTCCAGGGAGGCTGAGGCTGCAGTGAGCTGAGATTATGCCACTGCACTCCAGCCTGAGTGACAGAGTGAGAACCTGTCTCAAGAAAATTAAAAAAAA"
"GL873521","12689719","12689822","chr7","26479088","26479188","21","13789369","GCTGAGTACAGTAGCTCACTTCTTTCATCTCAGCACTATGAGAGGCTGAGTCAGGAGGATCACTTGAGGCCAGGATTTTGAGACAAGCCTGGGGAACATAGTGA","GCTGGGTGCTGTGGCTCACATGTATAATCACAGCACTTTGGGAGGCTGAGGCAGGAGGATCACCTGAGGCCAGGATTTCAAGACCAGCCTGGGCGAAATGG"
"GL873521","12747705","12747831","chrX","118392849","118392966","30","105645144","GCCAAGCATGGTAGCACAAGCTTTGTAGGCCCAATTACTTGGGAGGCTAAGATGGGAGGATCACTTGAGCCCAGGAGTTTGAGGCCAGCCTGAGAAACACTCCAAGACCCTCTTTATTTAAAATATA","GCCAAGCATGGTGGCTCATGCCTGTAATCCCAGTACTTTGGGAGGCTGAGATGGGAGGATAGCTTGAGCCCAGGAGTTTGAGACCAGCCTGGTAACACAGTGAGACCTCATCTCTACA"
"GL873521","12758304","12758462","chr7","65488595","65488751","43","52730291","ACTTAGCTGAATATAGTAGCACAAGCCTGTATTTCCAGCTACTCAGGAGGCTGAGGCAGGAGGATCACTTGGGCTTACAAGTTGGAGGTTGTGGTAAGCTATGATGATGCCACTGCCCTCTGCCCCAGGCAAATGTGATGCCTTGTCTCAACAACAAAA","TTAACTGGGTATAATGACACATGCCTGTAGTCCCAGCTACTAGAAAGGCTGAGGTAGGAGGATTGCTTGAGCCTGAGAGGTTGAGGATGCAGTGAACCATGATCAGGCCACTGCACTCAGCCTAGGCAACACAGTGAGACCCTGTCTCAAGAAAAAA"
"GL873521","12758495","12758600","chr16","15961202","15961315","30","3202707","GTGGCTGGTGCATATAATCCTACCACTTTGGAAGGAGGAGGGAGAATCATTGAAACCAGGAGTTCAAGAACAGCCCAGGCAGGCTATAGTGAAATCTCATCTCTAC","GTGGCTGGGCATGCCTGTAATCCTAGCACTTTGAGAGGCTGCAGCGGAAGGATCGCTTGAGCCCAGGAGTTCAAGAACAGCCTAGGCAACATAGCAAGATCCCTGTCTCTACAA"
"GL873521","12822938","12822952","chr1","210017045","210017059","2","197194107","TAAAACAAAAGAAAA","TAATAAAAAAGAAAA"
"GL873521","12822989","12823283","chr7","75828649","75828941","71","63005660","GGCCAGGCAAGGTGGCTAACTGCTGTAATCTTAGCACTCTAGGAGGCTGAGGCAAGAGAATTCCTTGAGGTCAGGAGTCAGAGACCAGCCTGAGCAAAAATGACACTCCACCTCTATGAAAAATAGAAAACAAAAATTAGCCAGGTGTGATGGCCCATTTCTGTAGTCCCAGCTACTGGGGAGGCTGAGGCAGGAGGATAGCTTGAGCCCAGGAGCTTGAGGTTGCGGTAGCTAGGCAGATGGCTCAGCACTCTTTCTAGCCTGGGCAACAGAGCAACATTCTATCTCAAAAAAT","GGCTAGGCATGGTGGCTCATGCATGTAATCCCAGCACTTTGGGAGGCTGAGGCGGACGGATCACTTGAGGTCAGGAGTTCGAGACCAGCCTGGTCAACATGGTGAAACCCCATCTCTACTAAAAATATAAAAATTAGCCAGGTGTGGTGGCGCATGCCTGTAGTCCCAGCTACTTGGGAGACTGAGGTGGGAGGATCCCTTGAGCCTGGGAGGTTGAGGCTGCAGTGAGCTGTGATGGCACCACTGCACTCCAGCCTGGGCAATAGAGCAAGACCCTGTCTCATAGGAAAAAA"
"GL873521","13041237","13041319","chr5","49472177","49472254","12","36430940","GGCCAGTCATGGTGGCTCATGCCTATAATCCTAGCACTCTGGGAGGCTGAAGCAGGAGGATCACTTGAGCTCAGGAGTTTGAG","GGCCTGGCATGGTGGCTCATGCCTGTAATCCAGCATTTTGGGAGGCTGAGGCAGGAAGATCACTTGAGCTCAGGATTT"
"GL873521","13102109","13102207","chr16","30194624","30194720","25","17092515","TGAGCCCAGGAGTTTGAGGTTGTTGTGAGCTGAGCAGACCACACAGCATTCTAGCTTGGGCAACAGAGTGACATTGTGCTTCAAAAAAAGAAAAAAAAA","TGAGCCCAGGAGTTTGAGACTACAGTGAGCTATGATTACACCACTCCTCTCCAGCATGGGCAACAGAGTGAGACACTATCTCAAAAAAAAAAAAAAA"
"GL873521","13102475","13102686","chr2B","236887995","236888203","46","223785520","GGCCAAGTGTGGTGGCTCATGCTTGTAATCCTAGCACTCTGGGTGGCTGAGGCAGGGGGATCACTTGAGCTCAGGAGTTCAAGACCAGCTTGAGCAAGAGTGAGAACCCATTTCTACTCAAAATAGAAAAAAATTAGACAGGCACTGTGGTGAGTGCCTGTAGTATGAGCTACTTTGGAGGCTGAGATAGGAAGATCACTTGAGCCCAGGAG","GGCTAGGCGCAGTGGCTGAAGCCTGTAATCCTAGCACTTTGGGAGGCCGAGGTGGGCGATCACTTTGGCTCAGGAGTTCGAGACCAGCCTGGGCAATATGGCAAAACCCCATCTCTACACAAAATACAAAAATTACTCAGATGTGGTGGTGAGTGCCTGTAGTCCCAGCTACTTTGGACGCTGAGGTGGGAAGATCACCTGAGCCCAGG"
"GL873521","13327200","13327291","chr3","43397692","43397785","20","30070492","CTATCACTTTAGGAGGTGAGGTGGGAGGATCACTTGAGGCAAGGAGTTCAAGAGCAACCTAGGCAACATAGGAACCCCTCTGTCTCTCCAAA","CCCAGCACTTTGGGAGGCTGAGGTGGGCAGATCTCTCGAGCCCAGGAGTTCAAGACCAGCCTGGGCAACATGGTGAAACCCCGTCTCTACCAAA"
"GL873521","13327700","13327732","chr1","70851001","70851033","8","57523301","GCTGGATATGGAGTCTCACACCTGTAATTCTAT","GCTGGGCATGGTGGCTCATCCCTGTAATTCCCT"
"GL873521","13722076","13722356","chr17","55905881","55906166","74","42183805","GTCTGGCGTGGTGGCTCAAGCCTATAATCCTAGTACTCTGGGAGTCCAAAGTGGGTGGATTGCTTGAGCTCAGTAGTCTGAGACCAGCCTGAGTAAGACCCAGACATCGTATCTACTAAAAATAGAATAAACTACCTGGGCATTGTAGCGGGTGCCTACAGTCCCAGCTACGTGGGAGGTTGAGGCAAGAGGATCACCTGAACCTAGAGAATGAGGTTGCTGTGAGCTATGATGAGGTCAAGGCACTCTACCCAGAGTAACAGAGTGAAATTCTATCTCAA","GGTCAGGCATGGTGGCTCAGGCCTGTAATCCCAGCACTTTGGGAGGCCAAGGTGGGCAGATTGCTTGAGCCCAGGAGTTTGAGATCAGCTTGGGCAACATAGTGAAAACTCATCTCTACAAAAAATTAAAAAAATTAGCTGGGCATTGTGGCACGTAACTGCAGTCCCAGCTACTTGAGAGGCTGAGGTGAGAGGATCACCTGAGGCCGGGAAGTCGAGGCTGCAGTGAGCTGTGATTGGGCCACTGCACTCCATCCTGGGCGACAGAATAAGACCCTGTCTCAAA"
"GL873521","13722635","13722652","chr6","90847853","90847870","1","77125218","AAAAAAAAAAAAAAAAAA","CAAAAAAAAAAAAAAAAA"
"GL873521","13789517","13789832","chr12","121838917","121839229","75","108049400","GCTGGGTGTGGTGGCTCATATCTGTAATGATAGCACTCTGGGAGGTCAAAGCAGGGAGATTACTTGAGCTCAGGAGTTAGAGAGCATCCTGAGAAAGAGTGAGATCCCTATCTATACTAAAAACAGAAAAACTAGCCAGTTGTAGTGGCAGGCACCTGTAGTCCCAGCTACTTTGGGAGTCTGAGACAAGAGGATCTCATAAGCCCAAGAGTTTGAGGTTGCTGTGAGCTGCGATGCCACAGCACTCTACCTGGGGTGACAGAATGAGACTTTGTCTCAAAAAAATAAAAAATAAAATAAAATAAAATTTAAAAAA","GGCTGGGTGTGGTGGCTCATGCCTGTAATCCCAGCACTTTGGGAGGCCAAGTCAGGAGGATTATTTGAGCCTGGGAGTTTGAGACCAGCCTGTGCAACATGGTGAGACCTCATCTCTACAAAACATAAAAAATTAGCCAGGCATGGTGGCATGTGCCTGTAGTCCCAGCTACTTGGGAGGCTGAGGCAGGAGGATCAGTCGAGCCCAGAAGATTGAGGCTACAGTGAACTGTGTTCATGCCACTGCACTCCAGCCTGGGTGACAGAGTGAGACCTTGTCTCCAAAAAAATCAAATAAATAAAAAAATAAAAAA"
"GL873521","13902129","13902272","chr17","73619699","73619842","30","59717570","GGCCAGGCATAGTGGCTCGCACCTATAATCCAGTACTATGGGAGACCAAGGCTGGAGGATCAATTGAAGCCAAGAGTTAAAGACCAACCTGGGCAACATAGAAACACTTCACCTATATAAAAAAAAAAAAAAAGAAAGAAAAAA","GGCCAGGTATGGTGGCTCACACCTGTAATTTCAGCACTTTAGGAGGCTGAGGCAGGAAGATCACTTGAGGCCAGGAGTTCAAGACCAGCCTGGGCAACATGGCAAGGCTTCATTTCCACAAAAAAAAAAAAAAAAAAAAAAAAA"
"GL873521","13902315","13902339","chr7","66627085","66627108","7","52724770","AAAAATTAACCCAGCATGGTGGCGC","AAAAAATTAGCCAGGCATGGTGAC"
"GL873521","13902374","13902499","chr7","68063538","68063660","30","54161164","AGTCCCAGCTACCATAGAGGTTGAGCCAGGAGGATCACTGAAGCCCAGAGCCCAGAAGTTTGAGGTTGCAGTAAGCTATGATCATGCCACTGTACTCTAGTCTAGGTGACAGAAGGAGACCCTGTC","GTAGTCCCAGCTACAAGGGAGGCTGAGGCAGGAGGATGGCTTGAGCCTGGGAAGTTGAGGCTGCAGTAAGCTATGATCATGCCACTGCACTCCAGCCTGGGTGACAGAGTGAGATTCTGCCTC"
"GL873521","14127800","14127881","chr3","123515043","123515137","26","109387243","GGCTAGATATGGTGGCTCATGCCTATCTGGAAAGCTGAGGCAGGAGGATTGCAAGAGGCCAGAAGTTTAATACCAGGCTAAG","GGCCAGGTATGGTGGCTCATGCCTATACTCCCAGCCTTTTGGGAGGCTGAGACAGGAGGACTGCTTGAGGCCAGGAGTTTAAGACCAGCCTGACT"
"GL873521","14128162","14128352","chr4","26023510","26023691","57","11895348","GGGCTGAGAATGAGATCCCATCTTTACAAAAAATTACCCAGGTATAGTGGCATCATCCTAGCTACTTGGGAGGCTGGGGCAGGAGGATTTCTTGGGCCCAGGAGTGTGAGGCTACGCTGAGCTATGATACCACTGCACTTTAGCCTGGATGATACAGCAAGATTTTACCTCAAAAAAAAAAAAAAAAAAAA","GGGTGGGAAAAAATTATCTGGAAATGGTGGCATATGCCAGTGGTCCTAGCTACTTGGGAGACTGAGGCTGGAGGATCACCTGAGCCCAGGAGTTAGAGGCTGCGGTGAATCGTGATCATGCCACTGCACTCTAGGCTGGGCAATAGAGCAAGACCCTATCTCGAAAAAAAAACAACAAAAAA"
"GL873521","14184019","14184216","chr17","61651681","61651883","50","47467662","GGCTGGGCATGGTGGCTCATGCCTGTAACCCTAGCACTCTGTGAGGCCAAGGCAAGTGGATCACCTGAGCTCAGGAGTTTGAGAACAGCCTGAGCAAGAGTGAGACTCCATCTCTAAAAATAGTTGGGCATTTGTGGTGAATGCCTATAGTCTCAGCTACTCAGCTACTTAGGAGGCTGAGGCAAGAGGATTGCTTGA","GGCTGGGTGCAGTGGCTCACGCCTGTAATCCTGGCACCTTGGGAGGCCAAGGTGGGAGGATCACTTGAGCCCAGGAGTTTGAGATCAGCCTGAACAACGTGGTGAAACTCCATCTCTACAAAAAATACAAAAATTAGCTGGGCTTAATGGCATATGCCTGTGGTCCCAGCTACTGAGGAGGCTGAGGTGGGAGGATTGATTGA"
"GL873521","14185943","14186062","chr8","25834967","25835086","23","11649024","GGCAGGGTGCAGTGGCTCACACCTATAATCCCAGCACTCTGGGAAGCTGAGGTGGGAGGATTGCTTTGAGATCAGGAGTTTGAAACTAGCTTGAGCAAAGCAAGACCCATCTCTACTAAA","GGCCAGGTGCAGTGGCTCATGTCTGTAATCCCAGCACTTTGGGAGGCTGAGGTGGGAGGTTTGCTTGAGCCCAGGAGTTTGAGACCAGCCTGGGCAACATAGCAAGACCCTGTCTCTATA"
"GL873521","14186086","14186221","chr14","74199793","74199926","31","60013707","AATTAGAGAGGTGTGATGCCACACACTGTAGTCTCATCTACTTTGGAGGCTGAGGCACAAGGATTACTTGAGCCCAGGAGCATGAGGTTGCTGTGAGCGAGGCTGAGGCCACAGCACTCTAGCCTGGGCAACAGAG","TTAGCCAGGTATGGTGGTGCACACCTGTAGTCCCAGCTACTTGGGAGACTGAGGCAGGAGGATTGCTTGATCCCAGGAGTTGAGGCTGCTAAGAGCTATGATCATGTCACTGCACTCCAGCCTGGGCAACAGAG"
"GL873521","14534133","14534413","chr5","43470606","43470891","71","28936473","GGTAGCTCATGTCTATAACCCTGACACTCTGGGAGGCTAAGGGAGAAACATCCCTTGAGCTCAGGAGTTCAAGACCAGTCTAAGCCAAAAGGGAGATCCATCTTTACCAAAACAGAAAAATTAGCTGGGCATGGTGATGTGTGCCTGTAGTACCAGCTGCTTGGGAGGCTAAGGAAGGAGGATTGTTTGAGCCTAGGAGTTTAAGGTTGCTAAGAGCTAGACTGAGGCCATGGCACAGTAGCCCAGGCAATAGAATGAAACTCTGTCTCAAAAAAAAAAAA","GTGGCTCTTGCCTATAATCCCAGCACTTTGGGAGGCTGAGGAGGGCAGATTGCTTGAGCCCAGGAGTTCAAGACCAGCCTGGGCAACATGGGAAAACCTCGTCTCTACAAAAAACACAAAAATTAGCTGGGCATGGTGGCATGTACCTGTAGTCCTAGCTACTTGGGAGGCTGAGGCAGGAGGACTGCTTGAGCCTCTGGAGGCGGAGGTTGCAGTGAGCTGAGACCGCGCCACTGCACTCCAGCCTGGGTGATAGAACAAGACCCTGTCTCAAAAAAAAAAAAAA"
"GL873521","14534507","14534523","chrX","153619065","153619080","3","139084558","CCCAAAATAAAATAAAA","ACATAATAAAATAAAA"
"GL873521","14646173","14646307","chr1","9156973","9157091","40","5489200","GGATGTAGTAGCTCACACCTGTAATCCCAGCATCATGGGAGGATCACTTGAGGCCAGGAGTTTGAGACTGGCTTGGGCAATATGGTGAGGCCCCATTCTTACAAAATAGGAAAAGAATTAATTGGATATGGTGGC","GGCTGGGTGAGGTGGCCTCACGCCTGTAATCCCAGCACTTTGGGAGGCCAAGGCAGGAGTTTGAGACCAGCCTGGGCAATACAGTGAGACCCCATCTCCAAAAAAAAAATTAGTGGGGC"
"GL873521","14703100","14703421","chr17","68155983","68156305","73","53452883","GGCTGGGCACAGTGGCTCATACCTGTAATCCTAGCACTTTGGGAGGCCAGGAAGGGAAGATAGCTTGAGGCCAGGAGTTTGAGACCAGGATGAGCGAGGTAGCGAGACCCCCCATCTCTATCAAAAATTAAAAAAAAAAAAAAATTAGCTGGGTATAGTGGTGAGGGCCTATCATCCTAGCTACTTAGGAGTAAGACAGGAGGATCACTTGAGCCTAGGAGGTAAGGTTGCAGTGAACTATGATGATGACCCTGCACTCTTGCCTTAGCAAGATGGTGAGACCCTGTCTCAAAACAAACAAACAAACAAACAAACATAAAAA","GGCTGGGCACCGTGGCTGACATCTGTAATCCCAGCACTTTGGGAGGCCAAGGCGGGTGGATCACTTGAGCCCAGGAGCTCGAGACCAGCCTGACCAACATGGCAAAACCCCATCTCTACCAAAAAAAAAAAAAAAATACAAAAAGTTAGCTGGGCATGGTGGAGAGGGCCTGTAGTCCCAACTACTCAGGAGGCTGAGGTGAGAGGATCACCTGAGCCACAGGAGGTCGAGGCTGCAGTGAGCCATGATCACACCATTGCACTCCAGCCTGAGAGAAAGTGAGACCCTGTCTCAAAAAAACAAACAAACAAAAACAGCAAAAA"
"GL873521","14778613","14778888","chr15","42746072","42746354","63","27967459","GGCCCAGCACAGTGGCTCACACCTATAATCCTCGCATTCTAGGAGACTGAGGTGGGAGGATCACTTGAGCTCAGGAATTTGAGATCAGCTTGAGCAATAAGGTGACCCCATCTCTACTAAAAATAGACTAATTAGCCAGGCATTGTGGTGGGCACCTGTGGTCCCAGCTAGTTGAGAGGCTCATGTTGGATTCCTTGAACCCAGGAATTTGAGGCTGCTGTGAGCTGGGCTGATGCCACAGTATTCTAGCCTGGGCAACAGAGTATGACTCTGTCT","GGCCAGGTACAGTGGCTCACACCTGTAATCCCAGCACTTTGGGAGGCCAAGGCAGGAGGATCACTTGAGCCTAGGAATTCAAGACCAGTCAGGGCAATATGGTGAAACTCCATCTCTACAAAAAATACAAAAATCAGCCAGGTGTGGTGGTGTGCGCCTGTGGTCCCAGCTACTTGGGAGGCTGAGATGGAAGGATCACTTGAGCCCAGGAAATGGAGGCTGCAGTGAGCTAAGGCTGTGCCACTGCACTCCAGCCTGGGCAACAGAGTGAGACCCTGTCTCA"
"GL873521","14884261","14884393","chr13","24405237","24405373","27","9520976","GGCTAGGTGTGGTGGCTCATGCCCATAATTCCAGCATTCTGGGAGGCCAATGTGGGAGGATCCCTGGAGGTCAGGAGTTTGAGACCACCCTGAGCAAAGCGAGACCCCATCTTCACTAAAAATAGAAAAATTA","GGCTGGGCATGGAGGCTCATGCCTATAATCCCAGCACTTTGGGAGGCTGAGGTGGGAGGATCGCTTGAGTTCATGAGTTCAAGACCAGCCTGAGCAACACAGTGAGACCTCATCTCTACTAAAAATCAAAAAAATTA"
"GL873521","14884660","14884815","chr1","141772547","141772702","39","126887887","TTAGTTGAATGTGGTGGTGTACACCTGTAGTCCCAGCTACTTGAAAGGCTGAAGAAAGAGGATTGCTTGAGCCCAAGTGCTTGAGGTTGTAGTGAGCTAGGCTGACGCTATGACACTCTGACCCAGGTGATAGAAGAAGACCCTGTCTCAAAAAAA","TTAGCTGGGCATGGTGGCGTGCACCTGTGGTCCCAGCTATTTGAAAGGCTGAGTTGGGAGGATCACTTGAGCCCAGATGGTTGAGGCTGCAGTGAGCCATGATGGCACCACTGCACTTTAGCCTTGGTGACAGAGCAAGGCCCTGTCTGAAAAAAA"
"GL873521","15677856","15678124","chr7","99887814","99888086","73","84209958","TGGCTCATGCCTGTCAACAAAGTACTTTGGTAGATTGAGAAAGGAGGATCTCGTGGACTCAGGAGTTTGAGACCAGCCTGGACGACATGGTAAAAAAACATCTTTAAAAAATTAGCCTAGCATAGTGGTGCACATTGATAATTTCAGCTATTTCGCAGGCTGAAGTGGGAGAACCACTTGTGTTTGGAAGCTCGAGGCTGCAGTGAGCTATGATCTCACACTACACTCCAGCCTGGGTAATATGGTGAGGTCCTGCCTCAAAAACAAAA","GGCTTACACCTGTAATCCCAGTGCTTTGGGAGGCTGAGGCAGGCAGATCACTTGAGCCCTGGAGTTCAAGACCAGCCTGGGCAACATGGTGAAACCCCATCTCTACAAAAAATTAGCCAGGCATGGTGGCTTGCACCTGTAGTCCCAGCTACTCAGGAGGCTGAGGTAGGAGGATTTCATGAGCCTGGAAGGTTGAGGCTGCAGTGAGCTATGATCACACCACTGCACTCCAGTCTGGGTGATAAAGTGAGACCCTGTCTCAAAAAAAAAAAA"
"GL873521","15875728","15875811","chr8","5975319","5975398","26","9900409","CAGTGAGCCGTGGTCTCCCTGTGCATTCCAATGTGAGTGACAGAGAGACCTCCCTCACACTCCCAAAAAAGAAAAAACAAGAAA","GCAGTGAGCCTTGATCGTGCTATTGCACTCTAGCCTTGGTGACAGAGAGAGACCCTATCTCAAAAAAAAAAAAAAAAAAA"
"GL873521","16170363","16170540","chr3","50079465","50079644","47","33909102","AAAAAAAAAAAAAATTACCCAGGTAAGGTGGTAAGGACCTGCAGTCCTAGCTATCTGGGATACGAGGTAGGAGGAGCACTTTGGCCCAGGAATTCCAGGCTATGGTGAACTATGATTACAACTGCACTCTAGCCTGGGCAAAAGAGTAAGAGACTGTCACAAAACACAACAAAACAAA","ACAAAAAGAAAAAACAATTAGCAAGGCCTGGTGGTACACACTTGTAGTCCCAGCTATTTGGGAGGCTGAGGTGGGAGGATCACTTGAGCCCAGGAGTTCAAGGTTACAGTGAGCTATGATCATGCCACTGCACACTAGCCTGGGCATCAGAGAGAGTTCCTGTCTCTAAGAAAAAAAAAA"
"GL873521","16172240","16172374","chr1","29329421","29329551","29","13157181","GGCTGCATGCAGTGCCTCATGTTTGTAATCCCAGCACTTTGGGAGCCAGTGGAGGAGAGGATCACTTGAAGCCAGGAATTTAAGACGGACCTAGCCAACATAATGAGAACTCCTCTATACAAAAAATAATAAAAT","GGCTGGATGCACTGGCTCCTGTCTGTAATCCCAGCACTTTGGGAGGCTGAAACAGGAGGATCCCTTGAAGCCAGGAGTTTAAGATCAGCCTGAGCAACAGAGTGAAACCCTGTCTCTACAAAAAAAAAAAA"
"GL873521","16260421","16260667","chr2A","25887935","25888182","71","9627514","GGATACAGTGGCTCACACCTGTAATCTTAGCAAACACCCTGGGGTGCTAAGGCAGGAGGATCACTTGAGCTCAGGAGATCAAGACCAGCCTGAGGAAGAGTGAAACCCCATTTCTACCACACATAGAAAAATTAGCCAGGTGTCTCTCTCTAGTCCCAGCTACTTGGGAGGCTGAGACAGGAGAATTGCTTAAGCCAGGGAGTTTCAGGTTGCTGTGGCTCAGACCATGGCACTCTAGACTGAGCAA","GGCTGGGCACAGTGGCTCACACCTGTAATCCCAGCACTTTGGGAGGGTGAGGCAGGAGGATCACTTGAGCTCAGGAGTTCGCAACCAGCCTGGGCAATATGGTGAAACCGCATCTCTACAAAAAATACAAAAATTAACCGGGTGTGGTTGTGCATGCCTGTAGTCCCAGCTACTTGGCAGGCTGAGGTGGGAGGATTGCTTGAGCTCAGGAGGTCAAGGCTGCAGTGAGCCATGATTACTCCACTGCA"
"GL873521","16747501","16747629","chr7","102198592","102198722","33","85451091","GCCGGGTATGGTGGCTCACACCTGTAATCCCACCACGTGGGAGGCCAAGGCAAGCAGATTGCCTGAGCTCACAGGTTCAAGACCAGCCTGAGCCAGAGTGAGACTTTGTCTTGGAAAATACCCGGGTGT","GGCTGGGTGTGGTGGCTCACACCTGTAATCCCACCACTGTGGGAGGCTAAGGCAGGCAAATCGCTTGAGCCCAGGAGTTCGAGACCAGCCTAGGCAACGTGGTGAAACTGTCTTTAGAAAATATTAGCCAA"
"GL873521","16747905","16748071","chr1","26355033","26355200","42","9607128","AACTAGGTAGGTGTTGCAGCAGGCGCCTGTAAATCCCAGCTACTTGGGCCAAGGCAAGAGAATCAATCACTTATGCCCAGGAGTTTGAGGTTGCTGTAAGCTATGACGCCCTGGCACTCTACCAAGGGTAACAAAGTCAGATCCTGCCTCAAAAAAAAAAAAAAAAA","AACTAGCTGGGTGTGGCGGCGTGTGCCTGTAGTCCCAGCTACTTGGGAGGCTGAGGCAGGAGGATCACTTGAGCCCAGGAGTTCAAGGCTGCAGTGAGCTAAGATCATACCACTGCACTCCAGCCTGGGTAATAGAGTGAGATCCTGTCTCAAAAAAAAAAAAAAAAA"
"GL873521","16826358","16826516","chrX","96886204","96886345","57","80059846","GGCGCCCTGCCACAAGCTGTAGTCTCCCCTATTTGGGAGGGTGAGGTCGGAGGATCATGTGAGCTCGGCAGTTCAAAGTCACCGGGCACTACAACCTCACCTGGACCAGTCAGGACTGCACGCCAGCCTCCCCAGCGCAGTGAGACTCTGTTTCTAAAA","GGTGCACATCTGTAGTCTCAGTTATTTGGGAAGCTGAGGAGGGAGGATCACTTGAGCCTGGGAGGTCAAGGCGCCAGTGAGCTGTGATTGCACCACTGCACTCCAGCCTGTGCTACAGAGTGAGACTCTGTCTCAAAAAAAA"
"GL873521","16850386","16850705","chr1","224543342","224543654","83","207692956","GCCAGCTGTGGTGGCTCACACCTATAGTCCTCACACTCTGGGAGGCTGAGGAAGGCAGATTCCCTGGAGCTCAGGAGATTGAGACCAGGCTGAGCAAGAACTGAGACTCTGTCTCTACCCCAAACAGAAAAACTTCACTAGGTGTTGCGGTGGGCACCTATAGCCTGAGCTACTTGAGAGGCAGAGGCAGGATGATCACTTGAACTCAGGAGTTTGAGGTTGCTATAGCTGTGCTGATGCCATAGTACTTTAGCCTGGGCAACAGAATGAGACTCTGTCTCAAAATAAATAAATAAATTAATAAATAAAAGAGAAAGAAA","GCCAGGCAGGGTGGCTCACGCCTGTAATCCCAACACTTTGGGAGGCTGAGGCAGGCAGCTTGCTTGAACTCAGGAGTTTGAGACCAGTCTAGGCAACATGGTGAAACCCCATCTCTACAAAAAATACAAAAATTAGCCAGGCGAAGTGGCGTGCCTATAGTCTTAGCTACTTGGGAGGCTGAGGCAGGAGAACTGCTTGAACTGGGGAGGTCGAGGCTGCATGAGCCGAGATCGTGCCACTGCACTCCAGCCTGGATGACAGAGCGAGACCCTGTCTCAAAATAAATAAATGAATAAATAATAAAATAAATAA"
"GL873521","16987716","16987746","chr4","157175852","157175881","5","140188136","GAAGAAAGAAGAAAGAAGAAAGAAGAAAGAA","GAAGAAGAAGAAGAAGAAGAAGAAGAAGAA"
"GL873521","16988099","16988370","chr11","32048157","32048430","73","15060058","GGCCCAGTTCAGTGTCTCACACCTGTAATCCTAGAACTCTGGGAGGTCAAGGAAGGTGGAGTCCTTGAGCTCAGGATTTTCAGATAAGCCTGAGCAAGAGACAGATCCATATCTACTAAACATAGAAAAACTAGCCTGGCATCAGTGTAGTCCCAGCTACTCAGAAGGCTGAGGCAGGAGGATCATTTGAGCCCAAATGTTTGAGTTTGCTGTGAGCTATGATGAATGACACCAGGGCACTCTACCCAGGGCAACAGAGTGAGACTATTTCT","GGCCCACCACAGTGATTCACATCTATAATCCCAGCACTTTGGGAGGCCGAGGTGGGAGAGTAGCTTGAGCCCAGGAGTTTGAGACCAGCCTGAGCAACAGGGCGAGACCCCATCTCTACAAAAAAAATTTAAAAATTAGCCTAGCATGTGCCTGTAGTCCCAGCTACTCAGGAGGCTGAAGCAGGAGGATCACTTGAGCCCAGGAGTTGAAGGCTGCAGTAAGCTATGATCACCCCACTGAGCTCTAGCCAGGGTGACTGAGCAAGACTCTATT"
"GL873521","17153915","17154039","chr7","102370770","102370890","26","85216855","GGCTAGGCACGGTGGTGACTCCTGCTTGTAATCCCAGCACTCTGGGAGGCCTGTGGCAGGTGAATTCCTTGCGCTCAGGAGTTCAAGACTAGCCTGAGTAATAGTGAAACCTCTGTCTCTACTAA","GGCTAGGCACGGTGGCTCATGCCTGTAATCCCAGCACTTTGGGAGACTGAGGTGGGAGAATTGCTTGAAGCTGGGAGTTCAAGACCAGCCTAGGGAACATAGTGAGACCCTGTCTCTTCAA"
"GL873521","17154076","17154241","chr16","21596696","21596868","46","4442620","CTAACCAGACCTGACAGGTGGCTATACTCTCGGCTACTTGGGAGGCTGAGGCAAGAGGATCACTTGATCTCAAGAGTTTGAGGTTGCTATAAGCTATGAGGCCATGACACTCTACCGAGGGCAACAAAGTAAGAGTTTTTCTCAAAAAAAAAACCCAAAACAAAAA","ATTAGTCAGACATGGTGGCATGTGCCTATAGTCCCAGCTACTTGGGAGGCTGAGGCAAGAGAATCATTTGAGCCCAGGAGGTTGAGGCTGCAGTAAGCAGTGATCATGTCACTGCACTCCAGCCTGGGCAACAGAGCAAGACCCTGTCTCAAAAAAAAAAAAAAAAGAAAAAA"
"GL873521","18186068","18186211","chr11","18518855","18518988","40","332787","TAGTCAGGTGCAGTGGTGCATGCCTGCAGTCACAGCTACTCTACTCAGGAGGATGAAGCAGGAGGACCACTGGAGACCAGGAGTTTGAGAATGCTGTAAAATACCATTGAGTCACTGCCTGCCAGCTTCAGTAACAGAATAAGA","TTAGCCAGGTGCAGTGGCGCATGGCTGTAGTCCTGCTTACTCAGGAGGTTGAAGCAGGAGGATCACTTGGGCCCAGGAGTTTGAGGCGGCAGCGAGCCATAATCGTGCCACTGCACTCCAGCTGAGTGACAGAG"
"GL873521","18186242","18186351","chr4","101432127","101432236","31","83245885","CTTGTAATTTCAGCACTTTTGGAAACTGTAGAAGGAAGATTGTTTAAGACCAGGAGTTCCAGAACAATCTGGGCAACACATGTTGACCTTGTACCTACATGAAAAAAAAA","CCTGTAATCCCAGCACTTTGGGAGGCTGAGGCAGGAAGACAGCTTGAGGCCAGGAGTTCCAGACCAGTCTGGGCAATATAGCAAGACCCTCATCTCTTTAAAAAATAAAA"
"GL873521","18231783","18232086","chr11","120552808","120553110","90","102321025","GGCATGGTGGCTCACACCAGCAATCCCAGCGTTTTGGGAAGCCCAAGGAAGAGAATCACTTGAGACCAGCCAGAGGTACATAGACACGTGGTCTACAAGAAATGACAATTAAAACAAATTGCTGGGCATGGTAGCCTGTGACTATAGTCCTGGCAACTCAAGAGGCTGAGTCAGGGGGTTTTTTGAGCCTATGAAGTCTAAGTTGCAGTAAGCTGTGATCATGCCACTATACCCTAGCCTGGGTGACAGAACAAGATTCTGTCTCTAAAAATAAAATAAAATAAAATAATAAAATGAAATAAAA","GCCAAGCATGGTGGTTCATACCTATAATCCCAGAACTTTGAAAGGCCAAGGCGAGAGGAGTTTGAGACCAGCCTGGGCAACATGATGACATGCCGTCTCTACAAAAAAATAAAATAAACAAAAACTAGCTGGGCCTAGTGGCATGTGTCTGTAGTCCTAGCTACTCAGGAGACTGAGGCAGGAGGATCACTTGAGCCTGGGAGGTCAAGGTTGCAGTGAGCTATGATTGTGTCACTGTACTCCAGCCTGGGTGACATAGCAAGAACTGGTCTCAAAAAAAAAAGAAAGAGAGAAAAAAGAAAA"
"GL873521","18672921","18673268","chr5","164510023","164510360","89","145837102","GGCTGGCCATGGTGGCTGAGGCCTGTCATCCTACCACTCTGAGAGGATGAGGAAGGAGGATTGGATTGCTTCAGCTCAGGAGTTCAAGACCAGCCTGAGCAAGAGCAAGACTCAGTCTCTACCAAAAATAGAAAAATTAGACTAGCCAGATGTAATGGCAGATGCCTCTAGTCCCAGCTAGTGGGGAGGCTAAGGCAGGAGGATCACTGAAACCCAGGAGTTTGAGGTGCCTGTGAGTTAGTTTAATACCATGGCAGTCTAGCTTGGGCAACAAAGTGAGACTCTGTCTCAAAACAAACAAAGAAACAAAGAAACAAACAAACAAAAACCCCAAAAATAAAAAAAAAA","GGCTGGGCACAGTGGCTCATGCCTGTAATCCTAGCACTTTGGGAGGCTGAGGCAGGTGGATCGCTTGAGACTGGGAGTTCAAGACCAGCCTGGGCAATATGGCAAAACCCCGTCCCTACAAAAAATACAAACATTAGCCAAGCATGGTGGCACATGCCTGTAGTCCCAGCTACTTGGGAGGCTGAGGCAGGAGGATCATTTGAGCCCGGGATGTGGAGGTTGCAGTAAGCTGAGATTGCATCATTGCACTCCAGCCTGGGCAACAGAGGGAGACCCTGTATCAAATAAATAAATAAATAAATAAATAAATAAATAAATAAAAGAAATAAAAGTAAAAA"
"GL873521","19315680","19315722","chr1","205503465","205503511","11","186187785","CAGTTACTTGGAAGACTGAGGCAAGAGGATCCCTTGAGCTAGG","CCAGCACTTTGGGAGACTGAGGCAGAAGGATCCCTTGAGGCCAGCGG"
"GL873521","19598410","19598508","chr1","6398492","6398584","25","13199918","TATCACTACACCACTATACTCTAGCCTGGGCAACAGATTGAGAACCTGTATCAAAAACAAACAAACAAACAAACAAAACACAATAAAAAATAAATAAAA","GTGATTGCACCAATGCACTCCAGCCTGGGTGACAGAGCGAGACTGTCTCAAAACAAACAAACAAACAAATAAAACAAAAGAAAAGAAAAGCAA"
"GL873521","19777152","19777359","chr4","72787006","72787205","63","53009854","CCTGAGCAACATAGAGAGATCCCATCTCGACAAAAATATTGAAAAAAAAATAGATAAACTTATCAGCTGGGTTTGGTAGCACACAACTGTATCCCCAGCTACCGGGAAGGCTGAAGCAGGAGGAGCCTGACAGATCAAGGCTGCAGTGAGCAGTGATCACATCACTACACTCCAGCCCAGGTGACAAAGCACAATCCTGTCTCAAAAA","CTAGGCAACATGGAAGAACCCCATCTCTACAAAAATTACAAAAACTAGCTGGGCATGGTGGTGTGCGCCTGTATTCCCAGCCACTGGGGAGGCTGAGGTGGGAGGATTGCTTGAGCCTGGAAGATTAAGGCTGAAGTGAGCAGAGATCACACCGCTGCACTCCAGTCTGGGTGACAGAGCAAAACCCTGTCTCAAAAAAA"
"GL873521","19907026","19907166","chr6","12022857","12022993","42","7884169","AGGAAAAATTACCAGGGCATGGTGATGTGCACTTATAGTCCCAGCTCCTGGGAAGGCTGAGTCAGGAGGCCAGGAGTTTGAGGTTATAGTGAGCTATGATGCCACTGCACTCTCTCTGGGTGACATAGTGACATTCTGCCT","TTAAAATTAGCCAGGCATGGTAGCAGGCACCTGTACTCCCAGCTACGGGAGGGTCGCTTGAGCCCAGGAGATCAGGGCTGCAGTGAGCTATGATTGTACCACTGCACTCCAAACTGGGTGACAGAGTGAGACTCTGT"
"GL873521","19907190","19907299","chr3","21509747","21509855","27","1602557","GTGGTGGCTCAGCCTATAATCCTAGCCTTCTGGAGGCCCAGGCGGGAGGATTGCTTAAGGTCAGGATGTTGAGACGAACCTGAGCATGAGTGAGACCCCATCTCTACAAA","GGTGGCTCATGCCTATAATTCTAGCGCTTTTGGAGGCCAAGGGGGGAGGATTACTTGAGCTCAGGAGTTCCAGATCAGCCTGGACAATTTAGTGAGACCTCATCTATAC"
"GL873521","20453341","20453513","chr19","53340691","53340862","44","32887350","AGACAACTAGCCAGGCATTGTGGTGGGCATCTATAGTCCCAGCTACTTGGGAGGCTGAGGCAAGAGGATCACTTGAACCCAATAGTTTGAGGTTGTCATGAGCTATGATGATGTGGCATTCTACTCAGGGTGACAGCGTGAGAGACTCTGTCTCAAACAAATGAACAAAAAAA","ACAAAAATAGCTGGGTGTGGTGGTGCATACTTGTAGTCCCAGCTACTTGGGAGGCTGAGGCAGGAGGATCACTTCAGCCCAGGAGGTTGAGGCTGCAGTGAGCCATGATCATGCCACTGCACTCCAGCCGAGGGGAGAGAGCAAGACTCTGTCTCAAAACAAACAAACAAAA"
"GL873521","20453540","20453662","chr4","5943586","5943706","26","14509954","CAGGCGTGGTTGCTCATGCCTGTAGTCCTAGCACTTCAGGAGGCTGAGGAGGGTAGATTGCTTGAGGTCAGGAGCTGGAGACCAGCCTGAGCAAGAGCGAGACCTTGTCTCTACTAAAAATAG","GGCCATGGTGGCTCATGCCTGTAATCCTAGCACTTCGGGAGGCTGAGGAGGGAGGATTGCTTGAGGCCTGGAGTTTGAGACCAGCCTGGGCAACATAGTGAGACCACGACTCTATTTAAAA"
"GL873521","20821454","20821743","chr8","121327775","121328067","74","100506321","GCCGGGCCCAGATGGCTCAAGCCTGTAATCCTTGCACTTTGGGAGGCCAATGTAGGAGGATCACTTGCGCCTAGGAGTTCCAGGCCAAGCTGTGCAAGGTGAAACACTGTTCCAAAAAATATATATATATGAAAATTAGCCAGTCCTGTTGGTACACATCTGTCGTTCCAACTACTTGGGGGACTGAAGCAGGAGGATCCATGAGTCCAAGATTTGAGGTTGCAATGAGCTGTATTGGAGCTACTACACTGTAGCCAGGGCGACAGGAGGAAAAACTTGTTTTAAAAAAA","GGCTGGGTGCAGTGGCTCATGCCTGTAATCTTAGCACTTTGGGAGGCCAAGGCAGGTGGATCACTTGAGCTTAGGAGTTCAAGACCAGCCTGGGCAACATGGTGAAACCCTGTCTCTACAAAAAATAAAAAAAAATTAGCCAGGCATGGTGGCATACACCTGTAGTCCCAGCTACTTGTGGGGCTGAGGCAGGAGCATCACTTGAACCCAGGAGCTCAAGGCTGCAGTGAGCTGTGATCTTACCACTGCACTCCAGCCTGGGTGACAGAGTAAGACCTTGTCTCAATAAAAAA"
"GL873521","20825224","20825315","chr22","42881883","42881978","27","22056659","AGAGGATCTCTTGAGCCTAAGAGTTTGAGGTTGCTGTGAGTTCTGATACCACAGCGCTCTACACAGGGCGACAGAGTAAGACCCTTTCTTAA","GGCAGGAGGATCGCTTGAGCCTGGGAGGTCAAGGATGCAGTGAGCTGTGATTGCACCACTGCACTCCACCCTGGGCGACAGAGTGAGACCCTGTTT"
"GL873521","20825595","20825767","chr4","156475909","156476099","57","135650314","GCGGTGGCTCACACCTGTAATCCTAACACTCAGGATCGCCTAAGCTCAGGAGGTGGAGACCAGCCTGAGCAAGAGAAACACCTCAACTCTACCAAAAACAGAAAAAGTAGCCTGGGTGGTGGTAGGCATGTGTAGTCCCAGCTACTCGGGAAGCTGAGGCAAGAGGATCTCTT","GGCCAGGCACAGTGGCTCACACCTATAATCCCAGCACTCTGGGAGACTGAGGCAGGAGGAGCCCAGGAATGTGAGACCAGCCTGGCCAACATGGTGAAACCCAGTCTCTACTAAAAATATAAAAATTAGCCTGGTGTGGTGGTGTGCGCCTGTAGTCCCAGCTACTTGGGAGGCTGAGGTGGGAGGATCAC"
"GL873521","21355913","21356066","chr4","158479533","158479684","48","137123620","ATAAAAATTAACTAGCTATGGTGGCATACACTCTTGTCCTAGCTACTTAGGAGGCTGAGGATCATTTGAGGCCAGGAGTTTAAAGCTATAGTGTACTGTGATGATTACGCCTGTGAATAGCCACTGTACTCCAGCCTGGGCAACATAGCAAGAC","AATTAGCTGGGCATGGTGGTGCATACCTGTAGTCCTAGCTACTCAGGAAGCTGAGGCAGGAGGACAGCTTGAGGCCAGGAGGTCAAGGCTGCAATGAACCATGATTGATTACACCTGTAAATAGTCACTGCATTTCAGCCTGGGCAGCATAG"
"GL873521","21623697","21623773","chrX","53329871","53329945","26","31706174","AAATTTAGGCAGGCAAGTTGGCACATGTTTGTAGTCCAAGTTATGTGAGAGGATTCTTTGAGTCCAGAAGTTAAGGC","AATAGCTTGGGCAGGGTGGTGCATGGCTGTAGTCCTGAGATGGGAGGATCCCTTGAGTCCAGGAGCTTGATGCCG"
"GL873521","21623801","21623894","chr3","42032495","42032583","27","20408694","GTAATCTTAGTACTTTGGGAGGCCAGACAGGAGATTCATTTGAGACTGAGTTTAAGATCAGCCTGGACAACATGGCAATATCCCATGTCAACCA","TAATACCAGTATTTTGGGAGGCTGAGGCAGGCGATCACTTGAGCCCAGTTCAAGACCAGCCTGGGCAATATAGCGAAATCCTGTTTCTA"
"GL873521","21714176","21714337","chr12","96671998","96672172","41","74957822","ACTAGGGGGCATTGTGGCAACTGTCATCCTAGCTGCTCAAGAGGCTGAGGCAAGAGGATCACTTCAGCCCATGAGTTTATGGTTGCTGTGAGCTATGACTCCATGGCACTCTAGCCTGGGCAATAGAATGAGACTCTGTCGCAAAAAAAAAGAAAGAAAGAA","AATTAGCTGAGCATGGTGGCAGGCACCTGTAGTCCCAGCTACTTGGGAGGCTGAGGGAGGAGGGTCACTTGAACCCAGGAGTTTGAGGCTGCAATGAGCTATGACTGCATCAGTGCACTCTAGCCTGGGCAGTAGAGTGAGACCCTGTCTCACAAAAAAAAGAAGGAAAGAGAAA"
"GL873521","21714364","21714489","chr15","78802491","78802611","29","57088127","GGCTGGGTACCCTGGCTAGACACCTGTAATTCTAGCACTCCAGGAGGCTGAAACAGGTGGATTTCTTGAGCTCAGGAGTTCAAGACCAGCCTGTCCAAGACCAAGACCACAATTCTGTCTCTACTT","GGCTGGGTACAGTGGCTCACACCTGTAATCCCAGCACTTTGGGAGGTGGAGGCAGGAGGATCACTTGAACTCAGGAGTTCAAGACCAGCCTGGCCAACATGGCGAAACTCCGTCTCTACAA"
"GL873521","21743555","21743631","chr10","20213332","20213405","25","1530223","TATAGGGTGTGGCGGCAAGTGTGTATAGTACTAGCTACTTAAAGAGGTTGAGATGGGAGGATTGCTTGAGCTAAGGA","CCAGGTGTGATGGTGCATGCCTGTGGTCTCAGCTACTTTGGAGGCTGAGGTGGGAGGATTGTTTGAGTGGAGGT"
"GL873521","21743658","21743767","chr10","43292583","43292692","28","21548925","CAATGGTTTGTGCTTGTAATCCAGCACTTTGGGAAACAAAGGAGAAAGGATTAATTGAGACCAGGAGTTCAAAATCAGCCTGGGCAACATAAAGAGACCCTGTCTCTATG","GCGGTGGTTCAGCCTGTAATCCCCGCACTTTGGGAAGCTAAAGCAGGAAAATCACTTGAGCCCAGGAGTTCAAGACCAGCCTGAGCAACATAGTGATACCCCTGTTTCTA"
"GL873521","21994326","21994402","chr3","183523015","183523100","19","161528689","GGCATTGTGACTCACACCTATAATTCTAGCACTTTGGGAGGCTGAGGTGGGAAGACCACGAGCACAGGTTCAAGACC","GACTGGGGGCAGTGGCTCAAACCTGTAATCCTAGCACTTTGGGAGGCTGAGGTGGGAGGACCACCTGAGCTCAGGAGTTCAAGACC"
"GL873521","22568894","22569013","chr7","21219168","21219276","37","1349726","TACGTTGTGGTGGCTAGTCCCAAACTACTCAGCTACTCAGGAGTTTGAGGTTGCAGTAAGCTGTGAGGTTGCATTGCACGACAGATTGTGCAACAGAGCGAGACCCTATCTCGAAAAAAA","GGCTGAGGTGGGATAATCACTTGAGCCCGGAAAGTTGAGGTTGCAGTGAGCCATGACTCGGCACTGCACTCCAGCCTGGGCAACAGAGCCAGACCCTATCTCAAAAAAA"
"GL873521","22569034","22569129","chr15","57106062","57106161","19","34537028","CAGGCATGGTGGCTCACACCTGTAATCATAGCACTTTGGGAGACCAGGAGTTCAAGACCATGCTGGGCAACATGGCGAGACCTTGTCTCTACCAAA","GGCCAGGCATGGTGGCTCACTCCTATAATCACAGCACTTTGGTAGGCCATGAATTCAAGACCAGCCTGGGCAACATAGTGTAACCCTGTCTCTACGAAAA"
"GL873521","23082461","23082581","chr19","17007875","17007987","43","6074586","AAAATACACAGAGTACCCAGGCATGGTGGTGCATGCCTCCAGTCCCAGCTACAGGTGAGACTAAGACTAAAGGATGCCTTCAGCTCAAGACTTTGAAGCTGGCCTAGGCAACAACAAGACC","ACAATGTAGCTATGGCATGGTGGTGCCTGCCTGTTGTCCCAGCTACTTGGGAGGCTGAGATGGGAGGATTGCATGAGCCCAAGAGTTCAAGGCTGCTGTGAGCTACAATCACG"
"GL873521","23326932","23327034","chr1","153330637","153330743","26","130003705","GACTGGGTATGGTGGCATATGCCTGTAAACCCAGCACTCTGGGAGGCTGTGGCGGGTGGACCAGCCTGAGACCAGCTTGAGAAAGAATAAGACTCTGTCTCTA","GGCTGGGTGTGATGGCTCATGCCTGTAATCCTAGCACTTTGGGAGGCTGAGGCAGGTGGATCACTTGAGCCCAGGAGTTTGGGCAACATGACAGAACCCTGTCTCTA"
"GL873521","23327057","23327213","chr6","85247800","85247964","38","61920743","CCAGACATTGTGACACATGCCTATAGTCCTACTTGGGAGGCTGAGGCAAGAGGATGTCTTGTGCCCAAGAGTTTGAGGTTGCTGTGAGCTATGATACCATAGCACTCTAGTGGGGGGCAAGAAAGTGAGACACTGTCTCAAAAAAAAAAAAAAAAAA","CCAGGCATTGTGGCACATGTGTGTAGTCCCAGCTATTTGGGAGGCTGAGGCAGGAGGATCCTTTGAGCCCAGGAGTTTGAGGCTTCAGTGAGCTGTGATTGGACCACTACACTCTGGCCTGGGCAACAGAGAAAGACCCTGTCTCAAAAAGAAAAAGAAAAAGAA"
"GL873521","23553294","23553452","chr8","101101478","101101641","53","77548184","AAAATAAAGTTAGCTAGACACAGCTTTGGGCACCTGCAGTCCCAGTTACTTGGAGGTTGAGGCAAGAGGATTGTTTGAGCCTAGAGGTTTGAGGATATGGTTTGCTGTAGTTCTACCTGTGAGTAGCCACTGTTCTCCAGCCAGGACACCAGCGCAAGA","AAAAAGACACCAAGTAGCCAGGTGTGGTGCTGCAGGCCTGCAGTCCCAGCTACTTGGGAGGCTGAGGCAGGAGGATTGCTTGAACCCAGGAGTTCAAGACTTCAGTATGCCATAATCGCACCTATGAATAGTCACTGCACTCCAGCCTGGGCGACATAACAAAA"
"GL873521","24165831","24166009","chrX","9218405","9218573","51","14947426","GGCCAGGCACAGCAGCTCACACCCATAATCCTAACACTCTGAGAGACCAAGGTGTATAGATTACCTGAGCTCAGGAGTTGGAGACCACCCTGAGCAAGAGTAAGACCCCCATCTCTACAAAAAAAAAAAAAAAATAGAAAAACTAGCCAGGTGTTGTGGTGGGTACTTACAGTGCCAAC","GGCCAGGCGCAGTGCCTCACACCTGTAATCCCAGCACTTTGGGAGGCCGAGGCGGGTGGATCACTTGAGCTCAGGAGTTTGAGACCAGCCTGAGCAACATGGCAAAACCTCACCTCTACAAAAAAAATACAAAAATTAACCAGGCATGGTGGCAGGCACCTGTAGTCTC"
"GL873521","24270646","24270916","chr8","27224878","27225151","68","2954232","GGCCAGGCACGGTGGCTCACACCTGAATCCTAGCTGGCATTCTGGAAGGCCGAGGTGGGTGGATCACCTGACCTCAGGAGTTCAAGACCATCCTGAGCAAGAGTGAGATGAAACCTCATCTCTAAAAATAGCTAGGCATTGTGGTGGGCACCAGTAGTCCCAGCTACTAGGGAGGCTGAAGCAAGAGGATCACTTGAGTCTAAGAGTTAGACGTTGCTGTGAGCAGTGACGCCACAGCACTCTACCCAGGGCAACAAAGTGAGACTGTCTC","GGCCAGGTGCAGTGGCTCACACCTGTAATCCTAGCCCTTAGGAGGCTGAGGTGGGAGGATCACTTGAGCTCAGGAGTTCAAGACCAGCCTGGGCAATATGGTGAAACCCTGTCTCTACGAAAAATTAGCCGGGCATGGTGGCGCATGCCTGTAGTCCCAGCTACTCAGGAGGCTGAGGTGGGAGGATCATTTGAGCCCAGGAGGCGGAAGTTGCAGTGAGCCAAGATTGCACCACCGTACTCCAGCCTGGGCAACAAGTGAGATCCTGTCTCAA"
"GL873521","24618820","24618994","chr8","68458893","68459071","47","43840073","TCCTAGCACTCTGGGGGGCCGAGGTGGTAGGATCACTTGAACTAGAGTTCAAGACCACCCTGAACAAAAATCACACCCTGTCTGTACTAAAAATAGAAAAATTAGCCAGGCATTATAGTGCATGCCTGTAGTCCCAGCTACCTGGTAGGCTGAGGCAGATCCTCTAGCCCAGGGG","CCCAGCACTTTGGGAGGCTGAGATGGGTGGATCACTTGAGCCCAGGAGTTCAAGACCAGCCTGGGCAACATGACGAAACTCTGTCTTTACAAAAAATACAAAAATGAACCAGGCATGGTGGTGCATGCCTGTAGACCCAGTACTTGGGAGGCTGAGGTGGGAGGATCCCTTGATCCTGA"
"GL873521","24626746","24626855","chr1","205148842","205148953","29","180522096","AAAGAATGACAAAAATTCAGATATGGTGGTATGCACCTATAGTCAGTCACAGCTACTGGGGAGGCTGAGGTGGGAGGCTTTCTTGAGCCCAGGAGGTTGAGTCTAGCAAT","AAAAAGTACAAAGAATTAGCCAGGTGTGGTGGTGCGTGCCTATAGTTCCAGCTACTTGGGAGGCTGAGGTGGGAGGATTGCTTGAGTCCAGGAGTTGGAGGCTGCAGTGAAA"
"GL873521","24781755","24782037","chr5","139301937","139302217","85","114520182","GACCAGGTGTGGTGGCTCACACCTATTAGCCTAGCACTCTTGGCAGCTGAGGCAGGAGGATTCACTCAGAACTTCAAGAGTTAAACCCATGCCTCTACTAAAAATAAGAAAAAAATCAGTCCAGAGTATCATGGTGGGCACTTGCAGTCCCAGCTACTCGCAATGCTGAGGAAGAAGGATAGCTTGAGCCTAGGAGTTTGAGGTTGCTGTAGGCTGGATTTTTGTCATGGCATGCTAGTCTTGGCAACAGAGTGAGACTCTGGGGGAAAAAAAAAAGGAAAAA","GGCTGGGTGCGGTGGCTCACACCTGTAATCCCAGCACTTTGGGAAGCTGAGGCCAGAGGATGGCTTGAGCTCAGGAGTTTGAGTTGAAACCCTGTCTCTACAAAAAATACAAAAATTAGCTGGGTGTGGTGGTGCACACCTGTGGTCCCAGCTACTTGGAAGTGTGGGGTGGGAGGATTGGTTGAGCCCAGGAGGTTGAGGCTGCAGTGAGCCATGATCGTGCCACTGTACTCCCGCCTGGGTGACAGAATGAGACCCTGTCTCAAAAAAAAAAAAAAAAA"
"GL873521","24969692","24969970","chr5","91805199","91805483","78","66835507","GGCTGGATGCAGTGGCTCACACCTATAAACCTAGCACTCTGGAAGGCCACAGTGGGAGAATGGCTCGAGTTCAGGATTTTGAGAGTAGCCTGAGCAAGAGCAAGACCACATCTCTACTAAAAATATAAAAATTAGCAGGAAGTCTTGCTGAATGCATCATCTCAACTGCTCTGGAGGATGAGGCAAGAGGATTGCTTGAACTCAAGAGTTGAGGTTGTGGTGAGCGAGACTGAATCCATAGCACTCTACCCCAGGCAACAGAGCAAGACTTTGTTGAAA","GACTGGGTGCAATGGTTCACATCTGTAATCCCAGCACTTTGGGAGGCCAAGGTGGGAGGATGGCTTGAGCCCAGAAGTTCAAGACCAGCCTGAGCTACATGGCAAAACCCTGTCTCTACAAAAAATGTAAAAATGAGCCAGGCATGGTGGTGCATGCCTATGGTCCCAGCTACTCAGGAGGCTGAGGCAGGAGGATCGCACTAATCTAGGAGATGGAGGCTGCAGTAAGCCGAGATTGAGTCATTGCACTCCAGCCTGGGCGAAAGAGCCAGACTCTGTCTCAAA"
"GL873521","24970004","24970019","chr3","153804291","153804307","1","128834287","AAAACAAAACAAAAAA","CAAAACAAAACAAAAAA"
"GL873521","25391954","25392209","chr7","3491054","3491312","81","21900900","CCTAGTGCAGTGGCTCACACCTGTAATCCTGGAGGCTGAAGCAGATGGATTGCTTTGAGTTCCTGCCTAAATAAAAGTGGGAATCTACTATAGCAAAATTAGCTGGGCGTTATGGTGGGTACTTGTGGTCCCAGCTACTCAGGACGCTGAGGCAGGAGGATTGCTTGAACCAAGGAATTTGAGGTTGTTATGAGCTATGATGATGCCATGGCACTCTACCCAGGCCACAGAGTAAGATTTGGTCTCCAAAAAAAAA","GGCCAGGTGCGGTAGCTCACATCTGCAATCCCAGCACTTTGGGAGGCTGAAGCTAGAGGATCACTTGAGTCTTGTCTCTACAAAAAAAATCAAAAAATTAGCCAGGGCATGGTGGTGCATGCCTGTAGTCCCAGCTACTCGGGAGGCTGAGGCAGGAGGATCACTTGAGCCCAGGAGGTTGAGGCTGCAGTGAGCTGTGACTGTACCACTGCACTCCAACCTGGGCAACAGAGTGAGACCCTGTCTCAAAAAATAATAA"
"GL873521","25453333","25453646","chr22","29946204","29946503","77","4492871","GCCGGGTACAGAGGTGCATTTACCTGTAATCCTAGCACTTTGGGAGGGTAGGGTAGGAGGATGGCTTGGGGCCAGTAGTTCAAGACCAGCCTGAACAATCTAGTGTGACCTCGTCTCCACAAAATATAGAAAAATTAGCCAGGCATGGTGGTGGGCACTTGTATTCTCAGCTTCTCAGGAAGCTGAGGCAGGAGGATCTTTTGAGGCTGGAAGGTTGAGGTTGCATTGTTGAGATTGCACTGAGCTGTGATGACACCACTGCACTCTAGCCCTGGCAACAGAGTGAGATCCTAATTTAAAAAAAAAAAAAAAAA","GCTGGGCGTGGTGGCTCCTTCCTGTAATCCCAGCACTTTGGGAGGCCAAGGCTGGAGGATCACCTGAGTCCAGGAGTTTAAGACCAGCCTGGGCAACATAGGGAGACCCTGTCTCTACAAAAAATAAAAAATTAGCCAGGCATGGTGGTGTGCACCTGTAGTCCCAGCTACTCAGGAGGCTGAGGCAGGAGGATCTCTTGAGCCTGGGAGGTCAGACTACAGTGAGCAATGATTGTGCCACTGCACTCCAGCCTGGGTGACAGAGTAAGACTCTGTCTCTTAAAAAAAAAAAAAAAAAAA"
"GL873521","25473197","25473312","chr11","64318421","64318538","25","38845224","GGGCATGGTAACTCACTCCTATAATCCCAGCAGTTTGAGAGGCCAAGGCTGGAGGATCACTTAAGGCTAGGAGTTCATGACTGGTCAGGGCAACATAGTAAGACTTATTCTCTACA","CCAGGCATGGTGGCTCACACCTATAATCCCAGCACTTTGGAAGGCCAAGGCGGGAGGATCCCTTGAGGCCAGGAGTTTGAGACCAGCCTGGGCAACATAGCAAGACTCCGTCTCCACA"
"GL873521","25473339","25473487","chr1","35894728","35894879","40","10421389","AAGAATTAGCTAGGCATAGTGGTGCGCAGCTGTAGTTCCAAGTACTTGGGAGGTTAAAGACCATGTGAGCGCAGGAGTTCAAGGCTACAGTGAGCTGTGATCATGCCACTGCACTCTGGCCTGGGTGACAGAGTCTGTGTCATAAAAAA","AAAAATTAGCCAGGCATGGTGGCACATGCCTGTGGTCCCAGATACTTGGGAGGCTGAAGTGGGAGGATCACTTGAGCCCAGGAGATCAAGGCTGCAATGAGCCATGATCATGCCACTGCACTCCAGCCTGGGCAACCCTGTCTTTAAAAAAA"
"GL873521","25493130","25493293","chr4","75562087","75562252","41","50068957","CTTAGAGTTGTGGTGGGCTCCTGTACTCCCAGCTACCCAGGAGGTGAGGCTGAGGCAGGTGGATCACTTGAACCCAGGTATGTGAGGTTGCTGAGAGCTAGGATGACACACAGCACTCTAGCCTGGTGACAGAGTGAGTCTATGTCTCTAAATAAATAAATAAA","TTAGCTGGGTGTGGTGGCATGCACCTGTAGTCCCAGCTACTTAGGAGGCTGAGGCAAGAGGATCACTTTAGCCCAGGAGGTGGAGGTTGCAGTGAGCTGAAATCATACCACTGCACTCCAGCCAGGGTGACAGAGTGAGACCTTGTCTCAAAAATAAATAAATAAA"
"GL873521","25493320","25493467","chr9","31337596","31337743","33","5844276","GACTGGGCTTGGTGGCTCATGCCTGTAATCCTAGCATTCTGGGAAGCTGAGGCAGGAGAATCACTTGAGGTCAGGAGTTCAAGACCAGACTGAGCAAGAGTGAGATCTTGCCTCTACTAAAAAAATATATATTTTTAAAAAATAATGC","GCTGGGTGTGGTGGCTCACACCTGTAATCCTAGTGATTCAGGAGGCTGAGGCAGAAGGATCACTTGAGGTCAGGAGTTTGAGAGCAGACTGAGCAACAGAGTGAGACCCCCTCTCTAAGAAAAAAATATTAAAAAAAAAAACAACCGC"
"GL873521","25793453","25793728","chr15","82250472","82250741","88","56457019","CAGGTATGGTGGCTCACACCTGTAATCCCAGCACTTCGGGAGGCCAGGAGGTGGGGGAGAGGCTCTCTTGAAGCCAGGAGTTCCTGACCAGCCAAGCAACAGGCGAAACCTTATCTCTACAAAATATTAAAGAAAAAAGGAAATTAGCCAGGTATAGCAGTAGACATCCATAATTCCAGATACTGTCGTGGCTAGGACAGGAAGATCACCTGTGATTGTGCCACTGCATCCCAACTTGCCAAAAAAGCAAGATGCTGTCTCTATAAAAGAAAACTA","GCCGGGCACGGTGGCTTATGCCTGTAATCCCAGCACTTTGGGAGGCCGAGGCAGGAGAATCGCTTGAGCCCGGGAGTTTGAGACCAGCCTGGGCAACATGGTGAAACCAAGTCTCTACAAAAAAATACAAAAAAATTAGCCAGGTGTCGTGGTGCACGTCTGTAGTCCCAGCCACTCCTGGGAGGTCGAGGCTGCAGTGAGCTGTGATCGTGCCACTGCACTCCAGCCTGGGGAACAGAGTGAGACCCCGTCTCAAAAAATAAAAAAAAA"
"GL873521","25946379","25946540","chr16","48668108","48668267","54","22721729","GTTGAGGCAGGATTTCTTGAGGCTGGGAGTTGGAGACCAGCCTGAAAAACATGTTGATACCATTGCTACAGAAATTAGAAGAGTTAGCTGGGTATAGTGGTGCATCCCTGTAGTTCCAACTACTAGGGATGCTGAGGCAGGAGGGTCACGTAAGCCCAGGAG","GTGGGAGGATTTCTTGATCCCAGGGGTTCAAGACCAACCTGGGCAACATAGTGAGACCCTGTGTATACTGAACAAAAACAATTTTTCAGGCATGGTGGCACACACCTGTAGTCCGAGCTATTCGAGAAGCTGAGATGGGAGGATCCCTTGAGCCCGGGAG"
"GL873521","25955927","25956105","chr3","43378154","43378339","50","17422227","AAAAAATAGAAAAATTAGCCATGTGCAGTGGCATGTGCCTATAGTTCCACCACTGTAGGGGCTGAGGTAGGAGGATCCCTTAAGACCAGGACTTTGAGATTGCTGTGAGTTATGACATCACTGCTGTCTGGTTGGGTGACAAAGGGAGACTTTGCCTCAAAAAAGGGAAGAAAGAAAAA","AAAAATACAAAAATTAGCCGGGCATGTTGGCATGTGCCTGTGGTCCCAGCTACTCCAGAGGCTGAGGTGGGAGGATCACTGGAGCCCGGGAAGTTGAGGCTGCAGTGAGCTGTGATCACACCACTGCACTCCAGCCTGGGTGACAGAGTGAGACCCTGTCTCAAAAAAAAAAAAAAAAAAAAAAAA"
"GL873521","26298260","26298339","chr4","95794331","95794409","18","69496071","GGCTGGGTGCATCAGCTTATGCCTGTAATCCCAGTACTTTAGGAGGTTGAGGTAAGAGGATCACTTAAGAACAGGAATCC","GGCTAGGTGCAGTGGCTTACACCTGTAATCCCAGCACTTTGGGAGGCCGAGGCAGGAGGATCACTTGAGCCCAGGAGTT"
"GL873521","26307582","26307851","chr5","152032216","152032514","85","125724634","GCTGGGCATAGTGGCTCACACCTACACTCTTAGAGGCCAGGGCAGATGAATTATTTGAGCTTGGGAGACCAGACTGAGCATGAGTGAGATCCTGTTCCTACTAAAAATAGAAAAATTAATTGGGTGTTGTGCCTGTAGTCCCAGCTACTTGGAAGGCTGAGGCAAGAGGATCACTTGAGCCCAAAAGACTGAAGTTCTAATGCCAAACATGCTACTCAGAGGGACAGAATGAGACTCTGTCTCAAAAATAAATAAATAAATAAATAAATA","GGCTGGGCACAGTGACTCACACCTATAATCCCAGCACTTTGTGAGGCTGAGGCAGGCAGATTATTTGAGCCCCTGAGGTCAAGACCATCCTGGGCAACATGGCAAAACCTCATCTCTACAAAAAATACAAAAATTAGTTGGGTGTGGTGGCATACGCCTATAGTCCCAGCTCCTCAGGAGGCTGAGGTAGGAGGATGGTTTGAGCCCAGGAGATGGAGGTTGATCATGCCACTGCTCTCCAGACTGGGCAACAGAATGAGACTCTGTCTCACAAAAAATGAAACAGAATAAAATAAAAA"
"GL873521","26951040","26951317","chr17","16672309","16672598","75","10278731","TGGCTTACACCTGTAATCCTAGCACTCTGAGAGGAGTGAGGCAGATTGCTTGAGCTTAGGAGTTTAAGACCAGCCTGAGCAAGAAAGATCCCATTTTTACTAAAATAGAAAACTAGCCAGGGGTGGTGGCCTATGTCTGTAGTCCCAGCTACTCGGTAGGCTAAGGCAAGAGGATTGCTCAAACCCAAGAGTTTGAGATTGCTGTGAGTTCTGGTGCCATGACACTCTATCCAGGGTAACAGAGTGAGACTTTGTCTAAAAAAGAAATAAAATAGGTG","GTGGCTCACACCTGTAATCTCAGCACTTTGGGAGGCTGAGGCGGGAGGATCACTTGAGCCCAGGAGTTTGAGACCAGCCTGAGCAACATAGTAGGCTCCTGTCTCTACAAAAAAATACAAAAATTAGCTGGTACTGGTGGCATGTGCCTGTAGTCCCAGCTACTCAGGAGGCTAAGGCAGGAGAATCGCTTGAGCCCAGGAGGTTGAGGCTGCTATGAGCTGTGATGGCACCACTGCACTCCAGCCTGGGTGACAGAGTGAGACCTGGTCTCAAAAAGAAAAAAAAAAAA"
"GL873521","26951542","26951557","chr3","53948633","53948648","1","26997091","AAAAGAAAGAAAGAAA","GAAAGAAAGAAAGAAA"
"GL873521","27061553","27061681","chr3","122788793","122788920","26","95727240","GGCCACGCACAGTGGCTCATGCCTTTAATCCTAGCTTTCTGTGGAGGCCAAAGCAAATGGATCACTTGAACTCAGGAGTTCAAGACCAGCCTGAGCAAGAGCAAGACCCCATCTCTACTAAAAATAGAA","GGCCAGGCACTGTGGCTCATGCCTGCAATCCCAGCACTTTGGGAGGCCAAGGCAAGAGGATTGTTTGAGCCCAGGAATTCAAGACCAGCCTGGGCAACTCAGGAAGACCCCATCTCTACAAAAAACAA"
"GL873521","27061706","27061860","chr8","96136998","96137163","44","69075292","TAGCTTGGCATTGTGGTAGGCACTGGCAGTCCCAGTTACTTCGGAGGCTAAAACAAGAAGGATTGCTTGAATCCAGTGAGGTTGCTGTGAGCTATAATGTCATGGCACTTCTCCCCAGGGCAACAGAATGAGACTATCTCAAAAAAACAAATAAA","TTTAGCTGGGAAGGTTGGCACGCACCTGCAGTCCCAGCTACTTGGGAGGCTGAGACTGGAGGATTGCTTGAGCCCGAGAGGTCGAGGTGGCAGTGAGCCATAATCACACCACTGTACTCCAGCCTGGGTAACAGAATGAGACTCTGTCTCAAAACAAACAAACAAA"
"GL873521","27073730","27073910","chr1","68095575","68095737","50","41021845","GAGCAGCCTGAGCAGCTAGGGTACTGCTCCCTGCCTCTAGTCCCAGCTACTTGAGGGGCTAAGGCAGGAGGATTGTTTGAGCCCAGGAGCCCAGGAGTTTGAGATTGATGTGAACTAGGCTGATGCCATGGCACTCTAAACTGGGCAACAGAGTAAGACTCTATCTTAAAAAAACAAAAAA","TTAGCCCTGCATGGTGGCACATGCCTGTAGTCCCAGCTATTTGGGAGGCTAAGGCAGGGGGATGGTTGGAGCCCAGGAGGCAGAGGTTGCAGTAAGCTGAGACTGAGCCATTGCACTGCAGCCTGGGTGACAGAGTGAGACTCTGTCTCAAAAAAAAAAAAAA"
"GL873521","27074182","27074275","chr19","50666183","50666279","26","23592001","GCTGGGTACTGTGGCTCAAGCATGTAATCATAGCACTCTTGAGGCCAAAGTTTGGAGGATCCCTGAAGCTCCAGAGTTTAAATGCAGCTTGAGT","GGCTGGGCTCTGTGGCTCATGCCTGTAATCCCAGCACTTTGGGAGGCCGAAGTGGGAGGATCACTTGAGTCCAGCAGTTTGAGAGCAGCCTGGGCAA"
"GL873521","27115551","27115853","chrX","48006439","48006741","74","20890888","GGCCAGGTGTGGTGGCTCCTGTAATCCTATCACTATGGGAGGCCAAGGTGGGTGGATTGCTTGAGCTCAGGAGTTGGAGACTAGCCTAGGCAAGAGTGAGATCCCGTATCTACTAAATAGAAAAACTAACCAGGTTCCAGGTGCCTGTAGTCCCAGATTCTTGGGAGGCTGAGGCAAGAGGATCACTTAAGGTCAGGAGTTTAAGGTTGCTGTGAGCTATGATGTCATAGCACTCTACCCAGGGTGACAGAGTGAGACTCTATCTCAAACAAACAAACAAACAAAACAAAAACAACAAAAAAA","GGCTGGGCTCAGTGGCTCACGCCTGTAATTCCAGCACTTTGGGAGGCCAAGGTGGGCGGACTGCTTGAGCTCAGGAGTTCGAGACCAGCCTGGGAAACATGGCGAAACCCCATCTCTTAAAAAAAAAAAATTATCTGGGTGGCAGGAGCCTGTAGTCCCAGCTACTTGGGAGGCTGAGGTAGGAGGATCACCTGAGCCCGGGAGGTCAAGGCTGCAGTGAGCCATGATCGTGCCACTGCACTCCATCCTGGGTGACAGAGTGAGACCCTGTCTAAAAAAAAAAAGAAAAAAGAAAAAAAGAAA"
"GL873521","3621655","3621735","chr19","38588582","38588671","29","34966927","AAACCCCCCAGAAAATTAGCTGTAGTCCAGCTACTTGGGAGGGTGAGGCAGGATTGCTTGAACTCAGGAGGCTGAGGTTGC","TTAGCCAGGTGTGGTTGTGCACGCCAGTAGTCCTAGCTACTCAGGAGGCTGAGGCAGGAGGATTGCTTGAGCCCAGGAGTTTGAGGCTGC"
"GL873521","3642385","3642519","chr4","190118736","190118870","25","186476351","GGCTGGGTGAGGTGGCTCACACCTGTAATCCCAGCACTCTGGGAGGCCAACAGGGATGGAGCACCTGAGCTCAGGAGCTTGTGCCCAGCTTGAGCAAGAGTGAGACCTCATCTCTGTTAAAAACAGAAAAAAAAA","GGCTGGGTGCAGTGGCTCACACCTGTAATCCCAGCACTTTGGGAGGCCAAGGTGGGAGGATCACTTGAGCTCAGGAATTCGAGACCAGCCTGGGCAACATAATGAGACTGCATCTCTGTAAAAAAAAAAAAAAAA"
"GL873521","3642815","3642983","chr6","117522072","117522244","43","113879257","AAAAAAACTAGCCAGGCATTGTGGCGAGTGCCTGTAGTCCCAGCTACTCGGGAGGCGGAGGCAAGAGGAGTGCTTAATCCCAAGAGTTTGAGGTTGCTGTAAGCTATGACACTCATTCTACTCAGGGTAACAAAGTGAGACTCTGTCTCAAAAGGAAAAAAGAAAGAGA","TAAAAAAATTAGCCAGATGTGGTGGCATGTGCCTGTAGTTCCAGCTACTCGGGAGGCTGAGGCAGGAGGATTGCTTGAGCTCAGGAGTTCGAGGCTGCAGTGAGCTATAATTGTGCCACTGCACTCTAGCCTGGGTGACACAGTGAGACCTTGTCTTTAAAAAAAAAAAAAAA"
"GL873521","3668981","3669096","chr1","92774326","92774442","25","89105345","GGCTAGGCTCAGTGGCTCATGCCTATAATCCTAGCACTCTGGGAGGCTGAGACAGGTGGAGTGCCTACGTTCAGAAGTTTGAGACCAACCTGGGGAAGAGTGAGACCCTTGTCTCT","GGCCAGGCGCAGTGGCTCACACCTGTAATTCTAGCACTCTGGGAGGCAGAGGCAGGCAGACTGCTTGAGCTCAGGAGTTCGAGACTACCCTGGGCCACACAGTGAGACTTTGTCTCT"
"GL873521","3669118","3669287","chr19","44556029","44556196","40","40886911","GCCTAGCCATGCATTATGGTGGGCACCTGTAATCCCAGCTACTTGAGTGGCTGAGACAGGAGGATTGCTTGGGCCCAGGTGTTTGAAATTGTCGTGAGCTATGACAACACTATAGCACTCAACCCAGGGCACAGAGTGAGACCCTGTCTCAAAAAAAATAATAAATAAAA","TTAGCTGGGCACGGTGGTGTGCACCTATACTCCCAGCTACTCTGGAGGCTGAGACAGGAGGATTGCTTGAGCCCAGGAGTTCAAGACTGCAGTGAGCTAGGATCGCACCATTGCACTCCAGCCTGGGCAACAGAGTGAGGCCCTGTCTCTAATAATAGTAAAAAAAAA"
"GL873521","3669631","3669737","chrX","25092369","25092466","29","21422738","GGTTAGGCATGGTGGCTTACACATGTAATCCCAGCACTTTCAGAGGCTGAAGTAGGAGGATCTCTCAAGAGACCATCAGAGGGAGACCCTGTCCTTATAAATAATTA","GGGTGTGGCGGCTCAAACCTGTAATCCCAGCACTCTGTGAGGCTGAGGCAGGAGGATCGCCTGGGCAATATAGTGAAACCCTGTCTGTATTAATAATA"
"GL873521","3670024","3670183","chr1","26355033","26355200","40","22685009","TTGGTTGGGTGTGGTAGCACTTGCCAATAGTCTTAGCTACTTGGGAGGCTGAGGCAGGAGGATCCCTTGAGCCCAGGAGTTCAAAGTTGTAGTGAGCTGTAGTAGGGCCACTATAGGGTAAAAGAGTAAAATCCTGTCTCAAAAAAAAAAAAAAAAAAAA","AACTAGCTGGGTGTGGCGGCGTGTGCCTGTAGTCCCAGCTACTTGGGAGGCTGAGGCAGGAGGATCACTTGAGCCCAGGAGTTCAAGGCTGCAGTGAGCTAAGATCATACCACTGCACTCCAGCCTGGGTAATAGAGTGAGATCCTGTCTCAAAAAAAAAAAAAAAAA"
"GL873521","3713060","3713213","chr16","52591348","52591478","53","48878288","ACTAAAATTGTAAAGCCTAAGCTGGGTGTCATGGTGCACACCTGGAGATCCAGCTCCTCGGAGGCAGAGACAGGAGGATCTCTTGAACCCCAAAATTTGAACACAGTGCGACAACATAATGAGACCCACCTCTTACAAAAAATTACAAAGACTA","GCTGAGTGTGGTGGTGTGTGCCTATAATTCCAGCTACTCAGGAGGCTGAGGCAGGAGGATCACTTGAGCCCAGGAGTTTGAGACCAGCCTGGGCAACACAGTGAGACCCCATCTCAAAAAATTAAACATTA"
"GL873521","3858021","3858181","chr15","40727742","40727900","45","36869721","GGAAAAATTAGCTCAGCATTGTGGTGGGTGCCAATAGTCCTAGTTACTGGGGGGGTGGAGGGTTGAGGCAGGAGCTTGAGCTCAGGAGTTTGAGGTTGCTGCGAGCAAGGCTCATGCCATGGCACACTAGCCTGGACAACAGAGTGAGAGTCTGTCTCAAA","TTTAAAAATTAGCCAGGCATGGTGGTGACCACCTGTAGTCCTAGCTATTCAGGAGGCTGAGGCAGAAAGATTGCCTGAGCTCAGGAGTTTGAGGTTACAGAGAACTCTGATCATGCCACTGCACTGCAGCCTGGGCAACAGAGTGAGACTCTGTCTCAA"
"GL873521","3858456","3858567","chr17","26390105","26390216","27","22531649","GGTTGGATGCAGTGACTCACGTTTATAATCCTAGCACTCTGGGGAGCAGAGGCAGGAGGATCCCTTGAGCTTAGGAGCAAGACCCCATCTCTACTAAAAAATGGAAAAATTA","GGCCGGATGCAGTGGCTCACGCCTGTAATCCCAGCACTTTGGGAGATGGAGGTGGGAGGATCGCTTGAGGCTAGGGGTTCGAGACCACATCTTTACAAAAAATTTAAAATTA"
"GL873521","3958462","3958555","chr3","156881552","156881648","15","152923090","GGCCAAGTGTGGTGGCTCACGCCTGTAATCCCAGCACTCTGGGAGGCTGAGGCAGAGAATCACTGGAGCGCAAGAGTTTGAGACTAGCTTGAGC","GGCCAGTTGTGGTGGCTCACACCTGTAATCCTAGCACTCTGGGAGGCTGAGGCTGGAGGATCACTTGAGCTCAGGAGTTTGAGACCAGCCTGGGCAA"
"GL873521","4004289","4004415","chr2A","53135817","53135938","36","49131528","GCCGGGCGCGGTGGCTGACACCTGTAACCGAGCACTTTGGGAGGCATCTGTAGGAGGATCGCTTGAGGCCAGGGATTGGAGACCTCCCGCCCTACAAATGATTTTAAAATAAACTGCTTATGCTGGG","GCCAGGTACAGTGGCTGACATCTGTAATCCCAGCACTTTGGGAGGCTGAAGTGGGAGGATCACTTGAGGCCTGGAGCTTGAGACCAGCCTTGTCAACATAGTGAGATTAAAAAATTAGCTGG"
"GL873521","4004664","4004811","chr5","141173286","141173416","45","137168622","CTGCTTATGCTGGAGGACCCTCACCCCACCCCACCCCCACACACACCTTGTGCTCCTGACTTGGAGACTGCAGTGAACTATGATCAGGCCGCTGCCCTCCAGCGTGAGCGACAGAGCATGACCCTGTCAAAAAAAAAAAAAAAAAAAA","CTACTTGGGAGGCTGACCCACGAGAATCACTTGAACCTGGGAGGTAGGCTGCAGTGAGCTAAGATCACACCACTGCACTCCAGCCTGGGCAACAGAGCAAGACTCTGTCTCAAAAAAAAAAAAAAAAAAAA"
"GL873521","4367979","4368038","chr4","148843957","148844014","16","144475978","GGGCCCGGATAATGGCTCTAATCCCAGCTACTTGGGAGGCTGGGGCAGAAGGATCGCTTG","GCAATGGTACATGCCTATAATCCCAGCCCTTTGGGAGGCTGAGGCAGGAGGATCACTT"
"GL873521","4416492","4416644","chr15","38442496","38442652","39","34026004","GACAAAAATTAGATGGGCGTGGGGCTGTAGTTCCAACTACTCTGGAGGCTGAGGCAGGAGGGTTGCTTCAGCCCAGGAGTTTGCGGTTGTAGTGAGCTATAATGATTCCACTGCACTATAGCATGGTGACAGAGTAAGACTGTATCTCAAAAA","TTAGCCAGATATGGTGGTGCATGCCTGTAGTCCCAGTTACTTGGGAGGCTGAGGCGGGAGGATTGCTTGAGCCCAGGAGTTTGAGGCTGTGGTGAGCTATGATTGTGCCACTGCACTCCAGCATGGGTAACAGAGCAAGACCCTATCTCTTTAAAAA"
"GL873521","4416915","4417046","chr12","122239412","122239544","30","117822497","GCCTGGTACAGTGGCTCACAGCTGTAATTCTACCACTCTGGCAGACTGAGGCAGGAGTATAGCTTGAGGTCAGGAGTTAGAGAGCAGCCTGAGCAAAAGTGAGACCCTCTATTAAAAATAGAAGAATTAGGG","GGCTGAGCACGGTGGCTCATACCTGTAATCCTAGCACTTTGGGAGGCTGAGGCGGGAGGATTGCTTGAGGCCAGGAGTTTGAGACCAGCCTGGGCAACATAGTGAGACCCCATCTCTAAAAAAAAAAAAATTA"
"GL873521","4508052","4508216","chr1","180937305","180937458","45","176429253","CGCCAAAATAGCCACGTATGGTTGTGTGCACCTATAGTCCCAGCTATTTCAGAGGCGGAGACCATAAGACCACTTGCACCCAGGAATTTGAGGATACAGCAAGCTGTGATCATGCCACTGCACTCCACTCCAAGCCACAGACTGAGGCCTTGTCTCTTAAAAAAA","GCAAGCCAGGTGTGGTGGCATTTGCCTATAGTCCCAGCTATGTCAAAGGCTGAGACAAAAGTATCACTTGAACCCAAGAGTTAGAGGTTACAGTGAGCTATGATCGCACCACTGCACTCCAGCCTAGGCAACAGAATGAGACCCTGTCTCTAAA"
"GL873521","4508241","4508340","chr4","142826785","142826889","25","138318544","CCAGGTGCCATGGCTTATGCCTGTAATCCCAGGGCTCAGCTTGAGGCAGATGATCACTTGAAGCCAGGAGTTCGAGACCAGCCTGGGTAACACAGTGAGA","GGCCAGGTGTGGTGGCTCATGCCTTTAATACCAGGGCTTTGGGAGGCTGAGGCAGGACGATCACTTGAGGCCAGGTGTTTAAGACCAGCCTGGGCAACATAGGGA"
"GL873521","4585645","4585775","chr1","22024766","22024901","32","17439121","GCTGGGCAAGGTGGCTCACGCCTGTAATCCGAGCACTCGGGGAGTCCAATAGGGGTGGATTGCCTGAGCTCAAGTTCAAGACCAACCCAAGCAAGAGTAAGACCCCATCTCTACTAAAAATAGAAAAAACA","GCCAGGTGAGGTAGCTCACGCCTGTAATCCCAGCACTTTGGGAGGCCAAGGTGGGTGGATCAACTGAGGTCAGGAGTTCAAGACCAGCCTGGCCAATATGGTAAAACCCCATCTCTACAAAAAATACAAAAATTAT"
"GL873521","4586039","4586216","chr5","162553581","162553768","45","157967542","TAATAGAAAAACTAGCCACTGGTAGGCACCCATAGTCCCAGCTACTTGGGAGACTTAGGCAAGAGAATCACTTAGCCCAAGAGTTTGAGGTTGCTGTGAGCTATGATGCCATAGCACTCTACCCACAGTGCCAGAGTGAGATTCTGTCTCAAAACAAAAAAAGAAAGAAAGAAAGAAA","AATTTAAAAATAGCCAAGTATAGTGGCATGCCTCTGTATTCCTAGCTACTTAGGAGACTGAGGCAGGAGGATCACTTGAGCCCAAGTGTGTGAGGCTGCAGTGAGCCATGATCCAGCCACTGCACTCGAGCCTGGAAGACAGAGTGAGATACTGTCTCAAAAAAAAGAAAGAAACGAAAAGAAAGAAA"
"GL873521","4615177","4615298","chr12","11845861","11845982","46","7230684","AAATATAATGAGTAGCTGGGTGTGGAGGCACGTACTTCTACACCCAGCTACATAGAAACTGTGTAGCAGGCAGGAAGATAGTTTAATTAATATAGTGAGAACCCCATTTCAAAAAGAAAGAA","AATACAAGGAAGCCAGGTGTGGTGGCATGCACCTACAGCCCGAGCTACTCGGGAAGCTTTGAACTGGAGACAAGCCTGGGCAACATAGTGAAACCCCATCTCCCTCTAAAAACAAGGAAAGA"
"GL873521","4639212","4639298","chr17","29760224","29760310","16","25121012","GGCCTGGCACAGTGGCTCATACCTATAATCCTAGCACTCTGGGAGGTGAGGTGGGGAGGATCCTTTGAGCTTAAGAGTTTGAGATCA","GGCCATGGGCAGTTGCTCACACCTATAATCCCAGCACTTTGGGAGACTGAGGTGGGAGGATCGCTTGAGCACAGGAGTTTGAGACCA"
"GL873521","4757227","4757326","chr1","32811419","32811520","26","28054192","TAAAATAAATAAATCAGCTGGCAGTGTGGTAGGCAACTGTAGCCCCAGCTACCCAGGGCTGTGGCAGGAAGGTGACTTGAGCCCAGTAGTTTGAGGTTGC","ATTAAATTAAATGGAGCCGGGCGTGGTGGTATGCACCTGTTGTCCCAGCTACTCAGGAGGCCAAGGCAGGAGGATCACTTGAGCCCAGGAGTTTGAGGATGC"
"GL873521","4757600","4757715","chrX","124471265","124471386","33","119713665","GGCTGAGCAGTGTGGCTCACGCCTGTAATCCTAGTGCTTTGGGAGGCTGAGGTGGAGTGAATTCCAGACCTGCCTGAACAAGAGAGTTTTTGTCTCTACTAAAAATATAAAAATCA","GGCTGGACACCGTGACTCACGCCTGTAATCCCAGCACTTTAGGAGGCTGAGGCAGGAGGATTGCTCAAGACTAGCCTGGCCAACATGGTGAAACCCCGTCTCCACTAAAAATACAAAAATTA"
"GL873521","4833908","4834183","chr20","5619662","5619943","68","785754","GGCCAGTGCAGTGGCTCATGCTGTAATCCCAGCCCTCTGGGAGGCTGAGGCAGGCGGATCCCCTGAGCTCAGTGGTTGGAGACCAGCCTGAGCAAAAGTGCAACCCCGGCTCTACTAAAAATAGAAAAAACATTAGCTGGGCTGGGTGGCAGCTGCCTATAGTTACAGCTAATAGGAAGGCTGAGACAGGAGGATGGTTTGAGCTCAGGAGGTTGGGGTTAAGATATGGTGACACCACTGCATGCTACCTGGGGCACAGAGCAAGACTCTTGTCTC","GGCCAGGTGCAGGGGCTGACACCTGTAGTCCCAGCACTTTGGGAGGCTGAGGCAGGAAGATCACTTAAGCCCAGGAGTTCGAGACCAGCCTGCGCAACATGGTGAAAACCCGACTCTACAAAAAATACAAAAACTAGCCAGGCATGGTGGTGCCTGCCTGTAGTCCTAGCTACTCAGAAGGCTGAGATGGGAGGATTGCTTGAGCCCAGGAGGTTGAGGTTGCAGTGAGCTGAGATGACACCGCTGCATTCCAGCTTGGGTGCCAGAGCAAGACCCTCTCTC"
"GL873521","4857882","4858053","chr13","48157593","48157767","59","43299711","GACCAACCAGAGTAAGAATAAGACCCCTGTCTCTACAAAAAAATGCCAAAATTAGCCAGGCATAGTGGCATGCACCTATAGTCCCAGCTACTATAGTTTTGAGGTTGCTGTGAGCTATGACGATGACATTGCACTCTACCCCAGGCAACACAGCAAGGCTCTGTCTCCAAAA","CCAGCCTGGACAACATAGGGAGACCCTGTCTCTACAAAAAAATTTTCAGAAAATTAGCTGGGCACCATGGCGCATTCCTATAGTCCCAGCTACTCAGGAGGCTGCAGTGAGCCATGATTGTGCCACTGTGCTCCAGCACGGGTGACAGAGCAAGACCCTGTCTCTTAAAAAAAAA"
"GL873521","4858329","4858418","chr2B","246546136","246546224","17","241687807","CAGGAGCAGGGGCTCACACCTATAATCCTAGCACTCTAGAAGGCCAAGGCTGGAGGATTACTTGAGGCCAGAAGTTCATGACCAGCCAGT","CCAGGTGCTGTGGCTCATGCCTGTAATCCCAGCACTTTGAGAGGCCTAGGCAGGAGGATTACTTGAGGCCAGAAGCTCAAGACCAGCCT"
"GL873521","4904065","4904344","chr20","3250028","3250308","77","1654037","GGCCAGGCATGGCGGCTCAGCCTATAATCTGGGAGGCCAAGGCTCAAGGAGTTTGAGACCTGCCTGAGCAAGAGCAAGACCCTGTCTCTACTAAAAATAGAAAAAACAGCCAGGTGTTGTGGCAGGCACCTGTAGGCCCAGCTACTTGAGAAACTGAGGCAGGAGGACTGCATGAGCTCAGGAGTTTGAAGTTGCTGTGAGCTAAGAAGCCACAGCATTCTAGTCTGTAGCAACAGAGTGAAACTGTCTCAAAAACAGAACAAAACAAAACAAAACAAAA","GGCCAGGTGCAGTGGCTCACACCTATAATCCTAGCACTTCAAGGCCAAGTTCGAGACCAGCCTGGGCAACATGGCAAAACCCTGTCTCTACAAAAAAAAAATAAAAATTAGCCAGGCATGGTGGCGCTCACCTGTAGCCCCAGCTTCTTGTGGGGCTGAGGCAGGAGGATTGTTTGAGCCTGGGAGACAGAGGTTGCAGTGAACCTATATCATGCCACTGCACTCCAGCCTGGGTGACAGAGTGAAACCCTGTCAAAAAAAAAAAAAAAAAAGAAAGAAAA"
"GL873521","5548943","5549231","chr4","172002891","172003185","72","166453948","GACTGGGCACAATGGCTCACGCCTATAATCCTAGCACTCTGGAAGGCCAAGGTGGGTGGATTACTTGAGCTCACAGGTTTGGGACCATCCTGAGCAAGAGTAAAACCTCATCTCTAAAAATAGCCCGGCATTGTGGTGGGTACCTTGTAGTCCCAGCTAGTTGGGAGGCTGAGGCAAGAGAATCTCTTGAGCCTAAGACTTTGAGGTTGCTGTAAGCTGTGATGCCATGGTACTCTACCGAGGGTGACATAGTAAGACTCTATCTCCAAAAAAAAGAAAGGAAAAAGAA","GGCCAGGCACAGTGGCTCATGCCTATAATCCCAGCAATTTGGGAGGCCAAGGTGGGAGGATCACTTGAGCCCAGGAGTTGGAGACCAGCCTGGGCAACATGGCAAAACTCCATCTCTACAAAAAATAGAAGCCAGGTGTGGTGGTGTGCATCTGTAGTCCCAGCTACTTGGGAGGCTGAGGTGGGAGAATCGCCTGAGCCTGGGAGGTGGAGGTTGCAGTGAGCCAAGATCATGCCACTGCACTCTAGCCTGGGTGTCAGAGTGACAACTTGTCTCAAAAAAAAAAAAAAAAGAA"
"GL873521","5616768","5616899","chr1","134480867","134480991","29","128864099","GTGGCTCTCTCCTGTAATCCCAGCACTTTGGGAGGCCAGGGGAGAGGATTGCTTAAGGCCAGGTATTTGAAACCAGCCTGGGCAACACAGAGAGATATGCCCATCTCTACCAAAAGAAAAAAATTGCTAGGA","GTGGCTCATGCCTGTAATCCCAGCACTTTGGGAGGCCAAGGAGTGAGGATTGCTTAAGTCCAGGAGTTCAAGAACAGCCTGGGAAACATAGTAAGATCCTGTCTCTACAAAAAATAAAAAATTGT"
"GL873521","5617203","5617331","chr3","201848039","201848154","42","196230836","TTAAAAGTTTGCTGGGCTTGCTGAAGTGTGCCTGTAGTCCCAGCTACTCAAGAGACTAAAGTGGGGGGGATCAACAGAGCCCAAGAGTTTTAGCCTGTTCTGAATCACTGGACCACTGCATTCCTGTCT","ATTAGCTGGGCGTGGTGGCGGCTGCCTGTAGTCCCAGCTACTCAGGAGGCTGAGGTGGGAGGATCACCTGAGCCCGGGAGGTCGAGGCTGCAGTGAGCAGTGATGACGGCACTGCA"
"GL873521","5813449","5813645","chr8","55925895","55926096","51","50112446","TCTATAAATATATAGAAATTGCCAGGCACTGTGGCTAATGCCTGTCATCCGAGCACTTTGGGAGGCTGAGGCAGGAGGATCATTTGAGCCCAGAAGTTGGAGGCTTCTATGACTGGGGTGCTGCACTACAGTGGAGGCTGGGTGAAAGAGCAAGATTCTGTCTCTAAAAAACATACAAAACAAACAAACAAACAAAA","TCTCTACAAAAAAATAAAAAACTAGCCGGGCATGGTGGCACATGCCTGTAGTCCCAGCTACTTGGGAGGCTGAGGCAAGAGGATCACTTTACCCCAGGAGGTCGGGGCTGCAGTGAGCTGTGTTCATACCACTGCACTACAGCCTGGGTGACAGAGCAAGACTCTGTCTCAACAAAACAAAACAAAACAAAACAAAACAAAA"
"GL873521","5816723","5816839","chr7","150519989","150520108","29","144703266","GGCTTACACCTGTAATCCTAGCACTTTGGGAGAGTGGGAGTATGGCTCGAACCCAAGAGTTGGGAGACCAGCATGGGAAAGAATGAGACCCTGTCTCTACAAAAATAGAAAAATTAG","TGGCTCACATCTGTAATCCCAGCACTTTGGGAGGCCAAGGTGGGAGGATTGCTTGATCCCAGGAGTTGGAGACCAGCCTGGGCAACATAGTGAGACCCTGTCTCAACAAAAATTTATTTT"
"GL873521","6392280","6392393","chr13","98865790","98865887","34","92473510","GGCATGGTGATACATGCCAGCGACTTAGGAGGAGGACCCCTTGAGCAAGTGAGCAGTGATTGTGCCACTGCACCTCCAGCCTGAGCAACAAAGTGAGACTCTGACTCTTAAAAA","CAGGGGGACCACCTGAGCCTGGGAGGTTGCAGCTGCAGAGCCGTGATTGTGCCACTGCATTCCAGCCTGGGCAACAGAGTGAGCTCCTGTCTCAAAAA"
"GL873521","6821886","6822161","chr13","35542940","35543211","71","28721054","GGCCTGGTGCAGTAGCTCAGAGCTGTAAGCCTAGCACTCTGGGAGGCAGAGGTAGGTAGATCACTTGAGACCAGGAGTTCAAGAAGACCAGACTAAGTAAGAGTGAGACCCTCACCTATGCTAAAAATAGAAAATATTAGCTGGGCATACAGTGTATGTCTGTAGTCCAGGCTACTTAGGAAGCTGAGGTAGGAGGATCACTTAAGCCCAGGAGTTTGAGGTTGCTGTGAGCTAGGCTGAGGCCATGGTACTTCAGCCTCGGCAACAGAGTGAGAC","GGCCAGATGTGGTGGCTCACACCTGTAATCCTAACACTTTGGGAGACCGAGGTGGGTGGATCACTTGAGGTCAGGAGTTCAAGACCAGCCTGGCCAACATGGTGAAACCCCATCTCTACTAAAAATACAAAAATTTGCTGGGCATGATGGTGGGCGCCAGTAGTTCCAGCTACTCAGGAGGCTGAGGCAGGAGAATCGCTTGAACCCAGGAATCAGAGGTTGCAGTGAGCCAAGATCACGCCATTGCACTGAAGCCTGGGCGACAAGAGCAA"
"GL873521","6822427","6822459","chr1","26448863","26448892","8","19626436","TCAGAGTGAGACTTTATCTCAAAGAAAAAAAAA","TGAGTAAGACCCTGTTTCAAAGAAAAAAAA"
"GL873521","6828199","6828251","chr12","8954703","8954756","17","2126504","GGGAGAGGTAGCTCAGGCCTGTAATTCTAACACTCTGGGAGGGAGGATCCCTT","GGTCAGGTATGGTGGCTCATGCCTGTAATTCTAGTACTTTGGGAGGCTGAGGTC"
"GL873521","6828640","6828791","chr2A","70191250","70191406","45","63362610","CCTTGAGCTCACAAGTTTGAGACCAGCCTGAGCAAGAGCGTGACTATCTCTACTAAAAATAGAAAACTCTGCTAGGTGTTGTGGCAGGTGCCTATAGTTCCAGCTACCTAGGAGGCTGAGGCAAGAGGATCACTTAAGCCCAGCAGTTTGAG","TCACTTGAGCCCAGGAGTTCGAGACCAGCCTGGGCAACATAGTGAGACTCAGTCACTACAAAAATAAACTTGCTGGGTGTGGTGGTGTGCACCTGTAGTTCTAGCTACTCAGGAGGCTGAGGTGGGAGGATCCCTTGAGCCTCGGAGGTGGAGGTTG"
"GL873521","6837142","6837367","chr12","104694083","104694305","59","97856941","GACTGGGTGCTATAGCTCACACCTGTAACCCTAGCACTCTCAGAGGCCAAGGTGGGTGGATTCGCTGAGCTCAGGAGTTCAAGACCAGCCTGAGCAAAATAAGACCCCATCTCTACTAAAAATAGAAAAAGAAAAACCAGCCAGGTGTGGTGCCAGGAGCCTGTAGTTCCAGCTACTCAGAGGCTAAAGTAAGAGGATTATTTGAGCAGTAAGAGTTTGTGGTTTC","GACTGAGTACGGTGGCTCACACCTGTAATCCTAGCATTTTGGGAGGTCAAAGTGGGAGGATGACTTGAGCCCAGGGGTTCAAGACCAGCCTGGGCAACAAAGTGAGACCCTGTCTCCATAAAAATTACAAAAATTAACCAGGCATGGTAGCATGTGCCTGTAGTCCCAGCTACTCGGGAAGCTGAGGCCAGAGGATTGCTTGAGCTTAAGAGGTTGAGGCTGC"
"GL873521","6837616","6837695","chr14","61332116","61332199","24","54494500","GTTTGTGGTTGCTGTGAGCTATGACATCACAGCACTCAACCCCAGGGTGACTACATACAACTCTGTCTCAGAAAAAAAAA","GGTTGAGGCTGCAGTGAGCTGTAATTGTACCACTGCACTCCAACCCAGGTGACACAGTAAGACCCTATCTCAAACAAAACAAAA"
"GL873521","7000001","7000131","chr1","35753661","35753787","41","28753660","ACAGTAATACATACTTGTAGTTCCAGCTTCTAGGCTGAGGCCAGAAGATGGCTTGAGCCCAGGACTTTGAGGTTGCAGTGAGAGATGATGATACCTCTGTACTCTAGCCCAGGTAACAGAGACTCTGTTTC","TTAGCCAGGCATACTAGCTCATGCCTGGAGGCTGAAGCAAGAGGACAGCTTGAGCCCAGGAGTTTGAGGCTGCAGGCAGCTATGATCGCACCATCGCACTCCAGCCTGGGTGACAAGACCCCATCTC"
"GL873521","7000386","7000547","chr6","44662547","44662705","42","37662161","GGGTGTGGTGGCTCTTACCTGTAATCCTAGCACTTTGGGAGGCTGGGGCAGGCAGGAAGATTGTTTGAGGCCAGGAGTTCCAGACCAGGCTTGTCAATATAGTGAGACCCCGTCCCTATAAAAAATAGAAAAATTATCTGGGCCTGGTAATGCATACTTTGG","GGCACAGTGGCTCATGCCTATAATCTCAGCACTTTGGGAGGCCAAGGTGAGAGGATCACTTGAGCCCAGGAGCTACAGACCAGCCTGGGCAACATAGAGAAAACCCATCTCTACAAAAAATACAAAAATTATCTGGGCGTGGTGATGCATGCCTGTTGT"
"GL873521","7034228","7034543","chr6","83628974","83629284","80","76594746","GGCCAGATGCAGTGGCTGACACCTGCAATTCTATAACTTTAGGAAGGTGAGAGAATTGCTTGAGGCCAGGAGTTCCAGACCAGCCTGAACAATATAGTGAGACCCCATTGCTACAAAAATTAGAAAAATTCACTGGGTGTAATGGCCAATGCCTGTATTCCCAGATAATCCAGAGGCTGATGCTGGAAGATTACTTGAGCCCAAGAATTTGAGGTGACAGTGAGCTATGATGACACCAATGCACTCTAGCTTGGGCAATAGAGTGTGACCCTATTTCCAAAAAAAGAAAGAAAGAAAGAAAGAAAAGAAAAGAAAA","GGCAGGGCATGGTGGCTCATACCTGTAATCCCAGCACTTTGGGAGTCCAAAGTGGGTGGATCGCTTGAGTCCAGGAGTTCAAGACCAGCATGGGCAATATGGTGAAACCCTATCTCTACAAAAAAATACAAAAATTAGCTGGGCATGGTGGCATGCACTTGTATCCCAGCTACTCCAGAGGCTGAGGTGGGAGGATTGCTTGAGCCCAGGAGGTTGAGGCTGCAGTGAGCCATGATCACACCACTGCACTGTAGCCTGGGCAGTAGAGCGAGACACTGTCTAAAAAAAAAAAAAAAGAAAAGAAAAGAAAA"
"GL873521","7070010","7070206","chr5","79804250","79804453","53","72734240","GGCCAGGCAAGATGGCTCATGCCTGTAATCCTAGCATTCTGGGTGGCTGAGACAGGCATATTCCCTGAACTCATGAGTTGGAGACAAGTCTGAGCCAGAGTTAGACCTCATCTCTAAAAATAGCCTGGCATTGTGGCATACACCTGTAGTCTCAGCTACTTGGGAGGCTGAGGTGAAAGAATTGCTTAAGCCCAAGA","CAGGCACTGTGGATCACACCTGTAATCCCAGCACTTTTGGAGGCTGAGGCGGGCAGATTGCTTGAGCTCAGGAGTTTGAGACCATCTTGGGCAACCTGGTAGAACCACATCTCTACAAAAAATTAGCCGGGCATCGTGGCACACGCCTGTAGTCGCAGCTATTTGGGGGGCCTCCTGAGGTGAGAGGATTGCTTGAGTCCAGGA"
"GL873521","7070300","7070404","chr10","27497894","27497990","34","20427594","GTAAGCCCAAGATTTTGAGGTTGCTGTGAGCTATAATGCCATAGCACGCTAACTGAAGCAAAGTAACTATGACAAAGTAAGACTCGGTCTCAAGAAAGAGAAAAA","CACTTGAGCCCAGGAGGTTGAGGCTGCAGTGAGCTATCATGCCACCACACTCCAGCCTGAATTACATGGCAAGACCCTGTCTCAAGAAAAAAAAAAA"
"GL873521","7099137","7099314","chr16","419989","420167","56","6679148","GGCTGGGTGCCGCGGCTCACACCTATAATCCTAGCACTCTGAGAGGCCAAGGCAGGTGGATTGCTTGAGCTCAGGCACTTGAGGCCCTCAAATAGAAAAACTAGCCCAGCCTTGTGGTGGGCCCCTGTAGTCCAGCTACTTAGGAGGCTGAGGCATGAGGATCGATTGAGCCCAAGTA","CTGGGCACCGTGGGTCATGCCTGTAATCCCAGCACTTTGGGAGGCTGAGGCAGGAGGATCACTTAAGCCCAGGTGTTCAAAAAACAAACAAAAAAACATTAGCCAGGTGTGGTGGTGCACACCTGTAGTCCCGGCTACTCAGGAGACTGAGGTGGGAGGAGCTCTTAAGACCGAGAGGT"
"GL873521","7099591","7099694","chr5","181790038","181790151","31","174690447","TGAGGCCAAGTATTTGAAGTTGCTGTGAGCTATGATGTGGCGCTCTACCAAGGTTGATAAAGTGAGACTCTGTCTCAAAAACAAACAAACAAACAAAAAAGCAA","TTGCTTGAGCCCAGGAGGTGGAGGTTTCAGTGAGCCAAGATCGTGCCACTGCACTCCAGCCTGGGTGACAAAGTGAGACCCTGTCTCAAAAACAAACTAACAAACAAAAAACAA"
"GL873521","7182117","7182284","chr17","14741482","14741644","46","7559365","AATTAGCCAGGCATCATAGCACATGCCTATAGTCCCAACTATTCAGGAGCCTCAGGGCCAGGAGGATCCCTTGAATATAGGAGTTTGGGGTTACTGTGAGCTATAATGATACCACCCACTGCACTTTAGTCTGGGTGACAGTGAGACCCCGGCTCAGGGGGAAAAAAA","AATTAGCCAGGCATGGTGGCACATGCCTATAGTTCCAGCACTTTGGGAGGCTAAGGCAGGAGGATTGCTTGAGCCCAGGAGTTTGAAGTTACAGTAAGCTATGATCATGCCATTGCACTCTAGCCTGGGCAACAGAGTGAGACCTTGTCTCTAAAAAAAAAAA"
"GL873521","7182549","7182656","chr11","75656969","75657073","28","68474420","AACCCCAGCACTTTGGGAGGCCAAAGCAGGAGGATCATTTGAGGCCTAGGAGTTGGAAAGCAGGCAGAACAAGAGTGAGACTATCTTCATAAAAATACAGAAAAATTA","CCAGCACTTTGGGAGGCCAAGGCAAAAGGATCACTTGAGCCCAGGAGTTTGAACCAACCTAAGCAACAGAGTGAGACCCTGTGTCTACAAAATATTAAAAAATTA"
"GL873521","7224398","7224414","chr1","153358526","153358539","3","146134128","AAAAAAGAAAGTAAAAA","AAAAAAAAAAAAAA"
"GL873521","7224442","7224704","chr16","23925003","23925279","73","16700561","GTGTGATGGCTCATGCCCATAATCCTAGTACTTTGGGAAGCTTAGGCAGGAAGATTGCTGGAGGTCAGGAGTTCAAGACCCACCTGAGCAAGAATGAGACCCCCGTATCTACAAAAAATAGAAACATTAGCTGGGTGTGTTGGTGTATGTCTGCAGTACCAACTACTAGAGAGTTTGAGGCAGGAGGATCGTGTAAGCCCAGGAATTTGAGGTTGCAGTGAGCCACCACTGCACTCTACCCTGGGAGGCAGATCAAGACTGTG","GGCTGAGCGCGGTAGCTCATGCCTATAATCCCAGCACTTTGGGAGGCTGAGGCAGGTGGATTACTTGAGCTCAGGAGTTCGAGACCAACCTGGGCAACACGGTGAAACCCCTTCTCTACAAAAAACACAAGAATTAGCAGGGCATGGTGGTGTGCACCCGAAGTCCCAGCTACTCAAGAGGCTGAGGTGGGAGGATGGCATAAGCCCAGGAAGTGGAGGTTGCAGTGAGCCAAGATCATGCCACTGCACTCCAGCCTGGGTGACAGCAAGACTGTCT"
"GL873521","7244822","7245115","chr16","74165797","74166100","72","66920975","GGCCGGGCTCAGTGGCTCTATAATCCTGGCACTCTGGGAGGTCAAGGTGGGTGGATTGCTTGAGCGCAGGAGTTTGAGACCAGCCTGAGCAAGAGTGAAACCCCGTCTCTAAAAATAGCCAGGTGCTGTGGTGAGCCCCTATAGTCCCAGCTACTCAGGAGGCTGAGGCCAGAGAATCGCTTAAGCCCAGAAGTTGGAGGTTGCTGTGAGCCGTGATACCATAATTCTTTAACAAGGGTGACAGAGTGAGACTCTGTCTCAAAAAAACAAACATACAAACAAAAAAAAAAAAAA","GGCTGGGCACAGTGGCTCATGCTTATAATTCCAGCACTTTGGGAGGCCAAGGTGGGTGGATCACTTGAGCCCAGGAGTTCGAGACCAGCCTGGGCAACATGGTGAAACTCTGTCTCTACAAAAAATTAGCTGGGTGTGGTGGCTCGTGCCTGCAGTCCCAGCTACTCAGGAGGCTGAGGTGAGAGGATCAATGGAGCCCAGGAGGTGGAAGTTGCAGTGAGCCAGATCACACCACTGTACTCTCCAGCCTGGGTGACAGAGCAAGACCCTGTCTCAAAAACAAACAAACAAACAAACAAACAAA"
"GL873521","7391188","7391475","chr8","106723939","106724236","70","99332751","GGCATGGTGGCTCACACCTATAATCCTAGCACTCTGGGAGGACAAGGTGGGAGGATCCCTTGCACTCAGAAGTTCAAGACCAGCCTGAGAGAGAATAGGACCCCATCTCTACTAAAAATAGAAAAATTACCTGGGCATTGTGGTTGGTGCCTGTAGTCCCAGCTTCTTGGGAGGGTGAGGCAGGGGCATCACGTGAGCCCAGGAATTTGAGGTTACAGTTAGCTGTTTTGTCACAGCCATCTACCCAGGGCAACAGAGTGAGACTCTATCTCAAAAAGAAAAAAAGAG","GGTGCTGTGGCTCAAGCCTATAGTCCCAGCACTTTGGGAGGACAAGGTGGGAGGATCACTTGAGCCCAGCAGTTCAAGACCAGCCTGAGCAACATGATAAGACCCCATCTCTACAAAAAATTAGAAAAATTAGCCAGGCATGGTGATGTATGCCTGTGGTCCTAGCTACTTGGGAGGCTGAGGCAGGAGGATCCCTTGAGCCCAGGAGGTCAAGGTTGCAGTGAGCCATGGTTGTACCACTGTACCCCAGCCTGGGTTACACAGTGAGATCCTATCTCAAAAAAAAAAAAAAAAAAAA"
"GL873521","7391570","7391585","chr17","38661961","38661976","2","31270391","GAAAAAAAAAAGAGAA","GAAAAGAAAAAAGAAA"
"GL873521","7411261","7411442","chr4","57296207","57296386","41","49884946","AGAAAGAAAGAAAAAAAATTAGTCAAGAATGGTGGCATGCACCTATATTCCCAGCTACTCAAGAGACTGAAGCAGGAGGATTACTTGAGCTCAGGAGTTGGGGGCTGCAGTAAGCTTTGACTATACTAATGCACTCCAGCCTGGGTGACAGAGCGAGACCCTGTTTCAAAAAAGAAAAAAAA","AAAAAAGAAAAATTAGCCAGGCATGGTGGCATGTGCCTGCAGTCCCAGCTACTCAGGAGACTGAGGTGGGAGGATTGCTTGAGCCAGGGAGATTGGGGCTGCAGTGAGCTGTGATATCATGCCACTGTACTCCAGCCTAGGCCGCAGAGTGAGACCCTGTCTCAAAACAAAAACAAAAAA"
"GL873521","7411723","7411845","chr16","11721596","11721721","28","4309873","GGCTGGGTGCAGTGATCCTAGCCTTTTGGGAGGCTGAGGCAGGAGGACTGATTGAGGCCATGAATTTGAGACCAGCCTGAGCAAGAGTGAGACCTTGTCTCTGCAAAAAATAGGAAAATTAGT","GGCTGGATGCGGTGGCTCATGCCTTTTGGGGAGGCTAAGGCAGGAGGATTGCTGGAGCCCAGGAATTAAAGACCAGCCTGGGCAACATAGTGAGACCTCGTCTCTACAAAATTAAAAATTAAGTTT"
"GL873521","7473204","7473396","chrX","14950093","14950281","51","7476889","CAAAAAAAAAACCTTAGCCAGGTATGGCAGCACAGATTTGTCATCCCAACTACTCAAGAAGCTAAGGTGAGAAGATCACCTGAGCACAGGAGTCTGAGGTTATAGTGAGCTGTGACTGGGCCATTCACTACATTCCAGCCTATGCTATAGAGTAAGACCCTGTCAAAAGAAAAAAAAAGAGAGAGAGAGAAAA","TCAATAAATAAAAATTAGCCAGGCATGGTAGCACATGCCTGTCGTCCCAGTTACTCAGGAGGCTGAGGTGGGAGGCTCACCTGAGCCCAGGCATTGAAGGCTGCAGTGAGCTATGATCACAACACTGCATTCCAGCCTGGGTGACAGAGCAAGACCCTGCCTCAAAATAAAATAAAGAAAGAAAGAAAA"
"GL873521","7473423","7473542","chr14","57739259","57739375","24","50265836","CTGGGCACAGTGTTCATGCCTGTAATTTGAGCACTTTGGGAGGCCAAGGCTAGAGGATCACTTGAGGCCAGGAGTTTGAAACCAGCCTCAGTAACACAGAGAACCCTCATCTCTATTTAA","CTGGGTACATTGGCTCAAGCCAGTAATCCCAGCACTTTGGGAGGCCAAAGCAGGAGGATCACTTGAGGCCAGGAGTTTGAGACCAGCCTGGGTAACATGAGACCCTGTTTCTACAAA"
"GL873521","7573100","7573248","chr5","35112160","35112317","42","27539060","AGCCAGATGTGGTCTATAGTCCACAGCTACTTAGAGGCTGAGGCAAAGGGATCACTTGAGCCCGAGAGTTCAGGGCTGTGGTGCACAATGATCATGTCTGTGAATAGCCACTGCACTTCAGCCTAGGCAACATAGCAAGACCCTATCTC","AGCCTGGTGTAGTGGCACATGCCTATAGTGTCAGCTACTGGAGAGGTTGAGGCAGCAGGATTGCTTGAGTCCAGCAGTTCAAGGCTGTAGTGCACGATGATGGTGCCTGTGAATAGATACTGTGCTTTAGCATGGGCAACACAGCAAGACTCTGTCTG"
"GL873521","7601934","7602029","chr5","155700261","155700353","20","148098327","GGCTGAGCCCAGAGGCTCATGCCTGTAATTCTAGCACTCTGGGAGGCTGAGGCAGGTGGAGTGCTTGAGCTCAGGAGTTAAAAAAATCCAGTTTGA","GGCCGGGCACAGTGGCTCATGCCTATAATCCCAGCACTTTGGGAAGCTGAGGCAGGAGGATTGCTTAAGCCCAGGAGTTCAAGACCAGTCTTG"
"GL873521","7602314","7602531","chr2A","29137649","29137868","57","21535335","GACCAGTGTGAGCAAGGGCAAGACTCTGTCTCTACTAAAAATAGAGAAACTAGCTGAGCATTGTGGTGGGTGCCTAAAGTCTCAGCTGCTCAGGAGGATAAGGCAGGAAGATCTCCTGAGCCCAGGAGTTTGAGGTTGATGTGAGCTATGATGATATCGCATTCTAACCAGGTAACAGAGTGAGGCTTTGTCTCAAAAAAAAAAAAAAAAAAGAAAAA","CAGCCTGGTCAACATAGGGAAACTCTGTCTCTACAAAAAGTTAAAAAATTAGCTGAGCATGGTGGCACATGCCTGTAGTCTCAGCTACTCAGGAGGCTGAGGCAGGAGGGTCACTTGAGCCTGGGAGGCTGAGGCTGCAGTGAGCTGTGATCATGCTATTGCACTCCAGCCTGGGAGACAGAGTGAGATCCTGTCTCCAAAAATAAAAAATAAAAATAAA"
"GL873521","7608283","7608358","chr9","32411376","32411450","22","24803093","AGGCTGAGGAGGAAAGATTACTTGAGCCCCAAAATCTAGCCTTGGTGACATAGTGAAACTCTGTCTAAAAAAAATA","AGGTGGGAAGAGTACTTGAGGCCAGGAATTCAAATCTAGCCTGGGCAACATAGTGAAACCCTGCCTTAAAAAAAA"
"GL873521","7633232","7633420","chr7","4237351","4237553","52","3395881","GTGGTGGCTCATGCCTGTAATCGTAACACTCTGGGAGGCTGAGGTGGGTAGATTGCTTCAGCTTAGGAGTTCGGGACCAACCAAAGCAAGAATGAGACCCCCTCTCTACTAAAAACAGAAAGACTAGCCAGGCATTGTAGCAGGTCCTGTAGTCGCTACTCAGGAGGCTGAAGCAGGAGGATCACTTAA","GGTCAGGCATGGTGGCTCATGCCTGTAATCCCAGCACTTTGGGAGGCCGAGGTGGGCAGATTGCTTGAACTCAGGAGTTGAAGACTAGCCTGGGCAACACGGCAAAACCCCATCTCTACTAAAACTACAAAAACTAACTGGGCATGGTGGCACGCGCCTGTAGTCCCAGCTACTGGGGAGGCTGAGGTAGGAGGATCACTTGA"
"GL873521","7636438","7636492","chr5","38545852","38545906","11","30909414","ATTCAAGCCTGGGTGACAGAGTGAGACACTATCTAAGAACAATAAATAAATAAAA","ATTCCAGCCTGAGTGACAGAGTGAAACCCTGTCTCAAAACAAAAACAAAAACAAA"
"GL873521","7696982","7697091","chr9","129918441","129918551","24","122221459","TAATCCTAGCACTCTGGGAGGCCAAGGTAAGTGGATTGCTTGAGCTCAGGAGTTCAAGAGCAGCCTGAGCAAGAACAAGACCCCAACTCTATTAAAAATAGAAAAAAGCA","TAATTCCAGCACTTTGGGAGACTGAGGCAGGAGGATTGCTTGAGCTCAGGAGTTCGAGACCAGCCTGGGCAACATATTGAGTCCTCATCTCTATTAAAAATTAAAAAAATA"
"GL873521","7697336","7697489","chr7","132712253","132712405","44","125014917","GTAGAAAAAAGGCCAGCTGGGCATAGTGGTACATGCTTGTAGTCCCAGCTACTTGGAGACTAAGGTAAGAGGACTGCTTAAGTCCAAGAGCTTAAGGTTGCTGTGAGCTATGACACCACAGGGTGATAAGAGTGAGACTGTCTCCAAAAAAAAA","GAATTAAATAAAAATTAGCAGGGCATGGTGGCATGTGCCTGTAGTGCCAGCTACTTGGGAGGCTGACGCCAGAGGATTACTTGAGCCCAGGAGTTGGAGGTTACAGTGATCATGCCACTGCATGACAGAGTGAGACCCTGTCTCAAAAAAAAA"
"GL873521","7750582","7750651","chr7","149337669","149337736","11","141587087","GCTGGGTAAGAGTGGCTCATACCTATAATCCCAGCACTTTTGGGAGGCTGAAACAGGAGGATCACTTGAG","GCTGGGCACAGTGGCTCACACCTGTAATCCCAGCACTTTGGGATGCTGAGGCAGGAGGATCATTGGAG"
"GL873521","7784733","7784858","chr3","160952502","160952627","25","153167769","GGCCGGGCATTGATGGCTTCTACCTGTAATCCCAGCACTTTTGGAGGCTGAGGTGGGAGGTTTCATTGAGATCAGGAGTTTGAGACCAACTTGGGCAACAGTGAGACCCTGCCTTAAAAAAAAAAA","GGCCAGGCATGGTGGCTCACACCTGTAATCCCAGCACTTTGGGAAGCTAAGGTGGGAGGATCGCTTGAGCACAGAAATTTGAGACCAGCTTGGGCAACATAGAGATCCTGTCTCTATTAAAAAAAA"
"GL873521","7784884","7785052","chr16","1604263","1604439","38","6180621","AATTAGGCAGGCATGGTGGCACTTGTCCCAGCTACTTGGAAGGCTGAAGGAGGAGGATCACTTGAGCCCAGGAGTTAGAGGTTGCTGTGAGCTTTGATGCCACTGTACTCTAACCTGGGCAACAGAGTGAGATGTGCCTCAAAAACAAACAAACAAACAAAACCAAAAA","AATTAGCCAGGCATGGTGATTGGCACCTGTGGTCCCAGCTACTTGGGAGGCTGAGGCAGGAGGATGAATTGACCCCAGGAGTTTGAGGCTGCAGTGAGCTATGATGGCACCACTGCACTCTAGCCTGGGCGACAGGATGAGATCTGTAAAAAAATAAATAAAAATGAAAATAAAAAA"
"GL873521","7870707","7870997","chrX","70230306","70230599","61","62359599","GCTGGGCACAGCAGCTCACACCTGAAATCCCAGTACCCTGGAAGGGTGAGGATGGAGGATCACTTGTGGTCAGGAGTTCAAAAACAGCCTAAGCAAGAGTGAATCGCCATCTCTATTAAAAATAGAGAAATTAGCCAGGTGTGGTGGCATTTGCCTGTAGTCCCAGCCACTTGGGAGGCTGAGGCAGGAGGATCATTAGAACCCAGAAGGTGGAGGTTGCAATGAGCAGTAATGACACCACTGCACTCCAGCCTGGGTGACAGAGCAAGTCTCTGTTTCAAAAAAAAAAAA","GGCCAGGTACAGTGGCTCACACCTGTAATCCCAGCACACTGGGAGGCAGAGGCGGGCAGATCATTTGAGCTCAGGAGTTCAAGAGCAGCCTGGGCAACATGGTGAAATCCCATCTCTACAAAAAATAGAAAAATTAGCCGAGTGTGGTGGCACTCCTCTGTAGTCCCAGCTACTTGGAAGACTGAGATGGGAGGATCATTTGAGCCCAGGAGGCGGAGGTTGCAGTGAGCTGAGATTGCACCACTGCCCTCCAGCCTGGGCAACAGAGCAGGACCCTATCTCAAAAAAAAAAAA"
"GL873521","8041789","8041920","chr12","80555695","80555826","29","72513906","GTGGTGGCTCATGCGGATTATCCCAGTACTTTGGGGAGGTTGAGGCAGGAGGATTGCTTGAGCCCAGGAATTTGAGACCAGCCTGAGCAACATAGTAAGACTCTATACAAAAAAATAGAAAAATTAGCCTGG","GTGGCTCATGCCTGTAATCCCAACACTTTGGGAGGCTGAAGCAGAAGGATTGCTTGAACCAGGAGTTTGAGACCAGCCTGGGCAACATAGTGAGACTATCTCCACAAAAATAAATAAAAAATTAGCTGGGCA"
"GL873521","8042182","8042375","chr4","7236991","7237179","49","805191","GGTAAAAAAGAAAAAGAAAAATTAGCCAGGAGCACTAGCTTACGGCTTGTAGTCCTAGCTACTCAGGAGGCTGAGGTAGGGGAATTGCTGGAGTCCAGGAGTTTGAAGCCACAGAGAGCAAAGACCACACCACTGTACTCCAGCCTAGGCAATAGAACAAGACCCTGTCTCTGAAAAAAATAAATAAAAATAAA","TAAAAAAAATACTTAAAATTAGCCAGGCGTGGTGGCACACACCTGTGGCCCCAGCTACTCAGGAGGCTGTTGTAGGAGGATCCCTTGAATCCAGGAGGTCAAGGCTGCAGTAAGCCAAGATCACGCCACTGCATTCCAGCCTAGGCAACAGAGCAAGATCCTGTCTCTTAAAAAAAAAAAAAAAAAGAA"
"GL873521","8067082","8067383","chr20","31024244","31024552","81","22957162","GGCCAGGTGTAGAGGCTCACACTTATAAGCCCAGCACCCTGAGAGGCCGAAGTGGGTGAACTGCTTGAGCTCAGGAGTTCAAGAGTAGCCTGAGCAATAGTGAGAGCCGATTTCTACTAAAAACAGAAAACCTAGCCAGGCACTGTGGTGGCGTCTATAGTCCCAGGTACTCGGGAGGCTGAGGCAGGAGGATTGCTCAATCCTAAACTTTGAGGTTGCTGTGGGCAATAATGCCATATCTCTACCCAGGGGAAAAGAATGAGACTCTGTCTAAATAAATAAATAAATAAAATAAAAACAAA","GGCCAGGCACAGTGGCTCACACCTGTAATCCCAGCACTTTGGGAGGCCGAGGTGGTGGACTGCTTGAGCTCAGGAGTTCAAGACCAGTCTGGGCAACATGGCAAAACCTTGTCCCTACAAATAATACAAAAATTAGCCAGGTGCGGTGGCATGTGCCTGTAGTCCCAGCCACTTGGGAGGCTGAAGTGGGAGGATTGCTTGATCCTGGGAGGTAGAGGCTGCAGTGAGCCATAATTGTGCCACTGCACTCCAGCCTGGGCAACAGAGTGAGACCCTATCTCAAAAATAAATAAATAAATATAAAGAAAA"
"GL873521","8204885","8205108","chr10","14099107","14099324","63","5894222","CGAATTCGAAACCAGCCTGAATAAGAGTGAGATCCGTCTCTAATGAAAAGAGAAAAACTAGCAGGTTTTGTGGTGGGTGCCTTTAGTCTCAAGCTACTTGGGAGCCTGAGGCAGGAGGATCACTTAAGCCCAGGAGTTTGAGGTTGCTGTGAGCTATGATAACATTAGGGCATTCTAGCCTGGGAAACCGAGTGAGACTCTGTCTTAGAGAAATAAAAAATAAA","AGACCAGCCTGGGCAACATGACAAGATCCCGTCTCTACAAAAAATACAAAAATTAGCAGCGTGTGGTGGGGTGTGCCTGTAGTCCCAGTTACTTAGGAGGCTGAGGCAGGAAGATCACTTGAGCCCAGGACGGGGAGGTTACAGTGAGCCGTGATCACACCACCACACTCCAGCCTGGGTGACAGAGTGAAACTCTGTCTCTATAACAAACAAACAAA"
"GL873521","8205374","8205463","chr18","31130683","31130770","22","22925309","GCCGGACATGGTGGCTCATGTCCCTCCTGTAACCCTAGCACTCTGGGAGGCTTTGGCCTAAGGATTTGAGCTCAAGAGTTTAAGACCAGG","GGCCAGGCATGGTGGCTCACACCTGTAATCCTAGCACTTTGGGAGGCTAAGACCAGAGGATAATTAAGCTCAGGAGTTCAAGACCAGC"
"GL873521","8530940","8531225","chr4","131255414","131255698","71","122724474","GTCAGGTGTGATGGCTCGTCCTGTAATCCCAACACTCTGGGAGGCTGAGGCTGGTGGTTTGCTTGAGCTCAGGAGTTCTGAGACCATCCTGAGGTAAGAGTGAGACCCCATCTCTACTAAAATTAGAAAAAAAATTACCCAGGTGTAGCGGTGATGCCTGTAGTCCTAGCTACTTGGGAGGCTGAGGCAAGAGGATTGCTCAAGCCTGAGAATTTGAGGTTGCTGTGAGCTATGACTCCATCGCACTCAACCCCAGGGTGACTGAGTGTGATTGTCTGAAAAAGAA","GGCAGGACACGGTGGCTCACACCTGTAATCCCAACACTTTGGGAGGCTGAGGCAGGTGGATCACTTGAGCTCAGGAGTTGAGACCAGCCTGGGCAACATGGTGAAACCCCATCTCTACTAAAAATACAAAAATTAGCCAGGCATGGTTGTGGATGTCTGTGGTCCCAACTACTTGGGGGGCTGAGGCAGCAGGATTGCTTAAGCCTGGTAATTTGAGGCTGCAGTGAGCCATGTTCTTGCCAGTGCTCCAGCCTGGGTGACAAAGCAAGACCCTGTCTCAAAAAA"
"GL873521","9138426","9138710","chr17","16672309","16672598","64","7533883","GGTGGCTCATGTCTGTAATCCGAGCACTCTGGGAGGCTAAAGTGGAAGGATCACTTGAGCTCAGGAGTTTGAGACTAGCCTGAGCAAAAGTGAGAACAATGTCTCTATTAAAAATAGAAAATTAGCCAGGTGTTATGATAGGTGCCTGTAGTCCCAGCTATTCAGGAAGGCCAGGAAGGAGGATCCCTTGAGCTGGGGAGTTTGAGGTTGCTGTGAGCTGTGATGACACCATGGCACTCTACCCATGATGACAGAGTAAGACTGTCTCTAAAGGGAGAAAAAAAA","GTGGCTCACACCTGTAATCTCAGCACTTTGGGAGGCTGAGGCGGGAGGATCACTTGAGCCCAGGAGTTTGAGACCAGCCTGAGCAACATAGTAGGCTCCTGTCTCTACAAAAAAATACAAAAATTAGCTGGTACTGGTGGCATGTGCCTGTAGTCCCAGCTACTCAGGAGGCTAAGGCAGGAGAATCGCTTGAGCCCAGGAGGTTGAGGCTGCTATGAGCTGTGATGGCACCACTGCACTCCAGCCTGGGTGACAGAGTGAGACCTGGTCTCAAAAAGAAAAAAAAAAAA"
"GL873521","9337001","9337128","chr7","153795408","153795531","29","144458407","CTGGGCTCAGTGGCTCATGCTTGCAAGCCCAGCACTCTGGGAGGCCAAGGCAGGTGGATTGCTCGAGTTCAGGAATTTCAGACCAGTCTAAGAAAGAGTGAGAGCCCATCTGTACTAAAAATAGAAAC","CTGGGCACAGTGGCTCACGCCTGTAATCCTAGCACTTTGGGAGTCCAAGGCAGGAGGATGCTTGAGTCCAGGAGTTCAAGACCAGCCTGAGCAATATAGTGAGACCCCCATCTCTACAAAAAAA"
"GL873521","9337149","9337320","chrX","5183862","5184037","43","4153287","TAAAATACTAGCTGGGCATTGCGATGGGTGCCTGTAATTCCAGCTACTCAGGAGGCTGAAGCAAAAGGATCACTTGGGCCCAAGAGTTTGCGGTTGCTGTGAGCTGTGATTACACCACAGCACTCTCCCCAGGCAGAGAGAGACTCTGTCTTTAAAAACAAACAAACAAAAA","ATAAAAATATTAGCTGGGCATGCTGGTACATGCCTGTAGTCCCAGCTACTCAGGAGGCTGAGGCCTGAGGATCACTTGAGCCCAGGAGTTCCAGGTTGCAGTGAGCCGTGATTGCACCATTGCACTCCAGCCTGGGCCACAGGGCTAGACCCTGCTCAAAAGAAAACAAAAAAGAA"
"GL873521","9671716","9671832","chr6","38551166","38551279","31","28879450","GGCTAGGCAGGGAGGCTCAAAACTAAAATTTTAGCACTCTGAGAGCCCAAGGTGGGAGAATTGCTTGACCTCGGGTGTTTGAGACCAGTCTGAGCAAGAGTAACATCACATCTCTAC","GGCTAGGCGTAGGGGCTCAAACCTGTAATTCCAGCACTTTGGGAGGTCAAGGTGGGAGGATTACCTGAGGCCAGGAGTTTGAGACCAGCCTGAGCAACAGTGAGACTTTGTCTC"
"GL873521","9671895","9672063","chrX","24568892","24569057","39","14896997","TAATTAGCCAGGCATAGAGGTGGTATACACCTGTAGTCCCAGCTACTCTGGAGGCTAAGTCAGAAGGACTGGTTGAACCCAGGAGTCTGAGGTTGCTGTGACTAGGCTGATGCCACAGAACTCTAGCCTGATCAACAGAGTGAGACTCTGCCTCAAAATAAAAAAGGAA","AAATTAGCTAGGCATGGTGGCATGCAACTATAGTCCCAACTACTCAGGAGGCTGAGGCCGGAGGATGGTTTGAGCCCAGGAGGTGGAGGTTGCAGTGAGCCAAGATCACACCACTGCACTCCAGCCTGGGCAACAGAGTGAGACCCTGTCTCAAAAAAAAAAAAAA"
"GL873521","9699009","9699116","chr16","57943722","57943822","32","48244713","TCTGAGACACTCGGGAGGCTGAGCCTAGGAGTTTGAGGTGACAGTAAGCTAAGTTGATGTCACTGCATTCCATCCTAGGCAACAAAGCAAGATCTTATCTCTAAAAGA","GGAGGATTGCATGAGCCCAGGAGGTTGAGGCTGCAGTGAGCCAAGATCGTGCCACTGCACGTCAGCCTGGGCAACAAAGCAAGACTCTATCTCAAAAAAAA"
"GL873521","9699330","9699522","chr6","3030697","3030873","65","6668633","GGCTGCATGTGGTGGCTCGTGACTGTAATTTCACCACTTCAAAAGGCTGAGGCAGAGGAGTCACCTGGGGCCCAGAAAGTCACCCTTAAAGTCCAGCCTGAGTAACACAGTGAGACCCAAGATCCCAACTCCACAAAAGAAAAAAGAAGGGAAAGGAAAGAAAAGAAGAGTGGTGTGTGGTGACCTCCTAGAC","GGCCAGGCATGGTGGCTCTCCCCTGTAATCCCAGCACTTTGGGAGGCCAAGGCAGAAGGATCGCTTGAGCCCAGGAGTTTTAAGACCAGCCTGAGCAACACAGAGAGACCAGATCCCACTTCCACAAAAAAAAAAAAAAAATATTTGCCAGGCGTGATGGTGCATGCCTGTAGTCCC"
"GL873521","9879625","9879892","chr2A","20521665","20521953","79","10642040","GGGTGGGCACTGTGGCTCAGGCCTCCTAGCACTCTGGGAGGCCGAGCTGGGTGGATGACTTGAGCTCATGAGTTTGAGACCAGACTGAGCAAGAGCAAGCCCCATTTTTAAAAATAGCCAAGTGTCATGGTGGGCATCTATAGTCCCAGCCAGTTGGCAGGCTGAGGAAGAAGGCTTACTTGAGCTCAAGAGGTAGCTGTGAGCTGTGATGCCATGGCACTCTACCCAGGACAACAAAGTAAGACTGTCTCCAAAAAAAAGAAAAAAA","GGCTGGGCACAGTGGCTCACGCCTGTAATCCCAGCACTGTGGGGAGGTCAAGTTGGGTGGATTGCTTGAGCCCAGGAGTTTGAGACCAGCCTAAGCAATAGGCAAAACCCTGTCTCTACAAAAATCAGCCAGGTATGGTAGTGCGTACCTGTAGTCCCAGCTACTCAGGAGGCTGAGGTGGGAGGATCACTTGAGCCTGGGAGGTGAAGGCTGAAATTAGCCATGATCATGCCACTGCACCCCAAGCCTGGGCAACAGAGCAAGACCTTGTCTCAAAAAAAAAAAAAAA"
"GL873521","10097455","10097754","chr11","114714719","114715027","67","104617264","GGCCTGGGTGTGGTGGCTCACACCTTAATCCTAGCACTCTGGGACGATGAGGCAGGTTTGCTTGACCTCAGGAGTTTGAGAGCAGCCTGAACAAGAGTGAAACTCTGTCTCTACTAAAAACAGAAAAACTAGCCTAGTGTAGTGGTGCACCCCTGTAGTCCCAGCTGCTCAGGAGGCTGAGGCAAGAGGATCACTTGAGCCCAAGAGATTGAGGTTACTGTGAGCTGTGAGGCTGTGTTACTCTACCCAGGGCAAGAGAGTGAAGCCATCTCAAAAAAAAAAAAAAAAAAAAAAAAAAAA","GGCCAGGTGTGGTGGCTCACACCTGTAATCCCAGCACTTTGGGAGGCTGAGACAGGTGGATTGCTTGAGCCTAGGAGTTCGAGACCAGCCTGGCAACATGGCGAAACCTTGTCTCTACAAAAAATACAAAAATTAGCCAAGTGTGGTGGTGCACACCTGTGGTCCAAGCTACTCGAGAGACTGAGGTGGGAGGATTGCTTGAGCCCAGGAGGTTGAGGCTGGGGTGAGTTGAGATCATGCCACTGCATTCCAGCCTGGGCAACAGAGGAAGACCCTGTCTCAAAAAAAAAAAAAAAAAAAAAAAAAAAA"
"GL873521","10225742","10225927","chr15","49930173","49930354","59","39704431","TGGCTTACACCTGTAATCCTAGCACTTTGGGAGGCCACAGCAGATGGCTGCTTGAGCTCAGGAGTTCAAGCCTAGCCTAAGCAAGCCAGAACCATTGCCACTAAAAACAAAAAAAATAGCTGGAGTTGTGGGCACCTGTAGTTAGTTCCAGCTACTTAGGAGGCTGAGGAAAAAGGATGGCTTGAT","GCCTGTAATCCCAGCACTTTGCGAGGCCGAGGCCAGGCAGATCACTTGAGCCCAGCAGTTCAAGACCAGCCTGGGCAACATGGCAAAACTCCTTCTCAACAAAATACATAAAAATTAGCTGGGTGTGGTGGCATGTACTTTCAGTCCCAGCTACTCAGGAGGCTGAAGCAGGAGGATCATTT"
"GL873521","10226192","10226278","chr4","154285033","154285123","27","144058841","GAGGATGGCTTGAGCCCAAGAGTTTGAGGTTGCTATGAACTATGATGTCATGGCACTCTATCCCTGGCCACAGAATCAGACTCTGTC","GGAGGATCACTTGAGCCCAGGTGGTTGAGGCTGCAGTGAGCTGTGTTTATACCACCACACTCCAGCCTGGGCCGCAGAGTGAGACTTTGTC"
"GL873521","10399308","10399475","chr9","96945917","96946089","50","86546609","GGCCAGGTATGGTAGCTCACACCTGTAATCCTTGTACTCTGGGAGGCTTAGGAGCAAAGATCACCTAAGTGTAGGCATCTGAGACCAGTTTGAGCAAGTGAAACCCCATATTTACTAAAATTAGAAAAATTAGCTAAATGTTGTGGCAGGAACCTATCGTCCTAGCTA","GCCGGGTACAGTGGCTCACACCTGTAATCCCAGTACTTTGGAAGGCCAAGGCCAGAGGATTACTTAAGGCCAAGAGTTTGAGACCAGTCTGGGCAACATGGTGAAACCCCATCTGTACAAAAAATACAAAAATTAGCTGGGCATGAGGGCATTTGCCTGTGGTCCTAGCTACT"
"GL873521","10449464","10449583","chrX","134402652","134402771","17","123953188","GGCCAGAGGTGGTAGTTCATGCCTATAATCCCAGCAATTTGGGAGGCTGAGGGGGGAGGATAGCTTGAGGCCAGGAGTTTGACCCCTGCCTAGGCAACATAGTGAGACCCTATCTCTACT","GGCCAGATGTAGTGGCTCATGCCTGTAATCCCAGCACTTTGGGAGGCTGAGGTGGGAGGATCACTTGAGCCCAGGAGTTTGAGACCAGCCTGGGCAACATAGCAAGACCCTGTCTCTACT"
"GL873521","10449618","10449745","chr1","23164480","23164594","46","12714862","CCAACCATAATCGAGCACCTACAGTTCTAGCTACTCCGCAATCTCAGGCAGGGGAAGATTGCTTGAGTCTAGGAGTTCAGGGTAAGCTACTGCCCTTCAGCCTGGGAAACAGAGGAAGACCTTGTCTC","GGCCAGGCACAGTGGTGCCTACCTACAATCCCAGCACTTTGGAAGGCTGAGGCAGGAGGATCGTTTGAGGCCAGGAGTTCAAGATCAGCCTGGGTAACATATCAAGACCTGTCTC"
"GL873521","10796827","10797050","chr7","39187608","39187844","67","28390781","ACTCTGGGAGGCCAAGACAGGTGGATTGCTTAAGCTCAGGAGTTGGAGACCAGCCTAAGCAAGAGTGAGACCTCGTCTCTAAAAATATCTGGGCATTGGTTGGGCACCTGTAGTCCCAGCTACTCAGGAGGCTGAGGCAATAGGATTGCTTGAGCCTAAGGATTCCTGTGAGCTATGATCCCACAGCACTTTACCAAAGGTGACAAAGTGAGACTCTATCTCAA","CACTTTGGGAAGCCAAGGCAGGAGGATTGCTTGAGTGAAGGAGTTCAAGACCAACCTGGGCAAGATTGGGAGAAAAAAATTAAAAATTAGCTGGGCATGGTGGTGCATGCCTGTAGTCTCAGCCACTGGGAAGGCTGAGGCAGGAGGATCGCTTGAGCCTGAGAGATTGAGGCTGCAGTGAGCCTTGATTGTGCCACTGCACTCCAGCTTGGGCAACAGAGTGAGACCCTGTCTCAA"
"GL873521","10797081","10797110","chr4","40399247","40399277","7","29602166","CTGGGTGCAGTGGCTCATAGTTGTAATCCT","GGCTGGGTGCAGTGGCTCACATCTATAATCC"
"GL873521","11204849","11204966","chr7","73480490","73480609","28","62275641","GGCCAGGCATAGTGGCCTCCAAAAATCTTAGGACTTTGGGAGGTAGAGGTAGGAGAACTACTTGAGCCAAGGAATTCAATACTAGCCTGACCACAATAATGAGACCCTACCTCTACCA","GGCCAGGCACAGTGGCTCATGCCTATAATCTCAGTGCTTTGGGAAACTGAGGCAGGAGGATCACTTGAGCCCAGGAGTTCAAGACCAGCCTGGACAGCATAATGAGACTCCACCTCTACA"
"GL873521","11205003","11205140","chrX","7019379","7019524","37","4185624","TAGCCAGGCATGGTGGCACATACCCAAGTCCCAGTTACAGAAGAAGCTGAGGGAAGGGTATCAGGCCCAGAAGTTCAAGGTTGCCATGAGAGATGATCACACCACTGCAGTTCAGCCTGGGCAGCAGAGAGACCCTAT","TAGCCAGGCATGGTGGCACATGCCTGTAGTCCCAGCTACTCAGAAGGCTGAGGTCGGAGGATCTCTTGAGCCCTGGGGTGCAAGGCTGCAGTGAACCATGATCACACCAGTGCACTGCAGCCTGGGCAACACAGCAAAACCCTGTC"
"GL873521","11332611","11332889","chr9","110082691","110082973","78","98750080","GACGGGGAGCCATGGCTTGAGACTGTAATCCTAGTACTCTAGGAGGCCAAGGTGAGTGGATTACTTAAGCTCAGGAGTTAAAGTCCAGGCTGAGCAAGAGTGAGACCCTGTCTCTCCCCCAGATAGGAAAACTAGCCGGACATTGTAGTAGGCACCTGTAGTCCCAGCTTCTGAGGAGGCTGAGGCAAGAGGATTGCCTGAGCCCAACAGTTTGAGGTTGCTGTGAGCTAAAATGCCATGGAACTCTACCCATGGTGATGGAGTAGGATTCTGTCTCAA","GACTGGGCATGGTGGCTCCCAAAGTGTAATCCCAGCACTTTGGGAGGCCAAGGTAGGTGGATTGCTTGAGCCCAGGAGTTTGAGACCAGCCTGGGCAACATGGTAAAACCCTGTCTCTACAAAGAATACAAAAATTAGCTGGGCATGGTTGCATGCACTTGTGGTCCCAGCTACTCAGGAGGCTGAGGTGGGAGGGTCACTTGAGCCCAGGAGATTGAGGCTGCAGTGAGCTGAGATCGTGCCACTGCACTCTAACCTGGGTAATGGAGTGAGACCCTGTCTC"
"GL873521","11332916","11332939","chr22","30701628","30701648","4","19368712","ATAAAACTAAAAAGTAAGAAAAAA","AAAAACTAAAAAGAAAAAGAA"
"GL873521","11407564","11407699","chr17","81073514","81073640","45","69665950","AAAAACTAATGGCTGGGCATAGTATGTGTAGGTAGACTAGGCTACTTAGGAGGTCAAGGCAGAAGAATCACTTGAGCTCATGAATTTGAGGCTAGCATGGGCAATGATACCTCAGGTCTCAATAAAATATAAAAAA","GCCAAGCACAATGGCTCATGCTGGTAATTCTAGTACTTTAGGAGGCCAAGGCAGTAGGATCACTTGAGGCCAGGAGTTTGAGACCAGCGTGGGCCACACAGAGACCCTCCCTGTATAAAAAAAAAAA"
"GL873521","11442747","11442764","chr1","62222108","62222122","3","50779361","CCCATAAAATAAAATAAA","ATAAAATAAAATAAA"
"GL873521","11442802","11443056","chr17","73117863","73118118","82","61675061","GGCTGGGCGTGGTGTTTCATGCATGTAATCCTAATACTTTCAGAGGCTGAGGTGGATGCACTGCCTGAGCTCAGGATTTTAAAGCCAGCCTGAGGAAGAGCAAGACCCCATCTCTAAAAAATAGCTGGGCATTGTGGTGGGTGCTTGTAGTCCCCATTGTGGTGGGTGCTTGTAGGTAGCTCACGAGTTTGAGGATGCTGTGAGCTATGATGCACCACACTTCTTTCTACCCAGGGAGACAAAGCAAGACTCTGT","GGCCGGGCGTGGTGACTCATGCCTGTAATCCCAGCACTTTGGGAGGCCGAGGCGGGTGGATCACCTGAGCTCAGGAGTTCAAGATCACCTTGGGCAATGTAGTGAGACCTCACCTCTACAAAAATGAGCCAGGCATGGTAGTGCATGCTTGTAGTCCTGACTGAGGCAGGAGGATGATGAGCCCAGGAGGCAGAGGCTACAGTGAGCCATGATCGCTCCATCGCACTCTAGCCTGGGTGATGTGACACCCTGTCTC"
"GL873521","11751009","11751243","chr8","26546785","26547018","61","14795776","CAAGACCAGCCTGAGCAAAGCTAAACCCTGTCTCTACTAAAAATAAAAGGATTAGCTAGGTATGGTGGCATATGCCTGTAGTCCCAACTGCTCAGGAGTCTCAGGCAAGAGGATTGCTTGAGCCCATGAGTTAGAGGTTGCTGTGAGCTTTGATGTCATGGCACTCTATCCAGGGCAACTGAGTGAGACTGTCTCAAAATAAATAAATAAATAAATAAGAAAGAAAGAAAGAAAA","CAAAATCAGCCTGGGTCACATGGTAAAACCCCATCTCTACAAAAAATACAAAAATTAGCCAGGTATGGTGGCTTACACCTGTACTTCCCAGCTACTTGGGGGGCTGAGGCGGGAGGATCGCTTGAGCCCAGGAGGTAGAGGTTGCAGTGAGCTGAGATCGCACCACTGCACTCCAGCCTGGGTGACGGAGTGAAACCCTGTCTTAAAAAAAAAAAAAAAAAAAAAAAAAAAGAA"
"GL873521","12019379","12019705","chr16","68023292","68023602","103","56003913","GCTCACACCGATAATCCTAGCTCTGGGAGGCTGAGGGGGCAGGATCTCTTGAGCTCAGGAGTTTGAGACCAGACAGAGCAAGAGTGAGACCTTGTCTGTACTAAAAATTAACCAGGTGTGGTGGAAGGTGCCATCGTCTCAGCTACTCTGGAGGCTGAGGCAGGAGGATCCCTTGAACCCAGGAGGTTGAGGTTGCTGTGAGCCAGGCTAATGCCAAGATCTGGGGCATCAGAGTAAAACTGAGGTTGCTGTGAGCCAGGCTGATTCTAGCCTGGGCAACAGAGTAAGACTCTGTCTCAAAAACAAACAAACAAAAAACAAAAAAAA","CGGTGGCTCACACCTGTAATCCCAGCACTTTGGGAGGCTGAGGTGGGAGGATCACTTGAGCTCAGAAGTTTGAGATCAGCCTGGGCAACATGGCAAAACCTATCTCTAGAAAAAATACAAAAACTAGCCAGAGTGGCACGTGCCTGTTGTCCTAGCTACCCAGGAGGCTGAGGTAGGAGGATCACTTGAACCTGGGGGCAGAGATTGCAGTGAGCCATGATTGTGCCACTGCACTCCAGTCTGGGCAACTCCAGCCTGGGCAACAGAATGAGACTCTGTCTCAAAAATAAAAAAGAAAAGAAAAGGAAAAA"
"GL873521","12059316","12059592","chr5","143468399","143468692","69","131409083","GGCTAGGTGCAGTGGCTCATGCCTGTAATCCCAGCACTCTGGGAGGCTCAGGCAGGTGGATTACTTGAGCTCAGGAGTTGGAGACTAGCCTGAGAAAGAGTGAAACCCATCTCTACTAAAAATAGAAAAACTAACCAGGTGTGTGGTGGTCCCCTATAGTCCCAAATACTGGGGAGACAAGAGAATTGTTTGAGCCCAAGAGACTGAGGTTAGCTGTGATGACTCCATAGCACTCTACCCAAAGTGACAGAGTGAGATTCTGTCTCAAAAAAGGAAA","GGCCAGGCACAGTGGCTCATGCCTGTAATTCTAGCACTTTGGGAGGTCAAGGCAGGCAGATCACTTGAGCTCAGGAGTTCGAGACCGGCCTGGGCAACAGGGTGAAACCCCATCTCTACAAAAAAATACAAAAACTAGCCAGGTGTGGTGAAGTGTGCCTGCAGTCCCAGCTACTCAGGAGGCTGAGGCAGGAGAATTGCTTGAGCCTGGAGGCTGAGGTTGCAGTAAGTCAAGATCATGCCATTGCACTCCAGCCTGGGTGACAGGAGTGAAACCCTGTCTCAAAACAAAGAA"
"GL873521","12087639","12087865","chr4","25649068","25649301","60","13561429","GGCTGGGCTAGGTATACCATGCCTGTAATCCTAGCATCCTTAGAGGCAGAAGCAGGATTCCTTTAGCTCAGGAGATTAAGACCAGCCTGAGCAAGGGTGACACCCCATTTCCATCAAAAATAGAAAAACTAGCTGGGCATAGTGGTGGGCATCTGTAGTCCTAGCTACTCGGGAGGCTGAGGCAAGAGGATCCTTGGAGCCCAGGAGTTTGGGGTTGCTATAAGCCG","GGCCGGGCATGGTAGCTCACGCCTGTAATACCAGCACTTTGGGAGGCTGAGGCGGGCTGATCACTTGAGTCCAGGAGATAGAGACCAGCCTGGGCAACATGGCAAAATCCCATCTCTATAAAAAAAACACAAAAATTAGCTGGGCATGGTGGTGTGCACCTATAGTCCCAGCTACTTGGGAGGCTGAGGCAGGAGAATCTCCTGAGCCCAGGAGGTGGAGGCTGCAGTGAGTCG"
"GL873521","12170072","12170342","chr3","111501569","111501837","73","99331497","GCCAGATGCAGTAGCTTACAGCTATAATCCCAGTACTTTGGAAGGTCAAGGCAAGAGGATTGGTTGAGACCAGGAGTTGAAGACCAGACTGGACAATGTAGTAAAACCCTATCCCTACAAAAAATAGAAAAAATTAGCTGGGTGTCATAGCTCTTGCTTATAGTCCCAGCTACCTGAGAGGCTGAGGGAAGAGGATCACTTGAACCCCTGAGATTGATACCATGGTACTCCACCTTGGGTGACAAAGTGAGACCCTTTCTCAAAAACAAAA","GGCTGGGTGTGATGGCTCACATCTATAATCCCAGCACTTTGGGAGGCCAAGGCAGGTGGACTGTCTGAGACCAGGAGTTTGAGACCAGCCTGGGCAACATGGTGAAACCCTGTCTTGACAAAAAAAATAAAAAATTAGCTGGGAGTGGTGGTGTGCACCTGTAGTCCCAGCTATGCGGGAGGCTGAGATGGGAGGATCGCTTGAGCCCGGCAGGCAGAGGTTCACTCCAGCCTGGGCGACAGAGTGAGACCCTGTCTTAAAAACGAAAA"
"GL873521","12688417","12688615","chr16","83498862","83499063","66","70810445","AAATCAGCCTGAGCAAAAGCAAGATCCAGTCTCTACAAAAAACTAGAAAAATTAGCCAGGCATGGTGATACACTCAGGAGAATGAAACAAGAGGATCACTTGAGCCCCGGGGTTTGATGTTGCACAGTGAGCTATGGCGATGCTGCTGCTCGGATAACAACGCGAGATGAGACCCCGTCTCAAAAACAAACAACAAAAA","ACTAGCCTGGGCAACACAGCAAAACCCCATCGCTACAAAAAATACAAATATTAGCCAGGTGTGATGGTGCATGCCTAGGGAGGCTGAGGTGGGAGGATCACTTGAGTCCAGGGAGGCTGAGGCTGCAGTGAGCTGAGATTATGCCACTGCACTCCAGCCTGAGTGACAGAGTGAGAACCTGTCTCAAGAAAATTAAAAAAAA"
"GL873521","12689719","12689822","chr7","26479088","26479188","21","13789369","GCTGAGTACAGTAGCTCACTTCTTTCATCTCAGCACTATGAGAGGCTGAGTCAGGAGGATCACTTGAGGCCAGGATTTTGAGACAAGCCTGGGGAACATAGTGA","GCTGGGTGCTGTGGCTCACATGTATAATCACAGCACTTTGGGAGGCTGAGGCAGGAGGATCACCTGAGGCCAGGATTTCAAGACCAGCCTGGGCGAAATGG"
"GL873521","12747705","12747831","chrX","118392849","118392966","30","105645144","GCCAAGCATGGTAGCACAAGCTTTGTAGGCCCAATTACTTGGGAGGCTAAGATGGGAGGATCACTTGAGCCCAGGAGTTTGAGGCCAGCCTGAGAAACACTCCAAGACCCTCTTTATTTAAAATATA","GCCAAGCATGGTGGCTCATGCCTGTAATCCCAGTACTTTGGGAGGCTGAGATGGGAGGATAGCTTGAGCCCAGGAGTTTGAGACCAGCCTGGTAACACAGTGAGACCTCATCTCTACA"
"GL873521","12758304","12758462","chr7","65488595","65488751","43","52730291","ACTTAGCTGAATATAGTAGCACAAGCCTGTATTTCCAGCTACTCAGGAGGCTGAGGCAGGAGGATCACTTGGGCTTACAAGTTGGAGGTTGTGGTAAGCTATGATGATGCCACTGCCCTCTGCCCCAGGCAAATGTGATGCCTTGTCTCAACAACAAAA","TTAACTGGGTATAATGACACATGCCTGTAGTCCCAGCTACTAGAAAGGCTGAGGTAGGAGGATTGCTTGAGCCTGAGAGGTTGAGGATGCAGTGAACCATGATCAGGCCACTGCACTCAGCCTAGGCAACACAGTGAGACCCTGTCTCAAGAAAAAA"
"GL873521","12758495","12758600","chr16","15961202","15961315","30","3202707","GTGGCTGGTGCATATAATCCTACCACTTTGGAAGGAGGAGGGAGAATCATTGAAACCAGGAGTTCAAGAACAGCCCAGGCAGGCTATAGTGAAATCTCATCTCTAC","GTGGCTGGGCATGCCTGTAATCCTAGCACTTTGAGAGGCTGCAGCGGAAGGATCGCTTGAGCCCAGGAGTTCAAGAACAGCCTAGGCAACATAGCAAGATCCCTGTCTCTACAA"
"GL873521","12822938","12822952","chr1","210017045","210017059","2","197194107","TAAAACAAAAGAAAA","TAATAAAAAAGAAAA"
"GL873521","12822989","12823283","chr7","75828649","75828941","71","63005660","GGCCAGGCAAGGTGGCTAACTGCTGTAATCTTAGCACTCTAGGAGGCTGAGGCAAGAGAATTCCTTGAGGTCAGGAGTCAGAGACCAGCCTGAGCAAAAATGACACTCCACCTCTATGAAAAATAGAAAACAAAAATTAGCCAGGTGTGATGGCCCATTTCTGTAGTCCCAGCTACTGGGGAGGCTGAGGCAGGAGGATAGCTTGAGCCCAGGAGCTTGAGGTTGCGGTAGCTAGGCAGATGGCTCAGCACTCTTTCTAGCCTGGGCAACAGAGCAACATTCTATCTCAAAAAAT","GGCTAGGCATGGTGGCTCATGCATGTAATCCCAGCACTTTGGGAGGCTGAGGCGGACGGATCACTTGAGGTCAGGAGTTCGAGACCAGCCTGGTCAACATGGTGAAACCCCATCTCTACTAAAAATATAAAAATTAGCCAGGTGTGGTGGCGCATGCCTGTAGTCCCAGCTACTTGGGAGACTGAGGTGGGAGGATCCCTTGAGCCTGGGAGGTTGAGGCTGCAGTGAGCTGTGATGGCACCACTGCACTCCAGCCTGGGCAATAGAGCAAGACCCTGTCTCATAGGAAAAAA"
"GL873521","13041237","13041319","chr5","49472177","49472254","12","36430940","GGCCAGTCATGGTGGCTCATGCCTATAATCCTAGCACTCTGGGAGGCTGAAGCAGGAGGATCACTTGAGCTCAGGAGTTTGAG","GGCCTGGCATGGTGGCTCATGCCTGTAATCCAGCATTTTGGGAGGCTGAGGCAGGAAGATCACTTGAGCTCAGGATTT"
"GL873521","13102109","13102207","chr16","30194624","30194720","25","17092515","TGAGCCCAGGAGTTTGAGGTTGTTGTGAGCTGAGCAGACCACACAGCATTCTAGCTTGGGCAACAGAGTGACATTGTGCTTCAAAAAAAGAAAAAAAAA","TGAGCCCAGGAGTTTGAGACTACAGTGAGCTATGATTACACCACTCCTCTCCAGCATGGGCAACAGAGTGAGACACTATCTCAAAAAAAAAAAAAAA"
"GL873521","13102475","13102686","chr2B","236887995","236888203","46","223785520","GGCCAAGTGTGGTGGCTCATGCTTGTAATCCTAGCACTCTGGGTGGCTGAGGCAGGGGGATCACTTGAGCTCAGGAGTTCAAGACCAGCTTGAGCAAGAGTGAGAACCCATTTCTACTCAAAATAGAAAAAAATTAGACAGGCACTGTGGTGAGTGCCTGTAGTATGAGCTACTTTGGAGGCTGAGATAGGAAGATCACTTGAGCCCAGGAG","GGCTAGGCGCAGTGGCTGAAGCCTGTAATCCTAGCACTTTGGGAGGCCGAGGTGGGCGATCACTTTGGCTCAGGAGTTCGAGACCAGCCTGGGCAATATGGCAAAACCCCATCTCTACACAAAATACAAAAATTACTCAGATGTGGTGGTGAGTGCCTGTAGTCCCAGCTACTTTGGACGCTGAGGTGGGAAGATCACCTGAGCCCAGG"
"GL873521","13327200","13327291","chr3","43397692","43397785","20","30070492","CTATCACTTTAGGAGGTGAGGTGGGAGGATCACTTGAGGCAAGGAGTTCAAGAGCAACCTAGGCAACATAGGAACCCCTCTGTCTCTCCAAA","CCCAGCACTTTGGGAGGCTGAGGTGGGCAGATCTCTCGAGCCCAGGAGTTCAAGACCAGCCTGGGCAACATGGTGAAACCCCGTCTCTACCAAA"
"GL873521","13327700","13327732","chr1","70851001","70851033","8","57523301","GCTGGATATGGAGTCTCACACCTGTAATTCTAT","GCTGGGCATGGTGGCTCATCCCTGTAATTCCCT"
"GL873521","13722076","13722356","chr17","55905881","55906166","74","42183805","GTCTGGCGTGGTGGCTCAAGCCTATAATCCTAGTACTCTGGGAGTCCAAAGTGGGTGGATTGCTTGAGCTCAGTAGTCTGAGACCAGCCTGAGTAAGACCCAGACATCGTATCTACTAAAAATAGAATAAACTACCTGGGCATTGTAGCGGGTGCCTACAGTCCCAGCTACGTGGGAGGTTGAGGCAAGAGGATCACCTGAACCTAGAGAATGAGGTTGCTGTGAGCTATGATGAGGTCAAGGCACTCTACCCAGAGTAACAGAGTGAAATTCTATCTCAA","GGTCAGGCATGGTGGCTCAGGCCTGTAATCCCAGCACTTTGGGAGGCCAAGGTGGGCAGATTGCTTGAGCCCAGGAGTTTGAGATCAGCTTGGGCAACATAGTGAAAACTCATCTCTACAAAAAATTAAAAAAATTAGCTGGGCATTGTGGCACGTAACTGCAGTCCCAGCTACTTGAGAGGCTGAGGTGAGAGGATCACCTGAGGCCGGGAAGTCGAGGCTGCAGTGAGCTGTGATTGGGCCACTGCACTCCATCCTGGGCGACAGAATAAGACCCTGTCTCAAA"
"GL873521","13722635","13722652","chr6","90847853","90847870","1","77125218","AAAAAAAAAAAAAAAAAA","CAAAAAAAAAAAAAAAAA"
"GL873521","13789517","13789832","chr12","121838917","121839229","75","108049400","GCTGGGTGTGGTGGCTCATATCTGTAATGATAGCACTCTGGGAGGTCAAAGCAGGGAGATTACTTGAGCTCAGGAGTTAGAGAGCATCCTGAGAAAGAGTGAGATCCCTATCTATACTAAAAACAGAAAAACTAGCCAGTTGTAGTGGCAGGCACCTGTAGTCCCAGCTACTTTGGGAGTCTGAGACAAGAGGATCTCATAAGCCCAAGAGTTTGAGGTTGCTGTGAGCTGCGATGCCACAGCACTCTACCTGGGGTGACAGAATGAGACTTTGTCTCAAAAAAATAAAAAATAAAATAAAATAAAATTTAAAAAA","GGCTGGGTGTGGTGGCTCATGCCTGTAATCCCAGCACTTTGGGAGGCCAAGTCAGGAGGATTATTTGAGCCTGGGAGTTTGAGACCAGCCTGTGCAACATGGTGAGACCTCATCTCTACAAAACATAAAAAATTAGCCAGGCATGGTGGCATGTGCCTGTAGTCCCAGCTACTTGGGAGGCTGAGGCAGGAGGATCAGTCGAGCCCAGAAGATTGAGGCTACAGTGAACTGTGTTCATGCCACTGCACTCCAGCCTGGGTGACAGAGTGAGACCTTGTCTCCAAAAAAATCAAATAAATAAAAAAATAAAAAA"
"GL873521","13902129","13902272","chr17","73619699","73619842","30","59717570","GGCCAGGCATAGTGGCTCGCACCTATAATCCAGTACTATGGGAGACCAAGGCTGGAGGATCAATTGAAGCCAAGAGTTAAAGACCAACCTGGGCAACATAGAAACACTTCACCTATATAAAAAAAAAAAAAAAGAAAGAAAAAA","GGCCAGGTATGGTGGCTCACACCTGTAATTTCAGCACTTTAGGAGGCTGAGGCAGGAAGATCACTTGAGGCCAGGAGTTCAAGACCAGCCTGGGCAACATGGCAAGGCTTCATTTCCACAAAAAAAAAAAAAAAAAAAAAAAAA"
"GL873521","13902315","13902339","chr7","66627085","66627108","7","52724770","AAAAATTAACCCAGCATGGTGGCGC","AAAAAATTAGCCAGGCATGGTGAC"
"GL873521","13902374","13902499","chr7","68063538","68063660","30","54161164","AGTCCCAGCTACCATAGAGGTTGAGCCAGGAGGATCACTGAAGCCCAGAGCCCAGAAGTTTGAGGTTGCAGTAAGCTATGATCATGCCACTGTACTCTAGTCTAGGTGACAGAAGGAGACCCTGTC","GTAGTCCCAGCTACAAGGGAGGCTGAGGCAGGAGGATGGCTTGAGCCTGGGAAGTTGAGGCTGCAGTAAGCTATGATCATGCCACTGCACTCCAGCCTGGGTGACAGAGTGAGATTCTGCCTC"
"GL873521","14127800","14127881","chr3","123515043","123515137","26","109387243","GGCTAGATATGGTGGCTCATGCCTATCTGGAAAGCTGAGGCAGGAGGATTGCAAGAGGCCAGAAGTTTAATACCAGGCTAAG","GGCCAGGTATGGTGGCTCATGCCTATACTCCCAGCCTTTTGGGAGGCTGAGACAGGAGGACTGCTTGAGGCCAGGAGTTTAAGACCAGCCTGACT"
"GL873521","14128162","14128352","chr4","26023510","26023691","57","11895348","GGGCTGAGAATGAGATCCCATCTTTACAAAAAATTACCCAGGTATAGTGGCATCATCCTAGCTACTTGGGAGGCTGGGGCAGGAGGATTTCTTGGGCCCAGGAGTGTGAGGCTACGCTGAGCTATGATACCACTGCACTTTAGCCTGGATGATACAGCAAGATTTTACCTCAAAAAAAAAAAAAAAAAAAA","GGGTGGGAAAAAATTATCTGGAAATGGTGGCATATGCCAGTGGTCCTAGCTACTTGGGAGACTGAGGCTGGAGGATCACCTGAGCCCAGGAGTTAGAGGCTGCGGTGAATCGTGATCATGCCACTGCACTCTAGGCTGGGCAATAGAGCAAGACCCTATCTCGAAAAAAAAACAACAAAAAA"
"GL873521","14184019","14184216","chr17","61651681","61651883","50","47467662","GGCTGGGCATGGTGGCTCATGCCTGTAACCCTAGCACTCTGTGAGGCCAAGGCAAGTGGATCACCTGAGCTCAGGAGTTTGAGAACAGCCTGAGCAAGAGTGAGACTCCATCTCTAAAAATAGTTGGGCATTTGTGGTGAATGCCTATAGTCTCAGCTACTCAGCTACTTAGGAGGCTGAGGCAAGAGGATTGCTTGA","GGCTGGGTGCAGTGGCTCACGCCTGTAATCCTGGCACCTTGGGAGGCCAAGGTGGGAGGATCACTTGAGCCCAGGAGTTTGAGATCAGCCTGAACAACGTGGTGAAACTCCATCTCTACAAAAAATACAAAAATTAGCTGGGCTTAATGGCATATGCCTGTGGTCCCAGCTACTGAGGAGGCTGAGGTGGGAGGATTGATTGA"
"GL873521","14185943","14186062","chr8","25834967","25835086","23","11649024","GGCAGGGTGCAGTGGCTCACACCTATAATCCCAGCACTCTGGGAAGCTGAGGTGGGAGGATTGCTTTGAGATCAGGAGTTTGAAACTAGCTTGAGCAAAGCAAGACCCATCTCTACTAAA","GGCCAGGTGCAGTGGCTCATGTCTGTAATCCCAGCACTTTGGGAGGCTGAGGTGGGAGGTTTGCTTGAGCCCAGGAGTTTGAGACCAGCCTGGGCAACATAGCAAGACCCTGTCTCTATA"
"GL873521","14186086","14186221","chr14","74199793","74199926","31","60013707","AATTAGAGAGGTGTGATGCCACACACTGTAGTCTCATCTACTTTGGAGGCTGAGGCACAAGGATTACTTGAGCCCAGGAGCATGAGGTTGCTGTGAGCGAGGCTGAGGCCACAGCACTCTAGCCTGGGCAACAGAG","TTAGCCAGGTATGGTGGTGCACACCTGTAGTCCCAGCTACTTGGGAGACTGAGGCAGGAGGATTGCTTGATCCCAGGAGTTGAGGCTGCTAAGAGCTATGATCATGTCACTGCACTCCAGCCTGGGCAACAGAG"
"GL873521","14534133","14534413","chr5","43470606","43470891","71","28936473","GGTAGCTCATGTCTATAACCCTGACACTCTGGGAGGCTAAGGGAGAAACATCCCTTGAGCTCAGGAGTTCAAGACCAGTCTAAGCCAAAAGGGAGATCCATCTTTACCAAAACAGAAAAATTAGCTGGGCATGGTGATGTGTGCCTGTAGTACCAGCTGCTTGGGAGGCTAAGGAAGGAGGATTGTTTGAGCCTAGGAGTTTAAGGTTGCTAAGAGCTAGACTGAGGCCATGGCACAGTAGCCCAGGCAATAGAATGAAACTCTGTCTCAAAAAAAAAAAA","GTGGCTCTTGCCTATAATCCCAGCACTTTGGGAGGCTGAGGAGGGCAGATTGCTTGAGCCCAGGAGTTCAAGACCAGCCTGGGCAACATGGGAAAACCTCGTCTCTACAAAAAACACAAAAATTAGCTGGGCATGGTGGCATGTACCTGTAGTCCTAGCTACTTGGGAGGCTGAGGCAGGAGGACTGCTTGAGCCTCTGGAGGCGGAGGTTGCAGTGAGCTGAGACCGCGCCACTGCACTCCAGCCTGGGTGATAGAACAAGACCCTGTCTCAAAAAAAAAAAAAA"
"GL873521","14534507","14534523","chrX","153619065","153619080","3","139084558","CCCAAAATAAAATAAAA","ACATAATAAAATAAAA"
"GL873521","14646173","14646307","chr1","9156973","9157091","40","5489200","GGATGTAGTAGCTCACACCTGTAATCCCAGCATCATGGGAGGATCACTTGAGGCCAGGAGTTTGAGACTGGCTTGGGCAATATGGTGAGGCCCCATTCTTACAAAATAGGAAAAGAATTAATTGGATATGGTGGC","GGCTGGGTGAGGTGGCCTCACGCCTGTAATCCCAGCACTTTGGGAGGCCAAGGCAGGAGTTTGAGACCAGCCTGGGCAATACAGTGAGACCCCATCTCCAAAAAAAAAATTAGTGGGGC"
"GL873521","14703100","14703421","chr17","68155983","68156305","73","53452883","GGCTGGGCACAGTGGCTCATACCTGTAATCCTAGCACTTTGGGAGGCCAGGAAGGGAAGATAGCTTGAGGCCAGGAGTTTGAGACCAGGATGAGCGAGGTAGCGAGACCCCCCATCTCTATCAAAAATTAAAAAAAAAAAAAAATTAGCTGGGTATAGTGGTGAGGGCCTATCATCCTAGCTACTTAGGAGTAAGACAGGAGGATCACTTGAGCCTAGGAGGTAAGGTTGCAGTGAACTATGATGATGACCCTGCACTCTTGCCTTAGCAAGATGGTGAGACCCTGTCTCAAAACAAACAAACAAACAAACAAACATAAAAA","GGCTGGGCACCGTGGCTGACATCTGTAATCCCAGCACTTTGGGAGGCCAAGGCGGGTGGATCACTTGAGCCCAGGAGCTCGAGACCAGCCTGACCAACATGGCAAAACCCCATCTCTACCAAAAAAAAAAAAAAAATACAAAAAGTTAGCTGGGCATGGTGGAGAGGGCCTGTAGTCCCAACTACTCAGGAGGCTGAGGTGAGAGGATCACCTGAGCCACAGGAGGTCGAGGCTGCAGTGAGCCATGATCACACCATTGCACTCCAGCCTGAGAGAAAGTGAGACCCTGTCTCAAAAAAACAAACAAACAAAAACAGCAAAAA"
"GL873521","14778613","14778888","chr15","42746072","42746354","63","27967459","GGCCCAGCACAGTGGCTCACACCTATAATCCTCGCATTCTAGGAGACTGAGGTGGGAGGATCACTTGAGCTCAGGAATTTGAGATCAGCTTGAGCAATAAGGTGACCCCATCTCTACTAAAAATAGACTAATTAGCCAGGCATTGTGGTGGGCACCTGTGGTCCCAGCTAGTTGAGAGGCTCATGTTGGATTCCTTGAACCCAGGAATTTGAGGCTGCTGTGAGCTGGGCTGATGCCACAGTATTCTAGCCTGGGCAACAGAGTATGACTCTGTCT","GGCCAGGTACAGTGGCTCACACCTGTAATCCCAGCACTTTGGGAGGCCAAGGCAGGAGGATCACTTGAGCCTAGGAATTCAAGACCAGTCAGGGCAATATGGTGAAACTCCATCTCTACAAAAAATACAAAAATCAGCCAGGTGTGGTGGTGTGCGCCTGTGGTCCCAGCTACTTGGGAGGCTGAGATGGAAGGATCACTTGAGCCCAGGAAATGGAGGCTGCAGTGAGCTAAGGCTGTGCCACTGCACTCCAGCCTGGGCAACAGAGTGAGACCCTGTCTCA"
"GL873521","14884261","14884393","chr13","24405237","24405373","27","9520976","GGCTAGGTGTGGTGGCTCATGCCCATAATTCCAGCATTCTGGGAGGCCAATGTGGGAGGATCCCTGGAGGTCAGGAGTTTGAGACCACCCTGAGCAAAGCGAGACCCCATCTTCACTAAAAATAGAAAAATTA","GGCTGGGCATGGAGGCTCATGCCTATAATCCCAGCACTTTGGGAGGCTGAGGTGGGAGGATCGCTTGAGTTCATGAGTTCAAGACCAGCCTGAGCAACACAGTGAGACCTCATCTCTACTAAAAATCAAAAAAATTA"
"GL873521","14884660","14884815","chr1","141772547","141772702","39","126887887","TTAGTTGAATGTGGTGGTGTACACCTGTAGTCCCAGCTACTTGAAAGGCTGAAGAAAGAGGATTGCTTGAGCCCAAGTGCTTGAGGTTGTAGTGAGCTAGGCTGACGCTATGACACTCTGACCCAGGTGATAGAAGAAGACCCTGTCTCAAAAAAA","TTAGCTGGGCATGGTGGCGTGCACCTGTGGTCCCAGCTATTTGAAAGGCTGAGTTGGGAGGATCACTTGAGCCCAGATGGTTGAGGCTGCAGTGAGCCATGATGGCACCACTGCACTTTAGCCTTGGTGACAGAGCAAGGCCCTGTCTGAAAAAAA"
"GL873521","15677856","15678124","chr7","99887814","99888086","73","84209958","TGGCTCATGCCTGTCAACAAAGTACTTTGGTAGATTGAGAAAGGAGGATCTCGTGGACTCAGGAGTTTGAGACCAGCCTGGACGACATGGTAAAAAAACATCTTTAAAAAATTAGCCTAGCATAGTGGTGCACATTGATAATTTCAGCTATTTCGCAGGCTGAAGTGGGAGAACCACTTGTGTTTGGAAGCTCGAGGCTGCAGTGAGCTATGATCTCACACTACACTCCAGCCTGGGTAATATGGTGAGGTCCTGCCTCAAAAACAAAA","GGCTTACACCTGTAATCCCAGTGCTTTGGGAGGCTGAGGCAGGCAGATCACTTGAGCCCTGGAGTTCAAGACCAGCCTGGGCAACATGGTGAAACCCCATCTCTACAAAAAATTAGCCAGGCATGGTGGCTTGCACCTGTAGTCCCAGCTACTCAGGAGGCTGAGGTAGGAGGATTTCATGAGCCTGGAAGGTTGAGGCTGCAGTGAGCTATGATCACACCACTGCACTCCAGTCTGGGTGATAAAGTGAGACCCTGTCTCAAAAAAAAAAAA"
"GL873521","15875728","15875811","chr8","5975319","5975398","26","9900409","CAGTGAGCCGTGGTCTCCCTGTGCATTCCAATGTGAGTGACAGAGAGACCTCCCTCACACTCCCAAAAAAGAAAAAACAAGAAA","GCAGTGAGCCTTGATCGTGCTATTGCACTCTAGCCTTGGTGACAGAGAGAGACCCTATCTCAAAAAAAAAAAAAAAAAAA"
"GL873521","16170363","16170540","chr3","50079465","50079644","47","33909102","AAAAAAAAAAAAAATTACCCAGGTAAGGTGGTAAGGACCTGCAGTCCTAGCTATCTGGGATACGAGGTAGGAGGAGCACTTTGGCCCAGGAATTCCAGGCTATGGTGAACTATGATTACAACTGCACTCTAGCCTGGGCAAAAGAGTAAGAGACTGTCACAAAACACAACAAAACAAA","ACAAAAAGAAAAAACAATTAGCAAGGCCTGGTGGTACACACTTGTAGTCCCAGCTATTTGGGAGGCTGAGGTGGGAGGATCACTTGAGCCCAGGAGTTCAAGGTTACAGTGAGCTATGATCATGCCACTGCACACTAGCCTGGGCATCAGAGAGAGTTCCTGTCTCTAAGAAAAAAAAAA"
"GL873521","16172240","16172374","chr1","29329421","29329551","29","13157181","GGCTGCATGCAGTGCCTCATGTTTGTAATCCCAGCACTTTGGGAGCCAGTGGAGGAGAGGATCACTTGAAGCCAGGAATTTAAGACGGACCTAGCCAACATAATGAGAACTCCTCTATACAAAAAATAATAAAAT","GGCTGGATGCACTGGCTCCTGTCTGTAATCCCAGCACTTTGGGAGGCTGAAACAGGAGGATCCCTTGAAGCCAGGAGTTTAAGATCAGCCTGAGCAACAGAGTGAAACCCTGTCTCTACAAAAAAAAAAAA"
"GL873521","16260421","16260667","chr2A","25887935","25888182","71","9627514","GGATACAGTGGCTCACACCTGTAATCTTAGCAAACACCCTGGGGTGCTAAGGCAGGAGGATCACTTGAGCTCAGGAGATCAAGACCAGCCTGAGGAAGAGTGAAACCCCATTTCTACCACACATAGAAAAATTAGCCAGGTGTCTCTCTCTAGTCCCAGCTACTTGGGAGGCTGAGACAGGAGAATTGCTTAAGCCAGGGAGTTTCAGGTTGCTGTGGCTCAGACCATGGCACTCTAGACTGAGCAA","GGCTGGGCACAGTGGCTCACACCTGTAATCCCAGCACTTTGGGAGGGTGAGGCAGGAGGATCACTTGAGCTCAGGAGTTCGCAACCAGCCTGGGCAATATGGTGAAACCGCATCTCTACAAAAAATACAAAAATTAACCGGGTGTGGTTGTGCATGCCTGTAGTCCCAGCTACTTGGCAGGCTGAGGTGGGAGGATTGCTTGAGCTCAGGAGGTCAAGGCTGCAGTGAGCCATGATTACTCCACTGCA"
"GL873521","16747501","16747629","chr7","102198592","102198722","33","85451091","GCCGGGTATGGTGGCTCACACCTGTAATCCCACCACGTGGGAGGCCAAGGCAAGCAGATTGCCTGAGCTCACAGGTTCAAGACCAGCCTGAGCCAGAGTGAGACTTTGTCTTGGAAAATACCCGGGTGT","GGCTGGGTGTGGTGGCTCACACCTGTAATCCCACCACTGTGGGAGGCTAAGGCAGGCAAATCGCTTGAGCCCAGGAGTTCGAGACCAGCCTAGGCAACGTGGTGAAACTGTCTTTAGAAAATATTAGCCAA"
"GL873521","16747905","16748071","chr1","26355033","26355200","42","9607128","AACTAGGTAGGTGTTGCAGCAGGCGCCTGTAAATCCCAGCTACTTGGGCCAAGGCAAGAGAATCAATCACTTATGCCCAGGAGTTTGAGGTTGCTGTAAGCTATGACGCCCTGGCACTCTACCAAGGGTAACAAAGTCAGATCCTGCCTCAAAAAAAAAAAAAAAAA","AACTAGCTGGGTGTGGCGGCGTGTGCCTGTAGTCCCAGCTACTTGGGAGGCTGAGGCAGGAGGATCACTTGAGCCCAGGAGTTCAAGGCTGCAGTGAGCTAAGATCATACCACTGCACTCCAGCCTGGGTAATAGAGTGAGATCCTGTCTCAAAAAAAAAAAAAAAAA"
"GL873521","16826358","16826516","chrX","96886204","96886345","57","80059846","GGCGCCCTGCCACAAGCTGTAGTCTCCCCTATTTGGGAGGGTGAGGTCGGAGGATCATGTGAGCTCGGCAGTTCAAAGTCACCGGGCACTACAACCTCACCTGGACCAGTCAGGACTGCACGCCAGCCTCCCCAGCGCAGTGAGACTCTGTTTCTAAAA","GGTGCACATCTGTAGTCTCAGTTATTTGGGAAGCTGAGGAGGGAGGATCACTTGAGCCTGGGAGGTCAAGGCGCCAGTGAGCTGTGATTGCACCACTGCACTCCAGCCTGTGCTACAGAGTGAGACTCTGTCTCAAAAAAAA"
"GL873521","16850386","16850705","chr1","224543342","224543654","83","207692956","GCCAGCTGTGGTGGCTCACACCTATAGTCCTCACACTCTGGGAGGCTGAGGAAGGCAGATTCCCTGGAGCTCAGGAGATTGAGACCAGGCTGAGCAAGAACTGAGACTCTGTCTCTACCCCAAACAGAAAAACTTCACTAGGTGTTGCGGTGGGCACCTATAGCCTGAGCTACTTGAGAGGCAGAGGCAGGATGATCACTTGAACTCAGGAGTTTGAGGTTGCTATAGCTGTGCTGATGCCATAGTACTTTAGCCTGGGCAACAGAATGAGACTCTGTCTCAAAATAAATAAATAAATTAATAAATAAAAGAGAAAGAAA","GCCAGGCAGGGTGGCTCACGCCTGTAATCCCAACACTTTGGGAGGCTGAGGCAGGCAGCTTGCTTGAACTCAGGAGTTTGAGACCAGTCTAGGCAACATGGTGAAACCCCATCTCTACAAAAAATACAAAAATTAGCCAGGCGAAGTGGCGTGCCTATAGTCTTAGCTACTTGGGAGGCTGAGGCAGGAGAACTGCTTGAACTGGGGAGGTCGAGGCTGCATGAGCCGAGATCGTGCCACTGCACTCCAGCCTGGATGACAGAGCGAGACCCTGTCTCAAAATAAATAAATGAATAAATAATAAAATAAATAA"
"GL873521","16987716","16987746","chr4","157175852","157175881","5","140188136","GAAGAAAGAAGAAAGAAGAAAGAAGAAAGAA","GAAGAAGAAGAAGAAGAAGAAGAAGAAGAA"
"GL873521","16988099","16988370","chr11","32048157","32048430","73","15060058","GGCCCAGTTCAGTGTCTCACACCTGTAATCCTAGAACTCTGGGAGGTCAAGGAAGGTGGAGTCCTTGAGCTCAGGATTTTCAGATAAGCCTGAGCAAGAGACAGATCCATATCTACTAAACATAGAAAAACTAGCCTGGCATCAGTGTAGTCCCAGCTACTCAGAAGGCTGAGGCAGGAGGATCATTTGAGCCCAAATGTTTGAGTTTGCTGTGAGCTATGATGAATGACACCAGGGCACTCTACCCAGGGCAACAGAGTGAGACTATTTCT","GGCCCACCACAGTGATTCACATCTATAATCCCAGCACTTTGGGAGGCCGAGGTGGGAGAGTAGCTTGAGCCCAGGAGTTTGAGACCAGCCTGAGCAACAGGGCGAGACCCCATCTCTACAAAAAAAATTTAAAAATTAGCCTAGCATGTGCCTGTAGTCCCAGCTACTCAGGAGGCTGAAGCAGGAGGATCACTTGAGCCCAGGAGTTGAAGGCTGCAGTAAGCTATGATCACCCCACTGAGCTCTAGCCAGGGTGACTGAGCAAGACTCTATT"
"GL873521","17153915","17154039","chr7","102370770","102370890","26","85216855","GGCTAGGCACGGTGGTGACTCCTGCTTGTAATCCCAGCACTCTGGGAGGCCTGTGGCAGGTGAATTCCTTGCGCTCAGGAGTTCAAGACTAGCCTGAGTAATAGTGAAACCTCTGTCTCTACTAA","GGCTAGGCACGGTGGCTCATGCCTGTAATCCCAGCACTTTGGGAGACTGAGGTGGGAGAATTGCTTGAAGCTGGGAGTTCAAGACCAGCCTAGGGAACATAGTGAGACCCTGTCTCTTCAA"
"GL873521","17154076","17154241","chr16","21596696","21596868","46","4442620","CTAACCAGACCTGACAGGTGGCTATACTCTCGGCTACTTGGGAGGCTGAGGCAAGAGGATCACTTGATCTCAAGAGTTTGAGGTTGCTATAAGCTATGAGGCCATGACACTCTACCGAGGGCAACAAAGTAAGAGTTTTTCTCAAAAAAAAAACCCAAAACAAAAA","ATTAGTCAGACATGGTGGCATGTGCCTATAGTCCCAGCTACTTGGGAGGCTGAGGCAAGAGAATCATTTGAGCCCAGGAGGTTGAGGCTGCAGTAAGCAGTGATCATGTCACTGCACTCCAGCCTGGGCAACAGAGCAAGACCCTGTCTCAAAAAAAAAAAAAAAAGAAAAAA"
"GL873521","18186068","18186211","chr11","18518855","18518988","40","332787","TAGTCAGGTGCAGTGGTGCATGCCTGCAGTCACAGCTACTCTACTCAGGAGGATGAAGCAGGAGGACCACTGGAGACCAGGAGTTTGAGAATGCTGTAAAATACCATTGAGTCACTGCCTGCCAGCTTCAGTAACAGAATAAGA","TTAGCCAGGTGCAGTGGCGCATGGCTGTAGTCCTGCTTACTCAGGAGGTTGAAGCAGGAGGATCACTTGGGCCCAGGAGTTTGAGGCGGCAGCGAGCCATAATCGTGCCACTGCACTCCAGCTGAGTGACAGAG"
"GL873521","18186242","18186351","chr4","101432127","101432236","31","83245885","CTTGTAATTTCAGCACTTTTGGAAACTGTAGAAGGAAGATTGTTTAAGACCAGGAGTTCCAGAACAATCTGGGCAACACATGTTGACCTTGTACCTACATGAAAAAAAAA","CCTGTAATCCCAGCACTTTGGGAGGCTGAGGCAGGAAGACAGCTTGAGGCCAGGAGTTCCAGACCAGTCTGGGCAATATAGCAAGACCCTCATCTCTTTAAAAAATAAAA"
"GL873521","18231783","18232086","chr11","120552808","120553110","90","102321025","GGCATGGTGGCTCACACCAGCAATCCCAGCGTTTTGGGAAGCCCAAGGAAGAGAATCACTTGAGACCAGCCAGAGGTACATAGACACGTGGTCTACAAGAAATGACAATTAAAACAAATTGCTGGGCATGGTAGCCTGTGACTATAGTCCTGGCAACTCAAGAGGCTGAGTCAGGGGGTTTTTTGAGCCTATGAAGTCTAAGTTGCAGTAAGCTGTGATCATGCCACTATACCCTAGCCTGGGTGACAGAACAAGATTCTGTCTCTAAAAATAAAATAAAATAAAATAATAAAATGAAATAAAA","GCCAAGCATGGTGGTTCATACCTATAATCCCAGAACTTTGAAAGGCCAAGGCGAGAGGAGTTTGAGACCAGCCTGGGCAACATGATGACATGCCGTCTCTACAAAAAAATAAAATAAACAAAAACTAGCTGGGCCTAGTGGCATGTGTCTGTAGTCCTAGCTACTCAGGAGACTGAGGCAGGAGGATCACTTGAGCCTGGGAGGTCAAGGTTGCAGTGAGCTATGATTGTGTCACTGTACTCCAGCCTGGGTGACATAGCAAGAACTGGTCTCAAAAAAAAAAGAAAGAGAGAAAAAAGAAAA"
"GL873521","18672921","18673268","chr5","164510023","164510360","89","145837102","GGCTGGCCATGGTGGCTGAGGCCTGTCATCCTACCACTCTGAGAGGATGAGGAAGGAGGATTGGATTGCTTCAGCTCAGGAGTTCAAGACCAGCCTGAGCAAGAGCAAGACTCAGTCTCTACCAAAAATAGAAAAATTAGACTAGCCAGATGTAATGGCAGATGCCTCTAGTCCCAGCTAGTGGGGAGGCTAAGGCAGGAGGATCACTGAAACCCAGGAGTTTGAGGTGCCTGTGAGTTAGTTTAATACCATGGCAGTCTAGCTTGGGCAACAAAGTGAGACTCTGTCTCAAAACAAACAAAGAAACAAAGAAACAAACAAACAAAAACCCCAAAAATAAAAAAAAAA","GGCTGGGCACAGTGGCTCATGCCTGTAATCCTAGCACTTTGGGAGGCTGAGGCAGGTGGATCGCTTGAGACTGGGAGTTCAAGACCAGCCTGGGCAATATGGCAAAACCCCGTCCCTACAAAAAATACAAACATTAGCCAAGCATGGTGGCACATGCCTGTAGTCCCAGCTACTTGGGAGGCTGAGGCAGGAGGATCATTTGAGCCCGGGATGTGGAGGTTGCAGTAAGCTGAGATTGCATCATTGCACTCCAGCCTGGGCAACAGAGGGAGACCCTGTATCAAATAAATAAATAAATAAATAAATAAATAAATAAATAAAAGAAATAAAAGTAAAAA"
"GL873521","19315680","19315722","chr1","205503465","205503511","11","186187785","CAGTTACTTGGAAGACTGAGGCAAGAGGATCCCTTGAGCTAGG","CCAGCACTTTGGGAGACTGAGGCAGAAGGATCCCTTGAGGCCAGCGG"
"GL873521","19598410","19598508","chr1","6398492","6398584","25","13199918","TATCACTACACCACTATACTCTAGCCTGGGCAACAGATTGAGAACCTGTATCAAAAACAAACAAACAAACAAACAAAACACAATAAAAAATAAATAAAA","GTGATTGCACCAATGCACTCCAGCCTGGGTGACAGAGCGAGACTGTCTCAAAACAAACAAACAAACAAATAAAACAAAAGAAAAGAAAAGCAA"
"GL873521","19777152","19777359","chr4","72787006","72787205","63","53009854","CCTGAGCAACATAGAGAGATCCCATCTCGACAAAAATATTGAAAAAAAAATAGATAAACTTATCAGCTGGGTTTGGTAGCACACAACTGTATCCCCAGCTACCGGGAAGGCTGAAGCAGGAGGAGCCTGACAGATCAAGGCTGCAGTGAGCAGTGATCACATCACTACACTCCAGCCCAGGTGACAAAGCACAATCCTGTCTCAAAAA","CTAGGCAACATGGAAGAACCCCATCTCTACAAAAATTACAAAAACTAGCTGGGCATGGTGGTGTGCGCCTGTATTCCCAGCCACTGGGGAGGCTGAGGTGGGAGGATTGCTTGAGCCTGGAAGATTAAGGCTGAAGTGAGCAGAGATCACACCGCTGCACTCCAGTCTGGGTGACAGAGCAAAACCCTGTCTCAAAAAAA"
"GL873521","19907026","19907166","chr6","12022857","12022993","42","7884169","AGGAAAAATTACCAGGGCATGGTGATGTGCACTTATAGTCCCAGCTCCTGGGAAGGCTGAGTCAGGAGGCCAGGAGTTTGAGGTTATAGTGAGCTATGATGCCACTGCACTCTCTCTGGGTGACATAGTGACATTCTGCCT","TTAAAATTAGCCAGGCATGGTAGCAGGCACCTGTACTCCCAGCTACGGGAGGGTCGCTTGAGCCCAGGAGATCAGGGCTGCAGTGAGCTATGATTGTACCACTGCACTCCAAACTGGGTGACAGAGTGAGACTCTGT"
"GL873521","19907190","19907299","chr3","21509747","21509855","27","1602557","GTGGTGGCTCAGCCTATAATCCTAGCCTTCTGGAGGCCCAGGCGGGAGGATTGCTTAAGGTCAGGATGTTGAGACGAACCTGAGCATGAGTGAGACCCCATCTCTACAAA","GGTGGCTCATGCCTATAATTCTAGCGCTTTTGGAGGCCAAGGGGGGAGGATTACTTGAGCTCAGGAGTTCCAGATCAGCCTGGACAATTTAGTGAGACCTCATCTATAC"
"GL873521","20453341","20453513","chr19","53340691","53340862","44","32887350","AGACAACTAGCCAGGCATTGTGGTGGGCATCTATAGTCCCAGCTACTTGGGAGGCTGAGGCAAGAGGATCACTTGAACCCAATAGTTTGAGGTTGTCATGAGCTATGATGATGTGGCATTCTACTCAGGGTGACAGCGTGAGAGACTCTGTCTCAAACAAATGAACAAAAAAA","ACAAAAATAGCTGGGTGTGGTGGTGCATACTTGTAGTCCCAGCTACTTGGGAGGCTGAGGCAGGAGGATCACTTCAGCCCAGGAGGTTGAGGCTGCAGTGAGCCATGATCATGCCACTGCACTCCAGCCGAGGGGAGAGAGCAAGACTCTGTCTCAAAACAAACAAACAAAA"
"GL873521","20453540","20453662","chr4","5943586","5943706","26","14509954","CAGGCGTGGTTGCTCATGCCTGTAGTCCTAGCACTTCAGGAGGCTGAGGAGGGTAGATTGCTTGAGGTCAGGAGCTGGAGACCAGCCTGAGCAAGAGCGAGACCTTGTCTCTACTAAAAATAG","GGCCATGGTGGCTCATGCCTGTAATCCTAGCACTTCGGGAGGCTGAGGAGGGAGGATTGCTTGAGGCCTGGAGTTTGAGACCAGCCTGGGCAACATAGTGAGACCACGACTCTATTTAAAA"
"GL873521","20821454","20821743","chr8","121327775","121328067","74","100506321","GCCGGGCCCAGATGGCTCAAGCCTGTAATCCTTGCACTTTGGGAGGCCAATGTAGGAGGATCACTTGCGCCTAGGAGTTCCAGGCCAAGCTGTGCAAGGTGAAACACTGTTCCAAAAAATATATATATATGAAAATTAGCCAGTCCTGTTGGTACACATCTGTCGTTCCAACTACTTGGGGGACTGAAGCAGGAGGATCCATGAGTCCAAGATTTGAGGTTGCAATGAGCTGTATTGGAGCTACTACACTGTAGCCAGGGCGACAGGAGGAAAAACTTGTTTTAAAAAAA","GGCTGGGTGCAGTGGCTCATGCCTGTAATCTTAGCACTTTGGGAGGCCAAGGCAGGTGGATCACTTGAGCTTAGGAGTTCAAGACCAGCCTGGGCAACATGGTGAAACCCTGTCTCTACAAAAAATAAAAAAAAATTAGCCAGGCATGGTGGCATACACCTGTAGTCCCAGCTACTTGTGGGGCTGAGGCAGGAGCATCACTTGAACCCAGGAGCTCAAGGCTGCAGTGAGCTGTGATCTTACCACTGCACTCCAGCCTGGGTGACAGAGTAAGACCTTGTCTCAATAAAAAA"
"GL873521","20825224","20825315","chr22","42881883","42881978","27","22056659","AGAGGATCTCTTGAGCCTAAGAGTTTGAGGTTGCTGTGAGTTCTGATACCACAGCGCTCTACACAGGGCGACAGAGTAAGACCCTTTCTTAA","GGCAGGAGGATCGCTTGAGCCTGGGAGGTCAAGGATGCAGTGAGCTGTGATTGCACCACTGCACTCCACCCTGGGCGACAGAGTGAGACCCTGTTT"
"GL873521","20825595","20825767","chr4","156475909","156476099","57","135650314","GCGGTGGCTCACACCTGTAATCCTAACACTCAGGATCGCCTAAGCTCAGGAGGTGGAGACCAGCCTGAGCAAGAGAAACACCTCAACTCTACCAAAAACAGAAAAAGTAGCCTGGGTGGTGGTAGGCATGTGTAGTCCCAGCTACTCGGGAAGCTGAGGCAAGAGGATCTCTT","GGCCAGGCACAGTGGCTCACACCTATAATCCCAGCACTCTGGGAGACTGAGGCAGGAGGAGCCCAGGAATGTGAGACCAGCCTGGCCAACATGGTGAAACCCAGTCTCTACTAAAAATATAAAAATTAGCCTGGTGTGGTGGTGTGCGCCTGTAGTCCCAGCTACTTGGGAGGCTGAGGTGGGAGGATCAC"
"GL873521","21355913","21356066","chr4","158479533","158479684","48","137123620","ATAAAAATTAACTAGCTATGGTGGCATACACTCTTGTCCTAGCTACTTAGGAGGCTGAGGATCATTTGAGGCCAGGAGTTTAAAGCTATAGTGTACTGTGATGATTACGCCTGTGAATAGCCACTGTACTCCAGCCTGGGCAACATAGCAAGAC","AATTAGCTGGGCATGGTGGTGCATACCTGTAGTCCTAGCTACTCAGGAAGCTGAGGCAGGAGGACAGCTTGAGGCCAGGAGGTCAAGGCTGCAATGAACCATGATTGATTACACCTGTAAATAGTCACTGCATTTCAGCCTGGGCAGCATAG"
"GL873521","21623697","21623773","chrX","53329871","53329945","26","31706174","AAATTTAGGCAGGCAAGTTGGCACATGTTTGTAGTCCAAGTTATGTGAGAGGATTCTTTGAGTCCAGAAGTTAAGGC","AATAGCTTGGGCAGGGTGGTGCATGGCTGTAGTCCTGAGATGGGAGGATCCCTTGAGTCCAGGAGCTTGATGCCG"
"GL873521","21623801","21623894","chr3","42032495","42032583","27","20408694","GTAATCTTAGTACTTTGGGAGGCCAGACAGGAGATTCATTTGAGACTGAGTTTAAGATCAGCCTGGACAACATGGCAATATCCCATGTCAACCA","TAATACCAGTATTTTGGGAGGCTGAGGCAGGCGATCACTTGAGCCCAGTTCAAGACCAGCCTGGGCAATATAGCGAAATCCTGTTTCTA"
"GL873521","21714176","21714337","chr12","96671998","96672172","41","74957822","ACTAGGGGGCATTGTGGCAACTGTCATCCTAGCTGCTCAAGAGGCTGAGGCAAGAGGATCACTTCAGCCCATGAGTTTATGGTTGCTGTGAGCTATGACTCCATGGCACTCTAGCCTGGGCAATAGAATGAGACTCTGTCGCAAAAAAAAAGAAAGAAAGAA","AATTAGCTGAGCATGGTGGCAGGCACCTGTAGTCCCAGCTACTTGGGAGGCTGAGGGAGGAGGGTCACTTGAACCCAGGAGTTTGAGGCTGCAATGAGCTATGACTGCATCAGTGCACTCTAGCCTGGGCAGTAGAGTGAGACCCTGTCTCACAAAAAAAAGAAGGAAAGAGAAA"
"GL873521","21714364","21714489","chr15","78802491","78802611","29","57088127","GGCTGGGTACCCTGGCTAGACACCTGTAATTCTAGCACTCCAGGAGGCTGAAACAGGTGGATTTCTTGAGCTCAGGAGTTCAAGACCAGCCTGTCCAAGACCAAGACCACAATTCTGTCTCTACTT","GGCTGGGTACAGTGGCTCACACCTGTAATCCCAGCACTTTGGGAGGTGGAGGCAGGAGGATCACTTGAACTCAGGAGTTCAAGACCAGCCTGGCCAACATGGCGAAACTCCGTCTCTACAA"
"GL873521","21743555","21743631","chr10","20213332","20213405","25","1530223","TATAGGGTGTGGCGGCAAGTGTGTATAGTACTAGCTACTTAAAGAGGTTGAGATGGGAGGATTGCTTGAGCTAAGGA","CCAGGTGTGATGGTGCATGCCTGTGGTCTCAGCTACTTTGGAGGCTGAGGTGGGAGGATTGTTTGAGTGGAGGT"
"GL873521","21743658","21743767","chr10","43292583","43292692","28","21548925","CAATGGTTTGTGCTTGTAATCCAGCACTTTGGGAAACAAAGGAGAAAGGATTAATTGAGACCAGGAGTTCAAAATCAGCCTGGGCAACATAAAGAGACCCTGTCTCTATG","GCGGTGGTTCAGCCTGTAATCCCCGCACTTTGGGAAGCTAAAGCAGGAAAATCACTTGAGCCCAGGAGTTCAAGACCAGCCTGAGCAACATAGTGATACCCCTGTTTCTA"
"GL873521","21994326","21994402","chr3","183523015","183523100","19","161528689","GGCATTGTGACTCACACCTATAATTCTAGCACTTTGGGAGGCTGAGGTGGGAAGACCACGAGCACAGGTTCAAGACC","GACTGGGGGCAGTGGCTCAAACCTGTAATCCTAGCACTTTGGGAGGCTGAGGTGGGAGGACCACCTGAGCTCAGGAGTTCAAGACC"
"GL873521","22568894","22569013","chr7","21219168","21219276","37","1349726","TACGTTGTGGTGGCTAGTCCCAAACTACTCAGCTACTCAGGAGTTTGAGGTTGCAGTAAGCTGTGAGGTTGCATTGCACGACAGATTGTGCAACAGAGCGAGACCCTATCTCGAAAAAAA","GGCTGAGGTGGGATAATCACTTGAGCCCGGAAAGTTGAGGTTGCAGTGAGCCATGACTCGGCACTGCACTCCAGCCTGGGCAACAGAGCCAGACCCTATCTCAAAAAAA"
"GL873521","22569034","22569129","chr15","57106062","57106161","19","34537028","CAGGCATGGTGGCTCACACCTGTAATCATAGCACTTTGGGAGACCAGGAGTTCAAGACCATGCTGGGCAACATGGCGAGACCTTGTCTCTACCAAA","GGCCAGGCATGGTGGCTCACTCCTATAATCACAGCACTTTGGTAGGCCATGAATTCAAGACCAGCCTGGGCAACATAGTGTAACCCTGTCTCTACGAAAA"
"GL873521","23082461","23082581","chr19","17007875","17007987","43","6074586","AAAATACACAGAGTACCCAGGCATGGTGGTGCATGCCTCCAGTCCCAGCTACAGGTGAGACTAAGACTAAAGGATGCCTTCAGCTCAAGACTTTGAAGCTGGCCTAGGCAACAACAAGACC","ACAATGTAGCTATGGCATGGTGGTGCCTGCCTGTTGTCCCAGCTACTTGGGAGGCTGAGATGGGAGGATTGCATGAGCCCAAGAGTTCAAGGCTGCTGTGAGCTACAATCACG"
"GL873521","23326932","23327034","chr1","153330637","153330743","26","130003705","GACTGGGTATGGTGGCATATGCCTGTAAACCCAGCACTCTGGGAGGCTGTGGCGGGTGGACCAGCCTGAGACCAGCTTGAGAAAGAATAAGACTCTGTCTCTA","GGCTGGGTGTGATGGCTCATGCCTGTAATCCTAGCACTTTGGGAGGCTGAGGCAGGTGGATCACTTGAGCCCAGGAGTTTGGGCAACATGACAGAACCCTGTCTCTA"
"GL873521","23327057","23327213","chr6","85247800","85247964","38","61920743","CCAGACATTGTGACACATGCCTATAGTCCTACTTGGGAGGCTGAGGCAAGAGGATGTCTTGTGCCCAAGAGTTTGAGGTTGCTGTGAGCTATGATACCATAGCACTCTAGTGGGGGGCAAGAAAGTGAGACACTGTCTCAAAAAAAAAAAAAAAAAA","CCAGGCATTGTGGCACATGTGTGTAGTCCCAGCTATTTGGGAGGCTGAGGCAGGAGGATCCTTTGAGCCCAGGAGTTTGAGGCTTCAGTGAGCTGTGATTGGACCACTACACTCTGGCCTGGGCAACAGAGAAAGACCCTGTCTCAAAAAGAAAAAGAAAAAGAA"
"GL873521","23553294","23553452","chr8","101101478","101101641","53","77548184","AAAATAAAGTTAGCTAGACACAGCTTTGGGCACCTGCAGTCCCAGTTACTTGGAGGTTGAGGCAAGAGGATTGTTTGAGCCTAGAGGTTTGAGGATATGGTTTGCTGTAGTTCTACCTGTGAGTAGCCACTGTTCTCCAGCCAGGACACCAGCGCAAGA","AAAAAGACACCAAGTAGCCAGGTGTGGTGCTGCAGGCCTGCAGTCCCAGCTACTTGGGAGGCTGAGGCAGGAGGATTGCTTGAACCCAGGAGTTCAAGACTTCAGTATGCCATAATCGCACCTATGAATAGTCACTGCACTCCAGCCTGGGCGACATAACAAAA"
"GL873521","24165831","24166009","chrX","9218405","9218573","51","14947426","GGCCAGGCACAGCAGCTCACACCCATAATCCTAACACTCTGAGAGACCAAGGTGTATAGATTACCTGAGCTCAGGAGTTGGAGACCACCCTGAGCAAGAGTAAGACCCCCATCTCTACAAAAAAAAAAAAAAAATAGAAAAACTAGCCAGGTGTTGTGGTGGGTACTTACAGTGCCAAC","GGCCAGGCGCAGTGCCTCACACCTGTAATCCCAGCACTTTGGGAGGCCGAGGCGGGTGGATCACTTGAGCTCAGGAGTTTGAGACCAGCCTGAGCAACATGGCAAAACCTCACCTCTACAAAAAAAATACAAAAATTAACCAGGCATGGTGGCAGGCACCTGTAGTCTC"
"GL873521","24270646","24270916","chr8","27224878","27225151","68","2954232","GGCCAGGCACGGTGGCTCACACCTGAATCCTAGCTGGCATTCTGGAAGGCCGAGGTGGGTGGATCACCTGACCTCAGGAGTTCAAGACCATCCTGAGCAAGAGTGAGATGAAACCTCATCTCTAAAAATAGCTAGGCATTGTGGTGGGCACCAGTAGTCCCAGCTACTAGGGAGGCTGAAGCAAGAGGATCACTTGAGTCTAAGAGTTAGACGTTGCTGTGAGCAGTGACGCCACAGCACTCTACCCAGGGCAACAAAGTGAGACTGTCTC","GGCCAGGTGCAGTGGCTCACACCTGTAATCCTAGCCCTTAGGAGGCTGAGGTGGGAGGATCACTTGAGCTCAGGAGTTCAAGACCAGCCTGGGCAATATGGTGAAACCCTGTCTCTACGAAAAATTAGCCGGGCATGGTGGCGCATGCCTGTAGTCCCAGCTACTCAGGAGGCTGAGGTGGGAGGATCATTTGAGCCCAGGAGGCGGAAGTTGCAGTGAGCCAAGATTGCACCACCGTACTCCAGCCTGGGCAACAAGTGAGATCCTGTCTCAA"
"GL873521","24618820","24618994","chr8","68458893","68459071","47","43840073","TCCTAGCACTCTGGGGGGCCGAGGTGGTAGGATCACTTGAACTAGAGTTCAAGACCACCCTGAACAAAAATCACACCCTGTCTGTACTAAAAATAGAAAAATTAGCCAGGCATTATAGTGCATGCCTGTAGTCCCAGCTACCTGGTAGGCTGAGGCAGATCCTCTAGCCCAGGGG","CCCAGCACTTTGGGAGGCTGAGATGGGTGGATCACTTGAGCCCAGGAGTTCAAGACCAGCCTGGGCAACATGACGAAACTCTGTCTTTACAAAAAATACAAAAATGAACCAGGCATGGTGGTGCATGCCTGTAGACCCAGTACTTGGGAGGCTGAGGTGGGAGGATCCCTTGATCCTGA"
"GL873521","24626746","24626855","chr1","205148842","205148953","29","180522096","AAAGAATGACAAAAATTCAGATATGGTGGTATGCACCTATAGTCAGTCACAGCTACTGGGGAGGCTGAGGTGGGAGGCTTTCTTGAGCCCAGGAGGTTGAGTCTAGCAAT","AAAAAGTACAAAGAATTAGCCAGGTGTGGTGGTGCGTGCCTATAGTTCCAGCTACTTGGGAGGCTGAGGTGGGAGGATTGCTTGAGTCCAGGAGTTGGAGGCTGCAGTGAAA"
"GL873521","24781755","24782037","chr5","139301937","139302217","85","114520182","GACCAGGTGTGGTGGCTCACACCTATTAGCCTAGCACTCTTGGCAGCTGAGGCAGGAGGATTCACTCAGAACTTCAAGAGTTAAACCCATGCCTCTACTAAAAATAAGAAAAAAATCAGTCCAGAGTATCATGGTGGGCACTTGCAGTCCCAGCTACTCGCAATGCTGAGGAAGAAGGATAGCTTGAGCCTAGGAGTTTGAGGTTGCTGTAGGCTGGATTTTTGTCATGGCATGCTAGTCTTGGCAACAGAGTGAGACTCTGGGGGAAAAAAAAAAGGAAAAA","GGCTGGGTGCGGTGGCTCACACCTGTAATCCCAGCACTTTGGGAAGCTGAGGCCAGAGGATGGCTTGAGCTCAGGAGTTTGAGTTGAAACCCTGTCTCTACAAAAAATACAAAAATTAGCTGGGTGTGGTGGTGCACACCTGTGGTCCCAGCTACTTGGAAGTGTGGGGTGGGAGGATTGGTTGAGCCCAGGAGGTTGAGGCTGCAGTGAGCCATGATCGTGCCACTGTACTCCCGCCTGGGTGACAGAATGAGACCCTGTCTCAAAAAAAAAAAAAAAAA"
"GL873521","24969692","24969970","chr5","91805199","91805483","78","66835507","GGCTGGATGCAGTGGCTCACACCTATAAACCTAGCACTCTGGAAGGCCACAGTGGGAGAATGGCTCGAGTTCAGGATTTTGAGAGTAGCCTGAGCAAGAGCAAGACCACATCTCTACTAAAAATATAAAAATTAGCAGGAAGTCTTGCTGAATGCATCATCTCAACTGCTCTGGAGGATGAGGCAAGAGGATTGCTTGAACTCAAGAGTTGAGGTTGTGGTGAGCGAGACTGAATCCATAGCACTCTACCCCAGGCAACAGAGCAAGACTTTGTTGAAA","GACTGGGTGCAATGGTTCACATCTGTAATCCCAGCACTTTGGGAGGCCAAGGTGGGAGGATGGCTTGAGCCCAGAAGTTCAAGACCAGCCTGAGCTACATGGCAAAACCCTGTCTCTACAAAAAATGTAAAAATGAGCCAGGCATGGTGGTGCATGCCTATGGTCCCAGCTACTCAGGAGGCTGAGGCAGGAGGATCGCACTAATCTAGGAGATGGAGGCTGCAGTAAGCCGAGATTGAGTCATTGCACTCCAGCCTGGGCGAAAGAGCCAGACTCTGTCTCAAA"
"GL873521","24970004","24970019","chr3","153804291","153804307","1","128834287","AAAACAAAACAAAAAA","CAAAACAAAACAAAAAA"
"GL873521","25391954","25392209","chr7","3491054","3491312","81","21900900","CCTAGTGCAGTGGCTCACACCTGTAATCCTGGAGGCTGAAGCAGATGGATTGCTTTGAGTTCCTGCCTAAATAAAAGTGGGAATCTACTATAGCAAAATTAGCTGGGCGTTATGGTGGGTACTTGTGGTCCCAGCTACTCAGGACGCTGAGGCAGGAGGATTGCTTGAACCAAGGAATTTGAGGTTGTTATGAGCTATGATGATGCCATGGCACTCTACCCAGGCCACAGAGTAAGATTTGGTCTCCAAAAAAAAA","GGCCAGGTGCGGTAGCTCACATCTGCAATCCCAGCACTTTGGGAGGCTGAAGCTAGAGGATCACTTGAGTCTTGTCTCTACAAAAAAAATCAAAAAATTAGCCAGGGCATGGTGGTGCATGCCTGTAGTCCCAGCTACTCGGGAGGCTGAGGCAGGAGGATCACTTGAGCCCAGGAGGTTGAGGCTGCAGTGAGCTGTGACTGTACCACTGCACTCCAACCTGGGCAACAGAGTGAGACCCTGTCTCAAAAAATAATAA"
"GL873521","25453333","25453646","chr22","29946204","29946503","77","4492871","GCCGGGTACAGAGGTGCATTTACCTGTAATCCTAGCACTTTGGGAGGGTAGGGTAGGAGGATGGCTTGGGGCCAGTAGTTCAAGACCAGCCTGAACAATCTAGTGTGACCTCGTCTCCACAAAATATAGAAAAATTAGCCAGGCATGGTGGTGGGCACTTGTATTCTCAGCTTCTCAGGAAGCTGAGGCAGGAGGATCTTTTGAGGCTGGAAGGTTGAGGTTGCATTGTTGAGATTGCACTGAGCTGTGATGACACCACTGCACTCTAGCCCTGGCAACAGAGTGAGATCCTAATTTAAAAAAAAAAAAAAAAA","GCTGGGCGTGGTGGCTCCTTCCTGTAATCCCAGCACTTTGGGAGGCCAAGGCTGGAGGATCACCTGAGTCCAGGAGTTTAAGACCAGCCTGGGCAACATAGGGAGACCCTGTCTCTACAAAAAATAAAAAATTAGCCAGGCATGGTGGTGTGCACCTGTAGTCCCAGCTACTCAGGAGGCTGAGGCAGGAGGATCTCTTGAGCCTGGGAGGTCAGACTACAGTGAGCAATGATTGTGCCACTGCACTCCAGCCTGGGTGACAGAGTAAGACTCTGTCTCTTAAAAAAAAAAAAAAAAAAA"
"GL873521","25473197","25473312","chr11","64318421","64318538","25","38845224","GGGCATGGTAACTCACTCCTATAATCCCAGCAGTTTGAGAGGCCAAGGCTGGAGGATCACTTAAGGCTAGGAGTTCATGACTGGTCAGGGCAACATAGTAAGACTTATTCTCTACA","CCAGGCATGGTGGCTCACACCTATAATCCCAGCACTTTGGAAGGCCAAGGCGGGAGGATCCCTTGAGGCCAGGAGTTTGAGACCAGCCTGGGCAACATAGCAAGACTCCGTCTCCACA"
"GL873521","25473339","25473487","chr1","35894728","35894879","40","10421389","AAGAATTAGCTAGGCATAGTGGTGCGCAGCTGTAGTTCCAAGTACTTGGGAGGTTAAAGACCATGTGAGCGCAGGAGTTCAAGGCTACAGTGAGCTGTGATCATGCCACTGCACTCTGGCCTGGGTGACAGAGTCTGTGTCATAAAAAA","AAAAATTAGCCAGGCATGGTGGCACATGCCTGTGGTCCCAGATACTTGGGAGGCTGAAGTGGGAGGATCACTTGAGCCCAGGAGATCAAGGCTGCAATGAGCCATGATCATGCCACTGCACTCCAGCCTGGGCAACCCTGTCTTTAAAAAAA"
"GL873521","25493130","25493293","chr4","75562087","75562252","41","50068957","CTTAGAGTTGTGGTGGGCTCCTGTACTCCCAGCTACCCAGGAGGTGAGGCTGAGGCAGGTGGATCACTTGAACCCAGGTATGTGAGGTTGCTGAGAGCTAGGATGACACACAGCACTCTAGCCTGGTGACAGAGTGAGTCTATGTCTCTAAATAAATAAATAAA","TTAGCTGGGTGTGGTGGCATGCACCTGTAGTCCCAGCTACTTAGGAGGCTGAGGCAAGAGGATCACTTTAGCCCAGGAGGTGGAGGTTGCAGTGAGCTGAAATCATACCACTGCACTCCAGCCAGGGTGACAGAGTGAGACCTTGTCTCAAAAATAAATAAATAAA"
"GL873521","25493320","25493467","chr9","31337596","31337743","33","5844276","GACTGGGCTTGGTGGCTCATGCCTGTAATCCTAGCATTCTGGGAAGCTGAGGCAGGAGAATCACTTGAGGTCAGGAGTTCAAGACCAGACTGAGCAAGAGTGAGATCTTGCCTCTACTAAAAAAATATATATTTTTAAAAAATAATGC","GCTGGGTGTGGTGGCTCACACCTGTAATCCTAGTGATTCAGGAGGCTGAGGCAGAAGGATCACTTGAGGTCAGGAGTTTGAGAGCAGACTGAGCAACAGAGTGAGACCCCCTCTCTAAGAAAAAAATATTAAAAAAAAAAACAACCGC"
"GL873521","25793453","25793728","chr15","82250472","82250741","88","56457019","CAGGTATGGTGGCTCACACCTGTAATCCCAGCACTTCGGGAGGCCAGGAGGTGGGGGAGAGGCTCTCTTGAAGCCAGGAGTTCCTGACCAGCCAAGCAACAGGCGAAACCTTATCTCTACAAAATATTAAAGAAAAAAGGAAATTAGCCAGGTATAGCAGTAGACATCCATAATTCCAGATACTGTCGTGGCTAGGACAGGAAGATCACCTGTGATTGTGCCACTGCATCCCAACTTGCCAAAAAAGCAAGATGCTGTCTCTATAAAAGAAAACTA","GCCGGGCACGGTGGCTTATGCCTGTAATCCCAGCACTTTGGGAGGCCGAGGCAGGAGAATCGCTTGAGCCCGGGAGTTTGAGACCAGCCTGGGCAACATGGTGAAACCAAGTCTCTACAAAAAAATACAAAAAAATTAGCCAGGTGTCGTGGTGCACGTCTGTAGTCCCAGCCACTCCTGGGAGGTCGAGGCTGCAGTGAGCTGTGATCGTGCCACTGCACTCCAGCCTGGGGAACAGAGTGAGACCCCGTCTCAAAAAATAAAAAAAAA"
"GL873521","25946379","25946540","chr16","48668108","48668267","54","22721729","GTTGAGGCAGGATTTCTTGAGGCTGGGAGTTGGAGACCAGCCTGAAAAACATGTTGATACCATTGCTACAGAAATTAGAAGAGTTAGCTGGGTATAGTGGTGCATCCCTGTAGTTCCAACTACTAGGGATGCTGAGGCAGGAGGGTCACGTAAGCCCAGGAG","GTGGGAGGATTTCTTGATCCCAGGGGTTCAAGACCAACCTGGGCAACATAGTGAGACCCTGTGTATACTGAACAAAAACAATTTTTCAGGCATGGTGGCACACACCTGTAGTCCGAGCTATTCGAGAAGCTGAGATGGGAGGATCCCTTGAGCCCGGGAG"
"GL873521","25955927","25956105","chr3","43378154","43378339","50","17422227","AAAAAATAGAAAAATTAGCCATGTGCAGTGGCATGTGCCTATAGTTCCACCACTGTAGGGGCTGAGGTAGGAGGATCCCTTAAGACCAGGACTTTGAGATTGCTGTGAGTTATGACATCACTGCTGTCTGGTTGGGTGACAAAGGGAGACTTTGCCTCAAAAAAGGGAAGAAAGAAAAA","AAAAATACAAAAATTAGCCGGGCATGTTGGCATGTGCCTGTGGTCCCAGCTACTCCAGAGGCTGAGGTGGGAGGATCACTGGAGCCCGGGAAGTTGAGGCTGCAGTGAGCTGTGATCACACCACTGCACTCCAGCCTGGGTGACAGAGTGAGACCCTGTCTCAAAAAAAAAAAAAAAAAAAAAAAA"
"GL873521","26298260","26298339","chr4","95794331","95794409","18","69496071","GGCTGGGTGCATCAGCTTATGCCTGTAATCCCAGTACTTTAGGAGGTTGAGGTAAGAGGATCACTTAAGAACAGGAATCC","GGCTAGGTGCAGTGGCTTACACCTGTAATCCCAGCACTTTGGGAGGCCGAGGCAGGAGGATCACTTGAGCCCAGGAGTT"
"GL873521","26307582","26307851","chr5","152032216","152032514","85","125724634","GCTGGGCATAGTGGCTCACACCTACACTCTTAGAGGCCAGGGCAGATGAATTATTTGAGCTTGGGAGACCAGACTGAGCATGAGTGAGATCCTGTTCCTACTAAAAATAGAAAAATTAATTGGGTGTTGTGCCTGTAGTCCCAGCTACTTGGAAGGCTGAGGCAAGAGGATCACTTGAGCCCAAAAGACTGAAGTTCTAATGCCAAACATGCTACTCAGAGGGACAGAATGAGACTCTGTCTCAAAAATAAATAAATAAATAAATAAATA","GGCTGGGCACAGTGACTCACACCTATAATCCCAGCACTTTGTGAGGCTGAGGCAGGCAGATTATTTGAGCCCCTGAGGTCAAGACCATCCTGGGCAACATGGCAAAACCTCATCTCTACAAAAAATACAAAAATTAGTTGGGTGTGGTGGCATACGCCTATAGTCCCAGCTCCTCAGGAGGCTGAGGTAGGAGGATGGTTTGAGCCCAGGAGATGGAGGTTGATCATGCCACTGCTCTCCAGACTGGGCAACAGAATGAGACTCTGTCTCACAAAAAATGAAACAGAATAAAATAAAAA"
"GL873521","26951040","26951317","chr17","16672309","16672598","75","10278731","TGGCTTACACCTGTAATCCTAGCACTCTGAGAGGAGTGAGGCAGATTGCTTGAGCTTAGGAGTTTAAGACCAGCCTGAGCAAGAAAGATCCCATTTTTACTAAAATAGAAAACTAGCCAGGGGTGGTGGCCTATGTCTGTAGTCCCAGCTACTCGGTAGGCTAAGGCAAGAGGATTGCTCAAACCCAAGAGTTTGAGATTGCTGTGAGTTCTGGTGCCATGACACTCTATCCAGGGTAACAGAGTGAGACTTTGTCTAAAAAAGAAATAAAATAGGTG","GTGGCTCACACCTGTAATCTCAGCACTTTGGGAGGCTGAGGCGGGAGGATCACTTGAGCCCAGGAGTTTGAGACCAGCCTGAGCAACATAGTAGGCTCCTGTCTCTACAAAAAAATACAAAAATTAGCTGGTACTGGTGGCATGTGCCTGTAGTCCCAGCTACTCAGGAGGCTAAGGCAGGAGAATCGCTTGAGCCCAGGAGGTTGAGGCTGCTATGAGCTGTGATGGCACCACTGCACTCCAGCCTGGGTGACAGAGTGAGACCTGGTCTCAAAAAGAAAAAAAAAAAA"
"GL873521","26951542","26951557","chr3","53948633","53948648","1","26997091","AAAAGAAAGAAAGAAA","GAAAGAAAGAAAGAAA"
"GL873521","27061553","27061681","chr3","122788793","122788920","26","95727240","GGCCACGCACAGTGGCTCATGCCTTTAATCCTAGCTTTCTGTGGAGGCCAAAGCAAATGGATCACTTGAACTCAGGAGTTCAAGACCAGCCTGAGCAAGAGCAAGACCCCATCTCTACTAAAAATAGAA","GGCCAGGCACTGTGGCTCATGCCTGCAATCCCAGCACTTTGGGAGGCCAAGGCAAGAGGATTGTTTGAGCCCAGGAATTCAAGACCAGCCTGGGCAACTCAGGAAGACCCCATCTCTACAAAAAACAA"
"GL873521","27061706","27061860","chr8","96136998","96137163","44","69075292","TAGCTTGGCATTGTGGTAGGCACTGGCAGTCCCAGTTACTTCGGAGGCTAAAACAAGAAGGATTGCTTGAATCCAGTGAGGTTGCTGTGAGCTATAATGTCATGGCACTTCTCCCCAGGGCAACAGAATGAGACTATCTCAAAAAAACAAATAAA","TTTAGCTGGGAAGGTTGGCACGCACCTGCAGTCCCAGCTACTTGGGAGGCTGAGACTGGAGGATTGCTTGAGCCCGAGAGGTCGAGGTGGCAGTGAGCCATAATCACACCACTGTACTCCAGCCTGGGTAACAGAATGAGACTCTGTCTCAAAACAAACAAACAAA"
"GL873521","27073730","27073910","chr1","68095575","68095737","50","41021845","GAGCAGCCTGAGCAGCTAGGGTACTGCTCCCTGCCTCTAGTCCCAGCTACTTGAGGGGCTAAGGCAGGAGGATTGTTTGAGCCCAGGAGCCCAGGAGTTTGAGATTGATGTGAACTAGGCTGATGCCATGGCACTCTAAACTGGGCAACAGAGTAAGACTCTATCTTAAAAAAACAAAAAA","TTAGCCCTGCATGGTGGCACATGCCTGTAGTCCCAGCTATTTGGGAGGCTAAGGCAGGGGGATGGTTGGAGCCCAGGAGGCAGAGGTTGCAGTAAGCTGAGACTGAGCCATTGCACTGCAGCCTGGGTGACAGAGTGAGACTCTGTCTCAAAAAAAAAAAAAA"
"GL873521","27074182","27074275","chr19","50666183","50666279","26","23592001","GCTGGGTACTGTGGCTCAAGCATGTAATCATAGCACTCTTGAGGCCAAAGTTTGGAGGATCCCTGAAGCTCCAGAGTTTAAATGCAGCTTGAGT","GGCTGGGCTCTGTGGCTCATGCCTGTAATCCCAGCACTTTGGGAGGCCGAAGTGGGAGGATCACTTGAGTCCAGCAGTTTGAGAGCAGCCTGGGCAA"
"GL873521","27115551","27115853","chrX","48006439","48006741","74","20890888","GGCCAGGTGTGGTGGCTCCTGTAATCCTATCACTATGGGAGGCCAAGGTGGGTGGATTGCTTGAGCTCAGGAGTTGGAGACTAGCCTAGGCAAGAGTGAGATCCCGTATCTACTAAATAGAAAAACTAACCAGGTTCCAGGTGCCTGTAGTCCCAGATTCTTGGGAGGCTGAGGCAAGAGGATCACTTAAGGTCAGGAGTTTAAGGTTGCTGTGAGCTATGATGTCATAGCACTCTACCCAGGGTGACAGAGTGAGACTCTATCTCAAACAAACAAACAAACAAAACAAAAACAACAAAAAAA","GGCTGGGCTCAGTGGCTCACGCCTGTAATTCCAGCACTTTGGGAGGCCAAGGTGGGCGGACTGCTTGAGCTCAGGAGTTCGAGACCAGCCTGGGAAACATGGCGAAACCCCATCTCTTAAAAAAAAAAAATTATCTGGGTGGCAGGAGCCTGTAGTCCCAGCTACTTGGGAGGCTGAGGTAGGAGGATCACCTGAGCCCGGGAGGTCAAGGCTGCAGTGAGCCATGATCGTGCCACTGCACTCCATCCTGGGTGACAGAGTGAGACCCTGTCTAAAAAAAAAAAGAAAAAAGAAAAAAAGAAA"
"GL873521","3621655","3621735","chr19","38588582","38588671","29","34966927","AAACCCCCCAGAAAATTAGCTGTAGTCCAGCTACTTGGGAGGGTGAGGCAGGATTGCTTGAACTCAGGAGGCTGAGGTTGC","TTAGCCAGGTGTGGTTGTGCACGCCAGTAGTCCTAGCTACTCAGGAGGCTGAGGCAGGAGGATTGCTTGAGCCCAGGAGTTTGAGGCTGC"
"GL873521","3642385","3642519","chr4","190118736","190118870","25","186476351","GGCTGGGTGAGGTGGCTCACACCTGTAATCCCAGCACTCTGGGAGGCCAACAGGGATGGAGCACCTGAGCTCAGGAGCTTGTGCCCAGCTTGAGCAAGAGTGAGACCTCATCTCTGTTAAAAACAGAAAAAAAAA","GGCTGGGTGCAGTGGCTCACACCTGTAATCCCAGCACTTTGGGAGGCCAAGGTGGGAGGATCACTTGAGCTCAGGAATTCGAGACCAGCCTGGGCAACATAATGAGACTGCATCTCTGTAAAAAAAAAAAAAAAA"
"GL873521","3642815","3642983","chr6","117522072","117522244","43","113879257","AAAAAAACTAGCCAGGCATTGTGGCGAGTGCCTGTAGTCCCAGCTACTCGGGAGGCGGAGGCAAGAGGAGTGCTTAATCCCAAGAGTTTGAGGTTGCTGTAAGCTATGACACTCATTCTACTCAGGGTAACAAAGTGAGACTCTGTCTCAAAAGGAAAAAAGAAAGAGA","TAAAAAAATTAGCCAGATGTGGTGGCATGTGCCTGTAGTTCCAGCTACTCGGGAGGCTGAGGCAGGAGGATTGCTTGAGCTCAGGAGTTCGAGGCTGCAGTGAGCTATAATTGTGCCACTGCACTCTAGCCTGGGTGACACAGTGAGACCTTGTCTTTAAAAAAAAAAAAAAA"
"GL873521","3668981","3669096","chr1","92774326","92774442","25","89105345","GGCTAGGCTCAGTGGCTCATGCCTATAATCCTAGCACTCTGGGAGGCTGAGACAGGTGGAGTGCCTACGTTCAGAAGTTTGAGACCAACCTGGGGAAGAGTGAGACCCTTGTCTCT","GGCCAGGCGCAGTGGCTCACACCTGTAATTCTAGCACTCTGGGAGGCAGAGGCAGGCAGACTGCTTGAGCTCAGGAGTTCGAGACTACCCTGGGCCACACAGTGAGACTTTGTCTCT"
"GL873521","3669118","3669287","chr19","44556029","44556196","40","40886911","GCCTAGCCATGCATTATGGTGGGCACCTGTAATCCCAGCTACTTGAGTGGCTGAGACAGGAGGATTGCTTGGGCCCAGGTGTTTGAAATTGTCGTGAGCTATGACAACACTATAGCACTCAACCCAGGGCACAGAGTGAGACCCTGTCTCAAAAAAAATAATAAATAAAA","TTAGCTGGGCACGGTGGTGTGCACCTATACTCCCAGCTACTCTGGAGGCTGAGACAGGAGGATTGCTTGAGCCCAGGAGTTCAAGACTGCAGTGAGCTAGGATCGCACCATTGCACTCCAGCCTGGGCAACAGAGTGAGGCCCTGTCTCTAATAATAGTAAAAAAAAA"
"GL873521","3669631","3669737","chrX","25092369","25092466","29","21422738","GGTTAGGCATGGTGGCTTACACATGTAATCCCAGCACTTTCAGAGGCTGAAGTAGGAGGATCTCTCAAGAGACCATCAGAGGGAGACCCTGTCCTTATAAATAATTA","GGGTGTGGCGGCTCAAACCTGTAATCCCAGCACTCTGTGAGGCTGAGGCAGGAGGATCGCCTGGGCAATATAGTGAAACCCTGTCTGTATTAATAATA"
"GL873521","3670024","3670183","chr1","26355033","26355200","40","22685009","TTGGTTGGGTGTGGTAGCACTTGCCAATAGTCTTAGCTACTTGGGAGGCTGAGGCAGGAGGATCCCTTGAGCCCAGGAGTTCAAAGTTGTAGTGAGCTGTAGTAGGGCCACTATAGGGTAAAAGAGTAAAATCCTGTCTCAAAAAAAAAAAAAAAAAAAA","AACTAGCTGGGTGTGGCGGCGTGTGCCTGTAGTCCCAGCTACTTGGGAGGCTGAGGCAGGAGGATCACTTGAGCCCAGGAGTTCAAGGCTGCAGTGAGCTAAGATCATACCACTGCACTCCAGCCTGGGTAATAGAGTGAGATCCTGTCTCAAAAAAAAAAAAAAAAA"
"GL873521","3713060","3713213","chr16","52591348","52591478","53","48878288","ACTAAAATTGTAAAGCCTAAGCTGGGTGTCATGGTGCACACCTGGAGATCCAGCTCCTCGGAGGCAGAGACAGGAGGATCTCTTGAACCCCAAAATTTGAACACAGTGCGACAACATAATGAGACCCACCTCTTACAAAAAATTACAAAGACTA","GCTGAGTGTGGTGGTGTGTGCCTATAATTCCAGCTACTCAGGAGGCTGAGGCAGGAGGATCACTTGAGCCCAGGAGTTTGAGACCAGCCTGGGCAACACAGTGAGACCCCATCTCAAAAAATTAAACATTA"
"GL873521","3858021","3858181","chr15","40727742","40727900","45","36869721","GGAAAAATTAGCTCAGCATTGTGGTGGGTGCCAATAGTCCTAGTTACTGGGGGGGTGGAGGGTTGAGGCAGGAGCTTGAGCTCAGGAGTTTGAGGTTGCTGCGAGCAAGGCTCATGCCATGGCACACTAGCCTGGACAACAGAGTGAGAGTCTGTCTCAAA","TTTAAAAATTAGCCAGGCATGGTGGTGACCACCTGTAGTCCTAGCTATTCAGGAGGCTGAGGCAGAAAGATTGCCTGAGCTCAGGAGTTTGAGGTTACAGAGAACTCTGATCATGCCACTGCACTGCAGCCTGGGCAACAGAGTGAGACTCTGTCTCAA"
"GL873521","3858456","3858567","chr17","26390105","26390216","27","22531649","GGTTGGATGCAGTGACTCACGTTTATAATCCTAGCACTCTGGGGAGCAGAGGCAGGAGGATCCCTTGAGCTTAGGAGCAAGACCCCATCTCTACTAAAAAATGGAAAAATTA","GGCCGGATGCAGTGGCTCACGCCTGTAATCCCAGCACTTTGGGAGATGGAGGTGGGAGGATCGCTTGAGGCTAGGGGTTCGAGACCACATCTTTACAAAAAATTTAAAATTA"
"GL873521","3958462","3958555","chr3","156881552","156881648","15","152923090","GGCCAAGTGTGGTGGCTCACGCCTGTAATCCCAGCACTCTGGGAGGCTGAGGCAGAGAATCACTGGAGCGCAAGAGTTTGAGACTAGCTTGAGC","GGCCAGTTGTGGTGGCTCACACCTGTAATCCTAGCACTCTGGGAGGCTGAGGCTGGAGGATCACTTGAGCTCAGGAGTTTGAGACCAGCCTGGGCAA"
"GL873521","4004289","4004415","chr2A","53135817","53135938","36","49131528","GCCGGGCGCGGTGGCTGACACCTGTAACCGAGCACTTTGGGAGGCATCTGTAGGAGGATCGCTTGAGGCCAGGGATTGGAGACCTCCCGCCCTACAAATGATTTTAAAATAAACTGCTTATGCTGGG","GCCAGGTACAGTGGCTGACATCTGTAATCCCAGCACTTTGGGAGGCTGAAGTGGGAGGATCACTTGAGGCCTGGAGCTTGAGACCAGCCTTGTCAACATAGTGAGATTAAAAAATTAGCTGG"
"GL873521","4004664","4004811","chr5","141173286","141173416","45","137168622","CTGCTTATGCTGGAGGACCCTCACCCCACCCCACCCCCACACACACCTTGTGCTCCTGACTTGGAGACTGCAGTGAACTATGATCAGGCCGCTGCCCTCCAGCGTGAGCGACAGAGCATGACCCTGTCAAAAAAAAAAAAAAAAAAAA","CTACTTGGGAGGCTGACCCACGAGAATCACTTGAACCTGGGAGGTAGGCTGCAGTGAGCTAAGATCACACCACTGCACTCCAGCCTGGGCAACAGAGCAAGACTCTGTCTCAAAAAAAAAAAAAAAAAAAA"
"GL873521","4367979","4368038","chr4","148843957","148844014","16","144475978","GGGCCCGGATAATGGCTCTAATCCCAGCTACTTGGGAGGCTGGGGCAGAAGGATCGCTTG","GCAATGGTACATGCCTATAATCCCAGCCCTTTGGGAGGCTGAGGCAGGAGGATCACTT"
"GL873521","4416492","4416644","chr15","38442496","38442652","39","34026004","GACAAAAATTAGATGGGCGTGGGGCTGTAGTTCCAACTACTCTGGAGGCTGAGGCAGGAGGGTTGCTTCAGCCCAGGAGTTTGCGGTTGTAGTGAGCTATAATGATTCCACTGCACTATAGCATGGTGACAGAGTAAGACTGTATCTCAAAAA","TTAGCCAGATATGGTGGTGCATGCCTGTAGTCCCAGTTACTTGGGAGGCTGAGGCGGGAGGATTGCTTGAGCCCAGGAGTTTGAGGCTGTGGTGAGCTATGATTGTGCCACTGCACTCCAGCATGGGTAACAGAGCAAGACCCTATCTCTTTAAAAA"
"GL873521","4416915","4417046","chr12","122239412","122239544","30","117822497","GCCTGGTACAGTGGCTCACAGCTGTAATTCTACCACTCTGGCAGACTGAGGCAGGAGTATAGCTTGAGGTCAGGAGTTAGAGAGCAGCCTGAGCAAAAGTGAGACCCTCTATTAAAAATAGAAGAATTAGGG","GGCTGAGCACGGTGGCTCATACCTGTAATCCTAGCACTTTGGGAGGCTGAGGCGGGAGGATTGCTTGAGGCCAGGAGTTTGAGACCAGCCTGGGCAACATAGTGAGACCCCATCTCTAAAAAAAAAAAAATTA"
"GL873521","4508052","4508216","chr1","180937305","180937458","45","176429253","CGCCAAAATAGCCACGTATGGTTGTGTGCACCTATAGTCCCAGCTATTTCAGAGGCGGAGACCATAAGACCACTTGCACCCAGGAATTTGAGGATACAGCAAGCTGTGATCATGCCACTGCACTCCACTCCAAGCCACAGACTGAGGCCTTGTCTCTTAAAAAAA","GCAAGCCAGGTGTGGTGGCATTTGCCTATAGTCCCAGCTATGTCAAAGGCTGAGACAAAAGTATCACTTGAACCCAAGAGTTAGAGGTTACAGTGAGCTATGATCGCACCACTGCACTCCAGCCTAGGCAACAGAATGAGACCCTGTCTCTAAA"
"GL873521","4508241","4508340","chr4","142826785","142826889","25","138318544","CCAGGTGCCATGGCTTATGCCTGTAATCCCAGGGCTCAGCTTGAGGCAGATGATCACTTGAAGCCAGGAGTTCGAGACCAGCCTGGGTAACACAGTGAGA","GGCCAGGTGTGGTGGCTCATGCCTTTAATACCAGGGCTTTGGGAGGCTGAGGCAGGACGATCACTTGAGGCCAGGTGTTTAAGACCAGCCTGGGCAACATAGGGA"
"GL873521","4585645","4585775","chr1","22024766","22024901","32","17439121","GCTGGGCAAGGTGGCTCACGCCTGTAATCCGAGCACTCGGGGAGTCCAATAGGGGTGGATTGCCTGAGCTCAAGTTCAAGACCAACCCAAGCAAGAGTAAGACCCCATCTCTACTAAAAATAGAAAAAACA","GCCAGGTGAGGTAGCTCACGCCTGTAATCCCAGCACTTTGGGAGGCCAAGGTGGGTGGATCAACTGAGGTCAGGAGTTCAAGACCAGCCTGGCCAATATGGTAAAACCCCATCTCTACAAAAAATACAAAAATTAT"
"GL873521","4586039","4586216","chr5","162553581","162553768","45","157967542","TAATAGAAAAACTAGCCACTGGTAGGCACCCATAGTCCCAGCTACTTGGGAGACTTAGGCAAGAGAATCACTTAGCCCAAGAGTTTGAGGTTGCTGTGAGCTATGATGCCATAGCACTCTACCCACAGTGCCAGAGTGAGATTCTGTCTCAAAACAAAAAAAGAAAGAAAGAAAGAAA","AATTTAAAAATAGCCAAGTATAGTGGCATGCCTCTGTATTCCTAGCTACTTAGGAGACTGAGGCAGGAGGATCACTTGAGCCCAAGTGTGTGAGGCTGCAGTGAGCCATGATCCAGCCACTGCACTCGAGCCTGGAAGACAGAGTGAGATACTGTCTCAAAAAAAAGAAAGAAACGAAAAGAAAGAAA"
"GL873521","4615177","4615298","chr12","11845861","11845982","46","7230684","AAATATAATGAGTAGCTGGGTGTGGAGGCACGTACTTCTACACCCAGCTACATAGAAACTGTGTAGCAGGCAGGAAGATAGTTTAATTAATATAGTGAGAACCCCATTTCAAAAAGAAAGAA","AATACAAGGAAGCCAGGTGTGGTGGCATGCACCTACAGCCCGAGCTACTCGGGAAGCTTTGAACTGGAGACAAGCCTGGGCAACATAGTGAAACCCCATCTCCCTCTAAAAACAAGGAAAGA"
"GL873521","4639212","4639298","chr17","29760224","29760310","16","25121012","GGCCTGGCACAGTGGCTCATACCTATAATCCTAGCACTCTGGGAGGTGAGGTGGGGAGGATCCTTTGAGCTTAAGAGTTTGAGATCA","GGCCATGGGCAGTTGCTCACACCTATAATCCCAGCACTTTGGGAGACTGAGGTGGGAGGATCGCTTGAGCACAGGAGTTTGAGACCA"
"GL873521","4757227","4757326","chr1","32811419","32811520","26","28054192","TAAAATAAATAAATCAGCTGGCAGTGTGGTAGGCAACTGTAGCCCCAGCTACCCAGGGCTGTGGCAGGAAGGTGACTTGAGCCCAGTAGTTTGAGGTTGC","ATTAAATTAAATGGAGCCGGGCGTGGTGGTATGCACCTGTTGTCCCAGCTACTCAGGAGGCCAAGGCAGGAGGATCACTTGAGCCCAGGAGTTTGAGGATGC"
"GL873521","4757600","4757715","chrX","124471265","124471386","33","119713665","GGCTGAGCAGTGTGGCTCACGCCTGTAATCCTAGTGCTTTGGGAGGCTGAGGTGGAGTGAATTCCAGACCTGCCTGAACAAGAGAGTTTTTGTCTCTACTAAAAATATAAAAATCA","GGCTGGACACCGTGACTCACGCCTGTAATCCCAGCACTTTAGGAGGCTGAGGCAGGAGGATTGCTCAAGACTAGCCTGGCCAACATGGTGAAACCCCGTCTCCACTAAAAATACAAAAATTA"
"GL873521","4833908","4834183","chr20","5619662","5619943","68","785754","GGCCAGTGCAGTGGCTCATGCTGTAATCCCAGCCCTCTGGGAGGCTGAGGCAGGCGGATCCCCTGAGCTCAGTGGTTGGAGACCAGCCTGAGCAAAAGTGCAACCCCGGCTCTACTAAAAATAGAAAAAACATTAGCTGGGCTGGGTGGCAGCTGCCTATAGTTACAGCTAATAGGAAGGCTGAGACAGGAGGATGGTTTGAGCTCAGGAGGTTGGGGTTAAGATATGGTGACACCACTGCATGCTACCTGGGGCACAGAGCAAGACTCTTGTCTC","GGCCAGGTGCAGGGGCTGACACCTGTAGTCCCAGCACTTTGGGAGGCTGAGGCAGGAAGATCACTTAAGCCCAGGAGTTCGAGACCAGCCTGCGCAACATGGTGAAAACCCGACTCTACAAAAAATACAAAAACTAGCCAGGCATGGTGGTGCCTGCCTGTAGTCCTAGCTACTCAGAAGGCTGAGATGGGAGGATTGCTTGAGCCCAGGAGGTTGAGGTTGCAGTGAGCTGAGATGACACCGCTGCATTCCAGCTTGGGTGCCAGAGCAAGACCCTCTCTC"
"GL873521","4857882","4858053","chr13","48157593","48157767","59","43299711","GACCAACCAGAGTAAGAATAAGACCCCTGTCTCTACAAAAAAATGCCAAAATTAGCCAGGCATAGTGGCATGCACCTATAGTCCCAGCTACTATAGTTTTGAGGTTGCTGTGAGCTATGACGATGACATTGCACTCTACCCCAGGCAACACAGCAAGGCTCTGTCTCCAAAA","CCAGCCTGGACAACATAGGGAGACCCTGTCTCTACAAAAAAATTTTCAGAAAATTAGCTGGGCACCATGGCGCATTCCTATAGTCCCAGCTACTCAGGAGGCTGCAGTGAGCCATGATTGTGCCACTGTGCTCCAGCACGGGTGACAGAGCAAGACCCTGTCTCTTAAAAAAAAA"
"GL873521","4858329","4858418","chr2B","246546136","246546224","17","241687807","CAGGAGCAGGGGCTCACACCTATAATCCTAGCACTCTAGAAGGCCAAGGCTGGAGGATTACTTGAGGCCAGAAGTTCATGACCAGCCAGT","CCAGGTGCTGTGGCTCATGCCTGTAATCCCAGCACTTTGAGAGGCCTAGGCAGGAGGATTACTTGAGGCCAGAAGCTCAAGACCAGCCT"
"GL873521","4904065","4904344","chr20","3250028","3250308","77","1654037","GGCCAGGCATGGCGGCTCAGCCTATAATCTGGGAGGCCAAGGCTCAAGGAGTTTGAGACCTGCCTGAGCAAGAGCAAGACCCTGTCTCTACTAAAAATAGAAAAAACAGCCAGGTGTTGTGGCAGGCACCTGTAGGCCCAGCTACTTGAGAAACTGAGGCAGGAGGACTGCATGAGCTCAGGAGTTTGAAGTTGCTGTGAGCTAAGAAGCCACAGCATTCTAGTCTGTAGCAACAGAGTGAAACTGTCTCAAAAACAGAACAAAACAAAACAAAACAAAA","GGCCAGGTGCAGTGGCTCACACCTATAATCCTAGCACTTCAAGGCCAAGTTCGAGACCAGCCTGGGCAACATGGCAAAACCCTGTCTCTACAAAAAAAAAATAAAAATTAGCCAGGCATGGTGGCGCTCACCTGTAGCCCCAGCTTCTTGTGGGGCTGAGGCAGGAGGATTGTTTGAGCCTGGGAGACAGAGGTTGCAGTGAACCTATATCATGCCACTGCACTCCAGCCTGGGTGACAGAGTGAAACCCTGTCAAAAAAAAAAAAAAAAAAGAAAGAAAA"
"GL873521","5548943","5549231","chr4","172002891","172003185","72","166453948","GACTGGGCACAATGGCTCACGCCTATAATCCTAGCACTCTGGAAGGCCAAGGTGGGTGGATTACTTGAGCTCACAGGTTTGGGACCATCCTGAGCAAGAGTAAAACCTCATCTCTAAAAATAGCCCGGCATTGTGGTGGGTACCTTGTAGTCCCAGCTAGTTGGGAGGCTGAGGCAAGAGAATCTCTTGAGCCTAAGACTTTGAGGTTGCTGTAAGCTGTGATGCCATGGTACTCTACCGAGGGTGACATAGTAAGACTCTATCTCCAAAAAAAAGAAAGGAAAAAGAA","GGCCAGGCACAGTGGCTCATGCCTATAATCCCAGCAATTTGGGAGGCCAAGGTGGGAGGATCACTTGAGCCCAGGAGTTGGAGACCAGCCTGGGCAACATGGCAAAACTCCATCTCTACAAAAAATAGAAGCCAGGTGTGGTGGTGTGCATCTGTAGTCCCAGCTACTTGGGAGGCTGAGGTGGGAGAATCGCCTGAGCCTGGGAGGTGGAGGTTGCAGTGAGCCAAGATCATGCCACTGCACTCTAGCCTGGGTGTCAGAGTGACAACTTGTCTCAAAAAAAAAAAAAAAAGAA"
"GL873521","5616768","5616899","chr1","134480867","134480991","29","128864099","GTGGCTCTCTCCTGTAATCCCAGCACTTTGGGAGGCCAGGGGAGAGGATTGCTTAAGGCCAGGTATTTGAAACCAGCCTGGGCAACACAGAGAGATATGCCCATCTCTACCAAAAGAAAAAAATTGCTAGGA","GTGGCTCATGCCTGTAATCCCAGCACTTTGGGAGGCCAAGGAGTGAGGATTGCTTAAGTCCAGGAGTTCAAGAACAGCCTGGGAAACATAGTAAGATCCTGTCTCTACAAAAAATAAAAAATTGT"
"GL873521","5617203","5617331","chr3","201848039","201848154","42","196230836","TTAAAAGTTTGCTGGGCTTGCTGAAGTGTGCCTGTAGTCCCAGCTACTCAAGAGACTAAAGTGGGGGGGATCAACAGAGCCCAAGAGTTTTAGCCTGTTCTGAATCACTGGACCACTGCATTCCTGTCT","ATTAGCTGGGCGTGGTGGCGGCTGCCTGTAGTCCCAGCTACTCAGGAGGCTGAGGTGGGAGGATCACCTGAGCCCGGGAGGTCGAGGCTGCAGTGAGCAGTGATGACGGCACTGCA"
"GL873521","5813449","5813645","chr8","55925895","55926096","51","50112446","TCTATAAATATATAGAAATTGCCAGGCACTGTGGCTAATGCCTGTCATCCGAGCACTTTGGGAGGCTGAGGCAGGAGGATCATTTGAGCCCAGAAGTTGGAGGCTTCTATGACTGGGGTGCTGCACTACAGTGGAGGCTGGGTGAAAGAGCAAGATTCTGTCTCTAAAAAACATACAAAACAAACAAACAAACAAAA","TCTCTACAAAAAAATAAAAAACTAGCCGGGCATGGTGGCACATGCCTGTAGTCCCAGCTACTTGGGAGGCTGAGGCAAGAGGATCACTTTACCCCAGGAGGTCGGGGCTGCAGTGAGCTGTGTTCATACCACTGCACTACAGCCTGGGTGACAGAGCAAGACTCTGTCTCAACAAAACAAAACAAAACAAAACAAAACAAAA"
"GL873521","5816723","5816839","chr7","150519989","150520108","29","144703266","GGCTTACACCTGTAATCCTAGCACTTTGGGAGAGTGGGAGTATGGCTCGAACCCAAGAGTTGGGAGACCAGCATGGGAAAGAATGAGACCCTGTCTCTACAAAAATAGAAAAATTAG","TGGCTCACATCTGTAATCCCAGCACTTTGGGAGGCCAAGGTGGGAGGATTGCTTGATCCCAGGAGTTGGAGACCAGCCTGGGCAACATAGTGAGACCCTGTCTCAACAAAAATTTATTTT"
"GL873521","6392280","6392393","chr13","98865790","98865887","34","92473510","GGCATGGTGATACATGCCAGCGACTTAGGAGGAGGACCCCTTGAGCAAGTGAGCAGTGATTGTGCCACTGCACCTCCAGCCTGAGCAACAAAGTGAGACTCTGACTCTTAAAAA","CAGGGGGACCACCTGAGCCTGGGAGGTTGCAGCTGCAGAGCCGTGATTGTGCCACTGCATTCCAGCCTGGGCAACAGAGTGAGCTCCTGTCTCAAAAA"
"GL873521","6821886","6822161","chr13","35542940","35543211","71","28721054","GGCCTGGTGCAGTAGCTCAGAGCTGTAAGCCTAGCACTCTGGGAGGCAGAGGTAGGTAGATCACTTGAGACCAGGAGTTCAAGAAGACCAGACTAAGTAAGAGTGAGACCCTCACCTATGCTAAAAATAGAAAATATTAGCTGGGCATACAGTGTATGTCTGTAGTCCAGGCTACTTAGGAAGCTGAGGTAGGAGGATCACTTAAGCCCAGGAGTTTGAGGTTGCTGTGAGCTAGGCTGAGGCCATGGTACTTCAGCCTCGGCAACAGAGTGAGAC","GGCCAGATGTGGTGGCTCACACCTGTAATCCTAACACTTTGGGAGACCGAGGTGGGTGGATCACTTGAGGTCAGGAGTTCAAGACCAGCCTGGCCAACATGGTGAAACCCCATCTCTACTAAAAATACAAAAATTTGCTGGGCATGATGGTGGGCGCCAGTAGTTCCAGCTACTCAGGAGGCTGAGGCAGGAGAATCGCTTGAACCCAGGAATCAGAGGTTGCAGTGAGCCAAGATCACGCCATTGCACTGAAGCCTGGGCGACAAGAGCAA"
"GL873521","6822427","6822459","chr1","26448863","26448892","8","19626436","TCAGAGTGAGACTTTATCTCAAAGAAAAAAAAA","TGAGTAAGACCCTGTTTCAAAGAAAAAAAA"
"GL873521","6828199","6828251","chr12","8954703","8954756","17","2126504","GGGAGAGGTAGCTCAGGCCTGTAATTCTAACACTCTGGGAGGGAGGATCCCTT","GGTCAGGTATGGTGGCTCATGCCTGTAATTCTAGTACTTTGGGAGGCTGAGGTC"
"GL873521","6828640","6828791","chr2A","70191250","70191406","45","63362610","CCTTGAGCTCACAAGTTTGAGACCAGCCTGAGCAAGAGCGTGACTATCTCTACTAAAAATAGAAAACTCTGCTAGGTGTTGTGGCAGGTGCCTATAGTTCCAGCTACCTAGGAGGCTGAGGCAAGAGGATCACTTAAGCCCAGCAGTTTGAG","TCACTTGAGCCCAGGAGTTCGAGACCAGCCTGGGCAACATAGTGAGACTCAGTCACTACAAAAATAAACTTGCTGGGTGTGGTGGTGTGCACCTGTAGTTCTAGCTACTCAGGAGGCTGAGGTGGGAGGATCCCTTGAGCCTCGGAGGTGGAGGTTG"
"GL873521","6837142","6837367","chr12","104694083","104694305","59","97856941","GACTGGGTGCTATAGCTCACACCTGTAACCCTAGCACTCTCAGAGGCCAAGGTGGGTGGATTCGCTGAGCTCAGGAGTTCAAGACCAGCCTGAGCAAAATAAGACCCCATCTCTACTAAAAATAGAAAAAGAAAAACCAGCCAGGTGTGGTGCCAGGAGCCTGTAGTTCCAGCTACTCAGAGGCTAAAGTAAGAGGATTATTTGAGCAGTAAGAGTTTGTGGTTTC","GACTGAGTACGGTGGCTCACACCTGTAATCCTAGCATTTTGGGAGGTCAAAGTGGGAGGATGACTTGAGCCCAGGGGTTCAAGACCAGCCTGGGCAACAAAGTGAGACCCTGTCTCCATAAAAATTACAAAAATTAACCAGGCATGGTAGCATGTGCCTGTAGTCCCAGCTACTCGGGAAGCTGAGGCCAGAGGATTGCTTGAGCTTAAGAGGTTGAGGCTGC"
"GL873521","6837616","6837695","chr14","61332116","61332199","24","54494500","GTTTGTGGTTGCTGTGAGCTATGACATCACAGCACTCAACCCCAGGGTGACTACATACAACTCTGTCTCAGAAAAAAAAA","GGTTGAGGCTGCAGTGAGCTGTAATTGTACCACTGCACTCCAACCCAGGTGACACAGTAAGACCCTATCTCAAACAAAACAAAA"
"GL873521","7000001","7000131","chr1","35753661","35753787","41","28753660","ACAGTAATACATACTTGTAGTTCCAGCTTCTAGGCTGAGGCCAGAAGATGGCTTGAGCCCAGGACTTTGAGGTTGCAGTGAGAGATGATGATACCTCTGTACTCTAGCCCAGGTAACAGAGACTCTGTTTC","TTAGCCAGGCATACTAGCTCATGCCTGGAGGCTGAAGCAAGAGGACAGCTTGAGCCCAGGAGTTTGAGGCTGCAGGCAGCTATGATCGCACCATCGCACTCCAGCCTGGGTGACAAGACCCCATCTC"
"GL873521","7000386","7000547","chr6","44662547","44662705","42","37662161","GGGTGTGGTGGCTCTTACCTGTAATCCTAGCACTTTGGGAGGCTGGGGCAGGCAGGAAGATTGTTTGAGGCCAGGAGTTCCAGACCAGGCTTGTCAATATAGTGAGACCCCGTCCCTATAAAAAATAGAAAAATTATCTGGGCCTGGTAATGCATACTTTGG","GGCACAGTGGCTCATGCCTATAATCTCAGCACTTTGGGAGGCCAAGGTGAGAGGATCACTTGAGCCCAGGAGCTACAGACCAGCCTGGGCAACATAGAGAAAACCCATCTCTACAAAAAATACAAAAATTATCTGGGCGTGGTGATGCATGCCTGTTGT"
"GL873521","7034228","7034543","chr6","83628974","83629284","80","76594746","GGCCAGATGCAGTGGCTGACACCTGCAATTCTATAACTTTAGGAAGGTGAGAGAATTGCTTGAGGCCAGGAGTTCCAGACCAGCCTGAACAATATAGTGAGACCCCATTGCTACAAAAATTAGAAAAATTCACTGGGTGTAATGGCCAATGCCTGTATTCCCAGATAATCCAGAGGCTGATGCTGGAAGATTACTTGAGCCCAAGAATTTGAGGTGACAGTGAGCTATGATGACACCAATGCACTCTAGCTTGGGCAATAGAGTGTGACCCTATTTCCAAAAAAAGAAAGAAAGAAAGAAAGAAAAGAAAAGAAAA","GGCAGGGCATGGTGGCTCATACCTGTAATCCCAGCACTTTGGGAGTCCAAAGTGGGTGGATCGCTTGAGTCCAGGAGTTCAAGACCAGCATGGGCAATATGGTGAAACCCTATCTCTACAAAAAAATACAAAAATTAGCTGGGCATGGTGGCATGCACTTGTATCCCAGCTACTCCAGAGGCTGAGGTGGGAGGATTGCTTGAGCCCAGGAGGTTGAGGCTGCAGTGAGCCATGATCACACCACTGCACTGTAGCCTGGGCAGTAGAGCGAGACACTGTCTAAAAAAAAAAAAAAAGAAAAGAAAAGAAAA"
"GL873521","7070010","7070206","chr5","79804250","79804453","53","72734240","GGCCAGGCAAGATGGCTCATGCCTGTAATCCTAGCATTCTGGGTGGCTGAGACAGGCATATTCCCTGAACTCATGAGTTGGAGACAAGTCTGAGCCAGAGTTAGACCTCATCTCTAAAAATAGCCTGGCATTGTGGCATACACCTGTAGTCTCAGCTACTTGGGAGGCTGAGGTGAAAGAATTGCTTAAGCCCAAGA","CAGGCACTGTGGATCACACCTGTAATCCCAGCACTTTTGGAGGCTGAGGCGGGCAGATTGCTTGAGCTCAGGAGTTTGAGACCATCTTGGGCAACCTGGTAGAACCACATCTCTACAAAAAATTAGCCGGGCATCGTGGCACACGCCTGTAGTCGCAGCTATTTGGGGGGCCTCCTGAGGTGAGAGGATTGCTTGAGTCCAGGA"
"GL873521","7070300","7070404","chr10","27497894","27497990","34","20427594","GTAAGCCCAAGATTTTGAGGTTGCTGTGAGCTATAATGCCATAGCACGCTAACTGAAGCAAAGTAACTATGACAAAGTAAGACTCGGTCTCAAGAAAGAGAAAAA","CACTTGAGCCCAGGAGGTTGAGGCTGCAGTGAGCTATCATGCCACCACACTCCAGCCTGAATTACATGGCAAGACCCTGTCTCAAGAAAAAAAAAAA"
"GL873521","7099137","7099314","chr16","419989","420167","56","6679148","GGCTGGGTGCCGCGGCTCACACCTATAATCCTAGCACTCTGAGAGGCCAAGGCAGGTGGATTGCTTGAGCTCAGGCACTTGAGGCCCTCAAATAGAAAAACTAGCCCAGCCTTGTGGTGGGCCCCTGTAGTCCAGCTACTTAGGAGGCTGAGGCATGAGGATCGATTGAGCCCAAGTA","CTGGGCACCGTGGGTCATGCCTGTAATCCCAGCACTTTGGGAGGCTGAGGCAGGAGGATCACTTAAGCCCAGGTGTTCAAAAAACAAACAAAAAAACATTAGCCAGGTGTGGTGGTGCACACCTGTAGTCCCGGCTACTCAGGAGACTGAGGTGGGAGGAGCTCTTAAGACCGAGAGGT"
"GL873521","7099591","7099694","chr5","181790038","181790151","31","174690447","TGAGGCCAAGTATTTGAAGTTGCTGTGAGCTATGATGTGGCGCTCTACCAAGGTTGATAAAGTGAGACTCTGTCTCAAAAACAAACAAACAAACAAAAAAGCAA","TTGCTTGAGCCCAGGAGGTGGAGGTTTCAGTGAGCCAAGATCGTGCCACTGCACTCCAGCCTGGGTGACAAAGTGAGACCCTGTCTCAAAAACAAACTAACAAACAAAAAACAA"
"GL873521","7182117","7182284","chr17","14741482","14741644","46","7559365","AATTAGCCAGGCATCATAGCACATGCCTATAGTCCCAACTATTCAGGAGCCTCAGGGCCAGGAGGATCCCTTGAATATAGGAGTTTGGGGTTACTGTGAGCTATAATGATACCACCCACTGCACTTTAGTCTGGGTGACAGTGAGACCCCGGCTCAGGGGGAAAAAAA","AATTAGCCAGGCATGGTGGCACATGCCTATAGTTCCAGCACTTTGGGAGGCTAAGGCAGGAGGATTGCTTGAGCCCAGGAGTTTGAAGTTACAGTAAGCTATGATCATGCCATTGCACTCTAGCCTGGGCAACAGAGTGAGACCTTGTCTCTAAAAAAAAAAA"
"GL873521","7182549","7182656","chr11","75656969","75657073","28","68474420","AACCCCAGCACTTTGGGAGGCCAAAGCAGGAGGATCATTTGAGGCCTAGGAGTTGGAAAGCAGGCAGAACAAGAGTGAGACTATCTTCATAAAAATACAGAAAAATTA","CCAGCACTTTGGGAGGCCAAGGCAAAAGGATCACTTGAGCCCAGGAGTTTGAACCAACCTAAGCAACAGAGTGAGACCCTGTGTCTACAAAATATTAAAAAATTA"
"GL873521","7224398","7224414","chr1","153358526","153358539","3","146134128","AAAAAAGAAAGTAAAAA","AAAAAAAAAAAAAA"
"GL873521","7224442","7224704","chr16","23925003","23925279","73","16700561","GTGTGATGGCTCATGCCCATAATCCTAGTACTTTGGGAAGCTTAGGCAGGAAGATTGCTGGAGGTCAGGAGTTCAAGACCCACCTGAGCAAGAATGAGACCCCCGTATCTACAAAAAATAGAAACATTAGCTGGGTGTGTTGGTGTATGTCTGCAGTACCAACTACTAGAGAGTTTGAGGCAGGAGGATCGTGTAAGCCCAGGAATTTGAGGTTGCAGTGAGCCACCACTGCACTCTACCCTGGGAGGCAGATCAAGACTGTG","GGCTGAGCGCGGTAGCTCATGCCTATAATCCCAGCACTTTGGGAGGCTGAGGCAGGTGGATTACTTGAGCTCAGGAGTTCGAGACCAACCTGGGCAACACGGTGAAACCCCTTCTCTACAAAAAACACAAGAATTAGCAGGGCATGGTGGTGTGCACCCGAAGTCCCAGCTACTCAAGAGGCTGAGGTGGGAGGATGGCATAAGCCCAGGAAGTGGAGGTTGCAGTGAGCCAAGATCATGCCACTGCACTCCAGCCTGGGTGACAGCAAGACTGTCT"
"GL873521","7244822","7245115","chr16","74165797","74166100","72","66920975","GGCCGGGCTCAGTGGCTCTATAATCCTGGCACTCTGGGAGGTCAAGGTGGGTGGATTGCTTGAGCGCAGGAGTTTGAGACCAGCCTGAGCAAGAGTGAAACCCCGTCTCTAAAAATAGCCAGGTGCTGTGGTGAGCCCCTATAGTCCCAGCTACTCAGGAGGCTGAGGCCAGAGAATCGCTTAAGCCCAGAAGTTGGAGGTTGCTGTGAGCCGTGATACCATAATTCTTTAACAAGGGTGACAGAGTGAGACTCTGTCTCAAAAAAACAAACATACAAACAAAAAAAAAAAAAA","GGCTGGGCACAGTGGCTCATGCTTATAATTCCAGCACTTTGGGAGGCCAAGGTGGGTGGATCACTTGAGCCCAGGAGTTCGAGACCAGCCTGGGCAACATGGTGAAACTCTGTCTCTACAAAAAATTAGCTGGGTGTGGTGGCTCGTGCCTGCAGTCCCAGCTACTCAGGAGGCTGAGGTGAGAGGATCAATGGAGCCCAGGAGGTGGAAGTTGCAGTGAGCCAGATCACACCACTGTACTCTCCAGCCTGGGTGACAGAGCAAGACCCTGTCTCAAAAACAAACAAACAAACAAACAAACAAA"
"GL873521","7391188","7391475","chr8","106723939","106724236","70","99332751","GGCATGGTGGCTCACACCTATAATCCTAGCACTCTGGGAGGACAAGGTGGGAGGATCCCTTGCACTCAGAAGTTCAAGACCAGCCTGAGAGAGAATAGGACCCCATCTCTACTAAAAATAGAAAAATTACCTGGGCATTGTGGTTGGTGCCTGTAGTCCCAGCTTCTTGGGAGGGTGAGGCAGGGGCATCACGTGAGCCCAGGAATTTGAGGTTACAGTTAGCTGTTTTGTCACAGCCATCTACCCAGGGCAACAGAGTGAGACTCTATCTCAAAAAGAAAAAAAGAG","GGTGCTGTGGCTCAAGCCTATAGTCCCAGCACTTTGGGAGGACAAGGTGGGAGGATCACTTGAGCCCAGCAGTTCAAGACCAGCCTGAGCAACATGATAAGACCCCATCTCTACAAAAAATTAGAAAAATTAGCCAGGCATGGTGATGTATGCCTGTGGTCCTAGCTACTTGGGAGGCTGAGGCAGGAGGATCCCTTGAGCCCAGGAGGTCAAGGTTGCAGTGAGCCATGGTTGTACCACTGTACCCCAGCCTGGGTTACACAGTGAGATCCTATCTCAAAAAAAAAAAAAAAAAAAA"
"GL873521","7391570","7391585","chr17","38661961","38661976","2","31270391","GAAAAAAAAAAGAGAA","GAAAAGAAAAAAGAAA"
"GL873521","7411261","7411442","chr4","57296207","57296386","41","49884946","AGAAAGAAAGAAAAAAAATTAGTCAAGAATGGTGGCATGCACCTATATTCCCAGCTACTCAAGAGACTGAAGCAGGAGGATTACTTGAGCTCAGGAGTTGGGGGCTGCAGTAAGCTTTGACTATACTAATGCACTCCAGCCTGGGTGACAGAGCGAGACCCTGTTTCAAAAAAGAAAAAAAA","AAAAAAGAAAAATTAGCCAGGCATGGTGGCATGTGCCTGCAGTCCCAGCTACTCAGGAGACTGAGGTGGGAGGATTGCTTGAGCCAGGGAGATTGGGGCTGCAGTGAGCTGTGATATCATGCCACTGTACTCCAGCCTAGGCCGCAGAGTGAGACCCTGTCTCAAAACAAAAACAAAAAA"
"GL873521","7411723","7411845","chr16","11721596","11721721","28","4309873","GGCTGGGTGCAGTGATCCTAGCCTTTTGGGAGGCTGAGGCAGGAGGACTGATTGAGGCCATGAATTTGAGACCAGCCTGAGCAAGAGTGAGACCTTGTCTCTGCAAAAAATAGGAAAATTAGT","GGCTGGATGCGGTGGCTCATGCCTTTTGGGGAGGCTAAGGCAGGAGGATTGCTGGAGCCCAGGAATTAAAGACCAGCCTGGGCAACATAGTGAGACCTCGTCTCTACAAAATTAAAAATTAAGTTT"
"GL873521","7473204","7473396","chrX","14950093","14950281","51","7476889","CAAAAAAAAAACCTTAGCCAGGTATGGCAGCACAGATTTGTCATCCCAACTACTCAAGAAGCTAAGGTGAGAAGATCACCTGAGCACAGGAGTCTGAGGTTATAGTGAGCTGTGACTGGGCCATTCACTACATTCCAGCCTATGCTATAGAGTAAGACCCTGTCAAAAGAAAAAAAAAGAGAGAGAGAGAAAA","TCAATAAATAAAAATTAGCCAGGCATGGTAGCACATGCCTGTCGTCCCAGTTACTCAGGAGGCTGAGGTGGGAGGCTCACCTGAGCCCAGGCATTGAAGGCTGCAGTGAGCTATGATCACAACACTGCATTCCAGCCTGGGTGACAGAGCAAGACCCTGCCTCAAAATAAAATAAAGAAAGAAAGAAAA"
"GL873521","7473423","7473542","chr14","57739259","57739375","24","50265836","CTGGGCACAGTGTTCATGCCTGTAATTTGAGCACTTTGGGAGGCCAAGGCTAGAGGATCACTTGAGGCCAGGAGTTTGAAACCAGCCTCAGTAACACAGAGAACCCTCATCTCTATTTAA","CTGGGTACATTGGCTCAAGCCAGTAATCCCAGCACTTTGGGAGGCCAAAGCAGGAGGATCACTTGAGGCCAGGAGTTTGAGACCAGCCTGGGTAACATGAGACCCTGTTTCTACAAA"
"GL873521","7573100","7573248","chr5","35112160","35112317","42","27539060","AGCCAGATGTGGTCTATAGTCCACAGCTACTTAGAGGCTGAGGCAAAGGGATCACTTGAGCCCGAGAGTTCAGGGCTGTGGTGCACAATGATCATGTCTGTGAATAGCCACTGCACTTCAGCCTAGGCAACATAGCAAGACCCTATCTC","AGCCTGGTGTAGTGGCACATGCCTATAGTGTCAGCTACTGGAGAGGTTGAGGCAGCAGGATTGCTTGAGTCCAGCAGTTCAAGGCTGTAGTGCACGATGATGGTGCCTGTGAATAGATACTGTGCTTTAGCATGGGCAACACAGCAAGACTCTGTCTG"
"GL873521","7601934","7602029","chr5","155700261","155700353","20","148098327","GGCTGAGCCCAGAGGCTCATGCCTGTAATTCTAGCACTCTGGGAGGCTGAGGCAGGTGGAGTGCTTGAGCTCAGGAGTTAAAAAAATCCAGTTTGA","GGCCGGGCACAGTGGCTCATGCCTATAATCCCAGCACTTTGGGAAGCTGAGGCAGGAGGATTGCTTAAGCCCAGGAGTTCAAGACCAGTCTTG"
"GL873521","7602314","7602531","chr2A","29137649","29137868","57","21535335","GACCAGTGTGAGCAAGGGCAAGACTCTGTCTCTACTAAAAATAGAGAAACTAGCTGAGCATTGTGGTGGGTGCCTAAAGTCTCAGCTGCTCAGGAGGATAAGGCAGGAAGATCTCCTGAGCCCAGGAGTTTGAGGTTGATGTGAGCTATGATGATATCGCATTCTAACCAGGTAACAGAGTGAGGCTTTGTCTCAAAAAAAAAAAAAAAAAAGAAAAA","CAGCCTGGTCAACATAGGGAAACTCTGTCTCTACAAAAAGTTAAAAAATTAGCTGAGCATGGTGGCACATGCCTGTAGTCTCAGCTACTCAGGAGGCTGAGGCAGGAGGGTCACTTGAGCCTGGGAGGCTGAGGCTGCAGTGAGCTGTGATCATGCTATTGCACTCCAGCCTGGGAGACAGAGTGAGATCCTGTCTCCAAAAATAAAAAATAAAAATAAA"
"GL873521","7608283","7608358","chr9","32411376","32411450","22","24803093","AGGCTGAGGAGGAAAGATTACTTGAGCCCCAAAATCTAGCCTTGGTGACATAGTGAAACTCTGTCTAAAAAAAATA","AGGTGGGAAGAGTACTTGAGGCCAGGAATTCAAATCTAGCCTGGGCAACATAGTGAAACCCTGCCTTAAAAAAAA"
"GL873521","7633232","7633420","chr7","4237351","4237553","52","3395881","GTGGTGGCTCATGCCTGTAATCGTAACACTCTGGGAGGCTGAGGTGGGTAGATTGCTTCAGCTTAGGAGTTCGGGACCAACCAAAGCAAGAATGAGACCCCCTCTCTACTAAAAACAGAAAGACTAGCCAGGCATTGTAGCAGGTCCTGTAGTCGCTACTCAGGAGGCTGAAGCAGGAGGATCACTTAA","GGTCAGGCATGGTGGCTCATGCCTGTAATCCCAGCACTTTGGGAGGCCGAGGTGGGCAGATTGCTTGAACTCAGGAGTTGAAGACTAGCCTGGGCAACACGGCAAAACCCCATCTCTACTAAAACTACAAAAACTAACTGGGCATGGTGGCACGCGCCTGTAGTCCCAGCTACTGGGGAGGCTGAGGTAGGAGGATCACTTGA"
"GL873521","7636438","7636492","chr5","38545852","38545906","11","30909414","ATTCAAGCCTGGGTGACAGAGTGAGACACTATCTAAGAACAATAAATAAATAAAA","ATTCCAGCCTGAGTGACAGAGTGAAACCCTGTCTCAAAACAAAAACAAAAACAAA"
"GL873521","7696982","7697091","chr9","129918441","129918551","24","122221459","TAATCCTAGCACTCTGGGAGGCCAAGGTAAGTGGATTGCTTGAGCTCAGGAGTTCAAGAGCAGCCTGAGCAAGAACAAGACCCCAACTCTATTAAAAATAGAAAAAAGCA","TAATTCCAGCACTTTGGGAGACTGAGGCAGGAGGATTGCTTGAGCTCAGGAGTTCGAGACCAGCCTGGGCAACATATTGAGTCCTCATCTCTATTAAAAATTAAAAAAATA"
"GL873521","7697336","7697489","chr7","132712253","132712405","44","125014917","GTAGAAAAAAGGCCAGCTGGGCATAGTGGTACATGCTTGTAGTCCCAGCTACTTGGAGACTAAGGTAAGAGGACTGCTTAAGTCCAAGAGCTTAAGGTTGCTGTGAGCTATGACACCACAGGGTGATAAGAGTGAGACTGTCTCCAAAAAAAAA","GAATTAAATAAAAATTAGCAGGGCATGGTGGCATGTGCCTGTAGTGCCAGCTACTTGGGAGGCTGACGCCAGAGGATTACTTGAGCCCAGGAGTTGGAGGTTACAGTGATCATGCCACTGCATGACAGAGTGAGACCCTGTCTCAAAAAAAAA"
"GL873521","7750582","7750651","chr7","149337669","149337736","11","141587087","GCTGGGTAAGAGTGGCTCATACCTATAATCCCAGCACTTTTGGGAGGCTGAAACAGGAGGATCACTTGAG","GCTGGGCACAGTGGCTCACACCTGTAATCCCAGCACTTTGGGATGCTGAGGCAGGAGGATCATTGGAG"
"GL873521","7784733","7784858","chr3","160952502","160952627","25","153167769","GGCCGGGCATTGATGGCTTCTACCTGTAATCCCAGCACTTTTGGAGGCTGAGGTGGGAGGTTTCATTGAGATCAGGAGTTTGAGACCAACTTGGGCAACAGTGAGACCCTGCCTTAAAAAAAAAAA","GGCCAGGCATGGTGGCTCACACCTGTAATCCCAGCACTTTGGGAAGCTAAGGTGGGAGGATCGCTTGAGCACAGAAATTTGAGACCAGCTTGGGCAACATAGAGATCCTGTCTCTATTAAAAAAAA"
"GL873521","7784884","7785052","chr16","1604263","1604439","38","6180621","AATTAGGCAGGCATGGTGGCACTTGTCCCAGCTACTTGGAAGGCTGAAGGAGGAGGATCACTTGAGCCCAGGAGTTAGAGGTTGCTGTGAGCTTTGATGCCACTGTACTCTAACCTGGGCAACAGAGTGAGATGTGCCTCAAAAACAAACAAACAAACAAAACCAAAAA","AATTAGCCAGGCATGGTGATTGGCACCTGTGGTCCCAGCTACTTGGGAGGCTGAGGCAGGAGGATGAATTGACCCCAGGAGTTTGAGGCTGCAGTGAGCTATGATGGCACCACTGCACTCTAGCCTGGGCGACAGGATGAGATCTGTAAAAAAATAAATAAAAATGAAAATAAAAAA"
"GL873521","7870707","7870997","chrX","70230306","70230599","61","62359599","GCTGGGCACAGCAGCTCACACCTGAAATCCCAGTACCCTGGAAGGGTGAGGATGGAGGATCACTTGTGGTCAGGAGTTCAAAAACAGCCTAAGCAAGAGTGAATCGCCATCTCTATTAAAAATAGAGAAATTAGCCAGGTGTGGTGGCATTTGCCTGTAGTCCCAGCCACTTGGGAGGCTGAGGCAGGAGGATCATTAGAACCCAGAAGGTGGAGGTTGCAATGAGCAGTAATGACACCACTGCACTCCAGCCTGGGTGACAGAGCAAGTCTCTGTTTCAAAAAAAAAAAA","GGCCAGGTACAGTGGCTCACACCTGTAATCCCAGCACACTGGGAGGCAGAGGCGGGCAGATCATTTGAGCTCAGGAGTTCAAGAGCAGCCTGGGCAACATGGTGAAATCCCATCTCTACAAAAAATAGAAAAATTAGCCGAGTGTGGTGGCACTCCTCTGTAGTCCCAGCTACTTGGAAGACTGAGATGGGAGGATCATTTGAGCCCAGGAGGCGGAGGTTGCAGTGAGCTGAGATTGCACCACTGCCCTCCAGCCTGGGCAACAGAGCAGGACCCTATCTCAAAAAAAAAAAA"
"GL873521","8041789","8041920","chr12","80555695","80555826","29","72513906","GTGGTGGCTCATGCGGATTATCCCAGTACTTTGGGGAGGTTGAGGCAGGAGGATTGCTTGAGCCCAGGAATTTGAGACCAGCCTGAGCAACATAGTAAGACTCTATACAAAAAAATAGAAAAATTAGCCTGG","GTGGCTCATGCCTGTAATCCCAACACTTTGGGAGGCTGAAGCAGAAGGATTGCTTGAACCAGGAGTTTGAGACCAGCCTGGGCAACATAGTGAGACTATCTCCACAAAAATAAATAAAAAATTAGCTGGGCA"
"GL873521","8042182","8042375","chr4","7236991","7237179","49","805191","GGTAAAAAAGAAAAAGAAAAATTAGCCAGGAGCACTAGCTTACGGCTTGTAGTCCTAGCTACTCAGGAGGCTGAGGTAGGGGAATTGCTGGAGTCCAGGAGTTTGAAGCCACAGAGAGCAAAGACCACACCACTGTACTCCAGCCTAGGCAATAGAACAAGACCCTGTCTCTGAAAAAAATAAATAAAAATAAA","TAAAAAAAATACTTAAAATTAGCCAGGCGTGGTGGCACACACCTGTGGCCCCAGCTACTCAGGAGGCTGTTGTAGGAGGATCCCTTGAATCCAGGAGGTCAAGGCTGCAGTAAGCCAAGATCACGCCACTGCATTCCAGCCTAGGCAACAGAGCAAGATCCTGTCTCTTAAAAAAAAAAAAAAAAAGAA"
"GL873521","8067082","8067383","chr20","31024244","31024552","81","22957162","GGCCAGGTGTAGAGGCTCACACTTATAAGCCCAGCACCCTGAGAGGCCGAAGTGGGTGAACTGCTTGAGCTCAGGAGTTCAAGAGTAGCCTGAGCAATAGTGAGAGCCGATTTCTACTAAAAACAGAAAACCTAGCCAGGCACTGTGGTGGCGTCTATAGTCCCAGGTACTCGGGAGGCTGAGGCAGGAGGATTGCTCAATCCTAAACTTTGAGGTTGCTGTGGGCAATAATGCCATATCTCTACCCAGGGGAAAAGAATGAGACTCTGTCTAAATAAATAAATAAATAAAATAAAAACAAA","GGCCAGGCACAGTGGCTCACACCTGTAATCCCAGCACTTTGGGAGGCCGAGGTGGTGGACTGCTTGAGCTCAGGAGTTCAAGACCAGTCTGGGCAACATGGCAAAACCTTGTCCCTACAAATAATACAAAAATTAGCCAGGTGCGGTGGCATGTGCCTGTAGTCCCAGCCACTTGGGAGGCTGAAGTGGGAGGATTGCTTGATCCTGGGAGGTAGAGGCTGCAGTGAGCCATAATTGTGCCACTGCACTCCAGCCTGGGCAACAGAGTGAGACCCTATCTCAAAAATAAATAAATAAATATAAAGAAAA"
"GL873521","8204885","8205108","chr10","14099107","14099324","63","5894222","CGAATTCGAAACCAGCCTGAATAAGAGTGAGATCCGTCTCTAATGAAAAGAGAAAAACTAGCAGGTTTTGTGGTGGGTGCCTTTAGTCTCAAGCTACTTGGGAGCCTGAGGCAGGAGGATCACTTAAGCCCAGGAGTTTGAGGTTGCTGTGAGCTATGATAACATTAGGGCATTCTAGCCTGGGAAACCGAGTGAGACTCTGTCTTAGAGAAATAAAAAATAAA","AGACCAGCCTGGGCAACATGACAAGATCCCGTCTCTACAAAAAATACAAAAATTAGCAGCGTGTGGTGGGGTGTGCCTGTAGTCCCAGTTACTTAGGAGGCTGAGGCAGGAAGATCACTTGAGCCCAGGACGGGGAGGTTACAGTGAGCCGTGATCACACCACCACACTCCAGCCTGGGTGACAGAGTGAAACTCTGTCTCTATAACAAACAAACAAA"
"GL873521","8205374","8205463","chr18","31130683","31130770","22","22925309","GCCGGACATGGTGGCTCATGTCCCTCCTGTAACCCTAGCACTCTGGGAGGCTTTGGCCTAAGGATTTGAGCTCAAGAGTTTAAGACCAGG","GGCCAGGCATGGTGGCTCACACCTGTAATCCTAGCACTTTGGGAGGCTAAGACCAGAGGATAATTAAGCTCAGGAGTTCAAGACCAGC"
"GL873521","8530940","8531225","chr4","131255414","131255698","71","122724474","GTCAGGTGTGATGGCTCGTCCTGTAATCCCAACACTCTGGGAGGCTGAGGCTGGTGGTTTGCTTGAGCTCAGGAGTTCTGAGACCATCCTGAGGTAAGAGTGAGACCCCATCTCTACTAAAATTAGAAAAAAAATTACCCAGGTGTAGCGGTGATGCCTGTAGTCCTAGCTACTTGGGAGGCTGAGGCAAGAGGATTGCTCAAGCCTGAGAATTTGAGGTTGCTGTGAGCTATGACTCCATCGCACTCAACCCCAGGGTGACTGAGTGTGATTGTCTGAAAAAGAA","GGCAGGACACGGTGGCTCACACCTGTAATCCCAACACTTTGGGAGGCTGAGGCAGGTGGATCACTTGAGCTCAGGAGTTGAGACCAGCCTGGGCAACATGGTGAAACCCCATCTCTACTAAAAATACAAAAATTAGCCAGGCATGGTTGTGGATGTCTGTGGTCCCAACTACTTGGGGGGCTGAGGCAGCAGGATTGCTTAAGCCTGGTAATTTGAGGCTGCAGTGAGCCATGTTCTTGCCAGTGCTCCAGCCTGGGTGACAAAGCAAGACCCTGTCTCAAAAAA"
"GL873521","9138426","9138710","chr17","16672309","16672598","64","7533883","GGTGGCTCATGTCTGTAATCCGAGCACTCTGGGAGGCTAAAGTGGAAGGATCACTTGAGCTCAGGAGTTTGAGACTAGCCTGAGCAAAAGTGAGAACAATGTCTCTATTAAAAATAGAAAATTAGCCAGGTGTTATGATAGGTGCCTGTAGTCCCAGCTATTCAGGAAGGCCAGGAAGGAGGATCCCTTGAGCTGGGGAGTTTGAGGTTGCTGTGAGCTGTGATGACACCATGGCACTCTACCCATGATGACAGAGTAAGACTGTCTCTAAAGGGAGAAAAAAAA","GTGGCTCACACCTGTAATCTCAGCACTTTGGGAGGCTGAGGCGGGAGGATCACTTGAGCCCAGGAGTTTGAGACCAGCCTGAGCAACATAGTAGGCTCCTGTCTCTACAAAAAAATACAAAAATTAGCTGGTACTGGTGGCATGTGCCTGTAGTCCCAGCTACTCAGGAGGCTAAGGCAGGAGAATCGCTTGAGCCCAGGAGGTTGAGGCTGCTATGAGCTGTGATGGCACCACTGCACTCCAGCCTGGGTGACAGAGTGAGACCTGGTCTCAAAAAGAAAAAAAAAAAA"
"GL873521","9337001","9337128","chr7","153795408","153795531","29","144458407","CTGGGCTCAGTGGCTCATGCTTGCAAGCCCAGCACTCTGGGAGGCCAAGGCAGGTGGATTGCTCGAGTTCAGGAATTTCAGACCAGTCTAAGAAAGAGTGAGAGCCCATCTGTACTAAAAATAGAAAC","CTGGGCACAGTGGCTCACGCCTGTAATCCTAGCACTTTGGGAGTCCAAGGCAGGAGGATGCTTGAGTCCAGGAGTTCAAGACCAGCCTGAGCAATATAGTGAGACCCCCATCTCTACAAAAAAA"
"GL873521","9337149","9337320","chrX","5183862","5184037","43","4153287","TAAAATACTAGCTGGGCATTGCGATGGGTGCCTGTAATTCCAGCTACTCAGGAGGCTGAAGCAAAAGGATCACTTGGGCCCAAGAGTTTGCGGTTGCTGTGAGCTGTGATTACACCACAGCACTCTCCCCAGGCAGAGAGAGACTCTGTCTTTAAAAACAAACAAACAAAAA","ATAAAAATATTAGCTGGGCATGCTGGTACATGCCTGTAGTCCCAGCTACTCAGGAGGCTGAGGCCTGAGGATCACTTGAGCCCAGGAGTTCCAGGTTGCAGTGAGCCGTGATTGCACCATTGCACTCCAGCCTGGGCCACAGGGCTAGACCCTGCTCAAAAGAAAACAAAAAAGAA"
"GL873521","9671716","9671832","chr6","38551166","38551279","31","28879450","GGCTAGGCAGGGAGGCTCAAAACTAAAATTTTAGCACTCTGAGAGCCCAAGGTGGGAGAATTGCTTGACCTCGGGTGTTTGAGACCAGTCTGAGCAAGAGTAACATCACATCTCTAC","GGCTAGGCGTAGGGGCTCAAACCTGTAATTCCAGCACTTTGGGAGGTCAAGGTGGGAGGATTACCTGAGGCCAGGAGTTTGAGACCAGCCTGAGCAACAGTGAGACTTTGTCTC"
"GL873521","9671895","9672063","chrX","24568892","24569057","39","14896997","TAATTAGCCAGGCATAGAGGTGGTATACACCTGTAGTCCCAGCTACTCTGGAGGCTAAGTCAGAAGGACTGGTTGAACCCAGGAGTCTGAGGTTGCTGTGACTAGGCTGATGCCACAGAACTCTAGCCTGATCAACAGAGTGAGACTCTGCCTCAAAATAAAAAAGGAA","AAATTAGCTAGGCATGGTGGCATGCAACTATAGTCCCAACTACTCAGGAGGCTGAGGCCGGAGGATGGTTTGAGCCCAGGAGGTGGAGGTTGCAGTGAGCCAAGATCACACCACTGCACTCCAGCCTGGGCAACAGAGTGAGACCCTGTCTCAAAAAAAAAAAAAA"
"GL873521","9699009","9699116","chr16","57943722","57943822","32","48244713","TCTGAGACACTCGGGAGGCTGAGCCTAGGAGTTTGAGGTGACAGTAAGCTAAGTTGATGTCACTGCATTCCATCCTAGGCAACAAAGCAAGATCTTATCTCTAAAAGA","GGAGGATTGCATGAGCCCAGGAGGTTGAGGCTGCAGTGAGCCAAGATCGTGCCACTGCACGTCAGCCTGGGCAACAAAGCAAGACTCTATCTCAAAAAAAA"
"GL873521","9699330","9699522","chr6","3030697","3030873","65","6668633","GGCTGCATGTGGTGGCTCGTGACTGTAATTTCACCACTTCAAAAGGCTGAGGCAGAGGAGTCACCTGGGGCCCAGAAAGTCACCCTTAAAGTCCAGCCTGAGTAACACAGTGAGACCCAAGATCCCAACTCCACAAAAGAAAAAAGAAGGGAAAGGAAAGAAAAGAAGAGTGGTGTGTGGTGACCTCCTAGAC","GGCCAGGCATGGTGGCTCTCCCCTGTAATCCCAGCACTTTGGGAGGCCAAGGCAGAAGGATCGCTTGAGCCCAGGAGTTTTAAGACCAGCCTGAGCAACACAGAGAGACCAGATCCCACTTCCACAAAAAAAAAAAAAAAATATTTGCCAGGCGTGATGGTGCATGCCTGTAGTCCC"
"GL873521","9879625","9879892","chr2A","20521665","20521953","79","10642040","GGGTGGGCACTGTGGCTCAGGCCTCCTAGCACTCTGGGAGGCCGAGCTGGGTGGATGACTTGAGCTCATGAGTTTGAGACCAGACTGAGCAAGAGCAAGCCCCATTTTTAAAAATAGCCAAGTGTCATGGTGGGCATCTATAGTCCCAGCCAGTTGGCAGGCTGAGGAAGAAGGCTTACTTGAGCTCAAGAGGTAGCTGTGAGCTGTGATGCCATGGCACTCTACCCAGGACAACAAAGTAAGACTGTCTCCAAAAAAAAGAAAAAAA","GGCTGGGCACAGTGGCTCACGCCTGTAATCCCAGCACTGTGGGGAGGTCAAGTTGGGTGGATTGCTTGAGCCCAGGAGTTTGAGACCAGCCTAAGCAATAGGCAAAACCCTGTCTCTACAAAAATCAGCCAGGTATGGTAGTGCGTACCTGTAGTCCCAGCTACTCAGGAGGCTGAGGTGGGAGGATCACTTGAGCCTGGGAGGTGAAGGCTGAAATTAGCCATGATCATGCCACTGCACCCCAAGCCTGGGCAACAGAGCAAGACCTTGTCTCAAAAAAAAAAAAAAA"
"GL873521","10097455","10097754","chr11","114714719","114715027","67","104617264","GGCCTGGGTGTGGTGGCTCACACCTTAATCCTAGCACTCTGGGACGATGAGGCAGGTTTGCTTGACCTCAGGAGTTTGAGAGCAGCCTGAACAAGAGTGAAACTCTGTCTCTACTAAAAACAGAAAAACTAGCCTAGTGTAGTGGTGCACCCCTGTAGTCCCAGCTGCTCAGGAGGCTGAGGCAAGAGGATCACTTGAGCCCAAGAGATTGAGGTTACTGTGAGCTGTGAGGCTGTGTTACTCTACCCAGGGCAAGAGAGTGAAGCCATCTCAAAAAAAAAAAAAAAAAAAAAAAAAAAA","GGCCAGGTGTGGTGGCTCACACCTGTAATCCCAGCACTTTGGGAGGCTGAGACAGGTGGATTGCTTGAGCCTAGGAGTTCGAGACCAGCCTGGCAACATGGCGAAACCTTGTCTCTACAAAAAATACAAAAATTAGCCAAGTGTGGTGGTGCACACCTGTGGTCCAAGCTACTCGAGAGACTGAGGTGGGAGGATTGCTTGAGCCCAGGAGGTTGAGGCTGGGGTGAGTTGAGATCATGCCACTGCATTCCAGCCTGGGCAACAGAGGAAGACCCTGTCTCAAAAAAAAAAAAAAAAAAAAAAAAAAAA"
"GL873521","10225742","10225927","chr15","49930173","49930354","59","39704431","TGGCTTACACCTGTAATCCTAGCACTTTGGGAGGCCACAGCAGATGGCTGCTTGAGCTCAGGAGTTCAAGCCTAGCCTAAGCAAGCCAGAACCATTGCCACTAAAAACAAAAAAAATAGCTGGAGTTGTGGGCACCTGTAGTTAGTTCCAGCTACTTAGGAGGCTGAGGAAAAAGGATGGCTTGAT","GCCTGTAATCCCAGCACTTTGCGAGGCCGAGGCCAGGCAGATCACTTGAGCCCAGCAGTTCAAGACCAGCCTGGGCAACATGGCAAAACTCCTTCTCAACAAAATACATAAAAATTAGCTGGGTGTGGTGGCATGTACTTTCAGTCCCAGCTACTCAGGAGGCTGAAGCAGGAGGATCATTT"
"GL873521","10226192","10226278","chr4","154285033","154285123","27","144058841","GAGGATGGCTTGAGCCCAAGAGTTTGAGGTTGCTATGAACTATGATGTCATGGCACTCTATCCCTGGCCACAGAATCAGACTCTGTC","GGAGGATCACTTGAGCCCAGGTGGTTGAGGCTGCAGTGAGCTGTGTTTATACCACCACACTCCAGCCTGGGCCGCAGAGTGAGACTTTGTC"
"GL873521","10399308","10399475","chr9","96945917","96946089","50","86546609","GGCCAGGTATGGTAGCTCACACCTGTAATCCTTGTACTCTGGGAGGCTTAGGAGCAAAGATCACCTAAGTGTAGGCATCTGAGACCAGTTTGAGCAAGTGAAACCCCATATTTACTAAAATTAGAAAAATTAGCTAAATGTTGTGGCAGGAACCTATCGTCCTAGCTA","GCCGGGTACAGTGGCTCACACCTGTAATCCCAGTACTTTGGAAGGCCAAGGCCAGAGGATTACTTAAGGCCAAGAGTTTGAGACCAGTCTGGGCAACATGGTGAAACCCCATCTGTACAAAAAATACAAAAATTAGCTGGGCATGAGGGCATTTGCCTGTGGTCCTAGCTACT"
"GL873521","10449464","10449583","chrX","134402652","134402771","17","123953188","GGCCAGAGGTGGTAGTTCATGCCTATAATCCCAGCAATTTGGGAGGCTGAGGGGGGAGGATAGCTTGAGGCCAGGAGTTTGACCCCTGCCTAGGCAACATAGTGAGACCCTATCTCTACT","GGCCAGATGTAGTGGCTCATGCCTGTAATCCCAGCACTTTGGGAGGCTGAGGTGGGAGGATCACTTGAGCCCAGGAGTTTGAGACCAGCCTGGGCAACATAGCAAGACCCTGTCTCTACT"
"GL873521","10449618","10449745","chr1","23164480","23164594","46","12714862","CCAACCATAATCGAGCACCTACAGTTCTAGCTACTCCGCAATCTCAGGCAGGGGAAGATTGCTTGAGTCTAGGAGTTCAGGGTAAGCTACTGCCCTTCAGCCTGGGAAACAGAGGAAGACCTTGTCTC","GGCCAGGCACAGTGGTGCCTACCTACAATCCCAGCACTTTGGAAGGCTGAGGCAGGAGGATCGTTTGAGGCCAGGAGTTCAAGATCAGCCTGGGTAACATATCAAGACCTGTCTC"
"GL873521","10796827","10797050","chr7","39187608","39187844","67","28390781","ACTCTGGGAGGCCAAGACAGGTGGATTGCTTAAGCTCAGGAGTTGGAGACCAGCCTAAGCAAGAGTGAGACCTCGTCTCTAAAAATATCTGGGCATTGGTTGGGCACCTGTAGTCCCAGCTACTCAGGAGGCTGAGGCAATAGGATTGCTTGAGCCTAAGGATTCCTGTGAGCTATGATCCCACAGCACTTTACCAAAGGTGACAAAGTGAGACTCTATCTCAA","CACTTTGGGAAGCCAAGGCAGGAGGATTGCTTGAGTGAAGGAGTTCAAGACCAACCTGGGCAAGATTGGGAGAAAAAAATTAAAAATTAGCTGGGCATGGTGGTGCATGCCTGTAGTCTCAGCCACTGGGAAGGCTGAGGCAGGAGGATCGCTTGAGCCTGAGAGATTGAGGCTGCAGTGAGCCTTGATTGTGCCACTGCACTCCAGCTTGGGCAACAGAGTGAGACCCTGTCTCAA"
"GL873521","10797081","10797110","chr4","40399247","40399277","7","29602166","CTGGGTGCAGTGGCTCATAGTTGTAATCCT","GGCTGGGTGCAGTGGCTCACATCTATAATCC"
"GL873521","11204849","11204966","chr7","73480490","73480609","28","62275641","GGCCAGGCATAGTGGCCTCCAAAAATCTTAGGACTTTGGGAGGTAGAGGTAGGAGAACTACTTGAGCCAAGGAATTCAATACTAGCCTGACCACAATAATGAGACCCTACCTCTACCA","GGCCAGGCACAGTGGCTCATGCCTATAATCTCAGTGCTTTGGGAAACTGAGGCAGGAGGATCACTTGAGCCCAGGAGTTCAAGACCAGCCTGGACAGCATAATGAGACTCCACCTCTACA"
"GL873521","11205003","11205140","chrX","7019379","7019524","37","4185624","TAGCCAGGCATGGTGGCACATACCCAAGTCCCAGTTACAGAAGAAGCTGAGGGAAGGGTATCAGGCCCAGAAGTTCAAGGTTGCCATGAGAGATGATCACACCACTGCAGTTCAGCCTGGGCAGCAGAGAGACCCTAT","TAGCCAGGCATGGTGGCACATGCCTGTAGTCCCAGCTACTCAGAAGGCTGAGGTCGGAGGATCTCTTGAGCCCTGGGGTGCAAGGCTGCAGTGAACCATGATCACACCAGTGCACTGCAGCCTGGGCAACACAGCAAAACCCTGTC"
"GL873521","11332611","11332889","chr9","110082691","110082973","78","98750080","GACGGGGAGCCATGGCTTGAGACTGTAATCCTAGTACTCTAGGAGGCCAAGGTGAGTGGATTACTTAAGCTCAGGAGTTAAAGTCCAGGCTGAGCAAGAGTGAGACCCTGTCTCTCCCCCAGATAGGAAAACTAGCCGGACATTGTAGTAGGCACCTGTAGTCCCAGCTTCTGAGGAGGCTGAGGCAAGAGGATTGCCTGAGCCCAACAGTTTGAGGTTGCTGTGAGCTAAAATGCCATGGAACTCTACCCATGGTGATGGAGTAGGATTCTGTCTCAA","GACTGGGCATGGTGGCTCCCAAAGTGTAATCCCAGCACTTTGGGAGGCCAAGGTAGGTGGATTGCTTGAGCCCAGGAGTTTGAGACCAGCCTGGGCAACATGGTAAAACCCTGTCTCTACAAAGAATACAAAAATTAGCTGGGCATGGTTGCATGCACTTGTGGTCCCAGCTACTCAGGAGGCTGAGGTGGGAGGGTCACTTGAGCCCAGGAGATTGAGGCTGCAGTGAGCTGAGATCGTGCCACTGCACTCTAACCTGGGTAATGGAGTGAGACCCTGTCTC"
"GL873521","11332916","11332939","chr22","30701628","30701648","4","19368712","ATAAAACTAAAAAGTAAGAAAAAA","AAAAACTAAAAAGAAAAAGAA"
"GL873521","11407564","11407699","chr17","81073514","81073640","45","69665950","AAAAACTAATGGCTGGGCATAGTATGTGTAGGTAGACTAGGCTACTTAGGAGGTCAAGGCAGAAGAATCACTTGAGCTCATGAATTTGAGGCTAGCATGGGCAATGATACCTCAGGTCTCAATAAAATATAAAAAA","GCCAAGCACAATGGCTCATGCTGGTAATTCTAGTACTTTAGGAGGCCAAGGCAGTAGGATCACTTGAGGCCAGGAGTTTGAGACCAGCGTGGGCCACACAGAGACCCTCCCTGTATAAAAAAAAAAA"
"GL873521","11442747","11442764","chr1","62222108","62222122","3","50779361","CCCATAAAATAAAATAAA","ATAAAATAAAATAAA"
"GL873521","11442802","11443056","chr17","73117863","73118118","82","61675061","GGCTGGGCGTGGTGTTTCATGCATGTAATCCTAATACTTTCAGAGGCTGAGGTGGATGCACTGCCTGAGCTCAGGATTTTAAAGCCAGCCTGAGGAAGAGCAAGACCCCATCTCTAAAAAATAGCTGGGCATTGTGGTGGGTGCTTGTAGTCCCCATTGTGGTGGGTGCTTGTAGGTAGCTCACGAGTTTGAGGATGCTGTGAGCTATGATGCACCACACTTCTTTCTACCCAGGGAGACAAAGCAAGACTCTGT","GGCCGGGCGTGGTGACTCATGCCTGTAATCCCAGCACTTTGGGAGGCCGAGGCGGGTGGATCACCTGAGCTCAGGAGTTCAAGATCACCTTGGGCAATGTAGTGAGACCTCACCTCTACAAAAATGAGCCAGGCATGGTAGTGCATGCTTGTAGTCCTGACTGAGGCAGGAGGATGATGAGCCCAGGAGGCAGAGGCTACAGTGAGCCATGATCGCTCCATCGCACTCTAGCCTGGGTGATGTGACACCCTGTCTC"
"GL873521","11751009","11751243","chr8","26546785","26547018","61","14795776","CAAGACCAGCCTGAGCAAAGCTAAACCCTGTCTCTACTAAAAATAAAAGGATTAGCTAGGTATGGTGGCATATGCCTGTAGTCCCAACTGCTCAGGAGTCTCAGGCAAGAGGATTGCTTGAGCCCATGAGTTAGAGGTTGCTGTGAGCTTTGATGTCATGGCACTCTATCCAGGGCAACTGAGTGAGACTGTCTCAAAATAAATAAATAAATAAATAAGAAAGAAAGAAAGAAAA","CAAAATCAGCCTGGGTCACATGGTAAAACCCCATCTCTACAAAAAATACAAAAATTAGCCAGGTATGGTGGCTTACACCTGTACTTCCCAGCTACTTGGGGGGCTGAGGCGGGAGGATCGCTTGAGCCCAGGAGGTAGAGGTTGCAGTGAGCTGAGATCGCACCACTGCACTCCAGCCTGGGTGACGGAGTGAAACCCTGTCTTAAAAAAAAAAAAAAAAAAAAAAAAAAAGAA"
"GL873521","12019379","12019705","chr16","68023292","68023602","103","56003913","GCTCACACCGATAATCCTAGCTCTGGGAGGCTGAGGGGGCAGGATCTCTTGAGCTCAGGAGTTTGAGACCAGACAGAGCAAGAGTGAGACCTTGTCTGTACTAAAAATTAACCAGGTGTGGTGGAAGGTGCCATCGTCTCAGCTACTCTGGAGGCTGAGGCAGGAGGATCCCTTGAACCCAGGAGGTTGAGGTTGCTGTGAGCCAGGCTAATGCCAAGATCTGGGGCATCAGAGTAAAACTGAGGTTGCTGTGAGCCAGGCTGATTCTAGCCTGGGCAACAGAGTAAGACTCTGTCTCAAAAACAAACAAACAAAAAACAAAAAAAA","CGGTGGCTCACACCTGTAATCCCAGCACTTTGGGAGGCTGAGGTGGGAGGATCACTTGAGCTCAGAAGTTTGAGATCAGCCTGGGCAACATGGCAAAACCTATCTCTAGAAAAAATACAAAAACTAGCCAGAGTGGCACGTGCCTGTTGTCCTAGCTACCCAGGAGGCTGAGGTAGGAGGATCACTTGAACCTGGGGGCAGAGATTGCAGTGAGCCATGATTGTGCCACTGCACTCCAGTCTGGGCAACTCCAGCCTGGGCAACAGAATGAGACTCTGTCTCAAAAATAAAAAAGAAAAGAAAAGGAAAAA"
"GL873521","12059316","12059592","chr5","143468399","143468692","69","131409083","GGCTAGGTGCAGTGGCTCATGCCTGTAATCCCAGCACTCTGGGAGGCTCAGGCAGGTGGATTACTTGAGCTCAGGAGTTGGAGACTAGCCTGAGAAAGAGTGAAACCCATCTCTACTAAAAATAGAAAAACTAACCAGGTGTGTGGTGGTCCCCTATAGTCCCAAATACTGGGGAGACAAGAGAATTGTTTGAGCCCAAGAGACTGAGGTTAGCTGTGATGACTCCATAGCACTCTACCCAAAGTGACAGAGTGAGATTCTGTCTCAAAAAAGGAAA","GGCCAGGCACAGTGGCTCATGCCTGTAATTCTAGCACTTTGGGAGGTCAAGGCAGGCAGATCACTTGAGCTCAGGAGTTCGAGACCGGCCTGGGCAACAGGGTGAAACCCCATCTCTACAAAAAAATACAAAAACTAGCCAGGTGTGGTGAAGTGTGCCTGCAGTCCCAGCTACTCAGGAGGCTGAGGCAGGAGAATTGCTTGAGCCTGGAGGCTGAGGTTGCAGTAAGTCAAGATCATGCCATTGCACTCCAGCCTGGGTGACAGGAGTGAAACCCTGTCTCAAAACAAAGAA"
"GL873521","12087639","12087865","chr4","25649068","25649301","60","13561429","GGCTGGGCTAGGTATACCATGCCTGTAATCCTAGCATCCTTAGAGGCAGAAGCAGGATTCCTTTAGCTCAGGAGATTAAGACCAGCCTGAGCAAGGGTGACACCCCATTTCCATCAAAAATAGAAAAACTAGCTGGGCATAGTGGTGGGCATCTGTAGTCCTAGCTACTCGGGAGGCTGAGGCAAGAGGATCCTTGGAGCCCAGGAGTTTGGGGTTGCTATAAGCCG","GGCCGGGCATGGTAGCTCACGCCTGTAATACCAGCACTTTGGGAGGCTGAGGCGGGCTGATCACTTGAGTCCAGGAGATAGAGACCAGCCTGGGCAACATGGCAAAATCCCATCTCTATAAAAAAAACACAAAAATTAGCTGGGCATGGTGGTGTGCACCTATAGTCCCAGCTACTTGGGAGGCTGAGGCAGGAGAATCTCCTGAGCCCAGGAGGTGGAGGCTGCAGTGAGTCG"
"GL873521","12170072","12170342","chr3","111501569","111501837","73","99331497","GCCAGATGCAGTAGCTTACAGCTATAATCCCAGTACTTTGGAAGGTCAAGGCAAGAGGATTGGTTGAGACCAGGAGTTGAAGACCAGACTGGACAATGTAGTAAAACCCTATCCCTACAAAAAATAGAAAAAATTAGCTGGGTGTCATAGCTCTTGCTTATAGTCCCAGCTACCTGAGAGGCTGAGGGAAGAGGATCACTTGAACCCCTGAGATTGATACCATGGTACTCCACCTTGGGTGACAAAGTGAGACCCTTTCTCAAAAACAAAA","GGCTGGGTGTGATGGCTCACATCTATAATCCCAGCACTTTGGGAGGCCAAGGCAGGTGGACTGTCTGAGACCAGGAGTTTGAGACCAGCCTGGGCAACATGGTGAAACCCTGTCTTGACAAAAAAAATAAAAAATTAGCTGGGAGTGGTGGTGTGCACCTGTAGTCCCAGCTATGCGGGAGGCTGAGATGGGAGGATCGCTTGAGCCCGGCAGGCAGAGGTTCACTCCAGCCTGGGCGACAGAGTGAGACCCTGTCTTAAAAACGAAAA"
"GL873521","12688417","12688615","chr16","83498862","83499063","66","70810445","AAATCAGCCTGAGCAAAAGCAAGATCCAGTCTCTACAAAAAACTAGAAAAATTAGCCAGGCATGGTGATACACTCAGGAGAATGAAACAAGAGGATCACTTGAGCCCCGGGGTTTGATGTTGCACAGTGAGCTATGGCGATGCTGCTGCTCGGATAACAACGCGAGATGAGACCCCGTCTCAAAAACAAACAACAAAAA","ACTAGCCTGGGCAACACAGCAAAACCCCATCGCTACAAAAAATACAAATATTAGCCAGGTGTGATGGTGCATGCCTAGGGAGGCTGAGGTGGGAGGATCACTTGAGTCCAGGGAGGCTGAGGCTGCAGTGAGCTGAGATTATGCCACTGCACTCCAGCCTGAGTGACAGAGTGAGAACCTGTCTCAAGAAAATTAAAAAAAA"
"GL873521","12689719","12689822","chr7","26479088","26479188","21","13789369","GCTGAGTACAGTAGCTCACTTCTTTCATCTCAGCACTATGAGAGGCTGAGTCAGGAGGATCACTTGAGGCCAGGATTTTGAGACAAGCCTGGGGAACATAGTGA","GCTGGGTGCTGTGGCTCACATGTATAATCACAGCACTTTGGGAGGCTGAGGCAGGAGGATCACCTGAGGCCAGGATTTCAAGACCAGCCTGGGCGAAATGG"
"GL873521","12747705","12747831","chrX","118392849","118392966","30","105645144","GCCAAGCATGGTAGCACAAGCTTTGTAGGCCCAATTACTTGGGAGGCTAAGATGGGAGGATCACTTGAGCCCAGGAGTTTGAGGCCAGCCTGAGAAACACTCCAAGACCCTCTTTATTTAAAATATA","GCCAAGCATGGTGGCTCATGCCTGTAATCCCAGTACTTTGGGAGGCTGAGATGGGAGGATAGCTTGAGCCCAGGAGTTTGAGACCAGCCTGGTAACACAGTGAGACCTCATCTCTACA"
"GL873521","12758304","12758462","chr7","65488595","65488751","43","52730291","ACTTAGCTGAATATAGTAGCACAAGCCTGTATTTCCAGCTACTCAGGAGGCTGAGGCAGGAGGATCACTTGGGCTTACAAGTTGGAGGTTGTGGTAAGCTATGATGATGCCACTGCCCTCTGCCCCAGGCAAATGTGATGCCTTGTCTCAACAACAAAA","TTAACTGGGTATAATGACACATGCCTGTAGTCCCAGCTACTAGAAAGGCTGAGGTAGGAGGATTGCTTGAGCCTGAGAGGTTGAGGATGCAGTGAACCATGATCAGGCCACTGCACTCAGCCTAGGCAACACAGTGAGACCCTGTCTCAAGAAAAAA"
"GL873521","12758495","12758600","chr16","15961202","15961315","30","3202707","GTGGCTGGTGCATATAATCCTACCACTTTGGAAGGAGGAGGGAGAATCATTGAAACCAGGAGTTCAAGAACAGCCCAGGCAGGCTATAGTGAAATCTCATCTCTAC","GTGGCTGGGCATGCCTGTAATCCTAGCACTTTGAGAGGCTGCAGCGGAAGGATCGCTTGAGCCCAGGAGTTCAAGAACAGCCTAGGCAACATAGCAAGATCCCTGTCTCTACAA"
"GL873521","12822938","12822952","chr1","210017045","210017059","2","197194107","TAAAACAAAAGAAAA","TAATAAAAAAGAAAA"
"GL873521","12822989","12823283","chr7","75828649","75828941","71","63005660","GGCCAGGCAAGGTGGCTAACTGCTGTAATCTTAGCACTCTAGGAGGCTGAGGCAAGAGAATTCCTTGAGGTCAGGAGTCAGAGACCAGCCTGAGCAAAAATGACACTCCACCTCTATGAAAAATAGAAAACAAAAATTAGCCAGGTGTGATGGCCCATTTCTGTAGTCCCAGCTACTGGGGAGGCTGAGGCAGGAGGATAGCTTGAGCCCAGGAGCTTGAGGTTGCGGTAGCTAGGCAGATGGCTCAGCACTCTTTCTAGCCTGGGCAACAGAGCAACATTCTATCTCAAAAAAT","GGCTAGGCATGGTGGCTCATGCATGTAATCCCAGCACTTTGGGAGGCTGAGGCGGACGGATCACTTGAGGTCAGGAGTTCGAGACCAGCCTGGTCAACATGGTGAAACCCCATCTCTACTAAAAATATAAAAATTAGCCAGGTGTGGTGGCGCATGCCTGTAGTCCCAGCTACTTGGGAGACTGAGGTGGGAGGATCCCTTGAGCCTGGGAGGTTGAGGCTGCAGTGAGCTGTGATGGCACCACTGCACTCCAGCCTGGGCAATAGAGCAAGACCCTGTCTCATAGGAAAAAA"
"GL873521","13041237","13041319","chr5","49472177","49472254","12","36430940","GGCCAGTCATGGTGGCTCATGCCTATAATCCTAGCACTCTGGGAGGCTGAAGCAGGAGGATCACTTGAGCTCAGGAGTTTGAG","GGCCTGGCATGGTGGCTCATGCCTGTAATCCAGCATTTTGGGAGGCTGAGGCAGGAAGATCACTTGAGCTCAGGATTT"
"GL873521","13102109","13102207","chr16","30194624","30194720","25","17092515","TGAGCCCAGGAGTTTGAGGTTGTTGTGAGCTGAGCAGACCACACAGCATTCTAGCTTGGGCAACAGAGTGACATTGTGCTTCAAAAAAAGAAAAAAAAA","TGAGCCCAGGAGTTTGAGACTACAGTGAGCTATGATTACACCACTCCTCTCCAGCATGGGCAACAGAGTGAGACACTATCTCAAAAAAAAAAAAAAA"
"GL873521","13102475","13102686","chr2B","236887995","236888203","46","223785520","GGCCAAGTGTGGTGGCTCATGCTTGTAATCCTAGCACTCTGGGTGGCTGAGGCAGGGGGATCACTTGAGCTCAGGAGTTCAAGACCAGCTTGAGCAAGAGTGAGAACCCATTTCTACTCAAAATAGAAAAAAATTAGACAGGCACTGTGGTGAGTGCCTGTAGTATGAGCTACTTTGGAGGCTGAGATAGGAAGATCACTTGAGCCCAGGAG","GGCTAGGCGCAGTGGCTGAAGCCTGTAATCCTAGCACTTTGGGAGGCCGAGGTGGGCGATCACTTTGGCTCAGGAGTTCGAGACCAGCCTGGGCAATATGGCAAAACCCCATCTCTACACAAAATACAAAAATTACTCAGATGTGGTGGTGAGTGCCTGTAGTCCCAGCTACTTTGGACGCTGAGGTGGGAAGATCACCTGAGCCCAGG"
"GL873521","13327200","13327291","chr3","43397692","43397785","20","30070492","CTATCACTTTAGGAGGTGAGGTGGGAGGATCACTTGAGGCAAGGAGTTCAAGAGCAACCTAGGCAACATAGGAACCCCTCTGTCTCTCCAAA","CCCAGCACTTTGGGAGGCTGAGGTGGGCAGATCTCTCGAGCCCAGGAGTTCAAGACCAGCCTGGGCAACATGGTGAAACCCCGTCTCTACCAAA"
"GL873521","13327700","13327732","chr1","70851001","70851033","8","57523301","GCTGGATATGGAGTCTCACACCTGTAATTCTAT","GCTGGGCATGGTGGCTCATCCCTGTAATTCCCT"
"GL873521","13722076","13722356","chr17","55905881","55906166","74","42183805","GTCTGGCGTGGTGGCTCAAGCCTATAATCCTAGTACTCTGGGAGTCCAAAGTGGGTGGATTGCTTGAGCTCAGTAGTCTGAGACCAGCCTGAGTAAGACCCAGACATCGTATCTACTAAAAATAGAATAAACTACCTGGGCATTGTAGCGGGTGCCTACAGTCCCAGCTACGTGGGAGGTTGAGGCAAGAGGATCACCTGAACCTAGAGAATGAGGTTGCTGTGAGCTATGATGAGGTCAAGGCACTCTACCCAGAGTAACAGAGTGAAATTCTATCTCAA","GGTCAGGCATGGTGGCTCAGGCCTGTAATCCCAGCACTTTGGGAGGCCAAGGTGGGCAGATTGCTTGAGCCCAGGAGTTTGAGATCAGCTTGGGCAACATAGTGAAAACTCATCTCTACAAAAAATTAAAAAAATTAGCTGGGCATTGTGGCACGTAACTGCAGTCCCAGCTACTTGAGAGGCTGAGGTGAGAGGATCACCTGAGGCCGGGAAGTCGAGGCTGCAGTGAGCTGTGATTGGGCCACTGCACTCCATCCTGGGCGACAGAATAAGACCCTGTCTCAAA"
"GL873521","13722635","13722652","chr6","90847853","90847870","1","77125218","AAAAAAAAAAAAAAAAAA","CAAAAAAAAAAAAAAAAA"
"GL873521","13789517","13789832","chr12","121838917","121839229","75","108049400","GCTGGGTGTGGTGGCTCATATCTGTAATGATAGCACTCTGGGAGGTCAAAGCAGGGAGATTACTTGAGCTCAGGAGTTAGAGAGCATCCTGAGAAAGAGTGAGATCCCTATCTATACTAAAAACAGAAAAACTAGCCAGTTGTAGTGGCAGGCACCTGTAGTCCCAGCTACTTTGGGAGTCTGAGACAAGAGGATCTCATAAGCCCAAGAGTTTGAGGTTGCTGTGAGCTGCGATGCCACAGCACTCTACCTGGGGTGACAGAATGAGACTTTGTCTCAAAAAAATAAAAAATAAAATAAAATAAAATTTAAAAAA","GGCTGGGTGTGGTGGCTCATGCCTGTAATCCCAGCACTTTGGGAGGCCAAGTCAGGAGGATTATTTGAGCCTGGGAGTTTGAGACCAGCCTGTGCAACATGGTGAGACCTCATCTCTACAAAACATAAAAAATTAGCCAGGCATGGTGGCATGTGCCTGTAGTCCCAGCTACTTGGGAGGCTGAGGCAGGAGGATCAGTCGAGCCCAGAAGATTGAGGCTACAGTGAACTGTGTTCATGCCACTGCACTCCAGCCTGGGTGACAGAGTGAGACCTTGTCTCCAAAAAAATCAAATAAATAAAAAAATAAAAAA"
"GL873521","13902129","13902272","chr17","73619699","73619842","30","59717570","GGCCAGGCATAGTGGCTCGCACCTATAATCCAGTACTATGGGAGACCAAGGCTGGAGGATCAATTGAAGCCAAGAGTTAAAGACCAACCTGGGCAACATAGAAACACTTCACCTATATAAAAAAAAAAAAAAAGAAAGAAAAAA","GGCCAGGTATGGTGGCTCACACCTGTAATTTCAGCACTTTAGGAGGCTGAGGCAGGAAGATCACTTGAGGCCAGGAGTTCAAGACCAGCCTGGGCAACATGGCAAGGCTTCATTTCCACAAAAAAAAAAAAAAAAAAAAAAAAA"
"GL873521","13902315","13902339","chr7","66627085","66627108","7","52724770","AAAAATTAACCCAGCATGGTGGCGC","AAAAAATTAGCCAGGCATGGTGAC"
"GL873521","13902374","13902499","chr7","68063538","68063660","30","54161164","AGTCCCAGCTACCATAGAGGTTGAGCCAGGAGGATCACTGAAGCCCAGAGCCCAGAAGTTTGAGGTTGCAGTAAGCTATGATCATGCCACTGTACTCTAGTCTAGGTGACAGAAGGAGACCCTGTC","GTAGTCCCAGCTACAAGGGAGGCTGAGGCAGGAGGATGGCTTGAGCCTGGGAAGTTGAGGCTGCAGTAAGCTATGATCATGCCACTGCACTCCAGCCTGGGTGACAGAGTGAGATTCTGCCTC"
"GL873521","14127800","14127881","chr3","123515043","123515137","26","109387243","GGCTAGATATGGTGGCTCATGCCTATCTGGAAAGCTGAGGCAGGAGGATTGCAAGAGGCCAGAAGTTTAATACCAGGCTAAG","GGCCAGGTATGGTGGCTCATGCCTATACTCCCAGCCTTTTGGGAGGCTGAGACAGGAGGACTGCTTGAGGCCAGGAGTTTAAGACCAGCCTGACT"
"GL873521","14128162","14128352","chr4","26023510","26023691","57","11895348","GGGCTGAGAATGAGATCCCATCTTTACAAAAAATTACCCAGGTATAGTGGCATCATCCTAGCTACTTGGGAGGCTGGGGCAGGAGGATTTCTTGGGCCCAGGAGTGTGAGGCTACGCTGAGCTATGATACCACTGCACTTTAGCCTGGATGATACAGCAAGATTTTACCTCAAAAAAAAAAAAAAAAAAAA","GGGTGGGAAAAAATTATCTGGAAATGGTGGCATATGCCAGTGGTCCTAGCTACTTGGGAGACTGAGGCTGGAGGATCACCTGAGCCCAGGAGTTAGAGGCTGCGGTGAATCGTGATCATGCCACTGCACTCTAGGCTGGGCAATAGAGCAAGACCCTATCTCGAAAAAAAAACAACAAAAAA"
"GL873521","14184019","14184216","chr17","61651681","61651883","50","47467662","GGCTGGGCATGGTGGCTCATGCCTGTAACCCTAGCACTCTGTGAGGCCAAGGCAAGTGGATCACCTGAGCTCAGGAGTTTGAGAACAGCCTGAGCAAGAGTGAGACTCCATCTCTAAAAATAGTTGGGCATTTGTGGTGAATGCCTATAGTCTCAGCTACTCAGCTACTTAGGAGGCTGAGGCAAGAGGATTGCTTGA","GGCTGGGTGCAGTGGCTCACGCCTGTAATCCTGGCACCTTGGGAGGCCAAGGTGGGAGGATCACTTGAGCCCAGGAGTTTGAGATCAGCCTGAACAACGTGGTGAAACTCCATCTCTACAAAAAATACAAAAATTAGCTGGGCTTAATGGCATATGCCTGTGGTCCCAGCTACTGAGGAGGCTGAGGTGGGAGGATTGATTGA"
"GL873521","14185943","14186062","chr8","25834967","25835086","23","11649024","GGCAGGGTGCAGTGGCTCACACCTATAATCCCAGCACTCTGGGAAGCTGAGGTGGGAGGATTGCTTTGAGATCAGGAGTTTGAAACTAGCTTGAGCAAAGCAAGACCCATCTCTACTAAA","GGCCAGGTGCAGTGGCTCATGTCTGTAATCCCAGCACTTTGGGAGGCTGAGGTGGGAGGTTTGCTTGAGCCCAGGAGTTTGAGACCAGCCTGGGCAACATAGCAAGACCCTGTCTCTATA"
"GL873521","14186086","14186221","chr14","74199793","74199926","31","60013707","AATTAGAGAGGTGTGATGCCACACACTGTAGTCTCATCTACTTTGGAGGCTGAGGCACAAGGATTACTTGAGCCCAGGAGCATGAGGTTGCTGTGAGCGAGGCTGAGGCCACAGCACTCTAGCCTGGGCAACAGAG","TTAGCCAGGTATGGTGGTGCACACCTGTAGTCCCAGCTACTTGGGAGACTGAGGCAGGAGGATTGCTTGATCCCAGGAGTTGAGGCTGCTAAGAGCTATGATCATGTCACTGCACTCCAGCCTGGGCAACAGAG"
"GL873521","14534133","14534413","chr5","43470606","43470891","71","28936473","GGTAGCTCATGTCTATAACCCTGACACTCTGGGAGGCTAAGGGAGAAACATCCCTTGAGCTCAGGAGTTCAAGACCAGTCTAAGCCAAAAGGGAGATCCATCTTTACCAAAACAGAAAAATTAGCTGGGCATGGTGATGTGTGCCTGTAGTACCAGCTGCTTGGGAGGCTAAGGAAGGAGGATTGTTTGAGCCTAGGAGTTTAAGGTTGCTAAGAGCTAGACTGAGGCCATGGCACAGTAGCCCAGGCAATAGAATGAAACTCTGTCTCAAAAAAAAAAAA","GTGGCTCTTGCCTATAATCCCAGCACTTTGGGAGGCTGAGGAGGGCAGATTGCTTGAGCCCAGGAGTTCAAGACCAGCCTGGGCAACATGGGAAAACCTCGTCTCTACAAAAAACACAAAAATTAGCTGGGCATGGTGGCATGTACCTGTAGTCCTAGCTACTTGGGAGGCTGAGGCAGGAGGACTGCTTGAGCCTCTGGAGGCGGAGGTTGCAGTGAGCTGAGACCGCGCCACTGCACTCCAGCCTGGGTGATAGAACAAGACCCTGTCTCAAAAAAAAAAAAAA"
"GL873521","14534507","14534523","chrX","153619065","153619080","3","139084558","CCCAAAATAAAATAAAA","ACATAATAAAATAAAA"
"GL873521","14646173","14646307","chr1","9156973","9157091","40","5489200","GGATGTAGTAGCTCACACCTGTAATCCCAGCATCATGGGAGGATCACTTGAGGCCAGGAGTTTGAGACTGGCTTGGGCAATATGGTGAGGCCCCATTCTTACAAAATAGGAAAAGAATTAATTGGATATGGTGGC","GGCTGGGTGAGGTGGCCTCACGCCTGTAATCCCAGCACTTTGGGAGGCCAAGGCAGGAGTTTGAGACCAGCCTGGGCAATACAGTGAGACCCCATCTCCAAAAAAAAAATTAGTGGGGC"
"GL873521","14703100","14703421","chr17","68155983","68156305","73","53452883","GGCTGGGCACAGTGGCTCATACCTGTAATCCTAGCACTTTGGGAGGCCAGGAAGGGAAGATAGCTTGAGGCCAGGAGTTTGAGACCAGGATGAGCGAGGTAGCGAGACCCCCCATCTCTATCAAAAATTAAAAAAAAAAAAAAATTAGCTGGGTATAGTGGTGAGGGCCTATCATCCTAGCTACTTAGGAGTAAGACAGGAGGATCACTTGAGCCTAGGAGGTAAGGTTGCAGTGAACTATGATGATGACCCTGCACTCTTGCCTTAGCAAGATGGTGAGACCCTGTCTCAAAACAAACAAACAAACAAACAAACATAAAAA","GGCTGGGCACCGTGGCTGACATCTGTAATCCCAGCACTTTGGGAGGCCAAGGCGGGTGGATCACTTGAGCCCAGGAGCTCGAGACCAGCCTGACCAACATGGCAAAACCCCATCTCTACCAAAAAAAAAAAAAAAATACAAAAAGTTAGCTGGGCATGGTGGAGAGGGCCTGTAGTCCCAACTACTCAGGAGGCTGAGGTGAGAGGATCACCTGAGCCACAGGAGGTCGAGGCTGCAGTGAGCCATGATCACACCATTGCACTCCAGCCTGAGAGAAAGTGAGACCCTGTCTCAAAAAAACAAACAAACAAAAACAGCAAAAA"
"GL873521","14778613","14778888","chr15","42746072","42746354","63","27967459","GGCCCAGCACAGTGGCTCACACCTATAATCCTCGCATTCTAGGAGACTGAGGTGGGAGGATCACTTGAGCTCAGGAATTTGAGATCAGCTTGAGCAATAAGGTGACCCCATCTCTACTAAAAATAGACTAATTAGCCAGGCATTGTGGTGGGCACCTGTGGTCCCAGCTAGTTGAGAGGCTCATGTTGGATTCCTTGAACCCAGGAATTTGAGGCTGCTGTGAGCTGGGCTGATGCCACAGTATTCTAGCCTGGGCAACAGAGTATGACTCTGTCT","GGCCAGGTACAGTGGCTCACACCTGTAATCCCAGCACTTTGGGAGGCCAAGGCAGGAGGATCACTTGAGCCTAGGAATTCAAGACCAGTCAGGGCAATATGGTGAAACTCCATCTCTACAAAAAATACAAAAATCAGCCAGGTGTGGTGGTGTGCGCCTGTGGTCCCAGCTACTTGGGAGGCTGAGATGGAAGGATCACTTGAGCCCAGGAAATGGAGGCTGCAGTGAGCTAAGGCTGTGCCACTGCACTCCAGCCTGGGCAACAGAGTGAGACCCTGTCTCA"
"GL873521","14884261","14884393","chr13","24405237","24405373","27","9520976","GGCTAGGTGTGGTGGCTCATGCCCATAATTCCAGCATTCTGGGAGGCCAATGTGGGAGGATCCCTGGAGGTCAGGAGTTTGAGACCACCCTGAGCAAAGCGAGACCCCATCTTCACTAAAAATAGAAAAATTA","GGCTGGGCATGGAGGCTCATGCCTATAATCCCAGCACTTTGGGAGGCTGAGGTGGGAGGATCGCTTGAGTTCATGAGTTCAAGACCAGCCTGAGCAACACAGTGAGACCTCATCTCTACTAAAAATCAAAAAAATTA"
"GL873521","14884660","14884815","chr1","141772547","141772702","39","126887887","TTAGTTGAATGTGGTGGTGTACACCTGTAGTCCCAGCTACTTGAAAGGCTGAAGAAAGAGGATTGCTTGAGCCCAAGTGCTTGAGGTTGTAGTGAGCTAGGCTGACGCTATGACACTCTGACCCAGGTGATAGAAGAAGACCCTGTCTCAAAAAAA","TTAGCTGGGCATGGTGGCGTGCACCTGTGGTCCCAGCTATTTGAAAGGCTGAGTTGGGAGGATCACTTGAGCCCAGATGGTTGAGGCTGCAGTGAGCCATGATGGCACCACTGCACTTTAGCCTTGGTGACAGAGCAAGGCCCTGTCTGAAAAAAA"
"GL873521","15677856","15678124","chr7","99887814","99888086","73","84209958","TGGCTCATGCCTGTCAACAAAGTACTTTGGTAGATTGAGAAAGGAGGATCTCGTGGACTCAGGAGTTTGAGACCAGCCTGGACGACATGGTAAAAAAACATCTTTAAAAAATTAGCCTAGCATAGTGGTGCACATTGATAATTTCAGCTATTTCGCAGGCTGAAGTGGGAGAACCACTTGTGTTTGGAAGCTCGAGGCTGCAGTGAGCTATGATCTCACACTACACTCCAGCCTGGGTAATATGGTGAGGTCCTGCCTCAAAAACAAAA","GGCTTACACCTGTAATCCCAGTGCTTTGGGAGGCTGAGGCAGGCAGATCACTTGAGCCCTGGAGTTCAAGACCAGCCTGGGCAACATGGTGAAACCCCATCTCTACAAAAAATTAGCCAGGCATGGTGGCTTGCACCTGTAGTCCCAGCTACTCAGGAGGCTGAGGTAGGAGGATTTCATGAGCCTGGAAGGTTGAGGCTGCAGTGAGCTATGATCACACCACTGCACTCCAGTCTGGGTGATAAAGTGAGACCCTGTCTCAAAAAAAAAAAA"
"GL873521","15875728","15875811","chr8","5975319","5975398","26","9900409","CAGTGAGCCGTGGTCTCCCTGTGCATTCCAATGTGAGTGACAGAGAGACCTCCCTCACACTCCCAAAAAAGAAAAAACAAGAAA","GCAGTGAGCCTTGATCGTGCTATTGCACTCTAGCCTTGGTGACAGAGAGAGACCCTATCTCAAAAAAAAAAAAAAAAAAA"
"GL873521","16170363","16170540","chr3","50079465","50079644","47","33909102","AAAAAAAAAAAAAATTACCCAGGTAAGGTGGTAAGGACCTGCAGTCCTAGCTATCTGGGATACGAGGTAGGAGGAGCACTTTGGCCCAGGAATTCCAGGCTATGGTGAACTATGATTACAACTGCACTCTAGCCTGGGCAAAAGAGTAAGAGACTGTCACAAAACACAACAAAACAAA","ACAAAAAGAAAAAACAATTAGCAAGGCCTGGTGGTACACACTTGTAGTCCCAGCTATTTGGGAGGCTGAGGTGGGAGGATCACTTGAGCCCAGGAGTTCAAGGTTACAGTGAGCTATGATCATGCCACTGCACACTAGCCTGGGCATCAGAGAGAGTTCCTGTCTCTAAGAAAAAAAAAA"
"GL873521","16172240","16172374","chr1","29329421","29329551","29","13157181","GGCTGCATGCAGTGCCTCATGTTTGTAATCCCAGCACTTTGGGAGCCAGTGGAGGAGAGGATCACTTGAAGCCAGGAATTTAAGACGGACCTAGCCAACATAATGAGAACTCCTCTATACAAAAAATAATAAAAT","GGCTGGATGCACTGGCTCCTGTCTGTAATCCCAGCACTTTGGGAGGCTGAAACAGGAGGATCCCTTGAAGCCAGGAGTTTAAGATCAGCCTGAGCAACAGAGTGAAACCCTGTCTCTACAAAAAAAAAAAA"
"GL873521","16260421","16260667","chr2A","25887935","25888182","71","9627514","GGATACAGTGGCTCACACCTGTAATCTTAGCAAACACCCTGGGGTGCTAAGGCAGGAGGATCACTTGAGCTCAGGAGATCAAGACCAGCCTGAGGAAGAGTGAAACCCCATTTCTACCACACATAGAAAAATTAGCCAGGTGTCTCTCTCTAGTCCCAGCTACTTGGGAGGCTGAGACAGGAGAATTGCTTAAGCCAGGGAGTTTCAGGTTGCTGTGGCTCAGACCATGGCACTCTAGACTGAGCAA","GGCTGGGCACAGTGGCTCACACCTGTAATCCCAGCACTTTGGGAGGGTGAGGCAGGAGGATCACTTGAGCTCAGGAGTTCGCAACCAGCCTGGGCAATATGGTGAAACCGCATCTCTACAAAAAATACAAAAATTAACCGGGTGTGGTTGTGCATGCCTGTAGTCCCAGCTACTTGGCAGGCTGAGGTGGGAGGATTGCTTGAGCTCAGGAGGTCAAGGCTGCAGTGAGCCATGATTACTCCACTGCA"
"GL873521","16747501","16747629","chr7","102198592","102198722","33","85451091","GCCGGGTATGGTGGCTCACACCTGTAATCCCACCACGTGGGAGGCCAAGGCAAGCAGATTGCCTGAGCTCACAGGTTCAAGACCAGCCTGAGCCAGAGTGAGACTTTGTCTTGGAAAATACCCGGGTGT","GGCTGGGTGTGGTGGCTCACACCTGTAATCCCACCACTGTGGGAGGCTAAGGCAGGCAAATCGCTTGAGCCCAGGAGTTCGAGACCAGCCTAGGCAACGTGGTGAAACTGTCTTTAGAAAATATTAGCCAA"
"GL873521","16747905","16748071","chr1","26355033","26355200","42","9607128","AACTAGGTAGGTGTTGCAGCAGGCGCCTGTAAATCCCAGCTACTTGGGCCAAGGCAAGAGAATCAATCACTTATGCCCAGGAGTTTGAGGTTGCTGTAAGCTATGACGCCCTGGCACTCTACCAAGGGTAACAAAGTCAGATCCTGCCTCAAAAAAAAAAAAAAAAA","AACTAGCTGGGTGTGGCGGCGTGTGCCTGTAGTCCCAGCTACTTGGGAGGCTGAGGCAGGAGGATCACTTGAGCCCAGGAGTTCAAGGCTGCAGTGAGCTAAGATCATACCACTGCACTCCAGCCTGGGTAATAGAGTGAGATCCTGTCTCAAAAAAAAAAAAAAAAA"
"GL873521","16826358","16826516","chrX","96886204","96886345","57","80059846","GGCGCCCTGCCACAAGCTGTAGTCTCCCCTATTTGGGAGGGTGAGGTCGGAGGATCATGTGAGCTCGGCAGTTCAAAGTCACCGGGCACTACAACCTCACCTGGACCAGTCAGGACTGCACGCCAGCCTCCCCAGCGCAGTGAGACTCTGTTTCTAAAA","GGTGCACATCTGTAGTCTCAGTTATTTGGGAAGCTGAGGAGGGAGGATCACTTGAGCCTGGGAGGTCAAGGCGCCAGTGAGCTGTGATTGCACCACTGCACTCCAGCCTGTGCTACAGAGTGAGACTCTGTCTCAAAAAAAA"
"GL873521","16850386","16850705","chr1","224543342","224543654","83","207692956","GCCAGCTGTGGTGGCTCACACCTATAGTCCTCACACTCTGGGAGGCTGAGGAAGGCAGATTCCCTGGAGCTCAGGAGATTGAGACCAGGCTGAGCAAGAACTGAGACTCTGTCTCTACCCCAAACAGAAAAACTTCACTAGGTGTTGCGGTGGGCACCTATAGCCTGAGCTACTTGAGAGGCAGAGGCAGGATGATCACTTGAACTCAGGAGTTTGAGGTTGCTATAGCTGTGCTGATGCCATAGTACTTTAGCCTGGGCAACAGAATGAGACTCTGTCTCAAAATAAATAAATAAATTAATAAATAAAAGAGAAAGAAA","GCCAGGCAGGGTGGCTCACGCCTGTAATCCCAACACTTTGGGAGGCTGAGGCAGGCAGCTTGCTTGAACTCAGGAGTTTGAGACCAGTCTAGGCAACATGGTGAAACCCCATCTCTACAAAAAATACAAAAATTAGCCAGGCGAAGTGGCGTGCCTATAGTCTTAGCTACTTGGGAGGCTGAGGCAGGAGAACTGCTTGAACTGGGGAGGTCGAGGCTGCATGAGCCGAGATCGTGCCACTGCACTCCAGCCTGGATGACAGAGCGAGACCCTGTCTCAAAATAAATAAATGAATAAATAATAAAATAAATAA"
"GL873521","16987716","16987746","chr4","157175852","157175881","5","140188136","GAAGAAAGAAGAAAGAAGAAAGAAGAAAGAA","GAAGAAGAAGAAGAAGAAGAAGAAGAAGAA"
"GL873521","16988099","16988370","chr11","32048157","32048430","73","15060058","GGCCCAGTTCAGTGTCTCACACCTGTAATCCTAGAACTCTGGGAGGTCAAGGAAGGTGGAGTCCTTGAGCTCAGGATTTTCAGATAAGCCTGAGCAAGAGACAGATCCATATCTACTAAACATAGAAAAACTAGCCTGGCATCAGTGTAGTCCCAGCTACTCAGAAGGCTGAGGCAGGAGGATCATTTGAGCCCAAATGTTTGAGTTTGCTGTGAGCTATGATGAATGACACCAGGGCACTCTACCCAGGGCAACAGAGTGAGACTATTTCT","GGCCCACCACAGTGATTCACATCTATAATCCCAGCACTTTGGGAGGCCGAGGTGGGAGAGTAGCTTGAGCCCAGGAGTTTGAGACCAGCCTGAGCAACAGGGCGAGACCCCATCTCTACAAAAAAAATTTAAAAATTAGCCTAGCATGTGCCTGTAGTCCCAGCTACTCAGGAGGCTGAAGCAGGAGGATCACTTGAGCCCAGGAGTTGAAGGCTGCAGTAAGCTATGATCACCCCACTGAGCTCTAGCCAGGGTGACTGAGCAAGACTCTATT"
"GL873521","17153915","17154039","chr7","102370770","102370890","26","85216855","GGCTAGGCACGGTGGTGACTCCTGCTTGTAATCCCAGCACTCTGGGAGGCCTGTGGCAGGTGAATTCCTTGCGCTCAGGAGTTCAAGACTAGCCTGAGTAATAGTGAAACCTCTGTCTCTACTAA","GGCTAGGCACGGTGGCTCATGCCTGTAATCCCAGCACTTTGGGAGACTGAGGTGGGAGAATTGCTTGAAGCTGGGAGTTCAAGACCAGCCTAGGGAACATAGTGAGACCCTGTCTCTTCAA"
"GL873521","17154076","17154241","chr16","21596696","21596868","46","4442620","CTAACCAGACCTGACAGGTGGCTATACTCTCGGCTACTTGGGAGGCTGAGGCAAGAGGATCACTTGATCTCAAGAGTTTGAGGTTGCTATAAGCTATGAGGCCATGACACTCTACCGAGGGCAACAAAGTAAGAGTTTTTCTCAAAAAAAAAACCCAAAACAAAAA","ATTAGTCAGACATGGTGGCATGTGCCTATAGTCCCAGCTACTTGGGAGGCTGAGGCAAGAGAATCATTTGAGCCCAGGAGGTTGAGGCTGCAGTAAGCAGTGATCATGTCACTGCACTCCAGCCTGGGCAACAGAGCAAGACCCTGTCTCAAAAAAAAAAAAAAAAGAAAAAA"
"GL873521","18186068","18186211","chr11","18518855","18518988","40","332787","TAGTCAGGTGCAGTGGTGCATGCCTGCAGTCACAGCTACTCTACTCAGGAGGATGAAGCAGGAGGACCACTGGAGACCAGGAGTTTGAGAATGCTGTAAAATACCATTGAGTCACTGCCTGCCAGCTTCAGTAACAGAATAAGA","TTAGCCAGGTGCAGTGGCGCATGGCTGTAGTCCTGCTTACTCAGGAGGTTGAAGCAGGAGGATCACTTGGGCCCAGGAGTTTGAGGCGGCAGCGAGCCATAATCGTGCCACTGCACTCCAGCTGAGTGACAGAG"
"GL873521","18186242","18186351","chr4","101432127","101432236","31","83245885","CTTGTAATTTCAGCACTTTTGGAAACTGTAGAAGGAAGATTGTTTAAGACCAGGAGTTCCAGAACAATCTGGGCAACACATGTTGACCTTGTACCTACATGAAAAAAAAA","CCTGTAATCCCAGCACTTTGGGAGGCTGAGGCAGGAAGACAGCTTGAGGCCAGGAGTTCCAGACCAGTCTGGGCAATATAGCAAGACCCTCATCTCTTTAAAAAATAAAA"
"GL873521","18231783","18232086","chr11","120552808","120553110","90","102321025","GGCATGGTGGCTCACACCAGCAATCCCAGCGTTTTGGGAAGCCCAAGGAAGAGAATCACTTGAGACCAGCCAGAGGTACATAGACACGTGGTCTACAAGAAATGACAATTAAAACAAATTGCTGGGCATGGTAGCCTGTGACTATAGTCCTGGCAACTCAAGAGGCTGAGTCAGGGGGTTTTTTGAGCCTATGAAGTCTAAGTTGCAGTAAGCTGTGATCATGCCACTATACCCTAGCCTGGGTGACAGAACAAGATTCTGTCTCTAAAAATAAAATAAAATAAAATAATAAAATGAAATAAAA","GCCAAGCATGGTGGTTCATACCTATAATCCCAGAACTTTGAAAGGCCAAGGCGAGAGGAGTTTGAGACCAGCCTGGGCAACATGATGACATGCCGTCTCTACAAAAAAATAAAATAAACAAAAACTAGCTGGGCCTAGTGGCATGTGTCTGTAGTCCTAGCTACTCAGGAGACTGAGGCAGGAGGATCACTTGAGCCTGGGAGGTCAAGGTTGCAGTGAGCTATGATTGTGTCACTGTACTCCAGCCTGGGTGACATAGCAAGAACTGGTCTCAAAAAAAAAAGAAAGAGAGAAAAAAGAAAA"
"GL873521","18672921","18673268","chr5","164510023","164510360","89","145837102","GGCTGGCCATGGTGGCTGAGGCCTGTCATCCTACCACTCTGAGAGGATGAGGAAGGAGGATTGGATTGCTTCAGCTCAGGAGTTCAAGACCAGCCTGAGCAAGAGCAAGACTCAGTCTCTACCAAAAATAGAAAAATTAGACTAGCCAGATGTAATGGCAGATGCCTCTAGTCCCAGCTAGTGGGGAGGCTAAGGCAGGAGGATCACTGAAACCCAGGAGTTTGAGGTGCCTGTGAGTTAGTTTAATACCATGGCAGTCTAGCTTGGGCAACAAAGTGAGACTCTGTCTCAAAACAAACAAAGAAACAAAGAAACAAACAAACAAAAACCCCAAAAATAAAAAAAAAA","GGCTGGGCACAGTGGCTCATGCCTGTAATCCTAGCACTTTGGGAGGCTGAGGCAGGTGGATCGCTTGAGACTGGGAGTTCAAGACCAGCCTGGGCAATATGGCAAAACCCCGTCCCTACAAAAAATACAAACATTAGCCAAGCATGGTGGCACATGCCTGTAGTCCCAGCTACTTGGGAGGCTGAGGCAGGAGGATCATTTGAGCCCGGGATGTGGAGGTTGCAGTAAGCTGAGATTGCATCATTGCACTCCAGCCTGGGCAACAGAGGGAGACCCTGTATCAAATAAATAAATAAATAAATAAATAAATAAATAAATAAAAGAAATAAAAGTAAAAA"
"GL873521","19315680","19315722","chr1","205503465","205503511","11","186187785","CAGTTACTTGGAAGACTGAGGCAAGAGGATCCCTTGAGCTAGG","CCAGCACTTTGGGAGACTGAGGCAGAAGGATCCCTTGAGGCCAGCGG"
"GL873521","19598410","19598508","chr1","6398492","6398584","25","13199918","TATCACTACACCACTATACTCTAGCCTGGGCAACAGATTGAGAACCTGTATCAAAAACAAACAAACAAACAAACAAAACACAATAAAAAATAAATAAAA","GTGATTGCACCAATGCACTCCAGCCTGGGTGACAGAGCGAGACTGTCTCAAAACAAACAAACAAACAAATAAAACAAAAGAAAAGAAAAGCAA"
"GL873521","19777152","19777359","chr4","72787006","72787205","63","53009854","CCTGAGCAACATAGAGAGATCCCATCTCGACAAAAATATTGAAAAAAAAATAGATAAACTTATCAGCTGGGTTTGGTAGCACACAACTGTATCCCCAGCTACCGGGAAGGCTGAAGCAGGAGGAGCCTGACAGATCAAGGCTGCAGTGAGCAGTGATCACATCACTACACTCCAGCCCAGGTGACAAAGCACAATCCTGTCTCAAAAA","CTAGGCAACATGGAAGAACCCCATCTCTACAAAAATTACAAAAACTAGCTGGGCATGGTGGTGTGCGCCTGTATTCCCAGCCACTGGGGAGGCTGAGGTGGGAGGATTGCTTGAGCCTGGAAGATTAAGGCTGAAGTGAGCAGAGATCACACCGCTGCACTCCAGTCTGGGTGACAGAGCAAAACCCTGTCTCAAAAAAA"
"GL873521","19907026","19907166","chr6","12022857","12022993","42","7884169","AGGAAAAATTACCAGGGCATGGTGATGTGCACTTATAGTCCCAGCTCCTGGGAAGGCTGAGTCAGGAGGCCAGGAGTTTGAGGTTATAGTGAGCTATGATGCCACTGCACTCTCTCTGGGTGACATAGTGACATTCTGCCT","TTAAAATTAGCCAGGCATGGTAGCAGGCACCTGTACTCCCAGCTACGGGAGGGTCGCTTGAGCCCAGGAGATCAGGGCTGCAGTGAGCTATGATTGTACCACTGCACTCCAAACTGGGTGACAGAGTGAGACTCTGT"
"GL873521","19907190","19907299","chr3","21509747","21509855","27","1602557","GTGGTGGCTCAGCCTATAATCCTAGCCTTCTGGAGGCCCAGGCGGGAGGATTGCTTAAGGTCAGGATGTTGAGACGAACCTGAGCATGAGTGAGACCCCATCTCTACAAA","GGTGGCTCATGCCTATAATTCTAGCGCTTTTGGAGGCCAAGGGGGGAGGATTACTTGAGCTCAGGAGTTCCAGATCAGCCTGGACAATTTAGTGAGACCTCATCTATAC"
"GL873521","20453341","20453513","chr19","53340691","53340862","44","32887350","AGACAACTAGCCAGGCATTGTGGTGGGCATCTATAGTCCCAGCTACTTGGGAGGCTGAGGCAAGAGGATCACTTGAACCCAATAGTTTGAGGTTGTCATGAGCTATGATGATGTGGCATTCTACTCAGGGTGACAGCGTGAGAGACTCTGTCTCAAACAAATGAACAAAAAAA","ACAAAAATAGCTGGGTGTGGTGGTGCATACTTGTAGTCCCAGCTACTTGGGAGGCTGAGGCAGGAGGATCACTTCAGCCCAGGAGGTTGAGGCTGCAGTGAGCCATGATCATGCCACTGCACTCCAGCCGAGGGGAGAGAGCAAGACTCTGTCTCAAAACAAACAAACAAAA"
"GL873521","20453540","20453662","chr4","5943586","5943706","26","14509954","CAGGCGTGGTTGCTCATGCCTGTAGTCCTAGCACTTCAGGAGGCTGAGGAGGGTAGATTGCTTGAGGTCAGGAGCTGGAGACCAGCCTGAGCAAGAGCGAGACCTTGTCTCTACTAAAAATAG","GGCCATGGTGGCTCATGCCTGTAATCCTAGCACTTCGGGAGGCTGAGGAGGGAGGATTGCTTGAGGCCTGGAGTTTGAGACCAGCCTGGGCAACATAGTGAGACCACGACTCTATTTAAAA"
"GL873521","20821454","20821743","chr8","121327775","121328067","74","100506321","GCCGGGCCCAGATGGCTCAAGCCTGTAATCCTTGCACTTTGGGAGGCCAATGTAGGAGGATCACTTGCGCCTAGGAGTTCCAGGCCAAGCTGTGCAAGGTGAAACACTGTTCCAAAAAATATATATATATGAAAATTAGCCAGTCCTGTTGGTACACATCTGTCGTTCCAACTACTTGGGGGACTGAAGCAGGAGGATCCATGAGTCCAAGATTTGAGGTTGCAATGAGCTGTATTGGAGCTACTACACTGTAGCCAGGGCGACAGGAGGAAAAACTTGTTTTAAAAAAA","GGCTGGGTGCAGTGGCTCATGCCTGTAATCTTAGCACTTTGGGAGGCCAAGGCAGGTGGATCACTTGAGCTTAGGAGTTCAAGACCAGCCTGGGCAACATGGTGAAACCCTGTCTCTACAAAAAATAAAAAAAAATTAGCCAGGCATGGTGGCATACACCTGTAGTCCCAGCTACTTGTGGGGCTGAGGCAGGAGCATCACTTGAACCCAGGAGCTCAAGGCTGCAGTGAGCTGTGATCTTACCACTGCACTCCAGCCTGGGTGACAGAGTAAGACCTTGTCTCAATAAAAAA"
"GL873521","20825224","20825315","chr22","42881883","42881978","27","22056659","AGAGGATCTCTTGAGCCTAAGAGTTTGAGGTTGCTGTGAGTTCTGATACCACAGCGCTCTACACAGGGCGACAGAGTAAGACCCTTTCTTAA","GGCAGGAGGATCGCTTGAGCCTGGGAGGTCAAGGATGCAGTGAGCTGTGATTGCACCACTGCACTCCACCCTGGGCGACAGAGTGAGACCCTGTTT"
"GL873521","20825595","20825767","chr4","156475909","156476099","57","135650314","GCGGTGGCTCACACCTGTAATCCTAACACTCAGGATCGCCTAAGCTCAGGAGGTGGAGACCAGCCTGAGCAAGAGAAACACCTCAACTCTACCAAAAACAGAAAAAGTAGCCTGGGTGGTGGTAGGCATGTGTAGTCCCAGCTACTCGGGAAGCTGAGGCAAGAGGATCTCTT","GGCCAGGCACAGTGGCTCACACCTATAATCCCAGCACTCTGGGAGACTGAGGCAGGAGGAGCCCAGGAATGTGAGACCAGCCTGGCCAACATGGTGAAACCCAGTCTCTACTAAAAATATAAAAATTAGCCTGGTGTGGTGGTGTGCGCCTGTAGTCCCAGCTACTTGGGAGGCTGAGGTGGGAGGATCAC"
"GL873521","21355913","21356066","chr4","158479533","158479684","48","137123620","ATAAAAATTAACTAGCTATGGTGGCATACACTCTTGTCCTAGCTACTTAGGAGGCTGAGGATCATTTGAGGCCAGGAGTTTAAAGCTATAGTGTACTGTGATGATTACGCCTGTGAATAGCCACTGTACTCCAGCCTGGGCAACATAGCAAGAC","AATTAGCTGGGCATGGTGGTGCATACCTGTAGTCCTAGCTACTCAGGAAGCTGAGGCAGGAGGACAGCTTGAGGCCAGGAGGTCAAGGCTGCAATGAACCATGATTGATTACACCTGTAAATAGTCACTGCATTTCAGCCTGGGCAGCATAG"
"GL873521","21623697","21623773","chrX","53329871","53329945","26","31706174","AAATTTAGGCAGGCAAGTTGGCACATGTTTGTAGTCCAAGTTATGTGAGAGGATTCTTTGAGTCCAGAAGTTAAGGC","AATAGCTTGGGCAGGGTGGTGCATGGCTGTAGTCCTGAGATGGGAGGATCCCTTGAGTCCAGGAGCTTGATGCCG"
"GL873521","21623801","21623894","chr3","42032495","42032583","27","20408694","GTAATCTTAGTACTTTGGGAGGCCAGACAGGAGATTCATTTGAGACTGAGTTTAAGATCAGCCTGGACAACATGGCAATATCCCATGTCAACCA","TAATACCAGTATTTTGGGAGGCTGAGGCAGGCGATCACTTGAGCCCAGTTCAAGACCAGCCTGGGCAATATAGCGAAATCCTGTTTCTA"
"GL873521","21714176","21714337","chr12","96671998","96672172","41","74957822","ACTAGGGGGCATTGTGGCAACTGTCATCCTAGCTGCTCAAGAGGCTGAGGCAAGAGGATCACTTCAGCCCATGAGTTTATGGTTGCTGTGAGCTATGACTCCATGGCACTCTAGCCTGGGCAATAGAATGAGACTCTGTCGCAAAAAAAAAGAAAGAAAGAA","AATTAGCTGAGCATGGTGGCAGGCACCTGTAGTCCCAGCTACTTGGGAGGCTGAGGGAGGAGGGTCACTTGAACCCAGGAGTTTGAGGCTGCAATGAGCTATGACTGCATCAGTGCACTCTAGCCTGGGCAGTAGAGTGAGACCCTGTCTCACAAAAAAAAGAAGGAAAGAGAAA"
"GL873521","21714364","21714489","chr15","78802491","78802611","29","57088127","GGCTGGGTACCCTGGCTAGACACCTGTAATTCTAGCACTCCAGGAGGCTGAAACAGGTGGATTTCTTGAGCTCAGGAGTTCAAGACCAGCCTGTCCAAGACCAAGACCACAATTCTGTCTCTACTT","GGCTGGGTACAGTGGCTCACACCTGTAATCCCAGCACTTTGGGAGGTGGAGGCAGGAGGATCACTTGAACTCAGGAGTTCAAGACCAGCCTGGCCAACATGGCGAAACTCCGTCTCTACAA"
"GL873521","21743555","21743631","chr10","20213332","20213405","25","1530223","TATAGGGTGTGGCGGCAAGTGTGTATAGTACTAGCTACTTAAAGAGGTTGAGATGGGAGGATTGCTTGAGCTAAGGA","CCAGGTGTGATGGTGCATGCCTGTGGTCTCAGCTACTTTGGAGGCTGAGGTGGGAGGATTGTTTGAGTGGAGGT"
"GL873521","21743658","21743767","chr10","43292583","43292692","28","21548925","CAATGGTTTGTGCTTGTAATCCAGCACTTTGGGAAACAAAGGAGAAAGGATTAATTGAGACCAGGAGTTCAAAATCAGCCTGGGCAACATAAAGAGACCCTGTCTCTATG","GCGGTGGTTCAGCCTGTAATCCCCGCACTTTGGGAAGCTAAAGCAGGAAAATCACTTGAGCCCAGGAGTTCAAGACCAGCCTGAGCAACATAGTGATACCCCTGTTTCTA"
"GL873521","21994326","21994402","chr3","183523015","183523100","19","161528689","GGCATTGTGACTCACACCTATAATTCTAGCACTTTGGGAGGCTGAGGTGGGAAGACCACGAGCACAGGTTCAAGACC","GACTGGGGGCAGTGGCTCAAACCTGTAATCCTAGCACTTTGGGAGGCTGAGGTGGGAGGACCACCTGAGCTCAGGAGTTCAAGACC"
"GL873521","22568894","22569013","chr7","21219168","21219276","37","1349726","TACGTTGTGGTGGCTAGTCCCAAACTACTCAGCTACTCAGGAGTTTGAGGTTGCAGTAAGCTGTGAGGTTGCATTGCACGACAGATTGTGCAACAGAGCGAGACCCTATCTCGAAAAAAA","GGCTGAGGTGGGATAATCACTTGAGCCCGGAAAGTTGAGGTTGCAGTGAGCCATGACTCGGCACTGCACTCCAGCCTGGGCAACAGAGCCAGACCCTATCTCAAAAAAA"
"GL873521","22569034","22569129","chr15","57106062","57106161","19","34537028","CAGGCATGGTGGCTCACACCTGTAATCATAGCACTTTGGGAGACCAGGAGTTCAAGACCATGCTGGGCAACATGGCGAGACCTTGTCTCTACCAAA","GGCCAGGCATGGTGGCTCACTCCTATAATCACAGCACTTTGGTAGGCCATGAATTCAAGACCAGCCTGGGCAACATAGTGTAACCCTGTCTCTACGAAAA"
"GL873521","23082461","23082581","chr19","17007875","17007987","43","6074586","AAAATACACAGAGTACCCAGGCATGGTGGTGCATGCCTCCAGTCCCAGCTACAGGTGAGACTAAGACTAAAGGATGCCTTCAGCTCAAGACTTTGAAGCTGGCCTAGGCAACAACAAGACC","ACAATGTAGCTATGGCATGGTGGTGCCTGCCTGTTGTCCCAGCTACTTGGGAGGCTGAGATGGGAGGATTGCATGAGCCCAAGAGTTCAAGGCTGCTGTGAGCTACAATCACG"
"GL873521","23326932","23327034","chr1","153330637","153330743","26","130003705","GACTGGGTATGGTGGCATATGCCTGTAAACCCAGCACTCTGGGAGGCTGTGGCGGGTGGACCAGCCTGAGACCAGCTTGAGAAAGAATAAGACTCTGTCTCTA","GGCTGGGTGTGATGGCTCATGCCTGTAATCCTAGCACTTTGGGAGGCTGAGGCAGGTGGATCACTTGAGCCCAGGAGTTTGGGCAACATGACAGAACCCTGTCTCTA"
"GL873521","23327057","23327213","chr6","85247800","85247964","38","61920743","CCAGACATTGTGACACATGCCTATAGTCCTACTTGGGAGGCTGAGGCAAGAGGATGTCTTGTGCCCAAGAGTTTGAGGTTGCTGTGAGCTATGATACCATAGCACTCTAGTGGGGGGCAAGAAAGTGAGACACTGTCTCAAAAAAAAAAAAAAAAAA","CCAGGCATTGTGGCACATGTGTGTAGTCCCAGCTATTTGGGAGGCTGAGGCAGGAGGATCCTTTGAGCCCAGGAGTTTGAGGCTTCAGTGAGCTGTGATTGGACCACTACACTCTGGCCTGGGCAACAGAGAAAGACCCTGTCTCAAAAAGAAAAAGAAAAAGAA"
"GL873521","23553294","23553452","chr8","101101478","101101641","53","77548184","AAAATAAAGTTAGCTAGACACAGCTTTGGGCACCTGCAGTCCCAGTTACTTGGAGGTTGAGGCAAGAGGATTGTTTGAGCCTAGAGGTTTGAGGATATGGTTTGCTGTAGTTCTACCTGTGAGTAGCCACTGTTCTCCAGCCAGGACACCAGCGCAAGA","AAAAAGACACCAAGTAGCCAGGTGTGGTGCTGCAGGCCTGCAGTCCCAGCTACTTGGGAGGCTGAGGCAGGAGGATTGCTTGAACCCAGGAGTTCAAGACTTCAGTATGCCATAATCGCACCTATGAATAGTCACTGCACTCCAGCCTGGGCGACATAACAAAA"
"GL873521","24165831","24166009","chrX","9218405","9218573","51","14947426","GGCCAGGCACAGCAGCTCACACCCATAATCCTAACACTCTGAGAGACCAAGGTGTATAGATTACCTGAGCTCAGGAGTTGGAGACCACCCTGAGCAAGAGTAAGACCCCCATCTCTACAAAAAAAAAAAAAAAATAGAAAAACTAGCCAGGTGTTGTGGTGGGTACTTACAGTGCCAAC","GGCCAGGCGCAGTGCCTCACACCTGTAATCCCAGCACTTTGGGAGGCCGAGGCGGGTGGATCACTTGAGCTCAGGAGTTTGAGACCAGCCTGAGCAACATGGCAAAACCTCACCTCTACAAAAAAAATACAAAAATTAACCAGGCATGGTGGCAGGCACCTGTAGTCTC"
"GL873521","24270646","24270916","chr8","27224878","27225151","68","2954232","GGCCAGGCACGGTGGCTCACACCTGAATCCTAGCTGGCATTCTGGAAGGCCGAGGTGGGTGGATCACCTGACCTCAGGAGTTCAAGACCATCCTGAGCAAGAGTGAGATGAAACCTCATCTCTAAAAATAGCTAGGCATTGTGGTGGGCACCAGTAGTCCCAGCTACTAGGGAGGCTGAAGCAAGAGGATCACTTGAGTCTAAGAGTTAGACGTTGCTGTGAGCAGTGACGCCACAGCACTCTACCCAGGGCAACAAAGTGAGACTGTCTC","GGCCAGGTGCAGTGGCTCACACCTGTAATCCTAGCCCTTAGGAGGCTGAGGTGGGAGGATCACTTGAGCTCAGGAGTTCAAGACCAGCCTGGGCAATATGGTGAAACCCTGTCTCTACGAAAAATTAGCCGGGCATGGTGGCGCATGCCTGTAGTCCCAGCTACTCAGGAGGCTGAGGTGGGAGGATCATTTGAGCCCAGGAGGCGGAAGTTGCAGTGAGCCAAGATTGCACCACCGTACTCCAGCCTGGGCAACAAGTGAGATCCTGTCTCAA"
"GL873521","24618820","24618994","chr8","68458893","68459071","47","43840073","TCCTAGCACTCTGGGGGGCCGAGGTGGTAGGATCACTTGAACTAGAGTTCAAGACCACCCTGAACAAAAATCACACCCTGTCTGTACTAAAAATAGAAAAATTAGCCAGGCATTATAGTGCATGCCTGTAGTCCCAGCTACCTGGTAGGCTGAGGCAGATCCTCTAGCCCAGGGG","CCCAGCACTTTGGGAGGCTGAGATGGGTGGATCACTTGAGCCCAGGAGTTCAAGACCAGCCTGGGCAACATGACGAAACTCTGTCTTTACAAAAAATACAAAAATGAACCAGGCATGGTGGTGCATGCCTGTAGACCCAGTACTTGGGAGGCTGAGGTGGGAGGATCCCTTGATCCTGA"
"GL873521","24626746","24626855","chr1","205148842","205148953","29","180522096","AAAGAATGACAAAAATTCAGATATGGTGGTATGCACCTATAGTCAGTCACAGCTACTGGGGAGGCTGAGGTGGGAGGCTTTCTTGAGCCCAGGAGGTTGAGTCTAGCAAT","AAAAAGTACAAAGAATTAGCCAGGTGTGGTGGTGCGTGCCTATAGTTCCAGCTACTTGGGAGGCTGAGGTGGGAGGATTGCTTGAGTCCAGGAGTTGGAGGCTGCAGTGAAA"
"GL873521","24781755","24782037","chr5","139301937","139302217","85","114520182","GACCAGGTGTGGTGGCTCACACCTATTAGCCTAGCACTCTTGGCAGCTGAGGCAGGAGGATTCACTCAGAACTTCAAGAGTTAAACCCATGCCTCTACTAAAAATAAGAAAAAAATCAGTCCAGAGTATCATGGTGGGCACTTGCAGTCCCAGCTACTCGCAATGCTGAGGAAGAAGGATAGCTTGAGCCTAGGAGTTTGAGGTTGCTGTAGGCTGGATTTTTGTCATGGCATGCTAGTCTTGGCAACAGAGTGAGACTCTGGGGGAAAAAAAAAAGGAAAAA","GGCTGGGTGCGGTGGCTCACACCTGTAATCCCAGCACTTTGGGAAGCTGAGGCCAGAGGATGGCTTGAGCTCAGGAGTTTGAGTTGAAACCCTGTCTCTACAAAAAATACAAAAATTAGCTGGGTGTGGTGGTGCACACCTGTGGTCCCAGCTACTTGGAAGTGTGGGGTGGGAGGATTGGTTGAGCCCAGGAGGTTGAGGCTGCAGTGAGCCATGATCGTGCCACTGTACTCCCGCCTGGGTGACAGAATGAGACCCTGTCTCAAAAAAAAAAAAAAAAA"
"GL873521","24969692","24969970","chr5","91805199","91805483","78","66835507","GGCTGGATGCAGTGGCTCACACCTATAAACCTAGCACTCTGGAAGGCCACAGTGGGAGAATGGCTCGAGTTCAGGATTTTGAGAGTAGCCTGAGCAAGAGCAAGACCACATCTCTACTAAAAATATAAAAATTAGCAGGAAGTCTTGCTGAATGCATCATCTCAACTGCTCTGGAGGATGAGGCAAGAGGATTGCTTGAACTCAAGAGTTGAGGTTGTGGTGAGCGAGACTGAATCCATAGCACTCTACCCCAGGCAACAGAGCAAGACTTTGTTGAAA","GACTGGGTGCAATGGTTCACATCTGTAATCCCAGCACTTTGGGAGGCCAAGGTGGGAGGATGGCTTGAGCCCAGAAGTTCAAGACCAGCCTGAGCTACATGGCAAAACCCTGTCTCTACAAAAAATGTAAAAATGAGCCAGGCATGGTGGTGCATGCCTATGGTCCCAGCTACTCAGGAGGCTGAGGCAGGAGGATCGCACTAATCTAGGAGATGGAGGCTGCAGTAAGCCGAGATTGAGTCATTGCACTCCAGCCTGGGCGAAAGAGCCAGACTCTGTCTCAAA"
"GL873521","24970004","24970019","chr3","153804291","153804307","1","128834287","AAAACAAAACAAAAAA","CAAAACAAAACAAAAAA"
"GL873521","25391954","25392209","chr7","3491054","3491312","81","21900900","CCTAGTGCAGTGGCTCACACCTGTAATCCTGGAGGCTGAAGCAGATGGATTGCTTTGAGTTCCTGCCTAAATAAAAGTGGGAATCTACTATAGCAAAATTAGCTGGGCGTTATGGTGGGTACTTGTGGTCCCAGCTACTCAGGACGCTGAGGCAGGAGGATTGCTTGAACCAAGGAATTTGAGGTTGTTATGAGCTATGATGATGCCATGGCACTCTACCCAGGCCACAGAGTAAGATTTGGTCTCCAAAAAAAAA","GGCCAGGTGCGGTAGCTCACATCTGCAATCCCAGCACTTTGGGAGGCTGAAGCTAGAGGATCACTTGAGTCTTGTCTCTACAAAAAAAATCAAAAAATTAGCCAGGGCATGGTGGTGCATGCCTGTAGTCCCAGCTACTCGGGAGGCTGAGGCAGGAGGATCACTTGAGCCCAGGAGGTTGAGGCTGCAGTGAGCTGTGACTGTACCACTGCACTCCAACCTGGGCAACAGAGTGAGACCCTGTCTCAAAAAATAATAA"
"GL873521","25453333","25453646","chr22","29946204","29946503","77","4492871","GCCGGGTACAGAGGTGCATTTACCTGTAATCCTAGCACTTTGGGAGGGTAGGGTAGGAGGATGGCTTGGGGCCAGTAGTTCAAGACCAGCCTGAACAATCTAGTGTGACCTCGTCTCCACAAAATATAGAAAAATTAGCCAGGCATGGTGGTGGGCACTTGTATTCTCAGCTTCTCAGGAAGCTGAGGCAGGAGGATCTTTTGAGGCTGGAAGGTTGAGGTTGCATTGTTGAGATTGCACTGAGCTGTGATGACACCACTGCACTCTAGCCCTGGCAACAGAGTGAGATCCTAATTTAAAAAAAAAAAAAAAAA","GCTGGGCGTGGTGGCTCCTTCCTGTAATCCCAGCACTTTGGGAGGCCAAGGCTGGAGGATCACCTGAGTCCAGGAGTTTAAGACCAGCCTGGGCAACATAGGGAGACCCTGTCTCTACAAAAAATAAAAAATTAGCCAGGCATGGTGGTGTGCACCTGTAGTCCCAGCTACTCAGGAGGCTGAGGCAGGAGGATCTCTTGAGCCTGGGAGGTCAGACTACAGTGAGCAATGATTGTGCCACTGCACTCCAGCCTGGGTGACAGAGTAAGACTCTGTCTCTTAAAAAAAAAAAAAAAAAAA"
"GL873521","25473197","25473312","chr11","64318421","64318538","25","38845224","GGGCATGGTAACTCACTCCTATAATCCCAGCAGTTTGAGAGGCCAAGGCTGGAGGATCACTTAAGGCTAGGAGTTCATGACTGGTCAGGGCAACATAGTAAGACTTATTCTCTACA","CCAGGCATGGTGGCTCACACCTATAATCCCAGCACTTTGGAAGGCCAAGGCGGGAGGATCCCTTGAGGCCAGGAGTTTGAGACCAGCCTGGGCAACATAGCAAGACTCCGTCTCCACA"
"GL873521","25473339","25473487","chr1","35894728","35894879","40","10421389","AAGAATTAGCTAGGCATAGTGGTGCGCAGCTGTAGTTCCAAGTACTTGGGAGGTTAAAGACCATGTGAGCGCAGGAGTTCAAGGCTACAGTGAGCTGTGATCATGCCACTGCACTCTGGCCTGGGTGACAGAGTCTGTGTCATAAAAAA","AAAAATTAGCCAGGCATGGTGGCACATGCCTGTGGTCCCAGATACTTGGGAGGCTGAAGTGGGAGGATCACTTGAGCCCAGGAGATCAAGGCTGCAATGAGCCATGATCATGCCACTGCACTCCAGCCTGGGCAACCCTGTCTTTAAAAAAA"
"GL873521","25493130","25493293","chr4","75562087","75562252","41","50068957","CTTAGAGTTGTGGTGGGCTCCTGTACTCCCAGCTACCCAGGAGGTGAGGCTGAGGCAGGTGGATCACTTGAACCCAGGTATGTGAGGTTGCTGAGAGCTAGGATGACACACAGCACTCTAGCCTGGTGACAGAGTGAGTCTATGTCTCTAAATAAATAAATAAA","TTAGCTGGGTGTGGTGGCATGCACCTGTAGTCCCAGCTACTTAGGAGGCTGAGGCAAGAGGATCACTTTAGCCCAGGAGGTGGAGGTTGCAGTGAGCTGAAATCATACCACTGCACTCCAGCCAGGGTGACAGAGTGAGACCTTGTCTCAAAAATAAATAAATAAA"
"GL873521","25493320","25493467","chr9","31337596","31337743","33","5844276","GACTGGGCTTGGTGGCTCATGCCTGTAATCCTAGCATTCTGGGAAGCTGAGGCAGGAGAATCACTTGAGGTCAGGAGTTCAAGACCAGACTGAGCAAGAGTGAGATCTTGCCTCTACTAAAAAAATATATATTTTTAAAAAATAATGC","GCTGGGTGTGGTGGCTCACACCTGTAATCCTAGTGATTCAGGAGGCTGAGGCAGAAGGATCACTTGAGGTCAGGAGTTTGAGAGCAGACTGAGCAACAGAGTGAGACCCCCTCTCTAAGAAAAAAATATTAAAAAAAAAAACAACCGC"
"GL873521","25793453","25793728","chr15","82250472","82250741","88","56457019","CAGGTATGGTGGCTCACACCTGTAATCCCAGCACTTCGGGAGGCCAGGAGGTGGGGGAGAGGCTCTCTTGAAGCCAGGAGTTCCTGACCAGCCAAGCAACAGGCGAAACCTTATCTCTACAAAATATTAAAGAAAAAAGGAAATTAGCCAGGTATAGCAGTAGACATCCATAATTCCAGATACTGTCGTGGCTAGGACAGGAAGATCACCTGTGATTGTGCCACTGCATCCCAACTTGCCAAAAAAGCAAGATGCTGTCTCTATAAAAGAAAACTA","GCCGGGCACGGTGGCTTATGCCTGTAATCCCAGCACTTTGGGAGGCCGAGGCAGGAGAATCGCTTGAGCCCGGGAGTTTGAGACCAGCCTGGGCAACATGGTGAAACCAAGTCTCTACAAAAAAATACAAAAAAATTAGCCAGGTGTCGTGGTGCACGTCTGTAGTCCCAGCCACTCCTGGGAGGTCGAGGCTGCAGTGAGCTGTGATCGTGCCACTGCACTCCAGCCTGGGGAACAGAGTGAGACCCCGTCTCAAAAAATAAAAAAAAA"
"GL873521","25946379","25946540","chr16","48668108","48668267","54","22721729","GTTGAGGCAGGATTTCTTGAGGCTGGGAGTTGGAGACCAGCCTGAAAAACATGTTGATACCATTGCTACAGAAATTAGAAGAGTTAGCTGGGTATAGTGGTGCATCCCTGTAGTTCCAACTACTAGGGATGCTGAGGCAGGAGGGTCACGTAAGCCCAGGAG","GTGGGAGGATTTCTTGATCCCAGGGGTTCAAGACCAACCTGGGCAACATAGTGAGACCCTGTGTATACTGAACAAAAACAATTTTTCAGGCATGGTGGCACACACCTGTAGTCCGAGCTATTCGAGAAGCTGAGATGGGAGGATCCCTTGAGCCCGGGAG"
"GL873521","25955927","25956105","chr3","43378154","43378339","50","17422227","AAAAAATAGAAAAATTAGCCATGTGCAGTGGCATGTGCCTATAGTTCCACCACTGTAGGGGCTGAGGTAGGAGGATCCCTTAAGACCAGGACTTTGAGATTGCTGTGAGTTATGACATCACTGCTGTCTGGTTGGGTGACAAAGGGAGACTTTGCCTCAAAAAAGGGAAGAAAGAAAAA","AAAAATACAAAAATTAGCCGGGCATGTTGGCATGTGCCTGTGGTCCCAGCTACTCCAGAGGCTGAGGTGGGAGGATCACTGGAGCCCGGGAAGTTGAGGCTGCAGTGAGCTGTGATCACACCACTGCACTCCAGCCTGGGTGACAGAGTGAGACCCTGTCTCAAAAAAAAAAAAAAAAAAAAAAAA"
"GL873521","26298260","26298339","chr4","95794331","95794409","18","69496071","GGCTGGGTGCATCAGCTTATGCCTGTAATCCCAGTACTTTAGGAGGTTGAGGTAAGAGGATCACTTAAGAACAGGAATCC","GGCTAGGTGCAGTGGCTTACACCTGTAATCCCAGCACTTTGGGAGGCCGAGGCAGGAGGATCACTTGAGCCCAGGAGTT"
"GL873521","26307582","26307851","chr5","152032216","152032514","85","125724634","GCTGGGCATAGTGGCTCACACCTACACTCTTAGAGGCCAGGGCAGATGAATTATTTGAGCTTGGGAGACCAGACTGAGCATGAGTGAGATCCTGTTCCTACTAAAAATAGAAAAATTAATTGGGTGTTGTGCCTGTAGTCCCAGCTACTTGGAAGGCTGAGGCAAGAGGATCACTTGAGCCCAAAAGACTGAAGTTCTAATGCCAAACATGCTACTCAGAGGGACAGAATGAGACTCTGTCTCAAAAATAAATAAATAAATAAATAAATA","GGCTGGGCACAGTGACTCACACCTATAATCCCAGCACTTTGTGAGGCTGAGGCAGGCAGATTATTTGAGCCCCTGAGGTCAAGACCATCCTGGGCAACATGGCAAAACCTCATCTCTACAAAAAATACAAAAATTAGTTGGGTGTGGTGGCATACGCCTATAGTCCCAGCTCCTCAGGAGGCTGAGGTAGGAGGATGGTTTGAGCCCAGGAGATGGAGGTTGATCATGCCACTGCTCTCCAGACTGGGCAACAGAATGAGACTCTGTCTCACAAAAAATGAAACAGAATAAAATAAAAA"
"GL873521","26951040","26951317","chr17","16672309","16672598","75","10278731","TGGCTTACACCTGTAATCCTAGCACTCTGAGAGGAGTGAGGCAGATTGCTTGAGCTTAGGAGTTTAAGACCAGCCTGAGCAAGAAAGATCCCATTTTTACTAAAATAGAAAACTAGCCAGGGGTGGTGGCCTATGTCTGTAGTCCCAGCTACTCGGTAGGCTAAGGCAAGAGGATTGCTCAAACCCAAGAGTTTGAGATTGCTGTGAGTTCTGGTGCCATGACACTCTATCCAGGGTAACAGAGTGAGACTTTGTCTAAAAAAGAAATAAAATAGGTG","GTGGCTCACACCTGTAATCTCAGCACTTTGGGAGGCTGAGGCGGGAGGATCACTTGAGCCCAGGAGTTTGAGACCAGCCTGAGCAACATAGTAGGCTCCTGTCTCTACAAAAAAATACAAAAATTAGCTGGTACTGGTGGCATGTGCCTGTAGTCCCAGCTACTCAGGAGGCTAAGGCAGGAGAATCGCTTGAGCCCAGGAGGTTGAGGCTGCTATGAGCTGTGATGGCACCACTGCACTCCAGCCTGGGTGACAGAGTGAGACCTGGTCTCAAAAAGAAAAAAAAAAAA"
"GL873521","26951542","26951557","chr3","53948633","53948648","1","26997091","AAAAGAAAGAAAGAAA","GAAAGAAAGAAAGAAA"
"GL873521","27061553","27061681","chr3","122788793","122788920","26","95727240","GGCCACGCACAGTGGCTCATGCCTTTAATCCTAGCTTTCTGTGGAGGCCAAAGCAAATGGATCACTTGAACTCAGGAGTTCAAGACCAGCCTGAGCAAGAGCAAGACCCCATCTCTACTAAAAATAGAA","GGCCAGGCACTGTGGCTCATGCCTGCAATCCCAGCACTTTGGGAGGCCAAGGCAAGAGGATTGTTTGAGCCCAGGAATTCAAGACCAGCCTGGGCAACTCAGGAAGACCCCATCTCTACAAAAAACAA"
"GL873521","27061706","27061860","chr8","96136998","96137163","44","69075292","TAGCTTGGCATTGTGGTAGGCACTGGCAGTCCCAGTTACTTCGGAGGCTAAAACAAGAAGGATTGCTTGAATCCAGTGAGGTTGCTGTGAGCTATAATGTCATGGCACTTCTCCCCAGGGCAACAGAATGAGACTATCTCAAAAAAACAAATAAA","TTTAGCTGGGAAGGTTGGCACGCACCTGCAGTCCCAGCTACTTGGGAGGCTGAGACTGGAGGATTGCTTGAGCCCGAGAGGTCGAGGTGGCAGTGAGCCATAATCACACCACTGTACTCCAGCCTGGGTAACAGAATGAGACTCTGTCTCAAAACAAACAAACAAA"
"GL873521","27073730","27073910","chr1","68095575","68095737","50","41021845","GAGCAGCCTGAGCAGCTAGGGTACTGCTCCCTGCCTCTAGTCCCAGCTACTTGAGGGGCTAAGGCAGGAGGATTGTTTGAGCCCAGGAGCCCAGGAGTTTGAGATTGATGTGAACTAGGCTGATGCCATGGCACTCTAAACTGGGCAACAGAGTAAGACTCTATCTTAAAAAAACAAAAAA","TTAGCCCTGCATGGTGGCACATGCCTGTAGTCCCAGCTATTTGGGAGGCTAAGGCAGGGGGATGGTTGGAGCCCAGGAGGCAGAGGTTGCAGTAAGCTGAGACTGAGCCATTGCACTGCAGCCTGGGTGACAGAGTGAGACTCTGTCTCAAAAAAAAAAAAAA"
"GL873521","27074182","27074275","chr19","50666183","50666279","26","23592001","GCTGGGTACTGTGGCTCAAGCATGTAATCATAGCACTCTTGAGGCCAAAGTTTGGAGGATCCCTGAAGCTCCAGAGTTTAAATGCAGCTTGAGT","GGCTGGGCTCTGTGGCTCATGCCTGTAATCCCAGCACTTTGGGAGGCCGAAGTGGGAGGATCACTTGAGTCCAGCAGTTTGAGAGCAGCCTGGGCAA"
"GL873521","27115551","27115853","chrX","48006439","48006741","74","20890888","GGCCAGGTGTGGTGGCTCCTGTAATCCTATCACTATGGGAGGCCAAGGTGGGTGGATTGCTTGAGCTCAGGAGTTGGAGACTAGCCTAGGCAAGAGTGAGATCCCGTATCTACTAAATAGAAAAACTAACCAGGTTCCAGGTGCCTGTAGTCCCAGATTCTTGGGAGGCTGAGGCAAGAGGATCACTTAAGGTCAGGAGTTTAAGGTTGCTGTGAGCTATGATGTCATAGCACTCTACCCAGGGTGACAGAGTGAGACTCTATCTCAAACAAACAAACAAACAAAACAAAAACAACAAAAAAA","GGCTGGGCTCAGTGGCTCACGCCTGTAATTCCAGCACTTTGGGAGGCCAAGGTGGGCGGACTGCTTGAGCTCAGGAGTTCGAGACCAGCCTGGGAAACATGGCGAAACCCCATCTCTTAAAAAAAAAAAATTATCTGGGTGGCAGGAGCCTGTAGTCCCAGCTACTTGGGAGGCTGAGGTAGGAGGATCACCTGAGCCCGGGAGGTCAAGGCTGCAGTGAGCCATGATCGTGCCACTGCACTCCATCCTGGGTGACAGAGTGAGACCCTGTCTAAAAAAAAAAAGAAAAAAGAAAAAAAGAAA"
"GL873521","3621655","3621735","chr19","38588582","38588671","29","34966927","AAACCCCCCAGAAAATTAGCTGTAGTCCAGCTACTTGGGAGGGTGAGGCAGGATTGCTTGAACTCAGGAGGCTGAGGTTGC","TTAGCCAGGTGTGGTTGTGCACGCCAGTAGTCCTAGCTACTCAGGAGGCTGAGGCAGGAGGATTGCTTGAGCCCAGGAGTTTGAGGCTGC"
"GL873521","3642385","3642519","chr4","190118736","190118870","25","186476351","GGCTGGGTGAGGTGGCTCACACCTGTAATCCCAGCACTCTGGGAGGCCAACAGGGATGGAGCACCTGAGCTCAGGAGCTTGTGCCCAGCTTGAGCAAGAGTGAGACCTCATCTCTGTTAAAAACAGAAAAAAAAA","GGCTGGGTGCAGTGGCTCACACCTGTAATCCCAGCACTTTGGGAGGCCAAGGTGGGAGGATCACTTGAGCTCAGGAATTCGAGACCAGCCTGGGCAACATAATGAGACTGCATCTCTGTAAAAAAAAAAAAAAAA"
"GL873521","3642815","3642983","chr6","117522072","117522244","43","113879257","AAAAAAACTAGCCAGGCATTGTGGCGAGTGCCTGTAGTCCCAGCTACTCGGGAGGCGGAGGCAAGAGGAGTGCTTAATCCCAAGAGTTTGAGGTTGCTGTAAGCTATGACACTCATTCTACTCAGGGTAACAAAGTGAGACTCTGTCTCAAAAGGAAAAAAGAAAGAGA","TAAAAAAATTAGCCAGATGTGGTGGCATGTGCCTGTAGTTCCAGCTACTCGGGAGGCTGAGGCAGGAGGATTGCTTGAGCTCAGGAGTTCGAGGCTGCAGTGAGCTATAATTGTGCCACTGCACTCTAGCCTGGGTGACACAGTGAGACCTTGTCTTTAAAAAAAAAAAAAAA"
"GL873521","3668981","3669096","chr1","92774326","92774442","25","89105345","GGCTAGGCTCAGTGGCTCATGCCTATAATCCTAGCACTCTGGGAGGCTGAGACAGGTGGAGTGCCTACGTTCAGAAGTTTGAGACCAACCTGGGGAAGAGTGAGACCCTTGTCTCT","GGCCAGGCGCAGTGGCTCACACCTGTAATTCTAGCACTCTGGGAGGCAGAGGCAGGCAGACTGCTTGAGCTCAGGAGTTCGAGACTACCCTGGGCCACACAGTGAGACTTTGTCTCT"
"GL873521","3669118","3669287","chr19","44556029","44556196","40","40886911","GCCTAGCCATGCATTATGGTGGGCACCTGTAATCCCAGCTACTTGAGTGGCTGAGACAGGAGGATTGCTTGGGCCCAGGTGTTTGAAATTGTCGTGAGCTATGACAACACTATAGCACTCAACCCAGGGCACAGAGTGAGACCCTGTCTCAAAAAAAATAATAAATAAAA","TTAGCTGGGCACGGTGGTGTGCACCTATACTCCCAGCTACTCTGGAGGCTGAGACAGGAGGATTGCTTGAGCCCAGGAGTTCAAGACTGCAGTGAGCTAGGATCGCACCATTGCACTCCAGCCTGGGCAACAGAGTGAGGCCCTGTCTCTAATAATAGTAAAAAAAAA"
"GL873521","3669631","3669737","chrX","25092369","25092466","29","21422738","GGTTAGGCATGGTGGCTTACACATGTAATCCCAGCACTTTCAGAGGCTGAAGTAGGAGGATCTCTCAAGAGACCATCAGAGGGAGACCCTGTCCTTATAAATAATTA","GGGTGTGGCGGCTCAAACCTGTAATCCCAGCACTCTGTGAGGCTGAGGCAGGAGGATCGCCTGGGCAATATAGTGAAACCCTGTCTGTATTAATAATA"
"GL873521","3670024","3670183","chr1","26355033","26355200","40","22685009","TTGGTTGGGTGTGGTAGCACTTGCCAATAGTCTTAGCTACTTGGGAGGCTGAGGCAGGAGGATCCCTTGAGCCCAGGAGTTCAAAGTTGTAGTGAGCTGTAGTAGGGCCACTATAGGGTAAAAGAGTAAAATCCTGTCTCAAAAAAAAAAAAAAAAAAAA","AACTAGCTGGGTGTGGCGGCGTGTGCCTGTAGTCCCAGCTACTTGGGAGGCTGAGGCAGGAGGATCACTTGAGCCCAGGAGTTCAAGGCTGCAGTGAGCTAAGATCATACCACTGCACTCCAGCCTGGGTAATAGAGTGAGATCCTGTCTCAAAAAAAAAAAAAAAAA"
"GL873521","3713060","3713213","chr16","52591348","52591478","53","48878288","ACTAAAATTGTAAAGCCTAAGCTGGGTGTCATGGTGCACACCTGGAGATCCAGCTCCTCGGAGGCAGAGACAGGAGGATCTCTTGAACCCCAAAATTTGAACACAGTGCGACAACATAATGAGACCCACCTCTTACAAAAAATTACAAAGACTA","GCTGAGTGTGGTGGTGTGTGCCTATAATTCCAGCTACTCAGGAGGCTGAGGCAGGAGGATCACTTGAGCCCAGGAGTTTGAGACCAGCCTGGGCAACACAGTGAGACCCCATCTCAAAAAATTAAACATTA"
"GL873521","3858021","3858181","chr15","40727742","40727900","45","36869721","GGAAAAATTAGCTCAGCATTGTGGTGGGTGCCAATAGTCCTAGTTACTGGGGGGGTGGAGGGTTGAGGCAGGAGCTTGAGCTCAGGAGTTTGAGGTTGCTGCGAGCAAGGCTCATGCCATGGCACACTAGCCTGGACAACAGAGTGAGAGTCTGTCTCAAA","TTTAAAAATTAGCCAGGCATGGTGGTGACCACCTGTAGTCCTAGCTATTCAGGAGGCTGAGGCAGAAAGATTGCCTGAGCTCAGGAGTTTGAGGTTACAGAGAACTCTGATCATGCCACTGCACTGCAGCCTGGGCAACAGAGTGAGACTCTGTCTCAA"
"GL873521","3858456","3858567","chr17","26390105","26390216","27","22531649","GGTTGGATGCAGTGACTCACGTTTATAATCCTAGCACTCTGGGGAGCAGAGGCAGGAGGATCCCTTGAGCTTAGGAGCAAGACCCCATCTCTACTAAAAAATGGAAAAATTA","GGCCGGATGCAGTGGCTCACGCCTGTAATCCCAGCACTTTGGGAGATGGAGGTGGGAGGATCGCTTGAGGCTAGGGGTTCGAGACCACATCTTTACAAAAAATTTAAAATTA"
"GL873521","3958462","3958555","chr3","156881552","156881648","15","152923090","GGCCAAGTGTGGTGGCTCACGCCTGTAATCCCAGCACTCTGGGAGGCTGAGGCAGAGAATCACTGGAGCGCAAGAGTTTGAGACTAGCTTGAGC","GGCCAGTTGTGGTGGCTCACACCTGTAATCCTAGCACTCTGGGAGGCTGAGGCTGGAGGATCACTTGAGCTCAGGAGTTTGAGACCAGCCTGGGCAA"
"GL873521","4004289","4004415","chr2A","53135817","53135938","36","49131528","GCCGGGCGCGGTGGCTGACACCTGTAACCGAGCACTTTGGGAGGCATCTGTAGGAGGATCGCTTGAGGCCAGGGATTGGAGACCTCCCGCCCTACAAATGATTTTAAAATAAACTGCTTATGCTGGG","GCCAGGTACAGTGGCTGACATCTGTAATCCCAGCACTTTGGGAGGCTGAAGTGGGAGGATCACTTGAGGCCTGGAGCTTGAGACCAGCCTTGTCAACATAGTGAGATTAAAAAATTAGCTGG"
"GL873521","4004664","4004811","chr5","141173286","141173416","45","137168622","CTGCTTATGCTGGAGGACCCTCACCCCACCCCACCCCCACACACACCTTGTGCTCCTGACTTGGAGACTGCAGTGAACTATGATCAGGCCGCTGCCCTCCAGCGTGAGCGACAGAGCATGACCCTGTCAAAAAAAAAAAAAAAAAAAA","CTACTTGGGAGGCTGACCCACGAGAATCACTTGAACCTGGGAGGTAGGCTGCAGTGAGCTAAGATCACACCACTGCACTCCAGCCTGGGCAACAGAGCAAGACTCTGTCTCAAAAAAAAAAAAAAAAAAAA"
"GL873521","4367979","4368038","chr4","148843957","148844014","16","144475978","GGGCCCGGATAATGGCTCTAATCCCAGCTACTTGGGAGGCTGGGGCAGAAGGATCGCTTG","GCAATGGTACATGCCTATAATCCCAGCCCTTTGGGAGGCTGAGGCAGGAGGATCACTT"
"GL873521","4416492","4416644","chr15","38442496","38442652","39","34026004","GACAAAAATTAGATGGGCGTGGGGCTGTAGTTCCAACTACTCTGGAGGCTGAGGCAGGAGGGTTGCTTCAGCCCAGGAGTTTGCGGTTGTAGTGAGCTATAATGATTCCACTGCACTATAGCATGGTGACAGAGTAAGACTGTATCTCAAAAA","TTAGCCAGATATGGTGGTGCATGCCTGTAGTCCCAGTTACTTGGGAGGCTGAGGCGGGAGGATTGCTTGAGCCCAGGAGTTTGAGGCTGTGGTGAGCTATGATTGTGCCACTGCACTCCAGCATGGGTAACAGAGCAAGACCCTATCTCTTTAAAAA"
"GL873521","4416915","4417046","chr12","122239412","122239544","30","117822497","GCCTGGTACAGTGGCTCACAGCTGTAATTCTACCACTCTGGCAGACTGAGGCAGGAGTATAGCTTGAGGTCAGGAGTTAGAGAGCAGCCTGAGCAAAAGTGAGACCCTCTATTAAAAATAGAAGAATTAGGG","GGCTGAGCACGGTGGCTCATACCTGTAATCCTAGCACTTTGGGAGGCTGAGGCGGGAGGATTGCTTGAGGCCAGGAGTTTGAGACCAGCCTGGGCAACATAGTGAGACCCCATCTCTAAAAAAAAAAAAATTA"
"GL873521","4508052","4508216","chr1","180937305","180937458","45","176429253","CGCCAAAATAGCCACGTATGGTTGTGTGCACCTATAGTCCCAGCTATTTCAGAGGCGGAGACCATAAGACCACTTGCACCCAGGAATTTGAGGATACAGCAAGCTGTGATCATGCCACTGCACTCCACTCCAAGCCACAGACTGAGGCCTTGTCTCTTAAAAAAA","GCAAGCCAGGTGTGGTGGCATTTGCCTATAGTCCCAGCTATGTCAAAGGCTGAGACAAAAGTATCACTTGAACCCAAGAGTTAGAGGTTACAGTGAGCTATGATCGCACCACTGCACTCCAGCCTAGGCAACAGAATGAGACCCTGTCTCTAAA"
"GL873521","4508241","4508340","chr4","142826785","142826889","25","138318544","CCAGGTGCCATGGCTTATGCCTGTAATCCCAGGGCTCAGCTTGAGGCAGATGATCACTTGAAGCCAGGAGTTCGAGACCAGCCTGGGTAACACAGTGAGA","GGCCAGGTGTGGTGGCTCATGCCTTTAATACCAGGGCTTTGGGAGGCTGAGGCAGGACGATCACTTGAGGCCAGGTGTTTAAGACCAGCCTGGGCAACATAGGGA"
"GL873521","4585645","4585775","chr1","22024766","22024901","32","17439121","GCTGGGCAAGGTGGCTCACGCCTGTAATCCGAGCACTCGGGGAGTCCAATAGGGGTGGATTGCCTGAGCTCAAGTTCAAGACCAACCCAAGCAAGAGTAAGACCCCATCTCTACTAAAAATAGAAAAAACA","GCCAGGTGAGGTAGCTCACGCCTGTAATCCCAGCACTTTGGGAGGCCAAGGTGGGTGGATCAACTGAGGTCAGGAGTTCAAGACCAGCCTGGCCAATATGGTAAAACCCCATCTCTACAAAAAATACAAAAATTAT"
"GL873521","4586039","4586216","chr5","162553581","162553768","45","157967542","TAATAGAAAAACTAGCCACTGGTAGGCACCCATAGTCCCAGCTACTTGGGAGACTTAGGCAAGAGAATCACTTAGCCCAAGAGTTTGAGGTTGCTGTGAGCTATGATGCCATAGCACTCTACCCACAGTGCCAGAGTGAGATTCTGTCTCAAAACAAAAAAAGAAAGAAAGAAAGAAA","AATTTAAAAATAGCCAAGTATAGTGGCATGCCTCTGTATTCCTAGCTACTTAGGAGACTGAGGCAGGAGGATCACTTGAGCCCAAGTGTGTGAGGCTGCAGTGAGCCATGATCCAGCCACTGCACTCGAGCCTGGAAGACAGAGTGAGATACTGTCTCAAAAAAAAGAAAGAAACGAAAAGAAAGAAA"
"GL873521","4615177","4615298","chr12","11845861","11845982","46","7230684","AAATATAATGAGTAGCTGGGTGTGGAGGCACGTACTTCTACACCCAGCTACATAGAAACTGTGTAGCAGGCAGGAAGATAGTTTAATTAATATAGTGAGAACCCCATTTCAAAAAGAAAGAA","AATACAAGGAAGCCAGGTGTGGTGGCATGCACCTACAGCCCGAGCTACTCGGGAAGCTTTGAACTGGAGACAAGCCTGGGCAACATAGTGAAACCCCATCTCCCTCTAAAAACAAGGAAAGA"
"GL873521","4639212","4639298","chr17","29760224","29760310","16","25121012","GGCCTGGCACAGTGGCTCATACCTATAATCCTAGCACTCTGGGAGGTGAGGTGGGGAGGATCCTTTGAGCTTAAGAGTTTGAGATCA","GGCCATGGGCAGTTGCTCACACCTATAATCCCAGCACTTTGGGAGACTGAGGTGGGAGGATCGCTTGAGCACAGGAGTTTGAGACCA"
"GL873521","4757227","4757326","chr1","32811419","32811520","26","28054192","TAAAATAAATAAATCAGCTGGCAGTGTGGTAGGCAACTGTAGCCCCAGCTACCCAGGGCTGTGGCAGGAAGGTGACTTGAGCCCAGTAGTTTGAGGTTGC","ATTAAATTAAATGGAGCCGGGCGTGGTGGTATGCACCTGTTGTCCCAGCTACTCAGGAGGCCAAGGCAGGAGGATCACTTGAGCCCAGGAGTTTGAGGATGC"
"GL873521","4757600","4757715","chrX","124471265","124471386","33","119713665","GGCTGAGCAGTGTGGCTCACGCCTGTAATCCTAGTGCTTTGGGAGGCTGAGGTGGAGTGAATTCCAGACCTGCCTGAACAAGAGAGTTTTTGTCTCTACTAAAAATATAAAAATCA","GGCTGGACACCGTGACTCACGCCTGTAATCCCAGCACTTTAGGAGGCTGAGGCAGGAGGATTGCTCAAGACTAGCCTGGCCAACATGGTGAAACCCCGTCTCCACTAAAAATACAAAAATTA"
"GL873521","4833908","4834183","chr20","5619662","5619943","68","785754","GGCCAGTGCAGTGGCTCATGCTGTAATCCCAGCCCTCTGGGAGGCTGAGGCAGGCGGATCCCCTGAGCTCAGTGGTTGGAGACCAGCCTGAGCAAAAGTGCAACCCCGGCTCTACTAAAAATAGAAAAAACATTAGCTGGGCTGGGTGGCAGCTGCCTATAGTTACAGCTAATAGGAAGGCTGAGACAGGAGGATGGTTTGAGCTCAGGAGGTTGGGGTTAAGATATGGTGACACCACTGCATGCTACCTGGGGCACAGAGCAAGACTCTTGTCTC","GGCCAGGTGCAGGGGCTGACACCTGTAGTCCCAGCACTTTGGGAGGCTGAGGCAGGAAGATCACTTAAGCCCAGGAGTTCGAGACCAGCCTGCGCAACATGGTGAAAACCCGACTCTACAAAAAATACAAAAACTAGCCAGGCATGGTGGTGCCTGCCTGTAGTCCTAGCTACTCAGAAGGCTGAGATGGGAGGATTGCTTGAGCCCAGGAGGTTGAGGTTGCAGTGAGCTGAGATGACACCGCTGCATTCCAGCTTGGGTGCCAGAGCAAGACCCTCTCTC"
"GL873521","4857882","4858053","chr13","48157593","48157767","59","43299711","GACCAACCAGAGTAAGAATAAGACCCCTGTCTCTACAAAAAAATGCCAAAATTAGCCAGGCATAGTGGCATGCACCTATAGTCCCAGCTACTATAGTTTTGAGGTTGCTGTGAGCTATGACGATGACATTGCACTCTACCCCAGGCAACACAGCAAGGCTCTGTCTCCAAAA","CCAGCCTGGACAACATAGGGAGACCCTGTCTCTACAAAAAAATTTTCAGAAAATTAGCTGGGCACCATGGCGCATTCCTATAGTCCCAGCTACTCAGGAGGCTGCAGTGAGCCATGATTGTGCCACTGTGCTCCAGCACGGGTGACAGAGCAAGACCCTGTCTCTTAAAAAAAAA"
"GL873521","4858329","4858418","chr2B","246546136","246546224","17","241687807","CAGGAGCAGGGGCTCACACCTATAATCCTAGCACTCTAGAAGGCCAAGGCTGGAGGATTACTTGAGGCCAGAAGTTCATGACCAGCCAGT","CCAGGTGCTGTGGCTCATGCCTGTAATCCCAGCACTTTGAGAGGCCTAGGCAGGAGGATTACTTGAGGCCAGAAGCTCAAGACCAGCCT"
"GL873521","4904065","4904344","chr20","3250028","3250308","77","1654037","GGCCAGGCATGGCGGCTCAGCCTATAATCTGGGAGGCCAAGGCTCAAGGAGTTTGAGACCTGCCTGAGCAAGAGCAAGACCCTGTCTCTACTAAAAATAGAAAAAACAGCCAGGTGTTGTGGCAGGCACCTGTAGGCCCAGCTACTTGAGAAACTGAGGCAGGAGGACTGCATGAGCTCAGGAGTTTGAAGTTGCTGTGAGCTAAGAAGCCACAGCATTCTAGTCTGTAGCAACAGAGTGAAACTGTCTCAAAAACAGAACAAAACAAAACAAAACAAAA","GGCCAGGTGCAGTGGCTCACACCTATAATCCTAGCACTTCAAGGCCAAGTTCGAGACCAGCCTGGGCAACATGGCAAAACCCTGTCTCTACAAAAAAAAAATAAAAATTAGCCAGGCATGGTGGCGCTCACCTGTAGCCCCAGCTTCTTGTGGGGCTGAGGCAGGAGGATTGTTTGAGCCTGGGAGACAGAGGTTGCAGTGAACCTATATCATGCCACTGCACTCCAGCCTGGGTGACAGAGTGAAACCCTGTCAAAAAAAAAAAAAAAAAAGAAAGAAAA"
"GL873521","5548943","5549231","chr4","172002891","172003185","72","166453948","GACTGGGCACAATGGCTCACGCCTATAATCCTAGCACTCTGGAAGGCCAAGGTGGGTGGATTACTTGAGCTCACAGGTTTGGGACCATCCTGAGCAAGAGTAAAACCTCATCTCTAAAAATAGCCCGGCATTGTGGTGGGTACCTTGTAGTCCCAGCTAGTTGGGAGGCTGAGGCAAGAGAATCTCTTGAGCCTAAGACTTTGAGGTTGCTGTAAGCTGTGATGCCATGGTACTCTACCGAGGGTGACATAGTAAGACTCTATCTCCAAAAAAAAGAAAGGAAAAAGAA","GGCCAGGCACAGTGGCTCATGCCTATAATCCCAGCAATTTGGGAGGCCAAGGTGGGAGGATCACTTGAGCCCAGGAGTTGGAGACCAGCCTGGGCAACATGGCAAAACTCCATCTCTACAAAAAATAGAAGCCAGGTGTGGTGGTGTGCATCTGTAGTCCCAGCTACTTGGGAGGCTGAGGTGGGAGAATCGCCTGAGCCTGGGAGGTGGAGGTTGCAGTGAGCCAAGATCATGCCACTGCACTCTAGCCTGGGTGTCAGAGTGACAACTTGTCTCAAAAAAAAAAAAAAAAGAA"
"GL873521","5616768","5616899","chr1","134480867","134480991","29","128864099","GTGGCTCTCTCCTGTAATCCCAGCACTTTGGGAGGCCAGGGGAGAGGATTGCTTAAGGCCAGGTATTTGAAACCAGCCTGGGCAACACAGAGAGATATGCCCATCTCTACCAAAAGAAAAAAATTGCTAGGA","GTGGCTCATGCCTGTAATCCCAGCACTTTGGGAGGCCAAGGAGTGAGGATTGCTTAAGTCCAGGAGTTCAAGAACAGCCTGGGAAACATAGTAAGATCCTGTCTCTACAAAAAATAAAAAATTGT"
"GL873521","5617203","5617331","chr3","201848039","201848154","42","196230836","TTAAAAGTTTGCTGGGCTTGCTGAAGTGTGCCTGTAGTCCCAGCTACTCAAGAGACTAAAGTGGGGGGGATCAACAGAGCCCAAGAGTTTTAGCCTGTTCTGAATCACTGGACCACTGCATTCCTGTCT","ATTAGCTGGGCGTGGTGGCGGCTGCCTGTAGTCCCAGCTACTCAGGAGGCTGAGGTGGGAGGATCACCTGAGCCCGGGAGGTCGAGGCTGCAGTGAGCAGTGATGACGGCACTGCA"
"GL873521","5813449","5813645","chr8","55925895","55926096","51","50112446","TCTATAAATATATAGAAATTGCCAGGCACTGTGGCTAATGCCTGTCATCCGAGCACTTTGGGAGGCTGAGGCAGGAGGATCATTTGAGCCCAGAAGTTGGAGGCTTCTATGACTGGGGTGCTGCACTACAGTGGAGGCTGGGTGAAAGAGCAAGATTCTGTCTCTAAAAAACATACAAAACAAACAAACAAACAAAA","TCTCTACAAAAAAATAAAAAACTAGCCGGGCATGGTGGCACATGCCTGTAGTCCCAGCTACTTGGGAGGCTGAGGCAAGAGGATCACTTTACCCCAGGAGGTCGGGGCTGCAGTGAGCTGTGTTCATACCACTGCACTACAGCCTGGGTGACAGAGCAAGACTCTGTCTCAACAAAACAAAACAAAACAAAACAAAACAAAA"
"GL873521","5816723","5816839","chr7","150519989","150520108","29","144703266","GGCTTACACCTGTAATCCTAGCACTTTGGGAGAGTGGGAGTATGGCTCGAACCCAAGAGTTGGGAGACCAGCATGGGAAAGAATGAGACCCTGTCTCTACAAAAATAGAAAAATTAG","TGGCTCACATCTGTAATCCCAGCACTTTGGGAGGCCAAGGTGGGAGGATTGCTTGATCCCAGGAGTTGGAGACCAGCCTGGGCAACATAGTGAGACCCTGTCTCAACAAAAATTTATTTT"
"GL873521","6392280","6392393","chr13","98865790","98865887","34","92473510","GGCATGGTGATACATGCCAGCGACTTAGGAGGAGGACCCCTTGAGCAAGTGAGCAGTGATTGTGCCACTGCACCTCCAGCCTGAGCAACAAAGTGAGACTCTGACTCTTAAAAA","CAGGGGGACCACCTGAGCCTGGGAGGTTGCAGCTGCAGAGCCGTGATTGTGCCACTGCATTCCAGCCTGGGCAACAGAGTGAGCTCCTGTCTCAAAAA"
"GL873521","6821886","6822161","chr13","35542940","35543211","71","28721054","GGCCTGGTGCAGTAGCTCAGAGCTGTAAGCCTAGCACTCTGGGAGGCAGAGGTAGGTAGATCACTTGAGACCAGGAGTTCAAGAAGACCAGACTAAGTAAGAGTGAGACCCTCACCTATGCTAAAAATAGAAAATATTAGCTGGGCATACAGTGTATGTCTGTAGTCCAGGCTACTTAGGAAGCTGAGGTAGGAGGATCACTTAAGCCCAGGAGTTTGAGGTTGCTGTGAGCTAGGCTGAGGCCATGGTACTTCAGCCTCGGCAACAGAGTGAGAC","GGCCAGATGTGGTGGCTCACACCTGTAATCCTAACACTTTGGGAGACCGAGGTGGGTGGATCACTTGAGGTCAGGAGTTCAAGACCAGCCTGGCCAACATGGTGAAACCCCATCTCTACTAAAAATACAAAAATTTGCTGGGCATGATGGTGGGCGCCAGTAGTTCCAGCTACTCAGGAGGCTGAGGCAGGAGAATCGCTTGAACCCAGGAATCAGAGGTTGCAGTGAGCCAAGATCACGCCATTGCACTGAAGCCTGGGCGACAAGAGCAA"
"GL873521","6822427","6822459","chr1","26448863","26448892","8","19626436","TCAGAGTGAGACTTTATCTCAAAGAAAAAAAAA","TGAGTAAGACCCTGTTTCAAAGAAAAAAAA"
"GL873521","6828199","6828251","chr12","8954703","8954756","17","2126504","GGGAGAGGTAGCTCAGGCCTGTAATTCTAACACTCTGGGAGGGAGGATCCCTT","GGTCAGGTATGGTGGCTCATGCCTGTAATTCTAGTACTTTGGGAGGCTGAGGTC"
"GL873521","6828640","6828791","chr2A","70191250","70191406","45","63362610","CCTTGAGCTCACAAGTTTGAGACCAGCCTGAGCAAGAGCGTGACTATCTCTACTAAAAATAGAAAACTCTGCTAGGTGTTGTGGCAGGTGCCTATAGTTCCAGCTACCTAGGAGGCTGAGGCAAGAGGATCACTTAAGCCCAGCAGTTTGAG","TCACTTGAGCCCAGGAGTTCGAGACCAGCCTGGGCAACATAGTGAGACTCAGTCACTACAAAAATAAACTTGCTGGGTGTGGTGGTGTGCACCTGTAGTTCTAGCTACTCAGGAGGCTGAGGTGGGAGGATCCCTTGAGCCTCGGAGGTGGAGGTTG"
"GL873521","6837142","6837367","chr12","104694083","104694305","59","97856941","GACTGGGTGCTATAGCTCACACCTGTAACCCTAGCACTCTCAGAGGCCAAGGTGGGTGGATTCGCTGAGCTCAGGAGTTCAAGACCAGCCTGAGCAAAATAAGACCCCATCTCTACTAAAAATAGAAAAAGAAAAACCAGCCAGGTGTGGTGCCAGGAGCCTGTAGTTCCAGCTACTCAGAGGCTAAAGTAAGAGGATTATTTGAGCAGTAAGAGTTTGTGGTTTC","GACTGAGTACGGTGGCTCACACCTGTAATCCTAGCATTTTGGGAGGTCAAAGTGGGAGGATGACTTGAGCCCAGGGGTTCAAGACCAGCCTGGGCAACAAAGTGAGACCCTGTCTCCATAAAAATTACAAAAATTAACCAGGCATGGTAGCATGTGCCTGTAGTCCCAGCTACTCGGGAAGCTGAGGCCAGAGGATTGCTTGAGCTTAAGAGGTTGAGGCTGC"
"GL873521","6837616","6837695","chr14","61332116","61332199","24","54494500","GTTTGTGGTTGCTGTGAGCTATGACATCACAGCACTCAACCCCAGGGTGACTACATACAACTCTGTCTCAGAAAAAAAAA","GGTTGAGGCTGCAGTGAGCTGTAATTGTACCACTGCACTCCAACCCAGGTGACACAGTAAGACCCTATCTCAAACAAAACAAAA"
"GL873521","7000001","7000131","chr1","35753661","35753787","41","28753660","ACAGTAATACATACTTGTAGTTCCAGCTTCTAGGCTGAGGCCAGAAGATGGCTTGAGCCCAGGACTTTGAGGTTGCAGTGAGAGATGATGATACCTCTGTACTCTAGCCCAGGTAACAGAGACTCTGTTTC","TTAGCCAGGCATACTAGCTCATGCCTGGAGGCTGAAGCAAGAGGACAGCTTGAGCCCAGGAGTTTGAGGCTGCAGGCAGCTATGATCGCACCATCGCACTCCAGCCTGGGTGACAAGACCCCATCTC"
"GL873521","7000386","7000547","chr6","44662547","44662705","42","37662161","GGGTGTGGTGGCTCTTACCTGTAATCCTAGCACTTTGGGAGGCTGGGGCAGGCAGGAAGATTGTTTGAGGCCAGGAGTTCCAGACCAGGCTTGTCAATATAGTGAGACCCCGTCCCTATAAAAAATAGAAAAATTATCTGGGCCTGGTAATGCATACTTTGG","GGCACAGTGGCTCATGCCTATAATCTCAGCACTTTGGGAGGCCAAGGTGAGAGGATCACTTGAGCCCAGGAGCTACAGACCAGCCTGGGCAACATAGAGAAAACCCATCTCTACAAAAAATACAAAAATTATCTGGGCGTGGTGATGCATGCCTGTTGT"
"GL873521","7034228","7034543","chr6","83628974","83629284","80","76594746","GGCCAGATGCAGTGGCTGACACCTGCAATTCTATAACTTTAGGAAGGTGAGAGAATTGCTTGAGGCCAGGAGTTCCAGACCAGCCTGAACAATATAGTGAGACCCCATTGCTACAAAAATTAGAAAAATTCACTGGGTGTAATGGCCAATGCCTGTATTCCCAGATAATCCAGAGGCTGATGCTGGAAGATTACTTGAGCCCAAGAATTTGAGGTGACAGTGAGCTATGATGACACCAATGCACTCTAGCTTGGGCAATAGAGTGTGACCCTATTTCCAAAAAAAGAAAGAAAGAAAGAAAGAAAAGAAAAGAAAA","GGCAGGGCATGGTGGCTCATACCTGTAATCCCAGCACTTTGGGAGTCCAAAGTGGGTGGATCGCTTGAGTCCAGGAGTTCAAGACCAGCATGGGCAATATGGTGAAACCCTATCTCTACAAAAAAATACAAAAATTAGCTGGGCATGGTGGCATGCACTTGTATCCCAGCTACTCCAGAGGCTGAGGTGGGAGGATTGCTTGAGCCCAGGAGGTTGAGGCTGCAGTGAGCCATGATCACACCACTGCACTGTAGCCTGGGCAGTAGAGCGAGACACTGTCTAAAAAAAAAAAAAAAGAAAAGAAAAGAAAA"
"GL873521","7070010","7070206","chr5","79804250","79804453","53","72734240","GGCCAGGCAAGATGGCTCATGCCTGTAATCCTAGCATTCTGGGTGGCTGAGACAGGCATATTCCCTGAACTCATGAGTTGGAGACAAGTCTGAGCCAGAGTTAGACCTCATCTCTAAAAATAGCCTGGCATTGTGGCATACACCTGTAGTCTCAGCTACTTGGGAGGCTGAGGTGAAAGAATTGCTTAAGCCCAAGA","CAGGCACTGTGGATCACACCTGTAATCCCAGCACTTTTGGAGGCTGAGGCGGGCAGATTGCTTGAGCTCAGGAGTTTGAGACCATCTTGGGCAACCTGGTAGAACCACATCTCTACAAAAAATTAGCCGGGCATCGTGGCACACGCCTGTAGTCGCAGCTATTTGGGGGGCCTCCTGAGGTGAGAGGATTGCTTGAGTCCAGGA"
"GL873521","7070300","7070404","chr10","27497894","27497990","34","20427594","GTAAGCCCAAGATTTTGAGGTTGCTGTGAGCTATAATGCCATAGCACGCTAACTGAAGCAAAGTAACTATGACAAAGTAAGACTCGGTCTCAAGAAAGAGAAAAA","CACTTGAGCCCAGGAGGTTGAGGCTGCAGTGAGCTATCATGCCACCACACTCCAGCCTGAATTACATGGCAAGACCCTGTCTCAAGAAAAAAAAAAA"
"GL873521","7099137","7099314","chr16","419989","420167","56","6679148","GGCTGGGTGCCGCGGCTCACACCTATAATCCTAGCACTCTGAGAGGCCAAGGCAGGTGGATTGCTTGAGCTCAGGCACTTGAGGCCCTCAAATAGAAAAACTAGCCCAGCCTTGTGGTGGGCCCCTGTAGTCCAGCTACTTAGGAGGCTGAGGCATGAGGATCGATTGAGCCCAAGTA","CTGGGCACCGTGGGTCATGCCTGTAATCCCAGCACTTTGGGAGGCTGAGGCAGGAGGATCACTTAAGCCCAGGTGTTCAAAAAACAAACAAAAAAACATTAGCCAGGTGTGGTGGTGCACACCTGTAGTCCCGGCTACTCAGGAGACTGAGGTGGGAGGAGCTCTTAAGACCGAGAGGT"
"GL873521","7099591","7099694","chr5","181790038","181790151","31","174690447","TGAGGCCAAGTATTTGAAGTTGCTGTGAGCTATGATGTGGCGCTCTACCAAGGTTGATAAAGTGAGACTCTGTCTCAAAAACAAACAAACAAACAAAAAAGCAA","TTGCTTGAGCCCAGGAGGTGGAGGTTTCAGTGAGCCAAGATCGTGCCACTGCACTCCAGCCTGGGTGACAAAGTGAGACCCTGTCTCAAAAACAAACTAACAAACAAAAAACAA"
"GL873521","7182117","7182284","chr17","14741482","14741644","46","7559365","AATTAGCCAGGCATCATAGCACATGCCTATAGTCCCAACTATTCAGGAGCCTCAGGGCCAGGAGGATCCCTTGAATATAGGAGTTTGGGGTTACTGTGAGCTATAATGATACCACCCACTGCACTTTAGTCTGGGTGACAGTGAGACCCCGGCTCAGGGGGAAAAAAA","AATTAGCCAGGCATGGTGGCACATGCCTATAGTTCCAGCACTTTGGGAGGCTAAGGCAGGAGGATTGCTTGAGCCCAGGAGTTTGAAGTTACAGTAAGCTATGATCATGCCATTGCACTCTAGCCTGGGCAACAGAGTGAGACCTTGTCTCTAAAAAAAAAAA"
"GL873521","7182549","7182656","chr11","75656969","75657073","28","68474420","AACCCCAGCACTTTGGGAGGCCAAAGCAGGAGGATCATTTGAGGCCTAGGAGTTGGAAAGCAGGCAGAACAAGAGTGAGACTATCTTCATAAAAATACAGAAAAATTA","CCAGCACTTTGGGAGGCCAAGGCAAAAGGATCACTTGAGCCCAGGAGTTTGAACCAACCTAAGCAACAGAGTGAGACCCTGTGTCTACAAAATATTAAAAAATTA"
"GL873521","7224398","7224414","chr1","153358526","153358539","3","146134128","AAAAAAGAAAGTAAAAA","AAAAAAAAAAAAAA"
"GL873521","7224442","7224704","chr16","23925003","23925279","73","16700561","GTGTGATGGCTCATGCCCATAATCCTAGTACTTTGGGAAGCTTAGGCAGGAAGATTGCTGGAGGTCAGGAGTTCAAGACCCACCTGAGCAAGAATGAGACCCCCGTATCTACAAAAAATAGAAACATTAGCTGGGTGTGTTGGTGTATGTCTGCAGTACCAACTACTAGAGAGTTTGAGGCAGGAGGATCGTGTAAGCCCAGGAATTTGAGGTTGCAGTGAGCCACCACTGCACTCTACCCTGGGAGGCAGATCAAGACTGTG","GGCTGAGCGCGGTAGCTCATGCCTATAATCCCAGCACTTTGGGAGGCTGAGGCAGGTGGATTACTTGAGCTCAGGAGTTCGAGACCAACCTGGGCAACACGGTGAAACCCCTTCTCTACAAAAAACACAAGAATTAGCAGGGCATGGTGGTGTGCACCCGAAGTCCCAGCTACTCAAGAGGCTGAGGTGGGAGGATGGCATAAGCCCAGGAAGTGGAGGTTGCAGTGAGCCAAGATCATGCCACTGCACTCCAGCCTGGGTGACAGCAAGACTGTCT"
"GL873521","7244822","7245115","chr16","74165797","74166100","72","66920975","GGCCGGGCTCAGTGGCTCTATAATCCTGGCACTCTGGGAGGTCAAGGTGGGTGGATTGCTTGAGCGCAGGAGTTTGAGACCAGCCTGAGCAAGAGTGAAACCCCGTCTCTAAAAATAGCCAGGTGCTGTGGTGAGCCCCTATAGTCCCAGCTACTCAGGAGGCTGAGGCCAGAGAATCGCTTAAGCCCAGAAGTTGGAGGTTGCTGTGAGCCGTGATACCATAATTCTTTAACAAGGGTGACAGAGTGAGACTCTGTCTCAAAAAAACAAACATACAAACAAAAAAAAAAAAAA","GGCTGGGCACAGTGGCTCATGCTTATAATTCCAGCACTTTGGGAGGCCAAGGTGGGTGGATCACTTGAGCCCAGGAGTTCGAGACCAGCCTGGGCAACATGGTGAAACTCTGTCTCTACAAAAAATTAGCTGGGTGTGGTGGCTCGTGCCTGCAGTCCCAGCTACTCAGGAGGCTGAGGTGAGAGGATCAATGGAGCCCAGGAGGTGGAAGTTGCAGTGAGCCAGATCACACCACTGTACTCTCCAGCCTGGGTGACAGAGCAAGACCCTGTCTCAAAAACAAACAAACAAACAAACAAACAAA"
"GL873521","7391188","7391475","chr8","106723939","106724236","70","99332751","GGCATGGTGGCTCACACCTATAATCCTAGCACTCTGGGAGGACAAGGTGGGAGGATCCCTTGCACTCAGAAGTTCAAGACCAGCCTGAGAGAGAATAGGACCCCATCTCTACTAAAAATAGAAAAATTACCTGGGCATTGTGGTTGGTGCCTGTAGTCCCAGCTTCTTGGGAGGGTGAGGCAGGGGCATCACGTGAGCCCAGGAATTTGAGGTTACAGTTAGCTGTTTTGTCACAGCCATCTACCCAGGGCAACAGAGTGAGACTCTATCTCAAAAAGAAAAAAAGAG","GGTGCTGTGGCTCAAGCCTATAGTCCCAGCACTTTGGGAGGACAAGGTGGGAGGATCACTTGAGCCCAGCAGTTCAAGACCAGCCTGAGCAACATGATAAGACCCCATCTCTACAAAAAATTAGAAAAATTAGCCAGGCATGGTGATGTATGCCTGTGGTCCTAGCTACTTGGGAGGCTGAGGCAGGAGGATCCCTTGAGCCCAGGAGGTCAAGGTTGCAGTGAGCCATGGTTGTACCACTGTACCCCAGCCTGGGTTACACAGTGAGATCCTATCTCAAAAAAAAAAAAAAAAAAAA"
"GL873521","7391570","7391585","chr17","38661961","38661976","2","31270391","GAAAAAAAAAAGAGAA","GAAAAGAAAAAAGAAA"
"GL873521","7411261","7411442","chr4","57296207","57296386","41","49884946","AGAAAGAAAGAAAAAAAATTAGTCAAGAATGGTGGCATGCACCTATATTCCCAGCTACTCAAGAGACTGAAGCAGGAGGATTACTTGAGCTCAGGAGTTGGGGGCTGCAGTAAGCTTTGACTATACTAATGCACTCCAGCCTGGGTGACAGAGCGAGACCCTGTTTCAAAAAAGAAAAAAAA","AAAAAAGAAAAATTAGCCAGGCATGGTGGCATGTGCCTGCAGTCCCAGCTACTCAGGAGACTGAGGTGGGAGGATTGCTTGAGCCAGGGAGATTGGGGCTGCAGTGAGCTGTGATATCATGCCACTGTACTCCAGCCTAGGCCGCAGAGTGAGACCCTGTCTCAAAACAAAAACAAAAAA"
"GL873521","7411723","7411845","chr16","11721596","11721721","28","4309873","GGCTGGGTGCAGTGATCCTAGCCTTTTGGGAGGCTGAGGCAGGAGGACTGATTGAGGCCATGAATTTGAGACCAGCCTGAGCAAGAGTGAGACCTTGTCTCTGCAAAAAATAGGAAAATTAGT","GGCTGGATGCGGTGGCTCATGCCTTTTGGGGAGGCTAAGGCAGGAGGATTGCTGGAGCCCAGGAATTAAAGACCAGCCTGGGCAACATAGTGAGACCTCGTCTCTACAAAATTAAAAATTAAGTTT"
"GL873521","7473204","7473396","chrX","14950093","14950281","51","7476889","CAAAAAAAAAACCTTAGCCAGGTATGGCAGCACAGATTTGTCATCCCAACTACTCAAGAAGCTAAGGTGAGAAGATCACCTGAGCACAGGAGTCTGAGGTTATAGTGAGCTGTGACTGGGCCATTCACTACATTCCAGCCTATGCTATAGAGTAAGACCCTGTCAAAAGAAAAAAAAAGAGAGAGAGAGAAAA","TCAATAAATAAAAATTAGCCAGGCATGGTAGCACATGCCTGTCGTCCCAGTTACTCAGGAGGCTGAGGTGGGAGGCTCACCTGAGCCCAGGCATTGAAGGCTGCAGTGAGCTATGATCACAACACTGCATTCCAGCCTGGGTGACAGAGCAAGACCCTGCCTCAAAATAAAATAAAGAAAGAAAGAAAA"
"GL873521","7473423","7473542","chr14","57739259","57739375","24","50265836","CTGGGCACAGTGTTCATGCCTGTAATTTGAGCACTTTGGGAGGCCAAGGCTAGAGGATCACTTGAGGCCAGGAGTTTGAAACCAGCCTCAGTAACACAGAGAACCCTCATCTCTATTTAA","CTGGGTACATTGGCTCAAGCCAGTAATCCCAGCACTTTGGGAGGCCAAAGCAGGAGGATCACTTGAGGCCAGGAGTTTGAGACCAGCCTGGGTAACATGAGACCCTGTTTCTACAAA"
"GL873521","7573100","7573248","chr5","35112160","35112317","42","27539060","AGCCAGATGTGGTCTATAGTCCACAGCTACTTAGAGGCTGAGGCAAAGGGATCACTTGAGCCCGAGAGTTCAGGGCTGTGGTGCACAATGATCATGTCTGTGAATAGCCACTGCACTTCAGCCTAGGCAACATAGCAAGACCCTATCTC","AGCCTGGTGTAGTGGCACATGCCTATAGTGTCAGCTACTGGAGAGGTTGAGGCAGCAGGATTGCTTGAGTCCAGCAGTTCAAGGCTGTAGTGCACGATGATGGTGCCTGTGAATAGATACTGTGCTTTAGCATGGGCAACACAGCAAGACTCTGTCTG"
"GL873521","7601934","7602029","chr5","155700261","155700353","20","148098327","GGCTGAGCCCAGAGGCTCATGCCTGTAATTCTAGCACTCTGGGAGGCTGAGGCAGGTGGAGTGCTTGAGCTCAGGAGTTAAAAAAATCCAGTTTGA","GGCCGGGCACAGTGGCTCATGCCTATAATCCCAGCACTTTGGGAAGCTGAGGCAGGAGGATTGCTTAAGCCCAGGAGTTCAAGACCAGTCTTG"
"GL873521","7602314","7602531","chr2A","29137649","29137868","57","21535335","GACCAGTGTGAGCAAGGGCAAGACTCTGTCTCTACTAAAAATAGAGAAACTAGCTGAGCATTGTGGTGGGTGCCTAAAGTCTCAGCTGCTCAGGAGGATAAGGCAGGAAGATCTCCTGAGCCCAGGAGTTTGAGGTTGATGTGAGCTATGATGATATCGCATTCTAACCAGGTAACAGAGTGAGGCTTTGTCTCAAAAAAAAAAAAAAAAAAGAAAAA","CAGCCTGGTCAACATAGGGAAACTCTGTCTCTACAAAAAGTTAAAAAATTAGCTGAGCATGGTGGCACATGCCTGTAGTCTCAGCTACTCAGGAGGCTGAGGCAGGAGGGTCACTTGAGCCTGGGAGGCTGAGGCTGCAGTGAGCTGTGATCATGCTATTGCACTCCAGCCTGGGAGACAGAGTGAGATCCTGTCTCCAAAAATAAAAAATAAAAATAAA"
"GL873521","7608283","7608358","chr9","32411376","32411450","22","24803093","AGGCTGAGGAGGAAAGATTACTTGAGCCCCAAAATCTAGCCTTGGTGACATAGTGAAACTCTGTCTAAAAAAAATA","AGGTGGGAAGAGTACTTGAGGCCAGGAATTCAAATCTAGCCTGGGCAACATAGTGAAACCCTGCCTTAAAAAAAA"
"GL873521","7633232","7633420","chr7","4237351","4237553","52","3395881","GTGGTGGCTCATGCCTGTAATCGTAACACTCTGGGAGGCTGAGGTGGGTAGATTGCTTCAGCTTAGGAGTTCGGGACCAACCAAAGCAAGAATGAGACCCCCTCTCTACTAAAAACAGAAAGACTAGCCAGGCATTGTAGCAGGTCCTGTAGTCGCTACTCAGGAGGCTGAAGCAGGAGGATCACTTAA","GGTCAGGCATGGTGGCTCATGCCTGTAATCCCAGCACTTTGGGAGGCCGAGGTGGGCAGATTGCTTGAACTCAGGAGTTGAAGACTAGCCTGGGCAACACGGCAAAACCCCATCTCTACTAAAACTACAAAAACTAACTGGGCATGGTGGCACGCGCCTGTAGTCCCAGCTACTGGGGAGGCTGAGGTAGGAGGATCACTTGA"
"GL873521","7636438","7636492","chr5","38545852","38545906","11","30909414","ATTCAAGCCTGGGTGACAGAGTGAGACACTATCTAAGAACAATAAATAAATAAAA","ATTCCAGCCTGAGTGACAGAGTGAAACCCTGTCTCAAAACAAAAACAAAAACAAA"
"GL873521","7696982","7697091","chr9","129918441","129918551","24","122221459","TAATCCTAGCACTCTGGGAGGCCAAGGTAAGTGGATTGCTTGAGCTCAGGAGTTCAAGAGCAGCCTGAGCAAGAACAAGACCCCAACTCTATTAAAAATAGAAAAAAGCA","TAATTCCAGCACTTTGGGAGACTGAGGCAGGAGGATTGCTTGAGCTCAGGAGTTCGAGACCAGCCTGGGCAACATATTGAGTCCTCATCTCTATTAAAAATTAAAAAAATA"
"GL873521","7697336","7697489","chr7","132712253","132712405","44","125014917","GTAGAAAAAAGGCCAGCTGGGCATAGTGGTACATGCTTGTAGTCCCAGCTACTTGGAGACTAAGGTAAGAGGACTGCTTAAGTCCAAGAGCTTAAGGTTGCTGTGAGCTATGACACCACAGGGTGATAAGAGTGAGACTGTCTCCAAAAAAAAA","GAATTAAATAAAAATTAGCAGGGCATGGTGGCATGTGCCTGTAGTGCCAGCTACTTGGGAGGCTGACGCCAGAGGATTACTTGAGCCCAGGAGTTGGAGGTTACAGTGATCATGCCACTGCATGACAGAGTGAGACCCTGTCTCAAAAAAAAA"
"GL873521","7750582","7750651","chr7","149337669","149337736","11","141587087","GCTGGGTAAGAGTGGCTCATACCTATAATCCCAGCACTTTTGGGAGGCTGAAACAGGAGGATCACTTGAG","GCTGGGCACAGTGGCTCACACCTGTAATCCCAGCACTTTGGGATGCTGAGGCAGGAGGATCATTGGAG"
"GL873521","7784733","7784858","chr3","160952502","160952627","25","153167769","GGCCGGGCATTGATGGCTTCTACCTGTAATCCCAGCACTTTTGGAGGCTGAGGTGGGAGGTTTCATTGAGATCAGGAGTTTGAGACCAACTTGGGCAACAGTGAGACCCTGCCTTAAAAAAAAAAA","GGCCAGGCATGGTGGCTCACACCTGTAATCCCAGCACTTTGGGAAGCTAAGGTGGGAGGATCGCTTGAGCACAGAAATTTGAGACCAGCTTGGGCAACATAGAGATCCTGTCTCTATTAAAAAAAA"
"GL873521","7784884","7785052","chr16","1604263","1604439","38","6180621","AATTAGGCAGGCATGGTGGCACTTGTCCCAGCTACTTGGAAGGCTGAAGGAGGAGGATCACTTGAGCCCAGGAGTTAGAGGTTGCTGTGAGCTTTGATGCCACTGTACTCTAACCTGGGCAACAGAGTGAGATGTGCCTCAAAAACAAACAAACAAACAAAACCAAAAA","AATTAGCCAGGCATGGTGATTGGCACCTGTGGTCCCAGCTACTTGGGAGGCTGAGGCAGGAGGATGAATTGACCCCAGGAGTTTGAGGCTGCAGTGAGCTATGATGGCACCACTGCACTCTAGCCTGGGCGACAGGATGAGATCTGTAAAAAAATAAATAAAAATGAAAATAAAAAA"
"GL873521","7870707","7870997","chrX","70230306","70230599","61","62359599","GCTGGGCACAGCAGCTCACACCTGAAATCCCAGTACCCTGGAAGGGTGAGGATGGAGGATCACTTGTGGTCAGGAGTTCAAAAACAGCCTAAGCAAGAGTGAATCGCCATCTCTATTAAAAATAGAGAAATTAGCCAGGTGTGGTGGCATTTGCCTGTAGTCCCAGCCACTTGGGAGGCTGAGGCAGGAGGATCATTAGAACCCAGAAGGTGGAGGTTGCAATGAGCAGTAATGACACCACTGCACTCCAGCCTGGGTGACAGAGCAAGTCTCTGTTTCAAAAAAAAAAAA","GGCCAGGTACAGTGGCTCACACCTGTAATCCCAGCACACTGGGAGGCAGAGGCGGGCAGATCATTTGAGCTCAGGAGTTCAAGAGCAGCCTGGGCAACATGGTGAAATCCCATCTCTACAAAAAATAGAAAAATTAGCCGAGTGTGGTGGCACTCCTCTGTAGTCCCAGCTACTTGGAAGACTGAGATGGGAGGATCATTTGAGCCCAGGAGGCGGAGGTTGCAGTGAGCTGAGATTGCACCACTGCCCTCCAGCCTGGGCAACAGAGCAGGACCCTATCTCAAAAAAAAAAAA"
"GL873521","8041789","8041920","chr12","80555695","80555826","29","72513906","GTGGTGGCTCATGCGGATTATCCCAGTACTTTGGGGAGGTTGAGGCAGGAGGATTGCTTGAGCCCAGGAATTTGAGACCAGCCTGAGCAACATAGTAAGACTCTATACAAAAAAATAGAAAAATTAGCCTGG","GTGGCTCATGCCTGTAATCCCAACACTTTGGGAGGCTGAAGCAGAAGGATTGCTTGAACCAGGAGTTTGAGACCAGCCTGGGCAACATAGTGAGACTATCTCCACAAAAATAAATAAAAAATTAGCTGGGCA"
"GL873521","8042182","8042375","chr4","7236991","7237179","49","805191","GGTAAAAAAGAAAAAGAAAAATTAGCCAGGAGCACTAGCTTACGGCTTGTAGTCCTAGCTACTCAGGAGGCTGAGGTAGGGGAATTGCTGGAGTCCAGGAGTTTGAAGCCACAGAGAGCAAAGACCACACCACTGTACTCCAGCCTAGGCAATAGAACAAGACCCTGTCTCTGAAAAAAATAAATAAAAATAAA","TAAAAAAAATACTTAAAATTAGCCAGGCGTGGTGGCACACACCTGTGGCCCCAGCTACTCAGGAGGCTGTTGTAGGAGGATCCCTTGAATCCAGGAGGTCAAGGCTGCAGTAAGCCAAGATCACGCCACTGCATTCCAGCCTAGGCAACAGAGCAAGATCCTGTCTCTTAAAAAAAAAAAAAAAAAGAA"
"GL873521","8067082","8067383","chr20","31024244","31024552","81","22957162","GGCCAGGTGTAGAGGCTCACACTTATAAGCCCAGCACCCTGAGAGGCCGAAGTGGGTGAACTGCTTGAGCTCAGGAGTTCAAGAGTAGCCTGAGCAATAGTGAGAGCCGATTTCTACTAAAAACAGAAAACCTAGCCAGGCACTGTGGTGGCGTCTATAGTCCCAGGTACTCGGGAGGCTGAGGCAGGAGGATTGCTCAATCCTAAACTTTGAGGTTGCTGTGGGCAATAATGCCATATCTCTACCCAGGGGAAAAGAATGAGACTCTGTCTAAATAAATAAATAAATAAAATAAAAACAAA","GGCCAGGCACAGTGGCTCACACCTGTAATCCCAGCACTTTGGGAGGCCGAGGTGGTGGACTGCTTGAGCTCAGGAGTTCAAGACCAGTCTGGGCAACATGGCAAAACCTTGTCCCTACAAATAATACAAAAATTAGCCAGGTGCGGTGGCATGTGCCTGTAGTCCCAGCCACTTGGGAGGCTGAAGTGGGAGGATTGCTTGATCCTGGGAGGTAGAGGCTGCAGTGAGCCATAATTGTGCCACTGCACTCCAGCCTGGGCAACAGAGTGAGACCCTATCTCAAAAATAAATAAATAAATATAAAGAAAA"
"GL873521","8204885","8205108","chr10","14099107","14099324","63","5894222","CGAATTCGAAACCAGCCTGAATAAGAGTGAGATCCGTCTCTAATGAAAAGAGAAAAACTAGCAGGTTTTGTGGTGGGTGCCTTTAGTCTCAAGCTACTTGGGAGCCTGAGGCAGGAGGATCACTTAAGCCCAGGAGTTTGAGGTTGCTGTGAGCTATGATAACATTAGGGCATTCTAGCCTGGGAAACCGAGTGAGACTCTGTCTTAGAGAAATAAAAAATAAA","AGACCAGCCTGGGCAACATGACAAGATCCCGTCTCTACAAAAAATACAAAAATTAGCAGCGTGTGGTGGGGTGTGCCTGTAGTCCCAGTTACTTAGGAGGCTGAGGCAGGAAGATCACTTGAGCCCAGGACGGGGAGGTTACAGTGAGCCGTGATCACACCACCACACTCCAGCCTGGGTGACAGAGTGAAACTCTGTCTCTATAACAAACAAACAAA"
"GL873521","8205374","8205463","chr18","31130683","31130770","22","22925309","GCCGGACATGGTGGCTCATGTCCCTCCTGTAACCCTAGCACTCTGGGAGGCTTTGGCCTAAGGATTTGAGCTCAAGAGTTTAAGACCAGG","GGCCAGGCATGGTGGCTCACACCTGTAATCCTAGCACTTTGGGAGGCTAAGACCAGAGGATAATTAAGCTCAGGAGTTCAAGACCAGC"
"GL873521","8530940","8531225","chr4","131255414","131255698","71","122724474","GTCAGGTGTGATGGCTCGTCCTGTAATCCCAACACTCTGGGAGGCTGAGGCTGGTGGTTTGCTTGAGCTCAGGAGTTCTGAGACCATCCTGAGGTAAGAGTGAGACCCCATCTCTACTAAAATTAGAAAAAAAATTACCCAGGTGTAGCGGTGATGCCTGTAGTCCTAGCTACTTGGGAGGCTGAGGCAAGAGGATTGCTCAAGCCTGAGAATTTGAGGTTGCTGTGAGCTATGACTCCATCGCACTCAACCCCAGGGTGACTGAGTGTGATTGTCTGAAAAAGAA","GGCAGGACACGGTGGCTCACACCTGTAATCCCAACACTTTGGGAGGCTGAGGCAGGTGGATCACTTGAGCTCAGGAGTTGAGACCAGCCTGGGCAACATGGTGAAACCCCATCTCTACTAAAAATACAAAAATTAGCCAGGCATGGTTGTGGATGTCTGTGGTCCCAACTACTTGGGGGGCTGAGGCAGCAGGATTGCTTAAGCCTGGTAATTTGAGGCTGCAGTGAGCCATGTTCTTGCCAGTGCTCCAGCCTGGGTGACAAAGCAAGACCCTGTCTCAAAAAA"
"GL873521","9138426","9138710","chr17","16672309","16672598","64","7533883","GGTGGCTCATGTCTGTAATCCGAGCACTCTGGGAGGCTAAAGTGGAAGGATCACTTGAGCTCAGGAGTTTGAGACTAGCCTGAGCAAAAGTGAGAACAATGTCTCTATTAAAAATAGAAAATTAGCCAGGTGTTATGATAGGTGCCTGTAGTCCCAGCTATTCAGGAAGGCCAGGAAGGAGGATCCCTTGAGCTGGGGAGTTTGAGGTTGCTGTGAGCTGTGATGACACCATGGCACTCTACCCATGATGACAGAGTAAGACTGTCTCTAAAGGGAGAAAAAAAA","GTGGCTCACACCTGTAATCTCAGCACTTTGGGAGGCTGAGGCGGGAGGATCACTTGAGCCCAGGAGTTTGAGACCAGCCTGAGCAACATAGTAGGCTCCTGTCTCTACAAAAAAATACAAAAATTAGCTGGTACTGGTGGCATGTGCCTGTAGTCCCAGCTACTCAGGAGGCTAAGGCAGGAGAATCGCTTGAGCCCAGGAGGTTGAGGCTGCTATGAGCTGTGATGGCACCACTGCACTCCAGCCTGGGTGACAGAGTGAGACCTGGTCTCAAAAAGAAAAAAAAAAAA"
"GL873521","9337001","9337128","chr7","153795408","153795531","29","144458407","CTGGGCTCAGTGGCTCATGCTTGCAAGCCCAGCACTCTGGGAGGCCAAGGCAGGTGGATTGCTCGAGTTCAGGAATTTCAGACCAGTCTAAGAAAGAGTGAGAGCCCATCTGTACTAAAAATAGAAAC","CTGGGCACAGTGGCTCACGCCTGTAATCCTAGCACTTTGGGAGTCCAAGGCAGGAGGATGCTTGAGTCCAGGAGTTCAAGACCAGCCTGAGCAATATAGTGAGACCCCCATCTCTACAAAAAAA"
"GL873521","9337149","9337320","chrX","5183862","5184037","43","4153287","TAAAATACTAGCTGGGCATTGCGATGGGTGCCTGTAATTCCAGCTACTCAGGAGGCTGAAGCAAAAGGATCACTTGGGCCCAAGAGTTTGCGGTTGCTGTGAGCTGTGATTACACCACAGCACTCTCCCCAGGCAGAGAGAGACTCTGTCTTTAAAAACAAACAAACAAAAA","ATAAAAATATTAGCTGGGCATGCTGGTACATGCCTGTAGTCCCAGCTACTCAGGAGGCTGAGGCCTGAGGATCACTTGAGCCCAGGAGTTCCAGGTTGCAGTGAGCCGTGATTGCACCATTGCACTCCAGCCTGGGCCACAGGGCTAGACCCTGCTCAAAAGAAAACAAAAAAGAA"
"GL873521","9671716","9671832","chr6","38551166","38551279","31","28879450","GGCTAGGCAGGGAGGCTCAAAACTAAAATTTTAGCACTCTGAGAGCCCAAGGTGGGAGAATTGCTTGACCTCGGGTGTTTGAGACCAGTCTGAGCAAGAGTAACATCACATCTCTAC","GGCTAGGCGTAGGGGCTCAAACCTGTAATTCCAGCACTTTGGGAGGTCAAGGTGGGAGGATTACCTGAGGCCAGGAGTTTGAGACCAGCCTGAGCAACAGTGAGACTTTGTCTC"
"GL873521","9671895","9672063","chrX","24568892","24569057","39","14896997","TAATTAGCCAGGCATAGAGGTGGTATACACCTGTAGTCCCAGCTACTCTGGAGGCTAAGTCAGAAGGACTGGTTGAACCCAGGAGTCTGAGGTTGCTGTGACTAGGCTGATGCCACAGAACTCTAGCCTGATCAACAGAGTGAGACTCTGCCTCAAAATAAAAAAGGAA","AAATTAGCTAGGCATGGTGGCATGCAACTATAGTCCCAACTACTCAGGAGGCTGAGGCCGGAGGATGGTTTGAGCCCAGGAGGTGGAGGTTGCAGTGAGCCAAGATCACACCACTGCACTCCAGCCTGGGCAACAGAGTGAGACCCTGTCTCAAAAAAAAAAAAAA"
"GL873521","9699009","9699116","chr16","57943722","57943822","32","48244713","TCTGAGACACTCGGGAGGCTGAGCCTAGGAGTTTGAGGTGACAGTAAGCTAAGTTGATGTCACTGCATTCCATCCTAGGCAACAAAGCAAGATCTTATCTCTAAAAGA","GGAGGATTGCATGAGCCCAGGAGGTTGAGGCTGCAGTGAGCCAAGATCGTGCCACTGCACGTCAGCCTGGGCAACAAAGCAAGACTCTATCTCAAAAAAAA"
"GL873521","9699330","9699522","chr6","3030697","3030873","65","6668633","GGCTGCATGTGGTGGCTCGTGACTGTAATTTCACCACTTCAAAAGGCTGAGGCAGAGGAGTCACCTGGGGCCCAGAAAGTCACCCTTAAAGTCCAGCCTGAGTAACACAGTGAGACCCAAGATCCCAACTCCACAAAAGAAAAAAGAAGGGAAAGGAAAGAAAAGAAGAGTGGTGTGTGGTGACCTCCTAGAC","GGCCAGGCATGGTGGCTCTCCCCTGTAATCCCAGCACTTTGGGAGGCCAAGGCAGAAGGATCGCTTGAGCCCAGGAGTTTTAAGACCAGCCTGAGCAACACAGAGAGACCAGATCCCACTTCCACAAAAAAAAAAAAAAAATATTTGCCAGGCGTGATGGTGCATGCCTGTAGTCCC"
"GL873521","9879625","9879892","chr2A","20521665","20521953","79","10642040","GGGTGGGCACTGTGGCTCAGGCCTCCTAGCACTCTGGGAGGCCGAGCTGGGTGGATGACTTGAGCTCATGAGTTTGAGACCAGACTGAGCAAGAGCAAGCCCCATTTTTAAAAATAGCCAAGTGTCATGGTGGGCATCTATAGTCCCAGCCAGTTGGCAGGCTGAGGAAGAAGGCTTACTTGAGCTCAAGAGGTAGCTGTGAGCTGTGATGCCATGGCACTCTACCCAGGACAACAAAGTAAGACTGTCTCCAAAAAAAAGAAAAAAA","GGCTGGGCACAGTGGCTCACGCCTGTAATCCCAGCACTGTGGGGAGGTCAAGTTGGGTGGATTGCTTGAGCCCAGGAGTTTGAGACCAGCCTAAGCAATAGGCAAAACCCTGTCTCTACAAAAATCAGCCAGGTATGGTAGTGCGTACCTGTAGTCCCAGCTACTCAGGAGGCTGAGGTGGGAGGATCACTTGAGCCTGGGAGGTGAAGGCTGAAATTAGCCATGATCATGCCACTGCACCCCAAGCCTGGGCAACAGAGCAAGACCTTGTCTCAAAAAAAAAAAAAAA"
"GL873521","10097455","10097754","chr11","114714719","114715027","67","104617264","GGCCTGGGTGTGGTGGCTCACACCTTAATCCTAGCACTCTGGGACGATGAGGCAGGTTTGCTTGACCTCAGGAGTTTGAGAGCAGCCTGAACAAGAGTGAAACTCTGTCTCTACTAAAAACAGAAAAACTAGCCTAGTGTAGTGGTGCACCCCTGTAGTCCCAGCTGCTCAGGAGGCTGAGGCAAGAGGATCACTTGAGCCCAAGAGATTGAGGTTACTGTGAGCTGTGAGGCTGTGTTACTCTACCCAGGGCAAGAGAGTGAAGCCATCTCAAAAAAAAAAAAAAAAAAAAAAAAAAAA","GGCCAGGTGTGGTGGCTCACACCTGTAATCCCAGCACTTTGGGAGGCTGAGACAGGTGGATTGCTTGAGCCTAGGAGTTCGAGACCAGCCTGGCAACATGGCGAAACCTTGTCTCTACAAAAAATACAAAAATTAGCCAAGTGTGGTGGTGCACACCTGTGGTCCAAGCTACTCGAGAGACTGAGGTGGGAGGATTGCTTGAGCCCAGGAGGTTGAGGCTGGGGTGAGTTGAGATCATGCCACTGCATTCCAGCCTGGGCAACAGAGGAAGACCCTGTCTCAAAAAAAAAAAAAAAAAAAAAAAAAAAA"
"GL873521","10225742","10225927","chr15","49930173","49930354","59","39704431","TGGCTTACACCTGTAATCCTAGCACTTTGGGAGGCCACAGCAGATGGCTGCTTGAGCTCAGGAGTTCAAGCCTAGCCTAAGCAAGCCAGAACCATTGCCACTAAAAACAAAAAAAATAGCTGGAGTTGTGGGCACCTGTAGTTAGTTCCAGCTACTTAGGAGGCTGAGGAAAAAGGATGGCTTGAT","GCCTGTAATCCCAGCACTTTGCGAGGCCGAGGCCAGGCAGATCACTTGAGCCCAGCAGTTCAAGACCAGCCTGGGCAACATGGCAAAACTCCTTCTCAACAAAATACATAAAAATTAGCTGGGTGTGGTGGCATGTACTTTCAGTCCCAGCTACTCAGGAGGCTGAAGCAGGAGGATCATTT"
"GL873521","10226192","10226278","chr4","154285033","154285123","27","144058841","GAGGATGGCTTGAGCCCAAGAGTTTGAGGTTGCTATGAACTATGATGTCATGGCACTCTATCCCTGGCCACAGAATCAGACTCTGTC","GGAGGATCACTTGAGCCCAGGTGGTTGAGGCTGCAGTGAGCTGTGTTTATACCACCACACTCCAGCCTGGGCCGCAGAGTGAGACTTTGTC"
"GL873521","10399308","10399475","chr9","96945917","96946089","50","86546609","GGCCAGGTATGGTAGCTCACACCTGTAATCCTTGTACTCTGGGAGGCTTAGGAGCAAAGATCACCTAAGTGTAGGCATCTGAGACCAGTTTGAGCAAGTGAAACCCCATATTTACTAAAATTAGAAAAATTAGCTAAATGTTGTGGCAGGAACCTATCGTCCTAGCTA","GCCGGGTACAGTGGCTCACACCTGTAATCCCAGTACTTTGGAAGGCCAAGGCCAGAGGATTACTTAAGGCCAAGAGTTTGAGACCAGTCTGGGCAACATGGTGAAACCCCATCTGTACAAAAAATACAAAAATTAGCTGGGCATGAGGGCATTTGCCTGTGGTCCTAGCTACT"
"GL873521","10449464","10449583","chrX","134402652","134402771","17","123953188","GGCCAGAGGTGGTAGTTCATGCCTATAATCCCAGCAATTTGGGAGGCTGAGGGGGGAGGATAGCTTGAGGCCAGGAGTTTGACCCCTGCCTAGGCAACATAGTGAGACCCTATCTCTACT","GGCCAGATGTAGTGGCTCATGCCTGTAATCCCAGCACTTTGGGAGGCTGAGGTGGGAGGATCACTTGAGCCCAGGAGTTTGAGACCAGCCTGGGCAACATAGCAAGACCCTGTCTCTACT"
"GL873521","10449618","10449745","chr1","23164480","23164594","46","12714862","CCAACCATAATCGAGCACCTACAGTTCTAGCTACTCCGCAATCTCAGGCAGGGGAAGATTGCTTGAGTCTAGGAGTTCAGGGTAAGCTACTGCCCTTCAGCCTGGGAAACAGAGGAAGACCTTGTCTC","GGCCAGGCACAGTGGTGCCTACCTACAATCCCAGCACTTTGGAAGGCTGAGGCAGGAGGATCGTTTGAGGCCAGGAGTTCAAGATCAGCCTGGGTAACATATCAAGACCTGTCTC"
"GL873521","10796827","10797050","chr7","39187608","39187844","67","28390781","ACTCTGGGAGGCCAAGACAGGTGGATTGCTTAAGCTCAGGAGTTGGAGACCAGCCTAAGCAAGAGTGAGACCTCGTCTCTAAAAATATCTGGGCATTGGTTGGGCACCTGTAGTCCCAGCTACTCAGGAGGCTGAGGCAATAGGATTGCTTGAGCCTAAGGATTCCTGTGAGCTATGATCCCACAGCACTTTACCAAAGGTGACAAAGTGAGACTCTATCTCAA","CACTTTGGGAAGCCAAGGCAGGAGGATTGCTTGAGTGAAGGAGTTCAAGACCAACCTGGGCAAGATTGGGAGAAAAAAATTAAAAATTAGCTGGGCATGGTGGTGCATGCCTGTAGTCTCAGCCACTGGGAAGGCTGAGGCAGGAGGATCGCTTGAGCCTGAGAGATTGAGGCTGCAGTGAGCCTTGATTGTGCCACTGCACTCCAGCTTGGGCAACAGAGTGAGACCCTGTCTCAA"
"GL873521","10797081","10797110","chr4","40399247","40399277","7","29602166","CTGGGTGCAGTGGCTCATAGTTGTAATCCT","GGCTGGGTGCAGTGGCTCACATCTATAATCC"
"GL873521","11204849","11204966","chr7","73480490","73480609","28","62275641","GGCCAGGCATAGTGGCCTCCAAAAATCTTAGGACTTTGGGAGGTAGAGGTAGGAGAACTACTTGAGCCAAGGAATTCAATACTAGCCTGACCACAATAATGAGACCCTACCTCTACCA","GGCCAGGCACAGTGGCTCATGCCTATAATCTCAGTGCTTTGGGAAACTGAGGCAGGAGGATCACTTGAGCCCAGGAGTTCAAGACCAGCCTGGACAGCATAATGAGACTCCACCTCTACA"
"GL873521","11205003","11205140","chrX","7019379","7019524","37","4185624","TAGCCAGGCATGGTGGCACATACCCAAGTCCCAGTTACAGAAGAAGCTGAGGGAAGGGTATCAGGCCCAGAAGTTCAAGGTTGCCATGAGAGATGATCACACCACTGCAGTTCAGCCTGGGCAGCAGAGAGACCCTAT","TAGCCAGGCATGGTGGCACATGCCTGTAGTCCCAGCTACTCAGAAGGCTGAGGTCGGAGGATCTCTTGAGCCCTGGGGTGCAAGGCTGCAGTGAACCATGATCACACCAGTGCACTGCAGCCTGGGCAACACAGCAAAACCCTGTC"
"GL873521","11332611","11332889","chr9","110082691","110082973","78","98750080","GACGGGGAGCCATGGCTTGAGACTGTAATCCTAGTACTCTAGGAGGCCAAGGTGAGTGGATTACTTAAGCTCAGGAGTTAAAGTCCAGGCTGAGCAAGAGTGAGACCCTGTCTCTCCCCCAGATAGGAAAACTAGCCGGACATTGTAGTAGGCACCTGTAGTCCCAGCTTCTGAGGAGGCTGAGGCAAGAGGATTGCCTGAGCCCAACAGTTTGAGGTTGCTGTGAGCTAAAATGCCATGGAACTCTACCCATGGTGATGGAGTAGGATTCTGTCTCAA","GACTGGGCATGGTGGCTCCCAAAGTGTAATCCCAGCACTTTGGGAGGCCAAGGTAGGTGGATTGCTTGAGCCCAGGAGTTTGAGACCAGCCTGGGCAACATGGTAAAACCCTGTCTCTACAAAGAATACAAAAATTAGCTGGGCATGGTTGCATGCACTTGTGGTCCCAGCTACTCAGGAGGCTGAGGTGGGAGGGTCACTTGAGCCCAGGAGATTGAGGCTGCAGTGAGCTGAGATCGTGCCACTGCACTCTAACCTGGGTAATGGAGTGAGACCCTGTCTC"
"GL873521","11332916","11332939","chr22","30701628","30701648","4","19368712","ATAAAACTAAAAAGTAAGAAAAAA","AAAAACTAAAAAGAAAAAGAA"
"GL873521","11407564","11407699","chr17","81073514","81073640","45","69665950","AAAAACTAATGGCTGGGCATAGTATGTGTAGGTAGACTAGGCTACTTAGGAGGTCAAGGCAGAAGAATCACTTGAGCTCATGAATTTGAGGCTAGCATGGGCAATGATACCTCAGGTCTCAATAAAATATAAAAAA","GCCAAGCACAATGGCTCATGCTGGTAATTCTAGTACTTTAGGAGGCCAAGGCAGTAGGATCACTTGAGGCCAGGAGTTTGAGACCAGCGTGGGCCACACAGAGACCCTCCCTGTATAAAAAAAAAAA"
"GL873521","11442747","11442764","chr1","62222108","62222122","3","50779361","CCCATAAAATAAAATAAA","ATAAAATAAAATAAA"
"GL873521","11442802","11443056","chr17","73117863","73118118","82","61675061","GGCTGGGCGTGGTGTTTCATGCATGTAATCCTAATACTTTCAGAGGCTGAGGTGGATGCACTGCCTGAGCTCAGGATTTTAAAGCCAGCCTGAGGAAGAGCAAGACCCCATCTCTAAAAAATAGCTGGGCATTGTGGTGGGTGCTTGTAGTCCCCATTGTGGTGGGTGCTTGTAGGTAGCTCACGAGTTTGAGGATGCTGTGAGCTATGATGCACCACACTTCTTTCTACCCAGGGAGACAAAGCAAGACTCTGT","GGCCGGGCGTGGTGACTCATGCCTGTAATCCCAGCACTTTGGGAGGCCGAGGCGGGTGGATCACCTGAGCTCAGGAGTTCAAGATCACCTTGGGCAATGTAGTGAGACCTCACCTCTACAAAAATGAGCCAGGCATGGTAGTGCATGCTTGTAGTCCTGACTGAGGCAGGAGGATGATGAGCCCAGGAGGCAGAGGCTACAGTGAGCCATGATCGCTCCATCGCACTCTAGCCTGGGTGATGTGACACCCTGTCTC"
"GL873521","11751009","11751243","chr8","26546785","26547018","61","14795776","CAAGACCAGCCTGAGCAAAGCTAAACCCTGTCTCTACTAAAAATAAAAGGATTAGCTAGGTATGGTGGCATATGCCTGTAGTCCCAACTGCTCAGGAGTCTCAGGCAAGAGGATTGCTTGAGCCCATGAGTTAGAGGTTGCTGTGAGCTTTGATGTCATGGCACTCTATCCAGGGCAACTGAGTGAGACTGTCTCAAAATAAATAAATAAATAAATAAGAAAGAAAGAAAGAAAA","CAAAATCAGCCTGGGTCACATGGTAAAACCCCATCTCTACAAAAAATACAAAAATTAGCCAGGTATGGTGGCTTACACCTGTACTTCCCAGCTACTTGGGGGGCTGAGGCGGGAGGATCGCTTGAGCCCAGGAGGTAGAGGTTGCAGTGAGCTGAGATCGCACCACTGCACTCCAGCCTGGGTGACGGAGTGAAACCCTGTCTTAAAAAAAAAAAAAAAAAAAAAAAAAAAGAA"
"GL873521","12019379","12019705","chr16","68023292","68023602","103","56003913","GCTCACACCGATAATCCTAGCTCTGGGAGGCTGAGGGGGCAGGATCTCTTGAGCTCAGGAGTTTGAGACCAGACAGAGCAAGAGTGAGACCTTGTCTGTACTAAAAATTAACCAGGTGTGGTGGAAGGTGCCATCGTCTCAGCTACTCTGGAGGCTGAGGCAGGAGGATCCCTTGAACCCAGGAGGTTGAGGTTGCTGTGAGCCAGGCTAATGCCAAGATCTGGGGCATCAGAGTAAAACTGAGGTTGCTGTGAGCCAGGCTGATTCTAGCCTGGGCAACAGAGTAAGACTCTGTCTCAAAAACAAACAAACAAAAAACAAAAAAAA","CGGTGGCTCACACCTGTAATCCCAGCACTTTGGGAGGCTGAGGTGGGAGGATCACTTGAGCTCAGAAGTTTGAGATCAGCCTGGGCAACATGGCAAAACCTATCTCTAGAAAAAATACAAAAACTAGCCAGAGTGGCACGTGCCTGTTGTCCTAGCTACCCAGGAGGCTGAGGTAGGAGGATCACTTGAACCTGGGGGCAGAGATTGCAGTGAGCCATGATTGTGCCACTGCACTCCAGTCTGGGCAACTCCAGCCTGGGCAACAGAATGAGACTCTGTCTCAAAAATAAAAAAGAAAAGAAAAGGAAAAA"
"GL873521","12059316","12059592","chr5","143468399","143468692","69","131409083","GGCTAGGTGCAGTGGCTCATGCCTGTAATCCCAGCACTCTGGGAGGCTCAGGCAGGTGGATTACTTGAGCTCAGGAGTTGGAGACTAGCCTGAGAAAGAGTGAAACCCATCTCTACTAAAAATAGAAAAACTAACCAGGTGTGTGGTGGTCCCCTATAGTCCCAAATACTGGGGAGACAAGAGAATTGTTTGAGCCCAAGAGACTGAGGTTAGCTGTGATGACTCCATAGCACTCTACCCAAAGTGACAGAGTGAGATTCTGTCTCAAAAAAGGAAA","GGCCAGGCACAGTGGCTCATGCCTGTAATTCTAGCACTTTGGGAGGTCAAGGCAGGCAGATCACTTGAGCTCAGGAGTTCGAGACCGGCCTGGGCAACAGGGTGAAACCCCATCTCTACAAAAAAATACAAAAACTAGCCAGGTGTGGTGAAGTGTGCCTGCAGTCCCAGCTACTCAGGAGGCTGAGGCAGGAGAATTGCTTGAGCCTGGAGGCTGAGGTTGCAGTAAGTCAAGATCATGCCATTGCACTCCAGCCTGGGTGACAGGAGTGAAACCCTGTCTCAAAACAAAGAA"
"GL873521","12087639","12087865","chr4","25649068","25649301","60","13561429","GGCTGGGCTAGGTATACCATGCCTGTAATCCTAGCATCCTTAGAGGCAGAAGCAGGATTCCTTTAGCTCAGGAGATTAAGACCAGCCTGAGCAAGGGTGACACCCCATTTCCATCAAAAATAGAAAAACTAGCTGGGCATAGTGGTGGGCATCTGTAGTCCTAGCTACTCGGGAGGCTGAGGCAAGAGGATCCTTGGAGCCCAGGAGTTTGGGGTTGCTATAAGCCG","GGCCGGGCATGGTAGCTCACGCCTGTAATACCAGCACTTTGGGAGGCTGAGGCGGGCTGATCACTTGAGTCCAGGAGATAGAGACCAGCCTGGGCAACATGGCAAAATCCCATCTCTATAAAAAAAACACAAAAATTAGCTGGGCATGGTGGTGTGCACCTATAGTCCCAGCTACTTGGGAGGCTGAGGCAGGAGAATCTCCTGAGCCCAGGAGGTGGAGGCTGCAGTGAGTCG"
"GL873521","12170072","12170342","chr3","111501569","111501837","73","99331497","GCCAGATGCAGTAGCTTACAGCTATAATCCCAGTACTTTGGAAGGTCAAGGCAAGAGGATTGGTTGAGACCAGGAGTTGAAGACCAGACTGGACAATGTAGTAAAACCCTATCCCTACAAAAAATAGAAAAAATTAGCTGGGTGTCATAGCTCTTGCTTATAGTCCCAGCTACCTGAGAGGCTGAGGGAAGAGGATCACTTGAACCCCTGAGATTGATACCATGGTACTCCACCTTGGGTGACAAAGTGAGACCCTTTCTCAAAAACAAAA","GGCTGGGTGTGATGGCTCACATCTATAATCCCAGCACTTTGGGAGGCCAAGGCAGGTGGACTGTCTGAGACCAGGAGTTTGAGACCAGCCTGGGCAACATGGTGAAACCCTGTCTTGACAAAAAAAATAAAAAATTAGCTGGGAGTGGTGGTGTGCACCTGTAGTCCCAGCTATGCGGGAGGCTGAGATGGGAGGATCGCTTGAGCCCGGCAGGCAGAGGTTCACTCCAGCCTGGGCGACAGAGTGAGACCCTGTCTTAAAAACGAAAA"
"GL873521","12688417","12688615","chr16","83498862","83499063","66","70810445","AAATCAGCCTGAGCAAAAGCAAGATCCAGTCTCTACAAAAAACTAGAAAAATTAGCCAGGCATGGTGATACACTCAGGAGAATGAAACAAGAGGATCACTTGAGCCCCGGGGTTTGATGTTGCACAGTGAGCTATGGCGATGCTGCTGCTCGGATAACAACGCGAGATGAGACCCCGTCTCAAAAACAAACAACAAAAA","ACTAGCCTGGGCAACACAGCAAAACCCCATCGCTACAAAAAATACAAATATTAGCCAGGTGTGATGGTGCATGCCTAGGGAGGCTGAGGTGGGAGGATCACTTGAGTCCAGGGAGGCTGAGGCTGCAGTGAGCTGAGATTATGCCACTGCACTCCAGCCTGAGTGACAGAGTGAGAACCTGTCTCAAGAAAATTAAAAAAAA"
"GL873521","12689719","12689822","chr7","26479088","26479188","21","13789369","GCTGAGTACAGTAGCTCACTTCTTTCATCTCAGCACTATGAGAGGCTGAGTCAGGAGGATCACTTGAGGCCAGGATTTTGAGACAAGCCTGGGGAACATAGTGA","GCTGGGTGCTGTGGCTCACATGTATAATCACAGCACTTTGGGAGGCTGAGGCAGGAGGATCACCTGAGGCCAGGATTTCAAGACCAGCCTGGGCGAAATGG"
"GL873521","12747705","12747831","chrX","118392849","118392966","30","105645144","GCCAAGCATGGTAGCACAAGCTTTGTAGGCCCAATTACTTGGGAGGCTAAGATGGGAGGATCACTTGAGCCCAGGAGTTTGAGGCCAGCCTGAGAAACACTCCAAGACCCTCTTTATTTAAAATATA","GCCAAGCATGGTGGCTCATGCCTGTAATCCCAGTACTTTGGGAGGCTGAGATGGGAGGATAGCTTGAGCCCAGGAGTTTGAGACCAGCCTGGTAACACAGTGAGACCTCATCTCTACA"
"GL873521","12758304","12758462","chr7","65488595","65488751","43","52730291","ACTTAGCTGAATATAGTAGCACAAGCCTGTATTTCCAGCTACTCAGGAGGCTGAGGCAGGAGGATCACTTGGGCTTACAAGTTGGAGGTTGTGGTAAGCTATGATGATGCCACTGCCCTCTGCCCCAGGCAAATGTGATGCCTTGTCTCAACAACAAAA","TTAACTGGGTATAATGACACATGCCTGTAGTCCCAGCTACTAGAAAGGCTGAGGTAGGAGGATTGCTTGAGCCTGAGAGGTTGAGGATGCAGTGAACCATGATCAGGCCACTGCACTCAGCCTAGGCAACACAGTGAGACCCTGTCTCAAGAAAAAA"
"GL873521","12758495","12758600","chr16","15961202","15961315","30","3202707","GTGGCTGGTGCATATAATCCTACCACTTTGGAAGGAGGAGGGAGAATCATTGAAACCAGGAGTTCAAGAACAGCCCAGGCAGGCTATAGTGAAATCTCATCTCTAC","GTGGCTGGGCATGCCTGTAATCCTAGCACTTTGAGAGGCTGCAGCGGAAGGATCGCTTGAGCCCAGGAGTTCAAGAACAGCCTAGGCAACATAGCAAGATCCCTGTCTCTACAA"
"GL873521","12822938","12822952","chr1","210017045","210017059","2","197194107","TAAAACAAAAGAAAA","TAATAAAAAAGAAAA"
"GL873521","12822989","12823283","chr7","75828649","75828941","71","63005660","GGCCAGGCAAGGTGGCTAACTGCTGTAATCTTAGCACTCTAGGAGGCTGAGGCAAGAGAATTCCTTGAGGTCAGGAGTCAGAGACCAGCCTGAGCAAAAATGACACTCCACCTCTATGAAAAATAGAAAACAAAAATTAGCCAGGTGTGATGGCCCATTTCTGTAGTCCCAGCTACTGGGGAGGCTGAGGCAGGAGGATAGCTTGAGCCCAGGAGCTTGAGGTTGCGGTAGCTAGGCAGATGGCTCAGCACTCTTTCTAGCCTGGGCAACAGAGCAACATTCTATCTCAAAAAAT","GGCTAGGCATGGTGGCTCATGCATGTAATCCCAGCACTTTGGGAGGCTGAGGCGGACGGATCACTTGAGGTCAGGAGTTCGAGACCAGCCTGGTCAACATGGTGAAACCCCATCTCTACTAAAAATATAAAAATTAGCCAGGTGTGGTGGCGCATGCCTGTAGTCCCAGCTACTTGGGAGACTGAGGTGGGAGGATCCCTTGAGCCTGGGAGGTTGAGGCTGCAGTGAGCTGTGATGGCACCACTGCACTCCAGCCTGGGCAATAGAGCAAGACCCTGTCTCATAGGAAAAAA"
"GL873521","13041237","13041319","chr5","49472177","49472254","12","36430940","GGCCAGTCATGGTGGCTCATGCCTATAATCCTAGCACTCTGGGAGGCTGAAGCAGGAGGATCACTTGAGCTCAGGAGTTTGAG","GGCCTGGCATGGTGGCTCATGCCTGTAATCCAGCATTTTGGGAGGCTGAGGCAGGAAGATCACTTGAGCTCAGGATTT"
"GL873521","13102109","13102207","chr16","30194624","30194720","25","17092515","TGAGCCCAGGAGTTTGAGGTTGTTGTGAGCTGAGCAGACCACACAGCATTCTAGCTTGGGCAACAGAGTGACATTGTGCTTCAAAAAAAGAAAAAAAAA","TGAGCCCAGGAGTTTGAGACTACAGTGAGCTATGATTACACCACTCCTCTCCAGCATGGGCAACAGAGTGAGACACTATCTCAAAAAAAAAAAAAAA"
"GL873521","13102475","13102686","chr2B","236887995","236888203","46","223785520","GGCCAAGTGTGGTGGCTCATGCTTGTAATCCTAGCACTCTGGGTGGCTGAGGCAGGGGGATCACTTGAGCTCAGGAGTTCAAGACCAGCTTGAGCAAGAGTGAGAACCCATTTCTACTCAAAATAGAAAAAAATTAGACAGGCACTGTGGTGAGTGCCTGTAGTATGAGCTACTTTGGAGGCTGAGATAGGAAGATCACTTGAGCCCAGGAG","GGCTAGGCGCAGTGGCTGAAGCCTGTAATCCTAGCACTTTGGGAGGCCGAGGTGGGCGATCACTTTGGCTCAGGAGTTCGAGACCAGCCTGGGCAATATGGCAAAACCCCATCTCTACACAAAATACAAAAATTACTCAGATGTGGTGGTGAGTGCCTGTAGTCCCAGCTACTTTGGACGCTGAGGTGGGAAGATCACCTGAGCCCAGG"
"GL873521","13327200","13327291","chr3","43397692","43397785","20","30070492","CTATCACTTTAGGAGGTGAGGTGGGAGGATCACTTGAGGCAAGGAGTTCAAGAGCAACCTAGGCAACATAGGAACCCCTCTGTCTCTCCAAA","CCCAGCACTTTGGGAGGCTGAGGTGGGCAGATCTCTCGAGCCCAGGAGTTCAAGACCAGCCTGGGCAACATGGTGAAACCCCGTCTCTACCAAA"
"GL873521","13327700","13327732","chr1","70851001","70851033","8","57523301","GCTGGATATGGAGTCTCACACCTGTAATTCTAT","GCTGGGCATGGTGGCTCATCCCTGTAATTCCCT"
"GL873521","13722076","13722356","chr17","55905881","55906166","74","42183805","GTCTGGCGTGGTGGCTCAAGCCTATAATCCTAGTACTCTGGGAGTCCAAAGTGGGTGGATTGCTTGAGCTCAGTAGTCTGAGACCAGCCTGAGTAAGACCCAGACATCGTATCTACTAAAAATAGAATAAACTACCTGGGCATTGTAGCGGGTGCCTACAGTCCCAGCTACGTGGGAGGTTGAGGCAAGAGGATCACCTGAACCTAGAGAATGAGGTTGCTGTGAGCTATGATGAGGTCAAGGCACTCTACCCAGAGTAACAGAGTGAAATTCTATCTCAA","GGTCAGGCATGGTGGCTCAGGCCTGTAATCCCAGCACTTTGGGAGGCCAAGGTGGGCAGATTGCTTGAGCCCAGGAGTTTGAGATCAGCTTGGGCAACATAGTGAAAACTCATCTCTACAAAAAATTAAAAAAATTAGCTGGGCATTGTGGCACGTAACTGCAGTCCCAGCTACTTGAGAGGCTGAGGTGAGAGGATCACCTGAGGCCGGGAAGTCGAGGCTGCAGTGAGCTGTGATTGGGCCACTGCACTCCATCCTGGGCGACAGAATAAGACCCTGTCTCAAA"
"GL873521","13722635","13722652","chr6","90847853","90847870","1","77125218","AAAAAAAAAAAAAAAAAA","CAAAAAAAAAAAAAAAAA"
"GL873521","13789517","13789832","chr12","121838917","121839229","75","108049400","GCTGGGTGTGGTGGCTCATATCTGTAATGATAGCACTCTGGGAGGTCAAAGCAGGGAGATTACTTGAGCTCAGGAGTTAGAGAGCATCCTGAGAAAGAGTGAGATCCCTATCTATACTAAAAACAGAAAAACTAGCCAGTTGTAGTGGCAGGCACCTGTAGTCCCAGCTACTTTGGGAGTCTGAGACAAGAGGATCTCATAAGCCCAAGAGTTTGAGGTTGCTGTGAGCTGCGATGCCACAGCACTCTACCTGGGGTGACAGAATGAGACTTTGTCTCAAAAAAATAAAAAATAAAATAAAATAAAATTTAAAAAA","GGCTGGGTGTGGTGGCTCATGCCTGTAATCCCAGCACTTTGGGAGGCCAAGTCAGGAGGATTATTTGAGCCTGGGAGTTTGAGACCAGCCTGTGCAACATGGTGAGACCTCATCTCTACAAAACATAAAAAATTAGCCAGGCATGGTGGCATGTGCCTGTAGTCCCAGCTACTTGGGAGGCTGAGGCAGGAGGATCAGTCGAGCCCAGAAGATTGAGGCTACAGTGAACTGTGTTCATGCCACTGCACTCCAGCCTGGGTGACAGAGTGAGACCTTGTCTCCAAAAAAATCAAATAAATAAAAAAATAAAAAA"
"GL873521","13902129","13902272","chr17","73619699","73619842","30","59717570","GGCCAGGCATAGTGGCTCGCACCTATAATCCAGTACTATGGGAGACCAAGGCTGGAGGATCAATTGAAGCCAAGAGTTAAAGACCAACCTGGGCAACATAGAAACACTTCACCTATATAAAAAAAAAAAAAAAGAAAGAAAAAA","GGCCAGGTATGGTGGCTCACACCTGTAATTTCAGCACTTTAGGAGGCTGAGGCAGGAAGATCACTTGAGGCCAGGAGTTCAAGACCAGCCTGGGCAACATGGCAAGGCTTCATTTCCACAAAAAAAAAAAAAAAAAAAAAAAAA"
"GL873521","13902315","13902339","chr7","66627085","66627108","7","52724770","AAAAATTAACCCAGCATGGTGGCGC","AAAAAATTAGCCAGGCATGGTGAC"
"GL873521","13902374","13902499","chr7","68063538","68063660","30","54161164","AGTCCCAGCTACCATAGAGGTTGAGCCAGGAGGATCACTGAAGCCCAGAGCCCAGAAGTTTGAGGTTGCAGTAAGCTATGATCATGCCACTGTACTCTAGTCTAGGTGACAGAAGGAGACCCTGTC","GTAGTCCCAGCTACAAGGGAGGCTGAGGCAGGAGGATGGCTTGAGCCTGGGAAGTTGAGGCTGCAGTAAGCTATGATCATGCCACTGCACTCCAGCCTGGGTGACAGAGTGAGATTCTGCCTC"
"GL873521","14127800","14127881","chr3","123515043","123515137","26","109387243","GGCTAGATATGGTGGCTCATGCCTATCTGGAAAGCTGAGGCAGGAGGATTGCAAGAGGCCAGAAGTTTAATACCAGGCTAAG","GGCCAGGTATGGTGGCTCATGCCTATACTCCCAGCCTTTTGGGAGGCTGAGACAGGAGGACTGCTTGAGGCCAGGAGTTTAAGACCAGCCTGACT"
"GL873521","14128162","14128352","chr4","26023510","26023691","57","11895348","GGGCTGAGAATGAGATCCCATCTTTACAAAAAATTACCCAGGTATAGTGGCATCATCCTAGCTACTTGGGAGGCTGGGGCAGGAGGATTTCTTGGGCCCAGGAGTGTGAGGCTACGCTGAGCTATGATACCACTGCACTTTAGCCTGGATGATACAGCAAGATTTTACCTCAAAAAAAAAAAAAAAAAAAA","GGGTGGGAAAAAATTATCTGGAAATGGTGGCATATGCCAGTGGTCCTAGCTACTTGGGAGACTGAGGCTGGAGGATCACCTGAGCCCAGGAGTTAGAGGCTGCGGTGAATCGTGATCATGCCACTGCACTCTAGGCTGGGCAATAGAGCAAGACCCTATCTCGAAAAAAAAACAACAAAAAA"
"GL873521","14184019","14184216","chr17","61651681","61651883","50","47467662","GGCTGGGCATGGTGGCTCATGCCTGTAACCCTAGCACTCTGTGAGGCCAAGGCAAGTGGATCACCTGAGCTCAGGAGTTTGAGAACAGCCTGAGCAAGAGTGAGACTCCATCTCTAAAAATAGTTGGGCATTTGTGGTGAATGCCTATAGTCTCAGCTACTCAGCTACTTAGGAGGCTGAGGCAAGAGGATTGCTTGA","GGCTGGGTGCAGTGGCTCACGCCTGTAATCCTGGCACCTTGGGAGGCCAAGGTGGGAGGATCACTTGAGCCCAGGAGTTTGAGATCAGCCTGAACAACGTGGTGAAACTCCATCTCTACAAAAAATACAAAAATTAGCTGGGCTTAATGGCATATGCCTGTGGTCCCAGCTACTGAGGAGGCTGAGGTGGGAGGATTGATTGA"
"GL873521","14185943","14186062","chr8","25834967","25835086","23","11649024","GGCAGGGTGCAGTGGCTCACACCTATAATCCCAGCACTCTGGGAAGCTGAGGTGGGAGGATTGCTTTGAGATCAGGAGTTTGAAACTAGCTTGAGCAAAGCAAGACCCATCTCTACTAAA","GGCCAGGTGCAGTGGCTCATGTCTGTAATCCCAGCACTTTGGGAGGCTGAGGTGGGAGGTTTGCTTGAGCCCAGGAGTTTGAGACCAGCCTGGGCAACATAGCAAGACCCTGTCTCTATA"
"GL873521","14186086","14186221","chr14","74199793","74199926","31","60013707","AATTAGAGAGGTGTGATGCCACACACTGTAGTCTCATCTACTTTGGAGGCTGAGGCACAAGGATTACTTGAGCCCAGGAGCATGAGGTTGCTGTGAGCGAGGCTGAGGCCACAGCACTCTAGCCTGGGCAACAGAG","TTAGCCAGGTATGGTGGTGCACACCTGTAGTCCCAGCTACTTGGGAGACTGAGGCAGGAGGATTGCTTGATCCCAGGAGTTGAGGCTGCTAAGAGCTATGATCATGTCACTGCACTCCAGCCTGGGCAACAGAG"
"GL873521","14534133","14534413","chr5","43470606","43470891","71","28936473","GGTAGCTCATGTCTATAACCCTGACACTCTGGGAGGCTAAGGGAGAAACATCCCTTGAGCTCAGGAGTTCAAGACCAGTCTAAGCCAAAAGGGAGATCCATCTTTACCAAAACAGAAAAATTAGCTGGGCATGGTGATGTGTGCCTGTAGTACCAGCTGCTTGGGAGGCTAAGGAAGGAGGATTGTTTGAGCCTAGGAGTTTAAGGTTGCTAAGAGCTAGACTGAGGCCATGGCACAGTAGCCCAGGCAATAGAATGAAACTCTGTCTCAAAAAAAAAAAA","GTGGCTCTTGCCTATAATCCCAGCACTTTGGGAGGCTGAGGAGGGCAGATTGCTTGAGCCCAGGAGTTCAAGACCAGCCTGGGCAACATGGGAAAACCTCGTCTCTACAAAAAACACAAAAATTAGCTGGGCATGGTGGCATGTACCTGTAGTCCTAGCTACTTGGGAGGCTGAGGCAGGAGGACTGCTTGAGCCTCTGGAGGCGGAGGTTGCAGTGAGCTGAGACCGCGCCACTGCACTCCAGCCTGGGTGATAGAACAAGACCCTGTCTCAAAAAAAAAAAAAA"
"GL873521","14534507","14534523","chrX","153619065","153619080","3","139084558","CCCAAAATAAAATAAAA","ACATAATAAAATAAAA"
"GL873521","14646173","14646307","chr1","9156973","9157091","40","5489200","GGATGTAGTAGCTCACACCTGTAATCCCAGCATCATGGGAGGATCACTTGAGGCCAGGAGTTTGAGACTGGCTTGGGCAATATGGTGAGGCCCCATTCTTACAAAATAGGAAAAGAATTAATTGGATATGGTGGC","GGCTGGGTGAGGTGGCCTCACGCCTGTAATCCCAGCACTTTGGGAGGCCAAGGCAGGAGTTTGAGACCAGCCTGGGCAATACAGTGAGACCCCATCTCCAAAAAAAAAATTAGTGGGGC"
"GL873521","14703100","14703421","chr17","68155983","68156305","73","53452883","GGCTGGGCACAGTGGCTCATACCTGTAATCCTAGCACTTTGGGAGGCCAGGAAGGGAAGATAGCTTGAGGCCAGGAGTTTGAGACCAGGATGAGCGAGGTAGCGAGACCCCCCATCTCTATCAAAAATTAAAAAAAAAAAAAAATTAGCTGGGTATAGTGGTGAGGGCCTATCATCCTAGCTACTTAGGAGTAAGACAGGAGGATCACTTGAGCCTAGGAGGTAAGGTTGCAGTGAACTATGATGATGACCCTGCACTCTTGCCTTAGCAAGATGGTGAGACCCTGTCTCAAAACAAACAAACAAACAAACAAACATAAAAA","GGCTGGGCACCGTGGCTGACATCTGTAATCCCAGCACTTTGGGAGGCCAAGGCGGGTGGATCACTTGAGCCCAGGAGCTCGAGACCAGCCTGACCAACATGGCAAAACCCCATCTCTACCAAAAAAAAAAAAAAAATACAAAAAGTTAGCTGGGCATGGTGGAGAGGGCCTGTAGTCCCAACTACTCAGGAGGCTGAGGTGAGAGGATCACCTGAGCCACAGGAGGTCGAGGCTGCAGTGAGCCATGATCACACCATTGCACTCCAGCCTGAGAGAAAGTGAGACCCTGTCTCAAAAAAACAAACAAACAAAAACAGCAAAAA"
"GL873521","14778613","14778888","chr15","42746072","42746354","63","27967459","GGCCCAGCACAGTGGCTCACACCTATAATCCTCGCATTCTAGGAGACTGAGGTGGGAGGATCACTTGAGCTCAGGAATTTGAGATCAGCTTGAGCAATAAGGTGACCCCATCTCTACTAAAAATAGACTAATTAGCCAGGCATTGTGGTGGGCACCTGTGGTCCCAGCTAGTTGAGAGGCTCATGTTGGATTCCTTGAACCCAGGAATTTGAGGCTGCTGTGAGCTGGGCTGATGCCACAGTATTCTAGCCTGGGCAACAGAGTATGACTCTGTCT","GGCCAGGTACAGTGGCTCACACCTGTAATCCCAGCACTTTGGGAGGCCAAGGCAGGAGGATCACTTGAGCCTAGGAATTCAAGACCAGTCAGGGCAATATGGTGAAACTCCATCTCTACAAAAAATACAAAAATCAGCCAGGTGTGGTGGTGTGCGCCTGTGGTCCCAGCTACTTGGGAGGCTGAGATGGAAGGATCACTTGAGCCCAGGAAATGGAGGCTGCAGTGAGCTAAGGCTGTGCCACTGCACTCCAGCCTGGGCAACAGAGTGAGACCCTGTCTCA"
"GL873521","14884261","14884393","chr13","24405237","24405373","27","9520976","GGCTAGGTGTGGTGGCTCATGCCCATAATTCCAGCATTCTGGGAGGCCAATGTGGGAGGATCCCTGGAGGTCAGGAGTTTGAGACCACCCTGAGCAAAGCGAGACCCCATCTTCACTAAAAATAGAAAAATTA","GGCTGGGCATGGAGGCTCATGCCTATAATCCCAGCACTTTGGGAGGCTGAGGTGGGAGGATCGCTTGAGTTCATGAGTTCAAGACCAGCCTGAGCAACACAGTGAGACCTCATCTCTACTAAAAATCAAAAAAATTA"
"GL873521","14884660","14884815","chr1","141772547","141772702","39","126887887","TTAGTTGAATGTGGTGGTGTACACCTGTAGTCCCAGCTACTTGAAAGGCTGAAGAAAGAGGATTGCTTGAGCCCAAGTGCTTGAGGTTGTAGTGAGCTAGGCTGACGCTATGACACTCTGACCCAGGTGATAGAAGAAGACCCTGTCTCAAAAAAA","TTAGCTGGGCATGGTGGCGTGCACCTGTGGTCCCAGCTATTTGAAAGGCTGAGTTGGGAGGATCACTTGAGCCCAGATGGTTGAGGCTGCAGTGAGCCATGATGGCACCACTGCACTTTAGCCTTGGTGACAGAGCAAGGCCCTGTCTGAAAAAAA"
"GL873521","15677856","15678124","chr7","99887814","99888086","73","84209958","TGGCTCATGCCTGTCAACAAAGTACTTTGGTAGATTGAGAAAGGAGGATCTCGTGGACTCAGGAGTTTGAGACCAGCCTGGACGACATGGTAAAAAAACATCTTTAAAAAATTAGCCTAGCATAGTGGTGCACATTGATAATTTCAGCTATTTCGCAGGCTGAAGTGGGAGAACCACTTGTGTTTGGAAGCTCGAGGCTGCAGTGAGCTATGATCTCACACTACACTCCAGCCTGGGTAATATGGTGAGGTCCTGCCTCAAAAACAAAA","GGCTTACACCTGTAATCCCAGTGCTTTGGGAGGCTGAGGCAGGCAGATCACTTGAGCCCTGGAGTTCAAGACCAGCCTGGGCAACATGGTGAAACCCCATCTCTACAAAAAATTAGCCAGGCATGGTGGCTTGCACCTGTAGTCCCAGCTACTCAGGAGGCTGAGGTAGGAGGATTTCATGAGCCTGGAAGGTTGAGGCTGCAGTGAGCTATGATCACACCACTGCACTCCAGTCTGGGTGATAAAGTGAGACCCTGTCTCAAAAAAAAAAAA"
"GL873521","15875728","15875811","chr8","5975319","5975398","26","9900409","CAGTGAGCCGTGGTCTCCCTGTGCATTCCAATGTGAGTGACAGAGAGACCTCCCTCACACTCCCAAAAAAGAAAAAACAAGAAA","GCAGTGAGCCTTGATCGTGCTATTGCACTCTAGCCTTGGTGACAGAGAGAGACCCTATCTCAAAAAAAAAAAAAAAAAAA"
"GL873521","16170363","16170540","chr3","50079465","50079644","47","33909102","AAAAAAAAAAAAAATTACCCAGGTAAGGTGGTAAGGACCTGCAGTCCTAGCTATCTGGGATACGAGGTAGGAGGAGCACTTTGGCCCAGGAATTCCAGGCTATGGTGAACTATGATTACAACTGCACTCTAGCCTGGGCAAAAGAGTAAGAGACTGTCACAAAACACAACAAAACAAA","ACAAAAAGAAAAAACAATTAGCAAGGCCTGGTGGTACACACTTGTAGTCCCAGCTATTTGGGAGGCTGAGGTGGGAGGATCACTTGAGCCCAGGAGTTCAAGGTTACAGTGAGCTATGATCATGCCACTGCACACTAGCCTGGGCATCAGAGAGAGTTCCTGTCTCTAAGAAAAAAAAAA"
"GL873521","16172240","16172374","chr1","29329421","29329551","29","13157181","GGCTGCATGCAGTGCCTCATGTTTGTAATCCCAGCACTTTGGGAGCCAGTGGAGGAGAGGATCACTTGAAGCCAGGAATTTAAGACGGACCTAGCCAACATAATGAGAACTCCTCTATACAAAAAATAATAAAAT","GGCTGGATGCACTGGCTCCTGTCTGTAATCCCAGCACTTTGGGAGGCTGAAACAGGAGGATCCCTTGAAGCCAGGAGTTTAAGATCAGCCTGAGCAACAGAGTGAAACCCTGTCTCTACAAAAAAAAAAAA"
"GL873521","16260421","16260667","chr2A","25887935","25888182","71","9627514","GGATACAGTGGCTCACACCTGTAATCTTAGCAAACACCCTGGGGTGCTAAGGCAGGAGGATCACTTGAGCTCAGGAGATCAAGACCAGCCTGAGGAAGAGTGAAACCCCATTTCTACCACACATAGAAAAATTAGCCAGGTGTCTCTCTCTAGTCCCAGCTACTTGGGAGGCTGAGACAGGAGAATTGCTTAAGCCAGGGAGTTTCAGGTTGCTGTGGCTCAGACCATGGCACTCTAGACTGAGCAA","GGCTGGGCACAGTGGCTCACACCTGTAATCCCAGCACTTTGGGAGGGTGAGGCAGGAGGATCACTTGAGCTCAGGAGTTCGCAACCAGCCTGGGCAATATGGTGAAACCGCATCTCTACAAAAAATACAAAAATTAACCGGGTGTGGTTGTGCATGCCTGTAGTCCCAGCTACTTGGCAGGCTGAGGTGGGAGGATTGCTTGAGCTCAGGAGGTCAAGGCTGCAGTGAGCCATGATTACTCCACTGCA"
"GL873521","16747501","16747629","chr7","102198592","102198722","33","85451091","GCCGGGTATGGTGGCTCACACCTGTAATCCCACCACGTGGGAGGCCAAGGCAAGCAGATTGCCTGAGCTCACAGGTTCAAGACCAGCCTGAGCCAGAGTGAGACTTTGTCTTGGAAAATACCCGGGTGT","GGCTGGGTGTGGTGGCTCACACCTGTAATCCCACCACTGTGGGAGGCTAAGGCAGGCAAATCGCTTGAGCCCAGGAGTTCGAGACCAGCCTAGGCAACGTGGTGAAACTGTCTTTAGAAAATATTAGCCAA"
"GL873521","16747905","16748071","chr1","26355033","26355200","42","9607128","AACTAGGTAGGTGTTGCAGCAGGCGCCTGTAAATCCCAGCTACTTGGGCCAAGGCAAGAGAATCAATCACTTATGCCCAGGAGTTTGAGGTTGCTGTAAGCTATGACGCCCTGGCACTCTACCAAGGGTAACAAAGTCAGATCCTGCCTCAAAAAAAAAAAAAAAAA","AACTAGCTGGGTGTGGCGGCGTGTGCCTGTAGTCCCAGCTACTTGGGAGGCTGAGGCAGGAGGATCACTTGAGCCCAGGAGTTCAAGGCTGCAGTGAGCTAAGATCATACCACTGCACTCCAGCCTGGGTAATAGAGTGAGATCCTGTCTCAAAAAAAAAAAAAAAAA"
"GL873521","16826358","16826516","chrX","96886204","96886345","57","80059846","GGCGCCCTGCCACAAGCTGTAGTCTCCCCTATTTGGGAGGGTGAGGTCGGAGGATCATGTGAGCTCGGCAGTTCAAAGTCACCGGGCACTACAACCTCACCTGGACCAGTCAGGACTGCACGCCAGCCTCCCCAGCGCAGTGAGACTCTGTTTCTAAAA","GGTGCACATCTGTAGTCTCAGTTATTTGGGAAGCTGAGGAGGGAGGATCACTTGAGCCTGGGAGGTCAAGGCGCCAGTGAGCTGTGATTGCACCACTGCACTCCAGCCTGTGCTACAGAGTGAGACTCTGTCTCAAAAAAAA"
"GL873521","16850386","16850705","chr1","224543342","224543654","83","207692956","GCCAGCTGTGGTGGCTCACACCTATAGTCCTCACACTCTGGGAGGCTGAGGAAGGCAGATTCCCTGGAGCTCAGGAGATTGAGACCAGGCTGAGCAAGAACTGAGACTCTGTCTCTACCCCAAACAGAAAAACTTCACTAGGTGTTGCGGTGGGCACCTATAGCCTGAGCTACTTGAGAGGCAGAGGCAGGATGATCACTTGAACTCAGGAGTTTGAGGTTGCTATAGCTGTGCTGATGCCATAGTACTTTAGCCTGGGCAACAGAATGAGACTCTGTCTCAAAATAAATAAATAAATTAATAAATAAAAGAGAAAGAAA","GCCAGGCAGGGTGGCTCACGCCTGTAATCCCAACACTTTGGGAGGCTGAGGCAGGCAGCTTGCTTGAACTCAGGAGTTTGAGACCAGTCTAGGCAACATGGTGAAACCCCATCTCTACAAAAAATACAAAAATTAGCCAGGCGAAGTGGCGTGCCTATAGTCTTAGCTACTTGGGAGGCTGAGGCAGGAGAACTGCTTGAACTGGGGAGGTCGAGGCTGCATGAGCCGAGATCGTGCCACTGCACTCCAGCCTGGATGACAGAGCGAGACCCTGTCTCAAAATAAATAAATGAATAAATAATAAAATAAATAA"
"GL873521","16987716","16987746","chr4","157175852","157175881","5","140188136","GAAGAAAGAAGAAAGAAGAAAGAAGAAAGAA","GAAGAAGAAGAAGAAGAAGAAGAAGAAGAA"
"GL873521","16988099","16988370","chr11","32048157","32048430","73","15060058","GGCCCAGTTCAGTGTCTCACACCTGTAATCCTAGAACTCTGGGAGGTCAAGGAAGGTGGAGTCCTTGAGCTCAGGATTTTCAGATAAGCCTGAGCAAGAGACAGATCCATATCTACTAAACATAGAAAAACTAGCCTGGCATCAGTGTAGTCCCAGCTACTCAGAAGGCTGAGGCAGGAGGATCATTTGAGCCCAAATGTTTGAGTTTGCTGTGAGCTATGATGAATGACACCAGGGCACTCTACCCAGGGCAACAGAGTGAGACTATTTCT","GGCCCACCACAGTGATTCACATCTATAATCCCAGCACTTTGGGAGGCCGAGGTGGGAGAGTAGCTTGAGCCCAGGAGTTTGAGACCAGCCTGAGCAACAGGGCGAGACCCCATCTCTACAAAAAAAATTTAAAAATTAGCCTAGCATGTGCCTGTAGTCCCAGCTACTCAGGAGGCTGAAGCAGGAGGATCACTTGAGCCCAGGAGTTGAAGGCTGCAGTAAGCTATGATCACCCCACTGAGCTCTAGCCAGGGTGACTGAGCAAGACTCTATT"
"GL873521","17153915","17154039","chr7","102370770","102370890","26","85216855","GGCTAGGCACGGTGGTGACTCCTGCTTGTAATCCCAGCACTCTGGGAGGCCTGTGGCAGGTGAATTCCTTGCGCTCAGGAGTTCAAGACTAGCCTGAGTAATAGTGAAACCTCTGTCTCTACTAA","GGCTAGGCACGGTGGCTCATGCCTGTAATCCCAGCACTTTGGGAGACTGAGGTGGGAGAATTGCTTGAAGCTGGGAGTTCAAGACCAGCCTAGGGAACATAGTGAGACCCTGTCTCTTCAA"
"GL873521","17154076","17154241","chr16","21596696","21596868","46","4442620","CTAACCAGACCTGACAGGTGGCTATACTCTCGGCTACTTGGGAGGCTGAGGCAAGAGGATCACTTGATCTCAAGAGTTTGAGGTTGCTATAAGCTATGAGGCCATGACACTCTACCGAGGGCAACAAAGTAAGAGTTTTTCTCAAAAAAAAAACCCAAAACAAAAA","ATTAGTCAGACATGGTGGCATGTGCCTATAGTCCCAGCTACTTGGGAGGCTGAGGCAAGAGAATCATTTGAGCCCAGGAGGTTGAGGCTGCAGTAAGCAGTGATCATGTCACTGCACTCCAGCCTGGGCAACAGAGCAAGACCCTGTCTCAAAAAAAAAAAAAAAAGAAAAAA"
"GL873521","18186068","18186211","chr11","18518855","18518988","40","332787","TAGTCAGGTGCAGTGGTGCATGCCTGCAGTCACAGCTACTCTACTCAGGAGGATGAAGCAGGAGGACCACTGGAGACCAGGAGTTTGAGAATGCTGTAAAATACCATTGAGTCACTGCCTGCCAGCTTCAGTAACAGAATAAGA","TTAGCCAGGTGCAGTGGCGCATGGCTGTAGTCCTGCTTACTCAGGAGGTTGAAGCAGGAGGATCACTTGGGCCCAGGAGTTTGAGGCGGCAGCGAGCCATAATCGTGCCACTGCACTCCAGCTGAGTGACAGAG"
"GL873521","18186242","18186351","chr4","101432127","101432236","31","83245885","CTTGTAATTTCAGCACTTTTGGAAACTGTAGAAGGAAGATTGTTTAAGACCAGGAGTTCCAGAACAATCTGGGCAACACATGTTGACCTTGTACCTACATGAAAAAAAAA","CCTGTAATCCCAGCACTTTGGGAGGCTGAGGCAGGAAGACAGCTTGAGGCCAGGAGTTCCAGACCAGTCTGGGCAATATAGCAAGACCCTCATCTCTTTAAAAAATAAAA"
"GL873521","18231783","18232086","chr11","120552808","120553110","90","102321025","GGCATGGTGGCTCACACCAGCAATCCCAGCGTTTTGGGAAGCCCAAGGAAGAGAATCACTTGAGACCAGCCAGAGGTACATAGACACGTGGTCTACAAGAAATGACAATTAAAACAAATTGCTGGGCATGGTAGCCTGTGACTATAGTCCTGGCAACTCAAGAGGCTGAGTCAGGGGGTTTTTTGAGCCTATGAAGTCTAAGTTGCAGTAAGCTGTGATCATGCCACTATACCCTAGCCTGGGTGACAGAACAAGATTCTGTCTCTAAAAATAAAATAAAATAAAATAATAAAATGAAATAAAA","GCCAAGCATGGTGGTTCATACCTATAATCCCAGAACTTTGAAAGGCCAAGGCGAGAGGAGTTTGAGACCAGCCTGGGCAACATGATGACATGCCGTCTCTACAAAAAAATAAAATAAACAAAAACTAGCTGGGCCTAGTGGCATGTGTCTGTAGTCCTAGCTACTCAGGAGACTGAGGCAGGAGGATCACTTGAGCCTGGGAGGTCAAGGTTGCAGTGAGCTATGATTGTGTCACTGTACTCCAGCCTGGGTGACATAGCAAGAACTGGTCTCAAAAAAAAAAGAAAGAGAGAAAAAAGAAAA"
"GL873521","18672921","18673268","chr5","164510023","164510360","89","145837102","GGCTGGCCATGGTGGCTGAGGCCTGTCATCCTACCACTCTGAGAGGATGAGGAAGGAGGATTGGATTGCTTCAGCTCAGGAGTTCAAGACCAGCCTGAGCAAGAGCAAGACTCAGTCTCTACCAAAAATAGAAAAATTAGACTAGCCAGATGTAATGGCAGATGCCTCTAGTCCCAGCTAGTGGGGAGGCTAAGGCAGGAGGATCACTGAAACCCAGGAGTTTGAGGTGCCTGTGAGTTAGTTTAATACCATGGCAGTCTAGCTTGGGCAACAAAGTGAGACTCTGTCTCAAAACAAACAAAGAAACAAAGAAACAAACAAACAAAAACCCCAAAAATAAAAAAAAAA","GGCTGGGCACAGTGGCTCATGCCTGTAATCCTAGCACTTTGGGAGGCTGAGGCAGGTGGATCGCTTGAGACTGGGAGTTCAAGACCAGCCTGGGCAATATGGCAAAACCCCGTCCCTACAAAAAATACAAACATTAGCCAAGCATGGTGGCACATGCCTGTAGTCCCAGCTACTTGGGAGGCTGAGGCAGGAGGATCATTTGAGCCCGGGATGTGGAGGTTGCAGTAAGCTGAGATTGCATCATTGCACTCCAGCCTGGGCAACAGAGGGAGACCCTGTATCAAATAAATAAATAAATAAATAAATAAATAAATAAATAAAAGAAATAAAAGTAAAAA"
"GL873521","19315680","19315722","chr1","205503465","205503511","11","186187785","CAGTTACTTGGAAGACTGAGGCAAGAGGATCCCTTGAGCTAGG","CCAGCACTTTGGGAGACTGAGGCAGAAGGATCCCTTGAGGCCAGCGG"
"GL873521","19598410","19598508","chr1","6398492","6398584","25","13199918","TATCACTACACCACTATACTCTAGCCTGGGCAACAGATTGAGAACCTGTATCAAAAACAAACAAACAAACAAACAAAACACAATAAAAAATAAATAAAA","GTGATTGCACCAATGCACTCCAGCCTGGGTGACAGAGCGAGACTGTCTCAAAACAAACAAACAAACAAATAAAACAAAAGAAAAGAAAAGCAA"
"GL873521","19777152","19777359","chr4","72787006","72787205","63","53009854","CCTGAGCAACATAGAGAGATCCCATCTCGACAAAAATATTGAAAAAAAAATAGATAAACTTATCAGCTGGGTTTGGTAGCACACAACTGTATCCCCAGCTACCGGGAAGGCTGAAGCAGGAGGAGCCTGACAGATCAAGGCTGCAGTGAGCAGTGATCACATCACTACACTCCAGCCCAGGTGACAAAGCACAATCCTGTCTCAAAAA","CTAGGCAACATGGAAGAACCCCATCTCTACAAAAATTACAAAAACTAGCTGGGCATGGTGGTGTGCGCCTGTATTCCCAGCCACTGGGGAGGCTGAGGTGGGAGGATTGCTTGAGCCTGGAAGATTAAGGCTGAAGTGAGCAGAGATCACACCGCTGCACTCCAGTCTGGGTGACAGAGCAAAACCCTGTCTCAAAAAAA"
"GL873521","19907026","19907166","chr6","12022857","12022993","42","7884169","AGGAAAAATTACCAGGGCATGGTGATGTGCACTTATAGTCCCAGCTCCTGGGAAGGCTGAGTCAGGAGGCCAGGAGTTTGAGGTTATAGTGAGCTATGATGCCACTGCACTCTCTCTGGGTGACATAGTGACATTCTGCCT","TTAAAATTAGCCAGGCATGGTAGCAGGCACCTGTACTCCCAGCTACGGGAGGGTCGCTTGAGCCCAGGAGATCAGGGCTGCAGTGAGCTATGATTGTACCACTGCACTCCAAACTGGGTGACAGAGTGAGACTCTGT"
"GL873521","19907190","19907299","chr3","21509747","21509855","27","1602557","GTGGTGGCTCAGCCTATAATCCTAGCCTTCTGGAGGCCCAGGCGGGAGGATTGCTTAAGGTCAGGATGTTGAGACGAACCTGAGCATGAGTGAGACCCCATCTCTACAAA","GGTGGCTCATGCCTATAATTCTAGCGCTTTTGGAGGCCAAGGGGGGAGGATTACTTGAGCTCAGGAGTTCCAGATCAGCCTGGACAATTTAGTGAGACCTCATCTATAC"
"GL873521","20453341","20453513","chr19","53340691","53340862","44","32887350","AGACAACTAGCCAGGCATTGTGGTGGGCATCTATAGTCCCAGCTACTTGGGAGGCTGAGGCAAGAGGATCACTTGAACCCAATAGTTTGAGGTTGTCATGAGCTATGATGATGTGGCATTCTACTCAGGGTGACAGCGTGAGAGACTCTGTCTCAAACAAATGAACAAAAAAA","ACAAAAATAGCTGGGTGTGGTGGTGCATACTTGTAGTCCCAGCTACTTGGGAGGCTGAGGCAGGAGGATCACTTCAGCCCAGGAGGTTGAGGCTGCAGTGAGCCATGATCATGCCACTGCACTCCAGCCGAGGGGAGAGAGCAAGACTCTGTCTCAAAACAAACAAACAAAA"
"GL873521","20453540","20453662","chr4","5943586","5943706","26","14509954","CAGGCGTGGTTGCTCATGCCTGTAGTCCTAGCACTTCAGGAGGCTGAGGAGGGTAGATTGCTTGAGGTCAGGAGCTGGAGACCAGCCTGAGCAAGAGCGAGACCTTGTCTCTACTAAAAATAG","GGCCATGGTGGCTCATGCCTGTAATCCTAGCACTTCGGGAGGCTGAGGAGGGAGGATTGCTTGAGGCCTGGAGTTTGAGACCAGCCTGGGCAACATAGTGAGACCACGACTCTATTTAAAA"
"GL873521","20821454","20821743","chr8","121327775","121328067","74","100506321","GCCGGGCCCAGATGGCTCAAGCCTGTAATCCTTGCACTTTGGGAGGCCAATGTAGGAGGATCACTTGCGCCTAGGAGTTCCAGGCCAAGCTGTGCAAGGTGAAACACTGTTCCAAAAAATATATATATATGAAAATTAGCCAGTCCTGTTGGTACACATCTGTCGTTCCAACTACTTGGGGGACTGAAGCAGGAGGATCCATGAGTCCAAGATTTGAGGTTGCAATGAGCTGTATTGGAGCTACTACACTGTAGCCAGGGCGACAGGAGGAAAAACTTGTTTTAAAAAAA","GGCTGGGTGCAGTGGCTCATGCCTGTAATCTTAGCACTTTGGGAGGCCAAGGCAGGTGGATCACTTGAGCTTAGGAGTTCAAGACCAGCCTGGGCAACATGGTGAAACCCTGTCTCTACAAAAAATAAAAAAAAATTAGCCAGGCATGGTGGCATACACCTGTAGTCCCAGCTACTTGTGGGGCTGAGGCAGGAGCATCACTTGAACCCAGGAGCTCAAGGCTGCAGTGAGCTGTGATCTTACCACTGCACTCCAGCCTGGGTGACAGAGTAAGACCTTGTCTCAATAAAAAA"
"GL873521","20825224","20825315","chr22","42881883","42881978","27","22056659","AGAGGATCTCTTGAGCCTAAGAGTTTGAGGTTGCTGTGAGTTCTGATACCACAGCGCTCTACACAGGGCGACAGAGTAAGACCCTTTCTTAA","GGCAGGAGGATCGCTTGAGCCTGGGAGGTCAAGGATGCAGTGAGCTGTGATTGCACCACTGCACTCCACCCTGGGCGACAGAGTGAGACCCTGTTT"
"GL873521","20825595","20825767","chr4","156475909","156476099","57","135650314","GCGGTGGCTCACACCTGTAATCCTAACACTCAGGATCGCCTAAGCTCAGGAGGTGGAGACCAGCCTGAGCAAGAGAAACACCTCAACTCTACCAAAAACAGAAAAAGTAGCCTGGGTGGTGGTAGGCATGTGTAGTCCCAGCTACTCGGGAAGCTGAGGCAAGAGGATCTCTT","GGCCAGGCACAGTGGCTCACACCTATAATCCCAGCACTCTGGGAGACTGAGGCAGGAGGAGCCCAGGAATGTGAGACCAGCCTGGCCAACATGGTGAAACCCAGTCTCTACTAAAAATATAAAAATTAGCCTGGTGTGGTGGTGTGCGCCTGTAGTCCCAGCTACTTGGGAGGCTGAGGTGGGAGGATCAC"
"GL873521","21355913","21356066","chr4","158479533","158479684","48","137123620","ATAAAAATTAACTAGCTATGGTGGCATACACTCTTGTCCTAGCTACTTAGGAGGCTGAGGATCATTTGAGGCCAGGAGTTTAAAGCTATAGTGTACTGTGATGATTACGCCTGTGAATAGCCACTGTACTCCAGCCTGGGCAACATAGCAAGAC","AATTAGCTGGGCATGGTGGTGCATACCTGTAGTCCTAGCTACTCAGGAAGCTGAGGCAGGAGGACAGCTTGAGGCCAGGAGGTCAAGGCTGCAATGAACCATGATTGATTACACCTGTAAATAGTCACTGCATTTCAGCCTGGGCAGCATAG"
"GL873521","21623697","21623773","chrX","53329871","53329945","26","31706174","AAATTTAGGCAGGCAAGTTGGCACATGTTTGTAGTCCAAGTTATGTGAGAGGATTCTTTGAGTCCAGAAGTTAAGGC","AATAGCTTGGGCAGGGTGGTGCATGGCTGTAGTCCTGAGATGGGAGGATCCCTTGAGTCCAGGAGCTTGATGCCG"
"GL873521","21623801","21623894","chr3","42032495","42032583","27","20408694","GTAATCTTAGTACTTTGGGAGGCCAGACAGGAGATTCATTTGAGACTGAGTTTAAGATCAGCCTGGACAACATGGCAATATCCCATGTCAACCA","TAATACCAGTATTTTGGGAGGCTGAGGCAGGCGATCACTTGAGCCCAGTTCAAGACCAGCCTGGGCAATATAGCGAAATCCTGTTTCTA"
"GL873521","21714176","21714337","chr12","96671998","96672172","41","74957822","ACTAGGGGGCATTGTGGCAACTGTCATCCTAGCTGCTCAAGAGGCTGAGGCAAGAGGATCACTTCAGCCCATGAGTTTATGGTTGCTGTGAGCTATGACTCCATGGCACTCTAGCCTGGGCAATAGAATGAGACTCTGTCGCAAAAAAAAAGAAAGAAAGAA","AATTAGCTGAGCATGGTGGCAGGCACCTGTAGTCCCAGCTACTTGGGAGGCTGAGGGAGGAGGGTCACTTGAACCCAGGAGTTTGAGGCTGCAATGAGCTATGACTGCATCAGTGCACTCTAGCCTGGGCAGTAGAGTGAGACCCTGTCTCACAAAAAAAAGAAGGAAAGAGAAA"
"GL873521","21714364","21714489","chr15","78802491","78802611","29","57088127","GGCTGGGTACCCTGGCTAGACACCTGTAATTCTAGCACTCCAGGAGGCTGAAACAGGTGGATTTCTTGAGCTCAGGAGTTCAAGACCAGCCTGTCCAAGACCAAGACCACAATTCTGTCTCTACTT","GGCTGGGTACAGTGGCTCACACCTGTAATCCCAGCACTTTGGGAGGTGGAGGCAGGAGGATCACTTGAACTCAGGAGTTCAAGACCAGCCTGGCCAACATGGCGAAACTCCGTCTCTACAA"
"GL873521","21743555","21743631","chr10","20213332","20213405","25","1530223","TATAGGGTGTGGCGGCAAGTGTGTATAGTACTAGCTACTTAAAGAGGTTGAGATGGGAGGATTGCTTGAGCTAAGGA","CCAGGTGTGATGGTGCATGCCTGTGGTCTCAGCTACTTTGGAGGCTGAGGTGGGAGGATTGTTTGAGTGGAGGT"
"GL873521","21743658","21743767","chr10","43292583","43292692","28","21548925","CAATGGTTTGTGCTTGTAATCCAGCACTTTGGGAAACAAAGGAGAAAGGATTAATTGAGACCAGGAGTTCAAAATCAGCCTGGGCAACATAAAGAGACCCTGTCTCTATG","GCGGTGGTTCAGCCTGTAATCCCCGCACTTTGGGAAGCTAAAGCAGGAAAATCACTTGAGCCCAGGAGTTCAAGACCAGCCTGAGCAACATAGTGATACCCCTGTTTCTA"
"GL873521","21994326","21994402","chr3","183523015","183523100","19","161528689","GGCATTGTGACTCACACCTATAATTCTAGCACTTTGGGAGGCTGAGGTGGGAAGACCACGAGCACAGGTTCAAGACC","GACTGGGGGCAGTGGCTCAAACCTGTAATCCTAGCACTTTGGGAGGCTGAGGTGGGAGGACCACCTGAGCTCAGGAGTTCAAGACC"
"GL873521","22568894","22569013","chr7","21219168","21219276","37","1349726","TACGTTGTGGTGGCTAGTCCCAAACTACTCAGCTACTCAGGAGTTTGAGGTTGCAGTAAGCTGTGAGGTTGCATTGCACGACAGATTGTGCAACAGAGCGAGACCCTATCTCGAAAAAAA","GGCTGAGGTGGGATAATCACTTGAGCCCGGAAAGTTGAGGTTGCAGTGAGCCATGACTCGGCACTGCACTCCAGCCTGGGCAACAGAGCCAGACCCTATCTCAAAAAAA"
"GL873521","22569034","22569129","chr15","57106062","57106161","19","34537028","CAGGCATGGTGGCTCACACCTGTAATCATAGCACTTTGGGAGACCAGGAGTTCAAGACCATGCTGGGCAACATGGCGAGACCTTGTCTCTACCAAA","GGCCAGGCATGGTGGCTCACTCCTATAATCACAGCACTTTGGTAGGCCATGAATTCAAGACCAGCCTGGGCAACATAGTGTAACCCTGTCTCTACGAAAA"
"GL873521","23082461","23082581","chr19","17007875","17007987","43","6074586","AAAATACACAGAGTACCCAGGCATGGTGGTGCATGCCTCCAGTCCCAGCTACAGGTGAGACTAAGACTAAAGGATGCCTTCAGCTCAAGACTTTGAAGCTGGCCTAGGCAACAACAAGACC","ACAATGTAGCTATGGCATGGTGGTGCCTGCCTGTTGTCCCAGCTACTTGGGAGGCTGAGATGGGAGGATTGCATGAGCCCAAGAGTTCAAGGCTGCTGTGAGCTACAATCACG"
"GL873521","23326932","23327034","chr1","153330637","153330743","26","130003705","GACTGGGTATGGTGGCATATGCCTGTAAACCCAGCACTCTGGGAGGCTGTGGCGGGTGGACCAGCCTGAGACCAGCTTGAGAAAGAATAAGACTCTGTCTCTA","GGCTGGGTGTGATGGCTCATGCCTGTAATCCTAGCACTTTGGGAGGCTGAGGCAGGTGGATCACTTGAGCCCAGGAGTTTGGGCAACATGACAGAACCCTGTCTCTA"
"GL873521","23327057","23327213","chr6","85247800","85247964","38","61920743","CCAGACATTGTGACACATGCCTATAGTCCTACTTGGGAGGCTGAGGCAAGAGGATGTCTTGTGCCCAAGAGTTTGAGGTTGCTGTGAGCTATGATACCATAGCACTCTAGTGGGGGGCAAGAAAGTGAGACACTGTCTCAAAAAAAAAAAAAAAAAA","CCAGGCATTGTGGCACATGTGTGTAGTCCCAGCTATTTGGGAGGCTGAGGCAGGAGGATCCTTTGAGCCCAGGAGTTTGAGGCTTCAGTGAGCTGTGATTGGACCACTACACTCTGGCCTGGGCAACAGAGAAAGACCCTGTCTCAAAAAGAAAAAGAAAAAGAA"
"GL873521","23553294","23553452","chr8","101101478","101101641","53","77548184","AAAATAAAGTTAGCTAGACACAGCTTTGGGCACCTGCAGTCCCAGTTACTTGGAGGTTGAGGCAAGAGGATTGTTTGAGCCTAGAGGTTTGAGGATATGGTTTGCTGTAGTTCTACCTGTGAGTAGCCACTGTTCTCCAGCCAGGACACCAGCGCAAGA","AAAAAGACACCAAGTAGCCAGGTGTGGTGCTGCAGGCCTGCAGTCCCAGCTACTTGGGAGGCTGAGGCAGGAGGATTGCTTGAACCCAGGAGTTCAAGACTTCAGTATGCCATAATCGCACCTATGAATAGTCACTGCACTCCAGCCTGGGCGACATAACAAAA"
"GL873521","24165831","24166009","chrX","9218405","9218573","51","14947426","GGCCAGGCACAGCAGCTCACACCCATAATCCTAACACTCTGAGAGACCAAGGTGTATAGATTACCTGAGCTCAGGAGTTGGAGACCACCCTGAGCAAGAGTAAGACCCCCATCTCTACAAAAAAAAAAAAAAAATAGAAAAACTAGCCAGGTGTTGTGGTGGGTACTTACAGTGCCAAC","GGCCAGGCGCAGTGCCTCACACCTGTAATCCCAGCACTTTGGGAGGCCGAGGCGGGTGGATCACTTGAGCTCAGGAGTTTGAGACCAGCCTGAGCAACATGGCAAAACCTCACCTCTACAAAAAAAATACAAAAATTAACCAGGCATGGTGGCAGGCACCTGTAGTCTC"
"GL873521","24270646","24270916","chr8","27224878","27225151","68","2954232","GGCCAGGCACGGTGGCTCACACCTGAATCCTAGCTGGCATTCTGGAAGGCCGAGGTGGGTGGATCACCTGACCTCAGGAGTTCAAGACCATCCTGAGCAAGAGTGAGATGAAACCTCATCTCTAAAAATAGCTAGGCATTGTGGTGGGCACCAGTAGTCCCAGCTACTAGGGAGGCTGAAGCAAGAGGATCACTTGAGTCTAAGAGTTAGACGTTGCTGTGAGCAGTGACGCCACAGCACTCTACCCAGGGCAACAAAGTGAGACTGTCTC","GGCCAGGTGCAGTGGCTCACACCTGTAATCCTAGCCCTTAGGAGGCTGAGGTGGGAGGATCACTTGAGCTCAGGAGTTCAAGACCAGCCTGGGCAATATGGTGAAACCCTGTCTCTACGAAAAATTAGCCGGGCATGGTGGCGCATGCCTGTAGTCCCAGCTACTCAGGAGGCTGAGGTGGGAGGATCATTTGAGCCCAGGAGGCGGAAGTTGCAGTGAGCCAAGATTGCACCACCGTACTCCAGCCTGGGCAACAAGTGAGATCCTGTCTCAA"
"GL873521","24618820","24618994","chr8","68458893","68459071","47","43840073","TCCTAGCACTCTGGGGGGCCGAGGTGGTAGGATCACTTGAACTAGAGTTCAAGACCACCCTGAACAAAAATCACACCCTGTCTGTACTAAAAATAGAAAAATTAGCCAGGCATTATAGTGCATGCCTGTAGTCCCAGCTACCTGGTAGGCTGAGGCAGATCCTCTAGCCCAGGGG","CCCAGCACTTTGGGAGGCTGAGATGGGTGGATCACTTGAGCCCAGGAGTTCAAGACCAGCCTGGGCAACATGACGAAACTCTGTCTTTACAAAAAATACAAAAATGAACCAGGCATGGTGGTGCATGCCTGTAGACCCAGTACTTGGGAGGCTGAGGTGGGAGGATCCCTTGATCCTGA"
"GL873521","24626746","24626855","chr1","205148842","205148953","29","180522096","AAAGAATGACAAAAATTCAGATATGGTGGTATGCACCTATAGTCAGTCACAGCTACTGGGGAGGCTGAGGTGGGAGGCTTTCTTGAGCCCAGGAGGTTGAGTCTAGCAAT","AAAAAGTACAAAGAATTAGCCAGGTGTGGTGGTGCGTGCCTATAGTTCCAGCTACTTGGGAGGCTGAGGTGGGAGGATTGCTTGAGTCCAGGAGTTGGAGGCTGCAGTGAAA"
"GL873521","24781755","24782037","chr5","139301937","139302217","85","114520182","GACCAGGTGTGGTGGCTCACACCTATTAGCCTAGCACTCTTGGCAGCTGAGGCAGGAGGATTCACTCAGAACTTCAAGAGTTAAACCCATGCCTCTACTAAAAATAAGAAAAAAATCAGTCCAGAGTATCATGGTGGGCACTTGCAGTCCCAGCTACTCGCAATGCTGAGGAAGAAGGATAGCTTGAGCCTAGGAGTTTGAGGTTGCTGTAGGCTGGATTTTTGTCATGGCATGCTAGTCTTGGCAACAGAGTGAGACTCTGGGGGAAAAAAAAAAGGAAAAA","GGCTGGGTGCGGTGGCTCACACCTGTAATCCCAGCACTTTGGGAAGCTGAGGCCAGAGGATGGCTTGAGCTCAGGAGTTTGAGTTGAAACCCTGTCTCTACAAAAAATACAAAAATTAGCTGGGTGTGGTGGTGCACACCTGTGGTCCCAGCTACTTGGAAGTGTGGGGTGGGAGGATTGGTTGAGCCCAGGAGGTTGAGGCTGCAGTGAGCCATGATCGTGCCACTGTACTCCCGCCTGGGTGACAGAATGAGACCCTGTCTCAAAAAAAAAAAAAAAAA"
"GL873521","24969692","24969970","chr5","91805199","91805483","78","66835507","GGCTGGATGCAGTGGCTCACACCTATAAACCTAGCACTCTGGAAGGCCACAGTGGGAGAATGGCTCGAGTTCAGGATTTTGAGAGTAGCCTGAGCAAGAGCAAGACCACATCTCTACTAAAAATATAAAAATTAGCAGGAAGTCTTGCTGAATGCATCATCTCAACTGCTCTGGAGGATGAGGCAAGAGGATTGCTTGAACTCAAGAGTTGAGGTTGTGGTGAGCGAGACTGAATCCATAGCACTCTACCCCAGGCAACAGAGCAAGACTTTGTTGAAA","GACTGGGTGCAATGGTTCACATCTGTAATCCCAGCACTTTGGGAGGCCAAGGTGGGAGGATGGCTTGAGCCCAGAAGTTCAAGACCAGCCTGAGCTACATGGCAAAACCCTGTCTCTACAAAAAATGTAAAAATGAGCCAGGCATGGTGGTGCATGCCTATGGTCCCAGCTACTCAGGAGGCTGAGGCAGGAGGATCGCACTAATCTAGGAGATGGAGGCTGCAGTAAGCCGAGATTGAGTCATTGCACTCCAGCCTGGGCGAAAGAGCCAGACTCTGTCTCAAA"
"GL873521","24970004","24970019","chr3","153804291","153804307","1","128834287","AAAACAAAACAAAAAA","CAAAACAAAACAAAAAA"
"GL873521","25391954","25392209","chr7","3491054","3491312","81","21900900","CCTAGTGCAGTGGCTCACACCTGTAATCCTGGAGGCTGAAGCAGATGGATTGCTTTGAGTTCCTGCCTAAATAAAAGTGGGAATCTACTATAGCAAAATTAGCTGGGCGTTATGGTGGGTACTTGTGGTCCCAGCTACTCAGGACGCTGAGGCAGGAGGATTGCTTGAACCAAGGAATTTGAGGTTGTTATGAGCTATGATGATGCCATGGCACTCTACCCAGGCCACAGAGTAAGATTTGGTCTCCAAAAAAAAA","GGCCAGGTGCGGTAGCTCACATCTGCAATCCCAGCACTTTGGGAGGCTGAAGCTAGAGGATCACTTGAGTCTTGTCTCTACAAAAAAAATCAAAAAATTAGCCAGGGCATGGTGGTGCATGCCTGTAGTCCCAGCTACTCGGGAGGCTGAGGCAGGAGGATCACTTGAGCCCAGGAGGTTGAGGCTGCAGTGAGCTGTGACTGTACCACTGCACTCCAACCTGGGCAACAGAGTGAGACCCTGTCTCAAAAAATAATAA"
"GL873521","25453333","25453646","chr22","29946204","29946503","77","4492871","GCCGGGTACAGAGGTGCATTTACCTGTAATCCTAGCACTTTGGGAGGGTAGGGTAGGAGGATGGCTTGGGGCCAGTAGTTCAAGACCAGCCTGAACAATCTAGTGTGACCTCGTCTCCACAAAATATAGAAAAATTAGCCAGGCATGGTGGTGGGCACTTGTATTCTCAGCTTCTCAGGAAGCTGAGGCAGGAGGATCTTTTGAGGCTGGAAGGTTGAGGTTGCATTGTTGAGATTGCACTGAGCTGTGATGACACCACTGCACTCTAGCCCTGGCAACAGAGTGAGATCCTAATTTAAAAAAAAAAAAAAAAA","GCTGGGCGTGGTGGCTCCTTCCTGTAATCCCAGCACTTTGGGAGGCCAAGGCTGGAGGATCACCTGAGTCCAGGAGTTTAAGACCAGCCTGGGCAACATAGGGAGACCCTGTCTCTACAAAAAATAAAAAATTAGCCAGGCATGGTGGTGTGCACCTGTAGTCCCAGCTACTCAGGAGGCTGAGGCAGGAGGATCTCTTGAGCCTGGGAGGTCAGACTACAGTGAGCAATGATTGTGCCACTGCACTCCAGCCTGGGTGACAGAGTAAGACTCTGTCTCTTAAAAAAAAAAAAAAAAAAA"
"GL873521","25473197","25473312","chr11","64318421","64318538","25","38845224","GGGCATGGTAACTCACTCCTATAATCCCAGCAGTTTGAGAGGCCAAGGCTGGAGGATCACTTAAGGCTAGGAGTTCATGACTGGTCAGGGCAACATAGTAAGACTTATTCTCTACA","CCAGGCATGGTGGCTCACACCTATAATCCCAGCACTTTGGAAGGCCAAGGCGGGAGGATCCCTTGAGGCCAGGAGTTTGAGACCAGCCTGGGCAACATAGCAAGACTCCGTCTCCACA"
"GL873521","25473339","25473487","chr1","35894728","35894879","40","10421389","AAGAATTAGCTAGGCATAGTGGTGCGCAGCTGTAGTTCCAAGTACTTGGGAGGTTAAAGACCATGTGAGCGCAGGAGTTCAAGGCTACAGTGAGCTGTGATCATGCCACTGCACTCTGGCCTGGGTGACAGAGTCTGTGTCATAAAAAA","AAAAATTAGCCAGGCATGGTGGCACATGCCTGTGGTCCCAGATACTTGGGAGGCTGAAGTGGGAGGATCACTTGAGCCCAGGAGATCAAGGCTGCAATGAGCCATGATCATGCCACTGCACTCCAGCCTGGGCAACCCTGTCTTTAAAAAAA"
"GL873521","25493130","25493293","chr4","75562087","75562252","41","50068957","CTTAGAGTTGTGGTGGGCTCCTGTACTCCCAGCTACCCAGGAGGTGAGGCTGAGGCAGGTGGATCACTTGAACCCAGGTATGTGAGGTTGCTGAGAGCTAGGATGACACACAGCACTCTAGCCTGGTGACAGAGTGAGTCTATGTCTCTAAATAAATAAATAAA","TTAGCTGGGTGTGGTGGCATGCACCTGTAGTCCCAGCTACTTAGGAGGCTGAGGCAAGAGGATCACTTTAGCCCAGGAGGTGGAGGTTGCAGTGAGCTGAAATCATACCACTGCACTCCAGCCAGGGTGACAGAGTGAGACCTTGTCTCAAAAATAAATAAATAAA"
"GL873521","25493320","25493467","chr9","31337596","31337743","33","5844276","GACTGGGCTTGGTGGCTCATGCCTGTAATCCTAGCATTCTGGGAAGCTGAGGCAGGAGAATCACTTGAGGTCAGGAGTTCAAGACCAGACTGAGCAAGAGTGAGATCTTGCCTCTACTAAAAAAATATATATTTTTAAAAAATAATGC","GCTGGGTGTGGTGGCTCACACCTGTAATCCTAGTGATTCAGGAGGCTGAGGCAGAAGGATCACTTGAGGTCAGGAGTTTGAGAGCAGACTGAGCAACAGAGTGAGACCCCCTCTCTAAGAAAAAAATATTAAAAAAAAAAACAACCGC"
"GL873521","25793453","25793728","chr15","82250472","82250741","88","56457019","CAGGTATGGTGGCTCACACCTGTAATCCCAGCACTTCGGGAGGCCAGGAGGTGGGGGAGAGGCTCTCTTGAAGCCAGGAGTTCCTGACCAGCCAAGCAACAGGCGAAACCTTATCTCTACAAAATATTAAAGAAAAAAGGAAATTAGCCAGGTATAGCAGTAGACATCCATAATTCCAGATACTGTCGTGGCTAGGACAGGAAGATCACCTGTGATTGTGCCACTGCATCCCAACTTGCCAAAAAAGCAAGATGCTGTCTCTATAAAAGAAAACTA","GCCGGGCACGGTGGCTTATGCCTGTAATCCCAGCACTTTGGGAGGCCGAGGCAGGAGAATCGCTTGAGCCCGGGAGTTTGAGACCAGCCTGGGCAACATGGTGAAACCAAGTCTCTACAAAAAAATACAAAAAAATTAGCCAGGTGTCGTGGTGCACGTCTGTAGTCCCAGCCACTCCTGGGAGGTCGAGGCTGCAGTGAGCTGTGATCGTGCCACTGCACTCCAGCCTGGGGAACAGAGTGAGACCCCGTCTCAAAAAATAAAAAAAAA"
"GL873521","25946379","25946540","chr16","48668108","48668267","54","22721729","GTTGAGGCAGGATTTCTTGAGGCTGGGAGTTGGAGACCAGCCTGAAAAACATGTTGATACCATTGCTACAGAAATTAGAAGAGTTAGCTGGGTATAGTGGTGCATCCCTGTAGTTCCAACTACTAGGGATGCTGAGGCAGGAGGGTCACGTAAGCCCAGGAG","GTGGGAGGATTTCTTGATCCCAGGGGTTCAAGACCAACCTGGGCAACATAGTGAGACCCTGTGTATACTGAACAAAAACAATTTTTCAGGCATGGTGGCACACACCTGTAGTCCGAGCTATTCGAGAAGCTGAGATGGGAGGATCCCTTGAGCCCGGGAG"
"GL873521","25955927","25956105","chr3","43378154","43378339","50","17422227","AAAAAATAGAAAAATTAGCCATGTGCAGTGGCATGTGCCTATAGTTCCACCACTGTAGGGGCTGAGGTAGGAGGATCCCTTAAGACCAGGACTTTGAGATTGCTGTGAGTTATGACATCACTGCTGTCTGGTTGGGTGACAAAGGGAGACTTTGCCTCAAAAAAGGGAAGAAAGAAAAA","AAAAATACAAAAATTAGCCGGGCATGTTGGCATGTGCCTGTGGTCCCAGCTACTCCAGAGGCTGAGGTGGGAGGATCACTGGAGCCCGGGAAGTTGAGGCTGCAGTGAGCTGTGATCACACCACTGCACTCCAGCCTGGGTGACAGAGTGAGACCCTGTCTCAAAAAAAAAAAAAAAAAAAAAAAA"
"GL873521","26298260","26298339","chr4","95794331","95794409","18","69496071","GGCTGGGTGCATCAGCTTATGCCTGTAATCCCAGTACTTTAGGAGGTTGAGGTAAGAGGATCACTTAAGAACAGGAATCC","GGCTAGGTGCAGTGGCTTACACCTGTAATCCCAGCACTTTGGGAGGCCGAGGCAGGAGGATCACTTGAGCCCAGGAGTT"
"GL873521","26307582","26307851","chr5","152032216","152032514","85","125724634","GCTGGGCATAGTGGCTCACACCTACACTCTTAGAGGCCAGGGCAGATGAATTATTTGAGCTTGGGAGACCAGACTGAGCATGAGTGAGATCCTGTTCCTACTAAAAATAGAAAAATTAATTGGGTGTTGTGCCTGTAGTCCCAGCTACTTGGAAGGCTGAGGCAAGAGGATCACTTGAGCCCAAAAGACTGAAGTTCTAATGCCAAACATGCTACTCAGAGGGACAGAATGAGACTCTGTCTCAAAAATAAATAAATAAATAAATAAATA","GGCTGGGCACAGTGACTCACACCTATAATCCCAGCACTTTGTGAGGCTGAGGCAGGCAGATTATTTGAGCCCCTGAGGTCAAGACCATCCTGGGCAACATGGCAAAACCTCATCTCTACAAAAAATACAAAAATTAGTTGGGTGTGGTGGCATACGCCTATAGTCCCAGCTCCTCAGGAGGCTGAGGTAGGAGGATGGTTTGAGCCCAGGAGATGGAGGTTGATCATGCCACTGCTCTCCAGACTGGGCAACAGAATGAGACTCTGTCTCACAAAAAATGAAACAGAATAAAATAAAAA"
"GL873521","26951040","26951317","chr17","16672309","16672598","75","10278731","TGGCTTACACCTGTAATCCTAGCACTCTGAGAGGAGTGAGGCAGATTGCTTGAGCTTAGGAGTTTAAGACCAGCCTGAGCAAGAAAGATCCCATTTTTACTAAAATAGAAAACTAGCCAGGGGTGGTGGCCTATGTCTGTAGTCCCAGCTACTCGGTAGGCTAAGGCAAGAGGATTGCTCAAACCCAAGAGTTTGAGATTGCTGTGAGTTCTGGTGCCATGACACTCTATCCAGGGTAACAGAGTGAGACTTTGTCTAAAAAAGAAATAAAATAGGTG","GTGGCTCACACCTGTAATCTCAGCACTTTGGGAGGCTGAGGCGGGAGGATCACTTGAGCCCAGGAGTTTGAGACCAGCCTGAGCAACATAGTAGGCTCCTGTCTCTACAAAAAAATACAAAAATTAGCTGGTACTGGTGGCATGTGCCTGTAGTCCCAGCTACTCAGGAGGCTAAGGCAGGAGAATCGCTTGAGCCCAGGAGGTTGAGGCTGCTATGAGCTGTGATGGCACCACTGCACTCCAGCCTGGGTGACAGAGTGAGACCTGGTCTCAAAAAGAAAAAAAAAAAA"
"GL873521","26951542","26951557","chr3","53948633","53948648","1","26997091","AAAAGAAAGAAAGAAA","GAAAGAAAGAAAGAAA"
"GL873521","27061553","27061681","chr3","122788793","122788920","26","95727240","GGCCACGCACAGTGGCTCATGCCTTTAATCCTAGCTTTCTGTGGAGGCCAAAGCAAATGGATCACTTGAACTCAGGAGTTCAAGACCAGCCTGAGCAAGAGCAAGACCCCATCTCTACTAAAAATAGAA","GGCCAGGCACTGTGGCTCATGCCTGCAATCCCAGCACTTTGGGAGGCCAAGGCAAGAGGATTGTTTGAGCCCAGGAATTCAAGACCAGCCTGGGCAACTCAGGAAGACCCCATCTCTACAAAAAACAA"
"GL873521","27061706","27061860","chr8","96136998","96137163","44","69075292","TAGCTTGGCATTGTGGTAGGCACTGGCAGTCCCAGTTACTTCGGAGGCTAAAACAAGAAGGATTGCTTGAATCCAGTGAGGTTGCTGTGAGCTATAATGTCATGGCACTTCTCCCCAGGGCAACAGAATGAGACTATCTCAAAAAAACAAATAAA","TTTAGCTGGGAAGGTTGGCACGCACCTGCAGTCCCAGCTACTTGGGAGGCTGAGACTGGAGGATTGCTTGAGCCCGAGAGGTCGAGGTGGCAGTGAGCCATAATCACACCACTGTACTCCAGCCTGGGTAACAGAATGAGACTCTGTCTCAAAACAAACAAACAAA"
"GL873521","27073730","27073910","chr1","68095575","68095737","50","41021845","GAGCAGCCTGAGCAGCTAGGGTACTGCTCCCTGCCTCTAGTCCCAGCTACTTGAGGGGCTAAGGCAGGAGGATTGTTTGAGCCCAGGAGCCCAGGAGTTTGAGATTGATGTGAACTAGGCTGATGCCATGGCACTCTAAACTGGGCAACAGAGTAAGACTCTATCTTAAAAAAACAAAAAA","TTAGCCCTGCATGGTGGCACATGCCTGTAGTCCCAGCTATTTGGGAGGCTAAGGCAGGGGGATGGTTGGAGCCCAGGAGGCAGAGGTTGCAGTAAGCTGAGACTGAGCCATTGCACTGCAGCCTGGGTGACAGAGTGAGACTCTGTCTCAAAAAAAAAAAAAA"
"GL873521","27074182","27074275","chr19","50666183","50666279","26","23592001","GCTGGGTACTGTGGCTCAAGCATGTAATCATAGCACTCTTGAGGCCAAAGTTTGGAGGATCCCTGAAGCTCCAGAGTTTAAATGCAGCTTGAGT","GGCTGGGCTCTGTGGCTCATGCCTGTAATCCCAGCACTTTGGGAGGCCGAAGTGGGAGGATCACTTGAGTCCAGCAGTTTGAGAGCAGCCTGGGCAA"
"GL873521","27115551","27115853","chrX","48006439","48006741","74","20890888","GGCCAGGTGTGGTGGCTCCTGTAATCCTATCACTATGGGAGGCCAAGGTGGGTGGATTGCTTGAGCTCAGGAGTTGGAGACTAGCCTAGGCAAGAGTGAGATCCCGTATCTACTAAATAGAAAAACTAACCAGGTTCCAGGTGCCTGTAGTCCCAGATTCTTGGGAGGCTGAGGCAAGAGGATCACTTAAGGTCAGGAGTTTAAGGTTGCTGTGAGCTATGATGTCATAGCACTCTACCCAGGGTGACAGAGTGAGACTCTATCTCAAACAAACAAACAAACAAAACAAAAACAACAAAAAAA","GGCTGGGCTCAGTGGCTCACGCCTGTAATTCCAGCACTTTGGGAGGCCAAGGTGGGCGGACTGCTTGAGCTCAGGAGTTCGAGACCAGCCTGGGAAACATGGCGAAACCCCATCTCTTAAAAAAAAAAAATTATCTGGGTGGCAGGAGCCTGTAGTCCCAGCTACTTGGGAGGCTGAGGTAGGAGGATCACCTGAGCCCGGGAGGTCAAGGCTGCAGTGAGCCATGATCGTGCCACTGCACTCCATCCTGGGTGACAGAGTGAGACCCTGTCTAAAAAAAAAAAGAAAAAAGAAAAAAAGAAA"
