"chr1","150994813","150995102","chr1","129178179","129178473","10","21816634","GCCAGGCACAGTGGCTCACGCCTGTAATCCCAGCACTTTGAGAGGCTGAGGTGGGCGGATCACGAGGTCAGGAGTTCAAGACCACCCTGACCAACATGGTGAAACCCCGTCTCTACTAAAAATACAAAAATTAGCCAGGCATGGTGGCGTGCACCTGTAATCCCAGCTACTCAGGAGGCTGAGGCAGGAGAGTCGCTTGAACCCAGAAGGCAGAGGTTGCAGTGAGCCAAGATCGTGCCACTGCACTCCCACCTGGGTGACAGGGCAAGACTCCATCTTAAAAAAGAAAA","GCCAGGCACAGTGGCTCACGCCTGTAATCCCAGCACTTTGGGGGGCTGAGGTGGGCGGATCACGAGGTCAGGAGTTCAAGACCAGCCTGACCAACATGGTGAAACCCCGTCTCTACTAAAAATACAAAAATTAGCCAGGCATGGTGGCGTGCACCTGTAATCCCAGCTACTCAGGAGGCTGAGGCAGGAGAGTCGCTTGAACCCAGAAGGCAGAGGTTGCAGTGAGCCAAGATCGTGCCACTGCATTCCCACCTGGGCGACAGGGCAAGACTCCATCTTAAAAAAAAAAAGAAAA"
"chr1","105119588","105119883","chr1","106007324","106007624","7","887736","GGCCAGGCGTAGTGGCTCACGCCTGTAATCCCAGCACTTTGGAAGGCCGAGGCGGGCGGATCAGGAGGTCAGGAGTTTGAGATAAGCCTGACCAACATGGTGATACCCTGTCTCTACTGAAAAAACAAAAATTAGCCGGGTGTGGTGGCACACACCTGTAATCCCAGCTACTCAGGAGGCTGAGGCAGAAGAATTTCTTGAACACGGGAGGTGAAGGTTGCAGTGAGCTGAGATGATGCCACTGCACTCCAGCCTAGGAGACAGAGTGAGACTCTGTCTCAAAAAAAAAAAAAAAA","GGCCAGGCGTAGTGGCTCACGCCTGTAATCCCAGCACTTTGGAAGGCCGAGGCGGGCGGATCAGGAGGTCAGGAGTTTGAGATAAGCCTGACCAACATGGTAATACCCTGTCTCTACTGAAAATACAAAAATTAGCCGGGTGTGGTGGCACACACCTGTAATCCCAGCTACTCAGGAGGCTGAGGCAGAAGAATTTCTTGAACACGGGAGGTGAAGGTTGCAGTGAGCTGAGATGATGCCACTGCACTCCAGCCTAGGAGACAGAGTGAGACTCTGTCTCAAAAAAAAAAAAAAAAAAAAA"
"chr1","115212000","115212306","chr1","121541395","121541702","13","6329395","GCCGGGCCTGGTGGCTCACACCTGTAATCCCAGCACTTTGGGAGGCCAAGTTGGGCAGATCATGAGGTCAGGAGCTTGAGACCAGCCTGGCCAACATAGTGAAACCGTGTCTCTACTAAAAATACAAAAATTAGCCGGGTGTGGTGGCGTGCACCTGTAGTCCAGTTACTCAAGACCTTGAGGCAGCAGAGTCGCTTGAACCCGGTAGATGGAGGTTGCAGTGAGCCGAGACTGCACCACTGCACTTCAGCTTGGGCAACAGGGCAAGGCTTCGTTTATAAAAAAAAAAGAAAAGAAAAGAAAAAAA","GCCAGGCTTGGTGGCTCACACCTGTAATCCCAGCACTTTGGGAGGCCAAGTCGGGCAGATCATGAGGTCAGGAGTTCGAGATCAGCCTGGCCAACATAGTGAAACCGTGTCCCTACTAAAAATACAAAAATTAGCCGGATGTGGTGGCGTGCACCTGTAGTCCAGTTACTCAAGACCTTGAGGCAACAGAATCGCTTGAACCCGGGAGATGGAGGTTGCAGTGAGCCGAGACTGCACCACTGCACTTCAGCTTGGGCAACAGGGCAAGGCTTCGTTTATTAAAAAAAAAAAAAAAGAAAAGAAAAAAA"
"chr1","150208272","150208551","chr1","128367187","128367496","34","21841085","GGCCGGGCGCAGTGGCTCACACCTGCAATCCCAGCACTTTGGGAGGCCAAGACGGGCAGTTAGCAAGGTCAGGAGTTTGAGACCAGCCTGACCAACATGGTGAAACCTCATCTGTACTAAAAATACAAAAATTATCCCAGCGTGGTGGTGCATGCCTGTATTCCCAGCTACTCAGGAGGCTGAGGCAGGAGAATTGCTTGAACCCAGGAGGCGGAGGTTGCAGTGAGCTGAGATCACACCACTGCAGTCCAGCCTGGGTGACAGAGCAAGACTCCATCTC","GGCCGGACGCAGTGGCTCACACCTGCAATCCCAGCACTTTGGGAGGCCAAGACGGGCAGATAGCAAGGTCAGGAGTTTGAGACCAGCCTGACCAACATGGTGAAACCTCATCTGTACTAAAAATACAAAAATTATCCCAGCGTGGTGGTGCATGCCTGTATTCCCAGCTACTCAGGAGGCTGAGGCAGGAGAATTGCTTGAACCCAGGAGGAGGAGGTTGCAGTGAGCTGAGATCACACCACTGCAGTCCAGCCTGGGTGACAGAGCGAGACTCCATCTCAATAAATAAATAAATAAATAAATAAATAAA"
"chr1","173801237","173801531","chr1","152281790","152282085","2","21519447","CCAGGCACGGTGGCTCATGCCTATAATCCCAGCACTTTGGGAGGCCGAGGTGGGTGGATCACTAGGTCAGGAGTTTGAGACCAGCCTGGCCAACATGGTGAAACCCCATCTCTACTAAAAATACAAAAATTAGCCAAGTATGGTGGTGGAGCCTGTAATCCCAGCTACTCGGGAGGCTGAGGCAGGAGAATTGCTTGAACCCAGGAGGCGGAGGCTGCAGTAAGCCAAGATCACACCACTGCACACCAGTCTAGGCAACAAAACAAGACTCCATCTCGAAGGAAAAAAAAAAAAA","CCAGGCACGGTGGCTCATGCCTATAATCCCAGCACTTTGGGAGGCCGAGGCGGGTGGATCACTAGGTCAGGAGTTTGAGACCAGCCTGGCCAACATGGTGAAACCCCATCTCTACTAAAAATACAAAAATTAGCCAAGTATGGTGGTGGAGCCTGTAATCCCAGCTACTCGGGAGGCTGAGGCAGGAGAATTGCTTGAACCCAGGAGGCGGAGGCTGCAGTAAGCCAAGATCACACCACTGCACACCAGTCTAGGCAACAAAACAAGACTCCATCTCGAAGGAAAAAAAAAAAAAA"
"chr1","245497746","245498015","chr1","224945172","224945440","15","20552574","AATCTCAGCACTTTGGGAGGCCAAGGCAGGCAGATCACGAGGTCAGGAGTTTGAGACCAGCCTGGCCAACAAGGTGAAACCCTGTCTCTACTAAAGATATAAAAATTAGCTGGGTGTGGTGGCACATGCCTGTAATCCCAGCTACTCAGGAGGCTGAGGCAGGAGAATCACTTGAACCCAGGAGGCGGAGGTTGCAGTGAGCTGAGATCACGCCATTGCACTCCAGCCTGGGCAACAGGGCAAGATTCTGTCTTAAAATAAATAAATAAA","AATCTCAGCACTTTGGGAGGCCAAGGCAGGCAGATCACGAGGTCAGGAGTTCGAGATCAGCCTGGCCAACAAAGTGAAACCCCATCTCTACTAAAGATACAAAAATTAGCTGGGTGTGGTGGCGCGTGCCTGTAATCCCAGCTACTCAGGAGGCTGAGGCAGGGAATCACTTGAACCCGGGAGGCGGAGGTTGCAGTAAGCTGAGATCGTGCCATTGCACTCCAGCCTGGGCAACAGGGCGAGATTCTGTCTCAAAATAAATAAATAAA"
"chr1","129999","130313","chr10","39013361","39013674","11","38883362","GGCTGGGTGTGGTGGCTCAAGCCTGTAATCCCAACACTTTGGGAGGCCGAGGCAGGCAGATTAAGAGGTCAGGAGTTCAAGACCAGCCTGTCCAACATGACAAAGCCCCATCTCTACTAAAAATACAAAAATTAGCCGGGTGTGGTGGCACACACCTGTAGTCCCAGCTACTTGGGAGGCTGAGGCAGGAGAATCGCTTGAACCCAGGAAGCGGAGGTTGGAGTGCAATGTGAGCCGAGACCACACATTACACTCCAGCCTGGGTGACAGAGCATGACTCTGTCTCAAAAAGAAAAAAAAAAGAGACAGAGAAAA","GGTTGGGTGTGGTGGCTCAAGCCTGTAATCCCAACACTTTGGGAGGCCGAGGCAGGCAGATTAAGAGGTCAGGAGTTCAAGACCAGCCTGTCCAACATGACAAAGCCCCATCTCTACTAAAAATATAAAAATTAGCCGGGTGTGGTGGCACACACCTGTAGTCCCAGCTACTTGAGAGGCTGAGGCAGGAGAATCGCTTGAACCCAGGAGGCGGAGGTTGGAGTGCAATGTGAGCCAAGACCACACATTACACTCCAGCCTGGGTGACAGAGCATGACTCTGTCTCAAAAAAAAAAAAAGAAAAGAAAAAAAAA"
"chr1","134066","134374","chr1","273100","273409","5","139034","GGCCAGGCGTGGTGGCTCACGCCTGTAATCCCAGCACTTTGGGAGGGGGAGGCAGGCAGATCACGATGTCAGGAGATCGAAATCAGCCTGGCCAAGATGATGAAGCCCCGTCTGTACTAAAAATACAAAAATTAGCCGGACGTGGTAGCGTCCACCTGTAATCCTAGCTACCCGGAAGGCTGAGGCAGGAGAATGGCGTGAACCCAGCGGGAAGAGGTTGCAGTGAGCCAAGATCGCACCACTGCACTCCAGCCTGGGCGACAGAGCAAGACTCGGTCTCAAAAAAAAAAAAAAAAAAAAAAAAAAAAA","GGCCAGGCGTGGTGGCTCACACCTGTAATCCCAGCACTTTGGGAGGGGGAGGCAGGCAGATCACGATGTCAGGAGATCGAAATCAGCCTGGCCAAGATGATGAAGCCCCGTCTGTACTAAAAATACAAAAATTAGCCGGACGTGGTAGCGTGCACCTGTAATCCTAGCTACTCGGAAGGCTGAGGCAGGAGAATGGCGTGAACCCGGCGGGAAGAGGTTGCAGTGAGCCAAGATCGCACCACTGCACTCCAGCCTGGGCGACAGAGCAAGACTCGGTCTCAAAAAAAAAAAAAAAAAAAAAAAAAAAAAA"
"chr1","401982","402263","chr1","222392913","222393223","36","221990931","GGCAGGGCTCAGTGGCTCATGCCTGTAAGCCCAGCAATTTGGGAGTCTGAGGCAGTCAGATCACAAGGTCAGGAGTTCAAGACCAGCTTGGCCAACATGGTGAAACCCCGTCTCTACTAAAAATACAAAAATTAGCTGGGCATGGGGGCACGTGCCTGTAATCCCAGCTACTCAGGAGGCTGAGGCAGGAGAATTGCTTGAACAGAGACCCGGGAGGCAGAGGTTGCAGTGAGCCAAGATCGCACCACTGCACTCCAGCCTGGGCTACAGAGTGAGACTCTG","GGCAGGGCTCAGTGGCTCACACCTGTAATCCCAGCAATTTGGGAGTCCGAGGCAGTCAGATCACAAGGTCAGGAGTTCAAGACCAGCTTGGCCAACATGGTGAAACCCCGTCTCTACTAAAAATACAAAAATTAGCTGGGCATGGTGGCACGTGCCTGTAATCCCAGCTACTCAGGAGGCTGAGGCAGGAGAATTGCTTGAACAGGGACCCGGGAGGCAGAGGTTGCAGTGAGCCAAGATCGCACCACTGCACTCCAGCCTGGGCCACAGAGTGAGACTCTGTCTCATAAATAAATAATAAATAAATAAAT"
"chr1","485986","486300","chr10","39013361","39013674","11","38527375","GGCTGGGTGTGGTGGCTCAAGCCTGTAATCCCAACACTTTGGGAGGCCGAGGCAGGCAGATTAAGAGGTCAGGAGTTCAAGACCAGCCTGTCCAACATGACAAAGCCCCATCTCTACTAAAAATACAAAAATTAGCCGGGTGTGGTGGCACACACCTGTAGTCCCAGCTACTTAGGAGGCTGAGGCAGGAGAATCGCTTGAACCCAGGAGGCGGAGGTTGGAGTGCAATGTGAGCCGAGACCACACATTACACTCCAGCCTGGGTGACAGAGCATGACTCTGTCTCAAAAAGAAAAAAAAAAGAGACAGAGAAAA","GGTTGGGTGTGGTGGCTCAAGCCTGTAATCCCAACACTTTGGGAGGCCGAGGCAGGCAGATTAAGAGGTCAGGAGTTCAAGACCAGCCTGTCCAACATGACAAAGCCCCATCTCTACTAAAAATATAAAAATTAGCCGGGTGTGGTGGCACACACCTGTAGTCCCAGCTACTTGAGAGGCTGAGGCAGGAGAATCGCTTGAACCCAGGAGGCGGAGGTTGGAGTGCAATGTGAGCCAAGACCACACATTACACTCCAGCCTGGGTGACAGAGCATGACTCTGTCTCAAAAAAAAAAAAAGAAAAGAAAAAAAAA"
"chr1","490053","490357","chr7","130135689","130135993","5","129645636","GGCCAGGCGTGGTGGCTCACGCCTGTAATCCCAGCACTTTGGGAGGGGGAGGCAGGCAGATCACGATGTCAGGAGATCGAAATCAGCCTGGCCAAGATGATGAAGCCCCGTCTGTACTAAAAATACAAAAATTAGCCGGACGTGGTAGCGTCCACCTGTAATCCTAGCTACCCGGAAGGCTGAGGCAGGAGAATGGCGTGAACCCGGCGGGAAGAGGTTGCAGTGAGCCAAGATCGCACCACTGCACTCCAGCCTGGGCGACAGAGCAAGACTCGGTCTCAAAAAAAAAAAAAAAAAAAAAAAAA","GGCCAGGCGTGGTGGCTCACGCCTGTAATCCCAGCACTTTGGGAAGGGGAGGCAGGCAGATCACGATGTCAGGAGATCGAAATCAGCCTGGCCAAGATGATGAAGCCCCGTCTGTACTAAAAATACAAAAATTAGCCGGACGTGGTAGCATGCACCTGTAATCCTAGCTACCCGGAAGGCTGAGGCAGGAGAATGGCGTGAACCCGGCGAGAAGAGGTTGCAGTGAGCCAAGATCGCACCACTGCACTCCAGCCTGGGTGACAGAGCAAGACTCGGTCTCAAAAAAAAAAAAAAAAAAAAAAAAA"
"chr1","637735","638016","chr1","222392913","222393223","37","221755178","GGCAGGGCTCAGTGGCTCATGCCTGTAAGCCCAGCAATTTGGGAGTCTGAGGCAGTCAGATCACAAGGTCAGGAGTTCAAGACCAGCTTGGCCAACATGGCGAAACCCCGTCTCTACTAAAAATACAAAAATTAGCTGGGCATGGGGGCACGTGCCTGTAATCCCAGCTACTCAGGAGGCTGAGGCAGGAGAATTGCTTGAACAGAGACCCGGGAGGCAGAGGTTGCAGTGAGCCAAGATCGCACCACTGCACTCCAGCCTGGGCTACAGAGTGAGACTCTG","GGCAGGGCTCAGTGGCTCACACCTGTAATCCCAGCAATTTGGGAGTCCGAGGCAGTCAGATCACAAGGTCAGGAGTTCAAGACCAGCTTGGCCAACATGGTGAAACCCCGTCTCTACTAAAAATACAAAAATTAGCTGGGCATGGTGGCACGTGCCTGTAATCCCAGCTACTCAGGAGGCTGAGGCAGGAGAATTGCTTGAACAGGGACCCGGGAGGCAGAGGTTGCAGTGAGCCAAGATCGCACCACTGCACTCCAGCCTGGGCCACAGAGTGAGACTCTGTCTCATAAATAAATAATAAATAAATAAAT"
"chr1","720977","721291","chr10","39013361","39013674","11","38292384","GGCTGGGTGTGGTGGCTCAAGCCTGTAATCCCAACACTTTGGGAGGCCGAGGCAGGCAGATTAAGAGGTCAGGAGTTCAAGACCAGCCTGTCCAACATGACAAAGCCCCATCTCTACTAAAAATACAAAAATTAGCCGGGTGTGGTGGCACACACCTGTAGTCCCAGCTACTTAGGAGGCTGAGGCAGGAGAATCGCTTGAACCCAGGAGGCGGAGGTTGGAGTGCAATGTGAGCCGAGACCACACATTACACTCCAGCCTGGGTGACAGAGCATGACTCTGTCTCAAAAAGAAAAAAAAAAGAGACAGAGAAAA","GGTTGGGTGTGGTGGCTCAAGCCTGTAATCCCAACACTTTGGGAGGCCGAGGCAGGCAGATTAAGAGGTCAGGAGTTCAAGACCAGCCTGTCCAACATGACAAAGCCCCATCTCTACTAAAAATATAAAAATTAGCCGGGTGTGGTGGCACACACCTGTAGTCCCAGCTACTTGAGAGGCTGAGGCAGGAGAATCGCTTGAACCCAGGAGGCGGAGGTTGGAGTGCAATGTGAGCCAAGACCACACATTACACTCCAGCCTGGGTGACAGAGCATGACTCTGTCTCAAAAAAAAAAAAAGAAAAGAAAAAAAAA"
"chr1","725052","725360","chr1","273100","273409","4","451952","GGCCAGGCGTGGTGGCTCACGCCTGTAATCCCAGCACTTTGGGAGGGGGAGGCAGGCAGATCACGATGTCAGGAGATCGAAATCAGCCTGGCCAAGATGATGAAGCCCCGTCTGTACTAAAAATACAAAAATTAGCCGGACGTGGTAGCGTCCACCTGTAATCCTAGCTACCCGGAAGGCTGAGGCAGGAGAATGGCGTGAACCCGGCGGGAAGAGGTTGCAGTGAGCCAAGATCGCACCACTGCACTCCAGCCTGGGCGACAGAGCAAGACTCGGTCTCAAAAAAAAAAAAAAAAAAAAAAAAAAAAA","GGCCAGGCGTGGTGGCTCACACCTGTAATCCCAGCACTTTGGGAGGGGGAGGCAGGCAGATCACGATGTCAGGAGATCGAAATCAGCCTGGCCAAGATGATGAAGCCCCGTCTGTACTAAAAATACAAAAATTAGCCGGACGTGGTAGCGTGCACCTGTAATCCTAGCTACTCGGAAGGCTGAGGCAGGAGAATGGCGTGAACCCGGCGGGAAGAGGTTGCAGTGAGCCAAGATCGCACCACTGCACTCCAGCCTGGGCGACAGAGCAAGACTCGGTCTCAAAAAAAAAAAAAAAAAAAAAAAAAAAAAA"
"chr1","757489","757782","chr1","201768438","201768731","11","201010949","GGCTGGGCACATGGCTCACAGCTGTAATCAAGCACTTTGGGAGGCCAAGGCGGGTAGATCACGAGATCAGGAGTTCGAGACCAGCCTGATCAACATGGTGAAACCACGTTTCTACTAAAAATACAAAAATTAACCAGGCATGGTGGCATATGCCTGTAATCCCAGCTACTCAGGAGGCTGAGGCAGGAGAATCGCTTGAACCTGGGAGGCACAGGTTGCAGTGAGCTGAGATCACACCACTGCACTCCAGCCTGGTCGACAGAGCGAGACTGTGTCTCAAAAATGAAAAAAGAA","GGCTGGGTGCATGGCTCACAGCTGTAATCAAGCACTTTGGGAGGCCGAGGCGGGTAGATCACGAGGTCAGGAGTTCGAGACCAGCCTGATCAACATGGTGAAACCACGTTTCTACTAAAAATACAAAAATTAGCCGGGCATGGTGGCATGTGCCTGTAATCCCAGCTACTCAGAAGGCTGAGGCGGGAGAATCGCTTGAACCTGGGAGGCACAGGTTGCAGTGAGCCGAGATCACACCACTGCACTCCAGCCTGGTCGACAGAGCGAGACTGTGTCTCAAAAAAGAAAAAAGAA"
"chr1","770305","770568","chr3","42608615","42608877","58","41838310","GCTGGGTGCAGTGGCTCACTCCTGTAATACCAGCACTTTGCGGGGCTGAGACAGGTGGACTGGCAACGTGGCAAAACCGCATCTCTACTAGAAATACAAAGATTAGCTAGGCATGCTCCACTCCTGTCATCCCAGCTACTCAGGAGACTGAGGCAGGAGAATCACTTGAACTGGGGAGGCAGAGGTCGAAGTGAGCCGAGACTGTGCCCCTGCACTCCAGTCTGGGAGACAGAGTGAAACTGGCCTCAAAAAAAAAAAAAAGAA","GCTGGGTGTGGTGGCTCACACCTGTAATCCCAGCACTTTGGGTTCTAGACCAGCCTGACCAACATGGTGAAACCCCGTCTCTACTAAAAATACTAAAATTAGCTGGGCGTGGTAGTGCACACCTGTAATTCCAGCTACTCAGGAGGCTGAGGCAGGAGAACCGCTTGAACCCGGGAGGCAGAGGTTGCAGTAAGCCGGGATCACGCCATTGCACCCCAGCCTGGGTGACAGAGTGGGACTCCATCTCAAAAAAAAAAAAAAAA"
"chr1","988306","988614","chr1","899722","900014","28","88584","GGCCGGGCGCAGTGACTCAAGCCTGTAATCCCAGCACTTTGGGAGGCTGGGGTGGGTGGATCATGAGGTCAGGAGTTGGAGACCAGCCTGACCAACATGGTGAAACCCTGTTTCTACTAAAAATACAAGAATTAGCTGGGTGTGGTGGCATGCGCCTATAATCTCAGCTACTCAGGAGGCTGAGGCAGGAGAATTCCTTGAATTCGGGAGGTGGAGGTTGCAGTGAGCCGAGATCGCACCATTGCACTCCAGCCTGGGTGACAGAGGGAGACTCCATCTCAAAAAAAAAAAAAAAGAAAGAAAAGAAAA","GGCCGGGCGCAGTGACTCAAGCCTGTAATCCCAGCACTTTGGGAGGCTGGGGTGGGTGGATCACGAGGTCAGGAGTTGGAGACCAGCCTGACCAACATGGTGAAACCCTGTTTCTACTAAAAATACAAGAATTAGCTGGGTGTGGTGGCATGCACCTATAATCTCAGCTACTCAGGAGGCTGAGGCAGGAGAATTCCTTGAATTCGGGAGGTGGAGGTTGCAGTGAGCCGAGATTGTGCCACTGCACTCCGGCCTGGGTGACAGAGACTCTGTCTAAACAAAACAAAACAAAA"
"chr1","1016678","1016971","chr7","159463843","159464136","4","158447165","GGGCACGGTAACTCACGCTTGTGATCCCAGCACTTTGGGCAGCCAAGGGGGGAGTGGATCACAAGGTCAGGAGTTCGGGACCAGCCTGACCAACATGGTGAAACTGCCTCTACTAAAAAATTAGCCGGGTGACACGCACCTGTAATCCCAGCCAGTCAGGAGGCTGAGGCAGGAGAATCGCTTGAACTCAGGAGGTGGAGCTTGCAGTGAGCCGAGATCACACCACTGCACTCCAGCCTGGGCGACAGAGCGAAACTCCATCTCAAAGAAACACAAAACAAAACAAATACAAAA","GGGCACGGTAACTCACGCTTGTGATCCCAGCACTTTGGGAAGCCAAGGGGGGAGTGGATCACAAGGTCAGGAGTTCGGGACCAGCCTGACCAACATGGTGAAACTGCCTCTACTAAAAAATTAGCCGGGTGACACGCACCTGTAATCCCAGCCAGTCAGGAGGCTGAGGCAGGAGAATCGCTTGAACTCGGGAGGCGGAGCTTGCAGTGAGCTGAGATCACACCACTGCACTCCAGCCTGGGCGACAGAGCGAAACTCCATCTCAAAGAAACACAAAACAAAACAAATACAAAA"
"chr1","1060087","1060375","chr7","159506311","159506600","8","158446224","GGCCACACGCGGTGGCTCACACCTGTAATCCCAGCAGCGTGGATCACGAAGTTAGAAGTTGAAGACCATCCTGGCCAACATGGTGAAACTCCGTCTCTACTAAAAATACAAAAATTAGCCAGGCATGGTGGCATACACCTGTAATCCCAGCTACTCCGGAGGCTGAGGCAGGAGAATTGCATAAACCCGGGAGGTGGAGGTTGCAGTGAGCCAAGACCGCGCCAGTGCACTCCAGCCTGGGTGACACAGTGAGACGCCATCTCAAAAACAAAAAACAAAAAACAACAAA","GGCCACACGCGGTGGCTCACACCTGTAATCCCAGCAGCGTGGATCACGAAGTCAGAAGTTGAAGACCAGCCTGGCCAACATGGTGAAACTCCGTCTCTACTAAAAATACAAAAATTAGCCAGGCATGGTGGCATACACCTGTAATCCCAGCTACTCCGGAGGCTGAGGCAGGAGAATTGCATAAACCCGGGAGGTGGAGGTTGCAGTGAGCCAAGACCGCGCCAGTGCACTCCAGCCTGGGTGACACAGTGAGACTCCATCTCAAAAAAAAAAAAAACAAAAAAAAAAAA"
"chr1","1251750","1252032","chr5","161303196","161303486","37","160051446","GGGCGTGGTGGCTCACGCCTGTAATCCCAGCACTTTGGGAGGCTGAGGCAAGCAGATCACGAGGTCAGGAGTTTCAGACCAGCCTGGCCAATATGGTGAAACCCCGTCTCTACTTAAAATTAGCTGGGTGTGGTGGCAGGCACCTGTAATCCCAGCTACTTGGGAGGCTGAGGCAGGAGAATCACTTGAACCCAGGAGGCAGAGGTCACAGTGAGCAGAGATCACGCCACTGTACTCCAGCCTGGGCGACAGAGCAAGACTCCGTCTCAAAAAAAAAAAAAAA","GCCAGGCATAGTGGCTCACGCCTGTAATCCCAACACTTTGGGAGGCCGAGACAGGCGGATCACGAGGTCAGGAGTTTGAGACCGGCCTGGCCAACATGGTGAAAACCCGTCTCTACTAAAAATAAAAAAATTAGCTGGGTGTGGTGGCAGGCACCTGTAATCCCAGCTACTTGGGAGACTGAGGCAGGAGAATCATTTGAACCCAGGAGGCAGAGGTTGCAGTGAGCAGAGATCGCACCATTGCACTCCAGCCTAGGTGACAGGGCAAGACTGTCTCAAAAAAAAAGAAAA"
"chr1","1265652","1265930","chr6","116150402","116150681","40","114884750","CCAGGCACAGTGGCTCATGCCTGTAATCCCAGCACTTTGGGAGGCCGAGGTGGGTGGATCACAAGGTCAGGAGATTGAGACCAGCCTGGCCAACATGGTGGAACCCTGTCTCTACTGAAAATACAGAAATTAGCCCGGTATGGTGGCGCACGCCTGTAATCTCAGCTACTTGCTACTTGGGAGGGTGAGGCAGGAGAATCGCTTGAACCCGGGAAGCGGAGGTTGCAGTGAGCTGAGATCGCACCACTGTACTCCAGCCTGGCGACAGAGTGAGACTCC","CCAGGCAAGGTGGCTCATGCCTGTAATCCCAGCACTTTGGGAGGCCGAGGCGGGCGGATCACGAGGTCAAGAGATTGAGACCAGCATGGCCGACATGGTGAAACCCCGTCTCTACTAAAAATACAAAAATTAGCTGGGCGTGGTAGCGGACGCCTGTAATCCCAGCTACTTGGGAGGCTGAGGCAGGAGAATCACTTGAACCCGGGAGGCGGAGGTTGCAGTGAGCTGAGATCGCTCCACTGCACTCCAGCCTGGGAGACAGAGGGAGACTCTGACTCAA"
"chr1","1363902","1364197","chr12","57026067","57026362","26","55662165","GCCGGGCGTGGTGGCTCATGCCTGTAATCCCAGCACTTTGGGAGGCTGAGGCAGGTGGATCACAAGGTCAGGAGTTTGAGACCAGCCTGACCAACATGGTGAAACCCTGTCTCTACTAAAAATACAAAAATTAGCTGGGTGTGGTGGTGCACACCTGTAATCCCAGCTACTCCAGAGGCCGAGGCAGGAGAACTGCTTGAACCCGGGAGGCGGAGGTTGCAGTGAGTCGAGATTGCGCCACTGCACTCCAGCCTGGGCGACAGAACGAGACTTCATCTCAAAAAAAGAGAAAAAAA","GGCCGGGCGCGGTGGCTCAAGCCTGTAATCCCAGCACTTTGGGAGGCCAAGGCAGGTGGATCACAAGGGCAGGGGTTAGAGACCAGCCTGACCAACATGGTGAAACCCTGTCTCTACTAAAAATACAAAAATTAGCTGGGTGTGGTGGCGGGCGCCTGTAATCCCAGCTACTCAGGAAGCTGAGGTAGGAGAATTGCTTGAACCCGGGAGGCGGAGGTTGCAGTGAGCCGAGATTGCGCCACTGCACTCCAGCCTGGGCGACAGAGCGAGACTCCGTCTCAAAATAAATAAATAAA"
"chr1","1370275","1370571","chr1","1278510","1278809","11","91765","GGCCGGGCGCAGCGGCTCACGCCTGTAATCCCAGCACTGTGGGAGACCGAGGCGGGCAGATCACGAGGTCAGGAGTTCGAGACCAGCCTAACCAACATGGTGAAACTCCATCTCTACTAAAAATACAAACATTAGCTGGGCACAGTGGCACACACTTGTAGTCCAAGCTGCTCAGGAGGCTGAGGCAGGAGAATCGCTTGAGCCTGGGAGGTGGAGACTGCAGTGAGCCGAGATTGCACCACTGCACTTCAGCCTGGCGACAGAGAAAGACTCCATCTCAAAAAAAAAAAAAAAAAA","GGCCGGGCGCGGTGGCTCACGCCTGTAATCCCAGCACTGTGGGAGGCCGAGGCGGGCAGATCACGAGGTCAGGAGTTCGAGACCAGCCTAACCAACATGGTGAAACTCCATTTCTACTAAAAATACAAACATTAGCTGGGCACAGTGGCACACACCTGTAGTCCAAGCTGCTCAGGAGGCTGAGGCAGGAGAATTGCTTGAGCCTGGGAGGTGGAGACTGCAGTGAGCCGAGATTGCACCACTGCACTTCAGCCTGGCGACAGACCAAGACTCCATCTCAAAAAAAAAAAAAAAAAAAAA"
"chr1","1488479","1488768","chr1","1405349","1405639","6","83130","GGCCTGGCACAGTGGCTCACGTGTGTAATCCCAGCACTTTGGGAGGCCAAGGCAGGTGGATGACGAGGTCAGGAGTTCAAGACCAGCTTGGTCAATATGGTGAAACCCCGTCTATAGTAAAAATACAAAAATTAGCCGGGCGTCGTGGGGCACGCATGTAATCCCAGCTGCTCAGGATGCTGATGCAGGAGAATCGCTTGAACCCAGGAGGCAGAGGTTGCAGTGAGCTGAGATCGTGCCACTGCACTCCAGACTGAGAGACAGAACAAGACTTCGTCTCAAAAAAAAAA","GGCCTGGCACAGTGGCTCACGCATGTAATCTCAGCACTTTGGGAGGCCAAGGCAGGTGGATGACGAGGTCAGGAGTTCAAGACCAGCTTGGTCAATATGGTGAAACCCCGTCTATAGTAAAAATACAAAAATTAGCCGGGCGTCGTGGGGCACGCATGTAATCCCAGCTGCTCGGGATGCTGATGCAGGAGAATCGCTTGAACCCAGGAGGCAGAGGTCGCAGTGAGCTGAGATCGTGCCACTGCACTCCAGACTGAGAGACAGAACAAGACTTCGTCTCAAAAAAAAAAA"
"chr1","1499300","1499531","chr1","1416445","1416679","8","82855","GGCTGGGCACGGTGGCTCACGCCTGTAATCCCAGCACTTTGGGAGGCCGAGTGCGGATCATGAGGTCAGGAGTTTAAGACCATCCTGGCTAACATGGTATAACCCCCTCTCTACTAAAAATACAAAAAGTAGCTGGGCGTGGTGGCACGTGCCTGTAATCCCAGCTACTTGGGAGGCTGAGGCAGAAGAATCACTTGAACCCAAGAGGCAGAAGTTACAGTAAGCCGAGACC","GGCTGGGCGCGGTGGCTCACGCCTGTAATCCCAGCACTTTGGGAGGCCGAGGAGTCCGGATCATGAGGTCAGGAGTTCAAGACCATCCTGGCCAACATGGTATAACCCCCTCTCTACTAAAAATACAAAAAGTAGCTGGGCGTGGTGGCACGTGCCTGTAATCCCAGCTACTTGGGAGGCTGAGGCAGAAGAATCCCTTGAACCCAAGAGGCAGAAGTTACAGTAAGCCGAGACC"
"chr1","1561085","1561381","chr1","1477474","1477759","13","83611","GGCCGGCGCGGTGACTCAGGCCTGTAATCCCAGCACTTTGGGAGGCCGAGGTGGGTGGATCATGAGGTCAGAAGTTAGAGACCAGCCTGGCCAACATAGTGAAACCCCATTTCTACTAAAAATACAAAAATTAGCCGGGCATGGTGGTGCACGCCTGTAGTCCCAGCTACTTGGGAGGCTGAGGCAGGAGAGTTGCTTGAACCTGGGAGGCAGAGCCTGCAGTGAGCCGAGATCGCGCTACGGCACTCCAGCCTGGGTGACAGAGTGAGACTCTGTCTCAAAAAAATAAAAAAGGAA","GGCCGGCGCGGTGACTCAGGCCTGTAATCCCAGCACTTTGGGAGGCCGAGGTGGGTGGATCATGAGGTCAGAAGTTAGAGACCAGCCTGGCCAACATAGTGAAACCCCATTTCTACTAAAAATACAAAAATTAGCCGGGCATGGTGGTGCACGCCTGTAGTCCCAGCTACTTGGGAGGCTGAGGCAGGAGAATTGCTTGAACCTGGGAGGCAGAGCCTGCAGTGAGCCGAGATCGCGCTACGGCAGTCCAGCCTGGGTGACAGAGTGAGACTCTGTCTCAAAAAAA"
"chr1","1611568","1611872","chr1","1526887","1527190","11","84681","CCGGGCGTGGTGGCTCACGCCTGTAATCCCAGCAGTTTGGGAGGCCGAGGCGGGCGGATCAGGAGGTCAGGAGTTCGAGACCAGCCTGAGGAACGTGGTGAAACCCCGTCTCTTACTAAAAACACAAAAATTACCTGGGCGTGGTGGCACACGCCTATAATCCCAGCTACTCAGGAGGCTGAGGCAGGAGAATCACTTGAATCCGGGACGCAGAGGCTGCAGTGAGCCAAGATTGCGCTGTTGCACTCCAGTCTGGGCAGCGAGAGCAAAACTCTGTCTCCAAAAAAAAAAAAAAAAAAAAAGAA","CCGGGCGCGGTGGCTCACGCCTGTAATCCCAGCAGTTTGGGAGGCCGAGGCGGGCGGATCAGGAGGTCAGGAGTTCGAGACCAGCCTGAGGAACGTGGTGAAACCCCGTCTCTTACTAAAAACACAAAAATTAGCTGGGCATGGTGGCACACGCCTATAATCCCAGCTACTCAGGAGGCTGAGGCAGGAGAATCACTTGAATCCAGGAGGCAGAGGCTGCAGTGAGCCAAGATTGCGCTATTGCACTCCAGTCTGGGCAACGAGAGCAAAACTCTGTCTCCAAAAAAAAAAAATAAGGAAAGAA"
"chr1","1614735","1615044","chr1","1530365","1530674","6","84370","GGCCGGGCGCGGTGGCTCACGCCTATAATCCCAGCACGTTGGGAGCCCTAGGAGGGCAGATCACGAGGTCAGGAGTTCGAAATCAGCCTGGCCAAAATGGTGAAACCCCGTCTTGACTAAAAATGCAAAAATTAGCTGTGCGTGGTAGCGCATGCCTGTAGTCCCAGCTGCTCGGGAGGCTGAAGCAAGAGAATAGTTTAAGCCCTGGAGGCGGAGGTTGCAATGAGCCGAGATCGCGCCATTGCACTCCAGCCTGGGCGACAGGGCGAGGCTCCGTCTCCAAAAAAAAAAAAAGAAAGAAAGAAAGAAA","GGCCGGGCGCGGTGGCTCACGCCTATAATCCCAGCACGTTGGGAGCCCTAGGAGGGTAGATCACGAGGTCAGGAGTTCGAAATCAGCCTGGCCAAAATGGTGAAACCCCGTCTTGACTAAAAATGCAAAAATTAGCTGTGCGTGGTGGCGCATGCCTGTAGTCCCAGCTGCTCGGGAGGCTGAAGCAAGAGAATAGTTTAAGCCCTGGAGGCGGAGGTTGCAATGAGCCGAGATCGCGCCATTGCACTCCAGCCTGGGCGACAAGGCGAGGCTCCGTCTCCAAAAAAAAAAAAAAAAAAAAAAAAAGAAA"
"chr1","1638931","1639240","chr1","1555946","1556250","13","82985","GACCGGGCACAGTGGCTCACACCTGTAATCCCAGCACTTTTGGAGGCCGAGGCGGTGGGCGGATCAGAGGTCAGGAGTTCGAGACCAGCCTGGCCAATATGGTGAAATCCTGTCTCTACTAAAAATACAAAAATTAGCCTGGCGTGGTGGTGCGTACCTATACTCCCAGCTACTAGGGAGGCTGAGGCAGGAGAATCGCCTGAACCCAGGAGGTGGAGGTTGCAGTGAGCCGAGATCTCACCATTGCACTCCAGCCTGGGTGACAGAGCGAGACTCCGTCTCAAAAAAAAAAAAAAAAAAAAATAGAAAA","GGCCGGGCACAGTGGCTCACGCCTGTAATCCCAGCACTTTTGGAGGCCAAGGTGGTGGGCGGATCAGAGGTCAGGAGTTCGAGACCAGCCTGGCCAATATGGTGAAATCCTGTCTCTACTAAAAATACAAAAATTAGCCTGGCGTGGTGGTGCGTACCTATACTCCCAGCTACTAGGGAGGCTGAGGCAGGAGAATCGCCTGAACCCAGGAGGTGGAGGTTGCAGTGAGCCAAGATCTCACCATTGCACTCCAGCCTGGGTGACAGAGCAAGACTCCGTCTCCAGAAAAAAAAAAAAAAAGAAAA"
"chr1","1645364","1645676","chr1","1563418","1563708","36","81946","GCTGGGCACGGTGGCTCGGGCCTGTAAACCCAGCACTTTGAAAAGCGGAGGCAGGCGGATCACGAGGTCAGGAGATTGAGACCATCCTGGCTAACATGGTGAAACCCTCGTCTCTACTAAAAATACAAAAATTAGCTGGGAGTACAGGGCGCACGCCTGTAATCCCAGCTACTCGGGAGGCTGAGGCAGGAGAATCGCTCGAACCCGGGAGGCGGAGGTTGCAGTGAGCCGAGATCGCGCCACCGCACTCCAGCCTGGGGGACAGATGAAGACTCCGTCTCAAAGAAAATAAAATAAAAAAATGAAAAAAAAA","GCTGGGCACGGTGGCTCGGGCCTGTAAACCCAGCACTTTGAAAAGCCGAGGCAGGCGGATCACGAGGTCCGGAGATTGAGACCATCCTGGCTAACATGGTGAAACCCTCGTCTCTACTAAAAATACAAAAATTAGCTGGGAGTACAGGGCGCACGCCTGTAATCCCAGCTACTCGGGACGCTGAGGCAGGAGAATCGCTCGAACCCAAAAAGGCGGAGGTTGCAGTGAGCCGAGATCGCGCCCCCACACTCCAGCCTGGGAGAAAAATAAAGACTCCGTCTCAAAAAATAA"
"chr1","1653027","1653321","chr1","1569287","1569580","9","83740","GCTGGGTGCGGTGGCTCACACCTGTAATCCCAGCACTTTGGGAGGCCGAGGTGGGTGGATCATGATGTCACAAGTTTGAGACCAGCCTGACCAATATGGTGAAACCCCGTCTCTACTAAAAATAAAAAAATTAGCCGGGTGTGGTGGCGCATGCCTGTAATCCCAGCTACTCCTTAGGCAGAGGCAGGAGAATTGCTTGAACCTGGGACTGGAAGGGGAGGTTGCAATGAGCCGAGATCGTACCACTGCATTCCAGCCTGGGCAACAGAGCGAGACTCCGTCTCAAAAAAATAAA","GCCGGGTGCAGTGGCTCACACCTGTAACCCCAGCACTTTGGGAGGCCGAGGTGGGTGGATCATGATGTCACAAGTTTGAGACCAGCCTGACCAATATGGTGAAACCCCGTCTCTACTAAAAATAAAAAATTAGCCGGGTGTGGTGGTGCATGCCTGTAATCACAGCTACTCCTGAGGCAGAGGCAGGAGAATTGCTTGAACCTGGGACGGGAAGGGGAGGTTGCAATGAGCCGAGATTGTACCACTGCATTCCAGCCTGGGCAACAGAGCGAGACTCCGTCTCAAAAAAATAAA"
"chr1","1663480","1663768","chr1","1579863","1580151","6","83617","GACTGGGTGCGGTGGCTCACGCCTCTAATCGCAGCACTTTGGGAGGCAGCAGCTGGCGGATCACAAGGCCAGGAGTTCGAGACCAGCCTGGCCAACATGATGAAACCCTGTCTCTACCAAAAATACAAAAATTAGCTGGGTGCGATGGTGGGTGCCTGTAATCCCAGATACTCAGGAGGCTGAGGCAGGAGAATTGTTTGAACCCCGGAGATGGAGGTTGCAGTGAGCCAAGATCGTGCCATTGCACTCCAGCCTGGGCAACAGGGCAAGATTCCGTCTCAAAAACAAA","GACTGGGTGCGGTGGCTCACGCCTCTAATCGCAGCACTTTGGGAGGCAGCAGCTGGCGGATCACAAGGCCAGGAGTTCGAGACCAGCCTGGCCAACATGATGAAACCCTGTATCTACCAAAAATACAAAAATTAGCTGGGTGCGATGGTGGGTGCCTGTAATCCCAGTTACTCAGGAGGCTGAGGCAGGAGAATTGTTCGAACCCCGGAGGTGGAGGTTGCAGTGAGCCAAGATGGTGCCATTGCACTCCAGCCTAGGCAACAGGGCAAGATTCCGTCTCAAAAACAAA"
"chr1","1673388","1673679","chr1","1589976","1590267","4","83412","GGGCAGGTGCAGCAGCTCACGCCTGGAATCCCAGCACTGTGGGAGGCTGAGGCGGGCAGATCACGAGGTCAGGAGCTCAAGACCAGCATGGCCAACATGGTGAAACCCCATCTCTACTAAAAATACAAAAATTAGCTGGGTGTGGGGCCACATGCCTGTAATCCCAGCTACTCAGAGGAGGCCGAAGCAGGAGAATCACTTGAACCCGGGAGGCAGAGGCTGCAGTGAGCCAAGATTGCGCCACTGCACTCCAGCCTGGGCAACAAAGCGAGACTCCATCTCAAAAAAAAGA","GGGCAGGTGCAGCAGCTCACGCCTGGAATCCCAGCACTGTGGGAGGCTGAGGCGGGCAGATCACGAGGTCAGGAGCTCAAGACCAGCGTGGCCAACATGGTGAAACCCCATCTCTACTAAAAATACAAAAATTAGCTGGGTGTGATGCCACATGCCTGTAATCCCAGCTACTCAGAGGAGGCCGAAGCAGGAGAATCGCTTGAACCCGGGAGGCAGAGGCTGCAGTGAGCCAAGATTGCGCCACTGCACTCCAGCCTGGGCAACAAAGCGAGACTCCATCTCAAAAAAAAGA"
"chr1","1693694","1693995","chr1","1611929","1612231","9","81765","GGCCGGGCCCGGTGGCTCACGCCTGTAATCTCAACACTTTGGGAGGCCGAGGCCGGCGCATCACGAGGTCAGGAGCTTGAGACCAGCCTGGTATGGCCAACGTGGTAAAACGTCGTCTCTACTAAAAATACAAAAATTGGCCGGGCGTGGTGGCGGGCGCCTGTAATCCCAGCTACTCCGGAGGCTGAGGAAGGAGGATCACCTGAACCCGGGAGGCGGAGGTTGCAGTGAGCCGAGATGGCGCCACTGCACTCCAGCCTGGCGACAGAGCGAGACTCCCTGTCAAAAGAAAAAAGAAAAGA","GGCCGGGCACGTTGGCTCACGCCTGTAATCTCAACACTTTGGGAGGCCGAGGCCGGCGCATCACGAGGTCAGGAGCTTGAGAGCAGCCTGGTATGGCCAACGTGGTAAAACGTCGTCTCTACTAAAAATACAAAAATTGGCCGGGCGTGGTGGTGGGCGCCTGTAATCCCAGCTAGTCCGGAGGCTGAGGAAGGAGGATCACCTGAACCCGGGAGGCGGAGGTTGCAGTGAGCCGAGATGGCGCCACCGCACTCCATCCTGGGCGACAGAGCGAGACTCCCTATCAAAAGAAAAAAGAAAAGA"
"chr1","1695269","1695561","chr1","1613498","1613790","11","81771","GGCCGGGCGTGGGGTAGCTCACGCCTGTAATCCCAGCACTTTGGGAGGCTGAAGCGGGCAGATCACAAGGTCAGGAGATGGAGAACATCTTGGCCAACATGGTGAAACCCTGTCTCTACTAAAAATATAAAAATTAGCTGGGCGTGAGGGCACACATCTGTAATCCCAGCTACTCAGGAGGCTGAGGCAGGAGAATCACTTGAACCCGGGAGGCGGAGGTTGCAGTGAGCTGAGATCGTGCCACTGCACTCCAACCTGGGCGATGAGAGCGAAATTCCATCTCAAAAAAAAAA","GGCCGGGCGTGGGGTAGCTCACGCCTGTAATCCCAGCACTTTGGGAGGCTGAAGCGGGCAGATCACAAGGTCAGGAGATGGAGAACATGTTGGCCAACACGGCGAAACCCTGTCTCTACTAAAAATATAAAAATTAGCTGGGCGTGATGACGCCCATCTGTAATCCCAGCTACTCAGGAGGCTGAGGCAGGAGAATCACTTGAACCCAGGAGGCAGAGGTTGCAGTGAGCTGAGATCGTGCCACTGCACTCCAACCTGGGCGATGAGAGCAAAACTCCATCTCAAAAAAAAAA"
"chr1","1706073","1706372","chr1","1555946","1556250","13","150127","GGCCAGGCACAGTGGCTCACGCCTGTAATCCCAGCACTTTGGGAGGCCGAGGCGGTGGGCGGATCAGAGGTCAGGAGTTCGAGACCAGCCTGGCCAATATGGTGAAATCCTGTCTCTACTAAAAATACAAAAATTAGCCTGGCGTGGTGGTGCGTACCTATACTCCCAGCTACTAGGGAGGCTGAGGCAGGAGAATCGCCTGAACCCAGGAGGTGGAGGTTGCAGTGAGCCGAGATCTCACCATTGCACTCCAGCCTGGGTGACAGAGCGAGACTCCATCTCAAAAAGAAAAAAAGAAAA","GGCCGGGCACAGTGGCTCACGCCTGTAATCCCAGCACTTTTGGAGGCCAAGGTGGTGGGCGGATCAGAGGTCAGGAGTTCGAGACCAGCCTGGCCAATATGGTGAAATCCTGTCTCTACTAAAAATACAAAAATTAGCCTGGCGTGGTGGTGCGTACCTATACTCCCAGCTACTAGGGAGGCTGAGGCAGGAGAATCGCCTGAACCCAGGAGGTGGAGGTTGCAGTGAGCCAAGATCTCACCATTGCACTCCAGCCTGGGTGACAGAGCAAGACTCCGTCTCCAGAAAAAAAAAAAAAAAGAAAA"
"chr1","1712502","1712814","chr1","1563418","1563708","36","149084","GCTGGGCACGGTGGCTCGGGCCTGTAAACCCAGCACTTTGAAAAGCGGAGGCAGGCGGATCACGAGGTCAGGAGATTGAGACCATCCTGGCTAACATGGTGAAACCCTCGTCTCTACTAAAAATACAAAAATTAGCTGGGAGTACAGGGCGCACGCCTGTAATCCCAGCTACTCGGGAGGCTGAGGCAGGAGAATCGCTCGAACCCGGGAGGCGGAGGTTGCAGTGAGCCGAGATCGCGCCACCGCACTCCAGCCTGGGGGACAGATGAAGACTCCGTCTCAAAGAAAATAAAATAAAAAAATGAAAAAAAAA","GCTGGGCACGGTGGCTCGGGCCTGTAAACCCAGCACTTTGAAAAGCCGAGGCAGGCGGATCACGAGGTCCGGAGATTGAGACCATCCTGGCTAACATGGTGAAACCCTCGTCTCTACTAAAAATACAAAAATTAGCTGGGAGTACAGGGCGCACGCCTGTAATCCCAGCTACTCGGGACGCTGAGGCAGGAGAATCGCTCGAACCCAAAAAGGCGGAGGTTGCAGTGAGCCGAGATCGCGCCCCCACACTCCAGCCTGGGAGAAAAATAAAGACTCCGTCTCAAAAAATAA"
"chr1","1720401","1720694","chr1","1569287","1569580","35","151114","CCGGGTGCGATGGCTCATGCCTGTAATCCCAGCACTTTGGGAGGCTGAGGCGGGTGGATCATGAGGTCATGAGTTTCAGATCAGCCTGACCAATATGGTGAAACCCCGTCTCTACTAAAAATATAAAAATTAGCTGGGTGTGGTAGCGCACGCCTGTACTCCCAGCTACTCCGGAGGCTGAGGCAGGAGAATTGCTCGAACCTGGGACAGGAGGCAGAGGTTGCAGTGAGCCAAGATTGCGCCGCTGGACTCCAGCCTGGGCAACAGAGCGAGACTCCATCTCAAAAAAATAAA","GCCGGGTGCAGTGGCTCACACCTGTAACCCCAGCACTTTGGGAGGCCGAGGTGGGTGGATCATGATGTCACAAGTTTGAGACCAGCCTGACCAATATGGTGAAACCCCGTCTCTACTAAAAATAAAAAATTAGCCGGGTGTGGTGGTGCATGCCTGTAATCACAGCTACTCCTGAGGCAGAGGCAGGAGAATTGCTTGAACCTGGGACGGGAAGGGGAGGTTGCAATGAGCCGAGATTGTACCACTGCATTCCAGCCTGGGCAACAGAGCGAGACTCCGTCTCAAAAAAATAAA"
"chr1","1729390","1729678","chr1","1579863","1580151","16","149527","GACCGGCTGCGGTAGCTCAGGCCTCTAATCCCAGCACTTTGGGAGGCTGCAGATGGCGGATCACAAGGCCAGGAGTTCGAGACCAGCCTGGCCAACATGATGAAACCCTGTCTCTACCAAAAATACAAAAATTAGCTGGGTGTGATGGTGGGTGCCTGTAATCTCAGCTACTCAGGAGGCTGAGGCAGGAGAATTGTTTGAACCCCAGAGGCGGAGGTTGCAGTGAGCCAAGATCGTGCCATTGCACTCCAGCCTGGGCAACAGGGCAAGATTCCGTCTCAAAAACAAA","GACTGGGTGCGGTGGCTCACGCCTCTAATCGCAGCACTTTGGGAGGCAGCAGCTGGCGGATCACAAGGCCAGGAGTTCGAGACCAGCCTGGCCAACATGATGAAACCCTGTATCTACCAAAAATACAAAAATTAGCTGGGTGCGATGGTGGGTGCCTGTAATCCCAGTTACTCAGGAGGCTGAGGCAGGAGAATTGTTCGAACCCCGGAGGTGGAGGTTGCAGTGAGCCAAGATGGTGCCATTGCACTCCAGCCTAGGCAACAGGGCAAGATTCCGTCTCAAAAACAAA"
"chr1","1735924","1736214","chr1","1589976","1590267","11","145948","GGGCAGGTACAGCAGCTCACGCCTGGAATCCCAGCACTGTGGGGAGCTGAGGCGGGAAGATCACGAGGTCAGGAGCTCAAGACCAGCGTGGCCAACATGGTGAAACCCCGTCTCTACTAAAAATACAAAAATTAGCTGGGTGTGGTGGCACGTGCCTGTAATCCCAGCTACTCAGGGGGCCGAAGCAGGAGAATCGCTTGAACCCGGGAGGCAGAGGCTGCAGTGAGCCAAGATTGCGCCACTGCACTCCAGCCTGGGCAACAAAGCGAGACTCCATCTCAAAAAAAAAGA","GGGCAGGTGCAGCAGCTCACGCCTGGAATCCCAGCACTGTGGGAGGCTGAGGCGGGCAGATCACGAGGTCAGGAGCTCAAGACCAGCGTGGCCAACATGGTGAAACCCCATCTCTACTAAAAATACAAAAATTAGCTGGGTGTGATGCCACATGCCTGTAATCCCAGCTACTCAGAGGAGGCCGAAGCAGGAGAATCGCTTGAACCCGGGAGGCAGAGGCTGCAGTGAGCCAAGATTGCGCCACTGCACTCCAGCCTGGGCAACAAAGCGAGACTCCATCTCAAAAAAAAGA"
"chr1","1746960","1747269","chr1","1611929","1612231","21","135031","GGCCGGGCCCGGTGGCTCACGCCTGTAATCTCAACACTTTGGGAGGCCGAGGCCGGCGCATCACGAGGTCAGGAGCTTGAGACCAGCCTGGTATGGCCAACGTGGTAAAACGTCGTCTCTACTAAAAATACAAAAATTGGCCGGGCGTGGTGGCGGGCGCCTGTAATCCCAGCTACTCCGGAGGCTGAGGAAGGAGGATCACCTGAACCCGGGAGGCGGAGGTTGCAGTGAGCCGAGATGGCGCCACTGCACTCCAGCCTGGCGACAGAGTGAGACTCCGTCAAAAAAAAAAAAAAAGGAAGAAAGAAAA","GGCCGGGCACGTTGGCTCACGCCTGTAATCTCAACACTTTGGGAGGCCGAGGCCGGCGCATCACGAGGTCAGGAGCTTGAGAGCAGCCTGGTATGGCCAACGTGGTAAAACGTCGTCTCTACTAAAAATACAAAAATTGGCCGGGCGTGGTGGTGGGCGCCTGTAATCCCAGCTAGTCCGGAGGCTGAGGAAGGAGGATCACCTGAACCCGGGAGGCGGAGGTTGCAGTGAGCCGAGATGGCGCCACCGCACTCCATCCTGGGCGACAGAGCGAGACTCCCTATCAAAAGAAAAAAGAAAAGA"
"chr1","1747498","1747792","chr1","1613498","1613790","14","134000","GGCCGGGCGTGGGGTAGCTCACGCCTGTAATCCCAGCACTTTGGGAGGCTGAAGCGGGCAGATCACAAGGTCAGGAGATGGAGAACATCTTGGCCAATATGGTGAAACCCTGTCTCTACTAAAAATATAAAAATTAGCTGGGCGTGAGGGCACACATCTGTAATCCCAGCTACTCAGGAGGCTGAGGCAGGAGAATCACTTGAACCCGGGAGGCGGAGGTTGCAGTGAGCTGAGATCGTGCCACTGCACTCCAACCTGGGCGATGAGAGCGAAATTCCATCTCAAAAAAAAACAA","GGCCGGGCGTGGGGTAGCTCACGCCTGTAATCCCAGCACTTTGGGAGGCTGAAGCGGGCAGATCACAAGGTCAGGAGATGGAGAACATGTTGGCCAACACGGCGAAACCCTGTCTCTACTAAAAATATAAAAATTAGCTGGGCGTGATGACGCCCATCTGTAATCCCAGCTACTCAGGAGGCTGAGGCAGGAGAATCACTTGAACCCAGGAGGCAGAGGTTGCAGTGAGCTGAGATCGTGCCACTGCACTCCAACCTGGGCGATGAGAGCAAAACTCCATCTCAAAAAAAAAA"
"chr1","1776502","1776796","chr1","1636614","1636904","12","139888","GTGGTGGCTCACACCTGTAATCCCAGCACTTTGGGAGGCCAAGGTGGGCTGATCACGAGGTCAGGAGTTCGAGACAAGCCTGGCCAACACAGTGAAACCCGTCTCTACTAAAAATACAAAAATTAGCTGAGCGTGGTGGTGGGCGCCTGTAATCCCAGCTACTCAGGAGGCTGAGGCAGGAAAATCACTTGAACCCGGGAGGTGGAGGTTGCAGTGAGCCGAGATTGTGCCACTGCACTCCAGCCTGGGCAACAGAGCTAGACTCTGTCTTAAAAAAAAAAAAAAAAAAAAAAGA","CGTGGTGGCTCACACCTGTAATCCCAGCACTTCGGGAGGCCGAGGCGGGCTGATCACGAGGTCAGGAGTTCGAGACAAGCCTGGCCAACACGGTGAAACCCCGTCTCTACTAAAAATACAAAAATTAGCTGAGCGTGGTGGTGGGCGCCTGTAATCCCAGCTACTCAGGAGGCTGAGGCAGGAAAATCACTTGAACCCGGGAGGTGGAGGTTGCAGTGAGCCGAGATTGTGCCACTGCACTCCAGCCTGGGCAACAGAGCTAGACTCTGTCTTAAAAAAAAAAAAAAAAGA"
"chr1","1850988","1851128","chr9","70677912","70678052","9","68826924","GGCCAGGCGCGGTGGCTTACGCCTGTAATCCCAGCACTTTGGGAGGCCAAGGCGGGCGGATCACAAGGTCAGGAGTTTGAGACCAGCCTGACCAAGATGGTGAAACCCCGTCTCTACTAAAAATACAAAAATTAGCAAGGC","GGCCAGGCGCGATGGCTCAAGCCTGTAATCTCAGCACTTTGGGAGGCCAAGGCGGGTGGATCACAAGGTCAGGAGTTCGAGACCAGCCTGACCAACATGGTGAAACCCCATCTCTACTAAAAATACAAAAATTAGCCAGGC"
"chr1","1851432","1851558","chr11","73438333","73438445","45","71586901","TTAGCAGGGCATGGTGGCACACACCTGTAATCCCAGCTACTCAGGAGGCTGAGGCAGGAGAATCGCTTGAACCTGGGATACCACTGCACTCCAGCCTGGGCGACACAGCAAGACTGTGTCTCAAAAA","GGCCGGGCGCGGTGGCTCACGCCTGTAATCCCAGCATTTTGAGAGGCCGAGGTAGGCGGATCACGAGGTCAGGAGTTCAAGATCAGCCTGGGCAACATAGCAAAGCCATGTCT"
"chr1","1882641","1882933","chr1","1749869","1750168","7","132772","GGCAGGGCGTGGTGGCTCACGCCTGTAATCCCAGCACTTTGGGAGGCCGAGGCAGGCAGATCACGAGGTCAGGAGTTTGAGACCAGACTGGCCAATATGGTGAAACCCTGTCTCTACTAAAAATACAAAAATCAGCTGGGCATGGTGGCAGGTGCCTGTAACCCCAGCTACTCTGGAGGCTGAGGCAGGAGAATTGTTTGAACCCAGGAGGTGGAGGTTGCAGTGAGCCGAGATCATGTCACTGCACTCCAGCCTGGGTGACAGGGCAAGACTCCGTCTCAAAAAAAAAAAAA","GGCAGGGCGTGGTGGCTCACGCCTGTAATCCCAGCACTTTGGGAGGCCGAGGCAGGCAGATCACGAGGTCAGGAGTTTGAGACCAGACTGGCCAATATGGTGAAACCCTGTCTCTACTAAAAATACAAAAATCAGCTGGGCATGGTGGCAGGTGCCTGTAACCCCAGCTACTCTGGAGGCTGAGGCAGGAGAATTGTTTGAACCCAGGAGGTGGAGGTTGCAGTGAGCCGAGATCATGTCACTGCACTCCAGCCTGGGTGACAGGGCAAGACTCCGTCTCAAAAAAAAAAAGAACATAAA"
"chr1","1896397","1896690","chr9","75077756","75078048","28","73181359","GGCTGGGTGCTGTGGCTAACACCTGTAATCCTAGCACTCTGGGAGGCCGAGGTGTGCAGATCATGAGGTCAGGAGTTTGAGACCAGCCTGGCCAACACGGTGAAACCCCGTCTCTACTAAAAATACAAAAATTAGCCAGGCATGGTGGTGCGCCCCTGTAGTCCCAGCTCCTCAGGAGGCTGAGGCAGGAGAATTGCTTGAACTCGGGAGGCAGAGGTTGCAGTGAGCCGAGATCGTGCCACTGCACTCCAGCCTGGGCAACGGAGTGAGACTCTGTCTCAAAAAAAAAAAAAA","GGCCTGGAGTGGTGGCTCACGCCTGTAATCCCAGCACTTTGGGAGGCCGAGGTGGGTGGATCACGAGGTCAGGAGTTTGAGACCAGCCTTGCCAACATGGTGAAACCCCGTCTCTATTAAAAATACAAAAATTAGCTAGGCATGGTGGTGCGTGCCTGTAGTCCCAGCTACTCAGGAGGCTGAGGCAGGAGAATTGCTTGAACCTGGGAGGCAGAGGTTGCAGTGAGCCTAGATCATGCCACTGCACTCTAGCCTGGGCGACAGAGTGAGACTCTGTCTCCAAAAAAAAAAAA"
"chr1","1947874","1948170","chr1","1818509","1818813","12","129365","GGCCGGGCACAGTGGCTCACGCCTGTAATCCCAGCACTTTGGGAGGCCAAGGTGGGCAGATCACAAGGTCAGGAGTTCGAGACCAGTCTGGCCGATATGGTGAAACCCCGTCTCTACTAAAAATACAAAAATTAGCCAGGCATGATGGCAGGTGCGTGTAATCCCAGCTACTCGGAAGGCTGAGGCAGGAGAATTACTTGAACCCGGGAGGCAGAAGTTGCAGTGAGTCAAGATCACACCATTGTACTCCAGCCTGGATGACAGACCGAGACTCCGTCTAAAAGAAAAAAAAAAGAA","GGCCGGGCACAGTGGCTCACGCCTGTAATCCCAGCACTTTGGGAGGCCAAGGCGGGCAGATCACAAGGTCAGGAGTTCGAGACCAGTCTGGCCAATATGGTGAAACCCCGTCTCTACTAAAAATACAAAAATTAGCCAGGCATGATGGCAGGTGCATGTAATCCCAGCTACTCGGAAGGCTGAGGCAGGAGAATTACTTGAACCCGGGAGGCAGAAGTTGCAGTGAGTCAAGATCACACCATTGTACTCCAGCCTGGATGACAGACCAAGACTCCGTCTAAAAGAAAAAAAAAAAAAAAAAAGAA"
"chr1","2008546","2008840","chr1","1876483","1876779","6","132063","GCCGGGTGAAGTGGCTCACGCCGGTAATCCCAGCACTTTGGGAGGTTGGGGCGGGCAGATGACAAGGTTGGGAGTTCCAGACCAGCCTGGCTGACATGGTGAAACCCCATCTCTACTAAAAATACAAAAATTAGCCAGGCATGGTGACAGGTGCCTGTAGTCCCAGGGACCCAGGAGGCTGAGGCAGGAGAATCACTTGAACCCGGGAGGTGGAGGTTGCAGTGAGCTGAGATTGTGCCATTACACTCCAGCCTGGGTGACAGAGTGAGACTTTGTCTCAAAGAAAAAAAAAAAA","GCCGGGCGAAGTGGCTCACGCCGGTAATCCCAGCACTTTGGGAGGTTGGGGCGGGCAGATGACAAGGTCGGGAGTTCCAGACCAGCCTGGCTGACATGGTGAAACCCCATCTCTACTAAAAATACAAAAATTAGCCGGGCATGGTGACAGGTGCCTGTAGTCCCAGGGACCCAGGAGGCTGAGGCAGGAGAATCTCTTGAACCCGGGAGGTGGAGGTTGCAGTGAGCTGAGATTGTGCCATTACACTCCAGCCTGGGTGACAGAGTGAGACTTTGTCTCAAAGAAAAAAAAAAAAAA"
"chr1","2053116","2053398","chr1","1922166","1922444","12","130950","GGCCAGGCGCGGTGACTCACGCCTTTCATCCCAGCGCTTTGGGAGGCCAAGGCGGGCGGATCACGAGGTCAGAAGTTCGAGACCAGCCTGGCCAACAAAGTGAAACCTCATCTCTACTAAAACTACAAAAGTTAACCGGGCGTGGTGGCGGGCGTCTGTAGTCCTAGATACTAGGGAGGCTGAAGCAGGAGAATTGCTTGAACCTCGGAGGTGAAGGATACAGTGGGCCGAGACCACACCACTGCAGCCTGGGCAACACAGCGAGACTCAAAAAAAAAAAAAA","GGCCAGGCGCGGTGACTCACGCCTTTAATCGCAGCGCTTTGGGAGGCCAAGGCGGGCGGATCACGAGGTCAGAAGTTTGAGACCAGCCTGGCCAACAAAGTGAAACCTCATCTCTACTAAAACTACAAAAGTTAACCGGGCGTGGTGGCAGGCGTCTGTAGTCCTACATACTAGGGAGGCTGAAGCAGGAGAATTGCTTGAACCTCGGAGGTGAAGGATGCAGTGGGCCGGGACCACACCACTGCAGCCTGGGCAACAGAGCGAGACTCAAAAAAAAAA"
"chr1","2258552","2258845","chr1","2130796","2131087","6","127756","GCCAGGCACGGTGGCTCACGCCTGTAATCCCAGCACTTTGGGAGGCCAAGGTGGGTAGCTCACAAGGTCAGGAGTTCAAGATCAGCCTGACCAACAAACCCCGTCTCTACTAAAAATTAAAAAATTAGCCGGGCATGGTGGCAGGCGCCTATAATCCCAGCTACTCAGGAGGCTGAGGCAGGAGAATCCCTTGAACCTGGGAGGCAGAGGTTGCAGTGAGCCAAGACCACATCACAGCACTCCAGCCTGGGTGACAGACCTAGACTCTGACTCAAAAACAAAAACAAAAAAAAA","GCCAGGCACGGTGGCTCACGCCTGTAATCCCAGCACTTTGGGAGGCCAAGGTGGGTAGCTCACAAGGTCAGGAGTTCAAGATCAGCCTGACCAACAAACCCTGTCTCTACTAAAAATTAAAAAATTAGCCGGGCATGGTGGCAGGCGCCTATAATCCCAGCTACTCAGGAGGCTGAGGCAGGAGAATCCCTTGAACCTGGGAGGCAGAGGTTGCAGTGAGCCAAGACCACGTCACTGCACTCCAGCCTGGGTGACAGACCGAGACTCTGACTCAAAAACAAAAACAAAAAAA"
"chr1","2649545","2649812","chr1","2529322","2529589","4","120223","GCCAGGTGCGATGACTCGTGCTTGTAATCCCAGCACTTTGGGAGGCCGAGGTGGGTGGATCACCAGGAGTTCAAGACCAGCCTGGTCAACATGGTGAAACCCCGTCTCTACTAAAAATACAAAAATCAGCCTGTAGTCGCAGCTACTCAGGAGGCTGAGGCAGGAGAATCGATTAAACCTGGGGGCGGTGGTTGCAGTGAGCCAAGATCGCACCACTGGCCTGTAGCCTGGGCGACAGAGAGAGACTCCATCTCAAAATAAAACAAAA","GCCAGGTGCGATGACTTGTGCTTGTAATCCCAGCACTTTGGGAGGCCGAGGTGGGTGGATCACCAGGAGTTCAAGACCAGCCTGGTCAACATGGTGAAACCCCGTCTCTACTAAAAATACTAAAATCAGCCTGTAGTCGCAGCTACTCAGGAGGCTGAGGCAGGAGAATCGATTAAACCTGGGGGTGGTGGTTGCAGTGAGCCAAGATCGCACCACTGGCCTGTAGCCTGGGCGACAGAGAGAGACTCCATCTCAACATAAAACAAAA"
"chr1","3448472","3448774","chr1","3243167","3243466","9","205305","GGCCGGGTGCAGTGGCTCACACCTGTAATCCCAGCCCTTTGGGAGGCCAAGGCGGGCAGATCACAAGGTCAAGAGTTCAAGACCAGCCTGGCCAAAATGGTGAAACCCCATCTCTACTAAAAAGATACAAAAATTAGCCAGGCATGGTGGTGTGTGCTTGTAGTCCCAGCTACTGGGGAGGCTGAGGCAGGAGGATCACTTGAACCCAAGAAGTGGAGGTTGCAGTGAGCTGAGATCGTGCCACTACACTCCAGTCTGGGCGACAGAGTGAGACTCCATTTAAAAAAAAAAAAAAAAAAGGAA","GGCCGGGTGCAGTGGCTCACACCTGTAATCCCAGCACTTTGGGAGGCCAAGGCGGGCAGATCACAAGGTCAAGAGTTCAAGACCCGCCTGGCCAAAATGGTGAAACCCCATCTCTCCTAAAAAGATACAAAAATTAGCCAGGCATGGTGGTGTGTGCTTGTAGTCCCAGCTACTGGGGAGGCTGAGGCAGGAGGATCACTTGAACCCAGGAGGTGGAGGTTGCAGTGAGCTGAGATCGTGCCACTACACTCCAGTCTGGGCGACAGAGTGAGACTCCATTTCAAAAAAAAAAAAAAGGAA"
"chr1","3737578","3737875","chr1","3543152","3543450","5","194426","GGCCGAGCATGGTGGCTCACGCCTGTAATCCCAGCACTTTGGGAGGCCATGGCAGGTGGATCACGAGGTCAGTAGTTCGAGACCAGCCTGGCCAACATGGTGAAATCCCATCTCTACTAAAAATACAAAAATTAGCCGAGCGTGGTGGCACACGCGTGTAATCCCAGCTACTCAGAAGGCTGAGGCAGAAGAATCGCTTGAACCTGGGAGACGGAGGTTGCAGTGAGCCGAGATCGCACCATTGCACTCCAGCCTGGGTGACAGGGCAAGACTCCATCTCAAAACAAACAAAAAAAAA","GGCCAAGCATGGTGGCTCACGCCTGTAATCCCAGCACTTTGGGAGGCCGTGGCAGGTGGATCACGAGGTCAGTAGTTCGAGACCAGCCTGGCCAACATGGTGAAATCCCATCTCTACTAAAAATACAAAAATTAGCCGAGCGTGGTGGCACACGCGTGTAATCCCAGCTACTCAGAAGGCTGAGGCAGAAGAATCGCTTGAACCCGGGAGACGGAGGTTGCAGTGAGCCGAGATCGCACCATTGCACTCCAGCCTGGGTGACAGGGCAAGACTCCGTCTCAAAACAAACAAACAAAAAA"
"chr1","3843769","3844059","chr1","3656983","3657274","5","186786","GCCGGGTGCAGTGGCTCACGCCTGTAATCCCAGCACTTTGGGAGGCCAAAGGTGGGTGGATCACGAGGTCAGGAGTTCAAGACCAGCCTGGCCAACATGGTGAAATCCTGTCTCTACTCAAAATACAAAAATTAGCCAGGCGTGGTGGCGCGCACCTGTAATCCCAGCTACTTGGGAGGCTGAGGCAGGAGAATGACTTGAATCCGGGAGGTGAAGGTTGTGGTGAGCCGAGATTGTGCCACTGCACTCCAACCTGGGCGATAGAGCAAGACTCCATCTCAAAAAAAAAAA","GCCGGGTGCAGTGGCTCACGCCTGTAATCCCAGCACTTTGGGAGGCCAAAGGCGGGTGGATCACGAGGTCAGGAGTTCAAGACCAGCCTGGCCAACATGGTGAAACCCTGTCTCTACTCAAAATACAAAAATTAGCCAGGCGTGGTGGCGCGCACCTGTAATCCCAGCTACTTGGGAGGCTGAGGCAGGAGAATGACTTGAATCCGGGAGGTGAAGGTTGTGGTGAGCCGAGATTGTGCCACTGCACTCCAACCTGGGCAATAGAGCGAGACTCCATCTCAAAAAAAAAAAA"
"chr1","4125469","4125775","chr1","4004250","4004553","6","121219","GGCTGGGCGCAGTGGCTCATGCCTGTAATCCCAGCACTTTGGGAGGCCAAGGTGGGCAGATCATGAGGTCAGGAGTTCAAGACCAGCCAGGCCAACATGGTAAAAACCCATCTCTACTAAAAATACAAAAATTAGCTGGGCGTGGTGGCACATGCCTGTAATCCCAGCTACTCGGGAGGCTGAGGCAGGAGAATTGCTTGAAACCGGGAGGTGGAGGTTGCAGTGAGCCAAGATCGCGCCACTGCACTCCAGCCTGGCGACAGAGCGAGACTCTGTCTCAAAAACAAAACAAAACAAAACAAAAAGA","GGCCGGGTGCAGTGGCTCATGCCTGTAATCCCAGCACTTTGGGAGGCCAAGGTGGGCAGATCATGAGGTCAGGAGTTCAAGACCAGCCAGGCCAACATGGTAAAAACCCATCTCTACTAAAAATACAAAAATTAGCTGGGCGTGGTGGCACATGCCTGTAATCCCAGCTACTCGGGAGGCTGAGGCAGGAGAATTGCTTGAAGCCGGGAGGTGGAGGTTGCAGTGAGCCAAGATCGCGCCACTGCACTCCAGCCTGGCGACAGAGCGAGACTCTGTCTCAAAAACAAAACAAAACAAAACAAAA"
"chr1","4227045","4227335","chr1","4106208","4106497","2","120837","GGCCGGACACGGTGGCTCACGCCTGCAATCCCAGCACTTTGGGAGGCCAAGAAGGGCAGATCATGAGGTCAGGAGTTCGAGACCAGTCTGGCCAACATGGTGAAACCCCATCTCTACTAAAAATACAAAAATTAGCTGGGCATGGTGGTGTGCACCTGTAATCTCAGCTACTGGGGAGGCTGAGGCAAGAGAATGGCTTGAACCCGGGAGGCAGAGGTTGCAGTGAGCTGAGATTGTGCCATTGCACTCCAGCCTGGGTGACAGCAAGACTCCATCTCAAAAAAAAAAAAA","GGCCGGACACGGTGGCTCACGCCTGCAATCCCAGCACTTTGGGAGGCCAAGAAGGGCAAATCATGAGGTCAGGAGTTCGAGACCAGTCTGGCCAACATGGTGAAACCCCATCTCTACTAAAAATACAAAAATTAGCTGGGCATGGTGGTGTGCACCTGTAATCTCAGCTACTGGGGAGGCTGAGGCAAGAGAATGGCTTGAACCCGGGAGGCAGAGGTTGCAGTGAGCTGAGATTGTGCCATTGCACTCCAGCCTGGGTGACAGCAAGACTCCATCTCAAAAAAAAAAAA"
"chr1","4444890","4445191","chr1","4321255","4321561","12","123635","GGCTGCGCACGGTGGCTCATGCCTGTAACCCCAGAAGTTTGGGAGGCCAAGGTGGGTGGATCACGAGGTCAGTAGTTCGAGACCAGCCTGACCAACATGGTGAAACCCTGTCTCTACCAAAAATACAAAAATTAGCCAGGTGTGGTGGTGTCTGCCTGTAATACCAGCTACACGGGAGGCTGAGGCGGGAGAATTGCTTGATCCCCAGAGGCGGAGGTTGCAGTCAGCCAAGATCACACCACTGCACTCCAGCCTGGGTGACAGAGCAAGACTCCATCTCAAAAAAAAAAAAAAAAAAAAAA","GGCTGCGCACGGTGGCTCATGCCTGTAATCCCAGAAGTTTGGGAGGCCAAGGTGGGTGGATCACGAGGTCAGGAGTTCGAGACCAGCCTGACCAACATGGTGAAACCCTGTCTCTACCAAAAATACAAAAATTAGCCAGGTGTGGTGGTGCCTGCCTGTAATACCAGCTACTCGGGAGGCTGAGGCAGGAGAATTGCTTGATCCCCGGAGGCGGAGGTTGCAGTCAGCCAAGATCACACCACTGCACTCCAGCCTGGGCGACAGAGCAAGACTCCATCTCAAAAAAAAAAAAAAAAAAAAAAAAAAA"
"chr1","4885290","4885586","chr1","4775672","4775975","21","109618","GACTGGGTGGGGTGGCTCAAGCCTGTAATCCCAACACTTTGGGAGGCCAAGGCAGGCGGATCACGAGGTCAGGAGTTCGAGACCAGCCTGACATGGTGAAACCCTGTCTCTACTACAAATACAAAAAATAGACGAACATGGTTGCATGCACCTGTAATCCCAGCTACTTAGGAGGCTGAGGCAGGAGAATCACTTGAACCTGGAAGGCAGAGGTTGCAGTGAAATGAGTTCGCACCATTGCACTCCAGCCTGGGCGATAGAGTGAGACTCTGTCTCAAAAAAAAAAAAGAAGAAGAA","GACTGGGTGGGGTGGCTCAAGCCTGTAATCCCAACACTTTGGGAGGCCAAGGCAGGTGGATCACGAGGTCAGGAGTTCAAGACCAGCCTGACATGGTGAAACCCTGTCTCTACTACAAATACGAAAAATAGCTGACATGGTGGCATGCACCTGTAATCCCAGCTACTTAGGAGGCTGAGGTAGGAGAATCACTTGAACCTGGAAGGCAGAGGTTGCAGTGAACTGAGATCGCACCATTGCACTCCAGCCTGGGCGACAGAATGAGACTCTGTCTCAAAAAAAAAAAAAAAAAAAAAAAGAAGAA"
"chr1","4909154","4909456","chr1","4799613","4799916","4","109541","GGCGGGGCGTGGTGGCTCACACCTGTAATCCCAGCACTTCGGGAGGCCAAGGTGGGTGGATCACGAGGTCAGAAGTTCGAGACCAGCCTGATTGACATGGTGAAACCCTGTCTCTACTAAAAATACAAAAATTAGCTGGGCATGGTGGTGGGCACCTGTAATCCCAGCTACTCGGGAGGCTGAAGCAAGAGAATCTCTTGAACCTGGGAGGCAGAGATTGTAGCGAGCAGAGACTGCACCACTGCACTCCAGCCTGGGCAACAGAGAGTGACTTTGTCTCAAAAAAAAAAAAAAAAAAAAAAA","GGCGGGGCGTGGTGGCTCACACCTGTAATCCCAGCACTTCGGGAGGCCAAGGTGGGTGGATCACGAGGTCAGAAGTTCGAGACCAGCCTGATTGACATGGTGAAACCCTGTCTCTACTAAAAATACAAAAATTAGCTCGGCATGGTGGTGGGCACCTGTAATCCCAGCTACTCGGGAGGCTGAAGGAAGAGAATCTCTTGAACCTGGGAGGCAGAGATTGTAGTGAGCAGAGACTGCACCACTGCACTCCAGCCTGGGCAACAGAGAGTGACTTTGTCTCAAAAAAAAAAAAAAAAAAAAAGAA"
"chr1","5073531","5073830","chr1","4963904","4964209","12","109627","GGCCGGTCACGGTGGCTCACGCCTGTAATCCGAGCACTTTGGGAAGCCAAGGCAGGTGGATCACGAGGTCAGGGGTTCGAGACCAGCCTGACCAACATGGTGAAACCCCGTCTCTACTAAAAATACAAAAATTAGCTGGGTGTGGTGGCGGGCACCTGTAATCCCAGCTACTCAGGAGGCTGAGGCAGGAGAATTGTTTGAACCCAGGAGGCAGAGGTTGCAGTGAGCCGAGATCACGCCACTGCACTCCAGCCTGGGTGACAGAGCGAGACTCCGTCTCAAAAAAAAAAAAAAAAAAAA","GGCCGGGCACGGTGGCTCACGCCTGTAATCCGAGCACTTTGGGAAGCCGAGGCAGGTGGATCACGAGGTCAGGGGTTCGAGACCAGCCTGACCAACATGGTGAAACCCCGTCTCTACTAAAAATACAAAAAATAGCTGGGTGTGGTGGCGGGCGCCTGTAATCCCCCCTACTCAGGAGGCTGAGGCAGGAGAATTGTTTGAACCCAGGAGGCAGAGGTTGCAGTGAGCCGAGATCACGCCACTGCACTCCAGCCTGGGTGACAGAGCGAGACTCCGTCTCAAAAAAAAAAAAAAAAAAAAAAAAAA"
"chr1","5227672","5227944","chr1","5111212","5111523","46","116460","GGCCAGGCGCAGTGGCTCACGCCTGTAATCCCATCACTGTGGGAGGCCGAAGCACGTGGATCATGAGTTCACGAGTTGGAGACCAGCCTGGCCAACGTGGTGAAATTCCGTCTCTACTAAAACTACAAAAATTAGCCGGGTGTAGTGGGAACACGCCTGTAATCCCAGCTACTTGGGAGGCTGAGGCAGGAGAATCGCTTGAACCCACGAGGTGGAGGTTGCAGTAAGCCGAGGACGGGCCATTGCACTGGGCAACACAGCAAGACTCCATCT","GGCCAGGCGCAGTGGCTCACGCCTGTAGTCCCATCACTGTGGGAGGCCGAAGCACGTGGATCATGAGTTCATGAGTTGGAGACCTGCCTGGCCAACATGGTGAAATTCCGTCTCTACTAAAAATACAAAAATTAGCCGGGTGTAGTGGGAACACACCTGTAATCCCAGCTACTTGGGAGGCTGAGGCAGGAGAATCGCTTGAACCCACGAGGTGGAGGTTGCAGTAAGCCGAGGACGGGCCATTGCACTGGGCAACACAGCAAGGCTCCATCTTAAAATAAAATAAAATAAAATAAAATAAAATAAAATAAA"
"chr1","5262671","5262954","chr1","5147567","5147850","3","115104","GGCCAGGTGCAGTGGCTCACACCTGTAATCCCAGCACTTTGGGAGCTCAAGGCGGGTGGATCACAAGGTCAGGAGTTCGAGACCAGCTTGGCCAACATGGTGAAATCCCGTCTCCACTAAAAATACAAATATTAGGCGGGCATGGTGGCACATGCCTGTAATCCCAGCTACTCAGGAGGCTGAGGCCTGAGGCAGGAGAATTGCTTGAACCCGGGAGTCAGAGGTTGCAGTGAGCTGAGATCACGCCATTGCACTCCAGCCTGGGCGACATAGTGAGACTCTGT","GGCCAGGTGCAGTGGCTCACACCTGTAATCCCAGCACTTTGAGAGCTCAAGGCGGGTGGATCACAAGGTCAGGAGTTCGAGACCAGCTTGGCCAACATGGTGAAATCCCATCTCCACTAAAAATACAAATATTAGGCGGGCATGGTGGCACATGCCTGTAATCCCAGCTACTCAGGAGGCTGAGGCCTGAGGCAGGAGAATTGCTTGAACCCGGGAGTCGGAGGTTGCAGTGAGCTGAGATCACGCCATTGCACTCCAGCCTGGGCGACATAGTGAGACTCTGT"
"chr1","5265003","5265259","chr1","5149901","5150158","8","115102","CAAGGTGGGTGGATCACAAAGTCAGGAGTTTGAGACAAGCCTGGCCAGCATGATGAAACCCTGTCTCAACTAAAAAAAATACAAAAATTAGCCAGGCATGGTGGCATGCACCTGTAATCCCAGCTACTTGGAAGGCTGAGGCAAGAGAATTGCTTGAACCCAGGAGGCAGAGGTTGCAGTGAGCCGAGATCTTGCCACTGCACTCCACCCTGGGTGACAGAGCAAGACTCCATCAAAAAAAAAAAAAGAAAATAAAA","CAAGGTGGGTGGATCACAAAGTCAGGAGTTCGAGACAAGCCTGGCCAGCATGATGAAACCCTGTCTCAACTAAAAAAAATATAAAAATTAGCCAGGCATGGTGGCATGCACCTGTAATCCCAGCTACTCGGAAGGCTGAGGCAAGAGAATTGCTTGAACCCGGGAGGCGGAGGTTGCAGTGAGCCAAGATCTTGCCACTGCACTCCACCCTGGGTGACAGAGCAAGACTCCATCAAAAGAAAAAAAAAGAAAAAAAAA"
"chr1","5306447","5306726","chr3","16289828","16290104","30","10983381","GCCGGGCGTGGCGGCTCACGCCTGTAATCCCAGCACTTTGGGAGGCCGAGGCGAGCAGATCACGAGGTCAGGAGTTCGAGACCAGCCTGACTAACATGGTGAAACCCCGTCTCTACTAAAAATACAAAAATTAGCTGGGCATGGTGGCACGTGCCTGTAAGCCCAGCTACCTCAGGAGGCTGAGGCAGGAGAGTCGCTTGCACCTGGGAGGCGGAGGTTGCAGTGAGCCAAGATCGTGCCATCGCACTCCAACCTGGGTGACAGAGTGAGACTTCATCTC","GGCCAGGTGTGGTGGCTCACGCCTGTAATCCCAGCACTTTGGGAGGCCAAGGTGGGCAGATCACGAGGCTGGGAGTTCGAGACCAGGCTGACCAACATGGTGAAACCCCGTCTCTACTAAAAATACAAAAGTTAGCCGGGCATGGTGGCACGTGCCTGTAATCCCAGCTACTCAGGAGGCTGAGGCAGGAGAATCACTTGGACCCAGGAGGCAGAGGTTGCAGTGAGCCGAGATCGTGCCACTGCACTCCAGCCTGGGTGACAGAGTGAGACTCAGT"
"chr1","5348486","5348759","chr1","5232195","5232456","22","116291","GGCCGGGCATGGTGTCTCTCGCCTGGTAATCCCAGCACTTTGGGAAGCCGAGGTGGGAAGATCACAGGTCAAGAGTTCGAGACCAGCCTGGCCAACATGGTGAAACCCCGTTTCTACTAAAAATACAAAAATTAGCTGGGTGGGGTGGCACATGCCTGTAATCCCAGCTACTTGGGAGACTGAGGCAGGAGAATTGCTTGAACCCGGGAGGTGGAGGTTGCAGTGAGCTGAGATCACGCCTTTGCACTCCAGCCTGGGTGACAGAGCAAGACTC","TGTCTCACGCCTGGTAATCCCAGCACTTTGGGAAGCTGAGGTGGGAAGATCACAGGTCAAGAGTTCGAGACCAGCCTGGCCATCATGGTGAAACCCCGTTTCTACTAAAAATACAAAAATTAGCTGGGTGGGGTGGCACACGCCTGTAATCCCAGCTACTTGGGAGACTGAGGCAGGAGAATTGCTTGAACCCGGGAGGTGGAAGTTGCAGTGAGCTGAGATTGTGCCATTGCACTCCAGCCTGGGCGACAGAGCAAGACTC"
"chr1","5694746","5695051","chr1","5665538","5665840","3","29208","GGCCAGGCGCAAAGGTTCACGCCTGTAATCCCAACACTTTGGGGGGCTGAGGCGAGCAGATCATTAGGTCAGTAGTTCGAGACCAGCCTGGCCAACATAGTGAAACCCCGTCTCTATTAAAAATACAAAAATTAGCCGGGCATGGTGGCACACGCCTGTAGTCCCAGCTATTTGGGAAGATAAGGCAGGAGAATCGCTTGAACCCAGGAGGCAGAGGTTGTGGTGAGCCGAGATCATGCCACTGCACTCCAGCCTGGGCAACAGAGTAAGACTCTGACTCAAAAAAAAAAAAAAAGAAAAATGAAA","GGCCAGGCGCAAAGGTTCACGCCTGTAATCCCAACACTTTGGGGGGCTGAGGCGAGCAGATCATTAGGTCAGTAGTTCGAGACCAGCCTGGCCAACATAGTGAAACCCCGTCTCTATTAAAAATACAAAAATTAGCCGGGCATGGTGGCACACGCCTGTAGTCCCAGCTATTTGGGAAGATAAGGCAGGAGAATCGCTTGAACCCAGGAGGCAGAGGTTGTGGTGAGCCGAGATCATGCCACTGCACTCCAGCCTGGGCAACAGAGTAAGACTCTGACTCAAAAAAAAAAAAGAAAAATGAAA"
"chr1","5718381","5718659","chr1","5688279","5688561","7","30102","CACACCTGTAGTCCCAGCACTTTGGGAGGCCGAGGCAGGTGGATCACAAGGTCAGGAGTTCGCGACCAGCCTGGCCAATATGGTGAAACCCTGTCTCTAATAAAAATACAAAAATTAGCCGGGTGTGGTGGCGCTCTCCTGTGCTATCAGCTACTCGGGAGGCTGAAGCAGGAGAATCACTTGAACCCAGAAGGTGGAGGTTGCAGTGAGCCAAGATCCTGCCACTGAACTCCAGCCTGGGTGACAAAGTGAGACTCCGACTCAAAAAAAAAAAAAAAA","CACGCCTGTAGTCCCAGCACTTTGGGAGGCCGAGGCAGGTGGATCACAAGGTCAGGAGTTCGCGACCAGCCTGGCCAATATGGTGAAACCCTGTCTCTAATAAAAATACAAAAATTAGCTGGGTGTGGTGGCGCTCTCCTGTGCTCTCAGCTACTCGGGAGGCTGAAGCAGGAGAATCACTTGAACCCAGAAGGTGGAGGTTGCAGTGAGCCAAGATCCTGCCACTGAACTCCAGCCTGGGTGACAAAGTGAGACTCCGACTCAAAAAAAAAACAAAAAAAAA"
"chr1","6113968","6114266","chr1","6098863","6099163","5","15105","GGCCGGGCGCGGTGGCTCACGCCTGTAATCCTAGCACTTTGGGAGGCCGAGGCCGGAGGATCACAAGGTCAGGAGTTCGAGACCAGCCTGACCAATATGGTGAAACCCCGTCTCTACCAAAAATATTTTTTAAAAATTAGCCAGGTGTGGTGGCACGTGCCTGTAATCCTAGCTACTCGGGAGGTTGAGGCAGGAGAATCGCTTGAACCCGGGAGGCAGAGGTTGCAGTGAGCCGAGATCACGCCACTGCACTCCAGCCTGGGTGACAGAGTGAGACTCCGTCTCAAAAAAAAAAAAAA","GGCCGGGCGCGGTGGCTCACGCCTGTAATCCTAGCACTTTGGGAGGCCGAGGCCAGAGGATCACAAGGTCAGGAGTTCGAGACCAGCCTGACCAATATGGTGAAACCCTGTCTCTACCAAAAATATTTTTTAAAAATTAGCCAGGTGTGGTGGCACGTGCCTGTAATCCTAGCTACTCGGGAGGTTGAGGCAGGAGAATCGCTTGAACCCGGGAGGCAGAGGTTGCAGTGAGCCGAGATCACGCCACTGCACTCCAGCCTGGGTGACAGAGTGAGACTCCATCTCAAAAAAAAAAAAAAAA"
"chr1","6232860","6233153","chr1","6220463","6220755","6","12397","GGCCGGGCACGGTGGCGAACGCCTGTAATCCCAGCACTTTGGGAGGTCGAGGCGGGTGGATCACAAGGTCAGGAGTTCGAGACCAGCCTGGCCAATATGGTGAAACCCCGTCTCTACTAAAAATACAAAAAAGCCAGGCGTAGTGGCACATGCCTGTAATCCCAGCTACTCGGGAGGCTGAGGCAGGAGAACTGCTTGAATCCGGGAGGCGGAGGTTGCAGTGAGCCGTGATCGCGCCACTGCACTCCAGCCTGGGTGACAGAGCGAGACTCCCATCTCAAAAAAAAAAAAAGA","GGCCGGGCACGGTGGCGCACGCCTGTAATCCCAGCACTTTGGGAGGTCGAGGCGGGTGGATCACAAGGTCAGGAGTTCGAGACCGGCCTGGCCAATATGGTGAAACCCCGTCTCTACTAAAAATACAAAAAAGCCAGGCGTAGTGGCACATGCCTGTAATCCCAGCTACTCGGGAGGCTGAGGCAGGAGAATTGCTTGAATCCGGGAGGTGGAGGTTGCAGTGAGCCGTGATCGCGCCACTGCACTCCAGCCTGGGTGACAGAGCGAGACTCGCATCTCAAAAAAAAAAAAGA"
"chr1","6233834","6234173","chr2B","192330676","192331015","58","186096842","GCCGGGCGCGGTGGCTCACGCCTGTAATCCCAGCACTTTAGGAGGCCGAGGTGGGCAGATCACGAGGTCAGGAGTTCAAGACCAGCCTGGCCAAGCCAGGAGTTCGAGACCAGCCTTGCCAACATAGCGAAACCCTGTCTCTACTAAAAATACAAAAATGAACTGGGCGTGGTGGTGGGCACCTGTAGTCTGAGCTACTTGAGAGGCTGAGGCAGGAGAATCGCTTGAACCTGGGAGGCGGAGGTTGCAGTGAGCTGAGATCACGCAGTTGCATTCCAGCCTGGGCGACACAGCGAGACTCTGTCTCAAACAAAACAAAACAAAACACCAGAAACAAAAA","GGCCGGGAGGGGTGGCTCACACCTGTAATCCCAGCACTTTGGGAGGCCGAGGCAGGCAGATCACAAGGTCAGGAGTTCGAGGCAGGCGGATCACAAGGTCAGGAGTTTGAGGCCAGCCTGTCCAACATGGTGAAACCCTGTCTCTACCAAGAATACAAAAATTAGCCGGGCGTGGTGGCACGTACCTGTGGTCCCAGCTACTTGGGAGGCTGAGGCAGGAGAATCGCTTGAACCCGGGAGGCAGAGGTTGCAGTGAGCTGAGATCGCAACACTGCACTCCAGCCTGGGCGGCGGAGTGAGACTCTGTCTCAAAAACAAAAAAAAGAAAAAAAGAAAAAAA"
"chr1","6239723","6240032","chr1","6228237","6228546","4","11486","GGCCAGGCATGGTGGCTCACTCCTGTAATCTCAGCACTTTGGGAGGCCGAGGCCAGCGGATCACGCGGTCAGGTGTTCGAGACCAGCCTGGCCAACATGGTGAAACCCCGTCTCTACTAAAAATACAAAAATTAGCTGGGTGTGGTGGCAGGTGCCTGTAATCCCAACTACTCGGGAGGGTGAGGCAGGAGAATCGCTTGAACCCAGGAGGCAGAGGTTGCAGTGAGCTGGGATCGTGCCACTGCATTCCAGCCTGGGCAACAGAGTGAGACTCCATCTCAAAAAAAAAAAAAAAAAAGAGAAAGAAAAA","GGCCAGGCATGGTGGCTCACTCCTGTAATCTCAGCACTTTGGGAGGCCGAGGCCAGCGGATCACGCGGTCAGGTGTTCGAGACCAACCTGGCCAACATGGTGAAACCCCGTCTCTACTAAAAATACAAAAATTAGCTGGGTGTGGTGGCAGGTGCCTGTAATCCCAACTACTCGGGAGGGTGAGGCAGGAGAATCGCTTGAACCCAGGAGGCAGAGGTTGCAGTGAGCTGGGATCGTGCCACTGCACTCCAGCCTGGGCAACAGAGTGAGACTCCATCTCAAAAAAAAAAAAAAAAGAAAGAAAGAAAAA"
"chr1","6275451","6275743","chr1","6265601","6265890","9","9850","GGCCAGGCGCGGTAGCTCACGCCTGTAATCCTAGCACTTTGGGAGGCCGAGGCAGGTGGATCACGAGACCAGCCTGGCCAACATGGTGAAACCCCATTTCTACTAAAAATACAAAAATTAATAAGGAATGGTGGCATGCGCCTGTAATCCCAGCTACTCGGGAGGCTGAGGCAGGAGAATCGTTTGAACCCGGGAGGCAGCGGTTGCAGTGAGCCGAGATCCAGCCATTGCACTCCAGGTTGGGCGACAGAGTGAGGCTCCGTCTCAAAAAAAAAAAAAAAAAAAAAAAAAGA","GGCCAGGCGCGATAGCTCACGCCTGTAATCCCAGCACTTTGGGAGGCCGAGGCAGGTGGATCACGAGACCAGCGTGGCCAACATGGTGAAACCCCATTTCTACTAAAAATACAAAAATTAATAAGGAATGGTGGCATGCGCCTGTAATCCCAGCTACTCAGGAGGCTGAGGCAGGAGAATCGTTTGAACCCGGGAGGCAGCGGTTGCAGTGAGCCGAGATCGAGCCACTGCACTCCAGGTTGGGCGACAGAGTGAGGCTCCGTCTCAAAAAAAAAAAAAAAAAAAAAAGA"
"chr1","6344484","6344793","chr1","6333229","6333538","7","11255","GGCCGGGCGCAGTGGCTCACGCCTGTAATCCCAGCACTTTAGGAGGCCGAGGCAGGTGGATCACAAGGTCAGGAGTTCGAGGCCAGCGTGGCCAACAGAGTGAAACCCTGTCTCTACTAAAAATACAAAAACTAGCCGGGTGTGGTGGCACATGCCTGTAGTCACAGCTACTCGGGAGGCTGAGGCAGGAGAATCACTTGAACCCAGGAGGCAGAGGTTGCAGTGAGCTGAGACCGCACCATTGCACCCCAGCCTGGGCGACAGAGCAAGACTCTGTCTCAAAAAAAAAAAAAAAAAAAAAAAAAAAGAA","GGCCGGGCGCAGTGGCTCACGCCTGTAATCCCAGCACTTTAGGAGGCCGAGGCAGGTGGATCACAAGGTCAGGAGTTCGAGGCCAGCGTGGCCAACAGAGTGAAACCCTGTCTCTACTAAAAATACAAAAATTAGCCGGGTGTGGTGGCACATGCCTGTAGTCACAGCTACTCGGGAGGCTGAGGCAGGAGAATCACTTGAACCCGGGAGGCAGAGGTTGCAGTGAGGTGAGACCGCACCATTGCACCCCAGCCTGGGCGACAGAGCAAGACTCTGTCTCAAAAAAAAAAAAAAAGAAAAGAAAAGAAGA"
"chr1","6380318","6380610","chr1","6369949","6370241","2","10369","GGCCGGGTGTGGTGGCTCGCCCCTGTAATCCCAGCATGTTGGGAGGCTGAGGTGGGAGGATCACGAGGTCAGGAGTTCAAGACCAGCCTGACCGACATGGTGAAACCCCCCGTCTCTACTAAAAATACAAAAATTAGCCAGGCATGGTGGCATGTGCCTGTAATCCCAGCTACTCAGGAGGCTGAGGCTTGAACCCAGGAGGCGAAGGTTGTAATGAGCTGAGATCACGCCACTGCACTCCAGCCTGGGCAACAGAGCAAGACCGTCTCAAAAAAAAAAAAAAAACAAGAAGA","GGCCGGGTGTGGTGGCTCGCCCCTGTAATCCCAGCATGTTGGGAGGCCGAGGTGGGAGGATCACGAGGTCAGGAGTTCAAGACCAGCCTGACCGACATGGTGAAACCCCCCGTCTCTACTAAAAATACAAAAATTAGCCAGGCATGGTGGCATGTGCCTGTAATCCCAGCTACTCAGGAGGCTGAGGCTTGAACCCAGGAGGCGAAGGTTGCAATGAGCTGAGATCACGCCACTGCACTCCAGCCTGGGCAACAGAGCAAGACCGTCTCAAAAAAAAAAAAAAAACAAGAAGA"
"chr1","6400017","6400305","chr1","6390655","6390943","5","9362","GGCTGGGCGTGGTGGCTCACGCCTGTAATCCCAGTACTTTAAGAGGCCGAGGCAGGCAGATCACGAGGTCAGGAGTTCAAGATCATCCTGGCCAAGATGGTGAAACCCCATCTCTACTAAAAATACAAAAATTAGCTGGGCACGGCAGCGCGCACCTGTAGTCCCAGCTACTCGGGAGGCTGAGGCAGGAGAATCACTTGAACCCAGAGGGCGGAGGCTGCAGTGACTCAAGGTCGCGCCACTGCACTCCAGCCTGGGCATGAAGTGAGACCCCATCTCAAAAAAAAGA","GGCTGGGCGCGGTGGCTCACGCCTGTAATCCCAATACTTTAAGAGGCCGAGGCAGGCAGATCACGAGGTCAGGAGTTCAAGATCATCCTGGCCAAGATGGTGAAACCCCATCTCTACTAAAAATACAAAAATTAGCTGGGCACGGCAGCGCGCACCTGTAGTCCCAGCTACTCGGGAGGCTGAGGCAGGAGAATCACTTGAACCCAGGGGGCGGAGGCTGCAGTGAGTCAAGGCCGCGCCACTGCACTCCAGCCTGGGCATGAAGTGAGACCCCATCTCAAAAAAAAGA"
"chr1","6400912","6401169","chr12","58774946","58775223","76","52374034","GGCCGGGCGCGGTGGCTCATGCCTGTGAGCTTGCAGTGAGCCAAGATCATGCCACTGTACTCCAGCCTGGGCGACTGAGTGAGACTCCGTCTCAAAAAAAAAAAAAAACCCTTCTCTACTCGGGAGACTGAGGCAGGAGAATCGCTTGAACCCAGGAGGCAGAGGTTGCAGTGAGCCAAGATCACGCCTTTGCACTCCAGCCCAGTTGACAATGCAAGACTCCGTCTCAAAAACAACAACAACAAAAAAAAAAAAAAA","GGCCTGGTGCGGTGGCTCATGCCTATAATTCCAGAACTCTGGGAGATCAAGGTGGGAGGATATTAAGCCAGGAGTTTGAGACCCGCCTGGACAACAAAGTGAGACTCTGTCTCTACAAAATATTAAAACATCCCAGCTACTCGGGAGGCTGAGGCAGGAGAATGGCGTGAACCTGGGAGGCGGAGCTTGCAGTGAGCCAAGATCACACCACTGCACTCCAGCCTGGGTGACAGAGTGAGACTCTGTCTCAAAAAAAAAAAAAAAAAAGAAAAGAAAAA"
"chr1","6432842","6433149","chr3","117962240","117962545","31","111529398","GCTGGGTGCGGTGGCTCACACCTGTAATCCCAGCACTTTGGGAGGCTGAGGCGGGTGGAACACGAGGTCAGGAGTTCAAGACCAGCCTGGCCAACATGAAGAAACCCCGTCTCTACTAAAAAATACAGAAATTAGCTGGGTGTGGTGGCACGTGCCTGTAGTCCCAGCTACTCGGGAGGCTGAGGCAGGAGAATTGCTGGAACCAGGGAAGCGGAGGTTGCAGTGAGCCAAGATCGCACCACTGCACTCCAGCCTGGGCAACAGAGTGAGACTCCATCTCAAAAAAAAAGAAAAAAGAAAAGAAAAGA","GCTGGGCACGTGGCTCATGCCTGTAATCCCAGCACTTTGGGAGGCCGAGGCAGGCGGATCACGAGGTCAGGAGTTCAAGACCAGCCTGACCAATATGGTGAAACCCCGTCTCTACTAAAAATACAAAAATTAGCTGGGTGTGGTGGCACATGCCTGTAATCCCAGCTACTCAAGAGGCTGAGGCAGGAGAATTGCTTGAACCCGGAAGGCGGAGGTTGCAGTGAGCCAAGATTGCACCACTGCACTCCAGCCTGGGCAACAGAGCAAGACGCCATCTCAAAAAAAAAAAAAAAAAAAAAAAAAGAA"
"chr1","6433163","6433456","chr1","6426187","6426480","4","6976","GGTCTGGTGCAGTGGCTCATGCCTGTAATCCCAGCACTTTGGGAAGCTGAGGCGGGCGGATCACGAGGTCAGGAATTTGAGGCCAGCCCGGCCGATACGGTGAAACCCCATCTCTACTAAAAAATACAAAAATTAGCCGGGCATGGTGGTGGGTGTCTGTAATCCCAGCTACTTAGGAGGCTGAGGCAGGAGAATTGCTTGAACCTGGAAGGCGGAGGTTGCAGTGAACTAAGATCGTGCTGCTGCACTCCAGCCTGGGCGACAGAGCAAGACTCCATCTCAGGAGGAAAAAAA","GGTCTGGTGCAGTGGCTCATGCCTGTAATCCCAGCACTTTGGGAAGCTGAGGCGGGCGGATCACGAGGTCAGGAATTTGAGGCCAGCCCGGCCGATACGGTGAAACCCCATCTCTACTAAAAAATACAAAAATTAGCCGGGCATGGTGGTGGGTGTCTGTAATCCCAGCTACTTAGGAGGCTGAGGCAGGATAATTGCTTGAACCCGGAAGGCGGAGGTTGCAGTGAACTAAGATCGCGCCGCTGCACTCCAGCCTGGGCGACAGAGCAAGACTCCATCTCAGGAGGAAAAAAA"
"chr1","6514481","6514783","chr1","6509237","6509540","8","5244","GGCCGGGTGTGGTGGCTCACGCCTATAATCCCAGCACTTTCGGAGGCTGAGGCAGGCAGATCACGAGGTCAGGAGTTCCAGATCAGCCTGGCCAACATGGTGAAACCTTGTCTCTACTAAAAATACAAAAATTAGCTGGGCATGGTGGCAGGTGCCTGTAATCCCAGGTACTCGGGAGGCTGAGGCATGAGAATTGCTTGAACCCGGGAGGCGGAGGTTGCAGCGAGCCGAGATCATGCCACTGCACTCCAGCCTGGGTGACAGAGCAAGACTCCATCTTGAAGGAAAAAAAAAAAAAGAAAA","GGCCGGGTGTGGTGGCTCACGCCTATAATCCCAGCACTTTGGGAGGCTGAGGCAGGCAGATCACGAGGTCAGGAGTTCGAGATCAGCCTGGCCAACATGGTAAAACCTTGTCTCTACTAAAAATACAAAAATTAGCTGGGCATGGTGGCAGGTGCCTGTAATCCCAGGTACTCGGGAGGCTGAGGCAGGAGAATTGCTTGAACACGGGAGGCGGAGGTTGCAGTGAGCCGAGATCATGCCACTGCACTCCAGCCTGGGTGACGGAGCAAGACTCCATCTTGAAGGAAAAAAAAAAAAAAGAAAA"
"chr1","6522604","6522905","chr1","6517296","6517602","10","5308","GGCCAGGCGCAGTGGCTCACGCCTGTAATCCCAGCACTTTCGGAGGCCAAGGCGGGCGGATCACGAGGTCAGGAGTTCGAGACCAGCCTGACCAACATGGTGAAACCCTGTCTCTACTAAAAATACAAAAATTAGCTGGGCGTGGTGGCATACGCCTGTAATCCCAGCTACTCAGGAGGCTGAGGCAGGAGAATCGCTTAAACCTGGGAGGCGGAAGTTGCAGTGAGCCGAGATCACTCCACTGCACCCCAGCCTGGGCGACAGAGCTAGACTCTGTCTCAAAAAAAAAAAAAAAAAAGAAA","GGCCAGGCGCAGTGGCTCACGCCTGTAATCTCAGCACTTTCGGAGGCCAAGGCGGGCGGATCACGAGGTCAGGAGTTCGAGACCAGCCTGACCAACATGGTGAAACCCTGTCTCTACTAAAAATACAAAAATTAGCTGGGCGTGGTGGCACACACCTGTAATCCCAGCTACTCAGGAGGCTGAGGCAGGAGAATCGCTTAAACCTGGGAGGCGGAAGTTGCAGTGAGCCGAGATCACTCCACTGCACTCCAGCCTGGGTGACAGAGCTAGACTCTGTCTCAAAAAAAAAAAAAGAAAAGAAAAGAAA"
"chr1","6527654","6527953","chr1","6522362","6522659","6","5292","CTGGGCACAGTGGCTAATGCCTGTAATCTCAGCACTCTGGGAGGCCGAGGTGGGCAGATCACGAGGTCAGGAGTTCAAGACCAGGCTGACCAACGTGGTGAAACCCCATCTGTACTAAAAATACAAAATTAGCTGGGCGTGGTGGCACATGCCTGTAATCCCAGCTACTCAGGAGGCTGAGACAGAAGAATCGTTTGAACCTGGGAGGTGGAGGTTGCAGTGAACGGAGATCACACCATTGCACTCCAGCCTGGGCGACAGAGCAAGACTCCGTCTCGGAAAAAAAAACAAAACAAAAAA","CTGGGCACAGTGGCTCATGCCTGTAATCTCAGCACTCTGGGAGGCCGAGGTGGGCAGATCACGAGGTCAGGAGTTCAAGACCAGGCTGACCAACATGGTGAAACCCCATCTGTACTAAAAATACAAAATTAGCTGGGCGTGGTGGCGCATGCCTGTAATCCCAGCTACTCAGGAGGCTGAGACAGAAGAATCGTTTGAACCTGGGAGGCGGAGGTTGCAGTGAACGGAGATCACACCATTGCACTCCAGCCTGGGCGACAGAGCAAGACTCCGTCTCGGAAAAAAAAAAAACAAAAAA"
"chr1","6529310","6529637","chr7","21504035","21504357","40","14974725","GCCAGGCACAGTGGCTCACGCATGTAATCCCAGCACTTTGGGAGGCCGACGCGGGTGGATCACGAGGTCAGGAGTTCAAGACCAGCCTGACCAACGTGGTGAAACCTTGTCTCTACAAAAAACACAAAATTAGCCAGGCATGGTGGCAGGCGCCTGTAATCCCAGCTACTCGGGAGGCTAAGGCAGAAGAATCGCTTGAACCTGGGAGGCGGAGGTTGCAGTGAGCAGAGATCCTGCCACCGCACTCCAGCCTGGGTGATAGAGCAAGACTCGGTCTCAAAAAAAAATTAATAAATAAAAAATAAAAATAAAAAATAAAATAAAAAAT","GCTGGGCACAGTGGCTCACGCCAGTAATCCCAACACTTTGGGAGGCCGAGGTGGGTGGATCACAAGGTCAGGAGTTCGAGACCAGCCTGACCAACATGGTGAAACCCTGTCTCTACTAAAAATACAAAAATTAGCCCGGTGTGGTGGCATGTGCCTGTAATCCCAGCTACTCGGGAGGCTGAGGCAGGAGAATCGCTTGAACCCAGGAGGCGGAGGTTGCAGTGAGCCGAGATCATGCCACTGCACTCCAGCCTGGGTGACAGAGTGAGACTCTGTCTCAAAATAAATAAATAAAATAAAATAAAATAAAATAAAATAAAATA"
"chr1","6556730","6557031","chr9","93065034","93065338","37","86508304","GCCGAGCACAGTGGCTCACGCCTGTAATCCCAGCACTTTGGGAGGCTGAGACAGGCGGATCACGAGGTCAGGAGTTCAAGATCAGTCTGGCCAACATAGTGAAACCCTGTCTCTACATAAAATACAACACATTAGCCGGGTGTGGTGGTGTGCACCTGTAATCCCAGCTACTCAGGAGCCTGAGGCAGGAGAATCGCATGAACCCGGAGGTGGAGGTTGCAGTGAGCCAAGATCACACCATTGCATTCCAACCCGGGCGACAGAGCGAGGCTCCATCTCAAAAAAAAAAAAAAAAAAAAAGA","GGCCGGGCACAGTGGCTCACGCCTGTAATCCCAGCACTTTGGGAGGCCGAGGCAGGTGGACCATAAGGTCAGGAGTACAAGACCAGCCTGACCAACATGGTGAAACACTGTCTCTACCAAAAATACAAAAATTAGCCGGGAGTGGTGGTGCGCACCTGTAATCCCAGATACTCAGGAGGCTGAGGCAGGAGAATCGTTTGAACCCAGGAGGCGGAGGTTGCTGTGAGCCAAGATCGCACCATTGCACTCCAGCCTGGGTGACAGAGTGAGACTCCATCTCAAAAAAAAAAAAAAAAAAAAAAAAA"
"chr1","6612154","6612450","chr1","6607390","6607685","7","4764","GGCCGGGCGCGGTGGCTCGCGCCTGTATTCCCAGCACTTTGGGAGGCCGAGGCGGGTGGATCACGAGGTCAGGAGTTCGAAACCAGCCTGACCAACATGGTGAAACCCCGTCTTTACTAAAAATACAAAAATTAGATGGGCGTGGTGGCGGACACCTGTAATCCCAGCTACTCGGGAGGCTGAGGCGGGAGAATTGCTTGAACCCGGGAGGCGGAGCTTGCAGTGAGCCGAGATCGTGCCACTGCACTCCAGCCTGGGCGACAGAGCGAGACTCTGTCTCAAAAAAAAAAAAAAAAA","GGCCGGGCGCGGTGGCTCGCGCCTGTATTCCCAGCACTTTGGGAGGCCGAGGCGGGTGGATCACGAGGTCAGGAGTTCGAGACCAGCCTGACCAACATGGTGAAACCCCGTCTTTACTAAAAATACAAAAATTAGATGGGCGTGGTGGCGGGCGCCTGTAATCCCAGCTGCTTGGGAGGCTGAGGCGGGAGAATTGCTTGAACCCGGGAGGCGGAGCTTGCAGTGAGCCGAGATCGTGCCACTGCACTCCAGCCTGGGCGACAGAGCGAGACTCTGTCTCAAAAAAAAAAAAGAAA"
"chr1","6616026","6616325","chr15","45901295","45901595","29","39285269","GCCGGGCGCGGTGGCTCTCGTCTGTAATCCCAGCACTTTGGGAGGCCGAGGCGGGCGGATCACGAGGTCAGGAGTTCGAGACCAGCCTGACCAACATGGTGAAACCCCGTCTCTACTAAAAATACAAAAATTAGCCGGGCGTGGTGGCGTGCACCTGTAGTCCCAACTACTCAGGAGGCTGAGGCAGGAGAATCGCGTGAACCCGGAGGCGGAGGTTACAGTGAGCCAAGATCGCGCCACTGCACTCCAGCCCGGTAGACAGAGCTAAGATTCCAACTCAAAAAAAAAAAAAAAAAAAAA","GGCCGGGTGCGGTGGCTCACACCTGTAATCCCAGCACTTTGGGAGGCCAAGGCGGGCGGATCACAAGGTCAGGAGTTCGAGACCAGCCTGGCCAATATGGTGAAACCCCATCTCTATTAAAAATACAAAAATTAGCTGGGCATGGTGGCGTGCACCTGTAGTCCCAGCTACTCAGGAGGCTGAGGCAGGAGAATAGCTTGAACCCGGGAGGCGGAGGTTGCAGTGAGTCGAGATCGTACCACTGCACTCCAGCCTGGGCGACAGAGCAAGATTCCATCTTAAAAAAAAAAAAAACAAAAAA"
"chr1","6655822","6656122","chr1","6651832","6652126","17","3990","GGCCGGGTGTGGTGGCTCATGCCTGTAATCCCAGCACTTTGGGAGGCCGAGGCAGGCGGCTCACGAAGTCAGGAGTTTGAGACCAACATGACCAACATGGTGAAACCCCATCTCTACTAAAAATACAAAAATTAGCCGGGCGTGGTGGTGCGCACCTATAATCCCAGCTCCTCAGGAGGCTGAGGCAGGAGAATTGCTTCAACTTGTGAGGCAGAGGTTGCAGTGAGCCAAGATTGTGCCACTGCACTCCAGCCTGGGCAACAGAACAAGACTCCGTCTAAAAAAAAAAAAAAAAAAAAAA","GGCCGGGTGCGGTGGCTCATGCCTGTAATCCCAGCACTTTGGGAGGCCGAGGCAGGCGGCTCACGAAGTCAGGAGTTCGAGACCAACATGGTGAAACCCCATCTCTACTAAAAATACAAAAATTAGCCGGGCGTGGTGGTGCGCACCTATAATCCCAGCTCCTCAGGAGGCTGAGGCAGGAGAATTGCTTCAACTTGTGAGGAAGAGGTTGCAGTGAGCCAAGATTGTGCCACTGCACTCCAGCCTGGGCAAAAGAACAAGACTCCATCTAAAAAAAAAAAAAAAAAAAAAAAAA"
"chr1","6693400","6693681","chr1","6689340","6689621","6","4060","GGCTGGGCGTGGTGGCTCATGCCTGTAATCCCAGCACTTTGGGAGGCTGAGGCGGGTGAATCACGAGGTCAGGAGTTCGAGATCAGCCTGGCCAACATGGTGAAACCCTGTCTCTACTAAAAATACAAAAACTAGCTGGGTGTGGTGGTGGGCGTCTGTAATCCCAGCTACTCGGGAGGCTGAGGCAAGAGAATTGGTTGAACCCGGGAGATGGAGTTTGCAGTGAAGCAAGATCGCACCACCACTGCACTCCAGCCTGAGCGACAGAGCAAGAATCCATCT","GGCTGGGCGTGGTGGCTCATGCCTGTAATCCCAGCACTTTGGGAGGCCGAGGCGGGCGAATCACGAGGTCAGGAGTTCGAGATCAGCCTGGCCAACATGGTGAAACCCTGTCTCTACTAAAAATACAAAAACTAGCCGGGTGTGGTGGTGGGCGCCTGTAATCCCAGCTACTCGGGAGGCTGAGGCAAGAGAATTGGTTGAACCTGGGAGATGGAGTTTGCAGTGAAGCAAGATCGCACCACCACTGCACTCCAGCCTGAGCGACACAGCAAGAATCCATCT"
"chr1","6733394","6733599","chr1","6725831","6726036","1","7563","GGCCGGGCACGGTGGCTCATGCCTGTAATCTCCACACTTTGGGAGGCTGAGGCAGGCAGATCATGAGGTCAGAAGTTTGAGACCAGCCTGACCAACATGGTGAAACCTCGTCTCTACTAAAAATACCAAAATTAGCCAGGCACGGTGGCATGCGCCTGTAATCCCAGCTACTCAGGAGGCTGAGGCAGGAAAATCGCTTGAACCTG","GGCCGGGCACGGTGGCTCACGCCTGTAATCTCCACACTTTGGGAGGCTGAGGCAGGCAGATCATGAGGTCAGAAGTTTGAGACCAGCCTGACCAACATGGTGAAACCTCGTCTCTACTAAAAATACCAAAATTAGCCAGGCACGGTGGCATGCGCCTGTAATCCCAGCTACTCAGGAGGCTGAGGCAGGAAAATCGCTTGAACCTG"
"chr1","6757346","6757660","chr12","116516772","116517085","38","109759426","GGCCGGGTGCGGTGGCTCACGCCTGTAATCCTAGCACTTTGGGAGGCCAAGGCAGGCAGATCATGAGGTCAGGAGTTCGAGACCAGCCTGACCAACATGGTGAAACCCCATCTCTACTAAAAAAAAAAAGAAAGAAAAAATTACCTGTGCGTGGTGATGCGTGCCTGTAATCCCAGCTACTCAGGAGGTTGAGGCAGGAGAATCGCTTGAACCTGGGAGGTGGAGGTTGCAATGAGCCAAGATTGCACCACTGCACTGCAGCCTGGGCAAGAGAGCAAAACTCCATGTCAAAAAAAAAAAAAAAAAAAAGAAGAA","GGCTGGGTGCAGTGGCTCACGCCTGTAATCCTAGCACTTTGGGAGGCCAAGGCAGGCAGATCACGAGGTCAAGAGTTCGAGACCAGCCTGACCAACATGGTGAAACCCCATTTCTACTTAAAAAAAAAAACAAAAAAACAAAAATTAGCCAGCCATGGTGTGTGTCTGTAATCCCAGCTGCTCAGGAGGCTGAGGCAGGAGAATTGCTTGAACCCGGGAGGTGGAGGTTGCAGTGAGCCGAGATCGCACCACTGTACTCCAGCCTGGGCGACAGAGCGAGACTCCATCTCAAAAAAAAAAAAAAGAAAGAAAAA"
"chr1","6781290","6781564","chr1","6778593","6778867","7","2697","GCTGGGCGCGGTGGCTCACGCCTGTAATCCCAGCACTTTGGGAGGCTGACGCCAGCGGATAACGAGGTCAGGAGTTTGAGACCAGCCTGACCAACATGGTGAAACCCCGTCTCTACTAAAAATACAAAAATTAGCCAGGTATGGTGGCGGGTGCCTGTAATCCCAGATACTCAAGAGGTGAGGCAGGAGAATCGCTTGAACCCGGGAGGCAGAGGTTTCAGTGAGCCGAGATCGTGCCACTGCACTCCAGCCTGGGCAACAGAGTAAGACTCCGT","GCTGGGCGCGGTGGCTCACGTCTGTAATCCCAGCACTTTGGGAGGCCGATGCTAGCGGATCACGAGGTCAGGAGTTTGAGACCAGCCTGACCAACATGGTGAAACCCCGTCTCTACTAAAAATACAAAAATTAGCCAGGTATGGTGGCGGGTGCCTGTAATCCCAGCTACTCAAGAGGTGAGGCAGGAGAATCGCTTGAACCCGGGAGGCAGAGGTTTCAGTGAGCTGAGATCGTGCCACTGCACTCCAGCCTGGGCAACAGAGTAAGACTCCGT"
"chr1","6943567","6943876","chr1","6938824","6939132","5","4743","GGCCAGGCGTGGTGGCTCACACCTGTAATCCCAGCACTTTGGGAGGCCGAGGTGGGCGGATCACGAGATCAGAGTTCGAGACCAGCCTGACCAACATGGTGAAACCCCCGTCTCTACTAAAAATACCAAAATTAGCTGGGTGTGATGGCGTGTGCCTGTAACCCCAGCTACTCAGGAGGCTGAGGCAGTAGAATCGCTTGAACCTGGGAGGCGGAGGTTGCAGTGAGCCGAAATCGTGCCACTGCACTCCAGCTTGGGTGACAGAAGGAGACTCTGTCTCAAAAAAAAAAAAAAAAAAAAAAGAAAAAAA","GGCCAGGCGTGGTGGCTCACACCTGTAATCCCAGCACTTTGGGAGGCCGAGGTGGGCGGATCACGAGATCGGAGTTCGAGACCAGCCTGACCAACATGGTGAAACCCCCGTCTCTACTAAAATACCAAAATTAGCTGGGTGTGATGGCGTGTGCCTGTAACCCCAGCTACTCAGGAGGCTGAGGCAGTAGAATCGCTTGAACCTGGGAGGCGGAGGTTGCAGTGAGCCGAAATCGTGCCATTGCACTCCAGCTTGGGTGACAGAAGGAGACTCTGTCTCAAAAAAAAAAAAAAAAAAAAAAAGAAAAAA"
"chr1","7284217","7284499","chr1","7280933","7281217","7","3284","CTGGACGTGGTGGCTCACGCCTGTAATCCCAGCACTTTGGGAGGCCAAGGCGGGCAGATCACGAGGTCAGGAGTTCAAGACCAGCCTGGCTAACATGGCGAAACCCCATCTCTACTAAAAATACAAAAATTAGCTGGGCCTGGTGGCACGGGCCTGTAGTCTCAGCTACTGGGGAGGCTGAGGCAGGAGAATTGCTTGAACCCGGGAGGCAAAGGTTGCAGTGAGCCAAGATTACGCCACTGCACTCCAGCCTGGGTGACAGAGCAAGACTCCTTCTCAGAAA","GGCTGGACGTGGTGGCTCACGCCTGTAATCCCAGCACTTTAGGAGGCCAAGGCGGGCAGATCACGAGGTCAGGAGTTCGAGACCAGCCTGGCTAACATGGCGAAACCCCGTCTCTACTAAAAATACAAAAATTAGCTGGGCCTGGTGGCACGGGCCTGTAGTCTCAGCTACTGGGGAGGCTGAGGCAGGAGAATTGCTTGAACCCGGGAGGCAGAGGTTGCAGTGAGCCGAGATTACGCCACTGCACTCCAGCCTGGGTGACAGAGCAAGACTCCTTCTCAGAAA"
"chr1","7521547","7521842","chr1","7524727","7525021","4","3180","GAGCGCAGTGGCTCACGCCTGTAATCCCAGCACTTTGGGAGGCAGAGGTGGGCGGATCATGAGGTCAGGAGTTCAAGACCAGCCTGGCCAACATGGTGAAACTCCGTCTCTACTAAAAATACAAAAATTAGCTGGGCATGGTGGCGTGTGCCTATAATCCCAGCTACACAGGAGGCTGAGGCAGGAGAATTGCTTGAACTGGGACCCAGGAGGCAGAGGTTGCAGTGAGCTGAGATTGTGCCACTGCACTCCAGCCTGGGCTACAGAGCAAGCCTCCATCTGAAAAAAAAAAGGAA","GAGCGCAGTGGCTCACGCCTGTAATCCCAGCACTTTGGGAGGCAGAGGTGGGCGGATCACGAGGTCAGGAGTTCAAGACCAGCCTGGCCAACATAGTGAAACTCCGTCTCTACTAAAAATACAAAAATTAGCTGGGCATGGTGGCGTGTGCCTATAATCCCAGCTACACAGGAGGCTGAGGCAGGAGAATTGCTTGAACTGGGACCCAGGAGGCAGAGGTTGCAGTGAGCTGAGATTGTGCCACTGCACTCCAGCCTGGGCTACAGAGCAAGACTCCATCTGAAAAAAAAAGGAA"
"chr1","7706884","7707183","chr1","7709115","7709415","5","2231","GGCCAGGCACGGTGGCTCACGCCTGTAATCCCATCACTTTGGGAGGCTGAGGCAGGCAGATCACAAGGTCAGGAGTTCAAGACCAGCCTGGCCAACATAGTGAAACCCCATCTCCACCAAAATACAAAAATGAGCTGGGCATGGTGGCGCGCACCTGTAGTCCCAGCTACTCGGGAGACTGAGGCAGGAGAATCACTTGAACCCGGGAGGTGCAGGTTGTGGTGAGCCGGGATCATGCCACTGCACTCCAGCCTGGGCAACAGAGCGAGACTCCGTCTCAAAAAAAAAAAAAAAAAAGAA","GGCCAGGCACGGCGGCTCACGCCTGTAATCCCACCACTTTGGGAGGCTGAGGCAGGCAGATCACAAGGTCAGGAGTTCAAGACCAGCCTGGCCAACATAGTGAAACCCCATCTCTACCAAAATACAAAAATGAGCTGGGCATGGTGGCGCGCACCTGTAGTCCCAGCTACTCGGGAGACTGAGGCAGGAGAATCACTTGAACCCGGGAGGTGCAGGTTGTGGTGAACCGGGATCATGCCACTGCACTCCAGCCTGGGCAACAGAGCGAGACTCCGTCTCAAAAAAAAAAAAAAAAAAAGAA"
"chr1","7731292","7731600","chr1","7734106","7734412","7","2814","GGCTGGGCGCAGTGGTTCATGCTTGTAATCCCAGCAGTTTGGGAGGCCGAGGTGGGCAGATCACGAGGTCAGGAGTTCAAGACCAGCCTGGCCAACGTAGTGAAACCCCGCCTCTACTAAAAATACAAAAATTAGTGAGGTGTGGTTGCAGGCATCTGTAGTCCCAGCTACTTGGGAGGCTGAGGCAGGAGAATCACTTTAACCCGGGAGGCAGAGGTTACAGTGAGCTGAGATTGCGCCATTGCACTCCAGCCTGGGCGACACCATGACACTCTGTCTCAAAAAAAAAAAAAAAAGAAAAGAAAGAAA","GGCTGGGTGCAGTGGTTCATGCCTGTAATCCCAGCAGTTTGGGAGGCCGAGGTGGGCAGATCACGAGGTCAGGAGTTCAAGACCAGCCTGGCCAACGTAGTGAAACCCCGCCTCTACTAAAAATACAAAAATTAGTGAGGTGTGGTGGCAGGCACCTGTAGTCCCAGCTACTTGGGAGGCTGAGGCAGGAGAATCACTTTAACCCGGGAGGCAGAGGTTGCAGTGAGCTGAGATTGCGCCATTGCACTCCAGCCTGGGCGACACCATGACACTCTGTCTCAAAAAAAAAAAAAAGAAAAGAAAGAAA"
"chr1","7842221","7842516","chr4","47777541","47777834","36","39935320","GGCTGGGCGCGGTGTCTACTACCTGTAATCTCAGCAGTTTGGGAGGCCAAGGTGGGCGGATCACGAGGTCAGGGGTTCAAGACCAGCCTGGCCAACATAATGAAACCCTATCTCTACTAAAAAACAAAAATTAGCTGGGCGCGGTGGTGGGCACCTGTGGTCCCAGCTACTTGGGAGGCTGAGGCAAGAGAATCGCTTGAACCTGGGAGGCGGAGGTTGCAGTGAGCTGAGATCGCACCACTGCATTCCAGCCTGGGTGACACCGCAAGACTCTGTCTCAAAAAAAAAAATAAAAA","GGCCAGGCGTGGTGGTACGCCTGTAATCCAGGCACTTTGGGAGGCCAAGGTGGGCGGATCACGAGGTCAGGAGTTCAAGACCAGCCTGACCAACACAGTGAAACCCCGTCTCTACTAAAAATACAAAAATTAGCCAGGCGTGGTGGCGTGCACCTGTAATCCCAGCTACTAGGGAGGCTGAGGCAGGAGAATCGCTTGAACCCAGGAGGCAGAGGTTGCAGTGAGCTGAGATCGCACCATTGCACTCCAGCCTGGGTGACAGAGTGAGACTCTGTCTCAAAAAAAAAAAAAAAA"
"chr1","7854064","7854369","chr1","7859267","7859575","6","5203","GGCCGGGTGCAGTGGCTCACGCCTGTAATCCCAGCACTTTGGGAGGCTGAGGCGGATGGATCACGAGGTCAGGAGTTTGAGACCAGCCTGACCAACATGGTGAAACCCCGTCTCTACTAAAAATACAAAAATTAGCCAGGCATGGTGGCACGTGCCTGTAATCCCAGCTACTCAGGAGGCTGAGGCAGGAGAATTGCTTGAATCCAGGAGGCGGAGGGTGCAGTGAGCCAAGATTGCGCCACAGCAGTCCAGCCTGGGTGACAGAGCGAGACTCTGTCTAAAAAAAAAAAAAAAGAGAAGGAGAAA","GGCCGGGTGCAGTGGCTCACGCCTGTAATCCCAGCACTTTGGGAGGCTGAGGCGGATGGATCACGAGGTCAGGAGTTTGAGACCAGCCTGACCAACATGGTGAAACCCCGTCTCTACTAAAAATACAAATATTAGCCAGGCATGGTGGCACGTGCCTGTAATCCCAGCTACTCAGGAGACTGAGGCAGGAGAATTGCTTGAATCCAGGAGGCGGAGGGTGCAGTGAGCCAAGACTGCGCCACAGCAGTCCAGCCTGGGTGACAGAGCGAGACTCTGTCTAAAAAAAAAAAAAAAAAAGAGAAGGAGAAA"
"chr1","7877593","7877886","chr1","7882579","7882868","11","4986","GACTGGGCGCAGTGGCTCACGCCTGTAATCCCAGCACTTTGGGAGGCTGAGGCGGGAGGATCACAAGGTCAGGAGTTCGAGACCAGCCTGAGCAACATGGTGAAACCCTGTCTCTACTAAAAATACAAAAATTAGCTGGGCATGGTGGCATGTGCCTGTAATCCCAGCTACTCAGGAGGCTGAGGCAAGAGAATCGCTTGAACCTGGGAGGCAGAGGTTGTAGTGAGCTGAGATTGTGCCACTGCACTCCAGCCTGGGCAACAGAGCAAGACTCTGTCTTAAAAAAAAAAAAAA","GACTGGGCACAGTGGCTCACGCCTGTAATCCCAGCACTTTGGGAGGCTGAGGCGGGAGGATACCAAGGTCAGGAGTTCGAGACCAGCCTGAGCAACATGGTGAAACCCCGTCTCTACTAAAAATACAAAAATTAGCTGGGCATGGTGGCATGTGCCTGTAATCCCAGCTACTCAGGAGGCTGAGGCAAGAGACTCGCTTGAACCTGGGAGGCAGAGGTTGTAGTGAGCTGAGATTGCGCCACTGCACTCCAGCCTGGGCAACAGAGCAAGATTCTGTCTTAAAAAAAAAA"
"chr1","7886771","7887070","chr1","7892601","7892893","10","5830","GGCCAGGCATGGTGGCTCACGCCTGTAATGCCAGCACTTTGGGAGGCCAAGGCAGGGGTATCACGAGGTTAGCAGTTCGAGACCAGCCTGACCAACATGGTGAAACCCATCTCTACTAAAAATACAAAGATTAGCTGGGCATGGTGGCAGGTCCCTGCTACTCGGGAGGCTGAGGCAGGAGAATTGCTTGAACCTGAGAGGCAGAGGTTGCAGTGAGCCAAGATCACGTCACTGCACTCCAGCCTGGGCGACAGGGCAAGACTCCGTCTCAAAAAAAAAAAAAAAAAAAAAAAAAAAAAA","GGCCAGGCATGGTGGCTCACGCCTGTAATGCCAGCACTTTGGGAGGCCAAGGCAGGGGTATCACAAGGTTAGGAGTTCGAGACCAGCCTGACCAACATGGTGAAACCCATCTCTACTAAAAATACAAAGATTAGCTGGGCATGGTGGCAGGTCCCTGCTACTCGGGAGGCTGAGGCAGGAGAATTGCTTGAACCTGAGAGGCAGAGGTTGCAGTGAGCCAAGATCACGTCACTGCACTCCAGCCTGGGTGACAGGGCAAGACTCCGTCTCAAAAAAAAAAAAAAAAAAAAAAA"
"chr1","7894700","7894938","chr16","1312413","1312669","56","6582287","GGCCGGGCGCGGTGGCTCACACCTGTGATCCCAACACTTTGGGAGGCTGAGGCGGGCAGATCACGAGGTCAGGAGATGGAAACCAGCCCGGCAACATGGTGAAACCCTGTCTCTACCAAAAACACAAAAATTAGCCGGGAGTGGTGGCACAAGTCCAGGAGTTCTAGGCTGCAATGAGCTCTGATCACACCACCGCATTCCAGCCTGGGCGAGAGAGCAAGACCCTGTCTCAAACAAAA","GGCCGGGCGCGAGGGCTCACGCCTGGAATCCCAGCACTTTGGGAGGCCGAGGTGGGCGGATCACGAGGTCAGGAGTTTGACACCAGTCTGGCCAACATGGTGAAACCCTGTCTCTACTATAAATACAAAAAATAGCCGGGCGTGGTGGCGCATGCCTGAATCGTTTGAACCCGGCAGGTGGAGGTTTCACTGAGCTGAGATCCCGCCATTGCACTCCAGCCTGGGTGACAGAGCAAGACTCCGTCTCAAAAAACAAA"
"chr1","7934429","7934736","chr1","7942387","7942692","5","7958","GGACGGGCGTGGTGGCTCACACCTGTAATCCCAGCACTTTGGGAGGCCGAGGTGGGCGGATCATGCGGTCAGGAGTTCAAGACCAGACTGGCCAGCATGGTGAAACCTCATCTCTACTAAAAATACAAAAATTAGCCGGGCGTGGTGGTGCATGCCTATAATCCCAGCTACTTGGGAGGCTGAGGCAGGAGAATCACTTGAACCCAGGAGGTGGAGATTGCAGTGAGCTGAGACTGCACCACTGCACTCCAGCCTGGCACAGAGCAAGACACTCTCTTAAAAACAAAAAAAAAGAAAAGAAAAGAAAA","GGACGGGAGTGGTGGCTCACGCCTGTAATCCCAGCACTTTGGGAGGCCGAGGTGGGCGGATCATGCGGTCAGGAGTTCAAGACCAGACTGGCCAGCATGGTGAAACCCCATCTCTACTAAAAATACAAAAATTAGCCGGGCGTGGTGGTGCATGCCTATAATCCCAGCTACTTGGGAGGCTGAGGCAGGAGAATCACTTGAACCCAGGAGGTGGAGATTGCAGTGAGCTGAGACTGCACCACTGCACTCCAGCCTGGCACAGAGCAAGACACTCTCTTAAAAAAAAAAAAAAAAAAGAAAAGAAAA"
"chr1","7969585","7969877","chr1","7976167","7976460","5","6582","GGTCGGGAGTGGTGGCTCACGCCTATAATTCCAGCACTTTGGGAGGCCGAGGTGGGCGGATCACGAGGTCAGGAGTTTGAGACCAGACTGGCCAACATGGTGAAACCCCGTCTCTAATAAAAATATAAAAATTAGCAGGGCATGGGGGTGCATGCCTGCAATCCCAGCTACTCAGAGGCTGAGGCAGGAGAACTGCTTGAACCCAGGAGGCGGAGATTGCAGTGAGCCGAGATTGTGCCACTGCACTCCAGCCTGGGCCACAGAGCAAGACTCTGTCTCAAAAAAAAAAAAAA","GGTCGGGAGTGGTGGCTCACGCCTATAATTCCAGCACTTTGGGAGGCCGAGGTGGGCGGATCACGAGGTCAGGAGTTTGAGACCAGACTGGCCAACATGGTGAAACCCCGTCTCTAATAAAAATACAAAAATTAGCAGGGCATGGGGGTGCATGCCTGCAATCCCAGCTACTCAGAGGCTGAGGCAGGAGAACTGCTTGAACCTAGGAGGCGGAGATTGCAGTGAGCCGAGATTGTGCCACTGCACTCCAGCCTGGGCCACAGAGCAAGACTCCGTCGCAAAAAAAAAAAAAAA"
"chr1","7977751","7977985","chr1","7984325","7984561","6","6574","GAGTTTGAGACCAGCCTGACCAACATGGTGAAACTCCATCTCTACTAAAAATACAAAAATTAGCTGGGTGTGATGGCATGCGCCTGTAATCCCAGCTACTCAGGAGGCTGAGAGAGAAGAATCGCTTGAACCCGGGAGGCAGGGATTGCAGTAAGCCAAGATCACGCCACTGCACTCCAGCCTGGGCGATGGAGCGAGACTCCATCTCAAAAAACAAACAAACAAACAAAAACAA","AAGAGTTTGAGACCAGCCTGACCAACATGGTGAAACTCCATCTCTACTAAAAATACAAAAATTAGCTGGGTGTGATGGCATGCGCCTGTAATCCCAGCTACTCAGGAGGCTGAGAGAGAACAATCGCTTGAACCTGGGAGGCAGAGATTGCAGTGAGCCAAGATCACGCCACTGCACTCCAGCCTGGGCGATGGAGCGAGACTCCATCTCAAAAAACAAACAAACAAACAAAAACAA"
"chr1","7977986","7978295","chr1","7984562","7984865","14","6576","GACTGGGCGCGGTGGCTCATGCCTGTAATCCCAGCACTTTCAGAGGCTGAGGCGGGTGGATCACAAGGTCAGAAGTTCAAGACCAGCATGACCAACATGGAGAAACCCCATCTCTACTAAAAAATACAAAAATTAGCCAGGCGTGGTGGAGCACACCTGTGATCCCAGCTACTCAGGAGGCTGAGGCAGAAGAATCACTTGAACCCGGGAGGCGGAAGTTGCAGTGAGCAGAGAACGCACCATGGCACTCCAGCCTGGGCAACAGAGCGAGACTCTGTCTCAAAAAAAAAAAAAAAAAAAAAAAAAAAAA","GAGACTGGGCGCGGTGGCTCACGCCTGTAATCCCAGCACTTTCAGAGGCTGAGGCGGGTGGATCACAAGGTCAGAAGTTCAAGACCAGCATGACCAACATGGAGAAACCCCATCTCTACTAAAAAATACAAAAATTAGCCAGGTGTGGTGGAACACACCTGTGATCCCAGCTACTCAGGACGCTGAGGCAGAAGAATCACTTGAACCCGGGAGGCGGAAGTTGCAGTGAGCAGAGAACGCACCATGGCACTCCAGCCTGGGCAACAGAGCGAGACTCTGTCTCAAAAAAAAAAAAAAAAAAAAA"
"chr1","7978296","7978375","chr1","7984866","7984943","2","6570","GGCCAGGCGCGGTGGCTAACACCTGTAATCCCAGCACTCTGGGAGGCTGAGGCAGGCAGATCACAAGGTCAAGAGTTCGA","GGCCAGGCGCGGTGGCTAACACCTGTAATCCCAGCACTCTGGGAGGCTGAGGCAGGCAGATCACAAGGTCAAGAGTTC"
"chr1","7990873","7991180","chr1","7997405","7997710","6","6532","GCCGGGCGCGGTAGCTCACGCCTGTAATCCCGGAACTTTGGGAGGCTGAGGTGGGTGGATCACGAGATCAGGAATTTGAGACCAGCCTGGCCAACGTGGTGAAACCCCATCTCCAGGAAAAATATAAAAATTATCCGGACGTGGTGGTGCATGCCTGTAATCCCAGCTACTCAGGAGGCTGAGGGAGGAGAATCGCTTGAACCAGGGAGGTGGAGGTTGTAGTGAGCCGAGATTGTGCCACTGCACTCCAGCTTGGGCGACAAGAGCAAGACTCTATCTCAAAAAAAAAAAAAAAAAAAAAAAGAAAA","GCCGGGCGCGGTAGCTCACGCCTGTAATCCCGGAACTTTGGGAGGCTGAGGTGGGTGGATCACGAGATCAGGAATTTGAGACCAGCCTGGCCAACGTGGTGAAACCCCATCTCCAGGAAAAATATAAAAATTAGCCGGACGTGGTGGTGCATGCCTGTAATCCCAGCTACTCAGGAGGCTGAGGGAGGAGAATCGCTTGAACCAGGGAGGTGGAGGTTGTAGTGAGTCGAGATTGTGCCACTGCACTCCAGCCTGGGCGACAAGAGCAAGACTCTATCTCAAAAAAAAAAAAAAAAAGAAAAGAAA"
"chr1","8001891","8002187","chr1","8008109","8008405","8","6218","GGCTGGGCACGGTGGCCCCTACCTGTAATCCCTGCATTTTGGGAAGCCAAGGCGGGCAGATCACAAGGGCAGGAGTTCGAGACCAGCCTGGCCAACATAGTGAAACCCCGTCTCTACTAAAAATACAAAAATTAGCCAGGCATGGTGGCGTGCACCTGTAGTCCCAGCTACTCAGGAGGCTGAGGCAGGAGAATCGCTTGAACCCGGAGGGTGGAGGTTGTGGTGAGCCGAGATTGCGCCACTGTACTCCAGCCCAGGCAACAGAGACTCCATCTAAAAATAAATAAAAAATAAGAA","GGCCGGGCACGGTGGCCCCCACCTGTAATCCCAGCATTTTGGGAAGCCAAGGCGGGCAGATCACGAGGGCAGGAGTTCGAGACCAGCCTGGCCAACATAGTGAAACCCCGTCTCTACTAAAAATACAAAAATTAGCCGGGCATGGTGGCGTGCGCCTGTAGTCCCAGCTACTCGGGAGGCTGAGGCAGGAGAATCGCTTGAACCCGGAGGGTGGAGGTTGTGGTGAGCCGAGATTGCGCCACTGTACTCCAGCCCGGGCAACAGAGACTCCATCTAAAAATAAATAAAAAATAAGAA"
"chr1","8007006","8007302","chr1","8013238","8013531","6","6232","GGCCGGGCACGGTGGCTCACGTCTGTAATCCCAGCACTTTGGGAGGCTGAGGCGGGCAGATCACGAGGTCAGGAGTTCGAGACCAGCCTGGCCAGCATAGTGAAACCCCCATCTCTACTAAAAATACAAAAATTAGCCAGGCATGGTGGCGTGTGCCTGTAGTCCCAGCTACTCGGGAGGCTGAGGAGGGAGAACTGCTTGAACCCAGGAGGTGGAGGTTGCACTGAGCCGAGATCACACCACTGCACTACAGCCTGGGCGACAGAGCCAGACTCTGTCTCAAAAAAAAAAAAAAAA","GGCCGGGCACGGTGGCTCACGTCTGTAATCCCAGCACTTTGGAAGGCTGAGGCGGGCAGATCACGAGGTCAGGAGTTCGAGACCAGCCTGTCCAGCATAGTGAAACCCCATCTCTACTAAAAATACAAAAATTAGCCAGGCATGGTGGCGTGTGCCTGTAGTCCCAGCTACTCGGGAGGCTGAGGAGGGAGAACTGCTTGAACCCAGGAGGTGGAGGTTGCACTGAGCCGAGATCACACCACTGCATTACAGCCTGGGCGACAGAGCCAGACTCTGTCTCAAAAAAAAAAAAAA"
"chr1","8168635","8168925","chr1","8171608","8171893","14","2973","CCGGGCACAGTGGCTCACGCCTGTAATCCCAGCACTTTGGGAGGCCAAGGCGGGCGGATCAAGAGCTCAGGAGTTTGAGACCAGCCTGACCAACATGGTGAAACCCCGTCTCTACTAAAAATTAGCTGGATATGGTGGTGCACGCCTGTAATCCCAGCTACTTGGGAGGCTGAGGCAGGAGAATTGCTTCAATCTGGGAGGCGGAGGTTGCAGTGAGCCGAGATGGCCCCACTGTACTCCACCCTGGGCAACAGAGTGAGACTCCATCTCAAACAAAAACAAAAACAAAAA","GCCAGGCACAGTGGCTCACGCCTGTAATCCTAGCACTTTGGGAGGCCAAGGCGGACGGATCAAGAGCTCAGGAGTTTGAGACCAGCCTGACCAACATGGTGAAACCCCATCTCTACTAAAAATTAGCTGGATATGGTGGTGCACGCCTGTAATCCCAGCTACTTGGGAGGCTGAGGCAGGAGAATTGCTTCAATCTGGGAGGCGGAGGTTGCAGTGAGCCAAGATGGCCCCACTGCACTCCACCCTGGGCAACAGAGCGAGACTCCATCTCAAACAAAAACAAAAA"
"chr1","8175846","8176125","chr1","8178937","8179216","6","3091","GCGGGGCGCGGTGGCTCGCACCTGTAATCCCAGCACTTTTCCCAGGCAGGCAGACCACGAGGTCAGGAGTTCGAGACCAGCCTGGCCAACATAGTAAAACCCTGTCTTTACTAAAAATTACAAAAATTAGCTGGATGTGGTGGCACCCACCTGTAGTCCCAACTACTCAGGAGGCTGAGGCAGGAGAATCGCTTGAACCCAGGAGGCAGAGGTTGCAGTGAGCCAAGATGGCACCATTGCACTGCAGCCTGGGTGACAGAGCAAGACTCTGTCTCAAAAA","GCGGGGTGTGGTGGCTCACACCTGTAATCCCAGCACTTTTCCCAGGCAGGCAGACCACGAGGTCAGGAGTTCGAGACCAGCCTGGCCAACATAGTAAAACCCTGTCTTTACTAAAAATTACAAAAATTAGCCAGATGTGGTGGCACCCACCTGTAGTCCCAACTACTCGGGAGGCTGAGGCAGGAGAATCGCTTGAACCCAGGAGGCAGAGGTTGCAGTGAGCCAAGATGGCACCATTGCACTGCAGCCTGGGTGACAGAGCAAGACTCTGTCTCAAAAA"
"chr1","8180415","8180715","chrX","73856664","73856964","35","65676249","GGCCGGGCACAGTGGCTCATGATTATAATCCCAGGACTTTGGGAGGCCGAGACAGGCAGATCACGAGGTCAGGAGATCGAGACCATCCTGGCTAACATGGTGAAACCCCGTCTCTACTAAAAATACAAAAATTAGCCAGGCATGGTGGCGGGCATGTGTAATCCTAGCTACTCGGAAGGCTGAGGCAGGAGAATCACTGGAACACGGGAGGCGGAGGTTGCAGTGAGCCGAGATTGTGCCACGGCACTCCAGCCTGGGCGACAGAGCGAAACTCCATCTCAAAAAAAAAAAAAAAGAAGAA","GGCCAGGTGCAGTGGCTCACGCCTGTAATCCCAGCACTTTGGGAGGCCAAGGCGGGAGGATCACGGGGTCAGGAGATCAAGACCATCCTGACTAACATGGTGAAACCCCGTCTCTACTAAAAATACAAAACTTAGCCAGGCGTGGTGGCGGGCACCTGTAATCCTAGCTACTCAGGAGGCTGAGGCAGGAGAATCACTTGAACCTGGGAGGCAGAGGTTGCAGTGAGCCGAGATTGCGCCACTGCACTCCAGCCTGGGTGACAGAGCTAGACCCCATCTCAAAAAAAAAAAAAATACAAAA"
"chr1","8188030","8188340","chr1","8191374","8191693","15","3344","GGCTGGGTGCGGTGGCTCATGCCTGTAATCCCAGCACTTTGGGAGGCCGAGGCAGGCAGACCACGAGGTCAGGAGTTCGAGACCAGCCTGGTCAACATGGTGAAGTCCCTTCTCTACTAAAAAATACAAAAATTAGCTGGGCGAGGTGGCACGCACCTACAATCCCAGCTACTAGGGAGGCTGAGGCGGGAGGATCACTTGAATCCAGGAGGCAGAGGCTGCAGTGGACCAAAATTGCACCACTGAACTCCAGCCTGGGCAACAGAGTGGGAGCCTATCTCAAAATAATAATAAATAAATAAATAAATAAA","GGCTGGGTGCGGTGGCTCATGCCTGTAATCCCAGCACTTTGGGAGGCCGAGGCAGGCAGACCACGAGGTCAGGAGTTTGAGACCAGCCTGGTCAACATGGTGAAATCCCTTCTCTACTAAAAAATACAAAAATTAGCTGGGCGAGGTGGCACGCACCTACAATCCCAGCTACTAGGGAGGCTGAGGCGGGAGGATTGCTTGAATCCAGGAGGCAGAGGCTGCAGTGGACCAAGATCGCACCACTGAACTCCAGCCTGGGCAACAGAGTGGGAGCCTATCTCAAAATAATAATAATAAATAAATAAATAAATATAAATAAA"
"chr1","8195768","8196078","chr1","8200045","8200355","5","4277","GGCCGGGCGCGGTGGCTCACGCGTGTAATCCTAGCACTTTGGGAGGCCGAGATGGGTGGATCACGAGATCAGGAGTTTGAGGCCAGCCTGACCAACATGGTGAAATGTTGGTCTCTACTAAAAATACAAAAATTAGCCGGGCGTGGTGGCGTGCTCCTATAGTCCCAGCTATTCTTGAGGCTGAGGCAGGAGAATTGCTTGAATCCAGGAGGCGGAAGTTGCAGTGAGCAGAGATAACGCCACTGCACTCCAGCCTGAGTGACAGAGAGAGACTCTGTCTCAAAAAAAATAAAATAAAATAAAAAATAAAA","GGCCGGGCGCGGTGGCTCACGCCTGTAATCCTAGCACTTTGGGAGGCCGAGATGGGTGGATCACGAGATCAGGAGTTTGAGGCCAGCCTGACCAACATGGTGAAATGTTGGTCTCTACTAAAAATACAAAAATTAGCCGGGCGTGGTGGCGTGCGCCTATAGTCCCAGCTATTCTTGAGGCTGAGGCAGGAGAATTGCTTGAATCCGGGAGGCGGAAGTTGCAGTGAGCCGAGATAATGCCACTGCACTCCAGCCTGAGTGACAGAGAGAGACTCTGTCTCAAAAAAAATAAAATAAAATAAAAAATAAAA"
"chr1","8206122","8206394","chr1","8211438","8211720","12","5316","GGCCGGCCATGGTGGCTCACACCTGTAATCCAGCACTTTGGGAGGCCGAGGCAGGCGGGTCAAAAGGTCAGGAGTTGAGACCAGCCTAGTCAATATGGTGAAACCCCAACTCTACTGAAAACACAAAAAGTAGCCAGGCATGGTGGTGGGTGCCTGTAATCCCAGCTACTCAGGAGGCTGAGGCAGGAGAATCGGCTTGAACCGAATCTGGGTTGCAGTGAGCCCAGATCGCGACACGACAGAGTGAGACTCCATCTAAAAAAAAAAAAAGAA","GGCCGGCCATGGTGGCTCACACCTGTAATCCAGCACTTTGGGAGGCTGAGGCAGGCGGGTCAAAAGGTCAGGAGTTTGAGACCAGCCTAGTCAATGTGGTGAAACCCCAACTCTACTGAAAACACAAAAAGTAGCCAGGCATGGTGGTGGGTGCCTGTAATCCCAGCTACTCAGGAGGCTGAGGCAGGAGAATCGGCTTGAACCGAATCTGGGTTGCAGTGAGCCCAGATCGCGACACGACAGAGTGAGACTCCATCTCAAAAAAAAAAAAAAAAAAAAAGAA"
"chr1","8210777","8211067","chr1","8216095","8216385","5","5318","GGCCGGGCGCGGTGGCTCACACCTGTAATCCCAGCGCTCTGGGAGGCTGAAGTGGGCAGATCACAAGGTCAGGAGTTCGAGACCAACCTGGCCAACATGGTGAGGCTCCTTTCTCTACTAAAAATACAAAAAGTAGTCAGGCATGGTGGCAAGAGCCTGTAGTTCCAGCTACTCGGAAGGCTGAGGCAGGAGAATGGCGTGAACCCGGGAGGCGGAGGCAGTGAACCGAGATCACGCTACTGCACTCCAGCCAGGCCAACAGAGCGAGACTCCATCTCAAAAAAAAAAGAA","GGCCGGGCGCGGTGGCTCACACCTGTAATCCCAGCGCTCTGGGAGGCTGAAGTGGGCAGATCACAAGGTCAGGAGTTCGAGACCAACCTGGCCAACATGGTGAAGCTCCCTTCTCTACTAAAAATACAAAAAGTAGTCAGGCATGGTGGCAAGAGCCTGTAGTTCCAGCTACTCGGAAGGCTGAGGCAGGAGAATGGCGTGAACCTGGGAGGCGGAGGCAGTGAACCGAGATCACGCTACTGCACTCCAGCCGGGCCAACAGAGCGAGACTCCATCTGAAAAAAAAAAGAA"
"chr1","8216435","8216692","chrX","27763128","27763384","35","19546693","GGCTGGGCGCGGTGGCTCAGGCCTATAATCCCAGCACTTTGGGAAGCCAAGGCGAGCGGATCACAAGGTCATGCGTTCCAGACCAGCCTGGCCAACGTGGTGAAACCCCGTCTCTACCAAAAATACAAAAATTAGCCAAGCGTGGTGGTGCACGCCTGTGATCCCTGCTACTCAGGAGGCTGAGACAGGAGAGTTGCTTGAACCCGAGAGGCAGAGGTTGCAGTGAGCCGAGATAAAGCCACTACACTCCAGCCTGGG","GGCCGGGCACGGTGGCTCACGCCTGTAATCCCAGCACTTTGGGAGGCCGAGGCAGGCGGATCACGAGGTCAGGAGTTTGAGACCAGCCTGGCCAACATGGTGAAACCCCATCTCTACTAAAAATACAAAAATTAGCCGGGCATGGTGGTGCATGCCTGTAATCCCAGCTACTCAGGAGGCTGAGGCAGGAGAATCACTTGAACCTGGGAGGTGGAGGTTGCAGTGAGCCAAGATCATGCCACTGCACTCCAGCCTGG"
"chr1","8256801","8257090","chr1","8263672","8263960","2","6871","GCCTGATGCGGTGGCTCACACCTGAAATCCCAGCACTTTGGGAGGCCAAGGCGGGCGGATCATGAGGTCAGGAGTTTGAGACCAACCTGACCAACATGGTGAAACCCCGTATCTACTAAAAATAGAAAAATTAGCTGGGCATGGTGGTGCTTGCAGCTACTAGGGAGGCTGAGGCAGAAGAATCGCTTGAACCCGGGAGGCAGAGGTTGCAGTGAGCCAAGATCTTGCCACTGCACTCCAGCCTAGTTGACAGAGCAAGACTCCGTCTCAAAAAACCAAAAAAAAGAAAA","GCCTGATGCGGTGGCTCACACCTGAAATCCCAGCACTTTGGGAGGCCAAGGCGGGCGGATCATGAGGTCAGGAGTTTGAGACCAACCTGACCAACATGGTGAAACCCCGTATCTACTAAAAATAGAAAAATTAGCTGGGCATGGTGGTGCTTGCAGCTACTAGGGAGGCTGAGGCAGGAGAATCGCTTGAACCCGGGAGGCAGAGGTTGCAGTGAGCCAAGATCTTGCCACTGCACTCCAGCCTAGTTGACAGAGCAAGACTCCGTCTCAAAAAACCAAAAAAAGAAAA"
"chr1","8275713","8276030","chr10","111713825","111714132","32","103438112","GGCCGGGCACGGTGGCTCATGCCTGTAATCCCAGCACTCCGGGAGGCCGAGGCGGGCGGATCACGAGGTCAGCAGTTCAAGAGCAGCCTGGCCAACATGGTGAAACCCCGTCTCTACTAAAAATACAAAAATTAGCCGGGCATGGCGGCACGTGCCTGTAATCCCAGCTACTCAGGAGGCTGAGGCAAGAGAATCGCTTGAACCTAGGAGGTGGAGGTTGCAGTGAGCCGTGATCGCGCCACTGCCCTGCAGCCTGGGCAAGAGAGTGAGACTCTGTCTCAAAAAAAAAAAAAAAAAAAAAAAAAGAAAGAAAAGAAA","GGCCAGGCACGGTGGCTCATGCCTGTAATCCCAGCACTCTGGGAGGCCGAGGTGGGCGGATCAAGAGGTCAGGAGTTCAAGACCAGCCTGACCAACATGGTGAAACCCTGTCTCTACTAAAAATACAAAAATTAGCCTGGCATGGTGGCACGCGCCTGTAATCCCAGCTACTCAGGAGGCTGAGGCAGGAGAATCGCTTGAACCCAGGAGGTGGAGGTTGCAGTGAGCTGAGATCATGCCATTGCACTCCAGCCTGGGCGACAGAGTGAGACTCTGTCTCAAAAAAAAAAAAAAAAAAAAAAAAAAAA"
"chr1","8323211","8323511","chr1","44783146","44783439","27","36459935","GGCTGGGCACGGTGGCTCACGCCTGTAATCCCAGCACTTTGGGAGGCCGAGGTGGGCAGATCACGAGGTCAGGAGATAGAGACCATCCTGGCCAACATGATGAAACCCCGTCTCTACTAAAAATACAAAAATTAGCTGGGCGTGGTGGGGGGTGCCTGTAATCCCAGCTACTTGGGAGGCTGAGGCAGGAGCGTGGCTTGAACCTGGGAGGTGGAGGTTGCAATGAGCCAAGATCAAGCCACTGCACTCCAGCCTGGGCGACAGAGCAAGACTCTGTCTCAAAAAAAAAAAAAAAAAAAAA","GCTGGGCACGGTAGCTCACGCCTGTAATCCCAGCACTTTGGGAGGCCGAGGGGGGCAGATCACGAGGTCAGGAGTTCGAGATCAGCCTGGCCAGCATGGTGAAACCCCGTCTCTACTAAAAATACAAAAATTAGCTGGGCGTGGTGGCATGTGCCTGTAATCCCAGCTACTTGGGAGGCTGAGGCAGGAGAATTGCTTGAACCCGGAGGTGGAGGTTGCAATGAGCCGAGATCACGCCACTGCACTCCAGCCTGGGTGACAGAGCAAGACTCCATCTCAAAAAAAAAAAAAAAA"
"chr1","8336130","8336428","chr1","8352391","8352688","9","16261","GGCCAGGCGCGGTGGCTCACGCCTGTAATCTCAGCACTTTGGGAGGCCGAGGCTGGTGGATCACGAGGTAAGATGATTGAGACCATCCTGGCCAACATGGTGAAACCCCATCTCTACTAAAAATACAAAAATTAGCTGGGCATGGTGGTGCGTGCCTGTAATCCCAGCTACTTGGGAGGCTGAGGCAGGAGAATCGCTTGAACTCGGGAGGCAGAGGTTGCAATGAGCTGAGACTGCACCACTGCATTCCAGCGTGGGTGACAAAGCAAGACTCCATCTCAAAAAAAAAAAAAAAAGAA","GGCTGGGCGCAGTGGCTCACGCCTGTAATCTCAGCACTTTGGGAGGCCGAGGCTGGTGGATCACAAGGTAAGACGATTGAGACCATCCTGGCCAACATGGTGAAACCCCATCTCTACTAAAAATACAAAAATTAGCTGGGCATGGTGGTGCATGCCTGTAATCCCAGCTACTTGGGAGGCTGAGGCAGGAGAATCGCTTGAACTCGGGAGGCAGAGGTTGCAATGAGCCGAGATTGCACCACTGCATTCCAGCGTGGGTGACAAAGCAAGACTCCATCTCAAAAAAAAAAAAAAAGAA"
"chr1","8383579","8383860","chr11","78440318","78440597","27","70056739","GGCCAGGTGCGGTGGCTCATACCTGTAATCCCAGCACTTTGGGAGGCTGAGGTGGGTGGATCACGAGGTCAGGAGTTTGAGACCAGCCTGACCAACACGGTGAAACTTTATCTCTACTAAAAATACAAAAATTAGCCGGGTGTGGTGGCACGCACCTGTACTCCCAGCTACTTAGGAGGCTGAGGCAGGAGAATCGCTTGAGCCCGGGAGGTGAAGGTTGCAGTGAGCTGAGATTGCGCCACTGCACTCCAGCCTGGGTGACAAAGTGAGACTCTGTCTCAA","GGCCAGGTGCAGTGGCTCACACCTGTAATCCCAGCACTTTGGGAAGCCGAGGTGGGTGGATCACGAGGTCAGGAGTTCGAGACCAACCTGACCAACATGGTGAAACTCCATCTCTACTAAAAATACAAAATTATCCAGGCGTGGTGGCACGTACCTGTAATCCCAGCTACTCAGGAGGCTGAGGCAGGAGAATCGCTTGAACCCAGGAGGCGGAGGTTGCAGTGAGCTGAGATTGCCCCACTGCACTCCAGCCTGGGTGACACAGCGAGATTCCATCTCA"
"chr1","8436039","8436345","chr1","8454694","8455012","16","18655","GGCCAGGTGCACTGGCTCATGCCTGTAATCCCAGCACTTTGGGAGGCTGAGGCAGGCAGATCACGAGGTCAGGAGTTTGAGACCAGCCTGGTCAACATGGTGAAACCCCAACTCTACTAAAAATACAAAAATTAGCCAGGCGTGGTGGCGTGTGCCTGTGATCTCAGCTCCTTGGGAGGCTGAGGCAGGAGAATTGCTTGAACCCGGGAGACAGAGGTTGCAATGAGCTGAGATTGTGCCACTGCACTCCAACCTGGGCGACAGAGCGAGACTCAATCTCAAATAAATAAATAAAAAATAAATAAAA","GGCCAGGTGCATTGGCTCATGCCTGTAATCCCAGCACTTTGGGAGGCTGAGGCAGGCGGATCACGAGGTCAGGAGTTTGAGACCAGCCTGGTCAACATGGTGAAACCCCAACTCTACTAAAAATACAAAAATTAGCCAGGCATGGTGGCGTGTGCCTGTGATCTCAGCTCCTTGGGAGGCTGAGGCAGGAGAATTGCTTGAACCCGGGAGACAGAGGTTGCAATGAGCTGAGATTGTGCCACTGCACTCCAACCTGGGCGACAGAGCGAGATTCAATCTCAAATAAATAAATAAATAAATAAATAAATAAATAAATAAA"
"chr1","8448477","8448886","chr12","116345839","116346186","110","107897362","GGCCAGGCGCAGTGGCTCACGCCTGTAATCCCAGTACTTTGGGAGGCCGAGGCGGGTGGATCACGAAGTCAGGAGTTGGAGACCAGCCTGGCCAACATGGTGAAACTCCATCTCTACTAAAAACATAAAAATTAGCTGGGCATGGTGGCTAATAGGAAACGTCATTGAAGAAACATTTATTAAATGCCTGCCGTGTGCAGAGGCCTCCAGATGGCCCTGGCGCACATCTGTAATCCCAGCTACTTGGGAGGCTGAGGCAGTAGAATCTCTTGAACCCGGGAGGCGCAGGTTGCACTGAGCCGAGATCACGCCACTGCACTCCAGCCTCGGTGACAGAGCAAGACTCCATCTCAAACAATCAATCAAACAAACAAACAAATAAACAAACAAAAAAAAAAAAGGAAGAAGAA","GGCCAGTTGTGGTGGCTCACGCCTGTAATCCCAGCACTTTGGGAGGCTGAGGCAGGTGGATCATGAGGTCAGGAGTTTGGGACCAGCCTGGCCAACATGGTGAAACCCCATCTCTACTAAAAATATAAAAATTAGCTGGGTATGATGGCCAAATCCAAGCCATTGATTCATACATATTCAGTATGGGTATGATGGCAGGCGCCTGTAATCCCAGCTACGCGGGAGGCTGAGGCAGGAGAATCATTTGGACCCTGGGAGGTGGAGGTTGCAGTGAGCCGAGATCATGCCACCGCACTCCAGTCTGGGTGACAGGGTGAGACTCCGTCTTAAAAAAAAAAAAAACAAAAA"
"chr1","8454526","8454834","chr5","59313992","59314296","38","50859466","GCTGGGTGTGGTGGCTCACGCCTGTAATGCCAGCACTTTGGGAGGCCGAGGCAGGTGGATCACAAGGTCAGAAGTTCGAGACCAGCCTGGCCAACATGGTGAAACCTCATCTCTACTAAAAATACAAAAATTGGCTGGGCGTGGTGGTGTGAGGATGTAATCCCAGCTACTTGGAAGGCTGGGGCGGGAGGATCGCTTGAACCTGGGAGGTGGAGGTTGCAGTGAGCCAAGATCGCACCACTGTACTCCAGCCTGGGCGACAGGGTAAGACTCTGTTTCAAACAAACAAACAAACAAACAACAAAAAAA","GGCTGGGTGTCGTGGCTCACGCCTGTAATCCCAGCACTTTGGGAGGCCGAGGCAGGTGGATCACGAGGTCAGGAGTTCGAGACCAGCCTGGCCAACATGGTGAAACCCTGTCTCTACTAATATACAAAAATTAGCTGGGCGTGGTGGTGGGTGCCTGTAATCCCAGCTACTTGGGAGGCTGAGGCAGGAGAACGGTGTGAACCCGGGAGGTGGAGGTTGCAGTGAGCCAAGATCGCACCATTGTACTCTGGCCTGGACAGGGCAAGACTCCGTCTCGAAAAAAACAAAACAACAACAACAAAAAA"
"chr1","8480121","8480435","chr3","129973477","129973782","47","121493356","CCGGGCCTGGTGGCTCAGGTCTGTAATCTCAGCATTTTGGGAGGCCAAGGCGGGCGGATCACGACATCAAGAGTTCAAGACTAGCCTGACCAACATGGTGAAACCCCGTCTCTACTAAAAATACAAAAATTAGTCGGGTGTGGTGGTGCACACCCGTAATCTCAGCCACTCAGGAGGTTGAGGCAGGAGAATTGCTTGAACCCGGGAGGCGGAGGTTGCAGTGAGCCGAGATGACATCAGTGCACTGCAGCCTGGGCAACAGAGCGAGACTGTGTCTCAAAAAAAAAAAAAACAAAAAAAAAAAAAACAAAAAAA","GAGTGTGGTGGCTCATGTCTGTAATCCCAGCACTTTGGGAGGCCGAGGTGGGTGGATCACGAGGTCAGGAGTTCGAGACCAGCCTGACCAACATGGTGAAACCCCGTCTCTACTAAAAATACAAAAATTAGCCGGGCGTGGTGGTGCATGCCTGTAATCTCAGCTACTCAGGAGGCTAAGGCAGGAGAATTGTGTGAACCCAGGAAGTGGAGGTTGCAGTGAGCTGAGATCACACCACTGCACTCCAGCCTGGGCAACAGAGCAAGACTCCGTCTCAAAAAAAAAAAAAAAAGAATAAAACAAGAA"
"chr1","8539394","8539703","chr1","8556925","8557234","4","17531","GGCCAGGTGTAGGTGGGTCACGCCTGTAATCCCAGCACTTTGGAGGCCAAGGCGGGCGGATCGTGAGGTCAGGAGTTTAAGACCAGCCTGGCCAACGTGGTGAAACCCTATTTCTACTAAAAATACAAAAATTAGCTGGGCATGGTGGCACACACCTTTAATCCCAGCTTCTCTGGAGGCTGAGGCAGGAGAATTGCTTTAACCCGGGAGGCGGAGGTTGCAGTAAGCCGAGATTGCCCCACTGCACTTCAGCCTGGGCAACAGAGCAAGACTCCATCTCGAGAAAAAAAGAAAAAAAAAAGGAAAAGAA","GGCCAGGTGTAGGTGGGTCACGCCTGTAATCCCAGCACTTTGGAGGCCGAGGCGGGCGGATCGTGAGGTCAGGAGTTTAAGACCAGCCTGGCCAACGTGGTGAAACCCTATTTCTACTAAAAATACAAAAATTAGCTGGGCATGGTGGCACACACCTTTAATCCCAGCCTCTCTGGAGGCTGAGGCAGGAGAATTGCTTTAACCCGGGAGGCGGAGGTTGCAGTAAGCCGAGATTGCCCCACTGCACTTCAGCCTGGGCAACAGAGCAAGACTCCATCTCGAGAAAAAAAGAAAAAAAAAGGAAAAGAAA"
"chr1","8610309","8610619","chr1","8628729","8629039","5","18420","GGCCGGGCACAGTGGCTCACGCCTGTAATCCCAGCACTTTGGGAGGCCGAGGCGGGCAGATCACAAGGTCAGCAGTTCGAGACCAGCCTGGCCAACATAGTGAAACCCTATCTCTACTAAAAATACAAAACTTAGCCAGGCATGGTGGTGGACGCCTGTAATCCCAGCTACTCCAGAGGCTGAGGCAGGAGAATCGCTTGAACCCGGGAGGCAGAGGTGCAATGAGCCAAGACCGCACCATTGCACTCCAGACGTTGCTCTGGGCGACAGAGCAAGACTCCATCTCAAAAAACAAATAAATAAAAAAAGAA","GGCTGGGCACAGTGGCTCACGCCTGTAATCCCAGCACTTTGGGAGGCCGAGGCGGGCAGATCACAAGGTCAGCAGTTCGAGACCAGCCTGGCCAACATGGTGAAACCCTATCTCTACTAAAAATACAAAACTTAGCCAGGCATGGTGGTGGACGCCTGTAATCCCAGCTACTCCAGAGGCTGAGGCAGGAGAATCGCTTGAACCCGGGAGGCAGAGGTGCAATGAGCCAAGACCGCGCCATTGCACTCCAGACATTGCTCTGGGCGACAGAGCAAGACTCCATCTCAAAAAATAAATAAATAAAAAAAGAA"
"chr1","8700027","8700328","chr1","8718209","8718510","5","18182","CCAGGCGCAGTGGCTCATGCCTGTAATACCAGCACTTTGGGAGGCCGAGGCGAGTGGATCACAAGGTCAGGAGTTCGAGACCAACCTCGCCAACATAGTGAAACCCCATCTCTACTAAAAATACAAAAATTAGCCAGGCGTGGTGGCACACGCTTGTAGTCCCAGCTACTCAGGAGGCTGAGGCTGGAGAATCACTTGAACCCGGGAGACGGAGGCTGCAGTGAGCCGAGACCATGCCATTGCACTCCAGCCTGGGTGACAGAGTGAGACTCCAACTCAAAAAAAATAAAAATAAAAATAAA","CCAGACGCAGTGGCTCATGCCTGTAATACCAGCACTTTGGGAGGCCGAGGCGAGTGGATCACAAGATCAGGAGTTCGAGACCAACCTCGCCAACATAGTGAAACCCCATCTCCACTAAAAATACAAAAATTAGCCAGGCGTGGTGGCACACGCTTGTAGTCCCAGCTACTTGGGAGGCTGAGGCTGGAGAATCACTTGAACCCGGGAGACGGAGGCTGCAGTGAGCCGAGACCATGCCATTGCACTCCAGCCTGGGTGACAGAGTGAGACTCCAACTCAAAAAAAATAAAAATAAAAATAAA"
"chr1","8724565","8724848","chr1","8744672","8744955","4","20107","GGCCGGGCGCGGTGGCTCACGCTTGTAATCCCAGCACTTCGGGAGGCTGAGGTGGGCAGATCACGAGCTCAGGAGTTCAAGACCAGCGACCCCGTCGCTACTAAAAATACAAAAATTAGCTGGGTGTGGTGGCGAGCACCTGTAATCCCAGCTACTCAGGAGGCTGAGGCAGGAGAATCCCTTGAACCCGGGAGGTGGACACTGCAGTGAGCTGAGATTGCACCACTGCACTCCAGCCTGGGCGACAGAGCTAGACTCCATCTCAAAACAAAAGAAAAAAAAAA","GGCCGGGCGCGGTGGCTCACGCTTGTAATCCCAGCACTTCGGGAGGCTGAGGCGGGCAGATCACGAGCTCAGGAGTTCAAGACCAGCGACCCCGTCGCTACTAAAAATACAAAAATTAGCTGGGTGTGGTGGCGAGCACCTGTAATCCCAGCTACTCAGGAGGCTGAGGCAGAAGAATCCCTTGAACCCAGGAGGTGGACACTGCAGTGAGCTGAGATTGCACCACTGCACTCCAGCCTGGGCGACAGAGCTGGACTCCATCTCAAAACAAAAGAAAAAAAAAA"
"chr1","8726136","8726452","chr1","8746239","8746548","11","20103","GGCCGGGCGCGTTGGCTCACGCCTGTAACCCCAGCACTTTGGGAGGCCGAGGCGGGTGGATCACGAGGTCAGGAGTTCGAGACCAGCCTGACCAACATGGTGATGAAACCCCATCTCTACTAAAAATATAAAAATTAACCGAGCGTGGTGGCGTGTGCTTGTAATCCCAGCTACTCAGGAGGCTGAGGCAGAACTGCTTGAACTCGGGAGGTGGAGCTTGCAGTGAGCCGAAATTACGCTGCTGCACTCCAGCCTGGGCGATAGAGCAAGACTCCGTCTCAAAAAAAAAAAAAAAAAAAAAAAAAGAAAAGAAAAAA","GGCCGGGCGCGTTGGCTCACGCCTGTAACCCCAGCACTTTGGGAGGCCGAGGCAGGTGGATCACGAGGTCAGGAGTTCGAGACCAGCCTGACCAACATGGTGATGAAACCCCATCTCTACTAAAAATACAAAAATTAACCGAGCGTGGTGGCGTGTGCCTGTAATCCCAGCTACTCAGGAGGCTGAGGCAGAACTGCTTGAACTCGGGAGGTGGAGCTTGCAGTGAGCCGAAATTACGCTGCTGCACTCCAGCCTGGGCGATAGAGCAAGACTCCGTCTCAAAAAAAAAAAAAAAAAGAAAAAGAAAAAA"
"chr1","8729218","8729522","chr1","8749496","8749790","13","20278","GGCCAGGTGCAGTGGCTCATGCCTGTAACCCCAGCACTTTGGGAGGCCGAGGCGGGTGGATCACAAGGTCAAGAGTTCGAAACCAGCCTGGCCAACGTGGTGAAACCCCGTCTCTACTAAAAATACAAAAATTAGCCAGGCATGGTGGCACGTGCCTGTAGTCCCAGCTACTTGGGAGGCTGAGGCAGGAGAATCACTTGAAACCAGGGAGGCAGAGGTTGTGGTGAGCTGAGATTGTGCCACTGCACTCCAGCCTGGGCAACAGAGCGAGACTCCATCTCAATAAAAAAAAAAAAAAAAAAAAA","GGCCAGGTGCAGTGGCTCATGCCTGTAATCCCAGCACTTTGGGAGACCGAGGCGGGTGGATCACAAGGTCAAGAGTTCGAAACCAGCCTGGCCAACGTGGTGAAACCCCATCTCTACTAAAAATACAAAAATTAGCCAGGCATGGTGGCACGTGCCTGTAGTCCCAGCTACTTGGGAGGCTGAGGCAGGAGAATCACTTGAAACCAGGGAGGCAGAGGTTGTGGTGAGCTGAGATTGTGCCACTGCACTCCAGCCTGGGCAACAGAGCGAGACTCCATCTCAAAAAAAAAAAAAA"
"chr1","8758092","8758380","chr1","8778934","8779222","2","20842","GGCCAGGCACGGTGGCTCACACGTGTGTTCCCAGCACTTTGGGTGGCTGGGTGGGTGGATCAGGAGGTCAGGAGATCGAGACCAGCCTGGCCAACATGGTGAAACACCTCTACTAAAAAATACTAAAATTTGCCGGGCATGGTGGCGCAGGCCTGTAATCCCAGCTACTCGAGAGACTCAGGCAGGAGAATTGCTTGAACCTGGGAGGTGGAGGTTGCAGTGAGCTGGGATCATGCCACTGCACTCCAGCCTGGGTGACAGAGCGAGATTCTTTCTAAAAAAAAAAAAA","GGCCAGGCACGGTGGCTCACACCTGTGTTCCCAGCACTTTGGGTGGCTGGGTGGGTGGATCAGGAGGTCAGGAGATCGAGACCAGCCTGGCCAACATGGTGAAACACCTCTACTAAAAAATACTAAAATTTGCCGGGCATGGTGGCGCAGGCCTGTAATCCCAGCTACTCGAGAGACTCAGGCAGGAGAATTGCTTGAACCTGGGAGGTGGAGGTTGCAGTGAGCTGAGATCATGCCACTGCACTCCAGCCTGGGTGACAGAGCGAGATTCTTTCTAAAAAAAAAAAAA"
"chr1","8773545","8773831","chr1","8796390","8796676","1","22845","GCTGGGCACGGTAGCTCACGCCTGTAATCCCAGCACTTTGGGAGGCCAGGGTGGGCGAATCACAAGGTGAGGAGTTCGAGACCAGCCTGACCAACACGGTGAAACCCTGTCTCTACTAAAAACACAAAAATTAGCCGGGCGTGGTGGTGCGCATCTATAATACCAGCTACTTGGGAGGCTGAGGCAGGAGAATCGCTTGAACCTGGGAGGCAGAGACTGCAGGGAGCTGAGATCGCGCCACTGCACTCCAGCCTGGGCGACAGAGCGAGACTCCATCTCAGAAAAAA","GCTGGGCACGGTAGCTCACGCCTGTAATCCCAGCACTTTGGGAGGCCAGGGTGGGCGAATCACAAGGTGAGGAGTTCGAGACCAGCCTGACCAACACGGTGAAACCCTGTCTCTACTAAAAACACAAAAATTAGCCGGGCGTGGTGGTGCGCATCTATAATACCAGCTACTTGGGAGGCTGAGGCAGGAGAATCGCTTGAACCTGGGAGGCAGAGACTGCAGTGAGCTGAGATCGCGCCACTGCACTCCAGCCTGGGCGACAGAGCGAGACTCCATCTCAGAAAAAA"
"chr1","8779248","8779380","chr1","8802026","8802158","2","22778","CCGGGCGCAGTGGCTCACACCTGTAATCCCAGCAGTTTGGGAGGCCGAGGTGGGCAGATCACGAGGTCAGGAGTTCGAGACCAGCCTGGCCAACATGGTGAAACCCCATTCTCTACTAAAAATACAAAAATTA","CCGGGCACAGTGGCTCACACCTGTAATCCCAGCAGTTTGGGAGGCCGAGGTGGGCAGATCACGAGGTCAGGAGTTCAAGACCAGCCTGGCCAACATGGTGAAACCCCATTCTCTACTAAAAATACAAAAATTA"
"chr1","8788363","8788662","chr1","8811138","8811447","13","22775","GGCTGGGCGCAGTGGCTCACGCCTGTAATCCCAGCACTTTGGGAGGCCGAGGCAGGTAGATAATGAGGTCAGGAGTTCGAGACCAGCCTGGCCAACATGGTGAAATCCCATCTCTACTAAAAATACAGAAATTAGCTGGGTGTGGTGGCACACATCTGTAATCCCAGCTGCTGAGGAGGCTAAGGCAGGAGAATCGCTTGAACTTGGGAGGAGGTGGTTGCAGTGAGCCGAGATCGCGCCACTGCGCTCCAGCCTGGGCAACAAGAGGAAGACTCCGTCTCAAAAAAAAAAAAAAAAAAA","GGCTGGGCGCAGTGGCTCATGCCTGTAATCCCAGCACTTTGGGAGGCCGAGGCAGGCAGATAATGAGGTCAGGAGTTCGAGACCAGCCTGGCCAACATGGTGAAATCCCATCTCTACTAAAAATACAGAAATTAGCTGGGTGTGGTGGCACACATCTGTAATCCCAGCTGCTGAGGAGGCTAAGGCAGGAGAATCGCTTGAACTTGGGAGGAGGTGGTTGCAGTGAGCTGAGATCGCGCCACTGCGCTCCAGCCTGGGCAACAAGAGGAAGACTCCGTCTCAAAAAAAAAAAAAAAAAAAAAAAAAAAAA"
"chr1","8795047","8795323","chr1","8817912","8818188","1","22865","GGCCGGGGGCGGTGGCTTACACCTGTAATCCCAGCACTTTGGGAGGCCGAGGCGGGCAGGTCACAAAGTCAGGAGTTCGAGACCAGCCTGGCCAACATGATGAAACCCCATCTCTACTAAAAATACAAAAATTACCCTGGCATGGTGGCAGGCACCTGTAATCCCAGCTACTTGGGAGGCTGAGACAAGAATCACCTAAACCCGGGAGGCAGAGGTTACAGTGAGCCAAGATTGCACCACTGCACTCCAGCCTGAGCGACAGAGCAAGACTCCGTCT","GGCCGGGGGCGGTGGCTTACACCTGTAATCCCAGCACTTTGGGAGGCCGAGGCGGGCAGGTCACAAAGTCAGGAGTTCGAGACCAGCCTGGCCAACATGATGAAACCCCATCTCTACTAAAAATACAAAAATTACCCTGGCATGGTGGCAGGCACCTGTAATCCCAGCTACTTGGGAGGCTGAGACAAGAATCGCCTAAACCCGGGAGGCAGAGGTTACAGTGAGCCAAGATTGCACCACTGCACTCCAGCCTGAGCGACAGAGCAAGACTCCGTCT"
"chr1","8826566","8826881","chr1","8850597","8850913","13","24031","GGCCGAGCACAGTGGCTCACGCCTGTAATCGCAACACTCTGGGAGGCCGAGGAGTGGGGGAGTGGATCATGAAGTCAGGAGTTCGAGACCAGCCTGACCAACATGGTGAAACCCCGTCTGTACTAAAAATACAAAAATTAGCTGGGCATGGTGGTGCGTGCCTGTAATCCCAGCTACTCAGGAGGCTGAGGCAAGAGAATCGCTTGAACCCAGGAGGTGGAGGTTGCAATGAGCCGAGATCGTGCCACTACACTCCAGCCTGGGCGACAGAGTGACACTCAATCTCAAAAAAAAAAAAAAAGGAAAATGAAAAAAA","GGCCGAGCACAGTGGCTCACGCCTATAATCCCAACACTTTGGGAGGCCGAGGAGGTGGGGGAGTGGATCACGAAGTCAGGAGTTCTAGACCAGCCTGACCAACATGGTGAAACCCCGTCTCTACTAAAAATAGAAAAATTAGCTGGGTGTGGTGGTGCGTGCCTGTAATCTCAGCTACTCAGGAGGCTGAGGCAAGAGAATCGCTTGAACCCAGGAGGTGGAGGTTGCAATGAGCCGAGATCGTGCCACTACACTCCAGCCTGGGCGACAGAGTGACACTCAATCTCAAAAAAAAAAAAAAAAGGAAAATGAAAAAA"
"chr1","8855017","8855328","chr1","8878934","8879245","5","23917","GGCTGGGCAAGATGGCTCATGCCTGTAATCCCAGCACTTTGGGAGGCCGAGGCGGGCGGATCACGAGGTCAGGAGTTTGAGACAAGCCTGGCCAACATGGCGAAACCCTGTCTCTACTAAAAATACAAAAATTAGCCGGGTATGATGGCAGGCACCTGTAATCCCAGGTACTCAGGAGGCTGAGGCAGGAGAATCACTTCAACCTGGGAGGTGGAGGTTGCAGTGAGTCAAGATCGTGCCATTGCACTCCAGCCTGGGTGACATGAGCAAGACTCTTGTCTCAAAAAAATAAAACAAAATAAAATAAAATAA","GGCTGGGCAAGGTGGCTCATGCCTGTAATCCCAGCACTTTGGGAGGCCGAGGCGGGCGGATCACGAGGTCAGGAGTTTGAGACCAGCCTGGCCAACATGGCAAAACCCTGTTTCTACTAAAAATACAAAAATTAGCCGGGTATGATGGCAGGCACCTGTAATCCCAGGTACTCAGGAGGCTGAGGCAGGAGAATCACTTCAACCTGGGAGGTGGAAGTTGCAGTGAGTCAAGATCGTGCCATTGCACTCCAGCCTGGGTGACATGAGCAAGACTCTTGTCTCAAAAAAATAAAACAAAATAAAATAAAATAA"
"chr1","8881105","8881414","chr1","8904831","8905142","11","23726","GCTGGGCGCGGTGGCTCACGCCTGTCATCCCAGCACTTTGGGAGGCCGAGGCGGGCGGATGACGAGGTCAGGAGTTCCAAGACTAGCCTGACCAACATGGTGAAACCCCGTCTCTACTAAAAATATAAAAATCAGCTGGGCTTGGTGGCAGGCGCCTGTAGTCCCAGTTACTCAGGAGGCTGAGGCAGGAGAACCACTTGAACCCGGGAGGCGGAGCTTGCAGTGAGCCGAGATCACGCCACTGCACTCCAGCCTGGATGACAGAGCGAGACACCGTCTCCAAAAAAAAAAAAAAAAAAAAAGAAAGAAA","GGCTGGGCGCGGTGGCTCACGCCTGTCATCCCAGCACTTCGGGAGGCCGAGGCGGGCGGATGGCGAGGTCAGGAGTTCCAAGACCAGCCTGACCAACATGGTGAAACCCCGTCTCTACTAAAAATATAAAAATCAGCTGGGCTTGGTGGCAGGCGCCTGTAGTCCCAGTTACTCAGGAGGCTGAGGCAGGAGAACCACTTGAACCCGGGAGGTGGAGCTTGCAGTGAGCCGAGATCACGCCACTGCACTCCAGCCTGGATGACAGAGGAAGACACCGTCTCCAAAAAAGAAAGAAAGAAAGAAAGAAAGAAA"
"chr1","8887404","8887711","chr1","8911672","8911976","10","24268","GGCTGGGCGCGGTGGCTCACGCCTGTAATCCCAGTACTTTGGGAGGCCGAGGCAGCTGGATCACGAAGTCAGGAGTTCAAGACCAGCCTGGCCAAGATGCTGAAATTCCGTCTCTAGTAAGTATACAAAAATTAGCTGGGCTTGGTGGCACGCACCTGTAATCCCAGCTACTTCGGAGGCTGAAGCAGGAGAATCACTTAAACCTGGGTGCCAGAGGTTGCAATGAGCCAAGATCAAGCCACTGCACTCCAGCCCGGGCAACAGAGCAAGACTTCATCTCAAAAAAAAAAGAAAAAGAAAGAAAGAAA","GGCTGGGCGCGGTGGCTCACGCCTGTAATCCCAGTACTTTGGGAGGCCGAGGCGGGTGGATCACGAAGTCAGGAGTTCAAGACCAGCCTGGCCAAGATGCTGAAACTCCGTCTCTAGTAAGTATACAAAAATTAGCTGGGCGTGGTGGCACGCACCTGTAATCCCAGCTACTTCGGAGGCTGAGGCAGGAGAATCACTTAAACCTGGGTGCCAGAGGTTGCAGTGAGCCAAGATCAAGCCACTGCACTCCAGCCCGGGCAACAGAGCAAGACTTCATCTCAAAAAAAAGAGAAAGAAAGAAAGAA"
"chr1","8900649","8900943","chr19","9749477","9749770","30","848828","GGACAGGTGCGGTGGCTCATGCCTGTAATCCCAGGACTTTGGGAGGCCAAGGCAGGCAGACCACAAGGTCAGGAGGTCGAGACCAGCCTGATCAACATGGTGAAACCCCGTCTCTACTAAATATACAAAAATTAGCTGGGTGTGGTGGCACGTGCCTGTATCCCAGCTACTCAGGAGGCTGAGGCAGGAGAATTACTTGAACCTGGGAGGTGGAGATTGCAGTGAGCTGAGACTGTGCCACTGCACTCCAGCCTGGGTGACAGAGTGAGACTCTGTCTCAAAAAAAAAAAAAGAA","GGCTGGGTGCCGTGGCTCATGCCTGTTATCCCAGCACTTTGGGAGGCCGAGGCAGGCAGATCACAAGGTCAGGAGTTCAAGACCAGCCTGGCCAATATGGTGAAACCCCGTCTCTACTAAAAATACAAAAATTAGCTGGGTGTGGTGGCAGGCGCCTATAGTCCCAGCTACTCAGGAGGATGAGGCAGGAGAATCACTTGAACCCGGGAGGCGGAGGTTGCAGTGAGCCGAGATCGTGCCACTGCACTCCAGCGTGGGTGACAGAGTGAGACTCTGTCTCAAAAAAAAATAAAA"
"chr1","9064770","9065071","chr1","9090645","9090943","10","25875","GGCCAGGCGCGGTGGCTCACACCTGTAATCCCAGCACTTTGGTGGGAGGCCGAGGTGGGCAGATCACGAGGTCAGGAGTTCAAGACCAGCCTGGACAACATGGTGAAACCCCGTCTCTACTAAAAATACAAAAGTTAGCCGGGCATGGTGGCACACGTCTGTAATCCCAGCTACTCGGGAGGCTGAGGCAGGAGAATTGCTTGAACCCGGGAGGTGGAGGTTGCAGTGAGCTGAAATTACACCATTGCACTCCAGGATGGGCAACAAGAGCAAGATTCTGTCTCAAAAAAAAAAAAAAAAAA","GGCCAGGTGCGGTGGCTCACACCTGTAATCCCAGCACTTTGGTGGGAGGCCGAGGTGGGCGGATCACGAGGTCAGGAGTTCAAGACCAGCCTGGACAACATGGTGAAACCCCGTCTCTACTAAAAATACAAAAGTTAGCCGGGCATGGTGGCACACGTCTGTAATCCCAGCTACTCGGGAGGCTGAGGCAGGAGAATTGCTTGAACCCGGGAGGTGGAGGTTGCAGTGAGCCAAGATCACACCATTGCACTCCAGGCTGGGCAACAAGAGCAAGATTCTGTCTCAAAAAAAAAAAAAAA"
"chr1","9167352","9167660","chr1","9193713","9194018","9","26361","GGCCAGGCGCAGTGGCTCACCCTGTAATCCCAGCACTTTGGGAGGACAAGGCAGGCAGATCACGAGGTTAGGAGTTCAAGACCAGCCTGACCAGCCTGACCAACATGGTGAAACCCCATCTCTACTAAAAATACAAAAATTAGCTGGGCGTGTGACGCACGCCTGTAATCCCAGCTATTCAGGAGGCTGAGGCAGGAGAATCACTTGAACCTGGGAGGCAGAAGTTGCAGTGAGCCAAGATCGCGCTACTGCACTCCAGCCTGGGTGACAGAAGGAGACTCTGTCTCAAAAAAAAAAAAAAAAAAAAAA","GGCCAGGCGCAGTGGCTCACCCTGTAATCCCAGCACTTTGGGAGGACAAAGCAGGCAGATCACGAGGTTAGGAGTTCAAGACCAGCCTGACCAGCCTGACCAACATGGTGAAACCCCATCTCTACTAAAAATACAAAAATTAGCCGGGCGTGTGACGTGCTCCTGTAATCCCAGCTATTCAGGAGGCTGAGGCAGGAGAATCACTTGAACCTGGGAGGCAGAAGTTGCAGTGAGCCAAGATCGTGCTACTGCACTCCAGCCTGGGTGACAGAAGGAGACTCTGTCTCAAAAAAAAAAAAAAAAAAA"
"chr1","9214804","9215111","chr1","9306316","9306623","6","91512","GGCCAGGCATGGTGGCTCACGCCGGTAATCCCAACACTTTGGGAGGCCGAGATGGGTGGATCACGAGGTCAGGGGCTCGAGACCAGCCCAGCCAACATGGTGAAATGCCGTCTCTACTAAAAATACAAAAACTAGCTAGGCATGGTGGTGCATACCTGTAATCCCAGCTACTCAGGAGACTGAGGCAAGAGAATCGCTTTAACCTGGCAGGTGGAGGTTGTGGTGAGCCAAGATCGTGCCATTGCACTCCAGCCTGGGTGACAGCAAGACTCTGTTTCAAAAAAAAAGAAAAGAAAGATAGAGAAAAA","GGCCAGGCATGGTGGCTCGCGCCGGTAATCCCAACACTTTGGGAGGCCAAGATGGGTGGATCACGAGGTCAGGGGTTCGAGACCAACCCAGCCAACATGGTGAAATGCCGTCTCTACTAAAAATACAAAAACTAGCTAGGCATGGTGGTGCATACCTGTAATCCCAGCTACTCAGGAGACTGAGGCAAGAGAATCGCTTTAACCTGGCAGGTGGAGGTTGTGGTGAGCCGAGATCGTGCCATTGCACTCCAGCCTGGGTGACAGCAAGACTCTGTTTCAAAAAAAAAGAAAAGAAAGATAAAGAAAAA"
"chr1","9284989","9285206","chr1","9376483","9376700","6","91494","GGCCAGGCGCGGTGGCTCACGCCTGTAATCCCAGCACTTTGGGAGGCCGAAGCAGGCGGATCACGAGGTCAGGAGTTGAAGACCAGGCTGACCAACATGGTGAAACCCTGTCTCTACTAAAAATACAAACATTAGGTGGCACATGCCTGTAGTCCCAGCTACTCAGGAGGCCGAGGCAGGAGAATCACTTGAACCCTGGAGACGGAGGTTGCAGTGAG","GGCCGGGCGCGGTGGCTCACGCCTGTAATCCCAGCACTTTGGGAGGCCGAAGCAGGCGGATCACGAGGTCAGGAGTTCAAGACCAGCCTGACCAACATGGTGAAACCCTGTCTCTACTAAAAATACAAACATTAGGTGGCACATGCTTGTAGTCCCAGCTACTCAGGAGGCTGAGGCAGGAGAATCGCTTGAACCCTGGAGACGGAGGTTGCAGTGAG"
"chr1","9359422","9359721","chr1","9452850","9453149","4","93428","GGCTGGGCGCGGTGGCTCATGCCTGTAATCCCAGCACTTTGGGAGGCTGAGGCAGGTGGATCATGAGGTCAGTAGTTGGAGACCAGCCTGGCCAACATGGTGAAACCCCATTTCTATTAAAAATGCAAAAATTAGCCGGGCGTGGTGGCATGCACCTGTAATCCCAGCTACTTGGGAGGCTGAGGCAGGAGAATTGCTTGAACCCGGGAGGTGGAGGTTGCAGTGAGCTGAGATTGCACCACTGTACTCTAGCCTGGGCAACAGAGCAAGACTCCGTCTCTGGGAAAAAAAAAAAAAAAA","GGCTGGGCGTGGTGGCTCACGCCTGTAATCCCAGCACTTTGGGAGGCTGAGGCAGGTGGATCATGAGGTCAGTAGTTGGAGACCAGCCTGGCCAACATGGTGAAACCCCATTTCTATTAAAAATGCAAAAATTAGCCGAGCGTGGTGGCATGCACCTGTAATCCCAGCTACTTGGGAGGCTGAGGCAGGAGAATTGCTTGAACCCGGGAGGTGGAGGTTGCAGTGAGCTGAGATTGCACCACTGTACTCTAGCCTGGGCAACAGAGCAAGACTCCGACTCTGGGAAAAAAAAAAAAAAAA"
"chr1","9408593","9408911","chr15","69728208","69728517","32","60319615","GGCCAGGCTCAGTGGCTCACGCCTGTAATCCCAGCACTTTGGGAGGCCGAGGTGGGTGGATCACGAGGTCAGGAGTTTGAGACCAGCCTGACCAACATGGTGAAACCCCATCTCTACTAAAAATACAAAAATTAGCCGGGTGTGGTGTTGGGCGCCTGTAATCCCAGCTACTCAGGAGGCTGAGGCAGGAGAATTGCTTGAACCCGGGAGGTGGAGGTTGCAGTGAGCTGAGATTACGCCATTGCACTCCAGTCTGGGTGACACAGCAAGACTCCATCTCAAAAAAAACAAAACAAAACAAAACAAAAACCAAAAAAAA","GGCCAGGTGTTGTGGCTCACTCCTGTAATCCCAGCACTTTGGGAGGCCGAGGTGGGTGGATCACGAGGTCAGGAGTTCAAGACCAGCCTGACCAACATGGTGAAACCCCGTCTCTACTAAAAATACAAAAATTAGCCGGGTGTGGTGGCGGGTGCCTGTAATCCTAGCTACTCAGGAGGCTGAGGCAGGAGAATCGCTTGAACCCGGGAGGCGGAGGTTGCAGTGAGCCGAGATCGCGCCACTGCACTCCAGCCTGGGCGACAGAGCAAGATTCCGTCTCAAAAAAAAAAAAAAAAAAAAAAAAAAAAAA"
"chr1","9412231","9412522","chr1","9506801","9507096","8","94570","GGCGGGGCATGGTGGCTCATGCCTATAATCCCAGCACTTTGGAAGGCTGAGGTGGGCGGATCACAAGGTCAGGAGTTCAAGACCAGCCTGGCCAACATGGTGAAACCCCACCTCTACTAAAAATACAAAAATTAGCCAGGCACAGTGGCAGGCACCTGTAATCCCAGCTACTCGGGAGGCTGAGGCACGATAATCGCTTGAACCCGGGAGGTGGAGGTTGCAGTGAGCCGAGATCACGCCACTGCACTCCAGCCTGGGTGACAGAGCAAAACTCTCAAAAAAAAAAAAAAAA","GGCGGGGCACGGTGGCTCATGCCTATAATCCCAGCACTTTGGAAGGCTGAGGTGGGCGGATCACAAGGTCAGGAGTTCAAGACCAGCCTGGCCAACATGGTGAAACCCCATCTCTACTAAAAATACAAAAATTAGCCAGGCATGGTGGCAGGCACCTGTAATCCCAGCTACTCGGGAGGCTGAGGCACGATAATCGCTTGAACCCGGGAGGTGGAGGTTGCAGTGAGCCGAGATCACGCCACTGCACTCCAGCCTGGGTGACAGAGCAAAACTCTCAAAAAAAAAAAAAAAAAAAA"
"chr1","9463285","9463583","chr1","9558155","9558447","11","94870","GCTGGGCGCTGTGGCTCACACCTGTAATCCCAGCACTTTGGGAGGCTGAGGCAGGCAAACCACAAGGTCAGGAGTTCGAGACCAGCCTGACCAATATGGTGAAACCTCATCTCTACTAAAAATACAAAAATTAGCCAGACGTGGTGGCACGTGCCTGTAATCCCAGCTACTGAGGAGGCTGAGGCAAGAGAATCGCTTGAACTTGGGAAGCGGAGGTTACAGTGAGTTGAAATCGCACCACTGCACTCTAGCCTGGGTGACAGAGCAAGACTCTGTCTCAAAAAAAAAAAAAAAAAAAA","GCTGGGCGCTGTGGCTCACAACTGTAATCCCAGCACTTTGGGAGGCTGAGGCAGGCAGACCACAAGGTCAGGAGTTTGAGACCAGCCTGACCAATATGGTGAAACCTCATCTCTACTAAAAATACAAAAATTAGCCAGACGTGGTGGCACGTGCCTGTAATCCCAGCTACTGAGGAGGCTGAGGCAAGAGAATCGCTTGAACTTGGGAAGCGGAGGTTACAGTGAGTTGAAATCGCACCACTGCACTCTAGCGTGGGCGACAGAGCAAGACTCTGTCTCAAAAAAAAAAAAAA"
"chr1","9497785","9498072","chr1","9593507","9593793","10","95722","GCTGGGCGCGGTGGCTCACGCCTGTAATCCCAGCACTTTGGGAGGCTGAGGCGTGTGGATCAGAACAGCCTGGCCAACATGGCGAAACCCCGTCTCTACTAAAAATACAAATATTAGCCAGGCATGGTGGCACACACCTGTAATCCCAGCTACTCGGGAGTCTGAGGCAGGAGAATTGCTTGAACTCGGGAGGCAGAGCTTGCAGTGAGCTGAGATTGTGCCACTGAACTCCAGCCTAGGTGACAGAGTGAGACTCCATCTCAAAAAAAAAAAAAAAAAAAAAAAAAA","GCTGGGCGCGGTGGCTCAAGCCTGTAATCCTAGCACTTTGGGAGGCTGAGGCGTGTGGATCAGAACAGCTTGGCCAACATGGCGAAACCCCGTCTCTACTAAAAATACAAAAATTAGCCAGGCGTGGTGGCACACACCTGTAATCCCAGCTACTCGGGAGTCTGAGGCAGGAGAATTGCTTGAACTCGGGAGGCAGAGCTTGCAGTGAGCCGAGATTGTGCCACTGAACAACAGCCTAGGTGACAGAGTGAGACTCCATCTCAAAAAAAAAAAAAAAAAAAAAAGAA"
"chr1","9513806","9514107","chr1","9607721","9608025","9","93915","GGCCGGGCACAGTGGCTCATGCCTGTAATAACAGCACTTTGGGAGGCCGAGGCGGGCGGATCACTAGGTCAGGAGTTAGAGATCAGCCTCGCCGACACAGTGAAACCCCATCTCTACTAAAGATACAAAAATTAGCGGGGCATGGTGGCACACGCCTGTAATCCCAGCTACTCGAAAGGCTGAGGCAAGTGAATCTCTTGAACCCGGGAGGTGAAGGTTGCAGTGAGCCAAGATCGTGCCATTGCACTCCAGCCTGGGTGACAGAGTGAGACTCCATCTCAAAAAAAAAAAAAAAAAAGAAA","GGCCGGGCACAGTGGCTCATGCCTGTAATAACAGCACTTTGGGAGGCCGAGGCGGGCGGATCACTAGGTCACGAGTTAGAGATCAGCCTCGCCAACACGGTGAAACCCCGTCTCTACTAAAGATACAAAAATTAGCGGGGCATGATGGCACACGCCTGTAATCCCAGCTACTCGAAAGGCTGAGGCAAGAGAATCTCTTGAACCCGGGAGGTGAAGGTTGCAGTGAGCCAAGATCGTGCCATTGCACTCCAGCCTGGGTGACAGAGTGAGACTCCATCTCAAAAAAAAAAAAAGAAAGAAAGAAA"
"chr1","9514624","9514920","chr1","9608535","9608832","6","93911","GGCCAGGCGTGGTGGCTCATGCCTATAATCTCAGCACTTTGGGAGGCTGAGGAGGGCGTATCATGAGGTCAGGAGTTGGAGACAAGCCTGGCCAACATGATGAAACCCCGTCTCTACTAAAAATACAAAAATTAACCAAGCGTGGTGGCATGCGCCTGTAGTCCCAGCTACTCGGGAGGCTAAGGCAGGAGAATTGCTTGAACCTGGGAGGTGGAGGTTGTAGTGAGCCAAGATCGAGCCACTGCACGCCAGCCTGGGTGACAGAGCAAGACTCTGTCACGAAAAAAAAAAAAAAAA","GGCCAGGTGTGGTGGCTCATGCCTATAATCTCAGCACTTTGGGAGGCTGAGGAGGGCGTATCATGAGGTCAGGAGTTTGAGACAAGCCTGGCCAACATGATGAAACCCCGTCTCTACTAAAAATACAAAAATTAACCAAGCGTGGTGGCATGCGCCTGTAGTCCCAGCTACTCGGGAGGCTAAGGCAGGAGAATTGCTTGAACCTGGGAGGCGGAGGTTGTAGTGAGCCAAGATCGAGCCACTGCACGCCAGTCTGGGTGACAGAGCAAGACTCTGTCTCGAAAAAAAAAAAAAAAAA"
"chr1","9515821","9516130","chr1","9609734","9610034","16","93913","GGCCAGGCACAGTGGCTCACGCCTGTAATCCCAGCATTTTGGGAGGCCAAGGCGGGCGGATCACGAGGTCAGGAGTTCAAGACCACCTTGGCCAACATAGTGAAACCACGTCTCTATAAAAAATACAAAAATTAGCCGGGTGTGGTGGCGGGCACCTGTAATCCCAGCTACTCAGGGGGCTGAGGCAGGAGAATCACTTGAACCCGGGAGGCGGAGGTTGCAGTGAACCCAGACCGTGCCATTGCCCTCCAGCCTGGGTGACAGAGTGAGACTCCATCTCAAAAAAGAAAGAGAGAGAGAGAAAAAAAAA","GGCCGGGCACAGTGGCTCACGCCTGTAATCCCAGCACTTTGGGAGGCCAAGGCAGGCGGATCACGAGGTCAGGAGTTCAAGACCACCTTGGCCAACATAGTGAAACCACGTCTGTATAAAAAATAGCCAGGTGTGGTGGCGCGCACCTGTAATCCCAGCTACTCAGGGGGCTGAGGCAGGAGAATCACTTGAACCCGGGAGGCGGAGGTTGCAGTGAACCGAGACCGTGCCATTGCCCTCCAGCCTGGGTGACAGAGTGAGACTCCATCTCAAAAAAGAAAGAGAGAGAGAGAAAAAAAAA"
"chr1","9522876","9523155","chr1","9615986","9616265","0","93110","GGCCGGGCACAGTGGCTCACGCCTGTAATCCCAGCACTTTGGGAAGCCAAGGCGGGCAGATCATGAAGTCAGGAGTTCGAGACCAGCCTGGCCAACATGGTGAAACCTTCCGTCTCTACTAAAAATACAAAAATTAGCTGGGCATGGTGGTGCACGCCTGTAATCCCAGCTACTGGGGAGGCTGAGGCAGGAGAATGGCTTGAGCCCAGGAGGCAGAGGTTGCAGTGAGCCGAGATTGTGCCACTGCACTCCAGCCTGGGTGACAGCAAGACTCCCTCTC","GGCCGGGCACAGTGGCTCACGCCTGTAATCCCAGCACTTTGGGAAGCCAAGGCGGGCAGATCATGAAGTCAGGAGTTCGAGACCAGCCTGGCCAACATGGTGAAACCTTCCGTCTCTACTAAAAATACAAAAATTAGCTGGGCATGGTGGTGCACGCCTGTAATCCCAGCTACTGGGGAGGCTGAGGCAGGAGAATGGCTTGAGCCCAGGAGGCAGAGGTTGCAGTGAGCCGAGATTGTGCCACTGCACTCCAGCCTGGGTGACAGCAAGACTCCCTCTC"
"chr1","9531887","9532165","chr1","9625612","9625890","8","93725","GGGCGCAGTGGTTCATGCCTGTAATCCCAGCACTTTCAGAGGCGGAGGAGGGTGGATCACAAGGTCAGGAATTTGAGACCAACCTGACCCACATGGTGAAACCCCGTCTCTACTAAAACTACAAAAATTAGCCGGGTGTGGTGGTGCATGCCTGTAATCCCAGCTACTTCAGAGGCTGAGGCAGGACAATCGCTTGAACCTGGGAGGCAGAGGTTGCAGTGAGCTGAGATTGCACCACTGCACTCCAGCCTGGGCGACAGAGCGAGACTCCGTCTCAAA","GGACACAGTGGTTCATGCCTATAATCCCAGCACTTTCAGAGGTGGAGGAGGGCGGATCACAAGGTCAGGAATTTGAGACCAACCTGACCAACATGGTGAAACCCCGTCTCTACTAAAACTACAAAAATTAGCCGGGTGTGGTGGTGCATGCCTGTAATCCCAGCTACTTCAGAGTCTGAGGCAGGACAATCGCTTGAACCTGGGAGGCAGAGGTTGCAGTGAACTGAGATTGCACCACTGCACTCCAGCCTGGGCGACAGAGCGAGACTCCGTCTCAAA"
"chr1","9537372","9537679","chr1","9631097","9631403","7","93725","GGCCAGGTGCGGTGACTCACGCCTGTAACCCCAGCACTCTGGGAGGCTGAGGTGGGCGGATCACGAGGTCAGGAGTTTGAGACCAGCCTGACCAACATGGTGAAACCCTGTCTCTACTAAAAATACAAAAATTAGCCCAGTGTGGTGGTGCATGCCTGTAATCCCAGCTACTCAGGAGGCTGAGGCAGGAGAATTGCTTGAACCCGGGAGGCAGAGGTTGCAGTGAGACGAGATCGTGCCACTGCACTCCAGCCTGGGTGACAGAGCAAGACTCCATCTCAAAATAAATAAATAAAAATTAAAAAAAA","GGCCAGGTGCGGTGGCTCACGCCTGTAACCCCAGCACTCTGGGAGGCTGAGGTGGGCGGATCACAAGGTCAGGAGTTTGAGACCAGCCTGACCAACATGGTGAAACCCTGTCTCTACTAAAAATACAAAAATTAGCCCAGTGTGGTGGTGCATGCCTGTAATCCCAGCTACTCAGGAGGCTGAGGCAGGAGAATTGCTTGAACCCGGGAGGCAGAGGTTGCAGTGAGACGAGATCGTGCCACTGCACTCCAGCCTGGGTGACAGAGCAAGACTCCATCTCAAAAAAATAAAAATAAAAATAAAAAAA"
"chr1","9575336","9575640","chr1","9670809","9671113","4","95473","GCTGGGCGTAGTGGCTCATGCCTGTAATCCCAGCACTTTGGGAGGCCGAGGCGGGTGGGTCACAAACTCAGGAGTTCGAGACCAGCCTGGCCAACATGGTGAAACCCCGTCTCTACTAAAAATACAAAAATTAGCCAGGCGTGGTGGTGGGCGCCTGTAATCCTAGCTACTTAGTAGAGTGAGGCAGGAGAATCACTTGAACCCGGGAGGTGGAGGTTGCAGTGAGCCGAGATCACACCACTGCACTTCAGCATGGGTGATAGAGTAAGACTCTGTCTGGAAAAAAAAACGAAAGCAAAACGAAA","GCTGGGCGTAGTGGCTCATGCCTGTAATCCCAGCACTTTGGGAGGCCGAGGCGGGTGGATCACAAACTCAGGAGTTCGAGACCAGCCTGGCCAACATGGTGAAACCCCGTCTCTACTAAAAATACAAAAATTAGCCAGGCCTGGTGGTGGGCGCCTGTAATCCTAGCTACTTAGGAGAGTGAGGCAGGAGAATCACTTGAACCCGGGAGGTGGAGGTTGCAGTGAGCCGAGATCACACCACTGCACTTCAGCATGGGTGATAGAGTAAGACTCTGTCTGGAAAAAAAAACGAAAACAAAACGAAA"
"chr1","9620320","9620617","chr5","124060908","124061202","33","114440588","GCCAGGTGTGGTGGCTCACGCCTGTAATCCCAGCATTTTGGGAGGCCGAGGCAGGCAGATCACGAGGTCAGGAGTTCGAGACCAGCCTGACTAACATAGTGAAACCCCATCTCCACTAAAAATACAAAAAATCGCCGGTTGTGGTGGCAGGTGCCTGTAATCCCAGCTACTCAGGAGGCTGAGGCAGAAGAATCGATTGAACCCGGGAGGCGGACATTGCAGTGAGCCCAGATCGTGCCACTGCACTCCAGCCCAGGCAACCAGTGCAAGACTCCGTCTCAAAAAAAAAAAAAAAAAA","GGCCGGGCGCGGTGGCTCACGCCTGTAATCCCATCACTTTGGGAGGCCGAGGTGGGCAGATCACGAGGTCAGGAGTTCAAGACCAGCCTGGCTAACATGGTGAAACCCCATCTCTACTAAAAATACAAAAATTAGCCGGGTGTGGTGGCACCTGCCTGTAATCCCAGCTACTTGGGAGGCTGAGGCAGGAGAATCGCTTGAACCCAGGAGGCGGAGGTTGCAGTGAGCCGAGACCGTGCCACTGCACTCCAGCCTGGCAACAGAGCAAGACTCCATCTCAAAAAAAAAAAAAAAA"
"chr1","9650142","9650447","chr1","9758151","9758426","32","108009","GGTCAGGTGTGGTGGTTCACGCCTGTAATCCCAGCACTTTGGGAGCCTGAGGCGGGTGGATCATGAGGTCAGGAGTTCAAGACCAGCCTGGTGAACATGGCGAAACCCCACCTCTACTAAAAATACAAAAATTAGCCAGGCACGGTGGTGTGCACCTATAGTCCCAGCTACTCAGGAGGCTGAGGCAGGAGAATTGCTTGAACCCAGGAGGCTGAGGCTGTGGTGAGCCAAGATCACGCCACTGCACTCCAGCCTGGGCAACAGAACAAGATTCCTCAAAATAAACAAAACAAAGAAACAAAACAA","GGTCAGGTGTGGTGGTTCACGCCTGTAATCCCAGCACTTTGGGAGCCTGAGGCGGGTGGATCATGAGGTCAGGAGTTCAAGAGCAGCCTGGTGAACATGGCGAAACCCCACCTCTACTAAAAATACAAAAATTAGCCAGGCACGGTGGTGTGCACCTATAGTCCCAGCTACTCAGGAGGCTGAGGCAGGAGAATCGCTTGAACCCAGGAGGCTGAGGCTGTGGTGAGCCAAGATCACGCCACTGCACTCCAGCCTGGGCAACAGAACAAGACTCCG"
"chr1","9695562","9695872","chr1","9805150","9805461","7","109588","GGCCAGGCGCAATGGCTCACACCTGTAATCCCGGCACTTTGGGAGGCCGAGGCGGGCAGATCACTAGGTCAGGAGTTCAAGACCAGCCTGGCCAACATGGTGAAACCCTGTCTCTACTAAAAATACAAAAATTAGCTGGGCGTGGTGGCATGTGCCTGTAATCCCAGCTACTTGGGAGGCTGAGGCAGGAGAATCGCTTGAACCCGGGAGGCGGAGGCTGCAGTGAGCCGAGATTGTGCCACTGCACTCTCCAGCCTGGGTGACAGAGCGAGACTCAGTCTCAAAAAAAAAAAAAAGAAAAGAAAGAAAGA","GGCCAGGCGCAATGGCTCACACCTGTAATCCCGGCACTTTGGGAGGCCGAGGCGGGCAGATCACTAGGTCAGGAGTTCAAGACCAGCCTGGCCAACATGGTGAAACCCTGTCTCTACTAAAAATACAAAAATTAGCTGGGCGTGGTGGCATGTGCCTGTAATCCCAGCTTCTTGGGAGGCTGAGGCAGGAGAATCGCTTGAACCTGGGAGGCGGAGGCTGCAGTGAGCCGAGATTGTGCCACTGCACTCTCCAGCCTGGGTGACAGAGCGAGACTCAGTCTCAAAAAAAAAAAAGAAAAGAAAAGAAAGAAA"
"chr1","9725597","9725904","chr1","9836989","9837307","17","111392","GGCCGGGTGCGGTGGCTCACGCCTGTAATCCCAGCACTTTGGGGGGCTGAGGTGGGCAGATCACGAGGTCAGGAGTTCGAGATCAGCCTGACCAACATGGTGAAACCCTGTCTCTACTAAAAATACAAAAATTAGTCAGGTGTGGTGGCACGCACCTGTAATCCCAGCTACTCAGGAGACTCAGGCAGAAGAATCACTTGAACCTGGGAGGCAGAAGTTGCAGTGAGCCGAGATCATGCCACTGCACTCTAGCCTGGGCAACAAAGGCAAAACTCCGTCTCAAAAAATAATAATAAAATAAAAATAAA","GGCCGGGCGCGGTGGCTCACGCCTGGCTCACGCCTGTAATCCCAGCACTTTGGGGGGCTGAGGTGGGCAGATCACGAGGTCAGAAGTTCGAGATCAGCCTGACCAACATGGTGAAACCCTGTCTCTACTAAAAATACAAAAATTAGCCAGGTGTGGTGGCACGCACCTGTAATCCCAGCTACTCAGGAGACTCAGGCAGAAGAATCACTCGAACCTGGGAGGCAGAAGTTGCAGTGAGCCGAGGTCGTGCCACTGCACTCTAGCCTGGGCAACAAAGGCAAAACTCCGTCTCAAAAAATAATAATAAAATAAAAATAAA"
"chr1","9744752","9745051","chr1","9856814","9857113","3","112062","GGCCAAGCGTGGTGGCTCACGCCTGTAATCCCAGCACTTTTGGAGGCCGAGTCAGGCGGATCACGAGGTCAGGAGTTCCAGGCCAGCCTGGCCAACATGGTGAAACTCCGGCTCTCCTGAAAATGCAAAAATTAGCCAGTTTTAATGGGGCGCGCCTGTAATCCCAGCTACTCGGGAGGCTGAGGCAGGAGAACAGCTTGAACCCGGGAGGTGGAGGTTGCAATGAACCGAGATCGCGCCACTGTACTCCAGCCTGGGGACAAAGCAAGACTCTGTCTCGAAAGAAAAAAAAAAAGTAAA","GGCCAAGTGTGGTGGCTCACGCCTGTAATCCCAGCACTTTTGGAGGCCGAGTCAGGCGGATCACGAGGTCAGGAGTTCAAGGCCAGCCTGGGCAACATGGTGAAACTCCGGCTCTCCTGAAAATGCAAAAATTAGCCAGTTTTAATGGGGCGCGCCTGTAATCCCAGCTACTCGGGAGGCTGAGGCAGGAGAACAGCTTGAACCCGGGAGGTGGAGGTTGCAATGAACCGAGATCGCGCCACTGTACTCCAGCCTGGGGACAAAGCAAGACTCTGTCTCGAAAGAAAAAAAAAAAGTAAA"
"chr1","9804843","9805141","chr1","9917062","9917360","6","112219","GGCCGGGCACAGTGGCTTATGCCTGTAATCCCAGCACTTTGGGAGGCCGAAGCAGGAGATCACGAGGTCAGGAGTTCCAGAACAGCCTAGCTAACACAGTGAAACCCCGTCTCTACTAAAAATACAAAACTTAGCTGGGCGTGCTAGTGCATGCCTGTAATCCCAGCTACTCGGGAGTGAGGCAGGAGAATCACTTGAACCTGGGAAGCAGAGGTTGCAGTGAGCCGAGATCGCGCCATAGTACTCCAGCCTGGGAGACAGAGCAAGACTCCTCTCAAAAAGAAAAAAAAGAAAAGAAA","GGCCGGGCACAGTGGCTCATGCCTGTAATCCCAGCACTTTGGGAGGCCGAAGCAGGGGATCACGAGGTCAGGAGTTCCAGAACAGCCTAGCTAACACAGTGAAACCCCGTCTCTACTAAAAATACAAAACTTAGCTGGGCATGCTAGTGCATGCCTATAATCCCAGCTACTTGGGAGTGAGGCAGGAGAATCACTTGAACCTGGGAAGCAGAGGCTGCAGTGAGCCGAGATCGCGCCATAGTACTCCAGCCTGGGAGACAGAGCAAGACTCCTCTCAAAAAGAAAAAAAAGAAAAGAAA"
"chr1","9829798","9830104","chr1","9944767","9945069","7","114969","GGCCGGGCGCGGTGGCTCACACCTGTGATCCCAGCACTTTGGGAGGCTGAGGCGGGCGGATCACGAAGTCAAGAGTTTGAGATCAACCTGGCCAACATGGTGAAACCCCGTCTCTACTAAAAATACAAAAATTAGCTGGGTGTGGTGGCGCGTGCCTGTAGTCCCAGCTACTCGGGAGGCTGAGGCAAGAGAATCGCTCACTTGAACCCGGGAGGCAGAGGTTGCAGTGAGCCAAGATCACGCCGCTGCACTCCAGCATGGCCAACAGAGCGAGACTGCGTCTCAAAAAAAAAAAAAAAAAAAAAAA","GGCCGGGCACAGTGGCTCACACCTGTGATCCCAGCACTTTGGGAGGCTGAGGCGGGTGGATCACGAAGTCAAGAGTTTGAGATCAACCTGGCCAACATGGTGAAACCCCGTCTCTACTAAAAATACAAAAATTAGCTGGGTGTGGTGGCGCGTGCCTGTAGTCCCAGCTACTCGGGAGGCTGAGGCAAGAGAATCGCTCACTTGAACCCGGGAGGCAGAGGTTGCAGTGAGCCAAGATCACGCCGCTGCACTCCAGCATGGCCAACAGAGCGAGACTGCGTCTCAAAAAAAAAAAAAAAAAAA"
"chr1","9908078","9908356","chr1","10023524","10023800","5","115446","GGGCGGACTCAGTGGTTCATGCCTGTAATCCCAGCACTTTGGGAGGCCAAGGCGGGCAGATCACGAGGTCAGGAGTTCGAGACCATCCTGACCAACATGGTGAAACCCTGTCTCTACTAAAAATACAAAAATTAGCTGAGCGTGGTGGTGCATGCCTGTAGTCCCAGCTACTTGGGAGGCTGAGGCAGGAGAATTTCCTGAACCTGGGAGGCGGAGGTTGCGGTGAGCCGAGATTGCGCCACTGCACTCCAGCCTGGGCAACAGAGCAAAACTCCGTCT","GGGCGGACTCGGTGGTTCATGCCTGTAATCCCAGCACTTTGGGAGGCCAAGGCGGGCAGATCACGAGGTCAGGAGTTCGAGACCATCCTGACCAACATGGTGAAACCCTGTCTCTACTAAAAATACAAAAATTAGCAGAGCGTGGTGGTGCATACCTGTAGTCCCAGCTACTTGGGAGGCTGAGGCAGGAGAATTTCCTGAACCTGGGAGGCGGAGGTTGCGGTGAGCCGAGATTGCGCCACTGCACTCCAGCCTGGGCAACAGCAAAACTCCGTCT"
"chr1","9916055","9916356","chr1","10032905","10033218","16","116850","GGCCAGGCGCCGTGGCTCATGCCTGTAATCCCAGCACTTTGGGAGGCCAAGGCAGGTGGATCACGAGGTCAGGAGTTCGAGACCAGCCTGGCCGACATGGTGAAATGCCGTTTCTAAAAATACAAAAATTAGCTGGGCGTGGTGGTGCACGTCTGTAATCCCAGCTACTTGGGAGGCTGAGGCAGGAGAATCGCTTGAATCCAGGAGGCAGAGGTTGCGGTCAGTCGAGATTGCGCCATTGCACTCCAGCCTGGGCAACAAGAGCAAGACTCCCTCTCTAAATAAATAAATAAATAAATAAA","GGCCGGGCGCCGTGGCTCATGCCTGTAATCCCAGCACTTTGGGAGGCCAAGGCAAGTGGATCACGAGGTCAGGAGTTCGAGACCAGCCTGGCCGACATGGTGAAATGCCGTTTCTAAAAATACAAAAATTAGCTGGGCGTGGTGGCGCACGTCTGTAATCCCAGCTACTTGGGAGGCTGAGGCAGGAGAATCGCTTGAATCCGGGAGGCAGAGGTTGCGGTCAGTCGAGATTGCGCCATTGCACTCCAGCCTGGGCAACAAGAGCAAGACTCCCTCTCTAAATAAATAAATAAATAAATAAATAAATAAATAAA"
"chr1","9925600","9925879","chr1","10044757","10045030","7","119157","GTGGTGGCTCATGCCTGTAATCCCAGCACTTTGGTAGGCCAAGGTGGGCAGATCACAAGGTCAGGAGTTCAAGACCAGCCTGGCCAATATGGTGAAACCCTGTCTCTACTAAAGATACAAAAGTTATCCAGGTGTGGTGGCGTGTGCCTGTAATCCCAGCTACTCAGGAGGCTGAGGCAGGAGAATCACTTGAACCTGGGAGGCAGAGGTTGTAGTGAGCCAAGATCTTGTCACTGCATTCCAGCCTGGGCGACAGAGGAGACTCTGTCTCAAAAAAAAA","GCTCATGCCTGTAATCCCAGCACTTTGGTAGGCCAAGGTGGGCAGATCACAAGGTCAGGAGTTCAAGACCAGCCTGGCCAATATGGTGAAACCCTGTCTCTACTAAAGATACAAAAGTTATCCAGGTGTGGTGGCGTGTGCCTGTAATCCCAGCTACTCAGGAGGCTGAGGCAGGAGAATCACTTGAACCTGGGAGGCAGAGGTTGTAGTGAGCCGAGATCTTGTCACTGCATTCCAGCCTGGGCGACAGAGGAGACTCTGTCTCAAAAAAAAA"
"chr1","9956732","9957029","chr1","10077101","10077402","7","120369","GGCCAGATGCAATGGCTCATGCCTGTAATCTTAGCATTTTGGGAGGCCGAGGCGGGTGGATCACAAGATCAGGAGTTTGAGACCAGCATGACCAACATGGTGAAACCCCATCTCAACTAAAAATACAAAAATTATCCAGGCATGGTGGCATGTGCCTGCAATCCTAGATACTGAGGAGGCTGAGGCAGGAGAATCGCTTGAACCTCGGAGGTGGAGGTTGCAGTGAGCCAAGATCACACCATTACATTCCAGCCTGGGTGACAGAGCGAGACTCTGTCTCAAAAAAAAAAAAAAAAAA","GGCCAGATGCAATGGCTCATGCCTGTAATCTTAGCATTTTGGGAGGCCGAGGCGGGTGGATCACAAGATCAGGAGTTTGAGACCAGCATGACCAACATGGTGAAACCCCATCTCAACTTAAAATACAAAAATTATCCAGGCATGGTGGCATGTGCCTGTAATCCTAGATACTGAGGAGGCTGAGGCAGGAGAATCGCTTGAACCTCGGAGGTGGAGGTTGCAGTGAGCCAAGATCACATCATTACATTCCAGCCTGGGTGACAGAGCGAGACTCTGTCTCAAAAAAAAAAAAAAAAAAAAAA"
"chr1","9957339","9957590","chr1","10077712","10077964","4","120373","GGCTGGGCACGGTGGCTCACACCTGTAATCCCAGCACTTTGGGAAGCCGAGGCGTGGATCACGAGGTCAATAGTTCGAGACCAGCCTGGCCAACATGGTGAAGCCCACTCTCGCGTGGTGGCGCATGCCTGTAATCCAGCTACTCGGGAGGCTCAGGAAGGAGAATTGCTTGAACCCGGGAGGTGGAGGTTACAGTGAGCCAAGATCGCGGCACTGCAAGAAACAGAGTGAGACTGCGTCTCAAAAAAAAAA","GGCTGGGCACAGTGGCTCACACCTGTAATCCCAGCACTTTGGCAAGCCGAGGCGTGGATCACGAGGTCAATAGTTCGAGACCAGCCTGGCCAACATGGTGAAGCCCACTCTCGCGTGGTGGCGCATGCCTGTAATCCCAGCTACTCGGGAGGCTCAGGAAGGAGAATTGCTTGAACCCGGGAGGTGGAGGTTACAGTGAGCCAAGATCGAGGCACTGCAAGAAACAGAGTGAGACTGCGTCTCAAAAAAAAAA"
"chr1","9958428","9958737","chr1","10078970","10079277","11","120542","GGCTGGGAGCAGTGGCTCACACCTCTAATCCCAGTACTTTGGGAGACAGAGGTGGGCGGATCACGAGGTCAGGAATTCAAGACCAACCTGATCAGCATGGTGAAACCCCATCTCTACTAAAAATACAAAAATTAGTCGGGCATGGTGGTGTGCTTCTGTAGTCCCAGATACTCAGGAGGCTGAGGCAGGAGAATTGCTTGAACCCAGGAGGCAGAGGTTGCAGTGAGCTGAGATCACACCACTGCACTCCAGCCTGGGTGACAGAGCAAGACTCTGTCTCAAAAAAAAAAAAAACAAAACAAAACAAAAA","GGCTGGGAGCAGTGGCTCACACCTCTAATCCCAGTACTCTGGGAGACAGAGGCGGGCGGATCACGAGGTCAGGAGTTCAAGACCAACCTGATCAGCATGGTGAAACCCCATCTCTACTAAAAATACAAAAATTAGTCGGGCATGGTGGTGTGCTTCTGTAGTCCCAGATACTCAGGAGGCTGAGGCAGGAGAATTGCTTGAACCCAGGAGGCAGAGGTTGCAGTGAGCCGAGATCGCACCATTGGACTCCAGCCTGGGTGACAGAGCAAGACTCCGTCTCAAAAAAAACAAAACAAAACAAAACAAAA"
"chr1","9959401","9959706","chr1","10079936","10080241","2","120535","GGCCGGGTGCGGTGACTCACGCCTATAATCCTAGCACTTTGGGAGGCCAAAGTAGGCAGATCATGAGGTCAGGAGTTCAAGACCAGCATGACCAATATGGTGAAACCCCATCTCTACTAAAAATACAAAAATTAGCTGGGCGTGGTGGCATGCGCCTGTAATCCCAGCTACTCAGGAGGCTGAGGCAGGAGAATGGCTTGAACCTGGGAGGTGGAGGTTGCAGTGAGCCAAGATTGCACGCCACTGCACTCCAGCCTGGCGACAACGAGACTCTGTCCCCCCACCAAAAAAAGAAAAGAAAGAAAA","GGCCGGGTGCGGTGACTCACGCCTATAATCCTAGCACTTTGGGAGGCCAAAGTAGGCAGATCATGAGGTCAGGAGTTCAAGACCAGCATGACCAATATGGTGAAACCCCATCTCTACTAAAAATACAAAAATTAGCTGGGCGTGGTGGCATGCGCCTGTAATCCCAGCTACTCAGGAGGCTGAGGCAGGAGAATGGCTTGAACCTGGGAGGTGGAGGTTGCAGTGAGCCAATATTGCACGCCACTGCACTCCAGCCTGGCGACAACGAGACTCTGTCCCCCCACCAAAAAAAAAAAAGAAAGAAAA"
"chr1","9963409","9963706","chr1","10083027","10083325","6","119618","GGCCAGATGCGGTGGCTCACGCCTGTAATCCCAGCACTTTGGGAGGCTGAGGTGGGCGGATCACGAGGTCAGAAGTTCGAGACCAGCCTGGCCAACATGGTGAAACCGTCTCTACTAAAAAATACAAAAATTCGCTGGGCGTGGTGGTGTGCGCCTGTAATCCCAGGTACTCGGGAGGCTGAGGCAGGATAATTGTTTGAACCCGGGAGATGGAGGTTGCAGTGAGCCTAGATTGTGCCACTGCACTCCAGACTGGGGGACACAGCAAGACGCCATCTTGGAAAAAAAAAAAAAGAAA","GGCCAGATGCGGTGGCTCACGCCTGTAATCCCAGCACTTTGGGAGGCCGAGGTGGGCGGATCACGAGGTCAGAAGTTCGAGACCAGCCTGGCCAACATGGTGAAACCGTCTCTACTAAAAAATACAAAAATTAGCTGGGCGTGGTGGTGTGCACCTGTAATCCCAGGTACTCGGGAGGCTGAGGCAGGATAATTGTTTGAACCCGGGAGATGGAGGTTGCAGTGAGCCTAGATCGTGCCACTGCACTCCAGACTGGGGGACACAGCAAGACTCCATCTTGGAAAAAAAAAAAAAAGAAA"
"chr1","10015160","10015465","chr1","10137427","10137731","3","122267","GGTCAGGCGCAGTAGCTCATGCTTGTAATCCCAGCACTTTGGGAGGCTGAGGCGGGCAGATCATGAGGTCAGGAGTTCAAGAACAGCCTGGCCAACATGGTGAAACCCCGTCGCTACTAAAAATACAAAAATTAGCAGAGCATGGTGGCACACACCTGTAATCCTAGCTACTCAGGAGGCCGAGGCAGAAGAATTGCTTGAAGGCAATTCCGCTTAAAGGCAGAGGTTGCAGTGAGCCAAGATTGCACCACTGCACTCCAGCCTGGGCTACAGAGTGAGACTCCATCTCAAAAAAAAAAAAAAAAA","GGTCAGGCGCAGTAGCTCATGCTTGTAATCCCAGCACTTTGGGAGGCTGAGGCGGGCAGATCATGAGGTCAGGAGTTCAAGAACAGCCTGGCCAACATGGTGAAACCCCGTCGCTACTAAAAATACAAAAATTAGCAGAGCATGGTGGCACACACCTGTAATCCTAGCTACTCAGGAGGCCGAGGCAGAAGAATTGCTTGAAGGCAATTCCGCTTAAAGGCGGAGGTTGCAGTGAGCCAAGATTGCATCACTGCACTCCAGCCTGGGCTACAGAGTGAGACTCCATCTCAAAAAAAAAAAAAAAA"
"chr1","10022360","10022651","chr1","10144630","10144921","5","122270","GGCCAGGCACAGTGGCTCACGCCTGTAATTCCAGCACTTTGGGAGGCTGAGGCAGGTGGATCATGAGGTCAGGAGTTCGAGACCAGCCTGGCCAACATAGTGAAACCCCCATCTCTACTAAATACACAAAAATTAGCCGGGCGTGGTGGCCCATGCCTGTAATTCCAGCTACTCAGGAGGCTGAGACAGGAGAATCGCTTGAGCCTGGGAGGCGGAGGTTGCAGTGAGCCAAGATCACGCCATTGCACTCCAGCCTGGGTGACAAGAGCAAGACTCCATCTCAAAAAATAAA","GGCCAGGCACAGTGGCTCACGCCTGTAATTCCAGCACTTTGGGAGGCTGAGGCAAGTGGATCATGAGGTCAGGAGTTCGAGACCAGCCTGGCCAGCATAGTGAAACCCCCATCTCTACTAAATATACAAAAATTAGCCGGGCGTGGTGGCCCATGCCTGTAATTCCAGCTACTCAGGAGGCTGAGACAGGAGAATCGCTTGAGCCTGGGAGGCGGAGGTTGCAGTGAGCCAAGATCATGCCATTGCACTCCAGCCTGGGTGACAAGAGCAAGACTCCATCTCAAAAAAAAAA"
"chr1","10038815","10039080","chr1","10161193","10161458","6","122378","GGCCGGGCGCGGTGGCTCACGCCTGTAATCCCAGCACTTCGGGAGGTCGAGGCAGGCGGATCACGTGAAACCCCGTCTCTACTAAAAATACAAAAATTTGCTGGGTGTGATGGTACGCACCTGTAATCCCAGCTACTCAGGAGGCTGAAGTAGGAGAATTGCTTAAACTCAGGAGACAGAGGTTGCAGTGAGCCGAGATTGCGCCACTGTACTCTAGCCTGGGAGGCAGAGCAAGACTCCATCAAAAAAACAAACAAACAAAAAAA","GGCCGGGCGCGGTGGCTCACGTCTGTAATCCCAGCACTTCGGGAGGTCGAGGCAGGCGGATCACGTGAAACCCTGTCTCTACTAAAAATACAAAAATTTGCTGGGTGTGATGGTGCGCACCTGTAATCCCAGCTACTCAGGAGGCTGAAGTAGGAGAATTGCTTAAACTCAGGAGACACAGGTTGCAGTGAGCCGAGATTGCGCCATTGTACTCCAGCCTGGGAGGCAGAGCAAGACTCCATCAAAAAAACAAACAAACAAAAAAA"
"chr1","10042367","10042671","chr18","4681033","4681334","30","5361334","GGCCGGGCGTGGTGGCTCACGCCTGTAATCCCAGCACTTTGGGATGCTGAGGCGGGTGGATCACGAGGTCAGGAGTTCGAGACCAGCCTGACCAACATGGTGAAACCCTGTCTCTACTAAAAATACAAAAATTAGCCGGGCGTGGTGGTGCACGCCTGTAATCCTAGCAACTCAGGAGGCTGAGGCAGGAGAATAGCTTGAACCCGGGAGGCAGGGGTTACAGTGAGCTGAGATTGCACCACTGCACTCTAGCCTGGGCGACAGAGTGAGACTGTGTCTCAAAAGCAAAGAAACAAACAAACAAA","GGCCGGGCGCGGTGGCTCACGCCTGTAATCCCAGCACTTTGGGAGGCCGAGGCAGGTGGATCACGAGGTCAGGAGTTCGAGACCAGCCTGACCAACATGGTGAAACCCCGTCTCTACTAAAAATACAAAAATTAGCCAGGCGTGGTGGCGCATGCCTGTAATCCCAGCTACTCAGGAGGCTGAGACAGGAGAATTGCTTGAACCCGGGAGGTAGAGGTTGCAGTGAGCGAAGATGGCACCACTGCACTCCAGCCTGGGGGACAGAGCAAGACTCCATCTCAAACAAACAAAAAAACAAACAA"
"chr1","10070921","10071204","chr1","10193899","10194182","2","122978","GGCCAGGTGTGGTGGCTCACGCCTGTAATCCCAGCACTCTGGGAGGCTGAGGCAGGAGGATCACGAGGTCAGGAGTTCGAGAACAGCCTGACCAACATGGTGAAATCCTGTCTCTACTAAAAATACAAAAATTAGCCAGGTGTGGTGATGCGTGCCTGTAATCCCAGCTACTGAGGCAGGAGAATCACTTGAACTCGGGAGGTGGAGGGCAATTGCAGTGAGCTGAGATGGCACCACTGCACTCTAGCCTGGGCAACAGAGGGAGACTCCACCTCCAAAATAAA","GGCCAGGTGTGGTGGCTCACGCCTGTAATCCCAGCACTCTGGGAGGCTGAGGCAGGAGGATCACGAGGTCAGGAGTTCGAGAACAGCCTGACCAACATGGTGAAATCCTGTCTCTACTAAAAATACAAAAATTAGCCAGGTGTGGTGGTGCGTGCCTGTAATCCCAGCTACTGAGGCAGGAGAATCACTTGAACTCGGGAGGTGGAGGGCAATTGCAGTGAGCTGAGATGGCGCCACTGCACTCTAGCCTGGGCAACAGAGGGAGACTCCACCTCCAAAATAAA"
"chr1","10086698","10086971","chr1","10209715","10209987","6","123017","GGCCAGGCGCGGTGGCTCAAGCCTATAATCCCAGCACTTTGGGAGGCCGAGATCAGGAGTTTGACACCAGCCTGGCCAACATGGTGAAACCCTGTGTCTACTAAAATTACAAAAATTAGCCGGGCGTGGTGGCACATGCCTATAGTCCCAGCTACTTGGGAGGCTGAGGCACGAGAATTGCTTGAACCTGGGAGGCAGAGGCTGCAGTGAGATCATGCCACTGCACTCCATCCTGGGTGACAGTGAGACTACATCTCAAAAAAAAAAGAGAAAA","GGCCAGGCGCGGTGCCTCAAGCCTATAATCCCAGCACTTTGGGAGGCCGAGGTCAGGAGTTTGACACCAGCCTGGCCAGCATGGTGAAACCCTGTGTCTACTAAAATTACAAAAATTAGCCGGGCGTGGTGGCACATGCCTATAGTCCCAGCTACTCGGGAGGCTGAGGCACGAGAATTGCTTGAACCTGGGAGGCAGAGACTGCAGTGAGATCATGCCACTGCACTCCATCCTGGGTGACAGTGAGACTACATCTCAAAAAAAAAGAGAAAA"
"chr1","10126019","10126301","chr1","10249715","10249996","3","123696","GGCCAAGCGCGGTAGCTCATGCCTGTGATCCCAGCACTTTGGGAGGCTGAGGCGGGTGGATCACGAGGTCAGGAGTTCGAAACCAGCGTGGCCAACAAAGTGAAACCCCGTCTCTACTAAAAATACAAAAATTAGCCAGGTGTGGTGGCACATGCCTGTAATCCCAGCTGGCTCGGGAGGCTGAGGCAGGAGAATCACTTGAACCCCAGAGGCACAGGTTGCAGTGAGCCAAGACTGTGCCATTGCACTCCAGTCTGGGTGACAGAGCGAGACTCCGTCTCAA","GGCCAAGCATGGTAGCTCATGCCTGTGATCCCAGCACTTTGGGAGGCTGAGGCGGGTGGATCACGAGGTCAGGAGTTCGAAACCAGCGTGGCCAACAAAGTGAAACCCCGTCTCTACTAAAAATACAAAAATTAGCCAGGTGTGGTGGCACATGCCTGTAATCCCAGCTGCTCGGGAGGCTGAGGCAGGAGAATCACTTGAACCCCAGAGGCACAGGTTGCAGTGAGCCAAGACTGTGCCATTGCACTCCAGTCTGGGTGACAGAGCGAGACTCCGTCTCAA"
"chr1","10135458","10135751","chr1","10259122","10259415","14","123664","GCTGGGCATGGTGGCACACGCCTGTAATCCCAGCACTTTGGGAGGCTGAGGTGGGCAGATCAAAAGGTCCGGAGTTCATGACCAGCCTGATCACCATGGTGAAACCCCATCTCTACTAAAAATACAAAAATTAGCGGGTGTGGTGGCACGCACCTGTAATCCCAGCTACTCAGGAGGCTGAGGCAGGAGAATTGTGTGAACCCAGGAGGCTGAGCTTGCAGTGAGCCATGATCACGGCACTGCACTCCAGCCTGGGCAACAGAGTGAGACTCTGTCTCAAAAAAAAAAAAAAAA","GCAGGGCATGGTGGCACGCGCCTGTAATCCCAGCACTTTGGGAGGCTGAGGTGGGCAGATCAAAAGGTCCAGAGTTCATGACCAGCCTGACCACCATGGTGAAACCCCATCTCTACTAAAAATACAAAAATTAGCGGGTGTAGTGGCACACACCTGTAATCCCAGCTACTCAGGAGGCTGAGGCAGGAGAATCGCTTGAACCCAGGAGGCTAAGCTTGCATTGAGCTGTGATCATGGCACTGCACTCCAGCCTGGGCAACAGAGTGAGACTCTGTCTCAAAAAAAAAAAAAAAA"
"chr1","10197434","10197702","chr1","10315106","10315378","5","117672","GGCCAGGCACGGTGGCTCACGCCTGTAATCCCAGCACACGAGGTCAGGAGTACGAGACCAGCCTGACCAACATGGTGAAACCCCGTCTCTACTAAAATACAAAATTAGCTAGGTGTGGTGGCGCACGCCTGTAATCCCAGCTACTTAGGAGGCTGAGGCAGGAGAATCACTTGAACCCTTGAGGCAGAGGTTGCAGTGAGCCGAGATTGAGCCAGTGCACTCCAGCCTGGGTGACAAGAGCATAACTCTGTCTCAAAAAAAAAAAAGAA","GGCCAGGCACGGTGGCTCACGCCTGTAATCCCAGCACACGAGGTCAGGAGTACGAGACCAGCCTGACCAACATGGTGAAACCCCGTCTCTACTAAAATACAAAATTAGCTAGGTGTGGTGGCGCACGCCTGTAATCCCAGCTACTTAGGAGGCTGAGGCAGGAGAATCACTTGAACCCTTGAGGCAGAGGTTGCAGTGAGCCGAGATTGAGCCAGTGCACTCCAGCCTGGGTGACAAGAGCATAACTCCGTCTCAAAAAAAAAAAAAAAAGAA"
"chr1","10202544","10202844","chr1","10320390","10320688","5","117846","GCTGGGTGCGGTGGCTCAAGCCTGTAATCCCAGCACTTTGGGAGGCTGAGGCGGGCAGATCATGAGGTCAGGAGTTGAAGACCAGACTGACCAACATGGTGAAAACCCGTCTCTGATAAAAATACAAAAATTAGCTGGGTGTGGTGTCATGTGCCTGTAATCCCAGCTACTTGGGAGGCTGAGGCAGGAGAATCGCTTGAACCTGGCAGGCGGAGGTTGCAGTGAGCTGAGATGGCATCACTGCATTCCAGCCTGGGTGACAGAGTGACACTCTATCTCAAAAAAAAAAAAAAAAAAAAAA","GCTGGGTGCAGTGGCTCAAGCCTGTAATCCCAGCACTTTGGGAGGCTGAGGCGGGCAGATCATGAGGTCAAGAGTTGAAGACCAGACTGACCAACATGGTGAAAACCCGTCTCTAATAAAAATACAAAAATTAGCTGGGTGTGGTGTCATGTGCCTGTAATCCCAGCTACTTGGGAGGCTGAGGCAGGAGAATCGCTTGAACCTGGCAGGCGGAGGTTGCAGTGAGCTGAGATGGCATCACTGCATTCCAGCCTGGGTGACAGAGTGACACTCTATCTCAAAAAAAAAAAAAAAAAAAA"
"chr1","10214280","10214587","chr1","10332819","10333126","8","118539","GGCAGGGCACGGTGGCTCATGCCTGTAATCCCAGCACTTTGGGAGGCCAAGGCAGGCGGATCAGAAGGTCAGGAGTTCGAGACCTGCCTGGCCAACATGGTGAAACCCCATCTCTACTAAAAATACAAAAATTAGCTGGGCATGGTGGCAGGTGCCTGTAATCCCAGCTACTTGGGAGGCTGAGGCAGGAGAATCATTTGAACCCGGGAGGCGGAGGTTGCAGTGAGCTGAGATCACACCAATGCACTCCAGCCTGGGTGACAGGGCGAGACTCTGTCTTAAAAAAAAAAAAGAAAGAAAGAAAGAAA","GGCAGGGCACAGTGGCTCATGCCTGTAATCCCAGCACTTTGGGAGGCCAAGGCAGGCGGATCAGAAGGTCAGGAGTTCGAGACCTGCCTGGCCAACATGGTGAAACCCCATCTCTACTAAAAATACAAAAATTAGCTGGGCATGGTGGCAGGTGCCTGTAATCCCAGCTACTTGGGAGGCTGAGGCAGAAGAATCATTTGAACCCGGGAGGCAGAGGTTGCAGTGAGCTGAGATCATACCAATGCACTCCAGCCTGGGCGACAGGGCGAGACTCTGTCTTAAAAAAAAGAAAGAAAGAAAGAAAAGAA"
"chr1","10222972","10223254","chr16","29103970","29104250","32","18880998","GGCTGGGTGTGGTGGCTCACGCCTGTAATCCCAGCACTTTGGGAGGCCGAGGCAGGCGGGTCACGAGGTCAGGAGTTCAAGACCAGCCTGGCCAACATAGTGAAACTCTGTCTCTACTAAAAATACAAAAATTAGCCAGGTGTGGTGGCACGCACCTGTAGTCCCAGCTACTCGGGAGGCTGAGGCAGGAGAATCGCTTGAACCTGGGAGGCAGAGGTTGCAGTAAACCGAGATGGCTATTGCACTTCATCTAGCCTGGGTGACAGAGCAAGACTCTGTCTCA","GGCCGGGCGTGGTGGCTCATGCCTGTAATCCCAGCACTTTGGGAGGCTGAGGCAGGCAGATCGCGAGGTCAGGAGTTCGAGACCAGCCTGGCCAACATGGTGAAACTCCGTCTCTCCTAAAAATATAAAAATTAGCTGGGTGTGGTGGCACGCAACTGTAGTCTCAGCTACCTGGGAGGCTGAGGCAGGAGAATCGCTTGAACCCGGGAGGCAGAGGTTGCAGTCAGCCGAGATCATGCCAGTGCACTCCAGCCTGGGTGACAGAGGGAGACTCTGTCTCA"
"chr1","10242528","10242814","chr1","10361543","10361829","6","119015","GGCCAGGCGCAGTGGTTCACGCCTGTAATCCCAGCACTTTGGGAGGCTGAGGCGGGCAGATCACGAGGTCAGGAGTTTGAGACCAGCCTGGCCAACATGGTGAAACCCTGTCACTACTAAAAATACAAAAATTAGCTGGGCATGGTGGTGGGCATCTGTAATCCCAGCTACTTGGGAGGCTTAGGCAGGAGAATTGTTTGAACCCAGGAGGCGGAGGTTGCAGCGAGCCAAGATTGCACCATTGCACTCCAGCCTGGGTGACAGGGCAAGACTCCGTCTAAAAAAAA","GGCTGGGCGCAGTGGCTCACGCCTGTAATCCCAGCACTTTGGGAGGCTGAGGCGGGCAGATCACGAGGTCAGGAGTTTGAGACCAGCCTGGCCAACATGGTGAAACCCTGTCACTACTAAAAATACAAAAATTAGCTGGGCATGGTGGTGGGCACCTGTAATCCCAGCTACTTGGGAGGCTTAGGCAGGAGAATTGTTTGAACCCAGGAGGCGGAGGTTGCTGCGAGCCAAGATTGCACAATTGCACTCCAGCCTGGGTGACAGGGCAAGACTCCGTCTAAAAAAAA"
"chr1","10246464","10246762","chr1","10365488","10365786","0","119024","GGCTGGGTGTGGTGGCTCACGCCTGTAATCCCAGCACTTTGGGAGGCCGAGGTGGGCGGATCACGAGGTCAAGAGTTGGAGACCAGCCTGGCCAACGTGGTGAAACCCCGTCTCTACTAAAAATACAGAAATTAGCCGGGCATGGTGGTGCACGCCCATAGTCCCAGCTACTCAGGAAGCCGAGGCAGGAGGATCGCTTGAACCTGGGAGGCGAAGTTTGCAGTGAGCTGAGATCGTGCCACTGCACTCTAGCCTGCTGGGCGACAGAGTGAGACTCTGTCTCAAAGAAAAAAAAGAAA","GGCTGGGTGTGGTGGCTCACGCCTGTAATCCCAGCACTTTGGGAGGCCGAGGTGGGCGGATCACGAGGTCAAGAGTTGGAGACCAGCCTGGCCAACGTGGTGAAACCCCGTCTCTACTAAAAATACAGAAATTAGCCGGGCATGGTGGTGCACGCCCATAGTCCCAGCTACTCAGGAAGCCGAGGCAGGAGGATCGCTTGAACCTGGGAGGCGAAGTTTGCAGTGAGCTGAGATCGTGCCACTGCACTCTAGCCTGCTGGGCGACAGAGTGAGACTCTGTCTCAAAGAAAAAAAAGAAA"
"chr1","10329453","10329747","chr1","10449055","10449350","4","119602","GGCTGGGTGCGGTGGCTCACTCCCGTAATCCCAGCACTTTGGGAGGCCGAGGTGGGCAGATCATGAGGTCAAGAGTTCGAAACCAGCCTGGCCAACATGGTGAAACCTCGTCTCTACTAAGAATACAAATATTAGCCAGGCATGGTGGTTTGTGCCTGTAATCCCAGCTACTCAGGAGGCTGAGGCAGGAGAATTGCTTGAACCCGGGAGGGGGAGGTTGCAGTGAGCCGAGATCGCGCCACTGCACTTCAGCCTGGGCAACAGAGCAAAGACTCTGTCTAGGGGGAAAAAAAAA","GGCTGGGTGCGGTGGCTCACTCCCGTAATCCCAGCACTTTGGGAGGCCGAGGTGGGCAGATCATGAGGTCAAGAGTTCGAAACCAGCCTGGCCAACATGGTGAAACCTCGTCTCTACTAAGAATACAAATATTAGCCAGGCATGGTGGTTTGTGCCGGTAATCCCAGCTACTCAGGAGGCTGAGGTAGGAGAATTGCTTGAACCCGGGAGGGGGAGGTTGCAGTGAGCCGAGATCGCGCCACTGCACTTCAGCCTGGGCAACAGAGCGAAGACTCTGTCTAGGGGGAAAAAAAAAA"
"chr1","10336155","10336446","chr1","10456299","10456590","2","120144","GGCCGGGTGCGGTGGCTCACGCCTGTCATCCCAGCACTTTGAGGGGCTGAGGTGGGCAGATCACGAGGTCAGGAGTTCGAGACCAGCCTGACCAACATGGTGAAACCCCGTCTCTACTAAAAATACAAAAATTAGCCGGGCGTGGTGGCGGGCACCTGTAATCCCAGCTACTCAGGAGGCTGAGGCAGGAGAATTGCTTGAACCCGGGAGGCGGAGGTTGCAGTGAGCCGAGATTGCACCACTGCACTCCAGCCTGGGCAACAGAGCGAGACTCCGTCTCAAAAAAAAAGAA","GGCCGGGTGCGGTGGCTCACGCCTGTCATCCCAGCACTTTGAGGGGCTGAGGTGGGCAGATCACGAGGTCAGGAGTTCGAGACCAGCCTGACCAACATGGTGAAACCCCGTCTCTATTAAAAATACAAAAATTAGCCGGGCGTGGTGGCGGGCACCTGTAATCCCAGCTACTGAGGAGGCTGAGGCAGGAGAATTGCTTGAACCCGGGAGGCGGAGGTTGCAGTGAGCCGAGATTGCACCACTGCACTCCAGCCTGGGCAACAGAGCGAGACTCCGTCTCAAAAAAAAAGAA"
"chr1","10377657","10377950","chr1","10498215","10498512","8","120558","GGCCGGGCACAGTGGCTCACGCCTGTAATCCAAGCACTTGGGGAGGCCGAGGCGGGCAGATCACGAGATCAGGAGTTCAAGACCAGCCTGGCCAATATGATGAAACCCCGTCTCTACTAAAAATACAAAATTAGTCGGGTATGGTGGCACATGCCTGTAATTCCAGCTGCTTGGGAGCCTGAGGCAGGAGAACTGCTTGAACCCAGGAGGCAGAGGTTGCAGTGAGCCAAGATCGCGCTATTGCACTCCAGCCTGGGTGACAGAGCAAGACTCTGCCTCAGAAAAAAAAAAAAA","GGCGGGGCACAGTGGCTCACGCCTGTAATCCAAGCACTTGGGGAGGCCGAGGCGGGCAGATCACGAGATCAGGAGTTCAAGACCAGCCTGGCCAATATGATGAAACCCCGTCTCTACTAAAAATACAAAATTAGTCGGGTATGGTGGCACATGCCTGTGATTCCAGCTGCTTGGGAGCCTGAGGCAGGAGAACTGCTTGAACCCAGGAGGCAGAGGTTGCAGTGAGCCAAGATCGCGCTATTGCACTCGAGCCTGGGTGACAGAGCAAGACTCTGTCTCAGAAAAAAAAATAAATAAA"
"chr1","10382122","10382412","chr1","10502663","10502965","14","120541","GGTTGGGCACGGTGGCTCAAGCCTGTAATCCTAGCACTTTGGGAGGCTGAGGCGGGTGGATCACAAGGTCAGGAGCTTGAGACCAGCCTGGCCAACACAGTGAAACCCCTCTCTACTAAAAATAAAATCAGCCAGGCGTGATGGATGCCTGTAATCCCAGCTACTTGGGAGGCTGAGGCAGGGAGAATCGCTTGAACCCGGGAGGTGGAAAGTTGCAGTGAGCCGAGATCATGCCACTGTACTCCAGCCTGGACGACAGAGTGAGACTCCATCTCAAAATAAATAAATAAA","GGCTGGGCACGGTGGCTCAAGCCTGTAATCCTAGCACTTTGGGAGGCTGAGGCGGGTGGATCACAAGGTCAGGAGCTTGAGACCAGCCTGGCCAACACAGTGAAACCCCTCTCTACTAAAAATAAAATCAGCCAGGTGTGATGGATGCCTGTAATCCCAGCTACTTGGGAGGCTGAGGCAGGGAGAATCGCTTGAACCCGGGAGGTGGAAAGTTGCAGTGAGCCGAGATCATGCCACTGTACTCCAGCCTGGACGACAGAGTGAGACTCCATCTCAAAATAAATAAATACATAAATAAAATAA"
"chr1","10414811","10415105","chr1","10534782","10535078","16","119971","GGCCAGGCGCGGTGGCTCACGCCTGTAATCCCAGCACTTTGGGTGACCGAGGTGGGCGGATCACGAGGTCAGGAGTTTGAGTCCAGCCTGACCAACATGGCGAAACCCCATCTCTACTAAAAATACGAAAGTTAGCCAGGCATAGTGACCCGTGCCTGTAATCCCAGCTACTCAGGAGGCTGAGGCAGGAGAATCACTTGAACCTGGGAGGCGGAATTTGCAGTGGGCTGAGATCGCACCACTGCACTCCAGGCTGGGCGACCGAGCAAGACTCCGCCTAAAAAAAAAAAAAGAA","GGCCAGGCGCGGTGGCTCACGCCTGTAATCCCAGCACTTCGGGTGTCCGAGGTGGGCGGATCAGGAGGTCAGGAGTTTGAGTCCAGCCTGACCAACATGGCGAAACCCCATCTCTGCTAAAAATCCGAAAGTTAGCCAGGCATGGTGGCCCGCGCCTGTAATCCCAGCTACTCAGGAGGCTGAGGCAGGAGAATCACTTGAACCCGGGAGGCGGAATTTGCAGTGGGCCAAGATCACACCACTGCACTCCAGCCTGGGCGACCGAGCAAGACTCCGGCTAAAAAAAAAAAAAAAGAA"
"chr1","10443399","10443707","chr1","10564047","10564349","15","120648","GCCGGGCACAGTGGCTCACGTCTGTAATCCCAGCACTTTGGGAGGCCGAGGCGGGTGGATCACAAGGTCAAGGAGATTGAGACCAGCCTGGCCAACACAGTGAAACCCCGTCTCTACTAAAAACACAAAAATTAGCCAGGTGGGGTGGCGTGCTCCAGTAGTCCCAGCTACTCAGGAGGCTGAGGCATGAGAATCGCTTGAACCCGGGAGGCAGAGGCTGCAGCAGTGAGCCAAGATCACGCCACTGCACTCCAGCCTGGGCGACAGAGCAAGACTCTGTCTCAAAAAAAAAAAAAAAAAAAAAAAAAA","GCCGGGCACAGTGGCTCGCGCCTGTAATCCCAGCACTTTGGGAGGCCGAGGCAGGTGGATCACAAGGTCAAGGAGATTGAGACCAGCCTGGCCAACACGGTGAAACCCCATCTCTACTAAAAATACAAAAATTAGCCAGGTGGGGTGGCGTGCTCCAGTAGTCCCAGCTACTCAGGAGGCTGAGGCATGAGAATCGCTTGAACCCGGGAGGCAGACGCTGCAGCAGTGAGCCGAGATCACGCCACTGCACTCCAGCCTGGGCGACAGAGCAAGGCTCTGTCTCAAAAAAAAAAAAAAAAAAAA"
"chr1","10469522","10469818","chr1","10591737","10592033","3","122215","GGCTGAGCACAGTGGCTCATGCCTCTAATCCCAGCACTTTGGGAGGCCAAGGCGGGTGGATCATGAGGTCAGGAGTTCGAGACCAGCCTGGTCAACATGGTGAAACCACGTCTCTACTAAAAATACAAAAATTAGCCGGACATGGTGGTGCACGCCTATAATCCCAACTACTCGGGAGGCTGAGGCAGGAAAATCACTTGAACCTGGGAGGCAGAGGTTTCAGTGAGCCGAGATCGCGCCAGTGCACTGCAGCCTGGGTAACAGAGTGAGACCCTGCTACAAAAAAAAAGAAAAGAA","GGCTGAGCACAGTGGCTCATGCCTCTAATCCCAGCACTTTGGGAGGCCAAGGCGGGTGGATCATGAGGTCAGGAGTTCGAGACCAGCCTGGTCAACATGGTGAAACCACATCTCTACTAAAAATACAAAAATTAGCCGGACATGGTGGTGCACGCCTATAATCCCAACTACTCGGGAGGCTGAGGCAGGAAAATCACTTGAACCTGGGAGGCAGAGGTTTCAGTGAGCCGAGATCGCGCCACTGCACTGCAGCCTGGGTAACAGAGTGAGACCCTGCTACAGAAAAAAAGAAAAGAA"
"chr1","10499446","10499746","chr1","10622224","10622524","4","122778","GGCCAGGCACGTTGGCTCACACCTGTAATCCCAGCACTTTGGGAGGCCAAGGTGGGCAGATCACAAGGTCAGGAGATCCAGACCATCCTGGCCAACATGGTGAAACCCTGTCTCCACTAAAAATACAAAAATTAGCTGGGCATGGCGGCGCGTACCTGTAATCCCAGCTACTCTGGAGGCTGAGGCAGGAGAATCGCTTGAACCCGGGAGGTGGAGGATGCAGTGAGCCGAGATCACACCACTGCACTCCAGCCTGGGTGACAGAGCAAGACTCCATCTCAAAAAAAAAAAAAAAAAAAAA","GGCCAGGCACGGTGGCTCACACCTGTAATCCCAGCACTTTGGGAGGCCAAGGTGGGCAGATCACAAGGTCAGGAGATCCAGACCATCCTGGCCAACATGGTGAAACCCTGTGTCTACTAAAAATACAAAAATTAGCTGGGCATGGCGGCGCATACCTGTAATCCCAGCTACTCTGGAGGCTGAGGCAGGAGAATCGCTTGAACCCGGGAGGTGGAGGATGCAGTGAGCCGAGATCACACCACTGCACTCCAGCCTGGGTGACAGAGCAAGACTCCATCTCAAAAAAAAAAAAAAAAAAAAA"
"chr1","10552162","10552451","chr1","10675926","10676215","4","123764","GGCTGGGTGTGGTGGCTCATGCCAGTAATACCAGCACTTTGGGAGGCCGAGACGGGCAAATCACGAGGTCAGGAGTTCAAGACCAGCCTGGCCAATGTGGTGAAACTCCATCTCTACTAAAAATACAAAAATTAGCTGGGCATGGTGGCGGACGCCTGTAATCCCAGTTACTCAGGAGGCTGAGGCAGGAGAATCGTTTGAACCTGGGAGGCGGAGTTTACAGTGATCTGAGATCACGCCATTGTACTCCAGCCTGGGCAACAGGGCAAGACTCCGTCTCAAAAAAAAAA","GACTGGGTGTGGTGGCTCATGCCAGTAATACCAGCACTTTGGGAGGCTGAGACGGGCAAATCACGAGGTCAGGAGTTCAAGACCAGCCTGGCCAATGTGGTGAAACTCCGTCTCTACTAAAAATACAAAAATTAGCTGGGCGTGGTGGCGGACGCCTGTAATCCCAGTTACTCAGGAGGCTGAGGCAGGAGAATCGTTTGAACCTGGGAGGCGGAGTTTACAGTGATCTGAGATCACGCCATTGTACTCCAGCCTGGGCAACAGGGCAAGACTCCGTCTCAAAAAAAAAA"
"chr1","10560719","10561016","chr1","113102568","113102865","31","102541849","GGCCAGGCACAGTGGCTTACCCCTGTAATCTCGGCACTTTGGGAGGCCGAGGGCAGGCGAATCACAAGGTCAGGAGTTCGAGACCAGCCTGGCCAATATGGTGAAACCCCGCCTCTACTAAAAATACAAAAATTAGCTGGGCGTGGTGGTGTGCGCCTATAATCCCAGCTACTTGGGAGGCTAAGGCAGGAGAATTGCTTGAACCTGGGAGGCAGAGGTTGCAGTGAGCCAAGATTGCACCACTGCACTCCAACCTGGGCGACAGAGCAAGACTCCGTCTCAAAAAAAAAAAAAAAAA","GGCCGGGCGCAGTGGCTCACTCCTGTAATCCCTGCACTTTCGGAGCCCGAGGCGGGCGGATCACGAGGTCAGGAGTTCGAGACCAGCCTGGCCAATATGGTGAAACCCCGTCTCTACTAAAAATACAAAAATTAGCTGGCCATAGTGGTGTATGCCTGTATTCCCAGCTACTTGGGAGGCTAAGGCAGAAGAATCGCTTGAACCTAGGAGGCAGAGGTTGCAGTGAACCGAGATTGTGCCACTGCACTCCAGCCTGGGCAACAGAGCGAGACTCCGTCTCAAAAAAAAAAAAAAAAAA"
"chr1","10577126","10577430","chr4","104976397","104976705","44","94399271","GGCCGAGCGCAGTGGCTCACGCCTGTAATGCCAGCATTTTGGGAGGCAGAGGCAGGTGGATAACAGTTCAAGACCAGCCTGGCCAACATGGCGAAACCCCATCTCTACTAATAATACAAAAATTAGCTGGGCTTGGTGGCACATGCATGTAATCCCAGCTACTTGGGAGGCTGAGGCAGGAGAATTGCTTGAACCTGGGAGGCATAGCTTTCAGTGAGCCGAGATTGTGCCACTGCACTCCAGCCTGGGTGACAAAGTAATACTCTGTCTCAAAAAAAAAAAACCAAAAAAAAAAAACCAAAAAA","GGCCGGGCGCAGGGGCTCACATCTGTAATACCAGCACTTGGGAGGCCGAGGCAGGTGGATCACAAGTTCAGGAGATCAAGACCATCCTGGCCAACATGGTGAAACCCCATCTCTACTAAAAATACAAAAATTAGCTGGGCATGGTGGTGGGTGCCTGTAATCCCAGCTACTCAGGAGGCTGAGGCAGGAGAATTGCTTGAACCTGGGAGGCAAAGGTTGCAGTGAGCCAAGATCATGCCATTGCACTCCAGCCTGGGTGACAGAGCGAGACTCTGTCTCAAAAAAAAAAAAAAAAAAAAAAAAAAAAAA"
"chr1","10621340","10621644","chr1","10748030","10748335","3","126690","GGCCGGGCGCGGTGGCTCACGCTTGTAATCCCAGCACTTTGGGAGGCTGAGGTGGGCAGATCATGAGGTCAGGCGTTCGAGACCAGCCTGGCCAACACAGTGAAACTCCGTCTCTACTAAAAATATAAAGATTAGCTGAGTGTGGTGGCGCATGCCTGTAATCCCAGCTCCTCGGGAGGCTGTGGCTGGAGAATCGCTTGAACCCGGGAGGCAGAGGCTGCAGTGAGCAGAGATCATGCCACTGCACTCCAGCCCGGGTAACAGAGTTAGACTGTGTCTCAAAAAAAAAAAAAAAAAAAAAAGAA","GGCCGGGCGCGGTGGCTCACGCTTGTAATCCCAGCACTTTGGGAGGCTGAGGTGGGCAGATCATGAGGTCAGGCGTTCGAGACCAGCCTGGCCAACACAGTGAAACTCCATCTCTACTAAAAATATAAAGATTAGCTGAGTGTGGTGGCGCATGCCTGTAATCCCAGCTCCTCGGGAGGCTGTGGCTGGAGAATCGCTTGAACCCGGGAGGCAGAGGCTGCAGTGAGCAGAGATCATGCCACTGCACTCCAGCCCGGGTAATAGAGTTAGACTGTGTCTCAAAAAAAAAAAAAAAAAAAAAAAGAA"
"chr1","10730826","10731115","chr1","10859218","10859509","3","128392","GGCTGGGTATGGTGGCTCATGCCTGTAATCCTAGCACTTTGGGAGGCTGAGGTGGGTGGATCATGAGGTCAGGAGTTCAAGACCAGCCTGGACAACATAGTGAAACCCCATCTCTACTAAAAATACAAAAATTAACCGGGCATGGTGGCGTGTGCCTATAATCCCAGCTACTTGGGAGGCTGAGGCGGGAGAATCACTTGAACCCGGGAGGCAGAAGTTGCAGTGAGCCAACATTTCACCACTGCACACCAGCTTGGGCGACAGAGCTAGACTCCGTCTAAAAAAAAAAA","GGCTGGGTATGGTGGCTCATGCCTGTAATCCTAGCACTTTGGGAGGCTGAGGTGGGTGGATCATGAGGTCAGGAGTTCAAGACCAGCCTGGACAACATAGTGAAACCCCATCTCTACTAAAAATACAAAAATTAACCGGGCATAGTGGCGTGTGCCTATAATCCCAGCTACTTGGGAGGCTGAGGCGGGAGAATCACTTGAACCCGGGAGGCAGAAGTTGCAGTGAGCCAACATTTCACCACTGCACACCAGCTTGGGCGACAGAGCTAGACTCCGTCTAAAAAAAAAAAAA"
"chr1","10879368","10879683","chr1","11012555","11012860","15","133187","GGCTGGATGCAGTAGCTCACGCCTGTAATCCCAGCACTTTGGGAGGCCGAGGTTGGTGGATCATGAGGTTAGGAGTTCGAGACCAGCCTGGCCAACATGGTGAAACCCTGTCTCTGCTTAAAAATATATATATACAAAAATTAGCTGGGTGTGGTGGTGCACGCCTGTAATCCCAGCTACTTAGGAGGCTGAGGCAGGAGAATCGCTTGAACCCAGGAGGTGGAGGTTGCAGTGAGCTGAGATCGTGCCATTGCATTCCAGCTTCGGCAACAGAGCGAGACTCCACCTCAAACAAACAAACAAACAAACAAACAAA","GGCTGGATGCAGTAGCTCACGCCTGTAATCCCAGCACTTTGGGAGGCCGTGGTTGGTGGATCATGAGGTTAGGAGTTCGAGACCAGCCTGGCCAACATGGTGAAACCCTGTCTCTGCTTAAAAATATATATACAAAAATTAGCTGGGTATGGTGGTGCACACCTGTAATCCCAGCTACTTAGGAGGCTGAGGCAGGAGAATCGCTTGAACCCAGGAGGTGGAGGTTGCAGTGAGCTGAGATCGTGCCATTACATTTCAGCTTCGGCAACAGAGCGAGACTCCACCTCAAACAAACAAACAAACAAA"
"chr1","10925958","10926208","chr1","11059107","11059354","6","133149","GGCCGGGTGCGGTGGTTCATGCTTGTAATCCCAGCATTCTGGCAGGCTGAGGTGGGCGGATCACGAGGTCAGGAGTTTGAGACCAGCCTGGCCAACACAGTGAAACCCCATCTCTACTAAAAATACAAAAATTAGCTGGGCGTGGTGGCAGGTGCCTGTAATCCCAGCTACTCAGGAGGCTGAGGCAGGAGAATCACTTGAACCTGGGAGGCAGAGGTTGCAGTGAGCCAAGATCATGCCACTGCACTCCA","GCCGGGTGCGGTGGTTCATGCTTGTAATCCCAGCATTCTGGCAGGCCGAGGTGGGCGGATCACGAGGTCAGGAGTTTGAGACCAGTCTGGCTAACACAGTGAAACCCCATCTCTACTAAAAATACAAAAATTAGCTGGGCGTGGTGGCAGGTGCCTGTAATCCCAGCTACTCAGGAGGCTGAGGCAGGAGAATCACTTGAACCTGGGAGGCAGAGGTTGCAGTGAGCCAAGATCATGCCACTGCACTC"
"chr1","10944959","10945215","chr1","11078480","11078740","8","133521","CGAGATGGGCGGATCACACGGTCAGGAGTTTGAGACCAGCCTGGCCAACATAGTGAAACCCCATCTCTACTAAAAATACAAAAATTAGCCGGGCGTGGTGGTGCACACCTGTAATCCCAGCTACCCAGGAGGCTGAGGCAGGAGAATCGATTGAACCTGGGAGGCGGAGGTTGCGGTGAGCTAAGATCAAGCTACTGCACTCCAGCCTGGGCGGCAGAGCGAGGTTCTGTCTCAAAAATAAATAAATAAATAAATAA","CGAGATGGGCGGATCACACGGTCAGGAGTTTGAGACCAGCCTGGCCAACATAGTGAAACCCCGTCTCTATTAAAAATACAAAAATTAGCCGGGCGTGGTGGTGCACACCTGTAATCCCAGCTACCCAGGAGGCTGAGGCAGGAGAATCGATTGAACCTGGGAGGCGGAGGTTGCGGTGAGCTAAGATCAAGCTACTGCACTCCAGCCTGGGCGGCAGAGCGAGACTCTGTCTCAAAAATAAATAAATAAATAAATAAATAA"
"chr1","10975126","10975431","chr1","11110042","11110351","12","134916","GGCCGGGCGCGGTGGCTCATGCCTGTAATCCCAGCACTCTGGTAGGCCGAGGCGGGTGGATCACAAGGTCAGGAGTTCGAGGCCAGCCTGGCTAACATGGCGAAACCCCGTCTCTACTAAAAATGCAAAAATTAGCCAGGCGTGGTGGCTCATGCCTATAATCCCAGCTACTCGGGAGGCTGAGGCAGGAGAATCGCTTCAACCCGGGAGCAGAGGTTGTGGTGAGCCGAAGTTGTGCCACTGCACTCCAGCCTGGGCGACAAGAGCTAAGCTCTGTCTCAGAAAAAAAAAAAAAAAAAAAAAAAA","GGCCGGGCGCGGTGGCTCACGCCTGTAATCCCAGCACTCTGGGAGGCCGAGGAGGGTGGATCACAAGGTCAGGAGTTCGAGACCAGCCTGGCTAACATGGCGAAACCCCGTCTCTACTAAAAATGCAAAAATTAGCCAGGCGTGGTGGCTCATGCCTATAATCCCAGCTACTCGGGAGGCTGAGGCAGGAGAATCGCTTCAACCCGGGAGGCGGAGGTTGTGGTGAGCCAAAGTTGTGCCACTGCACTCCAGCCTGGGCGACAAGAGCGAAGCTCTGTCTCAGAAAAAAAAAACAAAAAAACCACAAAAA"
"chr1","11002547","11002826","chr10","79636199","79636477","30","68633652","GGCAGGGCACGATGGCTCACGCCTGTAATCCCAGCACTTTGGGAGGCCGAGGTGGGCAGATCATGTGATCAGGAATTTGAGACCAGCCTGGCCAACATGGTGAAACCCTGTCTCTACTAAAAATACAAAAATTAGCCGGGTGTGGTGTCATGTACCTGTAATCCCAGCTACTCAGGAGGCTGAGGCAGGAGAATCACTTGAACCTGGGAGGTGGAGGTTGCAGTGAGCTGAGATCACACCATTGCACTCCAGCCTGGGTGACAGAGCGAGACTTCGTTTC","GCTGGGTGCAGTGGTTCACGCCTGTAATCCCAGCACTTTGGGAAGCTGAGGCAGGCGGATCACGAGGTCAGGAGTTCGAGACCAGCCTGACCAACATGGTGAAACCCTGTCTCTACTAAAAATACAAAAATTAGCTGAGTGTGGTGGCATGCACCTGTAATCCCAGCTACTCAGGAGGCCGAGGCAGGAGAATCACTTGAACCCGGGAGGCGGAGGTTGCAGTGAGCTGAGATCACGCCATTGCACTCCAGCCTGGGTGACAGAGTGAGACTTCATCCC"
"chr1","11047820","11048123","chr1","11179947","11180243","19","132127","GGCTGGGCTCGGTGGCTTATACCTGTAATCCCAGCACTTTGGGAGGCCAAGGTGGGTGGATCACGAGGTTGGGAGTTTGAGACCAGCCTGACCAACATGGTGAAATCCCATCTCTACTAAAAATACAAAAATCATCCAGGTGTGGCAGCGCGCACTTATAATCCCAGCTACTCGGGAGGCTGAGGCAGGAGAATTGCTTGAGCCTGGGAGGCGGAGGTTGCAGTGATCCGAGATCGCACCACTGCACTCCAGCCTGGACGACAGAGTGAGACTCCACCTCAAAAAAAAAAAAAAAAAAAAAGAA","GGCTTATACCTGTAATCCCAGCACTTTGGGAGGCCAAGGTGGGTGGATCACGAGGTTGGGAGTTTGAGACCAGCCTGACCAACATGGTGAAATCCCATCTCTACTAAAAATACAAAAATCATCCAGGTGTGGCAGCGCGCACTTATAATCCCAGCTACTCGGGAGGCTGAGGCAGGAGAATTGCTTGAGCCTGGGAGGCGGAGGTTGCAGTGATCCGAGATCGCACCACTGCACTCCAGCCTGGACGACAGAGTGAGACTCCACCTCAAAAAAAAAAAAAAAAAAAAAAAAAAAGAA"
"chr1","11049361","11049637","chr1","11181472","11181748","4","132111","GGCTGGACATGGTGGCTCACGCCTGTAATCCCAGCACTTTAGGAGGCTGAGGCTGGCGGATCACAAGGTCAGGAGTTCGAGACCAGCCTGGCCAACATGGTGAAACCCTGTCTCTACTAAAAATACAAAAATTAGCCTGGCGTGTTGACACATGCCTCTAATCCTAGCTACCTGGGAGGCTGAGGCAGCAGAATCGCTTGAATCCAGGAGGTGGATGCTGCAATGAGCTGAGATCGTACCACTGCCCTCCAGCCTGGGACAGAGCGAGACTCCGTCT","GGCTGGACACGGTGGCTCACGCCTGTAATCCCAGCACTTTAGGAGGCTGAGGCTGGCGGATCACAAGGTCAGGAGTTCGAGACCAGCCTGGCCAACATGGTGAAACCCTGTCTCTACTAAAAATACAAAAATTAGCCTGGTGTGTTGACACATGCCTCTAATCCCAGCTACCCGGGAGGCTGAGGCAGCAGAATCGCTTGAATCCAGGAGGTGGATGCTGCAATGAGCTGAGATCGTACCACTGCCCTCCAGCCTGGGACAGAGCGAGACTCCGTCT"
"chr1","11096932","11097231","chr1","11232125","11232424","6","135193","GGCTAGGCGCAGTGGCTTATACCTGTAATCCCAACACTATGGGAGGCTGAGGTGGGTGGATCACAAGGTCAGGAGTTCGAGACCAGCCTGGCCAACATGGTGAAACCTCCTCTACTAAAAATACAAAAATTAGCCGGGAATGGTCGTACATGCCTGTTATCCCAGCTACTGGGGAGGCTGAGGCACAAGAATCGCTTGATCTTGGGAGGTGGAGGTTGCTGCGAGCCGAGATCACGCCACTGCACTTCAGCCTGGGCGACAGAGCAAGACTCCGTACTCCCCCCCAACAAAAAAAAAAAA","GGCTAGGCGCAGTGGCTTATACCTGTAATCCCAACACTATGGGAGGCCGAGGTGGGTGGATCACAAGGTCAGGAGTTCGAGACCAGCCTGGCCAACATGGTGAAACCTCCTCTACTAAAAATACAAAAATTAGCCGGGAATGGTCGTACATGCCTGTTATCCCAGCTACTGGGGAGGCTGAGGCACAAGAATCGCTTGATCTTGGGAGGTGGAGGTTGCTGCGAGCCGAGATCACGCCACAGCACTTCAGCCTGGGCGACAGAGCAAGACTCCGTACCACGCCCCCAACAAAAAAAAAAA"
"chr1","11102417","11102718","chr1","11237982","11238283","10","135565","GGCCGGGCATGGTGGCTTATGCCTATAATCCCAGCACTTTGGGAGGCCGAGGCGGGTGGATCACGAGGTCAGGAGTTTGAGACTAGCCTTGCCCACATGGTGAAACCCCATCTCTTACTTAAAAATGCAAAATTAGCTGGGCGTGGTGGTGCACGCCTGTAATCCCAGCTACTCAGGAGGCTGAGGCAGGAGAATCACTTGAACCCGGGAGGCAGAGGTTGCAGTGAGCCAAGATCATGCCATTGCACTCCAGCCTGGGCAATAGAGTGAGACTTCATCTCAAAAAAAAAAAAAAAAAAGAA","GGCTGGGCATGGTGGCTTACGCCTATAATCCCAGCACTTTGGGAGGCCGAGGCGGGTGGATCACGAGGTCAGGAGTTTGAGAGTAGCCTTGCCCACATGGTGAAACCCCATCTCTTACTTAAAAATGCAAAATTAGCTGGGCGTGGTGGTGCACGCCTGTAACCCCAGCTACTCAGGAGGCTTGAGGCAGGAGAATCACTTGAACCCAGGAGGCGGAGGTTGCAGTAAGCCAAGATCGTGCCATTGCACTCCAGCCTGGGCAATAGAGTGAGACTTCATCTCAAAAAAAAAAAAAAAAAGAA"
"chr1","11118229","11118534","chr1","11254450","11254749","11","136221","GACCAGGCACGGTGGTTCACGCCTGTAATCCCAGCACTTTAGGAGGCCGAGGCGGGCGGATCACGAGGTCAGGAGTTCAAGACCAGCCTGACCAACGTGGTGAAACCCTGTCTCTACTAAAAATACAAAAATTAGCTGGGCATGGTGGCACGTGCCTGTTATCCTAGCTACTCAGGAGGCTGAGGCAGGAGAATCGCTTGAACCAGGGAGGCAGAGGTTACAGTGAGCCAAGATTGTGCCATTGCACTCCAGCCTGGGCAATAGAGCAAGACTCTGTCCAAAAAAAAAAAAAAAAAAAAAAAAAAA","GACCAGGCACGGTGGTTCACGCCTGTAATCCCAGCACTTTAGGAGGCCGAGGCAGGCGGATCACGAGGTCAGGAGTTCGAGACCAGCCTGACCAACGTGGTGAAACCCTGTCTCTACTAAAAATACAAAAATTAGCTGGGCATGGTGGCACGTGCCTGTTATCCTAGCTACTCAGGAGGCTGAGGCAGGAGAATCGCTTGAACCAGGGAGGCAGAGGTTACAGTGAGCCAAGATTGTGCCATTGCATTCCAGCCTGGGCAATAGAGCAAGACTCTGTCCAAAAAAAGAAAAAAAAACAAA"
"chr1","11172589","11172879","chr1","11309524","11309809","11","136935","GGCCAGGCGCGGTGGCTCACGCCTATAACCCCAGCACTGTGGGAGGCCGAGGTGGGCGGATCACGAGGTCAGGAGTTCGAGACCAGCCTGGCCAACATGGTGAAACCCCATCTCTACTAAAAATACAAAAGTTAGTGGAGCGTGGTGGCGAACGCCTGTAATTGCAGCTACTCGGGAGGCTGAGGCAGGAGGATCACTTGAACCCAGGAGGTGGAGGTTGCTGAGATCGCACCACTGCACTCCAGCCTGAGCGAAAAAAGCAAGACTCTGTCTCAAAAAAAAAAAAAAAAA","GGCCAGGCGTAGTGGCTCACGCCTATAACCCCAGCACTGTGGGAGGCTGAGGCGGGCGGATCACGAGGTCAGGAGTTCGAGACCAGCCTGGCCAACATGGTGAAACCCCATCTCTACTAAAAATACAAAAGTTAGTTGAGCGTGGTGGCGAACGCCTGTAATTGCAGCTACTCGGGAGGCTGAGGCAGGAGGATCGCTTGAACCCAGGAGGTGGAGGTTGCTGAGATCGCACCACTGCACTCCAGCCTGAGCGAAAAAAGCAAGACTCTGTCTCAAAAAAAAAAAA"
"chr1","11218150","11218442","chr1","11356302","11356594","6","138152","GGCCGGGCGCGGTGGTTCACGCCTGTAATCCCAGCACTTTGGGAGGCTGAGGCGGGCAGATCACAAGGTCAAGAGTTTGAGATCAGCCTGGCCAACATGGTGAAACCCCATCTCTACTAAAAATACAAAATTTAGCTGGGCATGGTGGCATGTGCCTGTAATCCCAGCTACTCGGGAGGCTGAGGCAGGAGAATTGCTTGAAACCGGAAGGCGGAGGTTGCAGTGAGCTAAGGTCACACCATTGTACTCCAACCTGGGCGACAGGGCGAGACTCCATCTCAAAAAAAAAAAAA","GGCCGGGCGCGGTGGTTCACGCCTGTAATCCCAGCACTTTGGGAGGCTGAGGCGGGCAGATCACAAGGTCAAGAGTTTGAGACCAGCCTGGCCAACATGGTGAAACCCCATCTCTACTAAAAATACAAAATTTAGCTGGGCATGGTGGCATGTGCCTGTAATCCCAGCTACTCCGGAGGCTGAGGCAGGAGAATTGCTTGAAACTGGAAGGTGGAGGTTGCAGTGAGCTAAGGTCACACTATTGTACTCCAGCCTGGGCGACAGGGCGAGACTCCATCTCAAAAAAAAAAAAA"
"chr1","11248945","11249217","chr1","11387489","11387761","4","138544","GTCAGGCGCAAGGGCTCACGCCTGTAATCCCAGCACTTTGGGAGGCCTAGGTGGGCAGATCATGAGGTCAGGAGTTCGAGACCAGTCTGACCAACATGGTGAAAACCCGTTTCTACTAAAAATACAAAAATTAGCTGGGTGTGGTGGCACATGCCTGTACTCCCAGCTACTCGGGAGGCTGAGGCAGGAGAATTGCTTGAACCCAGGAGGCGGAGGTTGCAGTGAGCCGAGATCACACCAACTGTACTCCAGCCTGGGCAGCAGAGCAAGCCT","GTCAGGCGCAAGGGCTCACGCCTGTAATCCCAGCACTTTGGGAGGCCTAGGTGGGCAGATCATGAGGTCAGGAGTTCGAGACCAGTCTGACCAACATGGTGAAAACCCATTTCTACCAAAAATACAAAAATTAGCTGGGTGTGGTGGCACATGCCTGTACTCCCAGCTACTCGGGAGGCTGAGGCAGGAGAATTGCTTGAACCCAGGAGACGGAGGTTGCAGTGAGCCGAGATCACACCAACTGTACTCCAGCCTGGGCAGCAGAGCAAGACT"
"chr1","11267281","11267590","chr13","59246256","59246563","33","47978975","GGCCGGGCACGGTGGCTCACTCCTGTAATCCCAGCACTTTGGGAGGCCGAGGTGGGCAGATCAAGAGGTCAGGAGTTTGAGACCAGCCTGACCAACACGGTGAAACCGTGTCTCTACTAGAAATACAAAAATTAGCCGGGTATGGTGGCACACACCTATAATCCCAGCTACTCAAAAGGCTGAGGCACAAGAATTGCTTGAACCTGGGAGGCAGAGGTGGCAGTGAGCTGAGATCCTGCCACTGCACTCCAGCCTGGGCAACAGAGCGAGACTCTGTCTCAAGAAAAAACAAAACAAACAAACAAACAAA","GGCCGGGCGCGGTGGCTCACACCTGTAATCCCAGCACTTTGGGAGGCCGAGGTGGGCAGATCACGAGGTCAGGAGTTTGAGACCAGCCTGACCAACATGGTGGAACCCTGTCTCTACTAAAAATACAAAAATTAGCTGGGCATGGTGGCACACACCTGTAATCCCAGCTACTCAGGAGGCTGAGGCAGGAGAATCACTTGAACCCAGAGTTAAGGTTGCAGTAAGCTGAGATCGTGCCACTGCACTCCAGCCTGGGCGACAGAGCAAGACTCTGTCTCAAAAAAAAAAAAAAAAAAAAAAAAAAAAAA"
"chr1","11679534","11679826","chr1","11825292","11825584","8","145758","GGCCGGGCATGGTGGCTCACACCTGTAATCCCAGCACTTTGGGAGGCTGAGGCGGGCGAATCACAAGGTCAGGAGTTCAAGAAACCAGCCTGACCAACATGATGAGATCCTGTCTCTACTAAAAATACAAAAATTAGCCTGGTGTGGTGGTACGCGCCTGTAATCCCAGTTACTAGGGAGGCTGAGGCAGGAGACTCGCTTGAACCCGGGATGCAGAGGTTGAAGTAAGCCCAGATCGTGCCACTGCACTCCAGCCTGGGCGACAGAGCAAGACTATGTCTCCAAAAAAAAAA","GGCCGGGCATGGTGGCTCACACCTGTAATCCCAGCACTTTGGGAGGCTGAGGCGGGCGAATCACGAGGTCAGGAGTTCAAGAAACCAGCCTGACCAACATGATGAGATCCTGTCTCTACTAAAAATACAAAAATTAGCCTGGTGTGGTGGTACGCGCCTGTAATCCCCGTTACTAGGGAGGCTGAGGCAGGAGAATCACTTGAACCCGGGATGCAGAGGTTGCAGTGAGTCCAGATCGTGCCACTGCACTCCAGCCTGGGCGACAGAGCAAGACTATGTCTCAAAAAAAAAAA"
"chr1","11699959","11700255","chr1","11847116","11847412","3","147157","CCAGGTGTAGTAGCTCACACCTGTAATCCCAGCACTTTGGGAGGCCAAGGTGGGTGGATCACGAGGTCAGGAGTTCAAGACCAGCCTGACCAACATGGTGAAATCCTGTCTCTATTAAAAACACAAAAATTAGCTGGGCGTGGTGGCAGCGCCTGTAATCCCTCAGGAGACTGAGGCAGGAGAATTGCTTGAACACGGGAGACGGAGGTTGCAGTGAGCCGAGATTGTGCCACTGCACTCCAGCCTGGGTGACACAGCGAGACTCTGTTTCAAAATAAATAAATAAATATAAATAAA","CCAGGTGTAGTAGCTCACACCTGTAATCCCAGCACTTTGGGAGGCCAAGGTGGGTGGATCACGAGGTCAGGAGTTCAGGACCAGCCTGGCCAACATGGTGAAATCCTGTCTCTACTAAAAACACAAAAATTAGCTGGGCGTGGTGGCAGCGCCTGTAATCCCTCAGGAGACTGAGGCAGGAGAATTGCTTGAACACGGGAGACGGAGGTTGCAGTGAGCCGAGATTGTGCCACTGCACTCCAGCCTGGGTGACACAGCGAGACTCTGTTTCAAAATAAATAAATAAATATAAATAAA"
"chr1","11709905","11710205","chr1","11857022","11857319","7","147117","GGCTGGGCGCGGTGGCTCATGCCTGTAATCCCAGCACTTAGGGAGGCCAAGGTGGGCAGATCACGAGGTCAGGAGTTCGAGACCAGCCTGGCCAACATAGTGAAACCCCATCTCTACTAAAAATACAAAAATTAGCTGAGTGTGGTGGCGCACGCCTGTAGTCCCAGCTACTCGGGAGGCTGAGGCAGGAGAATCGCTTGAACTTGGGAGGCGGAGGCTGTAGCGTGTCAAGATCGCCCCACTGCACACCAGCCCGGGTGACAGTGTGAGACTTTGTCTCAAAAAAAAAAAAAAAAAGAAA","GGCTGGGCGCGGTGGCTCATGCCTGTAATCCCAGCACTTAGGGAGGCCGAGGTGGGCAGATCACGAGGTCAGGAGTTCGAGACCAGCCTGGCCAACATAGTGAAACCCCATCTCTACTAAAAATACAAAAATTAGCTGAGCGTGGTGGCGCACGCCTGTAGTCCCAGCTACTCGGGAGGCTGAGGCAGGAGAATCGCTTGAACTTGGGAGGCGGAGGCTGCAGCGTGTCAAGATCGCCCCACTGCACACCAGCCCGGGTGACAGTGTGAAACTTTGTCTCAAAAAAAAAAAAAAAAGA"
"chr1","11730960","11731261","chr1","11878140","11878442","10","147180","GGCCGGGCACGGTGGCTCACGCTTGTAATCCCAGCACCTTGGGAGGCCAAGGCAGGTGGATCATGAGGTCAGGAGTTTGAGACCAGCCTGGCCAACACAGTAAAACCCCGTCTCTACTAAAAATACAAAAATTAGCCGGGTGTGGTGGCACATGGCTGTAGTCCCAGCTACTTGGGAGGTTGAGGCAGGAGAATTGCTTGAACCCGGCAGGTGCAGGCTGCAGCGAGCCAAGATCGCCCCACTGCACACTAGCCCGGGCGACAGTGTGAGAGTTCATCTCAAGAAAAAAAAAAAAAGCAAAA","GGCCAGGCACGGTGGCTCATGCTTGTAATCCCAGCACTTTGGGAGGCCAAGGCAGGTGGATCATGAGGTCAGGAGTTCGAGACCAGCCTGGCCAACACAGTAAAACCCCGTCTCTACTAAAAATACAAAAATTAGCTGAGTGTGGTGGCACGTGGCTGTAGTCCCAGCTACTTGGGAGGTTGAGGCAGGAGAATTGCTTGAACCCGGCAGGTGCAGGCTGCAGCGACCCAAGATCGCCCCACTGCACACTAGCCCAGGCGACAGTGTGAGAGTTCATCTCAAGAAAAAAAAAAAAAAGCAAAA"
"chr1","11752976","11753267","chrX","72137492","72137784","27","60384516","GCCAGGCGCAGTGGCTCACGCCTGTAATCCCAGCACTTTGGGAGGCCGAGGCAGGTGGATCACAAGGTCAGGAGATCAAGACCATCCTGACCAACATGGAGAAACCCCATCTCTACTAAAAATACAAAATTAGCTGGGCGTGGTGGCGCATGCCTGTAATCCCAGCTACTCAGGAAGCTGAGGCAGGAGAATTGTTTGAACCTGGGAGGCAGAGGTTGTGGTGAGCTGAGATCGCGTCACTGCACTCCAGCCTGGGCGACAGAGGGAGACTCCGTCTCAAAAAAAAAAAGAA","GGCAGGGCGCGGTGGCTCACACCTGTAATCCCAGCACTTTGGGAGGCCGAGGCAGGCGGATCACGAGGTCAGGAGTTCGAGACCGGCCTGACCAACATGGTGAAACCCCGTCTCTACTAAAAATACAAAAATTAGCCGGGTGTGGTGGCGCATGCCTGTAATCCCAGCTACTCAGGAGGCTGAGGCAGGAGAATCGCGTGAACCTGGGAGGCAGAGGTTGCAGTGAGCAGAGATTGCGCCACTGCACTCCAGCCTGGGTGACAGAGCGAGACTCCGTCTCAAAAAAAAAAGAA"
"chr1","11760813","11761137","chr17","50134469","50134778","41","38373656","GGCTAGGCACAGTGGCTCACACCTGTAATCCCAGCACTTTGGGAGGCTGAGGTGGACGGATCACAAGATCAGGAGTTCAAGACCAGCCTGGCCAACATGGTGAAACCCTGTCTCTACTAAAAATACAAAAATTAGCCGGGCATGGTGGCGGGCACCTGTAATCCCAGCTACTCAGGAGGCTGAGGCAGGAGAATCACTTGAACCTGGGAGGCAAGGGTTGCAGAGAGCCAAGATCCTGCCATTGCACTCCAGCCTGAGCAACAGACCAAGACTCTGTCTCAAAAAAAAAAAAAAAAAAAAAAGAAAAAAAGAAAAGAAAAGAAAA","GGCTGGGCGCAGTGGCTCACTCCTGTAATCCCAGCACTTTGGGAGGCCGAGGTGGGTGGATCACGAAGTCAGGAGTTCAAGACCAGCCTGGCCAACATGGTGAAACCCTGTCTCTACTAAAAATACAAAAATTAGCCGAGCATGGTGGCACACACCTGTAATCCCAGCTACTCAGGAGGCTGAGACAGGAGAATCACTTGAACCTGGGAGGCAGAGGTTGCAGTGAGCCAAGATCACGTCACTGTGCTCCAGCCTGGGCAACAGAGTGAGACTCTGTCTCAAAAAAAAAAAAAAAAAAAAAAAAAAAAAA"
"chr1","11793142","11793446","chr1","11942084","11942383","6","148942","GGCTGGGCTTGGTGGCTCATGCCTGTAATCCCAGCACTTTAGGAGGCCAAGGTGGGCAGATCACAAGGTCAGGAGTTCGAGACCAGCCTGACAAACATGATGAAACCCCATCTCTACTAAAAATACAACAATTAGCCGGGTGTGGTGGCGGGCACCTGTAGTTGCAGCTACTTGGGAGGCTGAGGCAGGAGAATCGCTTGAACCCGGGAGACGGAGGTTGCAGTGAGCTGAGATCATGCCACTGCACTCCAGCCTGGGCAACAGAGCAAGACTCCATCTCAAAAAAAAAAAAAAAAAGATAGAAA","GGCTGGGCTTGGTGGCTCATGCCTGTAATCCCAGCACTTTAGGAGGCCAAGGTGGGCAGATCACAAGGTCAGGAGTTCGAGACCAGCCTGACAAACATGATGAAACCCCATCTCTACTAAAAATACAACAATTAGCCGGGTGTGGTGGCGGGCACCTGTAGTTGCAGCTACTTGGGAGGCTGAGGCAGGAGAATCGCTTGAACCCGGGAGACGGAGGTTGCAGTGAGCTGAGATCATGCCACTGCACTCCAGCCTGGGCGACAGCAAGACTCCATCTCAAAAAAAAAAAAAAGATAGAAA"
"chr1","11798729","11799041","chr1","11947663","11947971","7","148934","GGCCAGGTGCGGTGGCTGAAGCCTATAATCCCAGCACTTTGGGAGGCCAAGGCGGGTGGATCATGAGATCAGGAGTTTGAGACCATCCTGTCCAACATAGTGAAACCCCGTCTCTACTAAAAATACAAAAATTAGCCGGGCATGGTGGCGCGTGCCTGTAGTCCCAGCTACTTGGTAGGCTGAGGCAGGAGAATCGCTTGAACCCAGGAGGCGGAGCTTGCAGTGAGCCGAGATCGCACCAATGCACTGTAGCCTGGGCAACAGAGCCAGACTCCGTCTCAAAAAAAACAAAACAAAAAACCCAAAAAACAAA","GGCCAGGTGCGGTGGCTGAAGCCTATAATCCCAGCACTTTGGGAGGCCAAGGCGGGCGGATCATGAGATCAGGAGTTTGAGACCATCCTGTCCAACATAGTGAAACCCCGTCTCTACTAAAAATACAAAAATTAGCCGGGCGTGGTGGCGCGTGCCTGTAGTCCCAGCTACTTGGTAGGCTGAGGCAGGAGAATCGCTTGAACCCAGGAGGCGGAGCTTGCAGTGAGCCGAGATCGCACCAATGCACTGTAGCCTCGGCAACAGAGCCAGACTCCGTCTCAAAAAAAACAAAACAACCCAAAAAACAAA"
"chr1","11831182","11831453","chr6","140394951","140395227","35","128563769","GCTGGACACGGTGGCTCACGCCTGCAATCCTAGCACTTTGGGAGGCCGAGGTGGGCGGATCACAAGGTCAGGAGTTCAAAACAAGCCCAGCCAAAATAGTGAAACTCCGTCTCTACTAGAAATACAAAAATTATCTGGGAATGGTGGTGCGTGCCTGAAGTCCCAGCTACTTGGGAGGCTGAGGCAGGAGAATCGCTTGAACCCAGGAGGTGGAGTTTGCAGTGAGCCGAGATCTTGCCACTCCACTCCAGCTTGGGCAACAGAGTGAGACT","GGCCAGGCATGGTGGCTCACGCCTGTAATCCCAGCACTTTGGGAGGCCGAGGAAGGAGGATCACGAGGTCAGGAGTTCAAGACCAGCCTGGCCAAAACAGTGAAACCCCGTCTCTACTAAAAATACAAAAATTAGCTGGGCATGGTGGCATGTGCCTGTAGTCTTAGCTACTTGGGAGGCTGAGGCAGGAGAATCGCTTGAACCCAGGAGGTGGAGGTTGCAGTGAGCCAAGATCTCGCCGCTGCACTCCAGCTTGGGCAACAGAGTGAGACTTCGT"
"chr1","11895778","11896085","chr14","43975546","43975855","34","32079768","GCCGGGCACGGTGGCTCATGCCTGTAATTTCAGAACTTTGGGAGGCCGAGGCGGGCAGATCATGAGGTCAGGAGTTCAAGACCAGCCTGACCAACATGGTAAAACCCCATCTCTACTAAAAATACAAAAATTAGCCGGGCGTAGTGGTGCGTGCCTGTAATCCCAGCTACTCAGGAGGCTGAGGCAAGAGAATCACTTGAACCCGGGAGGCAGAGGTTGCAGTGAGCTGAAATCGTGCCACTGAACTCCAGCCTGGCAACAGAGTGAGACTCCATCTCGAAACAAACAAACAAACAAAAAGAAATAAA","GGCAGGGCGTGGTGGCTCATGCCTGTAATCCCAGCGCACTTTGGGAGGCCGAGGCGGGGAGATCATGAGGTCAGGAGTTCGAGACCAGCATGACCAACATGGTGAAACCCCATCTCTACTAAAAATACAAAAATTAGCTGGGTGTGGTGGCGCACGCCTGTAATCCCAGCTACTCAGGAGGCTGAGGGAGGAGAATCAATTGAACCCGGGAGGCAGAGGTTGCAGTGAGCCAAGATGGTGCCACTGCACTCCAGCCTGGGAGACAGAGTGAGACTCCATCTCAAAACAAAAAACAAACAAACAAAAAAAA"
"chr1","11901873","11902181","chr15","69728208","69728517","26","57826335","GGCCAGGTGCAGTGCTTCACACCTGTAATCTCAGCACTTTGGGAGGCCGAGGTGGGTGGATCACGAGGTCAGGAGTTTGAGACCAGCCTGACCAACATGGTGAAACCCCGTCTCTACTAAAAATTCAAAAATTAGCCGGGCGTGGTGGCGGGTGCCTGTAATCCCAGCTACTTGGGAGGCTGAGGCAGGAGAATCACTTGAACCCGAGAGGTGGAGGTTGCAGTGAGCCGAGATCACACCACTGTACTCCAGCCTGGGTGACAGAGCGAGACTCCGTCTCAAAAAAAAAAAAAAAAAGAAAGAAAGAAA","GGCCAGGTGTTGTGGCTCACTCCTGTAATCCCAGCACTTTGGGAGGCCGAGGTGGGTGGATCACGAGGTCAGGAGTTCAAGACCAGCCTGACCAACATGGTGAAACCCCGTCTCTACTAAAAATACAAAAATTAGCCGGGTGTGGTGGCGGGTGCCTGTAATCCTAGCTACTCAGGAGGCTGAGGCAGGAGAATCGCTTGAACCCGGGAGGCGGAGGTTGCAGTGAGCCGAGATCGCGCCACTGCACTCCAGCCTGGGCGACAGAGCAAGATTCCGTCTCAAAAAAAAAAAAAAAAAAAAAAAAAAAAAA"
"chr1","11926783","11927092","chr1","12064577","12064887","2","137794","GCCGCGCGCGGTGGCTCACGCCTGTAATCCCAGCACTTTGGGAGGCCAAGGCGGGCGGATCACGAGGTCAGCAGTTTGAGACCAGCCTGACCAACATGGTGAAACCCCATCTCTACTAAAAATACAAAAACTAGCCGGGCGTGGTGGCGCATGCCTGTAATCCCTGCTCCTCAGGAGGCTGAGGTAGGAGAACTGCTTGAACCCGTGAGGCGGAGGTTGCAGGCTTGCAGTGAGCCGAGATCACGCCACTGCACTCCAGCCTGGGCGACAGAGTGAGACTCTGTCTCAAAAAAAAAAAAAAAAAAAAAGA","GCCGCGCGCGGTGGCTCACGCCTGTAATCCCAGCACTTTGGGAGGCCAAGGCGGGCGGATCACGAGGTCAGCAGTTTGAGACCAGCCTGACCAACATGGTGAAACCCCATCTCTACTAAAAATACAAAAACTAGCCGGGCGTGGTGGCGCATGCCTGTAATCCCTGCTCCTGAGGAGGCTGAGGTAGGAGAACTGCTTGAACCCGTGAGGCGGAGGTTGCAGGCTTGCAGTGAGCCGAGATCACGCCACTGCACTCCAGCCTGGGCGACAGAGTGAGACTCTGTCTCAAAAAAAAAAAAAAAAAAAAAAGA"
"chr1","11933099","11933403","chr3","131110710","131111013","29","119177611","GGCCGGGCACGGTGGCTCACACCTGTAATCCCAGCACTTTGGGAGGCTGAGGCGAGCGGATCACAAGGTCAGGAGTTCAAGACCAGCTTGACCAACATGGTGAAACTCTGTCTCTACTAAAATACAAAAATTAGCCAGGCGTGGTGGCGCGCGCCTGTAATCCCAGCTACTCAGGAGGCTGAGGCAGTAGAATCACTTGAACCCAGGAGACTGAGTTTGCAGTGAGCCAAGATTGAACCACTGCACTCCAGCCTAGGCGACAGAGCGAAACTCTGTCTCAAAAAAAAAAAAAAAGAAAAAAAAGA","GGCCGGGCGCCGTGGCTCACGCCTATAATCCCAGCACCTTGGGAGGCCGAGGCAGGCGGATCACAAGGTCAGGAGTTTGAGACCAGCCTAACCAACATGGTGAAACCCCGTCTCTACTAAAAATACAAAAATTAGGCAGGCGTGGTGGCACGCGCCTGTAATCCCAGCTACTCAGGAGGCTGAGGCAGGAGAATCACTTGAACCCAGGAGGCAGAGGTTGCAGTGAGCCAAGATTGCGCCACTGCACTCCAGCCTGGGTGACAGAGCAAGACTCTGTCTCAAAAAAAAAAAAAAAAAAAAAAAA"
"chr1","11935626","11935922","chr1","12074268","12074563","4","138642","GGCCGGGCGCGATGGCTCACGCCTGTAATCCAAACATTTTGGGAGGCTGAGGCCAGCGGATCAAGAGGTCAGAAGTTCAAGACCAGCCTGGCCAGCATGGTGAAACCCCATCTCAACTAAAAATACAAAAATTAGCTAGGCATGGTGGCACGTGCCTGTAATCCCAGCTACTTGGGAGGCCGAGGCAGGAGAAACACTTGAACCTGGGAGGTGGAGGTTGCAGTGAGCTGAGATTGTGCCACTGCATTCCAGCCTGGGCGACAGAGCGAGACTCCATCTCAAAAAAAAAAAAAAGAA","GGCCGGGCGCGATGGCTCACGCCTGTAATCCAAACATTTTGGGAGGCTGAGGCCGGCGGATCAAGAGGTCAGAAGTTCAAGACCAGCCTGGCCAGCATGGTGAAACCCCATCTCAACTAAAAATACAAAAATTAGCTAGGCATGGTGGCGCGTGCCTGTAATCCCAGCTACTTGGGAGGCTGAGGCAGGAGAAACACTTGAACCTGGGAGGTGGAGGTTGCAGTGAGCTGAGATTGTGCCACTGCATTCCAGCCTGGGCGACAGAGCGAGACTCCATCTCAAAAAAAAAAAAAGAA"
"chr1","11979262","11979528","chr11","92751011","92751291","45","80771749","GACCGGGCGCGGTGGCTCAAGCCTGTAATTCCAGCATTTTAGGAGGGCGAGGCGGGTGCATCGGGAGTTCAAGACCAGCCTGGCCAACATGGTGAAACCCCGTCTGTACTAAAAATACAAAAATTAGCCAGGCATGATAGTGCACTCGGGAGGAAGAGGCAGGAGAATCGCTTGAACACGGGCGGTGGAGGTTGCAGTGAGCCGAGATCATGCCACTGCACTCCAGCCTGGGCAACAGAGACTCCGTCTCAAAAAAGAAAAAAAAAA","GGCCGGGCACGGTGGCTCACGCCTGTAATCTCAGCACTTTGGGAGGCCGAGGTGAACGGATCACGAGGTCAGGAGTTCGAGACCAGCCTGGCCAACATGGTGAAATGACGTCTCTACTAAAAATACAAAAATTAGCCGGGCATGATGGCACGTGCCGGAGGCTGAGGCAGGAGAATCACTTGAACCTGGGAGGTGGAGGTTGCAGTGAGCTGAGATCATGCCATTGCACTCCAGCCTGGGCAACAGTGAGACTCCGTCTCAGAAAAAAAAAAAAAGAAAAA"
"chr1","12015178","12015476","chr1","12154851","12155126","26","139673","GGCCAGACGCGATGGCTCACGCCTGTAATCCCAACACTTTTGGGAGGTGGGCGGATCACGAGGTCAGGAGTTCAAGACCAGCCTGGCCAACATGGTGAAACCCCATCTCTACTAGAAATACAAAAATTAGCCAGGCTTGGTGGCGTGCACCTGTAATCCCAGATACTAGGGTGGCTGAGGCAGGAGAATTGCTTAAACCTGGGAGGTGGGGGTTGCAATGAGCCGAGATCACGCCATTGCGCTCCAGCCTGGCAACAGAGGGAGGCTCCCTCTCAAAACAACAACAACAACAACAAAAA","GGCCAGACGCGATGGCTCACACCTGTAATCCCAACACTTTTGGGAGGTGGGCGGATCACGAGGTCAGGAGTTCAAGACCAGCCTGGCCAACATGGTGAAACCCCATCTCTACTAGAAATACAAAAATTAGCCAGGCTTGGTGGCGTGCACCTGTAATCCCAGATACTAGGGTGGCTGAGGCACGAGAATTGCTTAAACCTGGGAGGTGGGGGTTGCAATGAGCCGAGATCATGCCATTGCGCTCCAGCCTGGCAACAGAGGGAGGCTCCCTCTCAA"
"chr1","12023714","12024017","chr1","12164373","12164676","6","140659","GGCCGGGCACGGTGACTCACACCTGTAATCCCAGCACTTTGGGAGGATGAGGTGGGCGGATCACGAGGTCAGGAGTTTGAGACCAGCTTGACCAACATGGTGAAACCCCGTATCTACTAAAAATACAATAATTAGCCGGGTGTGGTGGCACGGGCTTATAATCCCAGCTACTTGGGAGGCTGAGGCAAGAGAATTGCTTGAACCCGGGAGGCGGAGGTTGCAGTGAGCCGATATTGCACCACTGCACTCCAGCCTGGGTGACAGAGTGAGACTCCGTCTCCAAAAAATAAGCAAGCAAAAAAAA","GGCCGGGCACGGTGACTCACGCCTGTAATCCCAGCACTTTGGGAGGATGAGGTGGGTGGATCACGAGGTCAGGAGTTTGAGACCAGCTTGACCAACATGGTGAAACCCCGTATCTACTAAAAATACAATAATTAGCCGGGTGTGGTGGCACGGGCCTATAATCCCAGCTACTTGGGAGGTTGAGGCAAGAGAATTGCTTGAACCCGGGAGGCGGAGGTTGCAGTGAGCCGATATTGCACCACTGCACTCCAGCCTGGGTGACAGAGTGAGACTCCGTCTCCAAAAAACAAGCAAACAAAAAAAA"
"chr1","12027930","12028224","chr2A","43180815","43181110","38","31152885","GGCCGGGTGCGGTGGCTCACGCCTGTAATCCCAGCACTTTGGGAGGCCGAGGCAGGTGGATCAGGCCAGGAGTTTGAGAACAGCCTGGCCAAGATGGTGAAACCCCGTCTCTACTAAAAATACAAAAATTAGCTGGGTGTGGTGGCGCACGCCTGTAATTCCAGCTCTGTAGGTGGCTGAGACATGAGAATCGCTTGAACCTGGGAGGCAGAGGTTGCAGTGAGCCGAGGTCGCTCCACTGCACTGCACCCTGGGCAACACGGTGAGATTCTGTCTCAAAAAATAAAAAAAGAAA","GGCCAGGCGCGGTGGCTCATGCCTGTAATCCCAGCACTTTGGGAGGCCGAGGCAGGTGGATCATGAGGTCAGGAGTTCGAGAGCAGCCTGGCCAAGATGGTGAAACCCCGTCCCTACTAAAAATACAAAAATTAGCTGGGTGTGGTGGTGCGCCCCTGTAATCCCAGCTACTCAGGAAGCTGAGACACGAGAATCGCTTGAACCCGGGAGGCAGAAGTTGCAGTGAGCCGAGATCGCTCCACTGCACTTGAGCCTGGGTGATGGAGCGAGACTCCATCTCAAAAAAAAAAAAAAAA"
"chr1","12048822","12049131","chr1","12188296","12188606","12","139474","GGCCAGGCGCGGTGGCTCACGCCTGTAATCCCAACACTTTGGGAGGCCGAGGCGGGCGGATCACAAGGTCAGGAGTTTGAGACCACCCTGACCAACATGGTGAAACCCTGTCTCTACTAAAAATACAAACATTAGCCGGGCTTGTTGGCACGTGCCTATAATCCCAGCTTCTGGGGAGGTCAAGGCAGGAGAATCATTTGAACCCGGGAGGCGGAGGTTGCAGTGAGCCGAGATCATGCCACTGCACTCCAGCCTGGATGACAGAGAAAGACTTCGTCTTAAAAAAACAAAAACAAAAATGAAAACAAAA","GGCCAGGCATGGTGGCTCATGCCTGTAATCCCAACACTTTGGGAGGCCGAGGCGGGCGGATCACACGTCTGGAGTTTGAGACCACCCTGACCAACATGGTGAAACCCTGTCTCTACTAAAAATACAAACATTAGCCGGGCTTGTTGGCACGCGCCTATAATCCCAGCTTCTGGGAAGGTCAAGGCAGGAGAATCACTTGAACCCGGGAGGCGGAGGTTGCAGTGAGCCGAGATCATGCCACTGCACTCCAGCCTGGATGACAGAGAAAGACTTCGTCTTAAAAAAACAAAAACAAAAACGAAAACAAAAAA"
"chr1","12114728","12115006","chr1","12252416","12252709","25","137688","GGCCAGACACGGTGGCTCACGACTGTAATCCCGGCACTTTGGGAGGCCGAGGCAGGCAGATCACAAGGTCAGGAGTTCAAGTCCAGCCTGACCAACATGGTGAAACCCCGTCTCTACTAAAAATACAAAAATTAGCCATGCCTGGTGGCACGTGCCTGTAATCCCAGCTACTCAGGAGGCTGAGGCAGGAGAATCACTTGAACCTGGGAGGCAGAGGTTGCAGTGAGCCAAGATAGTGCCACTGCACTCCAGCCTGGGCGACAGAACAAGACTCTGTCT","GGCCAGGCATGGTGGCTCACGACTGTAATCCCAGCACTTTGGGAGGCCAAGGCAGGCAGATCACAAGGTCAGGAGTTTAAGACCAGCCTGACCAACATGGTGAAACCCCCTCTCTACTAAAAATACAAAAATTAGCCATGCCTGGTGGCGCGTGCCTGTAATCCCAGCTACTCAGGAGGCTGAGGCAGGAGAATCACTTGAACCTGGGAGGCAGAGGTTGCAGTGAGCCAAGATAGTGCCACTGCACTCCAGCCTGGGCGACAGAACAAGACTCTATTTAAAAAAAAAAAAAAA"
"chr1","12118855","12119163","chr1","12255524","12255832","7","136669","GGCCGGGCGCAGTGGCTCACGCCGGTAATCCCAGCACTTTTGCGAGGCCGAGGCAGGCGGATCACCAGGTCAGGAGTTCGAGACCAGCCTGACCATCATGGTGAAACCCTGTCTCTACTAAAAATACAAAAATTAGCCAGGCGTGGTGGCGCGTGCCTGTAATCCCAGCTACTCAGGAGGCTGAGGCAGGAAAACTGCTTGAACCCGGGAGGTGGAGGTTGTGGTGGGCCAAGATCGCGTCACTGCACTCCAGCCTGGGCGACAGAGTGAGACTCTGTCTCAAAAAAAGAAAAGAAACAAACAAACAAA","GGCTGGGCGCAGTGGCTCATGCCGGTAATCCCAGCGCTTTTGGGAGGCCGAGGCAGGCGGATCACCAGGTCAGGAGTTCGAGACCAGCCTGACCATCATGGTGAAACCCTGTCTCTACTAAAAATACAAAAATTAGCCAGGCGTGGTGGCGCGTGCCTGTAATCCCAGCTACTCAGGAGGCTGAGGCAGGAAAACTGCTTGAACCCGGGAGGTGGAGGTTGTGATGAGCCAAGATCGCATCACTGCACTCCAGCCTGGGCGACAGAGTGAGACTCTGTCTCAAAAAAAGAAAAGAAACAAACAAACAAA"
"chr1","12124542","12124829","chr6","156471919","156472194","35","144347377","GGCTGGACGCGGTGGCTCACGCCTGTAATCCCAGCACTTTGGGAGGCCAAGGTGGGTGGATCACGAGGTCAGGAGTTTGAGACCAGCCTGGCCAACACGATGAAACCACATCTCTACTAAAAATACAAAAATTAGCCAGGCGTGGTGGCGCGCGCCTGTAATCCCAGCTACTCAGGAGGCTGAGGCAGGAGAATCGCTTGAACCCGGGAGGCGGAGGTTGCAAGGTTGCAGTGAGCCGAGATTGCACCGCTGCACTCCAGCCTGAGCAGCAGAATGAGAATCAGTCTC","CTGGGCACGGTGGCTCACGCCTGTAATCCCAGCACTTTGGGAGGCCAAGGTGGGTGGATCACGAGGTCAGGAGTTTGAGACCAGCCTGGCCAACATGTTGAAACCCTGTCTCTACTAAAAATATAAAAATTAGCCAGGCGTGGTGGCGTGCACCTGTAATCCCAGCTACTCAGGAGGCTGAGGCAGGAAATCGCTTGAACCGGGGAGGGAGAGGTGGCAGTGAGCTGAGATTGCACCACTGCACTCCAGTCTGGGCAACAGAGCAAGACTCTGGCT"
"chr1","12131802","12132091","chr1","12269151","12269442","5","137349","GACTGGGCGTGGTGGCTCATGCCTGTAATCCCAGTATTTTGGGAGGCTGAGGTGGGCAAATCACGATGCCAGGAGTTCCAGACCAGCCTGGCCAACCTGGTGAAACCCCATCTCTACTAAAAATACAAAAATTAGCTGGGCATGGTGGCGCGCGCCTATAATCCCAGCTACTCGGGAGGCTGAGGCAGGAGAATTGCTGGAACCCGGGAAGCAGAGGTTGCAGTGAGCTGAGATTGCGCCATTGCACTCCAACCTGGGCAACAGAGCGAGACTCTGCCTCAAAAAAAAAA","GACTGGGCGTGGTGGCTCATGCCTGTAATCCCAGTATTTTGGGAGGCTGAGGTGGGCAAATCACGATGCCAGGAGTTCCAGACCAGCCTGGCCAACCTGGTGAAACCCCATCTCTACTAAAAATACAAAAATTAGCTGGGCATGGTGGCACGCGCCTATAATCCCAGCTACTCGGGAGGCTGAGGCAGGAGAATTGCTGGAACCCGGGAAGCAGAGGTTGCAGTGAGCTGAGATTGTGCCATTGCACTCCAACCTGGGCAACAGAGAGAGACTCTGCCTCAAAAAAAAAAAA"
"chr1","12159245","12159544","chr1","12297127","12297426","3","137882","GGCCGGGCGAGGTGGCTCACGCCTGTAATCCCAGCACTTTGGGAGGCCGAGGCGGGCGGATCACGAGGTCAGGAGTTCGAGACCAGCCTGACCAACATGGTGAAACTCCGTCTCTACCTAAAAATACAAAAATTAGCCAGGCGTGGTGGCACATGCCTGTAATCCCAGCTACTCAGGAGGCTGAGGCAGGAGAATGGCTTGAACCTGGCAGGCGGAGGTTGCAGTGAGCCAAGATCGCGCCATTGCTCTCCAGCCTGGGCAATAGAGAGAGACTCCGTCTCAAAAAAAAAAAAAAAAAAA","GGCCGGGCGAGGTGGCTCACGCCTGTAATCCCAGCACTTTGGGAGGCTGAGGCGGGCAGATCACGAGGTCAGGAGTTCGAGACCAGCCTGACCAACATGGTGAAACTCCGTCTCTACCTAAAAATACAAAAATTAGCCAGGCGTGGTGGCACATGCCTGTAATCCCAGCTACTCAGGAGGCTGAGGCAGGAGAATGGCTTGAACCTGGCAGGCGGAGGTTGCAGTGAGCCAAGATCGCGCCATTGCACTCCAGCCTGGGCAATAGAGAGAGACTCCGTCTCAAAAAAAAAAAAAAAAAAA"
"chr1","12224943","12225242","chr1","12363007","12363306","3","138064","GGCCAGGAGCAGTGGCTCACGCCTGTAATCCCAGCACTTTGGGAGGCCAAGGCAAGCGGATCACGAAGTCAGGAGTTCGAGACCAGCCTGACCAACATGGTGAAACCGCATCTCTACTAAAAATACAAAAATTAGCCAGGCATGGTGGCAGGTACCTGTAATCCCAGCCACTCAGGACGCCGAGGCAGGAGAATTGCTTGAACCCAGGAGGCAAAGGTTGCAGTGAGCTGGGATTGTGCCAATGCACTCCAGCCTGCAACAGAGCAAGACTCCATCTAAAAAAGAAAAAAGAAAAAGAAA","GGCCAGGAGCAGTGGCTCACACCTGTAATCCCAGCACTTTGGGAGGCCAAGGCAAGCGGATCACGAAGTCAGGAGTTCGAGACCAGCCTGACCAACATGGTGAAACCGCATCTCTACTAAAAATACAAAAATTAGCCAGGCATGGTGGCAGGTACCTGTAATCCCAGCTACTCAGGACGCCGAGGCAGGAGAATTGCTTGAACCCAGGAGGCAAAAGTTGCAGTGAGCTGGGATTGTGCCAATGCACTCCAGCCTGCAACAGAGCAAGACTCCATCTAAAAAAGAAAAAAGAAAAAGAAA"
"chr1","12309482","12309791","chr5","92446026","92446335","39","80136544","GGACATGGTGGCTCATGCCTGTAATCCCAGCACTTTGGGAGGTCGAGGCGGCAGATCACAAGTTCAGGAGTTCAAGACCAGCCTGGCCAACATGGTGAAACCCCGTCTCTACTAAAAAAAAAATACAAAAATTAGCCAGGCATGGTGGCGTGTGCCTGTAATCCCAGCTACCGGGAAGGCTGAGGCAGGAGAATTGATTATACCAGGGAGGTGGAGGTTGCAGTGAGCCTAGATTGAGCCGCTGCACTTCAGCCTGGGTGACAGAGCAAGACTCAGTCTCAAAAAAAAAAAAAAAAAGAAAGAAAGAAAA","GGCCAGGTGCAGTGGCTCACGCCTGTAATCTCAGCACTTTGGGAGGCCGAGGCGGGTAGATCACGAGGTCAGGAGTTCGAGACAAGCCTGGCCAACATGGTGAAACCCCGTCTCTACTAAAAATACAAAAATCAGCCAGGCATGGTGGCGTGCGCCTGTAATCCCAGCTACTTGGGAGGCTGAGGCAGGAGAATTGCTTTAGCCCAGGGGGCGGAGGCTGTAGTGAGCCGAGATTGTGCCACTGCACTCCAGCCTGGGTGACAGAGCAAGACTCTGTCTCAAAAAAAAAAAAAAAAAAAAGAAAAGAAAA"
"chr1","12357728","12358019","chr1","12497536","12497827","8","139808","GGCTGGGTACGGTGGCTCATGCCTGTAATCCCAGCACTTTGGGAGACCGAGGCGTATCCCAAGGTCAGGGGTTTGAGACCAGCCTGGCCAACGTGGTGAAACCCCTTCTCTACTAAAAATGCAAAAATTAGCCGGGTGTGGTGGCGCTCGCCTGTAGTCCCAGCTACTTGGGAGGCTGAGGCAGGAGAATCACTTGAACCTGGGAGGCGGAGGTTGCAGTGATCCTAGACTGTACCATTGCACTCCAGCCTGGGCGACAGAGCAAGATTCCACCTCAAAAAAAAAAAAAAAA","GCTGGGTATGGTGGCTCATGCCTGTAATCCCAGCACTTTGGGAGACCAAGGCGTATCCCAAGGTCAGGGGTTTGAGACCAGCCTGGCCAACGTGGTGAAACCCCGTCTCTACTAAAAATACAAAAATTAGCCAGGTGTGGTGGCGCTCGCCTGTAGTCCCAGCTACTTGGGAGGCTGAGGCAGGAGAATCACTTGAACCTGGGAGGCGGAGGTTGCAGTGATCCTAGACTGTACCATAGCACTCCAGCCTGGGCGACAGAGCAAGATTCCACCTCAAAAAAAAAAAAAAAAA"
"chr1","12365424","12365720","chr1","12504878","12505178","9","139454","GGCCGGGCATGGTGGCTCACGCCTGTAATCCCAGCACTTTCGGAGGCCTAGGTGGGCGGATCACGAGGTCAGGAGTTCCAGACCAGTCTGACCAACATGGTGAAACCCCATGTCTACTGAAAATACAAAAATTAGCCAGGCATGGTGGTGTGCACCTGTAATCCCAGCTACTCAGGAGGCTGAGGCAGGAGAATCACTTGAACCCAGGAGGCGGAGGTTGCAGTGACCCGAGATCGTGCCGTTGCACTCTAGCCTGGGTGACAGAGTGAGACTCTGTCTCAAAAAAAAAAAAAAAAA","GGCCGGGCATGGTGGCTCACGCCTGTAATCCCAGCACTTTGGGAGGCCGAGGTGGGCGGATCACGAGGTCAGGAGTTCCAGACCAGTCTGACCAACATGGTGAAACCCCATGTCTACTGAAAATACAAAAATTAGCCAGGCATGGTGGTGTGCACCTGTAATCCCAGCTACTCAGGAGGCTGAGGCAGGAGAATCACTTGAACCCAGGAGGCGGAGGTTGCAGTGACCCGAGATCGTGCCGTCGCACTCCAGCCTGGGTGACAGAGTAAGACTCTGTCTCAAAAAAAAAAAAAAAAAAAAA"
"chr1","12399199","12399494","chr7","141847590","141847884","26","129448391","GGCCAGGCGCAGTGGCTCACACCTGTAATCCCAGCACTTTGGGAGGTTGCGGCAGGCGGATCACGAGGTCAGGAGTTTGAGACCAGCCTGGCCAACATGATGAAACCCCGTCTCTACTACAAATACAAAAATTAGCTGGACGTGGTCGTGGGCCCCTGTAATCCCAGCTACTCAGGAGGCTGAGGCAGGAGAATCACTTGAACCCAGGAAGCAGAGGTTGCAGTGAGCCGAGATAGCGCCACTGCACTCCAGCCTGGGTGACAGAGAGAGACTCCGTCTCAAAAAAAAAAAAAAAA","GGCTGGGCGCAGTGGCTCACACCTGTAATCCCAGCACTTTGGGAGGCCGAGGCAGGTGGATCACGAGGTCAGGAGTTTGAGACCAGCCTGACCAACATGGTGAAACCCCGTCTCTACTAAAAATACAAAAATTAGCTGGGTGTTGTGGTGGGCGCCTGTAATCCCAGCTACTCAGGAGGTTGAGGGAGGAGAATCACTTGAACCCAGGAGGCGGAGGTTGCAGTGAGCCAAGATCGTGCCATTGCACTCCAGCCTGGGTAACAGAGCGAGACTCCGTCTCCAAAAAAAAAAAAAA"
"chr1","12446136","12446440","chr1","12589167","12589469","7","143031","GCTGGACATGGTGGCTCACACCTGTAATCCCAGAACTTTGGGAGGCCAAGGTGGGCGGATCATGAGGTCAGGAGTTTGAGACCAGCCTGGCCAGCATGGTGTGAAACCCCATCTGTACTAAAAATACAAAAATTAGCCAGGCATGGTGTCGCGTGCCTGTAATCCCAGTCACTCAGGAGGCTGAGGCAGGAGAATTGCTTGACCCTAGGAGGCTGAGGTTGCAGTGAGCCAAGATCATGCCACTGCACTCCAGCCTGGGTGACAGATCAAGACTCCCTCTCAAAAAAGAAAAAAAAAAAAAAGAA","GCTGGACATGGTGGCTCACACCTGTAATCCCAGCACTTTGGGAGCCAAGGCGGGCGGATCATGAGGTCAGGAGTTTGAGACCAGCCTGGCCAGCATGGTGTGAAACCCCATCTGTACTAAAAATACAAAAATTAGCCAGGCATGGTGTCGCGTGCCTGTAATCCCAGTCACTCAGGAGGCTGAGGCAGGAGAATTGCTTGACCCTAGGAGGCTGAGGTTGCAGTGAGCCAAGATCATGCCACTGCACTCCAGCCTGGGTGACAGATCAAGACTCGCTCTCCAAAAAGAAAAGAAAAAAAAGAA"
"chr1","12456222","12456355","chr1","12599255","12599388","3","143033","GGCTGGGCGCGGTGGCTCATGCTTGTAATCCCAGCATTTTGGGAGGCCTAGGAGAGTGGATCATGAGGTCAGGAGTTTGAGACCAGCCTGGCCAACACAGTGAAACCCCGCCTCTACTAAGAATACAAAAATTA","GGCCGGGTGCGGTGGCTCATGCTTGTAATCCCAGCATTTTGGGAGGCCTAGGAGAGCGGATCATGAGGTCAGGAGTTTGAGACCAGCCTGGCCAACACAGTGAAACCCCGCCTCTACTAAGAATACAAAAATTA"
"chr1","12467171","12467469","chr1","12610177","12610470","8","143006","GACTGGGTGTGGTGGCTCACGCCTGTAATCCCAACACTTTGAAAGGCCAAGGTCGGCAGATCATGAGGTCAGGAGTTCGAGACCGGCCTGGCCAACATGGTGAAACCCCATCTCTACTAAAAATATAAGAATTAGCTGGGCGAGGTGGCGTGCGCCTGCCATCCCAGCTACTTTGGAGGCTGAGGCAGGAGAACTGCTTGAACCCGGGAGGTGGAGGATGCAGTGAGCCGAGGTTGTGCCACTGCATTCCAGCCTGGGCGACAGAGCAAGACTCTGTCTTGAAAAAAAATAAAATAAAA","GACTGGGTGTGGTGGCTCACGCCTGTAATCCCAACACTTTGAAAGGCCAAGGTCAGCAGATCATGAGGTCAGGAGTTCGAGACCGGCCTGGCCAACATGGTGAAACCCCATCTCTACTAAAAATATAAGAATTAGCTGGGCAAGGTGGCATGCGCCTGCCATCCCAGCTACTTTGGAGGCTGAGGCAGGAGAACTGCTTGAACCCGGGAGGTGGAGGATGCAGTGAGCCGAGGTTGTGCCACTGCATTCCAGCCTGGGCGACAGAGCAAGACTCTGTCTTGAAAAAAATAAAAA"
"chr1","12483719","12484021","chr1","12626693","12626995","4","142974","GCCAGGCACGGTGGCTCACGCCTGTAATCCCAGCACTTTGGGAGGCCGAGGTGGGCGGATCACGAGGTCAGGAGTTCGAGACCAGCCTGACCAACATGGTGAAACCCCGTCTCTACTAAAAATACAAAAATTACCTGGGTGTGGTGGCGCACCCCTGTAATCCCAGCTACTCAGGAGGCTGAGGCAGGAGAATCACTTGAACCCGGGATGTGGAGGTTGCAGTGAGCCGAGATGGTGCCACTGCACTCCAGCTGGGCAACAGAGTGGGACTCCCTCTCAAAAAAAAAAAAATAAAAATAAGAA","GCCAGGCACGGTGGCTCACGCCTGTAATCCCAGCACTTTGGGAGGCCGAGGTGGGCGGATCATGAGGTCAGGAGTTCGAGACCAGCCTGACCAACATGGTGAAACCCCGTCTCTACTAAAAATACAAAAATTACCTGGGTGTGGTGGCGCACCCCTGTAATCCCAGCTACTCAGGAGGCTGAGGCAGGAGAATCACTTGAACCCGGGATGCGGAGGTTGCAGTGAGCCGAGATGGTGCCACTGCACTCCAGCTGGGCAACAGAGTGGGACTCCCTCTCAAAAAAAAAAAAAAAAAAAAAAGAA"
"chr1","12526928","12527210","chr10","131725344","131725630","29","119198416","GGCTGGGCATGGTGGCTCACGCCTGTAACCCCAGCACTTTGGGAGGCTGAGGCTGGCAGATCATGAGGTCAGGAGTTTGAGACCAGCCTCACCAACATGGTGAAACCCCGTCTCTACTAAAAATAGAAAAATTAGTCAGGTGTGGTGGCACACACCTGTAATCCCAGCTACTCGGGAGGCTGAGGCAGGAGAATTGCTTGAACCTGGGAGGCGGAGGTTGCAGTGAGCCGAGATTGCGCCATTGCACTCTAGCCTGGGTGACAGAGTGAAACTCCATCTCAAA","GGCTGGGCGTGGTGGCTCACGCCTGTAATCCCAGCACTTTGGGAGGCCGAGGTGGGCGGATCACAAGGTCAGGAGTTTGAGACCAGCCTGACCAACATGGTGAAACCCCATCTCTACTAAAAACACAAAAATTAGCCAGGTGTGGTGGCACACGCCTGTAATCCCAGCTACTCAGGAGGCTGAGGCAGGAGAATTGCTTTAACCTGGGAGGCGGAGGTTGCAGTGAGCCGAGATCGCGCCACTGCACTCCAGCCTGGTGACAGAGCAAGACTCCATCTAAAAAAAAA"
"chr1","12528737","12529049","chr1","12672727","12673047","13","143990","GCTGGGCGCGGTGACTCACGCCTGTAATCCCAGCATTTTGAGAGGGCAAGGTCAGGAGTGATCACTTTGGGTGGACCACGAGGTCAGGAGTTCAAGATCAGCCTGGCCAACATGGTGAAACTCCGTCTCTACTCAAAATACAAAAATTAGCCAGGCGTGGTGGCTCACACTTATAATCCCAGCTACCTGGGAGGCTGAGGCAGGAGAATGGCTTGAACCTGGGAGGCGGAGGTTGTAGTGAGCCGAGACTGCTCCACTGGACTGCAGCCTGGGTGACAGAGCGAGACTCCGTCTCAAAAAAAAAAAAAAAGAA","GCTGGGCGCGGTGACTCATGCCTGTAATCCCAGCATTTTGAGAGGGCAAGGTCAGGAGTGATCACTTTGGGTGGACCACGAGGTCAGGAGTTCAAGACCAGCCTGGCCAACATGGTGAAACTCCGTCTCTACTCAAAATACAAAAATTAGCCAGGCGTGGTGGCTCACACTTATAATCCCAGCTACCTGGGAGGCTGAGGCAGGAGAATGGCTTGAACCTGGGAGGCGGAGGTTGTAGTGAGCCAAGATTGCTCCACTGGACTGCAGCCTGGGTGACAGAGCGAGACTCCGTCTCAAAAAAGAAAAAAAAAAAAAAAAAGA"
"chr1","12562108","12562397","chr1","12708136","12708429","9","146028","GGCCAGGAATGGTGGTTCACACCTGTAATCCCAGCACTTTGGGAGGCCAAGGTAGGCGGATCACAAGATCAGGAGTTTGAGACCAGCCTGGCCAAAATAGTGAAACGACCTCTCTATAAAAAGTACAAAAATTAGCCAGGAGTGGTGACATGCCTGTAGTCCCAGCTACTCGGGAGGCTGAGGCAGGAGGATTGCTTGAACCTGGGAGGCGGAGGTTGCAGTGAGCTGAGATTGCACCATTGCACTCCAGCCTGGGTGACAGAGTGAAACTCTGTCTAAAAAAAAAAAAA","GGCCAGGAACGGTGGCTCACACCTGTAATCCCAGCACTTTGGGAGGCCAAGGTAGGTGGATCACAAGATCAGGAGTTTGAGACCAGCCTGGCCAACATAGTGAAACGACCTCTCTATAAAAAGTACAAAAATTAGCCAGGAGTGGTGACATGCCTGTAGTCCCAGCTACTCCGGAGGCTGAGGCAGGAGGATTGCTTGAACCTGGGAGGCGGAGGTTGCAGTGAGCTGAGATTGCACCATTGCACTCCAGCCTGGGTGACAGAGTGAAACTCTGTCTAAAAAAAAAAAAACAAA"
"chr1","12628824","12629123","chr1","12774458","12774751","11","145634","GGCCAGGCGCAGTGGCTCACGCCTGTAATCCCAGCACTTTGGGAGGCAGAGGTGGGTGGATCACGAGGTCAGGAGTTCAAGACCAGCCTGACCAACATGGTGAAACCTGTTCTCCACTAAAAATACAAAAATTAGCTGGGCATGGTGGTGCACATCTGTAATCCCAGCTACTAGGGAGGCTGAGGCAGGAGAATCACTTGAACCCGGGAGGCAGAAGTTGCAGTGAGCTGAGATTGCGCCACTGCACTCCAGCCTGGGCAACAAAGTGAGACTCTGTCTCAAAAAAAAAAAAAAAAAAAA","GGCCAGGCGCGGTGGCTCACGCCTGTAATCCCAGCACTTTGGGAGGCAGAGGTGGGTGGATCACGAGGTCAGGAGTTCAAGACCAGCCTGACCAACATGGTGAAACCCGTTCTCTACTAAAAATACAAAAATTAGCTGGGCATGGTGGTGCACACCTGTAATCCCAGCTACTAGGGAGGCTGAGGCAGGAGAATCACTTGAACCCGGGAGGCAGAGGTTGCAGTGAGCTGAGATTGCGCCACTGCACTCCAGCCTGGGCAACAAAGTGAGACTCTGTCTCAAAAAAAAAAAAAA"
"chr1","12667517","12667808","chr1","12814083","12814374","8","146566","GGCATGGTGGCTCAGGCCTGTAATCCCAACACTTTGGGAGTCCAAGGTGGGTGGATCACGAGGTCAGGAGTTCAAGACCAGCCTGGTCAACATGGTGAAACCCCATCTCTACTAAAAAATATAAAAATTAGCCAGGCTTGGTGGTATACACCTGTAATCCCAGCTACTCAGGAGGCTGAGGCAGGAGAATCGCTTGAACCTGGGAAGCAGAGGTTGCAGTGAGCCGAGATTGCACCACTGCACTCCAGCCTAGGCGACAGAGTGAGACTCCATCTCAAAACAAAAAGAAAAA","GGCATGGTGGCTCAGGCCTGTAATCCCAACACTTTGGGAGGCCAAGGCAGGTGGATCACGAGGTCAGGAGTTCGAGACCAGCCTGGTCAACATGGTGAAACCCCATCTCTACTAAAAAATATAAAAATTAGCCAGGCTTGGTGGTATGCACCTGTAATCCCAGCTACTCAGGAGGCTGAGGCAGGAGAATCGCTTGAATCTGGGAGGCAGAGGTTGCAGTGAGCCGAGATTGCACCACTGCACTCCAGCCTAGGCAACAGAGTGAGACTCCATCTCAAAACAAAAAGAAAAA"
"chr1","12686796","12687095","chr1","12832880","12833184","12","146084","GACCAGGTGCAGTGGTTCATGCCTGTAATCTCAGCAGTTTGGGAGGCTGGGGCAGGCGGATCACAAGGTCAGGAGTTTGAGACCAGCCTGGCCAACATGGTGAAACCCCATCTCTACTAAAAATACAAAAACTAGCCGGGCATGGTGGCAGATGCCTGTAGTCCCAGCTACTCAGGAGGCTGAGGCAGGAGAATCGGTTGAACCTGGGAGGCAGAGGTTGCAGTGAGCCCAGATAGCACCACTGCACTCCAGCCTGGGCAACAGAGGGAGACTCCATCTCAAAAAGGAAAAAAAAAAAAA","GACCAGGTGCAGTGGTTCATGCCTGTAATCTCAGCACTTTGGGAGGCTGAGGCAGGCAGATCACAAAGTCAGGAGTTCGAGACCAGCCTGGCCAACATGGTGAAACCCCATCTCTACTAAAAATACAAAAACTAGCCGGGCATGGTGGCAGATGCCTGTAGTCCCAGCTACTCAGGAGACTGAGGCAGGAGAATCGGTTGAACCTGGGAGGCAGAGGTTGCAGTGAGCCCAGATAGCACCACTGCACTCCAGCCTGGGCAACAGAGGGAGACTCTATCTCAAAAAGGAAAAAAAAAAAAAAAAAA"
"chr1","12689512","12689819","chr1","12835594","12835903","8","146082","GGCCGGGCGCAGTGGCTCACGCCTGTAATCCCAGCACTTTGGGAGGCTGAGGGGGGCGGATCACGAGGTCAGGAGATCGAGACCAGCTTGGCCAACATGGTGAAACCCCATCTCTACTAAAAATACAAAAATTAGCCGGGCGTGGTGGTGTGCGCCTGTAATCCCAGCTACTCAGGAGGCTGAAGCAGGAGAATCGCTTGAATCAGGGAGGTGGAGGTTGCAGTGAGCCAAGATCACACCACTGCACTCCAGCCTGGGTGACAGAGCAAGACTCCATCTAAAAAAAAATAATAATAAAAAATAATAAA","GGCCGGGCGCAGTGGCTCACGCCTGTAATCCCAGCACTTTGGGAGGCTGAGGCGGGCAGATCACGAGGTCAGGAGATCGAGACCAGCTTGGCCAACATGGTGAAACCCCATCTCTACTAAAAATACAAAAATTAGCCGGGCGTGGTGGTGTGCGCCTGTAATCCCAGCTACTCAGGAGGCCGAAGCAGGAGAATCGCTTGAATCAGGGAGGTGGAGGTTGCAGTGAGCCAAGATCACACCACTGCACTCCAGCCTGGGTGACAGAGCGAGACTCCATCTAAAAAAAAAATAATAAAAAATAATAAATAAA"
"chr1","12822056","12822312","chr1","16418667","16418933","47","3596611","GGCTGGGCATGGTGTCTCACACCTCTAATCCCAGCACTTTGGGAGGCCGAGGCAGCCTCGGGATGTTGAGACCAGCCTTGCTAACATGGTGAAACCCCGTCTCTACTAAAAATACACAAAATTTGCTGGGAGTGGTGGCATTCGCCTGTAATCCTAGGTATTCAGGAGGCTGAGGCAGGACAATCACTTGAACCCGGGAGGAGAAGATTGCAATGAGACGAGATCGCGCCACTGCTCTCTAGCCTGGGCGACAGAGC","GGCTGGGCATGGTGTCTCATGCCTGTAATCCCAGCACTTTGGGAGGCCAAGGCGGGCAGATCAGGAGGTCAGAAGTTCGAGACCAACCTGACCAACATGGTGAAACCCCGTCTCTACTAAAAATACAAAAATTAGCTGGGCATGGTGGCGCCTGCCTATAATCCCAGCTACTCAGGAGGCTGAGGCAGGAGAATCACTTGAACCCAGGAGGCGGAGGTTGCAGTGAGCCGAGATTGCACCATTGCACTCCAGCCTGGGCAACAGAGC"
"chr1","12839437","12839723","chr1","13035633","13035919","12","196196","GGTGTGATGTCTCATGCCTGTAATCCCAGGACTTTGGAAGGCTGAGGCAGGCAGATCACGAGGTCAGGAGTTTCAGACCACCCTGACCAACACAGTGAATCCCTATCTCTATTAAAAATACAAAATTTAGCTGAGCATGGTGCCAGGCACCTGTAATCCCAGCTACTTGGGAGGCTGAGGCAAGGGAAGTGAAGGCTGCAGTGAGCTGAGATTGTGCCACTGTAATCCAGCCTAAGTTACAATGTGAGACTCTGTGTCAAAAAAAAAAAAAGAAAAGAAAAGAAAAA","GGTGCGATGACTCACGTCTGTAATCTCAGGACTTTGGAAGGCTGAGGCAGGCAGATCACGAGGTCAGGAGTTTCAGACCACCCTGGCCAACACAGTGAATCCCTATCTCTATTAAAAATACAAAATTTAGCTGAGCATGGTGACAGGCACCTGTAATCCCAGCTACTTGGGAGGCTGAGGCAAGGGAAGTGAAGGCTGCAGTGAGCTGAGATTGTGCCACTGCACTCCAGCCTAAGTTACAGTGTGAGACTCTGTGTCAAAAAAAAAAAAAAGAAAAGAAAAGAAAA"
"chr1","12851922","12852216","chr1","13048112","13048404","9","196190","GGCTGGGCACGGTGGCTCATGCCTATAATACCAGCACTTTAGGAGGCCGAGGGAGTCAGATCACAAGGTCAGGGGTTTGAGACCGCCTGGACAACATGGGAAAACCCTGTCTCTACTAAAAATACACAAATTAGCTGGGTGTGGTGATCCATGCCTGTAATCCCAGCTACTCTGGAGGCTGAGTCAGAAGAATGGCATGATCCTGGGAGGCAGAGGTTGCAGTGAGCTGAGATTGCACCTCTGCAGTCCAGCCTGGGTGACAGGGCAAGACTCCATTTTGGGAAAAAATAAAAAA","GCTGGGCACGGTGGTTCGTGCCTATAATACCAGCACTTTAGGAGGCTGAGGGAGTCAGATCACAAGGTCAGGGGTTTGAGACCACCTGGACAACATGGGAAAACCCTGTCTCTACTAAAAATACACAAATTAGCTGGTGTGGTGATCCATTCCTGTAATCCCAGCTACTCGGGAGGCTGAGTCAGAAGAATGGCATGATCCTGGGAGGCAGAGGTTGCAGTGAGCTGAGATTGCACCTCTGCAGTCCAGCCTGGGTGACAGGGCAAGACTCCATTTTGGGAAAAAATTAAAAA"
"chr1","12852234","12852540","chr1","13048422","13048729","10","196188","GACCGGGCACAATGGCTCATGCCTGTAATCCCAGCACTTTAGGAGGCCGAGGCGGGCAGATCACAAGGTCAGGAGTTCCAGACCAGGATGACCAATATGGTGAAACTCCCTCTCTACTAAAAATACAAAAATTAGTCAGGCATCGTGGTGCACGCCTGTAATCCCATCTACTGTGGAGGCTGAGGCAGGAATCACTTGAACCCGGAAGGCCAAGTTTGCAGTGAGCTGAGATCACGCAACTGCACTCCAGCCTGGGCAACAGAGCAAGACTCTGTCTCAAAGAAAAAAATAAAAATAAAAATAAAAA","GGCTGGGCACAATGGCTCATGCCTGTAATCCCAGCACTTTAGGAGGCCGAGGTGGGCAGATCACAAGGTCAGGAGTTCCAGACCAGGCTGACCAATATGGTGAAACTCCCTCTCTACTAAAAATACAAAAATTAGTCAGGCATGGTGATGCACGCCTGTAATCCCATCTACTGGGGAGGCTGAGGCAGGAATCACTTGAACCCGGAAGGCCAAGTTTGCACTGAGCTGAGATCATGCAACTGCACTCCAGCCTGGGCAACAGAGCAAGACTCTGTCTCAAAGAAAAAAATAAAAATAAAAATAAAAAA"
"chr1","12876665","12876921","chr1","16418667","16418933","43","3542002","GGCCGGGCATGGTGTCTCACACCTCTAATCCCAGCACTTTGGGAGGCCAAGGCAGCCTCAGGATTTTGAGACCAGCCTGGCCAACATGGTGAAACCCCATCTCTACTAAAAATACACAAAATTTGCTGGGAGTGGTGGCATTCGCCTGTAATCCCAGGTATTCAGGAGGCTGAGGCAGGACAATCACTTGAACCCGGGAGGTGAGGGTTGCAATGAGACGAGATGGCACCACTTCACTCCAGCCTGGGCGACAGAGC","GGCTGGGCATGGTGTCTCATGCCTGTAATCCCAGCACTTTGGGAGGCCAAGGCGGGCAGATCAGGAGGTCAGAAGTTCGAGACCAACCTGACCAACATGGTGAAACCCCGTCTCTACTAAAAATACAAAAATTAGCTGGGCATGGTGGCGCCTGCCTATAATCCCAGCTACTCAGGAGGCTGAGGCAGGAGAATCACTTGAACCCAGGAGGCGGAGGTTGCAGTGAGCCGAGATTGCACCATTGCACTCCAGCCTGGGCAACAGAGC"
"chr1","13046923","13047179","chr1","16418667","16418933","44","3371744","GGCCGGGCATGGTGTCTCACACTTCTAATCCCACCACTTTGGGAGGCCAAGGCAGCCTCAGGATTTTGAGACCAGCCTGGCCAACATGGTGAAACCCCATCTCTACTAAAAATACACAAAATTTGCTGGGAGTGGTGGCATTCGCCTGTAATCCCAGGTATTCAGGAGGCTGAGGCAGGACAATCACTTGAACCCGGGAGGTGAGGGTTGCAATGAGACGAGATTGCACCACTTCACTCCAGCCTGGGCGACAGAGC","GGCTGGGCATGGTGTCTCATGCCTGTAATCCCAGCACTTTGGGAGGCCAAGGCGGGCAGATCAGGAGGTCAGAAGTTCGAGACCAACCTGACCAACATGGTGAAACCCCGTCTCTACTAAAAATACAAAAATTAGCTGGGCATGGTGGCGCCTGCCTATAATCCCAGCTACTCAGGAGGCTGAGGCAGGAGAATCACTTGAACCCAGGAGGCGGAGGTTGCAGTGAGCCGAGATTGCACCATTGCACTCCAGCCTGGGCAACAGAGC"
"chr1","13064678","13064971","chr11","124276109","124276404","44","111211431","CCAGGCATGGTGGCTCACGCCTATAATCCCAGCACTTTAGGAGGCTGAGGCAGGCAGATCCCAAGGTCAGAGGTTTGAGACCAACCTGGCCAACATGGAGAAACCCCCTTTCTGCTAAAAATACAAAAGTTAGCTCAGTGTGGTGACATGTGCCTGTAATCCCAGCTACTCAGGAGGCTGAGGCAGGAGAACCACTTGAACCCAGGATGCAGAAGTTGCAGTGAGCCAAGGTAGCACCATTGTACTCCAGCCTGGGCAACAGAGACTCTGTCTCTAAACAAAAAATAAAAAGAA","CTGGGCACAGTGGCTCACGCCTGTAATCCCAGCACTTTGGGAGGCTGAGGCGGGCAGATCACGAGGTCAGAAGTTCAAGACCAGCCTGACCAACATGGTGAAACCCCGTCTCTACTAAAAATACAAAAATTAGCCAGGTGTGGTGGTGCATGCCTGTAATCCCAGCTACTCAGGAGGCTGAGGCAGGAGAATCGCTTGAACCTGGGAGGCAGAAGTTGCAGTGAGCCAAGATCACACCACTGTACTCCAGCCTGGGTGAGAGTGAGACTCTGTCTCAAAAAAAAAAAAAAAAAAAA"
"chr1","13080180","13080436","chr1","16418667","16418933","46","3338487","GGCCGGGCATGGTGTCTCACACTTCTAATCCCAGCACTTTGGGAGGCCAAGGCAGCCTCGGGATTTTGAGACCAGCCTTGCCAACATGGTGAAACCCCGTCTCTACTAAAAATACACAAAATTTGCTGGGAGTGGTGGCATTCGCCTGTAATCCCAGGTATTCAGGAGGCTGGGGCAGGACAATCACTTGAACCCGGGAGGCGAAGGTTGCAATGAGACAAGATCGCGCCACTGCACTCCAGCCTGGGTGACAGAGC","GGCTGGGCATGGTGTCTCATGCCTGTAATCCCAGCACTTTGGGAGGCCAAGGCGGGCAGATCAGGAGGTCAGAAGTTCGAGACCAACCTGACCAACATGGTGAAACCCCGTCTCTACTAAAAATACAAAAATTAGCTGGGCATGGTGGCGCCTGCCTATAATCCCAGCTACTCAGGAGGCTGAGGCAGGAGAATCACTTGAACCCAGGAGGCGGAGGTTGCAGTGAGCCGAGATTGCACCATTGCACTCCAGCCTGGGCAACAGAGC"
"chr1","13111876","13112160","chr1","12981897","12982180","41","129979","GGCCAGGTGTGGTGGCTGACGCCTATAATCCCAGCACTTTAGGAGACCGAGGCAGGCAGATCCCGATGTCAGGGGTTCAAGACCAACCTGGCCAAAATGGTGAAACCCCGCTTCTGCCAAAAATACAAAAATTAGCTGGGTGTGGTTGTGTGTGCCTGTAATCCCAGCTACTTAGGTGGCTGAGGCAGGAAAACTCCTTGAACCTGGGAGGCAGAGGTTGCAGTGAGCCAAGGTAGCACCACTGTACTCCAGCCTGGGCAACAGAGACTCTGTCTCAAAAATAAA","GGCTGGGTGTGGTGGCTCACACCAGTAGTCCCAGCACTTTAGGAGGCTGAGGGGGGCAGATCACGAGGTCAGGGGTTCAAGACCAACCTGGCCAGCATGGTGAAATCCAATTTCTGCTAAAAATACAAAAATTAGCTGGGTGTGGTGGCATGCGCCTGTAATCCCAGGTACTCAGGAGGCTGAGGCAGGAGAATTGCTTGAACCTGGGAGGTGGATATTGCTGTGAGCTGAGATAGCACCACTGTACTCCAGCCTGAGAAACAGAGACTCTGTCTCAAAAAAAA"
"chr1","13120557","13120846","chr2A","110248855","110249154","46","97128298","GGCTGGGCAAGGTGGCTCAAGCCTATAATTCCAGCACTTCAGGAGGCTGAGGCAGGGAGATCACAAGGTCAGGGGTTCAAGACCAACCTGGTCAACATGGTGAAACCCCGTTTCTGCTAAAAATACAAAAATCAGCTGGGTGTGGTGGTGTGTGCCTGTAATCCTGGCTACTCAGGAGTCTGAGGCAGGAGAATCTCTTGAACCCGGGAGGCAGATGTTGCAGTGAGCTGACATAGCACCACTGTACTCCCGCTTGGGCATCAGAGACTCTGTGTCAAAAAAAAGAAAAA","GGCTGGGCTCAGTGGCTCACGCCTGTAATCCCAGCACTTTAGGAGGCTGAGGCGGGCAGATCACAAGGTCAGGAGTTCAAGACCAGCCTGACCAACATGGTGAAACCCCGTCTCTACTAAAAATACAAAAGATAGCCGGGGGTGGTGGTGTGCGCCTGTAATCCCAGCTACTCAGGAGGCTGAGGCAGGAGAATCACTTGAACCCGGGAGGCGGAGGTTGTAGTGAGCAGAGATTGCACCACTGCACTCCAGCCTGGGCAACAGAGTGAGACTCTGTCTCAAAAAAAAAAAAAAAAAGAA"
"chr1","13146353","13146609","chr1","16418667","16418933","46","3272314","GGCCGGGCATGGTGTCTCACACTTCTAATCCCAGCACTTTGGGAGGCCAAGGCAGCCTCGGGATTTTGAGACCAGCCTTGCCAACATGGTGAAACCCCGTCTCTACTAAAAATACACAAAATTTGCTGGGAGTGGTGGCATTCGCCTGTAATCCCAGGTATTCAGGAGGCTGGGGCAGGACAATCACTTGAACCCGGGAGGCGAAGGTTGCAATGAGACAAGATCGCGCCACTGCACTCCAGCCTGGGTGACAGAGC","GGCTGGGCATGGTGTCTCATGCCTGTAATCCCAGCACTTTGGGAGGCCAAGGCGGGCAGATCAGGAGGTCAGAAGTTCGAGACCAACCTGACCAACATGGTGAAACCCCGTCTCTACTAAAAATACAAAAATTAGCTGGGCATGGTGGCGCCTGCCTATAATCCCAGCTACTCAGGAGGCTGAGGCAGGAGAATCACTTGAACCCAGGAGGCGGAGGTTGCAGTGAGCCGAGATTGCACCATTGCACTCCAGCCTGGGCAACAGAGC"
"chr1","13161821","13162114","chr11","124276109","124276404","44","111114288","CCAGGCATGGTGGCTCACGCCTATAATCCCAGCACTTTAGGAGGCTGAGGCAGGCAGATCCCAAGGTCAGAGGTTTGAGACCAACCTGGCCAACATGGAGAAACCCCCTTTCTGCTAAAAATACAAAAGTTAGCTCAGTGTGGTGACATGTGCCTGTAATCCCAGCTACTCAGGAGGCTGAGGCAGGAGAACCACTTGAACCCAGGATGCAGAAGTTGCAGTGAGCCAAGGTAGCACCATTGTACTCCAGCCTGGGCAACAGAGACTCTGTCTCTAAACAAAAAATAAAAAGAA","CTGGGCACAGTGGCTCACGCCTGTAATCCCAGCACTTTGGGAGGCTGAGGCGGGCAGATCACGAGGTCAGAAGTTCAAGACCAGCCTGACCAACATGGTGAAACCCCGTCTCTACTAAAAATACAAAAATTAGCCAGGTGTGGTGGTGCATGCCTGTAATCCCAGCTACTCAGGAGGCTGAGGCAGGAGAATCGCTTGAACCTGGGAGGCAGAAGTTGCAGTGAGCCAAGATCACACCACTGTACTCCAGCCTGGGTGAGAGTGAGACTCTGTCTCAAAAAAAAAAAAAAAAAAAA"
"chr1","13181763","13182019","chr1","16418667","16418933","44","3236904","GGCCGGGCATGGTGTCTCACACTTCTAATCCCAGCACTTTGGGAGGCCAAGGCAGCCTCAGGATTTTGAGACCAGCCTTGCCAACATGGTGAAACCCCATCTCTACTAAAAATACACAAAATTTGCTGGGAGTGGTGGCATTCGCCTGTAATCCCAGGTATTCAGGAGGCTGAGGCAGGACAATCACTTGAACCCGGGAGGTGAGGGTTGCAATGAGACGAGATTGCACCACTTCACTCCAGCCTGGGCGACAGAGC","GGCTGGGCATGGTGTCTCATGCCTGTAATCCCAGCACTTTGGGAGGCCAAGGCGGGCAGATCAGGAGGTCAGAAGTTCGAGACCAACCTGACCAACATGGTGAAACCCCGTCTCTACTAAAAATACAAAAATTAGCTGGGCATGGTGGCGCCTGCCTATAATCCCAGCTACTCAGGAGGCTGAGGCAGGAGAATCACTTGAACCCAGGAGGCGGAGGTTGCAGTGAGCCGAGATTGCACCATTGCACTCCAGCCTGGGCAACAGAGC"
"chr1","13227988","13228284","chrUn_GL395663","5598","5896","5","13222390","GCTGGGCATGGTGGCTCACACCTATAATCCCAGCACTTTGAGAGGCCTAGGTGGGCAGATCACGAGGTCAGGTGTTCGAGACCAGCCTGGCCAACATGGTGAAACCCTGTCTCTACTAAAAATACAAAAATTAGCCGGGCATGGTGGTGGGCACCTGTAATCCCAGCTACTCAGGAGGCTGAGGCAGGAGAATTGCTTGAACTTAGGAGGCAGAGGTTGCAGTGAGCCGAGACCTCATCATTGCACTCCAGCCTGGGTGACAGAGCAAGACTCCATCTCAGAAAAAAAAAAAAAAAA","GCTGGGCATGGTGGCTCACACCTATAATCCCAGCACTTTGAGAGGCCTAGGTGGGCAGATCACGAGGTCAGGTGTTCGAGACCAGCCTGGCCAACATGGTGAAACCCTGTCTCTACTAAAAATACAAAAATTAGCCGGGCATGGTGGTGGGCACCTGTAATCCCAGCTACTCAGGAGGCTGAGGCAGGAGAATTGCTTGAACCTAGGAGGCGGAGGTTGCAGTGAGCCGAGACCTCATCATTGCACTCCAGCCTGGGTGACGGAGCAAGACTCCATCTCAGAAAAAAAAAAAAAAAAAA"
"chr1","13242972","13243210","chr2A","7035843","7036076","31","6207129","GGCTGGGCACGGTGGCTCACACCTGTAATCCCAGCACTTTGGGAGGCCGAGGCGGGCGGATCACGAAGTCAGGAGTTTGAGACAAGCCTGGCCAACATGGTGAAATCCCATCTCTACTAAAAATACAAAAATTAGCCAGGTGTGATGGTGGTTGCCTATAATCCTAGTACTCGGGAGGCTGAGGTAGGAGAATCACTTGAACCTGGGAGGTGGAGGTTGCAGTGAGCCGAGATTGTGCC","GGCCGGGCACAGTGGCTCACACCTGTAATCCCAGCACTTTGGGAGGCCGAGGCAGGTGGATCACGAGGTCAGGAGTTTGAGACCAGCCTGGCCAACATGGTGAAATCCCATCTCTACTAAAAATACAAAAATTAGCTGGGTGTGGTGGCGGGCACCTGTAATCCCAGCTACATGGGAGGCTGAGGCAGGAGAATCGCTTGAACCCAGGAGGCAGAGGTTGCAGTGAGCCAAGAT"
"chr1","13324888","13325144","chr1","16418667","16418933","45","3093779","GGCTGGGCATGGTGTCTCACACTTCTAATCCCACCACTTTGGGAGGCCAAGGCATCCTCAGGATTTTGAGACCAGCCTGGCCAACATGGTGAAACCCCGTCTCTACTAAAAATACACAAAATTTGCTGGGAGTGGTGGCATTCGCCTGTAATCCCAGGTATTCAGGAGGCTGAGGCAGGACAGTCACTTGAACGCAGGAGGTGAGGGTTGCAATGAGACAAGATCGCACCACTGCACTCCAGCCTGGGCGACAGAGC","GGCTGGGCATGGTGTCTCATGCCTGTAATCCCAGCACTTTGGGAGGCCAAGGCGGGCAGATCAGGAGGTCAGAAGTTCGAGACCAACCTGACCAACATGGTGAAACCCCGTCTCTACTAAAAATACAAAAATTAGCTGGGCATGGTGGCGCCTGCCTATAATCCCAGCTACTCAGGAGGCTGAGGCAGGAGAATCACTTGAACCCAGGAGGCGGAGGTTGCAGTGAGCCGAGATTGCACCATTGCACTCCAGCCTGGGCAACAGAGC"
"chr1","13363814","13364109","chr16","88512652","88512948","31","75148838","GCTGGGCACAGTGGCTCTTGCCTGTAATCCCAGCACTTTGGGAGGCTGAGGCGGGTGGATAACCAGGTCAGCAGGTCAAGACCAGCCTGGCCAACATGGTGAAACCCTGTCTGTACTAAAAATACAAAAATTAGCCAGGTGTGGTGGCATGCACCTGTAATCCCAGCTACTCGGGAGGCTGAGGCAGGAGAATTGCTTGAACCTGGGAGGCAGAGGTTGCAGTGAGCCAAGATCATGCCACTGCACTTCAGCCTGGGCTACAAAGTGAGACGCTGCCTCAAAAAAAAAAAAAAAAA","GCCAGGCATGGTGGCTCATGCCTGTAATCCCAGCACTTTGGGAGGCTGAGGCGGGTGGATCACAGGGTCAGGAGTTCGAGACCAGCCTGGCCAACATGGTGAAACCCTGTCTCTACTAAAATACAAAAATTAGCCAGGCGTGGCAGCAGGCACCTGTAATCCCAGCTACTCGGGAGGCTGAGGCAGGAGAATTGCTTGAACCCGGGAGGCAGAGGTTGCAGTGAGCTAAGACCATGCCATTACACTCCAGCCTGGGTGACAGAGCGAGACTCCGCCTCAAAAAAAAAAAAAAAAAAA"
"chr1","13374380","13374683","chr1","13443944","13444251","9","69564","GGCTGGGCACCGTGGCTCATGCCTATAATCCCAGCACTTTGGGAGGCCTAGGTGGGCAGATCACGAGGTCAGGTGTTCGAGACCAGCCTGGCCAACATGGTGAAACCCTGTCTCTACTAAAAATACAAAAATTAGCCGGGCATGGTGGCGGGCACCTGTAATCCCAGCTACTCAGGAGACTGAGGCAGGAGAATTGCTCAAACCCAGGAGGCAGAGGTTGCAATGAGCCGAGACCGCATCATTGCACTCCAGCCTGGGTGACGGAGCAAGACTCCATCTCAGAAAAGAAAAAAAAAAAAGAAAA","GGCTGGGCACCGTGGCTCATGCCTATAATCCCAGCACTTTGGGAGGCCTAGGTGGGAAGATCACGAGGTCAGTTGTTCGAGACCAGCCTGGCCAACATGGTGAAACCCTGTCTCTACTAAAAATACAAAAATTAGCCGGGCATGGTGGCGGGCACCTGTAATCCCAGCTACTCAGGAGACTGAGGCACGAGAATTGCTCAAACCCAGGAGGCGGAGGTTGCAATGAGCCGAGACCGCATCATTGCACTCCAGCCTGGGTGACGGAGCAAGACTCCATCTCAGAAAAAAAAAAAAAAAAGAAAAGAAAA"
"chr1","13386739","13387043","chr1","13456934","13457239","7","70195","GGCTGGGCACGGTGCTCACACCTGTAATCCCAGCACTTTGGGAGACCGAGGTGGGCCGATCACAAAGTCAGGAGTTCGAGACAAGCCTGGCCAACATGGTGAAACCCCATCTCTACTAAAAATACAAAAATTAGCCAGGTGTGGTGACAGGTGCCTGTAATCCCAGTACTCGGGACGCTGAGGCAGGAGAATCGCTTGAACCTGGGAGGTGGAGGTTGCAGTGAGCTGAGATTGTGCCATTGCCCCGCAGCCAGGGCAATAGAATGACGCTCCATCTCAAAAAAAAAAAAAAAAAAAAAAAAGAA","GGCTGGGCACGGTAGCTCACACCTGTAATCCCAGCACTTTGGGAGACCGAGGTGGGCCGATCACAAAGTCAGGAGTTCGAGACAAGCCTGGCCAACATGGTGAAACCCCATCTCTACTAAAAATACAAAAATTAGCCAGGTGTGGTGACAGGTGCCTGTAATCCCAGTACTCGGGACGCTGAGGCAGGAGAATCACTTGAACCTGGGAGGTGGAGGTTGCAGTGAGCCGAGATTGTGCCATTGCCCCGCAGCCAGAACAACAGAATGACGCTCCATCTCAAAAAAAAAAAAAAAAAAAAAAAAAAA"
"chr1","13398492","13398793","chr1","13468935","13469239","8","70443","GGCCGGGCATGGTGGCTCACGCCTGTAATCCAGTACTTTGGGAGGCCGAAGAGGGCAGATCACGAGATCAGGAGTTCGAGAGCAGCCAGGTCAACATAGTGAAACCCCACCTCTACTAAAAATACAAAAATTAGCCAGGCTTGGTGGTATGTGCCTGTAGTTCCAGCTACTCGGAAGGCTTAGGCAGGAGAATTGCCTCAACTTGGGAGGCGGAGGTTACAGTGAGCCAAGATCACGCCACTGCACTCCAGCCAGGGCGACAGAGGGAGACTCTGTCTCAAAAAAAAAAAAAAAAAAAAGAA","GGCCGGGCATGGTGGCTCACGCCTGTAATCCAGTACTTTGGGAGGCCGAAGAGGGCAGATCACGAGATCAGGAGTTCGAGAGCAGCCAGGTCAACATAGTGAAACCCCACCTCTACTAAAAATACAAAAATTAGCCAGGCGTGGTTGTATGTGCCTGTAGTTCCAGCTACTCGGAAGGGTTAGGCAGGAGAATTGCCTCAACTTGGGAGGCGGAGGTTACAGTGAGCCAAGATCATGCCACTGCACTCCAGCCAGGGCGACAGAGGGAGACTCTGTCTCAAATTAAAAAAAAAAAAAAAAAAAAA"
"chr1","13409364","13409550","chr3","53909801","53909990","22","40500437","GGCCGGGTGCGGTGGCCCACACCTGTAATCCCAGCACTGTGGGAGGCCAAGGTGGGTGGATCATGAGGTCAGGAGTTCGAGACCAGCCTGACCAACATGGTGAAACCTGGTCTTTACTAAAAATACAAAAATTAGCTGGGCTTGGTGGCATGTGCCTGTAATCGCAGCTACTCAGGAGGCTGAGGCA","GGCTGGGTGCGGTGGCTCACACCTGTAATCCCAGCACTTTGGGAGGCTGAGGCGGGTGGATCATAAGGTCAGGAGTTCGAGACCAGACTGACCAACATGGTGAAACCCCGTCTCTACTAAAAATACAAAAATTAGCCGGGTGTGGTAGCGTGCGCCTGTAATCCCAGCTACTGAGGAGGCTGAGGCTGGA"
"chr1","13445361","13445668","chr1","13517364","13517672","4","72003","GCCGAGCATGGTGGCTCACGCCTGTTAACCCCAGAACTTTGGGAGACCGAGGCAGGCAGATCACGAGGTCAGGAGTTTGAGACCAGCCTAGCCAATATGGTGAAATCCCATTTCTACTACAAATACAAAAATTAGCCAGGTGCAGTGGCGCGCCTGTAATTCCGGCTACTCGGTAGGCTGAGGCAGAGAATTGCTTGAACCTGGGTGGTGGAGGTTGCAGTGAGCCGAGATGGCGCCACTGCATTCCAGCCTGGGCGACAGAGAGAGATTCCGTCTCAAAAAAAAGAAAAGGAAAACTAAAAAGAAAA","GCCGAGCATGGTGGCTCACGCCTGTTAACCCCAGAACTTTGGGAGACCGAGGCAGGCAGATCACGAGGTCAGGAGTTTGAGACCAGCCTACCCAATATGGTGAAATCCCATTTCTACTACAAATACAAAAATTAGCCAGGTGCGGTGGCGCGCCTGTAATTCCGGCTACTCGGTAGGCTGAGGCAGAGAATTGCTTGAACCTGGGTGGTGGAGGTTGCAGTGAGCCGAGATGGCGCCACTGCATTCCAGCCTGGGCGACAGAGAGAGATTCCGTCTCAAAAAAAAAAAAAAGGAAAACTAAAAAGAAAA"
"chr1","13471642","13471949","chr3","52815894","52816201","31","39344252","GCCGGGTGCAGTGGCTCATGCCTGTAATCCCAGCACTTTGGGAGGCTGAGGCAGGAAGATCATGAGGTCAGGAGATTGAGACCATCCTGGCCAACATGGTGAAACCCCGTCTCTACTAAAAATACAAAAATTAGCTGGGTGTGGTGGCGCATGCCTGTAATCCCAGCTACTCAGGAGGCTGAGGCACGAGAATTGCTTGAACCCAGGAGGTGGAGGTTGCAGTGAGCCGAGATCGTGCCACTGCACTCCAGCCCAGGTGACAGAGCGAGACTATGTCTCAAAAAATAAAAAATAAAAAAAAAAAAAAA","GCTGGGCGCGGTGGCTCATGCCTGTAATCCCAGCACTTTGGGAGGCCGAGGTGGCGGATCATGAGGTCAGGAGTTTGAGACCAGCCTGACCAACATGGTGAAACCCTGTCTCTACTAAAAATACAAAAATTAGCCGGGCGTGGTGGGGCGCGCCTGTAATCCCAGCTACTCAGGAGACTGAGGCAGGAGAATTGCTTGAACCCAGGAGGCGGAGGTTGCAGTGAGCCGAGTATGAGCCACTGCACTCCAGCCAGGGTGACAGAGCGAGGCTCTGTCTCAAAAAAAAAAAACAAAAAACAAAAAAAGAA"
"chr1","13488267","13488568","chr1","13559528","13559835","13","71261","GCCAGTCACGGTGGCTCAGGCCTGAAATCCCAGCACTTTCGGAGGCCGAGGTGGGTGGATCATGAGGTCAGGAGTTCAAGACCAGCCTGGCCAACATGGTGAAACCCCATCTCTACTAAAAATACAAAAATTAGCCAGGCATGGTGGCAAGTGCCTGTAATTCCAGCTGCTCAGGAGGCTGAGGCGGGAGAATTGCTTGAACCCAGGAGGCGGAGGTTGCAGTGAGCCGAGATCCCACCACCACTATACTCCAGCCTGGGCGACAGAGCAGGACTCTGTCTCAGACAAAAAAAAAAAAAAAA","GCCAGGCACGGTGGCTCACGCCTGAAATCCCAGCACTTTCGGAGGCCGAGGCGGGTGGATCATGAGGTCAGGAGTTCAAGACCAGCCTGGCCAACATGGTGAAACCCCATCTCTACTAAAAATACAAAAATGAGCGAGGCATGGTGGCAAGTGCCTGTAATTCCAGCTGCTCAGGAGGCTGAGGCAGGAGAATTGCTTGAACCCGGGAGGCGGAGGTTGCAGTGAGCCGAGATCCCACCACCACTATACTCCAGCCTGGGCGACAGAGCAGGACTCTGTCTCAGACAAAAAAAAAAAAAAAAAAAAAA"
"chr1","13493783","13494075","chr1","13565056","13565348","2","71273","GGCTGGGCATGGTGGCTCACACCTGTAATCCCAGCACTTTGGGAGGCTGAGGTGAGTAGACCACAAGGTCAGGAGTTTGAGACCAACCTGCCCAATATGGTGAAACCCCATCTCTACTAAAAATACCAAAATTAGCTGGGTGTGCTGGCGTGCACCTGTAATCTCAGCTACTCGGGAAGCTGAGGCAGGAGAATCACTTGAACCCAGGAGGCGGAGGTTGCGGTGAGCCAAGATCGCACCACTGCACTCCAGCCTGGGCAAGAGAGGGAGACTCTGTCTCAAAAACAAAAGAA","GGCTGGGCATGGTGGCTCACACCTGTAATCCCAGCACTTTGGGAGGCTGAGGTGGGTAGACCACAAGGTCAGGAGTTTGAGACCAACCTGCCCAATATGGTGAAACCCCATCTCTACTAAAAATACCAAAATTAGCTGGGTGTGCTGGCGTGCACCTGTAATCTCAGCTACTCGGGAAGCTGAGGCAGGAGAATCACTTGAACCCAGGAGGCGGAGGTTGCGGTGAGCCAAGATCGCACCACTGCACTCCAGCCTGGGCAAGAGAGGGAGACTCTGTCTCAAAAAAAAAAGAA"
"chr1","13498350","13498652","chr1","13570513","13570814","4","72163","GGCCAGGCACAGTGGCTCACACTTGTAATCTCAGCACTTTGGGAGGCTGAGGCAGGGGGAATCACAAGGTCAGGAGTTCAAGACCAGCCTGAGCAACATGGTGAAACCACATCTCTACTAAAAATACAAAAATTACCCAGGCGTGGTGGTGCATGCCTGTAGTCCCAGCTACTCAGGAGGCTGAGGCAGGAGAATCGCTTGAACCTGGGAGGCGGAGGTTGCAGTAAGCCAAAATTGCGCCACTGCACTCCAGCCTGAGTGACAGAGCGAGACTCTGTCTCAAAAAACAAAACAAAATAAAAA","GGCCAGGCACAGTGGCTCACACTTGTAATCTCAGCACTTTGGGAGGCTGAGGCAGGCGGATCACAAGGTCAGGAGTTCAAGACCAGCCTGAGCAACATGGTGAAACCACATCTCTACTAAAAATACAAAAATTACCCAGGCATGGTGGTGCATGCCTGTAGTCCCAGCTACTCAGGAGGCTGAGGCAGGAGAATCGCTTGAACCTGGGAGGCGGAGGTTGCAGTAAGCCAAAATTGCGCCACTGCACTCTAGCCTGAGTGACAGAGCGAGACTCTGTCTCAAAAAACAAAACAAAATAAAAA"
"chr1","13532046","13532331","chr1","13605804","13606087","6","73758","GGTGGCTCACGCCTGTAATCCTAGCACATTGGGAGGCCGAGGCAGGCAGATCATGAGGTCAGGAATTTGAGACCAACCTGGTGAAACCCCGTCTCTACTAAAAATACAAAAATTAGCTAGGTGTGGTGGCCTGTGCTTGTAATCCTAGCTACTCCAGAGGCTGAGGAAGGAGAATCGCTTAAACCTCGGGGGTGGAGGTTGCAGTGAGCGCCAAGACGGTGTCACTGCACTCCAGCCTGAGCCACAGAGCAAGACTCCGTCTTGAAAAAAATAATAATAATAATAA","GGTGGCTCACGCCTGTAATCCTAGCACTTTGGGAGGCCGAGGCAGGCAGATCATGAGGTCAGGAATTTGAGACCAACCTGGTGAAACCCCGTCTCTACTAAAAATACAAAAATTAGCTAGGTGTGGTGGCGTGTGCTTGTAATCCTAGCTACTCCAGAGGCTGAGGCAGGAGAATCGCTTAAACCTCGGGGGTGGAGGTTGCAGTGAGCCAAGACGGTGTCACTGCACTCCAGCCTGAGCCACAGAGCAAGACTCCGTCTTGAAAAAAATAATAATAAGAATAA"
"chr1","13548609","13548909","chr1","13622364","13622664","7","73755","GGCCAGGCGCGGTAGCTCACAACTGTAATCTCAGCACTTTGGGAGGCCAAGGAGGGTGGATCATAAGGTCAGGAGTTCGAGACCAGCCTGGCCAACATGGTGAAACCCCATCTCTACTAAACATACAAAAATTAGCCAGGTGTGGTGGCACGCGTCTGCAATCCCAGCTACTCGGGAGGCTGAGGCAGGAGAATCGCTTGAACCCGGGAGGCAGAGGTTGCAGTGAGCCGAGATCGTGCCATTGCACTCCAGCCTGGGTGACAAGAGCAAGACTCCATCTCAAAAAGAAAAAAAAAAAAAA","GGCCAGGCGCGGTAGCTCACAACTGTAATCTCAGCATTTTGGGAGGCCAAGGAGGGCGGATCATAAGGTCAGGAGTTCGAGACCAGCCTGGCCAACATGGTGAAACCCCATCTCTACTAAACATACAAAAATTAGCCGGGCGTGGTGGCACGCATCTGCAATCCCAGCTACTCGGGAGGCTGAGGCAGGAGAATCGCTTGAACCCGGGAGGCAGAGGTTGCAGTGAGCCGAGATCGTGCCATTGCACTCCAGCCTGGGTGACAAGAGCAAGACTCCGTCTCAAAAAAAAAAAAAAAAAAAA"
"chr1","13590942","13591229","chr1","13667481","13667777","11","76539","GGTGGCTCACGCCTGTAATCCCAGAACTTTGGGAGGCTGAGGTGGGCGGATCACGAGGTCAGGAGTTCGAGACCATCCTGACCAACATGATGAAACCCCGTCTCTATTGAAAATACAAAGATTAGCCAGGCGTGGTGGCACGTGCCTGTAATCCCAGCTACTCAGGAGACGGAGGCAGGAGAATCGCTTGAACCCGGGAGGCAGAGGTTGCAGTGAGCCAAGATCGCGCCATTGCACTCCAGCCTGGGCAACAGAGCGAGACTCCATCTGAAAAAAAAAGAAAAGAAA","GCTGGACATGGTGGCTCACGCCTGTAATCTCAGCACTTTGGGAGGCTGAGGTGGGCGGATCACGAGGTCAGGAGTTCGAGACCATCCTGACCAACATGATGAAACCCCGTCTCTATTGAAAATACAAAGATTAGCCAGGCGTGGTGGCACGTGCCTGTAATCCCAGCTACTCAGGAGACGGAGGCAGGAGAATCGCTTGAACCCGGGAGGCAGAGGTTGCAGTGAGCCAAGATCGCGCCATTGCACTCCAGCCTGGGCAACAGAGCGAGACTCCATCTGAAAAAAAAAGAAAAGAAA"
"chr1","13630615","13630890","chr1","13706690","13706967","3","76075","GCGGGACGTGGTGGCCCACTGCTGTAATCCCAACACTTTGGGCGGCCAAGGTCAGGAGTTCAAGACCAGCCTGACCAACATGGTGAAACCCCTTCTCTACTAAAAATACAAAAATTAGCCAGGCGTGGTGGAGCATGCTTGTAATCCCAGCTACTTAGGAGGCTGAGGCAGGAGAACTGCTTGAACCCAGGAGGTGGAGGTTGCAGTGAGCTGAGATCACGCCACTGCACTCCAGCCTGGGTGACAGAGCAAGACTCTGTCTCAAAAAAAAAAAAA","GCGGGACGTGGTGGCCCACTGCTGTAATCCCAACACTTTGGGCGGCCAAGGTCAGGAGTTCAAGACCAGCCTGACCAACATGGTGAAACCCCTTCTCTACTAAAAATACAAAAATTAGCCAGGCGTGGTGGAGCATGCTTGTAATCCCAGCTACTTAGGAGGCTGAGGCAGGAGAACTGCTTGAACCCAGGAGGCGGAGGTTGCAGTGAGCTGAGATCACGCCACTGCACTCCAGCCTGGGTGACAGAGCAAGACTCTGTCTCAAAAAAAAAAAAAAA"
"chr1","13652560","13652863","chr2B","174881063","174881368","37","161228503","GGGCGTGGTGGCTCACGCCTGTAATCCCAGCACTTTGGGAGGCTGAGGAAGGCGGATCACAAGGTCAGGAGTTCAAGACCAGCCTGGCCAATATGGTGAAACTCTGTTTCTACTAAAAACACAAAAATTAGCTGGGCGGGGTGATGGGCGCCTGTTATCCCAGCTACTCGGGAGGTTGAGGCAGGAGAATTGCTTGAACCCAGGAGGCAAAGGTTGCGGTGAGCTGAGATTGCGCCATTGCACTCCAGCCTGGGTGACAGAGTGAGACTCCTACTCAAAAAATAAAATAAAATAAAAAAAGAAA","GGCCGGGCGTGGTGGCTCACGCCTGTAAACCCAGCACTTTGGGAGGCCGAGGCGGGCGGATCTCAAGGCCAGGGGTTCAAGACCAGCCTGACCAACATGGTGAAACCCTGTCTCTACTAAAAATACCAAAATTAGCTAGGCGTGGTGGTGTGCACCTGTAATCCCAGCTACTCAGGAGGCTGAGGCAGGAGAATCGCTTGAACCCAGGAGGCAGAGGTTGCAGTGAACTGAGATTGCGCCATTGCACTCCAGCCTAGGTGACAGGGTGAGACTCCGTCTCAAAAAAAAAAAAAAAAAAAAAAAAAA"
"chr1","13663396","13663691","chr1","13738295","13738591","3","74899","GCCTGTAATCCCAGCACTTTGGGAGGCTGAGGCGGGCAGATCACAAGGTTAGGAGTTCGAGACCAGCCTGACCAAAGAGACCAGCCTGGCCAACATGGTGAAACCCTGTCCCTACTATAAATGCAAAAATTAGCCAGGCATGGTGGTGGGTGCCTGTAACCCCAGCTACTCAGGAGGCTGAGGCAGAATTGCTTGAACCCAGGAGGTGGAAGTTGCAGTGAGGTGAGATTGCACCATTGCACTCCAGCCTGGGCAACAGAGCGAGAATCCAACTCAAACAAAACAAAACAAAAAAA","CGCCTGTAATCCCAGCACTTTGGGAGGCTGAGGCGGGCAGATCACAAGGTTAGGAGTTCGAGACCAGCCTGACCAAAGAGACCAGCCTGGCCAACATGGTGAAACCCTGTCCCTACTATAAATGCAAAAATTAGCCAGGCATGGTGGTGGGTGCCTGTAACCCCAGCTACTCAGGAGGCTGAGGCAGAATTGCTTGAACCCGGGAGGTGGAAGTTGCAGTGAGGTGAGATTGCACCACTGCACTCCAGCCTGGGCAACAGAGCGAGAATCCAACTCAAACAAAACAAAACAAAAAAA"
"chr1","13668008","13668316","chr6","30913940","30914242","36","17245932","GTCGGGCGCAGTGGCTCACTCCTATAATCCCAGCACTTTGGGAGGCTGAAGCGGGTGGATCACCAGGTCAGGAGTTAGAGACCAGCCTAACCAACATGGTGAAACCCTGTCTCTACTAAAAATACAAAAATTAGCCAGGTGTGGTGGTGTGTGCCTGTAGTCCCAGCTACTTGGGAGGCTGAGGCAGGAGAATCACTTGAACCCGGGAGGTGGAAATTGCAGTGAGCTGAGATCATGCCACTGCATTCCAGCCTGGGTGATGGAGCGAGACTCTGTCTCAAAAAAACAAAATAAAACAAAACAGAAAAA","GGCCAATCGCAGTGGCTCACGCCTGTAATCCCAGCACTTTGGGAGGCTGAGGCGGGCGGATCAAAAGGTCAGGAGTTCAAGACCAGGCTGGCCAACATGGCGAAACCCTGTGTCTACTAAAAATACAAAAATTAGCCAGGCGTGGTGGTGGGCGCCTGTAGTCCCAGCTACTTGGGAGGCTGAGGCAGGAGAATCACTTGAACTCGGGAGGTGGAGGTTGCAGTGAGCTGAGATCATGCCACTGCACTCCAACCTGGGTGATGGAGCAAGACTCTGTCTCAAAAAGAAAAAAAAAAAAGTAAA"
"chr1","13705702","13706005","chr1","13779408","13779711","3","73706","GGCCAGGCGTGGTGGCTCATGCCTGTAATCCCAGCACTTTGGGAGGCCGAGGCTGGTGGATCACGAGGTCAGGAGTTCGAGACCAGCCTGGCCAACATGGTGAAACCCCATCTCTACTAAAAACGCAAAAATTAGCCGGGTGTGATGGTGGGCACCTGTAATCCCAGCTACTTGGGAGGCTGAGGCAGAAGAATCGCTTGAACCTGGGAGGCGGAGGTTGCAGTGAGTCGAGATCGCGCCACTGCACTCCAGCCTGGGAGACAGAGCGAGACTCCGTCTCAAAAAAAAAAAAAAAAAAAAAAAA","GGCCAGGCGTGGTGGCTCATGCCTGTAATCCCAGCACTTTGGGAGGCCGAGGCTGGTGGATCACGAGGTCAGGAGTTCGAGACCAGCCTGCCCAACATGGTGAAACCCCATCTCTACTAAAAATGCAAAAATTAGCCGGGTGTGATGGTGGGCACCTGTAATCCCAGCTACTTGGGAGGCTGAGGCAGAAGAATCGCTTGAACCTGGGAGGCGGAGGTTGCAGTGAGTCGAGATCGCGCCACTGCACTCCAGCCTGGGAGACAGAGCGAGACTCTGTCTCAAAAAAAAAAAAAAAAAAAAAAAA"
"chr1","13765465","13765764","chr1","13838456","13838756","5","72991","GGCCAGGTGCGGTGGCTCACGCCTGTAATCCCAACACTTTGGGAGGCCGAGGCAGGCAGAACACGAGGTCAGGAGCTCGAGACCAGACTGACCAACACGGTGAAATCCCATCTCTACTAAAAATACAAAAATTAGCCAGGCGCGGTACCACCGCGCCTGTAATTCCAGCTACTCAGGAGGCTGAGACAGGATAATCGCTTGAACCCAGGAGGCGGAGGCTGCAGTGAGCCTAGATCCCGCCACTGCACTCCAGCCTGGGTGACAGAGCGAGACTCCATCTCAAAAAAAAAAACAAAAGAA","GGCCAGGTGCGGTGGCTCACGCCTGTAATCCCAACACTTTGGGAGGCCGAAGAAAGGCAGAACACGAGGTCAGGAGCGCGAGACCAGACTGACCAACACGGTGAAATCCCATCTCTACTAAAAATACAAAAATTAGCCAGGCGCGGTACCACCGCGCCTGTAATTCCAGCTACTCAGGAGGCTGAGACAGGATAATCGCTTGAACCCAGGAGGCAGAGGCTGCAGTGAGCCTAGATCCCGCCACTGCACTCCAGCCTGGGTGACAGAGCGAGACTCCATCTCAAAAAAAAAAACAAAAGAA"
"chr1","14036794","14037076","chr1","14118590","14118870","7","81796","GCTGGGTGCAGTGGCTCATGCCTGTAATCCCAGCACTTTGGGAGGCTGAGGCGGGCAGATCACAAGGTCAGGAGTTTGAGACCAGCCTGACCAATACAGTGAAACCCCGTCTCTACTAAAAATACAAAAATTAGCTGGGCGTGGTGGTGCACGCCTGTAATCCCAGCTACTCGGGAGGCTGAGGCAGGAGAATTGCTTGAACCTGGGAGGCGGAGGTTGCAGTGAGCCGAGATTGCACCACTGCACTCCAGCCTGGGCGACAGAGCGAGACTCCATCTCAAAA","GCTGGGCGCAATGGCTCATGCCTGTAATCCCAGCACTTTGGGAGGCTGAGGCGGGCAGATCACAAGGTCAGGAGTTTGAGACCAGCCTGACCAATACAGTGAAACCCCGTCTCTACTAAAAATACAAAAATTAGCTGGGCGTGGTGGTGCACGCCTGTAATCCCAGCCACTCGGGAGGCTGAGGCAGGAGAATTGCTTGAACCTGGGAGGCGGAGGTTGCAGTGAGCCGAGATTGCACCACTGCACTCCAGCCTGGGCGACAGAACGAGACTCCGTCTCAA"
"chr1","14057126","14057431","chr17","5149062","5149366","33","8908064","GCTGGGCATGGTGGCTCACGCCTATAATCCCAGCACTTTGGGAGGCCGAGGAGGGAGGATTATGAGGTCAGGAGTTCGAGACCAGCCTGACCAATATGGTGAAACCCCGTCTCTACTAAAAATATAAAAATTAGCCCGGTGTGGTGGTAAGCACCTGTAATCCCAGCTACTCAGGAGGCTGAAGCAGGAGAATCACTTGAACCTGGGAGCCAGAGATTGCAGTGAGCTGAGATTGCACCACTGTACTCCAGCCTAGAAAACAGAGTGAGACTCCGTCTCAAAAAAAAAAAACAAACAAACAAAAAA","GGCTGGGCGAGGGGGCTCACGCCTCTAATCCCAGCACTTTGGGAGGCCGAGGCGGGTGGATCATGAGGTCAGGAGTTTGAGACCAGCCTGACCAACATGGTGAAACCCCCTCTCTACAAAAAATACAAAAATTAGCCGGGTGTGGAGGCACACACCTGTAATCCCAGCTACTCAGGAGGCTGAGGCAGGAGAATCACTTGAACCCGGGAGGCAAAGGTTGCAGTGAGCTGAGATTGCACCACTGCACTCCAGCCTGGGCGACAGAGCGAGACTCCGTCTCAGAAAAAAAAAAAAAAAAAAAAAAA"
"chr1","14090833","14091133","chr1","14177554","14177850","9","86721","GCCGGGTGCGGTGGCTCAGGCCTGTAATCCCAGCACTTTGGGAGGCCGCGGTGGGTGGATCAAGAGGTCAGGTGTTCGAGACCAGCCTGGCCAACATGGTGAAACCCTGTGTCTACTAAAAATACAAAAATTAGCTGGGCATGGTGGCACATGCCTGTAATCCCAGCTACTCAGGAGGCTGAGGCAGGAGAATTGCTTGAACCCAGGAGGCAGAGGTTGCAGTGAGCTGAGATCATGTCACTGCACTCCAGCCTGGGTGACAGAGTGAGACTCTGTCAAAAAAAAAAAAAAAAAAAAAAAA","GCCAGGTGCGGTGGCTCAGGCCTGTAATCCCAGCACTTTGGGAGGCCGAGGTGGGTGGATCAAGAGGTCAGGTGTTCGAGACCAGCCTGGCCAACATGGTGAAACCCTGTCTCTACTAAAAATACAAAAATTAGCTGGGCACGGTGGCGCATGCCTGTAATCCCAGCTACTCAGGAGGCTGAGGCAGGAGAATTGCTTGAACCCAGGAGGCAGAGGTTGCAGTGAGCTGAGATCATGTCACTGCACTCCAGCCTGGGTGACAGAGTGAGACTCTGTCAAAAAAAAAAAAAAAAAAAA"
"chr1","14254841","14255149","chr1","14342271","14342579","1","87430","GGCTGGACACGGTGGCTCATGCCTGTAATCCCAGCACTTTGGGAGGCTGAGGCGGGTGGATCAGGAGGTCAGGAGTTCGAGACCAGCCTGACCAACATGGTGAAACCCCGTCTCTACTAAAAATACAAAAATTAGCCAGGTGTGGTGGCATGTGCCTGTAATCCCACCTACTCAGGAGGCTGAGGCAGGAGAATTGCTTGAACCGGGAGGCAGAGGTTGCAGTGAGCTGAGATTGCGCCACTGCACTCCAGTCTGGGCAACAGACCAAGACTCTGTCTCAAAAAAAAAAAAAAAAAAAAAGAAGAAGAA","GGCTGGACACGGTGGCTCATGCCTGTAATCCCAGCACTTTGGGAGGCTGAGGCGGGTGGATCAGGAGGTCAGGAGTTCGAGACCAGCCTGACCAACATGGTGAAACCCCGTCTCTACTAAAAATACAAAAATTAGCCAGGTGTGGTGGCATGTGCCTGTAATCCCACCTACTCAGGAGGCTGAGGCAGGAGAATTGCTTGAACCGGGAGGCAGAGGTTGCAGTGAGCTGAGATTGCGCCACTGCACTCCAGTCTGGGCAACAGACCAAGACTCTGTCTCAAAAAAAAAAAAAAAAAAAAAAAAGAAGAA"
"chr1","14366951","14367243","chr1","14455311","14455601","10","88360","GCCGGGCACAGTGGCTCATGCCTGTAATCCCAGCACTCTGGGAGGCCGAGGCAGGCAGATCACGAGGTCAGGAGTTCAAGACTAGCCTGGCCAACATGGTGAAACCCTGTCTCTACTAAAATACAAAAATTAGCGAGGCGTGGTGGCACGCGCCTGTAATCCCAGCTACTTGGGAGGCTGAGGCAGGAGAACTGCTTGAACACAGGAGGCGGAGGTTGCAGTGAACTAAGATCACACCACTGCACTCCAGCCGAGGTGACAGAGCAAGACTCTTGTCTCCAAAAAAAGAAAAA","GCCGGGCACAGTGGCTCATGCCTGTAATCCCAGCACTTTGGGAGGCCGAGGCAGGCAGATCACGAGGTCAGGAGTTCAAGAGCAGCCTGGCCAACATGGTGAAACCCTGTCTCTACTAAAATACAAAAATTAGCGAGGCGTGGTGGCATGCGCCTGTAATCCCAGCTACTTGGGAGGCTGAGGCAGGAGAATTGCTTGAACGCAGGAGGCGGAGGTTGCAGTGAACTAAGAGCACACCACTGCACTCCAGCCGAGGTGACAGAGCAAGACTCTGTCTCCAAAAACAAAAAA"
"chr1","14395891","14396184","chr1","14489244","14489551","24","93353","GGGCTAGGTGGCTCATGCCTGTAATCCCAGCACTTTGGGAGGCCGAGGCAGGTAGATCACGAGGTCAGACGCTCGAGACCAGCCTGACCACCATGGTAAAACCCCCATCTCTACAAAAAATACAAAAATTAGCCTGGCATAGTGGCGCGCCCCTGTAATCCCAGCCACTCAGGAGGCTGAGGCAAGAGAATCGCTTGAACCCGGGAGGCAAAGGTTGCAGTGAGCCGAGACCGCACCACTGCTCTCCAGCCTGAGCGACAAGAGCAAGACTCCGTCTCAAAAAAAAAAAAAAAA","GGGCTAGGTGGCTCATGCCTGTAATCCCAGCACTTTGGGAGGCCGAGGCGGGTAGATCACGAGGTCAGACGTTTGAGACCAGCCTGACCAATATGGTGAAACCCCCATCTCTACAAAAAATACAAAAATTAGCCTGGCGTGGTGGCACGCCCCTGTAATCCCAGCCACTCAGGAGGCTGAGGCAAGAGAATCACTTGAACCCGGGAGGCAAAGGTTGCAGTGAGCCGAGACCGCACCACTGCTCTCCAGCCTGAGCGACAAGAGCAAGACTCCGTCTCAAAAACAAACAAAACAAAAAACAAAAAAAA"
"chr1","14485619","14485911","chr1","14584752","14585042","8","99133","GCGTGGTGGCTCACACCTGTAATCCCAGCACGTCGGGAGGCTGAGGCGGGTGGATCACAAGGTCAGGAGTAAAAGACCAGCCTGACCAACATGGTGAAACCCTGTCTCCACTAAAAATACAAAAATTAGCCGGGCATGCTGGTGCGTGCCTGTAGTCCCGGCTACTTAGGAGGCTGAGGCAGGAGAATCACTTGAACCCCAGAGGCGGAGGTTGCAGTGAACCAAGATCACACCACTGCACTCCAGCCTGGGCGACAGAGCGAGACTCCATCTCAAAAAAAAAAAAAAAAAAA","GCGTGGTGGCTCACACCTGTAATCCCAGCACTTTGGGAGGCTGAGGCGGGTGGATCACAAGGTCAGGAGTAAAAGACCAGCCTGACCAACATGGTGAAACCCTGTCTCTACTAAAAATACAAAAATTAGCCTGGCATGCTGGTGCGTGCCTGTAGTCCCAGCTACTTAGGAGGCTGAGGCAGGAGAATCACTTGAACCCCAGAGGCGGAGGTTGCAGTGAGCCAAGATCACACCACTGCACTCCAGCCTGGGCGACAGAGCGAGACTCCATCTCAAAAAAAAAAAAAAAAA"
"chr1","14527270","14527565","chr10","86632801","86633098","33","72105531","GCCGGGCGCTGTGGCTTACGCCTGTAATCCCAGCACTTTGGGAGGCTGAGGTAGCCAGATCACAAGGTCAAGAGTTCGAGACCAGCCTGGCCAACATGGTGAAACCCCGTCTCTACTAAAAATGCAAAAATTAGCCAGGCGTGGTGGCGGGCACCTGTAATCCCGACTACTTGGGAGTCTGAGGCAGGAGAATCACTTGAACCCAGGAAGTGGGGGTTGCAGTGAGCTGAGACCATGCCATTGCACTCCAGCCTGGGCAACAGAGTGAGACTCTGTCTCCAAAAAAAAAAAAAAAA","GGCCCGGCGCGATGGCTCACGCCTGTAATCCCAGAACTTTGGGAGGCCGAGGTGGGCAGATCACAAGGTCAGGAGTTCGAGACCAGCCCGGCCAATATGGTGAAACCCTGTCTCTACTAAAAATACAAAAATTAGTCAGGCGTGGTGGCGGGCTCCTGTAGTCCCAGCTACTTGGGAGGCTGAGGCAGGAGAATCACTTGAACCCAGGAGGCAGAGGTTGCAGTGAGCCGAGATCGTGCCACTGCACTCCAGCCTGGGCAACAGAGCGAGACTCCATCTCAAAAAAAAAAAAAAAAAA"
"chr1","14695511","14695803","chr1","14796238","14796543","16","100727","GGCCGGGCACGGTGGCTCATGCCTGTAATCCCAGCACTTTGGGAGGCCAAGATGGGTGGATCATGAGGTCAGGAGTTCAAGACCAGCCTGGCTAACATGATGAAACCCCATCTCTACTAAAAATACAAAAATTAGCTAGGCATGGTGGTGCACACCTGTAATCCCAGCTACTCGAGAGGCTGAGGCAAGACAATCGCTTGAACCTGGGAGGCAGAGGTTGCAATGAGCCGAGATTGCGCCACTGCACTCCAGCCTGGGTGACAGTGCAAGACTCCATCAAAAAAAAAAAAAAA","GGCCGGGCACGGTGGCTCATGCCTGTAATCCCAGCACTTTGGGAGGCCAAGGTGGGTGGATCATGAGGTCAGGAGTTCAAGACCAGCCTGGCTAACATGGTGAAACCCCATCTCTACTAAAAATACAAAAATTAGCTAGGCATGGTGGTGCACACCTGTAATCCCAGCTACTCGAGAGGCTGAGGCAAGACAATCGCTTGAACCCGGGAGGCAGAGGTTGCAATGAGCCGAGATTGCGCCACTGCACTCCAGCCTGGGTGACAGTGCAAGACTCCATCAGAAAAAAAAAAAAAAAAAAAAAAAAAA"
"chr1","14700250","14700484","chr1","14800978","14801219","13","100728","GATCACGAGGTCAGGAGTTTGAGACCAGCCTGGTCAACATGATGAAACCCTGTCTCTACTAAAAATACAAAAATTAGTTGGCCATGGTGGTGTGCGCCTGTAATCCCAGCTACTCAGGAGACTGAGGAGGAGAATCGCTTGAACCCGGGAGGTGGAGGTTGCAGTGAGCCGAGATCACGCCACTGCACTCCAGCCTGGGCTACAGAACAAGACTCTGTCTTAAAAAAAAAAAAAA","GATCACGAGGTCAGGAGTTTGAGACCAGCCTGATCAACATGACGAAACCCTGTCTCTACTAAAAATACAAAAATTAGTTGGCCATGGTGGTGTGCGCCTGTAATCCCAGCTACTCAGGGGACTGAGAAGGAGAATCGCTTGAACCCAGGAGGTGGAGGTTGCAGTGAGCCGAGATCACGCCACTGCACTCCAGCCTGGGCGACAGAACAAGACTCTGTCTTCAAAAAAAAAAAAAAAAAAAA"
"chr1","14730090","14730381","chr1","14831165","14831465","12","101075","GGCCGGGCACGGTGGCTCACGCCTGTAATCCCAGCACTTTGGGAAGCCGAGGCGGGCGGATTACAAGGTCAGGAGTTCGAGACCAGCCTGACCAACATGGTGAAACCCTGTCTCCACTAAACATACAAAAATTAGCTGGGCATGGTGGCACGTGCCTGTGATCCCAGCTACTCAGGAGGCTGAGGCGGGAGAATCGCTTGAACCCGGGAGGCAGAGGTTTCAGTAAGCCGAGATCGCGCCACTGCACTCCAGCCTGGGCAACAGAGCTAGACTCTGTCACATTTAAAAAAAA","GGCCGGGCACGGTGGCTCACGCCTGTAATCCCAGCACTTTGGGAAGCCGAGGCGGGCGGATTACAAGGTCAGGAGTTCGAGACCAGCCTGACCAACATGGTGAAACCCTGTCTCTACTAAACATACAAAAATTAGCCGGGCATGGTGGCACGTGCCTGTGATCCCAGCTACTCAGGAGGCTGAGGCGGGAGAATCGCTTGAACCCGGGAGGCAGAGGTTTCAGTAAGCCGAGATCGTGCCACTGCACTCCAGCCTGGGCAACAGAGCTAGACTCTGTCACATTTAAAAAAAAAAAAAAAAA"
"chr1","14814219","14814513","chr1","14916981","14917278","9","102762","GGCCAGGCGCAGTGGCTCACGCCTGCAATCCCAGCACTTTGGGAGGCTGAGGTGGGTGGATCACGAGCTCAGGGGTTTGAGACCAGCCTGGCCAACATGGTGAAACCCCGTCTCTACTACAAATACAAAAATTAGCTGTGCTTGGTGGCGTGGGAGATACTCGGGAGGCTGAGGCAGGAGAATCACTTGAACCCGGGGGGCAGAGGTTTCAGGGAGCTGATATGGTGCCACTGCACTCCAGCCTGGAGGACAGAGTGAGAGTCCATCTCAAAAAAGTAATAATAATAATAAAAAA","GGCCAGGCGCGGTGGCTCACGCCTGCAATCCCAGCACTTTGGGAGGCTGAGGTGGGTGGATCACGAGCTCAGGGGTTTGAGACCAGCCTGGCCAACATGGTGAAACCCCGTCTCTACTAAAAATACAAAAATTAGCTGTGCGTGGTGGCATGGGAGATACTCGGGAGGCTGAGGCAGGAGAATCACTTGAACCCGGGGGGCGGAGGTTTCAGGGAGCTGATATGGTGCCACTGCACTCCAGCCTGGAGGACAGAGTGAGAGTCCATCTCAGAAAAGTAATAATAATAATAATAAAAAA"
"chr1","14893092","14893391","chr1","14998252","14998551","5","105160","GTGTGGTGGCTCATGCCTGTAATCCCAGCACTTTGGGAGGCCGAGGCAGGTGGATCATGAGGTCAGGAGTTCGAGACCAACCAGACCAACATGGTGAAACCCTGTCTCTACTAAAAATGCGAAATGTAGCTGGGCGTGGTGGCTCGTGCCTGTAATCCCAGCCACTTGGGAGGCTGAGGCAGAAGAATCTCTGGAGCCCAGGAGGCAGAGGTTTCAGTGAGCAGAGATCGCACCATTGCACTCCAGCCTGGGCAACAGAGCGAGACTTTGTTTCAAAAAAAAAGAAAAAGAAAATAGAAA","GTGTGGTGGCTCATGCCTGTAATCCCAGCACTTTGGGAGGCCGAGGCAGGTGGATCATGAGGTCAGGAGTTCGAGACCAACAAGACCAACATGGTGAAACCCTGTCTCTACTAAAAATGCAAAATGTAGCCGGGCGTGGTGGCTCGTGCCTGTAATCCCAGCCACTTGAGAGGCTGAGGCAGGAGAATCTCTGGAGCCCAGGAGGCAGAGGTTTCAGTGAGCAGAGATCGCACCATTGCACTCCAGCCTGGGCAACAGAGCGAGACTTTGTTTCAAAAAAAAAGAAAAAGAAAATAGAAA"
"chr1","14971116","14971422","chr1","15077611","15077917","11","106495","GGCCGGATGCAATGGCTCATGCTTTTGTAATACCATCACTTTGAGAGGCCAAGGCGGGCGAATCATGAGGTCAGGAGTTTGAGACCAGCCTGACCAACATGGTGAAACACTGTCCTTACTAAAAATACGAAAATTAGCCAGGCATGGTGGCGCGTGCCTGTAATCCCAGCTACTCAGGAGGCTGAGGCAGGAGAATTGCTTGAATCCGGGAGGCAGAGGTTGCGGTGGGCTGAGATTGCGCCGCGGCACGCCAGCCTGGGCGACAGAGCGAGACTGTCTCAAACAAAAAAAGAAAAGAAAAAGAAAA","GGCCGGATGCAGTGGCTCATGCCTGTAATCCCATCACTTTGAGAGGCCAAGGCGGGCGAATCACGAGGTCAGGAGTTTGAGACCAGCCTGACCAACATGGTGAAACCCTGTCCTTACTAAAAATACAAAAATTAGCCAGGCACGGTGGCGCGTGCCTGTAATCCCAGCTACTCAGGAGGCTGAGGCAGGAGAATTGCTTGAATCCGGGAGGCAGAGGTTGCGGTGGGCTGAGATTGCGCCGCGGCACGCCAGCCTGGGCGACAGAGCGAGACTCTGTCTCAAACAAAAAAAGAAAAGAAAAAGAAAA"
"chr1","14979154","14979434","chr1","15085692","15085972","6","106538","GTAATCCCAGCACTTTGGGAGGCCAAGGCGAGCGGATCACGAGGTGAGGAGTTCAAGACCAGCCTGACCAACGTGTGAAACCCCGTCTCTACTAAAAATGCAAAAATCTGCTGGGCATGGTGGTGGGCGCCTGTAATCCCAGCTACTCAGGAGGCTGAGGCAGAAGAATTGCTTGAACCCAGGAGGCAGAGGTTGCAGTGAGCCGAGATCGCACCACTGCATTCCAGCCTGGGTGGCAGAGGGAGACTTCCTCTCAAAAAAAATAAATAAATAAGAACAAA","GTAATCCCAGCACTTTGGGAGGCCAAGGCGAGCGGATCACGAGGTGAGGAGTTCAAGACCAGCCTGACCAACGTGTGAAACCCCGTCTCTACTAAAAATGCAAAATTCGCTTGGGCATGGTGGTGGGCGCCTGTAATCCCAGCTACTCAGGAGGCTGAGGCAGAAGAATTGCTTGAACCCAGGAGGCAGAGGTTGCAGTGAGCCGAGATCGCGCCACTGCATTCCAGCCTGGGTGACAGAGGGAGACTTCCTCTCAAAAAAAATAAATAAATAAGGACAAA"
"chr1","14985723","14986032","chr1","15092248","15092541","22","106525","GCCAGGCACGGTGGCCCATGCTTGTAATCCCAGCACTTTGGGAGGCTGAGGCAGGCGGATCATGAGGTCAAGAGTTCAAGACCAGCCTGGCCAACATAGTGAAACCCTCATCTCTACTAAGAATACAAAAATTAGCTGGGCGTGGTGGCACATGCCTGTAATCCCAGCTACTCACGAGGCTGAGGCCGGAAAATCACTTGAACCCAGGAGGCGGAGGCTGCAGTGAGCCAAGATCACGCCACTGCACTCCAGCCTGGGCGACAGAGCCAGACTCTGTCTCAAAAAAAAAAAAAAAAAAAAAAGGAAAGAA","GCCAGGCACGGTGGCCCATGCTTGTAATCCCAGCACTTTGGGAGGCTGAGGCAGGCGGATCATGAGGTCAAGAGTTCAAGACCAGCCTGGCCAACATAGTGAAATCCTCGTCTCTACTAAGAATACAAAAATTAGCTGGGCATGGTGGCACATGCCTGTAATCCCAGCTACTCACGAGGCTGAGGCCGGAAAATCACTTGAACCCAGGAGGCGGAGGCTGCAGTGAGCCGAGATCACGCCACTGCGCTCCAGCCTGGGCGACAGAGCCAGACTCTGTCTCAGAAAAAAAAAAAA"
"chr1","15015133","15015450","chr17","82181965","82182285","28","67166832","GGCCGGGCCCGGTGGCTCACGCCTATAATCCCAACACTTTGGGAGGCTGAGGCGGGAGGATCACGAGGTCAGGAGATCAAGACCAGCCTGGCCAACATGGCGAAATCCCGTCTCTACTAAAAATACAAAAATTAGCTGGGTGTGGTGGCGGGCGCCTGTAATCCCAGCTACCCAGGAGGCTGAAGCAGAAGAATTGCTTGAACCTGGGAGGCAGAGGTTGCAGTGAGCCGAGATCGCGCCACTGCACTCCAGCCTGGCAACAGAGTGAGACTCCGTCTCAAATAAATAAATAAATAAATAAATAAATAAATAAATAAA","GGCCGGGTGCGGTGGCTCACGCCTGTAATCCCAGCACTTTGGGAGGCCGAGGCAGGTGGATCACGAGGTCAGGGGTTCGAGACCAGCCTGACCAACATGGTGAAACCCCGTCTCTACTAAAAATACAAAAATTAGCTGGGCGTGGTGGCGGGCGCCTGTAATCCCAGCTACTCAGGAGGCTGAGGCAGGAGAATTGCTTGAACCCGGGAGGCAGAGCTTGTGGTGAGCCGAGATCGTGCCACTGCACTCCAGCCTGGACGACAGAGTGAGACTCTGTCTCAGAAAAAATAAATAAATAAATAAATAAATAAATAAATAAAT"
"chr1","15058739","15059044","chr1","15167090","15167388","16","108351","GGCCAGATGCAGTGGCTCACGCCTGTAAGCCCAGCACTTTGGGAGGCTGAGGTGGACAGATCACGAGGTCAGGAGTTCGAGACCAGCCTGGCCAGCATAGTGAAATCCTGTCTCTACTAAAAATACAAAAATTCGCTGGACTTGGTGGTGGCAGATGCCTGTAATCCCAGCTACTCGGGAGGCTGAGGCAGGAGAATCACTTGAACCCGGGAAGCAGAGGTTGTGGCGAGCAAAGAACACACCACTGCACTCCAGCCTGGGCAACAGAGCAAGACCCTGTCTCAAAAATAAATAAATAAATAACAA","GGCCGGATGCAGTGGCTCACGCCTGTAATCCCAGCACTTTGGGAGGCTGAGGTGGACAGATCAGGAGGTCAGGAGTTCGAGACCAGCCTGGCCAGCATAGTGAAACCCCGTCTCTACCAAAAATACAAAAATTCGCTGGACTTGGTGGTGGCAGATGCCTGTAATCCCAGCTACTCGGGAGGCTGAGGCAGGAGAATCGCTTGAACCCGGGAAGCGGAGGTTGTGGCGAGCAAAGAACACACCACTGCACTCCAGCCTGGGCAACAGAGCAAGACTCTGTCTCAAAAATAAATAAATAA"
"chr1","15141373","15141668","chr1","15248003","15248298","7","106630","GGCCGGGTGTGATGGCTCACGCCTGTAATCCCAGTACTTTGGGAGGCCGAGCCTGGCGGATCACAAGGTCAGGAGTTCGAGACAAGCCTGACCAACATGGTGAAACCCCATCTCTACTAATAATACAAAAATTAGCTGGGTGTGATGGCGCGTGCCTGTAGTCCCAGCTACTCAGGAGGCTTCAGCAGGAGAATCGCTGAACCTGGGAAACAGTGGTTGCAGTGAGCCGAGATCGTGCCACTGCACTCCAGCCTGGGCGACAGAGTGAGACTCCATCTCAAAACATAACAAAAAAA","GGCCGGGTGTGATGGCTCACGCCTGTAATCCCAGTACTTTGGGAGGCCGAGCCTGGTGGATCACAAGGTCAGGAGTTCGAGACAAGCCTGACCAACATGGTGAAACCCCATCACTACTAATAATACAAAAATTAGCTGGGTGTGGTGGCGCGTGCCTGTAGTCCCAGCTACTCAGGAGGCTGCCGCAGGAGAATCGCTGAACCCGGGAAACAGTGGTTGCAGTGAGCCGAGATCGTGCCACTGCACTCCAGCCTGGGCGACAGAGCGAGACTCCATCTCAAAACATAACAAAAAAA"
"chr1","15203253","15203560","chr1","15309966","15310272","3","106713","GGCCAGGTGTGGTGGCTCATGTCTATAATCCCAACACCTTGGGAAGCCGATGCGGGTGGATCATGAGGTCAGGAGTTCGAGACCAGCCTGACCAACATGGTGAAACTCTGTCTCTACTGAAAAAAAAAAAATACAAAAATTAGCCGGGAGGGGTGGCGCACGCCTGTAATCCCAGCTACTCGGGAGGCTGAGGCAGGAGAATGGCTTGAACCAGGGAGGCGGAGGTTGCAAGTGAGCCGAGATCACGCCACTGCACTCCAGCCTGGGTGACAGAGCGAGACTCTGTCTCAAAAACAAAAAACAAAAAA","GGCCAGGTGTGGTGGCTCATGTCTATAATCCCAGCACCTTGGGAAGCCGATGCGGGTGGATCATGAGGTCAGGAGTTCGAGACCAGCCTGACCAACATGGTGAAACTCTGTCTCTACTAAAAAAAAAAAATACAAAAATTAGCCGGGAGGGGTGGCGCACGCCTGTAATCCCAGCTACTCGGGAGGCTGAGGCAGAAGAATGGCTTGAACCAGGGAGGCGGAGGTTGCAAGTGAGCCGAGATCACGCCACTGCACTCCAGCCTGGGTGACAGAGCGAGACTCTGTCTCAAAAACAAAAAACAAAAAA"
"chr1","15237969","15238269","chr1","15346775","15347078","8","108806","GGCCAGGCGCGGTGGCTCATGCCTGTAATCCCAGCACTTTGGGAGGCTGACATGGGCAGATCACGACGTCAGGAGTCCGAGACCAGCCTGACCCCTGGTAAAACCCTGTCTCTACTAAAAATATAAAAATTAGACAGGCATGGTGGCGCACACCTGTAACCCCAGCTACTCAGGAGGCTGAGGCAGGAGAATTGCTTGAACCCGGGAGGCAGAAGTTATAGTGAGCCGAGACTGCACCACTGCACTCCAGCCTGGGCAATAGAGTGAGACTCCATCTCAAGGAAAAAAAAAAAAAAAAAAA","GGCCAGGCGCGGTGGCTCATGCCTGTAATCCCAGCACTTTGGGAGGCTGACATGGGCAGATCACGAGGTCAGGAGTCCGAGACCAGCCTGACCCCTGGTAAAACCCTGTCTCTACTAAAAATATAAAAATTAGACAGGCATGGTGGCGCACACCTGTAACCCCAGCTACTCAGAAGGCTGAGGCAGGAGAATTGCTTGAACCCGGGAGGCAGAATTTATAGTGAGCCGAGATTGCACCACTGCACTCCAGCCTAGGCAATAGAGTGAGACTCCATCTCAAGGAAAAAACAAACAAACAAAAAAA"
"chr1","15241953","15242253","chr1","15350737","15351026","18","108784","GGCCGGGTGCAGTGGCTCACGCCTCTAATCCCAGCACTCTGGGAAGCTGAGGCGGGTGGATCACGAGGTCAGGAGATCGAGACCAGCCTGGCCAACATGGTGAAACCCCGTCTCTACTAAAAATACAAAAAGTAGCCGGGCATGGTGGCGTGTGGCTGTAGTCCCAGCTACTCAGGCGGCTGAAGCAGGAGAATCGCTTGAACCCGGGAGGAGGAGGTTGCAGTGAGCCGAGATCGCACCACTGCACTCCAGCCTGGGCAACAGAGCAAGACTCCATCTAAAAAAAAAAAAAAAAAAAAAA","GGGTGCGGTGGCTCACGCCTCTAATCCCAGCACTCTGGGAGGCCGAGGCGGGTGGATCACGAGGTCAGGAGATCGAGACCAGCCTGGCCAACATGGTGAAACCCCGTCTCTACTAAAAATACAAAAAGTAGCCGGGCCTGGTGGCGTGTGGCTGTAGTCCCAGCTACTCAGGAGGCTGAGGCAGGAGAATCGCTTGAACCCGGGAGGAGGAGGTTGCAGTGAGCCGAGATCGCACCACTGAACTCCAGCCTGGGCAACAGAGCAAGACTCCATCTAAAAAAAAAAAAAAA"
"chr1","15293438","15293746","chr1","15402702","15403010","11","109264","GGCCAGGCGCGGTGGCTCATGCCTGTAATCTCAGCACTTTGGGAGGCCAAGGAGGGCGAATCACAAGGTCGGGAGTCTGAGACCAGCCTGACTAACATGGTGAAACCCCATCTCTACTAAAAATACAAAAATTAGCTGGGTGTGGTGGCACGCACCTGTAATCCCAGCTACTCAGGAGGCTGAGGCAGGAGAATCGCTTGAACCCGGGAGGCAGAGGTTGCAGTGAGCTGAGATTGTGCCACTGCACTCCAGCCTGGGCGGACAGAGCAAGATTCTACCTCAAAAAACCAACAAACAAAAAAACAAAAA","GGCCAGGCACGGTGGCTCATGCCTGTAATCTCAGCACTTTGGGAGGCCAAGGAGGGCGAATCACAAGGTCAGGAGTCTGAGATCAGCCTGACTAACATGGTGAAACCCCATCTCTACTAAAAATACAAAAATTAGCTGGGTGTGGTGGCGCGCACCTGTAATCCCAGCTACTCAGGAGGCTGAGGCAGGAGAATCGCTTGAACCCAGGAGGCAGAGGTTGCAGTGAGCTGAGATTGTGCCACTGCACTCCAGCCTGGGTGACAGAGCAAGACTCTACCTCAAAAAACAAACAAAAAAAAAAAACAAAAA"
"chr1","15397851","15398142","chr1","15509459","15509747","10","111608","GGCCTGGCAGGATGGCTCATGCCTGTAATCTCAGCACTTTGGGAGGCCGAGGCAGGCGGATTATAAGATCAGGAGTTTGAGACCAGCCTGGCAAACATAGTGAATACCTGTCTCTACTAAAAATACAAAAATTAGCCAGGTGTGGTGGCACATGCCTGTAGTCCCAGCTACACAGGAGGCTGAGGTGGGAGAATCACTTGAACCTAGGAGGCAGAGGTTGCAGTGAGCCAAGACCACGCCATTGCACGCCAGCCTAACAGAGTGAGACTCTGTCTTTAAAAAAAAAAAAAAA","GGCCTGGCAGGATGGCTCATGCCTGTAATCTCAGCACTTTGGGAGGCCGAGGCAGGCGGATTACAAGATCAGGAGTTTGAGACCAGCCTGGCAAACATAGTGAATCCCTGTCTCTACTAAAAATACAAAAATTAGCCGGGTGTGGTGGCACATGCCTGTAGTCCCAGCTACTCAGGAGGCTGAGGTGGGAGAATCACTTGAACCTAGGAGGCAGAGGTTGCAGTGAGCCGAGACCACGCCATTGCACGCCAGCCTAACAGAGTGAGACTCCGTCTTTTAAAAAAAAAAA"
"chr1","15420535","15420817","chr1","15532727","15533025","22","112192","GGCCAGGTGCGGTGGCTCATGCCTGTAATCCCAGCATTTTGGGAGGCTGAGGCAGGCGGATCACGAGGTCAGGAGTTCGAGACCAGCCTGACCAACATGGTAAAACTCCGTCTCTACTAAAAGTGTAGAAATTAGCCAGGCATGGTGGCACGCACCTGTAATTCCAGCTACTCAGGAAGCTGAGTCAGGAGAATTGCTTGAACCCAGGAGATGGAGGTTGCAGTGAGCTGAGATCATGCCACTGCACTCCAGCCTGGGTGACAAAGTGAGACACTGTCTCAAA","GGCCAGGTGCAGTGGCTCATGCCTGTAATCCCAGCACTTTGGGAGGCTGAGGCAGGCGGATCACGAGGTCAGGAGTTCGAGACCAGCCTGACCAACATGGTAAAACTCCATCTCTACTAAAAGTGTAGAAATTAGCCAGGCATGGTGGCATGCACCTGTAATTCCAGCTACTCAGGAAGCTGAGTCAGGAGAATTGCTTGAACCCAGGAGACGGAGGTTGCAGTGAGCTGAGATCATGCCACTGCACTCCAGCCTGGGCGACAAAGTGAGACACTGTCTCAAAAAATAAATAAATAAAA"
"chr1","15538116","15538420","chr1","15650605","15650909","8","112489","GCTGGGCACGGTGGCTCATACCTGTAATCCCAACACTTTGGGAGGCTGAGGCAGGTGGATCACAAGGTCAGGAGTTCGAGACCAGCCTGGCCAACATGGTGAAACCCCATCTGTACTAAAAATACAAAAATCAGCCAGGAGTGGTGGCGGGTGCCTGTAGTCCCAGCTACTCCGGAGGCTGAGGCAGGAGAATCGCTTGAACCCGGGAAGCAGAGGTTGCAGTGAGCCAAGATCGTGCCACTGCACTCCAGCCTGGGTGACAGAGCGAGACTCTGTCTCAAGAAAAAAAAATAAAAAGAAAAAAA","GCTGGGCACGGTGGCTCATACCTGTAATCCCAACACTTTGGGAGGCCAAGGCAGGTGGATCACGAGGTCAGGAGTTTGAGACCAGCCTGGCCAACATGGTAAAACCCCATCTGTACTAAAAATACAAAAATCAGCCAGGAGTTGTGGCGGGTGCCTGTAGTCCCAGCTACTCCAGAGGCTGAAGCAGGAGAATCGCTTGAACCCGGGAAGCAGAGGTTGCAGTGAGCCAAGATCGTGCCACTGCACTCCAGCCTGGGTGACAGAGCGAGACTCTGTCTCAAGAAAAAAAAATAAAAAGAAAAAAA"
"chr1","15558921","15559237","chr1","15671409","15671720","11","112488","GGCCGGACGTGGTGGCTCACATCTGAAATCCTAGAACTTTGGGAGGCTGAGGTGGGTAGATCACGAGGTCAGGAGTTTGAGACCAGCCTGGCCAACATAGTGAAACCCCGTCTCTGCTAAAAATACAGAAATTAGCCAGGCATGGTGACGTGTGTCTGTAGTCCCAGCTACTTGGAAGGCTGAGGCAAGAGAATCAGTTGAACCTGGGAGACGGAGGTTGCAGTGAGCCGAGATCACGCCACTGCACTTTAGCCTGGGCGACAGAGCGAGACTCCATCTCAAAAACAAAACAAAACCAAACACAAAACAAAACAAAA","GGCCAGACGTGGTGGCTCACATCTGAAATCCTAGAACTTTGGGAGGCTGAGGTGGGTAGATCACGAGGTCAGGAGTTTGAGACCAGCCTGGCCAACATAGTGAAACCCCGTCTCTACTAAAAATACAGAAATTAGCCAGGCATGGTGACGTGTGTCTGTAGTCCCAGCTACTTGGAAGGCTGAGGCAAGAGAATCAGTTGAACCTGGGAGATGGAGGTTGCAGTGAGCCGAGATCACGCCACTGCACTTTGGCCTGGGCGACAGAGTGAGACTCCATCTCAAAAACAAAACCAAACCAAACACAAAACAAAA"
"chr1","15577294","15577589","chr1","15690282","15690574","9","112988","GCCAGGCGCGGTGGCTGACACCCGTAATCCCAGCACTTTGGGAAGCCGAGGTGAGTGGATCACGAGATCAGGAGTTCAAGACCAGCCTGACCAACATGGTGAAACCCCATCTCTACTAAAAATACAAAAATTAGCCGGGCGTAGTGGCATGTGCCTGTAATCTCAGCTACTCAGGAGGCTGAGGCAGGAGAATCGCTTGAACCTGGGAGGCGGAGGTTGCAGTGAGCCGAGATCGCACCACTGCACTCCAGCCTGGGCGACAGAGTGAGACTCCGTCTCAAACAAACAAACAAAAA","GGCCAGGCGCGGTGGCTGACACCTGTAATCCCAGCACTTTGGGAGGCCGAGGTGAGTGGATCACGAGATCAGGAGTTCGAGACCAGCCTGACCAACATGGTGAAACCCCATCTCTACTAAAAATACAAAAATTAGCCGGGCATAGTGGCATGTGCCTGTAATCTCAGCTACTCAGGAGGCTGAGGCAGGAGAATCGCTTGAACCTGGGAGGCGGAGGTTGCAGTGAGCCGAGATCGCACCACTGCACTCCAGCCTGGGCGACAGAGTGAGACTCCGTCTCAAACAAACAAAAA"
"chr1","15590556","15590867","chr1","15704155","15704466","4","113599","GGCCAGGTGCGGTGGCTCACACCTGTAATCCCAGCACTTTGTGAGGCCAAGGCAGGCGGATCACAAGGTCAGGAGTTTGAGACCAACCTTACCAACATGGTGAAATGCTGTCTCTGCTAAAAATACAAAAATTAGCCGGGCATGGTGGTGCACGCCTGTAATCCCACCTACTCAGGAGGCTGAGGCAGGAGAATCACTTGAACCCAGGAGGTGGAGGTTGTAGTGAGACGAGATCGCACCACTGCACTCCAGCCTGGGTGACAGAGTGAGACTCTGTCTCAAAAAAAAAATTAAATAAAATAAAAAATAAAA","GGCCAGGTGCGGTGGCTCACACCTGTAATCCCAGCACTTTGTGAGGCCAAGGCAGGCAGATCACAAGGTCAGGAGTTTGAGACCAACCTTACCAACATGGTGAAATGCTGTCTCTGCTAAAAATACAAAAATTAGCCGGGCATGGTGGTGCACGCCTGTAATCCCACCTACTCAGGAGGCTGAGGCAGGAGAATCACTTGAACCCAGGAGGTGGAGGTTGTAGTGAGATGAGATCGCACCACTGCACTCCAGCCTGGGTGACAGAGCGAGACTCTGTCTCAAAAAAGAAATTAAATAAAATAAAAAATAAAA"
"chr1","15595498","15595790","chr1","15709116","15709408","4","113618","GGCCGGGGGCGGTGGCTCATGCCTGTAATCTCAGCACTTTGGGAGGTCGAGGCGGGTGGATCACGAGGTCAGCAGTTCGAGACCAACCTGACCAACATGTGAAACCCCGTCTCTACTAAAAATACAAAAATTAGCCAGGCATGATCGCGGATGCCTGTAATCCCAGCTACTCAGGAGGCTGAGGCAGGAGAATCGCTTGAACCTGGGAGGCAGAGGTTGCAGTGAGCTGAGATTGCACCACTGCACTCCAGCCTGAGTGACAGAGTGATACTCCGTCTCAAAAAAAAAAAAAA","GGCCGGGGGCGGTGGCTCATGCCTGTAATCTCAGCACTTTGGGGGGTCGAGGCGGGTGGATCACGAGGTCAGCAGTTCGAGACCAACCTGACCAACATGTGAAACCCCGTCTCTACTAAAAATACAAAAATTAGCCAGGCATGATCGCCGATGCCTGTAATCCCAGCTACTCAGGAGGCTGAGGCAGGAGAACCGCTTGAACCTGGGAGGCAGAGGTTGCAGTGAGCTGAGATTGCACCACTGCACTCCAGCCTGAGTGACAGAGTGAGACTCCGTCTCAAAAAAAAAAAAAA"
"chr1","15609130","15609436","chr1","15724792","15725095","14","115662","GGCCGGATGCGGTGGCTCATGTCTGTAATCCCAGCACTTTGGGAAGCAGAGGAGGGCGAATCCCGAGGTCAGGAGTTCGAGACCAGCCTGACTAACATGGTGAAACCCCGTCTCTACTAAAAATATAAAAATTAGCTGGGCATGATGGTGTGTGCCTGTAATCCCAGCTACTTGGGAGGCTGAGGCAGGAGAATTGCTTGAACCCAAGAGGTGGATGTTGCAGTGAGCCGAGATCGTGCCATTGCACTCCAGCCTGGGTGACAGAGTGAGACTCCATCTCAAAAAAATGAAAATAAAAAAATAAAAA","GGGCGTGGTGGCTCATACCTGTAATCCCAGCACTTTGGGAGGCCGAGGAGGGCAGATCCCGAGGTCAGGAGTTCGAGACCAGCCTGACTAACATGGTGAAACCCCGTCTCTACTAAAAATATAAAAATTAGCTGGACATGGTGGTGTGTGCCTGTAATCCCAGCTACTTGGGAGGCTGAGGCAGGAGAATTGCTTGAACCCAAGAGGTGGATGTTGCAGTGAGCCGAGATCGTGCCATTGCACTCCAGCCTGGGTGACAGAGTGAGACTCCATCTCAAAAAAAATGAAAATAAAAAAATAAAAA"
"chr1","15610695","15610985","chr1","15726222","15726513","8","115527","GCTGGGTGCGGTGGCTCACGCCTGTAATCCCAGCACTTTGGGAGGCTGAGGTGGGCAGATCACGAGGTCAGGAGTTCAAGACCATCCTGGCCAACATGGTGAAATGCCGTCTCTACAAAAAATACAAAAATTAGCGAGGTGTGGTGTTGTGCACCTGTAATCCTAGCTACTCGGGAGGCTGAGGCAGGAGAATCACTTGAACCTGGGAGGCGGAGGTTGCAGTGAGCCAAGATCGCTCCATTGCACTCCAGCCTGGGCGACAGAGTAAGACTCTGTCTCAAAAAAAAAAAA","GCCAGGTGCGGTGGCTCACGCCTGTAATCCCAGCACTTTGGGAGGCTGAGGTGGGCAGATCACGAGGTCAGGAGTTCAAGACCATCCTGGCCAACATGGTGAAATGCCATCTCTACAAAAAATACAAAAATTAGCGGGGTGTGGTGTTGTGCACCTGTAATCCCAGCTACTCGGGAGGCTGAGGCAGGAGAATCACTTGAACCTAGGAGGCGGAGGTTGCAGTGAGCCAAGATCGCTCCATTGCACTCCAGCCTGGGTGACAGAGTAAGACTCTGTCTCAAAAAAAGAAAAA"
"chr1","15613879","15614193","chr1","15729604","15729912","14","115725","GGCCAGGCGCGGTAGCTCACATCTGTAATCCCAGCACTTTGGGAGGCCGAGGCAGGTGGCAGGTGGATCACAAGGTCAGGAGTTCAAGACCAGCCTGACCAACATGGTGAAACCCCGTCTCTACTAAAAATATAAAAATTAGCCAGACGTGGTGGTGTGTGCCTGTAATCCCAGCTACTCAGGAGGCTGAGGCAGGAGAATGGCTTGAACATGGGAGGCAGAGGGTGCAGTGAGCCGAGATCGCGCCATTGCACTCCAGCCTGGGCGACAGAGTGAGACTCCATCTCAAAAAAAAAAAAAAAGGAAAGAAAGAAA","GGCCAGGCGCGGTGGCTCACATCTGTAATCCCAGCACTTTGGGAGGCCGAGGCAGGTGGATCACAAGGTCAGGAGTTCAAGACCAGCCTGACCAACATGGTGAAACCCCGTCTCTACTAAAAATATAAAAATTAGCCAGACGTGGTGGCGTGTGCCTGTAATCCCAGCTACTCAGGAGGCTGAGGCAGGAGAATGGCTTGAACACGGGAGGCAGAGGGTGCAGTGAGCCGAGATCGCGCCATTGCACTCCAGCCTGGGCGACAGAGTGAGACTCCATTTCAAAAAAAAAAAAAAAAAAAAGGAAAGAAA"
"chr1","15625644","15625916","chr1","15743271","15743543","3","117627","GGCCGGGCACGCTGGCTCACGCCTGTAATTCCAGCACTTTGGGAGGCCAAGGCGGGTGGATCACGAGGTCAGGGGTTCGAGACCAGCCTGGCCAACATGGTGAAACTCCGTCTCTACTAAAAATACAAAAATTAGCCCAGTGTCGTGGCACGTGCCTGTAATCCCAGCTACTCCAGAGGCTGTGGCAGGAGAATTGCTTAAACCCGGGAGGCAAAGGTTGCAGGGCTGAGATCGCACCACTGCACCCTAGCCTGGGCAAGCAAGATTCCATCT","GGCCGGGCACGCTGGCTCACGCCTGTAATTCCAGCACTTTGGGAGGCCAAGGCGGGTGGATCACGAGGTCAGGGGTTCGAGACCAGCCTGGCCAACATGGTGAAACTCCGTCTCTACTAAAAATACAAAAATTAGCCCAGTGTCATGGCACGTGCCTGTAATCCCAGCTACTCCAGAGGCTGTGGCAGGAGAATTGCTTAAACCCGGGAGGCAAAGGTTGCAGGGCTGAGATCTCACCACTGCACTCTAGCCTGGGCAAGCAAGATTCCATCT"
"chr1","15631806","15632102","chr1","15749420","15749717","3","117614","GCTGGGAGTGGTGGCTCACGCCTGTAATCTCAGTACTTTGGGAAGCCGAGACGGGTGGATCACGAGGTCAGGAGTTTGAGACCAGCCTGGCCAACATGGTGAAACCCAATCTCTACTAATAATACAAAAATTAGCCGGGTGTGGTGGTGCACGCCTGTAGTCCCAGCTACTTGGGACACTGAGGCGGGAGAATCGCTTGAACCCAGGAGGCGAAGGTTGCAGTGAGCAGAGATCGCGCCACTGCACTCCAGCCTGGGAGACAGAGTGAAACTCCGTCTCAAGAAAAAAAAAAACAAA","GCTGGGAGTGGTGGCTCACGCCTGTAATCTCAGTACTTTGGGAGGCCGAGACGGGTGGATCACGAGGTCAGGAGTTTGAGACCAGCCTGGCCAACATGGTGAAACCCAATCTCTACTAATAATACAAAAATTAGCCGGGTGTGGTGGTGCACGCCTGTAGTCCCAGCTACTTGGGACACTGAGGCGGGAGAATCGCTTGAACCCAGGAGGCGACGGTTGCAGTGAGCAGAGATCGCGCCACTGCACTCCAGCCTGGGAGACAGAGTGAAACTCCGTCTCAAGAAAAAAAAAAAACAAA"
"chr1","15672404","15672699","chr5","56740490","56740786","39","41068086","GGCTGGACACGGTGGCTTATGTCTGTAATCCTAACACTTTGAAAGTCTGAGGTGGGCGGATCACGAGGTCAGGAGCTTGAGACCAACCTGGCCAACATGGTGAAACCCCGTCTCTACTAAAAATACAAAAATTAGCCAGGCGGTGTGGCAGGCGCCTGTAATCCCAGCTACTGGGGAGGCTAAGGCAGCAGAATCACTTGAACCCGGGAGGTGGAGGTTGCAGTGAGCCGAGACTGCGCCATTGCACTGTAGCCTTGGTGACAGAGCGAGACTCTGTCTCAAAATAATAATAATAA","GGCCAGGCACGGTGGCTTATGCCTGTAATCCCAGCACTTTGGGAGGCCGAGGTGGGTGGATCACGAGGTCAGGAGTTTGAGACCAGCCTGACCAACATGGTGAAAACCCGTCTCTACTAAAAATACAAAAATTAGCCGGGTGTTGTGGTGCACGCCTGTAATCCCAGCTACTTAGGAGGCTGAGACAGGAGAATCGCTTGAACCCGGGAGGTGGAGGTTGCAGTGAGCCGAGATCACGCCATTGCACTCCAGCCTGGGTGACAGAGCGAGACTCTGTCTCAAAAAAAAAAAAAAAAA"
"chr1","15694072","15694378","chr1","181798381","181798690","35","166104309","GGCCAGGTGTGGTGGCTCATGTCTGTAATCCCAGCACTTTGGGAGACCCAGGCGGGCAGATCACGAGATCAGGAGTTCGAGACCAGCTTGACCAACATGGTGAAACCCCGTCTCTACTAAAAATACAAAAATTAACTGGGCATGGTGGCACATGCATGTAATCCCATCTCAGGAGGCTGAGGCAGGAGAATCGCTTGAACCCAGGAGGTGGAGGTCGCAGTGAGCCAAGATCGCGCCACTGTACTCTAGCCTGAGCGACAGAGCGAGACTCCATCTCAAAAAAAAAACACAAAAAACAAACAAACAA","GGCCGGGTATGGTGGCTCATGCCTGTAATCCCAGCACTTTGGGAGTCCGAGGCGGGTGGATCACGAGGTCAGGGGTTTGAGACCAGCCTGACCAACACGGTGAAACCCCGTCTCTACTAAAAATACAAAAATTAGCTGGGCATGGTGGCGGGTGCCTGTAATCCCAGCTACTCAGGAGGCTGAGGCAGGAGAATCGCTTGAACCCGGGAGGAGGAGGTTGCAGTGAGCCGAGATCGCGCCACTGCACTCCAGCCTGGGCGACAGAGCGAGACTCGTCTCAAAAAACAAAAACAAAACAAAACAAAACAAA"
"chr1","15787657","15787964","chr1","15910303","15910590","23","122646","GGCTGAGCGCGATGGCTCACACCTGTAATCCCAGCACTTTGGGAGGCCGAGGCAGGCAGATCACAAGGTCAGGAGTTCAAGACCAGCCTGGTCAACATGGTGAAACCCCATCTCTACTAAAAATACAAAAATTAGCCAGGCGATGTGGCAGGCGCCTGTTATCCCAGCTACTTGGGAGGCTGAGATAGGAGAATCGGTTGAACCTGGGCGGCAGAGCCTGCAGTGAGCTGAGATTGCGCCACTGCACTCCAGCCTAGGTGATAGAGTAAGACTCCATCTCAAAAAAAAAAAAAAAAAAAAAAAAAAAA","GGCTGAGCACGATGGCTCACACCTGTAATCCCAGCACTTTGGGAGGCCGAGGCAGGCAGATCACAAGGTCAGGAGTTCAAGACCAGCCTGGTCAACATGGTGAAACCCCATCTCTACTAAAAATACAAAAATTAGCCAGGCGATGTGGCAGGCGCCTGTTATCCCAGCTACTTGGGAGGCTGAGATAGGAGAATCGGTTGAACCTGGGCGGCAGAGCTTGCAGTGAGCTGAGATTGCGCAACTGCACTCCAGCCTAGGTGATAGAGTAAGACTCCATCTCAAAAAAAA"
"chr1","15825393","15825700","chr10","11563221","11563524","32","4262172","GGCTGGGTGCGGTGGCTCACGCCTGTAATCCCAGCACTTTGGAAGGCCAAGGCAGGTGGGTCATGAGGTCAGGAATTCGAGACCAGCCTGGACAACATGGTGAAACCCCGTCTCTACTAAAAATACAACAATTAAGCGGGTGTGGTGGCACATGCCTGTAATCCCAGCTACTCAGGAGGCTGAGGCAGGGGAACCACTTGAACCTGGGAGGCAGAGGTTGCAGTGAGCAGAGATCAGGCCACTGCACTCCAGCCTGGGTGACAGAGCGTGACTCTGTCTCAAAAAAAAAAAAAAAAAGTAAAGAAAAA","GGCCGGGCATGGTGGCTCATGCCTGTAATCCCAGCACTTTGGGAGGCCGAGGCAGGCGGACCACGAGGTCAGGAGTTCGAGACCAGCCTGGCCAACATGGTGAAACCCCATCTCTACTAAAAATACAAAATTAGCTGGGTGTGGTGGCACATGCCTGTAATCCCAGCTACTCAGGAGGCTGAGGCAGGGGAATCGCTTGAACCCGGGAGGCAGAGGTTGCAGTGAGCCGAGATCACACCATTGCACTCCAGTCTAGGTGACAGAGTGAGACTCTGTCTCAAAAAAAAAAAAAAAAAAAGTAAAA"
"chr1","15826185","15826478","chr1","15947434","15947730","5","121249","GGCAGGGCTCGGTGGCTAACGCCTGTAATCCCAGCACTTTGGGAGGCCGAGGCGGGCAGATCACGAGGTCAAGAGTTCGAGACCAGCCTGACTAACATAGTGAAACCCCGTCTCTAGTAAAAATACAAAAATTAGCCGGGAATGGTGACGCACAGGAATGCTGGCTCGACAGGCTGAAGCAGGAGAATTGCTTGAACCCGGGAGGCGGAGGTTGCAGTGAGCCGAGATCGCACCACTTCACTCCAGCCTGGATGACAGAGTAAGACTCGGTCTCAAAAAAAAAAAAAAAAAAAA","GGCAGGGCTCGGTGGCTAACGCCTGTAATCCCAGCACTTTGGGAGGCCAAGGCGGGCAGATCACGAGGTCAAGAGTTCGAGACCAGCCTGACTAACATAGTGAAACCCCGTCTCTAGTAAAAATACAAAAATTAGCCGGGAATGGTGACGCACAGGAATGCTGGCTCGACAGGCTGAGGCAGGAGAATTGCTTGAACCCGGGAGGCGGAGGTTGCAGTGAGCCGAGATCGCACCACTTCACTCCAGCCTGGATGACAGAGTAAGACTCGGTCTCAAAAAAAAAAAAAAAAAAAAAAA"
"chr1","15840809","15841106","chr1","15962453","15962761","15","121644","GGCCGGGCGCGGTGGCTCACGCCTGTAATCCCAACACTTTGGGAGGCCAAGGTGGATAGAACACAAGGTCAAGAGTTTGAGACCAGCCTGGCCAATATGGGGAAACCCCGTCTCTAATAAGAATACAAAAATTAAGGCCGGGCACAGTGATTCACACCTGTAATCCCAGCTACTCGGGCGGCTGAGGCAGGAGAACTGCTTGAACCCAGGAGGCAGAGGTGGCAGTGAGCCAAGATCACACCACTGCACTGCAGCCTGGGCAACAGAGCAAGACTCTGTCTCTAAAAAAAAAAAAAAA","GGCCGGGCGCAGTGGCTCACGCCTGTAATCCCAACACTTTGGGAGGCCAAGGTGGATAGAACACAAGGTCAAGAGTTTGAGACCAGCCTGGCCAATATGGGGAAACCCCATCTCTAATAAGAATACAAAAATTAAGGCCGGGCACGGTGATTCACACCTGTAATCCCAGCTACTCGGGCGGCTGAGGCAGGAGAACTGCTTGAACCCAGGAGGCAGAGGTGGCAGTGAGCCAAGATCGCACCACTGCACTGCAGCCTGGGCAACAGAGCAAGACTCTGTCTCTTAAAAAAAAAAAAAAAAAAAAAAAAA"
"chr1","15853661","15853964","chr1","15976122","15976426","4","122461","GGCCAGGCGCAGTGCCTCATGCTTGTAATCCCAGCACTTTGGGAGGCCGAGGCGCACAAATCACGAGATCAGGAGTGAGACCAGCCTGGCCGACATAGTGAAACCCCGTCTCTACTAAAAATACAAAAATTAGCCTGGTGTGGTGGCAAGTGCCTGTAATCCCAGCTACTCGGGAGGCTAAAGCGGGAGAATCACTTGAACCGGGAAGGCAGAGGTTGCAGTGAGCTGAGACCATGCCACTGCACTCCAGCCCAGCCTGGGTGACAGAGTGAGACTCCGTCTCAAAAAAAAAAAAATACAAAAA","GGCCAGGCGCAGTGGCTCATGCTTGTAATCCCAGCACTTTGGGAGGCCGAGGCGCGCAAATCATGAGATCAGGAGTGAGACCAGCCTGGCCGACATAGTGAAACCCCGTCTCTACTAAAAATACAAAAATTAGCCTGGTGTGGTGGCAAGTGCCTGTAATCCCAGCTACTCGGGAGGCTAAAGCGGGAGAATCACTTGAACCGGGAAGGCAGAGGTTGCAGTGAGCTGAGACCATGCCACTGCACTCCAGCCCAGCCTGGGTGACAGAGTGAGACTCCGTCTCAAAAAAAAAAAAAATACAAAAA"
"chr1","15861135","15861429","chr1","15982906","15983195","12","121771","GGCCAGGCACGCTGGCTCACACCTGTAATCCCAGCATTTTGGGAAGCCGAGGTAGGTGGATCATGAGGTCAGGAGTTCGAGACGAGCCTGGCCAACATACTGAAACCCCGTTACTACTAAAAATACAAAAATTAGCCAGGTGTGGTGGCATGTGCCTATAGTCCTAGGTACTTGGGAGGCTGAGGCGGGAGAATCGCTTGAACCCGGGAGGTGGAATGCAGTGAGCCGAGACCACACCATCTGCACTCCAGCCTAGGTGACAGAGTGAGATTCCGTCTCAAAAAAAAAAAAAAAA","GGCCAGGCACGCTGGCTCACACCTGTAATCCCAGCATTTTGGGAGGCCGAGGTAGGTGGATCATGACGTCAGGAGTTCGAGACGAGCCTGGCCAACATACTAAAACCCCGTTACTACTAAAAATACAAAAATTAGCCAGGTGTGGTGGCATGTGCCTATAGTCCCAGGTACTTGGGAGGCTGAGGCGGGAGAATCGCTTGAACCCGGGAGGTGGAATACAGTGAGCCGAGACCACACCATTTGCACTCCAGCCTAGGTGACAGAGATTCTGTCTCAAAAAAAAAAAAAAA"
"chr1","15870985","15871267","chr1","15992815","15993097","3","121830","GGCCAGGCGTGGTGGCTCAAGCCTGAAATCCCAGCACTTTGGGAGGCTGAGGCAGGCAGACCATGAGGTCAGGATTTTGAGACCCAGCCTGACCAACATGGTGAAACCCCACCTCTACTAAAAATACAAAAATTAGCAAGGTGTGGTGGCACACGCCTATAATCCCAGCTACTCAGGAGGCTGAGGCAGGAGAATCACTTGAACCCAGGAGGCGGTGAGGACGCAGTGGGCCGAGATCCACCCTGGGCAACAGAGTCAGACTCCATCTCAAAAAAGAAAAAAA","GGCCAGGCATGGTGGCTCAAGCCTGAAATCCCAGCACTTTGGGAGGCTGAGGCAGGCAGACCATGAGGTCAGGATTTTGAGACCCAGCCTGACCAACATGGTGAAACCCCACCTCTACTAAAAATACAAAAATTAGCAAGGTGTGGTGGCACACGCCTATAATCCCAGCTACTTAGGAGGCTGAGGCAGGAGAATCACTTGAACCCAGGAGGCGGTGAGGACGCAGTGGGCCGAGATCCAGCCTGGGCAACAGAGTCAGACTCCATCTCAAAAAAGAAAAAAA"
"chr1","15890293","15890529","chr1","16011108","16011344","3","120815","GGCCGGGCACGGTGGCTCATGCCTATAATCCCAGCACTTTGGGAGGTCGGGGTGGGCGGATCATAAGGTCAAGAGTTCGAGACCAGCCTGGCCAACATGGTGAAACTCAGTCTCTACTAAGAATACAAAAATTAGCTGGGTGTGGTGGTGCGTGCCTGTAATCCCAGCTACTCGGGAGGCTGAGGCAGGAAAATCGCTTGAACCCGGGAGGCAGAGGTTGCAGTGAGCCTAGATCAC","GGCCAGGCACGGTGGCTCATGCCTATAATCCCAGCACTTTGGGAGGTCGGGGTGGGCGGATCATAAGGTCAAGAGTTCGAGACCAGCCTGGCCAACATGGTGAAACTCAGTCTCTACTAAGAATACAAAAATTAGCTGGGTGTGGTGGTGCGTGCCTGTACTCCCATCTACTCGGGAGGCTGAGGCAGGAAAATCGCTTGAACCCGGGAGGCAGAGGTTGCAGTGAGCCTAGATCAC"
"chr1","16000063","16000368","chr1","16124316","16124619","3","124253","GACTGGGTGCGATGGCTCATGCCTGTAATCCCAGCACTTTGGGAGGCAAAGGCAGACTAAGCACAAGGTCAGGAGTTCGAGACCAGCCTGACCAACATGGTGAAACCCTGTCTCTACTAAAAATAAACAAAAATTAGTCAGGCGTAGTGGCGTGCGCCCATAATCCCAGCTACTGAGGAGGCTGAGGCAGGAGAATCGCTTGAACCCAGGAGGCAGAGGTTGCAGTGAGCCGAGATTGCGCCACTGCACTCCAGCCTGGGTGAGAGAGTGTGACTCCATCTCAAAAAATAATAATAATAATAATAA","GACTGGGTGCGATGGCTCATGCCTGTAATCCCAGCACTTTGGGAGGCAAAGGCAGACTAAGCACAAGGTCAGGAATTCGAGACCAGCCTGACCAACATGGTGAAACCCTGTCTCTACTAAAAATAAACAAAAATTAGTCAGGCGTAGTGGCGTGCGCCCATAATCCCAGCTACTGAGGAGGCTGAGGCAGGAGAATCGCTTGAACCCAGGAGGCAGAGGTTGCAGTGAGCCGAGATTGCGCCACTGCACTCCAGCCTGGGTGAGAGAGTGTGACTCCATCTCAAAAAAATAATAATAATAATAA"
"chr1","16117187","16117482","chr13","52857781","52858077","31","36740594","GGCGGGACGCGGTGGCTCAAGCCTGTAATCCCAGCACTTTAGGAGGCCCAGGCAGGCGGATCACGAGGTCAGGAGTTCGAGGCCAGCCCAACCAACATGGTGAAACCCCGTCTCTACTAAAAAATACAAAAATTAGCTGGGCGTGGGGGCGCACGCCTATAATCCCTACTCAGGAGGCTGAGGCAGGAGAATCACTTGAACCCAGGAGGCAGAAGTTGCAGTGAGCCAAGATCGCGCCACTGCACTCTAGCCTGGCAATAGAGTGAGACTCCCTCTCAAAAAAAAAAAAAAAAAAA","GGCTGGGCACGGTGGCTCATGCCTGTAATCCCAGCACTTTGGGAGGCTGGGGCAGGCGGATCACGAGGTCAGGAGTTCGAGACCAGCTTGACCAACATGGTGAAACCCCGTCTCTACTAAAAATACAAAAATTAGCTGGACATGGTGGCACACACCTGTAATCCCAGCTACTCAGGAGGCTGAGGCAGGAGAATCGCTTGAACCCAGGAGGCAGAAGTTGCAGTGAGCCAAGATCACGCCACTGCACTCCAGCCTGGGCAACAGAGTGAGACTCTGTCTCAAAAAAAAAAAAAAAAA"
"chr1","16160433","16160734","chr1","16285336","16285637","2","124903","GGCCAAGCACAGTGGCTTACGCCTGTAATCCCAGCACTTTAGGAGGCCGAGGAGGGCGGATCATGAGGTCAGGAGTTCAAGACCAGCCTGACCAACATGGTGAAACCCTGTCTCTACTAAAAATACAAAAATTAGCCAGGTGTGGTGGCGTGCACCTGTAATCCCAGATACTCAGGAGGCTGAGGCAGGAGAATCACTTGAACCCGGGAGGTGGAGGTTGCAGTGAGCTGAGATTGCGCCACTGCACTCCAGCCTGGGGGACAGAGCAAGACTCTGTCTCAAAAAAAAAAAAAAAAAAAAAA","GGCCAAGCACAGTGGCTTACGCCTGTAATCCCAGCACTTTAGGAGGCCGAGGAGGGCGGATCACGAGGTCAGGAGTTCAAGACCAGCCTGACCAACATGGTGAAACCCTGTCTCTACTAAAAATACAAAAATTAGCCAGGTGTGGTGGCATGCACCTGTAATCCCAGATACTCAGGAGGCTGAGGCAGGAGAATCACTTGAACCCGGGAGGTGGAGGTTGCAGTGAGCTGAGATTGCGCCACTGCACTCCAGCCTGGGGGACAGAGCAAGACTCTGTCTCAAAAAAAAAAAAAAAAAAAAAA"
"chr1","16214886","16215199","chr1","16345806","16346118","10","130920","CTGGGCACAGGGGCTCACACCTGTAATCCCAACACTTTGGGAGTCTGAGGCCAGCGGATCACGAGGTCAGGAGTTTGAGACCAGCCTGGCCAACATGGTGAAACTCTGTCTCTACTAAAAATACAAAAATTAGCCGAGCGTGGTGGCGCACACCTGTAATCCCAGCTACTCAGAAGGCTGAGGCAGGAGAATTGCTTGAACCACGGAGGTGGGGAGGCAGAGGTTGCAGTGAGTTGAGGTCACAACACTGCACTCCCGCCTGGGTGACAGAGCGAGACTCCATCTCAAAAAAAAAAAAAAAAAAAGAAAAGAAA","CTGGGCACAGTGGCTCACGCCTGTAATCCCAGCACTTTGGGAGTCTGAGGCCAGCGGATCACGAGGTCAGGAGTTTGAGACCAGCCTGGCCAACATGGTGAAACTCTGTCTCTACTAAAAATACAAAAATTAGCCGAGCGTGGTGGCGCACACCTGTAATCCCAGCTACTCAGAAGGCTGAGGCAGGAGAATTGCTTGAACCAGGGAGGTGGGGAGGCAGAGGTTGCAGTGAGTTGAGGTCACAACCACTGCACTCCGGCCTGGGTGACAGAGCGAGACCCCATCTCAAAAAAACAAAAAAAAAGAAAAGAAA"
"chr1","16246510","16246801","chr1","16375911","16376204","3","129401","GGCCGGGCGCAGTGGCTCACGCTTGTAATCCCAGCACTTTGGGAGGCCGAGGCAGGCGGATCACAAGGTCAGGAGTTTGATACCAGCCTGGCCAACATAGTGAAACCCTGTCTCTACTAAAAATACAAAAATTAGCCGGGCATGGTGGCAGGCACCTGTAATCCCAACTACTTGGGAGGCTGAGGCAGGAGAATTGCTCCAACCCAGGAGGCAGAGGTTGCAGTGAGCCAAGTTTGTGTCACTGCACTCCAGCCTGGGCAACAGAGTTAGACTGTCTCAAAAAAAAAAAAAA","GGCCGGGCGCAGTGGCTCACGCTTGTAATCCCAGCACTTTGGGAGGCCGAGGCAGGCGGATCACAAGGTCAGGAGTTTGATACCAGCCTGGCCAACATAGTGAAACCCTGTCTCTACTAAAAATACAAAAATTAGCTGGGCATGGTGGCAGGCACCTGTAATCCCAACTACTTGGGAGGCTGAGGCAGGAGAATTGCTCCAACCCAGGAGGCAGAGGTTGCAGTGAGCCAAGTTTGTGTCACTGCACTCCAGCCTGGGCAACAGAGTTAGACTGTCTCAAAAAAAAAAAAAAGA"
"chr1","16268912","16269107","chr1","16399509","16399702","4","130597","GCCAGGTGCGGTGGCTCACGCCTGTAATCCCAGTACTTTGGAAGGCCGAGGTGGGTGGATCACGAGGTCAGGAGTTCGAGACCAGCCTGGCCAACATGGTGAAACACTCCCATCTCTGCTAAAATACAAAAATTAACTGGGTGTGGTGATGCGTGTCTGTAGTCCCAGCTACTCGGGAGGCTGAGACCGGAGAATC","GCCAGGTGCGGTGGCTCACGCCTGTAATCCCAGCACTTTGGAAGGCCGAGGTGGGTGGATCACGAGGTCAGGAGTTCGAGACCAGCCTGGCCAACATGGTGAAACACTCCCATCTCTGCTAAAATACAAAAATTAACCGGGTGTGGTGATGCGTGTCTGTAGTCCCAGCTACTCGGGAGGCTGAGACCGGAGAA"
"chr1","16285305","16285567","chr1","16418667","16418933","6","133362","GGGCATGGTGTCTCATGCCTGTAATCCCAGTACTTTGGGAGGCCAAGGCAGGCAGATCAGGAGGTCAGAAGTTCGAGACCAACCTGACCAACATGGTGAAACCCCGTCTCTACTAAAAATACAAAAATTAGCTGGGCATGGTGGCGCCTGCCTATAATCCCAGCTACTCAGGAGGCTGAGGCAGGAGAATCACTTGAACCCAGGAGGCGGAGGTTGCAGTGAGCCGAGATTGCACCATTGCACTCCAGCCTGGGCAACAGAGC","GGCTGGGCATGGTGTCTCATGCCTGTAATCCCAGCACTTTGGGAGGCCAAGGCGGGCAGATCAGGAGGTCAGAAGTTCGAGACCAACCTGACCAACATGGTGAAACCCCGTCTCTACTAAAAATACAAAAATTAGCTGGGCATGGTGGCGCCTGCCTATAATCCCAGCTACTCAGGAGGCTGAGGCAGGAGAATCACTTGAACCCAGGAGGCGGAGGTTGCAGTGAGCCGAGATTGCACCATTGCACTCCAGCCTGGGCAACAGAGC"
"chr1","16296370","16296679","chr1","16429738","16430028","24","133368","GGCCAGGTGCAGTGGCTCATGCCTGTAATCCCAACACTTTGGGAGGCTGAGGCAGGCGGATCATGAGGTCAGGAGTTCGAGACCAGCCTGGCCAACATGGCAAAACCCCGTCTCTACTAAAAATAAAAAAATTAGCCAGGCGTGGTGGCGCATGCCTGTAATCCCAGCTACTCAGGAGGCTGAGGCAGGAGAATCGCTTGAACCCGGGAGGCGGAGGTTGCAGTGAGCCAAGATTGCGCCACTGCACTCCAGCCTGGACGACAGAGCAAGACTCCATCTCAAAAAAAAAAAAAAAAAAACAAAAACAAAA","GGCCAGGTGCAGTGGCTCATGCCTGTAATCCCAACACTTTGGGAGGCTGAGGCAGGCGGATCACGAGGTCAGGAGTTCGAGACCAGCCTGCCCAACATGGCAAAACCCCGTCTCTACTAAAAATAAAAAAATTAGCCAGGCGTAGTGGCACATGCCTGTAATCCCAGCTACTCAGGAGGCTGAGGCAGGAGAATCGCTTGAACCCGGGAGGCGGAGGTTGCAGTGAGCCAAGATTGCGCCACTGCACTCCAGCCTGGATGACAGAGCAAGACTCCATCTCAAAAAAAAAAA"
"chr1","16322296","16322611","chr1","16451481","16451798","10","129185","GGCCAGGCGTGATGGCTCACACCTGTAATCCCAGCACTTTGGGAGGCTGAGGTGGGTGGATCATGAGGTCAGGAGTTCAAGACCAGCCTGACCAACATGGGGAAACCCCGTCTCTACTAAAAATACAAAAATTAGCTGGGCGTGCAGGCGCATGCCTGTAATCCCAGCTACTCAGGAGGCTGAGGCAGGAGAATTGCTTGAACCTGGGAGGCGGAGGTTGCAGTGAGCTGAGATCGCACCACTGTACTCCAGCCTGGGCAACAGAGCGAGACTCTGTCTCAAAATACAAAAAAAATTTTAAAAACTAAAAAAAAAA","GGCCAGGCGTGATGGCTCACACCTGTAATCCCAGCACTTTGGGAGGCTGAGGTGGGTGGATCATGAGGTCAGGAGTTCAAGACCAGCCTGACCAACATGGGGAAACCCCGTCTCTACTAAAAATACAAAAATTAGCTGGGCATGCGGCGCATGCCTGTAATCCCAGCTACTCAGGAGGCTGAGGCAGGAGAATTGCTTGAACCTGGGAGGCGGAGGTTGCAGTGAGCTGAGATGGCACCACTGTACTCCAGCCTGGGCAACAGAGCGAGACTCTGTCTCAAAATATAAAAAAAAAATTTTAAATTAAAAAAAAAAAAA"
"chr1","16328883","16329187","chr1","16458128","16458430","5","129245","GGCCGGGTGCGGTGGCTCACGCCTGTAATCCCAGCACTTTGGGAGGCTGAGGCGGGTGAATCACAAGGTCAGGGGTTCGAGACAAGCCTGACCAACATGGTGAAACCCCATCTCTACTAAAAATACAAAAATTAGCTGGCCATGGTGGCGGGTGCCTGTAATCCCAGCTACTCAGGAGGCTGAGGCACGAGAATTGCTTGAACCCAGGAGGCGGAGGTTGCAGTGAGCTGAGATTGTGCCACTGCACTCCAGCCTGGGCAACAGAGTGAGACTCTGTCTCAAAAAAAAAAAAAAAAAAAAGAAAA","GGCCGGGTGCGGTGGCTCACGCCTGTAATCCCAGCACTTTGGGAGGCTGAGGCGGGTGGATCACAAGGTCAGGGGTTCGAGACAAGCCTGACCAACATGGTGAAACCCCATCTCTACTAAAAATACAAAAATTAGCTGGCCGTGGTGGCGGGTGCCTGTAATCCCAGCTACTCAGGAGGCTGAGGCACGAGAATTGCTTGAACCCAGGAGGCGGAGGTTGCAGTGAGCTGAGATTGTGCCACTGCACTCCAGCCTGGGCAACAGAGCGAGACTCTGTCTCAAAAAAAAAAAAAAAAAAGAAAA"
"chr1","16341320","16341634","chr1","16471450","16471762","4","130130","GGCTGGAAGCCGTGGCTCATGCCTGTAATCCCAACACTTTGGGAGGCCGAGGCGGGCAGATCATGAGGTCAGGAGTTCGAGACCAGCCTGACCAACATGGTAAAACACCGTCTCTACTGAAAATGCAAAAATTATTTGGGAGTGGTGGTGCACGCCTGTAATCCCAGCTACTCAGGAGGCTGAGGCAGGAGAATCGCTTGAACCTGGGAGGTGGGGAGGCAGAGGTTGCAGTGAGCCAAGATTGCACCCCTGCACTCCAGCCTGGGCAACCAAGTGAGACTGCGTCTTTTAAAAAAAAAAAAAAAAAAAAAAAAA","GGCTGGAAGCCGTGGCTCATGCCTGTAATCCCAACACTTTGGGAGGCCGAGGCGGGCAGATCATGAGGTCAGGAGTTCGAGACCAGCCTGACCAACATGGTAAAACACTGTCTCTACTGAAAATGCAAAAATTATTTGGGAGTGGTGGTGCACGCCTGTAATCCCAGCTACTCAGGAGGCTGAGGCAGGAGAATCGCTTGAACCTGGGAGGTGGGGAGGCAGAGGTTGCAGTGAGCCGAGATTGCACCCCTGCACTCCAGCCTGGGCAACCAAGTGAGACTGCGTCTTTTAAAAAAAAAAAAAAAAAAAAAAA"
"chr1","16359772","16360069","chr1","16490029","16490329","4","130257","GGTCGCACGCGGTGGCTCACGTCTGTAATCCCAGCATTTTGGGAGGTTGAGGCAGGAGGATCACTAGCTCAGGAGTTTGAGACCAGCATGGCCAACATGGTGAAACCCCATCTCTACTCAAAATACAAAAATTAGCCGGGCGTGGTGTTGCCAGCCTGTAATCCCAACTACTCAGGAGGCTGAGGCAGGAGCATCTCTTGAACCTGGGAAGTGGAGGTTGCAGTGAGCCGAGATCGAGCCACTGCACTCCAGCCTGGGCAACAGAGAGAGACTGTGTCTCAAAAAAAAAAAAAAAAAA","GGTCGCACGCGGTGGCTCACGTCTGTAATCCCAGCACTTTGGGAGGTTGAGGCAGGAGGATCACTAGCTCAGGAGTTTGAGACCAGCATGGCCAACATGGTGAAACCCCATCTCTACTCAAAATACAAAAATTAGCCGGGCGTGGTGTTGCCAGCCTGTAATCCCAACTACTCAGGAGGCTGAGGCAGGAGCATCTCTTGAACCTGGGAAGTGGAGGTTGCAGTGAGCCGAGATCGAGCCACTGCACTCCAGCCTGGGCAACAGAGAGAGACTGTGTCTCAAAAAAAAAAAAAAAAAAAAA"
"chr1","16364131","16364441","chr1","16494767","16495077","9","130636","GGCCGAGCGCAGTGGCTCACGCCTGTAATCCCAGCACTTTGGGAGGCCAAGGCAGGCGGATCACGAGGTCAGGAGTTCGTAGACCAGCCCGACCAACATGGTGAAACCCCGTCTCTACTAAAAATACAAAAATTAGCCAGGCGTGGTGGCGCATGCCTGTAATCCCAGCTACTCAGGAGGCAGAGGCAGGAGAATCGCTTGAACCCGGGAGGTGGAGGTTCCAGTGAGCCGAGATCATGCCACTGCACTCCAGCCTGGGTGACAGTGAGATTCCATCTCAAAAAACAAACAAACAAACAAAAACCAAAAAA","GGCCGAGCGCAGTGGCTCACGCCTGTAATCCTAGCACTTTGGGAGGCCAAGGCAGGCGGATCACGAGGTCAGGAGTTCGTAGACCAGCCTGACCAACATGGTGAAACCCCGTCTCTACTAAAAATACAAAAATTAGCCAGGCGTGGTGGCGCATGCCTGTAATCCCAGCTACTCAGGAGGCAGAGGCAGGAGAATTGCTTGAACCCGGGAGGTGGAGGTTCCAGTGAGCCAAGATCATGCCACTGCACTCCAGCCTGGGTGACAGTGAGATTCCATCTCAAAAAACAAACAAACAAAAACCAAAAAAAAAA"
"chr1","16374873","16375175","chr1","16509346","16509648","4","134473","GGCCAGGCGTGGTGGCTCACGCTTGTAATCCCAGCATTTTGGGAGGCCGAGGCGGGCGGATCACGAGGTCACGAGTTTGAGACCGGCCTAGCCAACACAGTGAAACCCCATCTCTACTAAAAATACAAAAATTGGCTGGGTGTAGTGGCGAGCACCTGTAATCCCAGCTACTTGGGAGGCTGAGGCAGGAGAATCGCTCGAACCCGGGAGGCAGAGGTTGCAGCGAGCTGAGATTGCGCCACTGCACTCCAGCCTCGGCGACAGAGCTAGACTCCGTCTCAAAAAAACAAAACAAAACAAAAA","GGCCAGGCGTGGTGGCTCACGCTTGTAATCCCAGCATTTTGGGAGGCCGAGGCGGGTAGATCACGAGGTCACGAGTTTGAGACCGGCCTAGCCAACACAGTGAAACCCCATCTCTACTAAAAATACAAAAATTGGCTGGGTGTAGTGGCGGGCACCTGTAATCCCAGCTACTTGGGAGGCTGAGGCAGGAGAATCGCTCGAACCCGGGAGGCAGAGGTTGCAGCGAGCTGAGATCGCGCCACTGCACTCCAGCCTCGGCGACAGAGCTAGACTCCGTCTCAAAAAAACAAAACAAAACAAAAA"
"chr1","16383608","16383917","chr1","16518111","16518420","3","134503","GGCCAGCCGCGGTGGCTCACGCCTGTAATCCCAGCACTTTGAGAGGCCCAGGCGGGCGGATCACGAGGTCAGGAGTTCCAGACCAGCCTGGCCAACATGGTGAAACCCTATCTCTACTAAAAATACAAAAATTAGCCAGGCGTGGTGGCGCATGCCTGTAATCCCAGCTACTCAGGAGGCTGAGGCAGGAGAATCGCTTGAACCCAGGAGGCAGAGGTTGCAGTGAGCTGAGATTGCACCACTGCACTCCAGCCTGGGCAACAGAGCAAGACTCTGTCTAAAAAAAAAAAAAAAGGAAAAAAAGAAAGAA","GGCCAGCCGCGGTGGCTCACGCCTGTAATCCCAGCACTTTGAGAGGCCCAGGCGGGCAGATCACGAGGTCAGGAGTTCCAGACCAGCCTGGCCAACATGGTGAAACCCTATCTCTACTAAAAATACAAAAATTAGCCAGGCGTGGTGGCGCATGCCTGTAATCCCAGCTACTCAGGAGGCTGAGGCAGGAGAATCGCTTGAACCCAGGAGGCAGAGGTTGCAGTGAGCTGAGATTGCACCACTGCACTCCAGCCTGGGCAACAGAGCAAGACTCTGTCTAAAAAAAAAAAAAAAAGGAAAAAAAGAAAGA"
"chr1","16407467","16407755","chr1","16542482","16542762","15","135015","CCGGGAGCAGTGGTTCACACCTGTAATCCCAGCACTTTGGGAGGCTTAGGCGGGTGGATCACGAGGTCAGGAGTTCGAGACCAGCCTGACCAACATGGTGAAACCCTGTCTCTACTAAAAATACAAAAATTAGCCCGGTGTGGTGGTGGGCACCTGAAATCCCAGCTACTCAGGGGGCTGAGGCACAAGAATCGCTTGAACCTGGGAAGTGGAGGTTGCAGTGAGCCAAGATCGCGCTACTGCACTCCAGCCTGGGTGACAGAGAGAGACTCCGTCTCAAAAATAATAA","CCGGGAGCAGTGGTTCACACCTGTAATCCCAGCACTTTGGGAGGCTTAGGCGGGTGGATCACGAGGTCAGGAGTTCGAGACCAGCCTGACCAACATGGTGAAACCCTGTCTCTACTAAAAATACAAAAATTAGCCCGGTGTGGTGGTGGGCACCTGAAATCCCAGCTACTCAGGGTGCTGAGGCACGAGAATCGCTTGAACTCTGGAAGTGGAGGTTGCAGAGAGCCAAGATCGCGCTACTGCACTCCATCCTGGGTGACAGAGAAAGACTCCGTCTCAAA"
"chr1","16453496","16453786","chr1","16589293","16589583","5","135797","GGCCAGGCACGGTGGCTCATGCCTGTAATCCCAGCACTTTGGGAGGCTGAGGCGGGCAGATCACGAGGTCAGGAGATCGAGACCATCCTGGCCAACACAGTGAAACCCTGTCTCTACTAAAAATACAAAACTTAGCTGGGCGTGGTGGTGCGTGCCTGTAATCTCAGCTACTCAGGAGGCTGAAGCAGAAGAATCACTTGAACCCAGGAGGTGGAGGTTGCGGTGAGCCGAGAACATGCCACTGCTCTCCAGCCTGGGTGACAGAGCAAGACTCCATCTTAAATAAATAAA","GGCCAGGCACGGTAGCTCATGCCTGTAATCCCAGCACTTTGGGAGGCTGAGGCGGGCAGATCACGAGGTCAGGAGATCGAGACCGTCCTGGCCAACACAGTGAAACCCTGTCTCTACTAAAAATACAAAACTTAGCTGGGCGTGGTGGTGCGTGCCTGTAATCTCAGCTACTCGGGAGGCTGAAGCAGAAGAATCACTTGAACCCAGGAGGCGGAGGTTGCGGTGAGCCGAGAAAATGCCACTGCTCTCCAGCCTGGGTGACAGAGCAAGACTCCATCTTAAATAAATAAA"
"chr1","16509997","16510276","chr1","16779525","16779828","34","269528","GGCCAGGTGCAGTGGCTCATGCCTGTAACCCCAGCACTTTGGGAAGCCATAGCAGGAGGATCATGAGGTCAGGAGTTCAAGACAGCCTGACCAACGTGGTGAAACCCCGTGTCTACTAAAAATACAAAAATTAGCCAGGTGTGGTGGTGTGTGCCTGTAATCCCAGCTACTCAGGAGGCTGAGACAGGAGAATTGCTTGAACCCGGGAAGCAGAGGTTGCAGTGAGCCGAGATTGCACCACTGCACTCTAGCTTAGGCGACAGAGTGAGACTACATCTCA","GGCCAGGTGCAGTGGTCCATGCCTGTAACCCCAGCACTTTGGGAAGCCATAGCAGGAGGATCATGAGGTCTTGAGTTCAAGACCAGCCTGACCAACATGGTGAAACCCTGTGTCTACTAAAAATACAAAAATTAGTCAGGTGTGGTGGTGTGCGCCTGTAATCCCAGCTACTCAGGAGGCTGAGACAGGAGAATTGCTTGAACCTGGGAAGCAGAGGTTGCAGTGAGCCGAGATTGCACCACTGCACTCTAGCTTAGGTGACAGAGTGAGACTACATCTCAAAATAAATAAATAAATAAATAAA"
"chr1","16578373","16578645","chr1","21457548","21457821","32","4879175","GGCTGTGCATGGTGGCTCACTCCTGTAATCCCAGCCCTTTGGGAGGCTGAGGCGGGTAGAGCACGAGGTCAGGAGTTTGAGACCAGCCTGGGAAACATGGAGAAACCCCATCTCCACTAAAAATACAAAAAGTAGATGGGCATGGTGGCAGGTGACTGTAATCACCCCTGCTCAGGAGGCTGAGGCAGGAGAATCCTTTGAACCCAGGAGGCTGAGGTTGCAGTGAGCCAAGATTTTGCCATTGCACTCCAGCCTGGGCGACAGGGCAAGACT","GGCCATGCACGGTGGCTCACTCCTGTAATCCCAGCACTTTGGGAGGCTGAGGCGAGCGGATCACGAGGTCAGGAGTTTGAGACCGGCCTGGGCAACATGGAGAAACCCCATCTCTTCTAAAAATACAAACATTGGCTGGGCGTGGTGGCGGGCGCCTGTAATCCCAGCTACTCGGGAGGCTGAGGCAGGAGAATCCTTTGCACCCAGGAGGCAGAGGTTGCAGTGAGCCAAGAACACGCCATTGCACTCCAGCCTGGGCGACAGGGCAAGACTC"
"chr1","16584669","16584941","chr1","21457548","21457821","33","4872879","GGCTGTGCATGGTGGCTCACTCCTGTAATCCCAGCCCTTTGGGAGGCTGAGGCGGGCAGATCACAAGGTCAGGAGTTTGAGACCAGCCTGGGCAACATGGAGAAACCCCATCTCCACTAAAAATACAAAAAGTAGATGGGCATGGTGGCAGGTGACTGTAATCACCCCTGCTCAGGAGGCTGAGGCAGGAGAATCCTTTGAACCCAGGAGGCTGAGGTTGCAGTGAGCCAAGATTTTGCCATTGCACTCCACTCTGGGTGACAGGGCAAGACT","GGCCATGCACGGTGGCTCACTCCTGTAATCCCAGCACTTTGGGAGGCTGAGGCGAGCGGATCACGAGGTCAGGAGTTTGAGACCGGCCTGGGCAACATGGAGAAACCCCATCTCTTCTAAAAATACAAACATTGGCTGGGCGTGGTGGCGGGCGCCTGTAATCCCAGCTACTCGGGAGGCTGAGGCAGGAGAATCCTTTGCACCCAGGAGGCAGAGGTTGCAGTGAGCCAAGAACACGCCATTGCACTCCAGCCTGGGCGACAGGGCAAGACTC"
"chr1","16590993","16591299","chr20","47103071","47103377","48","30512078","GGCCGTGCAACGTGGCTCACTCCTGTAATCTCAGCACTTTGGGAGGCTGAGGCGGGCAGAGCACGAGGTGAGGAGTTTGAGACTAGCCTGGGCAACATGGAGAAACCCCATCTCCACTAAAAATACAAAAAGTAGATGGGCGTCGTGGCGGGCAACTGTAATCACCACTAATCGGGAGGCTGAGGCAGAAGAATCCTTTGAACCCAGCAGGCAGATGTTGCAGTGAGCCAAGATTGCACTATTGCACTCCAGCATGGGTGACAGGGCAAGACTCATCAAAAAACAAACAAACAAAAAGATAAATAAA","GGCCGGGCACAGTGGCTCACGCCTGTAATCCCAGCACTTTGGGAGGCCGAGGCGGGCAGATCACAAGGTCAGGAGTTCGAGGCCACCCTGGCCAACATGGTGAAACCCCGTCTCTACTAAAAATACAAAAATTAGCCGGGTGTGGTGGCGGGCGCCTGTAATCCCAGCTACTTAGGAGGCTGAGGCAGAAGAATCACTTGAACCCAGGAGGCAGAGGTTGTAGTGAGCCAAGATCGCACCACTGCACTCCAGCCTGGTGACAGAGCAAGACTCCACCTCAAAATAAACAAATAAATAAATAAATAAA"
"chr1","16637582","16637884","chr3","50478779","50479083","8","33841197","GGCCGGGTGCGGTGGCTCACGCCTGTAATCCCAGCACTTTGGGAGGCTGAGGCGGGCAGATCATGAGGTCAGTAGTTCAAGACCAGCCTGGCCAACATGGTGAAATTGCGACTCTACTAAAAATACAAAAAGTAGCTGGGCGTGGTGGCATGTGCCTGTAATACCAGCTACTTGGGAGGCGGAGGCAGGAGAATTGCTTGAACCTGGGAGGCGGAGGTTGCAGTGAGCCATGATCGCACCACTGCACTCTAGTCTGGGTGACAGAGCAAGACTCCGTCTCAAAAAAAAAAAAAAAAAAAAAAA","GGCCGGGTGCGGTGGCTCATGCCTGTAATCCCAGCACTTTGGGAGGCTGAGGCGGGCAGATCACGAGGTCAGTAGTTCAAGACCAGCCTGGCCAACATGGTGAAATTGCGACTCTACTAAAAATACAAAAAGTAGCTGGGCGCGGTGGCATGTGCCTGTAATACCAGCTATTTGGGAGGCGGAGGCAGGAGAATTGCTTGAACCTGGGAGGCGGAGGTTGCAGTGAGCCATGATCGCGCCACTGCACTCTAGTCTGGGTGACAGAGCAAGACTCTGTCTCAAAAAAAAAAAAAAAAAAAAAAAAA"
"chr1","16662677","16662956","chr1","16779525","16779828","36","116848","GGCCAGGTGCAGTGGCCTATGCCTGTAACCCCAGCGCTTTGGGAAGCCATAGCAGGAGGATCATGAGGTCAGGAGTTCAAGACAGCCTGACCAACATGGTGAAACCCCGTGTCTACTAAAAATACAAAAATTAGCCAAGTGTGGTGGTGTGTGCCTGTAATCCCAGCTACTCAGGAGGCTGAGACAGGAGAATTGCTTGAACCCGGGAAGCAGTGGTTGCAGTGAGCCGAGATTGCACCACTGCACTCTAGCTTAGGCGACAGAGTGAGACTACATCTCA","GGCCAGGTGCAGTGGTCCATGCCTGTAACCCCAGCACTTTGGGAAGCCATAGCAGGAGGATCATGAGGTCTTGAGTTCAAGACCAGCCTGACCAACATGGTGAAACCCTGTGTCTACTAAAAATACAAAAATTAGTCAGGTGTGGTGGTGTGCGCCTGTAATCCCAGCTACTCAGGAGGCTGAGACAGGAGAATTGCTTGAACCTGGGAAGCAGAGGTTGCAGTGAGCCGAGATTGCACCACTGCACTCTAGCTTAGGTGACAGAGTGAGACTACATCTCAAAATAAATAAATAAATAAATAAA"
"chr1","16714614","16714904","chr1","6426187","6426480","19","10288427","GGTCTGGTGCAGTGGTTCATGCCTGTAATCCCAGCACTTTGGGAAGCTGAGGCGGGCGGATCACAAGGTCAGGAACTTGAGACCAGCTTGGCCAATACGGTGAAACCCCGTCTCTACTAAAAAATACAAAAATTAGCTGGGCATGGTGGTGGGTGTCTGTAATCCCGCTACTCAGGAGGCTGAGGCAGGAGAATTGCTTGAACCCGGAAGGCGGAGGTTGCAGTGAACCAAGATTGCGCCACTGCACTCAAGCCTGGGCGACAGAGCAAGACTCCATCTCAGGGGGAAAAA","GGTCTGGTGCAGTGGCTCATGCCTGTAATCCCAGCACTTTGGGAAGCTGAGGCGGGCGGATCACGAGGTCAGGAATTTGAGGCCAGCCCGGCCGATACGGTGAAACCCCATCTCTACTAAAAAATACAAAAATTAGCCGGGCATGGTGGTGGGTGTCTGTAATCCCAGCTACTTAGGAGGCTGAGGCAGGATAATTGCTTGAACCCGGAAGGCGGAGGTTGCAGTGAACTAAGATCGCGCCGCTGCACTCCAGCCTGGGCGACAGAGCAAGACTCCATCTCAGGAGGAAAAAAA"
"chr1","16714918","16715226","chr9","106003965","106004272","32","89289047","GCTGGGTGTGGTGGCTCACACCTGTAATCCCAGCACTTTGGGAGGCTGAGGCGGGCGGAACACGAGGTCAGGAGTTCGAGACCAGCCTGGCCAACATGGAGAAACCCCGTCTCTACTAAAAAATACAAAAATTAGCCGGGTGTGGTGGCACGTGCCTGTAGTCCCAGCAACTCGGGAGGCTGAGGCAGGAGAATTGCTGGAACCCGGGAGGCGGAGCTTGCAGTGAGCCAAGATCGAGCCACTGTACTCCAGCCTGGGCGACAGAGCAAGACTCCGTCTCAAAAAAGAAAAAGAAAAGAAAAGAAAAGA","GGCCGGGTGTGGTGGCTCACGCCTGTAATCCCAGCACTTTGGGAGGTGAGGTGGGTGGATCACGAGGTCAGGAGTTTGAGACCAGCCTGACCAACATGGTGAAACCCCGTCTCTACTAAAAATACAAAAATTAGCTGGGCCTGGTGGCGCGTGCCTGTAATCCCAGCTACTCAGGAGGCTGAGGCAGGAGAATCGCTTGAACCCAGGAGGCGGAGGTTGCAGTGAGCCGAAATCAAGCCACTGCACTCCAGCCTGGGCAACAGAGCAAGACTCTGTCTCAAAAAAGAAAAAGAAAAAAGAATGAAAAA"
"chr1","16744506","16744785","chr1","16779525","16779828","36","35019","GGCCAGGTGCAGTGGCCTATGCCTGTAACCCCAGCGCTTTGGGAAGCCATAGCAGGAGGATCATGAGGTCAGGAGTTCAAGACAGCCTGACCAACATGGTGAAACCCCGTGTCTACTAAAAATACAAAAATTAGCCAAGTGTGGTGGTGTGTGCCTGTAATCCCAGCTACTCAGGAGGCTGAGACAGGAGAATTGCTTGAACCCGGGAAGCAGTGGTTGCAGTGAGCCGAGATTGCACCACTGCACTCTAGCTTAGGCGACAGAGTGAGACTACATCTCA","GGCCAGGTGCAGTGGTCCATGCCTGTAACCCCAGCACTTTGGGAAGCCATAGCAGGAGGATCATGAGGTCTTGAGTTCAAGACCAGCCTGACCAACATGGTGAAACCCTGTGTCTACTAAAAATACAAAAATTAGTCAGGTGTGGTGGTGTGCGCCTGTAATCCCAGCTACTCAGGAGGCTGAGACAGGAGAATTGCTTGAACCTGGGAAGCAGAGGTTGCAGTGAGCCGAGATTGCACCACTGCACTCTAGCTTAGGTGACAGAGTGAGACTACATCTCAAAATAAATAAATAAATAAATAAA"
"chr1","16899981","16900261","chr4","40755935","40756214","34","23855954","GACCAGATGCAGCGGCTCACGCCTGTAACCCCAGCACTTTGGGAAGCCGTAGCAGGTGAATCATGAGGTCAGGAGTTCGAGACCAGCCTGACCAACATGGTGAAACCCTGTGTCTACTAAAAATACAAAAATTAGCTGGGTGGGGTGGCGCACGTCTGTAATTCCAGCTACTCACGAGGCTGAGGCAGGAGAATTGCTTGAACCCGGGAGGCAGAGGTTGCAGTGAGCCGAGATTGTACCACTGCACTCTAGCTTAGGCAACAGAGTGAGACTATGTCTCA","GGCTGGGTGCAGTGGCTCACGCCTGTAATCCCAGCACTTTGGGAGGCCGAGACAGGTGGATCATGAGGTCAGGAGTTTGAGACCAGCTTGACCAACAGGGTGAAACCCTGTCTCTACTAAAAATACAAAAATTAGCTGGGCGTGGTGGTGCATGCCTGTAATCCCAGCTACTCAGGAGGCTGAGGCAGGAGAATTGCTTGAACCCAGGAGGCAGAGATTGCAGTGAGCTGAGATCACACCACTGCACTTCAGCTGGGCAACAGAGTGAGACTCCATCTCA"
"chr1","16951881","16952175","chr6","46052835","46053134","41","29100954","GTAGCTCATGCCTGTAATCCCAGCACTTTGGGAGGCCGAGGTGGGCAGATTACGAGGTCAAAAGTTCGAGACACCCTGACCAATATGGTGAAATCCCGTCTCTACTAAAAATGCAAAAATTAGCCAGGCGTGGTGGCGCGCCTATAATCCCAGCTACTCAGGAAGCAGAGGCAGGAGAATCGCTTGAACCCAGAAAGTGGAGGTTGCAGTGAGCCGAGATTGCGCCACTGCAATCCAGCCTAAGCAACAGAGCAAGACTCCGTCTCAAAAAAAGAAAAAAGAAAAAAAAAAAAGA","GGTGGCTCACGCCTGTAATCCCAGCACTTTGGGAGGCCAAGGTGGGCAGATCATGAGGTCAGGAGTTCAAGACTACCCTGACCAACATGGTGAAACCCCGTCTCTACTAAAAATACAAAAATTAGCTGGGCGTGGTGGTGCACGCCTGTAATCTCAGCTACTCAGTAGGCTGAGGCAGGAGAATCGCTTGAACTCAGGAGGTGGAGGTTGCAGTGAGCCAAGATCGCGCCACTACACTCCAGCCTGGGTGACAGAGCGAGACTCCATCTCAAAAAAAAAAAAAAAAAAAAAAGGAAAGAA"
"chr1","16964373","16964680","chr1","16861837","16862146","7","102536","CTGGGAGCAGTGGCTCACACCTGTAATCCCAGCACTTTGGGATGCCGAGGTGGGCAGATCACGAGGTCAGCAGTTCGAGACCGGCCTGGCCAACATGGTGAAAACCCGTCTCTACTAAAAATACAAAAATTAGGTGTGGTGGCGGGCGCCTGTAATCCCAGCTACTCAGGAGGCTGAGGCAGGAGAATTGCTTGAACTGGGACCTGGGAGGCAGAGGTTGCAGTGAGCTAAGACTGCACCATTACACTCCAGCCTGGGCAACAGAGTGAGACTCGGTCAAAAAAAAGAAGAAAGAAGAGGAAAGAAAA","GACTGGGAGCAGTGGCTCACACCTGTAATCCCAGCACTTTGGGATGCCGAGGTGGGCAGATCACGAGGTCAGCAGTTCGAGACCAGCCTGGCCAACATGGTGAAAACCTGTCTCTACTAAAAATACAAAAATTAGGTGTGGTGGCGGGCGCCTGTAATCCCAGCTACTCAGGAAGCTGAGGCAGGAGAATTGCTTGAACTGGGACCTGGGAGGCAGAGGTTGCAGTGAGCTAAGACTGCACCATTACACTCCAGCCTGGGCAACAGAGTGAGACTCCATCAAAAAAAAGAAGAAAGAAGAGGAAAGAAAA"
"chr1","17030688","17030936","chr1","16929298","16929550","10","101390","GAGGCCGAGGCGGGCAGATCACAAGGTCAGAGTTCGAGACCAGCCTGACCAACGTGGTAAAACCCCGTCTCTACTAAAAATACAAAAATTAGCCAGGTGTGGTGGCGGGCGTCTATAATCCCAGCTACTCAGGAGGCTGAGGCAGGAGAATCACTTGAACCCGGGAGGCAGAGGTTGCAGTAAGCCGAGATCGTGCCACTGCACTCCAGCCTGGGCGACAGAGCAAGACTCCATCTAAAAAAAAAAAAA","TTCGGAGGCCAAGGCGGGCAGATCACAAGGTCAGAGTTCGAGACCAGCCTGACCAACATGGTAAAACCCCGTCTCTACTAAAAATACAAAAATTAGCCAGGTGTGGTGGCGGGCACCTATAATCCCAGCTACTCAGGAGGCTGAGGCAGGAGAATCACTTGAACCCGGGAGGCAGAGGTTGCAGTAAGCCGAGATTGTGCCACTGCACTCCAGCCTGGGCGACAGAGCAAGACACCATCTAAAAAAAAAAAAA"
"chr1","17041920","17042184","chr1","16940644","16940908","6","101276","GACTGGGTGCATTGGCTCATGCCTGTAATCCCAGCACTTTGGGAGGCCAAAGCAGGCCGACATGGTGAAACCCCATCTCTACTAAAAATATAAAAATTAGCCAGGCATGGTGGCACATGCCTGTAATCCCAGCCACTTGGGAGGCTAATGGGGGAGAATCACTTGAACATGGGAGGCGGAGGTTGCAGTGAGCCAAGATCACACCACTGCACTCCAGCCTGGGCAACAGAGTGAGACTCTGTCTCAAAAAAAAAAGAAAAAAAAA","GACTGGGTGCATTGGCTCACGCCTGTAATCCCAGCACTTTGGGAGGCCAAAGCAGGCCGACATGGTGAAACCCCATCTCTACTAAAAATACAAAAATTAGCCAGGCATGGTGGCACATGCCTGTAATCCCAGCCACTCGGGAGGCTAATGGGGGAGAATCACTTGAACATGGGAGGCAGAGGTTGCAGTGAGCCAAGATCACACCACTGCACTCCAGCCTGGGCAACAGAGTGAGACTCTGTCTCAAAAAAAAAAAGAAAAAAAA"
"chr1","17076216","17076510","chr1","16976531","16976823","7","99685","CCAGGCACAGTGGCTCACACCTGTAATCCCAGCAGTTTGGGAGGCCAAGGAGGGCGGATCATGAGGTCAGGAGTTCAAGACCAGCTTGGCCAACATGGTGAAACCCTGTCTCTACTAAAAATGCAAAAATTAGCCGGGCGTGGTGGCACACGCCTGTAGTCCCAGCTACTCAGGATGCTGAGGCAGGAGAATTGCTTGAACCCGGGAGGCAGAGGTTGCAGTGAACCAAGATCATGCCACTCTACTCCAGCCTGGGCAACATAGCAAGACTCCATCTCGGGGGAAAAAAAAAAGA","CCAGGCACAGTGGCTCACACCTGTAATCCCAGCAGTTTGGGAGGCCAAGGAGGGCGGATCATGAGGTCAGGAGTTCAAGACCAGCTTGGCCAACATGGTGAAACCCTGTCTCTACTAAAAATACAAAAATTAGCCGGGCGTGGTGGCACACGCCTGTAGTCCCACCTACTCAGGATGCTGAGGCAGGAGAATTGCTTGAACCTGGGAGGCAGAGGTTGCAGTGAACCAAGATCATGCCACTGCACTCCAGCCTGGGCAACATAGCAAGACTCCATCTCGGGGGAAAAAAAAAA"
"chr1","17088628","17088931","chr1","16988850","16989149","7","99778","GCCGGGTGCAGTAGCTCACGCCTGTAATCCCAGCACTTTGGGATGCTGAGGCGGGCGAATCACGAGGTCAGGAGTTTGAGACAAGACTGGCCAACACAGTGAAACCCCGTCTCTACTAAAAATACAAAAATTAGCCGGACATGGTGGTGCGTGCCTGTAATCCTAGCTACTCGGGAGGCTGAGGCAGGAATATCACTTGAACCCAGGAGGCAGAGATTGTGGTGAGCCAAGATTGCACCACTGCACTCCAGCCTGGGCGACAGAGCGAGACTCCATCTCAAAAAAAAAAAAAAAAAAAAAAAAA","GCCGGGTGCAGTAGCTCACGCCTGGAATCCCAGCACTTTGGGATGCTGAGGCGGGCGAATCACGAGGTCAGGAGTTTGAGACAAGACTGGCCAACACAGTGAAACCCCGTCTCTACTAAAAATACAAAAATTAGCCGGACGTGGTGGTGCGTGCCTGTAATCCTAGCTACTCGGGAGGCTGAGGCAGGAATATCACTTGAACCCAGGAGGCAGAGATTGTGGTGAGCCAAGATTGCACCATTGCACTCCAGCCTGGGCGACAGAGCGAGACTCCATCTCAAAAAAAAAAAAAAAAAAAAA"
"chr1","17093084","17093393","chr5","138967903","138968211","33","121874819","GGCCGGGCGTGGTGGCTCACACCTGTAATCCTAGCATTTTGGGAGGCCAAGGCAGGCAGATCATGAGGTGAGGAGTTCAAGACCAGCCTAACCAATATGGTGAAACCCCATCTCTACTAAAAATACAAAAATTGGCTGAGCGTGGTGGCATGCACCTGTAATCCCAACTACTCAGGAGGCTGAGGCAGGAGAATCACTTGAACCCAGGAGGCAGAGATTGCAGTGAGCCAAGATCATGCCACTGCACTCCAGCCTGGGCAACAGAGCAAGACTCTGTCTCAAGAAAAAAAAAGAAGAAGAAGAAGAAGAA","GCTGGGCGCAGTGGCTCATGCCTGTAATCCCAGCATTTTGGGAGGCCGAGGCAGGCAGATCACGAGGTCAGGAGTTCAAGACCAGCCTGACCAACATGGTGAAACCCCCTCTCTACTAAAAATACAAAAATTAGCCAGGCATGGTGGCAGGGGCCTGTAATCCCAGCTACTCAGGAGGCTGAGGCAGGAGAATCGCTTGAACCCGGGAGGCAGAGGTTGCAGTAGGCCAAGATCACGCCACTGCACTCCAGCCAGGGCAACAGAGGAAGACTCTGTCTCAAAAAAAAAAAAAAGAAGAAGAAGAAGAAA"
"chr1","17202398","17202698","chr1","17107338","17107636","8","95060","GGCTGGGCACAGTGGCTCATGCCTGTAATCCCAACACTTTGGTAGGCCGAGGCGGGCGGATCTCGAGTCAAGAGTTCAAGACCAGCCTGGCCAACACGGTGAAACCCCGTCTTTACTAAGAATACAAAAATTAGCGGGATGTGGTAGCAGGCACCTGTAATTCCAACTACTTGGGAGGCTGAGGCAGGAGAATTGCTTGAACCTGGGAGGTGGAGGTTACAGTGAGCCAAGCTTGCACCACTGCACTCCAGCCTGGGCAACAGAGCAAGACTCTGTCTTGAAAAAAAAAAAAAAAAAAGAA","GGCTTGGCGCAGTGGCTCATGCCTGTAATCCCAACACTTTGGTAGGCCGAGGCAGGCGGATCTCGAGTCAAGAGTTCAAGACCAGCCTGGCCAACACGGTGAAACCCCGTCTTTACTAAGAATACAAAAATTAGCGGGATGTGGTAGCAGGCACCTGTAATTCCAACTACTTGGGAGGCTGAGGCAGAAGAATTGCTTGAACCTGGGAGGTGGAGGTTACAGTGAGCCAAGATTGCACCACTGCACTCCAGCCTGGGCAACAGAGCAAGACTCCGTCTTGAAAAAAAAAAAAAAAAGAA"
"chr1","17357174","17357465","chr21","23345122","23345414","39","5987948","GCCAGGCGTGGTGGCTCATGCCTGTAACCCCAGCACTTTGGGAGGCCGAGGTGGGTGGATCACCAGGTCAGGAGTTCGAGACCAGCCTGGCCAGCATGGCAAAACCCCATCTCTACTAAAAATACAAAACATTAGCCAGGTGTGGTGGTGCACACCTGTAATCCCAGCTACTCGGAAGGCTGGGGCAGGAGAATCACTTGAACCCGGGATGCAGAGGCTGCAGAGAGTCGAGATCGCGCCATTGCACTCCAGCCTGGGCAATAGAGGAAAACTTCGTTTCAAAAGAAAAGAA","GGCCGGGTGTGGTGGCTCACGCCTGTAATCCCAGCACTTTGGGAGGCCGAGGTGGATGGATCAGGAGGTGAGGAGTTCAAGACCAGCCTGGCCAAGATGGTGAAACCCCATCTCTACCAAAAATATAAAAATTAGTCAGGTGTGGTGGTGCACGCCTGTAACCCCAGCTACTCGGGAGGCTGAGGCAGAAGAATCACTTGAACCCGGGAGGCGGAGGCTGCAGTAAGCCGAGATCACGCCACTGCACTCCAGCCTGGGCAACAAAGTGAGACTCCGTTTCAAAAAAAAAAAAA"
"chr1","17375976","17376272","chr1","17278891","17279186","7","97085","GGCCAGGCACAGTGGCTCACGCTTGTAATCCCAGCACTTGGGGAGGCCGAGGCAGGTGGATCGCGAGGTCAGGAGTTCGAGACCAGCCTGGCCAACATGGTGAAAACCTGTCTCTACTAAAAATATAAAAATTAGCCAGGCATGGTGGCACACACCTATAGTCCCAGCTAATCTGGAGGCTGAGGTAGGAGAATCACTTGAACCTGGGAGGCAGAGGTTACAGTGAGCCGAGATCATGCCACTGTACTCCAGCCTGAGTGACAGTAAGACTCATCTCAGAAAAAAAAGAAAAAAAAA","GGCCAGGCACAGTGGCTCACGCTTGTAATCCCAGCACTTGGGGAGGCCGAGGCAGGTGGATCGCGAGGTCAGGAGTTTGAGACCAGCCTGGCCAATATGGTGAAAACCTGTCTCTACTAAAAATATAAAAATTAGCCAGGCATGGTGGCACACACCTATAGTCCCAGCTAATCTGGGCTGAGGTAGGAGAATCACTTGAACCTGGGAGGCAGAGGTTACAGTGAGCCGAGATCATGCCACTGTACTCCAGCCTGAGTGACAGTAAGACTCATCTCAAAAAAAAAGAAAAAAAAAAA"
"chr1","17405548","17405833","chr1","17308448","17308734","2","97100","GACCGAGCGCGGTGGCTCATGCCTGTAATCCCAGCACTTTGGGAGGCGGCCAAGGTGGGAGGATCACGAGGTCAGGAGTTCGGGACCAGCCTGGACAACATGGTGAAACCCCATCTCTACTAAAAATACAAAAATTAGCCAGGCATGTGGTGGACACCTGTAATCCCAGCTACTCAGGAGGCTGAGGCAGGAGAATCGCTTGAACCCAGGAGGCAGAGGTTGCAGTGAGCTGCGATTATGCCACTGCACTCCAGCCTGGGTGAAAGAAACTCAGTCTCCAAAAAGA","GACCGAGCGCGGTGGCTCATGCCTGTAATCCCAGCACTTTGGGAGGCGGCCAAGGTGGGAGGATCACGAGGTCAGGAGTTCGGGACCAGCCTGGACAACATGGTGAAACCCCCATCTCTACTAAAAATACAAAAATTAGCCAGGCATGTGGTGGACACCTGTAATCCCAGCTACTCAGGAGGCTGAGGCAGGAGAATCGCTTGAACCCAGGAGGCAGAGGTTGCAGTGAGCTGCGATTATGCCACTGCACTCCAGCCTGGGTGAAAGAAACTCAGTCTCAAAAAAGA"
"chr1","17434831","17435101","chr1","17338145","17338416","3","96686","GGCGGGGCGTGGTGGCTCACGCCTGTAATCGCAGCACTTTGGGAGGCGGGCAAATCACGAGGTCAGGAGTTCAAGACAGCCTGGCCAACATGGTGAAACCCCATCTCTACTGAAAATACAAAAATTACCGAGCACAGTGACAGGTGCCTGTCATCTCAGCTACTCAGGAGGCTGAGGCAGGAGAGTTGCTTGAACCCAGGAGGTGGAGGCTGCAGTGAGCTGAGATCACACCACTGCACTCCAGCCTGGGAGACAGAGCAAGACTCCATCT","GGCGGGGCGTGGTGGCTCACGCCTGTAATCACAGCACTTTGGGAGGCGGGCAAATCACGAGGTCAGGAGTTCAAGACAGCCTGGCCAACATGGTGAAACCCCGTCTCTACTGAAAATACAAAAATTACCCGAGCACAGTGACAGGTGCCTGTCATCTCAGCTACTCAGGAGGCTGAGGCAGGAGAGTTGCTTGAACCCAGGAGGTGGAGGCTGCAGTGAGCTGAGATCACACCACTGCACTCCAGCCTGGGAGACAGAGCAAGACTCCATCT"
"chr1","17442508","17442786","chr1","17344323","17344605","12","98185","GGCTGGGCACAGTGGCTCACGCCTGTAATCCTAGCACTTTGGGAGGCGAAGGCGGGCAAATCACGAGGTCAGAAGTTCAAGACCAGCCTGGCCAACATGGTGAAACCCCGTCTCTACTAAAAATACAAAATTAGCTAGGCGTGGTGGTATGCGCCTGTAATCCCAGCTACTTGGGAGGCTGAGGCAGGAGACTGCTTGAACCTGGGAGGTGGAGGTTGCCACCACTGCACTCCAGCCCGGGTGACAGTGCGAGACCCCACCTCAAAAGAAAAAAAAAAA","GGCTGGGCACAGTGGCTCACGCCTGTAATCCTAGCACTTTGGGAGGCGAAGGCGGGCAAATCACGAGGTCAGAAGTTCAAGACCAGCCTGGCCAACATGGTGAAACCCCGTCTCTACTAAAAATACAAAATTAGCTGGGCGTGGTGGCACGCACCTGTAATCCTAGCTACTTGGGAGGCTGAGGCAGGAGACTGCTTGAACCTGGGAGGTGGAGGTTGCCACCACTGCACTCCAGCCCGGGTGACAGTGCAAGACCCCGCCTCAAAAAAAAAAAAAAAAAGAA"
"chr1","17454030","17454336","chr1","17356097","17356397","9","97933","GGCCGGGCGCTGTGGCTCATGCCTGTAATCCCAGCACTTTGGGAGGCCAAGGTGGGCGGATCACAAGGTCAGGAGTTCGAGACCAGACTGACCAACATGCTGAATCCCTGTCTCTACTAAAAATACAACAATTAGCCGGGGGTGGTCATGGGCACCTGTAATTCCAGCTACTCAGGAGGCTGAGGCAGGAGAATCACTTGACCCCGGGAGGTGGAGGTTGCAATGAGCCAAGATAGTGCCACTGCACTCCAGCCTGGACGACAGAGCAAGACTCTGTCTCAAAAAAAAAAAAAAAAAAAAGAGAAAA","GGCCAGGCGCTGTGGCTCATGCCTGTAATCCCAGCACTTTGGGAGGCCAAGGTGGGCGGATCACAAGGTCAGGAGTTCGAGACCAGACTGACCAACATGCTGAATCCCTGTCTCTACTAAAAATACAACTAGCCGGGGGTGGTGGTGGGCACCTGTAATTCCAGCTACTCAGGAGGCTGAGGCAGGAGAATCACTTGACCCCGGGAGGTGGAGGTTGCAATGAGCCAAGATAGTGCCACTGCACTCCAGCCTGGACGACAGAGCAAGACTCTGTCTCAAAAAAAAAAAAAAAAAGAGAAAA"
"chr1","17465721","17466031","chrX","16714199","16714507","34","751522","GGCCAGGTGTGGTGGCTCACGCCTGTAATCCCAGCACTTTGGGAGGCCGAGGCGGGTGGATCAGGAAGTCAGGAGTTAGAGACCCGCCTGGCCAACATGGTGAAAACCCATCTCTACTAAAAATACAAATATGTGCCGGGCGTGGTGGCACAGGTCTGTAATCCCAGCTACTCGGGAGGCTGAGGCAGGCGAACTGCTTGAACCCGAGAGGTGGAGGTTGCAGTGAGCTGAGATTGCACCATTGCACTCCAGCCTGGGCAACAAGAGCAAGATTCCGTCTCAAAAAAAAAAAAAAAAAAAAGAAGAAGAAA","GGCCAGGTGTGGTGGCTCACACCTGTAATCCCAGCACTTTGGGAGGCCAAGGCGGGCGGATCATGAAGTCAGGAATTCGAGACCAGCCTGGCCAACATGGTGAAACCCCGTCTCTACCTAAAATACAAAAATTAGCTGGGCATGGTGGCCCGTGCCTGTAATCCCAGCTACTCGGGAGGATGAAGCAGGAGAATTGCTTGAGCCCGGGAGGCGGAGGTTGCAGTGAGCTGAGATCGCACCATTGCACTCCAGCCTGAGCGACAAGAGCAAGACTCCGTCTCAAAAAAAAAAAAAAAAAAAAAAAAAAAA"
"chr1","17482522","17482786","chr1","17387605","17387869","3","94917","TCCCAGCATTTTGGGAGGCTGAGGCAGGCGGATCACGAGGTCAGGGGTTCAAGACCAACCTGGCCAATATGTGAAACCCAGTCTCTACTGAAAAATACAAAAATTAGTCGGGCGTGGGGGTGAGCGCCTGTAATCCCAGCTACTTGGGAGCTGAGGCAGGAGAATCGCTTGAACCCGGGAGGCAGAGGTTGCAGTGAGCTGAGATCAAGCCACTGCACTCCAGCCTGAGTGACAGAGCAAGACTCCCTCTCAAAACAAAACAAAA","TCCCAGCATTTTGGGAGGCTGAGGCAGGCGGATCACGAGGTCAGGGGTTCAAGACCAACCTGGCCAATATGTGAAACCCAGTCCCTACTGAAAAATACAAAAATTAGTCGGGCGTGGTGGTGAGCGCCTGTAATCCCAGCTACTTGGGAGCTGAGGCAGGAGAATCGCTTGAACCGGGGAGGCAGAGGTTGCAGTGAGCTGAGATCAAGCCACTGCACTCCAGCCTGAGTGACAGAGCAAGACTCCCTCTCAAAACAAAACAAAA"
"chr1","17489872","17490170","chr1","17395387","17395685","7","94485","GCTGGATGTGGTGGCTCACGCCTATAATCCCAGCACATTGGAGGCCAAGGTGGGCGGATCACAAGGTCAGGAGTTCAAGACCAGCCTGGCCAACATAGTGAAACCCCGTCTCTACCAAGAATACAAAAATATAGCTGAGCGTGGTGGCGGGTGCCTGTAATCCCAGCTACTCGGGAGGCTGAGGATCGCTTGAACCCGGGAGGCGGAGGTTGCAGGTTGCAGTGAGCAGAGATTGCGCCACTGTACTCCAGCCTGGGTGACTGTGCGAGACTCCATCTCCAAAAAAATAAAAAATAAAA","GCTAGATGTGGTGGCTCATGCCGATAATCCCAGCACATTGGAGGCCAAGGTGGGCGGATCACGAGGTCAGGAGTTCAAGACCAGCCTGGCCAACATAATGAAACCCCGTCTCTACCAAGAATACAAAAATATAGCTGAGCGTGGTGGCGGGTGCCTGTAATCCCAGCTACTCGGGAGGCTGAGAATCGCTTGAACCCAGGAGGCGGAGGTTGCAGGTTGCAGTGAGCAGAGATTGCGCCACTGTACTCCAGCCTGGGTGACTGTGCGAGACTCCATCTCCAAAAAAATAAAAAATAAAA"
"chr1","17501885","17502193","chr1","17408138","17408444","9","93747","GCCAGGTGCGGTGGCTCACGCCTGTAATCCCAGCACTTTGGGAGGCTGAGGCAGGAGGATCACAAGGTCAGGAGTTCGAGACCAGCCTGACCAACATGGTGAAACCCTGTCTCTACTAAAAATACAAAAATTAGCCAGGCATGGTGGTGGGAGCCTGTAATCCCAGCTACTTGAGAGGCTGAGGCAGGAGAATCGCTTGAACCCAGGAGGTGGAGGTTACAGTGAGCCGAGATCGTGCCACTGCACTCCAGCCTGGGCAACAGAGCAAGACTGTGTCTCCAAAAAAAAAAAAAAAAAGAGGAAGAAAGA","GCCAGGTGCGGTGGCTCACGCCTGTAATCCCAGCACTTTGGGAGGCTGAGGCAGGAGGATCACAAGGTCAGGAGTTCGAGACCAGCCTGACCAACATGGTGAAACCCTGTCTCTACTAAAAATGCAAAAATTAGCCAGGCATGGTGGTGGGAGCCTGTAATCCCAGCTACTTGAGAGGCTGAGGCAGGAGAATCGCTTGAACCCAGGAGGTGGAGGTTACAGTGAGCCGAGATCGTGCCACTGCACTCCAGCCTGGGCAACAGAGCAAGACTGTGTCTCCAAAAAAAAAGGAAGAAAGAAACAGAAA"
"chr1","17504321","17504454","chr3","188468174","188468307","16","170963853","GGCCAGGTCCGGTGGCTCACACCTGTAATCCCAGAACTTTGGGAGGCGGAGGCGGGCAAATCACGAGGTCAGGAGTTCGAGACTAGCCTGGCCAATATGGTAAAACTCCATCTCTAATAAAAATACAAAAATTA","GGCCAGGTGTGGTGGCTCACACCTGTAATCCCAGCACTTTGGGAGGCCAAGCCGGGCAGATCAAGAGGTCAGGAGTTCGAGACCAGCCTGGCCAACATGGTGATACCCCATCGGTACTAAAAATACAAAAATTA"
"chr1","17504455","17504757","chr1","17411209","17411511","7","93246","GCTGGGCACAGTGGCTCACGCCTATAATCCCAGCACTTTGGGAGGCAGAGGTGGGCAGATCACGAGGTCAGCAGTTTGAGACCAGCCTGGCCAACATGGGTTAAACTCCGTCTCTACTAAAAATACAAAAATTAGCCAGGTATGTTGGCAGGCACCTGTAATCCCAGCTACTCGGGCGGCTGAGGCAGGAGAATTGCTTGAACCCAGGAGACAGAGGTTGCAGTGAGCCGAGATCAGGCCACTGCACTCAAGCCTGGGTGACAGAGCAAGACTCCGTCTTGGAAAAAAATAAAAATACAAAAA","GCTGGGCGCAGTGGCTCACGCCTATAATCCCAGCACTTTGGGAGGCAGAGGTGGGCAGATCACGAGGTCAGCAGTTTGAGATCAGCCTGGCCAACATGGGTTAAACTCCGTCTCTACTAAAAATACAAAAATTAGCCAGGTATGTTGGCAGGCGCCTGTAATCCCAGCTACTTGGGAGGCTGAGGCAGGAGAATTGATTGAACCCAGGAGACAGAGGTTGCAGTGAGCCGAGATCACGCCACTGCACTCAAGCCTGGGTGACAGAGCAAGACTCCGTCTTGGAAAAAAATAAAAATACAAAAA"
"chr1","17504758","17504923","chr3","124934942","124935107","24","107430184","TTATCTGGGCATGGTGGCACGCGCCTGCAATCTCAGTTACTAGGGAGGCTGAGGCAGGAGAATCGCTTGAACCCAGGAGGCGGAGGTTGCAGTGAGCCGAGATCGTGCCACTGCACTCCAGCCTGGGCGACAGAGCAAGACTCCGTTTCAAAAAAAAAAAAAAAAA","TAGCCAGGACATGGTGGCTCACGCCTGTAATCTCAGCTAGTCAGGAGGCTGAGGCAGGAGAATTGCTTGAACCTGGGAGGCAGAGGTTGCAGTGAGCCGAGATTGTGCCACTGCACTCCAGCCTGGGTGACAGAGCAAGACTCCATCTTAGAAAAATAAAATAAAA"
"chr1","17800584","17800892","chr1","17710417","17710718","11","90167","GGCCGGGCACAGTGGCTCATGCCTGTAATCCCAGCGCTTTGGGAGGCTGAGGTGGGTGGATCACGAGGTGAGGAGTTTGAGACCAGCCTGGCCAACATATCAAAACCCAGACTCTACTAAAAATACAAAAATTAGCCAGGCATGGTGGTACGCACCTTTAGTCCTAGCTACTCGGGAGGCTGAAGCAGGAGAATTGATTGAACCCGGGTGCAGAGGGTGTGGTGAGCCGAGATCACGCCACTGCACTCCAGCCCTGGCAACAATAGTGCGAGACTCTGTCTCAAAAAAAAAAAAAAAAAAAAAAAAAAA","GGCCGGGCACAGTGGCTCATGCCTGTAATCCCAGCGCTTTGGGAGGCTGAGGTGGGTGGATCACGAGGTGAGGAGTTTGAGACCAGCCTGGCCAACATATCAAAACCCAGTCTCTACTAAAAATACAAAAATTAGCCAGGCATGGTGGCACGGGCCTTTAGTCCTAGCTACTCGGGAGGCTGAAGCAGGAGAATTGATTGAACCCGGGTGCAGAGGGTGTGGTGAGCCGAGATCACGCCACTGCACTCCAGCCCTGGCAACAATAGTGCGAGACTCTGTCTCAAAAAAAAAAAAAAAAAAAA"
"chr1","17880672","17880974","chr1","17792031","17792333","1","88641","GGTCAGGCGTGGTGATTCATGCCTGTAATCCTAGCACTTTGGGAGGCTGAGGCGGGCAGATCACAGGGTCAGGAGTTTGACGCCAGCCTGGCCAACATGGTGAACCCCGCCTCTATTAAAAATACCAAAATTAGCTGGGCGTGGTGGCACACACCTGTAATCTCAGCTACTTGGGAGGCTGAGGCAGGAGAATCACTTGAACCCGGGAGGTGGAGGTTGCAATGAGCCGAGATCGCACCACTGCACTCCAGCCTGGGGGACAGAACGAGACTCTGTCTCAATTAAAAACAAAAACAAAAAAAA","GGTCAGGCGTGGTGATTCATGCCTGTAATCCTAGCACTTTGGGCGGCTGAGGCGGGCAGATCACAGGGTCAGGAGTTTGACGCCAGCCTGGCCAACATGGTGAACCCCGCCTCTATTAAAAATACCAAAATTAGCTGGGCGTGGTGGCACACACCTGTAATCTCAGCTACTTGGGAGGCTGAGGCAGGAGAATCACTTGAACCCGGGAGGTGGAGGTTGCAATGAGCCGAGATCGCACCACTGCACTCCAGCCTGGGGGACAGAACGAGACTCTGTCTCAATTAAAAACAAAAACAAAAAAAA"
"chr1","18023467","18023729","chr1","17936580","17936835","8","86887","GACTGAGCGCGGTGGCTCACGCCTGTAATCCCAACACTTTGGGAGGCTGAGGCGGGCGGATCACAAGGTCAGGAGTTCGAGACCAGCCTGGCCAACATGATGAAACCCCATCTCTACTAAAAATACAAAAATTAGCCAGGTGGCGCATGCCTGTAACCCCATCTACTCAGGAGGCTGAGGCTTGAACCCAGGAGGCTGAGGCTGACGTGAGCTGAGATCTCGCCACTGCACTCCAGCCTGGGTGACAGAGAAAAAAAAAAAAA","GCGCGGTGGCTCACGCCTGTAATCCCAACACTTTGGGAGGCTGAGGCGGGTGGATCACAAGGTCAGGAGTTCGAGACCAGCCTGGCCAACATGATGAAACCCCATCTCTACTAAAAATACAAAAATTAGCCAGGTGGCGCATGCCTGTAACCCCATCTACTCAGGAGGCTGAGGCTTGAACCCAGGAGGCTGAGGCTGACGTGAGCTGAGATCTCGCCACTGCACTCCAGCCTGGGTGACAGAGAAAAAAAAAAAA"
"chr1","18368224","18368527","chr1","18294937","18295236","10","73287","GGCCAGGCACAGTGTCTCACGCCTGTAATCCTAACACTTTGGGAGGCCAAGGCGGGTGGATCATGAGGTCAGGAGTTCAAGACTAGCCTGACTAATGTGGTGAAACCCCATCTCTACTAAAAAAAAAAAATACAAAACTTAGCTGGGCTTGGTGGTGTGTGCCTATAATCCCAGCTACTCAGGAGGCTGAGACAGGAGAATCACTTGAACCCAGGAGGCAGAGGCTGCAGTGAGCCGAGATTGCACCACTGCACTCCAGCCTAGGTGATAGAGTGAGACTTCATCTCAAAAAGAAAAAAAAAAA","GGCCAGGCACAGTGTCTCACGCCTGTAATCCTAACACTTTGGGAGGCCAAGGCGGGTGGATCATGAGGTCAGGAGTTCAAGACTAGCCTGACTAATGTGGTGAAACCCCATCTCTACTAAAAAAAAATATATACAAAAATTAGCTGGGCTTGGTGGTGTGTGCCTATAATCCCAGCTACTCAGGAGGCTGAGACAGGAGAATCACTTGAACCCAGGAGGCGAGGCTGCAGTGAGCCAAGATTGCACCACTGCACTCCAGCCTAGGTGACAGAGTGAGACTTCATCTCAAAAAAAAAAAAA"
"chr1","18669844","18670104","chr1","18610137","18610396","7","59707","GGGAGGCCAAGGCAGGTGGATCACGAGGTCAGGAGTTCGAGACCAGTCTGGCCAACATGGTGAAACCCCGTCTCTACTAAAAATACAAAAATTAGCTGGGCGTGGTGGCACGTGCCTGTAGGCCAGCTACTCGGGAGGCTGAAGCAGGAGAATCATTTGAACCCAGGAGGCAGAGGTTGCAGTGAGCCGAGATCGTGCCACTGCACTCCAGTCTGGGTGACAGAGTGAGACTCCATCTCAAAAAAAAAAAAAAAAAAAAGA","GGGAGGCCAAGGCGGGTGGATCACGAGGTCAGGAGTTCAAGACCAGTCTGGCCAACATGGTAAAACCCCGTCTCTACTAAAAATACAAAAAGTAGCTGGGCGTGGTGGCACGTGCCTGTAGGCCAGCTACTCGGGAGGCTGAAGCAGGAGAATCATTTGAACCCAGGAGGCAGAGATTGCAGTGAGCCGAGATTGTGCCACTGCACTCCAGTCTGGGTGACAGAGTGAGACTCCATCTCAAAAAAAAAAAAAAAAAAAGA"
"chr1","18718644","18718939","chr1","18660678","18660968","9","57966","GGCTGGGTGCCGTGGCTCATGCCTGTAATCCCAGCACTTTGGGAGGCTGAGGCGGGAGGATCATGAGGTCAGGAGTTTGAGACCAGCCTGGCCAACATGGTGAAACCCTGTCTCTACTAAAAATGCAAAAATTAGCCAGCGTGGTGGTGCATGCCTGTAATCCCAGCTACTCGGGAGGCTGAGGCAGGAGAATTACTTGAACCTGGGAGGCGGAGGTTGCAGTGAGCTGAGATCGAGCCACTGAACTCCAGCCTGGCGACACAGCGAGACTCCCATCTCAAAAAAAAAAAAAGGAA","GGCTGGGTGCGGTGGCTCATGCCTGTAATCCCAGCACTTTGGGAGGCTGAGGCGGGAGGATCATGAGGTCAGGAGTTTGAGACCAGCCTGGCCAACATGGTGAAACCCTGTCTCTACTAAAAATGCAAAAATTAGCCAGCGTGGTGGTGCATGCCTGTAATCCCAGCTACTCGGGAGGCTGAGGCAGGAGAATTACTTGAACCTGGGAGGCGGAGGTGGCAGTGAGCTGAGATTGAGCCACTGCACTCCAGCCTGGCGACACAGCGAGACTCCATCTCAAAAAAAAAGGAA"
"chr1","19004368","19004651","chr1","18950325","18950602","12","54043","GCGGTGGCTCATGCCTGTAATCCCAGCACTTTGGGAGGCTGAGGCGGGCGGATCACAAGGTTAGGAGTTCGAGGCCAGCCTGGCCAACATGGTGAAACCCAGTCTCTATTAAAAATACAAAAATTAGCTGGGTGTGGTGGCTACTCCGGAGGCTGAGGCAGGAGAATCGCTTAAACCTGGGAGGTGGAGGTTGCAGTGAGCCGAGATCTCTCCACGGCACTCCAGCCTAGGAGACAAGAGCAAAACTCTGTCTTGGAAAAAAAAAGAAAAAAGAAAAACATAAA","GCGGTGGCTCATGCCTGTAATCCCAGCACTTTGGGAGGCTGAGGTGGGCGGATCACAAGGTTAGGAGTTCGAGACCAGCCTGGCCAACATGGTGAAACCCCGTCTCTATTAAAAATACAAAAATTAGTTGGGTGTGGTGGCTACTCTGGAGGCTGAGGCAGGAGAATCGCTTAAACCTGGGAGGTGGAGGTTGCAGTGAGCCGAGATCGCTCCACGGCACTCCAGCCTAGGAGACAAGAGCAAAACTCTGTCTTGGAAAAAAAAAGAAAAAAGAAAAA"
"chr1","19008691","19008985","chr1","18954640","18954934","6","54051","GGCTGGGTGCAGGGGCTCACGCCTGTAATCCCAGCACTTTGGGAGGCTGAGGTGGGTTGATCATGAGGTCAGGAGTTCGAGACCAGCCTGACCAATATGGTGAAACCCTATCTCTACTAAAATACAAAAATTAGCCAGGCGTGGTGGTGCGCATCTGTAATCCCAGCTACTCAGGAGGCTGAGGCAGGAGAATCGCTTGAACCCGGGAGGCAGAGGTTGCAGTGAGCCAAGATTGTGCCATTGCACTCCAGCCTGGGCAATAGAGTGAGACTTTGTCTAAAAAAAAAAAAAAAAA","GGCTGGGTGCAGGGGCTCACGCCTGTAATCCCAGCACTTTGGGAGGCTGAGGTGGATTGATCATGAGGTCAGGAGTTCGAGACCAGCCTGGCCAATATGGTGAAACCCTATCTCTACTAAAATACAAAAATTAGCCAGGCGTGGTGGTGCACATCTGTAATCCCAGCTACTCAGGAGGCTGAGGCAGGAGAATCGCTTGAACCCGGGAGGCAGAGGTTGCAGTGAGCCAAGATCGTGCCATTGCACTCCAGCCTGGGCAATAGAGTGAGACTTCGTCTCAAAAAAAAAAAAAAAA"
"chr1","19020509","19020818","chr1","18966434","18966742","6","54075","GGCCGGGTGCGGTGGCTCACACTTGTAATCCCAGCACTTTGGAAGGCCAAGGCAGGCACATCAGGAGGTCAGGAGTTCGAGACCAGCCTTACCAACACAGTGAAACCCCATCTCTACTAAAAATACAAAAATTAGCTGGGCCTGGTGGCAGGTGCCTGTAATCCCAGCTACTCAGGAGGCTGAGGCAGGAGAATCGCTGGAACCCAGGAGGCGGAGGTTGCAGTGAGCCAAGATGGCGCCACTGCACTGCAGCCTGGGGGACAGGGCGAGACTCTGTCAGAAAAAAAAATAAAATAAAATAAAAAAGAAA","GGCCGGGTGCGGTGGCTCACACTTGTAATCCCAGCACTTTGGAAGGCCGAGGCAGGCACATCAGGAGGTCAGGAGTTCGAGACCAGCCTTACCAACACAGTGAAACCCCATCTCTACTAAAAATACAAAAATTAGCTGGGCCTGGTGGCAGGTGCCTGTAATCCCAGCTACTCAGGAGGCTGAGGCAGGAGAATCGCTGGAACCCAGGAGACGGAGGTTGCAGTGAGCCAAGATCGCGCCACTGCACTCCAGCCTGGGGGACAGGGCGAGACTCCGTCAGAAAAAAAAATAAAATAAAATAAAAAAGAA"
"chr1","19048124","19048387","chr1","220340401","220340666","55","201292277","GGCAGCTCACGCCTGTAGTCCCAGCACTTTGGGAGGCTGAGTCAAGGAGTTTGAGACCAACATGGCGAAATCCCACCTCTACTAAAAATACAAAAATTAGCTGAGTGTGGTGACACATGCCTGTAATCCCAGCTACTCAGGAGGCTGAGGCAGGAGGATTGCTTGAGGCCAGGAGGTAGAGGTTGCAGTAAGCCGAGATTGTGCCACTGCACTGCAGCCTGTGTGACAGAGCGAGACCTTATCTCAAAAACAAAAGGAAAGAAA","GGCCGGGCACGGTGGCTCAGGCCTGTAATCCTAGCACTTTGGGAGGCCGAGACCAGCCTGACCAACATGGTGAAACCCTGTTTCTACTAAAAATGCAAAATTAGCTGGGCATGGTGGCACATGCCTGTAATCCCAGCTACTTGGGAGGCTGAGGCAGGAGAATCGCTTGAACCCAGGAGGCGGAGGTTGCAGTGAGCCGAGATTGTGCTACTGCACTCCAGCCTGGTGACAGAGCGAGACTCCATCTCAAAAAATAAATAAATAAA"
"chr1","19048472","19048484","chr5","180721314","180721324","4","161672842","GGAAAAGAAAGAA","GAGAAAAGAAA"
"chr1","19052175","19052483","chr1","18997006","18997315","8","55169","GGCCAGGTGCGGTGGCTCATGCCTGTAATCCCAGCACTTTGGGTGGCCAAGGTGAGCGGATCACAAGGTCAGGAGCTCAAGACCAACCCGACCAACATGGTGAAACCCCGTCTCTACTAAAAATACAAAAATTAGCCAGGCGTGGTGGCGTGCGCCTGTAGTCCCAGCTACTCAGGAGGCTGAGGTAGGAGAATCGCTGGAACCCAGGAGGCAGAGGTTGCAGAGAGCCGAGATTGCGCCATTGCACTCCAGCCTGGGTGACAGAGTGAGATTCCATCTCAAAAAAAAAAAAAAAGAAAGAAAGAAAAA","GGCCAGGTGCGGTGGCTGACGCCTGTAATCCCAGCACTTTGGGTGGCCAAGGTGAGCGGATCACAAGGTCAGGAGCTCAAGACCAACCCGGCCAACATGGTGAAACCCCGTCTCTACTAAAAATACAAAAATTAGCCAGGCGTGGTGGCGTGCGCCTGTAGTCCCAGCTACTCAGGAGGCTGAGGTAGGAGAATCGCTTGAACCCAGGAGGCAGAGGTTGCAGAGAGCCGAGATTGCGCCATTGCACTCCAGCCTGGGTGACAGAGCGAGATTCCATCTCAAAAAAAAAAAAGAAAGAAAGAAAAAGAAA"
"chr1","19204006","19204300","chr1","19153755","19154048","5","50251","GGCCAGGCGTGGAGGCTCATGCCTGTAATCCCAGCACTTTGGGAGGCCAAGGCAGTGGATCACGAGGTCAGGAGTTTGAGACCAGCCTGACCAACATGGTGAAACCCCATCTCTACTAAAAAAAAAATACAAAAATTAGCCAGGCGTGGTGGCACGCACCTGTAATCCCAGCTACTCAGGAGGCTGAGGCAGGAGAATCGCTTGAACCTGGGAGGTGGAGGTTGCAGTGAGCTGAGATAGTGCCACTACATTGTAGCCTGGGCGACAGAGCGAGACTCTGTCTCAAAAAAATAAA","GGCCAGGCGTGGAGGCTCATGCCTGTAATCCCAGCACTTTGGGAGGCCAAGGCGGTGGATCACGAGGTCAGGAGTTTAAGACCAGCCTGACCAACATGGTGAAACCCCATCTCTACTAAAAAAAAATACAAAAATTAGCCGGGCGTGGTGGCACGCACCTGTAATCCCAGCTACTCAGGAGGCTGAGGCAGGCGAATCGCTTGAACCTGGGAGGTGGAGGTTGCAGTGAGCTGAGATAGTGCCACTACATTGTAGCCTGGGCGACAGAGCGAGACTCTGTCTCAAAAAAATAAA"
"chr1","19234567","19234865","chr1","19184335","19184632","3","50232","CCAGGCGCAGCAGCTCACGCCTGTAATCCCCAACACTTTGGGAGGCCAAAGCTGGCAGATCATGAGGTCAGGAGTTTGAGACCAGCCTGACCAACATGCTGAAACCCTGTTGCTACTAAAAATACAAAAATTAACCGGGCATGGTGGCGCATGCCTGTAATCCCAGCTACTCAGGAGGCTGAGGCAGGAGAGCTGCTTGAACCTGGGAGGCAGAGGTTGCAGTGAGCCAAGATCGCGCCACTGCACTCCAGCCTGGGTGACAGAGCGAGACTCTTGTCTCAAAAAAAGAAAAAAAAAAA","CAGGCGCAGCAGCTCACGCCTGTAATCCCCAACACTTTGGGAGGCCAGAGCTGGCAGATCATGAGGTCAGGAGTTTGAGACCAGCCTGACCAACATGCTGAAACCCTGTCGCTACTAAAAATACAAAAATTAACCGGGCATGGTGGCGCATGCCTGTAATCCCAGCTACTCAGGAGGCTGAGGCAGGAGAGCTGCTTGAACCTGGGAGGCAGAGGTTGCAGTGAGCCAAGATCGCGCCACTGCACTCCAGCCTGGGTGACAGAGCGAGACTCTTGTCTCAAAAAAAGAAAAAAAAAAA"
"chr1","19242956","19243262","chr1","19192743","19193027","28","50213","GGCCAGGCCCGGTGGCTCATGCCTGTAATCCCAACACTTTGAGAGGCTGAGGTGGGAGGATCACGGGGTCAGGAGTTCGAGACCAGCCTGGCCAACATGGTGAAACCCCGTCTCTACTAATAATACAAAAATTAGCCAGGCGTGGTTCACATGCCTATAATCCCAGCTACTGGAGAGGCTGAGGCACGAGAACTGCTTGAACCTGGGAGGTGAAGGTTGCAGTGAGCCAAGATCACACCACTGCACTCTAGCCTGGGTGACAGAGTGAAACTATGTCTCAAAAAACTCAATAAATAAAAATAAACAA","GGCCGGGCCCGGTGGCTCATGCCTGTAATCCCAACACTTTGAGAGGCTAAGGTGGGAGGATCACGGAGTCAGGAGTTCGAGACCAGCCTGGCCAACATGGTGAAACCCCGTCTCTACTAATAATACAAAAATTAGCCAGGCGTGGTTCACATGCCTATAATCCCAGCTACTGGAGAGGCTGAGGCACGAGAACTGCTTGAACCTGGGAGGTGAAGGTTGCCATAAGCCAAGATCACACCACTGCACTCTAGCCTGGGTGACAGAGTGAAACTATGTCTCAAAAAA"
"chr1","19286400","19286702","chr6","120828203","120828508","48","101541803","GGCCAGGCGCCGTGGCTCATGCCTGTAATCCCAGCACTTTGGGAGACTGAGGCAGGCAAATCAGAAGGTCAGGAGTTCAAGACCAGCTGGACCAACATGGTGAAACCCCATCTCTAATAAAAACACAAAAATTAGCTGGGCATAGTGGAGCCCGCCTGTAGTCCCCAGCTAGTCCGGAGTCTGAGGCAGGAGAATTGCTTGAACCCGGGAGGCGGAGGTTGCAGTGAGCCGAGATTGTGCCACAGCACAATGTCTCACAGAGTGAGACTTCTCAAAAAACAAACAAACAAACAAAACAAACAA","GGCCAGGCGCGGTGGCTCATGCCTGTAATCCCAGCACTTTGGGAGGCCGAGACAGGCGGATCACGAGGTCAGTAGTTCAAGACCAACCTGGCCAACATAGTGAAACCCCATCTCTACTAAAAATACAAAAATTAGCCGGGCATGGTGGCAGGCGCCTGTAGTCCCAGCTACTTGGGAGACTGAGGCAGGAGAATCGCTTGAACCTAGGAGGCGGAGGTTGCAGTGAGCCGAGATTGCGCCACTGCACTCCAGCCTGGACACAGTGAGACTCTGTCTCAAAAAAAAAAAAAAAAAAAACAAAGAAAA"
"chr1","19350981","19351277","chr1","19303640","19303942","13","47341","CGGGTGCAGTGGCTCATGCCTGTAATCCCAGCACTTTGGGAGGCCAAGGCAGGTGGATCACGAGGTCAGGAGTTCGAGATCAGCCTGACCAACACGGTGAAACCCCATCTGTACTAAAAATACAAAAATCAGCTGGGTGTGGTGGCATGCACCTGTAATCTCAGCTACTCAGGAGGCTGAGGCAGGAGAATCACTTGAACCCGGGAGGCAGAGGTTGCAGTGAGCCAAGATCGCGCCATTGCACTCCAGCCTGGGCGACAGAGCAAGACTCCATCTCAAAAAAAAAAAAAGGAAAGA","CGGGCGCAGTGGCTCATGCCTGTAATCCCAGCACTTTGGGAGGCCAAGGCAGGTGGATCACGAGGTCAGGAGTTCGAGATCAGCCTGACCAACACGGTGAAACCCCGTCTGTACTAAAAATACAAAAATTAGCTGGGTGTGGTGGCATGCACCTGTAATCTCAGCTACTCAGGAGGCTGAGGCAGGAGAATCGCTTGAACCCAGGAGGCAGAGGTTGCAGTGAGCCAAGATCGCGCCATTGCACTCCAGCCTGAGCGACAGAGCAAGACTCCACCTCAAAAAAAAAAAAAAAAAAAGGAAAGA"
"chr1","19512306","19512586","chr15","23123632","23123913","28","3611326","GGCCAGGCATGGTGGCTCACGCCTGTAATCCCAGCACTTTGGGAGGCCAAGGTGGGCAGATCACGAGGTCAGGAATTCGAGACCAGCCTAGCCAACATAGTGAAACCCCGTCTCTACTAAAATTACAAAAATTACCTGGGCATGGTGGCAGGCTCCTGTAATCCCAGCTACTTGGGAGGCTGAGGCAGGAGAATTGCTTGAACCGAGGAGGCGGAGGTTGCAGTGAGTCGAGATCGCGCCATTGCACTCCAGCCTGGGTGACAGAGCAAGGCTCTGTCTCA","GGCCAGGTACAGTGGTTCACGCCTGTAATCCTAGCACTTTGAGAGACCAAGGCGGGCAGATCACGAGGTCAGGAGTTCGAGACCAGCCTGGCCAACATGGTGAAACCCCGTCTCTACTAAAAATACAAAAATTAGCCGGGCATGGTGGCATGTGCCTGTAATCCCAGCTACTCAGGAGGCTGAGGCAGGAGAATTGCTTGAACCTGGGAGGCAGAGGTTGCAGTGAGCTGAGATTGTGCCATTGCACTCCAGCTCTGGGTGACAGAGCAAGACTCTGTCTCA"
"chr1","19537878","19538166","chr1","19495042","19495330","5","42836","GGTCAGGTGCAATGGCTCATGCCTGTCATCCCAGCACTTTGGGAGGCCAAGGCGGGTGGATCATGAGGTCAGGAGTTCGAGACCAGCCTGACCAACATGGTGAAACCCCATCTCTACTAAAAATACAAAAATTAGTCAGGCATGGTGGTGCACGCCTGTAATCCCAGCTACTCAGGAGGCTGAGGCAGGAGAATCGCTTGAACCCAGGAAGCAGAGGTTGCAGTGAGCCCAGATGGTGCCACTGCATTCCAGCCTGGGCGACAGAGCGAGACTCCATCTCAAAAAAAAA","GGTCAGGTGCAATGGCTCATGCCTGTAATCCCAGCACTTTGGGAGGCCAAGGCGGGTGGATCATGAGGTCAGGAGTTCGAGACCAGCCTGACCAACATGGTGAAACCCCATCTCTACTAAAAATACAAAAATTAGCCAGGCATGGTGGTGCATGCCTGTAATCCCAGCTACTCAGGAGGCTGAGGCAGGAGAATCTCTTGAACCCAGGAGGCAGAGGTTGCAGTGAGCCCAGATGGTGCCACTGCATTCCAGCCTGGGCGACAGAGCGAGACTCCATCTCAAAAAAAAA"
"chr1","19565053","19565346","chr1","19521704","19521998","4","43349","GGCCAGGTGAGGTGGCTCATGCCTGTAATCCCAGCACTTTGGGAGGCCGAGGTGGGCAGATCATGAGGTCAGGAGTTCGAGACCAGCCTGACCAACATGGTGAAACCCCATCTCTACTAAAAATACAAAAATTAGCCAGGTGTGGTGGCGCATGCCTGTAATCCCAGGTACTCAGGAGGCTGAGGCAGGAGAATCGCTTGAATCCAGGAGGCAGAGTTTGCAGTGAGCTGAGATTGCGCCACTGCACTCCAGCCTGGGCGACAGAGCAAGACTCCATCTCGAAAAAAAAAAAAA","GGCCAGGTGAGGTGGCTCATGCCTGTAATCCCAGCACTTTGGGAGGCCGAGGTGGGCAGATCATGAGGTCAGGAGTTCGAGACCAGCCTGACCAACATGGTGAAACCCCATCTCTACTAAAAATACAAAAATTAGCCAGGTGTGGTGGTGCATGCCTGTAATCCCAGGTACTCAGGAGGCTGAGGCAGGAGAATCGCTTGAATCCAGGAGGGAGAGTTTGCAGTGAGCTGAGATTGCGCCACTGCACTCCAGCCTGGGCAACAGAGCAAGACTCCATCTCGAAAAAAAAAAAAAA"
"chr1","19574578","19574877","chr19","34732615","34732909","30","15158037","GGCCAGGCGCCTGGCTTACGCTAGTAATCCCAGCACTTTGGGAGGCCGAGACAGGTGGATCACGAGGTCAGGAGATCGAGACCAGCCTGGCCAACATAGTGAAACTCCGTCTCTACTAAAAATACAAAAATTAGCCAAGTGTGGTGGCACACACCTGTAGTCCCAGCTACTCAGGAGGCTGAGGTGGGAGAACTGCTTGAACCCGGGAGGCAGAGGTTGCAGTGAGCTGAGACCATGCCATCACACTCCAGCTTGAATGACAGAGTGAGACTCCGTCTCAAAATAATAATAATAATAAAA","GGCCGGGCACGGTGGCTTACGCTTGTAATCCCAGCACTTTGGGAGGCCGAGGCGGGTGGATCACGAGGTCAGGAGTTCGAGACCAGGCTGGCCAACATAGTGAAACCCGTCTCTACTAAAAATACAAAAATTAGCGGGGTGTGGTGGCACATGCCTGTAGTCCCAGCTACTCGGGAGGCTGAGGTGGGAGAACCGCTTGAACCCGGGAGGCAGAGGTTGCAGTGAGCTGAGACCATGCCATTGTACTCCAGCCTGGGTGACAGAGTAAGACTCCATCTCAAAAAAAAAAAAAAAA"
"chr1","19578317","19578626","chr1","19535127","19535436","2","43190","GGCCGGGCCTGGTGGCTCACGCCTGTAATCCCAGCACTTTGGGAGGCCAAGGTGGGTGGATCATGAGGTCAAGAGTTTGAGACCAGCCTGGCCAACATGGTGAAACCCCATCTCTACTAAAAATACAAAAATTAGCCGGGCATGGTGGTGCATGCTTGTAGTCCCAGCTACTTGGGAGGCTGAGGAAGGAGAATGGCTTGAACCTGGGAGGTGGAGGTTGCAGTGAGCCGAGATCGTGCCACTGCACTCCAGCCTGGGCGACAGAGTGAGACTCCATCTCAAAAAATAAATAAATAAAATAAAAGAGAAA","GGCCGGGCCTGGTGGCTCATGCCTGTAATCCCAGCACTTTGGGAGGCCAAGGTGGGTGGATCATGAGGTCAAGAGTTTGAGACCAGCCTGGCCAACATGGTGAAACCCCATCTCTACTAAAAATACAAAAATTAGCCGGGCATGGTGGTGCATGCTTGTAGTCCCAGCTACTTGGGAGGCTGAGGAAGGAGAATCGCTTGAACCTGGGAGGTGGAGGTTGCAGTGAGCCGAGATCGTGCCACTGCACTCCAGCCTGGGCGACAGAGTGAGACTCCATCTCAAAAAATAAATAAATAAAATAAAAGAGAAA"
"chr1","19716188","19716359","chr3","124934942","124935107","32","105218754","TAGCCGGGCGTAGTGGCAGGCACCTGTAATCCCTGTAATCCCAGCTACTGAGGAGGCTGAGGCAGGAGAATCGCTTGAACCCAGGAGGCAGAGGTTGCAGTGAGCAGAGATTGTGCCACTGCGCTCCAGCCTGGACAACAGTGTGAGACTCCATCTCAAAAAAATAAATAAA","TAGCCAGGACATGGTGGCTCACGCCTGTAATCTCAGCTAGTCAGGAGGCTGAGGCAGGAGAATTGCTTGAACCTGGGAGGCAGAGGTTGCAGTGAGCCGAGATTGTGCCACTGCACTCCAGCCTGGGTGACAGAGCAAGACTCCATCTTAGAAAAATAAAATAAAA"
"chr1","19716404","19716529","chr4","41549673","41549800","19","21833269","GGCCAAGAGTGGTGGCTCACGCCTGTAATCCCAGCACTTTGGGAGGCCGAGGAAGGCAAATCACGAGGTCGGGAGTTCAAGGCCAGCCTGGCTGACATAGTGAAACCCCATCTCTACTAAAAATGC","GGCCGGGCGTGGTGGCTCACACCTGTAATCCCAGCACTTTGGGAGTCCGAGGCGGGTGGATCACGAGGTCAAGAGTTCAAGACCAGCCTGGCCAACATGGTGAAACCCCATCTCTACTAAAAATACAA"
"chr1","19836415","19836709","chr1","19805446","19805739","10","30969","GGCTGGGCACGGTGGCTCATGCCTGTAATCCCCGTACTTTGGGTGGCTGAGGCGGGTGGATCATGAGGTCAGGAGTTTGAGACCAGCCTGGCCAACATAGTGAAACCCTGTCTCTACTAAAAATACAAAAATTAGCGGACATGGTGACGCACACCTGTAGTCCCAGCTACTCGGGAGGCTGAGGCAGGAGAATTGCTTGAATCCAGGAGGCGGAGGTTGTGATGAGCCAAGATCACGCCACTGCACTCTGGCCTGGGCAACAGAGCAAGACTCTGTCTCAAAAAAAAAAAAAAAA","GGCTGGGCGCGGTGGCTCATGCCTGTAATCCCAGTACTTTGGGTGGCTGAGGCGGGTGGATCATGAGGTCAGGAGTTTGAGACCAGCCTGGTCAACATAGTGAAACCCTGTCTCTACTAAAAATACAAAAATTAGCGGACATGGTGGCACACACCTGTAGTCCCAGCTACTCGGGAGGCTGAGGCAGGAGAATTGCTTGAACCCAGGAGGCAGAGGTTGTGATGAGCCAAGATCATGCCACTGCACTCTGGCCTGGGCAACAGAGCAAGACTGTGTCTCAAAAAAAAAAAAAAA"
"chr1","19853980","19854287","chr1","19823933","19824239","6","30047","GGCTGGGCACGGTGGCTCACACCTGTAATCCCAGCACTTTGGGAGTCCGAGGTGGGTGGATCACAAGGTCAGGAGTTCAAGACCAGCCTGGCTAACATGGTAAAACCCTGTCTCTATGAAAAAAATACAAAAATTAGCTGGGTGTGGTGGTGTGCACCTGTAATCCCAGCTGCTCGGGAGGCTGAGCAGGCAAATTGCTTGAACCCGGGAGGCGGAGGTTGCAGTGAGCCAAGATTGCACCACTGCACTCCAGCCTGGGCGACAGAGCAAGACTCCATCTCAAAACAAAAACAAAAACAAAAACAAAA","GGCTGGGCACGGTGGCTCACACCTGTAATCCCAGCACTTTGGGAGTCCGAGGTGGGTGGATCACAAGGTCAGGAGTTCAAGACCAGCCTGGCTAACATGGTGAAACCCTGTCTCTATGAAAAAAATACAAAAATTAGCTGGGTGTGGTGGTGTGCACCTGTAATCCCAGCTGCTCGGGAGGCTGAGGCAGGCAAATTGCTTGAACCCGGGAGGCGGAGGTTGCAGTGAGCCAAGATTGCACCACTGCACTCCAGCCTGGGTGACAGAGCAAGACTCCGTCTCAAAACAAAAACAAAAACAAAACAAA"
"chr1","19862546","19862739","chr1","19832592","19832785","4","29954","TCACGCCTGTAATCCCAGCACTTTGGGAGGCCAAGGCGGACAGATCACAAGGTCAGAAGTTCAAGACCAGCCTGACCAACATGGTGAAACCCCGTCTTTACTAAAAATACAAAAATTAGCCCGGCGTGGTAGCGCATGCCTGTAATCCCAGCTACTGGGGAGGCTGAGGCTGGCAGATCACCTGAGGTCAGGAG","TCACGCCTATAATCCCAGCACTTTGGGAGGCCCAGGCGGACAGATCACAAGGTCAGAAGTTCAAGACCAGCCTGATCAACATGGTGAAACCCCGTCTTTACTAAAAATACAAAAATTAGCCCGGCGTGGTAGCGCATGCCTGTAATCCCAGCTACTGGGGAGGCTGAGGCCGGCAGATCACCTGAGGTCAGGAG"
"chr1","19864193","19864489","chr1","19834243","19834541","8","29950","GGCCAGGCGCGGTGGCTCATGCCGATAATCCCAGCCCTTTGGGAGGCCGACAAGGGCGGATCACGAGGTCAGGAGTTCAAGACCAAGCTGGCCAACATGGTGAAACTCCGTCTCTACTAAAAATACAAAAATCAGCCAGGCATGGTGTCGTGCGCCTGTAATCCCACCTACTCGGTAGCCTGAGGCAGGAGAATTGCTTGAACCCGGGAGGCAGAGGTTGCAGTGAGCCAAGATCACGCCACTGCACTCCAGCCTGGGCAACAGAGAAAGACTACGTCTCGGGGGAAAAAAAAAAAA","GGCCAGGCACGGTGGCTCATGCCGATAATCCCAGCACTTTGGGAGGCCGACGAAGGTGGATCACGAGGTCAGGAGTTCAAGACCAAGCTGGCCAACATGGTGAAACTCCGTCTCTACTAAAAATACAAAAATCAGCCAGGCATGGTGTCGTGCGCCTGTAATCCCACCTACTCGGTAGCCTGAGGCAGGAGAATTGCTTGAACCCGGGAGGCAGAGGTTGCGGTGAGCCAAGATCACGCCACTGCACTCCAGCCTGGGCAACAGAGAAAGACTACGTCTCGGGGGAAAAAAAAAAAAAA"
"chr1","19905461","19905755","chr1","19875411","19875702","5","30050","GGCTGGGTGTGGTGGCTCACACCTGTAATCCCAGCACTTTGGGAGGCTGAGGCAGGTGGATCACGAGGTCAGGAGTTTGAGACCAGCCTGACGAACATGGTGAAACCCCGTCTCTACTAAAAATACAAAAATTAGCTGGGTGTGGTGGCGGGTGCCTGTAATCCCAGCTACTCAGGAGGCTGAGGCAGGAGAATTGCTTGAACCTGGGAGGTGGTGGTTACAGTGAGCTAAGATCGCACCATTGCACTCCAGCCTGGGCAACAGAGCGAGACTCCCTCTCAAAAAAAAGAGAAAA","GGCTGGGTGTGGTGGCTCACACCTGTAATCCCAGCACTTTGGGAGGCTGAGGCAGGTGGATCACGAGGTCAGGAGTTTGAGACCAGCCTGACGAACATGGTGAAACCCCGTCTCTACTAAAAATACAAAAATTAGCTGGGTGTGGTGGCGGGTGCCTGTAATCCCAGCTACTCAGGAGGCTGAGGCAGGAGAATTGCTTGAACCTGGGAGGCGGTGGTTGCAGTGAGCTAAGATCGCACCATTGCACTCCAGCCTGGGCAACAGAGCGAGACTCCCTCTCAAAAAGAGAAAA"
"chr1","19911389","19911687","chr7","42621686","42621986","27","22710297","GGCCGGGCAGGGTTGCTCACACCCGTAATCCTAGCACTTTGGGAGGCTGAGGCGGGCAGATCACAAGGTCAGGAGTTTGAGACCAGCCTGGCTAACATGGTGAAACCCCGTCTCTACTAAAAATACAAAAATTAGCCAAGCATGGTGGCACACACCTGTAATCCCAGCTACTCAGGAGGCTGAGGCAGGAGAATCGCTTGAACCCGGGAGGTGGAGGTTGCAGTGAGCCGAGATTGCCCCACCACACTCCAGCCTGGGCAACAAAGCAAGACTCTGTCTCAAAAAAAAAAAAAAAAAAA","GGCCGGGCACGGTGGCTCACACCTGTAATCCCAGCACTTTGGGAGGCCGAGGCGGGCAGATCATGAGATCAGGAGTTTGAGACCAGCCTGACCAACATGGTGAAACCCCATCTCTACTAAAAATACAAAAATTAGCTGAGCGTGGTGGCACACACCTGTAATCCCAGCTACTCAGGAGGCTGAGTCAGGAGAATCGCTTGAACCTGGGAGGCGGAGGTTGCAGTGAGCTGAGATCGCACCACTGCACTCCAGCCTGGGCGACAGAGCGAGACTCTGTCTCAAAAAAAAACAAACAAAAAAA"
"chr1","19968894","19969192","chr1","19939112","19939411","21","29782","CTGGGCACAGTGGCTCACACCTGTAATCCCAGCACTTTGGGAGGCCAAGGCAGATGGATCACGAGGTCAGGATCCTGGCCTGGCCAATATGGTGAAACCCCATCTCTTACTAAAAATACAAAAATTAGCCAGGTGTGGTGGTGCGCCCCTGTAATCCCAGCTGCTCGGGAGGCTGAGGCAGGAGAATCTCTTGAACCCAGGAGGTGGTGGTTGCAGTGAGCCAAGATCGTGCCACTGCCCTCCAGCCTGGGTGACAGAATGAGACTCAGTCTCCAAAAAAAAAAAAAAAAAAAAAAGAA","CTGGGCACAGTGGCTCACACCTGTAATCCCAGCACTTTGGGAGCCCAAGGCAGATGGATCACGAGGTCAGGAGTTTGAGACCAGCCTGGCCAATATGGTGAAACCCCATCTCTTACTAAAAATACAAAAATTAGCCAGGCGTGGTGGTGTGCCCCTGTAATCCCAGCTGCTTGGGAGGCCGAGGCAAGAGAATCTCTTGAACCCAGGAGGTGGCGGTTGCAGTGAGCCAAGATCGTGCCACTGCCCTCCAGCCTGGGTGACAGAATGAGACTCAGTCTCCAAAAAAAAAAAAAAAAAAAA"
"chr1","20010846","20011145","chr1","19981622","19981891","38","29224","GGCTGGGTGTGGTGGCTCATGCATGTAATCCCAGAACTTTGGGAGGCCGAGGCAGGTGGATCACGAGGTCAGGAGTTCAAGACCAGCCTGACCAACGTGGTCTCTACTAAAAATACAAAAATTAGACAGGCATGGTGGCACATGCCGGTAATCTCAGCTACTAAGGAGGCTGAGGCAGGAGAATCGCTTGAACCCAGGAGGCAGAGTTTGCAGTAAGCCGAGACCGAGCCACTGTACTCCAGCCTGGGTGACAGAGTGAGACTCCATCTCAAAAACAAAACAAAACAAAACAAAAACAAA","GCCGGGTGTGGTGGCTCATGCATGTAATCCCAGAACTTTGGGAGGCCAAGGCAGGTGGATCACGAGGTCAGGAGTTCAAGACCAGCCTGACCAACGTGGTCTCTACTAAAAATACAAAAATTAGACAGGCATGGTGGCACATGCCGGTAATCTCAGCTACTCAGGAGGCTAAGGCAGGAGAATCGCTTGAACCCAGGAGGCACAGGTTGCAGTGAGCCGAGGCCGAGCCACTGTACTCCAGCCTGGGTGACAGAGTGAGACTCCATCTCA"
"chr1","20197034","20197329","chr1","20169717","20170005","13","27317","GGCCGGGCGCGGTGGCTCAGGCCTGTAATCCCAGCACTTTGGGAGTCCAAGGAGGGAGGTACACGAGACCAGCCCGACCAACATGGTGAAACCCCATCTCAACTAAAAATACAAAAATTAGCCGGGCGTGGTGGCATGTGCCTGTAATCTCAGCTACTCAGGAGGCTGAGGCAGGAGAATCGCTTGAACCTGGGAGGTGGAGGTTGCATTGAGCCGAGATCGCGCCACTGCACTCCAGCCTGGGCAACAGACCGAGACTCCGTCTCAAAAAAAAAAAAAAAAAAAAAAAAAAAAAA","GGCCGGGCGCGGTGGCTCAGGCCTGTAATCCCAGCACTTTGGGAGGCCAAGGAGGGAGGTACACGAGACCAGCCTGACCAACATGGTGAAACCGCATCTCTACTAAAAATACAAAAATTAGCCGGGCGTGGTGGCATGTGCCTGTAATCTCAGCTACTCAGGAGGCTGAGGCAGGAGAATCGCTTGAACCTGGGAGGTGGAGGTTGCATTGAGCCGAGATCGCACCACTGCACTCCAGCCTGGGCAACAGACCGAGACTCCATCTCAAAAAAAAAAAAAAAAAAAAAAA"
"chr1","20326459","20326748","chr1","20298534","20298823","1","27925","GGCTGGGCACGGTAACTCACGCTTGTAATCCGAGCACTTTGGGAGGTGGAGGCAGGCAGATCATGAGGTCAGGAGTTCGAGACCAGCCTGAACCGTCTCTACTAAAAACACAAATATTAGCCGGGCATGGTGGTACACGCCTGTAATCCCAGCTACTCAGGAGGCTAAATCAGGAGAATTGCTTGAACCCGGGAGGCGGAGGCTGCAGTGAGCCGAGATCACGCCACTGCACTCCAGCCTGGGCAACAGAGTGAGACTCATCTCAAACAAAACAAAACAAAACAAAAAAA","GGCTGGGCACGGTAACTCACGCTTGTAATCCGAGCACTTTGGGAGGTGGAGGCAGGCAGATCATGAGGTCAGGAGTTCGAGACCAGCCTGAACCGTCTCTACTAAAAACACAAATATTAGCCGGGCATGGTGGTACACGCCTGTAATCCCAGCTACTCAGGAGGCTAAATCAGGAGAATTGCTTGAACCCGGGAGGCGGAGGCTGCAGTGAGCCGAGATCACGCCACTGCACTCCAGCCTGGGCAACAGAGTGAGACTCATCTCAAAAAAAACAAAACAAAACAAAAAAA"
"chr1","20351372","20351673","chr1","20323763","20324064","1","27609","GGCCAGGCATGGTGGCTCACCCCTGTAATCCCAGCACTTTGGGAGGCCGAGATGGGCAGATCATAAGGTCAGGAGTTCGAGACCAGCCTGACCAACATGGTGAAACCCTGTCTCTACTAAAAATGCAAAAATTAGCCAGGCATGGTCGCATGTGCCTGTAGTCCCACCTACTAGGGAGGCTGAGGCAGGAGAATCACTTGGACCCGGGAGGCAGAGGTTGCAGTGAACCGAGATTGCTCCACTGCACTCCAGCCTGGGCAACAGAGCAAGACTCCATCTCAAAAAAAATAAAAAATAAAAAA","GGCCAGGCATGGTGGCTCACCCCTGTAATCCCAGCACTTTGGGAGGCCGAGATGGGCAGATCATAAGGTCAGGAGTTCGAGACCAGCCTGACCAACATGGTGAAACCCTGTCTCTACTAAAAATGCAAAAATTAGCCAGGCATGGTCGCATGTGCCTGTAGTCCCAGCTACTAGGGAGGCTGAGGCAGGAGAATCACTTGGACCCGGGAGGCAGAGGTTGCAGTGAACCGAGATTGCTCCACTGCACTCCAGCCTGGGCAACAGAGCAAGACTCCATCTCAAAAAAAATAAAAAATAAAAAA"
"chr1","20515102","20515402","chr1","20487094","20487404","19","28008","GGCCGGTCGCAGTGGCTCATGCCTGTAATCCCCAGCACTTTGGGAGGCCGAGGTAGGCAGATCACAAGGTCAGGAGTTCAAGACCAGCCTGGCCAACATAGTGAAACCTCGTCTCTATTAAAAATACAAAAATTAGCCGGACTTGGTGGCAGGTGCCTGTAATCCCAGCTACACAGGAGGCTGAGGCAGGAGAATCGCTTAAACCTGGGAGGCAGAGGTTGCAGTGAGCTGAGATCGTACCACCGCGCTCCAGCCTGGGCAACAGAGTGAGACTCCGTCTCAAAAAAAAACAAAAAAGAAA","GGCCGGTCGCAGTGGCTCATGCCTGTAATCCCCAGCACTTTGGGAGGCTGAGGTAGGCAGATCACGAGGTCAGGAGTTCAAGACCAGCCTGGCCAACATAGTGAAACCTCGTCTCTATTAAAAATACAAAAATTAGCCGGACTTGGTGGCAGGTGCCTGTAATCCCAGCTACTCGGGAGGCTGAGGCAGGAGAATCGCTTAAACCTGGGAGGCAGAGGTTGCAGTGAGCTGAGATCGTACCACTGCACTCCAGCCTGGGCAACAGAATGAGATTCCGTCTCAAAAAAAAAAAACAAAAAACAAAAAACAAA"
"chr1","20565975","20566282","chr1","20538938","20539246","10","27037","GGCTGGGCGCGGTGGCTCACGCCTGTAATCCCAACACTTTGGGAGGTTGAGGCAGGGGGATCACGAGGTCAGGAGTTCGAGGGCAAGCCTGGTCAACATGGTGAAACCCCGTCTCTACTAAAAATACAAAAATTAGCCAGGCATGGTGGTGCGTGCCTGTAGTCCCAGCTACTCGGGAGGCTGAGGCAGGACAATCACTTGAACCTGGGAGGCGGAGGTTGCAGTGAGCCGAGATCGTGCCACTGACTCCAGCGTGGACAATAGAGTGAGAATCCATCTCAAAAAAAAAAAAAAGAAAAGAAAAGAAA","GGCTGGGCGTGGTGGCTCACGCCTGTAATCCCAGCACTTTGGGAGGTTGAGGCAGGGGGATCACGAGGTCAGGAGTTCGAGGCCAGCCTGGTCAACATGGTGAAACCCCGTCTCTACCAAAAATACAAAAATTAGCCAGGCATGGTGGTGCGTGCCTGTAGTCCCAGCTACTCGGGAGACTGAGGCAGGACAATCACTTGAACCTGGGAGGCGGAGGTTGCAGTGAGCCGAGATCGTGCCACTGACTCCAGCGTGGACAATAGAGTGAGACTCCATCTCAAAAAAAAAAAAAAAAAGAAAGAAAAGAAA"
"chr1","20579903","20580207","chr1","20553998","20554301","5","25905","GGCTGGGAGCAGTGGCTCATGCCTGTAATCCCAGCACTTTGGGAGGCTGAGGCAGGCAGGTCACGAGGTCAGGAGTTCGAGAACAGCCTGGCCAACATGGTGAAACCCTGTCTCTACTAAAAATACAAAAATTAGCCGGGCATGGTGGCACGCGCCTGTAATCCTAGCTACTCAGGAGGCTGAGGCAGGAGAATCGCTTGAACCCAGGAGGCAGAGGTTAGAGTGAGCCGAGATCGTGCCATTGCACTCCAGCCTGGGCAACAGAGTGAGACTCCATCTTAAAACAAAACAAAACAAAACAAAAA","GGCTGGGAGCGGTGGCTCATGCCTGTAATCCCAGCACTTTGGGAGGCTGAGGCAGGCAGGTCACGAGGTCAGGAGTTCGAGAACAGCCTGGCCAACATGGTGAAACCCCGTCTCTACTAAAAATACAAAAATTAGCCGGGCATGGTGGCACGTGCCTGTAATCCTAGCTACTCAGGAGGCTGAGGCAGGAGAATCGCTTGAACCCAGGAGGCAGAGGTTAGAGTGAGCCAAGATCGTGCCATTGCACTCCAGCCTGGGCAACAGAGTGAGACTCCATCTTAAAACAAAACAAAACAAAACAAAA"
"chr1","20612680","20612962","chr6","15253714","15253998","38","5358966","GGCGGGGCGGGGTGGCTCATGCCTGGAGGCCGAGGTGGGCGGATCATGAGGTCAGGAGATCGAGACCATCCTGGCTAACATAGTGAAACCCCGTCTCTACTAAAATTACAAAAATTAGCCGGGCGTGGTGGTGCATGCCTGTAATCCCAGCTACTCGGGAGGTTGAGGCAGGAGAATCGCTTGAACCCGGGAGGCGGAGGTTTCAGTGAGCCAAGATCACGCCACTGCACTCCAGCCTGGGTAACAGAGCGAGACTCCATCTCAAAAAAAAAAAAAAAAAAAA","GGCTGGGCGCGGTGGCGCACTTTGGGAGGCCGAGGCAGGCGGATCATGAGGCCAGGAGTTCAAGACCAGCCAGGCCAATATGGTGAAACCCCGTCTCTACTAAAAATACAAAAATTAGCCAGACATGGTGGTGCGTGCCTATAATCCCAGCTAGTCGGGAGGCTGAGGCAGGGGAATTGCTTGAACCCAGGAGGCGGAGGATGCAGTGAGCCAAGATCACGCCATTACACTCCAGCCTGGGTGACAGAGCAAGACTCCGTCTCAAAAAAAAAAAAAAAAAAAAAA"
"chr1","20614868","20615159","chr1","20590209","20590502","9","24659","GGCTGGGCGCGGTGGCTCACGCCTGTAATCCCAGCACTTTGGGAGGCCGAGGTGGGCAGATAACAAGGTCAGGAGTTCAAGACCATCCTGGCCAACATGGTGAAACCCAGTCTCTACTAAAAATACAAAAATTAGCCGGGCATGGTAGCTGGCGCCTGTAGTCCCAGCTACTCGGGAGGCTGAGGCAGGAGAATTGCTTGAACCCAGGAGGCGGAGGTTGCAGTGAGCTGAGACTCTACCACTGCACTCCAGCCTGGGTGACAGAGTGAGACTCCGTCTCAAAAAAAAAAAA","GGCTGGGCGCGGTGGCTCACGCCTGTAATCCCAGCACTTTGGGAGGCCGAGGTGGGCAGATCACAAGGTCAGGAGTTTGAGACCATCCTGGCCAACATGGTGAAACCCAGTCTCTACTAAAAATACAAAAATTAGCCGGGCGTGGTAGCTGATGCCTGTAGTCCCAGCTACTCGGGAGGCTGAGGCAGGAGAATTGCTTGAACCCAGGAGGCGGAGGTTGCAGTGAGCTGAGACTCTGCCACTGCACTCCAGCCTGGGTGACAGAGTGAGACTCCGTCTCAAAAAAAAAAAAAA"
"chr1","20622613","20622911","chr1","20598231","20598530","3","24382","GGCCAGCCATGGTGGCTCACGCCTGTAATCCCAGCACTTTGGGAGGCCAAGGCGGGTGGGTCACGAGGTCAGAAGTTCGAGACCAGCCTGACCAACATGGTGAAACCCCATCTCTACTAAAAATACAAAAATTAGCCAGGTGTGGTGGCACATCCTGTAATCCCAGTTACTCAGGAGGCTGAGGCAGAAGAATCGCTTGAACCCAGGAGGCACAGGTTGCAGTGAGCCGAGATCATGCCACTGTAGTCCAGCCTGAGCGACAGAGCGAGACTCTGTCTCCAAATAAATAAATAAATAAA","GGCCAGCCATGGTGGCTCACACCTGTAATCCCAGCACTTTGGGAGGCCAAGGCGGGTGGGTCACGAGGTCAGAAGTTCGAGAGCAGCCTGACCAACATGGTGAAACCCCATCTCTACTAAAAATACAAAAATTAGCCAGGTGTGGTGGCACATCCTGTAATCCCAGTTACTCAGGAGGCTGAGGCAGAAGAATCGCTTGAACCCAGGAGGCACAGGTTGCAGTGAGCCGAGATCATGCCACTGTAGTCCAGCCTGAGCGACAGAGCGAGACTCTGTCTCCAAATAAATAAATAAATAAAT"
"chr1","20635221","20635499","chr1","20611430","20611708","1","23791","GGTCAGGCACTGTGGCTCATGCCTGTAATCCCAGCACTTTGGGAGGCTGAGGCGGGCGGATCACGAGGTCAGGAGTTTGAGACCAGCCTGGCCAACATGGTGGAACCCTGTCTCTACTAAAAATACAAAAATTACCCGGGCGCAGTGGTGGGCGCCTGTAATCCCAGCTACTTGGGAGACTGAGGCAGGAGAATTCCTTGAACCCGGGAGGCGGAGGTTGCAGTGAGCTGAGATCACGCCACTGCACTCCAGCCTGGGTGACAGAGCAAGACTCTGACT","GGTCAGGCACTGTGGCTCATGCCTGTAATCCCAGCACTTTGGGAGGCTGAGGCGGGCGGATCACGAGGTCAGGAGTTTGAGACCAGCCTGGCCAACATGGTGGAACCCTGTCTCTACTAAAAATACAAAAATTACCCGGGCGCAGTGGTGGGCACCTGTAATCCCAGCTACTTGGGAGACTGAGGCAGGAGAATTCCTTGAACCCGGGAGGCGGAGGTTGCAGTGAGCTGAGATCACGCCACTGCACTCCAGCCTGGGTGACAGAGCAAGACTCTGACT"
"chr1","20647467","20647768","chr1","20624177","20624468","13","23290","GGCTGGGCGCAGTGGCTCACGCCTGTAATCCCAGAACTTTGGGAGGCCGAGGCAGGCGGATCACGAAGTCAGGAGTTCCAGATCAGCCTGACCAACATGGTGAAACCCCGTCTCTACTAAAAATACAAAAATCAGCCAGGTGTAGTGGCGTGTGCCTGTAATCCCAGCTACTCAGGAGGCTGAGGCGGGAGAATTGCTTGAACCCGATAGGCAGGGGTTGCAGTGAGCCAAGATCATGCCACTGCACTCCAGCCTGGGCGACAGAGTGAGACTCCGTCTCAAAAAAAAAAAAAAAAAAAAAA","GGCTGGGCGCAGTGGCTCACGCCTGTAATCCCAGAACTTTGGGAGGCCCAGGCAGGCGGATCACGAAGTCAGGAGTTCCAGATCAGCCTGACCAACATGGTGAAACCCCGTCTCTACTAAAAATACAAAAATCAGCCAGGCGTAGTGGCGTGTGCCTGTAATCCCAGCTACTCAGGAGGCTGAGGCGGGAGAATTGCTTGAACCCGATAGGCGGGGGTTGCAGTGAGCCAAGATCATGCCACTGCACTCCAGCCTGGGCGACAGAGTGAGACTCCGTCTCAAAAAAAAAAAA"
"chr1","20692342","20692599","chr3","125546481","125546720","65","104854139","GCCGGGCACAGTGGCTCACGCCTCTAATCCCATCACTTTGCAAGACCGACAAGGCGAAACCCCATCTCTGCCAAAAATACGAAAATTAGCCAGGCATGGTGGCATGCACATGTAATAGGCTACTTGGGAGGCAGAGGCAGGAGAATCAGGAGAATCACTTGAACCTGGGAAGTGGAGGTTGCAGTGAGCTGAAATTGAGCCACTGCACTCCAGCCCAGGTGACAGAGCGATACTCTGTCTCCAGAGGAAAAAAAAAAA","GGATCACAAGGTCAGGAGTTCGAGATAAGCCTGACCAACATGGTGAAACCCCATCTCTAGTAAAAATACAAAAATTAGCCAGGCATGGTGGCACGCACCTGTAATCCCAGCTACTCAGGAGGCTGAGGCAGGAGAATCGCTTGAACCTGGGAGTCAGAGGTTGCAGTTAGCCGAGATTGTGTCACTGCACTCCAGCCTGGGTGACAGAACAAGACTCAGTCTCCAAAAAAAAAAAAAAAA"
"chr1","20692771","20693071","chr1","129656929","129657230","30","108964158","GGCCAGGCGTGATGGCTCATGCCTGTAATCCCAGAACTTTGGGAGGCCAAGGAGGGTGGATCACGAGGTCAGGAGTTTGAGACCAGCCTGGCCAACATAGTGAAACCCCGTCTCTACTAAAAATACAAAAATTAGCCAGGCGTGGTGGCATGCGCCTGTAGTCCCAGCTACTCAGGAGGCTGAGGCAGGAGAATTGCTGCAACCTGGGAGGTGGAGGTTGCAGTGAGCTGAGATCACACCACTGCACTACAGCTTGGGTGACAGAGTGAGACTTTGTCTCAAAAAAAAAAAAAAAGAAAGA","GGCCAGGCGTGGTGGCTCATGCCTGTAATCCCAGCACTTTGGGAGGCCGAGGTGGGTGGATTACAAGATCAGGAGTTTGAGACCAGCCTGGCCAACATAGTGAAACCCCATCTCTACTAAAAATACAAAAATTAGCCAGGCGTGGTGGCACATGCCTGTAGTCCTAACTACTCAGGAGGCTGAGGCAGGAGAATCGCTTGAACCCGGGAGGTGGAGGTTGCAGTGAGCCGAGATCACACCACATCACTCCAGCCTGGGCGACAGAGTGAGACTCCATCTCAGAGAAAAAAAAAAAAAGGAAA"
"chr1","20759881","20760186","chr1","16458128","16458430","30","4301753","GGCTGGGTGTGGTGGCTCACGTCTGTAATCCCAGCACTTTGGGAGTCTGAGGCGGGTGGATCACAAGGTCAAGAGTTGGAGACCTTCCTGGCCAACATGGTGAAACCCCATCTCTACTAAGCATACAAAAATTAGCCGGGCATGGTGGCACATGCCTGTAATCCCAGCTACTCAGGAGGCTGAGGCAGGAGAATTGCTTGAACCCAGGAGGCAGAGGTTGCAGTGAGCCGAGATTGTGCCACTGCACTCCAGCCTGGGCGACAGAGCAAGACTCTGTCTCGGGGCAAAAAAAAAAAAAAAAAAAAA","GGCCGGGTGCGGTGGCTCACGCCTGTAATCCCAGCACTTTGGGAGGCTGAGGCGGGTGGATCACAAGGTCAGGGGTTCGAGACAAGCCTGACCAACATGGTGAAACCCCATCTCTACTAAAAATACAAAAATTAGCTGGCCGTGGTGGCGGGTGCCTGTAATCCCAGCTACTCAGGAGGCTGAGGCACGAGAATTGCTTGAACCCAGGAGGCGGAGGTTGCAGTGAGCTGAGATTGTGCCACTGCACTCCAGCCTGGGCAACAGAGCGAGACTCTGTCTCAAAAAAAAAAAAAAAAAAGAAAA"
"chr1","20789415","20789704","chr1","20772116","20772409","13","17299","GGCCGGGTGTCGTGGCTCATGCCTGTAATCCCAGCACTTTGGGAGGCCTAGGTCAGGAGTTCGAGACCAGCCTGGCCAACATGGTGAAACCCTGTCCCTACTAAAAATACAAAAATTAGCCGGGCGTGTGGCACGTGCCTGCAATCCCAGCTATTCGAGAGGCTGAGGGCAGGAGAACCCCTTGAACCCAGGAGGCGGAGGCTGCAGCGAGCCAAGATTGCACCACTGCACTCTAGCCTGTCCGACAGAGCAAGTCCCTGTCTAAAAAAAAAAAAAAAAAAAAAAAAAAA","GGCTGGGTGTCGTGGCTCATGCCTGTAATCCCAGCACTTTGGGAGGCCTAGGTCAGGAGTTCGAGACCAGCCTGGCCAACATGGTGAAACCCTGTCCCTACTAAAAATACAAAAATTAGCCGGGCGTGTGGCACGTGCCTGCAATCCCAGCTATTCGAGAGGCTCAGGGCAGGAGAACTCCTTGAACCCAGGAGGGGGAGGCTGCAGCGAGCCAAGATTGCACCACTGCATTTTAGCCTTTCCGACAGAGCAAGTCCCTTTTTTAAAAAAAAAAAAAAAAAAAAAAAAAAAAAA"
"chr1","20794079","20794381","chr1","20779928","20780224","13","14151","GGCTGGTTATGGTGGCTCACGCATGTAATCCCAGCAATTTGGGAGGCCAAGGCGGGTGGATCACAAGGTCAGGAGTTCAAGACCAACCTGGCCAACATGGTGAAACCCCGTCTCTACTGAAAATACAAAAATTAGCCAGGCATGGTGGCACGTGCCTCTAGTCCCAGCTACTCAGGAGGCTGAAGCAGGAGAATTACTTGAACCCAAGGCAGAGGTTGCAGTGAGCCGAGATTGCGCCAGTGCACTCCAGCATGGGCGACAGGGCAAGACTCCATCTCAAGGGAAAAAAAAAAAACAAACAAA","GTGGTGGCTCACGCATGTAATCCCAGCAATTTGGGAGGCCAAGGCGGGTGGATCACAAGGTCAGGAGTTCAAGACCAACCTGGCCAACATGGTGAAACCCCGTCTCTACTGAAAATACAAAAATTAGCCAGGCATGGTGGCACGTGCCTCTAGTCCCAGCTACTCAGGAGGCTGAAGCAGGAGAATTACTTGAACCCAAGGCAGAGGTTGCAGTGAGCCGAGATTGCGCCAGTGCACTCCAGCATGGGCAACAGGGCAAGACTCCATCTCAAGGGAAAAAAAAAAAAAAAAAAAAAA"
"chr1","20821898","20822174","chr1","20805834","20806111","9","16064","GCCAGGCGTGGTGGCTCATGCCTATAATTCCAGCACTTTGAGAGGCCGAGGCGGGCGGATCACGAGGTCAGGAGTTCGAGACCAGCCTGGCCAACATGGTGAATCCCCGTCTCTACTAAAAATACAAAAATTAGCCAGGTGTGGTAGCACACGCCTGTAATCCCAGCTACTCAGGAGGCTGAGGCAGGAAAATTGCTTGAACCCAGGAGGCAGAGGTTGCAATGAGCCAAGATCACATTATTGCACTCCAGCTCTGGGTGACAGAGCAAGACTCCAT","GGCTGGGCATGGTGGCTCACGCCTGTAATCCCAGCACTTTGGGAGGCCGAGGCGGGCGGATCACGAGGTCAGGAGTTCGAGACCAGCCTGGCTAACATGGTGAATCCCCGTCTCTACTAAAAATACAAAAATTAGCCAGGTGTGGTAGCACACGCCTGTAATCCCAGCTACTCAGGAGGCTGAGGCAGGAAAATTGCTTGAACCCAGGAGGCAGAGGTTGCAATGAGCCAAGATCACATTATTGCACTCCAGCTCTGGGTGACAGAGCAAGACTCCAT"
"chr1","20839277","20839409","chr1","20824580","20824712","3","14697","GCCAGGCGTGGTGACTCACGCCTGTAATCCCAGTATTTTGGGAGGCCGAGGTGGGCAGATCACGAGGTCAGGAGTTCGAGACCAGCCTGAACAACGTGGTGAAACCCCGTCTCTACTAAAAATATGAAAATTA","GCCAGGCGTGGTGACTCACGCCTGTAATCCCAGTATTTTGGGAGGCCGAGGTGGGCAGATCACAAGGTCAGGAGTTCGAGACCAGCCTGACCAACGTGGTAAAACCCCGTCTCTACTAAAAATATGAAAATTA"
"chr1","20902067","20902361","chr1","20887551","20887842","7","14516","GGCTGGGCATGGTGGCTTACGCCTGTAATCACAGCACTTTGGGAGGCCAAGAAGGGCAGATCACGAGGCCAGAAGTTTGAGACCAGCCTGACCAACATGGTGAAACCCTGTCTCTACTAAAAATACAAAAATTAGCCAGGCGTAGTAGTGTGCGCCTGTAATCCCAGCTACTCAGGAGGCTGAGGCAGGAGAATCGCTTGAACCTGGGAGGCGGAGATTGCAGTGAGCCGAGATCGCGCCACTGACTCCAGCCTGGGTGACAGAGCAAGACTCCGTCTCAAAAAAAAAAAAAAAA","GGCTGGGCACGGTGGCTTACACCTGTAATCACAGCACTTTGGGAGGCCAAGAAGGGCAGATCACGAGGCCAGAAGTTTGAGACCAGCCTGACCAACATGGTGAAACCCTGTCTCTACTAAAAATACAAAAATTAGCCAGGCGTAGTAGTGTGCGCCTGTAATCCCAGCTACTCAGGAGGCTGAGGCAGGAGAATCGCTTGAACCTGGGAGGCGGAGATTGCAGTGAGCCAAGATTGCGCCACTGACTCCAGCCTGGGTGACAGAGCAAGACTCCGTCTCAAAAAAAAAAAAA"
"chr1","20910304","20910611","chr1","20895782","20896083","10","14522","GGCTGGGCATGGTGGCTCCCGCCTGGAATCCCAGCACTTTGGGATGCCAAGGTGGGCAGATCACAAGGTCAGGAGTTCAAGACCAGCCTGGCCAACATAGTGAAATCCCATCTCTACTAAAAATACAAAAATTAGCCAGGCGTGGTGGCAGGCCCCCGTAATCCCAGCTACTCAGGAGGCTGAGGTAGGAGAATCACTTGAACCTGGGAGGTGGAGGTTGCAGTGAGCCAAGATTATGCCACTGCACTCAGCCTGGGCGACAGTGTGAGACTCCGACTCAAAAAAACAAAAACAAAAACAAAACAAAA","GGCTGGGCATGGTGGCTCCCACCTGGAATCCCAGCACTTTGGGATGCCAAGGTGGGCAGATCACAAGGTCAGGAGTTCAAGACCAGCCTGGCCAACATAGTGAAATCCCATCTCTACTAAAAATACAAAAATTAGCCAGGCATGGTGGCAGGCCCCCGTAATCCCAGCTACTCAGGAGGCTGAGGTAGGAGAATCACTTGAACCTGGGAGGTGGAGGTTGCAGGGAGCCAAGATTATGCCACTGCACTCAGCCTGGGCGACAGTGTGAGACTCTGACTCAAAAAAACAAAACAAAACAAAAA"
"chr1","20933375","20933654","chr1","20918876","20919155","5","14499","GGCCAGGCGTGGTGGCTCACACCTGTAATCCCAGCACTTTGGGAGGCTGAGCCGGGTGGATCACAAGGTCAGGAGTTTGAGATCAGCCTGACAAACATGGTGAAATCCTGTCTCTACTAAAAATACAAAAATTATCCGGGCGTGGTGGTGCGCACCTGTAATCCCAGCTACTCAGGGGGCTGAGGGAGGAGAATCACTTGAACCTGGGAGGCGGAAGGTTGCAGTGAGCTGAGATCACACCACCGCACTCCAGCCTGGGCAACAGAGTGAGACTCTATCT","GGCCAGGCGTGGTGGCTCACACCTGTAATCCCAGCACTTTGGGAGGCCGAGCCGGGTGGATCACAAGGTCAGGAGTTTGAGATCAGCCTGACAAACATGGTGAAATCCCGTCTCTACTAAAAATACAAAAATCATCCGGGCGTGGTGGTGCGCACCTGTAATCCCAGCTACTCAGGGGGCTGAGGGAGGAGAATCGCTTGAACCTGGGAGGCGGAAGGTTGCAGTGAGCTGAGATCACACCACCACACTCCAGCCTGGGCAACAGAGTGAGACTCTATCT"
"chr1","20938827","20939135","chr1","20924322","20924632","5","14505","GGCCAGGTGTGGTGGCTCATGCCTGTAATCCCAGCACTTTGGGAGGCTGAGGCGGGCGGATCACAAGGTCAGTAGTTCGAGACCAGCCTGACCAACAAGGTGAAACCCCGTCTCTACTAAAAATACAAAAATAAGCCAGGCGTGGTGGCACACGCCTATAATCCCAGCTACTCAGGAGGCTGAGGCAGGAGAATTGCTTGAACCTGGGAGCCAGAGGTTGCAGTGAGCCGAGATTGCACCACTGCACTCCAGCCCGGGCGATGGAGCGAGACTCCATCTTAAAAAAAATTAAAAAAAAAAAAAAAAAAA","GGCCGGGTGTGGTGGCTCATGCCTGTAAACCCAGCACTTTGGGAGGCTGAGGCGGGCGGATCACAAGGTCAGTAGTTCGAGACCAGCCTGACCAACAAGGTGAAACCCCGTCTCTACTAAAAATACAAAAATAAGCCAGGCGTGGTGGCACACGCCTATAATCCCAGCTACTCAGGAGGCTGAGGCAGGAGAATTGCTTGAACCTGGGAGCCAGAGGTTGCAGTGAGCCGAGATTGCACCACTGCACTCCAGCCCGGGCGATGGAGCGAGACTCCACCTTAAAAAAAATTAAAAAAAAAAAAAAAAAAAAA"
"chr1","20990394","20990682","chr1","20976946","20977232","3","13448","GCCGGGTGCGGTGGCACACACCTGTAATCCCAGCACTTTAGGAGGCTGAGGTGGGCGGATCACGAGGTCAGGAGTTCAAGACCAGCCTGGCCAACATGGTGAAACCCCGTCTCTACCAGAAATACAAAAATTAGCCAGTGTAGTGGCACATGCCTGTAATCTCAGCTACTCGGGAGGCTGAGGCAGAATTGCTTGAACCCGGGAGGCAGAGGCTGCGGTGAGCTGAGATCGCGCCACTGTACTCCAGCCTGGGCGACAGAGCAAGACTCCATCTCAAAAAAAAGAGAAA","GCCGGGTGCGGTGGCACACATCTGTAATCCCAGCACTTTAGGAGGCTGAGGTGGGCGGATCACGAGGTCAGGAGTTCAAGACCAGCCTGGCCAACATGGTGAAACCCCGTCTCTACCAGAAATACAAAAATTAGCCAGTGTAGTGGCACATGCCTGTAATCTCAGCTACTCGGGAGGCTGAGGCAGAATTGCTTGAACCCGGGAGGCAGAGGCTGCGGTGAGCTGAGATCGCGCCACTGTACTCCAGCCTGGGCGACAGAGCAAGACTCCATCTCAAAAAAGAGAAA"
"chr1","21018301","21018576","chr1","21004802","21005078","5","13499","GCCGGGCACAGTGGCTCATGCTTGTAATCCTAGCCCTTTGGGAGGCCGAGGCGGGCGGATCACAAGGTCAGTAGTTCAAGACCAGCCTGGCCAACACAGTCTCTACTAAAAATACAGGGCATGGTGGTGGATGCCTGTAATCCCAGCTACTCGGGAGGTTGAGGCAGGAGAATCGCTTGAACCCAGGAGGTGGAGGTTGCAGTGAGCTGAGATCACGCCACTGCACTCCAGCCTGGGCAACAGAGCTAGACTCCTTCTCTTAAAAAAAAAAAAAAA","GGCCGGGCACAGTGGCTCATGCTTGTAATCCTAGCACTTTGGGAGGCCGAGGCGGGCGGATCACAAGGTCAGTAGTTCGAGACCAGCCTGGCCAACACAGTCTCTACTAAAAATACAGGGCATGGTGGTGGACGCCTGTAATCCCAGCTACTCGGGAGGTTGAGGCAGGAGAATCGCTTGAACCCAGGAGGTGGAGGTTGCAGTGAGCTGAGATCACTCCACTGCACTCCAGCCTGGGCAACAGAGCTAGACTCCTTCTCTTAAAAAAAAAAAAAAA"
"chr1","21071552","21071835","chr1","21054982","21055264","10","16570","GGCCGGGCACGGTGGCTCACGCCTGTGATCCCAGCACTTTGGGAAGCCAAGGAAGGTGGATCACGAGGTCAGGCATTGAAGACCAGCTTGACCAAAATACAAAAATTAGCCAGGCATGGTGGTGCGAGCCTGTAATCCCAGCTACTCAGGAGGCTGAGGCAGGAGAATCGCTTGAACCCAGGAGGCGGAGATTGCAGTGAGTCAAGATTGCGCCACTGCACTCCAGCCTAGGTGACAGAGCGAGGCTCCGTCTCAAAAAAAAAAAAAGAGAGAGAGGAAAAAAA","GGCCGGGCACGGTGGCTCACGCCTGTGATCCCAGCACTTTGGGAAGCCAAGGAAGGTGGATCACGAGGTCAGGCATTGAAGACCAGCTTGACCAAAATACAAAAATTAGCCAGGCATGGTGGTGCCAGCCTGTAATCCCAGCTACTCAGGAGGCTGAGGCAGGAGAATCGCTTGAATCCAGGAGGCGGAGGTCGCAGTGAGTCAAGATTGCGCCACTGCACTCCAGCCTAGGTGACAGAGCGAGGCTCCGTCTCAAAAAAAAGAGAGAGAGAGGAAAAAAAAA"
"chr1","21080500","21080806","chr1","21063940","21064246","4","16560","GCTGGGCCCGGTGGCTTATGCCTGTAATCCCAGCACTTTGGGAGGCTGAGGTGGGCAGATCACGAAGTCAGGAGTTTGAGATCAGCCTGACCAACATGGTGAAACCCTATCTCTACTAAAAATACAAAAATTAGCCGGGCATGGTGGCGCACACCTGTAATCCCAGCTACTCAGGAGGCTGAGGCAGGAGAATTGCTTGAACCCCGGAGGCAGAGGTTGCGGTGAGCTGAGATGGCGCCATTGCACTCGAGCCTGGGCAACAGAGTGAGACCCTGTCCCCTCCAAAAAAAATAAAGGAAGAAAGAAA","GGCTGGGCCCGGTGGCTTATGCCTGTAATCCCAGCACTTTGGGAGGCTGAGGTGGGCAGATCACGAAGTCAGGAGTTTGAGATCAGCCTGACCAACATGGTGAAACCCTATCTCTACTAAAAATACAAAAATTAGCCGGGCATGGTGGCGCACACCTGTAATCCCAGCTACTCAGGAGGCTGAGGCAGGAGAATTGCTTGAACCCGGGAGGCAGAGGTTGCGGTGAGCTGAGATGGCGCCATTGCACTCGAGCCTGGGCAACAGAGTGAGACCCTGTCCCTCCAAAAAAAATAAATGAAGAAAGAAA"
"chr1","21116556","21116854","chr1","21099914","21100218","13","16642","GGCCAGGCGCGGCGGCTCACACCTGTAATCCCAGCACTTTGGGAGGCTGAGGGGGGTGCGGATCACAGGGTCAGGAGTTCGAGACCAGCCTGACAAACATAGTGGAAACCCTGTCTCTACTAAAAATACAAAAATTAGCTGGGCGTGGTGGCGTGCACCTGTAATCCCAGCTACTCAGGAGGCTGAGGCAGGAGAAACGCTTGAACCCAGGAGGCGGATGTTGCAGTGAGCCAAGATCACACCACTGCACTCCAGCCAGGGCGACAGAGTGAGACTCCTTCTCAAAAAAAAAAAAAAAA","GGCCAGGCGCGGCGGCTCACACGTGTAATCCCAGCACTTTGGGAGGCTGAGGGGGGTGCGGATCACAGGGTCAGGAGTTCAAGACCAGCGTGACAAACATAGTGGAAACCCTGTCTCTACTAAAAATACAAAAATTAGCTGGGCGTGGTGGTGTGCACCTGTAATCCCAGCTACTCAGGAGGCTGAGGCAGGAGAATCGCTTGAACCCAGGAGGCAGATGTTGCAGTGAGCCAAGATCACACCACTGCACTCCAGCCAGGGCGACAGAGTGAGAATCCTTCTCAAAAAAAAAAAAAAAAAAAAAA"
"chr1","21120382","21120638","chr1","21103737","21103986","10","16645","CCAGGCGCAGTGGCTCACATCTGTAATCCCAGCACTTTGGGAGGCTGACCAGCCTGGCTAATGTGGTGAAACCTCGTCTCTACTAAAAATAGAAAAATTAGTTGGGCATGGTGGTGCATGCCTATAATCCCAGCTACTTGAGCAGAAGGCAGGAGAATCACTTGAACCCAGGAGGCAGAGGCTGCAGCGAGCCGAGATCACTACAGCCTGGACAACAGAGTGAGTGAGACTCCATCTCAAAAAAAAAAAAAAAAAAA","CCAGGCGCGGTGGCTCACATCTGTAATCCCAGCACTTTGGGAGGCTGACCAGCCTGGCTAATGTGGTGAAACCTCGTCTCTACTAAAAATACAAAAATTAGTTGGGCATGGTGGTGCATGCCTATAATCCCAGCTACTTGAGCAGGAGGCAGGAGAATCACTTGAACCCAGGAGGCAGAGGCTGCAGCGAGCCGAGATCACTACAGCCTGGACAACAGAGTGAGTGAGACTCCATCTCAAAAAAAAAAAA"
"chr1","21147331","21147630","chr1","21132561","21132837","32","14770","GGTTGGGTGCGGTGGCTCACACCTGTAATCCCAGCACTTTGGGAGGCTGAGGTGGGCAGATCACGAGGTCAGGAGTTCGAGACCAGCCTGGCCAACATAGGGAGACCCTGTCTCTACTAAAAATTAGCCAGGCGTGGTGGCAGGAACCTGTAATCCCAGCTACTTAGGAGGCTGAGGCAGGAGAATCGCTTGAACCCGGGAGGTGGAGGTTGCAGTGAGCCGAGATCACGCGATTGCACTCCAGCCCAGGCGACAGTGTGAGACTCTGTCTCAGAAGAAAAAAAACAAACAAAAAACAAA","TAATCCCAGCACTTTGGGAGGCTGAGGTGGGCAGATCACGAGGTCAGGAGTTCGAGACCAGCCTGGCCAACATAGGGAGACCCTGTCTCTACTAAAAATTAGCCAGGCGTGGTGGCAGGAACCTGTAATCCCAGCTGCTTAGGAGGCTGAGGCAGGAGAATCGCTTGAACCCGGGAGGTAGAGGTTGCGGTGAGCCGAGATCACGCGATTGCACTCCAGCCCAGGCGACAGTGTGAGACTCTGTCTCAGAAAAAAACAAACAAACAAAAAACAAAAA"
"chr1","21181555","21181839","chr1","21167591","21167875","4","13964","GGCCAGGCGCAGTGGCTCACGCTTGTAATCCTAGCACTCTGGGAGGCCGAGGCCGGCAGATCATGAGGTCGGGAATTTGCGACCAGCCTGGCCAACACAGTGAAATCCCATCTCTACTAAAAATAAAAAAATTAGCTGAGCGTGGTGGCGGTGCCAGTAATCTCAGCTACTTTGGAGGCTGAGGCAGGAGAATCGCTTGAACCCAGGAGGTGGAGGTTGCAGTGAACCGAGATTACACCACTGCACTCCAGCCTGGGCAACAGAGCTAGACTCCATCTCAAGAAA","GGCCAGGCGCGGTGGCTCACGCTTGTAATCCTAGCACTTTGGGAGGCCGAGGCCAGCAGATCATGAGGTCGGGAATTTGCGACCAGCCTGGCCAACACAGTGAAACCCCATCTCTACTAAAAATAAAAAAATTAGCTGAGCGTGGTGGCGGTGCCAGTAATCTCAGCTACTTTGGAGGCTGAGGCAGGAGAATCGCTTGAACCCAGGAGGTGGAGGTTGCAGTGAACCGAGATTACACCACTGCACTCCAGCCTGGGCAACAGAGCTAGACTCCATCTCAAGAAA"
"chr1","21199895","21200201","chr1","6517296","6517602","30","14682599","GCCAGACACGGTGGCTCACGCCTGTAATCCAGCACTTTGGGAGGCTGAGGCAGGCGGATCACGAGGTCAGGAGTTTGAGACCAGCCTGACCAACATGGTGAAACCCCGTCTCTACTAAAAATACAAAAAGTAGCTGGGCATGGTGGTCCACACCTGTAATCCCAGCTACTCAGGAGGCTGAGGCAGGATAATCACTTGAACCTGGGAGGCGGAGGTTGCAGTGAGCCGAGGTCGCTCCACTGCACTCCAGCCTGGATGACAGAGTGAGACTCTTGTCTTGAAAAAAAAAAAAAAAGAAAGAAAGAAA","GGCCAGGCGCAGTGGCTCACGCCTGTAATCTCAGCACTTTCGGAGGCCAAGGCGGGCGGATCACGAGGTCAGGAGTTCGAGACCAGCCTGACCAACATGGTGAAACCCTGTCTCTACTAAAAATACAAAAATTAGCTGGGCGTGGTGGCACACACCTGTAATCCCAGCTACTCAGGAGGCTGAGGCAGGAGAATCGCTTAAACCTGGGAGGCGGAAGTTGCAGTGAGCCGAGATCACTCCACTGCACTCCAGCCTGGGTGACAGAGCTAGACTCTGTCTCAAAAAAAAAAAAAGAAAAGAAAAGAAA"
"chr1","21248618","21248925","chr1","21237189","21237491","12","11429","GGCCAGGTGGGGTGGCTCAAAGTGCTGTTAATCCCAGCCCTTTGGGAGGCCGAGGCAGGCAGATCATGAGGTCAGGAGTTCGAGACCAGCCTGACCAACATGGTGAAACCCTGTCTCTACTAAAAATACAAAAATTAGCCAGGAGTGGTGGCTCACACCTGTAATCCCAGCTACTAGGGAGGCTGAGGCAGGAGAATCGCTTGAACCTGGGAGGCGGAGGTTGCAGTGAGCTGAGATCACGCCACTGCACTAGAGCCTAGACATGAGAGCAAGATTCCATCTCAAAAAAAAAAGAAAAGAAAAAGAGA","GGCCAGGTGGGGTGGCTCAAAGTGCTGTTAATCCCAGCCTTTTGGGAGGCCGAGGCAGGCAGATCATGAGGTCAGGAGTTCGAGACCAGCCTGACCAACATGGTGAAACCCTGTCTCTACTAAAAGTACAAAAATTAGCCAGGAGTGGTGGCTCACACCTGTAATCCCAGCTACTAGGGAGGCTGAGGCAGGAGAATCGCTTGAACCCGGGAGGCGGAGGTTGCAGTGAGCTGAGATCACGCCACTGCACTCCAGCCTGGACATGACAGCAAGATTCCATCTCAAAAAAAAAAGAAAAAGAGA"
"chr1","21253789","21254098","chr1","21242351","21242657","5","11438","GGCCAGGTGCGGTGGCTCATGCCTGTAATCCCAGCACTTTGGGACGCCGAGGCGGGTGGATTATGAGGTCAGGAGTTCGAGACCAGCCTGACCAACATGGTGAAACCCCGACTCTACTAAAAATACAAAAATTAGCCGGGCGTGGTGGTGCCTGCCTGTAATTCCAGCTACTCAGGAGGCTGAGGCAGGAGAATCGCTTGAACCTGGGAGGCAGAGGTTGCAGTAAGCTGAGATCATGCCACTGCACTCCATCCTGGGCGACAGAGCAAGACTTTGTCTCAAAAAAAAAAAAAAAAAAAAAAAAGAGGAA","GGCCAGGTGCGGTGGCTCATGCCTGTAATCCCAGCACTTTGGGACGCCGAGGCGGGTGGATTACGAGGTCAGGAGTTCGAGACCAGCCTGACCAACATGGTGAAACCCCGACTCTACTAAAAATACAAAAATTAGCCGGGCGTGGTGGTGCCTGTCTGTAATTCCAGCTACTCAGGAGGCTGAGGCAGGAGAATCGCTTGAACCTGGGAGGCAGAGGTTGCAGTAAGCTGAGATCATGCCACTGCACTCCATCCTGGGCGACAGAGCAAGACTTTGTCTCAAAAAAAAAAAAAAAAAAAAAGAGGAA"
"chr1","21281715","21281964","chr5","131126782","131127035","30","109845067","CCAGCACTTTGGGAGGCTGAGGCGGGTGGATCACGATGTTAGGAGTTCGAGATCAGCCTGACCAACATGGTGAAACCCTGTCTCTACTAAAAATACAAAAATTAGCCGGGCGTGGTAGCACATGCCTGTAATCTCAGCTACTCAGGAGACTGAGGCAGGAGAATCGCTTGAACCCGGGAGGCAGAGGTTGCAGTGAGCCGAGATCGTGCCATTGCACTCCAGCCTGGGTAACAGAGGGAGACTCCATCTC","CCAGGACTTTGGGAGGCTGAGACGAGTGGATCACGAGGTCAGGAGTTCAAGAACAGCCTGACCAACATGGTGAAACCCTGTCTCTACTAAAAATACAAAAATTAGCCAGGAGTGGTGGTGTGTGCCTGTAACCCCAGCTACTCAGGAGGCTGAGGCAGGAGAATCGCTTGAACTTGGGAGGCAGAGGTTGCAGTGAGCCAAGATCCCGCCATTGCATTCCATCCTGGGCAACAGAGTGAGACTCCATCTCAAAA"
"chr1","21383000","21383302","chr17","18873407","18873702","33","2509593","GCCGGGCACGGTGGCTCACGCCTGTAATCCCAGCACTTTGGGAGGCCGAGGCAGGCGGATCACGAAGTCAGGAGTTCGAGACCAGCCTGGCCAACATGGTGAAACCCGGTATCTACCAAAAATACAAAAATTAGCTGGGCTTGGTGGCGGGTGCCTGTAATCCCAGTTACTTGGGAGGCTGAGGCAGGAGAATCGCTTGAACCCGGGAGGTGGAGATTGCAGTGAGCTGAGATAATGCCACTGCACTCCAGCCTGGGTAACAAAGCAGGACTCTGTTTAAAAATAAATAAATAAATAAATAAA","GCCGGGCGCGGTGGCTCACGCCTGCAATCCCAGCACTTTGGGAGGCCGAGGCAGGTGGATCACGAGGTCAGGGGTTCGAGACCAGCCTGACCAACATGGTGAAACCCCGTCTCTACTAAAAATACAAAAATTAGCTGGGCGTGGTGGCGGGCGCCTGTAATCCCAGCTACTCAGGAGGCTGAGGCAGGAGAATTGCTTGAACCCGGGAGGCGGAGGTTGCAGTGAGCCGAGATTGCGCCACTGCACTCCAGCCTGGGTGACAGAGCAAGACTCTGTCTAAAAAAAAGAAAAAAAAA"
"chr1","21393877","21394183","chr3","131110710","131111013","30","109716833","GGCTGGGCGCGGTGGCTCATGCCTGTAATCCCAGCACTTTGGGAGGCCGAGGCAGGTGGATCACAAGGTCAGTAGTTTGAGACCAGCCTGGCCAACATGGTGAAACCCCGTCTCTACTAAAGAAATACAAAAATTAGCCCGGTGTCGTGGCAGGCACTTGTAATCCCAGCTACTCGGGAGGCTGAGGTGGGAGAATCGCTTGAATCCCAGGAGGCAGAGGTTGCAGTGAGCCAAGATTGCACCATTGCACTCCAGCCTGGGCGACAGAGCAAGACTCTGTCTTAAAAAAAAAAAAGAAAGAAAGAAA","GGCCGGGCGCCGTGGCTCACGCCTATAATCCCAGCACCTTGGGAGGCCGAGGCAGGCGGATCACAAGGTCAGGAGTTTGAGACCAGCCTAACCAACATGGTGAAACCCCGTCTCTACTAAAAATACAAAAATTAGGCAGGCGTGGTGGCACGCGCCTGTAATCCCAGCTACTCAGGAGGCTGAGGCAGGAGAATCACTTGAACCCAGGAGGCAGAGGTTGCAGTGAGCCAAGATTGCGCCACTGCACTCCAGCCTGGGTGACAGAGCAAGACTCTGTCTCAAAAAAAAAAAAAAAAAAAAAAAA"
"chr1","21401549","21401829","chrX","30971483","30971763","26","9569934","GGCCGGGCGTGGTGGCTCACGCCTGTAATCCCAGCACTTTGGGAGGCCGAGGCAGGTGGATCATGAAGTCAGGAGTTCGAGACCAGACTGACCAACATGGTGAAACCCTGTCTCTACTAAAAATACAAAAATTAGCCAGGCATGGTGGTGCACACCTGTAATCCCAACTACTCAGGAGGCTGAGGCAGGAGAATCGCTTGAACCCGGGAGGTGGAGGTTGCAGTGAGCCGAGATTGTGCCATTGCCCTCCTGCCTGGGTGACAGAGCAAGACTCCGTCTCA","GGCTGGGTGTGGTGGCTCACGCCTATAATCCCAGCACTTTAGGAGGCCAAGGCAGGTGGATCATGAGGTCAGGAGTTCGAGACCAGCCTGGCCAACATGGTGAAACCCCGTCTCTACTAAAAATACAAAAATTAGCTGGGCATGGTGGTGTGCGCCTGTAATCCCAGCTACTCCAGAGGCTGAGGCAGGAGAATCACTTGAACCCGGGAGGTGGAGGTTGCAGTGAGCTGAGATTGTGCCACTGCACTCCAGCCTGGGGGACTGAGCAAGAATCCTTCTCA"
"chr1","21469445","21469730","chr1","21457548","21457821","25","11897","GGCCGTGCACGGTGGCTCACTCCTGTAATCCAAGCACTTTGGGAGGCTGAGGCGGGTAGAGCACGAGGTCAGGAGTTTGAGACCAGCCTGGGCAACGTGGAGAAACCCCATCTCTTCTAAAAATACAAACATTAGCTGGGCGTGGTGGCGGGCGCCTGTAATCCCAGCTACTCAGGAGGCTGAGGCAGGAGAATCCCTTGCATCCAGGAGGCAGAGGTTGCAGTGAGCCAAGAACACGCCATTGCACTCCAGCCTGGGCGATAGGGCAAGACTCGTCAAAAGAAAA","GGCCATGCACGGTGGCTCACTCCTGTAATCCCAGCACTTTGGGAGGCTGAGGCGAGCGGATCACGAGGTCAGGAGTTTGAGACCGGCCTGGGCAACATGGAGAAACCCCATCTCTTCTAAAAATACAAACATTGGCTGGGCGTGGTGGCGGGCGCCTGTAATCCCAGCTACTCGGGAGGCTGAGGCAGGAGAATCCTTTGCACCCAGGAGGCAGAGGTTGCAGTGAGCCAAGAACACGCCATTGCACTCCAGCCTGGGCGACAGGGCAAGACTC"
"chr1","21493556","21493853","chr1","21483742","21484049","20","9814","GGCCAGGCGCAGTGGCTCACGCCTGTAATCTTAGCACTTTGGGAGACCGAGGCAGGTGGATCACGAGGTCAGAAATTCGAGACCAGCCTGACCAATATGGTGAAACCCCGTATCTACTAAAAATACAAAAATTAGCTGGGCGTGGTGGCACGCGCCTGTAATCCCAGCTACTCGGGAGGCTGAGGCAGGAGAATCACCTGAACCCAGGAGGTGGAGGTTGCAGTGAGTTGAGATCAAACCATTGCACTCCAGCCTGGGCGACAGAGCGAGACTCTGTCTCAAAAAAAACAAAACAAAA","GGCGGGGTGCAGTGGCTCACACCTGTAATCTTAGCACTTTGGGAGACCGAGGCAGGTGGATCATGAGGTCAGAAATTTGAGACCAGCCTGACCAATATGGTGAAACCCCGTATCTACTAAAAATACAAAAATTAGCTGGGCATGGTGGCACGCGCCTGTAATCCCAGCTACTTGGGAGGCTGAGGCAGGAGAATCACTTGAACCCAGGAGGTGGAGGTTGCAGTGAGTTGAGATCAAACCATTGCACTCCAGCCTGGGTGACAGAGCGAGACTCTGTCTCAAAAAAACAAAACAAAACAAAACAAAAC"
"chr1","21524000","21524301","chr1","21514401","21514695","14","9599","GGCCGGGCGCAGTAGCTCATGCCTGTAATTCCAGCACTTTGGGAGGCTGAGGCGGGCAGATCATGAGGTCAGGAGTTTGAGACCAGCCTGAGCAACATGGTGAAACCCCGTCTCTACTAAAAATACAAAAATTAGCCAGGTGTGGTGGCACGCGCCTGTAATCCCAGCTACTCAGTAGGCTGAGGCAGGAGAATTGCTTGAACCTGGGAGGTGGAGGTGGCAGTGAGCCGAGATCACGCCACTGCACTCCAGCCTGGGCGACAGAGCGAGACTCCATGTCAAAAAAAAAAAAAAAAAAAAAA","GGCCGGGCGCAGTGGCTCACGCCTGTAATTCCAGCACTTTGGGAGGCTGAGGCGGGTGGATCACGAGGTCAGGAGTTTGAGACCAGCCTGAGCAACATGGTGAAACTCCGTCTCTACTAAAAATACAAAAATTAGCCAGGTGTGGTGGCACGCGCCTGTAATCCCAGCTACTCAGTAGGCTGAGGCAGGAGAATTGCTTGAACCCGGGAGGTGGAGGTGGCAGTGAGCCGAGATCACGCCACTGCACTCCAGCCTGGGCGACAGAGCGAGACTCCATGTCAAAAAAAAAAAAAAA"
"chr1","21588421","21588728","chr2A","43824988","43825294","15","22236567","GCTGGGCGTGGTGGCTCACGCCTGTAATCCCAGCACTTTGGGAGGCCGAGGCAGGTGAATCATGAGGTCAGGAGTTCGAGACCAGCCTGACCAATATGATGAAACCCCGTCTCTACTAAAAATACAAAAATTAGCCGGGTGTGGTGGTGCGTGCCTGTAATCCCAGCTACTCAGGAGGCTGAGGCAGGAGAATTGCCTGGAGCCGGGAGATGGAGGTTGCAGTGAGCTGAGATCACGCCATTGCACTCCAGCCTGGGCGACAGAGCGAGAGCGAGACTCCGTCTCAAAAAAAAAAAAAAAAAAAAGAA","GCCAGGTGCGGTGGCTCACGCCTGTAATCCCAGCATTTTGGGAGGTCGAGGCGGGTGGATCATGAGGTCAGGAGTTCGAGACCAGCCTGACCAATATGATGAAACCCCGTCTCTACTAAAAATACAAAAATTAGCCGGGTGTGGTGGTGTGTGCCTGTAATCCCAGCTACTCAGGAGGCTGAGGCAGGAGAATTGCTTGGAGCTGGGAGATGGAGGTTGCAGTGAGCTGAGATCACGCCATTGCACTCCAGCCTGGGCAACAGAGTGAGAGCGAGACTCCATCTCAAAAAAAAAAAAAAAAAAAAAA"
"chr1","21643278","21643586","chr1","21633210","21633518","3","10068","GGCTGGGTGTGGTGGCTCACGCCTGTAATCCTAGCACCTTGGGAGGCCGAGACGGGCGGATCATGAGGTCAGGAGTTCGAGACCAGCCTGACCAACATGGTGAAACCCCATCTCTACTAAAAATACAAAAATTAGCTGGGCATGGTGGCACACGCCTGTAATCCCAGCTACTCAGGAGGCTGAGGCAGGAGAATGCTTGAACCTGGCAGGTGGAGGTTGCAGTGAGCCAAGATCGTGCCACTGCACTCCAGCCTGGGCGAGACAGCAAGACTCCGTCTCAAAAAAAAAAAAAAAAAAAGAAAAAAGAAA","GGCTGGGTGTGGTGGCTCACGCCTGTAATCCTAGCACCTTGGGAGGCCGAGACGGGCGGATCATGAGGTCAGGAGTTCGAGACCAGCCTGACCAACATGCTGAAACCCCATCTCTACTAAAAATACAAAAATTAGCTGGGCATGGTGGCACGCACCTGTAATCCCAGCTACTCAGGAGGCTGAGGCAGGAGAATGCTTGAACCTGGCAGGTGGAGGTTGCAGTGAGCCAAGATCGTGCCACTGCACTCCAGCCTGGGCGAGACAGCAAGACTCCGTCTCAAAAAAAAAAAAAAAAAAAGAAAAAAGAAA"
"chr1","21656151","21656448","chr1","21646102","21646384","20","10049","GGCTGGGCGCGGTGGCTCACGCCTGTGATCCCAGCATTTTGGGAGGCTGAGGCAGGTGAATCATGAGGTCAGGAGTTCGAGATCAGCCTGATCAACATGGTGAAACCCCGTCTCTATTAAAAATACAAAAATTAGCTGGGCGTGGTGGCACCCAGCTACTCAGGAGGCTGAGGCAGGAGAATCGCTTGAACCCAGGAGGCAGAAGTTGCAGTGACCAAAGATCACACCACTGCACTGCAGCCTGGGTGACATAGCAAGACTCCATCTAAAAAAAAAAAAAAAAAAAAAAAAAAAAAAA","GGCTGGGCGCGGTGGCTCACGCCTGTGATCCCAGCATTTTGGGAGGCTGAGGCAGGTGGATCATGAGGTCAGGAGTTCGAGATCAGCCTGATCAACATGGTGAAACCCCGTCTCTACTAAAAATACAAAAATTAGCTGGGCGTGGTGGCACCCAGCTACTCAGGAGGCTGAGGCAGGAGAATCACTTGAACCCAGGAGGCAGAAGTTGCAGTGAGCAAAGATCACACCACTGCACTGCAGCCTGGGTGACATAGCAAGACTCCATCTAAAAAAAAAAAAAAGA"
"chr1","21708219","21708502","chr1","21698244","21698527","4","9975","GGCTGGGCTTGGTGGTTCACACTTGTAAGCCCAGCACTTTGGGAGGCTGAGGGGAGCAGATCACGAGGTCAGGAGTTTGAAACCAGCCTGGCCAACATGGCGAAACCCCGTCTCTACTCAAAATACAAAAATTAGCCAGGTGTGTGGCAGGCACCTGTAATCTCAGCTACTCAGGAGGCTGAGGCAGAAGAATCGTTTGAATGCAAGAGGCAGAGGTTGCAGTGAGCCAAGATTGTGCCATTCCACTCCAGCCTGGGCGAGGAGCAAGACTCTGTCTCAAAAAA","GGCTGGGCTTGGTGGTTCACACTTGTAAGCCCAGCACTTTGGGAGGCTGAGGAGAGCGGATCACGAGGTCAGGAGTTTGAAACCAGCCTGGCCAACATGGCGAAACCCCGTCTCTACTCAAGATACAAAAATTAGCCAGGTGTGTGGCAGGCACCTGTAATCTCAGCTACTCAGGAGGCTGAGGCAGAAGAATCGTTTGAATGCAAGAGGCAGAGGTTGCAGTGAGCCAAGATTGTGCCATTCCACTCCAGCCTGGGCAAGGAGCAAGACTCTGTCTCAAAAAA"
"chr1","21717677","21717936","chr1","21707723","21708007","30","9954","GCCGGGCACGGTGGCTCATGCCTGTAATCCCAGCACTTTGGAGGGCTGAGGTGGGCAGATTAAGGTCTGGAGTTCAAGATCAGCCTGGTCAACATGGCAAAAACCTCTCTCTGCTAAAAATACAAAAATTAGCCCACTGTGCTGGTGCATGCCTGTAATCCCAGCTACTCCGGAGGCTGAGCCCAGGAGGTGGAGGTTGGAGTGAGCCGAGATCACACCACTGCACTCCAGACTGGGCAACAGAGGGAGACTCCGTCTCA","GCCGGGCACGGTGGCTCATGCCTGTAATTCCAGCACTTTGGAGGGCTGAGGTGGGCAGATTAAGGTCTGGAGTTCAAGATCAGCCTGGTCAACATGGCAAAAACCTCTCTCTGCTAAAAATACAAAAATTAGCCCACTGTGCTGGTGCATGCCTGTAATCCCAGCTACTCAGGAGGCTGAGCCCGGGAGGTAGAGGTTGGAGTGAGCCGAGATCACACCACTGCACTCCAGACTGGGCAACAGAGGGAGACTCCATCTCAAAAACAAAACAAAACAAAACAAAAC"
"chr1","21718559","21718818","chr1","21708605","21708865","4","9954","TTTGGGAGGCCGAGGTGGGCAGATCACAAGGTCACAAGTTCGAGATCAGCCTGACCAACATGGTGAAACCCCTTCTCTACTAAAAATACAAAAATTATCCAGGCGTGGTGGCATGCACCTGTAATCCCAGCTACTCAGGAGGCTGAGGCAGGAGATCATTTGAATCCGGGAGGAGGAGGTTGCAGTGAGCTGAGATGGCACCACTGCATTCCAGCCTGGGCGACAGAGCACGACACCGTCTCAAAAAAAAAAAAGAAAAA","TTTGGGAGGCCGAGGTGGGCAGATCACAAGGTCACGAGTTCGAGATCAGCCTGACCAACATGGTGAAACCCCTTCTCTACTAAAAATACAAAAATTATCCAGGCGTGGTGGCATGCACCTGTAATCCCAGCTACTCAGGAGGCTGAGGCAGGAGATCATCTGAATCCGGGAGGAGGAGGTTGCAGTGAGCTGAGATGGCGCCACTGCATTCCAGCCTGGGCGACAGAGCACGACACCGTCTCAAAAAAAAAAAAAGAAAAA"
"chr1","21751761","21752046","chr1","21744373","21744651","16","7388","TATAATCCCAGCATTTTGGGAGACCAAGGCGAGTGGATCACAAGGTCAGGAATTCGAGACCAGCCTGACCAACACGGTGAAACCCCATCTCTACTAAAAATACAAAAATCAGCCGGATGTGGTGGCGCGTTCCTGTAATCTCAGCTACTCGGGAGGCTGAGGCAGGAGAATCGCTTGAACCTGGGAGGCAGAGGTTGCAGTGAGCCAAGATCACGCCACTGCACTCATCCTGGGCAACAGAGCAAGAGTCCATCTCAAAAAAAAAAAAAAAAAGAAAAGAAATAAA","TATAATCCCAGCATTTTGGGAGACCAAGGCGAGTGGATCACAAGGTCAGGAATTCGAGACCAGCCTGACCAACATGGTGAAACCCTATCTCTACTAAAAATACAAAAATCAGCCGGATGTGGTGGCGCGTGCCTGTAATCTCAGCTACTCAGGAGGCTGAGGCAGGAGAATCGCTTGAACCTGGGAGGCGGAGGTTGCAGTGAGCCAAGATCACGCCACTGCACTCATCCTAGAGCAAGAGTCCATCTCAAAAAAAAAAAAAAAAAAAAGAAATAAAAA"
"chr1","21753881","21754180","chr1","21746480","21746780","8","7401","GGCTGGAAGCAGTGGTTCACGCCTGTAATCCCAGCACTTTGGGAGGCCATGGCTGGCGGATCACAAGGTCGGGAGTTCCAGACCAGCCTGGCCAACATGGCGAAACCCCGTCTCTATTAAAAATACAAAAATTAGTGGGGCATGGTAGTACACGCCTGTAATCCCAGCTACTCGGGAGGCTGAGGCAGGAGAATCACTTGAACCCGACAGGCGGAGGTTGTAGTTAGCCAAGATTGTGCCACTGCACTCCAGCCTGGGCAACAGAGTGAGACTCCATCTGGGAGGAAAAAAAAAAAGAAA","GGCTGGAAGCAGTGGTTCACGCCTGTAATCCCAGCATTTTGGGAGGCCATGGCTGGCGGATCACAAGGTCGGGAGTTCCAGACCAGCCTGGCCAACATGGCGAAACCCCGTCTCTACTAAAAATACAAAAATTAGCAGGGCATGGTAGTACACGCCTGTAATCCCAGCTACTCGGGAGGCTGAGGCAGGAGAATCACTTGAACCCAACAGGCGGAGGTTGCAGTTAGCCAAGATTGTACCACTGCACTCCAGCCTGGGCAACAGAGTGAGACTCCATCTGGGAGGAAACAAAAAAAAGAAA"
"chr1","21758482","21758755","chr1","21751053","21751326","2","7429","GGCCGGACACAGTGGCTCACACCTGCAATCCCAGCACTTTGGGAGGCTGAGGCAGGCGGATAACAAGGTCAGGAGTTCGAGACCAGCCTGAAACCCTGTCTCTACTAAAAATACAAAAATTAGCCGGGCGTGGCGGTGCGGGCCTGTAATCCCAGCTACTTGGGAGGTTGTGGCAGAAGAATCCCTTGAACCCAGGACACGGAGGTTGCAGGGAGCCGAGATTACACCACTGCACTCTGGCCTGGGCGACAGAGCAAGACTCTGTCTTGGAAAA","GGCCGGACACAGTGGCTCACACCTGCAATCCCAGCACTTTGGGAGGCTGAGGCAGGTGGATAACAAGGTCAGGAGTTCGAGGCCAGCCTGAAACCCTGTCTCTACTAAAAATACAAAAATTAGCCGGGCGTGGCGGTGCGGGCCTGTAATCCCAGCTACTTGGGAGGTTGTGGCAGAAGAATCCCTTGAACCCAGGACACGGAGGTTGCAGGGAGCCGAGATTACACCACTGCACTCTGGCCTGGGCGACAGAGCAAGACTCTGTCTTGGAAAA"
"chr1","21762586","21762888","chr1","21755156","21755453","16","7430","GGCCGGGCGCGGTGGCTCACGCCTGTAATCCCAGCACTTTGGGAGGCGGAGGCGGGTGGATCACGAGGTCAGGGGTTTGAGACCAGCCTGACCAACATGGTGAAACCCCATCTCTACTAAAAATACAAAAATTAGCTGGACGTGGTGGCAGGCGCCTGTAATCCTGGCTACTCAGGAGGCTGAGGCAGGAGAATTGCTTGAACCTGGGAGGCGGAGGTTGCAGTGAGCCGAGATCACGCCACTGCACTCCAGCCTGGGCGACAGAGCGAGACTTCATCTCAAAAAAAAAAAAAAAAAAAAAAA","GGCCAGGCACGGTGGCTCACGCCTGTAATCCCAGCACTTTGGGAGGCAGAGGCGGGTGGATCACGAGGTCAGGGGTTTGAGACCAGCCTGACCAACATGGTGAAACCCCATCTCTACTAAAAATACAAAAATTAGCTGGGCGTGGTGGCAGGCGCCTGTAATCCCGGCTACTCAGGAGGCTGAGGCAGGAGAATTGCTTGAACCCAGGAGGCGGAGGTTGCAGTGAGCCAAGATCGCGCCACTGCACTCCAGCCTGGGCAACAGAGCCAGACTTCATCTCAAAAAAAAAAAAAAAAAA"
"chr1","21767316","21767623","chr1","21759926","21760238","13","7390","GGCCGGGTCGCGGTGGCTCATGCCTGTAATCCCAGCACTTTGGGAGGCCGAGGTGGGCAGGTCACGAGGTTAGGAGATCGAGACCAGCCTGGCCAACATAGTGAAACTCCATCTCTACTAAAAATACAAAAATTAGCCGGGCATGGTGACGCACACCTGGAGTCCCAGCTACTCGGGAGGCTGAGGCAGGAGAATCACTTGAAACCAGGAGGTGGAGGTTGCAGTGAGCTGAGATTGAGCCACTGCACCACTGCACTCTAGCCTGGGCAACAGAGCGAGACACCGTCTCAAAAAATAAAAATAAAAAA","GGCCAGTCGCGGTGGCTCATGCCTGTAATCCCAGCACTTTGGGAGGCCAAGGTGGGCAGGTCACGAGGTCAGGAGATCGAGACCAGCCTGGCCAACATAGTGAAACTCCATCTCTACTAAAAATACAAAAATTAGCCGGGCATGGTGACGCACACCTGTAGTCCCAGCTACTCAGGAGGCTGAGGCAGGAGAATCGCTTGAAACCAGGAGGTGGAGGTTGCAGTGAGCTGAGATTGAGCCACTGCACCACTGCACTCTAGCCTGGGCAACAGAGCGAGACACCGTCTCAAAAAATAAAAATAAAAATAAAAAA"
"chr1","21785751","21786034","chr1","21778270","21778555","4","7481","GGCCAGGCATGGTGGCTCATGCCTGTAATCCCAGCACTTTAGGAGGCCAAGGTGGGCGGATCACGAGGTCAGGAGTTCGAGATGAGCCTGGCCAACATAGTGAAACCCTGGGTCTACTAAAAATACAAAAATTAGCCAGGCATGGTGGCGGGCACCTGTAATCCCAGCTACTCAGGAGGCTGAGGCAGGACAATTGCTTGAACAGGAGGCGGAGGTTACAGTGAGCCAAGATCGTGGCATTGCACTCCATCCCAGGCGACGGTGGGAAACTCAGGCAAAAAAAA","GGCCGGGCATGGTGGCTCATGCCTGTAATCCCAGCACTTTAGGAGGCCAAGGTGGGCGGATCACGAGGTCAGGAGTTCGAGATGAGCCTGGCCAACATAGTGAAACCCTGGGTCTACTAAAAATACAAAAATTAGCCAGGCATGGTGGCGGGCACCTGTAATCCCAGCTACTCAGGAGGCTGAGGCAGGACAATCGCTTGAACCCAGGAGGCGGAGGTTACAGTGAGCCAAGATCGTGGCATTGCACTCCATCCCAGGCGACGGTGGGAAACTCAGGCAAAAAAAA"
"chr1","21792763","21793072","chr1","21784778","21785063","28","7985","GGCCGGGTGTGGTGGCTCACACCTGTAATACCAGCACTTTGGGAGGCCGAGGTGGGCGGGTCACGAGGTAAGGGGTTCCAGACCAGCCTGGCGAACATGGTGAAACCCCATCTCTACTAAAATTACAAAAATTAGCCAGGTGTGGTGACACGTGCCTGCAATTCCAGCTACTAAGGAGGCTGAGGCAGGAGAATTGCTTGAACCCAGGAGGCAGAGGTTGCAGTGAGCCAAGATCGCACCACTGTACTCCGGCCTGGCTGACAGAGCAAGACTCTGTCTCAAAAAAGTAATAGTAAGAATAATAAATAAA","GGTCAGGTGTGGTGGCTCACACCTGTAATACCAGCACTTTGGGAGGCCGAGGTGGGCGGGTCACGAGGTAAGGGGTTCCAGACCAGCCTGGCGAACATGGTGAAACCCTATCTCTACTAAAATTACAAAAATTAGCCAGGTGTGGTGACACGTGCCTGCAATTCCAGCTACTAAGGAGGCTGAGGCAGGAGAATTGCTTGAACCCAGGAGGCGGAGGTTGCAGTGAGCCAAGATCGCACCACTGTACTCCGGCCTGGCTGACAGAGCAAGACTCTGTCTCAAAAAA"
"chr1","21795453","21795754","chr1","21787447","21787749","2","8006","GTCAGGTGTGATGGCTTACACCTGTAATCTCAGCACTTTGGGAGGCCGAGGTGGGCAGATCACAAATTCAGGAGTTTGAGACCAGCCTGACCAACATGGTGAAACCCTGTCTCTACTAAAGATACAAAAATTAGCCAGGCATGGTGGCACGCCCCTGTAATCCCAGCTACTCGGGAGTCTGAGGCAGGAGAATAGCTTGAACCCAGGAGGTGGAGGGTGCAGTGAGCCAAGATCACGCCACTGCACTCCAGCCTGGGTGACAGATCGAGACTCTGTCTGGAAAAAAAAAAAAAAAAAAAAGA","GTCAGGTGTGATGGCTTACACCTGTAATCTCAGCACTTTGGGAGGCCGAGGTGGGCAGATCACAAATTCAGGAGTTTGAGACCAGCCTGACCAACATGGTGAAACCCTGTCTCTACTAAAGATACAAAAATTAGCCAGGCATGGTGGCACGCCCCTGTAATCCCAGCTACTCGGGAGTCTGAGGCAGGAGAATAGCTTGAACCCAGGAGGTGGAGGGTGCAGTGAGCCAAGATTACGCCACTGCACTCCAGCCTGGGTGACAGATCGAGACTCTGTCTGGAAAAAAAAAAAAAAAAAAAAAGA"
"chr1","21844968","21845268","chr1","21840491","21840797","10","4477","CTGGGCGCGGTGGCTCACGCCTGTAATCCCAGCACTTTGGGAGGCCGGGCTGGGCGGATCATGAGGTCAGGAGTTCGAGACCAGCCTGACCAACATGGTGAAACCCCGTCTCTACTAAAAATACAAAAATTAGCTGGGCGTGGTGGAGCACACCTGTAATCCCAGCTACTCAGGAGGCTGAGGCAGGAGAATCGCTTGAACCCCAGAGGTGGAGATTGCAGTGAGCCGAGGTCATGCCACTGCACTCCAGCCTGGGCGACAGAGCAAGACTCCGTCTCAAAACAAAACAAAACAAAAAAAA","CTGGGCGCGGTGGCTCAAGCCTGTAATCCCAGCACTTTGGGAGGCCGGGCCGGGCGGATCATGAGGTCAGGAGTTCGAGACCAGCCTGATCAACATGGTGAAACCCCGTCTCTACTAAAAATACAAAAATTAGCTGGGCGTGGTGGAGCACACCTGTAATCCCAGCTACTCAGGAGGCTGAGGCAGGAGAATCGCTTGAACCCCAGAGGTGGAGATTGCAGTGAGCCGAGGTCATGCCACTGCACTCCAGCCTGGGTGACAGAGCAAGACTCCGTCTCAAAACAAAACAAAACAAAACAAAAAAAAC"
"chr1","21849686","21849977","chr1","21845274","21845575","18","4412","GACCGGGCGCAGTGGCTCACGCCTGTAATCCCGGCACTTTGGGAGGCCAAGGCAGGAAGATCACGAGGTCAGGAGTTTGAGACCAGCCTGACCAACATAATGAAACCCCATCTCTACTGAAAATCCACAAATTAGCCGGGCGTGGTGGTGCGCGCCTGTAATCCCAGCTACTCGGGAGGCTGAGGCAGGAGAATCGCCTGAACCCAGGAGGCGGAGGTTGCAGTGAGCCGAGATCGTGCCGTTGCACTCCAGCCTGGGCGACAGAGCAAGACTCCGTCTCAAAAAAAAAAAA","GACCGGGCGCGGTGGCTCACGCCTGTAATCCCAGCACTTTGGGAGGCCAAGGCGGGAAGATCACGAGGTCAGGAGTTTGAGACCAGCCTGACCAACATAATGAAACCCCATCTCTACTAAAAATCCACAAATTAGCCGGGCGTGGTGGTGCGCGCCTGTAATCCCAGCTACTCAGGAGGCTGAGGCAGGAGAATCGCTTGAACCCGGGAGGCGGAGGTTGCAGTGAGCCAAGATCGTGCCGTTGCACTCCAGCCTGGGCGACAGAGCAAGACTCCGTCTCAAAAAAAAAAAAAAAAAAAAAA"
"chr1","21859047","21859346","chr1","21854100","21854399","7","4947","GGCCGGGCACGGTGGGTCACGTCTATAATCCCAACACTTTGGGAGGCCAAGGTGGGCAGATCATGAGGTCAGGAGTTCGAGACCAGCCTGGCCAACGTCGTAAAACCCTGTCTCTAGTACAAATGAAAAAATTAGCTGGGCATGGTGGTACACACCTATAATCCCAGCTACTCGGGAGAACTGAGGCAGGAGAATTGCTTGAACCCGGGAGGTGGAGGTTGCAGTGAGCCAAGATTGCGCCACTGCACTCCAGCCTGGGCAACAGAGCAAGACTCTGTCTTAAAAAAATAATAATAATAA","GGCCGGGCACGGTGGGTCACGCCTACAATCCCAACACTTTGGGAGGCCAAGGTGGGCAGATCATGAGGTCAGGAGTTCGAGACCAGCCTGGCCAACATGGTAAAACCCTGTCTCTAGTACAAATGAAAAAATTAGCTGGGCATGGTGATACACACCTATAATCCCAGCTACTCGGGAGAACTGAGGCAGGAGAATTGCTTGAACCCGGGAGGTGGAGGTTGCAGTGAGCCCAGATTGTGCCACTGCACTCCAGCCTGGGCAACAGAGCAAGACTCTGTCTTAAAAAAATAATAATAATAA"
"chr1","21908844","21909128","chr9","82626389","82626674","36","60717545","GGCTGGGTGCGGTGGCTCACGCCTATAATTCCAGCACTTTGGGACTGGTGGTCAGGAGTTCGAGACCAGCCTGACCAACATGGTGAAACCCCGTCTCTACTAAAAAATACAAAAATTAGCCGGGCATGGTGGCACATGCCTGTAATCCCAGCTACTTGGGAGGCTGAGGCAGGAGAATCGCTTGAACCCGGGAGGTGGAGGTTGCAGTGGGCCAAGATGGCGCCATTGCACTCCAGCCTGGGCGACAGAGTGAGACTCCATCTCAAAAAACAAAAACAGAAACAA","GCTGGGTGTGGTGGCTCACGCCTGTAATCCCAGCACTTTGGGAGGCCGAGGTGGGCAGGAGTTTGAGACCAGCCTGGCCAACATGGTGAAACCCCGTCTGTACTAAAAATACAAAAATTAGCCGGGTGTGGTGGCGCCTGCCTGTAATCCCAGCTACTTGGGAGGCTGAGGCAGGAGAATTGCTTGAATCCCAGAGGCAGAGGTTGCAGTGAACCAAGATTGCGCCATTGCACTCCAGCCTGGGCAAACAGAGCGAAACTCCATCTCAGAAAAAAAAAAAAAAAAA"
"chr1","21934904","21935204","chr1","21929922","21930222","4","4982","GGCCAGGCGCGGTGGCTCATGCCTGTAATCCCAGCACTTTGGGAGGCCACGGTGGGCGGATCACGAGGTCAGGAGTTTGAGACCAGCCTGGCCAACATAGTGAAACCCCATCTGTACTGAAAATACAAAAATTAGACGGGTGTGGTGGCGCATGCTTGTAATCCCAACTACTCGGGAGGCTGAGGCAGGAGAATCGCTTGAACCCAGGAGGCGGAGGTTGCAGTGAGCTGAGACCACACCATTGCACTCCAGCCTGGGTGACAGAGTGAGACTCCGCCTCAAAACAAACAAACAATAAAAA","GGCCAGGCGCGGTGGCTCATGCCTGTAATCCCAGCACTTCGGGAGGCCACGGTGGGCGGATCACGAGGTCAGGAGTTTGAGACCAGCCTGGCCAACATAGTGAAACCCCATCTGTACTGAAAATACAAAAATTAGACGGGTGTGGTGGCACATGCCTGTAATCCCAACTACTCGGGAGGCTGAGGCAGGAGAATCGCTTGAACCCAGGAGGCGGAGGTTGCAGTGAGCCGAGACCACACCATTGCACTCCAGCCTGGGTGACAGAGTGAGACTCCGCCTCAAAACAAACAAACAATAAAAA"
"chr1","21938107","21938410","chr3","176754694","176754999","31","154816587","GGCTGGGTGCGGTGGCTCAATGCCTGTAATCCCATCACTTTGGGAGGGCAAGGCGGGCAGATCACAAGGTCAGGAGTTCGAGACCAGCCTGGCCAACATGGTAAAAACCCCATCTCTATTAAAAATACAAAAATTAGCCAGGCGTGGTGGCACGCCTGTAATCCCAGCTATTCAGGAGGCTGAGGCCGGAGAATTGCTTGAACCCGGAGGCGGAGGTTGCAGTGAGCCAAGATCCCACCACCGCACTCCAGCCTGGGGACAGAGCGAGACTCCTTCTCAAAAAAAAAAAAAAAAAAAAAAACAA","GGCCGGGCGCAGTGGCTCATGCCTGTAACCCCAGCACTTTGGAAGGCCAAGGCGGGCAGATCACGAGGTCAGGAGTTCAAGACCAGCCTGGCCAACATGGTGAAACCCCATCTCTACTAAAAATACAAAAATTAGCCAGGTGTGTTGGCACATGCCTGTAATCCCAGCTACTCAGGAGGCTGAGGCAGCAGAATAGCTTGAACCCAGGAGGCAGAGGTTGCAGTGAGCCAAGATCGCACCACTGCACTCCAGCCTAGGCAACAGAGTGAGACTCCATCTCAAAAAAAAAAAAAAAAAAAAAAAAAA"
"chr1","21947935","21948240","chr1","21942904","21943211","10","5031","GGCTGGGCTCAGTCGCTCACACCTGTAATCCTAGCACTTTGGGAGGCTGAGGCGGGTGGATCACAAGGTCAGGAGTTTGAGACGAGCCTGGCCAACATGATGAAACCTCATCTCTACTAAAAATACAGAAATTAGCTGATGTGGTGGTGCACATCTGTAATCCCAGCTGCTCAGGAGGCTGAGGCATGAGAATCACTTGAACTCGGGAGGCGGAGGTTACAGTGAGCCAAGATTGAGCCACCACTCTAGCCTGGTCAGCAGAGTGAGACTCCATCTCAAAAAAAAAGAAAAAAACAAAAACCAAAA","GGCCGGGCTCAGTCGCTCACACCTGTAATCCTAGCACTTTGGGAGGCTGAGGCGGGTGGATCACAAGGTCAGGAGTTTGAGACAAGCCTGGCCAACATGATGAAACCGCATCTCTACTAAAAATACAAAAATTAGCTGATGTGGTGGTGCACATCTGTAATCTCAGCTGCTCAGGAGGCTGAGGCATGAGAATCACTTGAACTCGGGAGGCGGAGGTTACAGTGAGCCAAGATCGCGCCACTGCACTCTAGCCTGGTCAGCAGAGCGAGACTCCATCTCAAAAAAAAAGAAAAAAACAAAAACCAAAA"
"chr1","21950148","21950444","chr1","21945120","21945412","16","5028","GGCTGGGCACGGTGGCTCATGCCTGTAATCCCAGCACTTTGGGAGGCCGAGGCAGGCAGATCATGAGGTCAGGAGTTCAAGACCAGCTTGGCCAACATGGTGAAACTCTCTCTCTACTAAAAATACAAAAATTAGCTGGGCGTGGTGGCGTGTCCCTGTAATCCCAGCTACACAGGAGGCTGAGGCAGGAGAATCGCTTGAACACAGAAGGCGGAGGTTGCAGTGAACTGAGATTGCACCACTGCACTCCAGCCTGGGCAACAGGGCGAGACTCAGACTCAAAAAAAAAAAAAAAAA","GGCCGGGCGCGGTGGCTCATGCCTGTAATCCCAGCAGTTTGGGAGGCCGAGGCGGGCAGATCATGAGGTCAGGAGTTCAAGACCAGCTTGACCAACATGGTGAAACTCTGTCTCTACTAAAAATACAAAAATTAGCTGGGCGTGGTGGTGTGTCCCTATAATCCCAGCTACACAGGAGGCTGAGGCAGGAGAATCGCTTGAACACAGAAGGCGGAGGTTGCAGTGAACCGAGATTGCACCACTGCACTCCAGCCTGGGCAACAGAGCGACACTCAGTCTCAAAAAAAAAAAAA"
"chr1","21971897","21972174","chrX","124458673","124458957","36","102486776","GGGCACAGTGGCTCACGCCTGTAATCCCAGCACTTTGGGAGGCCCAGGTGGGTGGATCACAAGGTCAGGAGTTCAAGACCAGCCTGGCCAACATGGCGAAACCCCATCTCTACTAAAAATACAAAAATTAGCTGGGCGCCTGTAATCCCAGCTACTTGAGAGGCTGAGGCAGGAGAACTGCTTGAACCTGGGAGGCAGAGGTTGCAGTGAACCGAGATCGTGCCATTGCACTCCAGCCTGGGTGACAACAGCAAGGCTCGTCTCAAAAAAAGAAAAAA","GCCGGGCATGGTAGCTTACACCTGTAATCCCAGCACTTTGGGAGGCTGATGGGGTCGGATCACAAGGTCAGGAGTTCAAGACCAGCCTGGCCAACATGGCAAAACCCCGTCTCTACTAAAAATACAAAAATGTGGTGGGCGCCTGTAATCCCAGCTACTCGGGAGGCTGAGGCAGGAGAATCGCTTCAACCCGGGAGGCAGAGGTTGCAGTGAGCCAAGATCGTGCCATTGCACTCCAGCCTGGGCGACTAGAGCAAGATTCCGTCTCAAAAAAAAAAAAAAAAA"
"chr1","22019709","22019995","chr1","22015282","22015577","12","4427","GCCAGGCGGGGTGGCTCATGCCTGTAATCCCAGCACTTTGGGAGGCTGAGGAGGGCAGATCACAAGGTCAGGTATTCAAGACCAGCCTGGCCAACATGGTGAAACCCCGTCTCTACTAAAAATACAAAAATTAGCCAGGCGTGGTGGTGGGCCTGTAATCCCAGCTACTCAGGAAGCTGAGGCAGGAGAATCGCTTGAACCTGGGAGGTGGAGGTTGCAGTGAGCCAAGATTGCACCACTGCACTCCAGCCTGGGTGACAGAGTGAGACTCCGTCTCAAAAAAAAAA","GCCAGGCGGGGTGGCTCATGCCTGTAATCCCAGCACTTTGGGAGGCTGAGGAGGGCAGATCACAAGGTCAGGCATTCAAGACCAGCCTGGCCAACATGGTGAAACCCCGTCTCTACTAAAAATACAAAAATTAGCCAGGCGTGGTGGTGGGCCTGTAATCCCAGCTACTCAGGAAGCTGAGGCAGGAGAATCGCTTGAACTCGGGAGGTGGAGGTTGCAGTGAGCCAAGATTGCACCACTGCACTCCAGCCTGGGTGACAGAGTGAGACTCCGTCTCAAAAAAAAAAAAAAAAAAA"
"chr1","22029598","22029892","chr1","22025168","22025464","13","4430","GGCTGGGTGTGGTGGCTCATGCCTGTAATCCCAGCACTTTGGGACACTGATGGGGGCAGATTACGAGGTCAGGAGTTCGAGACCAGCCTGACCAACCTGGTGAAAGCCTATCTCTATGAAAAATACAAAATTTAGCTGGAGGTGGTGGCACGTGTCTGTAATCCCAGCCACTCAGGAGGCTGAGGCAGGAGAATTGCTTGAACCTGGGAGGCAGAGGTTGCGGTGAGCCGAGATCATGCCATTGCACTCCAGCCTGAATGACGGCAAGACGCTGTCTCCAAAAAAGAAACAAAAA","GGCCAGGCGTGGTGGCTCATGCCTATAATCCCAGCACTTTGGGACGCCGATGGGGGCAGATTACGAGGTCAGGAGTTCGAGACCAGCCTGACCAACCTGGTGAAAGCCTATCTCTATGAAAAATACAAAATTTAGCTGGAGGTGGTGGCACGTGTCTGTAATCCCAGCCACTCAGGAGGCTGAGGCAGGAGAATTGCTTGAACCTGGGAGGCGGAGGTTGTGGTGAGCCGAGATCGTGCCATTGCACTCCAGCCTGAATGACAGGGCAAGACACTGTCTTCAAAAAAGAAACAAAAA"
"chr1","22041072","22041374","chr1","22036598","22036900","6","4474","GGCCGGGTGCAGTGGCTCACGCCTGTAATCCCAGCACTTTGGGAGGCTGAGATGGGCAGATTACAAGGTCAGGAGTTCAAGACCAGCCTGGCCAACATGATGAAACCCCATCTCTACTAAAAATACAAAAATTAGCTGGGCATGGTGGCGTGTGCCTGTAATCCCTGCTACTTGGGAGGCTAAGGCAGGAGAATTGCTTGACCAGGACTCAGGAGGCAGAGGTTGCAGTGAACTGAGATCGCGCCACTGCACTCCAGCCTGGGCTACAGAGTGAGACTCCATATCAAAAAATAAAAAAAAAAA","GGCCGGGCGCAGTGGCTCACGCCTGTAATCCCAGCACTTTGGGAGGCTGAGATGGGCGGATTACAAGGTCAGGAGTTCAAGACCAGCTTGGCCAACATGATGAAACCCCATCTCTACTAAAAATACAAAAATTAGCTGGGCATGGTGGCGTGTGCCTGTAATCCCTGCTACTTGGGAGGCTCAGGCAGGAGAATTGCTTGACCAGGACTCAGGAGGCGGAGGTTGCAGTGAACTGAGATCGCGCCACTGCACTCCAGCCTGGGCTACAGAGCGAGACTCCATATCAAAAAATAAAAAAAAAAA"
"chr1","22046784","22047053","chr1","22042300","22042567","6","4484","GGTTGGGTACAGTGACTCAGACCTGTAATCCCAGCACTTTGGGAGGCCGAGGTGGGCAGATCATGAGGTCAGGAGTTTGAAACCAGCTTGACCAACATGGTGAAACCCCATCTCTACTAAAAATACAAAAATTGGCTGGGTATGTTGGTGCATGCATGTAATCCCAGCTACTCAGGAGGCTGAGGCAGGAGAATCGCTTCAATCTAGGAGGTGGAGGTTGCAGTGCCTGGGTGACAGAGAGAGACTCCATCTCAAAAAAAAAAAAAAAAA","GGTCGGGTACAGTGACTCAGACCTGTAATCCCAGCACTTTGGGAGGCCGAGGTGGGCAGATCATGAGGTCAGGAGTTTGAAACCAGCTTGACCAACATGGTGAAACCCCATCTCTACTAAAAATACAAAAATTAGCTGGGCATGTTGGTGCATGCATGTAATCCCAGCTACTCAGGAGGCTGAGGCAGGAGAATCGCTTCAATCTAGGAGGTGGAGGTTGCAGTGCCTGGGCGACAGAGAGAGACTCCATCTCAAAAAAAAAAAAAAA"
"chr1","22080889","22081177","chr1","22077354","22077641","3","3535","GGCTGGGTGCAGTGGCTCACACCTGTAATTCCAGGACTTTGGGAGGCCGAGGCAGGTGGATCATGAGGTCAGGAGTTTGAGACCAGCCTGGCCAACATAGTGAAACTCTGTCTCTACTAAAAATACAAAAATTAGCTGGGTGTGGTGGCATGCACCTGTAGTCCCAGCTACTCAGGAGGCTGAGGTGGGAGAATCGCTTGATCCCAGGAGGCAGAGGTTGCAGTGAGCCGAGACCATGCCATTGCACTCCAGCCTGGATGACGCAGTGAGACTCTGTCTCAAAAAAAAA","GGCTGGGTGCAGTGGCTCACACCTGTAATTCCAGGACTTTGGGAGGCCGAGGCAGGTGGATCATGAGGTCAGGAGTTTGAGACCAGCCTGGCCAACATAGTGAAACTCTGTCTCTACTAAAAATACAAAAATTAGCTGGGTGTGGTGGCATGCACCCGTAGTCCCAGCTACTCAGGAGGCTGAGGTGGGAGAATCGCTTGATCCCAGGAGGCAGAGGTTGCAGTGAGCCGAGACCATGCCATTGCACTCCAGCCTGGATGACGCAGTGCGACTCTGTCTCAAAAAAAA"
"chr1","22107590","22107897","chr1","22103630","22103936","5","3960","GGCCAGGCATGGTGGCTCACGCCTGTAATCCCAGCACTTTGGGAGGCCAACGTGGGCGGATCACAAGGTCAGGAGTTCGAGACCAGTCTGGCCAACATAGTCAAACCCCGTCTCTACTAAAAATACAAAAATCACCCGGATGTGGTGGTATGCACCTGTAATCCCAGCTACTCAGGAGGCTGAGGCAGGAGAATCGCGTGAACCCGGGAGGCAGAGGCTGCAGTGAGCTGAGATCGTGCCACTGCACTCCAGCCCAGGCGACAGTGCAAGACTCCGTCTCAAAAAAAAAAAAAAAAAAGAAAAAGAAA","GGCCGGGCATGGTGGCTCACGCCTGTAATCCCAGCACTTTGGGAGGCCAACGTGGGCGGATCACAAGGTCAGGAGTTCGAGACCAGTCTGGCCAACATAGTCAAACCCCGTCTCTACTAAAAATACAAAAATCACCCGGATGTGGTGGTGTGCACCTGTAATCCCAGCTACTCAGGAGGCTGAGGCAGGAGAATCGCGTGAACCCGGGAGGCGGAGGCTGCAGTGAGTTGAGATCGTGCCACTGCACTCCAGCCCAGGCGACAGTGCAAGACTCCGTCTCAAAAAAAAAAAAAAAAAGAAAAAGAAA"
"chr1","22155287","22155567","chr1","22151487","22151768","4","3800","ATACCAGCACTTTGGGAGGCTGAAGTGGGTGGATCACGAGGTCAGGAGATCAAGACCATCCTGGCCAACATGGTGAAACCCTGTCTCTACTAAAAATACAAAAATTAGCCGGGCGTGGTGGTAGGCACCTGTAATCCCAGCTACTCAGGAGGCTGAGGCAGGGGAATCGCTTGAACCCGGGAGGCGGAGGTTGTAGTGAGCCGAGATCACGCCACTGCACTCCAGCCTGGGCGACAGAGAGAGACTCTGTCTCAAAAAAAAAAAAAGAAAAAAAAAAAGAA","ATACCAGCACTTTGGGAGGCTGAAGTGGGTGGATCACGAGGTCAGGAGATCAAGACCATCCTGGCCAACATGGTGAAACCCTGTCTCTACTAAAAATACAAAAATTAGCCGGGCGTGGTGGTAGGCGCCTGTAATCCCAGCTACTCAGGAGGCTGAGGCGGGGGAATCGCTTGAACCCGGGAGGCGGAGGTTGTAGTGAGCCAAGATCACGCCACTGCACTCCAGCCTGGGCGACAGAGAGAGACTCTGTCTCAAAAAAAAAAAAAAGAAAAAAAAAAAGAA"
"chr1","22198589","22198897","chr1","22196223","22196531","8","2366","GGCTGGGTGCGGTGGCTCGTGCCTGTAATCCCAGCACTTTGGGAGGCTGAGGTGGGCGGATCACGAGGTCAGGAGTTTGAGACCAGCCTGACCAATATGGTGAAACCCCACCTCTACTAAAAATACCAAAATTAGCCGGGCGTGGTGGTGCATGCCTGTAATCCCCGCTACTCGGGAGGCTGAGGCAGGAGAATCACTTGAACCTGGGAGCCGGAGGTTGCAGTGAGCCGAGATCATGCCATTGCACTCCAGCCTGGATGAAAGGGGAGACTCCATCTCAAAAAAAAAAAAAAAAGAAGAAGAAGAAAA","GGCTGGGTGCAGTGGCTCGTGCCTGTAATCCCAGCACTTTGGGAGGCTGAGGTGGGCGGATCACGAGGTCAGGAGTTTGAGACCAGCCTGACCAATATGGTGAAACCCCATCTCTACTAAAAATACCAAAATTACCCGGGCGTGGTGGCGCATGCCTGTAATCCCAGCTACTCGGGAGGCTGAGGCAGGAGAATCACTTGAACCTGGGAGCCGGAGGTTGCAGTGAGCCGAGATCATGCCATTGCACTCCAGCCTGGATGAAAGGGGAGACTCCATCTCAAAAAAAAAAAAAAGAAGAAGAAGAAAAGA"
"chr1","22269221","22269531","chr5","48395246","48395538","48","26126025","GGCCAGACGCGGTGGCTCATACCTGTAATCCCAGCACTTTGGGAGGCTGAGGCGGTTGATCACAAGGTCAGGAGTTCAAGACCAGCCTGGCCAACATAGTGAAACCCGGTCTCTACTAAAAATACAAAAACTTAACCCGGCCTGGTGGCGGGCACCTGTAATCCCAGCTACTCGGGAGGCTGAGGCAGGAGAATCATTTGAACCCAGGAGGTGGAGGTTGCAGTGAGCCGAGATTGCGAGATTGTGATTGCGCCACTATACTCCAGCCCGGGCAACAGTGGGAGACTCCTTCAAAAAACAAACAAACAAAA","GCCGGGCGCGGTGGCTCATGCCTGTAATCCCAGCACTTTGGGAGGCCAAGGTGGGTGGATCACGAGGTCAGGAGTTCGAGGCCAGCCTGACCAACATGGTGAAATCCTGTCTCTACTAAAAATACAAAAATTAGCCGGGCCTGGTGGTGCGCACCTGTAGTCCCAGCTACTCGGGAGGCTGAGGCAGGAGAATCACTTGAACCCAGGAGGCGGAGGTTGCAGTGAGCCGAGATCATGCCACTGCACTCCAGCCTGGGCAACAGAGGGAGACTCCATCTTAAAAAAAAAAAAAA"
"chr1","22316623","22316928","chr1","22314669","22314962","16","1954","GGCTGGGAGCTGCGGCTCACGCCTGTAATCCCAGCACTTTGGGAGGCTGAGGCGGGCTGATCATGAGGTCAGGAGATCGAGACAGCCTGGCCAAGATGGTGAAACCCTGTCTCTACTAAAGATACAAAAATTAGCCAGGTGTGGTGGTGTGTGCCTGTAATCCCAGCTACTCGGGAGGCTGAGGCAGAAGAATTGCTTGAACTCGGGAGGCAGAGGTTGCGTGAGCCAAGATGCCGAGATCACGCCACTGCACACCAGCCTGAATGACGGAGCAAGACTCCGTCTCAAAAAAAAAAAAAAAAAAAA","GGCTAGGAGCTGCGGCTCACGCCTGTAATCCCAGCACTTTGGGAGGCTGAGGCGGGCGGATCATGAGGTCAGGAGATCGAGACAGCCTGGCCAAGATGGTGAAATCCTGTCTCTACTAAAGATACAAAAATTAGCCAGGTGTGGTGGTGTGTGCCTGTAATCCCAGCTACTCGGGAGGCTGAGGCAGAAGAATTGCTTGAACTCGGGAGGCAGAGGTTGCGTGAGCCGAGATCATGCCACTGCACACCAGCCTGAATGACGGAGCAAGACTCCGTCTCAAAAAAAAAAAAAAAA"
"chr1","22694531","22694820","chr1","22700831","22701121","7","6300","GGCTGGGCGCAGTGGCTCACACCTATAATCCTAGCATGCTGGGAGGCCGAGGTGGGTGGATCACGAGGTCAGCAGTTCGAGACCAGCCTGACCAACATGATGAAACCCTGTCTCTCCTAAAAATACAAAATTTAGCCGGGCGTGGTGGTGCATTCCTGTAATCCCAGCTACTTGGGAGGCTGAGGCAGGAGAATTCTTGAACCTGGGAGGTGGAGGTTGCAGGAGCTGAGATCACGCCACCACACTCCAGCCTGGGCAACAGAGTAAGACTCCATCTCAGAAAAATAAAA","GGCCGGGCGCAGTGGCTCACACCTGTAATCCTAGCATGCTGGGAGGCCGAGGTGGGTGGATCACGAGGTCAGCAGTTTGAGACCAGCCTGACCAACATGATGAAACCCTGTCTCTCCTAAAAATACAAAATTTAGCCGGGCGTGGTGGTGCATTCCTGTAATCCCAGATACTTGGGAGGCTGAGGCAGGAGAATTCTTGAACCTGGGAGGTGGAGGTTGCAGTGAGCTGAGATCATGCCACCGCACTCCAGCCTGGGCAACAGAGTAAGACTCCATCTCAGAAAAATAAAA"
"chr1","22731558","22731866","chr1","22739504","22739811","6","7946","GGCTAGGCGCGGTGGCTCATGCCTGTAATCCCAGCACTTTGGGAGGCCGAGGCAGGCAGATCACGAGGTCAGGAGTTCAAGACCAGCCTGGCCAACAGCCTGTCAAACCCCATCTCTACTAAAATTATACAAATTAGCCAGGCGTGGTGGCGCGCATCTGTAATCCCAGCTACTCTGGAGGCTGAGGCAGGAGAATCGCTTGAACCCGGGAAGTGGAGGTTGCAGTGAGCCAAGATCACGCCACTGCACCCCAGCCTGGGCAACAGAGCAAGATTCCATCTCAAACAAAACAAAACAACAACAACAAAA","GGCTAGGCGCGGTGGCTCACGCCTGTAATCCCAGCACTTTGGGAGGCCGAGGCAGGCAGATCACGAGGTCAGGAGTTCAAGACCAGCCTGGCCAACAGCCTGTCAAACCCCGTCTCTACTAAAAATATACAAATTAGCCAGGCGTGGTGGCACGCATCTGTAATCCCAGCTACTCTGGAGGCTGAGGCAGGAGAATCGCTTGAACCCGGGAAGTGGAGGTTGCAGTGAGCCAAGATCACACCACTGCACCCCAGCCTGGGCAACAGAGCAAGATTCCATCTCAAACAAAACAAAACACAACAACAAAA"
"chr1","22748378","22748678","chr1","22756756","22757056","1","8378","GCTGGGCGCAGTGGCTCACGCCTGTAATCTCAGCACTTTGGGAGGCCGAGGTGGGCAGATCATGAGGTCAGGAGTTCGAGACCAGCCTGACCAACATGGTGAAACCCTGTCTCTACTAAAAATACAAAAATTAGCTGGGCATGATGGTGTGCACCTGTAATCCCAGCTACTCAGGAGGCTGAGGCAGGAGAATGGTGTGAACCTGGGAGGTGGAGCTTGCAGTGAGCTGAGATCACGCCACTGCACTCCAGCCTGGGCGACAGAGCAAGACTCCATCTCAAAAAAAAGAAAAAAAAAAAAA","GCTGGGCGCAGTGGCTCACGCCTGTAATCTCAGCACTTTGGGAGGCCGAGGTGGGCAGATCATGAGGTCAGGAGTTCGAGACCAGCCTGACCAACATGGTGAAACCCTGTCTCTACTAAAAATACAAAAATTAGCTGGGCATGATGGTGTGCACCTGTAATCCCAGCTACTCAGGAGGCTGAGGCAGGAGAATGGTGTGAACCTGGGAGGTGGAGCTTGCAGTGAGCTGAGATCACGCCACTGCACTCCAGCCTGGGCGACAGAGCAAGACTCCATCTCAAAAAAAAGAAAAAAAACAAAA"
"chr1","22871736","22872032","chr1","22877338","22877634","7","5602","GGCCGGGTGCAGTGGCTCATGCCTGTAATCCCAGCACTTTAGGAGGCTGAGGCGGGTGGATCACGAGGTCAGGAGTTCGAGACCAGCCTGACCAACATGGTGAAACCCCATCTCTACTAAAATTACAAAAATTAGCTGGGCATGGTGGCGCACACCTGTCATCCCAGCTACTCAGAAGGCTGAGGCAGGAGAATTGCTTGAACCCAGGAGGCGGAGGTTGCAGTGAGCAGAGATCGTGCCATTGCACTCCAGCCTGGGTAACAGAGCGAGACTCCATCTCAAAGAAAAAAAAAAAAA","GGCCGGGTGCAGTGGCTCATGCCTGTAATCCCAGCACTTTAGGAGGCTGAGGCGGGTGGATCACAAGGTCAGGAATTCGAGACCAGCCTGACCAACATGGTGATACCCCATCTCTACTAAAATTACAAAAATTAGCTGGGCATGGTGGCACACGCCTGTCATCCCAGCTACTCAGAAGGCTGAGGCAGGAGAATTGCTTGAACCCAGGAGGCGGAGGTTGCAGTGAGCAGAGATCGTGCCATTGCACTCCAGCCTGGGTGACAGAGCGAGACTCCATCTCAAAAAAAAAAAAAAAAA"
"chr1","22884361","22884644","chr1","22890653","22890928","10","6292","CTGGGCATGGTGGCGCACACCTGTAATCCCAGCACTTTGGGAGGCCAAGGTGGGTGGATCACGGGCCTGACCAACATGGTGAAACCCCATCTCTACTGAAAATACAAAAATTAGCCCGGCGTGGTGGTGCACACCTGTAATCCCAGCTACTCAGGAAGCTGAAGCAGGAGAATCACTTGAACCCAGGAGACGGAGGTTGCAGTGAGCCAAGATCGCACCACTGCACTCCAGCCTGGGTGACAGAGTGAGATGCTGTCTCAAAAAAAAAAAAAAAAAAAAAAAGA","CTGGGCATGGTGGCGCACGCCTGTAATCCCAGCACTTTGGGAGGCCAAGGTGGGTGGATCACGGGCCTGACCAACATGGTGAAACCCCATCTCTACTGAAAATACAAAAATTAGCCCGGCGTGGTGGTGCACACCTGTAATCCCAGCTACTCAGGAAGCTGAAGCAGGAGAATCACTTGAACACAGGAGACGGAGGTTGCAGTGAGCCAAGATCGCACCACTGCACTCCAGCCTGGGTGACAGAGTGAGATGCTGTCTCAAAAAAAAAAAAAAAGA"
"chr1","22931973","22932281","chr1","22938025","22938331","5","6052","GGCCGGGTGCGGTGGCTCATGCCTGTAATCCCAGCACTTTGGGAGGCCGAGGGGGGTGGATCACGAGGTCAGGAGTTCAAGACCAGCCTGGCCAACATGGTGAAACCCCGTCTCTACTAAAAATACAAAAATTAGCTGGGAAGGTGACACGTGCCTGTAATCCCAGCTACTAGGGAGGCTGAGGCAGGAGAATTGCTTGAACGGGGCCCCGGGAGGCGGAGGTAGCAGTGAGCGAGATTGCACCACTGTACTCCAGCCTGGGCTACAGGTGAGACTCTGTCTCAAAATAAATAAATAAGTAAATAAAAA","GGCCGGGCGCGGTGGCTCATGCCTGTAATCCCAGCACTTTGGGAGGCTGAGGCGGGTGGATCACGAGGTCAGGAGTTCAAGACCAGCCTGGCCAACATGGTGAAACCCCGTCTCTACTAAAAATACAAAAATTAGCTGGGAAGGTGACACGTGCCTGTAATCCCAGCTACTAGGGAGGCTGAGGCAGGAGAATTGCTTGAACGGGGCCCCGGGAGGCGGAGGTAGCAGTGAGCGAGATTGCACCACTGTACTCCAGCCTGGGCTACAGGTGAGACTCTGTCTCAAAATAAATAAATAAGTAAATAAA"
"chr1","22945332","22945631","chr1","22951313","22951612","9","5981","GGCCGGGCGCAGTGGCTCACGCCTGTAATCCCAGCACTTTGGGAGGCCGAGGCGGGTGATCATGAGGTCAGGAGTTTGAGACAAGCCTGGCCAACCTAGTAAAACCCTGTCTCTGCTAAAAATACAAAAATTAGCCAGGTGTGGTGTCACGCACCTGTAGTCCCAGCTACTTGGGAGGCTGAGGTGGGAGAATCGCTTGAACCCAGGAGGTGGAAGTTGCAGTGAGCCAAGACTGCGCCATTGCACTCCAGCCTGGGTGACAGAGTGAGACTCCGTCTCAAAACAACAACAACAAGAAAA","GGCTGGGCGCAGTGGCTCACGCCTGTAATCCCAGCACTTTGGGAGGCCGAGGCAGGTGATCACGAGGTCAGGAGTTTGAGACAAGCCTGGCCAACCTAGTGAAACCCTGTCTCTACTAAAAATACAAAAATTAGCCGGGTGTGGTGTCACGCACCTGTAGTCCCAGCTACTTGGGAGGCTGAGGTGGGAGAATTGCTTGAACCCAGGAGGTGGAGGTTGCAGTGAGCCAAGACTGCGCCATTGCACTCCAGCCTGGGTGACAGAGTGAGACTCTGTCTCAAAACAACAACAACAAGAAAA"
"chr1","22946073","22946377","chr1","22952054","22952356","5","5981","GGCCGGGCACAGTGGCTCACGCCTGTAATCCCAGCACTTTGGGAGGCCGAGGCGAGCAGATCACGAGGTCAGGAGTTTGAGACCAGCCTGACCAACATGGTGAAACCCCGTCTCTACTAAAAATACAAAAATTAGCCGGGCGTGGTGGCACACACCTGTAATCCCAGCTACTCAGGAGCCTGCGGCTGGAGAATCACTTGAACACGGGAGGCAGAGGTTGCAGTGAGCTGAGATCGTGCCACTGCACTATAGCCTGGGTGACAGAGCAAGACTCCATCTCAAAAAACAAACAAACAAAAAACAAA","GGCCGGGCACAGTGGCTCACGCCTGTAATCCCAGCACTTTGGGAGGCCGAGGCGAGCAGATCACGAGGTCAGGAGTTTGAGACCAGCCTGACCAACATGGTGAAACCCCGTCTCTACTAAAAATACAAAAATTAGCCGGGCGTGGTGGCACACACCTGTAATCCCAGCTACTCAGGAGCCCGCGGCTGGAGAATCGCTTGAACCCGGGAGGCAGAGGTTGCAGTGAGCTGAGATCGTGCCACTGCACTATAGCCTGGGTGACAGAGCAAGACTCCATCTCAAAAAACAAACACAAAAAACAAA"
"chr1","22951553","22951857","chr1","22957906","22958209","10","6353","GGCTGGGCGTGGTGGCTCACACCTGTAATCCCAGCAGTGTGGGAGGCCAAGGCAGGCAGATCACAAGGCCAAGAGATCGAGACCAGCCTGGCTAACATGGTGAAACCCCGTCTCTACTAAAAATACAAAAACTAGCTGGGCGTGGTGGTGCGCGCCTGTAGTCCCAGCTACTCTCGGGGCTGAGGCAGGGGAATTGCTTGAACCAGGGTGGCGGAGGTTGCAGTGAGCCGAGATCGCGCCACTGCACTCCAGCCTGGGCGACAGAGTGAGACTCCCTCAAAAAAAAAACAAAAACAAAAACAAAA","GGCTGGGCGCGGTGACTCACACCTGTAATCCCAGCAGTGTGGGAGGCCAAGGCAGGCAGATCACAAGTCCAAGAGATCGAGACCAGCCTGGCTAACATGGTGAAACCCCGTCTCTACTAAAAATACAAAAACTAGCTGGGCGTGGTGGCGCGTGCCTGTAGTCCCAGCTACTCGGGGGGCTGAGGCAGGGGAATTGCTTGAACCAGGGAGGCGGAGGTTGCAGTGAGCTGAGATCGCGCCACTGCACTCCAGCCTGGGCGACAGAGTGAGACTCCCTCAAAAAAAAACAAAAACAAAAACAAAA"
"chr1","22961775","22962044","chr22","42927977","42928246","30","19966202","GCCAGGCGCGGTGGCTCACACCTGTAACCCCAGCACTTTGGGAGGCCGAGATGGGTGGATCATGAGGTCAGGAGTTCAAGAGCAGCCTGACCAACATGGTGAAAGCCTGTCTCTACTAAAAATATAAAACATCAGCCGGGCATGGTGGCATATGCCTGTAATCCCAGCTCCTCAGGAGGCTGAGGCAGAAGAATCGCTTGAACCCAGGAGGCGGAGGTTGCAGTGAGCCGAGATCGTGCCACTGCACTCCAGCCAGGGTGACAAAGCGAG","GCTGGATGTAGTGGCTCACGCCTGTAATCCCAGCACTTTGGGAGGCTGAGGCGGGTGGATCATGAGGTCTGGAGTTCAAGACCAGCCTGGCCAACATGGTAAAACCCTGTCTCTACTAAAAATACAAAAATTAGCCAGGCATGGTGGCATGTGCCTGTAACCCCAGCTACTCAGGAGGCTGAGGCAGAAGAATCGCTTGAACCCAGGAGGCAGGGGTTGCAGTGAGCCGAGATCGTGCCACTGCACTCCAGCCTGGGTGAGAGAGTGAGA"
"chr1","22996310","22996619","chr1","23004054","23004361","7","7744","GGCCAGGCATGGTGGCTCATGCCTGTAATCCCAGTACTTTGGGAGGCCGAGGTGGGCAGATCACAAGGTCAGGAGTTTGAGACCAGCCTGATCAACATGGTGAAACCCTGTCTCTACTACAAATACAAAAATAAGCCAGGTGTGGTGGCATGCACCTGTAATCCCAGCTACTCAGGAGGCTGAGGCAGGAGAATTGCTTGAACTCAGGAGGCGGAGGTAGCAGTGAGCCGAGATCACACCACTGCACTCCAGCCTGGGTGACAGAACGAGACTCCATCTCAAAAAAAAAAAAAAGAAAAGAAAAGAAAAA","GGCCAGGCATGGTGGCTCATGCCTGTAATCCCAGTACTTTGGGAGGCCGAGGTGGGCAGATCACAAGGTCAGGAGTTTGAGACCAGCCTGATCAACATGGTGAAACCCTGTCTCTACTACAAATACAAAAATTAGCCAGGTGTGGTGGCATGCACCTGTAATCCCAGCTACTCAGGAGGCTGAGGCAGGAGAATTGCTTGAACTCAGGAGGCAGAGGTAGCAGTGAGCCAAGATCACGCCACTGCACTCCAGCCTGGGTGACAGAACAAGACTCCATCTCAAAAAAAAAAAAAAAAAAGAAAAGAAAA"
"chr1","23032912","23033159","chr2A","62044137","62044381","42","39011225","GGCCAGGCATGGTGGCTCATGCCTGTAATCCCAGCACTTTGGGAGGCCAAGGTGGGCCAACATGGTGAAACCCTGTCTCTACTAAAAATGCAAAAATTAGCTGGGCGTGGTGACGCACATCTGTAATCAGCTACTCAGGGGGCTGAGGCAGGAGAATTGCTTAACCCGGGAGGCAGGGGTTGCAGTGAGCCGAGATCATGCCACTGCACTCCAGCCTGGGCGACAGAGCGAGACTCCGTCTCCAAAAA","GGCCAGGTATGGTGACTCACGCTGGTAATCCCGGCACTTTGGGAGGCCGAGGCAGGAGAATAATGAAACCCTGTCTCTACTAAAAATACAAAAATTGGCCGGGTGTGGTGGCACACACCTGTAATCCCAGCTATTCAGGAGGCTGAGGCAGGAGAACTGCTTGAACCCGTAAGGCAGAGGTTGCAGTAAGCCGAGATTGTGCAACTGCACTCCAGTCTGGGTGACAGAGCAAACTCTCTCAAAAA"
"chr1","23041436","23041740","chr1","23046261","23046564","9","4825","GGCTGGGCACAGTGGCTCACGCCTGTAATCCCAGCACTTTGGGAGGCCGAGGTGGGCGGATCACGAGGTCAGGAGTTCAAGACCAGCCTGACCAACATGGTGAAACGCTGTCTCTACTAAAAATACAAAAATTAGCCAGGCGCTATGGTATGCACCTGTAATCCCAGCTACTCAGGAGGCTGAGGCAGGAGAATCGCTTGAACTCGGGAGGTGGAGGTTGCAGTGAGCCGAGATTGCACCACTGCACTCCAGCCTGGGCAACACAGCAAGACTCGGTCTCCAAAAAAAAAAAAAAAAAAAAAAAA","GGCTGGGCACGGTGGCTCACGCCTGTAATCCCAACACTTTGGGAGGCTGAGGCGGGCGGATCACGAGGTCAGGAGTTCAAGACCAGCCTGACCAACATGGTGAAACGCTGTCTCTACTAAAAATACAAAAATTAGCCAGGCGCTATGGCATGCACCTGTAATCCCAGCTACTCAGGAGGCTGAGGCAGGAGAATCGCTTGAACTCGGGAGGTGGAGGTTGCAGTGAGCCGAGATTGCACCACTGCACTCCAGCCTGGGCAACACACAAGGACCCGGTCCCAAAAAAAAAAAAAAAAAAAAAAAA"
"chr1","23076690","23076979","chr1","23080998","23081293","8","4308","GGCCGAGCGTGGTGGCTCATGCCTGTAATACCAGCACTTTAGGAGGCTGAGGTGGGTGGGTCAGGAGTTTGAGACCAGCCTAGCCAACGTGGTGAAACCCCGTCTCTACTAAAAATACAAAAACTAGCGGGGTGTGGTGGTACATGCCTGTAATCCCAGCAGTTACTTGGGAGGCTGAGGCAAGAGAATCACTTGAACCCAGGAGTCCGAGGTTGCAATGAGCCGAGAGCACGCCACTGCACTCCAGCCTGGATGACAAAGCAAGACTCTGTATCAAAAAAAAAAAAAAA","GGCCGAGCGTGGTGGCTCATGCCTGTAATACCAGCACTTTAGGAGGCTGAGGTGGGTGGGTCAGGAGTTTGAGACCAGCCTAGCCAACGTGGTGAAACCCCGTCTCTACTAAAAATAGAAAAACTAGCGGGGTGTGGTGGTACATGCCTGTAATCCCAGCAGTTACTTGGGAGGCTGAGGCAAGAGAATCACTTGAACCCAGGAGTCCGAGGTTGCAATGAGCCGAGAGTACGCCACTGCACTCCAGCCTGGATGACAAAGCAAGACTCTGTATCAAAAAAAAAAAAAAAAAAAAA"
"chr1","23117810","23118118","chr1","23123598","23123906","12","5788","GGCTGGGCACAGTGGCTCACGGCTGTAATCCCAGCGCTTTGGGAGGCCGAGGCGGGCAGATCACGAAGTCAGGAGTTCGAGACCAACCTGGCAAACATGGTGAAACCCTGTCTCTACTAAAAATACAAAAATTAGCCAGGCGTGGTGGCGTACGCCTGTAGTCCCAGCTAATCAGGAGGCTGAGGCAGGAGACTTGCTTGAACCCGGGAGGTGGAGGCTGCAACGAGCTGAGATTGCGCCACTGCACTCCACCCTGGGCGACAGAGCGAGACTCCATCTCAAAAAATAATAATAAATAATAAATAAAAA","GGCTGGGGACAGTGGCTCACGGCTCTAATCCCAGAGCTTTGGGAGGCCGAGGCGGGCAGATCACGAAGTCAGGAGTTCGAGACCAACCTGGCAAACATGGTGAAACCCTGTCTCTACTAAAAATACAAAAAGTAGCCAGGCGTGGTGGCGTACGCCTGTAGTCCCAGCTAATTAGGAGGCTGAGGCAGGAGACTTGCTTGAACCCGGGAGGTGAAGGCTGCAATGAGCTGAGATTGTGCCACTGCACTCCACCCTGGGCGACAGAGCGAGACTCCATCTCAAAAAATAATAATAATAAATAAAAACAAA"
"chr1","23127851","23128156","chr3","124932865","124933165","23","101805014","GGCCGGGCGTGGTGGCTCATGCTTGTAATCCCAGTACTTTGGGAGGCCGAGGCAGGTGGACCAAGAGGTCAGGAGTTCGAGACCAGCCTGACCAACATGGTGAAACCCTGTCTCAACTAAAAATACGAAAATTAGCTGGGTGTGGTGGCACGTGCCTGTAATCCCAGCTACTCGGGAGGCTGAGGCAGGAGAATCGCTTGAACCTGGGAGGCGGAGGTTGCAGTGGGCCGAGATCACGCCGCTGCACTCCAGCCTGGTGACAGAGCGAGACTCTGTCCCAAAAAGAAAAAAAGAAAAAAGAAAAAA","GGACGTGGTGGTCTCATGCCTGTAATCCCAGTACTTTGGGAGGCCGAGGCAGGTGGACCCAGAGGTCAGGAGTTTGAGACCAGCCTGCCCAACATGGCGAAACCCTGTCTCTACTAAAAATACGAAAATTAGCTGGCTGTGGTGGCACGTGCCTGTAATCCCAGCTACTCGGGAGGCTGAGGCAGGGGAATCGCTTGAACCTGGGAGGCGGAGGTTGCAGTGAGCCGAGATTGCGCCACTGCACTCCAGCCTGGTGACAAAGTGAGACTCTGTCTCAAAAAAAAAAAAAAAAAAAAAAAAA"
"chr1","23162960","23163258","chr1","122561059","122561359","32","99398099","GGCTGGGTGCGGTGGCTCACACCTGTAATCCCAGCACTTTTGGAGGCCGAGGCAGGCGGATCACGAGGTCAGCAGCTCGAGACCAGCCTGGCCAACATGGTAAAACCCTGTCTCTACTAAAAATACAAAAATTAGCTGGGTGTAGTGGCAGGCACCTGTACTCCCAGCTACTTGGGAGGCTGAGGGAGAAGAATCGTTTGAACCCGGGAGGTGGAAGTTGCAATGAGCCGAGATCACACCACTTCACTCCAGCCTGGGTGACAGGGTGAGACTCTCTCAAAAAAAAAAAAAAAAAAAAA","GGCCTGGTGCGGTGGCTCACACCTGTAATCCCAGCACTTTGGGAGGCCAAGGCGGGCAGATCATGAGGTCAGGAGTTCGAGACCAGCCTGGCCAACATGGTGAAACCCCATCTCTACTAAAAATACAAAAATTACCTGGGTGTAGTGGCACACGCCTGTAATCCCAGCTACTCAGGAGGCTGAGGCAGGAGAATCGTTTGAACCTGGGAGGCAGAGGTTGCAGTGAGCCGAGATCACGCCATTGCACTCCAGCCTGGGCGACAGGGTGAGACTCCGTCTCAAAAAAAAAAAAAAAAAAAAA"
"chr1","23172824","23173112","chr1","23180396","23180685","6","7572","GCGGTGGCTCACACCTGTAATCCTAGCACTTTGGGAGGCTGAGGTGGGCGGATCATGAGGTCAGGAGTTCGAGACCAGCCTGACCAACATGGTGAAACCCCGTCTCTACTAAAAATACAAAAATTAGCCGGGCATGGTGTCGCAGGCCTGTAATCCCAGCTACTCAGCAGGCTGGGGAAGGAGAATTGCTTGAATACGGGAGGCGGAGCCGAGATCGCACCACTGCACTCTAGCCTGAGCAACAGAGCGAGACTCTGTCTCAAAAAAAATAAAAATAAAAATAAATAAA","GCGGTGGCTCACACCTGTAATCCTAGCACTTTGGGAGGCTGAGGTGGGCGGATCATGAGGTCAGGAGTTCGAGACCAGCCTGACCAACATGGTGAAACCCCGTCTCTACTAAAAATACAAAAATTAGCCGGGCATGGTGTCGCAGGCCTGTAATCCCAGCTACTCAGCAGGCTGGGGAAGGAGAATTGCTTGAATACAGGAGGCAGAGCCGAGATCGCACCACTGCACTCTAGCCTGAGTGACAGAGCAAGACTCTGTCTCAAAAAAAAATAAAAATAAAAATAAATAAA"
"chr1","23180771","23181046","chr1","23188354","23188632","9","7583","CTTTGGGAGGCCGAGGCAGGCAGATCACGAGGTTAGGAGTTCAAGACCATCCTGGCCAACATGGTGAAACCCTGTCTCTACCAAAAATACAAAAATTAGCTAGGCATGGTGGCACGTGCCTGTAATCCCAGCTACTCGGGAGACTGAGGCAGAGGAATTGCTTGAACTGGGACCCAGGAGGCAGAGGTTGCAGTGAGCTGAGATCGTGCCACTGCACTCCAGCCTGGGCTACAGAGCAAGACTCTGTCTCAAAAAAAAAAAAAAAAAAAAAAAAAA","CTTTGGGAGGCCGAGGCAGGCAGATCACGAGGTCAGGAGTTCAAGACCATCCTGGCCAACATGGTGAAACCCTGTCTCTACCAAAAATACAAAAATTAGCTAGGCATGGTGGCACGTGCCTGTAATCCCAGCTACTCGGGAGACTGAGGCAGGGGAATTGCTTGAACTGGGACCCAGGAGGCAGAGGTTGCAGTGAGCCGAGATTGTGCCACTGCACTCCAGCCTGGGCTACAGAGCAAGACTCTGTCTCAAAAAAAAGAAAGAAAAGAAAAGAAACAA"
"chr1","23195445","23195735","chr1","23203285","23203575","4","7840","GGCCAGCCACAGTAGTTCATGCCTGTAATCCCAGCACTTTGGGCGGCCGAGGCAGCGGATCATGAGGTCAGGAGTTTGAGACCAGACTGGCCAACATGGTGAAACCCCATCTCTACTAAAAATACAAAAATTAGTTGGGCGTGATGGCATGTGCCTGTAGTCCCAGCTACTTGGGAGACTGAGGCAGGACAATCGCTTGAACCCAGGAGGCAGAGGTTGCAGTGAGCCGAGATTGCGTCACTGCACTCTAGCCTGGCAACAGAGCGAGACTCTGTCTCAAAAAAAAAAAAA","GGCCAGCCACAGTAGTTCATGCCTGTAATCCCAGCACTTTGGGCGGCCGAGGCAGCGGATCATGAGGTCAGGAGTTTGAGACCAGACTGGCCAACATGGTGAAACCCTGTCTCTACTAAAAATACAAAAATTAGTTGGGCGTGATGGCATGTGCCTGTAGTCCCAGCTACTTGGGAGGCTGAGGCAGGACAATCGCTTGAACCCAGGAGGCAGAGGTTGCAGTGAGCCGAGATTGCATCACTGCACTCTAGCCTGGCAACAGAGCGAGACTCTGTCTCAAAAAAAAAAAAA"
"chr1","23198916","23199126","chr1","23206748","23206960","7","7832","GGCCCGGCATGGTGGCTCACGCCTATAATCCCAGCACTTTGGGAGGCCAAGGCAGGCTGGCCAACATGGCGAAACCCCATCTCTACTAAAAAAAAATACAAAAATTAGCCGGGCATGGTGGTACACACCTGTAATCCCAGCTACTTGGGATGCTGAGGCAGGAGAATCGCTTAAACCTGGGAGGTGGAGGTTGCAGTGAGCCGAGATCGTG","GGCCTGGCATGGTGGCTCACGCCTATAATCCCAGCACTTTGGGAGGCCAAGGCAGGCTGGCCAACATGGCGAAACCCCATCTCTACTAAAAAAAAAAATACAAAAATTAGCCGGGTATGGTGGTACACACCTGTAATCCTAGCTACTTGGGAGGCTGAGGCAGGAGAATTGCTTAAACCTGGGAGGTGGAGGTTGCAGTGAGCCGAGATCGTG"
"chr1","23273205","23273499","chr1","23280379","23280669","4","7174","GGCCAGACGCTGTGGCTCAAGCCTGTAATCCCAACACTTTGGAAGGCCGAGGCAGGTGTATCACGAGGTCAGGAGTTTGAGACCAGCCTGGCCAATATGGTGAAACCCCATCTCTACTAAAAATACAAAAATTAGCCGGGTGTGGTGGCTCATGCCTGTAATCTCAGCTACTCGGGAGGCTGAGGCAGGAGAAGAGCTTGAACCCAGGAGGCGGAGGTTGCAGCAAGTTGAGATCACACCACTGCACTCCGGCCTGGGCAACAGAGCAAGACTCTGTCTTAAAAAAAAAAAAAAA","GGCCAGACGCTGTGGCTCAAGCCTGTAATCCCAACACTTTGGAAGGCCGAGGCAGGTGTATCACGAGGTCAGGAGTTTGAGACCAGCCTGGCCAATATGGTGAAACCCCATCTCTACTAAAAATACAAAAATTAGCCGGGTGTGGTGGCTCATGCCTGTAATCTCAGCTACTCGGGAGGCTGAGGCAGGAGAAGAGCTTGAACCCAGGAGGCGGAGGTTGCAGCAAGTTGAGATCACACCACTGCACTCCGGCCTGGGCAACAGAGCAAGACTCTGTCTTAAAAAAAAAAA"
"chr1","23300479","23300774","chr1","23316501","23316798","7","16022","GGCCTGGCACAGTGGCTCATGCCTGTAATCCCAGCACTTTGGAAGGCCGAGGTGAGGGGTTCACGAGGTCAGGAGCTCAAGATCAGTCTGACCAACATGGCAAAACCCCATCTCTTACTAAAAATACAAAAATTAGCCGGGCATGGTGGCATGTGCCTGTAATCCCAGCTACTCAGGAGGCTGAGGCAGTAGAATCACTTGAACCCGGGAAGCGGACGTTGTAGTGAGCCAAGATCGCACCATCGCACTCCAGCCTCGGTGACAGAGCGAGACTCCATCTCAAAAAAAAAAAAAAA","GGCCTGGCACAGTGGCTCACGCCTGTAATCCCAGCACTTTGGAAGGCCGAAGTGAGGGGTTCACGAGGTCAGGAGCTCAAGATCAGTCTGACCAACATGGCAAAACCCCATCTCTTACTAAAAATACAAAAATTAGCCGGGCATGGTGGCATGTGCCTGTAATCCCAGCTACTCAGGAGGCTGAGGCAGGAGAATCACTTGAACCCGGGAAGCAGACGTTGTAGTGAGCCAAGATCGCACCATTGCACTCCAGCCTCGGTGACAGAGCGAGACTCCATCTCAAAAAAAAAAAAAAAAA"
"chr1","23330255","23330553","chr1","23346767","23347065","1","16512","GGCCAGGCGAGGTTGCTCACTCCTGTAATCCCAGCACTTTGGGAGGCCGAGGCGGGTGGATCATGAGGTCAAGAGTTTGAGACCAGCCTGGCCAACATGGTGAAACCCCGTCTCTCCTAAAAATACAAAAATTAGCTGAGCATGGTGGTGCATGCTTGCAGTCCCAGCTACTTGGGAGGCTCAGGCAGGAGGATCGCTTGAACCTGGGAGGCGGAGGTTGCAGTGAGCCGAGATCGTGCCATTACACTCCAGCCTGGGCGACAGAGTGAGACTCCATCTCAAAAAAACAAAAACAAAAA","GGCCAGGCGAGGTGGCTCACTCCTGTAATCCCAGCACTTTGGGAGGCCGAGGCGGGTGGATCATGAGGTCAAGAGTTTGAGACCAGCCTGGCCAACATGGTGAAACCCCGTCTCTCCTAAAAATACAAAAATTAGCTGAGCATGGTGGTGCATGCTTGCAGTCCCAGCTACTTGGGAGGCTCAGGCAGGAGGATCGCTTGAACCTGGGAGGCGGAGGTTGCAGTGAGCCGAGATCGTGCCATTACACTCCAGCCTGGGCGACAGAGTGAGACTCCATCTCAAAAAAACAAAAACAAAAA"
"chr1","23372872","23373155","chr1","23389582","23389863","7","16710","TGGCTCACGCCTGTAATCCTAGCACTTTGGGAGGCTGAGGTGGGCGGATCATGAAGTCAGGAGTTTGAGACAAGCCTGATCAACATGGTGAAAGCCGTATCTACTAAAAATACAAAAATTAGCTTGGTATGGTGGCATGGGCCTGTAATCCCAGCTACTCAGGAGGCTGATGCAGGAGAATTGCTTGAACCTGGGAGGCGGAGGTTGCAGTGAGCCAAGATTGTGCCACGCAGTCCAGCCTGGACGACAGAGTGAGATTCTGTCTCAAAAAAAAAAAAAAAAAA","TGGCTCACGCCTGTAATCCTAGCACTTTGGGAGGCTGAGGTGGGCGGATCATGAAGTTGGGAGTTCGAGACAAGCCTGATCAACATGGTGAAACCCGTAGCTACTAAAAATACAAAAATTAGCTTGGTATGGTGGCATGGGCCTGTAATCCCAGCTACTCAGGAGGCTGATGCAGGAGAATTGCTTGAACCTGGGAGGCGGAGGTTGCAGTGAGCCAAGATTGTGCCACGCAGTCCAGCCTGGACGACAGAGTGAGATTCTGTCTCAAAAAAAAAAAAAAAA"
"chr1","23414103","23414389","chr1","23430134","23430451","34","16031","GGCCAGGCACGGTGGCTCATGCCTATAATCCTAGCACTTTGGGAGGCTGAGGCGGGCAGATCATGAGGTCAGGAGTTCGAGACCAGCCTGGCCAACATGGTGAAACCCCATCTCTACCAAATATACAAAAATTAGCTGGGCATGGTGGTACATGCCTGTAATTCCAGCTACTTGGGAGGCTGAGGAGGAGAATTGTTTGAACCGGGACCCAGGAGGCGGAGGTTTCAGTGAGCTGAGAGCGTGCCACTGCACGCCAGCCTGTGCTACAGAATGAGACTCTGTCTCAA","GGCCAGGCATGGTGGCTCGTGCCTATAATCCTAGCACTTTGGGAGGCTGAGGCGGGCAGATCATGAGGTCAGGAGTTCGAGACCAGCCTGGCCAACATGGTGAAACCCCATCTCTACCAAATATACAAAAATTAGCTGGGCATGGTGGTACATGCCTGTAATTCCAGCTACTTGGGGGGCTGAGGAGGAGAATTGTTTGAACCGGGACCCAGGAGGCGGAGGTTTCAGTGAGCTGAGAGCGTGCCACTGCACGCCAGCCTGTGCTACAGAATGAGACTCTGTCTCAAAAAATAAAATAAAATAAAGTAAAATAAAATA"
"chr1","23463593","23463877","chr1","23482135","23482419","1","18542","GCCTGTAATCCCAGCACTTTGGGAGGCCGAGGCAGGCGGATCACGAGGTCAGGAGTTTGAGACCAGCCTGGCCAACATGGTGAAACCCCGTCTCTACTAAAGATAAAAATTAGCCAGGCATGGTGGCGGGCACCTGTAATCCTAGCTACTCGGGAGGCTGAGGCAGGAGAATCATTTGAACCTGGGAGACGGAGGTTGCAGTGAGCCGAGATTGTGCCATTGCACTCCAGGCTGGGCAACAGGGCGAGATTCCATCTCAAAAATAAAAAAATAAAAAAATAAAAA","GCCTATAATCCCAGCACTTTGGGAGGCCGAGGCAGGCGGATCACGAGGTCAGGAGTTTGAGACCAGCCTGGCCAACATGGTGAAACCCCGTCTCTACTAAAGATAAAAATTAGCCAGGCATGGTGGCGGGCACCTGTAATCCTAGCTACTCGGGAGGCTGAGGCAGGAGAATCATTTGAACCTGGGAGACGGAGGTTGCAGTGAGCCGAGATTGTGCCATTGCACTCCAGGCTGGGCAACAGGGCGAGATTCCATCTCAAAAATAAAAAAATAAAAAAATAAAAA"
"chr1","23491425","23491735","chr1","23510886","23511195","10","19461","GGCTGGGCGCAGTGGCTCATACCTGTAATCCCAGCACTTTGGGAGGCTGAGGCTGGCGGATCACGAGGTCAGGAGTTCAAGACCAGCATGACCAACATGGTGAAACACTGTCTCTACTAAAAAATACAAAAATTAGCCGGGCATGGTGGCGCACACCTGTAATCCCAGATATTCGGGAGGCTAAGGCAGGAGAATTGCTTGAACCCGGGAGGCGGAGGTTGCAGTGAGCCGAGATTATGCCATTGCACTCCAGCCTGGGCAGCACAGTGAGACTCTGTCTCAAAAAAAAAAAAAAAAGAAGAAGAAGAAAA","GGCTGGGTGCAGTGGCTCATACCTGTAATCCCAGCACTTTGGGAGGCCGAGGCTGGCGGATCACGAGGTCAGGAGTTCAAGACCAGCATGACCAACATGGTGAAACCCTGTCTCTACTAAAAAATACAAAAATTAGCCGGGCATGGTGGCGCACACCTGTAATCCCAGCTATTCGGGAGGCTAAGGCAGGAGAATTGCTTGAACCCGGGAGGCGGAGGTTGCAGTGAGCCGAGATTATGCCATTGCACTCCAGCCTGGGCAGCACAGCGAGACTCTGTCTCAAAAAAAAAAAAAAAAAAAAAAAAAAGAA"
"chr1","23580028","23580333","chr1","23597759","23598066","7","17731","GACCAGGCACGGTGGCTCACATCTGTAATCACAGCACTTTGGGAGGCCGAGATGGGCGGATCATGAGGTCAGGAGTTTGAGACCAGCCTGGCTAACATAGTGAAACCCCATCTCTACTAAAAATACAAAAATTAGCCGGACGTGGTGGTGCAAGCCTGTAATCCCAGCTACTCAGGAGGCTGAGGCAGGAGAATTGCTTGAAATCAGGAGGTGGAGGTTGCAGTGAGCCGAGATGGTGCCACTGCACTCCAGCCTGGGTGACAGAGCGAGATTCCATCTCAAAAAGAAAAAAAAAAGAGAGAGAAA","GACCAGGCACGGTGGCTCACATCTGTAATCACAGCACTTTGGGAGGCCGAGATGGGCGGATCATGAGGTCAGGAGTTTGAGACCAGCCTGGCTAACATGGTGAAACCCCATCTCTACTAAAAATACAAAAATTAGCCGGGCGTGGTGGTGCAAGCCTGTAATCCCAGCTACTCAGGAGGCTGAGGCAGGAGAATTGCTTGAAACCAGGAGGTGGAGGTTGCAGTGAGCCAAGATCGTGCCACTGCACTCCAGCCTGGGTGACAGAGCGAGATTCCATCTCAAAAAGGAAAAAAAAAAAGAGAGAGAAA"
"chr1","23586198","23586501","chr1","23603908","23604208","9","17710","GGCTGGGTGCCGTGGATCACACCTGTAATCTCGCACTTTGGGAGGCCAAGGTGGGTGGATCACGAGGTCAGGTGTTCGAGACCAGCCTGGCCAACATGGTGAAACCCTGTCTCTATTTGTAAAAATACAAAAATTATCTGGGCATGGTGGCGGGCGCCTGTAATCCCAGCTACTCGGGAGGCTGAGGCAGGAGAATCGTTTGAACCCGGGAGGCGGAGGTTGCAGTGAGCTGAGATCACACCATTGGACTCCAGCCTGGCTGACAGGGTGAGACTCCGTCTCAAAAAAAAAAAAAAAAAAAAAA","GGCTGGGTGCCGTGGCTCACGCCTGTAATCTCGCACTTTGGGAGGCCAAGGTGGGTGGATCACGAGGTCAGGTGTTCGAGACCAGCCTGGCCAACATGGTGAAACCCTGTCTCTATTTGTAAAAATACAAAAATTATCTGGGCATGGTGGCGGGCGCCTGTAATCCCAGCTACTCAGGAGGCTGAGGCAGGAGAATCATTTGAACCCGGGAGGCGGAGGTTGCAGTGAGCTGAGATCACACCATTGGACTCCAGCCTGGCTGACAGGGTGAGACTCCGTCCCAGAAAAAAAAAAAAAAAAA"
"chr1","23663730","23664019","chr1","23681796","23682085","4","18066","GGCCGGGCGCGGTGGCTTATGCTTGTGATCCCAGCACTTTGGGAGGCCAAGGCGGGAGGATCACGAGGTCAGGAGCTCGAGACCAGCCTGGCCAACAAGGTGAAACCCTGCTTCTACTAAAAATACAAAAATTAACCGGATGTGGTGGTGCACCCCTGTAATCCCAGCAACTCAGGAGGCTGAGACAGGAGAATCACTTGAACCTGGGAGGCAGAGGTTGCAGTGAATCGAGATCATGCCACTGCACTGCAGCCTGGGTGACAGAGAAAGACGCCATCTCAAAAAAGAAA","GGCCGGGCGCGGTGGCTTATGCTTGTGATCCCAGCACTTTGGGAGGCCAAGGCGGGAGGATCACGAGGTCAGGAGCTCGAGACCAGCCTGGCCAACAAGGTGAAACCCTACTTCTACTAAAAATACAAAAATTAACCGGATGTGGTGGTGCACCCCTGTAATCCCAGCAACTCAGGAGGCTGAGACAGGAGAATCACTTGAACCTGGGAGGCAGAGGTTGCAGTGAATTGAGATCATGTCACTGCACTGCAGCCTGGGTGACAGAGAAAGATGCCATCTCAAAAAAGAAA"
"chr1","23669969","23670257","chr1","93845399","93845690","28","70175430","GGCCAGGTGCAGGGGCTCATGCCTGTAATCCCAGCACTTTGGGAGGCCGAGGAGGGCGGATCATGAGGTCAGGAGCTCGAGACCAGCCTGACCAACATGGTGAAACCCTGTTTCTACTAAAAATACAAAAATTAGCCGGGCATGGTGGCATGTGCCTGTAATCCCAGCTACTCAGGGGGCTGAGCCAGGAGAATCGCTTGAACTCAGGAGGTGGAGGTTGCAGTGAGCCAAGATCACGCCACTGTACTCCAGCCTGGGTGACAGAGCAAGACTCCATTAAAAAAAAAAA","GGCCAGGTGCAGTGGCTCATGCCTGTAATCCCAGCACTTTGGGAGGCCGAGGCAGGCAGATCACAAGGTCAGGAATTTGAGACCAGCCTGACCAACATGGTGAAACCCAGTCTCTACTAAAAATACAAAAATTAGCCGGGCGTGGTGGCACGTGCCTGTAATCCCAGCTATTCAGGAGGCTGAGGCAGGAGAATCGCTTGAACTCAGGAGGCAGAGGTTGCAGTAAGCCAAGATTGTGCCACTGCACTCCAGCCTGGGTGACAGAGACAGACTCCATCTAAAAAAAAAAAAA"
"chr1","23684898","23685164","chr14","60844687","60844966","40","37159789","GGCTGAGCATGGTGGCTCATGCCTGTAATCCCAGCACTTTGGGAGGCTGAGGTGGGAGGCTGAGTTCGAGACCAGCCTGGCCAACATGGTAGAAACCATTTCTACTAAAAATACAAAATTAGCTGGGTGTGGTGGTGCGCGCCTGTAATCCTAGCTACTTTGGAGGGTGAGGCAGGAGGATCACTTGAACCTGGGAGGCGGAGGTGGCAGTGAGCCGAGATCGCACCACTGCACTCCAGCCTGGGTGACAGAGCAAGATTCCATCTC","GGCTGGGGGTGGTGGCTCATGCCTGTAATCCCAGCACTTTGGGAGGCTGAGGTGGGTGGATCACAAGGTCAGGAGTTCGAGACCAGTCTGGCCAACATGGTGAAACCCTGCTTCTACTAAAAATACAAAAATTAGCTGGGCATGGTGGTGGGTGCCTGTAATCCCAGCTACCCGGAGACTGAGGCAGGAGAATTGCTTGAACCCAGGAGGCGGAGGTTGCAGTGAGCCGAGATCGCACCACTGCACTCCAGCTCTGGGCGACAGAGCAAGACTCCATCTC"
"chr1","23700254","23700508","chr1","23712123","23712377","6","11869","AGGCTGAGCCAGGTGGACCACGAGGTCAGGAGTTCGAGACCAGCCTGGCCAACACAGCGAAACCCTGTCTCTACTAAAAATACAAAAATTAGCTGGGCATGGTGGCGGACGCCTGTAATCCCAGCTCCTCGGGAGGCTGAGGCAAGAGAATAGCTTGAACCCGGGAGGCAGAGGCTGCAGTGAGCTGAGACTGCACCACTGCACTCCAGCCTGGGTGACAGAACTAGACTCCGTCTCAGGGAAAAAAAAAAAAAA","AGGCTGAGCCGGGTGGACCACGAGGTCAGGAGTTTGAGACCAGCCTGGCCAACACAGTGAAACCCTGTCTCTACTAAAAATACAAAAATTAGCTGGGCGTGGTGGCGGACGCCTGTAATCCCAGCTACTCGGGAGGCTGAGGCAAGAGAATAGCTTGAACCCGGGAGGCAGAGGCTGCAGTGAGCTGAGACTGCACCACTGCACTCCAGCCTGGGTGACAGAACTAGACTCCGTCTCAGGAAAAAAAAAAAAAAA"
"chr1","23716949","23717256","chr1","23728202","23728507","13","11253","CTGGGCACGGTGGCTCGCGCCTGTAATACCAGCACTTTGGGAGGCCGAGGCAGGCAGATCACGAGGGAGTTCGAGACCAGCCTGACCAACATGGTGAAACCTTATCTCTACTGAAAATACAAAAATTAGCCGGGTATGGTGGTGTGCACCTGTAATCCCAGCTACTCAGTCAGGAGGCTGAGGCAGGTGAATCTCTTGAATCCGGGAGGCAGAGGTTGCAGTGAGCCGAGATCACGCCATGGCACTCCAGCCTGGGCGACAGAGTGAGACTCCATCTCGGAAAAAAAAAAAAAAAAGAAAGAAAGAAA","CTGGGCACGGTGGCTCGCGCCTGTAATACCAGCACTTTGGGAGGCCGAGGCAGGCAGATCATGAGGGAGTTCGAGACCAGCCTGACCAACATGGTGAAACCCTATCTCTACTGAAAATACAAAAATTAGCCGGGTATGGTGGTGTGCACCTGTAATCCCAGCTACTCAGTCAGGAGGCTGAGGCAGGTGAATCTCTTGAATCCGGGAGGCGGAGGTTGCAGTGAGCCAAGATCGCACCATGGCACTCCAGCCTGGGTGACAGAGTGAGACTCCGTCTCGGAAATAAAAGAAAGAAAGAAAAAGAAA"
"chr1","23725510","23725806","chr1","23736731","23737019","13","11221","CAGGTGTGGTGGCTCACACCTGTAATCCCAGCACTTTGGGAGGCTGAGGCGGGTAGATCATGAGGTCAGGAGATGGAGACCAGCCTAGCCAACATGGTGAAACCCTGTCTGTACTAAAAATATAAAAATTAGCCAGGTGTGGTGGCACGTGCCTGTAGTCCCAACTACTCGGGAGGCTAAGGCAGGAGAATCACTTGAACTCAGGAGGCAGAGGCTGCAGTGAGCTGAGATCATGCCACTGCACTCCAGCCTGGGCGACAGAGCGAGACTCCGTCTCAAAATAAATAAATAAATAAA","CAGGTGTGGTGGCTCATACCTGTAATCCCAGCACTTTGGGAGGCTGAGGCGGGTAGATCATGAGGTCAGGAGATGGAGACCAGCCTGGCCAACATGGTGAAACCCTGTCTGTACTAAAAATATAAAAATTAGCCAGGTGTGGTGGCACGTGCCTGTAGTCCCAACTACTCGGGAGGCTAAGGCAGGAGAATCGCTTGAACTCAGGAGGCGGAGGCTGCATTGAGCTGAGATCATGCCACTGCACTCCAGCCTGGGCGACAGAGCGAGACTCCGTCTCAAAATAAATAAA"
"chr1","23730557","23730864","chr1","23741700","23742009","7","11143","GGCTGGGCGCAGTGGCTCATGCCTGTAATCCCAGCACTTTGGGAGGCCAAGGCAGGTGGATCGTGAAGTCAGAAGTGTGAGACCAGCCTGGCCAACATGGTGAAACCCCATCTCTACTAAAAATACAAAAATTAGCTGGGTGTGGTGGCATATGCCTGTAATCCGAGCTACTCAGGAGGCTGAGGCAGGAGAATTTCTTGAACCCAGGAGGTGGAGGTTACAGTGAGCTGAGATTGTACCACGGCACTCCAACCTGGGGGACAGAGCAAGACTCTGTCTCAGAAAAAAAAAAAAAAGAAGAAGAAGAA","GGCTGGGCGCAGTGGCTCATGCCTGTAATCCCAGCACTTTGGGAGGCCAAGGCAGGTGGATCGTGAAGTCAGAAGTGTGAGACCAGCCTGGCCAACATGGTGAAATCCCATCTCTACTAAAAATACAAAAATTAGCTGGGCGTGGTGGCATATGCCTGTAATCCGAGCTACTCAAGAGGCTGAGGCAGGAGAATTGCTTGAACCCAGGAGGTGGAGGTTACAGTGAGCTGAGATTGCACCACGGCACTCCAACCTGGGGGACAGAGCAAGACTCTGTCTCAGAAAAAAAAAAAAGAAGAAGAAGAAGAAA"
"chr1","23735630","23735923","chr1","23746781","23747075","5","11151","GGCCTGGCGCGGTGGCTCACGCCTGTGATCCCAGCACTTTGGGAGGCCGAAGTGGGTGGATCACGAGGTCAGGAGTTCAAGACCAGCCTGGCCAACATGGTGAAACCCCATTTCTACTAAAAATGCAAAATTAGCTAGGTGTGGTGGCATGCGCCTGTAATCCTAGCTACTCAGGAGGCTGAGGCAGGAGAATCGCTTGAACCCAGGAGGCAGAGGTTGCAGTGAGCCAAGATCATGCCATTGCACTCCAGCCTGGGTGACAGAGCAAGACTTCATCTCCAAAAAAAAAAAAAA","GGCCTGGCGCGGTGGCTCACGACTGTAATCCCAGCACTTTGGGAGGCCGAAGTGGGTGGATCACGAGGTCAGGAGTTCAAGACCAGCCTGGCCAACATGGTGAAACCCCATTTCTACTAAAAATGCAAAATTAGCCAGGTGTGGTGGCATGCACCTGTAATCCTAGCTACTCAGGAGGCTGAGGCAGGAGAATCGCTTGAACCCAGGAGGCAGAGGTTGCAGTGAGCCAAGATCATGCCATTGCACTCCAGCCTGGGTGACAGAGCAAGACTTCATCTCCAAAAAAAAAAAAAAA"
"chr1","23769710","23770013","chr1","23785263","23785563","10","15553","GGCCAGACGTGGTGGCCCACGCTTGTAATCCCAGCACTTTGGGAGGTCAAGGAAGGCGGGTCACGAGGTCAGGAGTTCGAGACCAGCCTGACCATCATGGTGAAACCCTGTCTTTATTAAAAATACAAAAATTAGCCAGGTGTGGTGGTGTGAGCCTGTAATTCCAGTTACTCAGGAGGAAGAGGCAGGAGAATTGCTTGAACCTGGAAGGTGGAAGTCGCAGTGAGCCGAGATTACGCCACTGCACTCCAGCCTAGGTGACAGAGTGAGACTCCATCTCACAAAAAAAAAAAAAAAAAAAAAA","GGCCAGACGTGGTGGCCCATGCTTGTAATCCCAGCACTTTGGGAGGTCAAGGAAGGCGGGTCACGAGGTCAGGAGTTCGAGACCAGCCTGACCATCATGGTGTAACCCTGTCTTTATTAAAAATACAAAAATTAGCCAGGCGTGGTGATGTGAGCCTGTAATCCCAGTTACTCAGGAGGATGAGGCAGGAGAATTGCTTGAACCTGGAAGGTGGAGGTCGCAGTGAGCCGAGATTACGCCACTGCACTCCAGCCTAGGTGACAGAGTGAGACTCCATCTCACAAAAAAAAAAAAAAAAAAA"
"chr1","23780920","23781202","chr1","167984126","167984420","38","144203206","GGCCGAGCATGGTGGTTCACACCTGTAATCCCAGCACTTTGGGATGCCGAGACTGGTTAGGAGTTCAAGACCAGCCTGACCAAGATGCTGAAACCCCGTCTCTACTAAAAATACAAAAATTAGCCGGGCATGGTGGCACACGCCTGTAATCCCAGCTACTTGGGAGGCTGAGGCAGGAGAATCGCTTGAACCCAGGTGGCAGAGGTTGCAGTGAGCCAGGATCGTGCCACTGCACTCCAGTCTGGGTGACAGAGCAAGACTCCATCTCAAAAGAAAAAAATAA","GGCTGGGCATGGTGGCTCGCACCTGTAATCCCAGCACTTTGGGAGGCTGAGGTGGGTGGATCACGAGGTCAGGAGTTCAAGACCAGCCTGGCTAATACGGTGAAACCCCATCTCTACTAAAAATACAAAAATTAGCTGGGCGTGGTGGCACGCGCCTGTAGTCCCAGCTACTTGGGGGGCTGAGGCAGGAGAATCGCTTGAACCCAGGAGGCAGAGGTTGCAGTGAGCTAAGATCATGCCACTGCACTCCAGCCTGGGTGACAGAGCAAGACTCCATCTCAAAAAAAAAAAAGAA"
"chr1","23814371","23814668","chr1","23832368","23832665","2","17997","GGCCGGGCATGATGGCTGACACCTGTAATCTCAGCACTTTGGGAGGCTGAGGTGGGTGGATCACAAGGTCAGGAGTTCGAAACCAGCCTGACCAACATGGTGAAACGCTGTCTCTACTAAAAATACAAAAATTAGCCGGGCGTGGTGGTGGGCTCCTGTAATCCCAGCTACTCAGGAGGCTGAGGCAGGAGAATCGCTTGAACCCAGGAGGTGGAGGTTGCAGTGAGCCGAGATCATGCCACTGCACTCCAGCCTGGGCAACAAAGCAAGACTCCATCTCAAACAAAAAAAGAGAAAA","GGCCGGGCATGATGGCTGACACCTGTAATCTCAGCACTTTGGGAGGCTGAGGTGGGCGGATCACAAGGTCAGGAGTTCGAAACCAGCCTGACCAACATGGTGAAACGCTGTCTCTACTAAAAATACAAAAATTAGCCGGGCGTGGTGGTGGGCTCCTGTAATCCCAGCTACTCAGGAGGCTGAGGCAGGAGAATCGCTTGAACCCAGGAGGTGGAGGTTGCAGTGAGCCGAGATCATGCCACTGCACTCCAGCCTGGGCGACAAAGCAAGACTCCATCTCAAACAAAAAAAGAGAAAA"
"chr1","23839909","23840138","chr2A","9664088","9664326","45","14175821","TTGGGAGGCCAAGGCGGGCAGATCAGTAGGTCAGGAGTTCGAGACCAGACTGACCAACATGGTGAAACCCCGTCTCTACTAAAAATACAAAAATTAGTCGCTTATGGTGGCGCAGCCACTCAGGCTGAGGCAGAATTTCTTGAACCTGGGAAGCAGAGTTGCAGTGAGCCGAGATTGTACCACCGCACTCCAGCCTAGGCGACAAGAGCAAGACTCCACCTCAAAAAAAA","TTGGGAGGCCGAGGTGGGTGGATCAGGAGGTCAGGAGTTCGAGATGAGCCTGACCAACATGGTGAAACCCCGTCTCTACTAAAAATACAAAAATTAGGCACGTGCCTGTAATCCCAGCTACTCAGGAGGCTGAGGCAGGAGAATTGTTGGAACCCAGGATGCGGAGGTTACAGTGAGCTGAGATCGTGCCACTGCACTCCAGCCTGGGCAACAGAGTGAGACTCCATCTCAAAAAAAAA"
"chr1","23849576","23849880","chr12","121641519","121641824","27","97791943","GGCTGAGCACGGTGGCTCACACCTGTAATACCAGCACTTTGGGAGGCTGAGATAGGTGGATCACAAAGTCAGGAGTTCAAGACCAGCCTGGCCAACATAGTGAAACCCCATCTCTACTAAAAATACAAAAATTAACTGGGCATGGTGGTGCGCACCTGTAGTCCCAGCTACTCGGGAGCCTGAGGCAGGAGAATCACTTGAACCCAGGAGGCGGAGGTTGCAGTGAGCCGAGATTGTGCCACTGCACTCCAGCCTGGGAGACAGAGCAAGAGTCCGTCTCAAAAAAAAAAAAAAAAAAAAAAAAA","GGCTGGGCACGGTGGCTCACGCCTGTAATCCCAACACTTTGGGAGGCTGAGGCAGGCAGATCACAAGGTCAGGAGTTCGAGACCAGCCTGGCCAACATAGTGAAACCCCATCTCTACTAAAAATACAAAAATTAGCTGGGCATGGTGGCGCGCACCTGTAGTCCCAGCTACTCGGGAGGCTGAGGCAGGAAAATCACTTGAACCTGGGAGGTGGAGGTTGAGGTGAGCCGAGATCGTGCCACTGCACTCCAGCCTGGGCAACAGAGTGAGACTCTGTCTCAAAAAAAAAAAAAAAAAAAAAAGAAA"
"chr1","23885598","23885889","chr1","23906669","23906959","9","21071","GGCCGGGCGCGGCGGCTCACACCTGTAATCCCAGCACTCTGGGAGGCTGAAGCAGGTGGATCACGAGATCAGGAGTTTGAGACCAGCTCAGCCAACATGGTGAAACACTGTCTCTACTAAAACTACAAAAATTGACCAGGCGTGGTGGCGTGCGCCTGTAATCCCAGCTACTCAGGAAGCTGAGGCAGGAGAATCACTTGAACCCAGGAGGCGGAGGTTGCAGTGAGCTGAGATTGCGCCACTGTACTGCAGCCTGGGCGACATAGCGAGAATCTGTCCTAGGAAAGAAAAA","GGCCGGGCGCAGTGGCTCACACCTGTAATCCCAGCACTTTGGGAGGCTGAAGCAGGTGGATCACGAGATCAGGAGTTTGAGACCAGCTTGGCCAACATGGTGAAACACTGTCTCTACTAAAACTACAAAAATTGACCAGGCGTGGTGGCGTGCGCCTGTAATCCCAGCTACTCAGGAAGCTGAGGCAGGAGAATCACTTGAACCCAGGAGGCAGAGGTTGCAGTGAGCTGAGATTGCGCCACTGTACTCCAGCCTGGGCGACATAGTGAGAATCTGTCCTAGGAAAGAAAA"
"chr1","23885908","23886208","chr1","23906979","23907285","13","21071","GGCCAGGCACGGTGGCTCACACCTGTAATCCCAGCACTCTGGGAGACCAAGGCAGGCAGATCACAAGGTCAGGAGTTTGAGACCAACCTGGCCAACATGGTGAAACACCGTCTCTACTAAAAATACAAAAATTAGCTGGGTGTGGTGGCGCACACCTGTAATCCCAGCTAACTCAGGAAGCTGAGGCAGGAGAATCACTTGAACCTGGGAGGCAGAGATTTCAGTGAGCCAAGATTGCACCACTGCACTCCAGCCTGGGTGACAGGGCGAGACTCTATTTCAAAAAAAAAAAAAAAAAGAA","GACCAGGCGCGGTGGCTCACACCTGTAATCCCAGCACTCTGGGAGACTGAGGCAGGCAGATCACGAGGTCAGGAGTTTGAGACCAACCTGGCCAACATGGTGAAACCCCGTCTCTACTAAAAATACAAAAATTAGCTGGGTGTGGTGGCGCACACCTGTAATCCCAGCTAACTCAGGAAGCTGAGGCAGGAGAATCACTTGAACCTGGGAGGCAGAGATTGCAGTGAGCCAAGATTGCACCACTGCACTCCAGCCTGGGTGACAGGGCGAGACTCTATTTCAAAAAAAAAAAAAAAAAAAAGAATAA"
"chr1","23897482","23897759","chr1","23919087","23919367","6","21605","GGGCGGGCGTGGTGGCTCATGCCTGTAATCCCAGCACTTTGGGAGGCTAAGGCGGGTGGATCACAAGGTCAGGAGTTCAAGACCAGCCTGGCCAACATAGTGAAACCCTGTCTCTACTAAAAACACAAAAATTAGCCAGGTGTGGTGGTCCCAGCTACTCAGGAGGCTGAGGTGGAAGAATTGCTTGAAACCGGGAGGCAGAGTTTGCATTGAACCGAGATCGCACCACTGCACTCCAGCTTGGGTGACAGACTGAGACTCGGTCTCAAAAAAAAAAA","GGGCGGGCGTGGTGGCTCATGCCTGTAATCCCAGCACTTTGGGAGGCTAAGGCGGGTGGATCACAAGGTCAGGAGTTCAAGACCAGCCTGGCCAACATAGTGAAACCCTGTCTCTACTAAAAACACAAAAATTAGCCAGGTGTGGTGGTCCCAGCTACTCAGGAGGCTGAGGTGGAAGAATTGCTTGAAACTGGGAGGCAGAGTTTGCCTTGAACCGAGATCGCACCACTGCACTCCAGCTTGGGTGACAGAGTGAGACTCGGTCTCAAAAAAAAAAAAAA"
"chr1","23945452","23945740","chr1","23965981","23966270","8","20529","GCCGGGCAAAGTGGCTCACGCCTGTAATCCCGCACTTTGGGAGAACAAGGCAGACGGATCATGAGGTCAGGAGTCCGAGACCAGCCTTGCCAACATAATGAAACCGCATCTCTACTAAAAATACAAAAATTGGCCGGGCATTGTGGCACAAACCTGTAGTCCCAGATACTTGGGAGGCTGAGGCAGGAGAATCGCTTGAATCCGGGAGGCAGAGGTTGTAGTGAGCCAAGATCACACCACTGCACTCCAGCTTGGGCAACTGAGTGAGACTTTGTCTCAAAAAAAAAAA","GCCGGGCAAAGTGGCTCACGCCTGTAATCCCACACTTTGGGAGAACAAGGCAGACGGATCATGAGGTCAGGAGTCCGAGACCAGCCTTGCCAACATAATGAAACCGCATCTCTACTAAAAATACAAAAATTAGCCGGGCATTGTGGCACAAACCTGTAGTCCCAGATACTCGGGAGGCTGAGGCAGGAGAATCGCTTGAATCCAGGTGGCAGAGGTTGTAGTGAGCCAAGATCGCGCCACTGCACTCCAGCTTGGGCAACTGAGTGAGACTTTGTCTCAAAAAAAAAAAA"
"chr1","23970364","23970658","chr1","24001641","24001934","4","31277","GGCTGGGCGTGGTGGCTCACACCTGTAATCCCAGCACTTTGGGAGGCCGAGGCGGGCGGATCACGAGGTCAGGAGTTCGAGACCAGCCTGACCAACACGGTGAAACCCCGTCTCTACTAAAAATACAAAAATTATCCGGGCATGGTGGCACATGCCTGTAATCTCAGCTACTCAGGAGGCTGAGGCAAGAGAATCGCTTGAACCTGGGAGGTAGAAGTTGCAGTGAGCCAAAATCACGCCACTGCACTCCAGCCTGGGCAACAGAGTGAGACTCCGTCTCAAAAAAAAAAAAAAA","GGCTGGGCGTGGTGGCTCACACCTGTAATCCCAGCACTTTGGGAGGCCGAGGCGGGCGGATCATGAGGTCAGGAGTTCGAGACCAGCCTGACCAACATGGTGAAACCCCGTCTCTACTAAAAATACAAAAATTAGCCGGGCATGGTGGCACATGCCTGTAATCTCAGCTACTCAGGAGGCTGAGGCAAGAGAATCGCTTGAACCTGGGAGGTAGAAGTTGCAGTGAGCCAAAATCACGCCACTGCACTCCAGCCTGGGCAACAGAGTGAGACTCCGTCTCAAAAAAAAAAAAAA"
"chr1","23981200","23981513","chr1","24012461","24012767","9","31261","GGCTGGGCTCGGTGGCTCACGCCTGTAATCCCTCCCTGTACTTTGGGAGGCCGAGGCGGGCAGATCACGAGGTCAAGAGTTTGAGACCAGCCTGACCAACACAGTGAAACCCCATCTCTACTAAAAATACAAAAATTAGCCAGGCGTAGTGGCGCGCGCCTGTAATCCCAGCTACTTGGGAGGCTGGGGCAGAAGAATCGCTTGAACTCGGGAGGCAGAGGTTGCAGTGAGCCGAGATTGCACCACTGCATTCCAGCCTGGGCGACAGGGTGAGACTCCGTCTCAAAAAAGAAAAAAAAAAAAAATAGAGAAAA","GGCTGGGCTCGGTGGCTCACGCCTGTAATCCCTGCCTGTACTTTGGGAGGCCGAGGCGGGCAGATCACGAGGTCAAGAGTTTGAGACCAGCCTGACCAACACAGTGAAACCCCATCTCTACTAAAAATACAAAAATTAGCCAGGCGTAGTGGCGCGCGCCTGTAATCCCAGCTACTTGGGAGGCTGGGGCAGAAGAATCGCTTGAACTCGGGAGGCAGAGGTTGCAGTGAACCGAGATTGCACCACTGCATTCCAGCCTGGGCGACAGGGTGAGACTCCGTCTCAAAAAAGAAAAAAAAAAAAAAAA"
"chr1","24182640","24182918","chr6","34868283","34868561","27","10685643","GGCCGGGCGTGGTGGCTCATGCCTGTAATCCCAGTACTTTGGGAGGCTGATGTGGGCAGATCCCGAGGTCAGGAGTTCGAGACCAGCCTGACCAACATGGTGAAACCCTGTCTCTACTAAAAACACAAAAATTAGCCAGGCGTGGTGGTGCACGCCTGTAATCCCAGCTACTCAGGAGGCTGAGGCAGGAGAATCGCTTGAATCCGGGAGGTGGAGGTTGCAGTGAGCAGAGATCACACCACTGTACTCCAGCCTGGTGACACAGTGAGACTCCATCTC","GGCGAGGCGCGGTGGCTCATGCCTGTAATCCCAGCACTTTGGGAGGTCAAGGTGGGCAGATCACAAGGTCAGGAGTTCGAGACCAGCCTGACCAACATGGTAAAAGCCCATATGTGCTAAAAATATAAAAATTAGCCAGGCATGGTGGTGCACGCCTGTAATCCCAGCTACTCAGGAGGCTGAGGCAGGAGAATCGCTTGAACCCGGGAGGTGGAGGTTGCAGTGAGCCGAGATCACACCATTGCACTCCAGCCTGGGTGACAGAGTGAGACTCCATCT"
"chr1","24376979","24377262","chr1","24416657","24416943","9","39678","GGCTGGAAGCTGTGGCTCATGCCTGTAATCCCAGCACTTTGGGAGGCCGAGGTGGATGGATTACGAGGTCAGGAGTTTGAGACAAGCCTGGCCAACATGGTGAAACCCCATCTCTACTAAAAAAAAAAAAATACAAAAATTAGTTGGGCATGGTGGCATGTGCCTGTAATCCCAGCTGAGGCAGGAGAATTACTTGAATTGGGGAGGCGGAGGTTGCAGTGAGCCAAGATCGTGCCACTGCACTCCAGCCTGGGCGACAGAGCAAGACTCCATCTAAAAAAAAA","GGCCAGAAGCTGTGGCTCATGCCTGTAATCCCAGCACTTTGGGAGGCCGAGGTGGATGGATTACGAGGTCAGGAGTTTGAGACCAGCCTGGCCAACATGGTAAAACCCCATCTCTACTAAAAAAAAGAAAAAAATACAAAAATTAGTTGGGCATGGTGGCATGTGCCTGTAATCCCAGCTGAGGCAGGAGAATTACTTGAACTGGGGAGGCAGAGGTTGCAGTGAGCCAAGATCGTGCCACTGCACTCCAGCCTGGGCGACAGAGCAAGACTCCATCTAAAAAAAAA"
"chr1","24487310","24487558","chr1","24527520","24527764","6","40210","GATGCCAAGGCGGGTGGATCACGAGGTCAGGAGTTCGATACCAGCCTGACCGACATGGTAAAACCCCATCTCTACTAAAAATACAAAAATTAGCCGGGCGTGCTGGCATGCACCTGTAATCCCACTTACTCAGGAGGCTGAGGCAGGAGAATCGCTTGAACTCGGGAGGCGGAGGTTGCAGCGCCACTGCACTCCAGCCTGGGTGACAGAGCAGGACTCCATCTCGAAAGAAAGAAAGAAAGAAAAAAA","GATGCCAAGGCGGGTGGATCACGAGGTCAGGAGTTCGATACCAGCCTGACCGACATGGTGAAACCCCATCTCTACTAAAAATACAAAAATTAGCCGGGCGTGCTGGCATGCACCTGTAATCCCACTTACTCAGGAGGCTGAGGCAGGAGAATCGCTTGAACTCGGGAGGCGGAGGTTGCAGCACCACTGCACTCCAGCCTGGGTGACAGAGCAGGACTCCATCTCGAAAGAAAGAAAGAAAAAAA"
"chr1","24496623","24496932","chr1","24536018","24536323","10","39395","GGCTGGGCGTGGTGGCTCACGCCTGTAATCCTAGCACTTTGGGAGCCTGAGATGGGCAGATCACAAGGTCAGGAGTTCGAGACCAGCCTGGCCAACATGGTGAAACCCTGTCTCTACTAAAAATACAAAAATTAGCCAGACATGGTGGCACATGCCTATAATCCTAGCTACTCAAGAGGCTGAGACAGGAAAATTGCTTGAACCCAGGAGGCAGAGGTTGCAGTGAGCCTAGATTGTGCCACTGCACTCCAGCCTGGGCAACAGAGTGAGACTCCATCTCAAAAAAAAACAAAAAACAAAAAAAAAAAAA","GGCTGGGCGCGGTGGCTCACGCCTGTAATCCTAGCACTTTGGGAGCCTGAGATGGGCAGATCACAAGGTCAGGAGTTCGAGACCAGCCTGGCCAACATGGTGAAACCCCGTCTCTACTAAAAATACAAAAATTAGGCAGACATGGTGGCACATGCCTATAATCCTAGCTATTCAAGAGGCTGAGACAGGAAAATTGCTTGAACCCAGGAGGCAGAGGTTGCAGTGAGCCTAGATTGTGCCACTGCACTCCAGCCTGGGCAACAGAGTGAGACTCCATCTCAAAAAAAAAAAAAAAAAAAAGCAAAA"
"chr1","24515863","24516167","chr12","110336409","110336714","31","85820546","GGCCGGGCGTGGTGGCTCATGCTTGTAGTCCCAGTACTTTGGGAGGCCAAGGCAGGCAGATCACGAGGTCAGGAGTTCCAGACCAGCCTGACCAACATGGTGAAACCCCGTTTCTACTAAAAATACAAAAATTAGCTGGGCGTGGTGGCAGGTGCCTGTAATCCCAGCTACTCAGGAGGCTGAGACAGGAGAATCGCTTGAACCTGGGAGGCAGAGGTTGCAGTGAGCGGAGATTGCGCCAGCGTACTCCAGCCTGGGCAACAGAGCGAGACTCAGTCTCAAGAAAAAAAAAAGAAAGAAAGAAA","GGCCAGGCATGGTGGCTCACGCCTGTAATCCCAGCACTTTGGGAGGCTGAGGTGGGTAGATCACGAGGTCAGGAGATCGAGACCAGCCTGACCAACATGGTGAAACCCCGTCTCTACTAAAAACACAAAAATTAGCTGGGCATGGTGGCATGTGCCTGTAATCCCAGCTACTCAGGAGGCTGAGGCAGGAGAATCGCTTGAACCCAGGAGGCGGAGGTTGCAGTGAGCCGAGATTGCACCGCTGCACTCCAGCCTGGGCAACAGAGCAAGACTCTGTCTCAAAAAAAAAAAAAGAAAGAAAAAAAA"
"chr1","24571195","24571498","chr4","162564365","162564663","36","137993170","GGCTGGGCACGGTGGCTCATGCCTGTAATCCTAGCACTTTGGGAGGCCGAGGCAGGCGGATCACGGGGTCAGGAGTTCAAGACCAGCCTGGCCAACATAGTGAAACCTCGTCTCTACTAAAAATACAAAAATTAGCCAGGCGTGGTAGTGGACAGCTGTAATCCTAGCTACTCAAGAGGTTGAGGCAGGAGAATCACTTGAACTCAGGAGGCAGAGGTTGCTGTGAGTGGAGATCACGCCATTGGACTCCAGCCTGGGTGACAGAGCAAGACTCTGTCTCAAAAAGAAAGAAAGAAAAAAGAAA","GGCCTGGTGCAGTGGCTCATGCCTGTAATCCCAGCACTTTGGGAGGCTGAGGCAGGCAGATCACAAGGTCAGGAGTTCAAGACCAGCCTGGCCAACATGGCGAAAACCCATCTCTACTAAAAATACAAAAATTAGCCAGGCGTGGTGGTGGACACCTGTAATCCCAGCTACTCGAGAGGCTGAGGCAGGAGAATCACTTGAACCTAGGAGGCAGAGGCTGCAGTGAGTGGAGATCACGCCATTTCACTCCAGCCTGGCGACAGAGAGACACTCCATCTCAAAAAAAAAAAAAAAAAGAA"
"chr1","24573309","24573621","chr1","24615993","24616305","7","42684","GGCTGGGCGCAGTGGCTCACTCCTGTAATCCCAGCACTTTGAGAGGCCAAGGTCGTGGATCACGAGGTCAGGAGTTCAAGACCAACCTGGCCAACATGGCGAAACCCTGTCTCTACTAAAAATACAGAAATCAGTCAGGCGTGGCAGTGTGTGCCTGTAATCCCAGCTACTCAGGAGGCTGAGGCAGGAGACTCACTTGAACCTGGGAGGCAGAGGTTGCAGTGAGCTAAGATCGCACCATTGCACTCCAGCATGAGTGACATAGCAAGACTCTGTCCCCCCTACAAAAAAGAAACAAAAACAAAAACAAAAA","GGCTGGGTGCAGTGGCTCACTCCTGTAATCCCAGCACTTTGAGAGGCCAAGGTGGTGGATCACGAGGTCAGGAGTTCAAGACCAACCTGGCCAACATGGCGAAACCCTGTCTCTACTAAAAATACGGAAATCAGTCAGGCGTGGCAGTGTGTGCCTGTAATCCCAGCTACTCAGGAGGCTGAGGCAGGAGACTCGCTTGAACGTGGGAGGCAGAGGTTGCAGTGAGCTAAGATCGCACCATTGCACTCCAGCATGAGCGACATAGCAAGACTCTGTCCCCCCTACAAAAAAGAAACAAAAACAAAAACAGAAA"
"chr1","24599577","24599889","chr12","94938770","94939081","35","70339193","GGCCAGGTGTGGTGGCTCACACCTGTAATCCCAGCACTTTGGGAGGCCAAGGGGGGGGGGGGGGGGGGGGCGGATCACGAGGTCAGGAGTTCGAGACCAGCCTGACCAACATGGGGAAACCCTGTCTCTACTAAAAATACAAAAATTAGCCGGGCGTGATGGCATGTGCCTGTAATCCCAGCTACTCAGGAGGCTGAGGCAGGAGAATTGCTTGAACCCGGGAGGCAGAGGTTTCAGTGAGCCGAGATCGTGCCACTGCACTCTAGCCTGGGCGACAGAGCAAGACTCCTTCTCAAAAACAAACCAAAAAAAA","GGCCAGGTGCGGTGGCTCACACCTGTAATCCCAATACTTTGGGAGGCTGGGGGTGGGGGTGGGGGGGTGGGTGGATCACGAGGTCAGGAGTTCGAGACCAGCCTGACCAACATGGTGAAACCCTGTCTCTACTAAAAATATAAAAATTAGCCGGGTGTGGTGGCACACGCCTGTAATCCCAGCTACTCAGAAGGCTGAGGCAGGAGAATCGCTTGAACCCGGGAGGCAGAGGTTGCAGTGAGCCGAGATCATGCCGCGGCACTCCAGCCTGAGCAACAGAGTGAGACTGCGTCTCAAAAAAAGAAAGAAAAA"
"chr1","24640706","24640989","chr1","24682848","24683131","6","42142","GGCCGGGCACGGTGGCTCACGCCTATAATCCCAGCACTTTAGGAGGCCAAGGCAGGTGGATCACGAGGTCAGGAGTCCCAGACCAGCCTGGCTAACATGGTGAAACCCCATCTCCACTAAAGATAAAAAAAGTAGCCGGACTTGGTGGCGGGCGTCTGTAATCCCAGCTCCCAATTTGGGAGGCTGAGGCAGGAGAATTCCTTGAAACTGAGAGGTGGAGGTTGCAGTGAGCCGAGATCCTGCCACTGCACTCCAACCTGGGCAGACAGAGCAAGACCCCATCT","GGCCGGGCACGGTGGCTCACGCCTATAATCCCAGCACTTTAGGAGGCCAAGGCAGGTGGATCACGAGGTCAGGAGTTCCAGACCAGCCTGGCTAACATGGTGAAACCCCATCTGCACTAAAGATAAAAAAAGTAGCCGGACTTGGTGGCGAGCGTCTGTAATCCCAGCTCCCAACTCGGGAGGCTGAGGCAGGAGAATTCCTTGAAACTGAGAGGTGGAGGTTGCAGTGAGCCGAGATCCTGCCACTGCACTCCAGCCTGGGCAGACAGAGCAAGACCCCATCT"
"chr1","24661808","24662108","chr1","24703965","24704266","1","42157","GACTGGGCGCAGTGGCTCACACCTGTAGTCCCAGCACTTTGGGAGGCCGAGGTGAGCAGGCCGAGATCAGGAGTTCAAGACCATCCTGGCCAATAGGGCGAAACCCCATCTCTACGAAAAATACAAAAATTAACCGGGCATAGTGGCGCACACCTGTAATCCCAGTTACTTGGGAGGCCCAGGCAGGAGAATCCCTTGAACCCAGGAGGCAGAGGTTGCAGTGAGTGAGCTGAGATCGCGCCACTGCACTCCAGCCTGGGAGCCTGGGCAACAGAGCAAGGCTTTGTTTCCACAAAAAAAA","GACTGGGCGCAGTGGCTCACACCTGTAGTCCCAGCACTTTGGGAGGCCGAGGTGAGCAGGCCGAGATCAGGAGTTCAAGACCATCCTGGCCAATAGGGCGAAACCCCATCTCTACGAAAAATACAAAAATTAACCGGGCATAGTGGCGCACACCTGTAATCCCAGTTACTTGGGAGGCCCAGGCAGGAGAATCCCTTGAACCCAGGAGGCAGAGGTTGCAGTGAGTGAGCTGAGATCGCGCCACTGCACTCCAGCCTGGGAGCCTGGGCAACAGAGCAAGGCTTTGTTTCCACACAAAAAAA"
"chr1","24683424","24683712","chr1","24725230","24725518","3","41806","GGCCGGGCGCGGTGGCTCATGACTGCAACCCCAGCACTTTGGGAGGCCGAGGCGGGCAGATCATGAAGTCAGGAGTTCAAGACCAGCCTGCTCAACATGGTGAAACCCCATCTCTACTAAAAAATACAAAAATTAGTTGGGCGCAGTGGTGCACTCCTGTAATCCCAGCTACTCGGGAGGCTGAGGCAGGGGAATCGCTTGTACCGGGGGAGCGGAGGTTGCAGTGAGATCAGGCCACTGCACTCCAGCCTGAGCAACAGAGTGAGACTCCGTCTCAAAGAAAAAAAAA","GGCCGGGCGCGGTGGCTCATGACTGCAACCCCAGCACTTTGGGAGGCCGAGGCGGGCAGATCATGAAGTCAGGAGTTCAAGACCAGCCTGCTCAACATGGTGAAACCCCATCTCTACTAAAAAATACAAAAATTAGTTGGGCGCAGTGGTGCACTCCTGTAATCCCAGCTACTCGGGAGGCTGAGGCAGGGGAATCGCATGTACCCGGGAAGCGGAGGTTGCAGTGAGATCAGGCCACTGCACTCCAGCCTGAGCAACAGAGTGAGACTCCGTCTCAAAGAAAAAAAAA"
"chr1","24684679","24684970","chr1","24726490","24726780","3","41811","GACCAGGCACAGTGGCTCACGCCTGTAATCCTAGCACTTTGGGAGGCTGAGGTGGGCAGATCATGAGGTCAGGAGTTCAAGACCAGCCTGACCAACATGGTGAAACCCTGTCTCTACTAAAAACACAAAAATTAGCCAGGTGTGGTGGCAAGCGCCTGTAATCTCAGCTACTCAGGAGGCAGAGGCAGGAGAATTGCTTGAACCCGGGAGGTGAAGTTTGCAGTGAGACGAGATTGTACCACTGTATGCCAGCCTGGGTAACACGGTGAGGCTCCGTCTCAAAAAAAAAAAA","GACCAGGCACAGTGGCTCACGCCTGTAATCCTAGCACTTTGGGAGGCTGAGGTGGGCAGATCATGAGGTCAGGAGTTCAAGACCAGCCTGACCAACATGGTGAAACCCTGTCTCTACTAAAAACACAAAAATTAGCCAGGTGTGGTGGCAAGCGCCTGTAATCTCAGCTACTCAGGAGGCAGAGGCAGGAGAATTGCTTGAACCCGGGAGGTGAAGTTTGCAGTGAGACGAGATTGTACCACTGTATGCCAGCCTGGGTAACACGGCGAGACTCCGTCTCAAAAAAAAAAA"
"chr1","24707208","24707499","chr1","24749331","24749622","1","42123","GGCCAGGAGCTGTGGCTCACGCTTGTAACCTCAGCACTTCAGGAGGCCAAGATGGGTGGATCACAAGGTCAGGAGTTCGAGACCAGCCAGACCAACATGGTGAAACTCTGTCTCTACTAAAAATACAAAAATTAGCTGGGACTGGTAGCAGGTGCTTGCAATCCCAGCTACTCAGGAGACTGAGGCAGGAGAATCGCTTTAACCTGGGAGGCGGAGGTTGCCACGAGCTGAGATCATGCCACTGCACTACAGCCTGGGTGACAGAACGAGACTCCGTCTGAAAAAAAAAAAA","GGCCAGGAGCTGTGGCTCACGCTTGTAACCTCAGCACTTCAGGAGGCCAAGATGGGTGGATCACAAGGTCAGGAGTTCGAGACCAGCCAGACCAACATGGTGAAACTCTGTCTCTACTAAAAATACAAAAATTAGCTGGGACTGGTAGCAGGTGCTTGCAATCCCAGCTACTCAGGAGACTGAGGCAGGAGAATCGCTTTAACCTGGGAGGCAGAGGTTGCCACGAGCTGAGATCATGCCACTGCACTACAGCCTGGGTGACAGAACGAGACTCCGTCTGAAAAAAAAAAAA"
"chr1","24723750","24724037","chr1","24765887","24766174","4","42137","GGCTGGGCACACTGGCTCACGCCTGTAATCCCAGAACTTTGGGAGGCCGAGGCGGCAGATCACGAGGTCAGGAGTTCGAGACCAGCCTGACCAACATGATGAAACCCCGTCTCTACTAAAAAATACAAAAATTAGCTGGGTGTGGTGGTGTGCGCCTGTAATCCCAACTACTCAGGAGGCTGAAGCAGGAGAATCTCTTGAACCCAGGAGGCAGAGGTTGCAGTCAGCCGAGATCGCACCACTGCACTCCAGCCTGGGCTGGAACAAGACTCCATTTAAAAAAAGAAA","GGCTGGGCACACTGGCTCACGCCTGTAATCCCAGAACTTTGGGAGGCCGAGGCCACAGATCACGAGGTCAGGAGTTCAAGACCAGCCTGACCAACATGATGAAACCCCGTCTCTACTAAAAAATACAAAAATTAGCTGGGTGTGGTGGTGTGCGCCTGTAATCCCAACTACTCAGGAGGCTGAAGCAGGAGAATCTCTTGAACCCAGGAGGCAGAGGTTGCAGTCAGCCGAGATCGCACCACTGCTCTCCAGCCTGGGCTGGAACAAGACTCCATTTAAAAAAAGAAA"
"chr1","24755133","24755263","chr1","24796910","24797040","2","41777","CCAGGAGTGGTAGCTCACGCCTGTAATCCCAGTACTTTGGGAGGCCGAGGCGGGCAGATCATGAGGTCAGGAGTTCAAGACAAGCCTGACCAACATGGTGAAACCCCATCTCTACTAAAAATACAAAAATT","CCAGGAGTGGTAGCTCACGCCTGTAATCCCAGTACTTTGGGAGGCCGAGGTGGGCAGATCATGAGGTCAGGAGTTCAAGAGAAGCCTGACCAACATGGTGAAACCCCATCTCTACTAAAAATACAAAAATT"
"chr1","24777264","24777534","chr1","24819066","24819356","23","41802","GGCCAGGCACGGTGGCTCACGCCTATAATGCTAGCACTTTGGGAGGCCAGGGCGGGCGGATCAAGAGGTCAGGAGTTCAAGACCAGCCTGACCAACATGGTGAAACCCTGTCTCTACTAAAAATACAAGAATTAGTCAGGCGTGGTGGCATGTGCCTGTAATCCCAGCTACTCGGGAGGCTGAGGCAGGAGAATCGCTTGAACCTGGGAGGTGGAGGTTGCAGTGAGCCGAGATCACGCCGCTGCACTCTAGCCTGGGTGATAGAGCAAAA","GGCCGGGCACAGTGGCTCACGCCTATAATGCTAGCACTTTGGGAGGCCAGGGCGGGCGGATCAAGAGGTCAGGAGTTCAAGACCAGCCTGACCAACATGGTGAAACCCTGTCTCTACTAAAAATACAAGAATTAGTCAGGCGTGGTGGCATGTGCCTGTAATCCCAGCTACTCGGGAGGCTGAGGCAGGAGAATCGCTTGAACCTGGGAGGTGGAGGTTGCAGTGAGCCGAGATCACGCCGCTGCACTCTAGCCTGGGTGATAGAGAAAAAAAAAAGAAAAAAAGAACAAA"
"chr1","24787846","24788151","chr1","24829639","24829944","5","41793","GGCCAGGCGCAGTGGCTCATGCCTGTAATCCCAGCACTTTGGGAGGCCGAGGCAGGCAGATCACGAGGTCAGGAGTTTGAGACCAGCCTGACCAACATGGTGAAACCGTCTCTACTAAAAATACAAAAATTAGCTGGGCGTGCTGGTACGTGCCTGTAATCCCAGCTACTTGGGAAGCTGAGGGAGGAGAATCACTTGAACTTGGGAGGCGGAGGTTGCAGTGAGCCAAGATCATGCCACTGCACTCCAGCCTGGGCAACAGAGCAAGACTCTGTCTCTCCCAAAAAAAAAAAAAAAAAAAAAAAA","GGCCAGGCGCAGTGGCTCATGCCTGTAATCCCAGCACTTTGGGAGGCCGAGGCAGGCAGATCACGAGGTCAGGAGTTTGAGACCAGCCTGACCAACATGGTGAAACCGTCTCTACCAAAAATACAAAAATTAGCTGGGCATGCTGGTACATGCCTGTAATCCCAGCTACTTGGGAAGCTGAGGGAGGAGAATCACTTGAACTTGGGAGGCGGAGGCTGCAGTGAGCCAAGATCATGCCACTGCACTCCAGCCTGGGCAACAGAGCAAGACTCTGTCTCTCTCAAAAAAAAAAAAAAAAAAAAAAAA"
"chr1","24795574","24795867","chr1","24837381","24837675","7","41807","GGCTGGGCGCAGTGGCTGACTCCTGTAATCCCAGCACTTTGGGAGGCCAAGGCGGGCAGATCACAAGGTCGGGAGTTTGAGACCAGCCTGACCAACATAGTGAAACTCCGTCTCTACGAAAAATACAAAAATTAGCCAGGCGTTGTGGCGCATGCCTATATCCCAGCTACCCGGGGGGCTGAGACAGGAGAATTGCTTGAACCCGGGAGGTGGAGGTTGCGGTGAGCCGAGATCGTGCCACTGCACTCCAGCCTGGGCGACAAAGTGAGACTCCATTTCAAAAATAAAAATAAA","GGCTGGGCACAGTGGCTCACTCCTGTAATCCCAGCACTTTGGGAGGCCAAGGCGGGCAGTTCACAAGGTCGGGAGTTTGAGACCAGCCTGACCAACATAGTGAAACTCCGTCTCTACGAAAAGTACAAAAATTAGCCAGGCGTTGTGGCGCATGCCTATAATCCCAGCTACCCTGGGGGCTGAGACAGGAGAATTGCTTGAACCCGGGAGGTGGAGGTTGCGGTGAGCCGAGATCGTGCCACTGCACTCCAGCCTGGGCGACAAAGTGAGACTTCATTTCAAAAATAAAAATAAA"
"chr1","24813032","24813340","chr1","24854281","24854588","7","41249","GCCGGGCACGGTGGCTCACGGCTGTAATCCCAGCACTTTGGGAGGCCAAGGCAGGAGGATCACGAGGTCAGAAGTTTGAGACCAGCCTGACCAACATGGTGAAACCCCATCTCTACTAAAAATACAAAAGTTAATTGGGCGTGGTGGCATGTGCCTGTAATCCCAGCTACTCAGGAGGCTGAGGCAGGAGAATCGCTTGAATCCCGGAAGCAGAGGCTGCAGTCAGCAGAGATCTCACCACAGCACTCCAGCCTGGGCGACAGAGCAAGACTCCATCTTAAAAAAAAAAAAAAAGAAAGAAAGAAAGAA","GCCGGGCACGGTGGCTCACGCCTGTAATCCCAGCACTTTGGGAGGCCAAGGCAGGAGGATCACGAGGTCAGAAGTTTGAGACCAGCCTGACCAACATGGTGAAACCCCATCTCTACTAAAAATACAAAAGTTAATTGGGCGTGGTGGCATGCGCCTGTAATCCCAGCTACTCAGGAGGCTGAGGCAGGAGAATCGCTTGAATCCCGGAAGCAGCGGCTGCAGTCAGCAGAGATCTCACCACAGCACTCCAGCCTGGGCGACAGAGCAAGACTACATCTTAAAAAAAAAAAAAAAAAGAAAGAAAGAAA"
"chr1","24852636","24852937","chr1","24891928","24892227","6","39292","GGCCGGGCGCGTTGGCTCACACCTGTAATCTCAGCACTTTGGGAGGCTGAAGCAGGCAGATCATGAGGTCAGGAGTTTGAGACCAGCCTGGCCAAAATAATGAAACCTCATCTCTACTAAATATGCAAAAATTAGCCAAGCATGGTAGCGCACACCTCTAGTCCCAGCTACTTGGGAGGCTGAGGAAGGAGAATTGTTTGAAAGAGGGAGGCGGAGGTTGCAGTGAGCCGAGATCATGCTGCTGCACTCCAGCCTGGGCAACAGAGTGAGACTCCATCTCAAAAAAAAAGAAAAAAAAAAAA","GGCCGGGCGCGTTGGCTCACACCTGTAATCTCAGCACTTTGGGAGGCTGAAGCAGGCAGATCATGAGGTCAGGAGTTTGAGACCAGCCTGGCCAAAATAATGAAACCTCATCTCTACTAAATATGCAAAAATTAGCCAAGCATGGTAGCGCACGCCTCTAGTCCCAGCTACTTGGGAGGCTGAGGAAGGAGAATTGTTTGAAAGAGGGAGGCAGAGGTTGCAGTGAGCCGAGATCATGCTGCTGCACTCCAGCCTGGGCAACAGAGCCAGACTCCATCTCAAAAAAAAGAAAAAAAAAAA"
"chr1","25102047","25102351","chr1","25146898","25147186","19","44851","GGACAGGCACAGTGGCTCACGCCTGTAATCCCAGCACTATGGGAGGCCGAGGTGGGTGGATCATGAGGTCAGGAGTTTGACACCAGCCTGGCCAACATGGTGAAACCCTGTCTCTACTAAAAATACAAAAATTAGCCAGGCATGGTGGCACACACCTGTAATTCCAGCTGCTCAGGAGGCTGAGGCAGGAGAATTGCTTGAACCTGGGAGGTGGAGATTGCAGCGAGCTGAGATCACGCTATTGCACTTCAGCCTGGGCGACAGAGCAAGACTCTGTCCCCCAAAAGAATCAGATAGGAAAGAAA","GGACAGGCACAGTGGCTCACGCCTGTAATCCCAGCACTATGGGAGGCCGAGGTGGGTGGATCATGAGGTCAGGAGTTTGACACCAGCCTGGCCAACATGGTGAAACCCCGTCTCTACTAAAAATACAAAAATTAGCCAGGCATGGTGGCACACACCTGTAATTCCAGCTGCTCAGGAGGCTGAGGCAGGAGAATTGCTTGAACCTGGGAGGTGGAGATTGCAGCGAGCTGAGATCGCGCTATTGCACTCCAGCCTGGGCGACAGAGCAAGACTCTGTCCCCCAAAAAAA"
"chr1","25121295","25121594","chr4","47777541","47777834","26","22656246","GGCCGGGTGTGGTGGCTCACGCCTGTAATCCCAGCACTTTGGGAGGCCGAGGTGGGCGGATCACGAGGTCAGGAGTTCGAGACCAGCCTGGCCAACATAGTGAAACCCTGTCTCTACTAAAAGTACAAACAATTAGCCAGGCGTGGTGGCAGGCACCTGTGATCCCAGCTAGTCGGGAGGCTGAGGCAGGAGAATCGCTTGAACCCGGGAGGCAGAGGTTGCAGTGAGCTGAGATCACGCCATTGTACCACTCCAGCCTGGGTGACAGTGTGAGACTCCGTCTCAAAAAAAAAAAAAAAA","GGCCAGGCGTGGTGGTACGCCTGTAATCCAGGCACTTTGGGAGGCCAAGGTGGGCGGATCACGAGGTCAGGAGTTCAAGACCAGCCTGACCAACACAGTGAAACCCCGTCTCTACTAAAAATACAAAAATTAGCCAGGCGTGGTGGCGTGCACCTGTAATCCCAGCTACTAGGGAGGCTGAGGCAGGAGAATCGCTTGAACCCAGGAGGCAGAGGTTGCAGTGAGCTGAGATCGCACCATTGCACTCCAGCCTGGGTGACAGAGTGAGACTCTGTCTCAAAAAAAAAAAAAAAA"
"chr1","25142913","25143220","chr1","25188294","25188604","6","45381","GGCCCGGCCTGGTGGCTCACGCCTGTAATCTCAGCACTTTGAGAGGCCGAGGCGGGCGGATCACGAGGTCAGGAGTTCGAGACCAGCCTGGCCAACATGATGAAACCCCGTCTCTACTAAAAATACAAAAATTAGTCGGGCATGGTGACACGCACCTGTAATCCCAGCTACTCAGGAGGCTGAGGCAGGAGAATCGCTTGAACCAGGGAGGCGGAGGTTGCAGTGAGCCAAGATCCCGCTACTGCACTCCAGCCTGAGCAACAGAGCGAGACTCCGTCTCAAAACAAAACAAACAAACAAACAAAAAA","GGCCCGGCCCGGTGGCTCACGCCTGTAATCTCAGCACTTTGAGAGGCCGAGGCAGGCGGATCATGAGGTCAGGAGTTCGAGACCAGCCTGGCCAACATGATGAAACCCCGTCTCTACTAAAAATACAAAAATTAGTCGGGCATGGTGACACGCACCTGTAATCCCAGCTACTCAGGAGGCTGAGGCAGGAGAATCGCTTGAACCAGGGAGGCGGAGGTTGCAGTGAGCCAAGATCCCGCTACTGCACTCCAGCCTGAGCAACAGAGCGAGACTCCGTCTCAAAACAAAACAAACAAACAAACAAAAAACAA"
"chr1","25184661","25184958","chr1","25225723","25226023","7","41062","GGCCAGACGCGGTGGTTTACACCTGTAATTCCAGCACTTTGGGAGGCTGAGGCAGGCAGATCACGAGGTCAGGGGTTAGAGACCAGTCTGGCCAACATGGTGAAACCCCATCTCTACTAAAAATACAAAAATTAGCTGGGCATGGTGGTGCGCGCCTGTAGTCCCAGCTACTCGGGAGGCTGAGGCAGGAGAATCACTTGAACCCGAGAGGCGGAGATTGCAGTGAGCCATGATCGCGCCACTGCACTCCAGCCTGGTGACAGAGCGAGACTCCATCTCAAAAAAAAAAAAAAAAAAA","GGCCAGACGTGGTGGTTTACACCTGTAATTCCAGCACTTTGGGAGGCTGAGGCAGGCAGATCACGAGGTCAGGGGTTAGAGACCAGTCTGGCCAACATGGTGAAACCCCATCTCTACTAAAAATACAAAAATTAGCTGGGCATGGTGGTGCGCGCCTGTAGTCCCAGCTACTCGGGAGGCTGAGGCAGGAGAATCACTTGAACCCGGGAGGTGGAGATTGCAGTGAGCCGTGATCGCGCCACTGCACTCCAGCCTGGTGACAGAGCGAGACTCCATCTCAAAAAAAAAAAAAAAAAAAAAA"
"chr1","25189392","25189694","chr10","92533044","92533345","34","67343652","GGCCGGGCGCGGTGGCTCATGCCTGTGATTCCAGCACTTTGGGAGGCCACGGTGGGCAGATCATGAGGTCAGGAGTTTGAGACCAGCCTGGCCAACATGGTGAAACCCCGTCTCTACTAATAGTACAAAAATTAGCCGGGCGTGGTGGCGCATGCCTGTAATCTCAGCTACTCGGGAGGCTGAGGCAGGAGAATCACTTGAATCTGGGAGGCGGAGGTTGTGGTGAGCCGAGATTGTGCCATTGCACTCCAGCCTGGGCAACGAGAGCAAAACTCCGTCTCAAAACAAACAAACAAACAAAAA","GGCTGGGCGCGGTGGCTCACGCCTGTAATCCCAGCACTTTGGGAGGCCGAGTTGGGCAGATCATGAGGTCAGGAGTTCGAGACCAGCCTGACCAACATGGTGAAACCCCGTCTGTACTAAAAATACAAACATTAGCCGGGCAGGGTGGCACATGCCTATAATCCCAGCTACTCAGGAGGCTGAGGCAGGAGAATCACTTGAACCCGGGAGGCAGAGGTTGCAGTGAGCCAAGATTGCACCACTGCACTCCAGCCTGGGTGACAGAGCAAGACTCCGTCTCAAAAACAAACAAACAAAAAAAA"
"chr1","25221107","25221349","chr1","25262466","25262708","7","41359","AGGCCGAGGCAGGTAGATGACAAGGTCAGGAGTTCAAGACCAGCCTGACCAACATGGTGAAACCCCGTCTCTACTAAAAATAGAAAAATTAGCCAGGCGTGGTGGTGCAAGCCTGTAGTCCCAGCTACTCAGGAGGCTGAGGCAGGAGAATCACTTGAATCTGGGAGGCGGAGGTTGCAGTGAGCTGAGATCCTGCCACTGCATTGCAGCCTGGGCAACAGTGCGAGACTCTCTCAAAAAAAA","AGGCCGAGGCAGGTAGATCACAAGGTCAGGAGTTCAAGACCAGCCTGACCAACATGGTGAAACCCCATCTCTACTAAAAATAGAAAAATTAGCCAGGCGTGGTGGCGCAAGCCTGTAGTCCCAGCTACTCAGGAGGCTGAGGCAGGAGAATCGCTTGAACCTGGGAGGTGGAGGTTGCAGTGAGCTGAGATCATGCCACTGCATTGCAGCCTGGGCAACAGTGCGAGACTCTCTCAAAAAAAA"
"chr1","25225578","25225870","chr1","25268716","25269012","16","43138","GGCCAGGCGCAGTGGCTCACGCCTGTAATCCCAGCACTTTGGGAGGCTGAGGTGGGCGGATCACAAGGTCAGGAGTTTGAGACCAGCCTGGCCAACATGGTGATACCCCATCTCTACTAAAAATACAAAAATTAGCTGGGCGTGGTGGCAGATGCCTGTAATCCCAGCTACTTGGGAGGCTGAGGCAGGAGAATTGCTTGAACCCGGGAGGCGGAGGTTGCAGTGAGCCGAGATCACGCCACTGCACTCTAGCCCAGGCGACAGTGCAAGACTCTGTCTCAAAAAAAAAAAAA","GGCCAGGGGCAGTGGCTCACGCCTGCAATCCCAGCACTTTGGGAGGCTGAGGCAGGCGGATCACAAGGTCAGGAGTTTGAGACCAGCCTGGCCAACATGGTGAAACCCCATCTCTACTAAAAATACAAAAATTAGCTTGGCGTGGTGGCAGATGCCTGTAATCCCAGCTACTTGGGAGGCTGAGGCAGGAGAATTGCTTGAACCCGGGAGGCGGAGGATGCAGTGAGCCGAGATCACGCCACTGCATTCTAGCCCAGGCGACAGTGCAAGACTGTCTCAAAAAAAAAAAAAAAAAAA"
"chr1","25242816","25243108","chr1","25285981","25286274","10","43165","GCTGGGCGCGGTGGCTCACGCCTGTAATCCCAGCACTTTGGAAGGCTGACACGGGCGGATCACGAGGTCAGATGTAGACCATCCTGGCCAACATGGTGAAACCCTGTCTCCTAAAAATACAAAAATTAGCCGGGCGTGGTGGCATGCGCCAGTAGTCTCAGCTACTCGGGAGGCTGAGGCAGGAGAATCGCTTGAACCCAGGAGGCAGGCAGAAGCTGCAGTGAGCCAAGATTGCACCACTACACTCCAGCCTGGGCAACAGAGCAAGACTCTGTCTCAAAACAAAAAAAAAA","GCTGGGCGTGCTGGCTCACGCCTGTAATCCCAGCACTTTGGGAGGCTGACAAGGGCGGATCACGAGGTCAGATGTAGACCATCCTGGCCAACATGGTGAAACCCTGTCTCCTAAAAATACAAAAATTAGCCGGGCGTGGTGGCATGCGCCAGTAGTCTCAGCTACTCGGAAGGCTGAGGCAGGAGAATCGCTTGAACCCAGGAGGCAAGCAGAGGCTGCAGTGAGCCAAGATTGCACCACTACACTCCAGCCTGGGCGACAGAGCAAGACTCTGTCTCAAAAAAAAAAAAAAAA"
"chr1","25250729","25251040","chr1","25293645","25293955","7","42916","GGCCAGGCGCGGTGGCTCACGCCTGTAATCCCAGCACTTTGGGAGGCCAAGGCAGGCGGATCACCAGGTCAGGCATTTGAGACCAGCCTGGTCAACTTGGTGAAACCCCATCTCTACTAAAAACACAAAAATTAGCCGGGCGAGGTGGCGTCCGCCTGTAATCCCAGCTACTCAGGAGGCTGAGGCAAGAGAATCACTTGAATCCAGGAGGCGGAGGTTGCAGTGAGCTGAGATCACACCACTGCACTTCAGCCTGGGCAACACAGCGAGACTCCAACTCAAAGAAAAAAATAATTAAAAAAAAAAAAGAAA","GGCCAGGCGCGGTGGCTAACGCCTGTAATCCCAGCACTTTGGGAGGCCAAGGCAGGCGGATCACCAGGTCAGGTATTTGAGACCAGCCTGGTCAACATGGTGAAACCCCATCTCTACTAAAAATACAAAAATTAGCCGGGTGAGGTGGCGTCCGCCTGTAATCCCAGCTACTCAGGAGGCTGAGGCAAGAGAATCACTTGAATCCAGGAGGCGGAGGTTGCAGTGAGCTGAGATCACACCACTGCACTTCAGCCTGGGCAACACAGCGAGACTCCATCTCAAAGAAAAAAATAATTAAAAAAAAAAAGAAA"
"chr1","25258184","25258477","chr1","25303558","25303866","18","45374","GGCTGGGCACGGTAGCTCACACCTGTAATCCTAGCACTTTGGGAGACCCAGGCAGGTGGATCACAGCGTCAGGAGTTCAAGACCAGCCTGGCCAACATGATGAAACCCAATCTCTACAAAAAATACAAAAATTAGCCGGCATGGTGGTGCACATCTGTAATCCCAGCTACTCAGGAGACTGAGGCAGGAGAATCACTAGAACCTGGGAGGCGGATGTTGCAGCGAGCCGAGATTGTGCCACTGCACTCCAGCTTGGGCAACAGATCGAGACTCTGTCTCAAATAAATAAATAAA","GGCTGGGCACGGTAGCTCACACCTGTAATCCCAGCACTTTGGGAGACCCAGGCAGGTGGATCACAGCGTCAGGAGTTCAAGACCAGCCTGGCCAACATGATGAAACCCAATCTCTACAAAAAATACAAAAATTAGCCAGCATGGTGGTGCACATCTGTAATCCCAGCTACTCAGGAGACTGAGGCAGGAGAATCACTAGAACCTGGGAGGCGGATGTTGCAGCAAGCCGAGATTGTGCCACTGCACTCCAGCTTGGGCAACAGATCGAGACTCTGTCTCAAATAAATAAATAAATAAATAAATAAATAA"
"chr1","25452699","25452994","chr1","12774458","12774751","25","12678241","GGCCAGGCGTGGTGGCTCATGCTTGTAATCCCAGCACTTTGGGAGGCCAAGGTGGGTGGATCACGAGGTCAGGAGTTCAAGACCAGCCTGACTAACATGGTGAAACCCCATCTCTACTAAAAACACAAAAATTAGCTGGGCATGGTGGTGCACACCTGTAATTCCAGTTACTCGGGAGGCTGAGGCAAGGGAATTGCTTGAACCCAGGAGGCGGAGGTTGCAGTGAGCCGAGATTGCGCCACTGCACTCAAGCCTGGGCAACAGAGCGAGACTCTGCCTCAAAAAAAAAAAAAAAA","GGCCAGGCGCGGTGGCTCACGCCTGTAATCCCAGCACTTTGGGAGGCAGAGGTGGGTGGATCACGAGGTCAGGAGTTCAAGACCAGCCTGACCAACATGGTGAAACCCGTTCTCTACTAAAAATACAAAAATTAGCTGGGCATGGTGGTGCACACCTGTAATCCCAGCTACTAGGGAGGCTGAGGCAGGAGAATCACTTGAACCCGGGAGGCAGAGGTTGCAGTGAGCTGAGATTGCGCCACTGCACTCCAGCCTGGGCAACAAAGTGAGACTCTGTCTCAAAAAAAAAAAAAA"
"chr1","25538928","25539225","chr3","81605666","81605963","11","56066738","GGCTGGGCATGGTGGCTCATGCTTGTAATCCCAGCACTTTTGCAAGGCCGAGGCAGGCGGATCACGAGGTCAGGAGTTCGAGACCAGCCTGATCAACATGGTCAAACCCCTGTCTCTACTGAAAATACAAAAATTAGCTGGACGTGGTGGTGGGTGCCTGTAATCCTAGCTACTCAGGAGGCTGAGGCAGGAGAATCACTTGAACCTGGGAGGCGGAGGTTGCAGTGAGCCGAGATGGCACCACTGCACTCCAGCCTGGGCAACAGAGCTAGACTCCAACTCAAAAAAAAAAAAAAGA","GGCTGGGCATGGTGGCTCATGCTTGTAATCCCAGCACTTTGCGAGGCCAAGGCAGGCGGATCACGAGGTCAGGAGTTCGAGACCAGCCTGATCAACATGGTCAAACCCCTCTCTCTACTAAAAATACAAAAATTAGCTGGGCATGGTGGTGGGTGCCTGTAATCCTAGCTACTCAGGAGGCTGAGGCAGGAGAATCACTTGAACCTGGGAGGCGGAGGTTGCAGTGAGCCGAGATGACACCACTGCACTCCAGCCTGGGCAACAGAGCTAGACTCCATCTCAAAAAAAAAAACAAAAA"
"chr1","25690289","25690589","chr1","25681270","25681574","5","9019","GCCGGGCGCAGTGGCTCATGCCTGTAATCCCAGCACTTTGGGAAGCCGAGGAGGGAAGATCACAAGGTCAGGAGTTTGAGACAAGCCTGACCAACATGGTGAAACCCCGTCTCTACTGAAAATACAAAAATTAGCCGGACGTGGTGGCACACGCCTCTAATCCCAGCTACTCAGGAGGCTGAGGCAGGAGAATCACTTGAACCTGGGAGGCAGCGGCTGAAGTGAGCTGAGATCGCACTACTGCACTCCAGCCTGGGCGACAGAACAAGACTCCATCTCAAAAAAAAAAAAAAAAAAAAAA","GCCGGGCGCAGTGGCTCATGCCTGTAATCCCAGCACTTTGGGAAGCCGAGGAGGGAAGATCACAAGGTCAGGAGTTTGAGACAAGCCTGACCAACATGGTGAAACCCCGTCTCTACTGAAAATACAAAAATTAGCCGGACGTGGTGGCACACGCCTCTAATCCCAGCTACTCAGGAGGCTGAGGCAGGAGAATCACTTGAACCTGGGAGGCAGAGGCTGAAGTGAGCTGAGATCGCACTACTGCACTCCAGCCTGGGCGACAGAACAAGACTCCATCTCAAAAAAAAAAAAAAAAAAAAAAAAAA"
"chr1","25698670","25698964","chr1","25689661","25689954","7","9009","GGCCGGGTGCAGTGGTTCATGCCTGTAATCCCAGCACTTTGGGAGGTGGAGACAGGCAGATCACAAGGTCAGGAGTTTGAGACCAGCCTGGCCAGCATGGTAAAACCCCGTCTCTACTAAAAATACAAAATTAGCTGGGCATGGTGGCATGCATCTGTAACCCCAGCTACTTGGGAGGCTAGGCAGGAGAATTGCTTGAACCCTGGAGGCGGAAGTTGCAGTGAGTGGAGATCGCGCCACTGCACTCCAGCCTGGGAGACAGAGCAAGACTCTGTCTTGGAAAAAAAAAAAAAAA","GGCCGGGTGCAGTGGTTCATGCCTGTAATCCCAGCACTTTGGGAGGTGGAGACAGGCAGATCACAAGGTCAGGAGTTTGAGACCAGCCTGGCCAGCATGGTAAAACCCCATCTCTACTAAAAATACAAAATTAGCCGGGCATGGTGGCGTGCATCTGTAACCCCAGCTACTTGGGAGGCTGAGGCAGGAGAATTGCTTGAACCCTGGAGGCGGAAGTTGCAGTGAGTGGAGATCGTGCCACTGCACTCCAGCCTGGGAGACAGAGCAAGACTCTGTCTTGGAAAAAAAAAAAAA"
"chr1","25764808","25765063","chr1","25757284","25757557","21","7524","GGGAGGCCGAGGCAGGCGGATCACGAGGTCAGGAGTTCTAGACCAGCCTGGCCAACATGGCGAAACCCTGTCTCTACTAAAAATACAAAAAGTAGCTGGGTGTGGTGGCACGTGTCTCTAGTCCCAGCTACTCAGGAGGCTGAGGCAGGAGAATCGCTTGAACCCGGGAGGCGGAGGTTGCAGTGAGCCAAGACCGCACCACTGCACTTCAACCTGGGCGACAGAGCAAGACTCCGTCCCAAAAAAAAACAAAAGA","AGTCCAAGCACCTGACGGGAGGCCGAGGCAGGCGTCTCACAAGGTCAGGAGTTCTAGACCAGCCTGGCCAACATGGCGAAACCCTGTCTCTACTAAAAATACAAAAAGTAGCTGGGTGTGGTGGCACGTGTCTCTAGTCCCAGCTACTCAGGAGGCTGAGGCAGGAGAATCGCTTGAACCCGGGAGGCGGAGGTTGCAGTGAGCCAAGACCGCACCACTGCACTTCAACCTGGGCGACAGAGCAAGACTCCGTCCCAAAAAAAAAAACAAAAGA"
"chr1","25878489","25878795","chr1","25872443","25872750","7","6046","GGCTGGGTATGGTGGCTCACGCTAGTAATCCCAGCACTTTGGGAGGCTGAGGCAGGTGGATCACAAGGTTGGGAGTTCGAGATCAGCCTGGCCAACATGGTGAAACCCTGTCTCTACTAAAAATAAAAAATTAGCTGGGCATGGTGGCAGGTGCCTGTAATCCCAGCTACTCGGGAGGCTGAGGCAGGAGAATTGCTTGAATCCAGGAGGTGGAAGTTGCTGTGAGCCAAGATTGTACCACTGTACTCCAGCCTGGGCGACAGAGCTAGACTCCCTCAAAAAAAAAAAAAAGAAAAAAAGAAAGAAA","GGCTGGGTATGGTGGCTCACGCTAGTAATCCCAGCACTTTGGGAGGCTGAGGCAGGTGGATCACAAGGTTGGGAGTTCAAGATCAGCCTGGCCAACATGGTGAAACCCTGTCTCTACTAAAAATAAAAAATTAGCTGGGCATGGTGGCAGGTGCCTGTAATCCCAGCTACTCGGGAGGCTGAGGCAGGAGAATTGCTTGAATCCAGGAGGTGGAAGTTGCTGTGAGCCGAGATTGTACCACTGTACTCCAGCCTGGGCGACAGAGCTAGACTCCCTCTCAAAAAAAAAAAAAAAAGAAAAGAAAAAAA"
"chr1","25897034","25897338","chr1","25891386","25891687","10","5648","GCCAGGCGCGGTGGCTCATGCCTGTAATGCCAGCACTTTGGGAGGCTGAGGCAGGCAGATCATGAGGTCAAGAGTTCAAGACCAGCCTGGCCAACGTGGTGAAACCCTGTCTCTACTAAGAATACAAAAATTAGCCAGGCACGGTGGTGCACGCCTGTAATCCCAGCTACTTGGGAGGCTGAGGCAGGAGAATCGCTTGAACTGGGGAGGCGGAGGTTGCAGTGAGCCAAGATCGTGCCACTGCACTCCAGCCTGGGCAACAGAGCAAGACTGTCTCGAAAAAAAAAAAAAAAGAAAAGAAAAAA","GCCGGGCGCGGTGGCTCATGCCTGTAATCCCAGCACTTTGGGAGGCCGAGGCAGGCAGATCATGAGGTCAAGAGTTCAAGACCAGCCTGGCCAACATGGTGAAACCCTGTCTCTACTAAGAATACAAAAATTAGCCAGGCACGGTGGTGCATGCCTGTAATCCCAGCTACTTGGGAGGCTGAGGCAGGAGAATCGCTTAAACTGGGGAGGCGGAGGTTGCAGTGAGCCAAGATCGTGCCACTGCACTCCAGCCTGGGCAACAGAGCAAGACTGTCTCGAAAAAAAAAAGAAAAAAGAAAAAA"
"chr1","25917226","25917529","chr1","25911729","25912036","13","5497","GACCAGGCGCGGTGGCTCACACCTGTAATCTCAGCACTTTGGGAGGCCGAGGCAGGCGGATCACGAGGTCAGGAGTTTGAGACCAGCCTGACCAACATGCTGAAACTCCGTCTCTACTAAAAATACAAAAATTAGCCAGGTGTGGTGGTGCGCAACTGTAATCCCAGCTACTCAGGAGGCTGAGGCAGGAAAATCACTTGAACCCAGGAGGCAGAGTTTGCAGTGAGCTGAGATGGTGCCACTGCACTCCAGCTTGGGTGACAAAGCGAGACTCCATCTCAAAAAAAAAAAAAAAAGAAAGAAA","GACCAGGTGCGGTGGCTCACACCTGTAATCTCAGCACTTTGGGAGGCCGAGGCAGGCGGATCACGAGGTCAGGAGTTTGAGACCAGCCTGACCAACATGGTGAAACTCCGTCTCTATTAAAAATACAAAAATTAGCCAGGTGTGGTGGTGCGCACCTGTAATCCCAGCTACTCAGGAGGCTGAGGCAGGAAAATCACTTGAACCCAGGAGGCGGAGTTTGCAGTGAGCTGAGATGGTGCCACTGCACTCCAGCCTGGGTGACAAAATGAGACTCCGTCTCAAAAAAAAAAAAAAAAGAAAGAAAGAAA"
"chr1","25920549","25920841","chr1","25915046","25915338","2","5503","GGCCAGGCGCGGTGACTCACACCTGTAATCCCAGCACTTTGGGAGGCTGAGGCAGGCGGATCACGAGGTCAGGAGTTCGAGACCAGCGTGGCCAGCATGATGAAACCCCATCTCTACTAAAAATACACAAATTAGCCAGGCATGATGGCACACACCTGTAATCCCAGCACCTCTGGAGGTTGAGGCAGGAGAATCACTTAAACCCGGGAGGTGGAGGTTGCAGTGAGCCGAGATTGTACCACTGTACTCCAGCCTGGGCGACAGAGTGAGACTGTGTCTCAAATAAAAACAAA","GGCCAGGCGCGGTGACTCACACCTGTAATCCCAGCACTTTGGGAGGCTGAGGCAGGCAGATCACGAGGTCAGGAGTTCGAGACCAGCCTGGCCAGCATGATGAAACCCCATCTCTACTAAAAATACACAAATTAGCCAGGCATGATGGCACACACCTGTAATCCCAGCACCTCTGGAGGTTGAGGCAGGAGAATCACTTAAACCCGGGAGGTGGAGGTTGCAGTGAGCCGAGATTGTACCACTGTACTCCAGCCTGGGCGACAGAGTGAGACTGTGTCTCAAATAAAAACAAA"
"chr1","25921385","25921694","chr5","114049424","114049727","41","88128039","GCCGGGTGCAGTGACTCACCCCTGTAATCCCAGCACTTTGGGAGGCCAAGGCAGGCAGATCACGAGGTCAGGCGTTCAAGACCAACCTGGCTAACATAGTGAAACCCCATCTCTACTAAAAATACAAAAATTAGCCGGGCGTGGTGGCGCCTGTAGTCCCAGTCACTCGGGAGGCTGAGGCAAGATAATCGCTTGAACCCAGGAGGCGGGGGTTGCAGTGAGCTGAGATCGCGCCACTGCCATCCAGCCTGGGTGACGCAGCGAGACTCTGTCTCAATAAATAAATAAATAAATAAATAAATAAAATAAA","CCGGGTGCAGTGGCTCACGCCTGTAATCCCAGCACTTTGGGAAGCCGAGGCAGGCAGATTACGAGGTCAGGGGTTCGAGACCAGCCTGACTAACATGGTGAAACCCCATCTCTACTAAAAATACAAAAATTAGCCGGGCGTGGTGGCGTGCACCTGTAATTCCAGCTACTCAGGAGACTGAGGCAGGAAATTGCTTGAACCCAGGAGGCAGAGGTTGCAGTGAGCTGAGATCGTGCCACTGCACTCCAGCCTGGGCGACACAGTGAGACTGTCTCAAAAATAAAATATAAAAATAAATAAAAAA"
"chr1","25934723","25935001","chr1","25929223","25929505","15","5500","GCCAGGCATGGTGGCTCACGCCTGTAATCCTAGCACTTTGGGAGGCAGGCGGATCACGAGGTCAGGAGTTTGAGACCAGCCTGGCCATGGCGAAACCCCGTCTCTACTAAAAATACAAAAATTAGCCGGGCGTGGTGGCATGCGCCTGTAATCCCAGCTACTCGGGAGGCTGAGACAGGAGGATCGCTTGAACCCGGGAGGCAGAGGTTGCAGTGGGCCGAGATCGCACCACTGCACTCCAGCCTGGGTGACAGAGCAACTCTGTATTAAAAAAAAAAA","GCCAGGCATGGGGGCTCACGCCTGTAATCCTAGCACTTTGGGAGGCAGGCGGATCACGAGGTCAGGAGTTTGAGACCAGCCTGGCTGTGGCGAAACCCCGTCTCTACTAAAAATACAAAAATTAGCTGGGCGTGGTGGCATGCGCCTGTAATCCCAGCTACTCGGGAGGCTGAGACAGGAGGATCACTTGAACCGGGGAGGCAGAGGTTGCAGTGAGCCGAGATCATGCCATTGCACTCCAGCCTGGGTGACAGAGCAACTCTGTATTTAAAAAAAAAAAAAA"
"chr1","25944559","25944859","chr1","25938970","25939273","11","5589","GGCTGGGTGTGGTGGCTCATGCCTGTAATCCCAGCACTTTGGGAGGCCAAGGCGGGCAGATCACGAGGTCAGGAGGTCGAGACCAGCCTGGCCAACATGGCAAAACCTCATCTCTACTAAAAATACAAAAATTAGCTGGGTGTGGTGGCATGTGCCTATAGTCCCAGCTACTCAGGAAGCTGATGCAGGAGAATCGCTTGAACCTGGGAGGTGGAGGTTGCAGTGAGCCAAGACCGCGCCATTGCACTCCAGCCTGGGCGACAAAGCGAGACTCTGTCTCAAAAAAAAAAAAAAAAAAAAA","GGCTGGGTGCGGTGGCTCATGCCTGTAACCCCAGCACTTTGGGAGGCCAAGGCGGGCAGATCACGAGGTCAGGAGGTCGAGACCAGCCTGGCCAACATGGCAAAACCTCATCTCTACTAAAAATACAAAAATTAGCCGGGTGTGGTGGCATGCACCTATAGTCCCAGCTACTCAGGAAGCTGACGCAGGAGAATCGCTTGAACCTGGGAGGTGGAGGTTGCAGTGAGCCAAGACCACGCCATTGCACTCCAGCCTGGGCGACAAAGCAAGACTCTGTCTCAAAAAAAAAAAAAAAAAAAAAAAA"
"chr1","25950925","25951227","chr1","25945636","25945937","5","5289","GGCCAGGTGCAGTGGCTCACGCCTGTAATCCCAGCACTTTGGGAGGCCGAGGCGGGCAGATCACGAGGTCAGCAGTTCATGACCAGCCTGGCCAACATGGTGAAACCCTGTCTCTATTAAAAATACAAAAATTAGCCAGGCATGGTGGCAGGCACCTGTAATCCCAGCTACTTGGGAGGCTGAGGCGGGAGAATTGCTTGAACCCGGGGGGCGGAGGTTGCAGTGAGCCAAGACCATGCCATTGAACTCCAGCCTGGGTGACACAGCGAGACTCTGTGTCAAAAAAAAAAAAAGAAAAAAAAA","GGCCAGGTGCAGTGGCTCATGCCTGTAATCCCAGCACTTTGGGAGGCCGAGGAGGGCAGATCACGAGGTCAGCAGTTCATGACCAGCCTGGCCAACATGGTGAAACCCTGTCTCTATTAAAAATACAAAAATTAGCCAGGCATGGTGGCGGACACCTGTAATCCCAGCTACTTGGGAGGCTGAGGCGGGAGAATTGCTTGAACCCGGGGGGCGGAGGTTGCAGTGAGCCAAGACCATGCCATTGAACTCCAGCCTGGGTGACACAGCGAGACTCTGTGTCAAAAAAAAAAAAGAAAAAAAAA"
"chr1","26090287","26090565","chr1","26090594","26090902","35","307","GGCTGGGCTTGCTGGCTCATGCCTGTAATCCCAGCACTTTGGGAGGCCGAGGTGGACTGATCACAAGGTCAGGAGTTCGAGACCAGCCTGGCCAACATGGTAAAACTCCGTTTCTACTAAAAATACAAAAATTAGTTGGGTGTGGTGGTGGGCGCCTGTAACCCAGCTACTCAGGAGGCTGAGACAGGAGAATCATTTGAATCTGGGAGGTGGAGTTTGCAGTGATCCGAGATGGCACCATTGCACTCCAGCCTGGGCAACAGAAAAAGACTCCGTCTC","GGCTGGGCTTGCTGGCTCATGCCTGTAATCCCAGCACTTTGGGAGGCCGAGGTGGACTGATCACAAGGTCAGGAGTTCAAGACCAGCCTGGTCAACATGGTAAAACTCCGTTTCTACTAAAAATACAAAAATTAGCTGGGTGTGGTGGTGGGCGCCTGTAACCCAGCTACTCAGGAGGCTGAGACAGGAGAATCATTTGAATCTGGGAGGCGGAGTTTGCAGTGAGCCGAGATGGCACCATTGCACTCCAGCCTGGGCAACAGAAAAAGACTCCGTCTCAAACAAAACAAAACAAGAGAAAAAAAAAAA"
"chr1","26090592","26090605","chr5","180721314","180721324","4","154630722","GAGAAAAAAAAAAA","GAGAAAAGAAA"
"chr1","26133704","26133817","chr13","47714295","47714394","40","21580591","TTAGCCAGGCGTGGTGGTGCGCACCTATAATCCCAGCTACTCAGGAGGCTGAGGCAGGAGAATCGCTTGAACCCGGGAGGCGGAGGTTGTGGTGAGCCGAGATCATGCCATTGC","GCCTGTAATCCCAGCTACTCAGGAGGCTGAAGGAGGAGACTCACTTGAACCCAGGAAGCAGAGGTTGCAGTGAGCCAAGATCATGCCATTGCACTCCAGC"
"chr1","26133843","26133959","chr1","190360216","190360331","15","164226373","GTCGGGCATGGTGGCTCATGCCTGTAATCCCAGCACTTTGGGAGGCTGAGGCGAGCGGATCATGAGGTCAGGAGTTCGAGACCAGCCCGACCAACATGGTGAAACCCTATCTCTACT","GGCCGGGCGCCGTGGCTCATGCCTGTAATCCCAGCACTTTGGGAGGCCGAAGCGGGTGGATCATAAGGTCAGGAGTTCGAGACCAGCCTGACCAACATGGTGAAATCCCATCTCTA"
"chr1","26136122","26136316","chr1","26138880","26139074","2","2758","GGCCAGGCATGATGGCTCACACCTGTAATCCCAGCACTTTGGGAGGCCAAGGCAGGCGGATCATGAGGTCAGGAGTTCAAGACCAGCCTGACCAACATGGTGAAATCCCCGTCTCTACTAAAATTACAAAAATTAGCCAGGTGTGGTGGTGCACGCCTGTAATCCCAGCTTCTCGGGAGGCTGAGGCAGGAGAAT","GGCCAGGCATGGTGGCTCACACCTGTAATCCCAGCACTTTGGGAGGCCAAGGCAGGCGGATCATGAGGTCAGGAGTTCAAGACCAGCCTGACCAACATGGTGAAATCCCCGTCTCTACTAAAATTACAAAAATTAGCCAGGTGTGGTGGTGCACGCCTGTAATCTCAGCTTCTCGGGAGGCTGAGGCAGGAGAAT"
"chr1","26152000","26152297","chr1","26155066","26155359","6","3066","GGCCGGGCATGGTGGCTCACACCTGTAATCCCAGCACTCTGGGAGGCCGAGGTGGGCAGATCCACGAGGTCAGGAGTTCGAGACCAGCCTGGCCAACATAGTGAAACCCCGTCTCTACTAAAAATACAAAAATTAGCCGAGGGTGGTGGCATGCATCTGTAGTCCCAACTACTCAGGAGGCTGAGGCAGGAGAATAGCTTGAACCTGGGAGGCTGAGGTTGCAGTGAGCTGAGATCACACCACTGCACTCTAGCCTGGGCGATAGAGCAAGACTCTGTCTCTGAAAAAAAAAAACAAA","GGCCGGGCATGGTGGCTCACACCTGTAATCCCAGCACTCTGGGAGGCCGAGGTGGGCAGATCCACGAGGTCAGGAGTTCGAGACCAGCCTGGCCAACATAGTGAAACCCCGTCTCTACTAAAAATACAAAAATTAGCCGAGGGTGGTGGCATGCATCTGTAGTCCCAACTACTCAGGAGGCTGAGGCAGGAGAATAGCTTGAACCGGGGAGGCTGAGGTTGCAGTGAGCTGAGATCACACCACTGCACTCTAGCCTGGGCGACAGAGCAAGACTCTGTCTCTGAAAAAAAAAAA"
"chr1","26157448","26157704","chr1","26160496","26160752","5","3048","GGCCGGGAGAGGTGGCTCACACCTGTAATCCCAGCACTTTGGGAGGCCGAGGCCGGCAGATCGCAAGGTCAGAAGTTCAAGATCAGCCTGAGCAACATGGTAAAACCCTGTCTCTACTAAAAACACAAAATTAGCCAGGCACTTGCCTGTTATCCCAGCTACTCGGGAGGCTGAGGCAGGATAATCGCTTGAACCCAGGAGGCGGAGGTTGCAGTGAGCCAAGATCACGTCACGGCACTCCAGCCTGGGTGACAGAG","GGCCAGGAGAGGTGGTTCACACCTGTAATCCCAGCACTTTGGGAGGCCGAGGCGGGCAGATCGCAAGGTCAGAAGTTCAAGATCAGCCTGAGCAACATGGTAAAACCCTGTCTCTACTAAAAACACAAAATTAGCCAGGCACTTGCCTGTTATCCCAGCTACTCGGGAGGCTGAGGCAGGATAATCGCTTGAACCCAGGAGGTGGAGGTTGCAGTGAGCCAAGATCACGTCACTGCACTCCAGCCTGGGTGACAGAG"
"chr1","26162860","26163159","chr1","26166707","26167004","8","3847","GGCCGGGCGCGGTGGCTCAGGCCTGTAATCCCAGCACTTTGGGAGGCTGAGGAGGGTAGATCACGAGATCAGGAGTTCGAGACCAGCCTGGCCAACATGGGCTCTACTAAAAATACAAAAATTAGCTGAGCTTGGAGGCGCGCGCCTGTAATCCCAGCTACTCGGGAGGCTGAGGCAGGAGAATCGCTTGAATCCCAGAGGCGGAGGTTGCAGTGAGCCGAGATCGAGCCATTGCACTCCAGCCTGGGCAACAGGGCCAGACTCCGTCTCAAAAAATAAAAATAAAAATAAAAAAAGAAA","GGCCGGGCGCGGTGGCTCAGGCCTGTAATCCCAGCACTTTGGGAGGCTGAGGAGGGTGGATCACGAGATCAGGAGTTCGAGACCAGCCTGGCCAACATGGGCTCTACTAAAAATACAAAAATTAGCTGAGCTTGGAGGCACGTGCCTGTAATCCCAGCTACTCGGGAGGCTGAGGCAGGAGAATCGCTTGAACCCCAGAGGCGGAGGTTGCAGTGAGCCGAGATCGAGCCATTGCACTCCAGCCTGGGCAACAGGGCCAGACTCCGTCTCAAAAAATGAAAATAAAAAAAGAAAAGAA"
"chr1","26187611","26187919","chr1","26192146","26192453","7","4535","GCCGGGTGCAGTGGCTCACACCTGTAATCCCAGCTCTTTGGGAGGCCGAGGCAGGCGGATCACAAGGTCAGGAGTTCAAGACCAGCCTGGCCAACATAGTGAAACCCCCTCTCTACTAAAAATACAAAAATTAGCCGGGTATGGTGGTAGGCACCTGTAGTCTCAGCTACCTAGGAAGCTGAGGCAGGAGAATCACTTGAGCCCAGGAGGCGGAGATTGCAGTGAGCCAAGATCACGCCACTGCACTCCAGCCTGGGTGACATAGTGAGACTCTGTCTCAAAAAAAAAAAAAAAAAAAAGAGAAAGAGA","GCCGGGTGCAGTGGCTCACACCTGTAATCCCAGCACTTTAGGAGGCCGAGGCAGGCGGATCACAAGGTCAGGAGTTCAAGACCAGCCTGGCCAACATAGTGAAACCCCCTCTCTACTAAAAATACAAAAATTAGCCGGGTATGGTGGTAGGCGCCTGTAGTCTCAGCTACCTAGGAAGCTGAGGCAGGAGAATCACTTGAACCCAGGAGGCGGAGATTGCAGTGAGCCAAGATCACGCCACTGCACTCCAGCCTGGGTGACATAGTGAGACTCTGTCTCAAAAAAAAAAAAAAAAAAAAGAAAGAGAA"
"chr1","26196901","26197205","chr1","26201764","26202073","9","4863","GGCCAGGCGCGATGGCTCACACCTGTAATCCCAGCACTTTGGGAGTCTGAGGCAGGTGGATCACGATGTCAGGAGTTTGAGACCAGCCTGGCCAACATGGTGAAACTCCATCTCTACTAAAAATACAAAAATTATCTGGGCATGGTGGCACGTGCCTGTAGTCCCAGCTACTTGGGAGGCTGAGGCAGGAGAGTTGCTTGAACCCAGGAGGCGGAGGTTGCAGTGAGCCAAGATTGCGCCACTGCACTCCAGCCTGGGTGACAGAGTGATAATCTCAAAAAAAAAAAAAAAAGAAAGAAAAGAAA","GGCCAGGCGCGATGGCTCACACCTGTAATCCCAGCACTTTGGGAGTCTGAGGCGGGTGGATCACGATGTCAGGAGTTTGAGACCAGCCTGGCCAACATGGTGAAACTCCATCTCTACTAAAAATACAAAAATTATCTGGGCATGGTGGCACGTGCCTGTAGTCCCAGCTACTTGGGAGGCTGAGGCAGGAGAGTTGCTTGAACCCAGGAGGCGGAGGTTGCAGTGAGCCAAGATTGCGCCACTGCACTCCAGCCTGGGTGACAGAGTGATACTCAATCTCAAAAAAAAAAAAAAAAAAAAAAAAGAAGAA"
"chr1","26228858","26229152","chr1","26234476","26234771","5","5618","GGCTGGGCACAGTGGCTCATGCCTGTAATCCCAGTACTTTGGGAGGCCAAGGTGGGTGAATCACGAGGTCAGGAGTTCAAGACCAGCCTGGCCAGCATGGTGAAACCCCGTCTCTACTAAAAATACAAAAATTAGCCAGCCAGGCATGGTGGCACGGGCCTGTAATCCCAGCTACGCGGGAGGCTGAGGCAAGAGGATTGCTTGAACCGGGAGGCAGAGGTTGCAGTGAGCCGAGATCATGCTACTGCACTCCAGCTTGGGTGACAGGGCGAGACTCTGTCTCAAAAAAAAAAAA","GGCTGGGCACAGTGGCTCATGCCTGTAATCCCAGTACTTTGGGAGGCCAAGGTGGGTGAATCACGAGGTCAGGAGTTCAAGACCAGCCTGGCCAGCATGGTGAAACCCCGTCTTTACTAAAAATACAAAAATTAGCCAGCCAGGCATGGTGGCACGGGCCTGTAATCCCAGCTACGCGGGAAGCTGAGGCAAGAGGATTGCTTGAACCAGGAGGCAGAGGTTGCAGTGAGCCGAGATCATGCTACTGCACTCCAGCTTGGGTGACAGAGCGAGACTCTGTCTCAAAAAAAAAAAAA"
