"chr1","1363432","1363601","KN294729v1","2689","2859","20","1360743","TTAGCCAGGCGTGGTGGCGGGCACCTGTAATCCCAGCTACTCGGGAGGCTGAGGCAGGAGAATAGCTTGAAACTGGAAGGCAGAGGTTGCGGTGATTCTGAGATTGCACCACTGCTCTCCATCCTGAGCAAAAGAACAAAACTCTGTCTCAAAAAAAAAAAAAGAAAAAA","TAGCCAGGCTTGGTGGCGGGCACCTGTAATCCCAGCTACTCAGGAGGCTGAAGCAGGAGAATCGCTTGAAACTGGAAGGCAGAGGTTGCAGTGAGCTGAGATCATGCCACTGTACTCCAGCCAGAGCAAAAGAACAAAACTCTGTCTCAAAAAAAAAAAAAAAAAAAAAAA"
"chr1","1364198","1364328","KN294729v1","2060","2196","14","1362138","CAGGCATGGTGTCTCACACCTCTAATCCCAGAACTTTGGGAGGCCGAGGTGGGTGGCTCACGAGGTCAGCAGTTCGAGACTAGCCTGGCCAACACATTGAAACCCCGTCTGTACTAAAAATACAAAAATTC","GGCTGGGCACAGTGGCTCACACCTCTAATCCCAGAACTTTGGGAGGCCGAGGTGGGTGGATCACAAGGTCAGCAGTTCGAGACCAGCCTGGCCAACACAGTGAAACCCCGTCTGTACTAAAAATACAAAAATTCGAT"
"chr1","1657936","1658185","KN294260v1","2520484","2520738","58","862548","AGGCTGAGGCGGGTGGATCACAAGGTCAGGAGGTCAAGACCAGCCTGGCCAACACGGCGAAAACCCTGTCTCCACTAAAAATACAAAACTTAGCTGGGCGTGGTGGCGGGTGCCTGTAATCCCAGCTACTCGGGAGGCCGAGGCAGCAGAATCGCTTGAATCCGAAAGGCGGAGGTTCCGGTGAGCCGAGGTCGCGTCACTGCACTCCAGCAAGACCCCGTCTCAAAAAAAAAAGAAAAAAAAACAAGAA","GAGGTGGGTGGATCATGAGGTCGGAAGTTTCAGACCAGCTTGGCCAACATGGTGAAACCCTGTCTCTATTAAAAATACAAAAATTAACTGAGCATGGTGGCAGGCACCTGTAATTCCAGCTACTCAGGGGCTGAAGCAGGAGAATCGCTTGAAACCGGAAGGTGGAGGTTGCAGTGAGCTAAGATCGTGCCACTGCACTCCTCAACAAGAGCGAAACTCTGTCTCACACAAAAAAAAAAAAGAAAAAAAAAGAAA"
"chr1","1723265","1723518","KN294260v1","2520484","2520738","55","797219","AGGCTGAGGCGGGTGGATCACAAGGTCGGGAGGTCAAGACCAGCCTGGCCAACACGGCGAAAACCCTGTCTCCACTAAAAATACAAAACTTAGCTGGGCGTGGTGGCGGGTGCCTGTAATCCCAGCTACTCGGGAGGCCGAGGCAGCAGAATCGCTTGAATCCGAAAGGCGGAGGTTCCGGTGAGCCGAGGTCGCGTCACTGCACTCCAGCAAGACCCCGTCTCAAAAAAAAAAAAAAAAAAAAAAAAAAAAAA","GAGGTGGGTGGATCATGAGGTCGGAAGTTTCAGACCAGCTTGGCCAACATGGTGAAACCCTGTCTCTATTAAAAATACAAAAATTAACTGAGCATGGTGGCAGGCACCTGTAATTCCAGCTACTCAGGGGCTGAAGCAGGAGAATCGCTTGAAACCGGAAGGTGGAGGTTGCAGTGAGCTAAGATCGTGCCACTGCACTCCTCAACAAGAGCGAAACTCTGTCTCACACAAAAAAAAAAAAGAAAAAAAAAGAAA"
"chr1","1824351","1824450","KN296210v1","353837","353929","28","1470514","TGAGGCAAGAGAATTGCTTGAAAGAGGTTGCAGTGAGACGAGATCGCGCCACTGCACTCCAGCCTGGGCACAACAGAGTGAAACTCTCTCTCAAATAAAA","TGAAGCCAGAAGGCGGAGGTTGCAGTGAGCTGAGATTGCACCATTGCAGTCCAGCCTGCACAACAAGAGCGAAACTCCATGTAAAAAAAAAAT"
"chr1","2844002","2844140","KN295236v1","4177684","4177818","23","1333682","GCCTGTAATCCCAGCTACTCTGGAGGCTGAGGCAGGAGAATTTCTTGAAACCGGAAGGCAGAGGTTGCAGTGAGCTGAGATCATGCCACTGCACTCCAGCCTGGGCAACAAAAGCAAAACTGTCTCAAAAAAAAAAAAA","TGTAATCCCAGGTACTCGGGAGGCTGAGGCGGGAGAATTGCTTGAAACTAAGAGGTGGAGGTTGCAGTGAGCTGAGATCGTGCCACTGCACCCCAGCCTGGGCAACAAGAGTGAAACTTCGTCTCAAAAAAAAAA"
"chr1","4574004","4574297","KN296062v1","1776946","1777244","41","2797058","GGCCAGGTGTGGTGGCTCACACCTATAATCCCAGCACTTTGAGAGGCTGAGGTGGGCAGATCACAAGGAGTTCGAGACCAGCCTGGCCAACATGGTAAAATCCCGTCTCTACTAAAAATACAAAAATTAGCTGGGCATGGTAGCAGGTGCCTGTAATCCCAGCTACTTGGGAGGCTGAGGCAGGAGAATCACTTGAAACCGGAAGGCAGAGGTTGCAGTGAGCCAAGATTGTGCTACTGCACTCCAAACTGGGCGAAAAGAGCAATACTCTGTATCAAAAAAAAAAAAAAAAAA","GGTCGGGCGCAGTAGCTCACACCTGTAATCCCAGCACTTTGGGAGGCTGAGGTGGGCAGATCACAAGGCCAGGAGTTCGAGACCAGCCTGGCCAACATAGTGAAACCCCATCTCTACTAAAAATACAAAAACTAGCTGGGCATGGTGGCAGGTGCCTGTAATCCTAGCTACTTGGGAGGCTGAGGCAGGAGAATTGCTTGAAACAGGAAGGCAGAGGTTGCAGTGAACCAAGATTACACCACTACACCACTCCAGCCTGGGCAAGAGCAAAACTCTGTCTCAAAAAAAAAAAAGCAAAA"
"chr1","6522064","6522237","KN295825v1","983321","983495","24","5538743","GGCCGGGCGCGGTGGCTCACGCCTGTAATCCCAGCACTTTGGGAGGCCAAGGTGGACGGATCACGAGGTCAGGAGCTCGAGACCAGCCTAGCCAACATAGTAAAACCCCATCTCTACTAAAAATACAAAAAAAATTAGCTAGTGTAGTGGCGGGCGCCTGTAATCCCGGATACT","GGCCAGGCGCAGTGGCTCACGCCTGTAATCCCAGCACTTTGGGAGGCCAAGGCGGGCGGATCACAAGGTCAGGAGTTCGAGACCAGCCTGGTCAACACAGTGAAATCCCATCTCTACTAAAAAATACCAAAAAAAAATAGCCGGCCGTGGTGGCAGGCGCCTGTAATCCCAGCTA"
"chr1","8995465","8995753","KN295667v1","1747631","1747918","18","7247834","GGCCAGGCACGGTGGCCTACTCCTGTAATCCCAGCACTTTGGGATGCCAAGGTGGGCAGATCACAAGGTCAGGAGTTCGAGACCAGCCTGGCCAACATGGTGAAACCTTGTCTCTACTAAAAATACAAAAATTAGCCAGGCACGGTGGCAGGTGCCTGTAATCCCAGCTACTCGGGAGGCTGAGGCAGGAGAATCGCTTGAAACCAGAAGGCGGAGGTTGCAGTGAGCTGAGATTGTGCCACTGCACTCCAGCATGGGCAAAAAGAGTGAAAGTCTGTCTCAAAAAAAA","GGCCAGGCACGGTGGCTTATGCCTGTAATCCCAGCACTTTGGGATGCCAAGGCAGGCAGATCACAAGGTCAGGAGTTCAAGACCAGCCTGGCCAACATGGTAAAACCTTGTCTCTACTAAAAATACAAAAATTAGCCAGGCATGGTGGCAGGTGCCTGTAATCCCAGCTACTCAGGAGGCTAAGACAGGAGAATCGCTTGAAACCAGAAGGTGGAGGTTGCAGTGAGGTGAGATCATGCCACTGCACTCCAGCCTGGGCAAAAAGAGTGAAACTCTGTCTCAAAAAAA"
"chr1","9754280","9754576","KN295936v1","2530067","2530365","36","7224213","GGCCGGGTGTGGTGGCTCACGCCTGTAATCCTAGCACTTTGGGAGGCCGAGGCAGGTGAATGATGGGGTCAGGAGTTTGATACCAGCCTGGCCAACATGGTGAAACCCGTCTCTACTAAAAATACAAAAATTAGCCAGGCGTGGTGGCAGGCACCTGTAATCCCAGCTACTCGGGAGGCTGAGGCAGAAAAATCACTTGAAACCGGAAGGCGGAGGTTCCAATGAGCCAAGATCGTGCCACTACACTCCAGCTTGGGTGAAACAGCGAAACTCCATCTCAAAAACAAAACACAAAAA","GGCTGGGTGTGGTGGTTCACACCTGTAATCCCAGCACTTTGGGAGGCCGAGGCTGGTGGATCATGAGATCAGGAGTTCAATACCAGCCTGGCCAACATGGTGAAACCCCGTCTGTACTAAAAATACAAAAATTAGCCAGGCATGGTGGCAGGCGCCTGTAATCCCAGCTACTCGGGAGGCTGAGGCAGGAGAATCGCTTGAAACTGGAAGGTGGAGGTTGCAGTGAGCCGAGATTGCATCACTGCGCCCCAGCCTGGGCGAAAGAGCGAAACTCCGTCTCAAAAACAAACAAACAAAAA"
"chr1","10076742","10077044","KN296609v1","1269674","1269975","35","8807068","GGCTGGGTGTGGCAGCTCACACCTGTAATCCCAACACTTTGGGAGGCTGAGGCGGGAGGATCATGAGGTCAGGAGTTCGAGACCAGCCTGGCCAACGTGGTGAAACCCAGTCTATACTAAAAATACAAAAATTAGCCAGGCGTGGTGGCAGGCGCCTGTAATCCCAGCTAATCGGGAGGCTGAGGTAGGAGAATAGCTTGAAACCAGAAGGTGGAGGTTACAGAGAGTCGAGATCATGCCATTGCACTCCAGCCTGGGTGACAAGAGCGAAACTCCATCTCAAAAAAAAAAAAAAAAAAAAAA","GGCTGGGTGTGGAGGCTCATGCCTGTAATCCCAGCACTTTGGGAGGCCGAGGCAGGTGAATCACGAGGTCAGGAGTTCGAGACCAGCCTGGCCAACATGGTGAAACCCCGTCTCTACTAAAAATACAAAAATTAGCCAGGCATGGTGACAGGCACCTGTAGTCTCAACTACTCGGGAGGCTGAGGCAGGAGAATTGCTTGAAACCGGAAGGCAGAGGTTGCCATGAGTGGAGATCGTGCCACTGCACTCCAGCCTGGGTGAAAGAGCGAAACTCTGTCTCAAAAAAAAAAAAAAAAAAAAAA"
"chr1","10131715","10131972","KN295667v1","597883","598153","29","9533832","GGCCAAGGCAGGTGGATCACGAGGTCAGCAGTTTGAGACCAGCCTGACCAACATGGTGAAACCCCATCTCTACTAAAATACAAAAAAAATTAGCTGGGCATGGTGGCGGGTGCCTGTAATCCCAGCGACTTGGGAGGCTGAGGCAGGAGAATCGCTTGAAACCGGGAGGCGGAGGTTGCACTGAGCCGAGATGTGCCACTGCACTTTAGCCTGGGCAATAAGAGCAAAACTCCGTCTCAAAAAAAAAAACAACAAAAA","GGCCGAGGTAGGTGGATCACGAGGTCAGCAGTTCAAGACCAGCCTTACCAACATGGTGAAACCCCATCTCTACTAAAATACAAAAAAAAAATTAGCTGGGCATGGTGGCAGGTGCCTATAATCCCAGCAACTTGGGAGGCTAAGGCAGGAGAATCGCTTGAAACCGGAAGGCAGAGGTTGCAATGAGCCGAGATGTGCCACTGCACTCTAGCCTGGGCAATAAGAGCAAAACTCTGTCTCAAAAAAAAAAAAAAAAAAAAAAAAAAAAAAA"
"chr1","10372799","10373114","KN294458v1","1248815","1249123","42","9123984","GGCCGGGTGCAGTGGCTCACGCCTGTAATCCCAGCACTTTGGGAGGTCGAGGCGGGTGGATCATAAGGTCAGCAGTTTGAGACTAGCCTGACCAAAATGGTGAAACCCGATCTCTACTAAAAATAAAAAAAAAAATAGCTGGGCATGGTGGCGGGTGCCTGTAATCCCAGCTACTTTGGAGGCTGAGGCAGGAGAATCACTTGAAGCTGGAAGGTGGAGGTTGCAGTGAGCCAAGATTGCACCACTACACTCTGGCGTGGGCAACGAGAGCAAAACTCCATCTCAAAAGTAAATAAATAAATAAAATAAAATAAAA","GGCCGGGCGCAGTGGCTCATCCCTGTAATACCAGCACTTTGGGAGGCCTAGGTGGGTGGATCACGAGGTCAGCAGTTGGAGACCAGCCTGACCAACATGGTGAAACCCCATCTCTACTAAAAATACAAAAAAATTAGCTGGGCATGGTGGCAGGGCCTGTAATCCCAGCGACTTGGGAGGCTGAGGCAGGAGACTTGCTTGAAACCGGAAGGTGGAGGTTGCAGTGAGCTGAGATTGCGCCACTGCACTCTAGCCTGGGCATTAAGAGCAAAACTCCGTCTCAAAAAAAAAAAAAAAAAAAAAAAAAAA"
"chr1","12235297","12235598","KN295596v1","93475","93775","33","12141822","GGCCAGGCGCGGTGGCTCATGCCTGTAATCCCAGTACTTTGGGAAGCTAAGGCAGGCGGATCACGAGGTCAGGAGTTTGAGACCAGCCTGGCCAACATGGTGAAACCTGTCTCTACTAAAAATACAAAAATTAGCTGGGTGTGGTGGCGGGTGCCTGTAATCCCACTACTCGGGAGGCTGAGGCAGGAGAATCGCTTGAAACCAGAAGGCGGAGGTTGCAGTGAGCCGAGGTCACACCACTGCACTCCAGCCTGGGCAACAAGAGTGAAACTCCATCGCAAAAAATAAAAAATAAAAAAAAA","GGCCGGGCGCAGTGGCTCACGCCTGTAATCTCAGCACTTTGGGAGGCCGAGGCGGGCGGATCTTGAGGTCAGGAGATCAAGACCAGCCTGGCTAACATGGTGAAACCCGTCTCTACTAAAAATACAAAAATTAGCTGGGCGTGGTGGCGGGCGCCTGTAATCCCAGCTACTCGGGAGGCTGAGGCAGGAGAATCGCTTGAAACCGGAAGGCAGAGGTTGCAATGAGCCAAGATCGTGCCACTGCACTCCAGCCTGGGCAACAAGAGCGAAACTCCATCTCCAAAAAAAAAAAAAAAAAGAA"
"chr1","15474251","15474448","KN296821v1","218785","218979","29","15255466","GGCTGGGCGCGGTGGTTCATGCCTGTAATCCCAGCACTTTGGGAGGCCGAGGCGGGCCAACACGAGGTCAGGAGTTTGAGACCAGCCTGGCCAAGATGGTGAAACCCCGTCTCTAATAAAATACAAAAATAAGCCAGGCGTGGTGGCCGGCGCCTGTAGTCCCAGCTGCTCGGGAGGCTGAGGCAGGAGAATCGATTG","GGCTGGGCGCAGTGGCTCACAACTGTAATCCCAGCACTTTGGGAGGCCAAGGCAGGTGAATCACGAGGTCAGCAGTTCGAGACCAGCCTGACCAACATGGTGAAACCCCATCTCTACTAAAAATACAAAAATTAGCCAGGCATGGTGGTGGGCGCCTGTAATCCCAGCCACTCGGGAGGCTGAGGCAGGAGAATC"
"chr1","15804929","15805235","KN295596v1","93475","93775","39","15711454","GGCCAGGCGCGGTAGCTCACATCTGCAATTCCAGCACTTTGGGAGGCCGAGGTGAGCGGATCACAAGGTCAGGAGATCGAGACCATCCTGACCAACATGGTGAAACCCCGTCTCTACTAAAAATACAAAAAATTAGCTGGGCGTGGTGGTGTGTGCCTGTAGTCCCAGCTACTCGGGAGGCTGAGGCAGGAAAATCGCTTGAAACCACCGGAAGGCAGAGGTTGCAGTGAGCTGAGATCGCATCACTGCACTCCAGCCTGGGCAACAAGAATGAAACTCCGTCTCAAAAAAAAAAAAAAAGAAAAAA","GGCCGGGCGCAGTGGCTCACGCCTGTAATCTCAGCACTTTGGGAGGCCGAGGCGGGCGGATCTTGAGGTCAGGAGATCAAGACCAGCCTGGCTAACATGGTGAAACCCGTCTCTACTAAAAATACAAAAATTAGCTGGGCGTGGTGGCGGGCGCCTGTAATCCCAGCTACTCGGGAGGCTGAGGCAGGAGAATCGCTTGAAACCGGAAGGCAGAGGTTGCAATGAGCCAAGATCGTGCCACTGCACTCCAGCCTGGGCAACAAGAGCGAAACTCCATCTCCAAAAAAAAAAAAAAAAAGAA"
"chr1","17415432","17415739","KN297044v1","488939","489238","35","16926493","GCCGGGCGCGGTGGCTCACACCTATAATCCCAGCACTTTGGGAGGCCGAGGCAGGTGGATCACGAGGTCAGGAGTTTGAGACCAGCCTGGCCAACATGGTGAAACCCCATCTCTACTAAAAATACAAAATTAGCCAGGAATGGTGGCAGGTGCCTCTAATCCCAGCTACTCAGGAGGCTGAGGCAGGAGAATAGCTTGAAACAGGAAGACAGAGGTTGCAGTGAGTTGAGATCCCACCACTGCATTCCAGCCTGGGTGAAAAAGTGAAACTCCGCCTCAAATAAAAAAAAAAAAGATACACAAACAAA","GCCAGGCACGGTGGCTCACACCTGTAATCCCAGCATTTTGGGAGGCCGAGGCAGGTGGATCACGAGGTCAGGAGTTTGAGACCACCCTGGCCAACATGGTGAAACCCCATCTCTACTAAAAATACAAAAATTAGCCAAGCATGGTGGCAGGCGCCTGTAATTCCAGCTACTCAGGAGGCTGAGGCAGGAGAATCGCTTGAAACCGGAAGGCAGAGGTTGCAGTAAGCCGAGATCCCGCCACTGCACTCCAGCCTAGGTGAAAAAGTGAAACCCCGTCTCAAAACAAACAAACAAAAAAGA"
"chr1","19637060","19637368","KN295225v1","169554","169859","32","19467506","GGCCGGGCACGGTGGCTCACGCCTGTGATCCCAGCACTTTGGGAGGCCGAGGTGGGTGGATCATGAGGTCAGGAGTTCGAGACCAGCCTGGCCAACATGGTGAAACCCTGTCTCTACTAAAAATACAAAAATTAGCCGGGTGTGGTGGCGCGCACCTGTAATTCCAGCTACTCAGGAGGCTGAGGCAGGAGAATCGCTTGAACCTGGAAGGCGGAGGTTGCAGCAAGCTGAGATCACATCATTGCTCTCCAGCCTGGGCAACAAGAGCAAAACTCCATCTTAAAAAAAAAAAAAAAAAAAAAAAAAAAA","GGCACGGTGGCTCACGCCTGTGATCCCAGCACTTTGGGAGGCTGAGGCAGGTGGATCACGAGGTCAGGAGTTTGAGACCAACCTGGCCAACATGATGAAACCCCATCTCTACTAAAAATACAAAAATTAGCCGGGCATGGTGGCGGGCACCTGTAATCCCAGCTACTCAGGAGGCTGAGGCAGGAGAATCGCTTGAAACTGGAAGGCGAAGGTTGCAGTGAGCCGAGATCACACCCTTGCACTCCCGCCTGGGAAACAAGAGCAAAACTCCTTCTAAAAATAGAAAAAAAAAAAAAAAAAAAAAAA"
"chr1","19834417","19834721","KN296481v1","222539","222840","37","19611878","GGCTGGGCGCAGTGGCTCATCCCTGTAATACCAGCACTTTGGGAGGCCAAGGTGGGCGGATCACAAGGTCAGAAGTTCAAGACCAGCCTGGCCAACATGGTGAAACCCCATCTCTACTAAAGATACAAAAAATTAGCCAGGCATGGTGGCGGGCACCTGTAATCCCAGCTACTCGGGGGGCTGAGGCAGGAGAATCTCTTGAACCTGTAAGGCAGAGGTTGCAGTGAGCCAAGATCGCGCCATTGCACTCCAGCCTGGGCAACAAGAGCAAAATTCCGTCTCAAAAAATTTAAAAAATAAATAAA","GGCCGGGCACAGTGGCTCACACCTGTAATCCCAGCACTTTGGGAGGCCAAGGTGGGCAGATCACAAGGTCAGGAGTTCAAGACCACCCTGGCCAACATGGTAAAACCCGTCTCTACTAAAAATACAAAAATTAACCAGGCGTGGTGGCGGGCACCTATAATCCCAGTTACTCGGGAGGCTGAGGCAGGAGAATTGCTTGAAACCAGAAGGCAGAGGTTGCCGTGAGCCAAGATCGCACCATTGCACTCCAGCCTGGGTGAAAGAGCGAAACTCCATCTCAAAAAAAGAAAAAAAAAACAAAA"
"chr1","19851275","19851583","KN294458v1","1248815","1249123","27","18602460","GCCGGGCGCGGTGGCTCACGCCTGTAATCCCAGCACTTTGGGAGGCCGAGGCTGGTGGATCACGAGATCAGCAGTTCGAGACCAGCCTGACCAACGTGATGAAACCCCGTCTCTACCAAAAATACAAAAAAATTAGCTGGGCCTGGTGGCAGGCACCTGTAATCCCAGCAACTTGGGAGGCTGAGGCAGGAGAATCGCTTGAAACCAGAAGGTGGAGGTTGCAGTGAGCCAAGATTGCGCCACTGCACTCTAGCTGGGCAATAAGAGCAAAACTCCATCTCACAAAAAAAAAAAAAAAAAAAAAAAAAA","GGCCGGGCGCAGTGGCTCATCCCTGTAATACCAGCACTTTGGGAGGCCTAGGTGGGTGGATCACGAGGTCAGCAGTTGGAGACCAGCCTGACCAACATGGTGAAACCCCATCTCTACTAAAAATACAAAAAAATTAGCTGGGCATGGTGGCAGGGCCTGTAATCCCAGCGACTTGGGAGGCTGAGGCAGGAGACTTGCTTGAAACCGGAAGGTGGAGGTTGCAGTGAGCTGAGATTGCGCCACTGCACTCTAGCCTGGGCATTAAGAGCAAAACTCCGTCTCAAAAAAAAAAAAAAAAAAAAAAAAAAA"
"chr1","21760434","21760749","KN295708v1","1346061","1346371","29","20414373","GGCCGGGCACAGTGGCTCACGCCTGTAATCCCAGCATTTTGGGAGGCCCAGGTGGGCGGATCACAAAGTCAGGAGTTCGAGACCAGCCTGGCCAACATGGTAAAACCCCATCTCTACTAAAAATACAAAAATTCGCCAGGAGTGGTGGCGGGAGCCTGTAATCCCAGCTACCCAGGAGGCTGAGGCAGGAGAAATCACTTGAAACTGGAAGGCGGGAGGGTGCAGTGAGCCGAGATCGTGCCACTGCACTCCAGCCTGGGCAACAAGAACAAAACTCTATCTCAAAAAAAATAAAAATAAAAATAAATTTAAAAAA","GGCCGGGCACAGTGGCTCATGCCTGTAATCCCAGCATTTTGGAAGGCCCAGGCGGGTGGATCACAAGGTCAGGAGTTCGAGACCAGCCTGGCCACCATGGTAAAACCTCATCTCTACTAAAAATACAAAAATTAGCCAGGTGTGGTGGAGGGCGCCTGTAATCCCAGCTACCCAGGAGGCTGAGGCAGGAGAAATCACTTGAAACTGGAAGGCGCAGGCTGCAGTGAGCTGAGATCATGGCACTGCACTCCAGCCTGGGAAAAAGGAGCGAAACTCCATCTCAAAAAATAAAAAATAAAAATAAAAATAAA"
"chr1","22623048","22623350","KN295038v1","319989","320287","45","22303059","CCAGGCATGGTGGCTCACGCTTGTAATCTCAGCACTTTGGGAGACTGAGGCAGGCGGATCATGAGGTCAGGAGTTTGAGACCAGCCTGGCCAACATGGTGAAACCCCATCTCCACTAAAAATACAAAATTAGCTGGGTGTGGTGGTGCATACCTGTAATCCCAGCTACTCGGGAGGCTGAGGCAGGAGAATCACTTGAACCCAGATGGTGGAGGTGCAATGAGCTGGGATTGCACCACTGTACTCCAGCCTGGGCAAAAAGAGCAAAACTCCGTCTCAAAAATAATAATAATAAGAACAAGAA","GGCCAGGCGCGGTGGCTCACACCTGTAATCCCAGCACTTTGGGTGGCTGAGGCGGGTGGATCACGAGGTCAGGAGTTCACGACCAGCCTGGCCAACATGGTGAAACCCCATCTCTACTAAAAATACAAAAATTAGGCATGGTGGTTGGTGCCTGTAATCCCAGCTACTTGGGAAGCTGAGGCAGGAGAGTCACTTGAAACCAGAAGGTGAAGGTTGCAGTGAGCTGAGATTGCACCACTGCACTCCAGCCTGGGAAAAAGAGCAAAACTCCATCTCAAAAATCAAACAAAATACAAAAA"
"chr1","22985050","22985355","KN295708v1","2568139","2568437","32","20416911","GGCCAGGCGTGGTGGCTCATGCCTGTAATCCCAGCACTTTGGGAGGCCGAGGCGGCTGGATCACGAGGTCAGGAGTTTGAGACCAGCCTGGCCAACATGGTGAAACCTCGTCTCTACTAAAAATACAAAAATTAGCTGGGCGTGGTGGCGCATGCCCGTAATCCCAGCTACTCAGGAGGCTGAGGCAGGAGAATCGCTTGAAACCAGAAGGCGGAGGTTGCAGTGAGCTAAGATCACGCCACTGCACTCCAGCCTGGGCATAAGAGTGAAACTCCATCTCAAAAAAAAAAAAAAAAAAAAAAAAAA","GGCCGGGTGTGGTGGCTCATGCCTGTAATCCCAGCACTTTGGGAAGCCGAGGCAGCTGGATCACAGGGTCAGGAGTTCGAGACCAGCCTGGCCAACATGGTGAAACCTCGTCTCCACTAAAAATACAAAAATTAGCTGGGTGTGGTGGCGCATGCCTGTAATCCCAGCTACTCAGGAGGCTGAGGCAGGAGAATCACTTGAAACCAGAAGATGGAGGTTGTGGTGAGCCAAGATTGTGCCATTGCACTCCAGCCTGGGCAACAAGAGTGACACTCTATCTCAAAAAAAAAAAAAAAAAA"
"chr1","24029136","24029434","KN295596v1","93475","93775","36","23935661","GGCCGGGCGTGGTGGCTCACACCTGTAATTCCAGCACTTTGGGAAGCCAAGGCGGGCGGATCACAAGGTCAGGAGTTCGAGACCAGCCTGGCCAACATGGGGAAACCCCACCTCTACTGAAAATACAAAAATTAGCTGGGCGTGGTGGCAGGCGCCTATAATCCCAACTACTCGGGAGGCTGAGGCAGGAGAATCGCTTGAAACCAGAAGGCAGAGGTTGCAGTGAGCCAAGATCATGCCTCTGCATGCCAGCCTGGGCAACGAGAGCAAAACTCTGTCTCAAAAAAATAAATAAAAAA","GGCCGGGCGCAGTGGCTCACGCCTGTAATCTCAGCACTTTGGGAGGCCGAGGCGGGCGGATCTTGAGGTCAGGAGATCAAGACCAGCCTGGCTAACATGGTGAAACCCGTCTCTACTAAAAATACAAAAATTAGCTGGGCGTGGTGGCGGGCGCCTGTAATCCCAGCTACTCGGGAGGCTGAGGCAGGAGAATCGCTTGAAACCGGAAGGCAGAGGTTGCAATGAGCCAAGATCGTGCCACTGCACTCCAGCCTGGGCAACAAGAGCGAAACTCCATCTCCAAAAAAAAAAAAAAAAAGAA"
"chr1","24710516","24710680","KN294705v1","1778649","1778810","26","22931867","TTAGCCGGGCGTGGTGGCAGGCGCCTGTAATCCCAGCTACTCAGGAGGCTGAGGCAGGAGAATAGCTTGAAACCAGAAGGTGGAGGTTGCAATGTGCCAAGATTGCACCACTGCACTCCAGCCTAGGCAAAAGAGCGAAACTCCATCTTAAAAAAAAAAAGAGAA","GTTAGCTGGGCATGGTGGCGGGCGCCTGTAATCCCAGCTACTCAGGAGGCTGAGGCAGGAGAATCGCTTGAAACCGGAAGACAGAGTTTGCAGTGAGCTGAGATTGTGCCACTGCACTCCAGCTTGGGCAAAAGAGTGAAACTCCGTCTTGGAAAAAAAAAA"
"chr1","24755830","24755988","KN296859v1","1380930","1381092","23","23374900","TTAGCTGGGCATGGTGGTGCGTGCCTGTAGTCCCAGCTACTCAGGAGGTTGAGGCAGGAGAATCGCTTGAAACCAGGAGGCGGAGGTTGCAGTGAGCCGAGATCGCACCACTGCACTCCAGCCTGGGCAACAAGAGCAAAACTCCATCTCAAAAAAAAA","TTAGCTGGGCATGGTGGCGGGGGCCTGTAATCCCAGCTACTCGGGAGGCTAAGGCAGGAGAATCGCTTGAAACCGGAAGGAGGAGGTTGCAGTGAGCTGATATCACACCACTGCACTCCAGCCTGGGCAAAAGAGTGAACCTCCGTCTCGGGAAAAAAAAAAA"
"chr1","24823493","24823804","KN294458v1","1248815","1249123","33","23574678","GGCCGGGTGTGGTAGCTCACGCCTGTAATCCCAGCACTTTGGGAGGCCAAGGCGGGTGGATCATGAGGTCAGCAGTTTGAGACCAGCCTGACCAACATGGTGAAACCCTGTTTCTAATAAAAACACAAAAAATTAGCTGGGCGTGGTGACGGGCGCCTGTAATCCCAGCGACTTGGGAGGCTGAGGCAGGAGAATCGCTTGAAACCGGAAGGCGGAGGTTGCAGTGAGCGGAGATTGCGCCACTGTACTCTAGCCTGGACAATAAGAGCAAAACTCTGTCTCAAAAAAAAAAAAAAAAAAGACATACAAAAA","GGCCGGGCGCAGTGGCTCATCCCTGTAATACCAGCACTTTGGGAGGCCTAGGTGGGTGGATCACGAGGTCAGCAGTTGGAGACCAGCCTGACCAACATGGTGAAACCCCATCTCTACTAAAAATACAAAAAAATTAGCTGGGCATGGTGGCAGGGCCTGTAATCCCAGCGACTTGGGAGGCTGAGGCAGGAGACTTGCTTGAAACCGGAAGGTGGAGGTTGCAGTGAGCTGAGATTGCGCCACTGCACTCTAGCCTGGGCATTAAGAGCAAAACTCCGTCTCAAAAAAAAAAAAAAAAAAAAAAAAAAA"
"chr1","25502294","25502589","KN294266v1","135124","135424","31","25367170","GGCTGGGCGTGGTGGCTCACGCCTGTAATCCCAGCACTTTGAGAGGCCAAGGTGGGCAGATCACGAGGTCAGGAGTTCGAGACCAGCCTAGCCAACATGGTGAAACCCTGTCTCCACTAAAAATATAAAAATTAGCTGGGCATGGTGGTGGGTGCCTGTAATCCCAGATACTCGGGAGGCTGAGGCAGGAGAATCGCTTGAAACCAGAAGGCAGGTTGCAGTGAGCCAAGATCACGCCACTGCACTCCAGCCTGGGCAACAAGAGGAAGACTCTGTCTCAAAAAAAAAAAAAAAGA","GGCTGGGCATGGTGGCTCACGCTTGTAATCTCAGCACTTTGGGAGGCCAAGGTGGGTAGATCACAAGGTCAGGAGTTCGAGACCAGCCTGGCCAACATGGTGAAACCTCGTCTCTACTAAAAATATAAAAATTAGCCAGGCATGGTGGCAGGCGCCTGTAATCCCAGCTACTCGGGAGGCTGAGGCAGGAGAACCGCTTGAAACCAGAGGGTAGAGGTTGCAGTGAGCCGAGATCATGCCACTGCACTCCAGCCTGGGCAACAAGAATGAAACTCAGTCTCAAAAAAAAAAAAAAAAAAAA"
"chr1","26643317","26643624","KN294874v1","24300","24608","37","26619017","GGCCAGGTGCGGTGGCTCACACCTGTAATCCCAGCACTTTGGGAGGCCGAGACGGGCGGATCACGAGGTCAGCAGTTCGAGACCAGCCTGACCAACATGGTGAAACCCCGTCTCTACTAAAAATACAAAAAAATTAGCTGGGCGTGGTGGTGGGCGCCTGTAATCCCAGCTACTTGGGAGGCTGAGGCAGGAGAATCTCTTGAAACCGGAAGGTGGAGGTTGCAGTGAGCCGAGATTGCACCACTAGCCTAGGCAACGAGGCAACGAGAGCAAAACTCCGTTTCAAAAAAAAAAAAATACAAAAACAA","GGCCGGGCGCGGTGGCTCACGCCTGTAATCCCAGCACTTTGGGAGGCCGAGGCGGGTGGATCACAAGGTCAGCAGTTCGAGACCAGCCTGACCAACATGGTGAAACCCGGTCTCTAATAAAAATACAAAAAAAATAGCTGGGCGTGGTGGTGGATGCCTGTAACCCCAGCAACTTGGGAGGCTAAGGTAGGAGAATCGCTTGAAATCAGAAGGCGGAGGTTGCAGTGAGCTGAGATTGCACCACTACACTCTAGCCTGGGCAATAATAGCAAAACTCTGTCTCAAAAAAAAAAAAAAAAAAAGAACAAA"
"chr1","27188135","27188432","KN295666v1","1099598","1099901","36","26088537","GCTGGGTGCAGTGGCTCACATCTGTAATCCCAGCACTTTGGGAGGCCGAGGCGGGAGGATCACGAGGTCAGGAGTTTGAGCAGCCTGACCAACATGGTGAAACCCCTGTCTCTACTAAAAATACAAAAATTAGCCAGGCGTGGTGGTGGGTGCCTGTAATCCCAGCTACTTGGCAGGCTGAGGCAGGAGAATCGCTTGAACCCGGAAGGTGGTGGTTGCAGTGAGCTGAAATTGTGCCATTACACTCCAGCCTGGGCAACAAGAGCAAAACTCTGTCTCAAAAAAAAAAAAAAAAAAA","GGCCAGGTGCAGTGGCTCAAGCCTGTAATCCCAACACTTTGGGAGGCCGAGGCAGGTGGATCACGAGGTCAGCAGTTTGAGACCAGCCTGACCAACATGGTGAAACCCTGTCTCTACTAAAAAATACAAAAAAATTAGCTAGGCGTGGTGGTGGGCACCTGTAATCCCAGTGACTTGGGAGGCTGAGGCAGAAGAATCGCTTGAAACCAGAAGGTGGAGGTTGCAGTGAGCCAAGATTGTGCCATTGCACTCTAGCCTGGGCAATATGAGCAAAATTCAGTCTCAAAAAAAAAAAAAAAAAAAA"
"chr1","27443781","27444078","KN297313v1","656866","657157","41","26786915","GGCCAGGCGCGGTGGCTCATGCCTGTAATCCCAGGACTTTGAGAGGCTGAGGCGGGCAGATCACAAGGTCAGGAGTTCGAGACCAGCCTGGCCAACATGATGAAACGCCATATCTACTAAAAATACAAAAATTAGCCAGGTGTGGTGGTGGGTGCCTGTAATCCCAGCTACTCATGAGGCTGAGGCAGGAGAATCACTTGAACCCAGAAGGTGGAGGTTGCAGTGAGCTGAGATCACCCCCCCCTGCACTCCAGCCGGGGCAAAAGAGCAAAACTCTGTCTCTAAATAAATAAATAAA","GGCCAGGCACGGTGGCTCATGCCTGTAATCCCAGCACTTTGGGAGGCCGAGGTGGGTGGATCACGAGGTCAGGAGTTCGAGACCAGCCTGCCCAATATGGTGAAATCTCATCTCTACCAAAAATACAAAAAATTAGCCAGGCGTGGTGGCGGGCACCTGTAATCCCAGCTGCTCAGGAGGCTGAGGCAGGAGAATCACTTGAACCCAGAAGGCGGAGGTTGCAGTGAGCTGAGATCCTACCACTGCACTCCAGCCTGGGCGACAAGAGCAAAACTCCATTTCAAAAAAAAAA"
"chr1","28715318","28715623","KN295596v1","93475","93775","35","28621843","GCCGGGCGTGGTGGCTCACGCCTGCAATCCCAGCACTTTGGGAGGCCGAGGCGGGTGGATCACGAGGTCAGGAGTTTGAGACCAGCCTGGCCAACATGGTGAAACCCCGTATCTACTAAAAATACGAAAAAAAAATTAGCCGGGTGTGGTGGCGGGAGCCTGTAATCCCAGCTATTCAGGAGGCCAAGGCAGGAGAATCGCTTGAACCTGGGAAGGCAGAGGTTGCAGTGAGCCAAGATCGCACCACTGCACTCCAGCCTGGGCAACAAGAGCGAGACTCCATCTCAAAAAAAAAAAAAAAAAAAA","GGCCGGGCGCAGTGGCTCACGCCTGTAATCTCAGCACTTTGGGAGGCCGAGGCGGGCGGATCTTGAGGTCAGGAGATCAAGACCAGCCTGGCTAACATGGTGAAACCCGTCTCTACTAAAAATACAAAAATTAGCTGGGCGTGGTGGCGGGCGCCTGTAATCCCAGCTACTCGGGAGGCTGAGGCAGGAGAATCGCTTGAAACCGGAAGGCAGAGGTTGCAATGAGCCAAGATCGTGCCACTGCACTCCAGCCTGGGCAACAAGAGCGAAACTCCATCTCCAAAAAAAAAAAAAAAAAGAA"
"chr1","28747291","28747538","KN294410v1","104662","104911","44","28642629","GCCCAGCGCGGTGGCTCATGCCTGTAATCCCAGCACTTTGGGAGGCCGAGGCGAGCAGATCACGATGTCAGGAGTTCGAGACCAGCCTGGTCAACATGGTGAAACCCTGTGTCTACTAAAAATACAAAAATTAGCTGGGCATGGTGGCAGGTGCCTGTAATCCCAGCTACTACTTGCAGTGGGCTGAGATTGAGCCATTGCAATCCAGCCTGGTGAAAGAGCAAAACTTGTCTAAAAAAAAAAAAAAA","CCGGGTGTGGTGGCTCATGCCTGTAATCCCAGCACTTTGGGAGGCTGAAGTGAGCGAATCATGAGGTCAGGAGTTCGAGACCAGCCTGGCCAACATGGTGAAACCCTGTCTCCACCAAAAATACAAAACATTAGCTGGGCATGGTGGCACATGCCTGTAATCCCAGCTACTCAGGAGACTGAGGCCAGAGAATTGCCACTGCATTCCAGCCTGGGCAACAAGAGCAAAACTCCATCTCAAAAAAACAAAA"
"chr1","28754542","28754819","KN296062v1","313219","313514","49","28441323","GGCCGGGCGCGGTGGCTCATGCCTGTAATCCCAGCACTTTGGGAGGCTGAGGTGGGTAGTTCGCAAGGTCAGGAGTTCAAGACCAGCCTGGCAACATGGTGAAACCCCATCTCTACTAAAAAATTAGCTGGGCGTGGTGGTGGGTGCCTGTATTCAGGGGGCTGGGGCAGGAGAATCACTTGAAACCAGAAGGCGGCAGTTGCAGTGAGCCGAGATTGCTCCACTGCACTCCAGCCTGGGCAATGAGAGCAAAACTTCGTCTCAAACAAACAAAAAAA","GGCCGGGCGCGGTGGCTCATGCCTGCAATCCCAGCACTTTGGGAGGCCGAGGCAGGTGGATCACGAGGTCAGCAGTTTCAGACCAGCCTGATCAACATGGTGAAACCCCATCTCCACTAAAAATACAAAAAAATTAGCTGGGCGTGGTGGCGGGCACCTGTAATCCCAGCGACTTGGGAGGCTGAGGCAGGAGAATCACTTGAAACCAGAAGGCAGAGGTTGCAGTGAGCCGAGATTGCACCACTGCCCTCTAGCCCGGGCAATAAGAGCAAAACTCCGTCTCAAAAAAAAAAAAA"
"chr1","29611952","29612254","KN295596v1","93475","93775","35","29518477","GGCCAGGCGTGGTGGCTCACGCCTCTAATCCCAGCACTTTGGGAGGCCAAGGCGGGCAGATCATGAGGTCAGGAGTTTGAGACCAGCCTGGCCAACATGGTGAAACCTCGTCCCTATTAAAAATACAAAATTTAGCTGGGTGTGGTCGCGGGCGCCTGTAATCCCAACTGCTCGGGAGGCTGAGGCAGGAGAATCTCTTGAAACTGGAAGGGCGGAGGTTGCAGTGAGCCAAGATCATGCCACTGCATTCCAGCCCGGGCAACAAGAGCAAAACTCCATCTCTAAATAAATAAATAAAAGAAA","GGCCGGGCGCAGTGGCTCACGCCTGTAATCTCAGCACTTTGGGAGGCCGAGGCGGGCGGATCTTGAGGTCAGGAGATCAAGACCAGCCTGGCTAACATGGTGAAACCCGTCTCTACTAAAAATACAAAAATTAGCTGGGCGTGGTGGCGGGCGCCTGTAATCCCAGCTACTCGGGAGGCTGAGGCAGGAGAATCGCTTGAAACCGGAAGGCAGAGGTTGCAATGAGCCAAGATCGTGCCACTGCACTCCAGCCTGGGCAACAAGAGCGAAACTCCATCTCCAAAAAAAAAAAAAAAAAGAA"
"chr1","32323021","32323319","KN295633v1","1436393","1436685","39","30886628","GGCTGGGCACGGTGGCTTATGCCTGTAATCCCAGCACTTTGGGAGGCCGAGGCGGGCGGATCACAGGGTCAGGAGTTTGAGACCAGCCTGGCCAACATGGTGAAACCCCGTCTCTACTAAGAATGCGGAAATCAGCCAGGTGTGGTGGCAGGTACCTGTAATCCCAGCTACTCGGGAGGCTGAGGCAGGAGAATGGCTTGAAACTGGAGGGCAGAGATTACAGTGAGCCAAGATCACTTCACTATACTCCAGCCTGGGCAACAAGAGCAAAACTCCGTCTCAAAAAAAAAACAGACAAA","CTGGGTGTGGTGGCTCACACCTGTAATCCCAGCACTTTGGGAGGCCGAGGCGGGTGGATCATGAGGTCAAGAGTTTGAGACCAGCCTGGCCAACATGGTGAAACCCCGTCTCTACTAAAAATACAAAAATTAGCCAGGCGTGGTGGCAGGCACCTGTAATCCCAGTTACTCAGGAGGCTGAGGCAGGAGACTCGCTTGAAACTGGAAGGCGGAGGTTGCAGTGAGCCGAGATCACGACACTGCACTCCAGCCTGAGCAACAAGAGCAAAACTCCGTCTCAAAACAAAACAAAA"
"chr1","32575217","32575524","KN296154v1","3831130","3831439","36","28744087","GGCCGGGCGCGGTGGCTCACGCCTGTAATCTCAGCACTTTGGGAGGCTGAGGCGGGCAGATCATGAAGTCAGGAGTTTGAGACCAGCCTGGCCAGCATGGTGAAACCCCATCTCTACTAAAAATACAAAAATTAGCCAGGTGTGGTGGCAAGCACCTGTAATCCCAGCTACTCAGGAGGCTGGAGCAGGAGAATCGCTTGAAACCTGAAGGCAGAGGTTGCAGTGAGCTGACATTGTGCCACTGCACTCCAGCCTCGGGGAAAGAGCGAAACTGTCTCAAAAAAAAAAAAAAAAAAAAGGAAAGAAAA","GGCCGGGCTCGGTGGCTCACACCTGTAATCCCAGCACTTTGGGAGGCCGAGGTGGGTGGATCACTAAGTCAGGAGTTCAAGACCAGCCTGGCCAACATGGTGAAACCCCATCTCTACTAAAAATACAAAAATTAGCTAGGCGTGGTGGTGAGCACCTATAGTCCCAGCTACTCAGGAGGCTGAGGCAGGAGAATTGCTGGAAACCAGAAGGCGGAGGTTGCAGTGAGCTGAGATTGTGCCACTGCACTCCAGCCTGGGCAACAAGAGTAAAATGCTGTCTCAAAAAAAAAAAAAAAAAGAAAAAAGAAAA"
"chr1","32601194","32601494","KN294266v1","135124","135424","39","32466070","GGCTGGGCGCTGTGGCTCATGCCTATAATCCCAATACTTTGGGAGGCCGAGGCAGGCGGATCACAAGGTCAGGAGTTTGAAACCAGCCTGGCCAACATGGTGAAACCTCGTCTCTACTAAAAAATACAAAATTAGCCGGGCATGGTGGCGGGTGCCTATAATCCCAGCTACTCGGGAGGCTGAGGCAGGAGAATCGATTGAACCTGGAAGGCAGAAGTTGCAGTGAGCCGAGATCACACCATTGCACTCCAGCCTGGGCAACAAGAGCGAAACTCCGTCTCAAAAAAAAAAGGAAAACAAA","GGCTGGGCATGGTGGCTCACGCTTGTAATCTCAGCACTTTGGGAGGCCAAGGTGGGTAGATCACAAGGTCAGGAGTTCGAGACCAGCCTGGCCAACATGGTGAAACCTCGTCTCTACTAAAAATATAAAAATTAGCCAGGCATGGTGGCAGGCGCCTGTAATCCCAGCTACTCGGGAGGCTGAGGCAGGAGAACCGCTTGAAACCAGAGGGTAGAGGTTGCAGTGAGCCGAGATCATGCCACTGCACTCCAGCCTGGGCAACAAGAATGAAACTCAGTCTCAAAAAAAAAAAAAAAAAAAA"
"chr1","32714979","32715271","KN294172v1","2363524","2363818","33","30351455","GGCTGGGCGCGGTGGCTCATGCCTCTCATCCCAGCACTTTGGGAGGCTGAGGCGGGTGGATCACAAGGTCAGGAGTTCAAGACCAGCCTGGCCAACATGGTGAAATCCCGTCTCTACTAAAAATACAAAAGTTAGCCAGGCGTGGTGGCGGGCACCTGTAATCCCAGCTACTCAGGAGGCTGAGGCAGGAGAATCGCTTGAAACCGGAAGACGGAGGTTGCAGTGAGCCGAGATTGCACCACTGCACTCTAGCCTGGGCAAAAGAGTGAAACTCCATCTCGAAGACAAAAAAA","GGCCGGGTGCAGTGGCTCATGCCTATAATCCCAGAACTTTGGGAGGCTGAGGCAGGCGGATCATGAGGTCAGCAGTTTGAGACCAGCCTGGGCAACATAGTAGAAACCCCGTCTCTACTAAAAATACAAAAATTAGCTGGGCATGGTGGCGGGCACCTGTAATCCCAGCTACTCAGGAGGCTGAGGCAGGAGAATCACTGGAAACCAGAAGGCAGAGGTTGCAGTGAGCCAAGATTGCCCCACTGCACTCCAGCCTGGGCAACAAGAGTGATACTTCATCTCGAAGAAAAAAAAA"
"chr1","32848032","32848330","KN294705v1","1926600","1926891","38","30921432","GGTGCTGCAGCTCACACCTGTAATCCCAGCACTTTGGGAGGCCAAGGTGGGTGGATCATGAAGTCAGGAGTTCGAGACCAGCCTCGCCAAGATGGTGAAACCCCATCTCTACTAAAAATACAAAAATTAGCCGAGTATGGTGGCGGGCACCTGTAATCCCAGCTACTCGGGAGGCTGAGGCAGGAGAATTGCTTGAAACCGGAAGGCAGAGTTTGCAGTGAGCCAATATCGAGTCACTGCACTCCAGCCTGGGCAAAAGAGCGAAACTCCGTCTCAAAAAAAAATAAAGAAAAAAGAAA","GCTCATGCCTGTAATCCCAGCGCTTTGGGAGGCCCAGGCGGGCGGATCACGAGGTCAGGGGTTCGAGACCAGCCTCGCCAAGATGGTGAAACCCCATCTCTACTAAAAATACAAAAATCAGCCAGGCATGGTGGCGGGCACCTGTAATACCAACTACTTGGGAGGCTGAGGCAGGAAAATTGCTTGAAACCGGAAGGCGGAGGTTTCAGTGAGCCAGTATTGAGCCACTGCACTCCAGCCTGGGCTAAAGAATGAAACTCTGTCTCAAAAAAAGAAAGAAAGAAAAAAGAAA"
"chr1","35128977","35129133","KN296496v1","236118","236257","36","34892859","GCTGGGTGCATTGGCTCACACCTGTAATCCCAGCAGGAGAATCTCTTGAAACTGGAAGGTGGAGGTTGCAGTGAGCCGAGATTGTGCCACTGCACTCTAGCCTGGGCAATAAGAGCAAAACTTCACCTCAAAAACAAAAAACAAAAAACAAAAAAAA","TCGGGAGGTTGAGGCAGGAGAATCACTTGAAACCAGAAGGTGGAGGTTGCAGTGAGCCGAGATCGCACCACTGCACTCTAGCCTGGGCAACAGGAGCAAAACTCCATCTCAAAAAACAAACAAACAAACAAACAAACAAA"
"chr1","35816519","35816850","KN294987v1","494557","494865","46","35321962","GGCCAGGTGCGGTGGCTCACGCCTGTAATCCCAGCACTTTGGGAGGCTGAGGCAGGTGGATCACGAGGTCAGGAGTTCTAGACCAGCCTGGCCAATGTGGTGAAACCCTGTCTCTACTAAAAATACAAAAATTAGCCAGGCCTGGTGGCAGGCTCCTGTAATCCCAGCTACTGGAGAGGCTGAGGCAGGAGAATCGCTTGGAACTGGAAGGCAGAGGTTGCAGTGAGCCAAGATCAAGCCACTGCACTCCACCCTGGGTGAAAGAGCGAAACTCTGTCTCAAAAAAAAAAAAAAAAAAAAAAAGAAAGAAAGAAAGAAAAAGAAAAAAAAAA","GGCCGAGCACAGTGGCTCACGCCTGTAAGCCCAGCACTTTGGGAGGCCGAGGTGGGTGGATCACGAGGTCAGGAGTTCGAGACCAGCCTGGCCAATGTGGTGAAACCTCGTCTCTACTAAAAATACAAAAATTAGCTAGGCTTGATGGCGGGCGCCTGTAATCCCAGCTACTCGAGAGGCTGAGGCAGGAGAATCACTTGCAACTGGAAGGCAGAGGTTGCAGTGAGCCAGGATCAAGCCACTGCACTCCACCCTGGGTGAAAGAGCAAAACTCTGTCTCCAAAAAAAAAAAAAAAAAAAAAAAAAAAA"
"chr1","36308703","36308970","KN296732v1","3669496","3669767","42","32639207","GCCGGGTACGGTGGCTCACGCCTGTAATCCCAGCACTTTTGGGAGGCCGAGGCGGGTGGATCACAAAGTCAGGAGTTCAAGACTAGCCTGGCCAACATGGTGAAACCCCATCTTTACTAAAAATACAAAAATTAGCTGGGCGTGGTGGCATGCATGTGTAATCCCAGCTACTCAGGAGGCGGAGGTTGCAGTGAGCCGAGATTGTGCCATTGCACTCCAGCCTAGGCAACAAGAGCAAGACTCTATCTCAAAAAGAAAAAAAAAAAAA","GGCCGGGCGCGGTGGCTGACACCTGTAATCCCAGCACTTTGGGAGGCTGAGGCAGGTGGATCACGAGGTCAGGAGATGGAGACCATCCTGGCTAACATGGTGAAACCCTATCTCTACTAAAAATAAAAAAATTAACTGTGTGTGGTGGCGGGCGCCTGTAATCCCAGCTACTCGGGAGGCGGAGGTTGCGGTGAGCCAAGATTGCACCATTGCACTCCAGCCTGGGCAACAAGAGCGAAACTTCGTCTCAAAAAAAGAAAAAAAAAAAAAAA"
"chr1","39052878","39053193","KN295814v1","767411","767719","48","38285467","GGCTGGGCGTGGTGGCTCACGGCTGTAAACCCAGCACTATGGGAGGCCGAGGTGGGTGGATCATAAGGTCAAGAGATTGAGACCATCCTGGCCAACATGGTGAAACCCCGCCTCTACTAAAAAAATACAAAAATTAGCTGGGTGTGGTGGTGCACGGCTGTAAACCCAGCACTTGGTAGGCTGAGGCAAGAGAATCGCTTGAAGCTGGAAGGCAGAGGTTGCAATGAGCCGAGATCATGCCATTGCACTCCAGCCTGGGCAATAAGAGTGAAACTCCATCTCAAAAAAAAAACAAAAACCCCAAAAAACAAAACAA","GGCTGGGTGCTGTGGCTCACGCCTGTAATCCCAGCACTTTGGGAGACCGAGGTGGGTAGATCACAAGGTCAAGAGTTTGAGACCAGCCTGGCCAACATGGTGAAACCCTGTCTCTACTAAAAATACAAAAATTAGCGGTGTGTGGTGGCAGGTGCCTGTAACCCCAGCTATTCGGGAGGCTGAGGCAGGAGAATCGCTTGAAACTAGAAGGTTGCTGTGAGCTGAGATTATGCCACTGCACTCCAGCCTGGGCAACAAGAGTGAAACTCCGTCTCAAAAAAAAAAACCAAAAAACCAAAAAAACAAAAA"
"chr1","39198372","39198675","KN295284v1","18157","18458","40","39180215","GCCGGGCGCGGTGGCTCACTCCTGTAATCCCAGCACTTTGGGAGGCTGAGGCGGGTGGATCATGAGGTCAGGAGTTCGAGACCAGCCTAACCAATGTGATGAAACCCCGTCTCTACTAAAAATACAAAAATTAGCCGGGTGTGGTGGTGTGTGCCTGTAATCCCAGCTACTCAGGAGGCTGAGGCAGGAGAATTGCTTGGAGCCGGGAGACGGAGGTTGCAGTGAGCTGAGATCACGCCATTGCACTCCAGCCTAGGCAACAGAGCAAGAGCGAAACTCCGTCTCAAAAAAAAAAAAAAAAAAA","GGCCGGGCCTGGTGGCTCACGCCTGTAATCCCAGCACTTTGGGAGGCCGAGGCGGGTGGATCACGAGGTCAGGAGTTCGAGACCAACCTGGCCAAGATGGTGAAACCCCGTCCCTACTAAAAATACAAAAATTAGCTGGGTGCGGTGGCAGGTGCCTGTAATCCCAGCTACTTGGGAGGCTGAGGCAGGAGAATCGCTTAAAAACGGGAGGCAGAGGTTGCAGTGAGCTGGGATCACGCCACTGCACTCCAGCCTGGGCAACAAGAGTGAAAACTGCATGTCAAAAAAAAAAAAAAAAAAAA"
"chr1","40018920","40019213","KN295361v1","973283","973576","38","39045637","GGCCGGGCGTGGTGGCTCACGCCTGTAATCCCAGCACTTTGGGAGGCTGAGGTGGGCAGATCACAATTTCAGGAGTTTGAGACCAGCCTGGCCAACAGAGTAAAACCCCATCTTTACTAAAAATACAAAAATTAGCTGGGCATGGTGGCAGGCGCCTGTAATCCCAGCTACTCAGGAGGCCAAGGCAGGAGAATTGCTTGAAACTGAAAGGCAGAGGTTGCAGTGAGCTGAGATCACGCCACTGCACTCCAGCCTGGACAAAAGAGTGAAACTCCGTCTCAAAAAAAAAAAAAA","GACTGGGCGTGGTGGCTCACGCCTGTAATCCCAGCACTTTGGGAGGCTAAGGTGGGTGGATCACGATATCAGGAGTTCGAGACCAGCCTGCCCAAGATGGTGAAACCCCATCTCTACTAAAAATACAAAGATTAGCCAGGCATTGTGGCAGGCGCCTGTAATCCCAGCTACTTGGAAGGCTGAGGCAGAAGAATCGCTTGAAACTGGAAGGTGGAGGTTGCAGTGAGCCGACATCACGCCATTGCACTCCAGCCTGGGCCACAAGAGCAAAACTCTGTCTCAAAAAAAAAAAAA"
"chr1","40339249","40339411","KN294705v1","1778649","1778810","26","38560600","AATTAACCGGGTGTGGTGGCGGGCGCCTGTATTCCCAGCTACTTGGGAGGCTGAGGCAGAAGAATCGCTTGAAACCGGAAGGCAGAGGTTGCAGTGAGCAGACATTGCGACACTGCACTCCAGCCTGGGCGAAAGAGCGAAACTACATCTCAAACAAACAAAA","GTTAGCTGGGCATGGTGGCGGGCGCCTGTAATCCCAGCTACTCAGGAGGCTGAGGCAGGAGAATCGCTTGAAACCGGAAGACAGAGTTTGCAGTGAGCTGAGATTGTGCCACTGCACTCCAGCTTGGGCAAAAGAGTGAAACTCCGTCTTGGAAAAAAAAAA"
"chr1","41202048","41202333","KN296365v1","624657","624947","39","40577391","GGCTGGGCACGTTGGCTCATGCCTGTAATCCCAGCACTTTGGGAGGCCAAGGCAGGCAGATCACAAGGTCAGGAGTTTGAGACCAGCCTGGCCAACATGGTGAAACCCCGTCTCTACTAAAAATACGAAAATTAGCCGGGCGTGGTCGTGGGCACCTGTAATCCCAGCTACTCGGGAGGCTAAGACAGGAGAATCACTTGAACCCAGGATCTTGCAGTGAGCCAAGATCGCACCACTGCACTCCAGCCTGGCCAACAAGAGTGACTCTGTCTCAAAAATAAAAAAA","GGCTGGGCGCGGTGGCTCATGCCTGTAATCCCAGCACTTTGGGAGGCCAAGGCAGGCGGATCACGAGGTCAAGAGTTCGAGACCAGACTGGCCAACATGGTGAAACCCCATCTCTACTAAAAATACAAAAATTAGCCAGGCATGGTGGTGGGTGCCTGTAATCCCAGTTGCTTGGGAGGCTGAGACAGAAGAATCGCTTGAAACCAGAAGGCAGAGGTTGCAGTGAGCCAAGATGGTGCCACTGCACTCCAGCCTGGTCAACAAGAGTGAAATTCTGTCTCAAAAAAAAAA"
"chr1","42529200","42529472","KN296864v1","950676","950951","26","41578524","GCGGTGGCTCACGCCTGTAATCCCAGTACTTTGGAAAGCCAAGGTGGGCGGATCATAAGGTCAGGAGTTCGAGACCAACCTGGCCAACATGGTGAAAATACAAAAATACTAAAAATACAAAAATTAGCTGGGCGTGGTGGCGGACGCCTGTAATCCTAGCTACTTGGGGGGCTGAGGCAGGAGAATAGCTTGAAACCAGAAGACAGAGGTTGCAGTGAGCTGAGATCATGCCACTGCACTCCAGTCTGGGTGAAAGAGCAAAACTCCATCTCA","GGGCGCGGTGGCTCATGCCTGTAATCCCAGTACTTTGGGAGGTCAAGGTGGGTGGATCACAAGGTCAGGAGTTCGAGACCAGCCTGGCCAACATGGTGAAAATACAAAAATACTAAAAATACAAAAATTAGCTGGGGGTGGTGGCAGACGCCTGTAATCCTAGCTACTTGGGAGGCTGAGGCAGGAGGATAGCTTGAAACCAGAAGACAGAGGTTGCAGTGAGCCAAGATCGCACCACTGCACTCCAGCCTGGGCAAAAGAGTGAAACTCCATCTC"
"chr1","45369219","45369523","KN295441v1","1667947","1668250","41","43701272","GGCTGAGTGCAGTGGCTCACGCCTGTAATCTCAGCACTTTGGGAGGCCAAGGCAGGTGGATCACGAGGTCAAGAGTTCAAGACCAGCCTGGCCAACATTGTGAAACCCCGTCTCTACTAAAAATACAACAAAATTAGCTGGGCATGGTGGTGGGCACCTGTAATCCCAGGAGGCTGAGGCAGGAGAATCACTTGAAACCAGAAGGTGGAGGTTGCAGTTAGCCGAGATTGCACCACTGCACTCCAGCCTGGGCAACAAAAGTGAAACTCCATCTCTAAATAAATAAATAAATAAAAGGAAAGAAA","GGCTGACTGCAGTGGCTCACGCCTGTAATCCCAGCACTTTGGGAGACCGAGGCAGGCGGATCATGAGGTCAAGAGTTCGAGACGAGCCTGGCCAATATTGTGAAACCCTGCCTCTACAACAAAATTAGCTGGGCATGGTGGCGGGTGCCTGTAATTCCAGGTACTCGGGAGGCTGAGGCAGAAGAATCACTTGAAACCAGAAGGTGGAGGTTGCAGTGAGCTGAGATTGCACCACTGCACTCCAGCCTAGGCAACAAAAGTGAAACTCCGTCTCTAAATAAATAAAATAAAATAAAATAAAGAA"
"chr1","46348809","46349112","KN296154v1","3831130","3831439","42","42517679","GACTGGGCGCGGTGGTTCACACCTGTAATCTCAGCACTTTGGGAGGCCGAGGTGGGTGGATTGCGAGGTCAGGAATTCGAGACCAGCCTGGCCAACATGGTGAAACCCCATCTCTACTAAAAATACAAAAATTATCCGGGTGTGGTGGTGGGTGCCTGTAATCCCAGCTACTCAGGAGGCTGAGGCAAGAGAATTGCTTGGAACCAGAAGGCGAAGGTTGTATTGAGCTAAGATCGTGCCACTGCACTCCAGCTTGGGTAGAAAAGCGAAACTTCTTCTCAAAAAAAAAAAAAAAAAAAAAAAA","GGCCGGGCTCGGTGGCTCACACCTGTAATCCCAGCACTTTGGGAGGCCGAGGTGGGTGGATCACTAAGTCAGGAGTTCAAGACCAGCCTGGCCAACATGGTGAAACCCCATCTCTACTAAAAATACAAAAATTAGCTAGGCGTGGTGGTGAGCACCTATAGTCCCAGCTACTCAGGAGGCTGAGGCAGGAGAATTGCTGGAAACCAGAAGGCGGAGGTTGCAGTGAGCTGAGATTGTGCCACTGCACTCCAGCCTGGGCAACAAGAGTAAAATGCTGTCTCAAAAAAAAAAAAAAAAAGAAAAAAGAAAA"
"chr1","47211096","47211384","KN296936v1","85507","85802","47","47125589","GGCCAGGTACGGTGGCTCACATCTGTAATCCCAGCACTTTGGGAGGCTAAGTCAGGCAGATCACGAGGTCAGGAGTTCGAGACCAGCCTGGCCAACATGGTGAAACCCCCACTCTAATAAAAATACAAAAATTAGCTGAGTGTGGTGGCAGGCACCTGAAGCTACTTGGGAGGCTGGGGCAGGAGAACTGCTTGAAACTGGAAGGCAGAGGTTGCAGTGAGCTGACATCGCACCACTGCACTCCAGCCGGGGGAAAAGAGCAAAACTCTGTCTCAAATAAATAAATAAA","GGCTGGGCGTGGTGGCTCACGTCTGTAATCCTAGCACTTTGGGAGGCTGAGGCGGGCAGATCATGAGGTCAGGAGTTTGAGACCAGCCTGGCCGACATAGTGAAACTCCGACTCTACTAAAAATACAAAAATTAGCTGGGCGTGGTGGTGGGCACCTGTAATCTCAGCTACTTGGGAGGCTGAGGCAGGAGACTTGCTTGAAACCGGAAGGTAGAGGTTGCAGTGAGCCGAGATCATGTCACAGCACTCCAGCCTGGGCGAAAGAGCAAAACTCCGTCTCAAAAAAAAAAAAAAAA"
"chr1","47335358","47335658","KN295596v1","93475","93775","34","47241883","GCCAGGCGCTGTGGCTCACTCCTGTAATCCCAGCACTTTGGGAGGCCGAGGCTGGCGGATCACGAGGTCAGGAGTTCGAGACCAGCCTGGCTAACATGGCGAAACGTTGTCTTTACTAAAAATACAAAAATTAGCCTGGCGTGGTGGCGGGCGCCTGTAATCCCAGCTACTCCGAAGGCTGAGGCAGGAGAATCGCTTGAAACCGGAAGGCGGAGGTTGCGGTGAGCCCATATCGCGCCACTGCACACTAGCCTGGGCGAAAGAGTGAAACTCCGTCTCAAAAAAAAAAAAAAAAAAAAAA","GGCCGGGCGCAGTGGCTCACGCCTGTAATCTCAGCACTTTGGGAGGCCGAGGCGGGCGGATCTTGAGGTCAGGAGATCAAGACCAGCCTGGCTAACATGGTGAAACCCGTCTCTACTAAAAATACAAAAATTAGCTGGGCGTGGTGGCGGGCGCCTGTAATCCCAGCTACTCGGGAGGCTGAGGCAGGAGAATCGCTTGAAACCGGAAGGCAGAGGTTGCAATGAGCCAAGATCGTGCCACTGCACTCCAGCCTGGGCAACAAGAGCGAAACTCCATCTCCAAAAAAAAAAAAAAAAAGAA"
"chr1","48029064","48029347","KN295326v1","211059","211351","37","47818005","GGCCAGGCGTGGTGGCTCACGCCTCTAATCCCAGCACTTTGGGAGGCCAAGGCAGGGGGATCACAATGTTAGGAGTTCGAGACCAGCCTGGCCAACATGGTGAAACCCTGTCTCTACTAAAAAAAATTAGCCAGGCATGGTAGCATGTGCCTGTAATCCCAGCTACTTGGGAGGCTGAGGCAGGAGAATCGCCTGAAACTGGAAGGTGGAGGTTGCAGTGAACCGAGATCGCACTGCACTCCAGCCTGGGTGACAAGAGTGAAATTCCATCTTAAAAAAAAAAA","GGCCAGGTGCGGTGGCTCACGCCTGTAATCCCAGCACTTTGGGAGGTCGAGGCGGGTGGATCATAAGGTCAGGAGTTCGAGACCAGCCTGGCCAACATGGTGAAACCCCGTCTCTACTAAAAATACAAAAATTAGCCAGGCATGGTGGTAGGCGCCTGTAACCCCAGCTCCTTGGGAGGCTGAGGTAGGAGAATCGCTAGAAACTGGAGGGTGGAGGTTGCAGTGAGCCATGATTGCGCAGCTGCACTCCAGCCTGGGCAACAAGAGTGAAACTCCATCTCAAAAAAAACAAA"
"chr1","52701131","52701346","KN295244v1","361497","361702","38","52339634","CGGATCACGAGGTCAGGAGTTCGAGACCAGCCTGGCCGATATGGTGAAACCCCATCTCTACTAAAAATACAAAAATTAGGCGGGCATTGTGGTGGGCGCCTGTAATCCCAGCTATTCAGGAGGCTGAGGCAGGAGAATTGCTTGAAACCGTAAGGCGGAGGTTGCGGTGAGCCAAAATCACGCCACTGCACTCTAGCCTGGATGAAAGAGCAAAAC","AGATCAGGAGTTCGACTCCAGCCTAGCCAACATGTTGAAACCCCGTCTCTACTAAAAATACAAAAATTAGCTGGGCAAGGTGGCAGGCGCCTGTAATCCCAGCTACTCAGGAGACTGAGGCAGGAGAATCGCTTGAAACCAGAAGGCGGAGGTTGCAGTGAGCCGAGATCACGCCACTGTACTCTAGCCTGGGCAAAGGAGTGAAA"
"chr1","52720524","52720822","KN294407v1","702553","702860","43","52017971","GCTGGGCACGGTGGCTCATGCCTGTAATCCCAGCACTTTGGGAGGCTGAGGTGGGCACATCATGAGGTCAGGAGTTCGAGACCACCCTGGCCAACATGGCAAAACCCCGTCTCTACTAAAAATACAAAAATTAGCCGGGCATGGTGGTAATCCCAGCTACTCCAGAGGCTGAGGCAGGAGAATCCCTTGAAACCGGGAGGCGGAGGTTGCAGTGAGCCAAGATTGCGCCGCTGTACTCCAGCCTGGGCAAAAGAGGGAAACTCCGTCTCAATAAATAAATAAATAAGTACAAAACAAAA","GCTGGGCACAGTGGCTCACGCCTGTAATCCCAGGACTTTGGGAGCCTGAAGCAGGCAGATCACAATGTCAGGAGTTCAAGACCACTCTGGCCAACACGGCAAAACCCCGTGTCTACCAAAAATACAAAAATTAGCCGGGCATGGTGGTGGCCGCCTGTAATCCCAGCTACTCCAGAGGCTGAGGCAAAAGAATCCCTTGAAACCGGGAGGCGGAGGTTGCAGTGAGCTGAGATCGCACTCCTGCACTCCAGACTGGGCGAAAGAGGGAAACTCCATTTCAATAAATAAGTAAATAAATAAATACAAAA"
"chr1","53753565","53753874","KN296261v1","217749","218055","39","53535816","GGCCAGGCACAGTGGCTCACGCCTATAATCCCAGCACTTTGGGAGGCTGAGGCGGGCGGATCATGAGGTCAGGAGTTTGAGACCAGCCCGGCCAACATGGTGAAACGCTGTCTCTACTAAAAATACAAAAATTAGCTGGGCATGGTGGCGGGCGCCTGTAATCCCAGCTACTTGGGAGGCTGAGGCAGGAGAATTGCTTGAAACTGGGAGGAGGAGGTTGCCGTGAGCCGAGATTAGACCAGTGCACTCCAGCCTGGGTGAAAGAGTGAAACTCCGTCTCAAAAAAAATAAAAAAGAAAAAAAAAGGAAA","GGCTGGGCACGGTGGCTCACACCTGTAATCCCAGCACTTTGGGAGGCCAAGGCGGACGGATCACGAGGTCAGGAGTTCAAGACCAGCCTGGCCAACATGATGAAACTCCGTCTCTACTAAAAATACAAAAAATTAGCGGGGCATGGTGGCGGGCACCTGTAATCCCAGCTACTCGGGAGGCTGAGGCAGGAGAATTGCTTGAAACCGGAAGGCGGAGGTTGCAGTGAGCTGAGATTGCGCCACTGCACTCCAGTCTGGGCAACAAGAGTGAAACTCCGTCTTAAAAAAAAAAAAAGAAAGAAAAAAA"
"chr1","53941004","53941291","KN294407v1","1955491","1955774","27","51985513","GCCGGGCGCGGTGGCTCACACCTGTAATCCCAGCACTTTGGGAGGCTGAGGTGGGTGGATCACAAGGTCAGGAGTTTGAGACCAGCCAGGCCAACATGGTGAAACCCCGTCTCTACTAAAAATACAAAAATTAGCTGGGCGTGGTGGCTGTTGCCTGTAATCCCAGCTATTCAGGAGGCTGAGGCAGGAGAATTGCTTGAAACCGGAAGGCAGAGGTTGCAGTGAGCCAAGATCGCCCCATTGCACTCCAGCCTGGGCAACAAGACTGAGACTCCATCTCAAAAAAAA","GGTGTGGTGGCTCACGCCTGTAATCCCAGCACTTTGGGAGGCTGAGGTGGGCGGATCACGAGGTCAGGAGTTTGAGACCAGCCAGGCCAACATGGTGAAACCCTGTCTTTACTAAAAATACAAAAATTAACCTGGCGTGGTGGCAGGTGCCTGTAATCCCAGCTACTCAGGAGGCTGAGGCAGGAGAATCGCTTGAAACCGGAAGGCAGAGGTTGCATTGAGCCAAGATCGTGCCATTGCACTCTAGCTTGGGCAACAACAGTGAGACTCCGTCTCAAAACAAA"
"chr1","54436522","54436826","KN296261v1","217749","218055","41","54218773","GGCCGGGTGCGGTGGCTCACACCTGTAATCCCAGCACTTTGGGAGGCCGAGGCGGGCAGATCACGAGGTCAGGAGTTCGAGACCAACCTGGCCAACATGGTGAAATCCCGTCTCTACTAAAAACACAAAATTAGCTGGGCATGGTGGTGTATGCCTGTAATCCCAGCTACTCGGGAGGCTGAGGCAGGAGAATGGCTGGAACCCAGAAGGCAGAGGTTGCGGTGAGCCCAGATTGCACCATTGCACTCCAACCTGGGCAAGAGGAGTGAAATTCCCTCTCAAAAAATAAAAATAAAAAAAAAAAA","GGCTGGGCACGGTGGCTCACACCTGTAATCCCAGCACTTTGGGAGGCCAAGGCGGACGGATCACGAGGTCAGGAGTTCAAGACCAGCCTGGCCAACATGATGAAACTCCGTCTCTACTAAAAATACAAAAAATTAGCGGGGCATGGTGGCGGGCACCTGTAATCCCAGCTACTCGGGAGGCTGAGGCAGGAGAATTGCTTGAAACCGGAAGGCGGAGGTTGCAGTGAGCTGAGATTGCGCCACTGCACTCCAGTCTGGGCAACAAGAGTGAAACTCCGTCTTAAAAAAAAAAAAAGAAAGAAAAAAA"
"chr1","55208657","55208961","KN295533v1","912502","912808","37","54296155","GCTGGGCACGGTGGTTCACGGCTGTAATCCCAGCACTCTGGGAGGCAGAGGCAGGCGGATCACGAGGTCAGGAGTTCGAGACCAGCCTGGCCAACATGGTGAAACCCCATTTCTACTAAAAATACAAAAATTAGCAGAGCGTGGTGGCAGGCGCCTGTAATCCCAGCTACTTGGGAGGCTGAGGCAGAAGAATCGCTTGAAACTGGAAGGCGGACGTTGCAGTGAGCCAAGATCACACCACTGCACTCCAGCCTGGGTGAAAGAGCAAAACTCCATCTTAAAAAAACAAAACAAAACAAAAAAAA","GGCCCGGCGCGGTGGTTCACGCCTGTAATCCCAGCACTTTGGGAGGCGGAGGCGGGTGTATCACGAAGTCAGGAGTTCGACACCAGCCTGGTCAACATGGTGAAACCCCATCTCTACTAAAAATATAAAAATTAGCCGGGCGTGGTGGCGGGCGCCTGTAATCCCAGCTACTCGGGAGGCTGAGACAGGAGAATCGCTTGAATCTGGGAAGGCAGAGGTTGCAGTGAGCCAAGATCAAGCCACTGCACTCCAGCCTGGGCAACAAGAGCAAGACTCCTTCTGAAAACAAACAAACAAACAAACAAAA"
"chr1","59507509","59507834","KN294591v1","186818","187131","51","59320691","GGCCGGGCGTGGTTGCTCATGCCTGTAATCCCCAGCACTTTGGGAGGCCGAGGCAGGCAGATCACAAAGTCAGGAGTTTGAGACCAGCCTGGCCAACATGATGAAACCCCGTCTCTACTAAAAATACAAAAAAAAAAAAAAAAAAAAAAATTAGCCAAGCATGGTTGCAGTTGCCTGTAATCCCAGCTGCTTGGGAGGCTGAAGCAGGAGAATCGCTTGAACCCAGGAAGGCAGAGGTTGCAGTAAGCCGAGATTGCGCCACTGCACTCCATCCTGGGCAACAAGAATGAGACTCCGTCTCAAAAAAATAAATAAATAAAAAAGAA","GGCTGGGTGCGGTGGCTCACGCCTGTAATCCCAGCACCCTGGGAGACTGAGGCAGGCAGATCACGAGGTCAGGAGTTCGAGATCAGCCTGGCTAACATGGTGAAACCCTGTCTCTACTAAAAATACAAAAAAAAAAAAAAAAATTAGCCAGGAATGGTGGCAGGCACCTGTAATCCCAGCTACTCAGGAGGCTGAGGCAGGAGAATCACTTGAAACCGGAAGGCAGAGGTTGCAGTGAGCCGAGATTGCACCACTGCACTCCAGCCTGGGCGAAAGAGCATAACTCTGTCTCACAAAAAGAAAAAAAAAAAGAA"
"chr1","60221693","60221997","KN295596v1","93475","93775","45","60128218","GGCCAGGTGCGGTGGCTCATGCCTGTAATCCTAGCACTTTGGGAGGCCAAGGCGGGTGGATCATGAGGTCAGGAGCTTGAGACAAGCCTGGCCAACATGGTGAAACCCCGTCTCTACTAAAAATACACACACAAAAAAAATTATCCGAGCATGGTGGCGGGCACCTGTAATCCCAACTACTCGGGAGGCTGAGGCAGGAGAATCACTTGAAACCGGAAGACAGAGGTTGTAGTGGGCCAAGACTGTGCCACTGCACTCCAGCCTGGGCAAGAAGAGCAAAACTCCATCTAAAAAAAAAAAAAAAA","GGCCGGGCGCAGTGGCTCACGCCTGTAATCTCAGCACTTTGGGAGGCCGAGGCGGGCGGATCTTGAGGTCAGGAGATCAAGACCAGCCTGGCTAACATGGTGAAACCCGTCTCTACTAAAAATACAAAAATTAGCTGGGCGTGGTGGCGGGCGCCTGTAATCCCAGCTACTCGGGAGGCTGAGGCAGGAGAATCGCTTGAAACCGGAAGGCAGAGGTTGCAATGAGCCAAGATCGTGCCACTGCACTCCAGCCTGGGCAACAAGAGCGAAACTCCATCTCCAAAAAAAAAAAAAAAAAGAA"
"chr1","60873554","60873852","KN295596v1","93475","93775","34","60780079","GGCCGGGCGCGATGGCTCACGCCTGTAATCCCAGCACTTGGGGAGGCCGAGGCGGGCGGATCACGAGGTCAGGAGTTACACACCAGCCTGAGAAACATGGTGAAACCCCGTCTCTACTAAAAACACAAAAATTAGCCCAGCGTGGTGGCGGGCGCCTGTAATCCCAGCTACTCGGAAGGCTGAGGCAGGAGAATCGCTTGAAACTAGAAGGCGGAGGTTGCAGTGAGCTGAGATAGTGCCACTGCACCCCAGCCTGGGAGAAAGAGCGAAACTCCATCTCAAAAAGAAAAAAAGAAAAA","GGCCGGGCGCAGTGGCTCACGCCTGTAATCTCAGCACTTTGGGAGGCCGAGGCGGGCGGATCTTGAGGTCAGGAGATCAAGACCAGCCTGGCTAACATGGTGAAACCCGTCTCTACTAAAAATACAAAAATTAGCTGGGCGTGGTGGCGGGCGCCTGTAATCCCAGCTACTCGGGAGGCTGAGGCAGGAGAATCGCTTGAAACCGGAAGGCAGAGGTTGCAATGAGCCAAGATCGTGCCACTGCACTCCAGCCTGGGCAACAAGAGCGAAACTCCATCTCCAAAAAAAAAAAAAAAAAGAA"
"chr1","67450576","67450854","KN295596v1","1006928","1007211","41","66443648","GGCCAGGTGCGGTGGCTCACACCTGTAATCCCAGCACTTTGGGAGGCAGAGGCAGGTGGATCATAAGGTCAGGAGTTCGAGACCAGCCTAGCCAACATGGTGAAACCCAGTCTCTACTAAAAATACAAAAATTCACCAGCCGTGGTAGTGGACGCCTGTAATCCCAGCTACTCCGGAGACTGAGGCAGGAGAATCGCTTGAAACCAGAAGGCGGAGGTTGCAGCGAACCGAGAGCGCCACTGCACTCCAGCCTGGGTGAAAATGCAAAACTCCGTCTCA","GGCCAGGCGCAGTGGCTCACGCCTGTAATCCCAGCGCTTTAGGAGGCTGAGGCGGTCGGATCACGAGGTCAGGAGTTCAAGATCAGCCTGGACAACATGGCGAAACCCTGTCTCTACTAAAAATACAAAAATTAGCCAGACGTAGTGGCGGGCGTCTGTAATCTCAGCTACTCAGGAGGCTGAGGCAGGAGAATTGCTTGAAACCGGAAGGCGGAGGTTGCAGTGAGCCAAGATCGCACCACTGCACTCCAGCCTGGGTGAAAGAGCAAAACTCTGTCTCAAAA"
"chr1","67714918","67715216","KN295596v1","93475","93775","38","67621443","GGCCAGGCACAGTGGCTCACGCCTGTAATCCCAACACTTTGAGAGGGTGAGGCGGGTGGATCACGAGGTCAGGAGTTCAAGACCAGCCTGGCCAACATGGTGAAACCCCATCTCTACTAAAAATACAAAAATTAGCCAGGTGTGGTGGCGGGTGCCTGTAATCCCAGCTACTCGGGAGGCTAAGGCAGGAGAACCGCTTGAAATAGGTGGAGGCTGCAGTGAGCCGAGATCGCGCCACTGCACTCCAGCCTGGGCAACAAGAGTGAAACTCCATCTCAAAAACAAACAAACAAACAAAA","GGCCGGGCGCAGTGGCTCACGCCTGTAATCTCAGCACTTTGGGAGGCCGAGGCGGGCGGATCTTGAGGTCAGGAGATCAAGACCAGCCTGGCTAACATGGTGAAACCCGTCTCTACTAAAAATACAAAAATTAGCTGGGCGTGGTGGCGGGCGCCTGTAATCCCAGCTACTCGGGAGGCTGAGGCAGGAGAATCGCTTGAAACCGGAAGGCAGAGGTTGCAATGAGCCAAGATCGTGCCACTGCACTCCAGCCTGGGCAACAAGAGCGAAACTCCATCTCCAAAAAAAAAAAAAAAAAGAA"
"chr1","77351925","77352227","KN296481v1","222539","222840","28","77129386","GGCCGGGCATGGTGGCTCACACCTTTAATTCCAGCACTTTGGGAGGCCAAGGTGGGCGGATCACAAGGTCAGGAGTTCGAGACCACCCTGGCCAACATGGTGAAACCCAGTCTCTACTAAAAATACAAAAATTAGCCGGGCATGGTGGCAGGCACCTGTAATGCCAGCTACTTGGGAGGCTGAGGCAGGAGAATTGCTTGAAACCGGAAGGCAGAGGTTGCAGTGAGCCGAGATTGCACCACTGCACTCCAGCCTGGGCAACAAGAGCGAAACTCCATCTCAAGAAAAAAAAAAAAAAAAGAA","GGCCGGGCACAGTGGCTCACACCTGTAATCCCAGCACTTTGGGAGGCCAAGGTGGGCAGATCACAAGGTCAGGAGTTCAAGACCACCCTGGCCAACATGGTAAAACCCGTCTCTACTAAAAATACAAAAATTAACCAGGCGTGGTGGCGGGCACCTATAATCCCAGTTACTCGGGAGGCTGAGGCAGGAGAATTGCTTGAAACCAGAAGGCAGAGGTTGCCGTGAGCCAAGATCGCACCATTGCACTCCAGCCTGGGTGAAAGAGCGAAACTCCATCTCAAAAAAAGAAAAAAAAAACAAAA"
"chr1","77491305","77491604","KN295284v1","18157","18458","36","77473148","GGCTGAGCACGGTGACTCATGCCTGTAATCCCAGCACTTTGGGAGGCCAAGGCCGGTGGATCACGAGGTCAGGAGTTCGAGACCAGCCTGGCCAACATGGTGAAACCCCGTCTCTACGAAAAACACAAAAATTAGCCGGGCGCCATGGCAGGCGCCTGTAATCCCAGCTACTCGGGAGGCTGAGGCAGGAGAATCACTTGAAAACAGAAGGCGGAGGTTGCAGTGAGCCGAGATAGCACCACTGCACTCCAGCCTGGGAGAAAGAGCAAAACTCCATCTCAAAAAAAAAAAAAAAAAAAA","GGCCGGGCCTGGTGGCTCACGCCTGTAATCCCAGCACTTTGGGAGGCCGAGGCGGGTGGATCACGAGGTCAGGAGTTCGAGACCAACCTGGCCAAGATGGTGAAACCCCGTCCCTACTAAAAATACAAAAATTAGCTGGGTGCGGTGGCAGGTGCCTGTAATCCCAGCTACTTGGGAGGCTGAGGCAGGAGAATCGCTTAAAAACGGGAGGCAGAGGTTGCAGTGAGCTGGGATCACGCCACTGCACTCCAGCCTGGGCAACAAGAGTGAAAACTGCATGTCAAAAAAAAAAAAAAAAAAAA"
"chr1","77914577","77914877","KN294266v1","135124","135424","30","77779453","GGCCTGGCACGGTGGCTCACGCCTGTAATCCCAGCACTTTGGGAGGCCTAGGTGGGTGGATCACAAGGTCAGGAGTTCGAGACCAGCCTAGCCAACATGGTGAAACCCCATCTCTACTAAAAATACAAAAATTAGCTGGGTGTGGTGGTGGGAGCCTGTAATCCCAGCTACTCAGGAGGCTGAGGCAGGAGAATCGCTTGAAACTGGAAGGCGGAGGTTGCAGTGAGCCGAGATCATGCCACTGCACTCCAGCCTGGGCAACAAGAGCGAAACTACGTCTCAAAAAAAAAAAAAAAGAAAA","GGCTGGGCATGGTGGCTCACGCTTGTAATCTCAGCACTTTGGGAGGCCAAGGTGGGTAGATCACAAGGTCAGGAGTTCGAGACCAGCCTGGCCAACATGGTGAAACCTCGTCTCTACTAAAAATATAAAAATTAGCCAGGCATGGTGGCAGGCGCCTGTAATCCCAGCTACTCGGGAGGCTGAGGCAGGAGAACCGCTTGAAACCAGAGGGTAGAGGTTGCAGTGAGCCGAGATCATGCCACTGCACTCCAGCCTGGGCAACAAGAATGAAACTCAGTCTCAAAAAAAAAAAAAAAAAAAA"
"chr1","81189264","81189560","KN294266v1","135124","135424","37","81054140","GGCTGGGCGCCGTGGCTTACACCTGTAATCCCAGCACTTTGGGAGGCCTAGGCAGGCGGATCACGAGGTCAGGAGTTAGAGACCAGCCTGGCCAACATGGTGAAATCCCGTCTCTACTAAAAATACAAAAATTAGCCGGGATAATGGCAGGCGCCTGTAATCCCAGCTACTCAGGAGGCTGAGGCAGGAGAATCTCTTGAAACCAGAAGGTGGAGGTTGCAGTGAGCCGAGATCATGCCACTGCACTCCATCCTGGGCGAAAGAGTGAAACTCCGTCTCATCAAAGGAAAAAAAAAA","GGCTGGGCATGGTGGCTCACGCTTGTAATCTCAGCACTTTGGGAGGCCAAGGTGGGTAGATCACAAGGTCAGGAGTTCGAGACCAGCCTGGCCAACATGGTGAAACCTCGTCTCTACTAAAAATATAAAAATTAGCCAGGCATGGTGGCAGGCGCCTGTAATCCCAGCTACTCGGGAGGCTGAGGCAGGAGAACCGCTTGAAACCAGAGGGTAGAGGTTGCAGTGAGCCGAGATCATGCCACTGCACTCCAGCCTGGGCAACAAGAATGAAACTCAGTCTCAAAAAAAAAAAAAAAAAAAA"
"chr1","85457708","85457988","KN295526v1","50675","50959","39","85407033","GGCTGGGTGTGGTGGCTCACGCCTGTAATCCCAGCACTTTGGGAGGCCAAGGTGGGCGGATCATGAGGTCAGGAGTTCAAAACCAGCCTGGCCAACATGGTGAAACCCCCATCTCTACTAAAAATACAAAAATTAGCTGGGCGTGCTGGCAGGCGCCTGTAGTCCCAGCTACTCGGGAGGCTGAGGCAGGACACTCACTCGAAACGAGAAGGCAGAGGTTGCAGTGAGCCAAGATCACGCCACAGCACTCCGGCCTGGGCAACAAGAGCGAAACTCCGTCT","GGCCGGGCGTGGTGGCTCATGCCTGTAATCCCAGCCCTTTGGGAGGCCAAGGTGGTTGGATCACGCTGTCAGGAGTTCGAGACCAGCCTGGCCAACATGGTGAAACCCCATCTCTACTAAAAATACAAAAATTAGCCAGGCATGGTGGCAGGCGTCTGTAATCCCAGCTACTCGGGAGGCTGAGGCAGGAGAATCACTTGAACCCGGAAGGCAGAGGTTGCAGTGAGCCGAGATCATACCACTGCACTCTAGCCTGGGCAAAAGAGTGAAACTCCATCTCAAAAA"
"chr1","85740828","85741147","KN296547v1","983380","983701","47","84757448","GGCCGGGCACGGTGGCTCACGCCTGTAATCCCAGCACTTTGGGAGGCCGAGGCGGGCAGATCACGAGGTCAGCAGTTTGAGACCAGCCTGGCCAAGACGGTGAAACCCTGTCTCTTCTAAAAATACAAAAAAAAAAAAAAAATTAGCTGGGCATCGTGGCTGGCGCCTATAATCCCAGCTACTTGGGAGGCTGAGGCTGGAGAATCGCTTGAACCTGGAAGGCGGAGGTTGCAGTGAGCCGAGATCGAGCCACTGCACTCCAGCCTAGGCACAGGGGTGAAACTCTGCCTCAAAAAAAAAAAAAAGAAAAGAAAAGAAAA","GGCTGGGCGCGGTGGCTCACGCTTGTAATCCCAGCACTTTGGGAGGCTGAGGCGGGCAGATCACAAGGTCAGGAGTTTGAGACCAGCCTGGAAAACATGGTGAAAACTCATCTCTACTAAAAATACAAAAAAAAAAAAAAATTAGCTGGGCGTGGTGGTGGGCGCCTGTAACCCCAGCTACTCAGGAGGCTGAGCCAGGAGAATCGCTTGAACCCAGAAAGGTGGAGGTTGTAGTGAGCCAAGATGATGCCACTGCACTCCAGCCTGGGCAACAAGAGTAAGACTACATCTCAAAAAAAAAAAAAAAAAAAAAGAAAGAAAA"
"chr1","89443826","89444134","KN296119v1","3459634","3459942","42","85984192","GGCCAGGCGTGGTGGCTCACGCCTGAAATCCCAGGACTTTGGAAGGCCAAGGCTGGTGGATCATGAGGTCAGGAGTTCGAGACCAGCCTGGCCTACGTGGTGAAACCTTATCTCTACTAAAAATACAAAAATTAGCTAGGTGTGGTAGCAGGTGCCTGTAATCCCAGCTACTCCAGAGGCTGAGGCGGGAGAATTGCTTGAAACTGGAAGGTGGAGGTTGCAGTGAGCCAAGATTGTGCCACTGCACTCTAGCCTGGGCAACAAGAGTGAAACTCTGTCTCAAAAAAACAAACAAACAAAAAAACAAAA","GGCCAGGTGTGGTGGCTCACACCAGTAATCCCAGCACTTTGGGAGGCCAAGGCAGGCGGTGTATGAGGTCAGGAGTTTGAGACCAGCCTGGCCAACATGGTGAAACCCTGTCTCTACTAAAAATACAAAAATTAGCCAGGTGTGGTGGCGGGTGCCTGTAATCTCAGCTACTCAGGAAGCTGAGGCAGGAGAAGCGCTTGAAACAGGAAGGCGGAGGTTGCAATGAGCTGAGATTGCACCACTGCACTCCAGCCTGGGCAACAAGAGTGAAACTTCATATCAAAAAAAAAAAAAAAAAAAAAAAAAAAA"
"chr1","91536179","91536487","KN294630v1","180208","180517","42","91355971","GGCCGGACACGGTGGCTCACGCCTGTAATCCCAGCACTCTGGGAGGCCGAGGGTGGGCAGATCACGAGGTCAGGAGTTCGAGAAAACCTGGCCAATATGGTGAAACCCCATCTATACTAAAAATACAAAAATTAGCCGGGCGTGGTGGCAGGCGCCTGTAATCCCAGCTACTTGGGAAAGTGAGGCAGGAGAATGGCTTGAAATCGGAAGGCAGAGGTTGCAGTGAGCCGAGATGACGCCACTGCATTCCAGCCTGAGTAACATGAGCAAAACTCCGTCTCAAAAAAAAAAAAAAAAAAAAAAAAAAAA","GGCCGGGCGTGGTGGCTCACGCCTGTAATCCCTGCACTTTGGAAGGCTAAGGTGGGCAGATCACGAGGTCAGGAGGTCGCGACCAGCCTGGCCAACATGGTGAAACCCCGTCGCTACTAAAAATACAAAAATTAGCCAGGAGTGGTGGCGGGTGCCTGTAGTCCCAGCTACTCAGGAGGCTGAGGCAGGAGAATTGCTTGAAACCAGAAGGCGGAGGTTGCAGGGAGCCGAGATCATGCCACTGCACTCCAGCCTGGGCGACAGAGCAAAACTCCGTCTCAAAAAAAAAAAAAAAAAAAAAAAAGGAAAA"
"chr1","91936375","91936680","KN296128v1","46047","46360","35","91890328","GGCAGGGCGCGGTGGCTCACAACTATAATCCCAGCACTTTGGAGGCTGAGGCGGGCGGATCACGAGGTCAGGAGTTCAAGACCAGCCTGGTCAACATGGTGAAATCCCGTCTCTACTAAAAATACAAAAATTAGCCAGGCGTGGTGGCAGGCGCCTGTAGTCCCAGCTACTCAGGAGGCTGAGGCAGGACAATCTCTTGAAAACTGGAAGGCAGAGGTTGCAGTGAGCTGAGATCGAGCCATTGCACTCCAGCCTGGGTGAAAGAGCGAAACTCCATCTCAAAAAAAAAAAAAAAAAAAAAAAAAA","GGCCTGGTGCGGTGGCTCACTCACACCTGTAATCCCTGCACTTTGGGAGGCCAAGGCGGGTGGATCACAAGGTCAGGAGTTCGAGACCATCCTGGCCAACATGGTGAAACCCCGTCTCTACTAAAAATACAAAAATTAGCCAGGCATGGTGGCAGGTGCCTGTAGTCCCAGCTACTCAGGAGGCTGAGGCAGGAGAATCACTGGAAACTGGAAGGCAGAGGTTGCAGTGAGCTGAGATTGCACCATTGCACTCCAGCCTGGGCAACAAGAGCAAAACTCCATCTCAACAACAACAACAAAAAAAAAAAAAAAAA"
"chr1","94556928","94557208","KN296138v1","292112","292391","43","94264816","GGCCCGGCACGGTGGCTCACGCTTGTAATTCTCAGCACTTTGGGAGGCCAAGGGGGGCGGATCATGAGGTCAGGAGTTCAAGACCAGCCTGGCCAACATGGTGAAACCCTGTCTCTACTAAAAATAGAAAAATCAGCGGGGCTTGGTGGTACGTGCCTGTAATCCCAGCTACTCGGGAGACAGAGGCATGAGAATCACTTGAAGCCAGGAGGCAGAGGTTGCAGTGAGCTGAGATCATACCATTGTACTATAGCCTGGGCAACAAGAGGGAAACCCTGTCT","GGCCAGGCATGTTGGCTCATGCCTGTAATCCCAGCACTTTGGGAGGCTGAGGTGGGCGGATCACAAGGTCAGGAGTTCAAGACCAGCCTGGCCAACATGGTGAAATCCCGTCTCTACTAAAAATATAAAAATTAGCTCAGTGTGGTGGCACGTGCCTATAATCCCAGCTACATGGGAGGCTGAGGCACGAGAATCGCTTGACCCCAGAAGGCAGAGGTTGCAGTGAGCTGAGACTGCACCACTGCACTCCAGCCTGGGCAACAAGAGCGAAACTCCGTCT"
"chr1","100160627","100160923","KN297322v1","575940","576234","40","99584687","GGCTGGGCGCAGTGGCTTACACGTGTAATCCCAACACTTTGGGAGGCTGAGGCTGGTGGATCACAAGGTCAGGAGTTCGAGACCAGCCTGGCCAACACGGTGAAAACCCGTTTCTACTAAAAATACAAAAAATTAGCCGGGTGTGGTGGTGGACGCCTGTAATCCTGGCTACTCGGGAGTCTGAGGCAGGAGAATCACTTGAAACTGGAAGGCAGAGGTTGCAGTGGGCCGAGATCGGGCCACTGCACTCCAGCCTGGGCAAAAGAGTGAAACTCTCTCTCTCAAAAAAAAAAAAAA","GGCTGGGCACAGTGGCTCATGCCTGTAATCCCAGCACTTTGGGAGGCTGAGGCGGGCAGATCACAAGGTCAGTATTTTAAGACCAGCCTGGCCAACATGGTGAAATCCCATCTCTACTAAAAATACAAAAATTAGCCAGACGTGGTGGCAGACGCCTGTAATCCCGGCTACTCAGGAGGCTGAGGCAGGAGAATCGCTTGAAACCGGAAGGCAGAGGTTGCAGTAAGCCAAGATCATGCCACTGTACTCCAGCCTGGGCGAAAGAGCGAAACTTCATCTCAAAAAAAAAAAAAAA"
"chr1","101496544","101496844","KN296062v1","313219","313514","28","101183325","GGCCGGGGGCAGTGGCTCACACCTGTAATCCCAGCACTTTGGGAGGCTGAGGCAGGTGGATCACGAGGTCAGCAGTTCAAAACCAGCCTGACCAACATGGTGAAACCCCGTCTCTACTAAAAATACAAAAAAAAAAATTAGCTGGGCATGGTGGCAGGCACCTGTAATCCCAGCGACTTGGGAGGCTGAGTCAGGAGAATTGCTTGAAACCAAAATGCAGAGGTTGCAGTGAGCCGAGATTGCACCACTGCACTCTAGCCTGGGCAATAAGAGCAAAACTCAGTATCCAAAAAAAAAAAAA","GGCCGGGCGCGGTGGCTCATGCCTGCAATCCCAGCACTTTGGGAGGCCGAGGCAGGTGGATCACGAGGTCAGCAGTTTCAGACCAGCCTGATCAACATGGTGAAACCCCATCTCCACTAAAAATACAAAAAAATTAGCTGGGCGTGGTGGCGGGCACCTGTAATCCCAGCGACTTGGGAGGCTGAGGCAGGAGAATCACTTGAAACCAGAAGGCAGAGGTTGCAGTGAGCCGAGATTGCACCACTGCCCTCTAGCCCGGGCAATAAGAGCAAAACTCCGTCTCAAAAAAAAAAAAA"
"chr1","104538151","104538436","KN294685v1","345092","345373","41","104193059","GGCCGGGCGCAGTGGCTCACGCCTGTAATCTCAGCACTTTGTGAGGCCAAGGCAGGTGGATCATGAGGTCAGGGGTTCGAGACCAGCCTGGCCAACATTGTGAAACCCCGTCTCTACTAAAAAAATACAAAAAATTAGCAGAGCGTGGTGTGGCAGGCACCTGTAATCCCAGCTACTCAGGAGGCTGAGGCAGGAGAATCACTTGAAACCGGAAGGTGGAGGTTACAATGAGCCGAGATCGTGCCATTGCACTCCAGCCTGGCAAGAAGAGTGAAACTCCATCTCA","GGCCGGGCGCAGTGGCTCACCCCTGTAATCCCAGTACTTTGGGAGGCTGAGGTGGGTGGATCATGAGGTCAAGAGTTAGAGACCAGCCTGGCCAACATGATGAAACCCCATCTCTATTAAAAATACAAAAATTAGCCAGGCTTGGTGGCGGGCACCTGTAATCCCAGCTACTCGGGAGGCTGAGGCAGGGGAATCGCTTGAAACTGGAAGGTCGAGGCAGCAGTGAGCCAAGATCGCACCACTGCACTCCAGCCTGGGCAACAAGAGCAAAACTCCATCTCA"
"chr1","111885677","111885969","KN295633v1","1436393","1436685","33","110449284","GCTGGGTACGGTGGCTCACGCCTGTAATCCCAGCACTTTAGGAGGCCGAGGCAGGTGGATCACGAGGTCAGGAGTTCGAGACCAGCCTGGCCAACATGGTGAAACCCCATCTCTACTAAAAATATAAAAATTAGCTGGGCATGGTGGCAGGCGCCTGTAATCCCAGCTACTCAGGAGGCTGAGGCAGGAGAATCGCTTGAAACCAGAAGGCGGAGGTTGCAGTGAGCCAAAATCACGCCACTCTACTCCAGCCTGGGTGACAAGAGTGAAACTCTGTCTAAAAAAAAAAAAAA","CTGGGTGTGGTGGCTCACACCTGTAATCCCAGCACTTTGGGAGGCCGAGGCGGGTGGATCATGAGGTCAAGAGTTTGAGACCAGCCTGGCCAACATGGTGAAACCCCGTCTCTACTAAAAATACAAAAATTAGCCAGGCGTGGTGGCAGGCACCTGTAATCCCAGTTACTCAGGAGGCTGAGGCAGGAGACTCGCTTGAAACTGGAAGGCGGAGGTTGCAGTGAGCCGAGATCACGACACTGCACTCCAGCCTGAGCAACAAGAGCAAAACTCCGTCTCAAAACAAAACAAAA"
"chr1","115162102","115162386","KN295596v1","93475","93775","45","115068627","GGCTGGGCGCAGTGGCTCACGCCTGTAATCCCAGCACTTTGGGAGGCTGAGGTGGGCGGATCAGGTGGTCAGGAGTTCGAGACCAGCCTGGCCAACATGGCGAAACCCTGTCTCTACTAAAAATACAAAAATTAGCTGGGTTTGGTGGCAGGTGCCTGTAATCCCAGTTACTCAGGAGGCTGAGACAGGACTCAGGAGGCAGAGGTTGCAGTGAGCCAAGATTGTGCCATTGCACTCCAGCCTGGGCAACAAGAGCAAGACTCTGTCTCCAGAAAAAAAAAAAAA","GGCCGGGCGCAGTGGCTCACGCCTGTAATCTCAGCACTTTGGGAGGCCGAGGCGGGCGGATCTTGAGGTCAGGAGATCAAGACCAGCCTGGCTAACATGGTGAAACCCGTCTCTACTAAAAATACAAAAATTAGCTGGGCGTGGTGGCGGGCGCCTGTAATCCCAGCTACTCGGGAGGCTGAGGCAGGAGAATCGCTTGAAACCGGAAGGCAGAGGTTGCAATGAGCCAAGATCGTGCCACTGCACTCCAGCCTGGGCAACAAGAGCGAAACTCCATCTCCAAAAAAAAAAAAAAAAAGAA"
"chr1","116229331","116229640","KN294269v1","1120063","1120370","39","115109268","GCTGGGCGCAGTGGCTCACGCCTGTAATCCCAGCATTTTGGGAGGCCGAGGTGAGTGTATCATGAGGTCAGGAGTTTGAGACCAACCTGGTCAGCATGGTGAAACCCCGTCTCTACTAAAAATACAAAAATTAGCCAGGTGTGGTGGCAGGTACCTGTAATCTCAGCTACTTGGGAGGCTGAGGCAGGAGAATAGCTTGAAACTGGAAGGTGGAGGTTGCAGTGAGCCAAGATTGCACCACTGCATTCCAGCCTGGGCAACAAGAGTGAAACTCTGTCAAAAAAAAAAAAAAAGAAAAAGAAAAAGAAAA","GGCCAGGCACGGTGGCTCACGCCTGTAATCCCAGCATTTTGGGAGGCCAAGGTGGGCAGATCACAAGGTCAGGAGTTTGAGATCGGCCTGGCCAACATGGTGAAACCCCGTCTCTACTAAAAATACAAAATTAGCCAGGTGTGGTGGTGGACGCCTGTAATCCCAGCTACTTGGGAGGCTGAGGCAGGAGAATCACTTGAAACTGGTAGGTGGAGGTTGCAGTGAGACTAGATCATGCCACTGCATTCCAGCCTGGGCAACAAGAGCGAAACTGTCTCAAAAAAAAAAAAAAAAAAAAAAAAAAAAAA"
"chr1","120949972","120950253","KN296000v1","1398566","1398839","40","119551406","GGCCAGTCGAGGTGGCTCATGCCTGTAATCCCAGCACTTTGGGAGGCCGAGGTGGGCTGATCACGAGGTCAGGAGTTTGAGACTAGCCTGGCCAACATGGTGAAACCCCATCTCTACTAAAAATACAAAAATTACCCGGGCATGGTGTCTGGTGCCTGTAATCCCAGCTACTCGGGATGCTGAGGCAGGAGAATCACTTGAAACCAAAAGGTGAAGGTTGCAGTGAGCAGAGATTGCACCATTGCAGTTCAGCCCGGGCAAAAGAGCAAAACTCTGTCTCAA","GGCCAGGCACGGTGGCTCACGCCTGTAATCCCAGCACTTTGGGAGGCCAGTGTGGGTGGATCACGAGGTCAGGAGTTCGAGACCAGCCTGGCCAACATGGTGAAACCCTGTCTCTACTAAAAATACAAAAATTAGCCAGGCATGGTGGTGGGAGCCTGTAATCCCAGCTACTTGGGAGGCTGAGGCAGGAGAATCACTTGAAACCGGAAGGCGGAGGTTACAGTGAGCCTAGATTGCGCCACTTCAGCCTGGGCGAAAGAGCAGAACTGTTTCA"
"chr1","121153770","121154027","KN295352v1","1023105","1023367","36","120130665","GAGGCCAAGGCGGGCAGATCATGAGGTCAGGAGTTTAAGACAAGCCTGGCCAACATGGTGAAACCCCATCTCTACTGAAAATACAAAAATTAGTCGGGTGTGGTGGCAGGAGCCTGTAATCCCAGCTACTCGGGAGGCTGAGTCAGAAGAATCGCTTGAAACTGGAAGGTGGAGGTTACAGTGAGCTGAGATCGTACCACTGCACTCTAGCCTGGGCAACAAGAGTGAAACTCCATCTCAAAAAAAAAAAAAAAAGAA","AGGCCAAGGCAGGTGAATCGCGAGGTCTGGAGTTCGAGACAAGCCTGGCCAACACGGTGAAAACCCATCTCTACTAAAAATACAAATATTAGCGGGGCATAGTGGCAGGCGCCTGTAATCCCAGCTACTTGGGAGACTGAGTCAGGAGAATCGTTTGAAACTGGAAGGTGGAGTTTGCAGTGAGCTGAGATAGTACCATTGCACTCTAGCCTGGGCAACAACAGTGAAACTCGATCTCAAAAAAAAAAAAAAAAAGAAAAGAA"
"chr1","143941399","143941656","KN295352v1","1023105","1023367","36","142918294","GAGGCCAAGGCGGGCGGATCATGAGGTCAGGAGTTTAAGACAAGCCTGGCCAACATGGTGAAACCCCATCTCTACTGAAAATACAAAAATTAGTCGGGTGTGGTGGCAGGAGCCTGTAATCCCAGCTACTCAGGAGGCTGAGTCAGAAGAATCGCTTGAAACTGGAAGGTGGAGGTTACAGTGAGCTGAGATCGTACCACTGCACTCTAGCCTGGGCAACAAGAGTGAAACTCCATCTCAAAAAAAAAAAAAAAAGAA","AGGCCAAGGCAGGTGAATCGCGAGGTCTGGAGTTCGAGACAAGCCTGGCCAACACGGTGAAAACCCATCTCTACTAAAAATACAAATATTAGCGGGGCATAGTGGCAGGCGCCTGTAATCCCAGCTACTTGGGAGACTGAGTCAGGAGAATCGTTTGAAACTGGAAGGTGGAGTTTGCAGTGAGCTGAGATAGTACCATTGCACTCTAGCCTGGGCAACAACAGTGAAACTCGATCTCAAAAAAAAAAAAAAAAAGAAAAGAA"
"chr1","145126316","145126573","KN295352v1","1023105","1023367","35","144103211","GAGGCCAAGGCGGGCGGATCATGAGGTCAGGAGTTTAAGACAAGCCTGGCCAACATGGTGAAACCCCATCTCTACTGAAAATACAAAAATTAGTCGGGTGTGGTGGCAGGAGCCTGTAATCCCAGCTACTCGGGAGGCTGAGTCAGAAGAATCGCTTGAAACTGGAAGGTGGAGGTTACAGTGAGCTGAGATCGTACCACTGCACTCTAGCCTGGGCAACAAGAGTGAAACTCCATCTCAAAAAAAAAAAAAAAAGAA","AGGCCAAGGCAGGTGAATCGCGAGGTCTGGAGTTCGAGACAAGCCTGGCCAACACGGTGAAAACCCATCTCTACTAAAAATACAAATATTAGCGGGGCATAGTGGCAGGCGCCTGTAATCCCAGCTACTTGGGAGACTGAGTCAGGAGAATCGTTTGAAACTGGAAGGTGGAGTTTGCAGTGAGCTGAGATAGTACCATTGCACTCTAGCCTGGGCAACAACAGTGAAACTCGATCTCAAAAAAAAAAAAAAAAAGAAAAGAA"
"chr1","145496464","145496680","KN296063v1","507074","507302","45","144989390","GAGATCCAACCTGGCCAACATGGTGAAACCCTCGTCTCTACTAAAAATACAAAAATTAGCCAGGCATGGTGGCAGGCGCCTGTAATCCCAGCTACTCGGGAGGCTGAGGCAGGAGAATCACTTGAAACTGTAAGGCAGAGGATGCAGTGAGCCGAGATTGTGCTACTGCACTCCAGCCTGGGTGAAAGAGGGAAACTCCGTTTAAAAAAAAAAAAAA","GGAGTTGAGACCAGCCTGGCCAACATGGTGAAACCCCGTCTCTACTAAAAATACAAAAATTAGCCGGGCGTGGTGGCAAGTTGCTGTAGTGCCAGCTACTTGGGAGGCTGAGGCAGGAGAATCGCTTGAAACCAGAAGGCGGAGGCTGCAGTGAGCAGAGATCACGCCACTGTACTACAGCCTGGTCAATAAGAGCAAAACTTCGTCTCAAAAACAAACAAACAAAAAA"
"chr1","145814379","145814595","KN296063v1","507074","507302","41","145307305","GAGATCCAACCTGGCCAACATGGTGAAACCCTCGTCTCTACTAAAAATACAAAAATTAGCCAGGCGTGGTGGCAGGCACCTGTAATCCCAGCTACTTGGGAGGCTGAGGCAGGAGAATCACTTGAAACTGTAAGGCAGAGGATGCAGTGAGCCGAGATCGTGCCACTGCACTCCAGCCTGGGTGAAAGAGGGAAACTCCGTTTAAAAAAAAAAAAAA","GGAGTTGAGACCAGCCTGGCCAACATGGTGAAACCCCGTCTCTACTAAAAATACAAAAATTAGCCGGGCGTGGTGGCAAGTTGCTGTAGTGCCAGCTACTTGGGAGGCTGAGGCAGGAGAATCGCTTGAAACCAGAAGGCGGAGGCTGCAGTGAGCAGAGATCACGCCACTGTACTACAGCCTGGTCAATAAGAGCAAAACTTCGTCTCAAAAACAAACAAACAAAAAA"
"chr1","148069605","148069830","KN294416v1","812211","812430","41","147257394","GAGATCCAACCTGGCCAACATGGTGAAACCCTCGTCTCTACTAAAAATACAAAAATTAGCCAGGCATGGTGGCAGGCGCCTGTAATCCCAGCTACTTGGGAGGCTGAGGCAGGAGAATCACTTGAAACTGTAAGGCAGAGGATGCAGTGAGCCAAGATCGTGCTACTGCACTCCAGCCTGGGTGAAAGAGGGAAACTCTGTTAAAAAAAAAAAAAAAAAAAAAAAA","TGGCCAACATGGTGAAACGCTGTCTCTACTAAAAATACAAAAATTAACCTGGCATGGTGGCTGGCACCTGTAATCCCAGCTACTCGGGAGGCTGAGGCAGGAGAATCACTTGAAACCAGAAGGCGGAGGTTGCAACGAGCTGAGATCGTGCCACTGCACTCCAGCCTGGGCAACAAGAGTGAAACTCCATCTCAAAAAAAACAAACAACAACAACAAAAA"
"chr1","149644115","149644395","KN294685v1","345092","345373","35","149299023","GGCCAGGCGAGGTGGCTCACGCCTGTAATCCCAGCACTTTGGGAGGCCGAGGTGGGCTGATCATGAGGTCAGGAGTTTGAGACTAGCCTGGCCAACATGGTGAAACCCCATCTCTACTAAAAATACAAAAATTACCCGGGCATGGTGTCTGGTGCCTGTAATCCCAGCTACTCGGGATGCTGAGGCAGGAGAATCGCTTGAAACCAGAAGGTGGAGGTTGCAGTGAGCAGAGATTGCACCACTGCACTTCAGCCCGGGCAAAAGAGCAAAACTCTGTCTCA","GGCCGGGCGCAGTGGCTCACCCCTGTAATCCCAGTACTTTGGGAGGCTGAGGTGGGTGGATCATGAGGTCAAGAGTTAGAGACCAGCCTGGCCAACATGATGAAACCCCATCTCTATTAAAAATACAAAAATTAGCCAGGCTTGGTGGCGGGCACCTGTAATCCCAGCTACTCGGGAGGCTGAGGCAGGGGAATCGCTTGAAACTGGAAGGTCGAGGCAGCAGTGAGCCAAGATCGCACCACTGCACTCCAGCCTGGGCAACAAGAGCAAAACTCCATCTCA"
"chr1","150228409","150228713","KN296062v1","313219","313514","32","149915190","GGCCGGGGCGTGGTGGCTCACGCTGGTAATCCCAGCACTTTAGGAGGCTGAGGCAGGTGGATCACGAGGTCAGCAGTTCGAGACCAGCCTGACCAACATGGTGAAACCTCGTCTCTACTAAAAATACAAAAAAATTAGCTGGGAGTGGTGGCGGGCACCTGTAATCCCAGCAACTTGGGAGGCTGAGGCAGGAGAACTGCTTGAAACCAGAAGGCAGAGGTTGCAGTGAGCCGAGATTGTGCCACTGCACTCTAGCCTGGGCAATAAGAGCAAAACTCCCTCTCAACATAAAAAAAAAAAAAAAA","GGCCGGGCGCGGTGGCTCATGCCTGCAATCCCAGCACTTTGGGAGGCCGAGGCAGGTGGATCACGAGGTCAGCAGTTTCAGACCAGCCTGATCAACATGGTGAAACCCCATCTCCACTAAAAATACAAAAAAATTAGCTGGGCGTGGTGGCGGGCACCTGTAATCCCAGCGACTTGGGAGGCTGAGGCAGGAGAATCACTTGAAACCAGAAGGCAGAGGTTGCAGTGAGCCGAGATTGCACCACTGCCCTCTAGCCCGGGCAATAAGAGCAAAACTCCGTCTCAAAAAAAAAAAAA"
"chr1","150336477","150336761","KN294416v1","481595","481879","36","149854882","GCTGGACAAGATGGCTCAAGCCTGTAATCCCAGCGCTTTGGGAGGCCGAGGTGGGTGGATCACGAGGTCAGGAGTTCAAGACCAGCCTGCCCAACATGGTGAAACCCCGTCTCTACTAAAAGTACAAAAATTAACCGAGCGTGGTGGTGGGTGCCTGTAATCCTAGCTACTTGGGAGGCTGAGTCAGGAGAATCACTTGAAACTGGAAGGCAGAGGTTGCAGTGAGCTGAGATCGCACCACTGCACTCCAGCATGGGCAAAAGAGCGAAACTCCGTCTCAAAAAA","GGCCGAGCACGGTGGCTCATGCCTATAATCCCAGCACTTTGGGAGGCCGAGGTGGGTGGATCACGAGACCAGGAGTTCGAGACCAGCCTGGCCAACATGGTGAAACCCCATCTCTACCAAAAATGCAAAAATTAGCCAGGCGTGGTGACAGGTGCCTGTAATCCCAGCTACTCAGGAGGCTGAGGCAGGAGAATCGCTTGAAACTGGAAGGCAGAGGTTGCAGTGAGCTGAGATCACGCCACTGCACTCCAGCCTGGGCAACGAGTGAAAATCTGTCTCAAAAAA"
"chr1","151418744","151419054","KN296261v1","217749","218055","40","151200995","GGCTGGGCACGGTGGCTCATGCCTGTAATCCTAGCACTTTGGGAAGCTAAGGTGGGTGGATCACGAGGTCAGGAGTTTGAGACCAGCCTGGCTAACATGCTGAAACCCCGTCTCTACTAAAAATACAAAAAATTAGCCGGGCATGGTGGTGGGCGCCTGTAATCCCAGCTACTTGGGAAGCTGAGGCAGGAGAATCGCTTGAAACCAGAAGGTGGAGGTTGTAGTGAGCTGAGATTGTGCCACCGTACTCCAGCATGGGTGAAAGAATGAAGCTCTGTCTCAAAAAAAAAAAAAAAAAAAAAAGAAAAAAA","GGCTGGGCACGGTGGCTCACACCTGTAATCCCAGCACTTTGGGAGGCCAAGGCGGACGGATCACGAGGTCAGGAGTTCAAGACCAGCCTGGCCAACATGATGAAACTCCGTCTCTACTAAAAATACAAAAAATTAGCGGGGCATGGTGGCGGGCACCTGTAATCCCAGCTACTCGGGAGGCTGAGGCAGGAGAATTGCTTGAAACCGGAAGGCGGAGGTTGCAGTGAGCTGAGATTGCGCCACTGCACTCCAGTCTGGGCAACAAGAGTGAAACTCCGTCTTAAAAAAAAAAAAAGAAAGAAAAAAA"
"chr1","151632163","151632453","KN296701v1","108134","108432","35","151524029","CCAGGTGCGGTGGCTCATGCCTGTAATCCCAGCACTTTGGGAAGCTGAGGTGAGCAGATCACAAGGTCAGGAGTTCAAGACCAGCCTGGCCAACATGGTGAAACCCCGTCTCTACTAAAAATACAAAAATTAGCCGGGCGTGGTGGCGCATGCCTGTAATCCCAGCTACTTGGAAGGCTGAGGCAGGAGAATCACTTGAAACTGGAAGGCAGACATTGCAGTGAGCCGAGATCGCACCACTGCACTCCAGCCTGGGCAACAAGAGCAAAACTCCATCTCAAAAAAAAAAAA","GGCCAGGCGCAGTGGTTCACTCTTGTAATCCCAGCACTTTGGGAGGCCGAGGTGGGCAGATCACAAGGTCAGGAGTTCGAGACCAGCCTGGCCAACATGGTGAACCATAGTCTCTACTAAAAATACAAAAATTAGCCGGGTGTGGTGGCGGACGCCTGTAATTCCTGCTACTTGGGAGGCTGAGGCAGGAGAATCGCTTGAAACTGGAAGGCAGAGGTTGCAGTGAGCTGAGATTGCACCACCGCACTACAGCCTGGGCAACAAGAGCAAAACTCCATCTCAAGAAAAAAAAAAAAAAA"
"chr1","151741006","151741308","KN294739v1","639168","639467","42","151101838","GGCCAGGCGCAGTGGCTCATGCCTGTAATCCCAGCACTTTGGGAGGCTGAGGCGGGGCGGATCGCAAGGTCAGGAGTTTGAGACCAGCCTGGCCAACACGGTGAAACCCCATCTTTACTAAAAATACAAAAATTAGCCGGGCATGATGGCAGGCATGTGCCTGTAATCCCAGCTACTCAGGAGGTTGAAGCAGGAGAATCGCTTGAAACCGGAAGGTGGAGTTTTCAGTGAGCTGAGATCACACCACTGCACTCCAGCCTGGGCAACAAGAGTGACACTCTGTCTTAAAAAAAAAAAAAAGAA","GGCTGGGCGTGGTGACTCTCACCTGTAATCCCAGCAGTTTGGGAGGCTGAGGCGGGAGGATCACAAGGTCAGGAGTTTCAGACCAGCCTGGCCAACATGGTGAAACCCCGTCTCTACTAAAAATACAAAAATTAGCCGGGCATGGTGGCAGGCGCCTGTAATCCCAGCTACTTGGGAGGTTGAGGAAGGAGAATCGCTTGAAACCGGAAGGCAGAGTTTGCAGTGAGCTGAGATCGAGCCACTGCACTCCAGACTAGGTGAAAGAGTGAAACTCTGTCTCAAAAAAAAAAAAAAAAAAAA"
"chr1","153904000","153904279","KN296000v1","1398566","1398839","47","152505434","GCCAGGCCCGGTGGCTCACGCCTGTAATCCCAGCACTTCGGGAAGGTAAGGCGGGTGGATCACGAGGTCAGGAGTTCGAGACCAGTCTGGCCAACATGAAGAAACCTCAGTCTCTACTAAAAATACAAATATTAGCCGGGCGTGGTGGCAGGCATCTGTAATCCCAGCTACTTGGAAGGCTGACGCAGGAAAATCATTTGAAACTGGAAGACAGAGGGTTCAGTGAGCCAAGATTACGCCACTACACTCCAGCCTGGGTGAAACACTGAAACTCCATCTC","GGCCAGGCACGGTGGCTCACGCCTGTAATCCCAGCACTTTGGGAGGCCAGTGTGGGTGGATCACGAGGTCAGGAGTTCGAGACCAGCCTGGCCAACATGGTGAAACCCTGTCTCTACTAAAAATACAAAAATTAGCCAGGCATGGTGGTGGGAGCCTGTAATCCCAGCTACTTGGGAGGCTGAGGCAGGAGAATCACTTGAAACCGGAAGGCGGAGGTTACAGTGAGCCTAGATTGCGCCACTTCAGCCTGGGCGAAAGAGCAGAACTGTTTCA"
"chr1","154100512","154100817","KN294266v1","135124","135424","40","153965388","GGCTGGGTGCGGTGGCTCATGCTTGTAATCCCAGCATTTTGGGAGGCTTAGGTGGGTGGATCACAGGGTCAGGAGTTCGAGACCAGCGTGGCCAATACAGTGAAACCCTGTCTCTACTAAAAATATAAAAAATTAGCCAGACATGGTGGCAGGTGCCTGTAATCCCAGTTACTCAGGAGGCTGAGGCAGGAGAATCGCTTGAAACCAGGAGGCTGAGGTTGCAGTGAGCCAAGATTGCACCATTGCACTCCAGCCTGGGCAACAAGAGCGAGACTCCATCTCAAAAAAAAAAAAAAAAAAAACAAA","GGCTGGGCATGGTGGCTCACGCTTGTAATCTCAGCACTTTGGGAGGCCAAGGTGGGTAGATCACAAGGTCAGGAGTTCGAGACCAGCCTGGCCAACATGGTGAAACCTCGTCTCTACTAAAAATATAAAAATTAGCCAGGCATGGTGGCAGGCGCCTGTAATCCCAGCTACTCGGGAGGCTGAGGCAGGAGAACCGCTTGAAACCAGAGGGTAGAGGTTGCAGTGAGCCGAGATCATGCCACTGCACTCCAGCCTGGGCAACAAGAATGAAACTCAGTCTCAAAAAAAAAAAAAAAAAAAA"
"chr1","154338380","154338690","KN294269v1","1120063","1120370","39","153218317","GACTGGGCACGGTGGCTCACACCTGTAATCCCAGCACTTTGGGAAGCCAAGGTGGGCGGATAACGAGGTCAGGAATTCGAGACCAGCCTGGCCAACATGTTGAAACCCCGTCTCTACTAAAAATACAAAAATTAGCCAGGTGTGGTGGTGGTTGCCTGTAATCCCAGCTACTTGGGAGGCTAAGGTAGGAGAATCGCTTGAAACCGGAAGGTGGAGGTAGCAGTGAGCCAAGATCACGCCACTGCACTCTAGCCTGGGCAACGAGCGAAACTGTGTCTCAAAAAACAACGAAACAAACAAACAAACAAAAA","GGCCAGGCACGGTGGCTCACGCCTGTAATCCCAGCATTTTGGGAGGCCAAGGTGGGCAGATCACAAGGTCAGGAGTTTGAGATCGGCCTGGCCAACATGGTGAAACCCCGTCTCTACTAAAAATACAAAATTAGCCAGGTGTGGTGGTGGACGCCTGTAATCCCAGCTACTTGGGAGGCTGAGGCAGGAGAATCACTTGAAACTGGTAGGTGGAGGTTGCAGTGAGACTAGATCATGCCACTGCATTCCAGCCTGGGCAACAAGAGCGAAACTGTCTCAAAAAAAAAAAAAAAAAAAAAAAAAAAAAA"
"chr1","154367026","154367281","KN295941v1","2722252","2722494","61","151644774","GGCCAGGCGCGGTGGCTCATGCCTGTAATCCCAGCACTTTGGGAGGCTGAGGCGGGCGAATCGTGAGGTCAGGAGTTCGAGACCAGCCTGGCCAATATGGTGAAACCCTGTCTCCGTCTCTACCAAAAATACAATTCTCCTGCCTCAGACTCCTGAGTAGGCGGAGGCAGGGTTGCAGTGAGCCGAGATTGCGCCATTGCACTCCAGCCTGGGAAACAACCGTAAAACTCCATCTCAAAAAAAAAAAACAGAAAGA","GGCTGGGCACGGTGGCTCATACCTGTAATCCCAGCACTTTGGGAGGCCAAGGCAGGTGGATCAGGAGATCAGGAGTTTGAGACCAGCCTGGCCAACATGGTGAAACCCCGTCTCTACTAAAAATACAAAAATTAGTCAGGCATGGTGGCGGGTGCCTGTAATCTCAGCTGAGATCACGCTACTGCACTCCAGCCTGGGCAACAAAAGCGAGAGACTCCATCTCAAAAAAAAAAAAAAAAAAAA"
"chr1","154417737","154418032","KN295284v1","18157","18458","37","154399580","GGCCGGGTGAAGTGGCTCACGCCTGTAATCCCAGCACTTTGGGAGACAGAGAAGGTCGGATCACAAGGTCAGGAGTTTGAGATCAGCTTGGCCAACATGGTGAAATCCTGTCTCTACTAAAAATACAAAAATTAGCCGGGTATGGTGGCGGGTGCCTGTAATCCCAGCTACTTGGGAGGCTGAGGCAGGAGAATCGCTTGAAACCGGAAGGTTGCAGTGAGCTGAGATCATGCCACTGCACTCCAGCCTGGGCAACAAGAGTGAAACTCCATCTCAAAAAAAAAAAAAAAAAAAAA","GGCCGGGCCTGGTGGCTCACGCCTGTAATCCCAGCACTTTGGGAGGCCGAGGCGGGTGGATCACGAGGTCAGGAGTTCGAGACCAACCTGGCCAAGATGGTGAAACCCCGTCCCTACTAAAAATACAAAAATTAGCTGGGTGCGGTGGCAGGTGCCTGTAATCCCAGCTACTTGGGAGGCTGAGGCAGGAGAATCGCTTAAAAACGGGAGGCAGAGGTTGCAGTGAGCTGGGATCACGCCACTGCACTCCAGCCTGGGCAACAAGAGTGAAAACTGCATGTCAAAAAAAAAAAAAAAAAAAA"
"chr1","156324470","156324636","KN295601v1","1150627","1150784","35","155173843","AGCTGGGTATGGTGGCGCACACCTGTAATGCCAGCTACTCAGGAGGATGAGGCAGAAAAATTGCTTGAAACCAGGGGGCGGAGATTGCAGTGAGCCAAGATCTCTCCACTGCACTCCAACCTGAGCAACAAGAGCGAAACTCCCATCTCAGAAGAAAAAAAAGAAAA","GTTGGGTGTGGTGGTGGGCACCTGTATTCCCAGCTACTGGGGAGGCTGAGGCAGGAGAATCACTTGAAACCGGAGGCGGAGGTTGCAGTGAGCCAAGATCGTGCCACTGCACTCCAGCTGGGTGACAAGAGCAAAACTCTATCTAAAAAAGAAAAGAA"
"chr1","160254047","160254336","KN297343v1","2026017","2026309","38","158228030","GGGTGCGTGGCTCATGCCTGTAATCCCAACACTTTGGGAGGCCGAGGCAGGCGGATCATGAGGTCAGGAGTTTGAGACCAGCCTGGCCAACATGGTGAAGCTCCGTCTCTACTAAAAATACAAAAATAAGCTAGGTATGGTGGTGCATGCCTGTAATCCCAGCTACTGGGGAGACTGAGGCAGAAGAATCGCATGAAACTGGAAGGCAGAGGTTGCAATGAGCCAAGATTGTGCCACTGCACTCCAACCTGGGCCAAAGAACGAAACTCTGTCTCAAAAAAAAAAAAAAA","GCCAGGTGTGGTGGCTCATGCCTGTAATCCCAGCACTTTGGGAGGCTGAGGCGGGCAGATCACGAGGTCAGGAGTTTGAGACCAGCCTGACCAACATGGTGAAACCCCTGTCTCTACTCAAAATACAAAAATAGCTGGGCATGGTGGTGGTTGCCTCTAATTCCAGCTACTTGGGTGGCTGAGGCAGGAGAATCGCTTGAAACCGGAAGGCGGAGATTGTGGTGAGCCAAGATTGTGCCACTGCACTCCAGCCTGGGCAAAAGAGGGAAACTCTGTCTCAAAAAAAAAAAAAA"
"chr1","162501172","162501467","KN295872v1","222266","222568","25","162278906","GGCCAGGTGCGGTGGCTCATGCCTGTAATCCCAGCACTTGGGGAGGCCCAGGCGGGTGCATCATGAGGTCAGGAGTTTGAGACCAGCCTGGCCAACATGGTGAAACTCCGTGTCTACTAAAAATACAAAAATTAGCCGGGTACGGTGGCTGGCGCCTGTAATCCCAGCTACTCAGGAGGCTGAGGCAGGAGAATTGGTTGAAACCGGAAGGTGGAGGTTGCAGTGAGCTGAGATTGCGCCACTGCACTCCAGCCTGGGTGAAAGAGTGAAACTCCATCTCAAAAGAAAAAAAAAAA","GGCCAGGCACGGTGGCTCACGCCTGTAATCCCAGCACTTGGGGAGGCCCAGGCGGGTGCATCAAGAGGTCAGGAGTTCGAGACCAGCCTGGCCAACATGGTGAAACCCCGTGTCTACTAAAAATACAAAAATCAGCCAGGCGAGGTGGCTGGCATCTGTAATCCCAGCTACTCAGAAAGCTGAGGCAGGAGAATTGCTTGAAACCGGAAGGCGGAGGTTGCAGTGAGCTGAGATTGCGCCACTGCACTCCAGCCTGGGCGAAAGAGTGAAACTCCATCTCAAAAGAAAAAAAAAAGAAAAGAA"
"chr1","164430982","164431271","KN296731v1","746470","746760","40","163684512","GGCCTGGCACAGTGGATCAGGCCTGTAATCCCAGCACTTTGGGAGGCCAAGGTGAGTGGGTCATGAGGTCAGGAGTTTGAGATCAACCTGGCCAACAAGGTGAAACCCCATCTCTACTAAAAATACAAAAATTAGCCAGGCGTGGGGGCGGGTGCCTGTAATCCTAGCTACTTGGGAGGCTGAGGCAGGAGAATCGCTTGAAACCAGAAGGCGGAGGTTGCAGTGAGCTGAGATTGCACCACTGCACTCCAGACTGGGTGAAAGAGCGAAATTGTCTCAAAAAAAAAAAA","GGCCCGGTACAGTGGCTCATGCCTGTAATCCCAGCACTTTCGGAGGCTGAGGTGGGCAGATCATGAGGTCAGGAGTTCAAGACCAGCCTGGCCAACATGGTGAAACCCCATATCTACTAAAAATACAAAAATTAGCCGGACGTGGTGACGGGTGCTTGTAATCTCAGCTACTCAGGAGGCTCAGGCAGGAGAATCGCTTGAAACTGGAAGGCGGAGGTTGCAATGAGGTAAGATTGAGCCACTGCACTCCAGCCTGGGCGAAAGAGCGAAACTCCGTCTCAAAAAAAAAAA"
"chr1","166087072","166087362","KN297320v1","1172012","1172303","35","164915060","GGCTGGGCACGGTGGCTCTTGCTTGTAATCCTAGCATTTTGGGGAGCTGAGGCAGGTGGATCACAAGGTCAGGAGTTCAAGACCAGCCTGGACAACATGGTGAAACCCCGTCTCTATCAAAAATACAAAAATTAGCCGGCATGGTGGCGGGCGCCTGTAATCCCAGCTACTTGGGAGGCTGAGGCAGGAGAATCGCTTGAAACTGGAAGGCAGAGGCTGCAGTGAGCCGAGATCGTGCCATTGCACTCCAGCCTGGGTGAAAGAGTGAAACTCCATCTAAAAAAAAAAAAA","GGCCAGGCACGGTGGCTCACGCCTGTAATCCCAACACTGTAGGAGGCTGAGGCGGGTGGATCACCAGGTCAGGAGTTTGAGACCAGCCTGGCCAACATGGTGAAACCCTGTCTCTACTAAAAATACAAAAATTAGCCGGGCGTGGTGGCAGGCGCCTGTAATGCCAGCTACTTGGGATGCCGAGGCAGGAGAATCGCTTGAAACCGGAAGGCGGAGGCTGCAGTGAGTGGAGATCACGCCACTGCCCTCCAGCCTGGGTGAAAGAGTGAAACTCCATCTCAAAAAAAAAAAA"
"chr1","167325610","167325903","KN294266v1","135124","135424","34","167190486","GGCTGGGCATGGTGGCTCATGCCTGTAATCCCAGCACTTTGGGAGGCCAAGGTGGGCGAATCACGAGGTCAGGAGTTCGAGACCAGCCTGGCCAACATGGTGAAACCCGTCTCTACTAAAAATACAAAAATTAGCCTGACTTGGTGGCAGGCGCCTGTAATCCCAGCTACTTGGGAGGCTGAGGCAGGAGAATCGCTTGAAACTAGAAGGCAGAGGTTGTAGCAAGCTGAGATTGTGCCACTGCACTCCAGCATGGGCAAAAGAGCAAACTCCATCTCAAAAAAAAAAAAAAAA","GGCTGGGCATGGTGGCTCACGCTTGTAATCTCAGCACTTTGGGAGGCCAAGGTGGGTAGATCACAAGGTCAGGAGTTCGAGACCAGCCTGGCCAACATGGTGAAACCTCGTCTCTACTAAAAATATAAAAATTAGCCAGGCATGGTGGCAGGCGCCTGTAATCCCAGCTACTCGGGAGGCTGAGGCAGGAGAACCGCTTGAAACCAGAGGGTAGAGGTTGCAGTGAGCCGAGATCATGCCACTGCACTCCAGCCTGGGCAACAAGAATGAAACTCAGTCTCAAAAAAAAAAAAAAAAAAAA"
"chr1","167823168","167823444","KN294262v1","2410280","2410565","37","165412888","TGTAATCCCAGCACTTTGGGAGGCTGAGGTGGGTGGATCACGAGGTCAGGAGTTCGAGACCAGCCTGGCCAACATGGTGAAACCCCATCTCCACTAAAAATACAAAAATTAGCTGGGCATGGTGGCGGGCGCCTGTAATCCCAGCTACTTGGGAGGCTGAGGCAGGAGAATCGCTTGAAACCAGAAGGCGGAGGTTGTGGTGAGCCAATAACGCACCACTGCACTCCAGCCTGGGCAAAAGAGCGAAACTCCATCTCAAAAAAAAAAAAAAAAAAAA","CACGCCTGTAATCCCAGCACTTTGGGAGGCTGAGGCGGGTGGATCACAAAGTCAGGAGTTCAAGACCAGCCTGGCCAACATGGTGAAACCCCGTCTCGACTAAAAATACAAAAATTAGTTGGGTGTGGTGGTGGGCGCCTGTAATCCCAGCTAATCAGGAGGCTGAGGTAGGCGAATCACTTGAAATGAGAAGGCAGAGGTTGCGGTGAGTTGAGATCGCGCCACTGCACTCCAGCCTGGGCAACAAGAGAGAAACTCCGTCTCAAAAAAAAAAAAAAAAAAAAAA"
"chr1","168306346","168306648","KN295596v1","93475","93775","36","168212871","GGCCGGGAGCGGTGGTTCACGCCTGTAATCCCAGCACTTTGGGAGGCTGAGGCGGGCGGATCACAAGATCAGGAGTTCGAGAGTAGCCTGGCCAACATGGCGAAACCCCGTCTCTACTAAAAATACAAAAACTAGCCAGGCGTGGTCGTTGGCGCCTGTAATCCCAGCTACTTGGGAGGCTGAGGCAGGAGAATTGCTTGAATCCGGGAGGCAGAGGCTGCAGTGAGCCAAGATTGTGCCACTGCACTCTAGCCTGGGCAACAAGAGCAAGACGCCATCTCAAAAAAAAAAAAAAAAAAAAAA","GGCCGGGCGCAGTGGCTCACGCCTGTAATCTCAGCACTTTGGGAGGCCGAGGCGGGCGGATCTTGAGGTCAGGAGATCAAGACCAGCCTGGCTAACATGGTGAAACCCGTCTCTACTAAAAATACAAAAATTAGCTGGGCGTGGTGGCGGGCGCCTGTAATCCCAGCTACTCGGGAGGCTGAGGCAGGAGAATCGCTTGAAACCGGAAGGCAGAGGTTGCAATGAGCCAAGATCGTGCCACTGCACTCCAGCCTGGGCAACAAGAGCGAAACTCCATCTCCAAAAAAAAAAAAAAAAAGAA"
"chr1","171422305","171422446","KN296749v1","737371","737510","25","170684934","GTTACTCGGGAGGCTGAGGCAGGAGAATCGCTTGAAACTGGAAGGCAGAGGTTGCAGTGAGCCAAGATCACACCACTGCACTCCAGACTGAGCAACAAGAGTGAAACTCCATCTCAAAAAATAAAAAAAAAATAAAATAAAA","GGAGGCTGAGGCAGGAGAATTGCTTGAAACCGGAAGGCAGAGGTTGCAGTGAGCCGAGATAGTGCCACTGCACTCCAGCCTGGGCAACAAGAGTGAAACTCTGTCTCAAAAAATTAAAATTAAAAAATAAATAAATAAAA"
"chr1","173082017","173082326","KN296062v1","313219","313514","34","172768798","GGCTGGGTGCAGTGGCTCACGCCTGTAATCCCAGCACTTTGGGAGGCCGAGGCAGGTGGATCATGAGGTCAGCAGTTCAAGACCAACCTGACCAACATGGTGAAACCCTGTCTCTACTAAAAATACAAAAAAAATAATAATAATTAGCTGGGCATGGTGGCGGGCGCCTGTAATCCCAGCGACTTGGGAGGCTGAGGCAGGAGAATCACTTGAAACCAGAAGGCGGAGGTTGCAGTGAGCCGAGATTGCGCCACTGCACTTTAGCCCGGGCAAGAAGAGCAAAACTCCGTCTCAAAAAAAAAAAAAAAAA","GGCCGGGCGCGGTGGCTCATGCCTGCAATCCCAGCACTTTGGGAGGCCGAGGCAGGTGGATCACGAGGTCAGCAGTTTCAGACCAGCCTGATCAACATGGTGAAACCCCATCTCCACTAAAAATACAAAAAAATTAGCTGGGCGTGGTGGCGGGCACCTGTAATCCCAGCGACTTGGGAGGCTGAGGCAGGAGAATCACTTGAAACCAGAAGGCAGAGGTTGCAGTGAGCCGAGATTGCACCACTGCCCTCTAGCCCGGGCAATAAGAGCAAAACTCCGTCTCAAAAAAAAAAAAA"
"chr1","174878926","174879100","KN294729v1","2689","2859","27","174876237","CAGCCAGGCGTGTTGGCAGGTGCCTGTAGTCCCAGCTACTCAGGAGGCTGAGGCAGGAGAATCACTTGAACCTGAGAAGGCGGAGGTTGCAGTGAGCTGAAATCGTGTCACTGTACTCCAGCTTGGGCAACAAGAGGGAGACTCCATGTCAAAAAAAAAAAAAAAAAAAAAAAAA","TAGCCAGGCTTGGTGGCGGGCACCTGTAATCCCAGCTACTCAGGAGGCTGAAGCAGGAGAATCGCTTGAAACTGGAAGGCAGAGGTTGCAGTGAGCTGAGATCATGCCACTGTACTCCAGCCAGAGCAAAAGAACAAAACTCTGTCTCAAAAAAAAAAAAAAAAAAAAAAA"
"chr1","174879398","174879531","KN296311v1","5619734","5619865","17","169259664","GCCGGGTGCAGTGGCTCACACCTGCAATCCCAGCACTTTGGGAGGCCAAGGTGGGTGGATCATGAGGTCAGAAGTTTGAGACCATCCTGGCCAACATGATGAAATACCGTCTCTACTAAAAATACAAAAAAAAA","GCCGGGTGCAGTGGCTTACCCCTGTAATCCCAACACTTTGGGAAGCCAAGGTGGGTGGATCATGATGTCAGCAGTTCGAGACCAGCCTGACCAACATGGTGAAACCCTATCTCTACTAAAAATACAAAAAAA"
"chr1","177140935","177141246","KN295225v1","408277","408583","43","176732658","GGCTGGGCTCAGTGGCTCACGCCTGTAATCCCAGGACTTTGGGAGGCCAAGGCGGGCAGATCACAAGGTCCAGATATCGAGACCATCCTGGCCCACATGGTAAAACCCCATCTCTACTAAAAATACAAAAAATTAGCCGGACGTGGTGGCAGGCACCCGTAATCCCAGCTACTCGGGAGGCTGAGGCAGGAGAATCGCTTGAACCTGGAAGGCGGAGGTTGCAGTGAACTGAGGTCGTGCCATTGCACTCCAGCCTGGGCAAAAAGAGCAAAATTCCATCTCAAAAACAAACAAACAAACAAAAAAAACAAA","GGCTGGGCACAGTGGCTCACGCCTGTAATCCCAGCATTTTGGGAGACTGAGGTAGGCAGATCACGAGGTCAGGAGTTGGAGACCAGTCTGGCCAACATAGCGAAACCCCATCTCTACTAAAAATACAAAAATTAGCTGGGCGTGGTGGCAGGCACCTGTATTCCCAGCTACTTGGGAGGCTGAGGCGGAGAATCGCTTGAATCTGGAAGGCAGAGGTTGCAGTGAGCCAAGATTGTGCCATTGCACTCCAGCCTGGGCGACAAGAGCAAGACTCCATCTCAAAAACAAAACAAAACAAACAAACAAA"
"chr1","178705351","178705656","KN296682v1","452001","452300","36","178253350","GGCCGGGCATGGTGGCTCACGCCTGTAATCCCAGCACTTTGGGAGGCCGAGGCGGGCTGATCACGAGGTCAGGAGTTTGAGACCAGCCTGGCCAACATGGTGAAACCCCATCTCTACTAAAAATACAAAAAAGTTAGCCAGGTGTGGTGGCAGGTGCCTGTAATCTCAGCTACTCAGGAGGCTGAGGCAGGAGAATCACTTGAACCTGGGAAAGCGGAGGTTGCAATGAGCCGAGATCGCGCCACTGCACTCCAGCCTGGGCAACAAGGGTGAGACGCCGTCTCAAAAAAGAAAAAAAAATAAGAA","GGCCGGGCACGGTGGCTCACGCCTGTAATTTTAGCACTTTGGGAGGCTGAGGTGGGCAGATCACAAGGTCAGGAGTTTGAGACCAGCCTGGCCAACATGGCAAAACCCTGTCTCTACTAAAAATACAAAAAATAGCCAAGTGTGGTGGCGGGCACCTGTAATCCCAGCTACTCAGGAGGCTGAGGCAGGAGAATCACTTGAACCCGGAAGGCAGAGATTGCAGTGAGCTGAGATCGCGCCATTGCACTCCAGCCTGGGCAACAAGAGCAAGACCCTGTCTCAAAGAAAAAAAAAAAAAAA"
"chr1","180399286","180399567","KN295526v1","50675","50959","42","180348611","GGCTGGGCGTGGTGGCTCACGCCTGTAATCCCAGCACTTTGGGAGGCCAAGGCAGGTGGATCACAAGGTCAGGAGTTCGAGACCAGCCTGGCCAACATGGTGAAACCCCATCTCTACTAAAAAGAAATACAAAAATTAGCTGGGCATGGTGGCGGGTCCCTGTAATCCCAGCTATTTGGGAGGCTGAGGCAGAACTGCTTGAAACCGGAAGGCAGAGGTTGCAGTAAGCGGAGATCCCGCCACTGCACTCCAGCCTCAGCAAAAGAGCAAAACTCCGTCTCA","GGCCGGGCGTGGTGGCTCATGCCTGTAATCCCAGCCCTTTGGGAGGCCAAGGTGGTTGGATCACGCTGTCAGGAGTTCGAGACCAGCCTGGCCAACATGGTGAAACCCCATCTCTACTAAAAATACAAAAATTAGCCAGGCATGGTGGCAGGCGTCTGTAATCCCAGCTACTCGGGAGGCTGAGGCAGGAGAATCACTTGAACCCGGAAGGCAGAGGTTGCAGTGAGCCGAGATCATACCACTGCACTCTAGCCTGGGCAAAAGAGTGAAACTCCATCTCAAAAA"
"chr1","182819175","182819461","KN296062v1","313219","313514","38","182505956","GGCCGGGCACAGTGGCTCACGCCTGTAATCCCAACACTTTGGGAGGCCAAGGCGGGTGGATCACGAGATCAGCAGTTTGAGACCAGCTTGGTGAAACCCTGTCTCTACTAAAAATACAAAAATTAGCTGGGCATGGTGGCGGGCGCCTGTAATCCCAGCTACTTGGGAGGCTGAGGCAGGAGAATCGCTTGAAACCGGAAGGCGGAGGTTGCAGTGAGCTGAGATCGCACCACTGCACTCTAGCCCGGGCAACAAGAGTGAAACTCCATCTCAAAAAAAAAAAAAAA","GGCCGGGCGCGGTGGCTCATGCCTGCAATCCCAGCACTTTGGGAGGCCGAGGCAGGTGGATCACGAGGTCAGCAGTTTCAGACCAGCCTGATCAACATGGTGAAACCCCATCTCCACTAAAAATACAAAAAAATTAGCTGGGCGTGGTGGCGGGCACCTGTAATCCCAGCGACTTGGGAGGCTGAGGCAGGAGAATCACTTGAAACCAGAAGGCAGAGGTTGCAGTGAGCCGAGATTGCACCACTGCCCTCTAGCCCGGGCAATAAGAGCAAAACTCCGTCTCAAAAAAAAAAAAA"
"chr1","183080886","183081187","KN296404v1","1866642","1866943","36","181214244","GGCCGGGCGCGGTGGCTGACGCCTATAATCCCAGCACTTTTGGGAGGCCGATGCAGGCGGATCACGTGGTCAGGGGTTCAAGACCAGCCTGGCCAAGATAGTGAAATCCCATCTCTACTAAGAATATAAAAATTAGCCGGGCGTGGTGGCAGGCACCTGTAGTCCCAGCTACTTGGGAGGCTGAGGCAGAAGAACCGTTTGAAACCAGAAGATGGGGGTTGCAGTGAGCCAAGATCGCGCCAGCGCACTCCACCCTGGGCAACAAGAGCAAAACTCCGTCTCAAAAAAATAAATAAATAAAA","GGTTGGGCACAGTGGCTTACACCTGTAATCCCAGCACTTTGGGAGGCCGATGTGGGCAGATCATGTGGTCAGGAGTTCGAGACCAGCCTGGCCAAGATAGTGAAACCCCATCTCTACCAAAAATATAAAAATTAGTTGGGTGTGGTGGCAGGCACCTGTAGTCCCATCTACTCGGGAGGCTGAGGCAGGAGAATCGCTTGAAACCAGAAGATGGAAGTTGCAGTAAGCCGAGATCGCACCAGTGCACTCCACCCTGGGCTACAAGAGTGAAACTCCGTCTCAAAATAAATAAATAAACAAAA"
"chr1","183572198","183572481","KN296883v1","2844848","2845131","36","180727350","GGCTGTGCATGGTGACTCATGCCTGTAATCCCAGCACTTTGGGAGGCTGAGGCAGGTGGATCACGAGGTCAGGAGTTCAAGACCAGGCTGGCCAACATGGTGAAACCCCATCTCTACTAAAAATACAAAATTAGCTGGGTGCTGCGGTGCATGCCTGTAATCCCAGCTACCTGGGAGGCTGAGGCAGGAGAATCGCTTGAATCCGGGTGGTGGAGGTTGCAGTGAGCTGAGATCATGCCATTGCACTCCAGCCTGGGCAACAAGAATGAAACTCCATCTCAAAA","GGCTGGGTACGGTGGCTCACGCCGGTAATCCCAACACTTTGGGAGGCTGAGGCGGGCAGATCACAAGGTCAGGAGTTCGAGACCAGCCTGCCCAACATGGTGAAACCCTGTCTCTACTAAAAATACAAAGTTAGCTGGGCATGGTGGTGCATGCCTGTAATTCCAGCTACTAGGGAGGCTGAGGCAGGAAAATCGCTTGAAACTGAGAGGCGGAGGTTGCAGTGAGCTGAGATCTTGCTACTGCACTCCAGCCTGGGCACCAAGAGTGAAACTCCATCTCAAAA"
"chr1","185205970","185206247","KN294416v1","481595","481879","59","184724375","CGGTGGCTCATGCCTGTAATCCTATCTCTTTGGGAGGCCGACGTGGGCGTATCACAAGGTCAGGAGTTCGAGACCAGCCTGGCCAACATGGTGAAACCCCATAGCTACTAAAAATGCAAAAATTAGCTGGGCCTGGTGGCAGACACCTGTATTCCCAGCTACTTGGGAGGTTGAGACAGGAGAATAGCTTGAAACCGGAAGGAGGAGGTTGCAGTGAGCCGAGATCACGCGACTGCACTCCAGCCAAACTCCATCTCAAAAAAAAAGAGAAGAAAAAA","GGCCGAGCACGGTGGCTCATGCCTATAATCCCAGCACTTTGGGAGGCCGAGGTGGGTGGATCACGAGACCAGGAGTTCGAGACCAGCCTGGCCAACATGGTGAAACCCCATCTCTACCAAAAATGCAAAAATTAGCCAGGCGTGGTGACAGGTGCCTGTAATCCCAGCTACTCAGGAGGCTGAGGCAGGAGAATCGCTTGAAACTGGAAGGCAGAGGTTGCAGTGAGCTGAGATCACGCCACTGCACTCCAGCCTGGGCAACGAGTGAAAATCTGTCTCAAAAAA"
"chr1","185818974","185819251","KN294262v1","2410280","2410565","30","183408694","CATGCCTGTAATCCCAGCACTTTGGGAGGCTGAGGCGGGCGGATCACAAGGTCAGGAGTTCGAGACCAGCCTGGCCAACATGGTGAAACCCCATCTCTACTAAAAATACAAAAATTTGCTGGGTGTGGTGGTGGGTGCCTGTAATTCCAGCTACTCGGGAGGCTGAAGTAGGAGAATCACTTGAAATAAGAAGGCAGAGGTTGCAGTGAGCGGAGATCGCACCACTGCACTCCAGCCTGGGCAACAAGAGCGAATCTCCATCTCAAAAAAAAAAAAAA","CACGCCTGTAATCCCAGCACTTTGGGAGGCTGAGGCGGGTGGATCACAAAGTCAGGAGTTCAAGACCAGCCTGGCCAACATGGTGAAACCCCGTCTCGACTAAAAATACAAAAATTAGTTGGGTGTGGTGGTGGGCGCCTGTAATCCCAGCTAATCAGGAGGCTGAGGTAGGCGAATCACTTGAAATGAGAAGGCAGAGGTTGCGGTGAGTTGAGATCGCGCCACTGCACTCCAGCCTGGGCAACAAGAGAGAAACTCCGTCTCAAAAAAAAAAAAAAAAAAAAAA"
"chr1","191634752","191634921","KN296731v1","1195926","1196117","41","190438826","CGGTGGCTCACGCTTGTAATCCCAGCACTTTGGGAGGCTGAGGTGGGTGGTTCACAAGGTCAGGAGTTTGAGATCAGCCTGGCCAACATGGTGTACTAAAAATACAAAACTTAGCCGGGCATGGTGGCAGGTGCCTGTAATGCCAGCTACTTGGGAGGCTGAGGCAGGAG","GGCCGGGTATGCTGGCTCACGCCTATAATCGCAGTACTTTGGGAGGCCGAGGTGGGTGGATCACGAGTTCAGGAGTTTAAGACCAGCCTGGCCAACATGGTGAAACTCCCTCTCTACTAAAAATACAAAAATTAGCCGGGTGTGGTGGCAGTCACCTGTAATCCCAGCTACTTGGGAGGCTGAAGCAGAGAA"
"chr1","192736271","192736569","KN297415v1","502240","502537","32","192234031","GCCAGGCATGGTGGCTCACGCCTGTAATCCCAGCACTTTGGGAGGCCGAGGTGGGCAGATCACGAGGTCAGGGATTCGAGACCAGCCTGGCCAACATCGTGAAACCCCGCCTCTATAAAAATACAAAAATTAGCCAGGCATGGTGGTGGGCCTTTAGTTTCAGCTACTCAGGAGGCTGAGGCAGGAGAATTGCTTGAAACTGGAAGGTGGAGGTTGTAGTGAGCGGAGATCGCACCACTGCACTCCAGCCTGGGCGAAAGAGTGAAATTCCGTCTCAGAAAAGAAAAAAAAAAAAAAAA","GCGGGGCACGGTGGCTCACGCCTCTAATCCCAGCACTTTGGGAGGCTGAGGCGGGCAGATCACGAGGTCAGGGATTCGAGACCAGCCTGGCCAACATGGTGAAACCCTATCGCTATTAAAAATACAAAACTTAGCCAGGCATGGTGGCGGGGGCCTGTAGTTTCAGCTACTTGGGAAGTTGAGGCAGAAGAATTGCTTAAAACTGGAAGGTGGAGGGTGCAGTGAGCTGAGATCGCACCACTGCACTCCAGCCTGGGTGAGAGAGTGAAATTCCGTCTCAAAAAAAAAAAAAAAAAAA"
"chr1","193138775","193139072","KN297415v1","896258","896545","28","192242517","GCCAGGCGCGGTGGCTCACGCCTGTAATCCCAGCACTTTGGGAGGCCAAGGCGGACAGATCACGAGTTCAGGAGTTTGAGACCAGCCTGGCCAACATGGTGAAAACATCATCTCTACTAAAAGTATAAAAATTAGCCCGGCGTGGTGGCAGGCGCCTGTAATCCCAGCTACTCGGGAAGCTGAGGCAGGAGAATCGCTTGAAACCAGAAGACAGAGGTTGCAGTGAGCCAAGATCGCACCACTGCACTCTAGCCTGGGTGAAAAAGTGAAACTCCGTCTCCAAAAAAAAAAAAAAAAA","GCCAGGCGTGGTGGCTCACGCCTGTAATCCCAGCACTTTGGGAGGCCAAGGCGGGTGGATCACGAGTTCAGGAGTTTGAGACCAGCCTGGCCAACATGGTGAAAACATCGTCTCTACTAAAATTAGCCAGGCATTGTGGCAGGCGCCTGTAATCCCAGCTACTCGGGAGGCTGAGGCAGGAGAATCACTTGAAACCAGAAGGCAGAGGTTGCAGTGAGTCAAGATGGTACCACTGCACTCTAGCCTGGGTGAAAGAGCGAAAATCTGTCTCAAAAAAAAAAAAAAAAA"
"chr1","193232621","193232914","KN296062v1","313219","313514","24","192919402","GACCGGGCGTGGTGGCTCATGCCTGTAATCTCAGCACTTTGGGAGGCCGAGGCGGGTGGATCACAAGGTCAGCAGTTCGAGACCAGCCTGACCAACGTGGTGAAACCCCATCTCTACTAAAAATACAAAAAAATTAGCTGGGCGTGGTGGCGGTCACCTGTAATCTCAGCAACTTGGGAGGCTGAGGCAGGAGAATCGCTTGAAACCAGAAGGTGGAGGTTGCAGTGAGCCAAGATTGCACCACTGCACTCTAGCCTGGGCAATAAGAAAAAACTCTGTCTCAAAAAAAAAAAA","GGCCGGGCGCGGTGGCTCATGCCTGCAATCCCAGCACTTTGGGAGGCCGAGGCAGGTGGATCACGAGGTCAGCAGTTTCAGACCAGCCTGATCAACATGGTGAAACCCCATCTCCACTAAAAATACAAAAAAATTAGCTGGGCGTGGTGGCGGGCACCTGTAATCCCAGCGACTTGGGAGGCTGAGGCAGGAGAATCACTTGAAACCAGAAGGCAGAGGTTGCAGTGAGCCGAGATTGCACCACTGCCCTCTAGCCCGGGCAATAAGAGCAAAACTCCGTCTCAAAAAAAAAAAAA"
"chr1","194582040","194582342","KN295171v1","374126","374428","38","194207914","GGCCGAATGCAGTGGTTCACGCCTGTAATCCCAGCACTTTGGGAGGCCGAGGCGGGCGGATCACGAGGCCAAAAGTTCGAGACCAGCCTGGCCAACATGGTGAAACCCCATCTCTACTAAAAATACAAAAATTAGTAGGGTGTGATGGTGGGTGCCTGTAATCCCAGCTACTCAGGAAGCTGAGGCATGAGAATAGCTTGAAACCAGAAGGCGGAAGTTGCAGTGAGCTGAGATTATGCCACTGCACCCCAGCCTGGGCAACAAGAGCAAAACTCCGTTAAAAAAAAAAACAAAAAAAAAAAA","GGCTGGGTGCAGTAGCTCACGCCTGTAATCCCAGCACTTTGGGAGGCTGAGGCTGGCGAATCTCGAGGTCATGAGTTCGAGACCAGCCTGGCCAACATGGTGAAACCCCGTCTCTACTAAAAATACAAAAATTAGCCAGGCACGGTGGCGGGTGCCTGTAATCCCAGCTACTCAGGAGGCTGAGGCAGGAGAATCGCTTGAAACCGGACGGCGGAAGTTGCAATGAGCTGAGATCTAGCCATTGCACTCCAGCCTGGGCGACAGAGCAAAACTCCCTCTAAAAAAAAAAAAAGAAAAGAAAAA"
"chr1","195678169","195678486","KN294591v1","186818","187131","43","195491351","GGCCAGTGTGGTGGCTCACGCCTGTAATCCCAGCACTTTGGGAGGCTGAGGCAGGCAGATCATGAGGTCAGGAGTTAGACCAGCCTGGCCAATGTGGTGAAAACCCATCTCTACTGAAAATACAAAAAAAAAAAAAAATTAGCCGGGAGTGCTGGCAGGCACCTGTAATCCCAACTACTCAGGAGGCTGAGGCAGGAGAGTCACTTGAACCCAGGAAGGCAGAGGTTGCAGTGATCCGAGATTGCACCACTGCACTCCAGCCTGGGCAGCAAGAGCAAGACTTCGTCTCAAAAAGAAAAAGAAAAAGAAAAAGAAAAA","GGCTGGGTGCGGTGGCTCACGCCTGTAATCCCAGCACCCTGGGAGACTGAGGCAGGCAGATCACGAGGTCAGGAGTTCGAGATCAGCCTGGCTAACATGGTGAAACCCTGTCTCTACTAAAAATACAAAAAAAAAAAAAAAAATTAGCCAGGAATGGTGGCAGGCACCTGTAATCCCAGCTACTCAGGAGGCTGAGGCAGGAGAATCACTTGAAACCGGAAGGCAGAGGTTGCAGTGAGCCGAGATTGCACCACTGCACTCCAGCCTGGGCGAAAGAGCATAACTCTGTCTCACAAAAAGAAAAAAAAAAAGAA"
"chr1","197810517","197810824","KN294456v1","405518","405820","37","197404999","GCAGGGCGCAGTGGCTCACGCCTGTAATCCCAGCACTTTGGGAGGCAGAGGCAGGCGGATCACGAGGTCAGGAGTTCAAGAACAGCCTGGCCAACATGGTGAAACCCTGTCTCTACTAAAAATACAAAAATTAGCCAGGCATGGTGGCAGGCGCCTGTAATCCCAGCTACTGGGGAGGCTGAGGCAGGAGAATCGCTTGAAGCCAGAAGGTGGAGGTTGCAGTGAGCTGAGATTGTGCCACTGCAGTCCAGCCTGGCCAACAAGAGGGGAACTTAGTCTCAAAAAAAAAAAAAAAAAAAGGAAAGAAA","GGGCGCGGTGGCTCACGCCTGTAATCCCAACACTTTGGGAGGCCGAGGCGGGTGAATCACAAGGTCAGGAGTTCGAGAGCAGTCTGGCCAACATGGTAAAACCCCGTCTGTACTAAAAATACAAAAATTAGCCAGGTGTGGTGGCGGGCACCTGTAATCCCAGCTACTTGGGAGGCCGAGGCAGGAGAATCGCTGGAAACCGGAAGGCGGAGCTTGCTGTGAGCTGAGATTGTGCCACTGCACTCCAGCCTGGGCAACAAGAGCAAAACTCAGTCTCAAAAAAAAAAAAAAAAAAAAAAAAAA"
"chr1","198983867","198984165","KN295596v1","93475","93775","28","198890392","GGCCGGGCGCGGTGGCTCGCGCCTGTAATCCCAGCACTTTGGGAGGCCGAGGTGGGCGGATCATGAGGTCAAGAGATCAAGACCATCCTGGCCAACATGGTGAAACCCCGTCTCTACTAAAAATACAAAAAATTACCTGGGCGTGGTGTGTGCCTGTAGTCCCAGCTACTCCGGAGGCTGAGGCAGGAGAATCGCTTGAAACCGGAAGGCAGAGTTTGCAGTGAGCCAGGCTCGCGCCACTGCAGTCCAGCTTGGGCAACAAGAGCGAAACTCCGTCTCGAAAAAAAAAAAAAAAAGAA","GGCCGGGCGCAGTGGCTCACGCCTGTAATCTCAGCACTTTGGGAGGCCGAGGCGGGCGGATCTTGAGGTCAGGAGATCAAGACCAGCCTGGCTAACATGGTGAAACCCGTCTCTACTAAAAATACAAAAATTAGCTGGGCGTGGTGGCGGGCGCCTGTAATCCCAGCTACTCGGGAGGCTGAGGCAGGAGAATCGCTTGAAACCGGAAGGCAGAGGTTGCAATGAGCCAAGATCGTGCCACTGCACTCCAGCCTGGGCAACAAGAGCGAAACTCCATCTCCAAAAAAAAAAAAAAAAAGAA"
"chr1","200587533","200587830","KN295633v1","1436393","1436685","43","199151140","GGCCGGGTGCGGTGGCTCATGCCTATAATCCCAGCACTTTGGGAGGCCAAGGCGGGAGAATCATGAGGTCAAGAGTTCAAGACCAGCTTGGCCAACATGGTGAAACCCCGTCTCTACTAAAAATACAAAAAAAATTAGCCGGGCGTAGTGGCAGACACCTGTAATCCCAGCTACTCGGGAGGCTGAGGCAGCAGAATCTCTGGAAGGCGGAGGTTGCAGTGAGCCCAGATCACGCCACTGCACTCCAGCCTGGGCAACAAGAATGAAACTCCGTCTCAAAATAAAACAAAACCAAAAA","CTGGGTGTGGTGGCTCACACCTGTAATCCCAGCACTTTGGGAGGCCGAGGCGGGTGGATCATGAGGTCAAGAGTTTGAGACCAGCCTGGCCAACATGGTGAAACCCCGTCTCTACTAAAAATACAAAAATTAGCCAGGCGTGGTGGCAGGCACCTGTAATCCCAGTTACTCAGGAGGCTGAGGCAGGAGACTCGCTTGAAACTGGAAGGCGGAGGTTGCAGTGAGCCGAGATCACGACACTGCACTCCAGCCTGAGCAACAAGAGCAAAACTCCGTCTCAAAACAAAACAAAA"
"chr1","201527697","201528001","KN296588v1","238083","238384","41","201289614","GGCCAGGTGCAATGGCTCATGCCTGTAATCCCAGCACTTTGGGAGGCTGAAGCAGGCAGATCACAAGGTCAGGAGTTCTAACCAGCCTGGCCAACAAGGTGAAATCCCATCTCTACTAAATATACAAAAATTAGCCAGGCGTGGTGGTGGGCACCTGTAATCCCAGCTACTTGGGAGGCTGAGGCAGGAGAATCGCTTGAAACCGGAAGGCAGGGTTGCAGTGAGCCGAGATTACGCCATTGCACTCCAGCCTGGGCAACAGAGTGAAATTCTATCTCAAAGAAAAATAAAATAAAATAAATAAA","GGCCAAGTGCAGTGGCTCATGCCTGTAATCCCAGCACTTTGGAAGGCTGAGGTGGGCAGATCCCGAGGTTTGGAGTTCGAGACCAGCCTGGCCAACATGATGAAACCCCATCTCTATTAAAAATACAAAAATTAGCCAGGCGTGATCACGGGCACCTGTAATCCCAGTTACTCAGGAGGCTGAGGCAGGAGAATCACTTGAAACCGGAGGAGGTTGCAGTGAGCTGAGATCACACCACTGCACTCCAGCCTGGGCAAAAGAGTGAGACTCTGTCTCAAAAAATAAAATAAAATAAAAATAAA"
"chr1","202025695","202025801","KN296210v1","353837","353929","49","201671858","TCATACCTGTCATCTCAACACTGAGAGGCCAAGGTGAGAGCAAGGAGTTCAAGTCCAGCCTAGGCAACAAAGTGAGACCCCATCTCTGCAGAATCAAAATAATTTTA","TGAAGCCAGAAGGCGGAGGTTGCAGTGAGCTGAGATTGCACCATTGCAGTCCAGCCTGCACAACAAGAGCGAAACTCCATGTAAAAAAAAAAT"
"chr1","202026024","202026183","KN296557v1","916178","916356","47","201109846","CCAAAAAAAAAAAAATTAGCGGGGTCTGATGGTGTGCACCTGTAATCCCAGCTACTCGGGATGGTGAGACAGGAGGCAGAGGTTGCAGTGAGCCAAGATCACGCCATTGCACTCCAGTTTGAGAAACGAGCAAAACTCCATCTCAAAAAAAAAAAAAAAA","AAAAATACAAAAATTAGCCAGGCTTGGTGGCAGGCGCCTGTAATCCCAGCTACTCCAGAGGCTGAGACAGGAGAATCGCTTGAAATCGGAAGGCAGAGGTTGCAGTGAGCCAAGATCGGGCCACTGCATTCCAGCCTGAGCAACAAGAGCAAAACTCCGTCTCAAAAAAGAAGACAAAA"
"chr1","202543460","202543757","KN296261v1","217749","218055","47","202325711","GCTGGGCGCAGTGGCTCACACCTGTAATCCCAGCACTTTGGGAGGCTGAAGCCTCGTGGACCACGAGGTCAGGAGTTCGAGACCAGCCTGGCCAACATTGTGAAACCCCATCTCTACTAAAATTACAAAAACTTAGCTCGGCATGGTGGCGGGCACCTGTTAAGCTTTTCGGGAGGCTGAAGCAGGAGAATCGATTGAACCCGGAAGGCGGGGGTTGCAGTGAGCCAAGATTGCACCATTGCACTCCAGCCTGGGCAACAAGAGCGAAACTCCGTCTATAAATAAACAAAGAAACAAA","GGCTGGGCACGGTGGCTCACACCTGTAATCCCAGCACTTTGGGAGGCCAAGGCGGACGGATCACGAGGTCAGGAGTTCAAGACCAGCCTGGCCAACATGATGAAACTCCGTCTCTACTAAAAATACAAAAAATTAGCGGGGCATGGTGGCGGGCACCTGTAATCCCAGCTACTCGGGAGGCTGAGGCAGGAGAATTGCTTGAAACCGGAAGGCGGAGGTTGCAGTGAGCTGAGATTGCGCCACTGCACTCCAGTCTGGGCAACAAGAGTGAAACTCCGTCTTAAAAAAAAAAAAAGAAAGAAAAAAA"
"chr1","202713480","202713779","KN294266v1","135124","135424","35","202578356","GCTGGGCAAAGTGGCTCACGCCTATAAGTCTAGCCCTTTGGGAAGCTGAGGCGGGCAGATCGCGAGGCCAGGAGTTTGAGACCATCCTGGCCAACATGGTGAAACCCCACCTCTACTAAAAATACAAAAATTAGCCAGGTGTGGTGGTGGGTGCCTGTAATCCCAGCTACTCAGGAGGCTGAGGCAGGAGAATCGCTTGAAACCAGAAGGCGGAGGTTGCAGTGAGCCGAGATCATGCCACTGTACTCCAGCCTGGGCAACAAGAGTGAAACTCCGTCTCAAAAAAAAAAAAAAAAAAAA","GGCTGGGCATGGTGGCTCACGCTTGTAATCTCAGCACTTTGGGAGGCCAAGGTGGGTAGATCACAAGGTCAGGAGTTCGAGACCAGCCTGGCCAACATGGTGAAACCTCGTCTCTACTAAAAATATAAAAATTAGCCAGGCATGGTGGCAGGCGCCTGTAATCCCAGCTACTCGGGAGGCTGAGGCAGGAGAACCGCTTGAAACCAGAGGGTAGAGGTTGCAGTGAGCCGAGATCATGCCACTGCACTCCAGCCTGGGCAACAAGAATGAAACTCAGTCTCAAAAAAAAAAAAAAAAAAAA"
"chr1","203729265","203729573","KN295075v1","456873","457181","40","203272392","GGCCGGGTGCGGTGGCTCACGCCTGTAATCCCAGCACTTTGGGAGGCCGAGGCTGGCAGATCATAAAGTCAGGAGTTCGAGACCAGCCTGGCCAACATAGTGAAACCTTGGCTCTGCCAAAAATACAAAAATTAGCTGGACGTGGTGGTGGGCGCCTGTAATCCCAGCTACTCTGGAGGCTGAGGCAGGAGAATCGCTTGAACCCGGAAGGCTGAGGTTGCAGTGAGCTGAGATCGCGCCATTACACACCAGCCTGGGCAACAAGGCAAGACTCTGTCTCAAAAAAAAAAAAAAAAAAGAAGAAGAAAA","CTGGGCCTGGTGGCTCACGCCTGTAATCCCAGCACTTTGGGAGGCCGAGGCAGGTGGATCACAAAGTCAGGAGTTTGAGACCAGCCTGGCCAACATGGTGAAACCTTGTCTCTACTAAAAAATACAAAAATTAGCTGGGCATGGTTGTGGGAGCCTGTAATCCCAGCTACTCGGGAGGCTGAGGCAGGAAAATCGCTTAAAACCGAAAGCGGAGGTTGCAGTGAGCAGAGATCGCGCCACTGCACTCCCACCTGGGCAACAAGAGCAAAACTCTGTCTCAGTAAAAAAAAAAAGAAAGGAAAAAGAAAA"
"chr1","203979613","203979810","KN294705v1","1806469","1806670","31","202173144","CCAGGTGCAGTGGCTCACGCCTGTAATGCCAACACTTTGGGAGGCCAAGGTGGGCAGATCACAAAGTCAGGAGTTCGAGACCAGCCTGGCCAACATGGTGAAACCCCATTTCTACTAAAAATACAAAAATTAGCAGGGCATGGTTGCAGGAGCCTGTAATCCCAGCTACTTAGCACGCTGAGGCAGGAGAATCATTTG","GGCCAGGCAAGGTGACTCACGCCTGTAATCCCAGCACTTTGGGAGGCCGAGGCCGGCAGATCACAAGGTCAAGAGTTCGAGACCAGCCTGGCCAACATAGTGAAACCCCGTCTCTACTAAAAACACAAAAATTAGCCAGGCATGGTGGCAGGCGCCTGTAATCCCAGAAACTGGAGAGGCTGAGGCAGGAGAATCACTTTAA"
"chr1","203998818","203999045","KN294416v1","812211","812430","34","203186607","CCAGCCTGGCCAACATGGTGAAACCCCGTCTCTACTAAAAATACAAAAATTAGCTGGGCATGGTGGCAGGTGCCTGTAATCCCAGCTACTCGGGAGGCTGAGGTGGGATAATCACTTGAAATTGGGAGGCAGAGGTTGCAGCGAGTTGAGATCATGCCATTGCACTCCAGCCTGGGCAACAAGAATGAGACTCCATCTCGAAAAAAAAAAAACAAAAAAACAAACAAA","TGGCCAACATGGTGAAACGCTGTCTCTACTAAAAATACAAAAATTAACCTGGCATGGTGGCTGGCACCTGTAATCCCAGCTACTCGGGAGGCTGAGGCAGGAGAATCACTTGAAACCAGAAGGCGGAGGTTGCAACGAGCTGAGATCGTGCCACTGCACTCCAGCCTGGGCAACAAGAGTGAAACTCCATCTCAAAAAAAACAAACAACAACAACAAAAA"
"chr1","204402793","204403073","KN296496v1","556037","556316","37","203846756","GCCAGACACGGTGGCTCACGCCTGTAATCCCAGCACTTTGGGAGGCCGAGGCAGGAGGGTCACGAGGTCAGGAGATCGAGAACAACCTGGCCAACATGATGAAACCCCATCTCTACTAAAAATACAAAATTTAGCCGGGCATGGTGGCAGGTGCCTGTGATCCCAGCTACTCGGGAGGCTGAGGCAGGAGAATCGCTTGAAACCGGAAGGTGGAGGTTGCAGTGAGCTGAGATCGTGCCACTTCAATGCAGCCTGGGTGACAGAGGCTCCGTCTCAAAAAA","GCAGTGGCTCACACCTGTAATCCTGGCACTTTGGTAGGCTGAGGCGGGCAGGTCACGAGGTCAGGAGATCGAGACCAACCTGGCCAACATGGTGATATCCCATCTCTACTAAAAATACAAAATTTAGCTGGGCATGGTGGCAGGTGCCTGTAATCCCAGCTACTTGGGAGGCTGAGGCAGAAGAATCGCTTGAAACCACAAGGTGGAGGTTGCAGTGATCTGAGATTGCGCCACTTCAATGGAGCCTGGGTAACAAAGCAAGGCTCTGTCTCAAAATAAA"
"chr1","204717314","204717450","KN296496v1","236118","236257","11","204481196","TCGGGAGGCTGAGGCAGGAGAATGTCTTGAAACCAGAAGGTGGAGGTTGCAGTGAGCCAAGATCGCGCCACTGCACTCCAGCCTGGGCAACAGGAGCAAAACTCTGTCTCAAAAAACAAACAAACAAACAAACAAAA","TCGGGAGGTTGAGGCAGGAGAATCACTTGAAACCAGAAGGTGGAGGTTGCAGTGAGCCGAGATCGCACCACTGCACTCTAGCCTGGGCAACAGGAGCAAAACTCCATCTCAAAAAACAAACAAACAAACAAACAAACAAA"
"chr1","205702365","205702646","KN296883v1","2844848","2845131","39","202857517","GGCTGGGCGTGGTGGCTCACGGCTGTAATCCCAGCACTTTGGGAGGCTGAGGTGGGCAGATCACAAGGTCAGGAGTTCGAGACCAGCCTGGCCAACATGGTGAAACCCATCTCTATTAAAATTACAAAAATTAGCAGCGCGTGATGGCGCACGCCTGTAATCTCAGCTACTTGGGAGGCTGAGGAAGCAGAATTGCTTGAAACCGGGAGGTGGAGGTTTCAGTGAGCCGAGATCCTGCCACTGCACTCCAGCCTGGGAAAAAGAGTGAAACTCTATCTCAAA","GGCTGGGTACGGTGGCTCACGCCGGTAATCCCAACACTTTGGGAGGCTGAGGCGGGCAGATCACAAGGTCAGGAGTTCGAGACCAGCCTGCCCAACATGGTGAAACCCTGTCTCTACTAAAAATACAAAGTTAGCTGGGCATGGTGGTGCATGCCTGTAATTCCAGCTACTAGGGAGGCTGAGGCAGGAAAATCGCTTGAAACTGAGAGGCGGAGGTTGCAGTGAGCTGAGATCTTGCTACTGCACTCCAGCCTGGGCACCAAGAGTGAAACTCCATCTCAAAA"
"chr1","206172286","206172541","KN295352v1","1023105","1023367","37","205149181","GAGGCCAAGGCGGGCGGATCATGAGGTCAGGAGTTTAAGACAAGCCTGGCCAACATGGTGAAACCCCATCTCTACTGAAAATACAAAAATTAGTCGGGTGTGGTGGCAGGAGCCTGTAATCCCAGCTACTCGGGAGGCTGAGTCAGAAGAATCGCTTGAAACTGGAAGGTGGAGGTTACAGTGAGCTGAGATCGTACCACTGCACTCTAGCCTGGGCAACAAGAGTGAAACTCCATCTCAAAAAAAAAAAAAAGAA","AGGCCAAGGCAGGTGAATCGCGAGGTCTGGAGTTCGAGACAAGCCTGGCCAACACGGTGAAAACCCATCTCTACTAAAAATACAAATATTAGCGGGGCATAGTGGCAGGCGCCTGTAATCCCAGCTACTTGGGAGACTGAGTCAGGAGAATCGTTTGAAACTGGAAGGTGGAGTTTGCAGTGAGCTGAGATAGTACCATTGCACTCTAGCCTGGGCAACAACAGTGAAACTCGATCTCAAAAAAAAAAAAAAAAAGAAAAGAA"
"chr1","207066659","207066951","KN297313v1","656866","657157","37","206409793","GGCTGGATGCGGTAGCTCATGCCTGTAATCCTAGCACTTTGGGAGGCCAAGGTGGGTAGATCAGGAGATCAGGAGTTTGAGAACAGCCTGGCCAACATGGTGAATCCCCATCTCTACTAAAAATAAAAAAATTAGCCGGGCGTGGTGGCGGGTGCCTGTAATCCCAGCTACTCAGGAGGCTGAGGCAGGAGAATTGCTTGAACCCAGGAAGGGGGAGGTTGCAGTGAGCCGAGATCGTGCCACTGCACTCCAGCCTGGGCAACAAGAGCGAGAGACTCCATCTCAAAAAAAAA","GGCCAGGCACGGTGGCTCATGCCTGTAATCCCAGCACTTTGGGAGGCCGAGGTGGGTGGATCACGAGGTCAGGAGTTCGAGACCAGCCTGCCCAATATGGTGAAATCTCATCTCTACCAAAAATACAAAAAATTAGCCAGGCGTGGTGGCGGGCACCTGTAATCCCAGCTGCTCAGGAGGCTGAGGCAGGAGAATCACTTGAACCCAGAAGGCGGAGGTTGCAGTGAGCTGAGATCCTACCACTGCACTCCAGCCTGGGCGACAAGAGCAAAACTCCATTTCAAAAAAAAAA"
"chr1","207401945","207402251","KN294874v1","24300","24608","30","207377645","GGCCGGGTGCGGTGGCTCACGCCCGTAATCCCAGCACTTTGGGAGGCTGAGGCGAGTGGATCACGAGGTCAGCAGTTCGAGACCAGCCTGACCAACATGGTGAAACCCTGTCTCTACTAAAAATACAAAAAAATAGCTGGGCGTGGTGGCGGGCACCTGTAATCCCAGCTACTTGGGAGGCTGAGGCAGGAGAATCACTTGAAACCAGAAGGCGGAGGTTGCAGTGAGCCGAGATTGCACCACTGAACTCTAGCCTGGGCAACAAGAGCAAAACTCCGTCTCAGATTAAAAAAAAAAAAAAAAAGAA","GGCCGGGCGCGGTGGCTCACGCCTGTAATCCCAGCACTTTGGGAGGCCGAGGCGGGTGGATCACAAGGTCAGCAGTTCGAGACCAGCCTGACCAACATGGTGAAACCCGGTCTCTAATAAAAATACAAAAAAAATAGCTGGGCGTGGTGGTGGATGCCTGTAACCCCAGCAACTTGGGAGGCTAAGGTAGGAGAATCGCTTGAAATCAGAAGGCGGAGGTTGCAGTGAGCTGAGATTGCACCACTACACTCTAGCCTGGGCAATAATAGCAAAACTCTGTCTCAAAAAAAAAAAAAAAAAAAGAACAAA"
"chr1","211415110","211415375","KN295605v1","779453","779714","44","210635657","GCTGGGCACGGTGGCTCATACCTGTAATCCCAGCACTTTGAGAGGCTGAGGTGGGCAGATCACAAGGTCAGGAGTTCAAGACCAGCCTGGCCAACATGGGGAAATCCTGTCTCTACTAAAAATACAAAAATCAGCCTGGCGTGGTGGCGGGTGCCTGTAATCCCAGCTGTGCAGGAGGCTGAGGTTGCAGTGAGCCAAGATCGTGCCATTGCACTCCAGCCTGGGTGACAAGAGCAAGACTCCATCTCAAAACAAACAAACAAAAA","GGCCAGGCGCAGTAGCTCACCCCTGTAAGCCCAGCACTTGGGAGGCTGAGGCGGGTGGATCACGAGGTCAGGAGATATAGACCATCTTGGCCAAAATGATGAAACCCCGTCTCTACTAAAAATACAAAAATTAGCCAGGCGTGGTGGCAGGCACCTGTAGTCCCAGCTACTCAGGAGGCTAAGGTTGCAGTGAGCCAAGATCATGCCACTGCACTCCAGCCTGGGCAACAAGAGCAAAACTCCATCTCAAAAAAAAAAAAAA"
"chr1","211756978","211757267","KN295633v1","1436393","1436685","36","210320585","GCCAGGTGCGGTGGCTCACACCTGTAATCCCAGGACTTTGGGAGGCTGAGGTGGGCAGATCACGAGGTCAGGAGCTCGAGACCAGCCTGGCCAACATGGTGAAACCTCGTCTCTACTAAAAATACAAAAATTAGCCAGATGTGGTGGCAGGTGCCTGTAATCCTAGCTACTCGGGAGGCTGAGGCAGAATAGCTTGAAACTGGAAGGCGGAGGTTGCAGTGAGCCGAGATCGTACCACTGTACTCCAGCCTGGGCAACAAGAGTAAAATTCTGTCTCAAAAAAAAAAAAA","CTGGGTGTGGTGGCTCACACCTGTAATCCCAGCACTTTGGGAGGCCGAGGCGGGTGGATCATGAGGTCAAGAGTTTGAGACCAGCCTGGCCAACATGGTGAAACCCCGTCTCTACTAAAAATACAAAAATTAGCCAGGCGTGGTGGCAGGCACCTGTAATCCCAGTTACTCAGGAGGCTGAGGCAGGAGACTCGCTTGAAACTGGAAGGCGGAGGTTGCAGTGAGCCGAGATCACGACACTGCACTCCAGCCTGAGCAACAAGAGCAAAACTCCGTCTCAAAACAAAACAAAA"
"chr1","212143682","212143991","KN297205v1","196973","197282","37","211946709","GGCCGGGCATGGTGGCTCGCGCCTGTAATCCCAACACTTTGGGAGGCTGAGGCAGACAGATCACAAGGTCAGGAGTTTGAGACCAGCCTGGCCAACATGTTGAAACCCTATCTCTACTAAAAATACAAAAACCAGCCGGGTGTGGTGGCAGGCTCCTGTAATCCCAGCTACTTGGGAGGCTGAGGCAGGAGAATCGCTTGAAACAGGAAGGTGGAAGTTGCAGTGAGCTGAGATCGCGCCATTGCACTCCAGCCTGGGCAACAAGAGCAAAACTCCATCTCAAAAAACAAAAACAAAAACAAAAACAAAA","GGCCAGGCGCGGTGGCTCACACTTGTAATCCCAGCACTTTGGGAGGCTGAGGCAGGCAGATCACAAGGTCAGGAGTTTGAGACCAGCCTGCCCAACATGGTGAAACCCCGTCTCTACTAAAAATACAAAAATTAGTTGGGCATGGTGGCAGGCACCTGTAATCCCAGCTACTTGGGAGGCTGAGGCAGGAGAATCACTTGAAACTGGAAGGCGGAGGTTGCAGTGAGCCGAAATCACGCCATTGCACTCCAGCCTAGGCTACAAAGCAAGACTCCATCTCAAAAAAAAAAAAGAAAAGAAAAGAAAAGAA"
"chr1","215552553","215552843","KN295667v1","1747631","1747918","39","213804922","GGCCGGGCATGATGGTTCATGCCTGTAATCCCAGCACTTTGGGATCTGCCCGAGGCGGGCACATCACAAGGTCAGGAGTTCAAGACCAGCCTGGCTAACACGGTGAACCCCATTTCTACTAAAAATACAAAAAATTAGCCAGGCATGGTGGAGGGCTCCTGTAATCCCAACTACTCAGGAGGCTGAGGCAGGAGAATCGCTTGAACCCAGAAGGTGGGGGTTGGAGTGAGCTGAGATCACGCCATTGCACTCCAGCCTGGGCAACAAGAGTAAAAACAGTGTCTCAAAAAA","GGCCAGGCACGGTGGCTTATGCCTGTAATCCCAGCACTTTGGGATGCCAAGGCAGGCAGATCACAAGGTCAGGAGTTCAAGACCAGCCTGGCCAACATGGTAAAACCTTGTCTCTACTAAAAATACAAAAATTAGCCAGGCATGGTGGCAGGTGCCTGTAATCCCAGCTACTCAGGAGGCTAAGACAGGAGAATCGCTTGAAACCAGAAGGTGGAGGTTGCAGTGAGGTGAGATCATGCCACTGCACTCCAGCCTGGGCAAAAAGAGTGAAACTCTGTCTCAAAAAAA"
"chr1","218849601","218849896","KN297313v1","656866","657157","35","218192735","GGTCAGGCTCGGTGGCTGATGCCTGTAATCCCAGCACTTTGGGAGGCCGAGGTGGGCGGATCACAAGGTTAGGAGTTCGAGACCAGCCTGGCCAACATGGTGAAACCCCATCTCCACTAAAAATACAAAAATTAGCTAGGCGTGGTGGCGGGCGCCTGTAGTCCCAGCTACTCGGGAGGCTGAGGCTGGAGAATCACTTGAATCCGGGAGGCAGAGGTTACAGTGAGCTGAGATCACACCACTGCACTCCAGCCTGGGCAACAAGAGCAAAACTCTGTCTCAAACAAACAAACAAA","GGCCAGGCACGGTGGCTCATGCCTGTAATCCCAGCACTTTGGGAGGCCGAGGTGGGTGGATCACGAGGTCAGGAGTTCGAGACCAGCCTGCCCAATATGGTGAAATCTCATCTCTACCAAAAATACAAAAAATTAGCCAGGCGTGGTGGCGGGCACCTGTAATCCCAGCTGCTCAGGAGGCTGAGGCAGGAGAATCACTTGAACCCAGAAGGCGGAGGTTGCAGTGAGCTGAGATCCTACCACTGCACTCCAGCCTGGGCGACAAGAGCAAAACTCCATTTCAAAAAAAAAA"
"chr1","223353916","223354066","KN296324v1","239746","239889","14","223114170","AGCTACTCGGGAGGCTGAGGCAGGAGAATTGCTTGAGATCAGGAGGCAGAAGCTGCAGCGAGCCGAGATCGTGGCACTGCACTCCAGCCTGGGCAACAAGAGTGAAACGTTGTCTCAAGAAAAAAAAAAAAAGAAAGTAGCAAAAAGAAAA","AGCTACTCGGGAGGCTGAGGCAGGAAAATTGCTTGAGATGGGGAGGCAGAAGCTGCAGCGAGCCGAGATTGTGGCACTGCACTCCAGCCTGGGCAACAAGACTGAAACTCTGTCTCAAGAAAAAAAAAAGAAAGAAAAAGAAAA"
"chr1","224426817","224427127","KN295526v1","137369","137673","41","224289448","CCGGGTGTGGTGGCTCACACCTGTAATCCCAGCACTTTGGGAGGCTGAGGCGGGTGGATCACGAGGTCAGCAGTTCGAGACCAGCCTGACAAACATGGTGAAACCCCGTCTCTACTAAAAAAAAAAATACAAAAAAATTAGCTGGGTGTGGCAGCGGGTGCCTGTAATCCCAGCTACTTCGGAGGCTGAGGCAGGAGAATCGATTGAAACTGGAAGGTGGAGGTTGCAGTGAGCCGAGATTGTGCTACTGCACTCTAGCCTGGGCAACGAGAGCAAAACTCTGTCTCCAAAAAAAAAAAAAAAAAAAAAAA","GGCCAGGCGTGGTGGCTCACGCCTGTAATCCCAGCACTTTGAGAGGCTGAGGCGGGTGGATCACGAGGTCAGCAGTTCCAGACCAGCCTGACCAACATGGTGAAACCCCGTCTCTACTAAAAATACGAAAAAATTAGCTGGGTGTGGTGGCAGGTGCCTGTAATCCCAGCGACTTGGAAGGCTGAGACAGGAGAATTGCTTGAAACCGGAAGGCGGAGGTTGCAGTTAGCTGAGATTGCGCCCCTGCACTGTAGCCTGGGCAATAACAGCAAAACTCTGTCTCAAAAAGAAAGAAAGAAAGAAAA"
"chr1","225869653","225869960","KN294536v1","1964698","1965005","30","223904955","GGCCGGCTGCGGTGGCTGACGCCTGTAATCCCAACGCTTTGGGAGGCTGAGGCAGGCAGATCACGAGGTCAGGAGTTCAAGACCAGCCTGGCCAACATGGTGAAACTCCGTCTCTACTAAAAATACAAAAATTAGCCAGGCTTGGTGGCGGGTGCCTGTAATCCCAGCTACTCGGGAGGCTGAGGCAGGAGAATCGCTTGAAACCGGAAGGCGGAGGTCGCAGTGAGCCAAGATCACCCCACTGCAACTCCAGCCTGAGTGAAAGAGCAAAACTGTCTCAAAAAAAAAAAAAAAGAAAAGAAAAGAAA","CGGCTGCAGTGGCTCACGCCTGTAATCCCAGCCCTTTGGGAGGCTGAGGCAGGCAGATCACGAGGTCAGGAGTTCGAGACTAGCCTGGCCAACATGGTGAAACCCCATCTCTACTAAAAATACAAAAATTAGCCGGGCTTGGTGATGGGTGCCTGTAATCCCAGCTACTCGGGAGGCTGAGGCAGGAGAATCACTTGAAACCGGAAGGCAGAGGTTGCAGTGAGCCACGATCACCCCCACTGCCCTCCAGCCTGCACGAAAGAGCAAAACCCCGTCTCAAAAAAGAAAAAAAAAGAAAAAAAAGAAAA"
"chr1","228690628","228690909","KN297165v1","32759","33046","30","228657869","GCACGGAGGCTCACGCCTGTAATCTCAGCACTTTGGGAGGCCGAGGAGGTCAGATCATGAGGTCAAGAGTTCGAGACCAGCCTGCCCAACATGGTGAAACCGCGTCTCTACTAAAAGTAAAAAAATTAGCCAGGCTATGTGGTGGGCGCCTGTAATCTCAGCTGCTCGGGAGACTGAGGCAGAAGAATCGCTTGAAATCAGAAGGCAAAGGTTTCAGTGAGCCGAGATCACGCCACTGCACTCCAGCCTGGGCAAAAGAGCAAAACTCCATCTCAAAAAAAA","GCCGTGCGCGGTGGCTCACGCCTGTAATTCCAACACTTTGGGAGGCCGAGGAGGTCAGATCATGAGGTCAAGTGTTCGAGACCAGCCTGGCCAACATGGTGAAACCCCGTCTCTACTAAAAGTAAAAAAAGTAGCCAGGCAATGTGGCGGGCGCCTGTAATCCCAGCTGCTAGGGAGAGTGAGGCAGAAAAATCGCTGGAAACCAGAAGGCATAGATTGCAGTGAGCTGAGATCACGCCACTGCACTCCAGCCTGGGTGAAAGGGCAAAACTCCATCTCAAAAAAAAA"
"chr1","230794202","230794492","KN297016v1","16230","16521","39","230777972","GGCCAGGTGTGGTGGCTCACACCTGTAATGCTAGCACTTTGGGAGGCCTAGGTGGGTGGATCATGAGGTCAGGAGTTTGAGATCAGCCTGGCCAACATGATGAAACCCCGCCTCTACTAAAAATACAAAATTAACCAGTTGTGGTGGCAGGTGCCTGTAGTCCCAGCTACTCAGGAGGCTGCAGCAGAAGAATCACTTGAAATCAGAAGGCAGAAGTTGCACTGAGCCGAGATTGCACCACTGCACTCCAGCCTGGGCAACAAGAGTGAAACTCCATCTCAAAAAAAAAAA","GGCCAAGCACAGTGGCTCACACCTGTAATCCCAGCACTTTGGGAGGCTGAGGTGGGAGGATCACGAGGTCAGGAGTGTGAGATCAGCCTGGCCAACATGGTGAAACCCTGTCTCTACTAAAAATACAAAAATTAGCCGGGTGTGGTGGTGAATGCCTGTAGTCCCAGCTACTCAGGAGGCTGGGGCAGAAGAATCACTTGAAACCAGAAGGTGGAGGCTGCAGTGAGCCAAGATCACGCCACTGCACTCCAGCCTGGGCGAAAGAGCGAAACTCCATCTCAAAATAAAAAAA"
"chr1","231320436","231320736","KN296180v1","640970","641269","39","230679466","GGCCGGGTGCAGTGGCTCATGCCTGTAATCCAAACACTTTGGGAGGCCGAGGCAGGCGGATCACAAGGTCAGGAGTTCCAGACTAGCCTGGCCAACATGGTGAAACCCTGTTTCTACTAAAAAATACAAAAATTAGCCGGGCGGGGTGGCGGGCACCTGTAATCCCAGCTACTCAGGAGACTGAGGCAAGAGAATTGCTTGAAACTGGAAGGTGGAGGTCACAGTCAGCCGAGATCACACCACTGCACTCCAGCCTGGGCAAAAGAGGGAAACTCCGTCTCAAAAAAAAAAAAAAAAGAAA","GGCCGGGTGCAGTGGCTCACGCTTGTAATCCCAGCACTTTTGGAGGCCGAGGTGGGCGGATCACGAGGTCAGGATTTCGAGACTAGCCTGGCCAACATGGTGAAACCCCGTTTCTACTAAAAATACAAAAAAATTTAGCCAGGCGTGGTGGCGGGCGCCTGTAATTCCAGCTACTCAGGAGGCTGAGGCAGTAGAATCGTTTGAAACTGGAAGGCGGAGGTTGCAGTGAGCCGAGATTGCGCCACTGCACTCCAGCCTGGGCAACAAGAGAGAAACTCCGTCTCAAAAGGAAAAAAAAAA"
"chr1","231356455","231356748","KN297452v1","2670478","2670777","34","228685977","GCCGGGCGTGGTGGCTTACGCCTGTAATCCCAGCACTTTGGGAGGCCGAGGTGGGCGGATCACGAGGTCAAGAGATCGAGACCATCCTGGCCAACGTGGTGAAACCCCGTCTCTACTAAAAATACAAAAAATTAGCCGGGCGTGGTGGCAAGTGCCTGTAATTCCAGCTACTCGGGAGGCTGAGACAGAAGAATCGCTTGAAGCTGGGTAGCGGAGGTTGCAGTGAGCCGAGATTGTGCCATTGCACTCCAGCCTGGGCAAAAAGAGCGAAACTGTGCCAAAAAAAAAAAAAAA","GCCGGGTGCCATTGCTTACGCCTGTAATCCCAGTACTTTGGGAGGCCGAGGTGGGCGGATCACGAGGTCAAGAGATCGAGACCATCCTGGCCAACATGGTGAAACCCCGTCTCTACTAAAAAATACAAAAAATTAGCTGGGCATGGTGGCGTGTGCCTGTAATCCCAGCTACTCGGGAGGCTGAGGCAGGAGAATCACTTGAAACCGGAAGGCGGAGGTTGCAGTGAGCCAAGATAGTGCCACTGCACTCCAGCCTGGGCAACAAGAGCGAAATTCCATCTCAGAGAAAATAAAAAAAAA"
"chr1","231815457","231815766","KN294456v1","405518","405820","39","231409939","GGCTGGGCGCGGTGGCTCACGCCTGTAATCCCAGCACTTTGGAAGGCTGAGGTGGGTGGATCACGAGGTCAGGAGTTTGAGAACAGTCTGGCCAACATGGTGAAACCCCGGCTCTACTAAAAAATACAAAAATTAACTGGGCGTGGTGGTGGGCACTTGTAATCCTAGCTACTTGGGAGGCTGAGGCAGGAGAATAGTTTCAAACTGGAAGGTGGAGGTTGCAGTGAGCTGAGATCGTACCACTGCACTCCAGCCTGGGCAACAAGAACAAAACTCTGTCTCAAAAAAAAAAAAAAGAAAGAAAGAAAAA","GGGCGCGGTGGCTCACGCCTGTAATCCCAACACTTTGGGAGGCCGAGGCGGGTGAATCACAAGGTCAGGAGTTCGAGAGCAGTCTGGCCAACATGGTAAAACCCCGTCTGTACTAAAAATACAAAAATTAGCCAGGTGTGGTGGCGGGCACCTGTAATCCCAGCTACTTGGGAGGCCGAGGCAGGAGAATCGCTGGAAACCGGAAGGCGGAGCTTGCTGTGAGCTGAGATTGTGCCACTGCACTCCAGCCTGGGCAACAAGAGCAAAACTCAGTCTCAAAAAAAAAAAAAAAAAAAAAAAAAA"
"chr1","239562608","239562908","KN295801v1","175758","176058","40","239386850","GGTCAGGCTTGGTGGCTCACGCCCATAATCCCAGCGCTTTGGGAGGCTAAGGCAGGTAGATCATGAGGTCAGGAGTTCAACACCAGCCTTGTCAACATAGTGAAACCCCATCTCTACTAAAAATACAAAAATTAGCTGGGCGTGGTGGCTGACGCCAGTAATCCCAGCTACTGGGGAGGCTGAGGCAGGAGAATCACTTGAAACTGGAAGGTGGAGGTTACAGTGAGCCGAGGTCGCGCCACTGCACTCCAGCCTGGGCAAAAGAGTGAAACTCTGTCTCCAAAAAAAAAAAAAAAAAAAA","GGCTGAGAACAGTGGCTCATGCCTGTAATCCCAGCACTTTGGGAGGCTAAGGCGGGCAGATCACGAGGTCAGGAGTTCGAAACCAGCCTGGCCAATATGGTGAAACCCCATCTCTATTAAAAATACAAAAATTAGCTGGACGTGGTGGCGGGCACCTGTAATCCCTGCTACTTTGGGAGGCTGAGGCAGGAGAATCACTTGAAACAGGAAGGTGGAGGTTGCAGTGAGCCGAGATCGTGCCACTGAACTGCAGCCTGGGCAAAAGAGCGAAACTCCGTCTCAAAGAAAAAAAAAAAAAGAA"
"chr1","241262820","241263127","KN296609v1","1269674","1269975","43","239993146","GCCAGGCGTGGTGATTCATGCCTGTAATTCCAGCACTTTGGGAGGCCGAGGCGGGTGGATCACGAGGTCAGGAGTTCGAGAGCAGCCTGGCCAACATGGTGAAACGCCGTCTCTACTAAAAATACAAAAATTAGCCAGGCATGGTGGCGGACACCTGTAATCCCAGCTACTCTGGAGGCTAGGGCAAGAGAATCCCTTCAAACCAGAAGGCTGAGGTTGCAGTGAGCCGAGATCACACCACTGCACTCCAGCCTGGGCGAAAGAGCAAAACTCTGTCTCAAAACAAAACAAACAAACAAAAACAAAAA","GGCTGGGTGTGGAGGCTCATGCCTGTAATCCCAGCACTTTGGGAGGCCGAGGCAGGTGAATCACGAGGTCAGGAGTTCGAGACCAGCCTGGCCAACATGGTGAAACCCCGTCTCTACTAAAAATACAAAAATTAGCCAGGCATGGTGACAGGCACCTGTAGTCTCAACTACTCGGGAGGCTGAGGCAGGAGAATTGCTTGAAACCGGAAGGCAGAGGTTGCCATGAGTGGAGATCGTGCCACTGCACTCCAGCCTGGGTGAAAGAGCGAAACTCTGTCTCAAAAAAAAAAAAAAAAAAAAAA"
"chr1","242664252","242664551","KN294266v1","135124","135424","40","242529128","GGCCGGGCGTGTGGCTTACACCTGTAATCCCAGCACTTTGGGAGGCCGAGACGGGTGGATCACAAGGTCAGGAGTTCGAGACCAGCCTGGCCAACAAGGTGAAACCCCATTCCTACTAAAAATACAAAAATTAGCAGGACATGGTCGTGGGTCCCTGTAATCCCAGCTACTCGGGAGGCTGAGGCAGAAGAATCACTTGAAACCTGAAGGCAGAGGTTGCAGTGAGCCGAGATTGGGCCATTGCACTCCAGCCTGGGCAATAAGAATGAAACTCTGTCTCAAACAAACAAATAAACAAAA","GGCTGGGCATGGTGGCTCACGCTTGTAATCTCAGCACTTTGGGAGGCCAAGGTGGGTAGATCACAAGGTCAGGAGTTCGAGACCAGCCTGGCCAACATGGTGAAACCTCGTCTCTACTAAAAATATAAAAATTAGCCAGGCATGGTGGCAGGCGCCTGTAATCCCAGCTACTCGGGAGGCTGAGGCAGGAGAACCGCTTGAAACCAGAGGGTAGAGGTTGCAGTGAGCCGAGATCATGCCACTGCACTCCAGCCTGGGCAACAAGAATGAAACTCAGTCTCAAAAAAAAAAAAAAAAAAAA"
"chr1","242858540","242858836","KN294266v1","135124","135424","44","242723416","GGGCATGGTGGTTCATGCCTGTAATCCCAGCACTTTGGGAGGCCTAGGTGGGTGGATCACGAGGTCAGGAGTTCGAGACCAGCCTGGGCGACATGGTGAAGCCCCATCTATATTAAGAATCCAAAAAAATTAGCCAGGCATGGTGGCATGCGCCTGTAATCCCAGCTACTTGGGAGGCTGAGGCAGAAGAATCACTTGGAATCAGAAGGTGGAAGTTGCAGTGAGCCAAGATCGTGGCACTGCACTCCAGCCTGGGTGACAAGAGCGAAACTCCACCTCAAAAAAAAAAAAAAAAAA","GGCTGGGCATGGTGGCTCACGCTTGTAATCTCAGCACTTTGGGAGGCCAAGGTGGGTAGATCACAAGGTCAGGAGTTCGAGACCAGCCTGGCCAACATGGTGAAACCTCGTCTCTACTAAAAATATAAAAATTAGCCAGGCATGGTGGCAGGCGCCTGTAATCCCAGCTACTCGGGAGGCTGAGGCAGGAGAACCGCTTGAAACCAGAGGGTAGAGGTTGCAGTGAGCCGAGATCATGCCACTGCACTCCAGCCTGGGCAACAAGAATGAAACTCAGTCTCAAAAAAAAAAAAAAAAAAAA"
"chr1","244833995","244834271","KN297230v1","1161323","1161602","38","243672672","GCCGGGCGCGGAGGCTCACGCCTGTAATCCCAACACTTTGGGGGCTGAGGCGGGCGGATCACGAGGTCAGGAGTTCGGGACCAGCCTGGTCAACTTGGTGAAACCTCGCCTCTACTAAAAATACAAAAATTAGCCTGGCGTGGTGGGGGGCGCCTGTAATCCCAGCTACTCGGCAGCCTGAGGAAGGAGAATAGCTTGAAAACGGAAGGCGGAGGTTGCAGGGAGCCGAGATCGTGCCACTGTACTCCAGCCTGGGAGAAAGAGCGAAACTCCGTCT","GGCCAGGCGCGGTGGCTCACACCTGTAATCCCAGAACTTTGGGAGGCTGGGGTGGGCAGATCACGAGGTCAGGAGTTCGAGATCAGCCTGGCCAACATGGTGAAACCCCGTCTCTACTAAAAATACAAAACTTAGCTGGGCATGATGGTGGGTGCCTGTAATCCCAGCTACTTGGGAGGCTGAGGCAGGAGAATCGCTTGAAATCGGAAGGCGAAGGTTGCAGTGAGCTGAGATCGTGCCACTGCACTCCAACCTGGGGAACAAGAGCGAAACTCCATCT"
"chr1","246858548","246858818","KN296732v1","3669496","3669767","44","243189052","GGCCAGGCACGGAGGCTCATACCTGTAATCCCAGCACTCTGGGAGGCTGAGGCAGGCAGATCACGAGGTCAGGAGTTCGAGACCAGCCTGGCCAACATGGTGAAACCCCGCCTCTAATAATACAAAAATTGGCTGGGCATGGTGGCACGTGCCTGTAATCCCAGCTACTCGGGAGGCTGAGGCAGAGGTTGCGGTGAGCCGAGATCACACCACTGCACTCCAGCCTGGGCAACAAGAGCGAAACTCTGTCTCAAAAAAAAAAAAAAATAAA","GGCCGGGCGCGGTGGCTGACACCTGTAATCCCAGCACTTTGGGAGGCTGAGGCAGGTGGATCACGAGGTCAGGAGATGGAGACCATCCTGGCTAACATGGTGAAACCCTATCTCTACTAAAAATAAAAAAATTAACTGTGTGTGGTGGCGGGCGCCTGTAATCCCAGCTACTCGGGAGGCGGAGGTTGCGGTGAGCCAAGATTGCACCATTGCACTCCAGCCTGGGCAACAAGAGCGAAACTTCGTCTCAAAAAAAGAAAAAAAAAAAAAAA"
"chr1","247086587","247086895","KN294874v1","24300","24608","34","247062287","GCTGGGTGCGGTGGCTCACGCCTGTAATCCCAGCACTTTGGGAGGCCGAGGCGGGTGGATCACGAGGTCAGCAGTTTGAGACCAGCCTGACCAACATGGTGAAACCCCATCTCTACTAAAAATACAAAAAAAATTAGCTGGGCATGGTGGCGGCTGCCTGTAATCCCAGCTACTCCGGAGGCTGAGGCAGGAGAATCTCTTGAAACTGGAAAGCAGAGGTTGCAACGAGCTGAGATTGCACCACTACACTCTAGCCTGGGCAACGAGAGCAAAACTCCATCTCAAAAAAAAAAAAAAAAAAGAAGGAAA","GGCCGGGCGCGGTGGCTCACGCCTGTAATCCCAGCACTTTGGGAGGCCGAGGCGGGTGGATCACAAGGTCAGCAGTTCGAGACCAGCCTGACCAACATGGTGAAACCCGGTCTCTAATAAAAATACAAAAAAAATAGCTGGGCGTGGTGGTGGATGCCTGTAACCCCAGCAACTTGGGAGGCTAAGGTAGGAGAATCGCTTGAAATCAGAAGGCGGAGGTTGCAGTGAGCTGAGATTGCACCACTACACTCTAGCCTGGGCAATAATAGCAAAACTCTGTCTCAAAAAAAAAAAAAAAAAAAGAACAAA"
"chr1","247125431","247125674","KN294260v1","2520484","2520738","60","244604947","GCCGATCACGAGGTCAGGAGTTGGAGACCAGCCTGGCGAATGTGGTGAAACCCCGTCTCTACTAAAAATGCAAAATTTAGCCGGGTGTGATGGCAGACGCCTGTAATCCCAGCTACTCAGGATGCTGAGGCAGGAGAATCCCTTGAAACGGGAAGGCAGAGGTTGCAGTCAGTGGAGATCTCCAGCCTGGGCGAAAGAGGAAACTCTGCCTCAAAAAAAAAAAAAAAAAAAAAAAAAAAAAAAA","GAGGTGGGTGGATCATGAGGTCGGAAGTTTCAGACCAGCTTGGCCAACATGGTGAAACCCTGTCTCTATTAAAAATACAAAAATTAACTGAGCATGGTGGCAGGCACCTGTAATTCCAGCTACTCAGGGGCTGAAGCAGGAGAATCGCTTGAAACCGGAAGGTGGAGGTTGCAGTGAGCTAAGATCGTGCCACTGCACTCCTCAACAAGAGCGAAACTCTGTCTCACACAAAAAAAAAAAAGAAAAAAAAAGAAA"
"chr1","247257667","247257758","KN294961v1","16282","16378","28","247241385","GAAGGCAGAGGTTGCAGTGAGGCAAAATCATGCCATTGCACTCCAGCCTGGGCAACAAGAGCGAAACTCCATCTCAAAGAAAAAAAAAAAAA","GGCGGAGGTTACAGTGAGCCTAGATCGTGCCACTTCACTCCAGTCTGGACTAAAGAGCAAAACTCTGTCTCAAAAAAACCAGAAAGAAACAGAAAAA"
"chr1","247478497","247478796","KN295596v1","93475","93775","37","247385022","GGCCGGGTGCGGTGGCTCACGCCTGTAATCCCAGCACTTTGGAAGGCCGAGGTGGGCCGATCACGAGGTCAGGAGTTCAAGACCAGCCTGGCCAACATGGTGAAACCCCGTCTTTACTAAAAATACAAAAATTAGCCGGGCTTGGTGGTGAGCGCCTGTAATCCCAGCTACTCGGGAGGCTGAGGCAGGAGAACCGCTTGAACCCAGAATGCAGAGGTTGCGGTGAGCCAGGATCAGGCCACTGCACTCCAGTCTGGGGGACAGGAGTGAAACTCCGTCTCAATAAATAAATAAATAAAA","GGCCGGGCGCAGTGGCTCACGCCTGTAATCTCAGCACTTTGGGAGGCCGAGGCGGGCGGATCTTGAGGTCAGGAGATCAAGACCAGCCTGGCTAACATGGTGAAACCCGTCTCTACTAAAAATACAAAAATTAGCTGGGCGTGGTGGCGGGCGCCTGTAATCCCAGCTACTCGGGAGGCTGAGGCAGGAGAATCGCTTGAAACCGGAAGGCAGAGGTTGCAATGAGCCAAGATCGTGCCACTGCACTCCAGCCTGGGCAACAAGAGCGAAACTCCATCTCCAAAAAAAAAAAAAAAAAGAA"
"chr2","2121211","2121474","KN295533v1","3083066","3083328","48","961855","GGTTGAGGGCGGTGGCTCATGCCTGTAATCCCAGCACCTTGGGTGGCCTAGGCGGGCGGATCACGATGTCAGGAGTCCAAGACCAGCCTGGCCAACATAGTGAAACCCCGTCTCTACTAAAAATACAAAGTTAGCTGGGCATGATGGTGGACACCTGTAATCCCAGCTACTCGGGAGGCTGAGGCAGGAGAATTGCTTGAACCCGGACCCGGGAGGTGGAGTTTGCAGTGAGCCGAGACCGCGCCGTTGCACTCCAGCCTGGGC","GGCTGGGCGTGGTAGCTCACGCCTGTAATCCCGGCACCTTAGGAGGCCGAGGCAGGTGGATCATGAAGTCAGGAGTTCAAGATCAGCCTGGCCAACATGGTGAAACCCTGTCTCTACTAAAAATACAAAAATTAGCCAGGCGTGGTGGCAGGCACCTGTAGTCCCAGCTACTCAGGAGGCTGAGGCAGGAGAATCGCTTTAAACCGGAAGGTGGAGGTTACAGTGAGCCAAGATCGCGCCACTGCACTCCAGCCTGGGCAACA"
"chr2","5351659","5351736","KN297154v1","905210","905285","33","4446449","AGGCTGGTGTGGTGGAGGGTGCCTAAATCCCAACTACTCGCGGGGCTGAGGCAGGAGGATCACTTGAAACTGGGAGGC","GGCTGGGCGCGGTGGCTTAACGCCTGTAATCCCAGCACTTTGGGAGGCCGATGCGGGCAGAATCAAAGCAGGAATT"
"chr2","6368040","6368346","KN296154v1","3831130","3831439","36","2536910","GGCCGGGCGCAGTGGCTTACACCTGTAATCCCAGCACTTTGGGAGGCCGAGGTGGGTGGATCACGAGGTCAGGAGTTTGAGACCAGCCTGGCCAACATGGTGAAACCACATCTCTACTAATAAAATAAAAACTAGCCAGGCATGGTGGTGGGCTCCTGTAATCCCAGCTACTCGGGAGGCTGAGGCAGGAGAATCACTTGAAACCAGAAGGCAGAGGTTGCAGTGAGCAGAGATCGTGCCACTGCACTTCAGCCTGTGACAGAGTAAGACAATGTCTCAAAAAAAAAAAAAAAAAGAAAAAGAAAAA","GGCCGGGCTCGGTGGCTCACACCTGTAATCCCAGCACTTTGGGAGGCCGAGGTGGGTGGATCACTAAGTCAGGAGTTCAAGACCAGCCTGGCCAACATGGTGAAACCCCATCTCTACTAAAAATACAAAAATTAGCTAGGCGTGGTGGTGAGCACCTATAGTCCCAGCTACTCAGGAGGCTGAGGCAGGAGAATTGCTGGAAACCAGAAGGCGGAGGTTGCAGTGAGCTGAGATTGTGCCACTGCACTCCAGCCTGGGCAACAAGAGTAAAATGCTGTCTCAAAAAAAAAAAAAAAAAGAAAAAAGAAAA"
"chr2","8745517","8745806","KN295667v1","1747631","1747918","34","6997886","GGCCAGGCACGGTGGCTCACACCTGTAATCCCAGCACTTTGGGAGGCCAAGACGGGCAGATCACAAGGTCAGGAGTTCGAGACCAGCCTGGCCAACATGGTGAAACCCCATCGCTACTACAAAAACACAAAAATTAGCCAGGCATGGTGGTGGGAGCCTGTAATCCCAGCTACTCAGGAGGCTGAGGCAGGAGAATCGCTTGAAACCAGAAGGCTGAGGTTGCAGTGAGCTGAGATGGCATCACTGCACTCCAGCCTGAGCAAAAGAGCGAAACTCCGTCAAAAGAAAAA","GGCCAGGCACGGTGGCTTATGCCTGTAATCCCAGCACTTTGGGATGCCAAGGCAGGCAGATCACAAGGTCAGGAGTTCAAGACCAGCCTGGCCAACATGGTAAAACCTTGTCTCTACTAAAAATACAAAAATTAGCCAGGCATGGTGGCAGGTGCCTGTAATCCCAGCTACTCAGGAGGCTAAGACAGGAGAATCGCTTGAAACCAGAAGGTGGAGGTTGCAGTGAGGTGAGATCATGCCACTGCACTCCAGCCTGGGCAAAAAGAGTGAAACTCTGTCTCAAAAAAA"
"chr2","9597366","9597664","KN294987v1","494557","494865","45","9102809","GGGCAGACACAGTGGCTCACGCCTATAATGCCAGCACTTTGGGAGGCCGGGGTGGGCGGATCACGAGGTCAGGAGTTCGAGACCACCCTGGCCAACACGGTGAAACCCCGTCGCTACTAAAAATACAAAAATTAGCCAGGCGTGGTGGCAGGCACCTGTAATCCCAGCTACTCGGGAGGCTGAGGCAGGAGAATCGCTTGAAACTGAAAGGCAGAGGGTTGCAGTGAGACAAGATCACCTGCCTGGGCAAAAGAGCGAAACTCCGTCTCAAAAAAAAAAAAAAAAAAAGAAAAAGAAAA","GGCCGAGCACAGTGGCTCACGCCTGTAAGCCCAGCACTTTGGGAGGCCGAGGTGGGTGGATCACGAGGTCAGGAGTTCGAGACCAGCCTGGCCAATGTGGTGAAACCTCGTCTCTACTAAAAATACAAAAATTAGCTAGGCTTGATGGCGGGCGCCTGTAATCCCAGCTACTCGAGAGGCTGAGGCAGGAGAATCACTTGCAACTGGAAGGCAGAGGTTGCAGTGAGCCAGGATCAAGCCACTGCACTCCACCCTGGGTGAAAGAGCAAAACTCTGTCTCCAAAAAAAAAAAAAAAAAAAAAAAAAAAA"
"chr2","11173956","11174255","KN294172v1","193457","193751","39","10980499","GGCCAGGCACAGTGGCTCACGCCTGTAATCCCAGCATTTCGGGAGGCTGAGGCGGGTGGATCATGAGGTCAGAAGTTCGAGACCAGCCTGACCAACATGGTGAGACCCTGTCTCTATTAAAAATACAAAAATTAGCTGGGTGTGGTGGCGGGCACCTGTAATAATCCCAGCTACTTGGGAGGCTGAGGCAGGAGAATCGCTTGAAACCGGAAGGCTGAGGTTGCAGTGAGCCGAGATCATGCCACTACACTCCAGCCTAAGCGAAAGAGCGAAACTCTGTCTCAAAAAACAAACAATAAA","GGCCGGGCGCTGTGGCTCACGCCTGTAATCCCAGCACTTTGGGAGGCCGAGGTGCGTGGATCACGAGGTCAGGAGTTCGAGACCAGCCTGGCCAACATGGTGAAACCCTGTCTCTACTAAAAATACACAAAGCTGGGTGTGGTGGCGGGCATCTGTAATCCCAGCTACTTGGGAGGCTGAGGAGGGAGAATCACTTGAAACAGGAAGGTGGAAGTTGCAGTGAGCCGAGATCACGCCACTATACTCCAGCCTGGGCAACAAGAGCGAAACTCCGTCTCAAAAAAAAAAAAGAAAA"
"chr2","14276052","14276355","KN295459v1","1418985","1419286","42","12857067","GGCCAGATGCGGTGGCTCACGCCTGTAATCCCAACACTTTGGGAGGCCAAAGCGAGTGGATCATGAGGGCGGGAGTTTGAGACCAGCCTGGCCAACATGGTGAAACCCTGTCTGTACTAAAAATACAAAAATTAGCTGGGCGTGGTGGCGGGTGCCTGTAATTCCAGCTACTTGGAAGGTTGAGGCAGGAGAATCGCTTGAAACTGGAAGGCGGAGGTTGCAGTGAGCCAAGATTGCACCACTGCACTCCAGCCTGGGCAAGAATAGTGAAACTCTGCCTCAAAATATAAATAAATAAATAAAA","GCCAGGTGTGGTGGCTCGCGCCTGTAATCCCAACACTTTGGGAGGCCGAGGCAAGTGAATCACGAGGTCAGGAGTCCGAGACCAGCCTGGCCAACATGTTGAAACCCTATCTGTACTAAACATACAAAAATTAGCTGGGTGTGGGGACAGGCGCCTGTAATCCCAGCTACTTGGGAGACTGAGGCAGGAGAATCACTTGAAATCGGGAGGCCGAGGTTGCAGTGAGCCGAGATCACGCCATTGCACTCCAGCCTGGGCAACAACAGTGAAACTCCGTCTCAGAAAATAAATAAATAAATAAA"
"chr2","17509779","17510062","KN296062v1","313219","313514","39","17196560","GCCGGGCGCGGTGGCTCACACCTGTAATCCCAGCACTTTGGGAGGCCGAAGCAGGTGGATCACGAGGTCAGCAGTTCGAGACCAGCCTGACCAACACAGTGAAACCCTGTCTCTACTAAAAATACAAAAAAATTAGCTGGGAGTGGTGGTGGGCACCTGTAATCCCAGCGACTTGGGAGGCTGAGGCAGGAAAATCTCTTGAACCCGGAAGGTGGAGGTTGCAGTGAGCTGAGATTGCCCCACTGCACTCTAGCCTGGGCAAATAAGAGCAAAACTCCGTCTTA","GGCCGGGCGCGGTGGCTCATGCCTGCAATCCCAGCACTTTGGGAGGCCGAGGCAGGTGGATCACGAGGTCAGCAGTTTCAGACCAGCCTGATCAACATGGTGAAACCCCATCTCCACTAAAAATACAAAAAAATTAGCTGGGCGTGGTGGCGGGCACCTGTAATCCCAGCGACTTGGGAGGCTGAGGCAGGAGAATCACTTGAAACCAGAAGGCAGAGGTTGCAGTGAGCCGAGATTGCACCACTGCCCTCTAGCCCGGGCAATAAGAGCAAAACTCCGTCTCAAAAAAAAAAAAA"
"chr2","20070910","20071245","KN294591v1","186818","187131","60","19884092","GCTGGGCGCAGTGGCTCATGCCTGTAATACCAGCACTTTGGTAGGCTAAGGTGGGCAGATCACGAGGTCAGGAGTTCGAGGCCAGCCTGGCCAACATGGTGAAACCCCATCTCTACTAAAAAACAAAACAAAACAAACAAACAAACAAAAACCAAAAATTAGTCGGGTGTGGTGGCAGGTGCCTATAACCCCAGCTACTTGGGAGGCTGAGGCAGGAGAATCACTTGAAACCGGAAGGCGAAGGTTGCAGTGAGCTGAGATCACACCCCTGTACTCCAGCCTGGGCGAAAGAGCAAAACTCTGTCTCACAGGAAAAAAAAAAAGAAAGAAAGAAAA","GGCTGGGTGCGGTGGCTCACGCCTGTAATCCCAGCACCCTGGGAGACTGAGGCAGGCAGATCACGAGGTCAGGAGTTCGAGATCAGCCTGGCTAACATGGTGAAACCCTGTCTCTACTAAAAATACAAAAAAAAAAAAAAAAATTAGCCAGGAATGGTGGCAGGCACCTGTAATCCCAGCTACTCAGGAGGCTGAGGCAGGAGAATCACTTGAAACCGGAAGGCAGAGGTTGCAGTGAGCCGAGATTGCACCACTGCACTCCAGCCTGGGCGAAAGAGCATAACTCTGTCTCACAAAAAGAAAAAAAAAAAGAA"
"chr2","23996464","23996772","KN294458v1","1248815","1249123","39","22747649","CTGGGCATGGTGGCTCATGCCTGTGATCCCAGCACTTTGGGAGGCTGAGGCGGGTAGATCATGAGGTCAGGAGTTCGAGACCAGCCTGACCAACATGGTGAAACCCCATCTCTACTAAAAATACAAAAATTAGCTGGGCATGGTGGCAGGCGCCTGTAGTTCCAGCTACTTGGGAGGCTGAGGCAGGAGAATCTCTTGAAACCGTAAGGTGGAGGTTGCAGTGAGCCGAGATCGTGCCACTGCACTCCAGCCTGGGCAACAAGAGCGAAACTCTATCTTAAAAAAAAAAAAAAGAAAAAGAAAAAGAAA","GGCCGGGCGCAGTGGCTCATCCCTGTAATACCAGCACTTTGGGAGGCCTAGGTGGGTGGATCACGAGGTCAGCAGTTGGAGACCAGCCTGACCAACATGGTGAAACCCCATCTCTACTAAAAATACAAAAAAATTAGCTGGGCATGGTGGCAGGGCCTGTAATCCCAGCGACTTGGGAGGCTGAGGCAGGAGACTTGCTTGAAACCGGAAGGTGGAGGTTGCAGTGAGCTGAGATTGCGCCACTGCACTCTAGCCTGGGCATTAAGAGCAAAACTCCGTCTCAAAAAAAAAAAAAAAAAAAAAAAAAAA"
"chr2","24748330","24748635","KN295284v1","18157","18458","45","24730173","GGCCGGGCGTGGTGGCTCACGCCTGTAATCCCAGCACTTTGGGAGGCCGAGGCAGGCGGATCACAAGGTCAGGAGATCAAGACCAGCCTCACCAATATGATGAAATCCCATTTCTACTAAAAATACAAAAATTAGTTGGGTGTGGTGGTATGAGCCTATAATGCCAGCTACTCGGGAGGCTGAGACAGGAGAATTGCTTGAACCCAGATGCTTGAAGCAGAGGTTGCAGTGAGCAGAGATCACGCCATTGTACTCCAGCCTGGGCAACAAGAGTGAAACTCGGTCTCAAAAAAAAAAAAAAAAAAA","GGCCGGGCCTGGTGGCTCACGCCTGTAATCCCAGCACTTTGGGAGGCCGAGGCGGGTGGATCACGAGGTCAGGAGTTCGAGACCAACCTGGCCAAGATGGTGAAACCCCGTCCCTACTAAAAATACAAAAATTAGCTGGGTGCGGTGGCAGGTGCCTGTAATCCCAGCTACTTGGGAGGCTGAGGCAGGAGAATCGCTTAAAAACGGGAGGCAGAGGTTGCAGTGAGCTGGGATCACGCCACTGCACTCCAGCCTGGGCAACAAGAGTGAAAACTGCATGTCAAAAAAAAAAAAAAAAAAAA"
"chr2","25677598","25677902","KN295596v1","93475","93775","38","25584123","GGCCAGGCACGGTGGCTCACGCCTGTAATCTCAGCACCTTTGGAGGCTGAGGCGGGTGGCATGAGGTCAGGAGTTCAAGACCAGCCTGGCCAATATGGTGAAACCCCGTCTCTACTAAAAATACAAAAATTAGCCAGGTGTGGTGGTGGGTACCTGTAGTCCCAGCTACTCGGGAGGCGGAGGCAGGAGAATCGCTTGAAACCGGAAGGCAGAGGTTGCAGTGAGCAGAGATCGTGCCACTGCACTCCAGCCTGGGTGAAAGAGTGAAAGTCCATCTCAAAAAAAAAAAAAAAAAAAAAAAAAAA","GGCCGGGCGCAGTGGCTCACGCCTGTAATCTCAGCACTTTGGGAGGCCGAGGCGGGCGGATCTTGAGGTCAGGAGATCAAGACCAGCCTGGCTAACATGGTGAAACCCGTCTCTACTAAAAATACAAAAATTAGCTGGGCGTGGTGGCGGGCGCCTGTAATCCCAGCTACTCGGGAGGCTGAGGCAGGAGAATCGCTTGAAACCGGAAGGCAGAGGTTGCAATGAGCCAAGATCGTGCCACTGCACTCCAGCCTGGGCAACAAGAGCGAAACTCCATCTCCAAAAAAAAAAAAAAAAAGAA"
"chr2","33028388","33028556","KN296948v1","699659","699827","17","32328729","GGCCTAGCGTGGTGGCTCACACCTGTAATCCCTGCACTTTGGGAGGCTGAGGTGGGCAGATCATGAGGTCAGGAGTTGAAGACCAGCCTGGTCAACATGGTGAAACCCTGTCTCTACTAAAAATACAAAAATTAGCTGGGCATAGTGGCGAGCGCCTGTAATCCCAGCT","GGCCCAGCGTGGTGGCTCACACCTATAATCCCAGCCCTTTGGGAGGCCGAGGTGGGCAGATCATGAGGTCAGAAGTTCAAGACCAGCCCGGCCAACATGGTGAAACCCCATCTCTACTAAAAATACAAAAATTAGCAGGGTGTGGTGGCGGGTGCCTGTAATCCCAGCT"
"chr2","33327857","33328135","KN294685v1","345092","345373","42","32982765","GGCCGGGTGCAGTGACTCACGCCTGTAATCCCAGCACTTTGGGAGGCTGAGGTGGGTGGATCCGAGGTCAGCAGTTCGAGACCACCCTGACCAACATGGTAAAACCCATCTCTACTAAAAATACAAAAATTAGCCAGGCATGATGGCACACGCCTGTAATCTCAGCTACTTGGGAGGCTGAGGCAGGAGAATTGCTTGAAACCGGAAGGTGAAGGTTGCAGTGAGCCGAGATCACGCCACTGCACTCTAGCTTGGACAACAAGAGTGAGACTCTGTCTC","GGCCGGGCGCAGTGGCTCACCCCTGTAATCCCAGTACTTTGGGAGGCTGAGGTGGGTGGATCATGAGGTCAAGAGTTAGAGACCAGCCTGGCCAACATGATGAAACCCCATCTCTATTAAAAATACAAAAATTAGCCAGGCTTGGTGGCGGGCACCTGTAATCCCAGCTACTCGGGAGGCTGAGGCAGGGGAATCGCTTGAAACTGGAAGGTCGAGGCAGCAGTGAGCCAAGATCGCACCACTGCACTCCAGCCTGGGCAACAAGAGCAAAACTCCATCTCA"
"chr2","33889437","33889731","KN294705v1","1926600","1926891","39","31962837","GGCTCACGCTTGTAATCCCAGCACTTTGGGAGGCTGAGGCAGGTGGATCATGAGGTCAGGAGTTCAAGACAAGCCTGGCCAACATGATGAAACCCCATCTCTACTAAAAATACAAAAATTATCCAGGCATGGTGGCATGCACCTGTAATCCCAGCTGCTTGGGAGGCTGAGGCAGGAGAATCGCTTGAAACCGGACGGCGGAGGTTGCAGTGAGCTGAGATCGTGCCACTGTACTCCAGCCTGGGCGAAAGAATAAAACTCTGTCACAAAAAAAAAGAAAAGAAAAAAAAAGAAA","GCTCATGCCTGTAATCCCAGCGCTTTGGGAGGCCCAGGCGGGCGGATCACGAGGTCAGGGGTTCGAGACCAGCCTCGCCAAGATGGTGAAACCCCATCTCTACTAAAAATACAAAAATCAGCCAGGCATGGTGGCGGGCACCTGTAATACCAACTACTTGGGAGGCTGAGGCAGGAAAATTGCTTGAAACCGGAAGGCGGAGGTTTCAGTGAGCCAGTATTGAGCCACTGCACTCCAGCCTGGGCTAAAGAATGAAACTCTGTCTCAAAAAAAGAAAGAAAGAAAAAAGAAA"
"chr2","34681956","34682238","KN295500v1","14644","14921","39","34667312","GGCCAGGTGCAGTGGCTTGCGCCTGTAATCCCAGCACTTTGGGAAGCTGAGGCAGACAGATAAAGAGGTCAGGAGTTCAAGACCAACCTGGCCAACATGGTGAAACCCCGTCTCTACTAAAAATACAAAAATTAGCCAGGCGTGGTGGTGGGGCACCTGTAATCCCAGCTACTCGGAAGGCTGAGGCAGGAGAATCACTTGAAACTGGAAGACAGAGGTTGCACTGAGCCGAGATCACTGCCACTGCACTCCAGTCTGGGCAACAAGAGCGAAACTCCATCTC","GGCTGGGCATGGTGGCTCACGCCTGTAATCCCAGCACTTTGGGAGGCCGAGGCAGGCAGATCACAAGGTCAGGAGTTCGAGACCAGCCTGGCCAACATGGTGAAACCCCCTCTCTACTAAACATACAAAAATTAGCCAGGCGTGGTGGCAGGCGCCTGTAATCCCAGCTACTCGGGAGGCTGAGGCCGGAGAATCTCTTGAAACTGGAAAGCGGATGTTCAGTGAGCCGAGATCGCCACTGCACTCTAGTTGGGGCAACAAGAGGGAAACTTCATCCC"
"chr2","36724022","36724229","KN294416v1","812211","812430","30","35911811","CTGGCCAACATGGTGAAACCCCGTCTCTACTAAAAATACAAAAATTAGCCAGGCATGGTGGCTGGCGCCTGTAATCCCAGCTACTCGGGAGGCTGAGGTAGGAGAATCACTTGAAACCAGAAGGTGGAGGTTGCAATGAGCCGAGATCGCACCACTGCACTCCAGCCTGGGCAACAAGAGTGAAATTCTGTGGGAAAAAAAAAAAAAA","TGGCCAACATGGTGAAACGCTGTCTCTACTAAAAATACAAAAATTAACCTGGCATGGTGGCTGGCACCTGTAATCCCAGCTACTCGGGAGGCTGAGGCAGGAGAATCACTTGAAACCAGAAGGCGGAGGTTGCAACGAGCTGAGATCGTGCCACTGCACTCCAGCCTGGGCAACAAGAGTGAAACTCCATCTCAAAAAAAACAAACAACAACAACAAAAA"
"chr2","37032875","37033178","KN297165v1","3391036","3391341","37","33641839","GGCGGGGCACGGTGGCTCATGCCTGTAATCCCAGCACTTTGGGAGGCTGAGGTGGGCGGATCACGAGGTCAGGAGTTCGAAACCAGCCTGGCCAACGTGGTGAAAACCCGACACTACTAAAAATACAAAAATTAGCCAGGTGTGGTGGCAGGCACCTGTAATCCCAGCTACTTGGGAGGCCGAGGCCAGAGAATCGCTTGAAACCAGAAGGCGGAGGTTGCAGTGAGCTGAGATCACGCCACTGCGCTCCAGCCTGGGCAACAAGAGCAAAACTCTGTCTCAAAAAAAAAAAAACAAAACAAAA","GACTGGGCGTGATGGCTCATGTCTGTAATCCCAGCACTTTGGAAGGCCGAGGTGGGCAGATCATGAGGTCAGGAGTTCGAGACCATCCTGGCCAATATGGTGAAACCCCATCTCTACTAAAAATACAAAAATTAGTCAGGCGTGGTGGTGGGCACCTGTAATCCCAGCTACTTGGGAGGCTGAGGCAGAAGAATCACTTGAACCTGGGAAGGTGGAGGTTGCAGTGAGCCGAGATCACGCCACTGCACTCCAGCCTGGGCAACAAGAGCAAAACTGTGTCTCAAAAAAAAAAAAAAAAAAAAAAAA"
"chr2","38537230","38537535","KN295666v1","436464","436764","40","38100766","GGCCGGGTGCTGTGGCTCACACCTGTAATCCCAGCACTTTGAGTGGCCTAGGCGGGTGGATCACAAGGTCAGGAGTTCAAGACCGGCCTGGCCAACGCGGTGAAACCCCATCTCTACTAAAAATACAGAAATTAGCTGGGCATGGTGGCGGGCGCCTGTAATCCCAGCTAGTTGGAAGGCTGAGGCAGGAGAATTGCTTGAAACCAGAACACGGAGTTTGCAGTGAGCCGAGATCATGCCACTGTCCTCCAGCCCGGGGGAAAGAGAGATACTCCATCTCAAAAATAAATTAAAAAAAAAAAAAAA","GGCCAGGTGCGGTGGTTCACACCTGTAATCCCAGCACTTTGGGAGGCCTAAGCGGGTGTATCACGAGGTCAGGAGTTCAAGACCAGCCTGGCCAACATGGTGAAACCCCATCTCTACTAAAAATACAAAAATCAGCCAGGCGTGTTGGCAGGTGCCTGTAATCCCGGCTACTTGGAAGGCTGAGGCAGGAGAATCTCTTGAAACCAGAACGCAGAGTTTGCGGTGAGCCAAGATCCTGCCACTGTCCTCCAGGCAGGGTAAAGAGCAATACTCTGTCTCAAAAAAAAAAAAAAAAAAAAAA"
"chr2","39117029","39117326","KN295596v1","93475","93775","36","39023554","GGCCGGGCGCAGTGGCTCACGCCTGTAATCCAGCACTTTGGGAGAGCAAGGTGGGCGGATCACGAGGTCAGGAATTCAAGACCAGCCTGGCCAACGTGGTGAAACCCCATCTCTACTAAAAAATACAAAAATTAGCCTGGCGTGGTGGTGGGCACCTGTAATCCCAGCTACTCGGGAGGCTGAGGCAGGAGAATAGCTTGAAACCGGAAGACGGAGGTTGCAGTGGGGCGAGATTGCACCACTGCACTCCAACCTGGGCAACAAGAGCAAAACTCTGTCTCAAAAAAAAAAAAAAAAA","GGCCGGGCGCAGTGGCTCACGCCTGTAATCTCAGCACTTTGGGAGGCCGAGGCGGGCGGATCTTGAGGTCAGGAGATCAAGACCAGCCTGGCTAACATGGTGAAACCCGTCTCTACTAAAAATACAAAAATTAGCTGGGCGTGGTGGCGGGCGCCTGTAATCCCAGCTACTCGGGAGGCTGAGGCAGGAGAATCGCTTGAAACCGGAAGGCAGAGGTTGCAATGAGCCAAGATCGTGCCACTGCACTCCAGCCTGGGCAACAAGAGCGAAACTCCATCTCCAAAAAAAAAAAAAAAAAGAA"
"chr2","39122675","39122843","KN296153v1","1167324","1167494","27","37955351","GACCGGGCGCGGTGGCTCAGGCTTGTAATCACAGCATTTTGGGAGGCCGAGGCGGGTGGATGACGAGGTCAGGAGTTCGAGACCAGCCTGGCCAATACAGTGAAACCCCATCTCTAATAAAAATACAAAAATTACCTGGGTGTGGTGGCAGGCGCCTATAATTCCAGCT","GGCCAGGTGCGGTGGCTCACGCCTGTAATCCCAGCACTTTGGGAGGCTGAGGCGGGCAGATCACAAGGTCAGTAGTTCGAGACCAGCCTGGCCAACATAGTGAAACCCTGTCTCTACTAAAAATACAAAAAAATTAGCCAGGCGTGGTGGCAGGCACCTGTAATCCCAGCT"
"chr2","39165533","39165829","KN295666v1","1099598","1099901","27","38065935","GGCCGGGCGCAGTGGCTTACGCCTATAATCCCAGCACTTTGGGAGGCTGAGGCAGGTGGATCATGAGGTCAGCAGTTTGAGACCAGCCTGACCAACATGGTGAAACCCTGTCTCTACTAAAACATACAAAAAAATTAGCTGGGCATGGTGGCGGGCACTTGTAATCCCAGTGAATTGGGAGGCTGAGGCAGGAGAATTGCTTGAAACCAGAAGGCGGAGGTTGCAGTGAGCCAAGATTGTGCCACTGCACTCTAGCCTGGGCAACAAGAGCAAAATTCAGTCTCAAAAAAAAAAAAA","GGCCAGGTGCAGTGGCTCAAGCCTGTAATCCCAACACTTTGGGAGGCCGAGGCAGGTGGATCACGAGGTCAGCAGTTTGAGACCAGCCTGACCAACATGGTGAAACCCTGTCTCTACTAAAAAATACAAAAAAATTAGCTAGGCGTGGTGGTGGGCACCTGTAATCCCAGTGACTTGGGAGGCTGAGGCAGAAGAATCGCTTGAAACCAGAAGGTGGAGGTTGCAGTGAGCCAAGATTGTGCCATTGCACTCTAGCCTGGGCAATATGAGCAAAATTCAGTCTCAAAAAAAAAAAAAAAAAAAA"
"chr2","42529906","42530196","KN295090v1","2859031","2859321","30","39670875","GGACAGGCGCGGTGGCTCACGCCTGTAATCCCAGCACTTTGGGAGGCCAAGGCAGGAGGATCACGAGGTCAGGAGTTCGAGACCAGCCTGGCCAACATGGTGAAACCAGTCTCTACTGAAAATACAAAAATTAGCCGGGCGTGGTGGTGGGCGCCTGTAATCCCAGCTACTCGGGAGGCTGAGGCAGGAGAATAGCTTGAAACCGGAGGGCAGAGGTTGCAGTGAGCCAAGATCATACCACTGCACTCCAGCTTGGGCAAAAGAGCAAAACTCCATCTCAAAAAAAAAAAA","GGCCAGGCACAGTGGCTCACACCTGTAATCCCAGCACTTTGGGAGGCCAAGGCAGGCAGATTATAAGATCAGGAGTTCGAGACCAGCCTGGCCAACATGGTGAAACCCTGTCTCTACTAAAAATACAAAAATTAGCCGGGCGTGGTGGCAGGTGCCTGTAATCCCAGATACTCGGGAGGCTGAGGCAGGAGAATCACTTGAATCCGGGAGGCAGAGGTTGCAGTGTGCCGAGATCATGCCACTGCACTCCAGCCTGGGCAACAAGAGCTAAACTCCATCTCAAAAAAAAAA"
"chr2","42988318","42988529","KN294416v1","812211","812430","40","42176107","TGTCCAACACAGTGAAACCCCATCTGTACTAAAAATACAAAATTAGCCAGACATGGTGGCACATGCCTGTAATCCCAGCTACTTGGGAGGCTGAAGCACGAGAATCACTTGAAACCGGGAGGCAGAGGCTGCAGTGAGCCAAGATCATGCCACTGCACTCCTGCCAGGGCAACAAGAGCAAAACTCCGTCTCAAAACAAACAAACAAAAAAA","TGGCCAACATGGTGAAACGCTGTCTCTACTAAAAATACAAAAATTAACCTGGCATGGTGGCTGGCACCTGTAATCCCAGCTACTCGGGAGGCTGAGGCAGGAGAATCACTTGAAACCAGAAGGCGGAGGTTGCAACGAGCTGAGATCGTGCCACTGCACTCCAGCCTGGGCAACAAGAGTGAAACTCCATCTCAAAAAAAACAAACAACAACAACAAAAA"
"chr2","44105466","44105769","KN295284v1","18157","18458","38","44087309","GGCCAGGTGCGGTGGCTCACGCCTGTAATCTCAGCACTTTGGGAGGCTGAAGCGGGCGGATCACGAGGTCAGGAGTCCGAGACCAGCCTGGCCAACATGGTGAAACCCCGTCTCTACTAAAAATACAAAAATTAGCTGGGCATGGTGGCGCGTGCCTGTAATCCCAGCTACTCAGGAGGCTGAGGCGGAGAACTGCTTCAACAAGGACCAGGGAGGCAGAGGTTGCGATGAGCCGAGATCACGCCACTGCACTCTAGCCTGGGCAACAAGAGTGAAACTCTGTCTCAAAAAAAAAAAAAAAAAA","GGCCGGGCCTGGTGGCTCACGCCTGTAATCCCAGCACTTTGGGAGGCCGAGGCGGGTGGATCACGAGGTCAGGAGTTCGAGACCAACCTGGCCAAGATGGTGAAACCCCGTCCCTACTAAAAATACAAAAATTAGCTGGGTGCGGTGGCAGGTGCCTGTAATCCCAGCTACTTGGGAGGCTGAGGCAGGAGAATCGCTTAAAAACGGGAGGCAGAGGTTGCAGTGAGCTGGGATCACGCCACTGCACTCCAGCCTGGGCAACAAGAGTGAAAACTGCATGTCAAAAAAAAAAAAAAAAAAAA"
"chr2","44177419","44177717","KN295596v1","93475","93775","35","44083944","GGCCGGGCGCGGTGGCTCATGTCTGTAATCCCAGCACTTTGGGAGGCCGAGGCGGGCAGATCTTGAGGTCAGGAGTTCGAGACCAGCCTGGCCAACATGGTGAGACCCCTGTCTCTACTAAAAATACAAAAATTAGCTGAGCGTGGTGGCACGTGCCTGTAATCTCAGCTACTCACGAGGCTGAGACAGGAGAATTACTTAAAACCTGAAGGCGGAGGCTGCAGTGAGCCGAGATCATGCCACTACACTCCAGCCTGGGCAACAAGAGCAAAACTCCGTCTCAAAAAAAAAAAAAAAAA","GGCCGGGCGCAGTGGCTCACGCCTGTAATCTCAGCACTTTGGGAGGCCGAGGCGGGCGGATCTTGAGGTCAGGAGATCAAGACCAGCCTGGCTAACATGGTGAAACCCGTCTCTACTAAAAATACAAAAATTAGCTGGGCGTGGTGGCGGGCGCCTGTAATCCCAGCTACTCGGGAGGCTGAGGCAGGAGAATCGCTTGAAACCGGAAGGCAGAGGTTGCAATGAGCCAAGATCGTGCCACTGCACTCCAGCCTGGGCAACAAGAGCGAAACTCCATCTCCAAAAAAAAAAAAAAAAAGAA"
"chr2","45723599","45723902","KN295705v1","2335020","2335324","31","43388579","GGCTGGTTGCAGTGGCTCACCTTTGTAATCCCAGCACTTTGGGAGGCCGAGGCAGGCAGATCACGAGGTCAGGAGTTTGAGACAAGCCTGGACAACATGGTGAAACCCTATCTCTACTAAAAATACAAAAATTAGCTGGGTGTGGTGGTGGGCGCCCATAATCCCAGCTATTCAGGACGCTGAGGCAGGAGAATCGCTTGAAACCGGAAGGCGGAGGTTGCAGTGAGCCGAGATCGCGCCACTGCACTCCAGCCTGGGCAAAAGAGTGAAACTCCGTCTCAAAAAACAAAACAAAACAAAAGAA","GGCCGGGGGCGGCGGCTCACCTTTGCAATCCCAGCATTTTGGGAGGCCAAGGCAGGCAGATCACGAGGTCAGGAGTTTGAGACCAGCCTGGACAACATGGTGAAACCCTATTTCTACCAAAAATACAAAAATTGCCCGGGTGTGGTGGTGGGTGCCTGTAATCCCAGCTATCCAGGAGGCTGAGGCAGGAGAATCTCTGGAAACTGGAAGGCGGAGGTTGCAGTGAGCCGAGACTGCGCCACCGCACTTCAGCCTGGGCAAAAGAGCAAAACTCTGTCTCAAAAAAACAAAACCAAACAAAAGAA"
"chr2","47895702","47895994","KN295666v1","570919","571210","36","47324783","GGCTGGGCATGGTGGCTCATGCCTGCAATCCCAGCACTTTGGGAGGCTGAGGCGAGTGGATCACGAGGTCAGGAGTTCGAGACCAGCCTGGCCAACATGGTGAAACCCTGTCTCTACTAAAAATACAGAAATTGGCTAGCTGGGTATGGTGGCAGATGCCTGTAATCCCAGCTACTCGGGAGGCTGAGGCAGGAGAATCGCCTGAAACCAGAAGGCAGAGGTTGCAGTGAGCCCAGATCATGCCACTGCACTCCAGCCTGGGTGAAAGAGTGAAATTCTGTCTCAAAAAAAAA","GGCTGGGCATGGTGGCTCATGACTGTTAAGTCCAGCACTTTGGGAGGCTGATGCGGGTGAATCATGAGGTCAGGAGTTCGAGACCAGCCTAACCAACATGGTAAAACCCTGTGTCTACTAAAAATACAAAAATTAGCTGGGCATGGTGGCAGGCACCTGTAATCCCAGCTACTCGGGAGGCTGAGGCAGGAGAATCGCGTGAAACCAGAAGGCAGAGGTTGCAGTGAACCTAGATCATGCTATAACACTCCAGCCTGGGCAACAAGGGCGAAACTCTGTCTCAAAAAAAAAA"
"chr2","52832679","52832814","KN294364v1","232041","232177","13","52600638","TCGGGAGGCTGAGGCAGGAGAAGCGCTTGAAACCGGAAGGCGGACATCGCAGTGAGCCCAGATCGCGCCACTGCACTCCAGCCTGGACAACAAGAACGACACTCCATCTCAAAAAAAAAAAAAAAAAAAAAAAAAA","TCGGGAGGCTGAGGCAGGAGAATCGCTTGAAACCCGAAGGCGGTCGTCACAGTAAGCCGAGATTGCACCACTGCACTCCAGCCTGGACACCAAGAGCAACACTCCATCTCCAAAAAAAAAAAAAAAAAAAAAAAAAA"
"chr2","53037109","53037389","KN294364v1","21313","21595","30","53015796","GGCTGAGCACGGTGGCTCACGCCTGTAATCCCAGCACTTTGGGAGGCCGAGGCAAGGAGATAACGAGGTCAGGAGTTCAAGACCAGCCTGGCCAACGTGGTGAAACCCCGTCACTACTAAAAATACAAAAATTAGCCCGGTGTGGTGACAAGCGCCTGTAATTCCAGCTACTCGGGAGGCTGAGGCAGGAGAATCGCTTGAAACCAAAAGGCGGAGGTTGCAGTGAGCCGAGATCAGGCCATTGTACTCCAGCCTGGGCAACAAGAGCGAAACTCCATCTC","GGCTGGGCACGATGGCTAATGCCTGTAATCCCAGCACTTGGGAGGCCGAGACAAGCAGATCACGAGGTCAGGAGTTCAAGACCAGCCTGGCCAACATGGTGAAACCCCATCACAACTAAAGATACAAAAATTAGCCAGGTGTTGTGATAGGCGCCTGTAATCCCAGCTACTCGGGAGGCTGAGGCAGGAGAATCACTTGAAACCGAAAGGCGGAGGTTGCAGTGAGCCAGGATCATGCCATTGCATTCCAGCCTGGGCAACAAGAGTGAAACTCTGTCTCAAA"
"chr2","53972028","53972321","KN296180v1","640970","641269","28","53331058","GGCCGGGCGCAGTGGCTCACGCCTGTAATCCCAGCACTTTGGGAGGCCGAGGCGGGCGGATCACGAGGTCAGGAGTTCGAGACCAGTCTGGCCAACATGGTGAAACCCCGTCTCTACTAAAAATACAAAAAAGTTAGCCGGGCGTGGTGGCGGACGCCTGTAATCCCAGCTACTCGGGAGGCTGAGGCAGGAGAATCGCTTGAAACCGGAAGGCGGAGGTTGCAGTGAGCCAAGATCGCGCCAGGGCACTCCAGCCTGGGCAACAAGAGCGAAACTCCGTCTCAAAAAATAAAA","GGCCGGGTGCAGTGGCTCACGCTTGTAATCCCAGCACTTTTGGAGGCCGAGGTGGGCGGATCACGAGGTCAGGATTTCGAGACTAGCCTGGCCAACATGGTGAAACCCCGTTTCTACTAAAAATACAAAAAAATTTAGCCAGGCGTGGTGGCGGGCGCCTGTAATTCCAGCTACTCAGGAGGCTGAGGCAGTAGAATCGTTTGAAACTGGAAGGCGGAGGTTGCAGTGAGCCGAGATTGCGCCACTGCACTCCAGCCTGGGCAACAAGAGAGAAACTCCGTCTCAAAAGGAAAAAAAAAA"
"chr2","54182048","54182336","KN295474v1","933367","933655","43","53248681","CCTGTAATCCCAGCACTTTGGGAGGCTGAGGCGGGTGGATCATGAGGGCAGGAGTTTGAGACCAGCCTGGCCAACATGACGAAACTCTGTCTCTACTAAAAATACAAAAATTAGACTGACGTGGTGGCGGGCGCCTGTAATCCCAGCTACTCGGGAGGCTGAGGCAGGAGAATCACTTGAAACCCGAAGGCTGAGGTTACAGTGAGCTGAGATTGTGCCACCATACTCCAGCCTGGGTGAAAAAGCAAAACTCCGTCTCAACCAAAAAAAAAAAAAAAAAAAAAAAAAA","CCTGTAATCCCAGCACTTTGAGAAGCCGAGACGGGCAGATCACGAGGTCAGGAGTTCGAGACTAGCCTGTCCAACATGGTGAAACCCTATCTCTACTAAAAATACAAAAATTAGCTGAGCGTGGTGGCGGGCACCTGTAATCCCAGCTACTTGGGATGCTAAGGCAGGAGAATCCCTTGAAACTGGAAGGCGGAGGTTGCAGTGAGCTGAGATCACGCCACTACACTCCAGCCTGGGCAACAAGAGCGAAATTCAATCTCAAAAAAAAAAAAAAAAAAGAAAAGAAAAA"
"chr2","61126521","61126792","KN297431v1","215894","216165","52","60910627","GGCCGGACGCGGTGGCTCACGCCTGTAATCCCAGCACTTTGGGAGGCCAAGGTGGCCAGATCACGAGGTCAGGAGTTTGAGACCAGCCTGACCAACATGGCAAAACCCCATCTCTGTTAAAAAATAGAAAAATTAGCTGGACGTGGTGGCGGGTGCTTGCAATCCCAGCTACTTGGGAGGCTGCAGCAGGAGAATCACTTGAACCCGGAAGGTGGAGGTTGCTGTGACCTAAGATCGTGCCACTGTCTCAAAAAAAAAAAAAAAAAAAAAAA","GGCCAGGTGCGGTGGCTCATGCCTGTAATTCCAGCACTTTGGGAGGCCAAGGTGGGCAGATCATGAGGTCAGGAGTTGGAGATCAGCCTGACCAACATGGTGAAACCCTGTCTCTATTTAAAAAATACAAAAATTAGCTAGACATGGTGGTGGGCGCCTGTAATCCCAGCTACTCAGGAAGCTGAGGCAGGAGAATCACTTGAAACCAGAAGGTGGAAGTTGCAGTGAGCCGAGATTGTGCCACTACACTCCAACCTGGGCAACAAGAGCAA"
"chr2","61399074","61399360","KN295596v1","93475","93775","62","61305599","GGCCGGTGCAGTGGCTCATGCCTGTAATCCCAACACTTTGAGAGGCCTAGGTAGGTGGATCACGAGGTCAGGAGTTCAAGACCAGCCTAACATGGTCTCTACTAAAACTACAAAAATTAGCTGGGTGTCGTGACGCATGCCTGTAATCCCAGCTACTCAGGAGGTTTCAGCCTCCTGAGAATTGCTTGAATCCCGGAAGGCGAAGGTTGCAGTGAGCTGTTATCATGCCACCGCACTCCAGCCTGGGCAACAGGATCAAAACTCCGTCTCAAAAAAAAAAAAAAAAA","GGCCGGGCGCAGTGGCTCACGCCTGTAATCTCAGCACTTTGGGAGGCCGAGGCGGGCGGATCTTGAGGTCAGGAGATCAAGACCAGCCTGGCTAACATGGTGAAACCCGTCTCTACTAAAAATACAAAAATTAGCTGGGCGTGGTGGCGGGCGCCTGTAATCCCAGCTACTCGGGAGGCTGAGGCAGGAGAATCGCTTGAAACCGGAAGGCAGAGGTTGCAATGAGCCAAGATCGTGCCACTGCACTCCAGCCTGGGCAACAAGAGCGAAACTCCATCTCCAAAAAAAAAAAAAAAAAGAA"
"chr2","61866141","61866325","KN297322v1","1617060","1617238","32","60249081","GCCGGACGTGGTTGCTCACGCTTGTAATCCCAGCACTTTGGGAGGCCGAGGCGGGTGGATCACAAGGTCAGGAGTTTGAGACCAGCCTGGCCAACATGGTGAAACCCCGTCTCTACTAAAGGTAGGAAAAAAAAAAAAGCCGGGCATAGTGGCAGGCACCTGTAATCCCAGCTACTGGGGAGGTT","GGCCTGGTGCGGTGGCTCATGCCTGTAATCCCAGCACTTTGGGAGGCCGAGGTGGGTGGATCACAAGGTCAGGAGTTCAAGACCAGACTGGCCAACATGGTGAAACTCCGTCTCTACTAAAAATACAAAAATTAGCTGGGGGTGGTGGTGGGCATCTGTAATCCCAGCTACTCGGGAGG"
"chr2","62986432","62986736","KN296154v1","3831130","3831439","42","59155302","GACTGGGTGCGGTGGCTCACGCCTGTAATACCAGCACTTTGGGAGGCTGAGGCAGGTGGATCACAAGGTCAGGAGTTCAAGACCAGCCTGGCCAACATGGTGAAACCCCATCACCACTGAAAATAAAAAAATTAGCCGGGTGTGGTGGTGTGCGCCTGTAGTCCCAGCTACGAGGCTGAGGCAGGAGAATGGCTTAAAACCAGAAGGTGGAGATTGCAGTGAGCCGAGATCGCGCCACTGCACTCCAGCCTGGGTGAAAGAGCAAAACTCAGTCTCAAAAAAAAAAAAAAAAAGGAAAAAAGAAA","GGCCGGGCTCGGTGGCTCACACCTGTAATCCCAGCACTTTGGGAGGCCGAGGTGGGTGGATCACTAAGTCAGGAGTTCAAGACCAGCCTGGCCAACATGGTGAAACCCCATCTCTACTAAAAATACAAAAATTAGCTAGGCGTGGTGGTGAGCACCTATAGTCCCAGCTACTCAGGAGGCTGAGGCAGGAGAATTGCTGGAAACCAGAAGGCGGAGGTTGCAGTGAGCTGAGATTGTGCCACTGCACTCCAGCCTGGGCAACAAGAGTAAAATGCTGTCTCAAAAAAAAAAAAAAAAAGAAAAAAGAAAA"
"chr2","63804748","63805053","KN296900v1","22600","22908","40","63782148","GGCCGGGCACGGTGGCTCACGCCTCTAATACCAGCACTTTGGGAGGCCGAGGCGAGCAGATCACAAGGTTAAGAGCTCGAGACCAGCCTGGCCAACATGGTGAAACCCCGTCTCTACTAAAAATATAAAAATTAGCCTGGCTTGGTGGTGGGTGCCTGTAATTCCAGCTACTCGGGAGGCTGAGGCAGGATAATCGCTTGAAACTGGAAGGCAGAGGTTGCAGTGAGCCGAGATGGCACCCCTGTACTCCAGCCTGGATGAAAGAGTGAAACTCCATTTCAAAAAAAGAAAAGAAAAGAAAAGAAA","GGTTGGGCGCTGTGGCTCACAACTGTAATCCCAGCACTTTGGGAGGCTAAGGCGAGCAGATCATGAAGTTAAGAGTTCAAGACCAGCCTGGCCAACATGGTGAAACCCCGTCTCTACTAAAAATATAAAAATTAGCCTGGCATGGTGGCGGGCGCCTGTGATCCCAGTTACTCGGGAGGCTGAGGCAGGAGAATCGCTTGAAACCGGAAGGCGGAGGTTGCAATGAGCCGAGAGGGCGCCACTGCACTCCAGACTGGGTGAAAGAGCAAAACTCCATCTCAAAAAAAAAAAAAAAAAAAAAGAAAGAAA"
"chr2","64047377","64047669","KN297320v1","1172012","1172303","33","62875365","GGCTGGGCACCGTGGCTCATGCCTGTAATCCCAACACTTTGGGAGGCCGAGGCGGGCGGATCACAAGGTCAGGAGTTCGAGACCAGCCTGGGCAACATGGTGAAACCCTGTCTCTATTAAAAATACAAAAATTAGCCAGGTGTGGTGGCAGGCGGCTGTAATCCCAGCTACTCGGGAGGTTGAGGCAGGAGAATCGCTTGAAACTGGAAGGCGGAGGTTGCAGTGAGCTGAGATCGCGCCATTGCACTCCACTCTGGGTGACAAGAGTGAGATTCCACCTCAAAAAAAAAAAA","GGCCAGGCACGGTGGCTCACGCCTGTAATCCCAACACTGTAGGAGGCTGAGGCGGGTGGATCACCAGGTCAGGAGTTTGAGACCAGCCTGGCCAACATGGTGAAACCCTGTCTCTACTAAAAATACAAAAATTAGCCGGGCGTGGTGGCAGGCGCCTGTAATGCCAGCTACTTGGGATGCCGAGGCAGGAGAATCGCTTGAAACCGGAAGGCGGAGGCTGCAGTGAGTGGAGATCACGCCACTGCCCTCCAGCCTGGGTGAAAGAGTGAAACTCCATCTCAAAAAAAAAAAA"
"chr2","64961984","64962292","KN295552v1","119752","120055","35","64842232","GGCCAGGCGCAATGGCTCACACCTGTAATCCCAGCACTTCGGGAGGCTGAGGCGGGTAGATCACGAGGTCAGGAGTTTGAGACCAGCCTGGCCAACATGGTGAAACCCCATCTCTACTAAAAATAGAAAAATTAGCCGGGTGTGGTGGCAGGCACCTGTAATCCCAGCTACTCAGGAGGCTGAGGCAGGAGAATCGCTTGAAACCAGAAGGCAGAGGTTGCAGTGAGCCAAGATAGTGCCACTGCGCTCCAGCCTCGGCAACAAGAGTGAAACTCCATCTCAAAAAAAAAAAAAAAAGAAAGAAAGAAA","CCAGGGATGGTGGCTCACGCCTGTAATCCCAGCACTTTGGGAGGCTGAGGTGGGCAGATTACAAGGTCAGGAGTTTGAGACCAGGTTGGCCAACATGGTGAAACCACATCTCTACTAAAAATACAAAAATTAGCAGGGTGTGGTGGTAGGCACCTGTAATCCCAGCTACTTAGGAGGCTGAGGCAGCAGAATCGCTTAACACCGGAAGGCAGAGGTTGCAGCAGGCTGAGATTGTGCCACTGCACTCCAGCCTGGGCAACAAGAGTGAAACTCCATCTCAAAAAAAAAAAAAGAAAGAAAGAAA"
"chr2","65398998","65399283","KN294172v1","193457","193751","42","65205541","GCTGGGCGCGGTGGCTCATGCCTGTAATCCCAGCATTTTGTGAGGCCAAGGTGGGCGGATCACGAGGTCAGGAGATCGAGACCATCCTGGCTAACACGGTGAAACCCTGTCTCTCTTAAAAAATAAGCCGGGTGTGGTGGCGGGCGCCTGTAGTCCCAGCTACTTGGGAGGCTGAGGTAGGAGAATCGCTTGAAGCTGGAGGCAGAGGTTGCGGTGAGCCGAGATCACGCCATTGCACTCCAGCCTGGTCAACAAGAGCGAAAATCTGTCTCAAAAAAAAAAAAAA","GGCCGGGCGCTGTGGCTCACGCCTGTAATCCCAGCACTTTGGGAGGCCGAGGTGCGTGGATCACGAGGTCAGGAGTTCGAGACCAGCCTGGCCAACATGGTGAAACCCTGTCTCTACTAAAAATACACAAAGCTGGGTGTGGTGGCGGGCATCTGTAATCCCAGCTACTTGGGAGGCTGAGGAGGGAGAATCACTTGAAACAGGAAGGTGGAAGTTGCAGTGAGCCGAGATCACGCCACTATACTCCAGCCTGGGCAACAAGAGCGAAACTCCGTCTCAAAAAAAAAAAAGAAAA"
"chr2","68815444","68815616","KN294729v1","2689","2859","24","68812755","TAGCCGGGCGTGGTGGCGGACGGCTGTAACCCCAGCTACTCGGGAGGCTGAGGCAGAAGAATCGCTTGAAACCGGAAGGCGGAGATTGCAGTGAGCTGAGATCGCGCCACTGCACTCCAGCCTGGGCGAAAGAGCCAAACTCCATCTCAAAAAAAAAAAAAAAAAAAAAAAAA","TAGCCAGGCTTGGTGGCGGGCACCTGTAATCCCAGCTACTCAGGAGGCTGAAGCAGGAGAATCGCTTGAAACTGGAAGGCAGAGGTTGCAGTGAGCTGAGATCATGCCACTGTACTCCAGCCAGAGCAAAAGAACAAAACTCTGTCTCAAAAAAAAAAAAAAAAAAAAAAA"
"chr2","69333876","69334160","KN295526v1","50675","50959","35","69283201","GGCTGGGCGCGGTGGCTTACGCCTGTAATCCCAGCACTTTGGGAGGCCAAGACGGGTGGATCACGTGGTCAGGAGTTCGAGACCAGACTGGCCAACAAGGTGACACCCAGTCTCTACTAAAAATACAAAAATTGGCCAGGCGTGGTGGCAGTTACCTGTAATCCCAGCTACTTGAGAGGCTGAGGCAGGAGAATCACTTGAAACCGGAGGGCGGAAGTTACAGTGAGCAGAGATCACACCACTGCACTCCAGCCTGGGCAACAAGAGCAAAACTCCATCTCAAAA","GGCCGGGCGTGGTGGCTCATGCCTGTAATCCCAGCCCTTTGGGAGGCCAAGGTGGTTGGATCACGCTGTCAGGAGTTCGAGACCAGCCTGGCCAACATGGTGAAACCCCATCTCTACTAAAAATACAAAAATTAGCCAGGCATGGTGGCAGGCGTCTGTAATCCCAGCTACTCGGGAGGCTGAGGCAGGAGAATCACTTGAACCCGGAAGGCAGAGGTTGCAGTGAGCCGAGATCATACCACTGCACTCTAGCCTGGGCAAAAGAGTGAAACTCCATCTCAAAAA"
"chr2","69709982","69710284","KN297165v1","3391036","3391341","34","66318946","GGCCGGGCATGGTGGCTCACACCTGTAATCCCAGTACTTTGGGAGGCCGAAGTGGGCAGATCACAAGGTCAGGAGTTCAAGACCAGCCTGGCCAATATGGTGAAACCCTGTCTCTACTAAAAATACAAAATTAGCCGGGCGTGGTGGCACATGCCTGTAATCCCAGCTACTCGGGAGGCTGAGGCAGGAGAATCGCTTGAACCTGGAAGGTGGAGGTTGCAGTGAGCTGAGTTCACGCCATTGCACTCCAGCCTGGGCAACAAGAGCAAAACTCTGTCTCAAAAAAAAAAAAAAAAAAAAAAA","GACTGGGCGTGATGGCTCATGTCTGTAATCCCAGCACTTTGGAAGGCCGAGGTGGGCAGATCATGAGGTCAGGAGTTCGAGACCATCCTGGCCAATATGGTGAAACCCCATCTCTACTAAAAATACAAAAATTAGTCAGGCGTGGTGGTGGGCACCTGTAATCCCAGCTACTTGGGAGGCTGAGGCAGAAGAATCACTTGAACCTGGGAAGGTGGAGGTTGCAGTGAGCCGAGATCACGCCACTGCACTCCAGCCTGGGCAACAAGAGCAAAACTGTGTCTCAAAAAAAAAAAAAAAAAAAAAAAA"
"chr2","69851340","69851620","KN296200v1","104045","104335","41","69747295","GGAGGCTGACGCCTGTACTCCCAGCGCTTTGGGAGGCTGAGGTGGGCAGATCACAAGGTCAGGAGTTGGAGACCAGCGTGGCCAACATGGTGAAACCCTGTCTCTACTAAAAATACAAAAATTAGCCGGGTATGGTGGTGGTCGCCTATAATCCCAGCTGCTAGGGAGGCTGAAGGAGGAGAATCGCTGGAAACCAGAAGGCGGAAGTTGCAGGGGGCCGAGATTGCGCCATTGCACTCCAGCCTGGGCAACGAGCAAAACTCTGTCTCAAAAAAAAAGAA","GCCAGGCACGGAGGCTCATGCCTGTACTCCCAGCACTTTGGGAGGCTGAGGTGGGTGGATCACAAGGTCAGGAGTTGGAGACCAGCCTGGCCAACATGGTGAAACCCCATCTCTACTAAAGATACAAAAATTAGCTGGGCTTGGTGGCAGGCGCCTGTAATCCCAGCTGCTAGGGAGCCTGAGGGAGGAGAATCGCTTCAAACCAGAAGGCAGAGGTTGCAGTGAGCTAAGATTGCGCCACCGCACTCCAGCATGGGCAACAAGCGAAACTCTGTCTCAAAAAAAAAAGAA"
"chr2","70299904","70300198","KN295294v1","375030","375326","28","69924874","GGCTGGACGCGTAGCTCGCGCCTGTAATCCCAACATTTTGGGAGGCCGAGGCGGGTGGATCACGAGGTCAGGAGTTTGAGACCGTCCTGGCCAACATGGTGAAACCCCATCTCTACTAAAAATACAGAAATTATCTGGGCATGGTGGCAGGTGCCTGTAATCCCAGCTACTCGGGAGGCTGAGGCAGGAGAATCGCTTGAAACTGGAAGGCGCAGGTTGCAGTGAGCCAAGATCGCATGCCATTGCGCTCCAGCCTGGACAACAAGAGCGAAACTCCGTCTCAAAAAAAAATAAA","GGCTGGGCGCATAGCTCACGCCTGTAATCCCAACACTTTGGGAGGCCAAGGCGAGTGGATCTCGAGGTCGGGAGTTCGAGACCATCCTGGCCAACATGGTGAAACCCCGTCTCTACTAAAACTACAGAAATTATCTGGGCATGGTGGTGGGTGCCTGTAATCCCAAGCTACTCGGGAGGCTGAGGCAGGAGAATCGCTTGAAACCAGAAGGCGCAGGTTGCAGTGAGCCAAGATCACGTTCCCTTGCACTCTAGCCTGGACAACACGAGTGAAACTCTGTCTCAAAAAAAAAAAAAA"
"chr2","70658868","70659176","KN295225v1","169554","169859","39","70489314","GGCACAGTGGCTCATTCCTGTAATCCCAGCACTTTGGGAAGCCGAGGCAGGTGGATCACGAGGTCAGGAGTTCAAGACCAGCCTGGCCAACATGGTGAAACCCCGTCTCTACTAAAAATACAAAAATTAGCTGGGCAAGGTGGCGGGCTCCTGTAATTCCAGCTACTTGGGAGGCTGAGACAGAAGAATCGCTTGAAAAACCGGGAGGCAGAGGTTGCAGTGAGCTAAGATTGCACCACTGCACTCCAGCCTGGGCAACAAAGAGCAAAGCTCCGTCTAAAAAAAAAAAAAAAAAAAAAAAAAAAGAAA","GGCACGGTGGCTCACGCCTGTGATCCCAGCACTTTGGGAGGCTGAGGCAGGTGGATCACGAGGTCAGGAGTTTGAGACCAACCTGGCCAACATGATGAAACCCCATCTCTACTAAAAATACAAAAATTAGCCGGGCATGGTGGCGGGCACCTGTAATCCCAGCTACTCAGGAGGCTGAGGCAGGAGAATCGCTTGAAACTGGAAGGCGAAGGTTGCAGTGAGCCGAGATCACACCCTTGCACTCCCGCCTGGGAAACAAGAGCAAAACTCCTTCTAAAAATAGAAAAAAAAAAAAAAAAAAAAAAA"
"chr2","77654431","77654724","KN296062v1","313219","313514","42","77341212","GGGTGCGGTGGCTCATGCCTGTAATCCCAGGACTTTAGGAGGATGAGGCAGGCGGATCACGAGGTCAGGAGTTCGAGACCAGCCTGGCCAACATGGTGAAACCCCATCTCTACTAAAAATACAAAATTTAGCTGAGCGTGGTGGCAGTCACCTGTAATCCTAGCTACTTGGGAGTCTGAGGCACGAGAATCACTTGAACCCAGAAGGCAGAGGTTGCAGTGAGCTGAGATTGCACCATTCATTGCACGTCAGCCTGGGCAACAAGAGCGAAATTCCATCTAAAAAAAAAAAAAA","GGCCGGGCGCGGTGGCTCATGCCTGCAATCCCAGCACTTTGGGAGGCCGAGGCAGGTGGATCACGAGGTCAGCAGTTTCAGACCAGCCTGATCAACATGGTGAAACCCCATCTCCACTAAAAATACAAAAAAATTAGCTGGGCGTGGTGGCGGGCACCTGTAATCCCAGCGACTTGGGAGGCTGAGGCAGGAGAATCACTTGAAACCAGAAGGCAGAGGTTGCAGTGAGCCGAGATTGCACCACTGCCCTCTAGCCCGGGCAATAAGAGCAAAACTCCGTCTCAAAAAAAAAAAAA"
"chr2","78603259","78603549","KN294172v1","193457","193751","39","78409802","GGTTGGGCGCAGTGGCTCATGCCTGTAATCCCAGCACTTTGGGAGGCAGAGGTGGGTGGATCACGAGGTCAGGAGTTCGAGACCAGCCTGGGCAACATGGTGAAACCCATCTCTATTAAAACTACAAAAATTAGCTGGGCGTGGTGGCGTGCCTGTAATCCCAGCTACTTGGGAGGCTGAGGTAGGAGAATGCTTGAACCTGGAAGGCGGAGGTTGCAGTGAGCCGAGATCATGCCACTCCACCCCAGCCTGGGTGAAAGAGCAAAACTATGTCTAAAAAAAAAAAGAAAA","GGCCGGGCGCTGTGGCTCACGCCTGTAATCCCAGCACTTTGGGAGGCCGAGGTGCGTGGATCACGAGGTCAGGAGTTCGAGACCAGCCTGGCCAACATGGTGAAACCCTGTCTCTACTAAAAATACACAAAGCTGGGTGTGGTGGCGGGCATCTGTAATCCCAGCTACTTGGGAGGCTGAGGAGGGAGAATCACTTGAAACAGGAAGGTGGAAGTTGCAGTGAGCCGAGATCACGCCACTATACTCCAGCCTGGGCAACAAGAGCGAAACTCCGTCTCAAAAAAAAAAAAGAAAA"
"chr2","79818307","79818614","KN294739v1","639168","639467","43","79179139","GGCCGGGCTTGGTGGCTCACACCTGTAATCCCAGCACTTTGGGAGGCCGAGGTGAGTGGATCACAAGGTCAGCAGTTCGAGACCAGACTGGCCAACATGGTGAAACCCCGTCTCTACTAAAAATACAAAAAAAAATAAGCCGGGCATGGTGGCGGGCGCCTGTAATCCCAGCTACTCAGGAGGCTGAGGTAGGAGAATCACTTGAAACCGGAATGCAGAGTCTGCAGTGAGCCACGATCACAACACTGCACTGCAGCCTGGGTAAAAGAGCGAAACTCCGTCTCAAAAAAACAAAAAACAAAAACAAA","GGCTGGGCGTGGTGACTCTCACCTGTAATCCCAGCAGTTTGGGAGGCTGAGGCGGGAGGATCACAAGGTCAGGAGTTTCAGACCAGCCTGGCCAACATGGTGAAACCCCGTCTCTACTAAAAATACAAAAATTAGCCGGGCATGGTGGCAGGCGCCTGTAATCCCAGCTACTTGGGAGGTTGAGGAAGGAGAATCGCTTGAAACCGGAAGGCAGAGTTTGCAGTGAGCTGAGATCGAGCCACTGCACTCCAGACTAGGTGAAAGAGTGAAACTCTGTCTCAAAAAAAAAAAAAAAAAAAA"
"chr2","85191556","85191844","KN295350v1","181767","182059","41","85009789","GTGACTCATGCCTGTAATCCCAGCACTTTCGGAGGCTGAGGAGGGCAGATCACGAGGTCAGGAGTTCGAGACCAGCCTGATCAACGTGGTGAAACTCTGTCTCTACTAAAAATACAAAGATTAGGTGGGTGTGGTGGCAGGTGCCTGTAATCCCAGCTACTCGGAAGGCTGAGGCAGGAGAATCGCTTGCAGCTGGAAGGCAGAGGTTGCAGTGAGCTGAGATTTTGTCACTGCACTCCAGCCTGGGCAACAAGAGTGAAACTCCATCTCAAAAAAAAAAAAAAAAGAA","GTGGCTCACGCCTGTAATCCTCCCACCACTTTGGGAGACTGAGGCAGACAGATCACGAGGTCAGAGTTCGACACCAGCCTGGCCAACATGGTGAAACCCCATCTCTACTAAAAATACAAAAATTAGCTGGGTGTGGTGGCAGGCGCCTGTAATCCCAGCTATTCAGGAGGCTGAGGCAGGAGAATCCCTTGAACTGGAAGGTGGAGGTTGCAGTGAGCTAAGATCGCGTCACTGCACTTCAGGCTGGGCAGCAAGAGTGAAACTTCATCTCAAAAAAAAAAAAGAAAAAAGAA"
"chr2","86199008","86199274","KN296278v1","510974","511239","46","85688034","GGCCGGGCACGGTGGCTCACGCCTGTAATCCCAGCACTTTGGGAGGCCGCGGCGGGCGGATCACAAGGTCAGGAGTTCGAGACCAGCCTGGCCAACATGATGAAACCCCCGTCTGTACTAAAAATACAAAAAGTAGCCGGGCTTGGGAGGCTGAGGCAGGAGAATCGCTTGAAACCGGAAGGCGGAGGTTGCAGTGAGCAGAGATCGTGCCACTGAACTCCAGTCTGGGCGAAAGAGCGAAACTCCATCTCAAAAAAAAAAAAAAAA","GGCTGGGCATTGTGGTTCATGCCTGGAATCCCAGCACTTTAGGATGCTGAGGCAAGCGGATCACAAGGTGAGGAGTTTGAGACCAGCCTGGCCAACATGGTGAAACCCCATCTCTACTAAAAATACAATAATCAGCTGGGTGTGGCTGAGGCAGGAGAATCGTTTGAAACTGGAGGTAGAGGCTGCAGTGAGCTAAGATTGCGCCACTGCACTCCAGCCGGGGCGAAAGAGCAAAACTCCATCTCAAAAAAAAAAAAAAAAAAAAA"
"chr2","91965852","91966148","KN296345v1","54555","54852","42","91911297","GGCTGGATGTGGTGGCTCATGCCTGTAATCCCAGCACTTTGGGAGGCCAAGGTGGGCAGATCATGAGGTCAGGAGTTCGAGACTAACCTGGCCAACATGGTGAAACCCCATCTCTACTGGAAAAACAAAAATTAGTTGGGCATGTTGGCGAGCGCCTGTAATCCAGCTACTCGGAAGGCTGAGGCAAGAGAATCGCTTGAAACTTGGGAGGTGGAGTTGCAGCGAGCCGAGATTGCGCCATTGCACTCCAGCCTGGGCACCAAGAGCTAAAAACTCCATCTCAGAAAAAAAAAAAAA","GGCTGGGTGTGGTGGCTCATGCCTGTAATCCCAACAGGTTGGGAGGCCAAGGTGGGCAGATCAGAAGGTCAGGAGTTCGAGACCAACTTGGCCAACATGGTGAAACCTTGTCTCTACTAAAAATACAAAAATTAGCCAGGCATGGTGGCGGGCACCTGTAATCCCAGCTACTTTGGAGGCTGAGGCAGGAGAATCACTTGAATCCGGGAGGGGGAGGTTGCAGTGAGCCGAGATAGTGCCATTGCACTCCAGCCTGGGCAACAAGAGCAAGACTTCATCTCAAAAAAAAAAAAAAAAA"
"chr2","99294832","99295120","KN296701v1","108134","108432","41","99186698","GGCTGGGCGCAGTGGATCACCCTGTAATCCCAGCACTTTGGGAGGCCAGATCACGAGGTCAAGAGTTTGAGACCAATCTGGCCAACATGGTGAAACCCTGTCTCTACTAAAAATACAAAAATTAGCCGGGTGTAGTGACAGGCGCCTGTAATCCCAGCTACTTGGGAGGCTGAGGCAGGAGAATCGCTTGAAACCGGAAGGCAGATATTCCAGTGAGCTGAGATTGCACCACTGCACTCCAGCCTGGGTGAAAGAGCAAAATTCCATCTCAAAAAAAACAAAAACAAAA","GGCCAGGCGCAGTGGTTCACTCTTGTAATCCCAGCACTTTGGGAGGCCGAGGTGGGCAGATCACAAGGTCAGGAGTTCGAGACCAGCCTGGCCAACATGGTGAACCATAGTCTCTACTAAAAATACAAAAATTAGCCGGGTGTGGTGGCGGACGCCTGTAATTCCTGCTACTTGGGAGGCTGAGGCAGGAGAATCGCTTGAAACTGGAAGGCAGAGGTTGCAGTGAGCTGAGATTGCACCACCGCACTACAGCCTGGGCAACAAGAGCAAAACTCCATCTCAAGAAAAAAAAAAAAAAA"
"chr2","100516483","100516807","KN294602v1","78908","79229","52","100437575","GGCTGGGCACAGTGGCTCATGCCTGTAATCCCAGCACTTTGGGAGGCTGAGGCGGGCGGATCACGAGGTGAGGAGTTCGAGACCAGCCTGGCCAACGTGGCAAAACCCTGTCTTTACTAAAAATACAAAAATTAGTCGGGTGTGGTGGTGTGCGCCTGTGATCCCTGCTACTTGAGAGGCTGAGGCAGGAGAATTGCTTGAAACTGGAAGGCGGAGGTTGCAGTGAGCCGAGATTGCTCCACTGTACTCCAGCCTGGGCAAAAAGATTGAAACTTTGTCTAAAAAAACAAAAATAAACAAACAAAGAAACAAACAAACAAACAAA","GCTGGGCGCCGTGGCTCATGCCTGTAGTCTCAGCACTTTGGGAGGCCGAGGCAGGCAGATCACGAGGTCAGAAGTTCGAGACCAGCCTGGCCAACATGGTGAAACCCCCATCTCTACTAAAAATACAAAAATTAGCGGGGTGTGTTGGGGAGCGCCTATAGTCCCAGCTACTGGGGATGATGAGGCAGGAGAATCGCTTGAAACTGGAAGGTGGAGGTTGCAGTGAACCGAGATTGTGCCACTGCACTCCAGCCTGGGCAACAAGAGCTAAACTCCATCTCAAACAAACAAACAAAAAAAAGCAAACAAACAAACAAACAAA"
"chr2","100572878","100573181","KN296481v1","222539","222840","38","100350339","GCCGGGCGCGGTGGCTCACATCTGTAATCTCAGCACTTTGGGAGGCTGTGGCGGGCAGATCACGAGGTCAGGAGTTCAAGACCAGCCTGGCCAACATGGTGAAAACCTGTCCCTACTAAAAATACAAAAATTAGCCAAGCGTGGTGGTGGGCGCCTGTAATCCCAGCTACCTGAGACGCTGAGGCAGGAGAATTGCTTGAAACCAGAAGGTGGAGGTTCCAGTGAACCAAGATCGCACCACTGCACTCCAGCCTGAGCGAAAGAGCAAAACTCCATCTCAAAAAAACAAACAATCAAACAAAAA","GGCCGGGCACAGTGGCTCACACCTGTAATCCCAGCACTTTGGGAGGCCAAGGTGGGCAGATCACAAGGTCAGGAGTTCAAGACCACCCTGGCCAACATGGTAAAACCCGTCTCTACTAAAAATACAAAAATTAACCAGGCGTGGTGGCGGGCACCTATAATCCCAGTTACTCGGGAGGCTGAGGCAGGAGAATTGCTTGAAACCAGAAGGCAGAGGTTGCCGTGAGCCAAGATCGCACCATTGCACTCCAGCCTGGGTGAAAGAGCGAAACTCCATCTCAAAAAAAGAAAAAAAAAACAAAA"
"chr2","109641809","109642091","KN294506v1","358338","358621","43","109283471","TGGTTCACTCCTGCAATCCCAGCACTTTGGGAGGCCAAGGTGGGCAGATCACAAGGTCAGGAGTTCAAGACCAGCCTGGTCAACATGATGAAACCCCGTCTCTACTAAAAACCCAAAAATTAGCCGGGCATGGTGGCAGGCGCCTGTAATCCCAGCTACTGGGGAGACTGAGGCAGGAGAATGGCTTGAACCCAGCAGGCATAGGTTGCAGTGAATGGAGATTGCACCATTGTACTCCAGCCTGGGCAACAAGAGTGAAACTTCATCTCAAAATAAAATAAAA","GGTGGCTCACACCTGTAATCCCAGCACTTTGGGAGGCCCAGGTGGGCGGATCACGAGGTCAGGAGTTCAAGACCAGCCTGGCCAACATGGCAAAACCGCATCTCTACTGAAAATATAAAAATTAGCTGGGCACGGTGGCAGATGCCTATAATCCCAGCTACTCGGGAGGCTGAGGCAGGAGAATCGCTTGAAACCAGAAGGCAGAGGTTGCAAGGAGTGGAGATTGGGCCACTGCACCCCAGCCTGGGCAACAGAGTGAAACTCCCATTTCAAAAAAAAAAAAA"
"chr2","114003804","114004106","KN296062v1","313219","313514","39","113690585","GGCCGGGCACGGTGGCTCACACCTGTAATCCCAGCACTTTGGGAGGCCAAGGCGGGTGGATCACGAGGTCAGCAGTTCGAGACCAGCCTGACCAGCATGGTGAAATCTCATCTCTACTAAAGATACAAAAAAAAAAAAAAAAACTAGCTGGGCGTGGTGGCGGGCGCCTGTAATCCCAGCTACCTGGGAGGCTGACGCAGGAGAATCACTTGAAACTGGAAGGCGGTTGCAGTGAGCCGAGATTGTGCCACTGCACTCTAGCCTGGGCAATAAAAGCAAAACTCCGTCTCAAAAAAAAAAAAA","GGCCGGGCGCGGTGGCTCATGCCTGCAATCCCAGCACTTTGGGAGGCCGAGGCAGGTGGATCACGAGGTCAGCAGTTTCAGACCAGCCTGATCAACATGGTGAAACCCCATCTCCACTAAAAATACAAAAAAATTAGCTGGGCGTGGTGGCGGGCACCTGTAATCCCAGCGACTTGGGAGGCTGAGGCAGGAGAATCACTTGAAACCAGAAGGCAGAGGTTGCAGTGAGCCGAGATTGCACCACTGCCCTCTAGCCCGGGCAATAAGAGCAAAACTCCGTCTCAAAAAAAAAAAAA"
"chr2","114513242","114513547","KN296261v1","217749","218055","34","114295493","GCTGGGCACGGTGGCTAACGCCTGTAATCCCAGCACTTTGGGAGGCCGAGGCAGGTGGATCATGAGGTCAGGAGTTCGAGACCAGCCTGACCAACATGGTGAAACCCTGTCTCTACTAAAAATACAAAAATTAGCCAAGTGTGGTGGTGGGCACCTGTAATCCCAGCTACTCAGGAGGCTGAGGCAGGAGAATTGCTTGAAACCGGAAGGCAGAGGTGGCAGTGAGCCAAGATTGCACCACTGCACTCCAGCCTGGGCAACAAGAGTGAAACTCTACCTCAAAAAAAAAAAAAAAAAAAAAAGAAA","GGCTGGGCACGGTGGCTCACACCTGTAATCCCAGCACTTTGGGAGGCCAAGGCGGACGGATCACGAGGTCAGGAGTTCAAGACCAGCCTGGCCAACATGATGAAACTCCGTCTCTACTAAAAATACAAAAAATTAGCGGGGCATGGTGGCGGGCACCTGTAATCCCAGCTACTCGGGAGGCTGAGGCAGGAGAATTGCTTGAAACCGGAAGGCGGAGGTTGCAGTGAGCTGAGATTGCGCCACTGCACTCCAGTCTGGGCAACAAGAGTGAAACTCCGTCTTAAAAAAAAAAAAAGAAAGAAAAAAA"
"chr2","116144840","116145020","KN296635v1","3269536","3269713","31","112875304","GGGCGCGGTGGCTCACACCTGTAATCCCAGCACTTTGGGTGGCCGAGGTGGGCAGATCACGATGTCAGGAGTTTGAGACCAGCTTGGCCAACATGGCAAAACCTCGACTCTACTAAAAATACAAAAATTAGCCAGGCATGGTGACAGGCACCTGTAATCCCAGCCACAGGGGAGGCTGAGG","GCTGGGTGCGGTGGCTCACACCTGTAATCCCAGCACTTTGGGAAGCTGAGGTGGTCAGATCATGATGTCAGAAGTTTGAGACCAGCCTGACCAACATGGTGAAACCCCATCTCTACTAAAAATACAAAAATTAGCCAGGCGTGGTGGCAGACGCCTGTAATCCCAGCTACTCTGGAAG"
"chr2","120032101","120032394","KN295936v1","2530067","2530365","41","117502034","GGCCAGGCGCGGTGGCTCACACCTGTAATCCCAGCACTTTGGGAGGCTGAGGTGGGCGTATCATGAGTTAAGGCGTTCCAGACCAGCCTGGCCAACAAGGCGAAACTCCGTCTCTACTAAAAATAGAAAAATTAGCTCAGCCTGGTGGGCGCCTGTAATCCCAGCTACTCAGGAGGCTGAGGCAGGAGAATTGCTTGAAACTGGAAGATGGAGGTTGCAGTGAGCCGAGATCATGCTACTGCACCCCAGCCTGGGCAACAAGAGTGAAACTTCGTCTCAAAAACAAACAAAAAA","GGCTGGGTGTGGTGGTTCACACCTGTAATCCCAGCACTTTGGGAGGCCGAGGCTGGTGGATCATGAGATCAGGAGTTCAATACCAGCCTGGCCAACATGGTGAAACCCCGTCTGTACTAAAAATACAAAAATTAGCCAGGCATGGTGGCAGGCGCCTGTAATCCCAGCTACTCGGGAGGCTGAGGCAGGAGAATCGCTTGAAACTGGAAGGTGGAGGTTGCAGTGAGCCGAGATTGCATCACTGCGCCCCAGCCTGGGCGAAAGAGCGAAACTCCGTCTCAAAAACAAACAAACAAAAA"
"chr2","120730359","120730670","KN295284v1","18157","18458","41","120712202","GCTGGGCGGGGTGGCTCACGCCTGTAATCCCAGCACTTTGGGAGGCCTGAGGCGGGTGGATCACGAGGTCAGGAGTTCGAGACCAGCCTGGCCAACATGGTGAAACCCCGTCTCTACTAAAAATACAAAAATTAGCTGGGTATGGTGGCGCGTGCCTGTAATCCCAGCTACTCAGGAGGCTGAGGTAGGAGAACTGCTTGAACCGGGACCTGGGAGGCGGAAGTTGCGGTGAGCTGAGATCACACCATTGCACTCCAGCCTGGGCAACAAGAGTGAAACTCTGTCTCAAAAAGATAAATAAATAAATAAAAA","GGCCGGGCCTGGTGGCTCACGCCTGTAATCCCAGCACTTTGGGAGGCCGAGGCGGGTGGATCACGAGGTCAGGAGTTCGAGACCAACCTGGCCAAGATGGTGAAACCCCGTCCCTACTAAAAATACAAAAATTAGCTGGGTGCGGTGGCAGGTGCCTGTAATCCCAGCTACTTGGGAGGCTGAGGCAGGAGAATCGCTTAAAAACGGGAGGCAGAGGTTGCAGTGAGCTGGGATCACGCCACTGCACTCCAGCCTGGGCAACAAGAGTGAAAACTGCATGTCAAAAAAAAAAAAAAAAAAAA"
"chr2","120894688","120894996","KN295596v1","93475","93775","38","120801213","GGCCGGGTACAGTGGCTCACGCCTGTAATCCCAGAACTTTGGGAAGCTGAGGCGGGCAGATCACGAGGTCAGGAGTTCAAGACAAGCCTGGTCAACATGGTGAAACCCTGCCTTTACTAAAAATACAAAAATTAGCCAGGCTTGGTGGCAGGCGCCTGTAGTCCCAGCTACTCCGGAGGCTGAGGCAGGAGAATCGCTTGAAACCAGAAGGCAGAGGTTGCAGTGAGCCAAGATCGCGCCACTGCGCTCCAGCCTGGGCAACAAGGGCAAAACTCTGTCTCAAAAAAAAAAAAAAGAAAGAAAAGAAAA","GGCCGGGCGCAGTGGCTCACGCCTGTAATCTCAGCACTTTGGGAGGCCGAGGCGGGCGGATCTTGAGGTCAGGAGATCAAGACCAGCCTGGCTAACATGGTGAAACCCGTCTCTACTAAAAATACAAAAATTAGCTGGGCGTGGTGGCGGGCGCCTGTAATCCCAGCTACTCGGGAGGCTGAGGCAGGAGAATCGCTTGAAACCGGAAGGCAGAGGTTGCAATGAGCCAAGATCGTGCCACTGCACTCCAGCCTGGGCAACAAGAGCGAAACTCCATCTCCAAAAAAAAAAAAAAAAAGAA"
"chr2","124564373","124564653","KN294410v1","46490","46767","42","124517883","GGCTGGGCACAGTGGCTCAGGCCTGTAATCCCAGTGCTTTGGGAGGCTGAGGCAGGCGGAACACGAGGTCAGGAGTTCGAGGCCAGCCTGGCCAACACGGTGAAACCCCATCTCCACCAAAAATACAAAATTTAGCCCGGTGTGGTGGTGTGCACCTGTAATCCCAGATATTCAGGAGGCTGAGGCAGGAGAATCACTTGAAACCAGGAGGCGGAGGTTCCAGTGAGCCAAGATCGTGCCACTGGACTCCAGCCTGGGCAACAAGAGCAAAACTCTCTCTC","GGCCAGGCACGGTAGCGCATGCCTGCAATTCCAGTACTTTGGGAGGCTGAGGCAGGCAGATCACGAGGTCAGGAGTTTGAGACCAGCCTGGCCAACATGGTGAAACCCCATTTCTTCTAAAAATAAAAAAATTAGCTGCATGTGGTGGTGGTCACCTGTAATCCCAGCTACTTGGGAGGCTGAGGCAGGAGAATCACTTGAAACCGAAGGCGGAGGTTGCAGTGAGCCAAGATTGCACCACTGTACTCCAGCCTGGGCAACAAGAGTGAAACTCCGTC"
"chr2","127944434","127944725","KN295090v1","2859031","2859321","38","125085403","GGCCAGGCACGGTGGCTCACATCTGTAATCCCAGCACTTTGGGAGGCCGAGGTGGACAGATCACGAGGTCAGGAGTTCGAGACCATGGCCAACATGGTGAAACCCCTGTCTCTACTAAAAATACAAAAATAAGCTGGGCGTGGTGGCAGGCGCCTGTAATGCCAGCTACTCGGGAGGCTGAGGTAGGAGAATTGCTTGAAACCAGAAGGTGGAGGTTGCAGTGAGCAGAGATCATGCCACTGCACTCAAGCCTGGGCGAAAGAGCAAAACTCCCTCTCGGGGAAAAAAAAAA","GGCCAGGCACAGTGGCTCACACCTGTAATCCCAGCACTTTGGGAGGCCAAGGCAGGCAGATTATAAGATCAGGAGTTCGAGACCAGCCTGGCCAACATGGTGAAACCCTGTCTCTACTAAAAATACAAAAATTAGCCGGGCGTGGTGGCAGGTGCCTGTAATCCCAGATACTCGGGAGGCTGAGGCAGGAGAATCACTTGAATCCGGGAGGCAGAGGTTGCAGTGTGCCGAGATCATGCCACTGCACTCCAGCCTGGGCAACAAGAGCTAAACTCCATCTCAAAAAAAAAA"
"chr2","127952175","127952470","KN295533v1","1844716","1845005","34","126107459","GGCCAGGTGTGGTGGCTCACATAACCCTAGCACTTTGGGAGGCTGAGGCGGGCAGATCATAAGATCAGGAGTTCGAGACCAGCCTGGCCAACATGGTGAAACCCCATCTCTACTAAAAATATAAAAATTGGCTGGGTGTGGTGGCAGGTGCTTGTAATCCCCGCTACTCAGGAGGCTGAGGCAGGAGAATTGCTTGAAACCAGAAGGCAGAGGTTGCAGTGAGCCAAGATCACGCCACTGCACTCTAGCCTGGGCAAAAGAGCACAACTCCATCTTAAAAAAAAAAAAAAAAAAAA","GGCCAGGCGTGGTGGCTCACCTAATCCTAGCACTTTGGGAGGCCAAGGCAGGCAGATCACAAGGTCAGGAGTTCAAGACCAGCCTGGCCAACATGGTGAAACCCCATCTCTACTAAAAATACAATTATTAGCCCAGTGTGGTGGCAGGTGCCTGTAATCCCCGCTACTCAGGAGGTTGAAGCAGGAGAATTGCTTGAAACCAGAAGATGGAGGTTGCAGTGAGCCGAGATCATGCCCCTGCACTCTAGCCTGGGTGAAAGAGCACAACTCTATCTAAAAAAAAAAAAAAA"
"chr2","128902850","128903015","KN296153v1","1167324","1167494","25","127735526","GCCGGGTGCGGTGGTTCACGCCTGTAATCCCAGAACTTTGGGAGGCAGAGGCGGGCAGATCAGGAGGTCAGGAGTTCGACACCAGCCTGGTCAACATGGCGAAACCCCGTCTCTACCAATAATATAAAAATTAGCCGGGGCGTGGTGGCGGGCGCCTGTAATCCCA","GGCCAGGTGCGGTGGCTCACGCCTGTAATCCCAGCACTTTGGGAGGCTGAGGCGGGCAGATCACAAGGTCAGTAGTTCGAGACCAGCCTGGCCAACATAGTGAAACCCTGTCTCTACTAAAAATACAAAAAAATTAGCCAGGCGTGGTGGCAGGCACCTGTAATCCCAGCT"
"chr2","130845437","130845596","KN297038v1","243393","243552","16","130602044","GGCTGGGTGCAGTGGCTCAAGCCTGTAATCCCAGCACTTTGGGAGGCCGAGGTGGGCAGATCACAAGGTCAAGAGATCGAGACCAGCCTAGCCAACATGGTGAAACCCCATCTCTACTAAAAATACAAAAATTAGCCGGGTGTGGTGGCGGGTGCCTGTA","GGTCAGGTGCAGTGGCTCACGCCTGTAATCCCAGCACTTTGGGAGGCCGAGGCGGGCAGATCACAAGGTCAGGAGTTTGAGATCAGCCTGACCAACGTGGTGAAACCCCGTCTCTACTAAAAATACAAAAATTAGCTGGGTGTGGTGGCGGGCACCTGTA"
"chr2","131072458","131072756","KN294266v1","135124","135424","47","130937334","GGCTTGGCGCGGTGGCTTATGCCTGTAATCCCAGCACTTCGGGAGGCTGAGGTGGGTGGATCATGAGGTCAGGAGTTCGAGACCAGCCTGGTCACCATGGTGAAACCTTGTCTCTACTAAAAATACAAAAATTAGCTGGGCGTGGTGGTAGATGCCTGTAATCCCAGCTACTCGGAAGGCTGAGGCAGGAGAATCGCTTGAAACGGAGGTTGCAGTGAGCCGAGGTCGCGCCACTGCACTCTAGCCTGGGCAACAAGAGTGAAACTCTGTCCCCCTCCAAAAAATAAATAAAAATAAAA","GGCTGGGCATGGTGGCTCACGCTTGTAATCTCAGCACTTTGGGAGGCCAAGGTGGGTAGATCACAAGGTCAGGAGTTCGAGACCAGCCTGGCCAACATGGTGAAACCTCGTCTCTACTAAAAATATAAAAATTAGCCAGGCATGGTGGCAGGCGCCTGTAATCCCAGCTACTCGGGAGGCTGAGGCAGGAGAACCGCTTGAAACCAGAGGGTAGAGGTTGCAGTGAGCCGAGATCATGCCACTGCACTCCAGCCTGGGCAACAAGAATGAAACTCAGTCTCAAAAAAAAAAAAAAAAAAAA"
"chr2","133241839","133242148","KN296933v1","124241","124551","44","133117598","GCCGGGCACGGTGGCTCACACCTGTAATCCCAGCACTTTGAGAGGCCGAGGTGGTTGGACCTTGAGGTAAGGAGTTCGAGACCAGCCTGGCCAACATGGTAAAACTCCATCTCTACTAAAAATACAAAAATTAGCTGGGCATGGTGGCGGGTGCCTGTAATCCCAGCTACTCAGAAGGCTGAGGCAGGAGAATCATTTGAAACCGGGAGGCAGAGGTTTGCGTTGAGCCGAGATCACACTGTTGCACTCCAGCCTGGGCAACAAGAGCGAAACTCTGTCTCAAAAAAAAAAAAAAAAAAAAAAGCAAAAA","GGCCGGGCACGGTGGCTCACACCTGTAATCCCAGCACTTTGGGTGGCCAAGGTGGGCGGATCACGAGGTCAGGAATTCTAGACCAGCCTGGCCAACACGGTGAATCCCCATCTCTACTAAACCAAAATACGAAAATTAGCTGGGCATGGTGGTGGGCACCTGTAATCCCAGCTACTCAGGAGGCTGAGGCAGGAGAATCACTTGAAATCAGAAGGCAGAGGTTGCAGTGAGCCGACTGCACCACTGCACTCCAGCCTGGGCAACAAGAGTGAAACTCCATCTCAAAAAAAAAAAAAAAAAAAAAAAAAAAA"
"chr2","138634984","138635278","KN297320v1","1172012","1172303","41","137462972","GCCAGGCACTGTGGCTCACGCCTGTAATCCCAGCACTTTGGGAGGCCGAGGAGGGCGGATCACAAGGTCAGAAGTTCGAGACCAGCCTGGCCAACGTGGTGAAACCCCCGTCTCTACCAAAAATACAAAAGTTAGCCGGGTATGGTGGCATGCGCCTGTAATCCCAGCTACTCGGGAGGCTTAGGTAGGAAAATCACTTGAAACTGAAAGGCAGATGTTGCAGTGAGTTGAGATCACGCCACTGCACTCCAGCCTGGGTGAAAGAGCGAAACTCTGTCTAAAAAAAAAAAAAAAA","GGCCAGGCACGGTGGCTCACGCCTGTAATCCCAACACTGTAGGAGGCTGAGGCGGGTGGATCACCAGGTCAGGAGTTTGAGACCAGCCTGGCCAACATGGTGAAACCCTGTCTCTACTAAAAATACAAAAATTAGCCGGGCGTGGTGGCAGGCGCCTGTAATGCCAGCTACTTGGGATGCCGAGGCAGGAGAATCGCTTGAAACCGGAAGGCGGAGGCTGCAGTGAGTGGAGATCACGCCACTGCCCTCCAGCCTGGGTGAAAGAGTGAAACTCCATCTCAAAAAAAAAAAA"
"chr2","141771808","141772105","KN295225v1","169554","169859","49","141602254","GGCCGGGCATGGTGGTAATCCCAGCACTTTGGGAGTCCCAGTCAGGTGGATCACGAGGTCAGGAGTTTGAGACAACCTCGCCAACATGGTGAAACCCCGTCTCTACTACAAATACAAAAATTAGCCAGGCGTGGTGGCAGGCACCTATAATCCCAGCTACTCGGGAGGCTGAGGCAGGAGAATTGCTTGAAATAGGAAGGCAGAGATTACAGTGAGCCGAGAACGCACCACTGCACTCCAGCCTGGGCAACAAGAGCAAAACTTCATCGCAAAAACAACAACAACAAAAACAAACAAA","GGCACGGTGGCTCACGCCTGTGATCCCAGCACTTTGGGAGGCTGAGGCAGGTGGATCACGAGGTCAGGAGTTTGAGACCAACCTGGCCAACATGATGAAACCCCATCTCTACTAAAAATACAAAAATTAGCCGGGCATGGTGGCGGGCACCTGTAATCCCAGCTACTCAGGAGGCTGAGGCAGGAGAATCGCTTGAAACTGGAAGGCGAAGGTTGCAGTGAGCCGAGATCACACCCTTGCACTCCCGCCTGGGAAACAAGAGCAAAACTCCTTCTAAAAATAGAAAAAAAAAAAAAAAAAAAAAAA"
"chr2","151206388","151206580","KN296557v1","916178","916356","41","150290210","AAAATACATAAAATTAGCTGAGTGTGGTGGTGGGCACCTGTAATCCCAGCTACTCTGGAGGCTGAGGCAGGAGAATCGCTTGAAACCGGGAGGCAGATCTTGCAGTGAGCCAAGATCGCACTATTGCACTCCAGCCTGGGCAACAAGAGTGAAACTCCATCTCAAAAAAAAAAAAAGAAAAAAGAAAGAAAAA","AAAAATACAAAAATTAGCCAGGCTTGGTGGCAGGCGCCTGTAATCCCAGCTACTCCAGAGGCTGAGACAGGAGAATCGCTTGAAATCGGAAGGCAGAGGTTGCAGTGAGCCAAGATCGGGCCACTGCATTCCAGCCTGAGCAACAAGAGCAAAACTCCGTCTCAAAAAAGAAGACAAAA"
"chr2","151284076","151284245","KN296153v1","1167324","1167494","23","150116752","GGCCGGGCGCGGTGGCTCATGTCTGTAATCCCAGCACTTTGGGAGGCCAAGGCGGGTGGATCACAAGGTTAAGAGTTTGAGACCAGCCTGGCCAACATGGTGAAACCCCGTCTCTACTAAAAATACAAAAAAAATTAGCTGGGCGTGGTGCCAGGTGCCTATAATCCCAG","GGCCAGGTGCGGTGGCTCACGCCTGTAATCCCAGCACTTTGGGAGGCTGAGGCGGGCAGATCACAAGGTCAGTAGTTCGAGACCAGCCTGGCCAACATAGTGAAACCCTGTCTCTACTAAAAATACAAAAAAATTAGCCAGGCGTGGTGGCAGGCACCTGTAATCCCAGCT"
"chr2","154544170","154544470","KN295633v1","1436393","1436685","44","153107777","GGCCAGGCGCAGTGGCTCACGCCAATAATCCCAACACTTTGGGAGGCCGAGGCCAGAGGATCACGAGGTCAGGAGTTTGAGATCAGCCTGGCAAACATGGTGAAACTCCGTCTCTACTAAAACTACAAAAATTAGCCTTAGCCGGGTGTGGTGGCAGACACTTGTAATACCAGCTACTCAGGAGGCTGAGGCAGGAGAATCACTTGAAACCAGAAGGTGGAGATTGCAGTGAGCCGAGATCATGCCACTGCACTCCAGACTGGGCAACAAGAGCAAAACTCCGCCTCAAAAAAAAAAAAAA","CTGGGTGTGGTGGCTCACACCTGTAATCCCAGCACTTTGGGAGGCCGAGGCGGGTGGATCATGAGGTCAAGAGTTTGAGACCAGCCTGGCCAACATGGTGAAACCCCGTCTCTACTAAAAATACAAAAATTAGCCAGGCGTGGTGGCAGGCACCTGTAATCCCAGTTACTCAGGAGGCTGAGGCAGGAGACTCGCTTGAAACTGGAAGGCGGAGGTTGCAGTGAGCCGAGATCACGACACTGCACTCCAGCCTGAGCAACAAGAGCAAAACTCCGTCTCAAAACAAAACAAAA"
"chr2","158516654","158516960","KN295596v1","93475","93775","38","158423179","GGCCGGGCACAGTGGCTCATGCCTGTACTCTCAGCACTTTGGGAGGCTGAGGCAGGCGGATCATGAGGTCAGAAGTTCGAGACCAGCCTGGCCAACACAGTGAAATCCCGTCTCTATTAAAAATACAAAAAATTAGCCAGGCATGGTGGCAAGTGCCTGTAATCCCCCAGCTGCTCGGGAGGCTGAGGCAGGAGAATCGCTTGAACCCGGAAGGCAGAGGTTGTGGTGAGCCAAGACTGTGCCACTGCACTCTAGCCTGGGCAACAAGAGCGGAACTCTGTCTTAAAAAAAAAAAAAAAAAAGAAAA","GGCCGGGCGCAGTGGCTCACGCCTGTAATCTCAGCACTTTGGGAGGCCGAGGCGGGCGGATCTTGAGGTCAGGAGATCAAGACCAGCCTGGCTAACATGGTGAAACCCGTCTCTACTAAAAATACAAAAATTAGCTGGGCGTGGTGGCGGGCGCCTGTAATCCCAGCTACTCGGGAGGCTGAGGCAGGAGAATCGCTTGAAACCGGAAGGCAGAGGTTGCAATGAGCCAAGATCGTGCCACTGCACTCCAGCCTGGGCAACAAGAGCGAAACTCCATCTCCAAAAAAAAAAAAAAAAAGAA"
"chr2","163052101","163052407","KN295267v1","83640","83945","33","162968461","GGCTGGGCACAGTGGCTCACGCCTGTATTCCCAGCACTTTGGTAGGCCAAGGCAGGTGGATCATGAGGTCAGGAGTTCGAGACCAGCCTGGCCAACATGGTGAAACCCCGTCTCTACTAAAAATACAAAAATTAGCCGGGTGTGGTGGCGGGCACCTCTAATCCCAGCTACTCAGGAGGCTGAGGCAGGAGAATTGCTTGAAACCAAAGAGTGGAGGTTGCAGTGAGCCAAGATCACACCACTGTACTCCAGCCTGGGCGAAAGAGCAAAACTCCATCTCAAAAAATAAAAAAAACAAAAAAATAAA","GGCCGGGCACAGTGGCTCATGCCTGTAATCCCAGCACTTTGGGACGTTGAGGCAGGCAGATCATGAGGTCAGGAGTTCGAGAACGGCCTGGCCAACATGGTGAAACCTCGTCTCTACTAAATATGCAAAAATTATCCAGGCGTGGTGGCAGGCACCTCTAATCCCAGCTACTCAGGAGGCTGAGGCAGGAGAATGGCTTGAAACCAAAAGGTGAAGGTGGCAGTGAGCCAAGATCACACCACTGTACTCCAGCCTGGGCAAAAGAACAAAACTCCATCTCAAAAATTTAAAAAATAATAATAAAAA"
"chr2","163961089","163961394","KN294536v1","1964698","1965005","40","161996391","GGCGTGGTGGCTCACACCTGTAATCTCAGCACTTTGGGAGGCCAAGGCAGGCAGATCACGAGGTCAGGAGTTCGAGACTGGCCTGGCCAACATGGTGAAATCCCGTCTCTACTAAAAATACAAAAATCAGCCGGGCATGGTGGTGGGTGCTTGTAATCCCAGCTACTCAGGAGGCTGAGAAAGGAGAATCACTTGAAACTGGAAGGCAGAGGTTGCAGTGAACCAAGATCATGCCACTGCACTCCAGCCTGGGCGACAAGAGCGAAACTCCATCTCAAATAAATAAATAAACAAAATAAAAATAAA","CGGCTGCAGTGGCTCACGCCTGTAATCCCAGCCCTTTGGGAGGCTGAGGCAGGCAGATCACGAGGTCAGGAGTTCGAGACTAGCCTGGCCAACATGGTGAAACCCCATCTCTACTAAAAATACAAAAATTAGCCGGGCTTGGTGATGGGTGCCTGTAATCCCAGCTACTCGGGAGGCTGAGGCAGGAGAATCACTTGAAACCGGAAGGCAGAGGTTGCAGTGAGCCACGATCACCCCCACTGCCCTCCAGCCTGCACGAAAGAGCAAAACCCCGTCTCAAAAAAGAAAAAAAAAGAAAAAAAAGAAAA"
"chr2","164135994","164136266","KN296732v1","3669496","3669767","39","160466498","GGCTGGGCGCAGTGGCTCACGCCTGTAATCCCAGCACTTTGGGAGGCTGAGGCGGGTAGATCACAAGGTCAGGAGATCAAGACCATCCTGGCTAACACGGTAAAACCCCGTCTCTACTAAAAACACAAAAATTAGCTGGGCGTGGTGGTGCATGCCTATAATCCCAGCTACTCGGGAGGCTGAGGCTGCGGTGAGCTGAGATCGTGCCACTGCACTCCAGCCTGGGCAATAAGAGCGAAACTCTACCTCAAAAAGGAAAAAAAAAAAAAAAAA","GGCCGGGCGCGGTGGCTGACACCTGTAATCCCAGCACTTTGGGAGGCTGAGGCAGGTGGATCACGAGGTCAGGAGATGGAGACCATCCTGGCTAACATGGTGAAACCCTATCTCTACTAAAAATAAAAAAATTAACTGTGTGTGGTGGCGGGCGCCTGTAATCCCAGCTACTCGGGAGGCGGAGGTTGCGGTGAGCCAAGATTGCACCATTGCACTCCAGCCTGGGCAACAAGAGCGAAACTTCGTCTCAAAAAAAGAAAAAAAAAAAAAAA"
"chr2","171101066","171101365","KN295107v1","1361853","1362160","36","169739213","GGCCAGGCGCAGTGGCTCACACCTGTAATCCCAGCACTTTGGGAGGCCAAGGAGGGTGGATCATGAGGTCAGGAGTTTGAGACCAGCCTGACCAACATGGTGAGACCTCATCTCTACTAAAAATACAAAAATTAGCCAGAAGTGGTGGTACGTGCCTGTAATCCCAGCTACTCAGGAGGCTGAGGCAGGAGAATCACTTGAACCCAGAAGGTGGAGGTTGCAGTGAGCCAAGATAGCGCCACTGCACTCCAGCCTGGACAACAAGAGTGAAACTCCGTCTCAAAAAAAAAAAAAAAAAAA","GGTCAGACGCAGTAGCTCACGCCTGGAATCCCAGCACTTTGGGAGGCCGAGGCAGGTGGATCACGAAGTCAGGAATTTGAGACCAGCCTGGCCAACATGGTGAACCTCCATCTCTACTGAAAATACAAAAATTAACCGGGCGTGGTGGCAGGTGCCTGTAATCCCAGCTACTCAGGAGGCTGAGGCAGGAGAATCACTTGAAACCAGAAGGCAGAGGTTGCAGTGAGCCAAGATCATGCCACTGCACTCCAGCCTGGGCAACAAGAGTGAAACTCCGTCCCCCCCTGCAAAAAAAAAAAAAAAAAAAA"
"chr2","171851186","171851488","KN296261v1","217749","218055","37","171633437","GGCCAGGCGCAGTGGCTCACGCCTGTAATCCCAGCACTTTGGGAGGCCAAGGCAGGAGGATCACAAGGTCAGGAGTTTGAGACCAGCCTGGCCAACAGGGTGAAACCCTGTCTCTACTAAAAATACAAAAATTAGCCGGGCGTGGTGGGCACCTGTAATCCCAGTTACTTGGGAGGCTGAGGCAGGAGAATAGTTTGAAACCAGAAGGTGGAGGTTGCAGTGAGCTGAGATTGCGCCACTGCACTCCAGCCTGGGTGAAAGAGTGCAACTCCGTCTCCAAAAAAAAAAACAAACAAGAAAAAA","GGCTGGGCACGGTGGCTCACACCTGTAATCCCAGCACTTTGGGAGGCCAAGGCGGACGGATCACGAGGTCAGGAGTTCAAGACCAGCCTGGCCAACATGATGAAACTCCGTCTCTACTAAAAATACAAAAAATTAGCGGGGCATGGTGGCGGGCACCTGTAATCCCAGCTACTCGGGAGGCTGAGGCAGGAGAATTGCTTGAAACCGGAAGGCGGAGGTTGCAGTGAGCTGAGATTGCGCCACTGCACTCCAGTCTGGGCAACAAGAGTGAAACTCCGTCTTAAAAAAAAAAAAAGAAAGAAAAAAA"
"chr2","173968341","173968572","KN295571v1","494148","494397","48","173474193","GGCTCATGCCTGTAATCCCAGCACTTTAGGAGGCAGAGGCGGGCGGATCACAAGGTCGGCAGTTCAAGACCAGCCTGGCCAACATGGTGAAACCCTGTCTTTACTAAAAATACAAAACTTAGCCAGGCATGCTGGCGGGCGCTACGTGATCCCAGCTACTGGGGAGGCTGAGGCAGGAGAATCACTTGAAGCCGGGAGGCGGAGGTTGCAGTGAGCCGAGACCATGCCATTG","GCCGGGCACGGTGGCTCATGCCTGTAATCCCAGCACTTTGGGAGGCCGAGGCGGGCGGATCACAAGGTCAGCAGTTCGAGATCAGCCTGACCAACATGGTGAAACCCCGTCTCTACTAAAAATACAAAAAAATTAGCTGGGCGTGGGAGCGGGTGCCTGTAATCCCAGCTACTTGGGAGGCTGAGGCAGGAGAATCTCTTGAAACTGGAAGGCGGAGGTTGCAGTGAGCCGAGATTGCGCCACTGCACTC"
"chr2","174096876","174097167","KN295633v1","1436393","1436685","37","172660483","GGTTGGGAGTGGTGGCTCACGCCTGTAATCTCAGCACTTTGGGAAGCCAAGGCGGGCAGATCACGAGGTCAGGAGTTCGAGACCAGCCTGGCCAACATGGCGAAACCCCGTCTCTACTAAAAATACAAAAATTGGCCGGGCGTGGTGGCAGGTGCCTGTAATCCCAGCTACTTGGGAGGCTGAGGCAGGAGAATCGGTTGAAACCGGAAAGCGAAGGTTGCAGTGAGCCGAGATCGCACCACTACACTCCAGCCTGGGCGAAAGAGCAAAACTCCGTCTCAAAATAAATAAA","CTGGGTGTGGTGGCTCACACCTGTAATCCCAGCACTTTGGGAGGCCGAGGCGGGTGGATCATGAGGTCAAGAGTTTGAGACCAGCCTGGCCAACATGGTGAAACCCCGTCTCTACTAAAAATACAAAAATTAGCCAGGCGTGGTGGCAGGCACCTGTAATCCCAGTTACTCAGGAGGCTGAGGCAGGAGACTCGCTTGAAACTGGAAGGCGGAGGTTGCAGTGAGCCGAGATCACGACACTGCACTCCAGCCTGAGCAACAAGAGCAAAACTCCGTCTCAAAACAAAACAAAA"
"chr2","174989096","174989398","KN296481v1","222539","222840","38","174766557","GGCCAGGCATGGTGGCTCACACCTGTAATCCCAGCATTTAGGGAGGCTGAGGTGGGCAGATCACAAGGTCAGGAGTTCGAGACCAGCCTGGCCAACATGGTGAAACCCCGTCTCCACTAAAAATACAAAAATTAGCCAGGTGTGGTGGCGGGCGCCTGTAATCCCAGCTACTCGGGAGGCTAAGACAGGAGAATGGCTTGAAACCAGAAGGCGGAGGTTGCAGTGAGCTGAGATGGCACCACCACATTCCAGCCTGGGCAACAAGAGGAAACTCCAACTCAAAAAAAAGAAAAAAAAGATAAA","GGCCGGGCACAGTGGCTCACACCTGTAATCCCAGCACTTTGGGAGGCCAAGGTGGGCAGATCACAAGGTCAGGAGTTCAAGACCACCCTGGCCAACATGGTAAAACCCGTCTCTACTAAAAATACAAAAATTAACCAGGCGTGGTGGCGGGCACCTATAATCCCAGTTACTCGGGAGGCTGAGGCAGGAGAATTGCTTGAAACCAGAAGGCAGAGGTTGCCGTGAGCCAAGATCGCACCATTGCACTCCAGCCTGGGTGAAAGAGCGAAACTCCATCTCAAAAAAAGAAAAAAAAAACAAAA"
"chr2","181827125","181827424","KN296682v1","452001","452300","35","181375124","GGCCAGGCTTGGTGGCTCACACCTGTAATCCCAGCACTTTGGGAGGCTGAGGAAGATGGATCACAAGGTCAGGAGTTCGAGACAAGCCTGGCCAATATGGCGAAACCCTGTCTCTACTAAAAATACAAAAAATTAGCCAGGCGTGGTGGCGGGCGCCTGTATTTCCAGCTGTTCAGGAGGCTGAGGCAGGAGAATTGCTTGAACCCGGAAGGCAGAGGTTGCAGTGAGCAGAGACCGTGCCATTGCACTCTAGCCTGGGCAACAAGAGTGAGACACTGTCTCAAAAAAAAAAAAAAAAAA","GGCCGGGCACGGTGGCTCACGCCTGTAATTTTAGCACTTTGGGAGGCTGAGGTGGGCAGATCACAAGGTCAGGAGTTTGAGACCAGCCTGGCCAACATGGCAAAACCCTGTCTCTACTAAAAATACAAAAAATAGCCAAGTGTGGTGGCGGGCACCTGTAATCCCAGCTACTCAGGAGGCTGAGGCAGGAGAATCACTTGAACCCGGAAGGCAGAGATTGCAGTGAGCTGAGATCGCGCCATTGCACTCCAGCCTGGGCAACAAGAGCAAGACCCTGTCTCAAAGAAAAAAAAAAAAAAA"
"chr2","183028832","183029136","KN296180v1","640970","641269","38","182387862","GGCTGGGCTCAGTGGCTCACGCCTGTAATCCCAGCACTTTGGGAGGCCGAGGTGGGCAGATCGCGAGGTCAGGAGTTCAAGACCAGCCTAGCCAACACGGTGAAACCCCGTTTCTACTAAAAATACAAAAAAAAAAAAATAGCCAGGTATGGTCTGGCGCCTGTAATCCCAGCTACTCGGGAGGCTGAGGCAGGAGAATCGCTTGAACCCGGAAGGCGCAGGTTGCAGTGAGCCAAGATCGCGCCACTGCACTCCAGCCTGGGCAACAAGAGTGAAACTCTGTCTCAAAAGAAACAAAAAAAAAA","GGCCGGGTGCAGTGGCTCACGCTTGTAATCCCAGCACTTTTGGAGGCCGAGGTGGGCGGATCACGAGGTCAGGATTTCGAGACTAGCCTGGCCAACATGGTGAAACCCCGTTTCTACTAAAAATACAAAAAAATTTAGCCAGGCGTGGTGGCGGGCGCCTGTAATTCCAGCTACTCAGGAGGCTGAGGCAGTAGAATCGTTTGAAACTGGAAGGCGGAGGTTGCAGTGAGCCGAGATTGCGCCACTGCACTCCAGCCTGGGCAACAAGAGAGAAACTCCGTCTCAAAAGGAAAAAAAAAA"
"chr2","188263669","188263968","KN295596v1","93475","93775","37","188170194","GCCGGGTGCAGTGGCTCTCACCTGTAGTCCCAGCACTTTGGGAGGCCGAGGCGGGCAGATCACGAGGTCAGGAGTTCGAGACCAGCCTGGCCAACATGGTGAAACCCTGTCTCTACTAAAAATACAAAAAATTAGCCAGGTGTGGTGGTGGGAGCCTGTAATCCCAGTTACTCGGGAGGCTGAGGCAGGAGACGCGCTTGAATCCGGGAGGTGGAGGTTGCAATGAGGCGAGATTGTACCATTGCACTGCAGCCTGGGCAACAAGAGTGAATCTCCGTCTCAAAAAAAAAAAAAAAAAAA","GGCCGGGCGCAGTGGCTCACGCCTGTAATCTCAGCACTTTGGGAGGCCGAGGCGGGCGGATCTTGAGGTCAGGAGATCAAGACCAGCCTGGCTAACATGGTGAAACCCGTCTCTACTAAAAATACAAAAATTAGCTGGGCGTGGTGGCGGGCGCCTGTAATCCCAGCTACTCGGGAGGCTGAGGCAGGAGAATCGCTTGAAACCGGAAGGCAGAGGTTGCAATGAGCCAAGATCGTGCCACTGCACTCCAGCCTGGGCAACAAGAGCGAAACTCCATCTCCAAAAAAAAAAAAAAAAAGAA"
"chr2","196798606","196798884","KN294262v1","2410280","2410565","40","194388326","GTAATCCCAGTACTTTGGGAAGCCGAGGCAGGCGGATCACGAGGTCAGGAGTTTGAGACCATCCTGGCCAACATGGTGAAACCCCGTCTCTACTAAACATACAAAAATTAGCCGGGCATGGTGGCAGGCGCCTGTAGTCCCAGCTACTCGGGAGGCTGAGGCAGGAGAATCGCTTGAAACCAGAAGGCCGAGGTTGCAGTGAGCCGAGATCGTGCCACTGCACTCCAGCCTGGGCAACAAGAGCGAAACTCCGTCTCAAAAAAAAAAAAAAAAAAAGAA","CACGCCTGTAATCCCAGCACTTTGGGAGGCTGAGGCGGGTGGATCACAAAGTCAGGAGTTCAAGACCAGCCTGGCCAACATGGTGAAACCCCGTCTCGACTAAAAATACAAAAATTAGTTGGGTGTGGTGGTGGGCGCCTGTAATCCCAGCTAATCAGGAGGCTGAGGTAGGCGAATCACTTGAAATGAGAAGGCAGAGGTTGCGGTGAGTTGAGATCGCGCCACTGCACTCCAGCCTGGGCAACAAGAGAGAAACTCCGTCTCAAAAAAAAAAAAAAAAAAAAAA"
"chr2","198342704","198342991","KN294416v1","481595","481879","33","197861109","GGCCGGGCATGGTGGCTCATGCCTGTAATCCCAGCACTTTGGGAGGCCGAGGTGGGTGGATCACTAGGTCAGGAGTTCGAGACCAGCCTGGCTAACGTGGTGAAACCCCATCTCCACTAAAAATACAAAAAATAGCCAGGCATGGTGGCGTGTTCCTGTAATCCTAGCTACTCGGGAGGCTGAGGCAGGAGAATCGCTTGAAACTGGAAGGCGGAGGTTGCAGTGAGCAGAGATCATGCCACTGAACTCCAGTTTGGGTGAAAGAGCGAAATTCTATCTCAAAAAAAA","GGCCGAGCACGGTGGCTCATGCCTATAATCCCAGCACTTTGGGAGGCCGAGGTGGGTGGATCACGAGACCAGGAGTTCGAGACCAGCCTGGCCAACATGGTGAAACCCCATCTCTACCAAAAATGCAAAAATTAGCCAGGCGTGGTGACAGGTGCCTGTAATCCCAGCTACTCAGGAGGCTGAGGCAGGAGAATCGCTTGAAACTGGAAGGCAGAGGTTGCAGTGAGCTGAGATCACGCCACTGCACTCCAGCCTGGGCAACGAGTGAAAATCTGTCTCAAAAAA"
"chr2","198454196","198454472","KN294416v1","481595","481879","52","197972601","GGTCGGGCACAGTGGCTCATGTCTGTGTCTGTAATCCCAGCACTTTGGGAGGCTAACGTGGGTGGATCACAAGGTCAGGAGTTCGAGACCAGCCTGGCCAACATGGTGAAACCCCATCTCTACAAAAATTAGCCAGGTGTGATGGCAGGTGCCTGTAATCCCAGCTACTTGGGAGGCGGAAGCAGAAGAACTGCTTGAAAGTGGAAGGTGGAGGTTGCAGTGAGCTGAGATCACACCACTGCACTCCAGCCTGGGCAACAAAGAACAAGACTCCATC","GGCCGAGCACGGTGGCTCATGCCTATAATCCCAGCACTTTGGGAGGCCGAGGTGGGTGGATCACGAGACCAGGAGTTCGAGACCAGCCTGGCCAACATGGTGAAACCCCATCTCTACCAAAAATGCAAAAATTAGCCAGGCGTGGTGACAGGTGCCTGTAATCCCAGCTACTCAGGAGGCTGAGGCAGGAGAATCGCTTGAAACTGGAAGGCAGAGGTTGCAGTGAGCTGAGATCACGCCACTGCACTCCAGCCTGGGCAACGAGTGAAAATCTGTCTCAAAAAA"
"chr2","200098919","200099214","KN294421v1","1011461","1011754","24","199087458","GGCCAGGTGCGGTGGCTCATGCCTATAATCCCAGCACTTTGGGAGGCCGAGGCGGGCAGATCACGAGGTCAGGAGTTCAAGACTAGCCTGGCCATCATGGTGAAACCCTGTCCCTACTAAAAATACAAAAATTAGCCGGGCGTGGTGGCAGGCGCCTGTAATCCCAGCTACTCAGGAAGCTGAGGCAGGAGAGTTGCTTGAAACCTGAAGGCAGAGGTTGTAGTGAGCCAAGATCGTGCCACTGCACTCCAGCCTGGGCAACAAGAGCGAAACTCTGTCTCAAAAAAAAAAGAGAA","GGCTGGGTGCGGTGGCTCACACCTGTAATCCCAGCACTTGGGAGGCCGAGGTGGGCAGATCACAAGGTCAGGAGTTCCCAGACTAGCCTGGCCATCATGGTGAAACCCTGTCCCTACTAAAAATACAAAAATTAGCCAGACGTGGTGGTGGGTGCCTGTAATCGCAGCTACTCGGGAGGCCGAGGCAGGAGAGTTGCTTGAAACCTGAAGGCAAAGGTTGTAGTGAGCCAAGATCGTGCCACTGCACTCCAGCCTGGGCAACAAGAGCGAAACTCCATCTCAAAAAAAAGAGAA"
"chr2","202085888","202086197","KN294536v1","1964698","1965005","35","200121190","GGCCAGGCGCAGTGGCTCACGCCTGTAATCCCAGCACTTTGGGAGGCCGAGGCAGGCGGATCACGAGGTCAGGAGTTCGAGACCAGCCTGGCCAACATGGTGAAACCCCATCTCTACTAAAAATACAAAAATTAGCCAGATGTAGTGTTGGGTATCTGTAATCCCAGCTACTTGGGAGGCTGAGGCAGGAGAATCACTTGAAACCAGAAGGCAGAGGTTGCAGTGAGCCAAGATCACACCACTGCACTCCAGCCTGGGTGAAAGACCGAAACTCTGTCTCAAAAAAAAAAAAAAAAAAAGAAAGAAAGAA","CGGCTGCAGTGGCTCACGCCTGTAATCCCAGCCCTTTGGGAGGCTGAGGCAGGCAGATCACGAGGTCAGGAGTTCGAGACTAGCCTGGCCAACATGGTGAAACCCCATCTCTACTAAAAATACAAAAATTAGCCGGGCTTGGTGATGGGTGCCTGTAATCCCAGCTACTCGGGAGGCTGAGGCAGGAGAATCACTTGAAACCGGAAGGCAGAGGTTGCAGTGAGCCACGATCACCCCCACTGCCCTCCAGCCTGCACGAAAGAGCAAAACCCCGTCTCAAAAAAGAAAAAAAAAGAAAAAAAAGAAAA"
"chr2","202586882","202587008","KN294470v1","800276","800397","26","201786606","GGGAGGCTGAGGCAAGAGAATTACTTGAAACCGGAAGGCAGAGGTTGCAGTGAGCTGAGATCGCGCCACTGCACTCCAGCCTGGGTGGAAGAGCAAAACTCCGTCAAAAAATAAAAAAATAAAAAAA","CTGAGGCAGCAGAATCGCTTGAAACCGGAAGGCGGAGGTTGCAGTGAGCTGAGATTGCGCCACTGCACTCTAGCCTGGGCAACAAGAGCAAAACTCTGTCTCAAACAAAACAAAACATAAAA"
"chr2","203560358","203560649","KN297322v1","1083488","1083777","35","202476870","GCCGGGCGCCGTGGCTCAAGCCTGTAATCCCAACACTTTGGGAGGCAGAGGCGCGTGGATCACGAGGTCAGGAGTTCGAGACCAGCCTGGCCAACATGGTGAAACCCCGTCTCTACTAAAAATACAAAAATTAGCCGGGCATGGTGGTGGGTGCCGGTAATCCCAGCTACTCGGGAGGCTGAGGAAGGAGAATCACTTGAAACCGGAAGGCGGGGGTTGCAGTGAGCCGAGATCGCGCCACTGCACTCCAGACTGGGCGAAAGAGCAAAACTCTGTCTCAAAAAAAAAAGAA","GCCGGGTGCCATGGCTCACGCCTGTAATCCCAGCACTTTGGGAGGCCGAGGAGGGCGGATCACGAGGTCAGGAGTTCGAGACCAGCCTGGTCAACATGGTAAAACCCCGTCTCTACTAAAAATACAAAAATTATCCGGGCGTGGTAGTGGGCGTTTACAATCCCAGCTACTCGGGAGGCTGAGGCAGGAGAATCGCTTGAAACTGGAAGGCGGAGGTTGCAGTGAGCCGATATCACACCACTGCACTCCAGCCTGGGCGAAAGAGTGAAACGCCGTTTCAAAAAACAAAA"
"chr2","204383225","204383517","KN294262v1","2410280","2410565","46","201972945","TCACCCCTGTAATCCCAGCACTTTGGGAGGCTGAGGCAGGTGGACTATGAGGCGAGGAGTTCAAGACCAGCCTGGCCAAGATGGTAAAACCCAGTCTCTACTAAAAATACAAAAATTAGCCGGGTGTGATGGCAGACACCTGTAATCCCAGCTACTCGGGACACTGAGGCAGGAGAACTTCTTGAACCCAGAAGGCAGAGGTTGCAGTGAGCTGAGATTGCACCACTGCACTCCATCCTGGGCAACAAGAGTGAAATTCCGTCTCAAAAAATAAAAAATAAAAATAAAAAAAA","CACGCCTGTAATCCCAGCACTTTGGGAGGCTGAGGCGGGTGGATCACAAAGTCAGGAGTTCAAGACCAGCCTGGCCAACATGGTGAAACCCCGTCTCGACTAAAAATACAAAAATTAGTTGGGTGTGGTGGTGGGCGCCTGTAATCCCAGCTAATCAGGAGGCTGAGGTAGGCGAATCACTTGAAATGAGAAGGCAGAGGTTGCGGTGAGTTGAGATCGCGCCACTGCACTCCAGCCTGGGCAACAAGAGAGAAACTCCGTCTCAAAAAAAAAAAAAAAAAAAAAA"
"chr2","206533197","206533501","KN294470v1","2910812","2911110","28","203622385","GCCGGGCACGGTGGCTCACGCCTATAATCCCAGCACTTTGGGAGGCTGAGGCGGGTGGATCACGAGGTCAGCAGTTCGAGACCAGCCTGACCAACATGGTGAAACCCCGTCTCTACTAAAAATACAAAAAAAATTATTTGGGCATGGTGGCAGGTGCCTGTAATCCCAGCGACTTGGGAGACTGAGGCAGGAGAATCGCTTGAAACCAGAAGGTGGAGGTTGCAGTGAGCCGAGATTGCACCACTGCACTCTAGCCTGGGCAGTAAAAGCAAAACTCCATCTCAAAAAAATAAAAATAAAAAAAA","GCCGGGCGCGGTGGCTCACACCTGTAATCCCAGTACTTTGGGAGGCTGAGGCAGGTGGATCACGAGGTCAGCAGTTTGAGACCAGCCTGACCAACATGGTGAAACCCCATCTCTACTAAAAATACAAAAAAAATTAGCTGGGTGTGGTGGCAAGCACCTGTAATCCCAGCGATTTGGGAGGCTGAGGCAGGAGAATCACTTGAAATCAGAAAGTGGAGGCTGCAGTGAGCCGAGATTGCACCACTGCACTCTAGCCTGGGCAATAAGAGCAAAACTCCATCTCAAAAAAAAAAAAAAAA"
"chr2","207834944","207835242","KN297046v1","1830789","1831087","34","206004155","GGCAGGGTACGGTGGCTCACACCTGTAATCCCAGCACTTTGGGAGGCCAAGGCGGGCGGATCACAAGGTCAGGAGTTCGAGACTAGCCTGGCCAACGTGGTGAAACCCCGTCTCTACTAAAAATACAAAAAAAAATTAGCTGGGCATGGTGACGGGTGCCTGTAATCCCAGCTACTTCGGAGGCTGAGGCAAGAGAATCACTCGAAACCGGAAGGCAGAGGTTGCAGTGAGCTGGGATCATGCCACTGCACTCCAGCCTGGGCAACAAGAGTGAAACTCCGTCTCAAAAAAAAAAAAAA","GGCCGGGCACGGTGCCTCACGCATGTAATCCCAGCACTTTGGGAGGTCGAGGCGGGTGGATCACAAGGTCAGCAGTTTAAGACCAGCCTGACCAACATGGTGAAACCCCGTCTCTACTAAAAATACAAAAAAAAGTTAGCTGGGCTTAGTGGCGGGAGCCTGTAATCCCAACGACTTGGGAGACTCAGGCAAGAGAATCGCTTGAAACCGGAAGGCAGAGGTTGCAGTGAGCTGAGATTGCGCCACTGCCCTCCAGCCTGGGCAATAAGAGCAAAACTCCGTCTCAAAAAAAAAAAAAA"
"chr2","209885755","209886062","KN295721v1","307989","308293","44","209577766","GGCTGGGCACAGTGGCTCACACCTGTAATCCCAGCAGTTTGAGAGGCCAAGGCAGGCCGATCACGAGGCCAGGAGTTTGAGACCAGCCTGGCCAATATGGTGAAACCCCGTCCCTACTAAAAATACAAAAATTAGGTGGGCGTGATGGCAGGTGCCTGTAGTCCCAGCTATGCAGGAGGTTGAGGCAGGAGAATCAGGAGAATCACTTAAAACTGGAAGGTGGAGGTTGCAGTGAGCCAAGATCACACCACTGCACTCCAGCCTGGGCAACAAGAGTGAAACTCCATCTCAAAAAAAAAAAAAAAAAA","GGCTGGGCACAGTGGCTCACACCTGTAATCCCAGCACTTTGGGAGGCCAAGGCAGGCAGATCACGAGGTCAGGAGTTTGAGACCATCCTGGCCAACATGTTGCAAGCCCGTCTCTACTAAAAATACAAAAATTAGCCAGGCGTGGTGGCAGGCGCCTGTAGTCCCAGCTACTAGGGAGGCTGAGGCAGGAGAATCACTTGAAACCAGAAGGTGGAGGTTGCAGTGAGCCAAAATTGCACTACTGCACTCCAGCCTGGGCAATAAGAATGAAACTCTGTCTCAAAAAAAAAAAAAAAAAAAAAAAA"
"chr2","214822388","214822688","KN296913v1","1206677","1206980","35","213615711","GACTGGGTGTGATGGCTCACACCTGTAATCCCAGCACTTTGGGAGGCCGAGGTGGGCAGATCACAAGGTCAGGAGTTCGAGACCAGCCTGGCCAACATGGTGAAACCCCGTCTCTACTAAAAATACAAAAATTAGCTGAGCATGGTGGTGGGCACCTGCAATTCCAGCTACTCGGGAGGCTCAGGCAGGAGAATCACCTGAACCGGAAGGCGGAGGTGACAGTGAACCAAGATCACGCCACTGCACTCCACTTGGCCAACAAGAGCAAAACTCCATCTCAAAAAAAAAAAAAAAAAAAAAA","GGCCGGGCATGATGGCTCATACCTGTAATCCCAGCACTTTGGGAGGCCAAGGTGGGCAGATCACGAGGTCGGGAGTTCGAGACCAGCCTGGCCAACATGGTAAAACCCCGTCTCTACTGAAAATACAAAAATTATCTGGGTGTGGTGGCTGGTGCCTGTAATCCCAGCTACTCAGGAGGCTGAGGCAGGAGAATCACTTGAACTGGAAGGCGGAGTTTGCAGTGAGCCGAGATCATGCCACTGCATTCCACCTTGGCCAACAAGAGCGAAACTCCATCTCAAAAAAAAAAAAAAAAAAAAAAAA"
"chr2","215331367","215331680","KN294269v1","1120063","1120370","45","214211304","GCCGGGTACAATGGCTCACCCCCATGACCCCAGCACTTTGGGAGGCCGAGGTGGGTGGATCACAAGGTCAGGAGTTCGAGATCAGCCTGGTCAACATGGTGAAACCCCCGTCTCTACTAAAAACACAAAAATTAGCTGGGTGTGGTGGCGGGCGCATGTAATCCCAGCTACTAGGGAGGCTGAGGCAGGAGAATCGCTTGAACCTGGAAGGTGGAGGTTGTAGTGAGCCGAAACCGCGCCACTGCACTCCAGCCTGGCCAACAAGAGCGAGACTCCGTCTCAAAAAAAAAAAAAAAAAACCCAAAAAACAAAAA","GGCCAGGCACGGTGGCTCACGCCTGTAATCCCAGCATTTTGGGAGGCCAAGGTGGGCAGATCACAAGGTCAGGAGTTTGAGATCGGCCTGGCCAACATGGTGAAACCCCGTCTCTACTAAAAATACAAAATTAGCCAGGTGTGGTGGTGGACGCCTGTAATCCCAGCTACTTGGGAGGCTGAGGCAGGAGAATCACTTGAAACTGGTAGGTGGAGGTTGCAGTGAGACTAGATCATGCCACTGCATTCCAGCCTGGGCAACAAGAGCGAAACTGTCTCAAAAAAAAAAAAAAAAAAAAAAAAAAAAAA"
"chr2","215411666","215411966","KN296117v1","395006","395303","27","215016660","GGCCAGGCGCAGTGGCTCACGCCTGTAATCCCAGCACTTTGGGAGGCCAAGGTGGGCGGATCACGAGGTCAAGAGATCGAGAGCATCCTGGCCAACATGGTGAAACCCCGTCTCTATTAAAAATACAAAAAAATTAGCTGGGCATGGTGGCGCATACCTGTAATCCCAGCTACTCGGGAAGCTGAGGCAGGAGAATCGCTTGAAACCAGAAGGCGGAGGTTGCAGTGAGCCAGGATCACGCCACTGCACTCCAGCCTGGGCAACAAGAGCGAAACTCCATCTCAAAAAAAAAAAAAAAAAA","GCCAGGCGCAGTGGCTCACACCTGTAATCCCAGCACTTTGGGAGGCCAAGGCGGGCGGATCACGAGGTCAAGAAATCGAAACCATCCTGGCCAACATGGTGAAACCCTGCCTCTACTAAAAAATACAAAAAATTAGCTGGGCGTGGTGGTGTGTGCCTGTAGTCCCAGCTACTCAGGAGGCTGAGGCAGGAGAATCGCTTGAAACCGGAAGACGGAGGTTGCAATGAGCCAGGATCGTGCCACTGCACTCCAGCCTGGGCAACAAGAGTGAAACTCCATCTCAAAAAAAAAAAAAAAA"
"chr2","218489485","218489777","KN294964v1","739494","739786","39","217749991","GACCAGGTGTGGTGGCTGGTGCCTGTAATCCCAGCATTTTGGGAGGCCGAGGCAGGTGGATCACGAGGTCAGGAGTTCCAGACTGGCCTGGCTAACATGATGAAACCCCATCTCTACTAAAATAGTAAAAATTAGCCAGGCGTGGTGGTGTGCACCTGTAATCCCAGCTACTTGGGAGGCTGAGGTAGCAATTGCTTGAAACGGGGAGGCAGAGGTTGCAGTGAGCTGAGATCGTGCCATTGCACTCCAGCTTGGGCAACAAAAGCAGAACTCCGCCTCAAAAAAATAAAAAA","GACCAGGTGCAGTGGCTCACACCTGTAATCTCAGCACTTTGGGAGGGCGAGGCAGGTGGATCACGAGGTTGGGAGTTTCGAGACTGGCCTGGCTAACATGGTGAACACCCTTCTCTACTAAAATACTAAAAATTAGCCAGGCATGGTGGTGTGCGCCCATAATCCCAGCTACTTGGGAGGCTGAGGTAGAAATATCACCTGAAACCGGGAGGCAGAGGTTGCAGTGAGCCGAGATTGCGCCATTGCACTCCAGCTTGGACAACAAAAGTGAAACTCTGCCTCAAAAAAAAAAA"
"chr2","218840907","218841209","KN295596v1","93475","93775","32","218747432","GGCCAGGCGCGGTGGCTCATGCCTGTAATCCCAGCACTTTGGGAGGCCAAGGCGGGCAGATCACAAGGTCAGGAGTTCAAGACCAGCCTGGCCAACATGGTGAAACCCCATCTCTACTAAAAAGTACAAAAATTAGCTGGGCCTGGTGGCAGGCGCCTATAATCCCAGCTACTCAGGAGACTGAGGCAGGAAAATTGCTTGAAACCGGAAGGCGGAGGTTGCAGTGAGCCCAGATGGTGCCACTGCACTCCAGCCTGGGCAACGAGAGCCAAAATCCATCTCAAAAAAAAAAGGAAAAAAAAA","GGCCGGGCGCAGTGGCTCACGCCTGTAATCTCAGCACTTTGGGAGGCCGAGGCGGGCGGATCTTGAGGTCAGGAGATCAAGACCAGCCTGGCTAACATGGTGAAACCCGTCTCTACTAAAAATACAAAAATTAGCTGGGCGTGGTGGCGGGCGCCTGTAATCCCAGCTACTCGGGAGGCTGAGGCAGGAGAATCGCTTGAAACCGGAAGGCAGAGGTTGCAATGAGCCAAGATCGTGCCACTGCACTCCAGCCTGGGCAACAAGAGCGAAACTCCATCTCCAAAAAAAAAAAAAAAAAGAA"
"chr2","219134758","219135059","KN294266v1","135124","135424","35","218999634","GGCCAGGCGCGGTGGCTCACGCTGGTAATCCCAGCACTTTGGGAGGCTGAGGTAGGTGGATCACGAGGTCAGGAGTTCGAGACCAGCCTGGCCAACATGGTGAAACCCCGTCTCTACTAAAAATACAAAAATTAGCCGGGTGTGGTGTGGTGGGCTCCTGTAATCCCAGCTACTCGGGATGCTGAGGCAGGAGAATTGCTTGAAACCAGAAGGCGGAGGTTGCAGTGAGCCGAGATCGTGCCATTGCACTCCAGCCGGGCAACAAAAGTGAAACTCCGTCTCAATTAAAAAAAAAAAAAAAA","GGCTGGGCATGGTGGCTCACGCTTGTAATCTCAGCACTTTGGGAGGCCAAGGTGGGTAGATCACAAGGTCAGGAGTTCGAGACCAGCCTGGCCAACATGGTGAAACCTCGTCTCTACTAAAAATATAAAAATTAGCCAGGCATGGTGGCAGGCGCCTGTAATCCCAGCTACTCGGGAGGCTGAGGCAGGAGAACCGCTTGAAACCAGAGGGTAGAGGTTGCAGTGAGCCGAGATCATGCCACTGCACTCCAGCCTGGGCAACAAGAATGAAACTCAGTCTCAAAAAAAAAAAAAAAAAAAA"
"chr2","219195970","219196264","KN294964v1","1451130","1451429","35","217744840","GGCCAGGTGCGGTGGCTCACATCTGTAATCCCAGCACTTTGGGAGGCTAAGGCAGGCAGATCACAAGGTCAGGAGTTCGAGACCTGCCTGGCCAACATGGTGAAACCGTGTCTCTACTAAAAATACAGAAATTAGCCAGGCATGGTGGTAGGCGCCTGTTATCCCAGCTACTCGGGAGGCTGAGGCAGGAGAATCTCTTGAAACTGGAAGGTGGAGGTTGCAGTGAGTCTAGATCGCGCCACTGCACTAGAGCCTGGGCAACAAGAGCAAGACTCTGTCTCAAAGAAAAAAAAAA","GGCTGGGTGTAGTGGCTCACACCTGTAATCCCAGCACTTTGGGAGGCCAAGGGGGGCAGATCATGAGGTCAGGAGTTCGAGACCTGCTTGGCCAACATGGTGAAATCCTGTCTCTACTAAAAATACATAAATTAGCCAGGTGTGGTGGTGGGCACCTGTTATCCCAGCTACTCGGGAGGCTGAGGCAGGAGAATCTCTTGAAACCAGAAGGTGGAGGTTTCAGTGAGTCTAGATCGTGTCTCTGCACTCCAGCCTGGGTGACAAGAGCAAGACTCCATCTCAAAGAAAGAAAAGAAGAGA"
"chr2","221505319","221505621","KN295633v1","1436393","1436685","48","220068926","CCAGGTGTGATGGCTCATTCCTGTAATCCTGGCACTTTGGGAGGCCGAGGCGGGCGGATCACGAGGTCAGGAGTTCAAAACCAGCCTGACTAACATGGTGAAACTCCATCTCTACTAAAAATATAAAAATTAGCCGGGCGTAGTGGCAGGCGCCTGTAATCCCAGCTACTCAGGAGGTTGAGGCAGGGGAATCGCTTGAACCCAGAAGGCGGAGGTTGCAGTGAGCTGAGGCCACACCATTGCACTCCAACCTGAGCAACAAGAGCAAAACTCTTGTCTCAAAAAAATAAATAAATAAATAAA","CTGGGTGTGGTGGCTCACACCTGTAATCCCAGCACTTTGGGAGGCCGAGGCGGGTGGATCATGAGGTCAAGAGTTTGAGACCAGCCTGGCCAACATGGTGAAACCCCGTCTCTACTAAAAATACAAAAATTAGCCAGGCGTGGTGGCAGGCACCTGTAATCCCAGTTACTCAGGAGGCTGAGGCAGGAGACTCGCTTGAAACTGGAAGGCGGAGGTTGCAGTGAGCCGAGATCACGACACTGCACTCCAGCCTGAGCAACAAGAGCAAAACTCCGTCTCAAAACAAAACAAAA"
"chr2","224710361","224710659","KN296311v1","5249294","5249594","42","219461067","GGCCTGGCGCGGTGGCTCACACCTGTAATCCCAGCACTTTGGGAGGCCAAGGTGGGTGGATCACAAGGTCAGGCGATGGTGACCATCCTGGCCAATATGAAACCCTGTATCTACTAAAAATACAGAAATTAGCCAGGCGTGGTGGCGGGCACCTGTAGTCCCAGCTACTCAGGAGGTTGAGGCAGGAGAATTGCTTGAATCCGGGAGGCAGAGGTTGCAGTGAGCCAAGATCATGCCACTGCACTCCAGCCTGGGTGACAAGAGGGAAACTTCGTCTCAAACAATCAAATAAACAAAAA","GGCCAGGTGCGATGGCTCATGCCTGTAATCCCAACACTTTGGGAGGTTGAGGTGGGCAGATCACAAGGTCAGGAGATCGAGACCATCCTAGCCAACATGGTAAAACCCCATCTCTACTAAAAATACAAAAATTAGCCGGCCGTGGTGGCAGGCACCTGTAGTCCCAGCTACTCAGGAGGCTGAGGCAGGAGAATTGCTTGAACCTGGGAGGCAGAGGTTGCAGTGAGCCAAGATTGTGCCACTGCACTCCAGCCTGGGCAACAAGAGTGAAACTCTGTCTCAAAATAAATAAATAAAACAA"
"chr2","225657103","225657408","KN295721v1","307989","308293","45","225349114","GCTGGGCGCAGTGGCTCACGCCTATAATCCCAGCACTTTGGGAGGCTGAGGCAGGTGGATCACGAGGTCAGAAGTTTGAGACCAGCCTGGCCAACATGGTGAAACCCCGTCTCTACTAAAAATACAAAAAATTTAGCCTGGTGTGGTGGCAGACGCCTGTAATCTCTGCTACACAGGAGTCTGAGGCAGGAGAATCAGTTGAACTTGGAGGTGGAGGTTGCAATAAGCTGAGATCGCATCATTGCACGCCAGCCTAGGCAACAAGAGTGAAGCTCTGTCTCAAAAAAAAAAAAAAAAAAAAAAAAA","GGCTGGGCACAGTGGCTCACACCTGTAATCCCAGCACTTTGGGAGGCCAAGGCAGGCAGATCACGAGGTCAGGAGTTTGAGACCATCCTGGCCAACATGTTGCAAGCCCGTCTCTACTAAAAATACAAAAATTAGCCAGGCGTGGTGGCAGGCGCCTGTAGTCCCAGCTACTAGGGAGGCTGAGGCAGGAGAATCACTTGAAACCAGAAGGTGGAGGTTGCAGTGAGCCAAAATTGCACTACTGCACTCCAGCCTGGGCAATAAGAATGAAACTCTGTCTCAAAAAAAAAAAAAAAAAAAAAAAA"
"chr2","227110681","227110979","KN294911v1","2810433","2810729","43","224300248","GGCCAGGCGTGGTGGCTCATGCCTGTAATCCCAGCACTTTGGGAGGCCAAGGCAGGTGGATCACGAGGTCAGGAGTTTGAGACCAGCCTGGCCAACATGGTGAAAGCCCCTATCTACTAAAAATACGAAATTAGCCAGGCGTGGTGGCGCGTACCTACAATCCCAGCTACTCAGGAGGCTAAGCCAGGGAATCACTCGAACCCGGAAGGCAGAGCTTGCAGTAAGCTGAGATGGCACCATTGCACTCCAGCCTGGGCAACAAGACTGAAACTCCATCTCAAAAAAAAAAAAAAAAAAAA","GGCCAGGCACGGTGGCTCACGACTGTAATCCCAGCACTTTGGGAGGCTGAGGCAGGTGGATCATGAAGTCAGCAGTTCGAGACCAGCCTGCCCAACATGGTGAAACCCCGTCTCTACTAAAAATACTAAATTAGCCAGGTGTGGTGGCGGGCGCCTGTAATCCCAGCTACTCGGGAGGCTGAGGCAGGAGAATCGCTTGAAACCAGAAGGCAGAGGTTGCAGTGAGCCAAGATGGCACCACTGTACTCCAGCCTGGGTGAAAGAATGAAACTCCATCTCAAAAAATAAAAATAAAAA"
"chr2","231661421","231661707","KN296365v1","624657","624947","49","231036764","GGCCGGGCGCGGTGGCTCACACCTGTAATCTCAGCACTTTTGGAGGCTGAGGCGGGCAGATCACGAGGTCAATATATCGAGACCATCCTGGCCAACATGGTGAAACCCCTTCTCTACTAAAAATACAAAAATTAACTGGGCGTGGTGGTGGGCGCCTGTAGTCCCAGCTCATAGGGAGACTGACGCAGAATTGCTTGAAAGCGGGAGGCGGAAGTTGCAGTGAGCTGAGATCGCGCCACTGAACTCCAGCCTGGGCAACGACAGCGAAACTCCGTCTCAAAAACAAA","GGCTGGGCGCGGTGGCTCATGCCTGTAATCCCAGCACTTTGGGAGGCCAAGGCAGGCGGATCACGAGGTCAAGAGTTCGAGACCAGACTGGCCAACATGGTGAAACCCCATCTCTACTAAAAATACAAAAATTAGCCAGGCATGGTGGTGGGTGCCTGTAATCCCAGTTGCTTGGGAGGCTGAGACAGAAGAATCGCTTGAAACCAGAAGGCAGAGGTTGCAGTGAGCCAAGATGGTGCCACTGCACTCCAGCCTGGTCAACAAGAGTGAAATTCTGTCTCAAAAAAAAAA"
"chr2","232938899","232939199","KN295236v1","5345786","5346089","38","227593113","GGCCGGGTGTGGTGGCTCATGCCTGTAATCCCAGCACTTTGGGAGGCCGAGGCAGGTGGATCAGAGTTCAGGAGTTCGAGACCAGCCTGGCCAACATGGTGAAACTCCATCTCTACTAAAAATACAAAAATTAGCTGGGTATGGTGGTGGGCACCTGTAATCCCAGCTACTTGGGAGGCTGAGGCAGGAGAATCCCTTGAAACTGGGATGAAGAGGTTGCAGTGAGCCGAGATTGCGCCACTGGACTCCCACCTGGGCAACAGCAAGACTCAGTCTCAAAAAAAAAAAAAAAAAAAAAAAA","GGCCGGGCACAGTGGCTCACGCCTGTAATCCCAGCACTTTGGGAGGCCGAGGCAGGTGAATCATGAGGTCAGGAGTTCGAGATCAGCCTGGCCAACATGGTGAGATCCTGTCTGTACTAAAAATACAAAAATTATCTGGGTATGGTGGCGGGCACCTGTAATCCCAGCTACTTGGGAGGCTGAGGCAGGAGAATCGCTTGAAACCAGAAGGCAGAGGTTGCAGTGAGCTGAGATCGCACCATTGCACTCCAGCCTAGGCAACAGAGCGAGACTCTGTCTCAAAAAAAAGAGAAGAAAAAGAAAA"
"chr2","234402228","234402507","KN295501v1","961861","962139","60","233440367","GGCTGGGCACAGTGGCTCACACTTGTAATCCCAGCACTTTGGGAGGCCAAGGTCAGGAGTTTGAGACCAGTCTGGCCAACATGGTGAAACCTTGTCTCTACTAAAAATACAAAAACTTAGCCGGGCGTGGTGGTGGGCGCCTGTAATCCCAGCTACTAGGGAGGCTGAGGCAGGAGAATTGCTTGAGGTTGCGGTGAGCTGAGATCGCACCATTGCACTCCAGCCTGGGCAACAAGAGCAAAACTCCATCAAAAGAAAGAAAGAGAGAAAGAGAAAGAAA","GGCCGGGTACGGTGGCTTATACCTGTAATCCCAGCAGATTGTGAGCTCAGGAATTCGAGACCAGTCTGGCCAACATGGTGAAACCCCGTCTCTACTAAAAATAGAAAAATTAGCTGGGCGTGGTGGCCGGCACCTGTAATCCCAGCTGCTGGGGAGGCTGAGGCAGGAGAATAGCTTGAAACCAGAAGGCAGAGGTTGCAGTGAGCTGAGATCTCTCCACTGCACTCCAGCCTGGGCAAAACAGCGAAACTGTCTCAAAAAAAAAAAAAAAAAAAAAAA"
"chr2","240673471","240673789","KN295596v1","93475","93775","42","240579996","GCCGGGCGCGGTGGCTCAGGCCTGTAATCTCAGCACTTTGGGAGGGCGAGATGGGAGGATCACGAGGTCCAGAGATCGGGACCATCCTGGCCAACATGGTGAAACTCCGTCTCTACTAAAAAAAAAAAAAATTACAAAAAATTAGCTGGGCGTGGTGGCGGGTGCCTGTAGTCCCAGCTACTCAGGAGGCTGAGGCAGGAGAATCGCTTGAAACCAGAAGGCGGAGGTTGCAGTGAGCCAAGATCGTGCCACTGCACTCCAGCCTGGGCAACAAGAGCGAAACTCCATCTCAAAAACAAAACAAAACAAAAAACAAAAA","GGCCGGGCGCAGTGGCTCACGCCTGTAATCTCAGCACTTTGGGAGGCCGAGGCGGGCGGATCTTGAGGTCAGGAGATCAAGACCAGCCTGGCTAACATGGTGAAACCCGTCTCTACTAAAAATACAAAAATTAGCTGGGCGTGGTGGCGGGCGCCTGTAATCCCAGCTACTCGGGAGGCTGAGGCAGGAGAATCGCTTGAAACCGGAAGGCAGAGGTTGCAATGAGCCAAGATCGTGCCACTGCACTCCAGCCTGGGCAACAAGAGCGAAACTCCATCTCCAAAAAAAAAAAAAAAAAGAA"
"chr2","241061607","241061884","KN294733v1","476787","477063","48","240584820","GGCTGGGCGTAGACTCATGCCTGTAATCCCAGCACTTTGGGAGGCTGAGGCAGGCGGATCACGAAGTCAGGAGTTCGAGACCAGCCTGGCCAACATAGTGAAACCCCATCTCTACTAAAAATACAAAAATTAGTCGGGCATGGTGGTGGGCGCCTTTAGTCCCAGCTACTCGGGAGGCGGAGGTTGTGGTGAGCCAAGATCATGCCACTGCACTCCAGCCTGGGCAACGAGCGAAACTCCATCCCCCCAAAAAAAAAAAAAGAAAAAAAGAAAACAAA","GGCCTGGCGCGGTGGCTCATGCCTGTAATCCCAGCACTTTGGGAGGCTGATGTGGGCAGATCACGAAGTCAGGAGTTCAAGACCAGCCTGGCCAACATGGTGAAACCCCGTCTCTACTAAAAATACAAAAATTAGCTGGGTGTTTTGGCAGGCACCAGTAATCCCAGCTACTTGGGAGGCAGAGTTTGCAGTGAGCTGAGATCATGCCATTGCACTCCAGCCTGGGCAACAAGAGCGAAACTCTGTCTTAAAAAAATAAAAAATGAAAAATAAAAAA"
"chr3","39321392","39321660","KN296809v1","908642","908898","26","38412750","CTTTGGGAGGCCGAGGTGGGTGGATCATGAGGTCAGGAGTTTGAGACTAGCCTGGCCAACATGGTGAAACCCCGTGTCTACTAAAAATACAAAAATTAGCCAGGTGTGGTGGTGGGTGCCTGTAATCCCAGCTACTCAGGAGGCTGAGGCAGGAGAATCACTTGAAAACAGGAAAGCAGAAATTGCAGTGAGCCAGGATCACACACCACTGCACTCCAGCCTGGGCTAAAGAGCAAAACTCTTGTCTCAAAAAAAAAAAAAAAAAAAAA","CTTTGGGAGGCCAAGGTGGGCAGATCATGAGATCAGGAGTTTGAGACCAGCCTGGCCAACATGGTAAAACCCGTGTCTACCAAAAATGCAAAATTAGCCAGGTGTGGTGGTGGGTGCCTGTAATCCCAGCTACTCAGGAAGCTGAGGCAGGAGAATCACTTGAAAACTGGAAAGCAGAAATTGCAGTGAGCCGAGATCACACCACTGCACTCTAGCCTGAGCTAAAGAGCAAAACTCTTGTCTCAAAAAAAAAAAAA"
"chr3","172021","172310","KN296637v1","462052","462342","38","290031","GGCCAGGCGGGGTGGCTCACGCCTGTAATCCCAGAACTTTGGGAGGCTGAAGCAGGCAGATCACAAGGTCAGGTGTTTAAGACCAGCCTGGCCAGTATGGTGAAACCCTGTCTCTACTAACAATACAAAAATTAGCTGGGTGTGGTGGTGGGCACCTGTAATCCCAGCTACTTGGGAGACTGAGGCAGGAGAATTGCTTGGACCCAGTAGGCAGAGGTTGCAGTGAGCCGAGATCGTGCCATTGCACTCCAGCCTGGGCAACAAGAGCGAGAATCAGTCTCAAAAAAAAA","GGCCAGGCGCAGTGGCTCACACCTGTAATCCCAGCACTTTGGGAGGCCAAGGCAGGAGGATCCTGAGGTCAGGAGTTCAAGACCAGCCTGGCCAACATAGTGAAACCCTGTCTCTACTACAAATACAAAAATTAGCTAGGCATGGTGGTGGGCACCTGTAATCCCAGCTACTTGGGAGGCTGAGGCAGGAGAATTGTTTGAAACCAGAAGGCAGAGGTAGCAGTGAACTGAGATCGTGCCACTGCACTCAGCCTGGGCAAAAAGAGCGAAACTCCGTCTCAGAAAAAAAAA"
"chr3","3125949","3126248","KN295596v1","93475","93775","56","3032474","GGCCGGGCGCAGTGGCCGAATCCCGGCAAAAGTAATCCCGGCACTTTTGGGGGCCGAGGCCTGGGGAACACGAGGTCAGGAGTTCGAGACCAGTTGGCCAACACGGCAAAACCCCGTCTCTACTAAAAATTAGCCGGGCGTGGTGGCAGACACCTGTAATCCCAGCTACTCGGGAGGCCGAGGCAGGAGCATCGCTTGAAACCGGAAGGCGGAGGTTGCAGCGAGCCCAGATCGCGCCACCGCACTCCAGCCTGGGCGACAAGAGCGAAACTCCGTCTCAAAAACAAAACAAAACAAAAA","GGCCGGGCGCAGTGGCTCACGCCTGTAATCTCAGCACTTTGGGAGGCCGAGGCGGGCGGATCTTGAGGTCAGGAGATCAAGACCAGCCTGGCTAACATGGTGAAACCCGTCTCTACTAAAAATACAAAAATTAGCTGGGCGTGGTGGCGGGCGCCTGTAATCCCAGCTACTCGGGAGGCTGAGGCAGGAGAATCGCTTGAAACCGGAAGGCAGAGGTTGCAATGAGCCAAGATCGTGCCACTGCACTCCAGCCTGGGCAACAAGAGCGAAACTCCATCTCCAAAAAAAAAAAAAAAAAGAA"
"chr3","3270595","3270849","KN294260v1","2520484","2520738","26","750111","GAGGTGGGTGGATCACGAGGTCAGGAGTTTGAGACCAGCCTAGCCAACGTGGTGAAACCCTGTCTCTATTAAAAATACGAAAATTAGCCGAGTGTGGTGGCAGGTGCCTGTAATCCCAGCTACTCAGGAGGCTGAGGCAGGAGAATCACTTGAAACTGGAAGGTGGAGGTTGCAGTGAGCTGAGATCGTGCCACTGTACTCCTCAACAAGAGTGAAACTCTGTCTCAAAAAAAAAAAAAAAAGGAAAAAAAAAAA","GAGGTGGGTGGATCATGAGGTCGGAAGTTTCAGACCAGCTTGGCCAACATGGTGAAACCCTGTCTCTATTAAAAATACAAAAATTAACTGAGCATGGTGGCAGGCACCTGTAATTCCAGCTACTCAGGGGCTGAAGCAGGAGAATCGCTTGAAACCGGAAGGTGGAGGTTGCAGTGAGCTAAGATCGTGCCACTGCACTCCTCAACAAGAGCGAAACTCTGTCTCACACAAAAAAAAAAAAGAAAAAAAAAGAAA"
"chr3","11716022","11716329","KN295721v1","307989","308293","31","11408033","GGCAGGGTGCAGTGGCTCACACCTGTAATCCCAGCACTTTGGGAGGCCGAGGCAGGCAGATCACGAGGTCAGGAGTTCAAGACCAGCTTGGCCAACATGGTGAAGCCCCGTATCTACTAAAAATACAAAAATTAGCCAGGTGTGGTGGTGGGTGCCTGTAATCCCAGCTACTCGGGAGGCTGAGGCAGGAGAATCACTTGAAACCGGAAGGTGGAAGTTGCAGTGAGCTGAGATCGCGCCACTGCACTCCAGCCTGGGCAACAAGAGTGAAACTCTGTCTCAAAAAAAAAAAAAAAAAAGCACAAAAA","GGCTGGGCACAGTGGCTCACACCTGTAATCCCAGCACTTTGGGAGGCCAAGGCAGGCAGATCACGAGGTCAGGAGTTTGAGACCATCCTGGCCAACATGTTGCAAGCCCGTCTCTACTAAAAATACAAAAATTAGCCAGGCGTGGTGGCAGGCGCCTGTAGTCCCAGCTACTAGGGAGGCTGAGGCAGGAGAATCACTTGAAACCAGAAGGTGGAGGTTGCAGTGAGCCAAAATTGCACTACTGCACTCCAGCCTGGGCAATAAGAATGAAACTCTGTCTCAAAAAAAAAAAAAAAAAAAAAAAA"
"chr3","13489992","13490291","KN295236v1","5345786","5346089","39","8144206","GGCTGGGCACGGTGGCTCATGCCTGTAATCCCAGCACTTTGGGAGGCAGAGGCAGGCAGATCATGAGGTCAGGAGTTTGAGACCAACCTGACCAACATGGTGAGACCTCATCTCTACTAAAAATAGAAAAATTAGCTAGGCGTGGTGCCGGGCGCCTGTAATCCCAGCTACTCGGGAGGCTGAGGCAGGAGAATCACCTGAAACCAGAAGGCGGAGGTTGCAGTGAGCCGAGATCGCGCCATTGCACTCCAGCATAGGCGACAAAGCGAGACTGCGTCTCAAAAAAAAAAAAAGAACAAA","GGCCGGGCACAGTGGCTCACGCCTGTAATCCCAGCACTTTGGGAGGCCGAGGCAGGTGAATCATGAGGTCAGGAGTTCGAGATCAGCCTGGCCAACATGGTGAGATCCTGTCTGTACTAAAAATACAAAAATTATCTGGGTATGGTGGCGGGCACCTGTAATCCCAGCTACTTGGGAGGCTGAGGCAGGAGAATCGCTTGAAACCAGAAGGCAGAGGTTGCAGTGAGCTGAGATCGCACCATTGCACTCCAGCCTAGGCAACAGAGCGAGACTCTGTCTCAAAAAAAAGAGAAGAAAAAGAAAA"
"chr3","15569404","15569539","KN295195v1","47933","48067","17","15521471","GGCCAGGCATGGTAGCTCACGCCTGTAATCCCAGCACTTTGGGAGGCCAAGGCGGGCGGATCACGAGGTTAGGAGTTCGAGATCATCCTGGCCAACATGGTGAAATCCTGTCTCTACTAAAAAAAATACAAAAATT","GGCTGGGCATGGTGGCTCACGCCTGTAATCCCAACACTTTGGGAGGCCAAGGCTGGTGAATCACGAGGTCAGGAGTTCGAGACCAGCCTGGCCAACATGGTGAAACCCTGTCTCTATTAAAAATACAAAAAATTG"
"chr3","15569841","15570005","KN296859v1","1380930","1381092","23","14188911","GTAGCCAGGCATGGTGCCAGCTACCTGTAATCCCAGCTACTCGGGAGGCTGAGGCAGGAGAATTGCTTGAAACTGGAAGGCAGAGGTTGCAGTGAGCTGAGATCGCGCCACTGCACTCCAGCCTGGGCAACAAGAGTGAAACTCCATCTCAAAAAAAAAAAAAAA","TTAGCTGGGCATGGTGGCGGGGGCCTGTAATCCCAGCTACTCGGGAGGCTAAGGCAGGAGAATCGCTTGAAACCGGAAGGAGGAGGTTGCAGTGAGCTGATATCACACCACTGCACTCCAGCCTGGGCAAAAGAGTGAACCTCCGTCTCGGGAAAAAAAAAAA"
"chr3","19252390","19252687","KN295936v1","2530067","2530365","37","16722323","GGCTGGGTGTGGTGGCTCAGGCCTGTAATTACAGCACTTTGGGAGGCCAAGGTGGGTGGATCACGAGGTCAGGAGTTCAAAACCAGCCTGGCCAATATGGTGAAACCCCATCCCTACTGAAAATACAAAAATTAGCCCGGCATGGTGGTGGGCCCCTGTAATCCCAGCTACTCAGGAGGCTGAGACAGGAGAATCACTTGAAACTAGAAGGCGAAGGTTGCAGTGAGTCAAGATCGCACCACTGCACTCCAGCCTGGGCAACAAGAGCGAAACTCCGTCTCAAAAAGAAAAAAAAAAA","GGCTGGGTGTGGTGGTTCACACCTGTAATCCCAGCACTTTGGGAGGCCGAGGCTGGTGGATCATGAGATCAGGAGTTCAATACCAGCCTGGCCAACATGGTGAAACCCCGTCTGTACTAAAAATACAAAAATTAGCCAGGCATGGTGGCAGGCGCCTGTAATCCCAGCTACTCGGGAGGCTGAGGCAGGAGAATCGCTTGAAACTGGAAGGTGGAGGTTGCAGTGAGCCGAGATTGCATCACTGCGCCCCAGCCTGGGCGAAAGAGCGAAACTCCGTCTCAAAAACAAACAAACAAAAA"
"chr3","20276994","20277127","KN296191v1","1226222","1226355","15","19050772","GGCTGGGCATGGTGGCTCACACCTGTAATCCCAGCACTTTGGGAGGCTGAGGTGGGCGGATCATGGGGTCAGGAGTTCCACACTAGCCTGGCTAACGTGGTGAAACCCCGTCTCTACTAAAAATACAAAAATTA","GGCTGGGCGCGGTGGCTCACGCCTGTAATCCCAACACTTTGGGAGGCTGAGGCAGGCAGATCATGAGGTCAGGAGTTCCAGATTAGCCTGCCCAACATGGTGAAACCCCATCTCTACTAAAAATACAAAACTTA"
"chr3","20277431","20277610","KN294729v1","2689","2859","30","20274742","CCCCAACAATTAGCCAGGCATGGTGGCGGGCGCCTGTAATCCCAGCTACTCAGGAGGCTGAGGCAGGAGAATCGCTTGAAACCAGAAGGCGGAGGTTGCAGTGAGCCAAGATCGGGCCACTGCACTCCAGACTGGGCGAAAGAGCGAAACTCTGTCTCAAAAAAAAAAAATAAAATAAAA","TAGCCAGGCTTGGTGGCGGGCACCTGTAATCCCAGCTACTCAGGAGGCTGAAGCAGGAGAATCGCTTGAAACTGGAAGGCAGAGGTTGCAGTGAGCTGAGATCATGCCACTGTACTCCAGCCAGAGCAAAAGAACAAAACTCTGTCTCAAAAAAAAAAAAAAAAAAAAAAA"
"chr3","23772384","23772675","KN297016v1","16230","16521","40","23756154","GGCTGGGCTTGGTGGCTCACACTTGTAATCCCAGCACTTTGGGAGGCTGAGGTGGGTGGATCACAAGGTCAGGGGTTTGAGACCAGCCTGGCCAACACAGTGAAACCCTGTCTCTACTAAAACTATGAAAATTAGCTGTCCATGGGGGTGGGTGCCTGTAATCCCAGCTACTCAGGAGGCTGAGGCAGGAGAATCGCTTGAAACCGGAAGGTGGAGATTGCAGTGAGCTGAGATCGTACCACTGCACTCCAGCCTGGGCAACAAGAGCGAAACTCCATCTCAAAAAAAAAAA","GGCCAAGCACAGTGGCTCACACCTGTAATCCCAGCACTTTGGGAGGCTGAGGTGGGAGGATCACGAGGTCAGGAGTGTGAGATCAGCCTGGCCAACATGGTGAAACCCTGTCTCTACTAAAAATACAAAAATTAGCCGGGTGTGGTGGTGAATGCCTGTAGTCCCAGCTACTCAGGAGGCTGGGGCAGAAGAATCACTTGAAACCAGAAGGTGGAGGCTGCAGTGAGCCAAGATCACGCCACTGCACTCCAGCCTGGGCGAAAGAGCGAAACTCCATCTCAAAATAAAAAAA"
"chr3","25746830","25747054","KN296063v1","507074","507302","45","25239756","AGACCAGCTTGGCCAACATGGTGAAACCCCGTCTGTACTAAAAATGCAAAAATTAGCCGGGCTAATTTGCAGTTGCAGATGCCCATAATCCCAGCTACTCGGGAGTCTGAAGCAGGAGAATCGCTTGAAACCGGAAGGCGGAGGTTGCAGTGAGTAGAGATTGCACCACTGCACTGCAGCCTGGGCAAAAGAGCGAAACTCCGTCTCAAAAAATAAAAAATAAAA","GGAGTTGAGACCAGCCTGGCCAACATGGTGAAACCCCGTCTCTACTAAAAATACAAAAATTAGCCGGGCGTGGTGGCAAGTTGCTGTAGTGCCAGCTACTTGGGAGGCTGAGGCAGGAGAATCGCTTGAAACCAGAAGGCGGAGGCTGCAGTGAGCAGAGATCACGCCACTGTACTACAGCCTGGTCAATAAGAGCAAAACTTCGTCTCAAAAACAAACAAACAAAAAA"
"chr3","27592632","27592938","KN296661v1","1330381","1330686","38","26262251","GCCAGGCACAGTGGCTCACGCCTGCAATCCCAGCACTTTGGGAGGCCGAGGCAGGCAGATCACGAGGTCAGGAGTTCAAGACCAGCCTGGACAACATGGTGAAACCCCATCTCTAATAAAAATACAAAAATTAGCCAGGCATGGTGGTGAATGCCTGTAATCTCAGCTACTTGGGAGGCTGAGGCAGGAGAATTGCTTGAACCTAGTAGGCGGAGGTTGCAGTGAGCTGAGATTGTGCAATTGCACTCCAGCCTGGGCAACAAGAGCAAGACTCCACCTCAAAAAAAAAAAAAAAAAAAAAAAGAAA","GGCCAGGCACAGTGGCTCATGCCTGTAATCCCAGAACTTTGGGAGTCTGAGGCAGGCGAATCACGAGGTCAGGAGTTCAAGACCAGCCTGGCCAATATGGTGAAACCCTGTCTCTACTGAAAATACAAAAATTAGCCAGACATGGTGGCATATACTTGTAATCTCAGCTACTTGGGAGGCTGAGGCAGGAGAATCGCTTGAATCCAGAAGGCAGAGGTTGCAGTGAGCTGAGATCATGCCACTGCACACCAGCCTGGGCAACAAGAGCGAAATTCCATCTCAAAAAAAAAAAAAAAAAGAGAGAAA"
"chr3","28003431","28003738","KN294987v1","494557","494865","36","27508874","CCAGTCCCAGTGGCTCACGTCTGTAATCCTGGCACTTTGGGAGGCTGAGGTGGGCGGGTCACAAGGTCAGGAGTTTGAGACCATCCTCGCCAATATGGTGAAACCCTCTCTCTACTAAAAATACAAAAATTAGCCAGGCGTGCTGGTGGGTGCCTGTAATCCCAGCTACTCGGGAGGCTGAGGCAGGAGAATTGCTTGAAACTGGAAGGCAGAGGTTGCAGTGAGCCGAGATCATGCCACTGCACTCCAGCCTGGGTGAAAGAGCAAAACTCTGTCTCAAAAAAAAAAGAAAAAAAAAAGAAGAAAAA","GGCCGAGCACAGTGGCTCACGCCTGTAAGCCCAGCACTTTGGGAGGCCGAGGTGGGTGGATCACGAGGTCAGGAGTTCGAGACCAGCCTGGCCAATGTGGTGAAACCTCGTCTCTACTAAAAATACAAAAATTAGCTAGGCTTGATGGCGGGCGCCTGTAATCCCAGCTACTCGAGAGGCTGAGGCAGGAGAATCACTTGCAACTGGAAGGCAGAGGTTGCAGTGAGCCAGGATCAAGCCACTGCACTCCACCCTGGGTGAAAGAGCAAAACTCTGTCTCCAAAAAAAAAAAAAAAAAAAAAAAAAAAA"
"chr3","28405468","28405773","KN294739v1","639168","639467","43","27766300","GGCCGGGTGGGGTGACTCATGTCTATAATCCCAGCACTTTGGGAGGCTGAGGCAGGCAGATCACACGGTCAGGAGTTAGAGACCAGCCTGGCCAACACAGTGAAACGCCGTCTCTACTAAAAATACAAAAATTAGCCAGGCATGGTGGTGGGTGCCTGTAATCCTGGCTACTTGGGAGGCTGAGGCAGGAGAATCACTTGAAACTGGAAGGCAGAGGTTGCAGTGAGCCAAGATTGCACCACTGCACTCCAGCCTAGGCAACAAGAGTGAAACTCTGTCTCAAAAAAACAAACAAACAAACAAAAA","GGCTGGGCGTGGTGACTCTCACCTGTAATCCCAGCAGTTTGGGAGGCTGAGGCGGGAGGATCACAAGGTCAGGAGTTTCAGACCAGCCTGGCCAACATGGTGAAACCCCGTCTCTACTAAAAATACAAAAATTAGCCGGGCATGGTGGCAGGCGCCTGTAATCCCAGCTACTTGGGAGGTTGAGGAAGGAGAATCGCTTGAAACCGGAAGGCAGAGTTTGCAGTGAGCTGAGATCGAGCCACTGCACTCCAGACTAGGTGAAAGAGTGAAACTCTGTCTCAAAAAAAAAAAAAAAAAAAA"
"chr3","29413090","29413370","KN297230v1","1161323","1161602","38","28251767","GCCAGGCGCGGTGGCTCACACCTGTAATCCCAGCACTTTGGGAGCCCAAGGCAGGCAGATCACTAGGTCAGGAATTCGAGACCAGCCTGGCCAACATGGTGAAACCCTGTCTCTATTAAAAATACAAAAAATTAGCTGGATGTGGTGGTGTGCACCTGTAATCCCAGTTACTCAGGAGGCTGAGGCAGGAGAATCGCTTGAAACCAGATGCAGAGGTTGCAGTGAGCTGAGATCGTGCCACTGCACTCCGGCCTGGGCAAAGAGAGTGAAACTCCATCTCA","GGCCAGGCGCGGTGGCTCACACCTGTAATCCCAGAACTTTGGGAGGCTGGGGTGGGCAGATCACGAGGTCAGGAGTTCGAGATCAGCCTGGCCAACATGGTGAAACCCCGTCTCTACTAAAAATACAAAACTTAGCTGGGCATGATGGTGGGTGCCTGTAATCCCAGCTACTTGGGAGGCTGAGGCAGGAGAATCGCTTGAAATCGGAAGGCGAAGGTTGCAGTGAGCTGAGATCGTGCCACTGCACTCCAACCTGGGGAACAAGAGCGAAACTCCATCT"
"chr3","32096182","32096478","KN295596v1","93475","93775","35","32002707","GGCTGGGCGCATGGCTCACGCCTGTAATCCCAACACTTTGGGAGGCCGAGGTAGGCGGATCATAAGGTCAGGAGTTCGAGACCAGCCTGGCCAACATGGTGAAATGCCATCTCGACTAAAAATACAAAAATTAGCCTGGCATGGTGGCGGGTGCCTGTAATCCCAGCTACTCGGGAGGCTGAAGCAGGAGAATCACTTGAAACCAGAAGGCAGAGGTTGCAGTGAGCCAAGATCACGCCACTGCACTCCAGCCTGGACAACAAGAGCAAAACTCTGTCTCAATTAAAAAAAAAAAAA","GGCCGGGCGCAGTGGCTCACGCCTGTAATCTCAGCACTTTGGGAGGCCGAGGCGGGCGGATCTTGAGGTCAGGAGATCAAGACCAGCCTGGCTAACATGGTGAAACCCGTCTCTACTAAAAATACAAAAATTAGCTGGGCGTGGTGGCGGGCGCCTGTAATCCCAGCTACTCGGGAGGCTGAGGCAGGAGAATCGCTTGAAACCGGAAGGCAGAGGTTGCAATGAGCCAAGATCGTGCCACTGCACTCCAGCCTGGGCAACAAGAGCGAAACTCCATCTCCAAAAAAAAAAAAAAAAAGAA"
"chr3","32307061","32307355","KN295174v1","528794","529088","45","31778267","GCTGGGCATGGTTGTGGATGCCTGTAATCCCAGCACTTTGGGAGGCCGAGGTAGGTGGATCATGAGGACAGGAGTTTGAGACCAGCCTGGCCAACATGGTGAAATCCCGTCTCTACTAAAAATACAAAAATTAGCTGGGCATGGTTGTGGATGCCTGTAATCCCAGCTACTCGGGAGGCTGAGGCAAGAGAATCACTTGAAACCGGAAGGTAGAGGTTTTCAGTGAGCTGAGATCGCACCACTGCACTCCAGCCTGACCGACAAGAGCGAAACTCCATCTTAAAAAAAAAGAGAA","GACTGGGCACAGTGGCTCATGCCTGTAATCCCAGCACTTTGGGAGACCAAGGCAGGCAGATCACGAGGCCAGGAGTTTGAGACCAGCCTGGCCAACCTGGTGAAACCCCGTCTCTACTAAAAAATACAAAAACTAGCTGGGCATGGTGGCGGGCACCTGTAATCCCAGCTACTTGGGAGGCTGAGGCAGGAGAATCACTTGAAACAGGAAGGCAGAGTTTGCAGTGAGCCGAGGTGGCACCATTGCACTCCAGCCTGGGTGAAAGAGCGAAACTCGGTTGCAAAAGAAAAAAAAA"
"chr3","32317773","32318081","KN296263v1","641850","642154","44","31675923","GGCCAGGTGTGGTTGGCTAATGCCTGTAATCCCAACACTTTGGAAAGCAGAGGCGCGCAGATCATGAGGTCAGGAGTTCAAGACCAGCCTGGCCAACATGGTGAAACCCCGTCTCTATTAAAAATATAAAAAATTAGCCGGGCATGGTTGTAGGCACCTGTAATTCCAGCTACTTGGGAGGCTGGGTCAGGAGAATCGCTTGAAACCAGAAGACAGAGGTTGCAGTGAGCCCAGGTCACGCCACTGCACTCCAGCCTGGGCAACAAGAACGAAACTCTGTCTCAAAAAAAAAAAAAAAAAAAAAAAGAA","CCAGGTGTGGTGGCTCACACCTGTAATCCCAGCACTTTGGGAGGCCAAGGTGGGCAGATCATGAGGTCAGGAGTTCGAGACCAGCCTGGCCAACATAGTGAAACTCTGTCTCTACTAAAAATATAAAAAATTAGCCAGGTGTGGTGGTGGGCACCTATAATCCCAGCTACTTGGGAGGCTGAGGCAGGAGAATTGCTTGAAACCAGAAGGCAGAGGTTGCAGTGAGTCAAGATTGTGCCACTGCACTCCAGCCTGGGCAACAAGAGCAAAACTCTGCCTCAAAACAATAAATAAATAAATAAAAA"
"chr3","36922324","36922625","KN297016v1","16230","16521","39","36906094","GGCCGGGCGCAGTGGCTCACGCCTGTAATCCCAGCACTTTGGGAGGCCGAGGTGGGTGGATCACAAGGTCAGGAGTTGGAGACCAGCCTGGCCAATGTGGTGGAACCCTGTCTGTACCAAAAAATACAAAAATTAGCCGGGTGTGGTGGTGGGTGTCTGTAATCCCAGCTACTCAGGAGGCTGAGGCAGGAGAATCACTTGAAACCAGAAGGTGGAGGTTGCAGTGAGCCGAGATCATGCCACTGCACTGTAGCCTGGGTGAAAAAGTGAAACTCCATCTCAAAAAACAAAAATACAAAAAA","GGCCAAGCACAGTGGCTCACACCTGTAATCCCAGCACTTTGGGAGGCTGAGGTGGGAGGATCACGAGGTCAGGAGTGTGAGATCAGCCTGGCCAACATGGTGAAACCCTGTCTCTACTAAAAATACAAAAATTAGCCGGGTGTGGTGGTGAATGCCTGTAGTCCCAGCTACTCAGGAGGCTGGGGCAGAAGAATCACTTGAAACCAGAAGGTGGAGGCTGCAGTGAGCCAAGATCACGCCACTGCACTCCAGCCTGGGCGAAAGAGCGAAACTCCATCTCAAAATAAAAAAA"
"chr3","36960232","36960420","KN296557v1","916178","916356","37","36044054","AAAATTACAAAAATTAGCCAGGCTTGGTGGCGGGCACCTGCAATCCCAGCTACTCTGGAGGCTGAGGCAGGAGAATCGCTTGAAACCGGAAGGAGGAGGTTGCACTAGTCGAGCTCATGCCACTGCACTCCAGCCTGGGCGAAAGAGTGAAACTCCGTCTCAAAAAAAAAAAAAAAAAGAAAAAAAAAA","AAAAATACAAAAATTAGCCAGGCTTGGTGGCAGGCGCCTGTAATCCCAGCTACTCCAGAGGCTGAGACAGGAGAATCGCTTGAAATCGGAAGGCAGAGGTTGCAGTGAGCCAAGATCGGGCCACTGCATTCCAGCCTGAGCAACAAGAGCAAAACTCCGTCTCAAAAAAGAAGACAAAA"
"chr3","37829638","37829866","KN295591v1","174859","175085","35","37654779","GCCAGGCATGGTGGTGCATGCCTGTAATCCCAGCACTTTGGGAGGCTGAGGCGGGTGGATCATGAGGTCAGGAATTCAAGACCAGCCTGGCCAACATGGAGAAACCCCATCTCTAGTAAAAATACAAAAATTAGCTGAGTGTGGTGGCAGGCGCCTGTAATCCCAGCTACTCAGGAGGCTGAGGCAGGAGAATTGCTTGAACTGGGAGGTGGAGGCTGCAGTGAGCTGA","GGCCAGGTGTGGTGGCTGATGCCTGAAATCCTAGCACTTTGGGAGGCCAAGGCTGGTGGATCACAAGGTCAGGAGTTCGAGACCAGCCTGGCCAAATGGTGAAACCCCATCTCTACTAAAAATACGAAAATTGGCGGGGTGTGGTGGCAGGTACCTGTAATCCCATCTTCTTGGGAGGCTGAGGCAGGAGAATCTCTTGAAACTGGAAGGTGGAGGTTGCAGTGAGC"
"chr3","39539176","39539324","KN295814v1","846448","846584","33","38692728","GCCAGGCACAGCGGCTCACGCCTGTAATCCCAGCACTTTGGGAGGCCAAGGCAGGTGGATCACAAGGTCAGGAGTTTGAGACCAGCCTGGCCAACATGGGGAAACCCTGTCTCTACAGGTGTAGTGGTGGATGCCTGTAATCCCAGCTA","GACCAAGCACGGTGGCTCACGCCTGTAATCCCAGCACTTTGGGAGGCCGAGGTGGGCAGATCACGAGGTCAGGAATTCGAGACCATCCTGGCCAACATGGTGAAACCCTGTCTCTACTTAAAATACAAAAATCAGCT"
"chr3","40443394","40443603","KN294410v1","5699","5896","41","40437695","GGCCGGGCATGGTGGCTCATGTCTCTAATCCCAGCACTTTGGGAGGCCGAGGCAGGCGGATCACAAGGTCAGGAGTTCGAGACCAGCCTGGCCAACGTACTGAAACCCTGTCTCAACTAAAAAATACAAAAAAAAAAAAAAAAATTAGCCAGGCATGGTGGCAGGCCCCCGTAATAGCAGCTACTCGGGAGGCTGAGGCAGGAAAATCGC","GGCTGGGCGCAGTAGCTCATGTCTGTAATCCCAGCACTTTGGGAGGCCAAGGCGGGCGGATCACGAGGTCAGCAGTTCGAGACCAGCGTGGCCAACATGGTGAAACCCCCATCTCTACTAAAAATACAAAAATTAGCCAGACATAGTGGAGGACCCCTGTAATCCCAGCTACTCTGGAGGCTGAGGCAGGAGAATTGC"
"chr3","41792893","41793198","KN297197v1","821430","821735","36","40971463","GGCCGGGCGCAGTGGCTCACGCCTGCAATCCCAGCACTCAGGGAGGCTGATGCAGGCGGATCACAAGGTCAGGAGTTTCAGGCCAGCCTGGCCAAGAAGGTAAAACCACATCTCTACTAAAAATACAAAAATTAGCCGCACCTGCTGGCGGGTGCCTGTAATCCCAGCTATGCAGGAAGCTGAGGCAGGAGAATTACTTGAAACCAGAAGGCGGAGGTTGCAATGAGCCAAGATCATGCCACTGCATTCCAGCCTGGGCAACAAGAGTGAAACTCCATCTCAAAAAAAAAACCAACAAAAAAAAAA","GGTCGGGCACAGAGCCTCATGCCTGCAATTCCAGAACTCAGGGAGGCTGAGGCAGGCGGATCACAAGGTCAGGAGTTCGAGGCCAGCCTGGCCAACAAGGTGAAACCCCATCTCTACTAAAAATACAAAAATTAGCCTGGCCTGCTGGTGGGTGCCTATAATCCCAGTTACTAGGGAGGCTGAGGCAGGAGAATTACTTGAAACCGGAAGGTGGGAGTTGCAATGAGCCGAGATCATGCCACTGCACTCCAGCCTAGGCAACAACAGTAAAACTCCATCTCAAAAAAAAAAAAAAAAAAAAAAAAA"
"chr3","45801492","45801771","KN297259v1","2536117","2536408","39","43265375","GGCCAGGCGTGGTGGCTCGCACCTGTAATCCCAGCACTTTGGGAGGCCAAGGCGGGTGGATCACGAGGTCAGGAGTTTGAGACCAGCCTGGCCAACACAATGAAACCCTGTGTTTACTAAAAATACAAAAATTAGCCAGGTGTGGTGGCACGCACCTGTAATCCCAGCTACTCAGGAGGCTGAGGCAGGAGAATTGCTTGAAACCAGAAGGCAGAGGTTGCAGTGAGCCATTGCACTCCAGGTTGGGCAACAAGAGCAAAACTCCGTCTCAAAAAGAAAA","GGCCGGGCGCGGTGGCTTGCACCTGTAATCCCAGCACTTTGGGAGGCCGAGGCAGGTGGATCATGAGGTCAGGAGTTTGAGACCAGCCTGGCCAACACAGTGAAACCCCCATCGCTACTAAAAATACAAAAATTATCTGGGTGTGGTGGTGCACACCTGTAATCCCAGCTACTCAGGAGGCTTAGGCAGAGAATCGCTTGAAACCAGAAGACGGAGGTTGCAGTGAGCTGAGATCACGCCATTGCACTCCAGGTTGGGCAACAAGAGCAAAACTCCATCGCAAAAAAAAAAA"
"chr3","46954645","46954931","KN297259v1","1382691","1382984","37","45571954","CCGGGCACGGTGGCTCACGCCTGGTAATCCCAGCACTCTGGGAGGCCGAGGCGGGCAGATCACAAGGTTAGGAGTTCAAGACCAGCCTGGCCAACATGGTGAAACCCCATCTCTACTAAAAATACAAAAATTAGCTGGGCATGGTGGCGGGCACCTGTAGTCCCAGCTACTCAGGAGGCTGAGCAGGAGAATCGCTTGAAACCAGAAGGAGGAGGTTGCAGTGAGCCAAGACTGCACCACTGCACTCCAACCTGGGCAAAAGAGCGAAACTCCGTCTGAAAAAAAAA","CTGGGTGCGGTGACTCACGCCTGTAATCCCAGCACTTTGGGAGGCTGAGGAGGGCGGATCACAAGGTTAGGAGATAAAGACCAGCCTCGCCAACATGGTGAATCCCTGTCTCTACTAAAAATACAAAAATTAACTGGGTGTGGTGGCAGGCACCTGTAGTCCCAGCTACTCGGGAGGCTGAGGCAGGACAATTGCTTGAAACCAGAAGGCGGAGGTTGCAGCGAGCCGAGATTGCACCACTGCACTCCAGCCTGGGCAAAAGAGCGAAACTCCATCTCAAAAAAAAACCAAAAA"
"chr3","47178795","47179072","KN297259v1","1153114","1153392","28","46025681","GGCTGGGCGCGGTGGCTTACACCTGTAATCCCAGCACCTTAGGGAGCTGAGGCGGGCGGATCATGAGGTCAGGAGTTCGAGACCAGCCTGGCCAACATGGTGAAACCCCATCTATACTAAAAATACAAAAATTAGCCAGGTGTGGTGGCGGGCACCTGTAATCCCAGCTACTCGGGAGGCTGAGGCAGGAGAATCACTTGAAACTGGAAGGCAGGGGTTGCAGTGAGCTGAGATGGCGCCACTGCACTCCAGCCTGTGTGAAAGAGCAAAACTCCATC","GCTGGGCGCGGTGTCTCACGCCTGTAATTCCAGCACCCTGGAGAGCCGAGGCGGGCGGATCACGAGGTCAGGAGTTCAAGAGCAGCCTGGCCAACATGGTGAAACCCCATCTCTACTAAAAATACAAAACCTAGCCAGGCATAGTGGCGGGCGCCTGTAATCCCAGCTACTCAAGAGGCTGAAGCAGGAGAATCACTTGAAGCTGGAAGGCAGGGGATGCAGTGAGCTGAGATGGCGCCACTGCACTCCAGCCTGGGTGAAAGAGCGAAACTCCATCTC"
"chr3","47528554","47528856","KN296938v1","736591","736891","38","46791963","GCCCGGTGCGGTGTCTCACGCCTGTAATCTCAGCACTTTAGGAGGCCGAGGCGGGCAGATCACGAAGTCAGGAGTTTGAGACCAGCCTGCCCAACATGGTGAAACCCCATCTCTACTAAAAATACAAAAATTAGCTGGGCATGGTGGCGCGTGCCTGTAATCCCAGCTACTCAGGAGGCTGAGGCAGGAGAACTGCTTGAACTGGGACCCGGAAGGTGGAGGTTGCAGTGAGCCGAGATTGCACCATTGCACTCCAGCCTGGGCAACAAGAGTGAAACTCCGTCTAAAAAAAAAAAAAAAGAA","GGCCAAGTGCGGTGGCTCACGCCTGTAATCCCAGCACTTTGGGAGGCCGAGGTGGGCGGACCACGAGGTCAGAAGTTTGAGATCAGCCTGGCCAACATGATGAAACCCCATCTCTACTAAAAATACAAAAACCAGCTGGGCATGGTGGCGCTTGCCTGTAATCCCAGTTACTCCGGAGGCTGAAGCAGGAGAATCACTTGAAACCGGAAGGCAGTGGTTGCAGTGAGCCAAGATCGCACCATTGCACTCCAGCCTGGGCAACAAGAGTGAAACTCCGTCTCAAAAAAAAAAAAAATAATAA"
"chr3","47784287","47784583","KN296062v1","99288","99580","44","47684999","GGCCGGGCGCAGTGGCTCACACCCGTAATCCCAACACTTTGGGAGGCCAAGGCAGGCAGATCATGAGGTCAGGAGTTCGAGACCAGCCTGGCCAACCTGGTGAAACTCCATCTCTACTAAAAATACAAAAATTAGCCGGGTGTGGTGGCAGGCATCTGTAATCCCAGCTACTTGGGAGGCTAAGGCAAGACAATGGCTTGAAACCGGAAGGTGGTGGATGTTGCAGTAAGCCAAGATCTCGCCACTGCACGCCAGCCTGGGTGGACGAACGAAACTCCATCTCAAAAAAAAAAGAAA","GGCCGGGTGCAGTGGCTCACGTCTGTAATCCCAGAACTTTGGAAGGCTGGGGCAGGTGTATCATGAGGTCAGGAGTTCGAGACCAGCCTGGCCAACATGGTAAAACCCCATCTCTACTAAAAGTACAAAAATTAGCCAGGCGTGGTGGCAGGTGCCTGTAATCCCAGCTACTTCGGAGGCTGAGGCAGAAGAATCGCTTGAAACCGGAAGGCAGAGGTTGCAGTGAGCCGAGATCACGCCACTGCACCCCAGCCTGGGTGAAAGAACAAAACTCCATCTCAACAAGAAAAAAA"
"chr3","47806926","47807215","KN295090v1","2859031","2859321","37","44947895","GGCCGGTCGTGGTGGCTGATGCCTGTAATCCCAGCACTTTGGGAGGCTGAGGCGGGCGGATCACAAGGTCAGGAGTTCGAGTCCAGCCTGGCCAACATGGTGAAACACTGTCTCTACCAAAAATACAAAAATTAGCCAGGCGTGGTGGCGGGTGCCTGTAATCCCAGCTACTAGGGAGACTGAGACAGGAGAATCATTTGAATCCGGGAGGTGGAGGTTGTAGTGAGCAGAGATCATGCCATTGCACTCCAGCCTGGGCAACAAGAGCAACACTCTGTCTCAAAACAAAA","GGCCAGGCACAGTGGCTCACACCTGTAATCCCAGCACTTTGGGAGGCCAAGGCAGGCAGATTATAAGATCAGGAGTTCGAGACCAGCCTGGCCAACATGGTGAAACCCTGTCTCTACTAAAAATACAAAAATTAGCCGGGCGTGGTGGCAGGTGCCTGTAATCCCAGATACTCGGGAGGCTGAGGCAGGAGAATCACTTGAATCCGGGAGGCAGAGGTTGCAGTGTGCCGAGATCATGCCACTGCACTCCAGCCTGGGCAACAAGAGCTAAACTCCATCTCAAAAAAAAAA"
"chr3","49090033","49090178","KN297154v1","73432","73575","22","49016601","GGGCGGGCGCAGTGGCTCACGCCTGTAATCTCAGCACTTTGGGAGGCCAAGGTAGGCAGACCACGAGGTCAGGAGTTCAAGACCAGCCTGACCAACATAGTGAAACTCCGTCTCTACTACAAATACAAAAAATTAGCCAGACATCA","GGCTGGGCGCAGTGGCTCACGCCTGTAATCCCCACACTTTGGGAGGCTGAGGCAGGTGGATCATGAGGTCAGGAGTTCGAGACCAGCCTGGCCAACATGGTGAAACCCCGTCTTTACTGAAAATACAAAAATTAGCCAGACGTA"
"chr3","49090479","49090658","KN294569v1","266100","266272","28","48824379","TTAGCCCAGCGTGGTGGCGGGCACCTGTAATTCCAGCTACTCCAGAGGCTGAGGCAGGAGAATTGCTTGAACCCGGAAGGTGGAGGTTGCAGTGAGCCGAAATCGTGCTACTGCACTCCAGCCTGGGCGACAAGAGTGAAACTCCATCTCAAAAAAAAAAAAAAAAGAGAAAAGAGAAAA","AGACAGACGTGGTGGCAGACACCTGTAATCCCAGCTACTTGGGGGCTGAGGCAGGAGAATCGCTTGAAACCGGAAGGTGGAAGTTGCAGTGAGCCGAGATCGTGCAACTGCACTCCAGCCTGGACAACAACAGCGAAACTCCATCTCAAAATAAATAAATAAAAAAAAAGAAA"
"chr3","49436468","49436777","KN296261v1","217749","218055","35","49218719","GGCCAGGCCCGGTGGCTCACACCTGTAATCCCAGCACTTTGGGAGGCCAAGGTGGGCAGATCACGAGGTCAAGAGATCAAGACCATCCTGGCCAACATGGTGAAACCCCGTCTCTACTAAAAATACAAAAAATTAGCCAGGTATGGTGGTGGGTGCCTGTAATCCCAGCTGCTTGGGAGGCTGAGGCAGGAGAATTGCTTGAACCTGGTAGGCGGAGGTTGCAGTGAGCCGAGATCGTGCCATTGCACTCCAGCCTGGGCAAAAAGAGTGAAACTCCGTCTCAAAAAACAAACAAACAAACAAAAAAGAA","GGCTGGGCACGGTGGCTCACACCTGTAATCCCAGCACTTTGGGAGGCCAAGGCGGACGGATCACGAGGTCAGGAGTTCAAGACCAGCCTGGCCAACATGATGAAACTCCGTCTCTACTAAAAATACAAAAAATTAGCGGGGCATGGTGGCGGGCACCTGTAATCCCAGCTACTCGGGAGGCTGAGGCAGGAGAATTGCTTGAAACCGGAAGGCGGAGGTTGCAGTGAGCTGAGATTGCGCCACTGCACTCCAGTCTGGGCAACAAGAGTGAAACTCCGTCTTAAAAAAAAAAAAAGAAAGAAAAAAA"
"chr3","51098079","51098354","KN294526v1","50624","50902","33","51047455","GGCCAGGCACAGTGGCTCACACCTGTAATCCCAACATTTTGGGAGGCCAAGGCAGGCAGATCACGAGGTCAGGAGTTCAAGATTAGCCTGGCAAACATGGTGAAACCCCATTTCTAATAAAAATACAAAAATTAGATGGGCATGGTGGTGGGCACCTGTAATCCCAGCTGCTCGGGAGGCTGAGGCAGGAGAACAGCTTGAAACCGGAAGGCGGATGTTACAGTGAGCTGAGATCGCATCACTGCACTCCAGTCTGGGCAAAAGAGCAAAACTCCG","GGTCAGGCACGGTGGCTCACACCTGTAATCTCAACATTCTGGGAGGCTGAGGCAGGCAGATAATAAGGTCAGGAGTTCAAGATTAGCCTGGCAAACACGGTGAAACCCCATCTCTATCTAATAAAAGTACAAAAATTAGCTGGGTGTGGTCGTGGGCACCTGTAATCCCAGCTACTCAGGAGGCTGAGGCAGGAGAATACTTTGAAACCAGAAGGCGGAGGTTGCAGTGAGCCGAGATCGCGTCACTGCACTCCAGCCTAGGCGAAAGAGCAAAACTCC"
"chr3","51557567","51557857","KN294262v1","2410280","2410565","47","49147287","CACGCCTGTAATCTCAACACTTTGGGAGGCTGAGGTGGGTGGATCACGAGGTCAGGAGTTTGAGACCAGCCTGATCAACGTGGTGAAACCCTGTCTCTATTAAATATACAAAAATTAGCCAGGCATGGTGGCGGGCGCCTGTAATGCTAGCTACTTGGAAGGCTGAGGCAGGAGAATCGCTTGAAACCAGAAAGTGGAGGTTGCAGTGAGCCGAGATTGCGCCACTGCACTTCAGCCTGGGTAACAAGAGGGAAACTCCATCTCAAAAAAAAAAAAAAAAAAAAAAAAGAA","CACGCCTGTAATCCCAGCACTTTGGGAGGCTGAGGCGGGTGGATCACAAAGTCAGGAGTTCAAGACCAGCCTGGCCAACATGGTGAAACCCCGTCTCGACTAAAAATACAAAAATTAGTTGGGTGTGGTGGTGGGCGCCTGTAATCCCAGCTAATCAGGAGGCTGAGGTAGGCGAATCACTTGAAATGAGAAGGCAGAGGTTGCGGTGAGTTGAGATCGCGCCACTGCACTCCAGCCTGGGCAACAAGAGAGAAACTCCGTCTCAAAAAAAAAAAAAAAAAAAAAA"
"chr3","51996162","51996465","KN295596v1","93475","93775","35","51902687","GGCCAGGTGCGGTGGCTCACGCCTGTAATCCCAGCACTTTGGGGGACAGAGGCGAGCGGATCGCGAGGTCAGGAGTTCGAGACCAGCCTGGCCAACATGGTGAAACCCCGTCTCTACTAAAAATGTAAAAATTAGCCGGGCGTGGTGGTGGGCGCCTGTAATCCCAGCTACTCGGGAGGCTGAGGCAAGAGAATCGCTTGAAACCGGAAGGCGGAGGTTGCAGTGGGCCGAGATTGTGCCACTGCCCTCCAGCCTCGGTGGAAGAGCGAAACTCCGTCTCAAAAAAAAAAAAAAAGAAAAAGAA","GGCCGGGCGCAGTGGCTCACGCCTGTAATCTCAGCACTTTGGGAGGCCGAGGCGGGCGGATCTTGAGGTCAGGAGATCAAGACCAGCCTGGCTAACATGGTGAAACCCGTCTCTACTAAAAATACAAAAATTAGCTGGGCGTGGTGGCGGGCGCCTGTAATCCCAGCTACTCGGGAGGCTGAGGCAGGAGAATCGCTTGAAACCGGAAGGCAGAGGTTGCAATGAGCCAAGATCGTGCCACTGCACTCCAGCCTGGGCAACAAGAGCGAAACTCCATCTCCAAAAAAAAAAAAAAAAAGAA"
"chr3","52636476","52636786","KN296261v1","217749","218055","38","52418727","GGCTGGGCACGGTGGCTCATGCCTGTAATCCCAGCACTTTGGGAGGCCAAGGCGGGCAAATCATGAGGTCAGTAGTTCAAGACCAGCCTGGCCAACATGATGAAACCCCGTCTCTACTAAAAATAAAAAAAATTAGCCGGGTGTGGTGGCAGGTGACTGTAATCCCAGCTACTCGGGAGGCTGAGGCAGGAGAATCACTTGAAACCAGAAGGCGGAGATTGTAGTAAGCAGGGATTACACCACTGTACTCCAGCCTGGGCAAAAGAGTGAAACTCTGTCTCCAAAAAAAAAAAAAAAAAAAAAAAAAAAAA","GGCTGGGCACGGTGGCTCACACCTGTAATCCCAGCACTTTGGGAGGCCAAGGCGGACGGATCACGAGGTCAGGAGTTCAAGACCAGCCTGGCCAACATGATGAAACTCCGTCTCTACTAAAAATACAAAAAATTAGCGGGGCATGGTGGCGGGCACCTGTAATCCCAGCTACTCGGGAGGCTGAGGCAGGAGAATTGCTTGAAACCGGAAGGCGGAGGTTGCAGTGAGCTGAGATTGCGCCACTGCACTCCAGTCTGGGCAACAAGAGTGAAACTCCGTCTTAAAAAAAAAAAAAGAAAGAAAAAAA"
"chr3","54389023","54389315","KN295090v1","2859031","2859321","46","51529992","GGCCAGGCTGGGTGGCTCACACCTGTAGTCCCAGCACGTTGGGAGGCCAAGGCGGGTGTATCAGGAGTTTGAGACCAGCTTGGCCAACATGGTGAAACCCTGTCTCTACTAAAAATACAAAAATTAGCCGGGCATGGTGGCAGGTGCCGGTAATCCCAGCTACTCAGTAGGCTGAGACAGGAGAATCGCTTGAAGCTGGGAGGTGGATGTTGGAGTCAGCCGAGATCACGCCAGTGCACTCCAGCCTGGGCAACAAAGAGCGAAACTCCGTCTTAAAAAAAAAAAAAGACAAA","GGCCAGGCACAGTGGCTCACACCTGTAATCCCAGCACTTTGGGAGGCCAAGGCAGGCAGATTATAAGATCAGGAGTTCGAGACCAGCCTGGCCAACATGGTGAAACCCTGTCTCTACTAAAAATACAAAAATTAGCCGGGCGTGGTGGCAGGTGCCTGTAATCCCAGATACTCGGGAGGCTGAGGCAGGAGAATCACTTGAATCCGGGAGGCAGAGGTTGCAGTGTGCCGAGATCATGCCACTGCACTCCAGCCTGGGCAACAAGAGCTAAACTCCATCTCAAAAAAAAAA"
"chr3","57103713","57103903","KN294789v1","100483","100673","43","57003230","GTGAAACCCCGTCTCTTCTAAAAATACAAAAATTAGCTGGGCGTGGTGGTGGGCGCCTGTAATCCCAGCTACTCAGGAGGCTGAGGCAGGAGCATCACTTGAAACTGGAAGGTGGAGGTTGCAGTGAGCTGAAATTGCGCCACTGCACTCCAGCCTGGGTGAAAGAGTGAAACTCCCTCTCAAAAAAAAAA","GAAACCCTGTCTCTCCTAAAAATTAGCTGGGCGTGGTGGCAGACACCTGTAATCCCAGCCACTCAGGAGGCTGAGGCAGAAGAATAGCTTGAAACTGGAAGTCGGAGGTTGCAGTGAGCCCAGATCATGCCAGTGCACTCCAGCCTGGGCAACAAGAGTGAAACTTCGTCTCATAAACAAACAAACAAAAA"
"chr3","57113905","57114199","KN295174v1","528794","529088","35","56585111","GCTGGGCGCAGTGGCTCACGCCTGTAATCCCAGCACTTTTGGAGGCCGAGGCGGGCGGATCACGAGGTCAGGAGTTTGAGACCAGCCTGGCCAACATGGTGAAACCCCATCTCTACTAAAAATACAAAAATTAGCTGGGTGTGGTGGTGGGCACTTATAATCCCAGCTACTCGGGCAGCTGAGGCAGGAGAATCGCTTGAAACTGGAAGGCGGAAGTTGCAGTGAGCCGAGATCGCACCATTGCACTCCAGCCTGGGTGAAAGAGCGAAACTATGTCTCAAAAAAAAAAAAAAAA","GACTGGGCACAGTGGCTCATGCCTGTAATCCCAGCACTTTGGGAGACCAAGGCAGGCAGATCACGAGGCCAGGAGTTTGAGACCAGCCTGGCCAACCTGGTGAAACCCCGTCTCTACTAAAAAATACAAAAACTAGCTGGGCATGGTGGCGGGCACCTGTAATCCCAGCTACTTGGGAGGCTGAGGCAGGAGAATCACTTGAAACAGGAAGGCAGAGTTTGCAGTGAGCCGAGGTGGCACCATTGCACTCCAGCCTGGGTGAAAGAGCGAAACTCGGTTGCAAAAGAAAAAAAAA"
"chr3","62196115","62196425","KN294161v1","307326","307622","54","61888789","GGCTGAGTGCGGTGGCTCACACCTGTTATCCCAGCACTTTGGGAGGCTGAGGTGGGTAGATCAGGAGATCAGTTCGAGACCAGCCTGGCCAACATGGTGAAACCCCGTCTCTACTAAAAAAAACAAAAATTAGCTGGGCTTGGTGGTGCGTGCCTGTAATCCCAGCTACTCCCAGCTACTTGGGAGACTGAAGCAGGAGAATCACTTGAACCTGGAAGGCGGAGGTTGCAGTGAGCTGAGATCATGCCACTGCACTCCAGGCTGGGCAACAAGAGTAAAACTCCGTCTCGAAAAATGAAAATATAATAAAA","GGCCGAGTGCGATGGCTCATGCCTGTAATCCCAACATTTTGGGAGGCTGAGGTGGGCAGATCACGAGGTCAGGAGTTTGAGACCAGCCTGGCCAACATGGTGAAACCCTGTCTCTACTAAAAATACAAAAATTAGCCAGGCCTGGTGGCGGGCACCTGTAATCCCAGCTACTCAGAAGACTGAGGCAGGAGAATCGCTTGAAACTGGAAGGCGGAGGTTGCAGTCAGCTGAGTTTATGCCACTGCACTCCAGTTTGGGCAACAAGAGTGAAACTCAGAATCAAAATAGAGAAATAAA"
"chr3","62560799","62561098","KN295596v1","93475","93775","36","62467324","GGCTGGGCGCAGTGGCTTACGCCTGTAATCCCAGCACTTTGGGAGGCTGAGATGGGTAGATTATGAGGTCAGGAGTTTGAGACCAGCCTGGCTAACATGGTGAAACCCCCTCTCTACTAAAAATACAAAAATTAGCTGGACGTGGCGGCAGACTCCTGTAATCTCAGCTACTCCGGAGGCTGAGGCAGGAGAATTGCTGGAAATGGGAAGGCAGAGGTTGCAGTGAGCTGAGATCGCACCACTGCACTCCAGCCTGGGAGAAAGAGCGAAACTCCATCTCAAAAAAAAAAAAAAAAAAAA","GGCCGGGCGCAGTGGCTCACGCCTGTAATCTCAGCACTTTGGGAGGCCGAGGCGGGCGGATCTTGAGGTCAGGAGATCAAGACCAGCCTGGCTAACATGGTGAAACCCGTCTCTACTAAAAATACAAAAATTAGCTGGGCGTGGTGGCGGGCGCCTGTAATCCCAGCTACTCGGGAGGCTGAGGCAGGAGAATCGCTTGAAACCGGAAGGCAGAGGTTGCAATGAGCCAAGATCGTGCCACTGCACTCCAGCCTGGGCAACAAGAGCGAAACTCCATCTCCAAAAAAAAAAAAAAAAAGAA"
"chr3","69242709","69243012","KN295596v1","93475","93775","40","69149234","GGCCGGGCTCGTTGCTCACCTGTAATCTGTAATCCCAGCACTTTGGGAGGCCGAGGATGGTGGATCATGAGGTCAGGAGTTCAACACCAGCCTGGCCAACATGGTGAAACCCCGTCTCTACTAAAAAATACAAAAATTAGCCGGGCGTGGTGGTGGGCACATGTAATCCCAGTTACTCGGGAGGCTGAGGCAGGAGAATCGCTTGAACCCGGATAGCAGAGGGTGCAGTGAGCCGAGATCGCACTACTGCACTCCAGCCTGGGCAACGAGAGTGAAACTCTGTCTCAAAAAAAAAAAAAAAAAA","GGCCGGGCGCAGTGGCTCACGCCTGTAATCTCAGCACTTTGGGAGGCCGAGGCGGGCGGATCTTGAGGTCAGGAGATCAAGACCAGCCTGGCTAACATGGTGAAACCCGTCTCTACTAAAAATACAAAAATTAGCTGGGCGTGGTGGCGGGCGCCTGTAATCCCAGCTACTCGGGAGGCTGAGGCAGGAGAATCGCTTGAAACCGGAAGGCAGAGGTTGCAATGAGCCAAGATCGTGCCACTGCACTCCAGCCTGGGCAACAAGAGCGAAACTCCATCTCCAAAAAAAAAAAAAAAAAGAA"
"chr3","70882490","70882762","KN296732v1","2364135","2364405","36","68518355","GGCCGGGCGCTGTGGCTCACAACTGTAATCTCAGCACTTTGGGAGGCCCAGAAGGGTTGATCACAAGGTCAGGAGTTCAAGACCAGCCTGGCCAACATGGTGAAACCCCCATCTCTACTAAAAATACAAAACTTAGCTGGGCGTGGTGGCAGGCGCCTGTAATCCCAGCTATTCAGGAGGCTGAGGCAGGAGAATCGCTTGAAACTGGAAGGCTGAGGTTGCAGTGAGCCGAGATGGTGCCACGGCACTCCAGCCTGGGCAACAAGAGTGAAA","GGCCAGGCGCGGTGGCTCACACCTGTAATCCCAGCACTTTGGGAAGCTGAGGTGGGTGGATCACAAGGTCAGGAGTTTGAGATCAGCCTGGCCAACATGGTGAAACCCCGTCTCTACTTAAAATACAAAAATTAGCTGGGCATGGTGGCAGGCGCCTGTAATCCTAGCTACTTAGGAGGCTGAGGCAGGAGACTCACTTGAAACCGGAAAGTGAAGGTTGCAGTAAGCCAAGATTGTGCCACTGCACTCCAACCTGGGCGAAAGAGCAAAA"
"chr3","76722217","76722419","KN295561v1","190529","190721","34","76531688","GGCCAGGTGCGGTGGTTCACGCCTGTAGTCCTAGCACTTTGGGAGGCTGAGAAGGGCGGATCATGAGGTCAGGAGTTCGATATCAGCCTGGCCAACATTGCGAAACCCTGTCTCTACTAAAAATACAAAAATTAGCCAGGCGTGGGTGGCAGGCACCTGTAATCCCGGCTACTTGGGAGACTGAGGCAGAAGAACGGCGTGAA","GCCAGGCGCGGTGGCTCACGCCTATAATCCCAGCACTTTGGGAGGCTGAGGAAGGTGTATCACGAGGTCAGGAGTTCGAGACCAGCCTGACCAACATGCTGAAACCCTGTCTCTACTAAAATTACAAAAATTAGCCGGGCATGGTGGCGGGCACCTGTAGTCCCAGCTACTCGGGAGGCTGAGGCAGAAAAAT"
"chr3","84589878","84590182","KN295284v1","18157","18458","44","84571721","GGCCGGGCGCGGTGGCTCATGCCTGTAATCCCAGCCCTTTGGGAGGCCTAGGCGGGTGGATCACGAGGTCAAGAGTTTGAGACCATCCAGGCTAACACGGTGAAACCCCGTCTCTACTAAAAATACAAACATTAGCTAGGCGAGGTGGCAGGTGCCTTTAGTCCTAGCTACTTGGGAGGCTGAGGAAGGGGAATCGTTTGAAACCAGAAGGCGGAGGTTGCAGTAAGCTGAGATACTGCGGCTGCATTCCAGCCTGGGCAACAAGAGCGAAACTCCCATCTCAAAGAAAAAATAAATAAATAAAA","GGCCGGGCCTGGTGGCTCACGCCTGTAATCCCAGCACTTTGGGAGGCCGAGGCGGGTGGATCACGAGGTCAGGAGTTCGAGACCAACCTGGCCAAGATGGTGAAACCCCGTCCCTACTAAAAATACAAAAATTAGCTGGGTGCGGTGGCAGGTGCCTGTAATCCCAGCTACTTGGGAGGCTGAGGCAGGAGAATCGCTTAAAAACGGGAGGCAGAGGTTGCAGTGAGCTGGGATCACGCCACTGCACTCCAGCCTGGGCAACAAGAGTGAAAACTGCATGTCAAAAAAAAAAAAAAAAAAAA"
"chr3","88044800","88045090","KN297322v1","575940","576234","37","87468860","GGCTGGGCACAGTGGCTCATGCCTGTAATCCCAGCACTTTGGGAGGCTGAAGTGGGCAGATCATGAGGTCAGGAGTTGTAGACCAGCCTGGCCAACATGGTGAAACCCCATCTCTACTAAAAATACAAAAGTTAGCCAGGTGTGGTGGTAGGCGCCTGTAATCCCAGCTACTTGGGAGGCTGAGGCAAGAGAATCACTTAAAACCCAAGGCGGAGTTTGCAGTGAGCCGAGATCATGCCACTGCACTCCAGCCTGGGTGGAAGGGTGAAACTCTGTCTCAAAAAAAAAAAA","GGCTGGGCACAGTGGCTCATGCCTGTAATCCCAGCACTTTGGGAGGCTGAGGCGGGCAGATCACAAGGTCAGTATTTTAAGACCAGCCTGGCCAACATGGTGAAATCCCATCTCTACTAAAAATACAAAAATTAGCCAGACGTGGTGGCAGACGCCTGTAATCCCGGCTACTCAGGAGGCTGAGGCAGGAGAATCGCTTGAAACCGGAAGGCAGAGGTTGCAGTAAGCCAAGATCATGCCACTGTACTCCAGCCTGGGCGAAAGAGCGAAACTTCATCTCAAAAAAAAAAAAAAA"
"chr3","95423830","95424118","KN297078v1","219973","220269","46","95203857","GGCCGGATGCAGTGGCTCACACCTGTAATCCCAGCACTTTGGGAGGATGAGGCAGGTGGATCACCAGGTCAGGAGTTCGAGACCAGCCTCCCCTGAAACCCTGTCTCTACTAAAAATACAAAAATTGGCAGGACATGGTGTTGAGTGCCTATAATCCCAGCTACTCGGGAAGCTGAGGAAAGAGAAGTACTTGAAACCATAAGGCGGAGGTTGCAGTGAGCCAAGATCATGCCACTGCACTCCAGCCTGGTCAACAAAAGCAAAACTCTGTCTCAAAAAAAAAAAAAAA","GGCCAGGTGCAGTGGCCCACACCTTTAATCCCAGCACTTTGAGAAGCTGAGGCAGGTGAATCACAAGGTCAGGAGTTTGAGACCAGCCTGGCCAACATGGTGAAACCCATCTCTACTAAAAATACAAAAAAATAGCAGCGCGTGGTGGTGGGTGCCTATAATCCCAGCTACTCAGGAGGCTGAGGCAGGAGAATCGCTTGAACCAGGGAAGCAGAGGTTGCAGTGAGCCGAGATCATGCCACTGCACTCTAGCCTGGGCAACAAAAGCAAAACTCCGTCTCAAAAAAAGAAAAAAAA"
"chr3","98821766","98822067","KN294266v1","135124","135424","37","98686642","GGCTGGGCACGGTGGGTCACGCCTGTAATCCCAGCACTTTCGGTGGCCGAGGCGGGTGGATCACGAGGTCAGGAGTTCGAGAGCAGCCTGGCCAACATGGTGAAACCCCGCCTCTACTAAAAATACAAAAGTTAGCCAGGCGTGGTGCCACACACCTGTAATCCCAGCTACTTGGGAGGCTGAGACCGGAGAATCGCTTGAAACCAGAATACAGAGGTTGCAGTGAGCCGAGATCACGCCACTGCACTCCAGCCTGGGCAATGAGAGCGAAACTCTGTCTCAAACAAAACAAAACAAAAAAA","GGCTGGGCATGGTGGCTCACGCTTGTAATCTCAGCACTTTGGGAGGCCAAGGTGGGTAGATCACAAGGTCAGGAGTTCGAGACCAGCCTGGCCAACATGGTGAAACCTCGTCTCTACTAAAAATATAAAAATTAGCCAGGCATGGTGGCAGGCGCCTGTAATCCCAGCTACTCGGGAGGCTGAGGCAGGAGAACCGCTTGAAACCAGAGGGTAGAGGTTGCAGTGAGCCGAGATCATGCCACTGCACTCCAGCCTGGGCAACAAGAATGAAACTCAGTCTCAAAAAAAAAAAAAAAAAAAA"
"chr3","101517017","101517314","KN294996v1","419207","419500","38","101097810","GGCCTGGCACAGTGGCTCACGCCTGTAATCCCAGCACTTTGGGAGTCTGAGGCAGGTGGATCACGAGGTCAGGGGTTCGAGACCAGCCTGGCCAACATGCTGAACCCTTGTCTCTACTAAAAATACAAAAATTAGCCAGGCATGGTGGCAGGTGCCTGTAATCTCAGCTACTCGGGAGGCTGAGGCAGGAGAATCACCTGAATCTGGGAGGCGGAGGTTGCAGTGAGCTGAGATCGTGCTATTGCACTCCAGCCTGGGCAATAAGAGCAAAACTCAGTCTCCGGGAAAAAAAAAAAAA","GGCCAGGCGCAGTGGCTCACACCTGTAATCCCATCACTTTAGGAGCCTGAGGCAGGTGGACCATGAGGTCAGGAGTTTGAGATCAGCCTGGCCAACATAGTGAAACCCTGTCTCTACTAAAAATACAAAAATTAGCTGGGCGTGGTGGCAGGCGCTTGTAGTCTCAGCTACTCGGGAGGCTGAGGCAGGAGAATCGCTTGAAACTGGAAGGCAGAGGTTGCAGTGAGCTGAGATTGTGCCACTGCACTCCAGCCTGGGCGAAAGAGCAAAACTCCATCTCCAAAAGAAAAAGAA"
"chr3","106801877","106802180","KN294266v1","135124","135424","37","106666753","GGCCGGGCACGGTGGCTCGCGCCTGTAATCCCAACACTTTGGGAGGCCAAGGTGGGCAGATCACAAGGTCAGGAGTTCAAGACCAGCCTGGCCAACATGGTGAAACCCCGTCTCTACTAAAAATACAAAAATTAGCCAGGTGTGGTGGTGTGTGCCTGTAATCCCAGCTACTCGGGAGGTTCAGGCAGGAGAATTGCTTGCACCTGGAAGGTGGGGGTTGCAGTGAGCTGACATTATGCCACTGCTCTCTAGCCTGGGCAACAAGAGTGAAACTCCGTCTCAAAAAAAAAGAAAAAAAAGAAAA","GGCTGGGCATGGTGGCTCACGCTTGTAATCTCAGCACTTTGGGAGGCCAAGGTGGGTAGATCACAAGGTCAGGAGTTCGAGACCAGCCTGGCCAACATGGTGAAACCTCGTCTCTACTAAAAATATAAAAATTAGCCAGGCATGGTGGCAGGCGCCTGTAATCCCAGCTACTCGGGAGGCTGAGGCAGGAGAACCGCTTGAAACCAGAGGGTAGAGGTTGCAGTGAGCCGAGATCATGCCACTGCACTCCAGCCTGGGCAACAAGAATGAAACTCAGTCTCAAAAAAAAAAAAAAAAAAAA"
"chr3","108307354","108307648","KN295633v1","1436393","1436685","36","106870961","GGCCAGGCGTGGTGGCTCACGGCTGTAATCTCAGTAATTTGGGAGGCCGAGGCGGGTGGATCATGAGGTAAGGAGTTCGAGACCAGCCTGGCCAACATGGTGAAACCCCATCTCTACTAAAAATACAAAAATTAGCCAGGCCTGGTGGCAGGTGCCTGTAATCCCAGCTACTCGGGAGGCTGAGGCAGGAGAATCACTTGAAACAAGAAGACGGAGGTTGCAGTCAGCCAAGATCACGCCACTGCACTTCAGTCTGGGCAATAAGAGTGAAACTCTGTCTCAAAAAAAAAAAAAA","CTGGGTGTGGTGGCTCACACCTGTAATCCCAGCACTTTGGGAGGCCGAGGCGGGTGGATCATGAGGTCAAGAGTTTGAGACCAGCCTGGCCAACATGGTGAAACCCCGTCTCTACTAAAAATACAAAAATTAGCCAGGCGTGGTGGCAGGCACCTGTAATCCCAGTTACTCAGGAGGCTGAGGCAGGAGACTCGCTTGAAACTGGAAGGCGGAGGTTGCAGTGAGCCGAGATCACGACACTGCACTCCAGCCTGAGCAACAAGAGCAAAACTCCGTCTCAAAACAAAACAAAA"
"chr3","109001127","109001295","KN294569v1","266100","266272","33","108735027","CCAGGCGTGGTGGTGGGCACCTGTAATCTCAGCTGTTCTAGAGACTGAGGTAGGATAATTGCTTGAAACTGGAAGGTGGAGGTTGCAGTGAGCCAAGATCACACCACTGCACTCCAGCCTGGGTGAAAGAGCGAAACTCCATCTCAAAAAAAATAAAAATAAAAAGAAA","AGACAGACGTGGTGGCAGACACCTGTAATCCCAGCTACTTGGGGGCTGAGGCAGGAGAATCGCTTGAAACCGGAAGGTGGAAGTTGCAGTGAGCCGAGATCGTGCAACTGCACTCCAGCCTGGACAACAACAGCGAAACTCCATCTCAAAATAAATAAATAAAAAAAAAGAAA"
"chr3","109294743","109295044","KN296319v1","810453","810752","45","108484290","GCTGGGCGCGGCGGCTCATGCCTGTAATCTCAGCACTTTGGGAAACCGAGGTGGGTGGATCACGAGGTCAGGAGTTCAAGAGCAGCCTGGCCAATACAGTGAAACCCTGTCTCTACTAAAAATACAAAATTAGTCGGGCATGGTGGCCAGTGCCTGTAATCCCAGCTACTTAAGAGGCTGAGGCTGGAGAATCGCTTAAAGCCAGGAGGTGGAGGTTGCTGTGAGCCAAGATTGCACCACTGTACTCCAGCCTGGACAACAAGAGCGAAACTCCATCTCAAAACAAACAAAAAACCAAAAAA","GGTTGGGCGCAGTGGCTCACGCCTGTAATCCCAGCACTTTGGGAGGCCAAGGCGGGCAGATCACGAGGTCAGGAGTTCAAGACCAGCCTGGCCAACATGGTGAAACCTCATCTCTACTAAAAATGCAAAAATTAGCCGGGCATGCTGGCAGGTGTCTGTAATCCCAGCTACTTGGGAGGCTGAGGCAGGAGAATCGCTTGAATCCGGGAAGTGGAGGTTGCAGTGAGCCAAGACTGCGCCACTGTACTCCAGCCTGGGCAACAAGAACAAAACTCCATCTCAAAAAAAAACACAAAAAAA"
"chr3","109302446","109302738","KN294456v1","357446","357738","47","108945000","GGCTCACACCTGTAATCCCAGCACTTTGGGAGACCGAGGCGGGCGGATCACGAGGTCAGGAGTTTGAGACCAGCCTGACCAATATGATGAAACCCCGTCTCTACTAAAAACACAAAAATTAGCTGGGCGTAGTGGCATGTGCCTGTAATCCCAGCTACTTGGGAGGCTGAGGCAGGAGAATCGTTTGAATACGGGAGGCGGAGGTTGCAGTGAGGCAAGATCGCACCACTGCTCTCCAGCTTGGGCAACAGGAGCGAAACTCCGTCTCAAAAACAAAAGAAAAAGAAAAGAAA","TGGCTCACACCTGTAATCTCAGCACTTTGGGAGACCGATGGGGGCCAGATCACAAGGTCAAGAGATTGAGACCATCCTGGCCAACATGCCGAAACCCCATCCCTACTAAAAATGGAAAAATTAGCTGGGGATGGTGGCAGGTGCCTGTAATCCCAGCTACCCAGGAGGCTGAGGCAGGAGAATCACTTGAAACCAGGAGGCAGAGGTTGCAATGAGTCCATATCGCACCATTGCACTCCAGCCTGGGTGACAAGAGCGAAACTCTGTCTCAAAAAAAAAAAAAAAAAAAAGAA"
"chr3","113459603","113459903","KN295872v1","222266","222568","35","113237337","GCCAGGTGCGGTGGCTCACGCCTGTAATCCCAACACTTTGGGAGGCCAAGGCAGGCGGATCATGAAGTCAGGAGTTCGAGACCAGGCTGGCCAACATGGTGAAACCCCGTCTCTACTAAAAACACAAAAATCAGCCAGGTGTGGTGGCAGGCGCCTATAATCCCAGCTACTCAGTAGGCTGAGGCAGGAGAATCGCTTGAAACTGGAAGGCGGAGGTTGCAGTAAGCCGAGAGGGCGCCACTACACTCCAGCCTGGGTGACAGAGCGAAACTCCATCTCAAAAAGAAAAAAAAAAAAAAAA","GGCCAGGCACGGTGGCTCACGCCTGTAATCCCAGCACTTGGGGAGGCCCAGGCGGGTGCATCAAGAGGTCAGGAGTTCGAGACCAGCCTGGCCAACATGGTGAAACCCCGTGTCTACTAAAAATACAAAAATCAGCCAGGCGAGGTGGCTGGCATCTGTAATCCCAGCTACTCAGAAAGCTGAGGCAGGAGAATTGCTTGAAACCGGAAGGCGGAGGTTGCAGTGAGCTGAGATTGCGCCACTGCACTCCAGCCTGGGCGAAAGAGTGAAACTCCATCTCAAAAGAAAAAAAAAAGAAAAGAA"
"chr3","115567997","115568306","KN296292v1","233444","233746","39","115334553","GGCTGGGCACAGTGGCTCATGCCTGTAATCCCAACACTTTGGGAGGCTGAGGTGGGTGGATCATGAGGTCGGGAGTTGGAGACCAGCCTGGCCAACATGGTAAAACCCTGTCTCTACTAAAAATACAAAAATTAGCCGGGTGTGGTGTCAGGTGCCTGTAATCCCAGCTACTCGGGAGGCTGAGGCAGGAGAATCAGTTGAAACCAGAAGGTGGAGGTTGCAGTGAGCCGAGGTCACGCCACTGCACTCCAGCCTGGGTGAAAGAGTGAAACTCCGTCTCAAAAAAAAAAGCAAACAAACAAACAAAAAA","GGCCAGGCATGGTGGCTCATGCCTGTAATCCCAGCACTTTGGGAAGCTGAGAAGGATGGATCACGAGGTCAGGAGTTCGAGACCACCTGGTCAGCATGGTGAAACCCTATCTCTACTAAAAATACAAAAATTAGCCAGGCGTGGTGGCAGGTGCCTGTAATCCCAGTTACTCAGGAGGCTGAGGAAGGCAAATCACTTGAAACCAGAAGGCAGAGGTTGCAGTGAGCCCAGATCACACCACTGCACTCCAGCCTGGGAGAAAGAGTGAAACTCCATCTCAAAAAAAAAAAAAAAAAAAAAAAA"
"chr3","116480154","116480433","KN297370v1","415163","415442","21","116064991","GCCGGGTGTGGTGACTTACACCTGTAATCCCAGCACTTTGAGAGGCCGAGGCAGGCGGATCATGAGGTCAGGAGTTCAAGACCAGCCTGGCCAACATGGTGAAACCCCATCTCTACTGAAAATACAAAAATTAGCTGGGTGTGGTGGTAAGTGCCTGTAGTCTCAGCTACTCAGGAGGCTGAGGCAGGATAATCACTTGAAACTGGAAAGGTGGAGGTTGCAGTGAGCTGAGATTATACCATTGCACTCCAGCCTGGGCAACAAGAGCAAAACTCCATCT","GGCTGGGTGTGGTGGCTCACACCTGTAATCCCAGCACTTTGAGAGGCCGAGGCAGGTGAATCATGAGGTCAGGAGTTCAAGACCAGCCTGGCTAACATGGTGAAACCCCGTCTCTACTGAAAATAGAAAAATTAGCTGGGTGTAGTGGTAAGTGCCTGTATCCTAGCTACTCAGGAGGCTGAGGCAGGATAATCACTTGAAACTGGAAAGACAGAGGTTGCAGTGAGCTGAGATTATGCCATTGCTCTCCAGGCTGGGCAACAAGAGCAAACTTCCATCT"
"chr3","116859710","116859974","KN295854v1","239908","240171","39","116619802","GGTCAGGCGCGGCGGCTCACGCCTGTAATCACAGGACTTTGGGAGGCTGAGGCGGGTGGATCACATGAGGTCAGGAATTCAAGACCAGCCTGGCCAACGTGGGGAAACCCCATCTCTACTGAAAATACAAAAATTAGCCAGACATGGTGGCGGGCGCCTGTAATCCCAGCTACTTGTGAGGCTGAGGCAAGAGAATCGCTTGAAACTGGAAGGCGGAGGTTGCAGTGAACCAAGATCACACCACTGCACTCCAGCCTGGGCAATA","GGCCGGGCGCGGTGGCTCACGCCTGTAATCCCAGCATTTTGGGAGGCCGAGGGAGGTGGATCACGAGGTCAGGAGTTTGAGACCAGCCTTTCCAACATGGTGAAACCCCATCTCTACTAAGAATACAAAAATTAGCCAGGCGTAGTGGCGGACACCTGTAATCCCAGCTACTGGGGAGGCTGAGGCAGGAGAATCGCTTGAAACCGGAAGGCAGAGGTTGCAGTGAGCCGAGATCATGCCACTGCACTCCACTCTGGGCGACAA"
"chr3","117992481","117992776","KN297322v1","575940","576234","47","117416541","GGTGTGGTGGCTCATGCCTGTAATCCCAGCACTTTGGGAGGGAGGCTGAGACTGGCAGATCACGAGGTCCGGAGTTCAAGACCAGCCTGGTCAATATGGTGAAACTCCATCTCTACTAAAAACACATAAATTAGCTGGGTGTGGTGGCAGGCACCTGTAATCCCAGTTACTCAGGAAGCTCAGGCAGGAGAACCGCTTGAAACCAGAAGGTGGAGCTTGCAGTAAGCTGAGATCATGCCACTACACTCCAGCCTGGGCAACAAGAGTGAAACTCCATCTCAAAAAAAAAAAAAAAA","GGCTGGGCACAGTGGCTCATGCCTGTAATCCCAGCACTTTGGGAGGCTGAGGCGGGCAGATCACAAGGTCAGTATTTTAAGACCAGCCTGGCCAACATGGTGAAATCCCATCTCTACTAAAAATACAAAAATTAGCCAGACGTGGTGGCAGACGCCTGTAATCCCGGCTACTCAGGAGGCTGAGGCAGGAGAATCGCTTGAAACCGGAAGGCAGAGGTTGCAGTAAGCCAAGATCATGCCACTGTACTCCAGCCTGGGCGAAAGAGCGAAACTTCATCTCAAAAAAAAAAAAAAA"
"chr3","118047117","118047243","KN294499v1","1585214","1585357","39","116461903","GGCATGGTGGCTCAAGCCTGTAATCCCAGCACTTTGGGAGGCTTAGGCCAGGAGTTTGAGACCAGCCTGGCCAACATGCTGAAAAATCTGTCTCTACTAAAAATACAAAAATTAGCCGGGCGTGTTG","GGCTGGGCGCAGTGGCTCATGCCTGTAATCCCAGCACTTTGGGAGGCTAAGGTGGGTGGATCACGAGGTCAGGAGTTCGAGACCAGCCTGGCTAACATGGTGAAATCCCAACTCTACTAAAAATACAAAAATTAGCTGGGCCTT"
"chr3","120124156","120124462","KN294266v1","135124","135424","35","119989032","GGCCTGGCGTGGTGGCTCATGCTTGTAATCACGGCACTTTGGAAGGCCAAGGTGGGTGGATCACGAGGTCAGGAGTTTGAGACCAGCCTGGCCAACATGGTGAAACCCCGTCTCTACTAAAAATACAAAAATTAGCCAGGCATGGTGGCGGGTGCCTGTAATCCCAGCTAGTCGGGGAGGCTGAGGCAGGAGAATCGCTTGAAACCGGAAGGCAGAGGTTGCAGTGAGCCGGGATTGTGCCACTGCACTCCAGCCTGGGCAACGAGTGAACCTCTGTCTCAAAAAAATAAAAAAATAAAAATAAAAA","GGCTGGGCATGGTGGCTCACGCTTGTAATCTCAGCACTTTGGGAGGCCAAGGTGGGTAGATCACAAGGTCAGGAGTTCGAGACCAGCCTGGCCAACATGGTGAAACCTCGTCTCTACTAAAAATATAAAAATTAGCCAGGCATGGTGGCAGGCGCCTGTAATCCCAGCTACTCGGGAGGCTGAGGCAGGAGAACCGCTTGAAACCAGAGGGTAGAGGTTGCAGTGAGCCGAGATCATGCCACTGCACTCCAGCCTGGGCAACAAGAATGAAACTCAGTCTCAAAAAAAAAAAAAAAAAAAA"
"chr3","120190975","120191270","KN296365v1","624657","624947","35","119566318","GGCTGGGTGTGGTGGCTCATGCCTATAATCCCAGCACTTTGGGAGGCCAAGGTAGGCGGATCACGAGGTCAGGAGTTCGAGACCAGCCTGGTCAACATGATGAAACCCCATCTCTACTAAAAATACAAAAATTAGCCGGGTGTGCTGGTGGGTGCCTGTAATCCCAGCTACTTGGGAGGCTGAGGCAGGAGAATTGCTGGAAAGCAGAAGGCAGAGGTTGCAGTGAGCCAAGATCACACCACTGCACTCCGGCCTGGGCGAAAGAATGAAACTCTGTCTCAGAAAAAAAAAAAAAA","GGCTGGGCGCGGTGGCTCATGCCTGTAATCCCAGCACTTTGGGAGGCCAAGGCAGGCGGATCACGAGGTCAAGAGTTCGAGACCAGACTGGCCAACATGGTGAAACCCCATCTCTACTAAAAATACAAAAATTAGCCAGGCATGGTGGTGGGTGCCTGTAATCCCAGTTGCTTGGGAGGCTGAGACAGAAGAATCGCTTGAAACCAGAAGGCAGAGGTTGCAGTGAGCCAAGATGGTGCCACTGCACTCCAGCCTGGTCAACAAGAGTGAAATTCTGTCTCAAAAAAAAAA"
"chr3","121429409","121429690","KN296000v1","1398566","1398839","44","120030843","GGCCGGGCGTGGTGGCTCACGCCTGTAATCCCAGCACGTTGGGAGGCCGAGGCAGGTGCATCACGAGGTCAAGAGATCGAGACTATCCTGGCCAACATGGCAAAACCCCCTCTCTACTAAAAATACAAAAAATTAGCCGGGTGTGGTGGCGGGTGCCTGTAATCTCAGCTACTTGGGAGGCTGAGGCAGGAGAATCACTTGAAACCAGGAGGTGGAGGTTGAAGTGAGCCGAGATTGCGCCATTGCACTCCAGCCTGGACAAAAAGAGCAAAACTCTGTCTC","GGCCAGGCACGGTGGCTCACGCCTGTAATCCCAGCACTTTGGGAGGCCAGTGTGGGTGGATCACGAGGTCAGGAGTTCGAGACCAGCCTGGCCAACATGGTGAAACCCTGTCTCTACTAAAAATACAAAAATTAGCCAGGCATGGTGGTGGGAGCCTGTAATCCCAGCTACTTGGGAGGCTGAGGCAGGAGAATCACTTGAAACCGGAAGGCGGAGGTTACAGTGAGCCTAGATTGCGCCACTTCAGCCTGGGCGAAAGAGCAGAACTGTTTCA"
"chr3","121662456","121662762","KN296594v1","319958","320255","39","121342498","GCTGGGCACGGTGGCTCACACCTCTAATCCCAGCACTTTGGGAGGCTGAGGCGGGTGGATCACAAGGTCAGGAGTTTGAGACCAGACTGGCCAACACAGTGAAACTCCATCTCTACTAAAAGTGCAAAGATTAGCCGGGCATGGTGGCAGGTGCCTGTAATCCCAGCTATTTGGGAGACTGAGGCAGGAGAATCGCTTGAAACTGGAAGGCGGAAGGTGCAGTGAGTTGAGATTGTGCCACTGCACTCCAGCCTGAGCGAAAGAGTGAAACTCGGTCTCAAAAAAAACCCAACAAAACAAAACAAAA","GCTGGTCACGGTGCCTCCCGCCTCTAATCCCAGTACTTTGGGAGGCCAAGACGGGTGGATCACAAGGTCAGAAGTTTGAGACCAGCCTGGCCAACGTAGTGAAACCATCTCTACTAAAAGCACAAAAATTAGCCAGGCATGGTGGCAGGCACCTGTAATCCCGGCAACTTGGGAGGCTGAGGCAGGAGAATCGCTTGAAACTGGAAGGCAGAGGTTGCAGTCAGTCAAGATCGTGCCACTGCACTCTAGCCTGAGCGAAAGAGTGAAACTCGGTCTCAAAAAACAAAACAAAACAAAA"
"chr3","124286320","124286550","KN296205v1","150081","150303","39","124136239","GGCAGGGTGCAGTGGTTCATGCCTGTAATCCCAGCACTTTGGGAGACCAAGGCAGACAGATCACAAGGTCAGGAGTTTCAGACCAGCCTGGCCAACACAGCAAAACCCTGTCTCTACTAAAAAGACAAAAATATAGCCAGGCGTGGTGGCAGGCGCCTGTAATTCCAGCTACTAGCTACTCGGGAGGCTGAGGTGGGAGAATTGCTTGAAACCAGAAGGCGGAGTTTGCAG","GGCCGGGCATGGTGGCTCATGCCTGTAATCCCAGCACTTTGGGAGGCCGAGGTGGGTGGATCACAAGGTCAGGAGTTCGAGACCAGCCTGGCCAACATGGTGAAACCCCATCTCTACTAAAAATACAAAAATTAGCCAGGCATGGTGGTGGGCGCCTGTAATTCCAGCTACTCAGGAGACTGAGGCAGGAGAATCGCTTGAAACCAGAAGGTGGAGGTTGCAG"
"chr3","124721677","124721972","KN296062v1","313219","313514","29","124408458","GCCGGGCGCGGCGGCTCACGCCTGTGATCCCAGCACTTTGGGAGGCCGAGGCGGGTGGATCACAAGGTCAGCAGTTCGAGACCAGCCTGACTAACATGGTGAAACCCTGTCTCCACTAAAAATACAAAAAAATCATCTGGGCGTAGTGGCGGGCACTCGTAATCCCAGCGACTTGGGAGGCTGAGGCAGGAGAATCGCTTGAAACCGGAAGGCGGAGGTTGCCGTGAGCCGAGATTGCACCACTGCACTCTAGCCTGGGCAATAAGAGCAAAATTCTGTCTCGAAAAAAAAGGAAA","GGCCGGGCGCGGTGGCTCATGCCTGCAATCCCAGCACTTTGGGAGGCCGAGGCAGGTGGATCACGAGGTCAGCAGTTTCAGACCAGCCTGATCAACATGGTGAAACCCCATCTCCACTAAAAATACAAAAAAATTAGCTGGGCGTGGTGGCGGGCACCTGTAATCCCAGCGACTTGGGAGGCTGAGGCAGGAGAATCACTTGAAACCAGAAGGCAGAGGTTGCAGTGAGCCGAGATTGCACCACTGCCCTCTAGCCCGGGCAATAAGAGCAAAACTCCGTCTCAAAAAAAAAAAAA"
"chr3","128789792","128790092","KN296538v1","73542","73839","44","128716250","GGCCAGGCGTGGTGGCTCATGCCTGTAATCCCAGCATTTTGGGAGGCTGAGGTAGGTGGATCACGAGGTCAAGAGACTGACAAATCCATCCTGGCCAACATGGTGAAACACCAGCTATACTAAAAATACAAAAATTAAGCTGCGCGTGGTGGCACGCGCTTGTAATCTCAGCTACTTGGGAGGCTGAGGCAGGAGAATCGCTTGAACCTGGAAGGTGGAGGCTGCAGTGAGCCGAGATCACACCACTGCACTCTAGCATGGGCAACAAGAGTGAAACTCCATCTCAAAAAAAAAAAAAAAA","GGCCAGGCACGGTGGCTCATGCCTGTAATCCCAGCACTTTGGGAGGCCGAGGCAGGTGGATCATGAGGTCAGAAGTTGAAGACCACCCTGGCCAACAGAGTGAAACCCGATCTATACTTAAAATACAAAAATTAGCTGCGCATGGTGACGGGCGCCTGTAATTCCAGCTACTTGGGAGGCTGAGTCAGGAGAATCATTTGAAACCGGAAGGTGGAGGTTGCAGTGAGCCAAGATCGCACCACTGCACTCTAGCCTGGGCAACAAGAGCAAAACTCTGTCTCAAAAGAGAGAAAAAAAA"
"chr3","133546357","133546653","KN295596v1","93475","93775","35","133452882","GGCCGGGCACAGTGGCTCACGCCTGTAATCCCAGCACTTTGGGAGGCCAAGGCGGGCAGATCACGAGGTCAGGAGTTCGAGACCAGCCTAGCCAACATGGTGAAACCCCGTCTCTACTAAAAATACAAAAATTAGCTGGGCGTGATGGCGGGTGCCTATAGTCCTAACTGCTTGGGAGGCTGAGGTAGAGGAATTGCTTGAAACTGGAAGGCGGAGGTTGCAGTGAGCCAAGATCATGCCACTGCACTCCAGCCTGGGCGAAAGAGCGAAACTCCGTCTGAAAAAAAAAAAAAAAAA","GGCCGGGCGCAGTGGCTCACGCCTGTAATCTCAGCACTTTGGGAGGCCGAGGCGGGCGGATCTTGAGGTCAGGAGATCAAGACCAGCCTGGCTAACATGGTGAAACCCGTCTCTACTAAAAATACAAAAATTAGCTGGGCGTGGTGGCGGGCGCCTGTAATCCCAGCTACTCGGGAGGCTGAGGCAGGAGAATCGCTTGAAACCGGAAGGCAGAGGTTGCAATGAGCCAAGATCGTGCCACTGCACTCCAGCCTGGGCAACAAGAGCGAAACTCCATCTCCAAAAAAAAAAAAAAAAAGAA"
"chr3","133576842","133577145","KN296261v1","217749","218055","28","133359093","GGCCGGGTGCTGTGGCTCACACCTGTAATCCCAGCACTTTGGGAGGCTGAGGCGGGCGGATCACGAGGTCAGGAGTTCAAAACCAGCCTGACCAACATGATGAAACTCCGTCTCTACTAAAAATACAAGAATTAGCCAGGTGTGGTGGCGGGCGCCTGTAATCCCAGCTACTCGGGAGGCTGAGGCAGAAGAATCGCTTGAAACCAGAAGGCGGAGGTTGCAGTGAGCCGAGATTTTGCCACTGCACTCCAGCCTGGGCAACAAGAGGGAAACTTCGTCTCAAAAAAAAAAAAAAAAAAAAAAA","GGCTGGGCACGGTGGCTCACACCTGTAATCCCAGCACTTTGGGAGGCCAAGGCGGACGGATCACGAGGTCAGGAGTTCAAGACCAGCCTGGCCAACATGATGAAACTCCGTCTCTACTAAAAATACAAAAAATTAGCGGGGCATGGTGGCGGGCACCTGTAATCCCAGCTACTCGGGAGGCTGAGGCAGGAGAATTGCTTGAAACCGGAAGGCGGAGGTTGCAGTGAGCTGAGATTGCGCCACTGCACTCCAGTCTGGGCAACAAGAGTGAAACTCCGTCTTAAAAAAAAAAAAAGAAAGAAAAAAA"
"chr3","136814235","136814524","KN295825v1","874840","875134","33","135939395","GGCCGGGCGCAGTGGCTCACACCTGTAATCCAGCACTTTGGGAGACCAAGGTGGGCAGATCACAAGGTCAGGAATTCGAGACCAGCCTGGCCAACATGGTGAAACTCCGTCTCTACTAAAAATATAAAAATTAGCCAGGCATGGTGGCTGTAATCCCAGCTACTTGGGAGGCTGTGGCAGGAGAATCTCTTGAAACTGAAAGGCGGAGGTTGCAGTAAGCCGAGATTGCACCACTGCACTGCAGCCTGGGTGAAACAACAAAACTCCATCTCAAAAAAAAAAAAAAAAAA","GGCCGGGCGCCATGGCTCACACCTGTAATCCCAGCACTTTGGGAGACCGAGGTGGGCAGATCACAAGATCAGGAGTTTGAGACCAGCCTGGTCAACATGGTGAAACCCCGTCTCTACTAAAAATATAAAAATTTGCCAGGCGTGGTGGCAAGTGGCTGTAATCCCAACTACTCGGGAGGCTGTGGCAGGAGAATCACTTGAAACTGGAAGACAGAGGTTGCAGTAAGCCAAGATCACACCACTGCACTCCAGCCTGGGTGAAACAGCAGAACTCCATCTCAAAAAAAAAAAAAAA"
"chr3","136997086","136997391","KN295872v1","222266","222568","51","136774820","GGCCAGGTGCAGTGGCTCACGCCTATAATCCCAACACTTTGAGAAGCCAAGGTGGGTGGATCATGAGGTCAGGAGTTTGAGACCAGCCTGGCCAACATGGTGAAACTCCTGTCTCTATTAAAAATACAAAAATTAGATGGGTGTGGTGGCAGGCGTCTGTAATCCCAGTTACTCAGGAGGCAGGAGAATTGCTTGAACTCAGAAGGCGGAGGTTGCAGTGAGCCAAGATTGCGCCACTGCACTCCAGCCTGGGCGATGACAGCGAAACTCCGTCTCGAAAAAAAAAAAGAGAGAGAGAGAGAAAAA","GGCCAGGCACGGTGGCTCACGCCTGTAATCCCAGCACTTGGGGAGGCCCAGGCGGGTGCATCAAGAGGTCAGGAGTTCGAGACCAGCCTGGCCAACATGGTGAAACCCCGTGTCTACTAAAAATACAAAAATCAGCCAGGCGAGGTGGCTGGCATCTGTAATCCCAGCTACTCAGAAAGCTGAGGCAGGAGAATTGCTTGAAACCGGAAGGCGGAGGTTGCAGTGAGCTGAGATTGCGCCACTGCACTCCAGCCTGGGCGAAAGAGTGAAACTCCATCTCAAAAGAAAAAAAAAAGAAAAGAA"
"chr3","138427069","138427378","KN295596v1","93475","93775","38","138333594","GGCCAGACGCCGTAGCTCATGCCTATAATCCCAGCACTTTGGGAGGCCAAGGTGGGCGGATCACGAGGTCAAGAGATCAAGACCATCCTGGCCAACATGGTGAAACCTCGTCTCTACTAAAAAGACAAAAAATTAGCTGGGCGTGGTGGTGCATGCCTGTGGTCCCAGCTACTCGGGAGGCTGAGGCAGGAGAATCGCTTGAAACCGGAAGGCGGAGGTTGCAGTGAGCCTAGATCGTGCCACTGCACTCCAGCCTGGGCAACAAGAGCAAAACTCTGTCTCAAAAATAAATAAATAAATAAAATAAAAA","GGCCGGGCGCAGTGGCTCACGCCTGTAATCTCAGCACTTTGGGAGGCCGAGGCGGGCGGATCTTGAGGTCAGGAGATCAAGACCAGCCTGGCTAACATGGTGAAACCCGTCTCTACTAAAAATACAAAAATTAGCTGGGCGTGGTGGCGGGCGCCTGTAATCCCAGCTACTCGGGAGGCTGAGGCAGGAGAATCGCTTGAAACCGGAAGGCAGAGGTTGCAATGAGCCAAGATCGTGCCACTGCACTCCAGCCTGGGCAACAAGAGCGAAACTCCATCTCCAAAAAAAAAAAAAAAAAGAA"
"chr3","138447986","138448293","KN296119v1","3459634","3459942","41","134988352","GGCCGGGTGTGGTGGCTCATGCCTGTAATCCCAACGCGTTGGGAGGCCGAGGCTGGTGGATCAGGAGTTCAGGAGTTCGAGACCAGCCTGGCCAACATGGTGAAACCCTGTCTCTGCTAAAAATACAAAAAATTAGCCAGGCGTGGTGGCAGGTGCCTGTAATCCCAGCTACTCGGGAGGCTGAGGCTGGAGAATCACTTGAACCCAGTGGGTGGAGGTTGCAGTGAGCCGAGATTGCACCATTGCACTCCAGCCTGGGCAACAAAAATGAAACTCGATCTAAAAAAAAAAAAAAAAAAAAAAAAAAA","GGCCAGGTGTGGTGGCTCACACCAGTAATCCCAGCACTTTGGGAGGCCAAGGCAGGCGGTGTATGAGGTCAGGAGTTTGAGACCAGCCTGGCCAACATGGTGAAACCCTGTCTCTACTAAAAATACAAAAATTAGCCAGGTGTGGTGGCGGGTGCCTGTAATCTCAGCTACTCAGGAAGCTGAGGCAGGAGAAGCGCTTGAAACAGGAAGGCGGAGGTTGCAATGAGCTGAGATTGCACCACTGCACTCCAGCCTGGGCAACAAGAGTGAAACTTCATATCAAAAAAAAAAAAAAAAAAAAAAAAAAAA"
"chr3","139350431","139350735","KN297313v1","656866","657157","41","138693565","GGCCAGGCATGGTGGCTCACGCCTGTAATCCCAGCACTTTGGGAGTCGGATTGCGGGGGGGGGGTGCGAATCCCGAGGTCAGGAGTTCAAGACCAGCCTGGCCAACATGGTGAAACCCCATCTCTACTAAAAATACAAAAATTAGCCAAGCGTGGTGGCGGGCGCCTGTAATCCCAGCTACTCATGAGGCTGAGGCAGAAGAATCACTTGAAACCAGAAGGTGGAGGTTGCAGTGAGCTGAGATCCCGCCACTGCACTTCAGCCTGGGCAAAAGGAGCGAAACTCCATTTCAAAAAAAAAAAAAA","GGCCAGGCACGGTGGCTCATGCCTGTAATCCCAGCACTTTGGGAGGCCGAGGTGGGTGGATCACGAGGTCAGGAGTTCGAGACCAGCCTGCCCAATATGGTGAAATCTCATCTCTACCAAAAATACAAAAAATTAGCCAGGCGTGGTGGCGGGCACCTGTAATCCCAGCTGCTCAGGAGGCTGAGGCAGGAGAATCACTTGAACCCAGAAGGCGGAGGTTGCAGTGAGCTGAGATCCTACCACTGCACTCCAGCCTGGGCGACAAGAGCAAAACTCCATTTCAAAAAAAAAA"
"chr3","142227775","142228081","KN295596v1","93475","93775","36","142134300","GGCCCTGTGCAGTGGCTCACGCTTGTAATCCCAGCACTTTGGGAGGCCGTGGCGGGCGGATCACGAGGTCAGGAGATCCAGACCATCCTGGCTAACATGGTGAAACCCCGTCTCTACTAAAAATACAAAAATTAGCTGGGCATGGTGGAGAGGGCCTGTAGTCCCAGCAACTTGGGAGACTGAGGCAGGAGAATCGCTTGAATCCGGGAGGCGGAGGTTGCAGTGAGCCGAGATCGCAGCACTGCACTCCAGCCTGGGCAAACAAGGGCAAAACTCCGTCTCAAAAAAGAAAAAAAAAAAAAAAGAA","GGCCGGGCGCAGTGGCTCACGCCTGTAATCTCAGCACTTTGGGAGGCCGAGGCGGGCGGATCTTGAGGTCAGGAGATCAAGACCAGCCTGGCTAACATGGTGAAACCCGTCTCTACTAAAAATACAAAAATTAGCTGGGCGTGGTGGCGGGCGCCTGTAATCCCAGCTACTCGGGAGGCTGAGGCAGGAGAATCGCTTGAAACCGGAAGGCAGAGGTTGCAATGAGCCAAGATCGTGCCACTGCACTCCAGCCTGGGCAACAAGAGCGAAACTCCATCTCCAAAAAAAAAAAAAAAAAGAA"
"chr3","142630471","142630771","KN295596v1","93475","93775","40","142536996","GGCTGGGTGCAGTGGCTCATGCCTGTAATCCCAGCACTTTGGGAGGCCGAGGTGGGCAGATCATGATGTCAGGAGTTCGAGACCAGCCTGGCCAACATGGTGAAACTCCATCTCTACTAAAATTACAAAAATTAGCCGGTCATGGTGGTGAGTGTCTGTAATCCCAGCTACTCAGGAGGCTGAGGTGGGAGAATTGCTTGAAACCAGAAGGTGGAGGTTGCAGTGAGCCAAGATCATGCCACTGCTCTCCAGTCTGGGCAACAACAGCAAAACTCTGTCTCAAAAAAGAAAAAAAAGAAAA","GGCCGGGCGCAGTGGCTCACGCCTGTAATCTCAGCACTTTGGGAGGCCGAGGCGGGCGGATCTTGAGGTCAGGAGATCAAGACCAGCCTGGCTAACATGGTGAAACCCGTCTCTACTAAAAATACAAAAATTAGCTGGGCGTGGTGGCGGGCGCCTGTAATCCCAGCTACTCGGGAGGCTGAGGCAGGAGAATCGCTTGAAACCGGAAGGCAGAGGTTGCAATGAGCCAAGATCGTGCCACTGCACTCCAGCCTGGGCAACAAGAGCGAAACTCCATCTCCAAAAAAAAAAAAAAAAAGAA"
"chr3","143747124","143747425","KN295284v1","18157","18458","38","143728967","GGCCAGGCAGGGTGGCTCACGCCTGCAATCCCAGCACTTTGGGAGGCTGAGGTGGGCGGATCATGAGGTCAGGAGTTTGAGACCAGCCTGGCCAACATGGTGAAACCCCGTCTCTACTAAAAATACAAAAACCACCTGGGTGTGGTGGCAGGTGCCTGTAATCCCAGCTACTTGGGAGGCTGAGGCAGGAGAATTGCTTGCTACTGGAAGGTGGGGGTTGCAGTGAGCTGAGGTTGCACCTCTGCCCCCCAGCCTGGGCAACAAGAGTGAAACTCCATCTCAAAAAAAAAAAAAAAAAAAAA","GGCCGGGCCTGGTGGCTCACGCCTGTAATCCCAGCACTTTGGGAGGCCGAGGCGGGTGGATCACGAGGTCAGGAGTTCGAGACCAACCTGGCCAAGATGGTGAAACCCCGTCCCTACTAAAAATACAAAAATTAGCTGGGTGCGGTGGCAGGTGCCTGTAATCCCAGCTACTTGGGAGGCTGAGGCAGGAGAATCGCTTAAAAACGGGAGGCAGAGGTTGCAGTGAGCTGGGATCACGCCACTGCACTCCAGCCTGGGCAACAAGAGTGAAAACTGCATGTCAAAAAAAAAAAAAAAAAAAA"
"chr3","148889590","148889890","KN297313v1","689309","689614","30","148200281","GGCCAGGCCTGGTGGCTCACTTTTGTAATCCTAGCACTTTGGGAGGCTGAGGAGGGCGGATCACAAGGTGAGGAGTTTGAGACCAGTCTGGCCAACATGGTGAAACCCCATCTCTACTAAAAATACAAAAATTAGCTGGGCGTAATGGTGGGCACCTGTAATCCCAGCTACTCAGAAGGCTGAGGCAGGAGAATCACTTGAAACCAGAAGGCGGAGGTTGCAGTGAGCCAAGATCACGCCACTGCACTTCAGCCTGGGTGAAAGAGCAAAACTCCATCTCAAAAAAAAAAAAAAAAAAGAA","GGCCAGGCATGGTGGCTCACTTTCGTAATCCCGGCACTTTGGGAGGCTGAGGTGGGTGGATCACAAGGTCAGGAGTTTGAGACCAGTCTGGCCAACATGGTGAAACCCCGTCTCTACTAAAAGTACAAAAATTAGCTGGGCGTGGTGGTGGGAACCTGTAATCCCAGGTACTCAGGAGGCTGAGGCAGGAGAATCACTTGAAACTGGAAGGCGGAAGTTGCAGTGAGCCAAGATGGCACCATTGCGCTCCAGCCTGCGTGAAAGAGCAAAACTCCATCTCAAAAAATAAATAAATAAATAAATAAA"
"chr3","150835941","150836242","KN296620v1","639622","639929","39","150196319","GGCCGGGCACGGTGCTCATGCCTGTAATCCCAGCACTTTGGGAGGCCAAGGCAGGCGGATCACGAGGCCAAGAGACTGAAACCATCCTGGCCAACATGGTGAAACCCTGTCTCTACTAAAAATTCAAAAATTAGTTGGGCATGGTGGCGCATGCCTGTAATCCCAGCTATTCGGGAGGCTGAAGTAGAAGAATCACTTGAAACCGGGATGCAGAGGTTGCAGTGAGCCAAGATTGTGCCATTGCACTCCAGCCTGGGCAGCAAGAGCCAAACTCTGTCTCAAAAAAGGAAAAAAAAAAAAAA","GGTTGGGCACAGTGGCTCACACCTGTAATCCCTGCACTTTGGGAGGCCAAGGAAGGCAGATCACAAGGTCAAGAGATTGAGACTATCCTAGCCAACATGGTGAAACCCCATCTCTACTAAAAATACAAAAACTAGCTGGGCATGGTGGCGCGTGCCTGTAATCCCAGCTATTTGGGAAGCTGAGGTAGGAGAATCACTTAAAACCAGGAGGCGGAGGTTGCAGTGAGCCAAGATTGTGCTATTGCACTCCTGCCTGGGCAAGAAGAGCAAAACTCTGTCTCAAAAAAGGAAAAAAAGAAAAAACAAAA"
"chr3","153004484","153004780","KN296884v1","227077","227352","40","152777407","GGCCGGGCACGATGGCTCAAGTCTGTAATCCCAGCACTTTGGGAGGCTGAAGTGGGCGGATCAAGAGGTCAGGAGTTCCAGACCAGCCTGGCCAACATGGTGAAACTCCATCTCTACTAAAAATACAAAAATTAGCTGGGCATGGTGGCGGGCACCTGTAATCCCTGGAGGCTGAGACAGAAGAATTGCTTGAACCCAGAAGGTGGAGGTTGCCATGAGCCAAGATTGTGCCACTGCACTTCAGCCTGGGCAACAGAGCAAAGCTCCGTCTTGAAAAAAATAAAAAAGAAAAGAAAA","GGCTGGGCACGGTGGCTCAAATCTGTAATCCCAGCACTTTGGGAGGCTAAAGTGGGAGGATTACAAGGTCAGGAGTTCCAGACCAGCCTGGCCAACATGGTGAAACTCTATCTCTACTAAAAATACAAAAATTAGCTGGGTGTGGTGGCGGGCACCTATAGTCCCCGGAGGCTGAGACAGAAGGCGGAGGTTGCCATGAGCCAAGATTGCACCACTGTACTTCAGCCTGGGCAACAGAGCAAAGCTCCGTCTTGAAAGAAAGAAAAGAAAAGAAAA"
"chr3","155186633","155186923","KN296187v1","2285051","2285343","41","152901582","GGCTGGGCAGAGTGGCTCACACCTGTAATCCCAGAACTTTGGGATCACGAGGTCAGGAATTCAAGACCAGCCTGGCCAACATGGTGAAACCCTGCCTCTACTAAAAATACAAAAATTAGCCAGGTGTGATGGTAGGTGCCTGTAATCCCAGCTACTCGGGAGGCTGAGGCAGGAGAATTGCTTGAAACTGGAAGGCAGAGGTTGTAGTGAGCCGAGATCATGCCACTGCACTCCAGCCTGGGGGAAAGAGCAAATCTCCGTCTCAAAAAAAAAAAAAAAAAAGAAAAAAAA","CCAAGTGCGGTGGCTCACCCCTGGAATCCCAGCACTCTGCGATCACAAGGTTAGGAGTTCAAGACCAGCCTGGCCAACATGGTGAAACCTCGTCTCTACTAAAAATCCAAAAATTAGCCAGGCGTGGTGGCTGGTGCCTGTGATCCCAGCTACTCGGGAGGCTGAGGCAGGAGAATCGCTTGAAACCGGAAGGCAGAGGTTGCAGTGAGCCTAGATCACGCCACTGCACTCCAGCCTGGGCAACAAAAGCGAAATTCCTTCTCAAAAAACAAAACAAAACAAAAAAACAAAAA"
"chr3","160534827","160535021","KN296108v1","889549","889745","24","159645278","GGCCGGGCGAGGTGGCTCACACCTGTAATCCCAGCACTTTGGGAGGCCGAGGTGGGCGGATCGTGAGGTCAGAAGTTTGAGACCAGCCTGGCCAACATACTGAAACCCCGTCTCTACTAAAAATACAAAAATTAGCCCAGCATGGTTGTGGGCACCTGTAATTCCAGCTACTTGGGAGGCTGAGGCAGGAGAATC","GGCTGGGCACGGTGGCTCACGCCTGTAATCCTAGCACTTTGGGAGGCCGAGCCGGGCGGATCATGAGGTCAGGAGTTTGAGACCAGCCTGGCCAATATAGTGAAACCCCATCTCTACTAAAAATACAAAAATTAGCTGAGCGTGTTGGCGGTCACCTGTAATTCCAGATACTCGGGAGGCTGAGGCAGTAGAATCGC"
"chr3","160936130","160936390","KN296119v1","1075327","1075583","31","159860803","GGCCAGGCACAGTGGCTCATGCCTGTAATCCCAGCACTTTGGGAGGCCGAGGTGGGTGGATCACGAGGTTAGGAGTTTGAGACCAGCCTGGCTAACATAGTGAAACCCCATCTCCACTAAAAATACAAAAAATATTAGCCGGGCGTGGTGGTGGGCACCTGTAATCCCAGCTACTCAGGAGGCTGAGGCAGGAGAATCGCTTGAACCTGGAAGGCGGAGGTTGCAGTGAGTCGAGATTGTGCCACTGCACTCCAGCCTGGG","GGCTGGGCACAGTGTTTCATGCCTGTAATCCCAGCATTTTGGGAGGCTGAGGTGGGCGGATCACAAGGTCAGGAGTTTGAGACCAGCCTGGCCAACACGGTGAAACCCCATCTTTACTAAAAATACAAAAATTAGCTGGGCATGGTGGCGGGCACCTGTAATCCCAGCTACTGGGGAGGCTGAGGCAGGAGAATCATTTGAACCTGGAAGGCGGAAGTTGCAGTGAGCCAAGATCATGCCATTGCACTCCAGCCTGG"
"chr3","166984893","166985156","KN295405v1","293870","294142","53","166691023","GGCCAGGCGCCGTGGTTCACGCCTGTAATCCCAGCACTTTGGGAGGCTGAGGCGGGTGGATCACAAGGTCAGGAATCCAAGACCAGCCTGGCCAACATGGCGAAACCCCGTCTCTACTAAAGACACAAAAATTTAGCCAGGCTTACTGACAGGTGCCTGTAATCCCGGCAACTCCGGAGGCTGAGGCAGGAGAATCGCCTGGGCAGAGATTGCGGTGAGCCGAGATCACACCATTGCACTTCAGCCTGGGCAACAAGAGCAAAA","GCTGGATGCAGTGGCTCATGCCTATAATCCCAGCACTTTGGGAGGCCAAGGCGGGTGGATCACGAGGCCAGGAATTTGAGACCAGCCTGACCAACATGGTGAAACCCCGTCTCTACTAAAAATACAAAAATTAGCTAGGCATGGTGGCGGGCACCTGTAATCCCAGCTACTCAGGAGGCTGAGGCAGGAGAATCCCTTGGAACCAGGAGGCAGAGGATGCAGTGAATCGAGATCACGCCATTGCACTACAGCCTGGGCAACAGAGCAAAACTC"
"chr3","168318556","168318850","KN295633v1","1436393","1436685","37","166882163","GGCTGGGTGCAGTAGCTCACACCTGTAATCCCAGCACTTTGGGAGGCAGAGGCGGGCAGATCATGAGGTCAGGAGTTCGAGACCAGCCTGACCAATGTGGTAAAACCCCGTCTTTACTAAAAATACAAAAATTAGCCAGACGCGGTGGCGGGCGCCTGTAATCCCAGCTACTAAGGAGGCTGAGGCAGGAGAATCACTTGGAACTGGAAGGCAGGGGTTGCAGTGAGCCGAAATCGTGCCACTGCACTCCATCATGGGTAACAAGAGCGAAACTCCGTCTCAAAAAAAAAAAAAA","CTGGGTGTGGTGGCTCACACCTGTAATCCCAGCACTTTGGGAGGCCGAGGCGGGTGGATCATGAGGTCAAGAGTTTGAGACCAGCCTGGCCAACATGGTGAAACCCCGTCTCTACTAAAAATACAAAAATTAGCCAGGCGTGGTGGCAGGCACCTGTAATCCCAGTTACTCAGGAGGCTGAGGCAGGAGACTCGCTTGAAACTGGAAGGCGGAGGTTGCAGTGAGCCGAGATCACGACACTGCACTCCAGCCTGAGCAACAAGAGCAAAACTCCGTCTCAAAACAAAACAAAA"
"chr3","174527239","174527538","KN295708v1","2568139","2568437","39","171959100","GGCTGGGCGCAGTGGGTCAGGCCTGCAATCCCAGCACTTTGGGAGGCTGAGGCAGGTGGATCACAAGGTCAGGAGTTAGAGAACAGCCTGGCCAACATGGTGAAACTCTGTCTCTACTAAAAATACAAAAATTAGCTAGGTGTGGTGGCACATGACTGTAATCCCAGCTACTCGGGAGGCTGAGGTAGGAGAATCATTTGAATCTGGGAGGCAGAGGTTGCAATGAGCTGAGATTGCGCCATTGCACTCTAGCCTGGGCAACAAGAGTGAAACTCCATCTCAAAAAAAAAAAAAAAGAAA","GGCCGGGTGTGGTGGCTCATGCCTGTAATCCCAGCACTTTGGGAAGCCGAGGCAGCTGGATCACAGGGTCAGGAGTTCGAGACCAGCCTGGCCAACATGGTGAAACCTCGTCTCCACTAAAAATACAAAAATTAGCTGGGTGTGGTGGCGCATGCCTGTAATCCCAGCTACTCAGGAGGCTGAGGCAGGAGAATCACTTGAAACCAGAAGATGGAGGTTGTGGTGAGCCAAGATTGTGCCATTGCACTCCAGCCTGGGCAACAAGAGTGACACTCTATCTCAAAAAAAAAAAAAAAAAA"
"chr3","174759704","174759998","KN295090v1","2859031","2859321","37","171900673","GGCCGAGCACAGTGGCTCATGCCTGTAATCCCAGCACTTTGGGAGGCAGAGGCGGGCAGATCACAAGGTCAGGAGTTCGAGACCAGCCTGGCCAACATGGCAAAACCCCATGTCTACTGAAAATACAAAAATTAGCTGGGTGTGGTGGCAGGTGCCTGTAATCCCAGCTACTCGGGAGGCTGAGGCAGGAGAATCACTTGAACCTGGAAGTTGGAGGTTGCAGGGAGCCAAGATAATGCCGTTGCACTCCAGCCTGGGCAACAAGAGCAAGACTCCATCTCAAAAAAAAAAAAAA","GGCCAGGCACAGTGGCTCACACCTGTAATCCCAGCACTTTGGGAGGCCAAGGCAGGCAGATTATAAGATCAGGAGTTCGAGACCAGCCTGGCCAACATGGTGAAACCCTGTCTCTACTAAAAATACAAAAATTAGCCGGGCGTGGTGGCAGGTGCCTGTAATCCCAGATACTCGGGAGGCTGAGGCAGGAGAATCACTTGAATCCGGGAGGCAGAGGTTGCAGTGTGCCGAGATCATGCCACTGCACTCCAGCCTGGGCAACAAGAGCTAAACTCCATCTCAAAAAAAAAA"
"chr3","178556401","178556704","KN294251v1","1428406","1428702","36","177127995","GGCAGGGCGAGGTGGCTTACACCTGTAATCCCAGCACTTTGGGAGGCCGAGGTGGGTGGATCACGAGGTCAGCAGTTCAAGACCACTCTGACCAACATGGTGAAACCCCATCTCTACTAAAAATACAAAAAAATTAGCTGGGCGTGGTGGCAGGCGCCTGTAATCCCAGCTACTTGGGAGGCTGAGGCAGGAGAATTGCTTGAAACCGGAAGGCGGAGGTTGCAGCAAGCCAAGATTGTGCCATTGCACTCTAGCCTGGTCAATAAGAGCAAAACTCCATCTCAGAAAAACAACAACAAAAAAA","GGCTGGGCGCGGTGGCTCACTGCTGTAATCCCAGCACTTTGGGAGGCTGAGGCGGGTGGATCACGAGGTCAGTAATTCGAGACCAGCCTGACCAACATGGTGAAACCCCGTCTCTACTAAAAATACAAAAAAATTAGCTGGGCGTGGTGGCAGGCGCCTGTAACCCCAGCAATTTGGGAGGTTGAGGCAGGAGAATCACTTGATACCGGAAGGCAGAGGTTGCACTGAGCCAAGATTGCGCCACTGCACTCTAGCCTGGGCAATAAGAGCAAAACTCTGTCTCAAAAAAAAAAAAAA"
"chr3","179245522","179245798","KN297230v1","1161323","1161602","41","178084199","GACCAGGAGCCGTGGCTCACGCCTGTAATCCCAGCACTTTGGGAGGCCAAGGTGGGAGGATGACGAGGTCAGGAGTTCAAGGCCAGCCAGGCCAATGCGGTGAAACCCCATCTCTACTAAAAATACAAAAAATTAGCTGGGCGTGATGGTGCGCACCTGTAATCCCAGCTACTCAGGAGGCTGAGGCAGGCGAATCGCTTGAAACCAGAAGGCGGAGGTTGCAGTGAGCCGAGATTGCACCACTCCAGCCTGGGCAACAAGAGCGAAACTCCATCCC","GGCCAGGCGCGGTGGCTCACACCTGTAATCCCAGAACTTTGGGAGGCTGGGGTGGGCAGATCACGAGGTCAGGAGTTCGAGATCAGCCTGGCCAACATGGTGAAACCCCGTCTCTACTAAAAATACAAAACTTAGCTGGGCATGATGGTGGGTGCCTGTAATCCCAGCTACTTGGGAGGCTGAGGCAGGAGAATCGCTTGAAATCGGAAGGCGAAGGTTGCAGTGAGCTGAGATCGTGCCACTGCACTCCAACCTGGGGAACAAGAGCGAAACTCCATCT"
"chr3","179377783","179378075","KN294433v1","277171","277464","27","179100612","GGCTGGTTGCGGTGGCTCCCGCCTTTAATCCCAGCACTTTGGGAGGCTGAGGCGGACGGATCACGAGGTCAGGAGTTCGAGACCAGCCTGACCAACATGGTGAAACCCTGTCTACTAAAAATACAAAAAAAAAATTAGCCGGTGGCAGGCGCCTGTAATACCAGCTACTCTGGAGGCTGAGGCGGGAGAATCGCTTGAAACCGGAAGGCAGAAGTGGCAGTGAGCCAAGATCACACCACTGCACTCCAACCTGGGCAACAAGAGCAAAACTCTATCTCAAAAAAAATAAAAAA","GGCTGGGCGGTAGCTCGTGCCTGTAATCCCAGCACTTCGGGAGACTGAGGTGGACGGACCACGAGGTCAGGAGTTCGAGACCAGCCTGACCAACATGGTGAAACCCTGTCTCTACTAAAAATACCAAAAAAAAATTAGCCAGTGGCAGGCGTCTGTAATCCCAGCTACTTGGGAGGCTGAGGCAGGAGAATCGCTTGAAACCGGAAGGCAGAAGTTGCAGTGAGCCAAGATCACGCCACTGCACTCCAGCCTGGGCAGCAAGAGCAAAACTCCATCTAAAAAAAAAATAACAAA"
"chr3","181733908","181734208","KN295596v1","93475","93775","43","181640433","CCAAGCGCGGTGGCTCACGCCTGTAATCCCAGCACTTTGGGAGGCCAAGGCGGGTGGATCACGAGGTCAGGAGTTCAAGGTCAGCCTGGCCAATGTGGTGAAACCCCGTCTCTACTAAAAAATAAAAAACTTAGCCGGGCGTGTTGGTGGGCGCCTGTAATCCCAGCTACTCAGGAGGCTGAGGCAGAAGAATCACTTGAAACCAGAAGGCGGAGGTTGCAGTGAGCCGAGATCGTGCCACTGCACTGTAGCCTGGGTGAAAAAGCAAAACTCCGCCTCAAAAAGAAAAACAAAAAAAAAA","GGCCGGGCGCAGTGGCTCACGCCTGTAATCTCAGCACTTTGGGAGGCCGAGGCGGGCGGATCTTGAGGTCAGGAGATCAAGACCAGCCTGGCTAACATGGTGAAACCCGTCTCTACTAAAAATACAAAAATTAGCTGGGCGTGGTGGCGGGCGCCTGTAATCCCAGCTACTCGGGAGGCTGAGGCAGGAGAATCGCTTGAAACCGGAAGGCAGAGGTTGCAATGAGCCAAGATCGTGCCACTGCACTCCAGCCTGGGCAACAAGAGCGAAACTCCATCTCCAAAAAAAAAAAAAAAAAGAA"
"chr3","182948769","182949073","KN296036v1","2069904","2070203","25","180878865","GCCAGGCGGGGTGGCTCACACCTGTAATCCCAGCACTTTGGGAGGTTGAGTCGGGCAGATCACAAGGTAAGGAGTTCAAGACCAGCCTGGCCAACATGGTGAAACCCCATCGCTACTAAAAACACAAAAATTAGCTGGGCATAGTGGCGGGCACCTGTAATCCCAGCTACTCGGGAGGCTGAGACTAGAGAATCGCTTGAAACCGGAAGGCGGAGGTTGCACTGAGCCAAGATCACACCACTCCACTCCAGTCTGGGCAAGAAAAGCAAAACTCCGTCTCAAAAAAAAAAAAAACAAGGAACAAA","GCCGGGCACAGTGGCTCACACCTGTAATCCCAGCACTTTGGGAGGCCGAGTCAGGCAGATCACAAGGTAAGGAGTTGAAGACCAGCCTGGCCAACATCATGAAACCCCATCTCTACTAAAAATACAAAAATAGCTGGGCATAGTGGCGGGCGCCTGTAATCCCAGCTACTCGCGAGGCTGAGGCAATAGAATCGCTTGAAACCGTAAGGTGGAGGTTGCACTGAGCCAAGATCACACCACTCCACTCCAGTCTGGGCAAGAAAAGCAAAACTCCGTCTCAAAAGAAAAAAAAAGAACAAA"
"chr3","183288482","183288779","KN296036v1","1711549","1711844","36","181576933","GGCCGGGCGCGGTGGTTCACGCCTGTAATCCCAGCACTTTGGGAGGCCGAGGTGGGAAGATCACGAGGTCAGGAGTTTGAGACCAGTCTGGCTAGCATGGTGAAACCTTGTCTCTACTAAAAATACAAAAATTAGATGGGCGTGGTGGCAGATGCCTGTAATCCCAGCTACTCAGGAGGCTGAGGCAGGAAAATTGCTTGAAACTGGAAGTTGGAGGTTACAGTGAGCAGAGACTGTGCCACTGTACTCCAGCCTGGGCAACAGAGCGAAACTATGTCTCAAAAAAAAAAAAAAAAAA","GCCGGGCGCGATGGTTCACACCTGTAATCCCAGCACTTTGGGAGGCCGAGGAGGGCAGATCACGAAGTCAGGAGTTTGAGACCATCCTGGCCAACATGGTGAAACCCTGTCTCTACTGAAAATACAAAAATTAGATAAGCGTGGTGTCGGACGCCTGTAGTCCCAGCTACTTGGGAGGCTGAGGCAGGAGAATCACTTGAAACTGGAAGGTGGCAGTTACAGTGAGCCAAGATTGTGCTGCTGCACTCCAGCCTGGGCAACAGGGCGAAACCACGTCTCAAAAAAAAAAAAAAAAA"
"chr3","183911564","183911754","KN296964v1","846687","846878","34","183064877","GGCCAGGCATGGTGGCTCACACCTGTAATCCCAGCACTTTGGGAGGCTGAGGTGGGCGGATCAGGAGTTCAAAACCAGCCTGGCCAACATGGTGAAACTCCATGTCTATTAAAACTACAAAAATTAGCTGGGCGTGGTGGTGGGCGCCAGTAATCCCAGCACTTGGTACTCGGGAGGCTGAGGCAGGAGAA","GCCAGGTGTGGTGGCTCACACTTGTAGTCCCAGCACTTTGGGAGGCAGAGGTGGGCGGATCAGGAGGTCAAGAGTTCGAGACCAGCCTGACCAGCATGGTGAAACCCCGTCTCTACTAAAAATACAAAAACTAGCCGGGCGAGGTGGCGGGCGCCTGTAGTCCCAGCTACTCGGGAGGCTGAGGCAGGAGAA"
"chr3","183916421","183916734","KN294591v1","117407","117721","40","183799014","GGCCAGGCGTGGTGGCTCACACCTGTAACCCAGCACTTTGGGAAGCCAAGGTGGGCAGATCATGAGGTCAGGAGTTCGAGACCAGCCTGGCCAACATGGTGAAACCCTGTCTCTACTGAAAATACAAAATACAAAAATTAGCCAGGCGTGGGGGCAGGCACCTGTAATCCCAGCTACTTGGGAGGCTGAGGCAGGAGAACCACTTGAAACCGGAAAATAGAGGTTGCAGTGAGTTGATTGTGCCACTGCACTCCAGCCTGGGCAACAAGAGTGAAACTCTGTCTCAAAAAAAAAAAAAAAAAAAAAAAAAAAAA","GGCAGGGCGTGGTGGCTCACACCTGTAATCCCAGCACTTTGGGAGGCCAAGGCAGGTAGATCATGAGGTCAGGAGTTTGAGACCAGCCTGGCCAACATGGTGAAACCCTGTCACTACTAAAAATACAAAATTAATTAGCTGGGCGTGGTGGCAGGCACCTGTAATCCCAGCTACTTGGGAAGCTGAGGCAGGAGGATCACTTGAAACTGGAAGGTGGAGGTTGCAGTGAGCTGAGACGGTACCACTGCACTCCAGCCTGGGCGAAAGAGCAAAACTCTGTCTCAAAAAACAAAACAAAACAAAACAAAAACAAAA"
"chr3","184790758","184791046","KN296062v1","313219","313514","28","184477539","GGCTGGGCGCAGTGGCTCACGCCTGAAATCCCAGCACTTTGGGAGGCCGAGGCAGGTGGATCACCAGGTCAGCAGTTTGAGACCAGCCTGGTCAACATGGTGAAACCCCGTCTCTACTAAAAATACAAAAAAAATAGCTGGGCGTGGTGGCGGGCGCCTGTAATCCCAGCGACTTGGGCGGCCGAGGCAGGAGAATCGCTTGAAACCGGAAGGTGGAGGTTGCAGTGAGCTGAGATTGCGCCACTGCACTCTAGCCTGGGCAATAAGAGCAAAACTCCGTCTCAAAAAA","GGCCGGGCGCGGTGGCTCATGCCTGCAATCCCAGCACTTTGGGAGGCCGAGGCAGGTGGATCACGAGGTCAGCAGTTTCAGACCAGCCTGATCAACATGGTGAAACCCCATCTCCACTAAAAATACAAAAAAATTAGCTGGGCGTGGTGGCGGGCACCTGTAATCCCAGCGACTTGGGAGGCTGAGGCAGGAGAATCACTTGAAACCAGAAGGCAGAGGTTGCAGTGAGCCGAGATTGCACCACTGCCCTCTAGCCCGGGCAATAAGAGCAAAACTCCGTCTCAAAAAAAAAAAAA"
"chr3","188665449","188665760","KN297390v1","1258274","1258584","38","187407175","GGCCGGGCGAGGTGGCTCATGCCTGTAATCCCAGCACTTTGGGAGGCCGAGGCAGGCAGATCACGAGGTCAGGAGTTTGAGACCAGCCTGGCCAGCATGGTGAAACCCCAACTCTACTAAAAAAAATACAAAAATTAGCCTGGTGTGGTGACAGGTGCCTGTAATCCCAGCTCCTCGGGAGGCTGAGGCAGGAGAATCGCTTAAAACTGGAAGGTGGAGGTTGCAGTGAGCCGAGATTGTACCACTGCACTCCAGCCTGGGCAACAAGAGCAAAACTCCATCTCAAAAAAAAAAAAAAAAGAAGAAGAAGAA","GGCCGGGCGCAGTGGCTCACACCTGTAATCCCAGTCCTTTGGGAGGCCGAGGCAGGAGGATCACGAGGTCAGGAGTTCGAGACCAGCCTGGCCAACATGGTGAAACCCCGTCTCTACTAAAAATACAAAAATTAGCCGGGTGTGGTGGCATCTGCCCATAATTCCAGCTACTCGAGAGGCTGAGGCAGGAGAATCTCTTGAAACTGGAAGGTGGAGGTTGCAGTGAGCTGAGATTGTATCACTGCACCCCAGCCTGAGCAACAAGAACTAAACTCTGTCTCAGAAAAAAAAAAAAAAGAAAGAAAAAAGAA"
"chr3","192338182","192338342","KN297038v1","2559569","2559728","16","189778613","GGGAGGCCGAGACAGGTGGATCACAAGGTCAGGAGTTCGAGACCAGCCTGGCCAACACAGTGAAACCCCGTCTCTACTAAAAATACAAAAATTAGCTGGGTTGTGGTGGCAGGCGCCTATAATAGCAGCTACTCTGGAGGCTGAGGCAGGAGAATTGCTTG","GGGAGGCCGAGACAGGTGGATCACAAGATCAGGAGTTCGAGACCAGCCTGGCCAACACAGTGAAACTCCATCTCTACTAAAAGTACAAAAACTAGCTGGGTGTGATGGTGGGTGCCTGTAATACCAGCTACTTGGGAGGCTGAGGCAGGAGAATCACTTG"
"chr3","195294305","195294608","KN294987v1","494557","494865","37","194799748","GGCCGGGCACGGTGGCTCAAATCCCAGCACTTTGGGAGGCCGAGGTTGGTGGATCACAAGGTCAGGAGTTCGAGACCAGCCTGGCCAATGTGGTGAAACCTCGTCCCTACTAAAAACACAAAAATTAGCTGGGCGTGGTGGTGGGCGCCTGTAATCCCAGCTACTCGGGAGGCTGAGGCAGGAGAATCACTTGAAACTGGAAGGCGGAGGTTGCAGTGAGCCAAGATCGTACCGCTGCACTCCAGCCTGGGCAGTAAGAGTGAAACTCCATCTCAAAAAAAAAAGAAGAAAAAAAAAAAAAAAA","GGCCGAGCACAGTGGCTCACGCCTGTAAGCCCAGCACTTTGGGAGGCCGAGGTGGGTGGATCACGAGGTCAGGAGTTCGAGACCAGCCTGGCCAATGTGGTGAAACCTCGTCTCTACTAAAAATACAAAAATTAGCTAGGCTTGATGGCGGGCGCCTGTAATCCCAGCTACTCGAGAGGCTGAGGCAGGAGAATCACTTGCAACTGGAAGGCAGAGGTTGCAGTGAGCCAGGATCAAGCCACTGCACTCCACCCTGGGTGAAAGAGCAAAACTCTGTCTCCAAAAAAAAAAAAAAAAAAAAAAAAAAAA"
"chr3","196068331","196068638","KN297205v1","196973","197282","43","195871358","GGCCAGGAGTGGTGGCTCACGCCTGTAATCCCAACACCTTGCAAGGCTGAGGCAGGGGGATCACAAGCTCAGGAGTTCGAGACCAGCCTGGCCAACATGGTGAAACCCTGTCTCTACTAAAAATACAAAAATTAACTGGGCGCAGTGGCTGGCGCCTGTATTCCCAGCTATTTGGGAAGCTGAGGCAGGAGAATCGCTTGAAACCATAAGGCAGAGGTTGCAGTGAGCCAAAATTGCGCCACTGCACTCCAGCCTGGACAAAAGAGCAAAACTCCCTCTCAAAAAAAAAAAAAAAAAAAAAAAAAGAA","GGCCAGGCGCGGTGGCTCACACTTGTAATCCCAGCACTTTGGGAGGCTGAGGCAGGCAGATCACAAGGTCAGGAGTTTGAGACCAGCCTGCCCAACATGGTGAAACCCCGTCTCTACTAAAAATACAAAAATTAGTTGGGCATGGTGGCAGGCACCTGTAATCCCAGCTACTTGGGAGGCTGAGGCAGGAGAATCACTTGAAACTGGAAGGCGGAGGTTGCAGTGAGCCGAAATCACGCCATTGCACTCCAGCCTAGGCTACAAAGCAAGACTCCATCTCAAAAAAAAAAAAGAAAAGAAAAGAAAAGAA"
"chr3","197690158","197690453","KN295633v1","1436393","1436685","38","196253765","GGCCTGGCGTGGTGGCTCACTCCTGTAATTCCAACACGTTGGGAGGCCGAGGCAGGCAGATGACGAGGTCACGAGTTTGAGACCAGCCTGGCCAACATGGTGAAACCCTGTCTTTACTAAAAATACAAAAATTAGCCAGGTGTGGTGGCAGCTGCCTGTAGTCCCAGCTACTTGGGAGGCTGAGGCAGGAGAATTGCTTGAAACCGGAAGGCAGAGGTTGCAGTGAGCCGAGATTGCGCCATTGCACTCCAGCATGGGCAACAAGAGCGAAACTCCGTCTCAAAAAAAATACAAAA","CTGGGTGTGGTGGCTCACACCTGTAATCCCAGCACTTTGGGAGGCCGAGGCGGGTGGATCATGAGGTCAAGAGTTTGAGACCAGCCTGGCCAACATGGTGAAACCCCGTCTCTACTAAAAATACAAAAATTAGCCAGGCGTGGTGGCAGGCACCTGTAATCCCAGTTACTCAGGAGGCTGAGGCAGGAGACTCGCTTGAAACTGGAAGGCGGAGGTTGCAGTGAGCCGAGATCACGACACTGCACTCCAGCCTGAGCAACAAGAGCAAAACTCCGTCTCAAAACAAAACAAAA"
"chr4","280310","280593","KN295090v1","2859031","2859321","57","2578721","GGCCAGCTGCAGTGGCTCACACCTGTAATCCCAGCACTTTGGAAGGCTGAGGCAGGTGGATCTCAAGGTCAGGAGTTCGAGACCAGCCTGACCATCTCTACTAAAAATACAAAACAAAAAAATTAGCCGGGTGTGGTGGCTGGCGCATGCCTGTAATCCCACCTACTCGGGAGGCTGAGGCAGGAGAATTGCTTGAATCCGAGAGGCAGAGGTTGCAGTGAGCTGAGATGGTACCATTGCACTCCAGCCTGGGCAACAAGAGCAAAAAATTCTGCCAAAAAAAA","GGCCAGGCACAGTGGCTCACACCTGTAATCCCAGCACTTTGGGAGGCCAAGGCAGGCAGATTATAAGATCAGGAGTTCGAGACCAGCCTGGCCAACATGGTGAAACCCTGTCTCTACTAAAAATACAAAAATTAGCCGGGCGTGGTGGCAGGTGCCTGTAATCCCAGATACTCGGGAGGCTGAGGCAGGAGAATCACTTGAATCCGGGAGGCAGAGGTTGCAGTGTGCCGAGATCATGCCACTGCACTCCAGCCTGGGCAACAAGAGCTAAACTCCATCTCAAAAAAAAAA"
"chr4","2779506","2779706","KN296042v1","491486","491687","25","2288020","GGCCAGGTGTGGTGGCTCACGCCTGTAATCTCAGCACTTTGGGAGGCCGAGGCAGGCGGATCATGAGGTCAGGGGTTCGAGACCAGCCTGGCCAACATGGTGAAACCCCGTCTCTACTAAAAATACAAAACTTAGCCAGCGTGGTGGCAGATGCCTGTAATCCCAGCTACTTGGGAGACTGAGGCATGAGAATTGCTTGAA","GGCCAGGAGCGGTGGCTCACGCCTGTAATCCCGGCACTTTGGGAGACTGAGGCAGGCAGATCATGAAGTCAGGAGTTCGAGACCAGCCTGGCCAACATGGTGAAACCCAGCCTCTACTAAAAGTACAAAAATTAGCCGGGCATGGTGTCAGATGCCTGTAATCCCAGGTACTCAAGAGGCTGAGGCAGGAGAATCGCTAGAA"
"chr4","3199261","3199556","KN294251v1","1428406","1428702","35","1770855","GGCCAGGCACGGCGGCTCACGCCTTAATCCCAGCACTTTGGGAGGCTGAGGCGGGTGGATCACGAGCTCAGGAGTTCAAGACCAGCCTGGCCAACATGGTGAAACCCCCTCTATACTAAAAATACAAATATTAGCTGGGCGTGGTGGCAGGCGCCTGTAATCCTAGCTACTTGGGAGGCTGAGGCAGGAGAACAGCTTGAAACCGGAAGGTGGAGTTTGCAGTGAGCCAAGATTGCGCCACTGCACTCCAACCTGGGCAACAAGAGCAAAACTCTATCTCAAAAAAAAAAAAAAAA","GGCTGGGCGCGGTGGCTCACTGCTGTAATCCCAGCACTTTGGGAGGCTGAGGCGGGTGGATCACGAGGTCAGTAATTCGAGACCAGCCTGACCAACATGGTGAAACCCCGTCTCTACTAAAAATACAAAAAAATTAGCTGGGCGTGGTGGCAGGCGCCTGTAACCCCAGCAATTTGGGAGGTTGAGGCAGGAGAATCACTTGATACCGGAAGGCAGAGGTTGCACTGAGCCAAGATTGCGCCACTGCACTCTAGCCTGGGCAATAAGAGCAAAACTCTGTCTCAAAAAAAAAAAAAA"
"chr4","3584751","3585035","KN294446v1","431242","431529","32","3153509","CGGTGGCTCACGCCTGTAATCCCAGCACTTTGGGAGGCCAAGGCAGGTGGATTATGAGGTCAGGAGTTTGAGACCAGCCTGGCCAACATGGTGAAACCCCGTCTCTATTAAAAATACAAAAATTAGCTGGGTGTGGTGGCGGGCACCTGTAATCCCAGCTACTTGGGAGGCTGAGGCAGGAGAATCCCTTGAAACTGGGAGGCAGAGGTTGCAGTGAGCCGAGATCGTACCACTGCACTCCAGCCTGGGTGAAAGAGCGAAACTCTGTCTCAAAAAAAAAAAAAA","CACGGTGGCTCACGCTGTAATCCCAGCACCTTGGGAGGCCAAGGCAGGTGGATCACGAGGTTAGGAGTTCAAGACCAGCCTGGCCAATATGGTGAAACCCCATCTCTACTAAACATACAAAAATTAGCCAGGCACGGTGGCGGGTACCTGTAATCCCACCTACTCGGGAGCCTGAGGCAGAAGAATCACATGAAACTGGAAGGCGGAGGTTGCAGTGAGCCGAGATCACGCCACTGCACTCCAGCCTGGGTGAAAGAGCGAAACTCTGTCTCAAAAAAAAAAAGAAAA"
"chr4","5286795","5287095","KN295596v1","93475","93775","30","5193320","GGCTGGGCGCGGTGGCTCATGCCTGTAATCCCAGCACTTTGGGAGGCCGAGGTGGGCGGAACACGAGGTCAGGAGTTAGAGGCCAGCCTGGCCAACATGGTGAAACCCTGTCTCTACTAAAAATACAAAAATTAGCCTGGCGTGGTGGCTGACGCCTGTAATCTCAGCTACTCGGGAGGCTGAGGCAGGAGAATCGCTTGAAACTGGAAGGCAGAGGTTGCAGTGAGCCAAGATCGCGTCACTGCACTCCAGCCTTGGTGAAAGAGCGAAACTCCGTCTCAAAAAAAAAAAAAAAAAAAAA","GGCCGGGCGCAGTGGCTCACGCCTGTAATCTCAGCACTTTGGGAGGCCGAGGCGGGCGGATCTTGAGGTCAGGAGATCAAGACCAGCCTGGCTAACATGGTGAAACCCGTCTCTACTAAAAATACAAAAATTAGCTGGGCGTGGTGGCGGGCGCCTGTAATCCCAGCTACTCGGGAGGCTGAGGCAGGAGAATCGCTTGAAACCGGAAGGCAGAGGTTGCAATGAGCCAAGATCGTGCCACTGCACTCCAGCCTGGGCAACAAGAGCGAAACTCCATCTCCAAAAAAAAAAAAAAAAAGAA"
"chr4","9736330","9736627","KN294172v1","193457","193751","46","9542873","GGCCGGGCACAGTGGCTCATGCCTATAATCCTAGGACTTTGGGAAGCTGAGGCGGGTGGATCACGAGGTCAGGAGTTCAAGACCAGCCTGGCCAACATGATGAAACGCCGTCTCTACTAAAAATACAAAATTATCTGGGTATGGTGGCGCATGCCTGTAATCCCAGCTACTTGGGAGGCTGTGACAAGAAGAATCACTTGAAACTGGTAGGCGGAGTTGGCAGTGAGCTGAGATCTCACCAATGCACTCCAGCTTGGGTGAGAAGAGTGAAACTCTGTCTCAAAAAAAAAAAAAAAAA","GGCCGGGCGCTGTGGCTCACGCCTGTAATCCCAGCACTTTGGGAGGCCGAGGTGCGTGGATCACGAGGTCAGGAGTTCGAGACCAGCCTGGCCAACATGGTGAAACCCTGTCTCTACTAAAAATACACAAAGCTGGGTGTGGTGGCGGGCATCTGTAATCCCAGCTACTTGGGAGGCTGAGGAGGGAGAATCACTTGAAACAGGAAGGTGGAAGTTGCAGTGAGCCGAGATCACGCCACTATACTCCAGCCTGGGCAACAAGAGCGAAACTCCGTCTCAAAAAAAAAAAAGAAAA"
"chr4","11296554","11296861","KN297165v1","2668423","2668731","50","8628131","CGGGCGTGGTGGCTCACTCCTGTAATCCCAGCACTTTGGGAGGCTGAGGTGGGCGGATCACAAGGTGAGGAGTTCGAGACCAGCCTGGCCAAGATGGTGAAACCCTGTCTCTACTAAAAACAATGAAAAAAAATTAGCCAGGCGTGGTGGCAGGTGCTTGTAATCCCAACTACTCAGGTGGCTAAAGCAGGAGAATCGCTTGAAACCCGAAGGCAGAGGTTGCAGGGAGCCGAGATTGCGTCACTGCACTTCAGCTTGGGCAAAACAGAGAAATTCTGTCAAATAAAAAAAAGAAGGAAAGAAAGAAA","GGCTGGGCGTGGTGGCTGACGCCTGTAATCCCAACACTTTGGGAGGCCAAGGCGGGTGGATCACAAGGTCAGGAGTTCCAGACTAGCCTGGCCAACATGTTGAAACCCTGTCTCTACTAAAAAATACAAAAATTAACCAGGCTTGGTGACACGTCTGTAATCCCAGCTACTCAGGAGGCTGAGGCAGGAGAATCGCTTGAAACTGGAAGGTGGAGATTGCAGTGAGCCGAGATTGCGCCACTGCACTCCAGCCTGGGCGAAAGAGAGAAACTCCGTGTCAAAAAAAAAAAAAAAGAAAAAGAAAAAGAA"
"chr4","15720337","15720616","KN294257v1","2713583","2713878","51","13006754","GGCCGAGTGCAGTGGCTCATACCTGTAATCCCAGCACTTTGGAAGGCCGAGGCGGGCGGATAACAAGGTCAGGAGTTCGAGACCAGCCTGGCCAACATGGTGAAACCCCGTCTCTACTAAAAATACAAAAATTAGCCGCGTGTGGTGACTGGTGCCTGTAATCCCAGCTACTCGGGAGGCTGAGGCAGGAGAATCACTTGAGGCAGAGGTTCCAGTGAGCCAGGGTGACAAGAGCCTGGGTGACAAGAGCAAGACTCTGTCTCAAAAAAAAAAAAAAAAA","GGCCGGGTGCAGTGGCTCACGCCTGTAATCCCAGCACTTTGGGAGGCCGAGGCAGGCGGATCACAAGGTCAGGAGTTTGAGACCAGCCTGGCCAACATGGTGAAACCACGTCTCTACTAAAAATACACAAATTAGCCAGATGTGATGGCGGGCTCCTGTAATCCCAGTTACTTGGGAGGCTGAGGCAGGAGAATTGCTTGAAACTGGGAGGCAGAGGTTACAGTGAGCCAAGATCACATCCCTGCACTCCAGCCTGCGTGAGAGTGAAACTCTGTCTCAAAAGAAAAAAAAACAAA"
"chr4","18977563","18977706","KN296078v1","688006","688152","20","18289557","CCAGGCGTGGTGGCTTACTCCTGTAATCCCAGCACTTAAGTCTGGAGGTGGGAAGATCACGAGGTCAGGAGTTTGAAACCAGCCTGACCAACATGGTGAAACCCTGTCTCTACTAAAAATACAAAAATTAGCCTGGCATGGGGG","GGCCAGGCGTGGTGGCTTATGCCTGTAATCCCAGCACTCAAGAGCCCAACGTGGGTGGATCACCAGGTCAGGAGTCAGAAACCAGCCTGACCAACACGGTGAAACCTCGTCTCTACTAAAAATACAAAAATTAGCCTGGCATGGTGG"
"chr4","20332427","20332698","KN296202v1","303759","304032","22","20028668","GGCCAGGTGCGGTGGCTCACGCCTGTAATCCTAGCACTTGAGGTCAGGAGTTCGAGACCAGCCTGGCTAATGTGGTGAAACCCCATCTATACTAAATACAGAAAAATTAGCTGGGTGTTATGGCAGGCACCTATAATTCCACCTATTTGGGAGACTGAGGCGGGAGAATTGCTTGAAACCTGAGTTGCAGTGAGCCAATGTTGCGCCACTGCATTCCAGCCTGGGCAACAAAGTGAGACTCCTTCTCAAAAAAAAACAAAAACAAAAACAAA","GGCCAGGTGTGGTGGCTCACGTCTGTAATCCTAGCACTTGAGGTCAGGAGTTCGAGACCAGCCTGGCTAACGTGGTGAAACCCCGTCTCTACTAAAAATACAAAAATTAGCTGGGTGTTGTGGCAGGCACCTGTAATTCCACCTATTTGGGAGGCTGAGGCAGGAGAATCGCTTGAAACTTGAGTTGCAGTGAGCCAGTGTTGCACCACTGCACTCCAGCCTGGGCAACAAAGTGAGACTCCTTCTCAAAAGAAACAAAAACAAAAACAAAAAA"
"chr4","21822714","21823002","KN294262v1","2410280","2410565","43","19412434","GCTCACGCCTGTAATCCCAGGACTTTGGGAGGCTGAAGAGGGTGGATCATGAGCTCAGGAGTTCGAGACCAGCCTGGCCAACATGGTGAAACCCCTGTCTCTACTAAAACTACAAAAATTAGCTGGGCATGGTGGTGGGCACCTGTAATCCTAGCTACTCAGAAGGCTGAGGCAAGAGAATCTCTTGAAACCGGAAGGCAGAGGTTGCAGTGAGCCAAGATTGCGCCACCGCGCTCCAGCCTGGGTGAAAAAGTGAAACTCCATCTCAAAAAAAAAAAAAAAAGGAAAA","CACGCCTGTAATCCCAGCACTTTGGGAGGCTGAGGCGGGTGGATCACAAAGTCAGGAGTTCAAGACCAGCCTGGCCAACATGGTGAAACCCCGTCTCGACTAAAAATACAAAAATTAGTTGGGTGTGGTGGTGGGCGCCTGTAATCCCAGCTAATCAGGAGGCTGAGGTAGGCGAATCACTTGAAATGAGAAGGCAGAGGTTGCGGTGAGTTGAGATCGCGCCACTGCACTCCAGCCTGGGCAACAAGAGAGAAACTCCGTCTCAAAAAAAAAAAAAAAAAAAAAA"
"chr4","27721908","27722202","KN296117v1","395006","395303","41","27326902","GGTCAGGGGCAGTGGCTCACACCTGTAATCCCAGCACTTTGGGAGGCCTAGTGGGCAGATCATGAGGTCAGGAGTTCGAGACCATCCTGGCCAAGATGGTGAAACCCCATCTCTACTAAAAATACAAAAATTATCAGGGCGTGGTGGTGGGTGCCTGTAATCCCAGCTACTCGAGAGGCTGAGGCAGAAGAAGCTCTTGAAATGGAAGGCGGAGGTTGCAGTAAGCCAAGATCATGCCACCACACTCCAGCCTGGGCAACAACAGTGAAACTCCATCAAAAAAAAAACCAAAAAA","GCCAGGCGCAGTGGCTCACACCTGTAATCCCAGCACTTTGGGAGGCCAAGGCGGGCGGATCACGAGGTCAAGAAATCGAAACCATCCTGGCCAACATGGTGAAACCCTGCCTCTACTAAAAAATACAAAAAATTAGCTGGGCGTGGTGGTGTGTGCCTGTAGTCCCAGCTACTCAGGAGGCTGAGGCAGGAGAATCGCTTGAAACCGGAAGACGGAGGTTGCAATGAGCCAGGATCGTGCCACTGCACTCCAGCCTGGGCAACAAGAGTGAAACTCCATCTCAAAAAAAAAAAAAAAA"
"chr4","30813649","30813935","KN295667v1","1747631","1747918","44","29066018","GGGCGCGGTAGCTCACGCCTGTAATCCCAGCACTTTGGGAGGCCGAGGCTGGCAGATCACGAGGTCAGGAGTTCGAGACCAGCCTGGCCAACATGGTCAAACCGCATCTCTACTAAAAATGCAAAAATTTGCCGGGTGTGGTGGCAGGCGCCTGTAATCTCAGTGACTCAGGATGCTGAGGCAAGAAAATTGCTTGAAACCAGAAGGTGGAGGTTGCAGTGAGCAGAGACCATGCCACTGCACTCTAGCCTGGACAAAAAAAGTAAAACTCCATCTCAAAAGATAAA","GGCCAGGCACGGTGGCTTATGCCTGTAATCCCAGCACTTTGGGATGCCAAGGCAGGCAGATCACAAGGTCAGGAGTTCAAGACCAGCCTGGCCAACATGGTAAAACCTTGTCTCTACTAAAAATACAAAAATTAGCCAGGCATGGTGGCAGGTGCCTGTAATCCCAGCTACTCAGGAGGCTAAGACAGGAGAATCGCTTGAAACCAGAAGGTGGAGGTTGCAGTGAGGTGAGATCATGCCACTGCACTCCAGCCTGGGCAAAAAGAGTGAAACTCTGTCTCAAAAAAA"
"chr4","37336659","37336971","KN296261v1","217749","218055","41","37118910","GGCTGGGCGCCATGGCTCACGCCTGTAATCCTAACACTCTGGGAGGCCGAGGCGGGTGGATCACGAGGTCAGAAGTTCGAGACCAGCCTGGCCAACATGGTGAAACCCCGTCTCTACTAAAAATAAAAAAATTAGCCAGGCGTGCTGGTGGGCGCCTGTAATCCCAGCTACTCGGGAGGCTGAGGCAGGAGAATCGCTTGAAACTGGAAGGCGGAGGTTGCAGTGGGCCGAGATCAAGATCGCACCACTGCGCTCCAGCCTGGGCAAAAGAGTGAAACTCCATCTCAAAAAAAGAAAAAAAAAAAAAAAAAAA","GGCTGGGCACGGTGGCTCACACCTGTAATCCCAGCACTTTGGGAGGCCAAGGCGGACGGATCACGAGGTCAGGAGTTCAAGACCAGCCTGGCCAACATGATGAAACTCCGTCTCTACTAAAAATACAAAAAATTAGCGGGGCATGGTGGCGGGCACCTGTAATCCCAGCTACTCGGGAGGCTGAGGCAGGAGAATTGCTTGAAACCGGAAGGCGGAGGTTGCAGTGAGCTGAGATTGCGCCACTGCACTCCAGTCTGGGCAACAAGAGTGAAACTCCGTCTTAAAAAAAAAAAAAGAAAGAAAAAAA"
"chr4","37771357","37771643","KN295526v1","50675","50959","38","37720682","GCTGGGTGTGGTGGCTCACACCTGTAATCCCAGCACTTTGGGAGGCCGAGGCAGGCGGATCACGAGGTCAGGAGATCAAGACCAGCCTGGCCAACATGGTGAAACCCCCATCTCTACAAAAAATACAAAAATTAGCCAGGCCTGGTGCCGGGCCCCTGTAATCTCAGCTACTTGGGAGGTGGAGGCAGGAGAATCGCTTGAAACCGGAAGGCAGAGGTAGCAGTGAGCCAAGATTGCAGCATTGCACTCCAGCCTGGGCAACAAGAGTGAAACTCCATCTCAAAAAA","GGCCGGGCGTGGTGGCTCATGCCTGTAATCCCAGCCCTTTGGGAGGCCAAGGTGGTTGGATCACGCTGTCAGGAGTTCGAGACCAGCCTGGCCAACATGGTGAAACCCCATCTCTACTAAAAATACAAAAATTAGCCAGGCATGGTGGCAGGCGTCTGTAATCCCAGCTACTCGGGAGGCTGAGGCAGGAGAATCACTTGAACCCGGAAGGCAGAGGTTGCAGTGAGCCGAGATCATACCACTGCACTCTAGCCTGGGCAAAAGAGTGAAACTCCATCTCAAAAA"
"chr4","39048639","39048939","KN295596v1","93475","93775","39","38955164","CCAGGCGCGGTGGTTCACACCTGTAATCCCAGCACTTTGGGAGGCTGAGGCAGGTGGATCATGAGGTCAGGAGTTGGAGATCAGGCTGGTCAACATGATGAAACCCCGTCTCTACTACAAATACAAAAATTAGCCAGGCATGGTGGTGGGCGCCTGTAATCCCACCTACTCGGGAGGCTGAGGCAGGAGAATCACTTGAAACTGGAAGGCAGAAGTTGCAGTGAGCTGAGATCATGCCATTGAACTCCAGCCTGGGCAACAAGAGTGAAACTTCATCTCCAAAAAAAAAAAAAAAAAAAAA","GGCCGGGCGCAGTGGCTCACGCCTGTAATCTCAGCACTTTGGGAGGCCGAGGCGGGCGGATCTTGAGGTCAGGAGATCAAGACCAGCCTGGCTAACATGGTGAAACCCGTCTCTACTAAAAATACAAAAATTAGCTGGGCGTGGTGGCGGGCGCCTGTAATCCCAGCTACTCGGGAGGCTGAGGCAGGAGAATCGCTTGAAACCGGAAGGCAGAGGTTGCAATGAGCCAAGATCGTGCCACTGCACTCCAGCCTGGGCAACAAGAGCGAAACTCCATCTCCAAAAAAAAAAAAAAAAAGAA"
"chr4","39258158","39258450","KN295361v1","973283","973576","34","38284875","GGCTGGGTGCAGTGGCTCACACCTGTAATCCCAGCACTTTGGGAGGCTGACGTGGGCAGATCACGAGGTCAGGAGTTCGAGACCAGCCTGGCCAACATGGTGAAACCCCGTCTCTACTAAAAATACAAAAATTAGCTGGGCAAGGTGGCAGGCACAGGTAATCCCAGCTACTTGGGAGGCTGAGACAGAAGAATCGCTTGAAACTGGAAGGCGGAGGTTGCAGTGAGCCGAGATTGCACCACTGCACTCCAGCCTGGGCAAAAGAGCGAAACTCTGTCTCAAAAAAAAAAGAA","GACTGGGCGTGGTGGCTCACGCCTGTAATCCCAGCACTTTGGGAGGCTAAGGTGGGTGGATCACGATATCAGGAGTTCGAGACCAGCCTGCCCAAGATGGTGAAACCCCATCTCTACTAAAAATACAAAGATTAGCCAGGCATTGTGGCAGGCGCCTGTAATCCCAGCTACTTGGAAGGCTGAGGCAGAAGAATCGCTTGAAACTGGAAGGTGGAGGTTGCAGTGAGCCGACATCACGCCATTGCACTCCAGCCTGGGCCACAAGAGCAAAACTCTGTCTCAAAAAAAAAAAAA"
"chr4","40014561","40014860","KN294266v1","135124","135424","37","39879437","GCTGGGCGTGGTGGCCCACGTCTGTAATCTCAGCACTTTGGGAGGCTGAGATGGGCAGATCACAAGGTCAGGAGTTCAAGACCATCCTGGCCAACATGGTGAAACCCCATCTCTACTAAAAATACAAAAAAATTAGCTGGACATGGTGATAGGCGCCTGTAATCCCAGCTACTCGGGAGGCTGAGGCAGGAGAATCTCTTGAAAACAGAAGGTGGAGGTTGCAGTGAGCCGAGATCACACCACTGCACTCCAGCCTGGGCGAAAGAGCAAAACTCTGTCTCAAAAAAAAAAAGAAAGAAA","GGCTGGGCATGGTGGCTCACGCTTGTAATCTCAGCACTTTGGGAGGCCAAGGTGGGTAGATCACAAGGTCAGGAGTTCGAGACCAGCCTGGCCAACATGGTGAAACCTCGTCTCTACTAAAAATATAAAAATTAGCCAGGCATGGTGGCAGGCGCCTGTAATCCCAGCTACTCGGGAGGCTGAGGCAGGAGAACCGCTTGAAACCAGAGGGTAGAGGTTGCAGTGAGCCGAGATCATGCCACTGCACTCCAGCCTGGGCAACAAGAATGAAACTCAGTCTCAAAAAAAAAAAAAAAAAAAA"
"chr4","41958003","41958306","KN296261v1","217749","218055","40","41740254","GCCAGGCACAGTGGCTCACGCCTGTAATCCAGCACTTTGGAAGGCCGAGGTGGGGGGATCACGAGGTCAGGAGTTCAAGACCAGCCTGGCCAACATGGTGAAACCTCATCTCTACTAAAAATACAAAAACTAGCTGGGCATGGTGGCGGGCACCTGTAACCCCAGCTACTTGGAGGGCTGAAGGAGAATTGCTTGAATCCGGGAGGCAGAGGTTGCAGTGAGCTGAGATGGCGCCATTGCACTCCAGCCTGGCCAACAAGAGTGAAACTCCGTCTCAAAAACAAACAAGCAAACAAACAAAAAA","GGCTGGGCACGGTGGCTCACACCTGTAATCCCAGCACTTTGGGAGGCCAAGGCGGACGGATCACGAGGTCAGGAGTTCAAGACCAGCCTGGCCAACATGATGAAACTCCGTCTCTACTAAAAATACAAAAAATTAGCGGGGCATGGTGGCGGGCACCTGTAATCCCAGCTACTCGGGAGGCTGAGGCAGGAGAATTGCTTGAAACCGGAAGGCGGAGGTTGCAGTGAGCTGAGATTGCGCCACTGCACTCCAGTCTGGGCAACAAGAGTGAAACTCCGTCTTAAAAAAAAAAAAAGAAAGAAAAAAA"
"chr4","42192438","42192728","KN294245v1","62355","62662","50","42130083","GGCTGGGCGCAGTGGCTCACACCTGTAATCCCAGCACTTTGGGAAGCCAAGGCAGGTGGATCACAAGGTCAGGAGTTCCAGACCAGCCTAGCCAATGTGATGAAACCCCGTCTCTACTAAAACTACAAAAATTAGCCGGGCATGGTGGTGCACGCCCGTAATCTCAGCCAATCAGGAGGCTGAAACCAGAAGGCGGAGATTGCAGTGAGCCAAGGTTGTGCCATTGCACTCCAGCCTGGGCAACAAGAGCGAAACTCCATCTCAAAAAATAAATAAATAAAAATAAATAAA","GCTGGGCACAGTGGCTCACACTTGTAATCCCAACACTTTGGGAGGCCAAGGCGGGCAGATCACAAGGTCAGGAGTTCCAGACCAGCCTTGCCAATATGATGAAACCCCGTCTCTACTGAAAATACAAAAATTAGCCAGGTGTGGTGGTGCACACCTGTAATTCCAGCTACTTGGGAGGCTGAGGCAGGAGAATCACTTGAAACCAGAAGGGCGAGGTTGCAGTGAGCCAAGATTGTGTCATTGCACTCCAGCCTGGGTAACAAGAGCGAAACTCCATCTCAAAAAATAAATAAATAAGTAAAAGAAAA"
"chr4","43493551","43493833","KN294245v1","1520647","1520918","43","41972904","CTGTAATCCCAGCACTTTGGGAGGCCAAGGTGGGCGGATCACGAGGTCAGTAGTTCGAGACCAGCCTGGCCAACATGGTGAAACCCAGTCTCTACTAAAAATTAGCTGGATGTGATGGCAGGCGCCTGTAATCCCAGCTACTTGGGAGGCTGAGGCAGGAGAATAGCTTGAAACTGGAAGGTGGAGGTTGCAGTGAGCTGAGATCATGCCACTGCATTCCAGCTTGGACAAAAAAGCGAAACTTCATTCTCAAAAGAAAAAATTTAAAAAAGAGAGAGAAAAA","ACATCTGTAATCCCAGCACTTTGGGAGGCTGAGGTGGGCAGATCACGAGGTCAGTAGTTCAAGACCAGCCTGGCCAACATGGTGAAACCCCATCTCTACTAAAAATTAGTTGGGTTGATGACAGGTGCCTGTAATTCCATCTACTTGGGAGGCTGAGGCAGGAGAATCTCTTGAAACTGGTAGACGGAGGTCGCAGTGAGCTGAGATCATGTCACTGCATTCCAGTCTGGGCAAAAAGCGAAATTCCATTCTCAAAAGAAAAAATAAAAAAA"
"chr4","44576760","44577049","KN296186v1","223610","223908","40","44353150","CAGGTGCAGTGGCTCACGCCTGTAATCCCAGCACTTTGGGAGGCCAAGGCGGGTGGATCATGAGGTCAGGAGTTCAAGACCAGCCTGGCCAACATGAAACCCCGTCTCTACTAAAAATACAAAAATTAGCTGAGTGTGGTGGCGGGTGCCTGTAATCCCAGCTACTTGGGAGGCTGAGTCAGGAGAATTGCTTGCAACTGGAAGGCACAGGTTGCAATGAGCCGAGATGGCACCACTGTACTCCAGCCTGGGTGAAACAGCAAAACTCTGTCTCAAGAAAAAAAAAAAAA","GGCCAGGCTCAGTGGCTCATGCCTCTAATCCCAGCACTTTAGGAGGCCAAGGTGAGTGGATTATGAGGTCGGGAGTTTGAGACCAGCCTGGCCAACATGATGAAACCTCGTCTCTACTAAAAATCAAAAATTAGTCACCTGTGGTGTCGGATGCCTGTAATCCCAGCTACTCAGGAGGCTGAGGCAAGAGAATTGCTTAAAACTGGAAGGCGCAGGTTGCAGTGAGCCAAGATGACACCACTGTACTCCAGCCTGGGTGAAAGAGCAAAACTCTGTCTCAAGGAAAAAAAATATAAAAA"
"chr4","48324823","48325073","KN294410v1","104662","104911","52","48220161","GGCCGGGTGCAGTGGCTCACGCCTGTAATCCCAGCACTTTGGGAAGCCAAGGTAGGAAGATCACAAGGTCAGGAGTTTGAGACCAGCCTGGCCAACATAGTGAAACCCCCGTCTCTACTAAAAATACAAAAATTAGTTGGGCGTGGTGGCACACACCTGTAATTCCAGGGAGGCTGAGGTTTCAGTAAGCTGAGATCGTGCCACTGCACTCTAGCCTGGGCGACAAGAGCAAAACATTGCAAAAAAAAAAA","CCGGGTGTGGTGGCTCATGCCTGTAATCCCAGCACTTTGGGAGGCTGAAGTGAGCGAATCATGAGGTCAGGAGTTCGAGACCAGCCTGGCCAACATGGTGAAACCCTGTCTCCACCAAAAATACAAAACATTAGCTGGGCATGGTGGCACATGCCTGTAATCCCAGCTACTCAGGAGACTGAGGCCAGAGAATTGCCACTGCATTCCAGCCTGGGCAACAAGAGCAAAACTCCATCTCAAAAAAACAAAA"
"chr4","48354887","48355179","KN294827v1","198124","198410","53","48156763","GGCTGGGTGTAGTGGCTCACGCCTGTAATCCCAGCACTTCAGGAGGCTGAGGCAGGCGGATCACGAGGTCAGGAATTAGAGACCAGCCTGGCCAACATGGCGAAACCCCACCTCTACTAAAAACACAAAAATCAGCCAGGTATGGTGGCAGTCGCCTGTAATCCCTGCAGGAGAATCGCTTGAAATCGGGAGGCGGAGGTTGCAGTGAGCTGATATGGTGCCACAGCACTCCAGCCTGGGTGACAAGAGCAAGACTCCTTCTCAAAAAAAAAGAAAAAAAGAAAAGAAAAGAA","GGCCAAGTGCAGTGGCTCACCCCTGTAATCCCAGCACTTTGGGAGGCCAAGGCGGGTGGATCACGAGGTCAGGAGTTTGAGACCAGCCTGGCCAACATGGTGAAACCCCATCTCTACTAAAAATAGAAAAATTAGCCAGGCATGGTGGCGGGTGCCAGCTGAGTCAGGAGAATCACTTGAAACTGGAAGGCAGAGGTTGCAGTGAGCCAAGATCGCACCACTGCACTCCAGTCTGGGCGAAAGAGCGAAACTCTGTCTCAAAAAAAAAAAAAAAAAAAAAAAAAAAA"
"chr4","48459342","48459637","KN296637v1","462052","462342","36","47997290","GGCCTGGCGCAGTGTCTCACACCTGTAATCCCAACACTTTGGGAGGCCAAGGCAGGAGGATCATGAGGTCAGGAGTTCAAGACCAGCCTAGCCAACATGGCGAAACCCCGTCTATACTAAAAATACAAAAATTAGCTGAGTGTGGTGGCGGGCACCTATAATCTGAGCTACTTGGGAGGCTGAGGCAGGAGAATTGCTTGAAACCAGAAGATGGAGGTTGCAGTGAGCTGAGATGACACCACTGCACTCCAGCCTGGGCAACAAGAGCGAAACTCTGTCTCAAAAAAAAAAAAAAA","GGCCAGGCGCAGTGGCTCACACCTGTAATCCCAGCACTTTGGGAGGCCAAGGCAGGAGGATCCTGAGGTCAGGAGTTCAAGACCAGCCTGGCCAACATAGTGAAACCCTGTCTCTACTACAAATACAAAAATTAGCTAGGCATGGTGGTGGGCACCTGTAATCCCAGCTACTTGGGAGGCTGAGGCAGGAGAATTGTTTGAAACCAGAAGGCAGAGGTAGCAGTGAACTGAGATCGTGCCACTGCACTCAGCCTGGGCAAAAAGAGCGAAACTCCGTCTCAGAAAAAAAAA"
"chr4","56566216","56566496","KN296000v1","1398566","1398839","34","55167650","GGCCAGGCACAGTGGCTCATGCCTGTAATCCCAGCATTTTGGGAGGCCAAGGCAGGTGGATCACGAGGTCAGGAGTTCAAGACCAGCCTGGCCAACATGGTGAAACCCTGTTTCTACTAAAAATACAAAAATTAGCCAGGCGTGGTGGTGGGCACCTGTAATCCCAGCTACTTGGGAGGCTGAGGGAAGAGAATTGCTTGAATCCGGAAGGCAGAGGTTGCAGTGAGCCAAGATTGTGCCACTGCAGTCCAGCCTGGGCAACAAGAGCAAAACTCCATCTC","GGCCAGGCACGGTGGCTCACGCCTGTAATCCCAGCACTTTGGGAGGCCAGTGTGGGTGGATCACGAGGTCAGGAGTTCGAGACCAGCCTGGCCAACATGGTGAAACCCTGTCTCTACTAAAAATACAAAAATTAGCCAGGCATGGTGGTGGGAGCCTGTAATCCCAGCTACTTGGGAGGCTGAGGCAGGAGAATCACTTGAAACCGGAAGGCGGAGGTTACAGTGAGCCTAGATTGCGCCACTTCAGCCTGGGCGAAAGAGCAGAACTGTTTCA"
"chr4","56834983","56835282","KN296117v1","395006","395303","32","56439977","GGCCGGGCGCGGTGGCTCACGCCTGTAATTCCAGCACTTTGGGAGGCCGAGGCGAGCGGATCACAAGGTCGAGAGATCGAGACCATCCTGACCAACATGGTGAAACCCTATCTCTAATAAAAATACAAAAAATTAGCTGGGCGTGGTGGTATGTGCCTGTAGTTCCAGCTACTCAGGAGGCTGAGGCAGGAGAATTGCTTGAAACCACCGGAAGGCGGAGGTTGCAGTGAGCCAAGATCATGTCACTGCACTCCAGCCTGTGCAACAAGAGCGAAACTCTGTCTCAAAAAAAAAAAAAAA","GCCAGGCGCAGTGGCTCACACCTGTAATCCCAGCACTTTGGGAGGCCAAGGCGGGCGGATCACGAGGTCAAGAAATCGAAACCATCCTGGCCAACATGGTGAAACCCTGCCTCTACTAAAAAATACAAAAAATTAGCTGGGCGTGGTGGTGTGTGCCTGTAGTCCCAGCTACTCAGGAGGCTGAGGCAGGAGAATCGCTTGAAACCGGAAGACGGAGGTTGCAATGAGCCAGGATCGTGCCACTGCACTCCAGCCTGGGCAACAAGAGTGAAACTCCATCTCAAAAAAAAAAAAAAAA"
"chr4","62550516","62550791","KN295605v1","779453","779714","53","61771063","GGCCAGGCGCGGTGGCTCACGCCTGTAATCCCAGCAATTTGGGAGGCTGAGACGGGTAGATCGCAAGGTCAGGAGTTTGAGGCCAGCCTGGCCAATATGGTGAAACCTTGTCTCTACTAAAAATACAAAAATTAGCAGGGCGTGGTGGCGGGTGCTTGTAATCCCAGGTACTCAGGAGGCTGAGGTGGGAGAATTGCTTGAAACCGCTGAGATCATGCCACTGCACTCCAGCCTGGGCAAAAAAGAGAAACTCTTTGTCTCAAAAAAAAAAAAAAA","GGCCAGGCGCAGTAGCTCACCCCTGTAAGCCCAGCACTTGGGAGGCTGAGGCGGGTGGATCACGAGGTCAGGAGATATAGACCATCTTGGCCAAAATGATGAAACCCCGTCTCTACTAAAAATACAAAAATTAGCCAGGCGTGGTGGCAGGCACCTGTAGTCCCAGCTACTCAGGAGGCTAAGGTTGCAGTGAGCCAAGATCATGCCACTGCACTCCAGCCTGGGCAACAAGAGCAAAACTCCATCTCAAAAAAAAAAAAAA"
"chr4","65714419","65714698","KN295501v1","961861","962139","81","64752558","GGCTAGGCAATGTGGCTTATGCCCATAATCCCAGCACTTTGGGAAGCCAAAGTAAGTCGAAACAAGCCTGGACAACATGGGGAAACCCCCTCTCTACTAAGAACACAAAAATTAGCTGGGTGTGTTGGTGTGCCTGTAGCCTCAACTAATCTACTCCGAAAGCTAAGGTGGGAGAATCACCTTAGCACCAGAAGCTGAGGCTTCAGTAAGCCAAGATCTTGCCACTGCACTCTAGGCTGGGCAATAGGAGTGAGACCAGGTCTCAAAGGAAAAAAAAAAA","GGCCGGGTACGGTGGCTTATACCTGTAATCCCAGCAGATTGTGAGCTCAGGAATTCGAGACCAGTCTGGCCAACATGGTGAAACCCCGTCTCTACTAAAAATAGAAAAATTAGCTGGGCGTGGTGGCCGGCACCTGTAATCCCAGCTGCTGGGGAGGCTGAGGCAGGAGAATAGCTTGAAACCAGAAGGCAGAGGTTGCAGTGAGCTGAGATCTCTCCACTGCACTCCAGCCTGGGCAAAACAGCGAAACTGTCTCAAAAAAAAAAAAAAAAAAAAAAA"
"chr4","65982764","65983060","KN295209v1","801417","801710","50","65181347","GGCCAGGCGCGGTGGCTCATGCATGTAATTCAAGCACTTTGGGAGGCCGAGGCAGGCGGATCACAAGGTCACAAGTTTGAGATCAGCCTGGCCAACATGGTGAAACCTCGTCTCTACCAAAAATACAAAAATTAGGAGGGCGTAGTGCTGGGTGCCTGGAATCCCAGCTACTCGGGAGGCTGAGGCTGGAGAATTGCTTTACACCAAAAGGCAGAGGTTGCAGTGAGCGGAGATCGCGCCACTGCACTCCAGCCGGACTGTGCTGAAGAGCGAGACTCCGTCTCAAAAAAAAAAAAA","GGCCAGGCACAGTGGCTCAAGCCTGTAATCCAACACTTTAGGAGACCAAGGCAGGCGGATCACAAGGTCAGTAGTTCAAGACCAGCCTGGCCAACATGGCAAAACCCCGTCTCTACTAAAAATACAAAAATTAGCTGGGCATGGTGGCGGACATCTGTAATCCCAGTTACTCGGGAGGCTGAGGCAGGAGAATTGCTTGAAACCAGGAAGCAGAGGTTGCAGTGAGCAGAGATCGTGCCATTGCACTCCAGCATGTGCGACAAGAGCAAGACTCTGTTTCAAAAAAAAGAAAAA"
"chr4","66265653","66265817","KN294705v1","1778649","1778810","32","64487004","TAGTCGGCCATCTTGGCTGGGCCCCTGTGTGTCCCAGCTACTCTGGAGGCTGAGGCAGAAGAAACTCTTGAAACCAGAAGGCAGAGGTTGCAGTGAGCCGAGATAGCACCACTGCACTCCAGCCTGGGCAACAAGAGCAAAACTCCGTCTCAAAAAAAAAGAAAA","GTTAGCTGGGCATGGTGGCGGGCGCCTGTAATCCCAGCTACTCAGGAGGCTGAGGCAGGAGAATCGCTTGAAACCGGAAGACAGAGTTTGCAGTGAGCTGAGATTGTGCCACTGCACTCCAGCTTGGGCAAAAGAGTGAAACTCCGTCTTGGAAAAAAAAAA"
"chr4","66782443","66782734","KN297313v1","656866","657157","37","66125577","GGCCAGGCAGGGTGGCTCATGCCTATAATCTCAGCATTTTGGGAGGACGAGGCGGGCGGATCACGAGGTCAGGAGTTCGAGATCAGCCTGGCCAACATGGCGAAACCCCGTCTCTATCAAAAATAGAAATATTAGCCAGACATGGTGGCGGGCACCTGTAATCCCAGCTACTCGGGAGCCTGAGGCAGGAGAATCACTTGAAACCAGAAGGCGGAAGTTGCAGTGAGCGGAGATCCTGCCACTGCACTCCAGCCTAGGCGAAAGAGTGAAACTCTGTCTAAAACAAAAAAAA","GGCCAGGCACGGTGGCTCATGCCTGTAATCCCAGCACTTTGGGAGGCCGAGGTGGGTGGATCACGAGGTCAGGAGTTCGAGACCAGCCTGCCCAATATGGTGAAATCTCATCTCTACCAAAAATACAAAAAATTAGCCAGGCGTGGTGGCGGGCACCTGTAATCCCAGCTGCTCAGGAGGCTGAGGCAGGAGAATCACTTGAACCCAGAAGGCGGAGGTTGCAGTGAGCTGAGATCCTACCACTGCACTCCAGCCTGGGCGACAAGAGCAAAACTCCATTTCAAAAAAAAAA"
"chr4","66869923","66870250","KN296547v1","983380","983701","57","65886543","GGCCAGGCACGGTGGCTCATGCCTGTAATCACAGCACTTTGGGAGGCTGAGGCGGGTGGATCATAAGGTCAGGAGTTTGAGACCAGCCTGGCCAACATGGTGAAACCCCCTCTCTAAAAATACAAAAATACACAATACTAAAAATACAAAAATTAGTCAGGTGTGGTGGCGAGCGCCTGTAATCCCAGCTACTCGGGAGGCTAAGGCAGGAGAATCACTTGAACCGGGAGGCAGATGTTGCAGTGAGCCGAGATCGTGCCACTGCACTCCAGCCTAGACAACAAGAGCAAGACTCCATCTCAAAAAAATAAAAAAAGAAAAAGAAAAA","GGCTGGGCGCGGTGGCTCACGCTTGTAATCCCAGCACTTTGGGAGGCTGAGGCGGGCAGATCACAAGGTCAGGAGTTTGAGACCAGCCTGGAAAACATGGTGAAAACTCATCTCTACTAAAAATACAAAAAAAAAAAAAAATTAGCTGGGCGTGGTGGTGGGCGCCTGTAACCCCAGCTACTCAGGAGGCTGAGCCAGGAGAATCGCTTGAACCCAGAAAGGTGGAGGTTGTAGTGAGCCAAGATGATGCCACTGCACTCCAGCCTGGGCAACAAGAGTAAGACTACATCTCAAAAAAAAAAAAAAAAAAAAAGAAAGAAAA"
"chr4","68136868","68137108","KN295490v1","176652","176896","42","67960216","GGCTGGGTGTGGTGGCTCACACCTGTAATCCCAGTGCTTTGGGAGGCCGACACAGGTGGATGATGAGGTCAGGAGTTCAAGACCAGCCTGGCCAACATGGTAAAACTCCATCACTACTAAAAATACAAAAATTAGCCGGGTGTGATGGCGGGCACCTATAATCCCAGCTACTTGGGAGGCTGAGGCAGGAGAATCACTTGAAACCAGAAGGCAGAGGTTGCAGTGAGCCGAGATCATGCCA","GGCCGGGCACCATGGCTCACGCCTGTTATCCTAGCACGTTGGGAGGCCGAGGCAGGTGGATCACGAGGTCAGGAGTTTGAGACCAGCATGGCCAATATGGTGAAACCCTATCTCTACTAAAAACACGAAAATTAGCTGGGCATGGTGGCGGGCACCTGTAATCCCAGCTACTCGGGAGGCTGAGGCAGGAGAATCGCTTGAAACTGGAAGGCTGAGGTTGCAGTAAGCCGAGACTGCACTGCACT"
"chr4","68727053","68727356","KN294470v1","2910812","2911110","49","65816241","GGCCAGGCACGGTGGCTCACACCTGTAATCCCAGAACATTGGGAGGCTGAGGCAAGTGGATCACGAGCTCAGGCGTTTGAGACCAGCCTGGTTAACATAGTGAAACTCTATCTCTACTAAAAAGAGTACAAAAAATTAGCTGAGCATGGAGGTGGGCACCTACAATCCCAGCTACTTGGGAGGCTGAGGCAGGAGAATCTTTTGAATCTGGGAGGCGGAGGTTGCAGTGATCCGAGATCACGCCACTGCACCTCAGCCTGGGCAATAAGAACAAAACTCCATCTCAAAAAAAAAGAAATGAAAA","GCCGGGCGCGGTGGCTCACACCTGTAATCCCAGTACTTTGGGAGGCTGAGGCAGGTGGATCACGAGGTCAGCAGTTTGAGACCAGCCTGACCAACATGGTGAAACCCCATCTCTACTAAAAATACAAAAAAAATTAGCTGGGTGTGGTGGCAAGCACCTGTAATCCCAGCGATTTGGGAGGCTGAGGCAGGAGAATCACTTGAAATCAGAAAGTGGAGGCTGCAGTGAGCCGAGATTGCACCACTGCACTCTAGCCTGGGCAATAAGAGCAAAACTCCATCTCAAAAAAAAAAAAAAAA"
"chr4","70703148","70703437","KN296062v1","313219","313514","34","70389929","GGCCAGGTGCGGTGGCTCACGCCTGTAATCCCAGCACTTTGGGAGGCCGAGGCGGGTGGATCACGAGGTCAGCAGTTCGAGACCAGCCTGACCAAAAAGGGGAAACCCCGTCTCTACTTAAAATACAAAAAAATTAGCTGGGCGTGGTGGCGAGTGCCTGTAATCCCAGCTACTTGGGAGACTGAGGCAGGAGAATCGCTTGAAACCAGAAGGCAGAGGTTGCAGTGAGCCGAGATAGCACCACTGCACTTTAGCTTGGGCAATAAGAGCAAAACTTCATCTCAAATAAA","GGCCGGGCGCGGTGGCTCATGCCTGCAATCCCAGCACTTTGGGAGGCCGAGGCAGGTGGATCACGAGGTCAGCAGTTTCAGACCAGCCTGATCAACATGGTGAAACCCCATCTCCACTAAAAATACAAAAAAATTAGCTGGGCGTGGTGGCGGGCACCTGTAATCCCAGCGACTTGGGAGGCTGAGGCAGGAGAATCACTTGAAACCAGAAGGCAGAGGTTGCAGTGAGCCGAGATTGCACCACTGCCCTCTAGCCCGGGCAATAAGAGCAAAACTCCGTCTCAAAAAAAAAAAAA"
"chr4","75428788","75429081","KN294470v1","2910812","2911110","34","72517976","GGCCAGGCGCAGTGGCTCACACCTGTAATCCCAGCACTTTGGGAAGCCGAGGCGGGTGGATCATGAGGTCAGCAGTTCGAGACCAGCCTGACCAACATGGTGAAACCCTGTCTCTACTAAAAATACAAAAAAATTAGCTGGGCGTGGTGGCAAGCGCCTGTAATCCCAGCTACTTGGGAGGCTGAGGCAGGAGAATCGCTTGGAACCAGAATGTGGAGGTTGCAGTGAGCCGAGATTGTGCCACTGCACTCTAGCTTGATCAATAAAAGCAAAAACTCCATCAAAAAAAAAAAA","GCCGGGCGCGGTGGCTCACACCTGTAATCCCAGTACTTTGGGAGGCTGAGGCAGGTGGATCACGAGGTCAGCAGTTTGAGACCAGCCTGACCAACATGGTGAAACCCCATCTCTACTAAAAATACAAAAAAAATTAGCTGGGTGTGGTGGCAAGCACCTGTAATCCCAGCGATTTGGGAGGCTGAGGCAGGAGAATCACTTGAAATCAGAAAGTGGAGGCTGCAGTGAGCCGAGATTGCACCACTGCACTCTAGCCTGGGCAATAAGAGCAAAACTCCATCTCAAAAAAAAAAAAAAAA"
"chr4","76080504","76080808","KN295596v1","93475","93775","37","75987029","GGCCAGGTGCAGTGGCTCATGTCTGTAATCCCAGCACTCTGGGAGGCCGAGGCGGGCAGATCATGAGGTCAGGAGTTCAAGACCAGCCTGGCTAACATGATGAAACCCCATCTCTACTAAAAATACAAAAATTAGCTGAGCGTAGTGGCAGGCGCCTGTAATCCCAGCTACTTAGGAAGCTGAGGCAGGAGAATCGCTTGAAACCAGAAGGCGGAGGTTGCAGGGAGCGGAGACTGCACCACAGCACTCCAGCCTGGGCAAAAGAGCAAAACTCCATCTCAAAAAATAAAAAATAAATTAAAAAA","GGCCGGGCGCAGTGGCTCACGCCTGTAATCTCAGCACTTTGGGAGGCCGAGGCGGGCGGATCTTGAGGTCAGGAGATCAAGACCAGCCTGGCTAACATGGTGAAACCCGTCTCTACTAAAAATACAAAAATTAGCTGGGCGTGGTGGCGGGCGCCTGTAATCCCAGCTACTCGGGAGGCTGAGGCAGGAGAATCGCTTGAAACCGGAAGGCAGAGGTTGCAATGAGCCAAGATCGTGCCACTGCACTCCAGCCTGGGCAACAAGAGCGAAACTCCATCTCCAAAAAAAAAAAAAAAAAGAA"
"chr4","76493699","76493995","KN294161v1","307326","307622","26","76186373","GGCCGGGTGTGGTGGCTCATGCCTGTAATCCCAACATTTTGGGAGGCCAAGGTGGGCGGATCACAAGGTCAGGAGTTCGAGACCAGCCTGGCCAACATGGTGAAAGCCTGTCTCTACTAAAAATACAAAAATTAGCCGGGCATGGTGGTGGCCACCTGTAATCCCAGCTACTCAGGAGACTGAGGCAGGAGAATCGTTTGAAACCGGAAGGCAGAGGTTGCAGTGAGCTGAGATTATGCCACTGCACTCCAGCTTGGGCAACAAGAGTGAAACTCCATCTCAAAATAAATAAATAAA","GGCCGAGTGCGATGGCTCATGCCTGTAATCCCAACATTTTGGGAGGCTGAGGTGGGCAGATCACGAGGTCAGGAGTTTGAGACCAGCCTGGCCAACATGGTGAAACCCTGTCTCTACTAAAAATACAAAAATTAGCCAGGCCTGGTGGCGGGCACCTGTAATCCCAGCTACTCAGAAGACTGAGGCAGGAGAATCGCTTGAAACTGGAAGGCGGAGGTTGCAGTCAGCTGAGTTTATGCCACTGCACTCCAGTTTGGGCAACAAGAGTGAAACTCAGAATCAAAATAGAGAAATAAA"
"chr4","78909056","78909335","KN294827v1","198124","198410","17","78710932","GGCTGGGTGCGGTGGCTCACCCCTGTAATCCCAGCACTTTGGGAGGCCAAGGCGGGTGGATCACGAGGTCAGGAGTTTGAGACCAGCCTGGCCAACATGGTGAAACCCCATCTCTACTAAAAATAGAAAAATTAGCCAGGCATGTTGGCAGGTGCCAGCTGAGCCAGGAGAATCGCTTGAAACTGGAAGACAGAGGTTGCAGTGAGCCAAGATCGCACCACTGCACTCCAGTCTGGGCCAAAGAGCGAACTGTCTCAAAAAAAAAAAAAAAAAAAAAAAA","GGCCAAGTGCAGTGGCTCACCCCTGTAATCCCAGCACTTTGGGAGGCCAAGGCGGGTGGATCACGAGGTCAGGAGTTTGAGACCAGCCTGGCCAACATGGTGAAACCCCATCTCTACTAAAAATAGAAAAATTAGCCAGGCATGGTGGCGGGTGCCAGCTGAGTCAGGAGAATCACTTGAAACTGGAAGGCAGAGGTTGCAGTGAGCCAAGATCGCACCACTGCACTCCAGTCTGGGCGAAAGAGCGAAACTCTGTCTCAAAAAAAAAAAAAAAAAAAAAAAAAAAA"
"chr4","80334381","80334547","KN296486v1","479864","480019","33","79854517","TCCCAGCACTTTGGGAGGCCGAGGTGGGTGGATCACGAGGTCAGGAGTTCAAGACCAGACTGGCCAACATGGTGAAATTCCGTCTCTACTAAAATTACAAAAATTAGCTAGGCATGATGGTGGGCGCCTGTAATCCCAGCTACTCAGGAAGCTGAGGCAGAAGAATC","TTTGCGAGGCCGAGGTGGGCGGATCACGAGGTCATGAGTTCGAGACCAGCCTGGCCAGCATGGTGGAACCCCATCTCTACCAAAAGTACAAAAATTAGCCAGGTGTGGTGGTGGATGCCTGTAATCCCAGCTACTCGGGAGGCTGAGGCAAAACAA"
"chr4","82972702","82972971","KN296732v1","3669496","3669767","38","79303206","GCTGGACACAGTGGCTCACGCCTGTAATCCCAGCACTTTGGGAGGCCGAGGCAGGTGGATCACGAGGTCAGGAATTCGAGACCAGCCTGGCCAACATGGTGAAACCCCGTCTCTACTAAAACTACAAAAATTAGCCAGGCGTGGTAGCGTGCGTCTATAATCCCAGCTACTCGGGAGGCAGAGGTTGCAGTGAGCTGAGATTGCGCCATTGCACTCCAGCCTGGGCAACAAGAGCAAGAATCCCTCTAAAAAAAAAAAAAAAAAAAAAAA","GGCCGGGCGCGGTGGCTGACACCTGTAATCCCAGCACTTTGGGAGGCTGAGGCAGGTGGATCACGAGGTCAGGAGATGGAGACCATCCTGGCTAACATGGTGAAACCCTATCTCTACTAAAAATAAAAAAATTAACTGTGTGTGGTGGCGGGCGCCTGTAATCCCAGCTACTCGGGAGGCGGAGGTTGCGGTGAGCCAAGATTGCACCATTGCACTCCAGCCTGGGCAACAAGAGCGAAACTTCGTCTCAAAAAAAGAAAAAAAAAAAAAAA"
"chr4","84111900","84112204","KN294458v1","1248815","1249123","28","82863085","GCAGGGCACGGTGGCTCATGCCTGTAATCCCAGCACTTTGGGAGGCCGAGGCGGGAGGATCACGAGGTCAGCAGTTCGAGACCAGCCTGACCAACATGGTGAAACCCCATCTCTACTAAAAATACAAAAAATTAGCTGGGCATGGTGGCAGGTGCCTGTAATCACAGCTACTTGGGAGGCTGAGGCAGGAGAATGGCTTGAAACTGGAAGGCGGAGGTTGCAGTGAGCCAAGATTGCACCATTGCACTCTAGCCTGGGCAACAAGAGCAAAACTCCATCTCAAAAAAAAAAAAAAAAAAAAAAAA","GGCCGGGCGCAGTGGCTCATCCCTGTAATACCAGCACTTTGGGAGGCCTAGGTGGGTGGATCACGAGGTCAGCAGTTGGAGACCAGCCTGACCAACATGGTGAAACCCCATCTCTACTAAAAATACAAAAAAATTAGCTGGGCATGGTGGCAGGGCCTGTAATCCCAGCGACTTGGGAGGCTGAGGCAGGAGACTTGCTTGAAACCGGAAGGTGGAGGTTGCAGTGAGCTGAGATTGCGCCACTGCACTCTAGCCTGGGCATTAAGAGCAAAACTCCGTCTCAAAAAAAAAAAAAAAAAAAAAAAAAAA"
"chr4","85461481","85461781","KN294266v1","135124","135424","36","85326357","GGCTGGGCGTGGTGGCTTACACCTATAATCCCAGCACTTTGGGAGGCCATGGCGGACAGATCACGAGGTCAGGAGTTTGAGACCAGCCTAGTCAACATGGTGAAACCCCATCTCTACTAAAAATACAAAAATTAGCCGGGTGTGGTGGCAGACACCTGTAATCCCAGCTACTCAGGAGGCTGAGGCAGGAGAATCACTTGAAACCAGAAGGTGGAGGTTGCAGTGAGATGAGATCATGCCACTACACTCCAGCCTAGGCAACAAGAGCAAAACTCCATCTCAAAAAAAAAAAAAAAAAAAA","GGCTGGGCATGGTGGCTCACGCTTGTAATCTCAGCACTTTGGGAGGCCAAGGTGGGTAGATCACAAGGTCAGGAGTTCGAGACCAGCCTGGCCAACATGGTGAAACCTCGTCTCTACTAAAAATATAAAAATTAGCCAGGCATGGTGGCAGGCGCCTGTAATCCCAGCTACTCGGGAGGCTGAGGCAGGAGAACCGCTTGAAACCAGAGGGTAGAGGTTGCAGTGAGCCGAGATCATGCCACTGCACTCCAGCCTGGGCAACAAGAATGAAACTCAGTCTCAAAAAAAAAAAAAAAAAAAA"
"chr4","86746626","86746891","KN296460v1","539110","539374","55","86207516","TTGGGAGGCCGAGGCGGGCAGATCACGAAGGTCAGGAGTTTGAGACCAGCCTGGCCAACATAGTGAAACCCCGTCTCTACTAAAAATACAAAAATTAGCTGGGCGTGGTGGCGGGTGCCTGTAATCCCCTAGTCTGGAGGCTGAGGCAGGAAAATCGCTTGAAACCAGAAGGCGAATGTTGCAGTGAGCCAAGATTGCACCCAAACAAGATTTTGACAAGAGCGAAACTCCGTATCAAATAAAAGAAAAAACAAAACAAAAAAAAA","TTTGGGAGGCCAAGGCAGGCAGATCATCAGGTCAGGAGTTCGAGACTAGCCTGGCCAACATGGTGAAACCCTATCTCCACTAAAAATACAAAAATGAGCCAGGCGTGGTGGCAGGCACCTGTAATCCCAGCTACTTAGGAGGCTGAGGCAGGAGAATCACTTGAAACCAGAAGGCAGAGGTTGCAGTGAGCCGAGATTGTGCCACTGTACTCCAGCCTGAGCAACAAGAGCTAAACTCCGTCTCAGAAAAAAAAAAAAAAAAAAA"
"chr4","90795008","90795317","KN296154v1","3831130","3831439","38","86963878","GGCTGGGTGCGGTGGCTCACACCTGTAATCCCAGCACTTTGGGAGGCAGAGGGTGGGCTGATCACAAGGTCAGGAGTTCGAGACCAGCCTGGCCAACATGGTGAAACCCCATCTCTACTAAAAATACAACTTAGCTAGGCGTGGTTGCGGGCACCTGTAATCCCAACTACTCGGGAGACTGAGGCAGAAGAATCACTTGAAACCAGAAAGCAGAGGTTGCAGTGAGCCGAGATCGTGCCACTGCACTGCAGCATGGGCAACAAGGGCAAAACTCTGTCTCAAAAAAAAAAAAAAAAAGGAAACAAAGAAA","GGCCGGGCTCGGTGGCTCACACCTGTAATCCCAGCACTTTGGGAGGCCGAGGTGGGTGGATCACTAAGTCAGGAGTTCAAGACCAGCCTGGCCAACATGGTGAAACCCCATCTCTACTAAAAATACAAAAATTAGCTAGGCGTGGTGGTGAGCACCTATAGTCCCAGCTACTCAGGAGGCTGAGGCAGGAGAATTGCTGGAAACCAGAAGGCGGAGGTTGCAGTGAGCTGAGATTGTGCCACTGCACTCCAGCCTGGGCAACAAGAGTAAAATGCTGTCTCAAAAAAAAAAAAAAAAAGAAAAAAGAAAA"
"chr4","91753606","91753843","KN295941v1","2722252","2722494","33","89031354","GCTGGGCACGGTGGCTCATGCCTGTAATCCCAGCACTTTGGGAGGCTGAGACGAGTGGATCACAAGGTCAGGAGATTGAGACCAGCCTGGCCAGCATGGTGAAACCCCGTTTCTACTGAAAATACAAAAATTAGCTGGGCATGGTGGTGGGCACCTGTAATCCCAGGTACTCGGGCCATTGCACTCCAGCCTGGGCAACAAGAGCAAAACTCCATCTCAAAAAAAAAAAAAAAAAAAA","GGCTGGGCACGGTGGCTCATACCTGTAATCCCAGCACTTTGGGAGGCCAAGGCAGGTGGATCAGGAGATCAGGAGTTTGAGACCAGCCTGGCCAACATGGTGAAACCCCGTCTCTACTAAAAATACAAAAATTAGTCAGGCATGGTGGCGGGTGCCTGTAATCTCAGCTGAGATCACGCTACTGCACTCCAGCCTGGGCAACAAAAGCGAGAGACTCCATCTCAAAAAAAAAAAAAAAAAAAA"
"chr4","92370370","92370570","KN296139v1","2","203","29","92370368","GGCCGGGCACAGTGGCTCAAGCCTGTAATCCCAACACTTTGGGAGGCTGAGGCGGGCGGATCACGAGGTCAGGAGTTCAAGACCAGCCTGGTCAACAGAGCAAAACCCCATCTCTACTAAAAATACAAAAACTAGCCAGGCGTGGTGGTGGGTGCCTGTAGACCCAGCTACTCAGGGAGGCTGAGGCAGAAGAATTGCTTG","GGCTGGACGCAGTGGCTCATGCCTGTAATCCCAGCACTTTGGGAGGCTGAGGCGGGGGGATCACAAGGTCAGGAGTTCAAGACTGGCCTGACCAACATGACAAAACCCCATCTCTACTAAAAATACAAAAATTAGCCCCGTGTGGTGGTGGGCGCCTATAATCCCAACTACTCGAGAGGCTGAGGCAGGAGAATCACTTGAA"
"chr4","95533126","95533420","KN294458v1","1248815","1249123","44","94284311","GATGGCTCACGCCTGTAATCCTAGCAATTTGGGAGACCAAGGTGGGTGGATCACGAGATCAGCAGTTCGAGACCAGCCTGACCAACATGGTAAAACCCCGTCTCTACTAAAAATACAAAAAAAATTAGCTGGGCATGGTGGCGGGCGTCTGTAATGCCAGCGACTTGGGAGGCCGAGGAAGAATTGCTTGAAACCGGAAGGCAGAGGTTGCAGTGAGCCGAGATTGCACCACTGCACTCTAGCCAGGGCAATAAGAGCAGAACTCCGTCTCAAAAAAAGAAAAAAACAAGAAAAA","GGCCGGGCGCAGTGGCTCATCCCTGTAATACCAGCACTTTGGGAGGCCTAGGTGGGTGGATCACGAGGTCAGCAGTTGGAGACCAGCCTGACCAACATGGTGAAACCCCATCTCTACTAAAAATACAAAAAAATTAGCTGGGCATGGTGGCAGGGCCTGTAATCCCAGCGACTTGGGAGGCTGAGGCAGGAGACTTGCTTGAAACCGGAAGGTGGAGGTTGCAGTGAGCTGAGATTGCGCCACTGCACTCTAGCCTGGGCATTAAGAGCAAAACTCCGTCTCAAAAAAAAAAAAAAAAAAAAAAAAAAA"
"chr4","98031397","98031709","KN296154v1","3831130","3831439","43","94200267","GGCCAGGCATGGTGGCTCACACCTGTAATCCCAGCACTTTGGGAGGCTGAGATGGGCGGATCACAAGGTCAAGAGATGGAGACTATCCTGGCCAACATGGTGAAACCCCATCTCTACTAAAAATACAAAAAATTAGCTGGGCGTGGTGGCCTGTAGTCCCAGCCTATAGTCCCAGCTACTCAGGAGGCTGAGGCAGCAGAATCGCTTGAAACCGGAAGGCGGAGGTTGCAGTGAGCCGAGATCATGCCACCGCACTCCAGCCTGGGCAAAAAGAACAAAACTCTGTCTCAAAAAAAATAAAAAATAAAAAAAA","GGCCGGGCTCGGTGGCTCACACCTGTAATCCCAGCACTTTGGGAGGCCGAGGTGGGTGGATCACTAAGTCAGGAGTTCAAGACCAGCCTGGCCAACATGGTGAAACCCCATCTCTACTAAAAATACAAAAATTAGCTAGGCGTGGTGGTGAGCACCTATAGTCCCAGCTACTCAGGAGGCTGAGGCAGGAGAATTGCTGGAAACCAGAAGGCGGAGGTTGCAGTGAGCTGAGATTGTGCCACTGCACTCCAGCCTGGGCAACAAGAGTAAAATGCTGTCTCAAAAAAAAAAAAAAAAAGAAAAAAGAAAA"
"chr4","99039586","99039891","KN295929v1","163710","164015","32","98875876","GGCCAGGTGTGGTGGCTCACGCCTGTAATCCCAGCATTTTGGGAGGCCAAGGTGGGCAGATCACGAGGTCAGGAGTTCGAGACCAGCCTGGGCAACATGGTGAAACCCCATCTCTACTAAAAATACAAAAATTAGCCAGGTGTGGTGGTGGGCACCTGTAATCCCAGCTACTCAGGAGGCTGAGGCAGAAGAATCGCTTGAAAACAGAAGGTGGAGGTTGCAGTGAGCAGAGATCACGCCACTGCACTCCAGCCTGGGCGACAGAGTGAAACTCTGTCTCAAAAAAAAGTTAAAAAAAAAAAAAAA","GGTCAGGCATGGTGGCTCACGCCTGTAATTCCAGCATTTTGGGAGGCCGTGGCAGGCGTATCACGAGGTCAGGAGTTTGAGACCAGCCTGGGCAACATGGTGAAACCCGATCTCTACTAAAATTACAAAAATCAGCCAGGTGTGGTGGCGGGCACCTGTAATTCCAGCTACTCGGGAGGCTGAGGCAGGAAAATCTCTTGAAACCGGAAGGTGGAGGTTGCAGTCAGCAGAGATCGCGCCACAGCACTCCAGTCTGGGCGAAAGAGCAAAACTCAGTCTCAAAAAAAGTTAAAAAAAAAAAAAAAA"
"chr4","103072057","103072356","KN295596v1","93475","93775","29","102978582","GGCTGGGTGCGGTGGCTCACGCCTGTAATCCCAGCACTTTGGGAGGCCAAGGCGGGCAGATCATGAGGTCAGGAGTTTGAGACCAGCCTGGCCAACATGGTGAAACCCCATCTCTACTAAAAATAGAAAAAGTAGCTGGGCATGGTGGCCGGCACCTTTAATCCCAGCTACTCGGGAGGCTGAGGCAGGAGAATAGCTTGAAACCGGAAGGCAGAGGTTGCAGTGAGCTGAGATCTCGCCACTGCACTCCAGCCTGGGCAAAAGAGCGAAACTCCACCTCAAAAAAAAAAAAAAAAAAAA","GGCCGGGCGCAGTGGCTCACGCCTGTAATCTCAGCACTTTGGGAGGCCGAGGCGGGCGGATCTTGAGGTCAGGAGATCAAGACCAGCCTGGCTAACATGGTGAAACCCGTCTCTACTAAAAATACAAAAATTAGCTGGGCGTGGTGGCGGGCGCCTGTAATCCCAGCTACTCGGGAGGCTGAGGCAGGAGAATCGCTTGAAACCGGAAGGCAGAGGTTGCAATGAGCCAAGATCGTGCCACTGCACTCCAGCCTGGGCAACAAGAGCGAAACTCCATCTCCAAAAAAAAAAAAAAAAAGAA"
"chr4","106962946","106963074","KN295552v1","328799","328927","23","106634147","GCTACTCAGGAGGCTGAGGTAGGGGAATCGCTTGAAACTGGGAGGCAGAGGGTGCAGTGAGCCAAGATCAAGCCACTTCACTCCAGCCTGGGCAATATGAACGAAACTGCGTCTCAAAACAAAACAAAA","GCTACTCGGGAGGCTGAGGCAGGAGAATTGCTTGAAACTGAAGGCAGAGGTTGCAGTGAGCCGAGATCGCGCCACTGCACTGTAGCCTGGGCAACAAGAGCAAAACTCTGTCTCAAAAATAAAAAAGAA"
"chr4","108598865","108599030","KN295480v1","3141299","3141468","46","105457566","AAATGCAAAATCTTGGCCAGGTGCGGTGGCTCACGCCTGTAATCCCGGCACTTTGGGAGGCCGAGGCTTGAAACTGGGAGGCGGAGGTTGCAGTGAGCCGAGATTGCACCACTGCACTCCAGCCTGGGCAACCAGAGTGAATCTCCATCTCAAAAAATAAAAAAAA","TGCAAAAATTAGCTGGGCGTGGTGGTGGGTGCCTATAATCCCAGCTATTTGAGAGGCTGAGGCAGGGAAATCACTTGAAACAGGAAGCAGGAGGTTGCAGTGAGCTGAGATCGCGCCACTGCACTCCAGCCTAGGCGAAAGAGTGAAACTCCGTCTAAAAAAAAAAAAAA"
"chr4","109503227","109503523","KN295596v1","93475","93775","32","109409752","GGCGGGGCACAGTGGCTCATGCCTGTAATCCCAGCACTTTGGAAGGCCGAGGTGGGTGGATCATGAGGTCAGGAGTTCAAGACCAGCCTGGCCAACATGGTGAAACCCCATCTCTACTAAAAATTGAAAAATTAGCTGGGTGTGGTGTGGCGGGCGCCTGTAATCCCAGCTACTCGGGAGGCTGAGGCAGGAGAATCGCTTGAAACCGGAAGGCAGAGGTTGCAGTGAGCCGAGATCGAGCCATTGCACTCCAGCCAGGCAACAAGAGTGAAACTCTAACTCAAAAAAAAAAAAAAA","GGCCGGGCGCAGTGGCTCACGCCTGTAATCTCAGCACTTTGGGAGGCCGAGGCGGGCGGATCTTGAGGTCAGGAGATCAAGACCAGCCTGGCTAACATGGTGAAACCCGTCTCTACTAAAAATACAAAAATTAGCTGGGCGTGGTGGCGGGCGCCTGTAATCCCAGCTACTCGGGAGGCTGAGGCAGGAGAATCGCTTGAAACCGGAAGGCAGAGGTTGCAATGAGCCAAGATCGTGCCACTGCACTCCAGCCTGGGCAACAAGAGCGAAACTCCATCTCCAAAAAAAAAAAAAAAAAGAA"
"chr4","123219874","123220167","KN297452v1","2670478","2670777","31","120549396","GCCGGGTGCAGTGGCTCACGCCTGTAATCCCAGCACCTTGGGAGGCCGAGGCAGGTGGACCACAAGGTCAAGAGATCGAGACCATCCCGGCCAACATGGTGAAACCCCGTCTCTACTAAAAATACAAAAAATTAGCTGGGCATGGTGGCATGTGCCTGTAGTCTCAGCTACTCGGGAGGCTGAGGCAGGAGAATCGCTTGAAACAGAAAGGCGGAGGTTGCAGTGAGCCAAGATCTCACCACTGCACTCCAGCCTGGGCAACAAGAGCGAAACTCTGTCTCAAAAAAAAAAAAA","GCCGGGTGCCATTGCTTACGCCTGTAATCCCAGTACTTTGGGAGGCCGAGGTGGGCGGATCACGAGGTCAAGAGATCGAGACCATCCTGGCCAACATGGTGAAACCCCGTCTCTACTAAAAAATACAAAAAATTAGCTGGGCATGGTGGCGTGTGCCTGTAATCCCAGCTACTCGGGAGGCTGAGGCAGGAGAATCACTTGAAACCGGAAGGCGGAGGTTGCAGTGAGCCAAGATAGTGCCACTGCACTCCAGCCTGGGCAACAAGAGCGAAATTCCATCTCAGAGAAAATAAAAAAAAA"
"chr4","124751616","124751932","KN294630v1","180208","180517","71","124571408","GGCCAGGTGTGGTGGGTGGCTCATGCCTGTAATCCCAGCATTCCGGGAAGCTGAGGTCAGATGTTAGAAGTTCGAGGCTAGCCTGGCTAAAATGGTGAAACCCCCGCCTCCACTAAAAATACAAAAAAAAAAATTAGCCAGGCATAGTGGCACATGCCTGCAGTCCCAGCTACTTGGGAGGCTGAGGCAGGAGAATCACTTGGAACCAGAAAGCGGAGGTTGCAGTCAGCCGAGATCGTGCCATTGCACTCCAGCCTGGGCGACAATAGCAAAACTCCCTCTCTAAATAAATAAATAAAAGCGTACAAGAAAAAAAA","GGCCGGGCGTGGTGGCTCACGCCTGTAATCCCTGCACTTTGGAAGGCTAAGGTGGGCAGATCACGAGGTCAGGAGGTCGCGACCAGCCTGGCCAACATGGTGAAACCCCGTCGCTACTAAAAATACAAAAATTAGCCAGGAGTGGTGGCGGGTGCCTGTAGTCCCAGCTACTCAGGAGGCTGAGGCAGGAGAATTGCTTGAAACCAGAAGGCGGAGGTTGCAGGGAGCCGAGATCATGCCACTGCACTCCAGCCTGGGCGACAGAGCAAAACTCCGTCTCAAAAAAAAAAAAAAAAAAAAAAAAGGAAAA"
"chr4","125704529","125704748","KN294416v1","812211","812430","32","124892318","GCCAACATGGTGAAACCCCCTCTCTACTAAAAATACAAAAATTAGCCTGGTGTGGCGGCAGGCGCCTGTAGTCCCAGCTACTCAGGAGGCTGAGGCAGGAGAATCCCTTGAAACTGGAAGGCGGAGGTTGCAGTGAGCAGAGATCGGGCCACTGCACTCCACCTTGGGCAACAAGAGCGAAACTCTGTCTCAAAAAAAAAAAAAAAAAAAAAAAAAAAAA","TGGCCAACATGGTGAAACGCTGTCTCTACTAAAAATACAAAAATTAACCTGGCATGGTGGCTGGCACCTGTAATCCCAGCTACTCGGGAGGCTGAGGCAGGAGAATCACTTGAAACCAGAAGGCGGAGGTTGCAACGAGCTGAGATCGTGCCACTGCACTCCAGCCTGGGCAACAAGAGTGAAACTCCATCTCAAAAAAAACAAACAACAACAACAAAAA"
"chr4","130222253","130222542","KN297171v1","827058","827345","37","129395195","GGCTGGGCACAGTGGCTCATGCCTGTAATCTCAGCACTTTGGGAGGCCGAGGTGGGTAGATCACGAGGTCAGGAGTTCAAGACCAGCCTGGCCAACATGGTGAAACCGAATCTCTGCTAAAATACAAAAATTAGCTGGGAGTAGTGGCAGGTGCCTCTAATCCCAGTTACTCGGGAGGCTGAGTCAGGAGAATTGCTTGAACCTGACGGGCAGAGGTTGCAGTGAGCCGAGATCGTACCATTGCACTCCAGCCTGGGCAATAAGAGCAAAACGTCATCTCAAAAAAAAAA","GGCTGGGGACAGTGGCTCACACCTGTAATCTCAGCACTTTGGGAGGCCGAGGTGGGTGGATCATGAGGTCAGGAGTTCGAGACCAGCCTGGCCAACATGGTGAAAACCCATCTCTACTAAAAATGCAAAAATTAGCTGGGAGTGGTGGCAGGTGCCTGTAATCCCAGCTACTCGGGAGGCTGAGGCAGGAGAATCACTTGAAACCGAAAGGTGGAGGCTGCAGTGAGCCGAGAGTGTGCCACTGCACTCTAGCCTGGGCAACAAGAGCAAAACTCTGTCTCAAAAAAA"
"chr4","131481309","131481615","KN297205v1","196973","197282","50","131284336","GGCCAGGCGCTGTGGCTCACACCTGTAATCCCAGCACTTTGAGAGGCCGAAGCAGGCAGATCACGAGGAGTTTGAGACCAGCCTGGCCAACATGATGAAATTTTGTCTCTACTAAAAATACAAAAATTAGCAGGGTGGGTGGCAGGCGCCTGTAATCCAGCTACTCAGAAGGCTGAGGCAGGAGAATTGCTTGAAACTGGAAGGTGGAGTTTGAGTGAGCCAAGATCCCACCACTGCACTGCAGCCTGGGCAATAAGAGCAAGACTCTGTCTCAAAAAAAAAAAAAAAAAAAAAAAGAAAACAAAAA","GGCCAGGCGCGGTGGCTCACACTTGTAATCCCAGCACTTTGGGAGGCTGAGGCAGGCAGATCACAAGGTCAGGAGTTTGAGACCAGCCTGCCCAACATGGTGAAACCCCGTCTCTACTAAAAATACAAAAATTAGTTGGGCATGGTGGCAGGCACCTGTAATCCCAGCTACTTGGGAGGCTGAGGCAGGAGAATCACTTGAAACTGGAAGGCGGAGGTTGCAGTGAGCCGAAATCACGCCATTGCACTCCAGCCTAGGCTACAAAGCAAGACTCCATCTCAAAAAAAAAAAAGAAAAGAAAAGAAAAGAA"
"chr4","135364770","135365049","KN296750v1","1542392","1542670","41","133822378","GGCCGAGCACAGTGGCTCACCCCTGTAATCCCAGCACTTTGGGAGGCCAAGGCGGGCAGTTCACGAGGTCAGGTGTTCGAGACCAGCCTGACCAGCATGCTGAAACCCCATCTCTACTAAAAATACAAAAATTAGCCAGGTGTGGTGGCGGGCGCCTGTAATCCCAGCTACTCGGGAGGCTGAGGCAGGAGAATCCCTTGCAACCAGAAGGCAGAGGTTGTGGTGAGCTGAGATCATGCCACTGCAATCCAGCCTGGGCAACAAGAGCTAAACTCTGTCT","CTGGGCACAGTGGCTCATGCCTGTAATCCCAGCATTTTGGGAGGCCGAGGAGGGCGGATCACAAGGTCAAGAGATTGAGACCATCCTGGCCAACATGGTGAAACCCCATCTCTACTAAAAATACAAAAAATTGGCCAGGCGTGGTGGCAGGTGCCTGTAATCCCAGCTACTCAGGAGTCTGAGGCAGGAGAATCGCTTGAACTCATAAGGCAGAGGTTGCAGTGAACCAAGATCACACCACTGAACTCCAGCCTGGGCAACAAGAGCAAAACTCTGTCT"
"chr4","135903764","135903933","KN296153v1","1167324","1167494","21","134736440","GGCCAGGCATGGTGGCTCACACCTGTAATCCCAGCACTTTGGGAGGCTGAGGCGGGCGGATCATGAGGTCAGGAGTTTGAGACCAGCCTGACCAATATGATGAAACCCCGTCTCTACTACAAATACAAAAATTAGCCGGGCATGGTGGCAGGCACCTGGAATCCCAGCTA","GGCCAGGTGCGGTGGCTCACGCCTGTAATCCCAGCACTTTGGGAGGCTGAGGCGGGCAGATCACAAGGTCAGTAGTTCGAGACCAGCCTGGCCAACATAGTGAAACCCTGTCTCTACTAAAAATACAAAAAAATTAGCCAGGCGTGGTGGCAGGCACCTGTAATCCCAGCT"
"chr4","136716222","136716510","KN296261v1","217749","218055","45","136498473","TGGCTCACACCTGTAATCCCAGCATTTAGGAGGCCGAGGCAGGCGGATCACGAGGTCAGGAGTTCAAGACCAGCCTCGCCAACATGATGAAACTCCTTCTCTAATAAAATATAAAAATTAGCCGGGTGTGGTGGTGGGCACCTGTAATCCCAGCTACTTGGGAGGCTGAGGCTGAAGAATTGCTTGAAACCAGAAGGTGGAGGTCGCAGTGAGCCAAGATGGAGCCACTGCACTCCAACCTGGGCAACAAAAGTGAAACTCCATCTCAAAAAAAAAAAAAAAAAAAAAA","GGCTGGGCACGGTGGCTCACACCTGTAATCCCAGCACTTTGGGAGGCCAAGGCGGACGGATCACGAGGTCAGGAGTTCAAGACCAGCCTGGCCAACATGATGAAACTCCGTCTCTACTAAAAATACAAAAAATTAGCGGGGCATGGTGGCGGGCACCTGTAATCCCAGCTACTCGGGAGGCTGAGGCAGGAGAATTGCTTGAAACCGGAAGGCGGAGGTTGCAGTGAGCTGAGATTGCGCCACTGCACTCCAGTCTGGGCAACAAGAGTGAAACTCCGTCTTAAAAAAAAAAAAAGAAAGAAAAAAA"
"chr4","141686015","141686297","KN295935v1","69334","69620","48","141616681","GGCTGGGCGCAGTGGCTCACGTCTATAATCCCAGCATTTTGAGAGGTCGAGACGGGCAGATTACAAGGTCAGGTGTTCGAGACCAGCCTGGCCAACATGGCGAAACCCCGTCTCTGCTAAAAATAAAAAAATTAGCCAGGCATGGTGGTGGTCACCTATAATCCCAGCTACTCAGGAGGCTGAGGGAGGAGAATCGCTTGAGCCCCATAGGCAGTGGTTGCAGTAAGCCGAGATCATGCCATTGCACTCCAGCCTGGGCAACAAGAGCAAGAGTTCATCTCAA","GGCTGGGCACGGTGGCTCACGCCTGTAATCCCAGCACTTTGGGAGGCCGAGGTGGGCAGATCACAAGGTCAGGAGCTGGAGACCAGCCTGGCCAACATGGTGAAATCCTGTCTCTACTAAAAATACAAAAATGAGCCAGGCGTGGTGGCAGGCACCTGTAATCCCAGCTACTCAGGAGGCTGAGGCAGGAGAATCACTTGAAATGGGGAGACGGAGATTGCAGTGAGCCAAGATCATGCCACTGCACTCCAGCCTGGGCAACAAGAGTGAGACTCCATCTCAAAAAA"
"chr4","142553909","142554218","KN296261v1","217749","218055","37","142336160","GGCTGGGAGCGGTGGCTCACACCTGTAATCCCAGCACTTTGGGAGGCCGAAGTGGGCAGATCACGAGGTCAGGAGATTGAGACCAGCCTGGCCAACATGCTGAAACTCTGTCTCTACTAAAAATATAAAAATTAGCTGGGCATGGTGGCCAGCGCCTGTAATCCCAGCTACTCTGGAGGGTGAGGCAGGAGAATTGTTTGAATCCTGAAGGAGGAGGTTGCAGTGAGCCGATATTGCCCAGTGCACTCCAGCCTGGGCAACAAGAGTGAAACTCCATCTCAAAAAAAAAAAAAAAAAGAAAAAGAAAAAA","GGCTGGGCACGGTGGCTCACACCTGTAATCCCAGCACTTTGGGAGGCCAAGGCGGACGGATCACGAGGTCAGGAGTTCAAGACCAGCCTGGCCAACATGATGAAACTCCGTCTCTACTAAAAATACAAAAAATTAGCGGGGCATGGTGGCGGGCACCTGTAATCCCAGCTACTCGGGAGGCTGAGGCAGGAGAATTGCTTGAAACCGGAAGGCGGAGGTTGCAGTGAGCTGAGATTGCGCCACTGCACTCCAGTCTGGGCAACAAGAGTGAAACTCCGTCTTAAAAAAAAAAAAAGAAAGAAAAAAA"
"chr4","147774909","147775211","KN296312v1","103652","103955","39","147671257","GGCCGGTGCGGTGGCTCACGCCTGTAATCCCAGCACTTTGGGGGGCCGAGGCGAGTGGATCACGAGGTCAGGAGTTCAAGACCAGCCTGGCCAACATGGTGAAACCCCGTCTCTACTAAAAATACAAAAATTAGCCAGGCGTGGTGGCGAGAGCCTATAATCCCAGCTACTCAGAAGTAGAGTACTCCTGAGGCAGTAGAATCACTTGAAACTGGAAGACAGAGGTTGCAGTGAGCCCAGATCATGCCACTGCACTCCAACCTGGACAAAAGGGCGAAACTCCGTCTCAAAAAAAAAAAAAAA","GGCCAGATGCGGTGGCTCATGCCTATAATCCCAACACTTTGCGGGGCTGAGGTGGGCGGATCACAAGGTCAGGAGTTCAAGACCAGCCTGGCCAACATGGTGAAACTCCATCTCTACTAAAACTACAAAACTTAGGCATAGTGGTGAGAGCCTGTAATCCCAGCTACTCAGAAGTAGAGTACTCTTGAGGCAGTAGAATCATTTGAAACCGGAAGGCAGAGGTTGCAGTGAGCTGAGATGATGCCACTGCACTCCAGCCTGGATGAAAGGGCCAAACTCCATCTCAAAAAAAAAAAAAAAAAAA"
"chr4","151404176","151404488","KN296325v1","72741","73040","48","151331435","GGCCAGGCATGGTGGCTCATGCCTGTAATCCCAGCGCTTTGGGAGGCCGAGGCAGGCCGATCACAAGGTCAGGAGTTTAAGACCAGCCTGGTCAACATGGTGAAGCCCCATCTCTACTAAAAATACAACAATTAGCTGGGCATGATGGTGGGCGCCTGCAATCCCAGCTACTCGGGATTGCAATTTCAAGGCAGGAGAATCACTTGAAACTGGAAGGCGGAGGTTGCAGTGAGCCGAGATTGCACCACTGCACTCTAGCCTGGACCAAAGAGTGAAACTCCGTCTCAAACAAAACAAAACAAAACAAAAAGAA","GGCCAGGCGCGGTGGCTCATGCCTGTAATCCCAGCACTTTGGGAGGCCGAGGCGGGCGGATCACGAGGTTAGGAGTTCAAGACCAACCTGGCCAACAAGGTGAAGCCCCGTCTCTAATAAAAATACAACAATTAGTAGGGTGTGGTGGTGGGCGCCTGTAATTCCAGCTACTCAGGAGGCTGAGGCAGGAGAATCACTTGAAACCGGAGGCAGAGGTTGCAGTGAGCGGAGATTGCTCCACTGCACTCCAGCCTGGGCAACAAGAGCGAAACTTTGTCTCAAAAAAAAAAAAAAAAAGAA"
"chr4","153091671","153091971","KN295596v1","93475","93775","40","152998196","GGCCAGACACAGTGGCTCACACTTGTAATCCCAGCACTTCGGGAGGCCAAGGCGGGCGGATCATGAGGTTAGGAGTTTGAGACAAGCCTGGCCAATATGGTGAAACCCCGTCTCTACTAAAAATACAAAATTAGCCAGGCGTGGTGGTGCATGCCTGTAATCCCAGCTACTTGGGAGGCTGAGGCAGGTGTATCTCTTGAAACCAGGAGGCGGAGGTTGCGGTGAGCCAAAATCATGCCATTGCACTCCAGCCTGGGCAACAAGAGCGAAACTCCGTCTCAAAAAAAAAACAAAAAAAAAA","GGCCGGGCGCAGTGGCTCACGCCTGTAATCTCAGCACTTTGGGAGGCCGAGGCGGGCGGATCTTGAGGTCAGGAGATCAAGACCAGCCTGGCTAACATGGTGAAACCCGTCTCTACTAAAAATACAAAAATTAGCTGGGCGTGGTGGCGGGCGCCTGTAATCCCAGCTACTCGGGAGGCTGAGGCAGGAGAATCGCTTGAAACCGGAAGGCAGAGGTTGCAATGAGCCAAGATCGTGCCACTGCACTCCAGCCTGGGCAACAAGAGCGAAACTCCATCTCCAAAAAAAAAAAAAAAAAGAA"
"chr4","153174997","153175319","KN294458v1","1248815","1249123","44","151926182","GGCCGGGCTCGGTGGCTCAGGCCTGTAATGCCAGCACGTTGGGAAGCCGAGGCGGGTGGATCACGAGGTCAGCAGTTCGAGACCAGCCTGACCAATATGGTGAAACCCTGTCTCTACTAAAAATACAAAAAAATAATTAGCTGGGCATTGTGGCAGACGCCTGTAATTCCAGTGACTTGGGAGGCTGAGGCAGGAGAATCGCTTGAAACCGGAAGGCAGAAGGCGGAGGTTGCAGCGAGCCGAGATTGCACCACTGCACCTTAACCTGGGCAATAGGAGCAAAACTCTGTCTCAAAAAAAAACAAAACAAAACAAAAACAAAA","GGCCGGGCGCAGTGGCTCATCCCTGTAATACCAGCACTTTGGGAGGCCTAGGTGGGTGGATCACGAGGTCAGCAGTTGGAGACCAGCCTGACCAACATGGTGAAACCCCATCTCTACTAAAAATACAAAAAAATTAGCTGGGCATGGTGGCAGGGCCTGTAATCCCAGCGACTTGGGAGGCTGAGGCAGGAGACTTGCTTGAAACCGGAAGGTGGAGGTTGCAGTGAGCTGAGATTGCGCCACTGCACTCTAGCCTGGGCATTAAGAGCAAAACTCCGTCTCAAAAAAAAAAAAAAAAAAAAAAAAAAA"
"chr4","156194731","156195030","KN296319v1","810453","810752","46","155384278","CCAGGCACGGTGGCTCACGCCTGTAATCCCAGCACTTTGGAATGCCAAGGTGGGCAGATCACGAGGTCAGAAGTTCAAGACCAGCCTGGCCAACATAGTGAAACCCCATCTCTACTAAAAATAAAAAAATTAGCCGGGCATGGTGGTAGGTGCCTGTAATCCCAGCTACTCAGGAGGCTGAGGCAGGAGAATCTCTTGAGGCGGGGGTTGCAGTGAGCCGAGATTGCGCCACTGCCCTCCAGCCTGGGTAACAAGAGCGAAAACTCCATCTCAAACAAACAAACAACAAACAAACAAGAA","GGTTGGGCGCAGTGGCTCACGCCTGTAATCCCAGCACTTTGGGAGGCCAAGGCGGGCAGATCACGAGGTCAGGAGTTCAAGACCAGCCTGGCCAACATGGTGAAACCTCATCTCTACTAAAAATGCAAAAATTAGCCGGGCATGCTGGCAGGTGTCTGTAATCCCAGCTACTTGGGAGGCTGAGGCAGGAGAATCGCTTGAATCCGGGAAGTGGAGGTTGCAGTGAGCCAAGACTGCGCCACTGTACTCCAGCCTGGGCAACAAGAACAAAACTCCATCTCAAAAAAAAACACAAAAAAA"
"chr4","156718530","156718698","KN296859v1","1380930","1381092","32","155337600","AAATTAGCCTGGTGTGTTGGCAGGTGCCTGTAATCCCAGCTATTCGGGAGGCTGAGGCAGGAGAATCGCTCGAAATGGGAAGGCAGAGGTTGCAGTGAGCCAAGATCATGCCACTTCACTCCAGCCTGGGCAATAAGAGAGAAACTCTGTCTCAAAAAAAAAAAAAAAA","TTAGCTGGGCATGGTGGCGGGGGCCTGTAATCCCAGCTACTCGGGAGGCTAAGGCAGGAGAATCGCTTGAAACCGGAAGGAGGAGGTTGCAGTGAGCTGATATCACACCACTGCACTCCAGCCTGGGCAAAAGAGTGAACCTCCGTCTCGGGAAAAAAAAAAA"
"chr4","161127566","161127868","KN294187v1","248956","249258","41","160878610","GGCCGGGCACGGTGGCTCACGCCTGTAATCCAAGCACTTTGGGAGGCCGAGGTGGGCAGATCACGAGGTCAGGAGTTTGAGACCAGACTGGCCAACATGGTGAAACCCGTATCTACTAAAAATACAAAAATTAGCCAGCATGGTGGTGGGCACCTGTAATCCCAGCCACTCGGGAGACAGGCAGGAGAATCGCTTGAAACTGGAAGGTGGAGGTTGCAGTGAACCAAGATCCCGCCATTGCACTCCAGCGGGACAACAAGAGTGAAACTCTGTCTCAAAAATAAAATAAAATAAAAAAATAAA","GGCCTAGCGCAGTGGCTCATGCCTGTAATCCCAGCACTTTGGGAGACTGAGGCGGGCGAATCATGAGGTCAGGAGTTCGAGACCAGCCTGACCAACATGGTGAAACCCGGTCTCTACTAAAAATACAAAAATTAGCCAGGCATGGTGGCGGGTGCCTGTAATCCCAGCTACTGGGGAGGCTGAGGCAGGCGAATGGCTTGAACCTGGAAGGTGGAGGTTGCAGTGAGCTGAGATCTCGCCATTGCACTCCAGCTCGGGCAACAAGAGTGAAACTCTGTCTCAAAAAAAAAAAAAAAAAAAAAA"
"chr4","165330704","165330914","KN296062v1","1929795","1929997","74","163400909","CTCTACATAAAGATTGCTTAACTCAGCTGGGCATGGTGGCTCACGCCTGTAATCCCAGCACCTTGGGGAGGCTGATGCGGGCAGATCACCTAAGGTCAGGAGTTCAGGTGAATCGCTTGAAATGAGGAGGTGGAGGTTTCAGTAAGCTGTGACTGCACTCTAGCCTGGGCACCAACAGCAAAACTCCGTCTCAAAAAAAAAGAATAAAAAA","CCTGTCTCCACTAAAAATACAAAAAAATTAGCTGAGCACGGTGGCGGGCGCCTGTAATCCTAGCGACTAGGGAGGCTGAGGCAGGAGAATTGCTTGAAATTGGAAGGCAGAGGTTGCAGTGAGCAGAGACTGTGCCACTGCACTCTAGCCTGGGCAATAAGAGCAAAACTACGTCTCAATAAACAAATACATAAATAAATAAA"
"chr4","165857749","165857909","KN295758v1","56788","56948","21","165800961","GAGCATGGTGGCAGGTGCCGGTAATTCCAGCTACTTGGGAGGCTGAGGCAGGAGAATCTGTTGAAACCAGAAGGCGGCGGTTGCGGTGAGCCGAGATTGCGTCACTGCACTCCAGGGTGAAAGAGTGAAACTCCATTTCAAAAAAATAAAATAAAATAAAA","GAGCATGGTGGCGGGCACCGCTAATCCCAGCTGCTTGGGAGGCTGAAGCAGGAGAATCGCTTGAAACCCGAAAGCAGAGGTTGCGTTGAGCCGAGATTGCGCCTCTGCACTCCTGGGCGAAAGAGTGAAACTCCATCTCAAAAAAAATAAAATAAAATAAA"
"chr4","167212243","167212540","KN294864v1","446867","447160","32","166765376","GGCTGGGCGCCGTGGCTCCCGCCTGTAATCCCAGCACTTTGGGAGGCCGAGGCGGGTGGATCATGAGGTCAGGAGTTCAAGACCAGTCCTGGCCAACATGATGAAACCCCGGCTCTACAAAAAATACAAAAAGTAGCCAGGCATGGTGCTGGGCGCCTGTAATCCCAGGTACTCAGGAGACTGAGACAGGAAATTCTCTTGCAACTGGAAGGCGGAGGTTGCTGTGAGCCGAGATCACACCATTGTACTCCAGCCTGGGCAACAAGAGTGAAAGAAACTCTGTTTCAAAAAAAAAAAA","GGCTGGGTGTGGTGGCTCCCACCTGCAATCCCAGCACTTTGGGAGGCCAAGGCAGGTGGATCATGAGGTCAGGAGTTCAAGATCAGTCCTGACCAACACGGTAAAACCACGGCTCTACAAAAAATACAAAAAGTAGCCAGGCATGGTGCTGGGTGGCTGTAATCCCAGGTACTCGGGAGGCTGAGGCAGGAAAATCGCTTGAAACTGAAAGGCGGAGGTTGCAGTGAGCCGAGATCATGCCATTGTACTCCAGCCTGGGCAACAAGAGCGAAACTCTGTCTCAAAAAAGAAAAA"
"chr4","170338099","170338382","KN295607v1","3412847","3413111","44","166925252","GGCTGGGCGTGGTGGCTCACACCTGTAATCCCAGCACTTTGGGAGGCCAAGGCGGGCAGATCACGAGATCAGGAGTTCGAGACCAGCCTGGCCAACATAGTGAAACCCCGTCTCTACTAAAAACTGGGCATGGTGGTGGGTGCCTGTAATCCCAGCTATTCAGGAGGCTCAGGCAGGAGAATCACTTGAAACTGGAAGGTGGCGCTTGCAGTGAGCTGAGATCGTGCCACTGCACTCTAGCCCAGGCAACAAGAGCAAAACTCTGTCAAAAAAAAAAAAAAGAA","GGCTGGGCATGGTGGCTCATGCCTGTAATCCCAGTACTTTGGGAGGCCGAGGCGGGCAGATCATGAGGTCAGGAGTTCGAGACCAGCCTGGCCAACAAAGTGAAACCCCATCTGTACTAAAAACTGGGCATGGTGGCGAGTGCCTGTAATCCCAGCCACTTGGGACGCTGAGGCAGGAGAATCACTGGAAACGGAGGCGGCAGTTGCAGTGAGCTGAGATCGTGCCACTGCACTCCAGCCTAGGTAACAAGAGCAAAACTCTGTC"
"chr4","177206803","177207103","KN296682v1","452001","452300","36","176754802","GGCCGGGCACAGTGGCTCACGCCTGTAATCCCAGCACTTTGGGAAGCTGAAGCGAGCAGATCACGAGGTCAGGAGTTTGAGACCAGCCTGGCCAACATGGTGAAACCCCGTCTCTACTAAAAATACAAAAATTAGCTGGGCGTGGTGGCAGGCACCTGTAATCCCAGCTACTCTGGAGGCTGATGCAGGAGAATTCCTTGAAACCAGAATTCAGAGGTTGCAGTGAGCTGAGATGGCACCTCTGCACTCCAGCCTGGGCAACAAGAGCAAAACTCTGTCTCAAAAAAATAAAAATAAAAAA","GGCCGGGCACGGTGGCTCACGCCTGTAATTTTAGCACTTTGGGAGGCTGAGGTGGGCAGATCACAAGGTCAGGAGTTTGAGACCAGCCTGGCCAACATGGCAAAACCCTGTCTCTACTAAAAATACAAAAAATAGCCAAGTGTGGTGGCGGGCACCTGTAATCCCAGCTACTCAGGAGGCTGAGGCAGGAGAATCACTTGAACCCGGAAGGCAGAGATTGCAGTGAGCTGAGATCGCGCCATTGCACTCCAGCCTGGGCAACAAGAGCAAGACCCTGTCTCAAAGAAAAAAAAAAAAAAA"
"chr4","182991693","182991996","KN295984v1","1554697","1555006","38","181436996","GGCCAGGCACAGTGGCTCATACCTGTAATCCAGCATTTTGGGGGCTGAGGTGGGCATATCACGAGGTCAGGAGTTCGAGACCAGCATGACCAACATGGTGAAACATCATCTCTACTAAAAATAAAAAAATTAGCTGGGTGTGGTGGCGGGTACCTGTAATCCCAGCTACTCAGGAGGCTGAGGCAGGAGAACTGCTTGAAACCAGAAGGCAGAGGTTGCAGTGAGCCGAGATCGCGCCACTGCACTCCAGCCTGGGCAAAAAGAGTGAAACTCCGCCTCAAAAAAAAAAAAAAAAAAAAAAGAA","GGCTGGGCACAGTGGCTCATGTCTGTAATCCCAGCACTTTGGGAGGCTGAGGTGGGCATATCACAAGGTCAGAAGTTCGAGACCAGCCTGGCCAATATGGTGAAACCCCATGTCTACTAAAAATACAAAAATTAGCCGGGCGTGGTGGTGGGCACCTGTAGTCCCAGCTACTCAGGAGGCTGAGGTAGGAGAATCACTTGAACCCAGGAGGCAGAAGTTGCAGTGAGCCGAGATAGAGCCACTGCACTCCAGCCTGGGCAACAAGAGTGAAACTCCGTCTCAAAAAATAAAAATAAATAAATAAATAAAA"
"chr4","184642030","184642334","KN296261v1","217749","218055","34","184424281","GGCCGGGCACGGTGGCTCACGCCTGTAATCCCAGCACTTTGGGAGGCCAAGGCGGGCAGATCACGAGGTTAGGAGTTCGAGACCAGCCTGGCCAACATGGTGAAACCCCGTCTCTACTAAAAATACAAAAATTAGCCTGGCATGGTGGCATGCGCCTGTAATCCCAGCTACTCAGGAGGCTGAGGCAGGAGAATCGCTTGAAACCTAAAGGCGGAGGTTGCAGTGAGCCGAGACCACGCCACTGCACTCCAGCCTGAGCAAGGAGCGAAATTCCATCTCAAAACAAAAAAAAAAAAAAAAAAAAA","GGCTGGGCACGGTGGCTCACACCTGTAATCCCAGCACTTTGGGAGGCCAAGGCGGACGGATCACGAGGTCAGGAGTTCAAGACCAGCCTGGCCAACATGATGAAACTCCGTCTCTACTAAAAATACAAAAAATTAGCGGGGCATGGTGGCGGGCACCTGTAATCCCAGCTACTCGGGAGGCTGAGGCAGGAGAATTGCTTGAAACCGGAAGGCGGAGGTTGCAGTGAGCTGAGATTGCGCCACTGCACTCCAGTCTGGGCAACAAGAGTGAAACTCCGTCTTAAAAAAAAAAAAAGAAAGAAAAAAA"
"chr4","185954678","185954977","KN295171v1","374126","374428","46","185580552","GGCTGGGTGCAGTGGCTCACACCTGTAATCCCAGCACTTTGGGAGGCTGAGGCAGGCGGATCACGAGGTCAGGAGTTCGAGACAAGACTGGTCAACATGGCAAAACCCCAACTCTACTAAAAGTACAAAAATTAGCAGGATGTGGAGGCAGGTGCCTGTAATCCCAGCTACTCAGGAGGCTGAGGCAGGAGAATTGCTTGAACCAGATAAGTGGCAGTGAGCAGAGACCTTGCCATTGCATTCCAGCCTGGCCAACATGAGTAAAACTCCATCTCAAAAACAAACAAAGAAACAAAAAAA","GGCTGGGTGCAGTAGCTCACGCCTGTAATCCCAGCACTTTGGGAGGCTGAGGCTGGCGAATCTCGAGGTCATGAGTTCGAGACCAGCCTGGCCAACATGGTGAAACCCCGTCTCTACTAAAAATACAAAAATTAGCCAGGCACGGTGGCGGGTGCCTGTAATCCCAGCTACTCAGGAGGCTGAGGCAGGAGAATCGCTTGAAACCGGACGGCGGAAGTTGCAATGAGCTGAGATCTAGCCATTGCACTCCAGCCTGGGCGACAGAGCAAAACTCCCTCTAAAAAAAAAAAAAGAAAAGAAAAA"
"chr4","187381150","187381456","KN294187v1","248956","249258","49","187132194","GGCCAAGTGTGGTAGCTCACACCTGTACGCCCAGCACTTTGGAAAGCTGAGGCGGGCGGATCACGAGGTCAGGAGTTCGAGACCAGCCTGACCAACATGGTGAAACCTCCTCTCTACTAAAAATACAAAATTAGCAGGGCATGGTGGTGCACGCCTGTAATCCCAGCTACTTGGGAGGCTGAGGCAGGAGAATCACTTGAATCCAGGAGGCAGAGGTTGCAGTGAGCCAAGGTCATGCAATTGCACTCTAGCCTGTGCAACAAGAGTGAAACTCTGTCACAAAAAAATAAAAAATAAAAACAATAAA","GGCCTAGCGCAGTGGCTCATGCCTGTAATCCCAGCACTTTGGGAGACTGAGGCGGGCGAATCATGAGGTCAGGAGTTCGAGACCAGCCTGACCAACATGGTGAAACCCGGTCTCTACTAAAAATACAAAAATTAGCCAGGCATGGTGGCGGGTGCCTGTAATCCCAGCTACTGGGGAGGCTGAGGCAGGCGAATGGCTTGAACCTGGAAGGTGGAGGTTGCAGTGAGCTGAGATCTCGCCATTGCACTCCAGCTCGGGCAACAAGAGTGAAACTCTGTCTCAAAAAAAAAAAAAAAAAAAAAA"
"chr4","188601264","188601575","KN294266v1","135124","135424","38","188466140","GGCCAGGCATGGTGGCTCGCATCTGCAATCTCAGCACTTTGGGAGGCTGAGGTGGGTAGATCACGAGGTCAGGAGTTTGAAACTAGCCTGGCCAACATGGTGAAACCCCGTCTCTACTAAAAATACAAAAATTAGCCGGGCATGGTGGCGGGCGCCTGTAATCCCAGCTACTCGGGAGGCTGAGGCAGGAGAACAGCTTGAAACCAGAAGGTAGAGGTTGCAGTGAGCCGAGATTGTGCCACTGCACTCCAGCCTGGGCAAAAGAGCGAAACTCTGTCACAAAAAATAAATAAGTAAATAAACAAATAAAAA","GGCTGGGCATGGTGGCTCACGCTTGTAATCTCAGCACTTTGGGAGGCCAAGGTGGGTAGATCACAAGGTCAGGAGTTCGAGACCAGCCTGGCCAACATGGTGAAACCTCGTCTCTACTAAAAATATAAAAATTAGCCAGGCATGGTGGCAGGCGCCTGTAATCCCAGCTACTCGGGAGGCTGAGGCAGGAGAACCGCTTGAAACCAGAGGGTAGAGGTTGCAGTGAGCCGAGATCATGCCACTGCACTCCAGCCTGGGCAACAAGAATGAAACTCAGTCTCAAAAAAAAAAAAAAAAAAAA"
"chr4","189353264","189353562","KN297322v1","575940","576234","44","188777324","GGCTGGGCACGGTGCCTCGTGCCGGTAATTCCAGCACTTTGGGAGGCCGAGGCGGGCGGATCATGAGGTCAGGAGTTCAAGACCAGCCTGGTCAACATGGTGAAACCCCGTCTCTACTAAAAAAAAAATACAGAAATAGCCGGGCGTAGTGGCATGCGCCTGTAATCCCAGCCACTCAGGAGGCTGAGGCAGGAGAATCTTTTGCAACTGGGAGGCAGAGGTTGCAGTGAGCCGAGATCGTGCCACTGCACTCCAGCCTGGGTGACAAGAGCAAAACTTCGTCTCAAAAAAAAAAAGAA","GGCTGGGCACAGTGGCTCATGCCTGTAATCCCAGCACTTTGGGAGGCTGAGGCGGGCAGATCACAAGGTCAGTATTTTAAGACCAGCCTGGCCAACATGGTGAAATCCCATCTCTACTAAAAATACAAAAATTAGCCAGACGTGGTGGCAGACGCCTGTAATCCCGGCTACTCAGGAGGCTGAGGCAGGAGAATCGCTTGAAACCGGAAGGCAGAGGTTGCAGTAAGCCAAGATCATGCCACTGTACTCCAGCCTGGGCGAAAGAGCGAAACTTCATCTCAAAAAAAAAAAAAAA"
"chr5","10742253","10742546","KN294266v1","135124","135424","41","10607129","GGCCGGGTGCGGTGGCTCATGCCTGTAATCCCAGCACTTTGGCAGGCTAAGACGGGCCAATCACAAGGTCAGGAGTTCAAGACCAGCCTAGCCAACATGGTGAAACCCCGTCTCTACTAAAAAAATTAGCCAGACGTGGTGGCAGGTGCCTGTAATCCCAGCTACTCGGGAGGCTGAGGCAGGAGAATCACTTGAAACCGGAAGACAGAGGTTGCAGTGAGCTGAGATCATACCACTGCACTCCAGCATGGGCAACAAGAGTGAAACTCCATCTCAAAAACAAAAACAAAAAAA","GGCTGGGCATGGTGGCTCACGCTTGTAATCTCAGCACTTTGGGAGGCCAAGGTGGGTAGATCACAAGGTCAGGAGTTCGAGACCAGCCTGGCCAACATGGTGAAACCTCGTCTCTACTAAAAATATAAAAATTAGCCAGGCATGGTGGCAGGCGCCTGTAATCCCAGCTACTCGGGAGGCTGAGGCAGGAGAACCGCTTGAAACCAGAGGGTAGAGGTTGCAGTGAGCCGAGATCATGCCACTGCACTCCAGCCTGGGCAACAAGAATGAAACTCAGTCTCAAAAAAAAAAAAAAAAAAAA"
"chr5","11000241","11000534","KN297343v1","2026017","2026309","33","8974224","GGCTGAGCGCAGTGGCTCACGCCTGTAATCCCAGCACTTTGGGAGGCCGAGGCGGGCAGATCATGAGGTCAGGAGTTTGAGACCAGCCTGACCAACAGGGTGAAACCCCGTCTCTACTAAAAACACAAAAATTAGCTGGGCGTCGTGGTGGGTGCCTGTAATCCCAGCTACTCGGGAGGCTGAGGCAGGAGAATCGCTTGAAACCGTAAGGCAGAGGTTGCAGTGAGCCGAGATTGTGCCACTGCACTCCAGCCTGGGTGAAAGAATGAAACTCTGTCTCAAGAAAGAAAAAAA","GCCAGGTGTGGTGGCTCATGCCTGTAATCCCAGCACTTTGGGAGGCTGAGGCGGGCAGATCACGAGGTCAGGAGTTTGAGACCAGCCTGACCAACATGGTGAAACCCCTGTCTCTACTCAAAATACAAAAATAGCTGGGCATGGTGGTGGTTGCCTCTAATTCCAGCTACTTGGGTGGCTGAGGCAGGAGAATCGCTTGAAACCGGAAGGCGGAGATTGTGGTGAGCCAAGATTGTGCCACTGCACTCCAGCCTGGGCAAAAGAGGGAAACTCTGTCTCAAAAAAAAAAAAAA"
"chr5","13155580","13155885","KN296154v1","3831130","3831439","34","9324450","GGCCAGGCATGGTGGCTCACACCTGTAATCCCAGCACTTTGGGAGGACGAGGTGGGTGGATCATGAGGTCAGGAATTCGAGACCAGCCTGGCCAAAATGGTGAAAACCCATCTCTACTAAAAATGTAAAAATTAGCCTGGAGTGGTGGTGGGTGCCTGTAGTCCCAGCTACTCAGGAGGCTGAGGCAGGAGAATCGCTTGAAACCGGAAGGCGGAGGTTGCAGTGAGCCGAGATTGTGCCACTGCACTCCAGCCTGGGCAACAAGAGCAAAACTCTGTCTCAAAAAAAAAAACAACAACAAAAAAA","GGCCGGGCTCGGTGGCTCACACCTGTAATCCCAGCACTTTGGGAGGCCGAGGTGGGTGGATCACTAAGTCAGGAGTTCAAGACCAGCCTGGCCAACATGGTGAAACCCCATCTCTACTAAAAATACAAAAATTAGCTAGGCGTGGTGGTGAGCACCTATAGTCCCAGCTACTCAGGAGGCTGAGGCAGGAGAATTGCTGGAAACCAGAAGGCGGAGGTTGCAGTGAGCTGAGATTGTGCCACTGCACTCCAGCCTGGGCAACAAGAGTAAAATGCTGTCTCAAAAAAAAAAAAAAAAAGAAAAAAGAAAA"
"chr5","14051840","14052144","KN296913v1","1206677","1206980","38","12845163","GGCCAGGTGTGGCTTATGCCTGTAATCCCAGCACTTTGGGAGGCTGAGGTGGGCAGATCACGAGGTCAGGAGTTTGAGACCAGCCTGGCCAACATGGTGAAACCTCGTCTCTACTAAAAATACAAAAAAATTAGCCGGGCATGGTGGTGGGTGCCTGTAATCCCAGTTACTCAGGAGGCTGAGGCAGGAGAATCACTTGAAACCAGAAGGCGGAGGTTGTAGTGAGCCGTGATCATGCCACAGCACTCCAGCCTCAGCAACAAGAGCGAAACTCCGTCTCAAAAAAAAAAAAAAAAAAGGGAAAA","GGCCGGGCATGATGGCTCATACCTGTAATCCCAGCACTTTGGGAGGCCAAGGTGGGCAGATCACGAGGTCGGGAGTTCGAGACCAGCCTGGCCAACATGGTAAAACCCCGTCTCTACTGAAAATACAAAAATTATCTGGGTGTGGTGGCTGGTGCCTGTAATCCCAGCTACTCAGGAGGCTGAGGCAGGAGAATCACTTGAACTGGAAGGCGGAGTTTGCAGTGAGCCGAGATCATGCCACTGCATTCCACCTTGGCCAACAAGAGCGAAACTCCATCTCAAAAAAAAAAAAAAAAAAAAAAAA"
"chr5","14289106","14289405","KN296726v1","26729","27024","39","14262377","GGCCGGGCGCGGTGGCTCATGCCTGTAATCCCAGCACTTTGGAAGGCCGAGGCGGGCGGATCACAAGGTCAGGAGTTCGAGACAACCTGGCCAACATGGTGAAACTCCATCTCTACTAAAAATACAAAAATTAGCTGAGCGTGGTGTAAGTCACCTGTAATCCCAGCTACTCGGGAGGCTGAGGCAGGAGAATCACTTGAAATCGGAAGGTGTAGGTTGCAGTGAGCTGAGGTTGCACCACTGCACTGCAGCATGGGCAACAAGAGCAAAACCCTGTCTCAAAAAACAAACAAACAAAAA","GGCTGGGCGTGGTGACTCGTGCCTGTAATCCCAGCACTTTGGGAGGCTGAGGCGGGTGGATCACAAGGTCAGGAGTATGAGACCAGCCTGGCCAACATGGTAAAACCCTGTCTCTACTAAAAATACAAAAATTAGCCAAGCGTGGTGGTAGGCATCTGTAATCCCAGCTACTCGGGAGGCTGAGGCAGGAGAATCTCTTGAAATCAGAAGGTGGAGGTTGCAGTGAGGGAAGATCGCGCCACTGCACTCCAGCCTGGGCAACAAGAGCAAAGCTCTGTCTCAAAAAAAAAAAAAAA"
"chr5","18701197","18701498","KN296325v1","72741","73040","29","18628456","GGCCGGGCGCGGTGGCTCACGCCTGTAATCCCAGCACTTTGGGAGGCTGAGGCCGGTGGATCACGAGGTTAGGAGTTCGATACCAGCCTGGCCATCATGGTGAAACCCCGTCTCTACTAAAAATACAAAAATTAGTAGGGTGTGGTAGCAAGCGCCTGTAATCCAGCTACTCAGGAGGCTGAGGCAGGAGAATTGCTTGAAACCGGAAGGCGGAGGTTTCAGTGAGCGGAGATTGCTCCACTGCATTCCAGCCTGGGCAACAAGAGTGAAACTCTGTCTCAAACAAACAAACAAAAAAAGAA","GGCCAGGCGCGGTGGCTCATGCCTGTAATCCCAGCACTTTGGGAGGCCGAGGCGGGCGGATCACGAGGTTAGGAGTTCAAGACCAACCTGGCCAACAAGGTGAAGCCCCGTCTCTAATAAAAATACAACAATTAGTAGGGTGTGGTGGTGGGCGCCTGTAATTCCAGCTACTCAGGAGGCTGAGGCAGGAGAATCACTTGAAACCGGAGGCAGAGGTTGCAGTGAGCGGAGATTGCTCCACTGCACTCCAGCCTGGGCAACAAGAGCGAAACTTTGTCTCAAAAAAAAAAAAAAAAAGAA"
"chr5","21233001","21233309","KN294987v1","494557","494865","37","20738444","GGCCAGGCTTGATGGCTCACGCCTGTAATCCCAGCACTTTGGGAGACTGAAGTGGATGGATCACGAGGTCAGGAGTTTGAGACCAGCCTGGCCAACATGATGAAACCCTGTCTCTACTAAAAATACAAAAATTAGCCAGGCATGATGGTGGGCACCTGTAATCCCAGCTACTTGGGAGGCTGAGGCAGGAGAATCACTTGAAACTGGAAAGTGGAGGTTGCAGTGAGCTGAGATCGAGCCACTGCACTCCAACCTGGGTGAAAGAGTGAAACTCTATCTCAAAAAAAAAAAAAAAAAAAAAAAAAAGAA","GGCCGAGCACAGTGGCTCACGCCTGTAAGCCCAGCACTTTGGGAGGCCGAGGTGGGTGGATCACGAGGTCAGGAGTTCGAGACCAGCCTGGCCAATGTGGTGAAACCTCGTCTCTACTAAAAATACAAAAATTAGCTAGGCTTGATGGCGGGCGCCTGTAATCCCAGCTACTCGAGAGGCTGAGGCAGGAGAATCACTTGCAACTGGAAGGCAGAGGTTGCAGTGAGCCAGGATCAAGCCACTGCACTCCACCCTGGGTGAAAGAGCAAAACTCTGTCTCCAAAAAAAAAAAAAAAAAAAAAAAAAAAA"
"chr5","21733763","21734046","KN295935v1","69334","69620","41","21664429","GGCCAGGTGCGGTGGCTCACACCTGTAATCCCAGCACTTTGGGAGGCCGAGGCAGGCAGATCACAGGGTCAGGAGTTTGAGACCAGCCTGGCCAACATGGTGAAACCCTGTCTCTACAAAAAAAATACAAAAATTACCCAGGCGTGGTGGCACGCGCCTGTAATCCCAGCTACTTGGGAGGCTGAGGCAGGATAATCGCTTGAAACTGGAAGGTGGAGATTGCAGTGAGCCAAAATCATGCCACCACACTCCAACACGGGCAAAAGAGCAAAACTCCATCTCAA","GGCTGGGCACGGTGGCTCACGCCTGTAATCCCAGCACTTTGGGAGGCCGAGGTGGGCAGATCACAAGGTCAGGAGCTGGAGACCAGCCTGGCCAACATGGTGAAATCCTGTCTCTACTAAAAATACAAAAATGAGCCAGGCGTGGTGGCAGGCACCTGTAATCCCAGCTACTCAGGAGGCTGAGGCAGGAGAATCACTTGAAATGGGGAGACGGAGATTGCAGTGAGCCAAGATCATGCCACTGCACTCCAGCCTGGGCAACAAGAGTGAGACTCCATCTCAAAAAA"
"chr5","22270685","22270972","KN295596v1","1006928","1007211","48","21263757","GGCCGGGCGTGGTGGCTCACATCTGTAATCCCAGCATTTTGGAGGCCGAGGCAGGTAGATCACGAGGTCAGGAGTTCAAGACTAGCCTGGCCAACATGGTGAAACCCTATCTGTACTAAATACACAAAAAATTAGCTGGGCTTCGTAGTAGCAGGCACCTGTAATCCCAGCTACTTTGGAGGCTGAAGCAGGAGAATCGCTTGAAACCAGAAGGTGGAGGATGCAGTGAGCCGAGATTGCACTAATGCACTCCATCCTGGTCAACAAGAGCAAAACTCTGTCTCAAAA","GGCCAGGCGCAGTGGCTCACGCCTGTAATCCCAGCGCTTTAGGAGGCTGAGGCGGTCGGATCACGAGGTCAGGAGTTCAAGATCAGCCTGGACAACATGGCGAAACCCTGTCTCTACTAAAAATACAAAAATTAGCCAGACGTAGTGGCGGGCGTCTGTAATCTCAGCTACTCAGGAGGCTGAGGCAGGAGAATTGCTTGAAACCGGAAGGCGGAGGTTGCAGTGAGCCAAGATCGCACCACTGCACTCCAGCCTGGGTGAAAGAGCAAAACTCTGTCTCAAAA"
"chr5","23059682","23059979","KN296365v1","624657","624947","41","22435025","GGCCGGGCGCTGTGGCTCACGCCTGTAATCCTAGCACTTTGGGAGGCCGAGGCAGGCGGATCACGAGGTCAAGAGTTCCAGACCAGCCTGCCCAACATGACAAAACCCCATCTCTACTAAAAATACAAAAAATTAACCAGGCATGGTGGTAGGCACTTGTAATCCCAACTACTTGGGAGGCTGAGGCAGAAGAATCACTTGAACCCAGAAGGCGGAGGTTTCAGTGAGTCAAGATTGCGCCACTGCACTCTAGCCTGGGCACCAAGAGCGAAATTCCGTCAAAAAAAAAAAAAAGAAA","GGCTGGGCGCGGTGGCTCATGCCTGTAATCCCAGCACTTTGGGAGGCCAAGGCAGGCGGATCACGAGGTCAAGAGTTCGAGACCAGACTGGCCAACATGGTGAAACCCCATCTCTACTAAAAATACAAAAATTAGCCAGGCATGGTGGTGGGTGCCTGTAATCCCAGTTGCTTGGGAGGCTGAGACAGAAGAATCGCTTGAAACCAGAAGGCAGAGGTTGCAGTGAGCCAAGATGGTGCCACTGCACTCCAGCCTGGTCAACAAGAGTGAAATTCTGTCTCAAAAAAAAAA"
"chr5","30124016","30124304","KN295090v1","1662653","1662940","42","28461363","GGGCGCGGTGGCTCACGCCTGTAATCCCAGCACTTTGGGAGGCCGAAGTGGGTGGATCACGAGGTCAGGAGTTCGAGACCAGCCTAGTCAACATGGTGAAACTTTGCCTCTACTAAAAATACAAAAATTGGCCAGGTATGGTGGTGGGTGCCTGTAATCTCAGCTACTCAGGAGGCTGAGGCAGGAGACTCACTTGAAACTGGAAGGTGGAGGCTGCCGTGAGCCGAGATTGCAGCCACTTCACTCTAGCCTGGGCAACAAGAGTGAAACTCCGTCTTAAAAAAAAAAA","GGGCGTGGTGGCTCACGCCTGTAATTCCAGCACTTTGGGAGGCCGAGGCGGGTGGATCACGAGGTCAGAGATCAAGACCATCCTGGCCAACATGGTGAAACTCCATCTCTGCTAAAAATACAAAAATTAGCCAGGTGTGGTGGCAGGCCGCCTGTAATCCCAGCTACTTAGGAGCATGAGGCAGGAGAATCACCTGAACCAGGAAGGCGGAGGTTGCAGTGAGCTGAGATCGCACCATTGCACTCCAGCCTCGGCAACAAGAGTGAGACTCTGTCTAAAAAAAAAAAA"
"chr5","31789647","31789935","KN294172v1","193457","193751","47","31596190","GGCTGGGCGTGGTGGCTCATGCCTATAACGCCAGCACTTTGGGAGGCCGAGGCATCCGAGTCAGGAGTTTGAGACCAGCCTGGCCAACGTGGTGAAACCCCATCTCTACTAAAAATACAAAACTAGCCGGGTGTGGTGGCGGGCGCCTGTAATCCCAGCTGCTTGGGAGGCTGAGGCAAGAAAATCACTTGAACCTGGAAGGTGGAGGTTGCAGTGAGCTGAGATTGCACCACTGCATTCCAGTGTGGGCAACAAGAGCGAAACTCCTTCTCCAAACAACAAAAAAAAA","GGCCGGGCGCTGTGGCTCACGCCTGTAATCCCAGCACTTTGGGAGGCCGAGGTGCGTGGATCACGAGGTCAGGAGTTCGAGACCAGCCTGGCCAACATGGTGAAACCCTGTCTCTACTAAAAATACACAAAGCTGGGTGTGGTGGCGGGCATCTGTAATCCCAGCTACTTGGGAGGCTGAGGAGGGAGAATCACTTGAAACAGGAAGGTGGAAGTTGCAGTGAGCCGAGATCACGCCACTATACTCCAGCCTGGGCAACAAGAGCGAAACTCCGTCTCAAAAAAAAAAAAGAAAA"
"chr5","31797466","31797632","KN294187v1","1749261","1749424","22","30048205","GGCTGGGCGCGGTGGCTCACACCTGTAATCCCAGCACTTTGGGAGGGTTAGGCGGGAGGATCGCAAGGTCAGGAGTTCGAGACCAGTCTGGCCAACATGGTGAAACCCCATCTCTACTAAAAATACAAAAATTAGCTCGGTGTGGTGGCAGGCGCCTGTAATCCCAG","GGCCTGGTGCGGTGGCTCACACCTGTAATCCCAGCACTTTGGGAGGCCAAGGTGGGTGGATCATGAGGTCAGGAGATCGAGACCAGTCTGGCCAACATGGTGAAACCCTGTCTCTACTAAAAATACAAAAATTAGGTGGGTGTTGTGGCAGGTGCCTGTAGTCC"
"chr5","32473540","32473832","KN297165v1","2134409","2134705","44","30339131","GCCAGATGCGGTGGCTCACACCTGTAATCCCAGCACTTTGGGAGGCCTAGGAGGGAGGATCACGAGGTCAGGAGGTTGAGACCATCCTGGCCAACATGGTGAAACCCTGTCTCTACTAAAAACACAAAACATCAGCCAGGCATAGTGGCGGGCCCCTGTAGTCCCAGCTACTCGGGAGACTGAGGCAGGAGAATCACTTGAAACTGGAAGGCGGAGGTTGCAGTGACCCCAGATTGTCCACTCCAGCCTGGACAAAAGAGCAAAACTCCACCTCAAAAAGATAAATAAATAAA","GACCAGGTGCGGTGGCTCACGCCTGTAATCCTAGCACTCTGGGAGGCCGAGGCGGGTGGATCACGAGGTCAGGAGTTTGAGACCAGCCTGTCCAACATGGTGAAATCCTGTCTCTACTAAAAATACAAAAATTAGCCGGGTATGGTGGCAGGCGCCTGTAGTCCCAGCTACTCAGGAGACTGAGGCAGGAGAATCGCTTGAAATTGGAAGGCGGAAGTTGCAGAGAGCCGAGATCATGCCACTGCACTCCGGCCTGGGAAACAAGAGCAAAATTCCATCTCAAAAAAAAAAAAAAAA"
"chr5","33528765","33529064","KN295596v1","93475","93775","31","33435290","GGCCGGGCATGGTGGCTCACGCCTGTAATCCCAGCACTTTGGGAGGCTGACGTGGGCGGATCATGAGGTCAGGAATTCGAGACTAGTCTAGCCAACATGGTGAAACCCCGTCTCTACTAAAAATACAAAAAGTAGCTGGGCGTGGTGGTGGGCGCCTGTAATCCCAGCTACTCAGGAGGCTGAGGCAGGAGAATCGCTTGAAACCGGAAGGTGGAGGTTGCAGTGAGCTGAGATCGTGCCATTGCACTCCAGCCTGGGCAACAAGAGTGAAACTTCATCTCAAAAAAAGAAGAAAAAAAA","GGCCGGGCGCAGTGGCTCACGCCTGTAATCTCAGCACTTTGGGAGGCCGAGGCGGGCGGATCTTGAGGTCAGGAGATCAAGACCAGCCTGGCTAACATGGTGAAACCCGTCTCTACTAAAAATACAAAAATTAGCTGGGCGTGGTGGCGGGCGCCTGTAATCCCAGCTACTCGGGAGGCTGAGGCAGGAGAATCGCTTGAAACCGGAAGGCAGAGGTTGCAATGAGCCAAGATCGTGCCACTGCACTCCAGCCTGGGCAACAAGAGCGAAACTCCATCTCCAAAAAAAAAAAAAAAAAGAA"
"chr5","38473590","38473898","KN296019v1","266470","266772","46","38207120","GGCCAGGTGCAGTGGCTCACGCCTGTAATCCTAGCACTTTTGGAGGCCAAGGCGGGTGGATCACGAGGTCAGGAGTTCGAGACCAGCTTGGCCAACGTGGTGAAACCCCATCTCTAAAAATACAAAAACTTAGCCGGACGTGCTGGTGCGTGCATGTAATCCCAGCTACTCGGGAGGCTGAGGCAGGAGAATCGCTTGAATCTGGGAGGTACAGGTTGCAGTGAGCCGAGATCACACCACTGCACTCCAGTCTGGGCAACAAGAGCAGAACTCCATCTCCAAAAAAAAATAAAAATAAAAATAAAAAAA","GGCCAGGCGTGGTGGCTCACACCTGTAATCCCAGCACTTTGGGAGGCCGAGATGGGCGGATCACGAGGTCAGGAGTTCGAGACCATCCTGGTGAACACGGTGAAACCCCCGTCTCTACTAAAAAATACAAAAACTAGCCGGGCGAGGTGGCGGTGCCTGTAGTCCCAGCTACTCGGGAGGCTAAGGCAGGAGAATCGCTTGAATCGGGAGGTAGAGGTTGCAGTGAGCCGAGATCACACCATTGCACTCCAGCCTGTGCAACAATAGCAAAACTCCATCTCAAAAAAAAAAAAAAAATAAAAA"
"chr5","41525281","41525583","KN296454v1","201347","201655","32","41323934","GGCCGGGCCCAGTAGCTCACACCTATAATCCCAGCATTTTGGGAGCCCGAGGTGGCAGATCATGAGGTCAGGAGTTCAAGACCAGCCTGGCCAACATGGTGAAACCCTGTCTCTACTAAAAATACAAAAAATTATCCAGGCGTAGTGGTGGGTGCCTGTAATCCCAGCTCCTGGGGAAGCTGAGGCAGGAGAATCACTTGAAACCAGAAGGTGGAGGTTGCAGTGAGCTGAGATCGCACCACTCCACTCCAGCCTGGGCAACAAGAGCGGAACTCCACCTCAAAACAAACAACAAAAAAAGAA","GGCCGGATGCAGTGGCTCACACCTATAATCCCAACATTTTGGGAGCCCGAGGCGGGCAGATCATGAGGTCAGGAGTTCAAGACCAACCTGGCCAACATGGTGAAACCCTGTCTCTACTAAAAATACAAAAAATTAGCCAGACGTGGTTGTGGGTGCCTGTAATCCTAGCTTCTGGGGTGGCTGAGGCAGGAGAATCACTTGAAATTGGAAGGTGGAGTTTGTAGTGAGCTGAGATCACACCACTGCACTCCAGCCTGGGCAACAAGAGTGAAACTCTGCCTCAAAACAAACAAACAACAACAAAAAGAA"
"chr5","42967445","42967747","KN297205v1","196973","197282","34","42770472","GGCCAGGCGCAGTGGCTCACACCTGTAATCCCAGCACTTTGGGAGGCCAAGGCGGGCAGATCACAAGGTCAGGAGTTTGAGACCAGCCTGGCCAACATGGTGAAACCCGGTCTCTACTAAAGATACAAAAAATTAGCCAGGCATGGTGGCAGTCACCTGTAATCCCAGCTACTTAGGAAGCTGAGGCAGGAGAATCGCTTGAAACCTGAAGGCAGAGGTTGCAGTGAGCCGAGATAGCTATTGCAGTCCAGCCTGGGTGACAAGGCAAGACTCCATTAAAAAAAAAAAAAAAAAAAAAAAAAA","GGCCAGGCGCGGTGGCTCACACTTGTAATCCCAGCACTTTGGGAGGCTGAGGCAGGCAGATCACAAGGTCAGGAGTTTGAGACCAGCCTGCCCAACATGGTGAAACCCCGTCTCTACTAAAAATACAAAAATTAGTTGGGCATGGTGGCAGGCACCTGTAATCCCAGCTACTTGGGAGGCTGAGGCAGGAGAATCACTTGAAACTGGAAGGCGGAGGTTGCAGTGAGCCGAAATCACGCCATTGCACTCCAGCCTAGGCTACAAAGCAAGACTCCATCTCAAAAAAAAAAAAGAAAAGAAAAGAAAAGAA"
"chr5","50880568","50880863","KN295633v1","1436393","1436685","37","49444175","CCAGGTGCGGTGGCTCACGCCTGTAATCCCTGCACTTTGGGAGGCCAAGGCAGGTGGATCACGAGGTCAGGAGTTTGAGACCAGCCTGGCCAACATGACGAAACCCCGTCTCTACTAAAAATACAAAAATTAGCCAGATGTGGTGGCAGGCACCTGTAGTTCCAGCTACTCAGGATGCTGAGGCAGGAGAGTCACTTAAAACCAGAAGGCGGAGGTTGCAGTGAGCCAAAATTGCACCACTGCACTCCAGCCTGTGCAACAAGAATGAAACTCTGTCTCAAAAACAAACAAACAAA","CTGGGTGTGGTGGCTCACACCTGTAATCCCAGCACTTTGGGAGGCCGAGGCGGGTGGATCATGAGGTCAAGAGTTTGAGACCAGCCTGGCCAACATGGTGAAACCCCGTCTCTACTAAAAATACAAAAATTAGCCAGGCGTGGTGGCAGGCACCTGTAATCCCAGTTACTCAGGAGGCTGAGGCAGGAGACTCGCTTGAAACTGGAAGGCGGAGGTTGCAGTGAGCCGAGATCACGACACTGCACTCCAGCCTGAGCAACAAGAGCAAAACTCCGTCTCAAAACAAAACAAAA"
"chr5","55639036","55639293","KN296404v1","1612199","1612471","66","54026837","GGCCAGGCGCGGTGGTTCACGCCTGTAATCCCAACACTTTGGGAGGCCGAGGCGGGCGGATCACCCCATTTCTACTAAAAATACAAAAGTAGCCAGACGTGGTGGTACATGCCTGTTATCTCAGCTACTTGGGAGGCTGAGGCAGGAGAACTGCTTGAACCGGGAAGGCGGAGGTTGCAGCGAGCCAAGATGGTGCCACTGCACTCCAGCCTGGGCAACAAGAACGAAACTCTGTCTAAAAAAAAAAAAAAAAAAAAA","GGCCGGATGCAGTGGCTCATGCCTGTAATCCCAACACTTTGGGAGGCTGAGGCAGGTGGATCACGAGGTCACCAGTTTGAGATCAGCCTGGTGAAACCCTGTCTCTAGTAAAAATACAAAAATTAGCTGCCTGTAATCCCAGCTACTTGGGAGGCTGAGGCAGGAGAATTGCTTGAAACTGGAAGGCGGAGGTTGCAGTGAGCTGAGATCACACCACTGCACTCTAGCCTGGGCAACAAGAGCGAAACTCTGTCTAAAAAAAAAAAAAAAGAA"
"chr5","56521807","56522102","KN297322v1","575940","576234","35","55945867","GGCAGGGCATGGCAGCTCATGCCTGTAATCCCAGCACTTTGGGAGGCCGAGGCAGGCAGATCACGAGGTCAGGAGTTCAAGACCAGCCTGGGCAACATGGTGAAACTCCATCTGTACTAAAAATACAAAAATTAGCCGGGCGTGGTGGCAGGTGCCTGTAATCCCAGCTACTCGGGAGGCTGAGGCAGGAGGATCGCTTGAAACCAGAAGGCAGAGATTGCAGTGAACCGAGAGCGCACCACTGCACTCCAGCCTGGGTGAAAGAGCGAAACTCCATCTCAAAAAAAAAAAAAAAA","GGCTGGGCACAGTGGCTCATGCCTGTAATCCCAGCACTTTGGGAGGCTGAGGCGGGCAGATCACAAGGTCAGTATTTTAAGACCAGCCTGGCCAACATGGTGAAATCCCATCTCTACTAAAAATACAAAAATTAGCCAGACGTGGTGGCAGACGCCTGTAATCCCGGCTACTCAGGAGGCTGAGGCAGGAGAATCGCTTGAAACCGGAAGGCAGAGGTTGCAGTAAGCCAAGATCATGCCACTGTACTCCAGCCTGGGCGAAAGAGCGAAACTTCATCTCAAAAAAAAAAAAAAA"
"chr5","62531339","62531602","KN296594v1","1110728","1110997","63","61420611","TAATCCCAGCGCTTTGGGAGGCCAAGGCAGGCAGATCACGAGGTCAGGAGTTCGAGACCAGCCTGGCCAGCACGGTGAAACCCCGTCTCTACTAAAATATAAAAATTAGCTGTGTGTGGTGGTGCACACCTGTAATCCTAGCTACTCAGGAGGCTGAGGCAGGAGAACAGTTTGAACCTGGGAGGTTGCCACAAGCCAAGATCACACCACTACACTCCAGCCCACGCAACAAGAGTGAAACTCCATCTCCAAAAAAGAAAAAAA","AATCCCAGCACTTTGGGAGGCCGAGCCAGGCGGATCTCAAGGTCAGGAGTTCAAGACCAGCCTGGCCAACATGGGGAATCCCTCTCTCTACTAAAAATACAAAAAAAAATTAGCTGGGCATGGTGGTGGGCGTCTGTAATCCCAGCTACTCAGGAAGCTGAGGCAGGAGAATCGCTTCAAACTGGAAGGCGGAGGTTGCAGTGAGTCAAGATCGTGCCACTGAACTCCAGCCTGGGAGAAAGAGCAAAACTCTGTCTCAAAAAAAAAAAA"
"chr5","65644252","65644345","KN296518v1","317595","317708","35","65326657","AATTGGCCAGGCATTGTGGCAGTTTCCTGTAATCCCAGCTACTCGGGAGGCTGAGGCAGAAGAATCACTTGAAACCAGGAGGTGGAGGTTGCAG","AAAATACAAAAATTAGCCGGGCGTGGTGGCACGCATCTGTAATTCCAGCTACTCAGGAGGCTGAGGCAGGAGAATCACTTGAAACTGGAAGGCGGAGGTTGCAGTGAGCCGAGA"
"chr5","65710711","65711016","KN295596v1","93475","93775","46","65617236","GACCAGGCATGGTGGCTCACGCCTGTAATCCCAGCACTTTGGGAGCCAAGGCGGGCGGATCATGAGGTCAGGAGTTCAACACCAGCCTGCCCAAGATGGGGAAACCCCGCCTCTACTAAAAATACAAAAATTAGCCAGGGCCGGGTGTGGTGGCGGGTGCCTGTAATCCCAGCTATTCGGGAGGCTGAGGCAGGAGAATCACTTGAAACTGGCAGGCAGAAGTTGCAGTCAGCTGAGATCATGCCACTGCATTCTAGCCTGCGCAACAGGACAAGACTCTGTCTCAAAAAAAAAAAAAAAAAAAAA","GGCCGGGCGCAGTGGCTCACGCCTGTAATCTCAGCACTTTGGGAGGCCGAGGCGGGCGGATCTTGAGGTCAGGAGATCAAGACCAGCCTGGCTAACATGGTGAAACCCGTCTCTACTAAAAATACAAAAATTAGCTGGGCGTGGTGGCGGGCGCCTGTAATCCCAGCTACTCGGGAGGCTGAGGCAGGAGAATCGCTTGAAACCGGAAGGCAGAGGTTGCAATGAGCCAAGATCGTGCCACTGCACTCCAGCCTGGGCAACAAGAGCGAAACTCCATCTCCAAAAAAAAAAAAAAAAAGAA"
"chr5","69065689","69065982","KN294172v1","193457","193751","43","68872232","GGCCGGGCGTGGTGGCTCACGCCTGTAATCCCAGCACTTTGGGATGCTGAGGTGGGCGGATCACGAGGTCAGGAGTTCGAGACCAGCCTGGGCCACATAGTGAAACCCAGTCTCTACTAAAAATACAAAAAATTAGCCAGGTGGCGGGCACCTGTAATCCCAGCTACTCGGGAGGCTGAGGCAGGAGAATTGCTTGAACCTAGCAGGTGGAGTTTGCAGTGAGCCGAGATCATGCCATTGCATTCCAGGCTAGGCAACAAGGGCAAATCTCTATCTCAAAAAAAAAAAAAAAAA","GGCCGGGCGCTGTGGCTCACGCCTGTAATCCCAGCACTTTGGGAGGCCGAGGTGCGTGGATCACGAGGTCAGGAGTTCGAGACCAGCCTGGCCAACATGGTGAAACCCTGTCTCTACTAAAAATACACAAAGCTGGGTGTGGTGGCGGGCATCTGTAATCCCAGCTACTTGGGAGGCTGAGGAGGGAGAATCACTTGAAACAGGAAGGTGGAAGTTGCAGTGAGCCGAGATCACGCCACTATACTCCAGCCTGGGCAACAAGAGCGAAACTCCGTCTCAAAAAAAAAAAAGAAAA"
"chr5","69325544","69325851","KN294987v1","494557","494865","42","68830987","GGCTGGGCACAGTGGCTCACGTCTGTAATCCCAGCTCTTTGGAAGGTCGAGGTGGGCGGATCACGAGGTCAAGAGTTTAGGACCAGCCTGGCCAACATGGTGAAACCTCATCTCTACTAAAAATACAAAAATTAGCCAGGTGTGGTGGCAGGTGCCTGTAATCCTAGCTATTCGGGAGGCTGAGGCAGGAGAATCACTTGAAACCAGAAGGTGGATGTTGCGGTGAGCCAAGATCGTGTCACTGCACTCCAACCTGGGTGAAAAAGCAAAACCCTCTGTCTCAAAAAAAAAAAAAAAAAAAAAAAAAA","GGCCGAGCACAGTGGCTCACGCCTGTAAGCCCAGCACTTTGGGAGGCCGAGGTGGGTGGATCACGAGGTCAGGAGTTCGAGACCAGCCTGGCCAATGTGGTGAAACCTCGTCTCTACTAAAAATACAAAAATTAGCTAGGCTTGATGGCGGGCGCCTGTAATCCCAGCTACTCGAGAGGCTGAGGCAGGAGAATCACTTGCAACTGGAAGGCAGAGGTTGCAGTGAGCCAGGATCAAGCCACTGCACTCCACCCTGGGTGAAAGAGCAAAACTCTGTCTCCAAAAAAAAAAAAAAAAAAAAAAAAAAAA"
"chr5","71529110","71529400","KN297016v1","16230","16521","37","71512880","GGCCAGGCACGGTGGCTCACACCTGTAATCCTAGCACTTTGGGAGGTTGAGGTGGGCGAATCACGAGGTCAGGAGTTCGAGACCAGCCTGGCCAACATGGTGAAACCCCATCTCTACTAAAAATACAAAAATTTGCTGGGCGTGGTGGTGGGCGCCTGTAATCCCAGCTACTTGGGAGGCTGAGGCAGGATAATCGCTTGAAACCAGAAGGCAATGGTTGTGGTGAGCCAAGATCACACCACTGCACTCCAGCCTGGGCGAAAGAGCGAAGCTCTGTCTCAAAAAACAAAA","GGCCAAGCACAGTGGCTCACACCTGTAATCCCAGCACTTTGGGAGGCTGAGGTGGGAGGATCACGAGGTCAGGAGTGTGAGATCAGCCTGGCCAACATGGTGAAACCCTGTCTCTACTAAAAATACAAAAATTAGCCGGGTGTGGTGGTGAATGCCTGTAGTCCCAGCTACTCAGGAGGCTGGGGCAGAAGAATCACTTGAAACCAGAAGGTGGAGGCTGCAGTGAGCCAAGATCACGCCACTGCACTCCAGCCTGGGCGAAAGAGCGAAACTCCATCTCAAAATAAAAAAA"
"chr5","73361835","73362137","KN294239v1","1921121","1921423","27","71440714","GCTGGGCGCGGTGGCTCAGGCCTGTAATCCCAGCACTTTGGGAGGCTGAGGCGGGCGGATCACAAGGTCAGGAGTTTGAGACTAGCCTGGCCAACATGGTGAAATCCCATCTCTACTAAAAATACAAAAATTAGCTGGGCGTGGTGGCAAGTGCCTGTAATCCCAGCTACTCAGGAGGCTGAGGCAGGAGAATCTCTTGAAACCGGAAGGTGGAGGTTGCAGTGAGCCGAGATCATGCCACCGCACTCCAGCCTGGGCAACAAGAGCGAAACTCCATCTCAAAAGAAGAAGAAGAAGAAGAAA","GCTGGGCTTAGTGGCTCAGGCCTGTAATCCCAGCACTTTGGGAGGCCGAGGCGGGTGAATCACGAGGTCAGAAGTTCGAGACCAGCCTGGCCAACATGGTGAAATCCTGTCTCTACTAAAAACACAAAAATTAGCTGTGCATGCTGGCAGGTGTCTGTAATCCCAGCTACTCAGGAAGCTGAGGCAGGAGAATCGCTTGAAACCAGAAGGTGAAGGTTGCAGTGAGCCAAGATCGTACCACCACACTGCAGCCTGGGCAACAAGAGCGAAACTCCATCTCAAAAGAAGAAGAAGAAGAAGAAA"
"chr5","73430904","73431190","KN294239v1","1846063","1846349","25","71584841","GGCCGGGCACAGTGGCTCACGCCTGTAATCCCAGCACTTTGGGAGGCTGAGGTGGGCAGATCACGAGGTCAGGAGTTCGAGACCAGCCTGGCCAACACAGTGAAGCCCCATCTGTACTAAAAATACAAAAAATTAGCCGGGCATGGTGGCAGGTGCCTGTAATTCCAGCTACTCGGGAGGCTGAGGCAGGATGGAGGCGGAGGTTGCAGTGAGCCGAGATCACACCATTGTACTCCAGCCTGGGCAACAAGAGTGAAACTCTGTCTCAAAAATAAAAAATAAAAAAA","GGCCGGGCACAGTGGCTCACACCTGTAATCCCAGCACTTTGGGAGGCTGAGGCAGGCAGATCACGAGGTCAGGAGTTCGTCCAAGACCAGCCTGGCCAACACAGTGAAGCCCCATCTGTACTAAAAATACAAAAAATTAGCCGGGCGTGGTGACGGGTGCCTGTAATTCCAGCTACTCAGGAGGCTGAGGCAGGAGGGAGGCGGAGGTTGCAGTAAGCTGAGATCACGCTATTGCACTCCGGCCTGGAAAACAAGAGTGAAATTATCTCAAAAAAAAAAAAAAAAAA"
"chr5","74683809","74684118","KN294239v1","574611","574910","37","74109198","GGCCAGGTGCGGCGGCTCACGCCTGAAATCCCAGCACTTTGGAAGGCGAAGGAGGGCGGATCACAAGTTCAGGAGTTCGAGACCAGCCTGGCCACCAAAGTGAAACCCCGTCTCTATTAAAAATACAAAAATTAGTTGGGCGTGGTGGCGGGCGCCTGTAATCCCAGCTACTCAGGAGCCTGAGGCAGGAGAATCGCTTGAAACCGGAAGGTGGAAGTTTTAGTGAGCTGAGATCACACCTCTGCACTCCAGCCTGGGCAACAAGAACAAGACTCCATCTTAAAAAAAAAAAAAAAAGAAAGAAAAGAAA","GGCCGGGTGCGGCGGCTCACACCTGAAATACCAGCACTTTGGGAGGTGAAGGCGGGTGGATCACAAGTTCAGGAGTTCGAGACCAGCCTGGCCAACATGGTGAAACCCCGTCTCTATTAAAAATACAAAAATTAGCTGGGCTTGGTGGTGGGCGCCTATAATCTCAGCTACTCAGGAGCCTGAGGCAGGAGAATCGCTCGAAACCGGAAGGTGGAGGTTTCAGCGAGCTGAGATCAAGCCACTGCACTCCAGCTTGTGCAACAAGAGCAAGACTCCATCTCAGAAAAAAAAAGAAAAGAA"
"chr5","77886340","77886649","KN297205v1","196973","197282","35","77689367","GGCCAGGCGCAGTGGCTCACATCTGTAATCCCAGCACCTTGGGAGGGCGAGGTGGGCAGATCATGAGGTCAGGAGTTTGAGACCAGCCTGGGCAACATGGTGAAACCCCGTCTCTACTAAACATACAAAAATTAGCAGGGTGTGGTGGCAGGCGCCTGGAATCCCAGCTACTTGGGAGGCTGAGGCAGGAGAATCACTTGAAACTGGAAGGCAGAGGTTGCAGTGAGCCGAGATTGCACCACTGCACTCTAGCCTGGGCAACAAGAGCAAAACTTCTTCTCAAAAGAAAAAAAAGAAAAGAAAAGAAAAA","GGCCAGGCGCGGTGGCTCACACTTGTAATCCCAGCACTTTGGGAGGCTGAGGCAGGCAGATCACAAGGTCAGGAGTTTGAGACCAGCCTGCCCAACATGGTGAAACCCCGTCTCTACTAAAAATACAAAAATTAGTTGGGCATGGTGGCAGGCACCTGTAATCCCAGCTACTTGGGAGGCTGAGGCAGGAGAATCACTTGAAACTGGAAGGCGGAGGTTGCAGTGAGCCGAAATCACGCCATTGCACTCCAGCCTAGGCTACAAAGCAAGACTCCATCTCAAAAAAAAAAAAGAAAAGAAAAGAAAAGAA"
"chr5","79056263","79056561","KN296063v1","1101416","1101671","72","77954847","AGTATCTTGGGAGGCCAAGGTGGGCAGATCATGAGGTCAAGAGTTCGAGACCAGCCTGGCCAACATGGTGAAACCCCGTCTCTATTAAAAATACAAATGGTGAAACCCCGTCTCTATTAAAAATACAAAAATTAGCTGGGCGTGGTGGCGGGCACCTGTAATCCCAGCTACTCGGGAGGCTGAGGCAGCAGAATTGCTTGAAACTAAAAGGCGGAGCTTGCAGTGAGCCAAGATCACGCCTCTGCACTCCAGCCTGGGCAAAAGAGCAAAACTCCATCTCAATAAATAAATAAATAAAA","GAGGCTGAGGTGGGCAGATCATGAAGTCAGGAGTTCGAGACCAGCCTGGCCAACATGGTGAAGTCCTGTCACTACTGAAACTATAAAAAAATTAGCTGGGCATGGTGGCGGGTGCCCGTAATCCCAGCTACTTGGGAGCCTGAGGCAGGAAAATTACTTGAAACTGGAAGGCAGAGGTTGTAGTGAGCCAAGATCGTGCCACTGCACTCTAGCCCGGGCAAAAGAGCAAAACTCCATCAAAAAAAAAAAAAAAAAA"
"chr5","79120871","79121166","KN296936v1","85507","85802","34","79035364","GGCTGGGCACGGTGGCTCACACCTGTAATCCCAGCACTTTGGGAGGCCAAGGCGTGTGGATCACGAGGTCAGGAGTTTGAGAACAGCCTGGCCAACATGGTGAAACCCCGTCTCTACTAAAAATACAAAAATTAGCCAGGCGTGGTGGCGGGCGCCTGTAATCCCAGCTACTTGGGAGGCGGAGGCAGGAGAATTGCTTGAAACTGGGAGGCAAATGTTGCAGTGAGCCGAAATCGCACCACAGCACTCCAGCCTGGGTGAAAGAGCAAAACTCCGTCTCAAAAAAAAAAAAAAAA","GGCTGGGCGTGGTGGCTCACGTCTGTAATCCTAGCACTTTGGGAGGCTGAGGCGGGCAGATCATGAGGTCAGGAGTTTGAGACCAGCCTGGCCGACATAGTGAAACTCCGACTCTACTAAAAATACAAAAATTAGCTGGGCGTGGTGGTGGGCACCTGTAATCTCAGCTACTTGGGAGGCTGAGGCAGGAGACTTGCTTGAAACCGGAAGGTAGAGGTTGCAGTGAGCCGAGATCATGTCACAGCACTCCAGCCTGGGCGAAAGAGCAAAACTCCGTCTCAAAAAAAAAAAAAAAA"
"chr5","81322380","81322478","KN296210v1","353837","353929","29","80968543","CCGGAAGGCGGAAGTTGCAGTGAGCCGAGATGGCACCATTGCATTACAGCCTAGGCAACAAGAGGGAAACTCTGTCTCAAAAAATAAACAAAAAAAAAA","TGAAGCCAGAAGGCGGAGGTTGCAGTGAGCTGAGATTGCACCATTGCAGTCCAGCCTGCACAACAAGAGCGAAACTCCATGTAAAAAAAAAAT"
"chr5","83201762","83202063","KN296609v1","1269674","1269975","33","81932088","GGCCAGGTGCGGTGGCTCACGCCTGTAATCCCAGAACTTTGGGAGGCTGAGGCAGATGGATCACGAGCTCAGGAGTTCGAGACCAGTCTGACCAACATGGTGAAACCCTGTCTCTACTAAAAGTACAAAAATTAGCCAGGCATGGTGGCAGGTGCCTGTAATCTCAGCTACTCGGGAGGCTGAGGCAGGCGAATCGCTTGAAACCAGAAGGCAGAGGTTGTAGTGAGTGGAGATCGTGCCACTGCCCTCCAGCCTGGGCAACAACAGCGAAAGTCTGTCTCAAAAAAAAAAAAAACAAAAAA","GGCTGGGTGTGGAGGCTCATGCCTGTAATCCCAGCACTTTGGGAGGCCGAGGCAGGTGAATCACGAGGTCAGGAGTTCGAGACCAGCCTGGCCAACATGGTGAAACCCCGTCTCTACTAAAAATACAAAAATTAGCCAGGCATGGTGACAGGCACCTGTAGTCTCAACTACTCGGGAGGCTGAGGCAGGAGAATTGCTTGAAACCGGAAGGCAGAGGTTGCCATGAGTGGAGATCGTGCCACTGCACTCCAGCCTGGGTGAAAGAGCGAAACTCTGTCTCAAAAAAAAAAAAAAAAAAAAAA"
"chr5","88174686","88174991","KN295820v1","1061082","1061369","34","87113604","GGCTGGGTGTGGTGACTCATGCCTGTAATCCCAGCACTTTGGGAGGCCGAGGTGGGTGGATCATGAGGTCAGCAGTTCAAGACCAGCCTGACCAACATGGTGAAACCTCGTCTCTACTAAAAATATAAAAAAATTAGCTGGGCGTGGTGGTGGGCGCCTGTAATCCTAGCAACTTGGGAGGCTGAGGCAGGAGAATTGCTTGAAACTGGAAGGCGGAGGTTGCAGTGAGCCGAGATTATGCCACTGCACTCTAGCCTGGGCAATAAGAGCAAAACTCTGGCTAAAAAGAAAAAAAGAAAAAAGAAA","GCAGTGGCTCATGCCTGTAATCCCAGCACTTTGGGAGGCCGAGGTGGGTGGATCACGAGGTCAGCAGTTCAAGACCAGCCTGACCAACATGGTGCAACCCCGTCTCTACTAAAAATAGAAAAAAATTAGCTGGGTGTGGTGTGGGCACCTGTAATCCCAGTGACTTGGGAGGCTGAGGCAGGAGACTCGCTTGAAACTGGAAGGCGGAGGTTGCAGTGAACCGAGATTGTGCCACTGCACTCTAGCCTGGGCAATAAGAGCAAAACTCTGTCTCAAAAAAAAAAAAAA"
"chr5","90508783","90509043","KN295854v1","239908","240171","35","90268875","GGCCAAGCGCAGTGGCTCACTCTGTAATCCCAGCACTTTGGGAGGCCAAGGCGGGTGGATCACGAGGTCAGGAGTTCAAGACAAGCCTTGCCAACATGGTGAAACCCTGTCTCTACTAGAAATAAAAAATTAGCCAGGCGTGGTGGCGGGTGCCTGTAATCCCAACTACTTGGGAGGCTGAGGCAGGAGAATCACTTGAACCCAGAAAGCAGAGGTCGCAGTGAGCTGAGATCGTGCCACTGCACTCCAGCCTGGGCAACA","GGCCGGGCGCGGTGGCTCACGCCTGTAATCCCAGCATTTTGGGAGGCCGAGGGAGGTGGATCACGAGGTCAGGAGTTTGAGACCAGCCTTTCCAACATGGTGAAACCCCATCTCTACTAAGAATACAAAAATTAGCCAGGCGTAGTGGCGGACACCTGTAATCCCAGCTACTGGGGAGGCTGAGGCAGGAGAATCGCTTGAAACCGGAAGGCAGAGGTTGCAGTGAGCCGAGATCATGCCACTGCACTCCACTCTGGGCGACAA"
"chr5","95592550","95592846","KN297044v1","488939","489238","41","95103611","GGCCAGGCTTAGTGGCTCACGCCTGTAATCCCAGCACTTTGGGAGGCCGAGGCAAGCGGATCACAAGGTCAAGGGATCAAGACCATCCTGGCCAACATGGTGAAACCCCATCTCTACTAAAAACACAAAAATTAGCTGGACATGGTGGCAGGCGCCTGTAATCCCAGCTACTCAGGAGGCTGAGGCAGGAGAATCACTTGAAACTGTTAGGCAGAGGTTGCAGGGAGCCGAAATCGCACCACTGCACTCCAGCCTGGGTGAAAAAGCGAAACTCCATCACACACACACAAAAAAAAA","GCCAGGCACGGTGGCTCACACCTGTAATCCCAGCATTTTGGGAGGCCGAGGCAGGTGGATCACGAGGTCAGGAGTTTGAGACCACCCTGGCCAACATGGTGAAACCCCATCTCTACTAAAAATACAAAAATTAGCCAAGCATGGTGGCAGGCGCCTGTAATTCCAGCTACTCAGGAGGCTGAGGCAGGAGAATCGCTTGAAACCGGAAGGCAGAGGTTGCAGTAAGCCGAGATCCCGCCACTGCACTCCAGCCTAGGTGAAAAAGTGAAACCCCGTCTCAAAACAAACAAACAAAAAAGA"
"chr5","96293275","96293575","KN294475v1","754668","754965","35","95538607","GGCCAGGCGCGGTGGCTCATGCCTGTAATCCCAGCACTTTGGAAGGCTGAGGCAGGCAGATCACAAGGTCAGGAGTTCAAGACCAGCCTGACAAACATGGTAAAGCCCATCTCTACTAAAAATACAAAAATTAGCCGGGGCGTGGTGGTGGGTGCCTGTAATCCCAGCTACTCGGGAGGCTGAGACAGGAGAATCACTTGAAACGGAAGGTGGAGGTTGCAGTGAGCTGAGATCGTGCCACTGCACTCCAGTCTGGGCAAAAAGAGTGAAACTCTGTCTCAAAACAAACAAACAAACAAAA","GGCTGGGCGCTGTGGCTGATGCCTGTAATCCCAGCACTTTGGGAGGCTGAGGCAGGCAGATCACGAGGTCAGGAGTTCAAGACCGGCCTGACCAACATGGTGAAACTCGATCTCTACTAAAAATACAAAAATCAGCCGGGCGTGGTGGTGAGTACCAATAATCCCAGCTACTTGGGAGGCTGAGGCAGAAGAATCACTTGAAACCGGAAGGCGGAGGTTGCAGTGAGCCGAGATCGTGCCAATGCACTCCAGTCTGGGCAAAAGAGCAAAACTCCGTCTCAAAAAAATATATAAAAAA"
"chr5","97615530","97615817","KN295906v1","648113","648403","38","96967417","CCTGGTGTGGTGGCTCATGCCTCTAATCCCAGCACTTTGGGAGGCCGAGGTAGGCGATCACAAGGTCAGGAGTTCGAGACCAGTGAAACCAACATGGTGAAACCCATCTCTACTAAAAATACAAAAATTAGCCAGGTGTGGTGGCACGCACCTGTAATCCCAGCTACTCGGGAGGCTGAGGCAGGAGAATCGCTTGAAACCAGAAGGCGGAGGTTGCAGTGAGCTGAGATCACACCACTGCACTCTAGCCTGGGCGAAAGAGTGAAACTCTGTCTCAAAAAAAAAGAA","GCGCGATGGCTCATGCCTCTAATCCCAGCACTTTGGGAGGCCGAGGTGGTCGGATCACAAGGTCAGGAGTTTGAGACCAGCCTGACCAACATGGTGAAACCTCGTCTCTACTAAAAATACAAAAAATTAGCCAGGCTTGGTGGCAGGTGCCTGTAATCCCAGCTACTCGGGAGGCTGAGGCAGAAGAATCACTTGAAACCGAAAGGCAAAGGTTGCAGTAAGCCGAGATCACAACACTGCACTCCAGCCTGGGCAACAAGAGTGAAACTCTGTCTCAAAAAATAAAGAAAA"
"chr5","99007250","99007555","KN296580v1","372453","372760","35","98634797","CCAGGCGCGGTGGCTCATGCCTGTAATCCCAGCACTTTGGGAGGCCAAGGCGAGCGGATTACAAGGCCAGGAGTTCAAGACCAGCCTGGCCAACATGGTGAAACCCGTCTCTACTAAAAATACAAAAATTAGCTGGGCATGGTGGCAGGCACCTGTAATCCTAGCTACTCAGGAGGCTGAGGCAGGAGAATTGCTGGAAACCGGAAGGTGGAGGTTGCAGTGAGCCCAGATCATGCCACTGTACTCCAGCCTGGGCAACAAGAGCAAAACTCCAAGTCGAAAAATAAAATAAAATAAAATAAAAAA","GCTGGGTGCAGTGGCTCATGCCTGTAATTCCAGCACTTTGGGAGGCCAAGGTGGGCAGATCACAAGGTCGGGAGTTCAAGACCAGCCTGGCCAACATGGTGAAACCCTGTCTCTACTAAAAATACAAAAATTAGCTGGGCATGGTGGCAGGTGCCTGTAACCCCAGCTACTCAGGAGGCTGAGGCAGGAGAGTCGCTTGAAACTGGAAGGCGCAGGTTGCAGTGAGCCAAGATTGTGCCACTGCACTCCAGCCCGGGCAAAAGAGCAAAACTCCATCTCAAAAATAAAAAATAAAAGAAAATAAAAAA"
"chr5","103208080","103208388","KN296885v1","2780934","2781237","32","100427146","GGCCGGGCATGATGGCTCATGCCTGTAATTCCAGCATTTTGGGAGGCTGAGGCAGGAAGATCATGAGGTCAGGAGTTCGAGACCAGCCTGGCCAACATGGTGAAACCCAGTCTCTACTAAAAATGCAAAAATTAGCCAGGCGTGGTGGCGGGCGCCTGTAATCCCAGCTACTCTGGAGGCTGAGGGAGGAGAATCATTTGAAACTGGAAGGTGGAGGTTGCAGTGAGCTGAGATCATGCCACTGCACTCCAGCCTAGGCAACAAGAGTAAAACTCCATCTCAAAAAAAAAAAGAAAAAGAAAAAGAAAA","GGCTGGGCACAATGGCTCATGCCTGTAATCCCAGCACTTTGGGAGGCCGAGGCGGGCAGATCATGAGGTCAGGAGTTTGAGACTAGTCTGGCCAACATGGTGAAACCCCATCTCTACTAAAAATGCAAACATTAGCCAGGCGTGGTCGCGGGCACCTGTAATCCCAGCTACTTGGGAGGCTGAGGGAGGAGAATCGCTTTAAACCAGAAGGGGGAGGTTGCAGTGAGCTGAGATCATGCCACTGCACTCCAGCTTAGGCAACAAGAGTGAAACTCCATCTCAAAAAATAAAGAAGAAAAGAAAA"
"chr5","105043700","105043946","KN296357v1","514661","514913","46","104529039","AGGCCAAGGCAGGCAGATCACGAGGTCAGGTGTTCAAGACCAGCCTGGCCAAGATGGTGAAACCCCATCTCTACTAAAAATGTAAAAATTAGCCAGGTGTGGTGGTGGGTGCCTTTAATCCCAGCTACTTGGGAGGCTGAGGCAGGAGAATCGCTTGAACCCAGAAGGCAGAGGTTGCAGTGAGCCAAGATCATGCCACTGCATTCCAGCCTGGGCAACAAGAGTGAAACTCCGTCTCAAAAAAAAA","TGGGAGGCTGAGGGGTGTGCGGATCATGAGGTCAGGAGTTCGAGACCAGCCTGGCAGACATGGTGAAAACCTGTCTCTAATAAAAATACAAAAATTAGCTGGGCATGGTGGTGGGTGCCTGTAATCCCGTCTACTAGGGAGGCTGAGGCAGGGGAACTGCTTGAAACCAGAAGGCAGAGGTTGCAGTGAGCCAAGATTGCACCACTGTACTCCAGCCTGGGCAAAAGAGCAAAACTCCATCTCAAAAAAAAAA"
"chr5","108352502","108352806","KN295596v1","93475","93775","36","108259027","CCAGGCGCAGTGGCTCACGCCTGTAATCCCAGCACTTTGGGAGGCTGAGGCGGGCGGATCATGAGGTCAGGAGTTCGAGACCAGCCTGGCCAACATAGTGAAACTCCGTGTCTACTAAAAATACAAAAATTAGCTGGGAGTCATGGCGGGTGCCTGTAGTCCCAGCTACTCGGGAGGCTGAGGCAGGAGAATCGCTTGAAACCAGAAGGTGGAGTTTGCAGTGAGCCGAGATCACACCACTGCACTCCAGCCTGGGCGAAAGAGCGAAACTCCGTCTCAAAAAACAAAACAACAACAAAAAAGAA","GGCCGGGCGCAGTGGCTCACGCCTGTAATCTCAGCACTTTGGGAGGCCGAGGCGGGCGGATCTTGAGGTCAGGAGATCAAGACCAGCCTGGCTAACATGGTGAAACCCGTCTCTACTAAAAATACAAAAATTAGCTGGGCGTGGTGGCGGGCGCCTGTAATCCCAGCTACTCGGGAGGCTGAGGCAGGAGAATCGCTTGAAACCGGAAGGCAGAGGTTGCAATGAGCCAAGATCGTGCCACTGCACTCCAGCCTGGGCAACAAGAGCGAAACTCCATCTCCAAAAAAAAAAAAAAAAAGAA"
"chr5","110353085","110353238","KN294786v1","234898","235060","26","110118187","CGGGTGTGGTGGCAGGCGCCTGTAATCCCAGCTAATTGGGAGGCTGAGGCAAGAGAACTGCTTGAAACCTGAAGGCAAGGTGGCAATGAGCCGAGATTATGCCACTGCACTCCAGCCTGGGCAACAAGAGCGAAACTCTGTCTCAAAAAAAAAA","GGGCGTGGGGGCAGGCGCCTGTAATCCCAGCTACTTGGGAGGCTGAGGCAGGAGAATAGTTTGAAACCAGAAGGCAAGGTGGCAAGAAGCTGAGATCTCGCCACTGCACTCCAGCCTGGGCAACAAGAGTGAAACTCTGTCTCAAAAAAAAAAAAAAAAAAAA"
"chr5","112870890","112871107","KN294693v1","52972","53179","57","112817918","GGCTGGGCGTGGTGTATCATGAGGTCAGGAGTTCAAGACCAGCCTGGCCAACATGGTGAAACCCCATCTTTACTAAAAACTACATAAATTAGCTGGGTACAGTGGCAGGCACTTGTAATCCCAGCTACTCGGGAGGCTGAGGCAGGAGAATCACTTGAAACCAGGCGGCAGATATTGCAGTGAGCTGAGATCGCACCGCTGCACACCAGCCTGGGCAA","TTGGGAGGCCGAGGCAGGTGGATCACAAGGTCAGAAGTTTCAGACAATCCTGGCCAACATGGTGAAACCCCGTCTCTACTAAAAATACAAAAATTAGCCGAGTGTGGTGGCGTGAGCCTGTAATCCCAGCTACTCAGGAGGCTGAGGCAGGAGAATCGCTTGAAATCGGAAGGCAGAGGTTGCAGTGAGCCAAGATCGCATCACTGCA"
"chr5","113025346","113025610","KN295605v1","779453","779714","42","112245893","GGCCAGGCACATTGGCTCATGCCTGTAATCCCAGCACTTTGGGAGGCCGAGGTGGGTGGATCAGTGGTCAGGAGTTCGAGACCAGCCTGGCCAACATGGTGAAACCCTGTCTCTACTAAAAATACAAAAAAACTAGCTGGGTATGGTGGCGGGCACCTGTAATTCCAGCTACTCAGGAGGCAGAGGTTGCAGTGAGCCAAGATCACGCCACTGCACTTCAGCCTGGTGACGAGCAAAACTCCATCTCAAAAAAAAAAAAAAAAAA","GGCCAGGCGCAGTAGCTCACCCCTGTAAGCCCAGCACTTGGGAGGCTGAGGCGGGTGGATCACGAGGTCAGGAGATATAGACCATCTTGGCCAAAATGATGAAACCCCGTCTCTACTAAAAATACAAAAATTAGCCAGGCGTGGTGGCAGGCACCTGTAGTCCCAGCTACTCAGGAGGCTAAGGTTGCAGTGAGCCAAGATCATGCCACTGCACTCCAGCCTGGGCAACAAGAGCAAAACTCCATCTCAAAAAAAAAAAAAA"
"chr5","115650357","115650664","KN294207v1","58858","59164","35","115591499","GGCTGGGCGTGGTGGCTCATGCCTGTAATCCCAGCACTTTGGGAGGCGGAGATGGGTGGATCACGAGGTCAGGAGTTCGAGACCAGCCTGGCCAACATGGTGAAATCCTATCTCTATTAAAAATACATAAATTAGCCAGGCATGGTGGCAGGCGCCTGTAGTCTCAGCTACTCCAGAGGCTGAGGCAGGAGAATCACTTGAAACAGGAAGGCAGAGGTTGCAGTAAGCCAAGATCACATCACTGCACTCTAGTCCTGGGCAACAAGAGTGAAACTCCTTCTCCAAAAAAAAAAAAAAAAAAAAAAAAA","GGCTGGGCGTGGTGGCTCACGCCTGTAATCCCAGCACTTTGGGAGGCCGAGGTGGGCGGATCATTTGAGGTCAGGCGATCCAGACCAGCCTGGCCAACATGGTGAAACCCCATCTCTACTAAAAATACAAAAATTAGCCGGGCATGGTGGCAGGTGCCTGAATTCCCAGCTACTCGGGAGGCTGAGGCAGGAAAATCTCTTGAAATTGGAAGGCAGAGGTTGCAGTAAGTCAAGATCACACCACTGCACTCCATCCTGGGCAAAAGAGTGAAACTCCGTCTCAAAAAAAAAAAGAAAGAAAAGAAAA"
"chr5","116840304","116840621","KN297205v1","196973","197282","47","116643331","GGCCGGGTGCAGTGGCTCACATCTGTAATCCCAGCACTTTGAGAGGCTAAGGTGGGCAGTTCACGAGATCAGGAGTTTGAGGCCAGCCTGGCCAACATGGTAAAACCCCATCTCTACTAAAAACACAAAAATTAGCTGGTCGTGGTGGTGGGCACCTGTAATCCCAGCTATGTGGGAGGCTGAGGCAGGAGAATCATTTGAATCTGGGAGGTGGAGATTGCAGTGAGCCGAGATCACGCCATTGCATTCCAGCCTGGGCAACAAGAGCACAAAGCAAAACTCCATCTTAAAAAACAAAAAAAAAAAAGAAAGAAAGAA","GGCCAGGCGCGGTGGCTCACACTTGTAATCCCAGCACTTTGGGAGGCTGAGGCAGGCAGATCACAAGGTCAGGAGTTTGAGACCAGCCTGCCCAACATGGTGAAACCCCGTCTCTACTAAAAATACAAAAATTAGTTGGGCATGGTGGCAGGCACCTGTAATCCCAGCTACTTGGGAGGCTGAGGCAGGAGAATCACTTGAAACTGGAAGGCGGAGGTTGCAGTGAGCCGAAATCACGCCATTGCACTCCAGCCTAGGCTACAAAGCAAGACTCCATCTCAAAAAAAAAAAAGAAAAGAAAAGAAAAGAA"
"chr5","116986447","116986737","KN295596v1","93475","93775","43","116892972","GTGATGGCTCACACCTGTAATCCCAGCATTTTGGGGGGCCAAGGTGGGCGGACCATGAGGTCAGGAGTTCGTGACCAGCCTGGCCAACATGGTGAAACCCCGTCTCTACTAAAAATACAAAAATCAGCTGGGCATGGTGGCAGGCACCTGTAATCCCAGCTACTTGGGAGGTTTAGGCAGAAGAATCGCTTGAAACCGGAAGCTGGAGGTTGCAGTGAGCCAAGATCGTGCCACTGCACTCCAGCTTGGGCGACAAGACTGAAACTCTATCTTAAAAAAAAAAAAAAAAAA","GGCCGGGCGCAGTGGCTCACGCCTGTAATCTCAGCACTTTGGGAGGCCGAGGCGGGCGGATCTTGAGGTCAGGAGATCAAGACCAGCCTGGCTAACATGGTGAAACCCGTCTCTACTAAAAATACAAAAATTAGCTGGGCGTGGTGGCGGGCGCCTGTAATCCCAGCTACTCGGGAGGCTGAGGCAGGAGAATCGCTTGAAACCGGAAGGCAGAGGTTGCAATGAGCCAAGATCGTGCCACTGCACTCCAGCCTGGGCAACAAGAGCGAAACTCCATCTCCAAAAAAAAAAAAAAAAAGAA"
"chr5","119066986","119067291","KN295936v1","2530067","2530365","47","116536919","GGCTGGGGGCGGTGGCTCATGCCTGTAATCCCAGCACTTTGGGAGGCCGAGGCAGATGGATCATGAGGTCAGGAGTTTGAGACCAGCCCGGCCAACGCAGTAAAACCCTGTCTCTACTAAAAATACAACAAATTAGACAGGAGTGCTGGCAGGTGCCTGTAATTCCAGCTACTCTGGAGGCTGAGGCAGGAGAATCGCTTGAAGCTGTGAGGTGGAGGTTACAGTGAGCCAAGATCATGCCATTGCACTCCAGCCTGGGTAACAAGAGTGAAACTCCGTCTCATGAACAAACAAACAAACAAAAAA","GGCTGGGTGTGGTGGTTCACACCTGTAATCCCAGCACTTTGGGAGGCCGAGGCTGGTGGATCATGAGATCAGGAGTTCAATACCAGCCTGGCCAACATGGTGAAACCCCGTCTGTACTAAAAATACAAAAATTAGCCAGGCATGGTGGCAGGCGCCTGTAATCCCAGCTACTCGGGAGGCTGAGGCAGGAGAATCGCTTGAAACTGGAAGGTGGAGGTTGCAGTGAGCCGAGATTGCATCACTGCGCCCCAGCCTGGGCGAAAGAGCGAAACTCCGTCTCAAAAACAAACAAACAAAAA"
"chr5","121896462","121896756","KN296455v1","588289","588587","26","121308173","GGCCGTGCATGGTGGCTCACACCTGTAACCCCAGCACTTTGGAAGGATGAGGTGGGTGGATCACAAGGAGTTAGAGACCAGCCTGGCCAACGTGGTGAAACCCTGCCTCTACTAAAAATACAAAAATTAGCCAGGCGTGGTGGCGGGCATCTGTAATCCTAGCTACTCGGGAGGCTGAGGCAGGAGAATAGCTTGAAACCAAAAGGCAGAGGTTGCAGTGAGCCGAGATCGCCCACTGCGCTCCAGCCTGGGCAAAAGAGCTAAACTCTGTCTCAAAAACAAAAACAAAAACAAA","GGCCGTGCGTGGTGGCTCACACCTGTAACTCCAGCACTTTGGGAGGCTGAAGCAGGTGGATCACGAGGAGTTAGAGACCAGCTTGGCCAATGTGATGAAACCCTGTCTCTACTAAAAATACAAAATTTAGCCAGGCGTGGTGGTGGGCACCTGTAATTCTAGCTACTTGGGAGGCTGAGGCAGGAGAATAGCTTGAAACCAGAAGGCAGAAGTTGCAGTGAGCCGAGATCGCCCAGTGCACTCCAGCCTGGGCAAAATAGCTAAACTCTGTCTCAAAAACAAACAAACAAAAAACAAAA"
"chr5","129689412","129689724","KN295717v1","1115867","1116180","35","128573545","GGCCAGGCACGGTGGCTCATGCCTGTAATCCCAGCAGTTTGGGAGGCTGAGGCAGGTGAATCACGAGGTCAGCAGTTTGAGACCAGCCTGACCAACATGGTGAAACCCAGTCTCTACTAAAAATACAAAAAAATTAGCTGGGTGTGGTGGTGTGTGCCTGTAATCCTAGCTACTTGGGAGGCTGAGGCAGGAGAATCACTTGAAACTGCAAGGTGGAGGTTGCAGTGAGCTGAGATTGTGCCACTGCACTCTAGCCTGGGCAATAAGAGCCAAACTCCATCTCAAAAAGAAAAAAAAGTAAAAACAGAACAAA","GGCCGGGCCCAGTGGCTCATGCCTGTAATCCCAGCACTTTGGGAGGCTGAGGCAGGTGGATCATGAGGTAAGCAGTTTGAGACCAGCCTGACCAACATGGCGAAACCTGGTCTCTACTAAAAATACAAAAAAATTAGCTGGGCGTGGTGGCGGGTGCCTGTAATCCCAGTGACTTGGGAGGCTGAGTCAGGAGAACCCCTTGAAACTGGAAGGCAGAGGTCGCAGTGAGCCGAGATTGCACCACTGCACTCTAGCCTGGGCAATAAGAGCAAAACTCCATCTCAAAAAACAAAACAAAACAAAACAAAACAAAA"
"chr5","132882575","132882873","KN294911v1","4008790","4009092","31","128873785","GGCCGGACGTGGTGGCTCACACCTGTAATCCCAGCACTTTGGGAGGCTGAGATGGGCAGATCACGAGGTCAGCAGTTCAAGACCAGCCTGGTTCACATGGTGAAACCCCATCTCTACTAAAAATACAAAAATTAGCCGGGCATGGTGGCGGGCACCTGTAATCCCAGCTACTCAGGAGGCTGAGCAGGAGAATCACTTGAAACCGGAAGGTGGAAGCTGCAGTGAGTCGAGATCGTGCCACTGTGCTCCAGCCTGGGCAACAAAAGCGAAACTCCATCTCAAAAAAAAAAAAAAAAAAA","GGCCGGACGCAGTGGCTCACACCTGTAATCCCAGCACTTTGGAAGGCCAAGGTGGACAGATCACAAAGTCAGCAGTTTGAGACCAGCCTGGTCCACACGGTGAAACCCCATCTCTACTAAAAATACAAAAGTTAGCTGGGCGTGGTGGCGGGCACCTGTAATCCCAGCTACTCAAGAGGCTGAGGCAGGAGAATTGCTTGAAACCAGAAGGTGGAGGCTGCACTGAGTCGAGATTGTGCCACTGCTCTCCAGCCTGGGCAACAATAGTGAAACTCCATCTCATTAAAAAAAAAAAAAAGAAAA"
"chr5","132988538","132988829","KN297313v1","656866","657157","45","132331672","GGCCAGGAGCAGTGGCTCATGCCTGTAATCCCAGCACTTTGGGAAGCCGAGGTGGGCGGATCACGAGGTCAGGAGATCGAAACCATCCTGGACAACATGGTGAAACCCCCTCTCTACTAAAAATACAAAAATTAGCTGAGTGTGGCAGCGCATGCCTGTAATCCCAGCTACTCTGGAGGCTGAGGCAGGAGAATCGCTTGAAACCGGGAGGCGGAGATTGCAGTAAATTGAGATCCCGCCATTGTACTCCAGTCTGGGCAACAAAAGCGAAACTCCATTTCAAATAAATAAA","GGCCAGGCACGGTGGCTCATGCCTGTAATCCCAGCACTTTGGGAGGCCGAGGTGGGTGGATCACGAGGTCAGGAGTTCGAGACCAGCCTGCCCAATATGGTGAAATCTCATCTCTACCAAAAATACAAAAAATTAGCCAGGCGTGGTGGCGGGCACCTGTAATCCCAGCTGCTCAGGAGGCTGAGGCAGGAGAATCACTTGAACCCAGAAGGCGGAGGTTGCAGTGAGCTGAGATCCTACCACTGCACTCCAGCCTGGGCGACAAGAGCAAAACTCCATTTCAAAAAAAAAA"
"chr5","134065790","134066092","KN294911v1","2810433","2810729","30","131255357","GACCAGGCGCGGTGGCTCACACCTGTAATCCCAGCACTTTGGGAAGCTGAGGCAAGTGGATCATGAGGTCAGGAGTTCGAGACCAGCCTGCCCAACATGGTGAGACCCCCCATCTCTACTAAAAATATGAAATTAGCCAGGCGTGGTGGCGGGGGCCTGTAATCCCAGCTACTCGGGAGGCTGAAGCAGGAGAATCACTTGAAACCAGAAGGCAGAGGTTGCAGTGAGCCAAGATGGCACCACTGCACTCCAGCCTGGGCAAAAGAGTGAAACCCCGTCTCAAAAAAAAAAAAAAAAAAAAAA","GGCCAGGCACGGTGGCTCACGACTGTAATCCCAGCACTTTGGGAGGCTGAGGCAGGTGGATCATGAAGTCAGCAGTTCGAGACCAGCCTGCCCAACATGGTGAAACCCCGTCTCTACTAAAAATACTAAATTAGCCAGGTGTGGTGGCGGGCGCCTGTAATCCCAGCTACTCGGGAGGCTGAGGCAGGAGAATCGCTTGAAACCAGAAGGCAGAGGTTGCAGTGAGCCAAGATGGCACCACTGTACTCCAGCCTGGGTGAAAGAATGAAACTCCATCTCAAAAAATAAAAATAAAAA"
"chr5","134684023","134684320","KN294911v1","2166861","2167156","28","132517162","GGCTGGGCACAGTGCCTCCTGCCTGTAATCCCAGCACTTTGGGATGCCAAGCCAGACGGATTATGAGGTCAGGAGTTCGAGACCAGCCTGGCCAACATGGTAAAACCCCGTCTCTACTAAAAATACAAAAATTAGCCGGGCCTGGTGGTGAGTGCCTGTAATCCCAGCTACTTGGGAGGCTTAGGCAGGAAAAATGCTTGAAACCGAAAGTCAGAGGTTGCAGTGAGCCAAGGTTGCGCCACCACACCCCAGCCTGGGCAAAAGAGCGAAACTCCATCTCAAAAAAAAAAAAAAAAAA","GGCTGGGCGCAGTGCCTCCTGCCTGTAATCCCAGCACTTTGGGATGCCAAGCCAGGCAGATCATGAGGTCAGGAGTTTGAGACCACCTGGCCAACATGGTAAAACCACATCTCTACTGAAAATACAAAAAGTAGCCAGGACTGGTGGCAAGTGCCTGTAATCCCAGCTACTCAGGAGGCTTCGGTAGGATAAACGCTTGAAACCGGAAGGCAGAGGTTGCAGTGAGCCAAGGTTGCGCCACTGCACCCCAGCCTGGGCAAAAGAGCAAAACTCCATCTCAAAAAAAAAAAAGGAAA"
"chr5","134824311","134824607","KN294911v1","2027339","2027634","39","132796972","GGCCGGGCGCGGTGGCTCACGCCTGTAATCCCAGCACTTTGGGAGGCCGAAGCGGGCGGATCACAAGGTCAAGAGTTTGAGACCAGCCTGGCCAACATAGTGAAACCCCGTCTCTACTAAATACAAAAATTAGCTGGGCATGGTGGCGGGAGCCTGTATCCCAGCTACTCGAGAGGCTGAGTACCTTGGAAACAGAAGGTAGAGGTTGCAGTGAGCTGAGATGGCGCCACTGCACTCCAGCCTGGGCAAAAACAGCGAAACTCTGTCTCAAAAAAAAGAAAAGAAAAGAAAAAGAAA","GGCCGGGCACGGTGACTCACGCCTGTAATCTCAGCAGTTTGGGAGGCCGAAGCGGGCGGATCGCAAGGTCAAGGGTTTGAGACCAGCCTGGCCAACATAGTGAAACCCTGTCTCTACTAAATACAAAACTTAGCCAGGCATGGTGGCGGGAGCCTGTATCCCAGCTACTCGTAAGGCTGAGGCAAGAGAATCGCTTGGAACCAGAAGGCAGATGTTGCAGTGAGCTGAGATGGCGCCACTGCACTTCAGCCTGGGCAAAAACAGCGAAACTGCATCTCCAAAAAAAAAAAAAAAAA"
"chr5","139702997","139703298","KN296701v1","108134","108432","39","139594863","GGCCAGGCACAGTGGCTCACGCTTGTAATCCCAGCACTTTGAGAGGCCAAGGCAGGTAGATCACAAGGTCAGGAGTTCGAGACCAGCCTGGCCAACATTGTGAAACCCTGTCTCTACTAAAACTACAAAAACTAGTTGGGTATGGTGGCAGGCGCCTGTAATCCCAGCTACTTGGGAGGCTGAGGCAGAATTGCTTGAAACTGGGAGGCGGAGGTTGCAGGGAGCTGAGGTCGCACCACTGCATACTCCAGCCTGGGCAACAAGAGCAAAACTCCATCTCAAAAAAAAAAAAAAAAAAAAAA","GGCCAGGCGCAGTGGTTCACTCTTGTAATCCCAGCACTTTGGGAGGCCGAGGTGGGCAGATCACAAGGTCAGGAGTTCGAGACCAGCCTGGCCAACATGGTGAACCATAGTCTCTACTAAAAATACAAAAATTAGCCGGGTGTGGTGGCGGACGCCTGTAATTCCTGCTACTTGGGAGGCTGAGGCAGGAGAATCGCTTGAAACTGGAAGGCAGAGGTTGCAGTGAGCTGAGATTGCACCACCGCACTACAGCCTGGGCAACAAGAGCAAAACTCCATCTCAAGAAAAAAAAAAAAAAA"
"chr5","140163497","140163808","KN294458v1","1248815","1249123","26","138914682","GCCAGGCACGGTGGCTCATGCCTGTAATCCCAGCACTTTGGGAAGCCGAGGTGGGTGGATCACGAGGTCAGCAGTTCGAGAACAGCCTGACCAACATGGTGAAACCCCGTCTCTACTAAAAATACAAAAACAATTAGCTGGGCATGGTGGCAGGCGCCTGTAATCCCAGTGACTTGGGAGGCTAAGGCAGGAGAATTGCTTGAAACCGGAAGGCAGAGGTTGCAGTGAGCCGAGATTGTGCCACTGCACTCTAGCCTGGGCAATAAGAGCAAAACTCCATCTCAAAAAAAAAAAAAAGAAAGAAAGAAAGAA","GGCCGGGCGCAGTGGCTCATCCCTGTAATACCAGCACTTTGGGAGGCCTAGGTGGGTGGATCACGAGGTCAGCAGTTGGAGACCAGCCTGACCAACATGGTGAAACCCCATCTCTACTAAAAATACAAAAAAATTAGCTGGGCATGGTGGCAGGGCCTGTAATCCCAGCGACTTGGGAGGCTGAGGCAGGAGACTTGCTTGAAACCGGAAGGTGGAGGTTGCAGTGAGCTGAGATTGCGCCACTGCACTCTAGCCTGGGCATTAAGAGCAAAACTCCGTCTCAAAAAAAAAAAAAAAAAAAAAAAAAAA"
"chr5","141070144","141070442","KN295077v1","592095","592387","39","140478049","GGCTGGGCACAGTGGCTCATGCCTTTAATCCCAGCACTTTGGGAGGCTGAGGCGGGCAGATCATGAGGTCAGGAGTTCGAGACCAGCCTGGCCAACATGGTGAAACTCCATCTCTACTAAAAGTACAAAAATTAGCTGAGCATGGTGGTGCGCGCCTATAATCCCAGCTACTCAGGAGGCTGAGGCAGGAAAATCACTTGAAACCAGAAGGCAGAGGTTGTAGTGAGCTGAGATGGCGCCATTGCACTCCAGCCTGGTTAACAAGAGTGAAACTCTGTCTCTCAAAAAAAAAAAAAAAA","GGCTGGGCACGGTGGCTCAGGTCTGTAATCCCACCACTTTGGGAGGCTGAGGCGGGCGGATCACGAGGTCAGGAGTTCAAGAACAGCCTGGCCAACATAGTGAAACCACATCTCTATTAAAAATACAAAAATTAGCTGCGCAGGTGGCAGCGCCTGTAATCCCAGCTACTCAGGAGGCTGAAGCAGGAGAATCGCTTGAAACCGGAAGGCGGAGGTGGCAGTGAGCTGAGATCGCACCACTGCACTCCAGCCTAGGTTAAAGACCGAAACTCCGTCTCAAAAAAAAAAAAAAA"
"chr5","141130150","141130427","KN297230v1","1161323","1161602","37","139968827","GGCCAGGCACAGTGGCTAACACCTGTAATCCCAGCAGTTCAGGAGGCAGAGACGGGCAGATCACAAGGTCAGGAGTTCGAGACCAGCCTGGCCAATATGGTGAAACCCCGTCTCTACTAAAAATACAAAAATTAGCAGGGTATGGTGGCAGGCACCTGTAATCCCAGCTACTCGGGAGGCTGAGGCAGGAAAATTGCTTGAAACCGTCAGGTGGAGGTTTCAGTGAGCTGAGATCGTGCCACTGCACTCCAGCCTGGGCGACAGAGCAAACTCCTTCT","GGCCAGGCGCGGTGGCTCACACCTGTAATCCCAGAACTTTGGGAGGCTGGGGTGGGCAGATCACGAGGTCAGGAGTTCGAGATCAGCCTGGCCAACATGGTGAAACCCCGTCTCTACTAAAAATACAAAACTTAGCTGGGCATGATGGTGGGTGCCTGTAATCCCAGCTACTTGGGAGGCTGAGGCAGGAGAATCGCTTGAAATCGGAAGGCGAAGGTTGCAGTGAGCTGAGATCGTGCCACTGCACTCCAACCTGGGGAACAAGAGCGAAACTCCATCT"
"chr5","141481672","141481935","KN296278v1","510974","511239","39","140970698","GGCCGGGCCTGGTGGCTCACGCCTGTAATCCCAGCACTTTGGGAGGCGGAGGCGGGCGGATCACGAGGTCAGGAGTCCAAGACCAGCCTGGCCAACATGGTGAAACCCCGTCTCTACTAAAAATACAAAAATTCACCAGGCGTGGTGGCTGAGGCAGGAGAATCGCTTGATGGTGGAGGTTGCAGTGAGCCGAGATCGCGCCACTGCACTCCAGCCTGGGTGAAAGAGCGAAACTCCATCTCAAAAAAAAAAAAAAAAAAAAAA","GGCTGGGCATTGTGGTTCATGCCTGGAATCCCAGCACTTTAGGATGCTGAGGCAAGCGGATCACAAGGTGAGGAGTTTGAGACCAGCCTGGCCAACATGGTGAAACCCCATCTCTACTAAAAATACAATAATCAGCTGGGTGTGGCTGAGGCAGGAGAATCGTTTGAAACTGGAGGTAGAGGCTGCAGTGAGCTAAGATTGCGCCACTGCACTCCAGCCGGGGCGAAAGAGCAAAACTCCATCTCAAAAAAAAAAAAAAAAAAAAA"
"chr5","142208367","142208673","KN295721v1","307989","308293","42","141900378","GGCTGGGCGCGGTGGCTTACGCCTGTAATCCCAGCACTTTGGGAGGCCAAGGCAGGCGGATAACAAGGTCAGGAGTTCCAGACCAGCCTGGCCAATATGATGAAACCCCGTCTCTACTAAAAAAATACAAAAATTAGCCGAGTGTGGTGGCAGGTGCCTGTAATCCCAGCTACTCGGAAGGGTGAAGCAGGAGAATCACTTGAACCTGGAGGTGGAGGTTGCAGTGAGCCGAGATTGCATCATTACACTCCAGCCTGGGCAATAAGAGCAAAACTCTGTTTCAAAAAGAAAAGAAAACAAAACAAAA","GGCTGGGCACAGTGGCTCACACCTGTAATCCCAGCACTTTGGGAGGCCAAGGCAGGCAGATCACGAGGTCAGGAGTTTGAGACCATCCTGGCCAACATGTTGCAAGCCCGTCTCTACTAAAAATACAAAAATTAGCCAGGCGTGGTGGCAGGCGCCTGTAGTCCCAGCTACTAGGGAGGCTGAGGCAGGAGAATCACTTGAAACCAGAAGGTGGAGGTTGCAGTGAGCCAAAATTGCACTACTGCACTCCAGCCTGGGCAATAAGAATGAAACTCTGTCTCAAAAAAAAAAAAAAAAAAAAAAAA"
"chr5","143254022","143254343","KN296726v1","921912","922233","53","142332110","GCTGGGTGCAGTGGCTCACACCTGTAATCCCAGCACTTTGAGTGGCCACGGTGGGTGGATCACGAGGTGAAGAGATCGAGACCAGCCTGGCCAACATGGTGAAACCCCGTCTCTACTAAAAATACAAAAATTAGTTAGGCGTGGTGGTGCATGCCTGTAGTCCCAGCTGCTCGGGAGGCTGAGGAGGGAGAATTGCTTGACTCTAGAAGGCAGAGGTTGCAGTGAGTCGAGATTGCGCCACTGCACGCCAGCCTGGGCGACAAGAGCGAAACTCCATCTCAAAAAATAACACAATAACAAAAAAAAAAAAAAAAAAAAAAAA","GGCCAGGCGCGGTGGCTCAAGCCTGTAATCCCAGCACTTTGGGAGGCCGAGACGGGCGGATCACGAGGTCAGGAGATCGAGACCATCCTGGCTGACACGGTGAAACCCCGTCTCTACTAAAAATACAAAATTAGCCAGGCGTGGTGGCGCATGCCTGTAATCCCAGCTACTTGAGAGGCTGAGGCAGGAGAACCACTTGAAACCAGAAGGCAGAGGTTGCAGTGAGCTGAGGTCGTGCCATTGCACTCCAGCCTGGGCAACAAGAGTGAAACTCCATCTCAAAAAAAAAAAAAAAAAAAAAAAAAAAAAAGAACTAAAAAAA"
"chr5","143781152","143781460","KN296933v1","124241","124551","33","143656911","GGCCGGGTATGGTGGCTCACGCCTGTAATCCCAGCACTTTGGGAGGCCAAGGCGGGCAGATCACGAGGTCAGGAGTTCGAGACCAGCTTGGCCAACATGGTGAAACCCCGTCTCTACTAAAAATGCAAAAATTAGCCAGGCATGGTTGGTGGGCACCTGTAATCCCAGCTACTTGGGAGGCTGAGGCAGGGGAATCACTTGAAACCGGAGGGCAGAGGTTGCAGTGAGCCGACATCACACCACTGCACTCCAGCCTGGGCAACCAAGAGTGAAACTCCATCTAAAAAAAAAAAAAAAAAAAAAAAAAAA","GGCCGGGCACGGTGGCTCACACCTGTAATCCCAGCACTTTGGGTGGCCAAGGTGGGCGGATCACGAGGTCAGGAATTCTAGACCAGCCTGGCCAACACGGTGAATCCCCATCTCTACTAAACCAAAATACGAAAATTAGCTGGGCATGGTGGTGGGCACCTGTAATCCCAGCTACTCAGGAGGCTGAGGCAGGAGAATCACTTGAAATCAGAAGGCAGAGGTTGCAGTGAGCCGACTGCACCACTGCACTCCAGCCTGGGCAACAAGAGTGAAACTCCATCTCAAAAAAAAAAAAAAAAAAAAAAAAAAAA"
"chr5","149952932","149953237","KN295721v1","307989","308293","42","149644943","GGCCAGGTACGGTGGCTCACCTATGTAATCCCAGCACTTTGGGAGGCCGAGGCAGGCAGATCACGAGATCAGGAGTTTGAGACCAGCCTGGCCAATATGGTGAAACCCGTCTCTACTAAAAATACAAAAATTAGCCAGGCATGGTGGTGGGCACCTGTAGTCCCAGCTACTCAGGAGGCTGAGGCAGGAGGATCGCTTGAAACCAGGAAGCTGAGTTGCAGTGAGTCAAGATTGTGCCACTGCACTTCAGCCTGGGCGACAAGAGCAAAACTTTGTCTCAAAACAAAGAAAAGAAAAAAAATAAAA","GGCTGGGCACAGTGGCTCACACCTGTAATCCCAGCACTTTGGGAGGCCAAGGCAGGCAGATCACGAGGTCAGGAGTTTGAGACCATCCTGGCCAACATGTTGCAAGCCCGTCTCTACTAAAAATACAAAAATTAGCCAGGCGTGGTGGCAGGCGCCTGTAGTCCCAGCTACTAGGGAGGCTGAGGCAGGAGAATCACTTGAAACCAGAAGGTGGAGGTTGCAGTGAGCCAAAATTGCACTACTGCACTCCAGCCTGGGCAATAAGAATGAAACTCTGTCTCAAAAAAAAAAAAAAAAAAAAAAAA"
"chr5","154591996","154592284","KN295090v1","2859031","2859321","34","151732965","GGCTGGGCACAGTGGCTCACGCCTGTAATCCCAGCACTCTGGGAGGCCGGGGCGGGCAGATCACAAGGTCAGGAGTTAGAGACCAGCCTGGCCAATATAGTGAAACCCTGTCTCTACTAAAAATACAAACTTAGCCAGACGTGGTGGTACATGCCTGTAATTCCAGCTACTTGGGAGGCTGAGGCAGGAGAATCACTTGAATCCAGGAGGCGGAGGTTGTGGTGAGCTGAGATCACGCCATTGCACTCCAGCCTGGGCAACAAGACTGAAACTCCATCTCAAAAAAAAA","GGCCAGGCACAGTGGCTCACACCTGTAATCCCAGCACTTTGGGAGGCCAAGGCAGGCAGATTATAAGATCAGGAGTTCGAGACCAGCCTGGCCAACATGGTGAAACCCTGTCTCTACTAAAAATACAAAAATTAGCCGGGCGTGGTGGCAGGTGCCTGTAATCCCAGATACTCGGGAGGCTGAGGCAGGAGAATCACTTGAATCCGGGAGGCAGAGGTTGCAGTGTGCCGAGATCATGCCACTGCACTCCAGCCTGGGCAACAAGAGCTAAACTCCATCTCAAAAAAAAAA"
"chr5","156977135","156977291","KN297038v1","243393","243552","21","156733742","GGCCAGGCACGGTGGCTCACTCCTGTAATCCCAGCACTTTGGGAGGCCGAGGCTGGCAGATCACGAGGTCAGGAGTTCAAGACCAGCCTGAACAACGTGGTGAAACCCCATCTCTACTAAAAATACAAAAATTAGCCAGGCGTGGTGGTGCCTGTAA","GGTCAGGTGCAGTGGCTCACGCCTGTAATCCCAGCACTTTGGGAGGCCGAGGCGGGCAGATCACAAGGTCAGGAGTTTGAGATCAGCCTGACCAACGTGGTGAAACCCCGTCTCTACTAAAAATACAAAAATTAGCTGGGTGTGGTGGCGGGCACCTGTA"
"chr5","157008068","157008370","KN294470v1","2910812","2911110","31","154097256","GGCCAGGCGTGGTGGCTCACACCTGTAATCCCAGCACTTTGGGAGGCCAAGGCAGGTGGATCACGAGGTCAGCAGTTTGAGACCAGCCTGACCAACATGGTGAAACCCCATCTCTACTAAAAATATAAAAAAAAATAGCTGGGTGTGGTGGCAGGCACCTGTAATCCCAGCAACTTGGGAGGCTGAGGCAGGAGAATTGCTTGAAACTGGAAGGCAGAGGTTGCAGTGAGCCAAAATTGTGCCACTGTACTCTAGTCTGGGCAACGAGAGCAAAACTCCATTCTCAAAAAAAAAAAAAAAAAA","GCCGGGCGCGGTGGCTCACACCTGTAATCCCAGTACTTTGGGAGGCTGAGGCAGGTGGATCACGAGGTCAGCAGTTTGAGACCAGCCTGACCAACATGGTGAAACCCCATCTCTACTAAAAATACAAAAAAAATTAGCTGGGTGTGGTGGCAAGCACCTGTAATCCCAGCGATTTGGGAGGCTGAGGCAGGAGAATCACTTGAAATCAGAAAGTGGAGGCTGCAGTGAGCCGAGATTGCACCACTGCACTCTAGCCTGGGCAATAAGAGCAAAACTCCATCTCAAAAAAAAAAAAAAAA"
"chr5","157773687","157773987","KN295596v1","93475","93775","36","157680212","GGCTGGGCGCAGTGGCTCACGCCTGTAATCCCAACACTTTGGGAGGCCAAGGCGGGCGGATCACAAGGTGAGGAGTTCAAGACCAGGCTGGCCAACATGGTGAAACCCCTTCTCTACTAAAAATACAAAAATTAGCCAGGTGTGGTGGTGGGTGCCTGTAATCCCAGTTACTCGGGAGGCTGAGGCAGAAGAATCGCTTGAATCTGGGAGGCAGAAGTTGCAGTGAGCCAAGAGCTCACCATTGCACTCCAGCCTGGGCAACAAGAGTGAAACTCCGTCTCAAAAAAAAAGAAAAAAGAAA","GGCCGGGCGCAGTGGCTCACGCCTGTAATCTCAGCACTTTGGGAGGCCGAGGCGGGCGGATCTTGAGGTCAGGAGATCAAGACCAGCCTGGCTAACATGGTGAAACCCGTCTCTACTAAAAATACAAAAATTAGCTGGGCGTGGTGGCGGGCGCCTGTAATCCCAGCTACTCGGGAGGCTGAGGCAGGAGAATCGCTTGAAACCGGAAGGCAGAGGTTGCAATGAGCCAAGATCGTGCCACTGCACTCCAGCCTGGGCAACAAGAGCGAAACTCCATCTCCAAAAAAAAAAAAAAAAAGAA"
"chr5","157998572","157998730","KN296749v1","737371","737510","45","157261201","GCCGGGTGTGGTGGCTCACGCCTGTAATTCCAGCACTTTGGGAGGCCGAAACCGGAAGGCGGAGGTTGCAGTGATCTGAGGTTGTGCCACTGCACTCTAGCCTGGGCAATGAGAGCAAAACTCTGTCTCAAAAAAAAAAAAAAAAAAAAAAAAAAAAAA","GGAGGCTGAGGCAGGAGAATTGCTTGAAACCGGAAGGCAGAGGTTGCAGTGAGCCGAGATAGTGCCACTGCACTCCAGCCTGGGCAACAAGAGTGAAACTCTGTCTCAAAAAATTAAAATTAAAAAATAAATAAATAAAA"
"chr5","158955043","158955332","KN295090v1","2859031","2859321","35","156096012","GGCCGGGCGCAGTGGCTCACGCCTGTAATCCCAGCACTTTGGGAGGCCGAGGAGGGCGGATCACGAGGTCAGGAGTTCAAGACCAGCCTGGCCAACATGGTGAAACCCCATCTCTACTAAAAATACAAAAATCAGCCGGGAGTGGTGGCGGGCACCTGTAATCCCAGCTACTTGGGAGTCTGAGGCAAGAGAATCGCTTGAATCCGGGAGGCAGGGGTTGTAGTGAGCCGAGATTGCACCACTGCACTCCAGAATGGGCAACAAGAGCGAAACTCCATCTAAAAAAAAAA","GGCCAGGCACAGTGGCTCACACCTGTAATCCCAGCACTTTGGGAGGCCAAGGCAGGCAGATTATAAGATCAGGAGTTCGAGACCAGCCTGGCCAACATGGTGAAACCCTGTCTCTACTAAAAATACAAAAATTAGCCGGGCGTGGTGGCAGGTGCCTGTAATCCCAGATACTCGGGAGGCTGAGGCAGGAGAATCACTTGAATCCGGGAGGCAGAGGTTGCAGTGTGCCGAGATCATGCCACTGCACTCCAGCCTGGGCAACAAGAGCTAAACTCCATCTCAAAAAAAAAA"
"chr5","160179581","160179878","KN296507v1","569275","569576","35","159610306","CTGGGTGTGGTGGCTCATGACTGTAATCCCAGTACTTTGGGAGGTCGAGACGAGCTGATCACGAGGTGAGGAGTTCGAGACCAGCCTGGCCAACATGGTAAAACCCTATCTCTACTAAAAATACAAATATTAGACGGGTGTGGTGGTGTGCACCTGTAATCTCAGCTACTTGGGAGGATGAGGCAGGAGAATCTCTTAAAACTGGGAGACAGAGGTTGCAGTGAGCCGAGATCTCGCCACTGCACTCTGGCCTTGGTAAAAGAGTGAAACTCTGTCTCAAAAAAAAAAAAAAAAAAAA","GGCAGGGCGCAGTGGCTCACGACTGTAATCCCAGTACTTTGGGAGGTCGAGACGAGAGGATCACGAGGTCAGGAGTTTGAGACTAGCCTGCCCAACATGGTGAAACCCTATCTCTACTAAAAATACAAATATTAGACAGGCATGGTGGTGGGCACCTGTAATCCCAGCTACTCAGGAGGCTGAGGCAGGAGAATCTCTTAAAACCGGGAGGCAGAGGTTGCAGTGAGCCAAGCCCTCGCCACTGCATTCCAGCCTTGGTAAAAGAATGAAACTCCATCTCAAAAAAAAAAAAAAAAAAAAAA"
"chr5","161643141","161643451","KN297205v1","196973","197282","43","161446168","GGCTGGGCATGGTGGCTCACACCTGTAATCCCAGCACTTTGGGAGGCTGAGGCTGGCAGATTACAAGGTCAGGAGATGGAGAACATCTTGGCCAACATGGTGAAACCCCATCTCTACTAAAAAGACAAAAATTAGCTGGGTGTGGTGGTGCGTGTCTGTAATCCCAGCTACTCGGGAGGCTGAGGCAGGAGAATCACTTGAACCTGGAAGGCGGAGGTTGCAGTGAGCTGAGATCGCACCTTTGCACTCCAGCCTGGGCAACGAAAGCGAAACTCCTTCTCAAAAAACAAAAACAAAAAGAAAAACAAAAA","GGCCAGGCGCGGTGGCTCACACTTGTAATCCCAGCACTTTGGGAGGCTGAGGCAGGCAGATCACAAGGTCAGGAGTTTGAGACCAGCCTGCCCAACATGGTGAAACCCCGTCTCTACTAAAAATACAAAAATTAGTTGGGCATGGTGGCAGGCACCTGTAATCCCAGCTACTTGGGAGGCTGAGGCAGGAGAATCACTTGAAACTGGAAGGCGGAGGTTGCAGTGAGCCGAAATCACGCCATTGCACTCCAGCCTAGGCTACAAAGCAAGACTCCATCTCAAAAAAAAAAAAGAAAAGAAAAGAAAAGAA"
"chr5","165964113","165964434","KN296154v1","3831130","3831439","49","162132983","GGCTGGGCACGGTGGCTCATGCCTGTAATCCCACCACTTTGAGAGGCCAAGGTAGGTGGATCACGAAGGCAGGTGGATCACAAAGTCAGGAGTTCGAGACCAGCCTGGCCAACACGATGAAACCCCATCTCTACTAAAAATACAAAAATTAGCTAGGCGTGGTGGTGAGCGCCTGTAGTCCCAGATACTCAGGAGGCTGAGCCGGGAGAATTGCTTGAAACCAGAAGGCAGAGGTTGCAGTGAGCTGAGATTATGCCACTGCACTCCAGTGTGGGCAACAAGAGTGAAACTCCGTATCCAAAAAAAAGAAAAGAAAAGAAAA","GGCCGGGCTCGGTGGCTCACACCTGTAATCCCAGCACTTTGGGAGGCCGAGGTGGGTGGATCACTAAGTCAGGAGTTCAAGACCAGCCTGGCCAACATGGTGAAACCCCATCTCTACTAAAAATACAAAAATTAGCTAGGCGTGGTGGTGAGCACCTATAGTCCCAGCTACTCAGGAGGCTGAGGCAGGAGAATTGCTGGAAACCAGAAGGCGGAGGTTGCAGTGAGCTGAGATTGTGCCACTGCACTCCAGCCTGGGCAACAAGAGTAAAATGCTGTCTCAAAAAAAAAAAAAAAAAGAAAAAAGAAAA"
"chr5","167749359","167749651","KN297322v1","575940","576234","35","167173419","GCTGGGAACGGTGGCTCATGCCTATAATTTCAGCACTTTGGGAGGCCGAAGCGGGCAGATCATGAGGTCAGGAGTTCAAGACCAGCCTGGCCAACTTGATGAAACCCTGCCTCTACTAAAAATACAAAAATCAGCCGGGTGTGGTGGTGGGCACCTATAATCCCAGCTACTCAGGAGGCTGAGGCAGGAGAATCGCTTGAAACCGGAAGGCAGAGGTTGCAGTGAGCCAAGATCATGCCACTGTACTCCAGCCTGGGTGAAAGAGCTAAACCCCATCTCAAAAAAAAAAAAAA","GGCTGGGCACAGTGGCTCATGCCTGTAATCCCAGCACTTTGGGAGGCTGAGGCGGGCAGATCACAAGGTCAGTATTTTAAGACCAGCCTGGCCAACATGGTGAAATCCCATCTCTACTAAAAATACAAAAATTAGCCAGACGTGGTGGCAGACGCCTGTAATCCCGGCTACTCAGGAGGCTGAGGCAGGAGAATCGCTTGAAACCGGAAGGCAGAGGTTGCAGTAAGCCAAGATCATGCCACTGTACTCCAGCCTGGGCGAAAGAGCGAAACTTCATCTCAAAAAAAAAAAAAAA"
"chr5","171132887","171133182","KN296726v1","26729","27024","31","171106158","GCCGGGCGCGGTGGCTCAAGCCTGTAATCCCAGCACTTTGGGAGGCTGAGGTGGGTGGATCAAAAGGTCAGGAGTTCGAGACCAGCCTGGCCAAAAAGGTGAAACCCTGTCTCTACTAAAAATACAAAAATTAGCCAAGCGTGATGGCGGGCCCCTGTAGTCCCAGCTACTCGGGAGGCTGAGGCAGAAGAATCACTTGAAACCAGAAGGCGGAGGTTGCAGTGAGCTGAGATCGCGCCACTGCACTCCAGCCTGGGCAACAAGAGCGAAACTCCGTCTCAAAAAAAAAAGACAAA","GGCTGGGCGTGGTGACTCGTGCCTGTAATCCCAGCACTTTGGGAGGCTGAGGCGGGTGGATCACAAGGTCAGGAGTATGAGACCAGCCTGGCCAACATGGTAAAACCCTGTCTCTACTAAAAATACAAAAATTAGCCAAGCGTGGTGGTAGGCATCTGTAATCCCAGCTACTCGGGAGGCTGAGGCAGGAGAATCTCTTGAAATCAGAAGGTGGAGGTTGCAGTGAGGGAAGATCGCGCCACTGCACTCCAGCCTGGGCAACAAGAGCAAAGCTCTGTCTCAAAAAAAAAAAAAAA"
"chr5","172182551","172182851","KN295596v1","93475","93775","39","172089076","GGCCGGGCGCGGTGGCTCACACCTGTAATCTCAGCACTTTGAGAGGCTGAATTGGGTGGATCATGAGGTCAGGAGTTCAAGACCAGCCTGGGCAACATGGTGAAACCCCGTCTCTACGGAAAATACAAAAATTAGCCAGGCGTGGTGGTGGGCGCCTGTAATCCCAGCTGCTCTGGAGGCTGAGGCAAGAGAATCGCTTGAAATTGGAAGGTGGAGGTTGCAATGAGCTGAGATTGTGCCATTGCAAACCAACCTGGGTGAAAGAGCGAAAACTCCGTCTCAAAAAAAAAAAAAAAAAAAA","GGCCGGGCGCAGTGGCTCACGCCTGTAATCTCAGCACTTTGGGAGGCCGAGGCGGGCGGATCTTGAGGTCAGGAGATCAAGACCAGCCTGGCTAACATGGTGAAACCCGTCTCTACTAAAAATACAAAAATTAGCTGGGCGTGGTGGCGGGCGCCTGTAATCCCAGCTACTCGGGAGGCTGAGGCAGGAGAATCGCTTGAAACCGGAAGGCAGAGGTTGCAATGAGCCAAGATCGTGCCACTGCACTCCAGCCTGGGCAACAAGAGCGAAACTCCATCTCCAAAAAAAAAAAAAAAAAGAA"
"chr5","172998859","172999145","KN295869v1","260663","260955","48","172738196","GGCCGGGCGTGTTGGCTTATGCCTGTATTCCCAGCACTTTGGGAGGCTGAGGCAGGCGGATCACAAGGTCAGGAGTTCGAAACTCCTGGCCAACACGGTGAAACCCCATCTCTACTAATAATACAAAATTAGCCCCATGTGGTGGCGGGCACCTATAATCCCAGCTACTAAGGAGGCTGAGGCAGGAGAATCACTTGAAACTGGGAGGCAGAGGTTGCAGTGAGCCGAGATTGTGCCATTGCACTCCAGCCTGGACAACAAGTCTCCATCTCAGGAGGGAAAAAAAA","GGCCAGGCACAATGGCTCATGCTTGTAATCCCAGCACTTCAGGAGCCTGAGGCAGGCAGATCACAAGGTCAGGAGTTTGAGACCACCATGGCCAATGTGGTGAAACCCTGTCTCTATTAAAAATACAAAACTTAGCCGGGCGTGGTGGTGGGCACCTATAATCCCAGCTACTCAGGAGGCTGAGGCAGGAGAATCACTTGAAACTGGAAGGTGGAGGTTGCAGTGAGCCGAGATTGTGCCACTGCACTCTAGCCTGGACAAAAGAGCGAAACTCCATCTCAAAAAAAAAAAAA"
"chr5","175952318","175952624","KN294591v1","186818","187131","58","175765500","GGCTCACACCTGTAATCCCAGCACTTTGGGAGGCCGAGGTGGGCAGATCACGAGGCCAGGAGTATGAGACCAGCCTGGCCAACATGGTGAAACCCCATCTCTACTAAAAATACAAAAAGAAAAAATAAAAATTAGCCGGACATGGTGGCAGGCACCTGTAATCCCAGCTACTGGGGAGGCTGAAGCAGGAGAATTGCTTGAACCCAGGAAGGCTGAGGTTGCAGTGAACCGAGATCGCACCATTGCACTCCTGACTAAGCAACAAGAGCAAGACTCCGTCTCAAAAAACAAACAAACAAAAATAAAA","GGCTGGGTGCGGTGGCTCACGCCTGTAATCCCAGCACCCTGGGAGACTGAGGCAGGCAGATCACGAGGTCAGGAGTTCGAGATCAGCCTGGCTAACATGGTGAAACCCTGTCTCTACTAAAAATACAAAAAAAAAAAAAAAAATTAGCCAGGAATGGTGGCAGGCACCTGTAATCCCAGCTACTCAGGAGGCTGAGGCAGGAGAATCACTTGAAACCGGAAGGCAGAGGTTGCAGTGAGCCGAGATTGCACCACTGCACTCCAGCCTGGGCGAAAGAGCATAACTCTGTCTCACAAAAAGAAAAAAAAAAAGAA"
"chr5","176450557","176450840","KN296117v1","395006","395303","39","176055551","GGCCGGGCGCGGCGGCTCACGCCTGTAATCCCAGCCGAGGAGGGCGGATCACGAGGTCAAGAAATCGAGACCATCCTGGCCAACATCGTGAAACCCCGTCTCTACTAAAAATACAAAAAATTCGCTGGATGTGGTGGCGCGTGCCTGTAGTCCCAGCTACTCGAGAGGCTGAGGCAGGAGAATCGCTTGAAACTGGAAGGCGGAGGTTGCAGTGAGCCGAGATCGCGCCACTGCACTCCAGCCTGGGCAACAAGAGCGAAACTCCGTCTCAAAAAAAAAAAAAA","GCCAGGCGCAGTGGCTCACACCTGTAATCCCAGCACTTTGGGAGGCCAAGGCGGGCGGATCACGAGGTCAAGAAATCGAAACCATCCTGGCCAACATGGTGAAACCCTGCCTCTACTAAAAAATACAAAAAATTAGCTGGGCGTGGTGGTGTGTGCCTGTAGTCCCAGCTACTCAGGAGGCTGAGGCAGGAGAATCGCTTGAAACCGGAAGACGGAGGTTGCAATGAGCCAGGATCGTGCCACTGCACTCCAGCCTGGGCAACAAGAGTGAAACTCCATCTCAAAAAAAAAAAAAAAA"
"chr5","177054388","177054698","KN296261v1","217749","218055","37","176836639","GGCCAGGCACGGGGGCTCACGCCTGTAATCCCAGCACTTTGGGAGGCTGAGCTGTGTGGATCACAAGGTCAGGAGTTCAAGACCAGCCTGGCCAACATGGTGAAACCCTGTCTCTACTAAAAATAAAAAAAAATTAGCCGGGCATGGTGGTGGGCACCTGTAATCCCAGCTACACGGGAGGCTGAGGCAGGAGAATTGCTTGAAACTGGAAGGCGGAGGTTCCAGTGAGCTGAGATGGCACTGCTGCACTCCAGCCTGGGCAACAAGAGCGAAAGTCCATCTCAAAAAAACAAAATAAAAAAATAAATAAA","GGCTGGGCACGGTGGCTCACACCTGTAATCCCAGCACTTTGGGAGGCCAAGGCGGACGGATCACGAGGTCAGGAGTTCAAGACCAGCCTGGCCAACATGATGAAACTCCGTCTCTACTAAAAATACAAAAAATTAGCGGGGCATGGTGGCGGGCACCTGTAATCCCAGCTACTCGGGAGGCTGAGGCAGGAGAATTGCTTGAAACCGGAAGGCGGAGGTTGCAGTGAGCTGAGATTGCGCCACTGCACTCCAGTCTGGGCAACAAGAGTGAAACTCCGTCTTAAAAAAAAAAAAAGAAAGAAAAAAA"
"chr5","177891163","177891469","KN294591v1","186818","187131","57","177704345","GGCTCACACCTGTAATCCCAGCACTTTGGGAGGCCGAGGTGGGCAGATCACGAGGCCAGGAGTATGAGACCAGCCTGGCCAACATGGTGAAACCCCATCTCTACTAAAAATACAAAAAGAAAAAATAAAAATTAGCCGGACATGGTGGCAGGCACCTGTAATCCCAGCTACTGGGGAGGCTGAAGCAGGAGAATTGCTTGAACCCAGGAAGGCTGAGGTTGCAGTGAACCGAGATCGCACGATTGCACTCCTGCCTAAGCAACAAGAGCAAGACTCTGTCTCAAAAAACAAACAAACAAAAATAAAA","GGCTGGGTGCGGTGGCTCACGCCTGTAATCCCAGCACCCTGGGAGACTGAGGCAGGCAGATCACGAGGTCAGGAGTTCGAGATCAGCCTGGCTAACATGGTGAAACCCTGTCTCTACTAAAAATACAAAAAAAAAAAAAAAAATTAGCCAGGAATGGTGGCAGGCACCTGTAATCCCAGCTACTCAGGAGGCTGAGGCAGGAGAATCACTTGAAACCGGAAGGCAGAGGTTGCAGTGAGCCGAGATTGCACCACTGCACTCCAGCCTGGGCGAAAGAGCATAACTCTGTCTCACAAAAAGAAAAAAAAAAAGAA"
"chr5","178609401","178609711","KN294458v1","1248815","1249123","29","177360586","GGCCAGGCGCGGTGGCTCATGCCTGTAATCCCAGCACTTTGGGAGGCCGAGGCGGGTGGATCACCAGGTTGGCAGTTCGAGACCAGTCTGACCAACATGGTGAAACCCCGTCTCTACTAAAAATACAAAAAAATTAGCTGGGCGTGGTGGCAGACGCCTGTAATCCCAGTGACTTGGGAGGCTGAGGCAGGAGAATGGCTTGAAACCGGAAGGCAGAGGTTGCAGTAAGCTGAGATTGCGCCACTGCACTCTAGCCTGGGCAATAAAAGCAAAACTCCATCTCAAAAAAATAAATAAACAAATAACAAAAA","GGCCGGGCGCAGTGGCTCATCCCTGTAATACCAGCACTTTGGGAGGCCTAGGTGGGTGGATCACGAGGTCAGCAGTTGGAGACCAGCCTGACCAACATGGTGAAACCCCATCTCTACTAAAAATACAAAAAAATTAGCTGGGCATGGTGGCAGGGCCTGTAATCCCAGCGACTTGGGAGGCTGAGGCAGGAGACTTGCTTGAAACCGGAAGGTGGAGGTTGCAGTGAGCTGAGATTGCGCCACTGCACTCTAGCCTGGGCATTAAGAGCAAAACTCCGTCTCAAAAAAAAAAAAAAAAAAAAAAAAAAA"
"chr5","178950854","178951157","KN296311v1","5249294","5249594","35","173701560","GGCCGGGTGCAGTGGCTCATGCCTGTAATCCCAGCACTTTGGGAGGCCGAGGTGGGCGGATCACAAGGTCAGGAGATCGAGAGCATCTGGGCCAACATGGTGAAACCCCATCTCTACTAAAAACACAAAAATTAGCCGGGCGTGGTGGCAGGCACCGGTAGTCCCAGCTCTTCTGGAGGCTGAGGCAGGAGAATAGCTTGAACCCGGTAGGCAGAGGTTGTAGTGAGCCGAGATCACGCCACTGCACTCCAGCCTGGACAACAAGAGCGAAACTCTTGTCTCAAAAAAAAAAAAAAGAAAGAAA","GGCCAGGTGCGATGGCTCATGCCTGTAATCCCAACACTTTGGGAGGTTGAGGTGGGCAGATCACAAGGTCAGGAGATCGAGACCATCCTAGCCAACATGGTAAAACCCCATCTCTACTAAAAATACAAAAATTAGCCGGCCGTGGTGGCAGGCACCTGTAGTCCCAGCTACTCAGGAGGCTGAGGCAGGAGAATTGCTTGAACCTGGGAGGCAGAGGTTGCAGTGAGCCAAGATTGTGCCACTGCACTCCAGCCTGGGCAACAAGAGTGAAACTCTGTCTCAAAATAAATAAATAAAACAA"
"chr5","178970558","178970715","KN297038v1","2559569","2559728","26","176410989","GGCTGAGGCAAGTGGATCACGAGGTCAGGAGTTCAAGACCAGCCTGACCAACATGGTGAAACCCCGTCTCTACTAAAAATACAAAAATTAGCCGGGCGTGGTGGTGGGAACCTGTAATCCCAGCTACTTGGGAGGCTGAGGCAGGAGAATCGCTTGAA","GGGAGGCCGAGACAGGTGGATCACAAGATCAGGAGTTCGAGACCAGCCTGGCCAACACAGTGAAACTCCATCTCTACTAAAAGTACAAAAACTAGCTGGGTGTGATGGTGGGTGCCTGTAATACCAGCTACTTGGGAGGCTGAGGCAGGAGAATCACTTG"
"chr5","179018130","179018407","KN296460v1","539110","539374","46","178479020","TTCTAGCACTTTGGGAGCCCAAGGCAGGCAGATCACGAGGTCAGGAATTTGAGACCAGCTTGGCCAACATGGCGAAACCCCATCTCTACTAAAAATACCAAAAATTAGCCAGGCATAGTGGCGGGCGCCTGCAATCCCAGCTACTCAGGAGGCTGAGACAGGAGAATCGCTTGAACCTGGAGGCAGAGGTTATAGTGAGCCAAGATTGTGCCATTGCACTTCAGCCTGGGCAACAAGAGCGAAACTCCATCTCAAAAAAATAAACAAAAAATAAAAAA","TTTGGGAGGCCAAGGCAGGCAGATCATCAGGTCAGGAGTTCGAGACTAGCCTGGCCAACATGGTGAAACCCTATCTCCACTAAAAATACAAAAATGAGCCAGGCGTGGTGGCAGGCACCTGTAATCCCAGCTACTTAGGAGGCTGAGGCAGGAGAATCACTTGAAACCAGAAGGCAGAGGTTGCAGTGAGCCGAGATTGTGCCACTGTACTCCAGCCTGAGCAACAAGAGCTAAACTCCGTCTCAGAAAAAAAAAAAAAAAAAAA"
"chr5","179720769","179721081","KN295651v1","1191082","1191391","45","178529687","GACCAGATGCAGTGGCTCACGCCTGTAATCCCAGCACTTTAGGAGGTTGAGGTGGGCGGATCGCGAGGTCAGGAGTTCGAGACCAGCCTGGCCAACATGGTGAAACACCATCTCTGCTAAAAATATAAAAATTAGCCAGGCGTGGTGGCAGGCACCTGTAATCCCAGCTACTCGGGAGTCTGAGGCAAGAGAATCGCTTGAAACCGGAAGGCAGAGGTTGCAGTGAGGCGACATCACACCACTGCCCTCCAGCCTGGGTAGAAGAGCGAAACTCCATCTCAAAAATAAATAAATAAATAAATAAATAAATAAA","GGCCAGGCGCGGTGGCTCACGCCTGTAATCCCAGCACTTTGAGAGGCCGAGGTGGGCGGATCATGAGGCCAGGAGTTTGAGACCAGCCTGGCCAGCATGGTGAAACCCCGTCTCTACTAAAAATACAAAAATTAGCCAGGCGTGGTGGCAGGCATCTGTAATCCCAGCTACTCGGGAGGCTGAGGCAAGAGAATCACTTGAAATTGGAAGGTGGAGGGTGTAGTGAGTTGAGATAGTGCCACTGCACTCCAGCCTGGGTGGAAGAGCAAAACCCCATCTGAAAAAATAAAATAAAAATAAAAAATAAAAA"
"chr5","180514164","180514420","KN295807v1","52712","52981","48","180461452","CCGTAATCCCAGCACTTTGGGAGGCCGAGGCGGGTGGATCATGAGGTCAGGAGTTCGAGATCAGCCTGGCCAACATGGTGAAACCCCGTCTCTACTAAAAATACAAAAATCAGCCACATGTGTTGGGGGGCGCCTGTAATCCCATCTACTCGGGAGGCTGAGGCAGGAGAATTGCTTGAAGCTGGAAGGCAGAGGTTGCGGTGAGCCGAGATAGCGCCACTGCACTCCAGCCTAGGCGAAAGAGCGAAACTCCATCT","TCACGCCTGTAATCCCAGCACTTTGGGAAGCCGAGGTGAGTGGATCATGATGTCGGAAATTCGAGACCAGCCTGGCCAACATAGTGAAATCCCATCTCTACTAAAAATACAAAAAACATTAGTCAGGCATGGTGGCAGGCGCCTGTAATCCCAACTACTTGGGAGGCTGAAGGAGCAGAATTGCTTGAAACTAGAAGGCGGAGGTTGCAGTGAGCCGATATTGCGCCACTGCACTCCAGCCTGGGTGAAAGGGCAAAACTCCGTCTCAAA"
"chr5","181273070","181273231","KN297038v1","243393","243552","17","181029677","GGCCGGTGCGGTGGCTCATGCCTGTAATCCCAGCACTTTGGGAGGCCAAGGCGGGCGGATCACGAGGTCAGGAGTTTGAGACCAGCCTGGCCAACACGGTGAAACCCCGTCTCTACTAAAAATACAAAAATTAGCTGGACGTGGTGGCGGGCGCCTGTAATC","GGTCAGGTGCAGTGGCTCACGCCTGTAATCCCAGCACTTTGGGAGGCCGAGGCGGGCAGATCACAAGGTCAGGAGTTTGAGATCAGCCTGACCAACGTGGTGAAACCCCGTCTCTACTAAAAATACAAAAATTAGCTGGGTGTGGTGGCGGGCACCTGTA"
"chr6","3234888","3235178","KN297016v1","16230","16521","35","3218658","GGCCGGGCACAGTGGCTCATGCCTGTAATCCCAGCACTTTGGGAGGCCAATGCGGGTGGATCACGAGGTCAGGAGTTCGAGACCAGCCTGGCCAACATGGTGAAACCCCGTCTCTACTAAAAATACAAAAATCAGCCAGGCATGATGGGAGCGCCTGTAGTCCCAGCTACTCGGGAGGCTGAGGCAGGAGAATCACTTGAAACCGGAAGACGGAGGTTGCAGTGAGCCAAGATCACGCCACTGCACTCTAGCCTGGGTGAAAGAGCGAACTCTGTCTCAAAAAAAAAAAAA","GGCCAAGCACAGTGGCTCACACCTGTAATCCCAGCACTTTGGGAGGCTGAGGTGGGAGGATCACGAGGTCAGGAGTGTGAGATCAGCCTGGCCAACATGGTGAAACCCTGTCTCTACTAAAAATACAAAAATTAGCCGGGTGTGGTGGTGAATGCCTGTAGTCCCAGCTACTCAGGAGGCTGGGGCAGAAGAATCACTTGAAACCAGAAGGTGGAGGCTGCAGTGAGCCAAGATCACGCCACTGCACTCCAGCCTGGGCGAAAGAGCGAAACTCCATCTCAAAATAAAAAAA"
"chr6","6988243","6988541","KN295596v1","93475","93775","46","6894768","GGCCGGGCGCGGTGGCCCATGCCTGTAATCCCAGCACTTTGGGAGGCCAAGGAGGGCAGATCACAAGGTTGGGAGTTCAAAACCAGCCTGGCCAACACGGCAAAACACTGTCTCTACTAAAAATACAAAAATTAGTCGGGCGCAGTGGTGGATGCCTGTAATCTCAGCTACTCGGGAGGCTGAGGCAGGAGAATTGCCTGAACCCGGAGGTGAGGTTGAAGTGAGCCGAGATCGTGCCACTGTACTCCAGCCTGGGCAACAAAGCGAGACTCCTCAGGAAAAAAAAAAAAAAAAGAAAA","GGCCGGGCGCAGTGGCTCACGCCTGTAATCTCAGCACTTTGGGAGGCCGAGGCGGGCGGATCTTGAGGTCAGGAGATCAAGACCAGCCTGGCTAACATGGTGAAACCCGTCTCTACTAAAAATACAAAAATTAGCTGGGCGTGGTGGCGGGCGCCTGTAATCCCAGCTACTCGGGAGGCTGAGGCAGGAGAATCGCTTGAAACCGGAAGGCAGAGGTTGCAATGAGCCAAGATCGTGCCACTGCACTCCAGCCTGGGCAACAAGAGCGAAACTCCATCTCCAAAAAAAAAAAAAAAAAGAA"
"chr6","7807281","7807578","KN296261v1","83842","84143","50","7723439","GGCCGGGCGCGTGGGCTCAGGCCTGTGATCCCAGCACTTTGGGAGGCCAAGGTGGGCGGATCACTAGGTCAGGAGTTCGAGACCAGTCTGGCCAACATGGTGAAACCCCGTCTCTACTAAAAATGCAAAAATCAGCCGGGTGTGGTGGCCTGTGCTACTCTGGAGGCTGAGGCAGGAGAATCACTTGAAACTGGAAGGTGGAGGTTCCAATAAGCAGAGAGTGCGTCACTGCACTCCAGCCTGGGCAACAAGAGCAAAAATCTGTCTCAAACAAACAAAACAAAAACAAACAAACAAA","GGCTGGGTGCGGTGTGGCTCACACCTGTAATCCCAGCACTTTGGGAGGCCAAGGCGGGCGGATCACGAGGTCAGGAGCTCAAGACCAGCCTGGCCAACATGGTGAAACCCTGTCTCTACTAAAATTACAAAAATTAGCCAGGCGTGGTGGTGGGTGCTCCCAGCTACTCAGGAGGGTGAGGCAGGAGAATCGCTTGAAACTGGAAGGTGGAGGTTGTAATTAGCAGAGATCGTGCTATTGTACTCCAGCCTGGGTGAAAGAGCGAAACTCTGTCTCAAAAAACAAAAACACACAAAACAAAA"
"chr6","9860010","9860310","KN295552v1","119752","120055","45","9740258","GCCAGGTGCGGTGTCTCACACCTGTAATCCCAGCACTTTGGGAGGCTGAGGTGGGTGGATCATGAGGTCAGGTGTTTGAGACCAGCCTGGCCAACATAGTGAAACCCCATTTCTACTAAAAATACAAAAATTAGCTGGGCGTGCACCTGTAATCCCAGCTACTCTAGAGGCTGAGGCAGGAGAATCGCTTGAAACCGCAAGGCAGAGGTTGCAGTGAGCTGAGATCCTGCCACTGAGCTTCAGCCTGGGCAACAAGAGTGATACTCCATCTCAAAAAAAAAAAAAGAAAGAAAAAGAAAAA","CCAGGGATGGTGGCTCACGCCTGTAATCCCAGCACTTTGGGAGGCTGAGGTGGGCAGATTACAAGGTCAGGAGTTTGAGACCAGGTTGGCCAACATGGTGAAACCACATCTCTACTAAAAATACAAAAATTAGCAGGGTGTGGTGGTAGGCACCTGTAATCCCAGCTACTTAGGAGGCTGAGGCAGCAGAATCGCTTAACACCGGAAGGCAGAGGTTGCAGCAGGCTGAGATTGTGCCACTGCACTCCAGCCTGGGCAACAAGAGTGAAACTCCATCTCAAAAAAAAAAAAAGAAAGAAAGAAA"
"chr6","13771934","13772234","KN294739v1","639168","639467","38","13132766","GGCCGGACGTGGTGGCTCATGCCTGTAATCCCAGCACTTTGGGAGGTAGAGGCGGGCGGATCACCAGGTCAGGAGTTCGAGACCAGCCTGGCCAACATGGTGAAACCCCGTCTCTACTAAAAATACAAAAATTAGCCAGGCGTGGTGGCAGGCTCCTGTAGTCCTAGCTAGTTGTGAGGCTAAGGCAGGAGAATCGCTTGAAACCGGAAGGCAGACGTTGCAGTGAGCAGAGATCACGCCACTGCACTCTAGCGTAGGCGAAAGAGCAAAACTCCGTCTCAAAAAAAGAAAATAAAAAGAA","GGCTGGGCGTGGTGACTCTCACCTGTAATCCCAGCAGTTTGGGAGGCTGAGGCGGGAGGATCACAAGGTCAGGAGTTTCAGACCAGCCTGGCCAACATGGTGAAACCCCGTCTCTACTAAAAATACAAAAATTAGCCGGGCATGGTGGCAGGCGCCTGTAATCCCAGCTACTTGGGAGGTTGAGGAAGGAGAATCGCTTGAAACCGGAAGGCAGAGTTTGCAGTGAGCTGAGATCGAGCCACTGCACTCCAGACTAGGTGAAAGAGTGAAACTCTGTCTCAAAAAAAAAAAAAAAAAAAA"
"chr6","15318069","15318223","KN295601v1","1150627","1150784","31","14167442","GCATGGTGGCGCATGCCTGTAGTCCCAGCTACTGGGGAGGCTGAGGCAGGAGAATCACTTGAAACCTGGAGGCGGAGGTTACAGTGAATCGAGAACCCTGCCACTGCACTGCAGCCTGGGTTACAAGAGCAAAACTCCGTTTCCAAAAAAAAAAA","GTTGGGTGTGGTGGTGGGCACCTGTATTCCCAGCTACTGGGGAGGCTGAGGCAGGAGAATCACTTGAAACCGGAGGCGGAGGTTGCAGTGAGCCAAGATCGTGCCACTGCACTCCAGCTGGGTGACAAGAGCAAAACTCTATCTAAAAAAGAAAAGAA"
"chr6","16062854","16063144","KN294446v1","431242","431529","44","15631612","GGTGGCTCATGCCTGTAATCCCAGCACTTTGGGGGGCTGAGGCGGGTGGATTATGAGGTCAGGAGTTCAAGACTAGCCTGGTCAACACGGTGAAACCCCATCTCTACTAAAAATACAGAAATTAGCTGGGCTTGGTGGTGGGTGCCTGTAATCCCAGCTACTTGGGAGGCTGAGGCAAGAGAATCGCTTGAAACTGGAAGGTGAAGGTTGCAGTGAGCCGAGATCGCCCCACTGCACTCCAGCCTGGGTGAAAGGGCGAAACTCCGTCTCAAAAAAAATAAAAAATAAAAA","CACGGTGGCTCACGCTGTAATCCCAGCACCTTGGGAGGCCAAGGCAGGTGGATCACGAGGTTAGGAGTTCAAGACCAGCCTGGCCAATATGGTGAAACCCCATCTCTACTAAACATACAAAAATTAGCCAGGCACGGTGGCGGGTACCTGTAATCCCACCTACTCGGGAGCCTGAGGCAGAAGAATCACATGAAACTGGAAGGCGGAGGTTGCAGTGAGCCGAGATCACGCCACTGCACTCCAGCCTGGGTGAAAGAGCGAAACTCTGTCTCAAAAAAAAAAAGAAAA"
"chr6","16660833","16661136","KN295236v1","5345786","5346089","38","11315047","GGCCAGGTGCGGTGGCTCACATCTGTAATCCCAGCACTTTGGGAGGTCAAAGCGGGTGAATCACGAGGTCAGGAGTTCAAGACCAGCCTGGCCAACATGGTGAAATCCCGTCTCCACTAAAAATACAAAAATTAGCTGGGTGTGGTGGTGGGCACCTATGATCCTAGCTACTTGGGAGCCTGAGGCAGGAGAATTGCTTGAAACCAGAAGGCAGAGGTTGCAGTGAGCTGAGATCACTCCACTGCACTCCAGCCTGGGTGAAAGAGCAAAACTCTGTCTCAAAAAAAAAAAAAAAAAAAAAAAA","GGCCGGGCACAGTGGCTCACGCCTGTAATCCCAGCACTTTGGGAGGCCGAGGCAGGTGAATCATGAGGTCAGGAGTTCGAGATCAGCCTGGCCAACATGGTGAGATCCTGTCTGTACTAAAAATACAAAAATTATCTGGGTATGGTGGCGGGCACCTGTAATCCCAGCTACTTGGGAGGCTGAGGCAGGAGAATCGCTTGAAACCAGAAGGCAGAGGTTGCAGTGAGCTGAGATCGCACCATTGCACTCCAGCCTAGGCAACAGAGCGAGACTCTGTCTCAAAAAAAAGAGAAGAAAAAGAAAA"
"chr6","17503327","17503625","KN295596v1","93475","93775","51","17409852","GGCCGGGTGCCATAGCTCACACCTGTAATACCAATACTTTGGGAGGCCGAGGCGGGCAGATCACAGGTTGAGACCAGCCTGGCCAACATGGCGAAACCAAAACCCCGTCTCTTCTAACAATACAAAAATTAGCTGGGTGTGGTGGCGTGTGTCTGTAATCCCAGCTACTTGGGAGGCTGAGGCAGGAGAATTGCTTGAACCTGGAAGGTGGAGGTTGCAGTGAGCCAAGATCGTGCCGGTGCACTCCAGCCTAGGCGACAAGAGCAAAACTCTATCTCAAAAAAAAAAAAAAAAAAAAA","GGCCGGGCGCAGTGGCTCACGCCTGTAATCTCAGCACTTTGGGAGGCCGAGGCGGGCGGATCTTGAGGTCAGGAGATCAAGACCAGCCTGGCTAACATGGTGAAACCCGTCTCTACTAAAAATACAAAAATTAGCTGGGCGTGGTGGCGGGCGCCTGTAATCCCAGCTACTCGGGAGGCTGAGGCAGGAGAATCGCTTGAAACCGGAAGGCAGAGGTTGCAATGAGCCAAGATCGTGCCACTGCACTCCAGCCTGGGCAACAAGAGCGAAACTCCATCTCCAAAAAAAAAAAAAAAAAGAA"
"chr6","17585583","17585866","KN295526v1","50675","50959","34","17534908","GGCCAGGCATGGTGGCTCACGCCTGTAATCCCAGCACTTTGTGAGGCCAAGGCGGGCAGATCACGAGGTCAGGAGTTCGAGACCATCCTGGCCAACATGGTGAAACCCATCTCTACTAAAAATACAAAAATTACCCAGACGTTGTGGCAGGCGCCTGTAATCCCAGCTACTTGGGAGGCTGAGGCAGGAGAATCGCTTGAAACTGGAAGGCAGCGGTTGCAGTGAGCAGAGGTTGTGCCACTGCACTTCAGCCTGGGCAACAAGAGTGAAACTCCGCCTCAAAA","GGCCGGGCGTGGTGGCTCATGCCTGTAATCCCAGCCCTTTGGGAGGCCAAGGTGGTTGGATCACGCTGTCAGGAGTTCGAGACCAGCCTGGCCAACATGGTGAAACCCCATCTCTACTAAAAATACAAAAATTAGCCAGGCATGGTGGCAGGCGTCTGTAATCCCAGCTACTCGGGAGGCTGAGGCAGGAGAATCACTTGAACCCGGAAGGCAGAGGTTGCAGTGAGCCGAGATCATACCACTGCACTCTAGCCTGGGCAAAAGAGTGAAACTCCATCTCAAAAA"
"chr6","17654325","17654618","KN294251v1","1428406","1428702","38","16225919","GCTGGGCGCGGTGGTTCATGCCTGTAATCGCAGCACTTTCGGAGGCCGAGGTGGGCGGATCACGAGGTCAGGAATTCGAGACCAGCCTGGCCAACATGGTGAAACCCTGTCTGTACTAAAAATACAAAAATTAGCTGGGCGTAGTGGCAGGTGCCTGTAGTCCCAGATACTTGGGAGGCTGAGGCAGGAGAATCGGTTGAAACCAGAAGGCAGAGGTTGCAGTGAGCCAAGATCGCACCACTGCAGTCCGGCCCGGGCAACAAGATCGAAACTCCGTCTCAAAAAAAAAAAAAA","GGCTGGGCGCGGTGGCTCACTGCTGTAATCCCAGCACTTTGGGAGGCTGAGGCGGGTGGATCACGAGGTCAGTAATTCGAGACCAGCCTGACCAACATGGTGAAACCCCGTCTCTACTAAAAATACAAAAAAATTAGCTGGGCGTGGTGGCAGGCGCCTGTAACCCCAGCAATTTGGGAGGTTGAGGCAGGAGAATCACTTGATACCGGAAGGCAGAGGTTGCACTGAGCCAAGATTGCGCCACTGCACTCTAGCCTGGGCAATAAGAGCAAAACTCTGTCTCAAAAAAAAAAAAAA"
"chr6","17690859","17691164","KN294172v1","193457","193751","49","17497402","GCCGGGCGTGGTGGCTCACGCCTGTAATCCCAGCACTTTGGGAGGCCGAGGTGGGTGGATCATGAGATCAGGAGTTCAAGACCAGCCTGACCAATATGATGAAACCCCGCCTCTCCTAAAAATACAAAAAAAAATTAGCCGGGTGTGGTGGTGTGCATCTGTAATCCCAGCTACTCAGGAGGCTGAGGCAGGAAAATTGCTTGGAACTGGCAGATGGAGGTTGCAGTGAGCTAAGATCACGCCATTGCACTCCAGCCTGGGCAACAGAGCAAAAGCGAGACTCCGTCTCAAGAAAAAAAAAGGAAA","GGCCGGGCGCTGTGGCTCACGCCTGTAATCCCAGCACTTTGGGAGGCCGAGGTGCGTGGATCACGAGGTCAGGAGTTCGAGACCAGCCTGGCCAACATGGTGAAACCCTGTCTCTACTAAAAATACACAAAGCTGGGTGTGGTGGCGGGCATCTGTAATCCCAGCTACTTGGGAGGCTGAGGAGGGAGAATCACTTGAAACAGGAAGGTGGAAGTTGCAGTGAGCCGAGATCACGCCACTATACTCCAGCCTGGGCAACAAGAGCGAAACTCCGTCTCAAAAAAAAAAAAGAAAA"
"chr6","20199688","20199981","KN297343v1","2026017","2026309","36","18173671","GGCCAGGTGCGGTGGCTCACGCCCATAATCCCAGCACTTTGGGAGGCTGAAATAGGCAGATCACAAGGTCAGGAGTTTGAGACCAGCCTGGCCAACATGGTGAAACCCTGTCTCTACTAAAAATACAAAAATTAGCCAGGTGTGGTGGCGGGCACCTATAATCCCAGCTACTTGGGAGGCTGAGGCAGGAGAATCGCTTGAAACCAGAGGGCGGAGGTTGCAGTGAGCCAAGATCGTGCCACTGCACTCCAGCCTGGGCAACAGGGTAAGACTCTGTCTCAAAAAAAAATAAAA","GCCAGGTGTGGTGGCTCATGCCTGTAATCCCAGCACTTTGGGAGGCTGAGGCGGGCAGATCACGAGGTCAGGAGTTTGAGACCAGCCTGACCAACATGGTGAAACCCCTGTCTCTACTCAAAATACAAAAATAGCTGGGCATGGTGGTGGTTGCCTCTAATTCCAGCTACTTGGGTGGCTGAGGCAGGAGAATCGCTTGAAACCGGAAGGCGGAGATTGTGGTGAGCCAAGATTGTGCCACTGCACTCCAGCCTGGGCAAAAGAGGGAAACTCTGTCTCAAAAAAAAAAAAAA"
"chr6","21646135","21646440","KN294207v1","58858","59164","48","21587277","GGCCAGGTGCGGTGGCTCACGCCTGTAATCCCAGCACTTTTGGAGGCCGAGGCAGGTGGATCACGAGGTCAGGCGATCGAGACCATCCTGGCCAACAAAGTGAAACCCCATATCTCCTAAAAATACAAAAATTAGCTGGGCGTGGTGGCAGGCACCTGTAATCCCAACTACTTGGGAGGCTGAGGCAGGAATATGGCTTGACACTGGAAGGTGGAGGTTGCAGTGAGCCAAGATGGCGCCACCGCACTCCAACCTGGGCGAAAGAGCGAAATTCCATCTAAAAAAAAATAGGAAGAGAAATGAAAA","GGCTGGGCGTGGTGGCTCACGCCTGTAATCCCAGCACTTTGGGAGGCCGAGGTGGGCGGATCATTTGAGGTCAGGCGATCCAGACCAGCCTGGCCAACATGGTGAAACCCCATCTCTACTAAAAATACAAAAATTAGCCGGGCATGGTGGCAGGTGCCTGAATTCCCAGCTACTCGGGAGGCTGAGGCAGGAAAATCTCTTGAAATTGGAAGGCAGAGGTTGCAGTAAGTCAAGATCACACCACTGCACTCCATCCTGGGCAAAAGAGTGAAACTCCGTCTCAAAAAAAAAAAGAAAGAAAAGAAAA"
"chr6","21706866","21707170","KN295552v1","119752","120055","41","21587114","GGCCAGGAACAGTGGCTTACGCCTGTAATCCCAGCACTTTGGGAGGCTGAGGTGGGCGGATCACAAGGTCAGGAGTTCGAGCAAGCTTGGCCAACACAGTGAAACCCCATCTCTACTAAAAATACAAAAAGTAGCTGGGTGTGGTGGTGCGCACCTGTAATCCCAGCTACTTGGGAGGCCGAGGAAGAAGAATCACTTGAAACCGGAAGGTGGAGGTTACAGTGAGGAGAGATCGAGCCACTGCACTCCAGCCTGGGCAACAAGAGCAAAACTCCATCTCAAAAAAAACAAAAAAGAAAAAGAAA","CCAGGGATGGTGGCTCACGCCTGTAATCCCAGCACTTTGGGAGGCTGAGGTGGGCAGATTACAAGGTCAGGAGTTTGAGACCAGGTTGGCCAACATGGTGAAACCACATCTCTACTAAAAATACAAAAATTAGCAGGGTGTGGTGGTAGGCACCTGTAATCCCAGCTACTTAGGAGGCTGAGGCAGCAGAATCGCTTAACACCGGAAGGCAGAGGTTGCAGCAGGCTGAGATTGTGCCACTGCACTCCAGCCTGGGCAACAAGAGTGAAACTCCATCTCAAAAAAAAAAAAAGAAAGAAAGAAA"
"chr6","21813775","21814034","KN295605v1","779453","779714","43","21034322","GGCCAGGCACAGTGTCTCACACCTGTAATCCCAGCACTTTGGGAGGCCAAGGCGATGGATCACGAGGTCAGGAGTTCGAGACCAGCCTGGCCAACATGGTGAAACTTGTCTCTACTAAAGATACAAAAAAAATTAGCCAGGCGTGGTGGCGGGCGCCTGTAATCCCAGCTACTTAGGAGGTTGCAGTGAGCCGAGATCAGGCCACTGCACTCCAGCCTGGGCAACAGGACAAGACTCCGTCTCAAAAAAAAAAAAAAAAA","GGCCAGGCGCAGTAGCTCACCCCTGTAAGCCCAGCACTTGGGAGGCTGAGGCGGGTGGATCACGAGGTCAGGAGATATAGACCATCTTGGCCAAAATGATGAAACCCCGTCTCTACTAAAAATACAAAAATTAGCCAGGCGTGGTGGCAGGCACCTGTAGTCCCAGCTACTCAGGAGGCTAAGGTTGCAGTGAGCCAAGATCATGCCACTGCACTCCAGCCTGGGCAACAAGAGCAAAACTCCATCTCAAAAAAAAAAAAAA"
"chr6","23033095","23033376","KN295590v1","17226","17509","38","23015869","GCTGGGCGCGGTGGCTCATGCCTGTGATCCCAGCACTTTGGGAGGCTGAGGTGGGCAGATCATGAGGTCAGGAGTTTGAGACCAGCCTGGCCAACATGGTGAAAGCCCATCTCTACTAAAAATACAAAAATTAGTCAGGTGTGGTGGTGGGCACCTGTAATCCCAGCTACTCGGGCGGCTGAGGCAGGAGAATTGCTTGAAACCAGAAGTTAGAGGTTGCAGTGAGCCGAGATCAAGCCATTGCCCTCCAGCCTGGGCAACAAGAGTGAAACTTTGTGTCAA","GGCCGGGTGCAGTGGCTCATGCCTGTAATCCCAGCACTTTCAGAGGCTGAGGTGGGCAGATCAGGAGGTTAGGAGTTCGAGACCAGCCTGCCAACATGGTGAAATGCCATCTCTACTAAAAATACAAAAAATTAGCCAGGTGTGGTGGTGGGCACCTGTAATCTCAGCTACATGGGAGGCTGAGGCAGGAGAATCACTTGAAACCGGAAGGCAGAGGTTGCAGTGAATTGAGATCAGGTCACTGCACTCCAGCCTGGGCAACAAGAGTAAAACTCCACCTCAAA"
"chr6","23532647","23532945","KN294266v1","135124","135424","37","23397523","GGCAGGGTGTGGGTGCTCACACCTATAATCCCAGCACTTTGGGAGGCCGAGGCAGGCAGATCACAAGGTCAGGAGTTCGAGACCAGACTGGCCAACATGGTGAAACCACGTCTTTACTGAAAATACAAAAATTACCCGGGCGTGGTGGTAGGCGCCTGTAATCCCAGCTACTCGGGAGGCTGAGGCAGAAGAATCACTTGAAACCAGAAGGCAGAGGTTGCAGTGAGCTGAGATCATGCCACTACACTCCAGCATGGGCGAAAGAGCAAAACTCTGTCTCAAAAAAAAAAAAAAAAAAA","GGCTGGGCATGGTGGCTCACGCTTGTAATCTCAGCACTTTGGGAGGCCAAGGTGGGTAGATCACAAGGTCAGGAGTTCGAGACCAGCCTGGCCAACATGGTGAAACCTCGTCTCTACTAAAAATATAAAAATTAGCCAGGCATGGTGGCAGGCGCCTGTAATCCCAGCTACTCGGGAGGCTGAGGCAGGAGAACCGCTTGAAACCAGAGGGTAGAGGTTGCAGTGAGCCGAGATCATGCCACTGCACTCCAGCCTGGGCAACAAGAATGAAACTCAGTCTCAAAAAAAAAAAAAAAAAAAA"
"chr6","26284161","26284442","KN294456v1","190191","190470","43","26093970","GGCCGGGCGCAGTGCCTCATGCCTGTAATCCCAACACTTTTGGGAGGTCGAGGCGGGTGGATCACGAGATCAGGAGTTCGAGACCAGCCTGGCCAACATGGTGAAACCCCATCTCTACTAAAAACACAAAAATTAGGCGGGCGGCTGTAATACCAGCTATTCAGGAGGCTGAGGCAGGAGAATCGCTTGAAACTGTAAGGCGGAGGTTGCGGTGAGCCGAAATCGCGCCACTGCACTCCAGCCTGGATGAAAGAGCAAAACTCCGTCTCAACAACAACAAAA","GGCTGGGCCCAGTGGCTCATGCCTGTAATCCCAGCACTTTGGGAGGCTGAGGCAGGGGGATCACAAGGTCAGGAGTTTGAGACCAGCCTGGCCAATATGGTGAAACCGTGTCTCTACTAAAAATACAAAACTGTGGCAGGTGCATGTAATCCCAGCTACTCGGGAGGCTGAGTCAGGAGAATCACTTGAAACTGGAAGGTGGAGGTTGCAGTGAGCCGACATCGTGCCACTGCACTCCAGCCTGGGCAACAAGAACAAAACTCCGTCTAAAAAAAAAAAA"
"chr6","26322481","26322639","KN295735v1","500001","500158","23","25822480","GGCCGGGCGCGGTGGCTCACGCCTGTAATCCCAGCACTTTGGGAGGCCGAGGCAGGCGAATCACGAGGTCGGGAGTTCGAGACCAGTCTGGCCAAAACAGAGAAACCCCCGTCTCTACTAAAAATACAAAAATTAGCTGGGCGTGGTGGCGGGCGCCTG","GGCCGGGCGCGGTGGCTCACGCCTGTCATCCCAGCACTTTGGGAGATCGAGGTGGGCGGATCATGAGGTCAGGAGTTCGAGACCAGCCTGGCCAACATGGTGAAACTCTGTCTCTGTTAAAAATACAAAAATTAGCCAGGTGTGGTGGCAGGTGCCTG"
"chr6","26570768","26571065","KN295596v1","93475","93775","40","26477293","GGCCAGGCGTGGTGGTTCCCGTCTGTAATCCGAGCACTTTGGGAGGCCGAGGCAGGCTGATCACGAGGTCAGGAGTTCGAGACCAGCCTGGCCAACATGGTGAAACCTCGTCTTTACTAAAAACACAAAAATTGGCCCGACGTGGTTGCGCATGCCTGTAATCCCAGCTACTCCGGAGGCTGAGGCAGGAGAATGGCTTGAAACCGGAAGGCGGAGGTTGCAGTGAGCCGAGATCGGGCCACTGCACTCCAGCCTGGGCAACAAGAGCGAAACTCCGTCTCGAAAAAAATAAATAAAA","GGCCGGGCGCAGTGGCTCACGCCTGTAATCTCAGCACTTTGGGAGGCCGAGGCGGGCGGATCTTGAGGTCAGGAGATCAAGACCAGCCTGGCTAACATGGTGAAACCCGTCTCTACTAAAAATACAAAAATTAGCTGGGCGTGGTGGCGGGCGCCTGTAATCCCAGCTACTCGGGAGGCTGAGGCAGGAGAATCGCTTGAAACCGGAAGGCAGAGGTTGCAATGAGCCAAGATCGTGCCACTGCACTCCAGCCTGGGCAACAAGAGCGAAACTCCATCTCCAAAAAAAAAAAAAAAAAGAA"
"chr6","28802194","28802478","KN297171v1","1985507","1985788","34","26816687","GGCCGGGCGCGGTGGCTCACGCCTGTAATCCCAGCACTTTGGGAGGCCGAGGCGGGTGGCTCACGAGGTCGGCAGTTCAAGACCAGCCTGACTAACATGGTGAAACCCCGTCTCTACTAAAAATACAAAAAAATTAGCTGGGCGTGGTGGCGGGCGCCTGTAATCCCAGCTACTTGGGAGGCTGAGGCAGGAGAATCTCTTGAAACCGGAAGGCGGAGGTTGCAGTGAGCCGAGGTGGTGCGACTGCACTCTAGCCTGGGCAACGAGAGCAAAACTCCGTCTCAA","GGCCGGGCACAGTGGCTCACACCTGTAATCCCAGCACTTTGGGAGGCCAAGGCGGGCGGATCACAAGGTCAGGAGTTCCAGACAACCTGGCCAACATGGTGAAGCCCCGTCTCTACTAAAAATACAAAAATATGCTGGGCATGGTGGCAGTCACCTGTAATCCCAGCTACTCGGGAGGCTGAGGCAGGAGAATCACTTGAAATCGGAAGGCAGAGGTTGCAGTGAGGTGAGGTTGCGCCACTGCACTCTAGCATGGGCAACAAGAGCAAAACTCTGTCTCAA"
"chr6","29445006","29445304","KN295596v1","93475","93775","30","29351531","GGCTGGGCACAGTGGCTCACGCCTGTAATCCCAGCTCTTTGGGAGGCCAAGGCAGGTGGATCATGAGGTCAGAAGTTCGAGACCAGCCTGGCCAACATGGTGAAACCCCGTCTCTACTAAAAATACATAAATTAGCTGGGCATGGTGGTAGGCTCCTGTAATCCCAGCTACTCAGGAGGCTGAGGCAGGAGAATCGCTTGAAACCAGAAGGCAGAGGTTGCAGTGAGCCAAGATCGTGCCACTGCACTCTAGCCTGGGCAACAAGAGTAAAATCCTGTCAAAAAAAAAGAAAGAAAGAA","GGCCGGGCGCAGTGGCTCACGCCTGTAATCTCAGCACTTTGGGAGGCCGAGGCGGGCGGATCTTGAGGTCAGGAGATCAAGACCAGCCTGGCTAACATGGTGAAACCCGTCTCTACTAAAAATACAAAAATTAGCTGGGCGTGGTGGCGGGCGCCTGTAATCCCAGCTACTCGGGAGGCTGAGGCAGGAGAATCGCTTGAAACCGGAAGGCAGAGGTTGCAATGAGCCAAGATCGTGCCACTGCACTCCAGCCTGGGCAACAAGAGCGAAACTCCATCTCCAAAAAAAAAAAAAAAAAGAA"
"chr6","30106820","30107098","KN296225v1","200695","200976","38","29906125","GGCTGGACGTGGTGGCTCACGCCTGTAATCCCAGCACTTTGGGAGGCTGAGGCGGGTGGATCACAAGTCAGCAGTTCGAGACCAGCTTGACCAACCTGGTGAAACCCCGTCTCTACTAAAAATACAAAAAACTAGCTGGGCATGGTGGTGTGCGCCTGTAACACCAGCGACTTGGGAAGCTGAGGCAGGAGAATCGCTTGAAACCAGAAGGCGGAGGTTGCAGTGAGCCGAGATTGCGCCACTGCACTCTATCCTGGGCAATAAGAGCAAAACTCCATC","GGCCGGGCACGGTGGCTCATGCCTGTAATCCCAGCACGTTGGGAGGCTGAGGCAGGTGGATCACGAGGTCAGCAGTTCGAGACCAGCCTGACCAAATGGTAAAAGTCCGTCTCTACTAAAAATACAAAAAAATTAGCTGGGCATGGTGGCGGGCACCTGTAATCCCAGCGACTTGGGAGGCTGAGGCAGGAGAATCGCTTGAAACCAGAAGGCAGAGGTTGCAGTGAGCCGAGATTGCACTGCTGCACTCTAGCCTAGGCAATAAGAGTAAAAAAAAAAAAA"
"chr6","30517416","30517722","KN295984v1","1554697","1555006","45","28962719","GACCAGGCACGGTGGCTCACGCCTGTAATCCCAGCACTTTGGGAGGCTGAGGTGGGCAGATCACGAGCTCAGGAGTTTGAGACCACCCTGGCCAACATGGCAAAACCTTGTCTCTACTAAAAGTACAAAAATTAACTGGGCATGGTGGTGGGTGCTTGTATTCCCAGCTACTCAGGAGGCTGAGGCAGGAGAATCACTTGCATCTGGGAGGCAGAGGTTGCAGTGAACCCAGATCGCGCCACTGCACTCTAGCCTGGGCAACAAGAGTGCAACTTCGTCTCAAAAAAATAAATAAAGAAAAATAAAA","GGCTGGGCACAGTGGCTCATGTCTGTAATCCCAGCACTTTGGGAGGCTGAGGTGGGCATATCACAAGGTCAGAAGTTCGAGACCAGCCTGGCCAATATGGTGAAACCCCATGTCTACTAAAAATACAAAAATTAGCCGGGCGTGGTGGTGGGCACCTGTAGTCCCAGCTACTCAGGAGGCTGAGGTAGGAGAATCACTTGAACCCAGGAGGCAGAAGTTGCAGTGAGCCGAGATAGAGCCACTGCACTCCAGCCTGGGCAACAAGAGTGAAACTCCGTCTCAAAAAATAAAAATAAATAAATAAATAAAA"
"chr6","30653841","30654128","KN295090v1","2859031","2859321","41","27794810","GCCAGGCACAGTGGCTCACACCTGTAATCCCAACACTTTGGGAGGCCGTGGCAGGCGGATCATGAGGTCAGGAGTTCGAGATCAGCCTGGCCAACATGGTGAAACCCAGTCTCTACTAAAAATATAAAATTAGCTGGGCGTGGTGGTGGGCACCTGTAATCCCAGCTACACTGGAGGCTGAGGCAGGGGAATCACTTGAAACCGAAGGCGGAGGTTGCATGAGCTGAGATGGTGCCACTGCACTCCAGCCTGGGCTACAACAGCACGGAACTCTCAAAAAAAAGAAAA","GGCCAGGCACAGTGGCTCACACCTGTAATCCCAGCACTTTGGGAGGCCAAGGCAGGCAGATTATAAGATCAGGAGTTCGAGACCAGCCTGGCCAACATGGTGAAACCCTGTCTCTACTAAAAATACAAAAATTAGCCGGGCGTGGTGGCAGGTGCCTGTAATCCCAGATACTCGGGAGGCTGAGGCAGGAGAATCACTTGAATCCGGGAGGCAGAGGTTGCAGTGTGCCGAGATCATGCCACTGCACTCCAGCCTGGGCAACAAGAGCTAAACTCCATCTCAAAAAAAAAA"
"chr6","32100801","32101102","KN296261v1","217749","218055","39","31883052","GCTGGGTGTGGTGGTTCACACCTGAAATCCCAGCACTTTGGGAGGCTGAAGTGGGCGGATCATGAGGTCAAGAGTTCAAGACCAGCCTGGCCAACATGGTGAAACCCCATCTCTACTAAAAATACAAAAATTAGCTGGGCGTGGTAGCGGGCACCTGTAGTCCCAGCTACTCGGGAGGCTGAGGAGGAGAATCGCTTGAAACTGGAGGCGGAGGTTGCAGTGAGCTGAGATCATGCCACTTCACTTCAGCCTGAGAGGAAGAGTGAAACTCCATCTCAAAAAAAAAAAAAAAAAAAAAAAAA","GGCTGGGCACGGTGGCTCACACCTGTAATCCCAGCACTTTGGGAGGCCAAGGCGGACGGATCACGAGGTCAGGAGTTCAAGACCAGCCTGGCCAACATGATGAAACTCCGTCTCTACTAAAAATACAAAAAATTAGCGGGGCATGGTGGCGGGCACCTGTAATCCCAGCTACTCGGGAGGCTGAGGCAGGAGAATTGCTTGAAACCGGAAGGCGGAGGTTGCAGTGAGCTGAGATTGCGCCACTGCACTCCAGTCTGGGCAACAAGAGTGAAACTCCGTCTTAAAAAAAAAAAAAGAAAGAAAAAAA"
"chr6","33556212","33556517","KN296261v1","217749","218055","34","33338463","GCCAGGTGCGGTGGCTTACACCTGTAATCCCAGCACTTTGGGAGGCCGAGGCGGGCGGATCACGAGGTCAGGAGTTTGAGACCAGCCCGGCCAACATGGTGAAACCCTGTCTCTACTAAAAATACAAAAATTAGCTGGGCATGTTGGGGGGCTTCTGTAATCCCAGCTACTTGGGAGGCTGAGGCAGGAGAATTGCTTGAAACCAGAAAGTGGAGGTTGCAGTGAGCTCAGATTGCTGCCACTGCACTCCAGCCTGGGCAACACAAGAGAAACTCTGCCTCAAAAAAAAAAAAAGAAAGAAAGAAA","GGCTGGGCACGGTGGCTCACACCTGTAATCCCAGCACTTTGGGAGGCCAAGGCGGACGGATCACGAGGTCAGGAGTTCAAGACCAGCCTGGCCAACATGATGAAACTCCGTCTCTACTAAAAATACAAAAAATTAGCGGGGCATGGTGGCGGGCACCTGTAATCCCAGCTACTCGGGAGGCTGAGGCAGGAGAATTGCTTGAAACCGGAAGGCGGAGGTTGCAGTGAGCTGAGATTGCGCCACTGCACTCCAGTCTGGGCAACAAGAGTGAAACTCCGTCTTAAAAAAAAAAAAAGAAAGAAAAAAA"
"chr6","34882058","34882350","KN295090v1","2859031","2859321","41","32023027","GGCCAGGCACAGTGGCTCACACCTGTAATCCCAGCATTTTGGGAGGCTGAGGCGGGCGGATCACGAAGTCAGGAGTTCGAGACCCGCCTGGCCAACATGGCAAAAACCTGTATCTACTAAAAATACAAAAATTAGCCAGGCATGGTGGCAGGAGCCTGTAGTCCCAGCTACCTGGGAGGCTGAGGCAGGAGAATCGCTCGAAACCAGAAGGCGGAGGTTGCAGTGAGCAGAGATTGCACCACCGCACTCCAGCCTGAGCAACGAGAGCGAAACTCTGTCTCAAAAAAAAAAAA","GGCCAGGCACAGTGGCTCACACCTGTAATCCCAGCACTTTGGGAGGCCAAGGCAGGCAGATTATAAGATCAGGAGTTCGAGACCAGCCTGGCCAACATGGTGAAACCCTGTCTCTACTAAAAATACAAAAATTAGCCGGGCGTGGTGGCAGGTGCCTGTAATCCCAGATACTCGGGAGGCTGAGGCAGGAGAATCACTTGAATCCGGGAGGCAGAGGTTGCAGTGTGCCGAGATCATGCCACTGCACTCCAGCCTGGGCAACAAGAGCTAAACTCCATCTCAAAAAAAAAA"
"chr6","34940641","34940922","KN296311v1","3207778","3208057","44","31732863","TGGCTCACACTTATAATCCCAGCACTTTGGGAGGCCAAGGCAGGCGGATCACAAGGTCAGGAGTTCGAGACCAGCCTAGCCAACATGATGAAACCCCGTCTCTACTAAAATACAAAAATTAGCTGGGCGTGGTGGCGGGTGCCTGTAATCCCAGCTACTTGGGAGGCTGAGGCGGGAGAATCGCTTGAACTCAGCAGGCGGAGGTTGCAGTGAGCTGAGATCATGCCATTGCACTCCATCCTGGGCAACGAGGATGAAACTCTGTGTCAAAAAAAAAAAAAA","GTGGCTCACACCTATAATCCCAGCACTTTGGGAGGCCAAGGCGGGCAGATTGCGAGGTCATGAGTTCGAGACCAGCCTGGCCAATGTGGTGAAACCCCATCTCTACTAAAAATACAAAAATTAGCTGGGCATGGTGGAGGGCGCCTGTAGTCCCAGCTACTCCGGAGGCTGAGGCAAGAGAATCACTTGAAACCGGAAGGCGGAGGTTGCAGTGAGCTGAGATCGCACCACTGAACTCCAGCCTGGGTGGAAGAGTGAAACTGTCTCAAAATAAAAAAAA"
"chr6","35101929","35102224","KN295038v1","319989","320287","34","34781940","GGCCAGGCGAGGTGGCTCACACCTTAATCCCAGCACTTTGGGAGGCCAAGGTGGGAGGATCACGAGGTCAGGAGTTCGAGACCAGCCTGGCCAACATGGTGAAACTTCATCTCTACTAAAAATACAAAAATTACCCTGGTGTGGTGGCTGGTGCCTGTAATCCCAGCTACTCGGGGTGCTGAGGCAGGAGAGTCACTTGAAACCAGAAGGCAGAGGTTGCAGTGAGCAGAGATCGCACCACTGCACTTCAGCCTGGGAAAAAGAGCAAAACTCCGTCTCAAAAAAAAAAAAAAAAA","GGCCAGGCGCGGTGGCTCACACCTGTAATCCCAGCACTTTGGGTGGCTGAGGCGGGTGGATCACGAGGTCAGGAGTTCACGACCAGCCTGGCCAACATGGTGAAACCCCATCTCTACTAAAAATACAAAAATTAGGCATGGTGGTTGGTGCCTGTAATCCCAGCTACTTGGGAAGCTGAGGCAGGAGAGTCACTTGAAACCAGAAGGTGAAGGTTGCAGTGAGCTGAGATTGCACCACTGCACTCCAGCCTGGGAAAAAGAGCAAAACTCCATCTCAAAAATCAAACAAAATACAAAAA"
"chr6","35379093","35379400","KN296580v1","372453","372760","42","35006640","GCCAGGCGCGGTGGCTCATGCCTGTAATACCAGCACTTTGGGAGGCTAAGGTGGGCAGACCACAAGGTCAGGAGTTCGAGACTAGCCTGGGCAACATGGTAAAACCCCATCTCTACTAAAAATACAAAAATTAGCCGAGCGTGGTGGCGGATGCCTGTAACCCCAGCTACTCGGGAGGCTGAGGCAGGAGAATCGCTTGAAACCAGGAGGCGTAGGTTGCAGTGAGCAGAGATTGAGCCATTGCACTCCAGCCTGGGCAACAAGAGTGAGACGCTATCTCAAAAAAGAAAAAAAAAAAAAAAAAGAAA","GCTGGGTGCAGTGGCTCATGCCTGTAATTCCAGCACTTTGGGAGGCCAAGGTGGGCAGATCACAAGGTCGGGAGTTCAAGACCAGCCTGGCCAACATGGTGAAACCCTGTCTCTACTAAAAATACAAAAATTAGCTGGGCATGGTGGCAGGTGCCTGTAACCCCAGCTACTCAGGAGGCTGAGGCAGGAGAGTCGCTTGAAACTGGAAGGCGCAGGTTGCAGTGAGCCAAGATTGTGCCACTGCACTCCAGCCCGGGCAAAAGAGCAAAACTCCATCTCAAAAATAAAAAATAAAAGAAAATAAAAAA"
"chr6","35837869","35838166","KN297046v1","3310463","3310761","43","32527406","GCCGGGCGCGGTGGCTCATACCTGTGATCCCAGCACTTTGGGAGACCAAGGTGGGCGAATCACAATATCAGGAGTTTGAGAACAGCCTGGCCAACCCGGTGAAACCCCGTCTCTACTAAAAATACAAAAAATTAGCTGGGAAGAGTGGCGGGCGCCTGTAATCCCAGCTACTCAGGAGGCTGAGACAGGAGAATCACTTGAATCTGGGAGGCGGAGGTTGCAGTGAGCCAAGATCGCACCATTGCCCTCCAGCCTGGGCAACAAGAGTGAAACTCTGTCTCACAAAAAAAAAAAAAAA","GCCGGGCACAGTGGCTCACACCTGTAATCCCAGCACTTTGGGAGGCCAAGGTGGGCGGATCACGAGGTCTGGAATTCGAGACTAGCCTGGCCAACATGGTGAAACCCCGTCTCTACTAAAAATACAAAATTTAGCCGGGGGTGGTAGCGGGTACCTGTAATCCCAGGTACTCAGGAGGCTGAGGCAGGAGAATCACTTGAAACCGTAAGGCGGAGGTTGCAGCGAGCCAAGATAGCACCACTATACTCCAGCCTGGTCAACAAGAGTGAAACTCTGTCTAAAAAAAAAAACAAAAAAAA"
"chr6","37333705","37334012","KN297008v1","2735928","2736225","44","34597777","GGGCGGACGCAGTGGCTCATGCCTGTAATCCCAGAACTTTGGGAGGCCGAGGCAGGTGGATCACAAGGTCAGGAGTTTGAGACCAGCCGAGCCAACATAGTGAAATCCTGTCTCTACTAAAAATACAAAAAAATTAGCCAGGCGTGGTGGTGGGCACCTGTAATCCCAGCTACTCACAAGGCTGAGGCAGGAGAATCACTTGAACCCGGGAAGGTGGAGGTTGCAGTGAGCCGAGTTCACACTATTGCACTCCAGCCTGGGCAACAAGAGCGAGACTCCGTCTCTAAATAAATAAACAAATAAATAAA","GGCCGAACATGGTGGCTCACGCCTGTAATCCCAGCACTCTGGGAGGCCGAGGCAGGTGGATCACAAGGTCAGGAGTTTGAGACCAGTCTTGCCAACATAGTGAAACTCCATCTCTACTAAAAATACAAAAATATTAGCCAGGCGTGGTGGCAAGCACCTGTAATCCCAGCTACTCAGAAGGCTGAGGCAGGAGAATTACTTGAACCTGGAAGGCGGAGGCTGCAGTGAGCCGAGATCGTGCCATTGCACTCCTGCCTGGACAACAAGAGCAAAACTCCATCTCAAAAAAAAAAAAAGA"
